Seq1816_52_bp_1_0_0	ENA|AAR37016|AAR37016.1	100.00	17	0	0	1	17	826	842	1e-13	64.3
Seq1816_52_bp_1_0_0	ENA|BAA32956|BAA32956.1	42.86	15	8	1	1	15	95	108	0.25	19.7
Seq1816_52_bp_1_0_0	ENA|AAB66912|AAB66912.1	40.00	10	6	0	5	14	311	320	0.67	20.4
Seq1816_52_bp_1_0_0	ENA|AAC97205|AAC97205.1	45.45	11	6	0	7	17	822	832	0.89	20.4
Seq1816_52_bp_1_0_0	ENA|AAR31603|AAR31603.1	41.67	12	7	0	4	15	277	288	1.6	17.6
Seq1816_52_bp_1_0_0	ENA|ACH70901|ACH70901.1	40.00	15	9	0	2	16	305	319	1.8	17.6
Seq1816_52_bp_1_0_0	ENA|AAC17860|AAC17860.1	55.56	9	4	0	2	10	18	26	2	17.6
Seq1816_52_bp_1_0_0	ENA|CAA11507|CAA11507.1	41.67	12	7	0	5	16	249	260	2.5	19.0
Seq1816_52_bp_1_0_0	ENA|BAB17681|BAB17681.1	55.56	9	4	0	1	9	106	114	3.5	16.2
Seq1816_52_bp_1_0_0	ENA|AAC49865|AAC49865.1	60.00	5	2	0	3	7	26	30	4.2	16.2
Seq1816_52_bp_1_0_0	ENA|CAA26939|CAA26939.1	33.33	9	6	0	2	10	347	355	4.5	16.9
Seq1816_52_bp_1_0_0	ENA|ABK71357|ABK71357.1	100.00	3	0	0	6	8	352	354	4.7	16.2
Seq1816_52_bp_1_0_0	ENA|AAA25966|AAA25966.1	31.25	16	11	0	1	16	526	541	5.6	16.9
Seq1816_52_bp_1_0_0	ENA|BAA36759|BAA36759.1	62.50	8	3	0	8	15	132	139	5.8	15.5
Seq1816_52_bp_1_0_0	ENA|CAA36214|CAA36214.1	50.00	8	4	0	1	8	276	283	6.2	15.5
Seq1816_52_bp_1_0_0	ENA|ABG75784|ABG75784.1	30.00	10	7	0	6	15	247	256	6.3	15.5
Seq1816_52_bp_1_0_0	ENA|AAQ92751|AAQ92751.2	100.00	4	0	0	13	16	714	717	6.5	17.6
Seq1816_52_bp_1_0_0	ENA|ABN10845|ABN10845.1	37.50	8	5	0	6	13	57	64	7.1	14.8
Seq1816_52_bp_1_0_0	ENA|ABD49687|ABD49687.1	45.45	11	6	0	6	16	1449	1459	8	17.6
Seq1816_52_bp_1_0_0	ENA|BAB79260|BAB79260.1	37.50	16	10	0	1	16	64	79	8.9	15.5
Seq1816_52_bp_1_0_0	ENA|CAA36714|CAA36714.1	66.67	6	2	0	11	16	321	326	9.2	15.5
Seq1816_52_bp_1_0_0	ENA|CAA28033|CAA28033.1	60.00	5	2	0	13	17	1308	1312	9.7	16.9
Seq1816_52_bp_1_0_0	ENA|CAA29968|CAA29968.1	50.00	6	3	0	1	6	53	58	9.9	14.1
Seq1816_52_bp_1_2_0	ENA|AAR37016|AAR37016.1	46.15	13	7	0	1	13	1223	1235	0.14	23.9
Seq1816_52_bp_1_2_0	ENA|AAR37016|AAR37016.1	53.85	14	6	1	4	16	1085	1098	0.54	21.9
Seq1816_52_bp_1_2_0	ENA|ABK71357|ABK71357.1	66.67	9	3	0	2	10	209	217	0.21	20.7
Seq1816_52_bp_1_2_0	ENA|CAA73529|CAA73529.1	44.44	9	5	0	7	15	105	113	0.37	19.4
Seq1816_52_bp_1_2_0	ENA|AAB66912|AAB66912.1	55.56	9	4	0	1	9	534	542	0.52	20.7
Seq1816_52_bp_1_2_0	ENA|CAA45199|CAA45199.1	50.00	8	4	0	1	8	331	338	0.98	18.7
Seq1816_52_bp_1_2_0	ENA|CAA11507|CAA11507.1	60.00	10	4	0	3	12	653	662	1.2	20.0
Seq1816_52_bp_1_2_0	ENA|CAA26939|CAA26939.1	38.46	13	8	0	1	13	560	572	1.2	18.7
Seq1816_52_bp_1_2_0	ENA|CCP43727|CCP43727.1	36.36	11	7	0	3	13	128	138	1.7	17.5
Seq1816_52_bp_1_2_0	ENA|AAB03707|AAB03707.1	57.14	7	3	0	3	9	882	888	1.8	19.4
Seq1816_52_bp_1_2_0	ENA|BAB17681|BAB17681.1	66.67	6	2	0	7	12	191	196	2.1	16.8
Seq1816_52_bp_1_2_0	ENA|ABD49687|ABD49687.1	60.00	10	4	0	2	11	925	934	2.3	19.4
Seq1816_52_bp_1_2_0	ENA|AAA25966|AAA25966.1	83.33	6	1	0	7	12	397	402	2.3	18.1
Seq1816_52_bp_1_2_0	ENA|AAA72732|AAA72732.1	38.46	13	8	0	3	15	287	299	2.4	16.8
Seq1816_52_bp_1_2_0	ENA|AAQ92751|AAQ92751.2	55.56	9	4	0	5	13	1021	1029	2.8	18.7
Seq1816_52_bp_1_2_0	ENA|AAC97205|AAC97205.1	35.71	14	9	0	1	14	248	261	3.9	18.1
Seq1816_52_bp_1_2_0	ENA|AAR31603|AAR31603.1	71.43	7	2	0	6	12	319	325	3.9	16.2
Seq1816_52_bp_1_2_0	ENA|AAA32624|AAA32624.1	30.77	13	9	0	1	13	512	524	4	16.8
Seq1816_52_bp_1_2_0	ENA|AAC78721|AAC78721.1	55.56	9	4	0	3	11	569	577	5.1	16.8
Seq1816_52_bp_1_2_0	ENA|ACH70901|ACH70901.1	60.00	5	2	0	10	14	293	297	6.6	15.5
Seq1816_52_bp_1_2_0	ENA|AAI27517|AAI27517.1	44.44	9	5	0	1	9	81	89	6.9	16.2
Seq1816_52_bp_1_2_0	ENA|CAA24711|CAA24711.1	44.44	9	5	0	3	11	8	16	7.6	14.3
Seq1816_52_bp_1_2_0	ENA|BAA36759|BAA36759.1	80.00	5	1	0	6	10	92	96	8.1	14.9
Seq1816_52_bp_1_2_0	ENA|AAA24145|AAA24145.1	37.50	8	5	0	5	12	404	411	8.3	15.5
Seq1816_52_bp_1_2_0	ENA|CAA36714|CAA36714.1	50.00	12	6	0	1	12	291	302	8.4	15.5
Seq1816_52_bp_1_2_0	ENA|AAA36539|AAA36539.1	62.50	8	3	0	5	12	138	145	8.5	15.5
Seq1816_52_bp_-1_0_0	ENA|AAI27517|AAI27517.1	71.43	7	2	0	9	15	358	364	0.09	22.4
Seq1816_52_bp_-1_0_0	ENA|BAA32956|BAA32956.1	62.50	8	3	0	7	14	188	195	0.13	20.4
Seq1816_52_bp_-1_0_0	ENA|AAA42531|AAA42531.1	46.15	13	7	0	2	14	5	17	0.4	19.7
Seq1816_52_bp_-1_0_0	ENA|CAD53387|CAD53387.1	30.77	13	9	0	1	13	66	78	0.52	19.7
Seq1816_52_bp_-1_0_0	ENA|CAD53387|CAD53387.1	30.77	13	9	0	1	13	132	144	0.52	19.7
Seq1816_52_bp_-1_0_0	ENA|CAD53387|CAD53387.1	30.77	13	9	0	1	13	198	210	0.52	19.7
Seq1816_52_bp_-1_0_0	ENA|CAD53387|CAD53387.1	30.77	13	9	0	1	13	264	276	0.52	19.7
Seq1816_52_bp_-1_0_0	ENA|CAD53387|CAD53387.1	30.77	13	9	0	1	13	330	342	0.52	19.7
Seq1816_52_bp_-1_0_0	ENA|CAD53387|CAD53387.1	30.77	13	9	0	1	13	396	408	0.52	19.7
Seq1816_52_bp_-1_0_0	ENA|CAA45708|CAA45708.1	33.33	15	10	0	1	15	1131	1145	0.6	21.1
Seq1816_52_bp_-1_0_0	ENA|AAC78721|AAC78721.1	37.50	8	5	0	1	8	203	210	0.69	19.7
Seq1816_52_bp_-1_0_0	ENA|BAA36759|BAA36759.1	62.50	8	3	0	6	13	120	127	0.77	18.3
Seq1816_52_bp_-1_0_0	ENA|AAB03707|AAB03707.1	46.15	13	7	0	2	14	1152	1164	0.87	20.4
Seq1816_52_bp_-1_0_0	ENA|CAA26023|CAA26023.1	38.46	13	8	0	3	15	3	15	1	18.3
Seq1816_52_bp_-1_0_0	ENA|AAC08817|AAC08817.1	66.67	6	2	0	9	14	122	127	1.1	16.9
Seq1816_52_bp_-1_0_0	ENA|CAA26939|CAA26939.1	80.00	5	1	0	4	8	400	404	1.5	18.3
Seq1816_52_bp_-1_0_0	ENA|AAB66912|AAB66912.1	80.00	5	1	0	11	15	313	317	1.5	19.0
Seq1816_52_bp_-1_0_0	ENA|AAC97205|AAC97205.1	36.36	11	7	0	1	11	1191	1201	5.1	17.6
Seq1816_52_bp_-1_0_0	ENA|ABK71357|ABK71357.1	45.45	11	6	0	4	14	41	51	6.4	15.5
Seq1816_52_bp_-1_0_0	ENA|ACT10338|ACT10338.1	42.86	14	8	0	2	15	5	18	6.7	15.5
Seq1816_52_bp_-1_0_0	ENA|ABD33854|ABD33854.1	37.50	8	5	0	8	15	44	51	7.4	12.8
Seq1816_52_bp_-1_0_0	ENA|CAA73529|CAA73529.1	60.00	5	2	0	9	13	272	276	7.5	14.8
Seq1816_52_bp_-1_0_0	ENA|CAA24711|CAA24711.1	75.00	4	1	0	1	4	163	166	7.7	14.1
Seq1816_52_bp_-1_0_0	ENA|CAA11507|CAA11507.1	30.77	13	9	0	3	15	1006	1018	8.8	16.9
Seq1816_52_bp_-1_0_0	ENA|AAR31603|AAR31603.1	37.50	8	5	0	8	15	103	110	8.9	14.8
Seq1816_52_bp_-1_0_0	ENA|AAB26998|AAB26998.1	75.00	4	1	0	11	14	35	38	8.9	12.8
Seq1816_52_bp_-1_0_0	ENA|AAR37016|AAR37016.1	30.77	13	9	0	3	15	54	66	9.4	17.6
Seq1816_52_bp_-1_0_0	ENA|ABN10845|ABN10845.1	66.67	3	1	0	8	10	57	59	9.5	14.1
Seq1816_52_bp_-1_1_0	ENA|AAQ92751|AAQ92751.2	45.45	11	6	0	1	11	847	857	0.18	22.2
Seq1816_52_bp_-1_1_0	ENA|BAA32991|BAA32991.1	100.00	4	0	0	7	10	17	20	0.2	17.7
Seq1816_52_bp_-1_1_0	ENA|AAA24145|AAA24145.1	57.14	7	3	0	5	11	251	257	0.29	20.0
Seq1816_52_bp_-1_1_0	ENA|CAA26023|CAA26023.1	50.00	10	5	0	2	11	344	353	0.4	19.2
Seq1816_52_bp_-1_1_0	ENA|AAA42531|AAA42531.1	80.00	5	1	0	1	5	298	302	0.4	19.2
Seq1816_52_bp_-1_1_0	ENA|AAB66912|AAB66912.1	71.43	7	2	0	1	7	406	412	0.58	20.0
Seq1816_52_bp_-1_1_0	ENA|ACH70901|ACH70901.1	100.00	4	0	0	4	7	292	295	0.62	18.5
Seq1816_52_bp_-1_1_0	ENA|ABK71357|ABK71357.1	100.00	4	0	0	2	5	104	107	0.65	18.5
Seq1816_52_bp_-1_1_0	ENA|AAA25966|AAA25966.1	55.56	9	4	0	3	11	188	196	0.75	19.2
Seq1816_52_bp_-1_1_0	ENA|BAB17681|BAB17681.1	80.00	5	1	0	7	11	189	193	0.79	17.7
Seq1816_52_bp_-1_1_0	ENA|AAC97205|AAC97205.1	80.00	5	1	0	6	10	36	40	1.3	19.2
Seq1816_52_bp_-1_1_0	ENA|AAR31603|AAR31603.1	50.00	10	5	0	2	11	28	37	1.6	17.0
Seq1816_52_bp_-1_1_0	ENA|CAA45199|CAA45199.1	100.00	4	0	0	1	4	194	197	2.3	17.0
Seq1816_52_bp_-1_1_0	ENA|AAA32624|AAA32624.1	100.00	4	0	0	1	4	29	32	2.5	17.0
Seq1816_52_bp_-1_1_0	ENA|AAC78721|AAC78721.1	66.67	6	2	0	1	6	587	592	3.2	17.0
Seq1816_52_bp_-1_1_0	ENA|CAA24711|CAA24711.1	75.00	4	1	0	1	4	104	107	3.8	14.8
Seq1816_52_bp_-1_1_0	ENA|CAA11507|CAA11507.1	80.00	5	1	0	1	5	1301	1305	3.9	17.7
Seq1816_52_bp_-1_1_0	ENA|AAR37016|AAR37016.1	100.00	4	0	0	2	5	2011	2014	4	18.5
Seq1816_52_bp_-1_1_0	ENA|CAA36214|CAA36214.1	42.86	7	4	0	4	10	241	247	4	15.5
Seq1816_52_bp_-1_1_0	ENA|AAA36114|AAA36114.1	75.00	4	1	0	2	5	501	504	4	16.2
Seq1816_52_bp_-1_1_0	ENA|CCP43727|CCP43727.1	40.00	10	6	0	2	11	191	200	4.3	15.5
Seq1816_52_bp_-1_1_0	ENA|AAI27517|AAI27517.1	66.67	6	2	0	3	8	282	287	4.6	16.2
Seq1816_52_bp_-1_1_0	ENA|ABN10845|ABN10845.1	42.86	7	4	0	2	8	201	207	4.8	14.8
Seq1816_52_bp_-1_1_0	ENA|CAA43419|CAA43419.1	50.00	8	4	0	4	11	186	193	4.8	15.5
Seq1816_52_bp_-1_1_0	ENA|AAC17860|AAC17860.1	44.44	9	5	0	1	9	315	323	5.4	15.5
Seq1816_52_bp_-1_1_0	ENA|AAC08817|AAC08817.1	100.00	3	0	0	7	9	40	42	5.7	14.0
Seq1816_52_bp_-1_1_0	ENA|AAB03707|AAB03707.1	40.00	10	6	0	2	11	206	215	6.4	17.0
Seq1816_52_bp_-1_1_0	ENA|CAA29956|CAA29956.1	42.86	7	4	0	3	9	36	42	8	14.8
Seq1816_52_bp_-1_2_0	ENA|AAA72732|AAA72732.1	38.46	13	8	0	2	14	123	135	0.18	20.6
Seq1816_52_bp_-1_2_0	ENA|AAS77176|AAS77176.1	50.00	12	6	0	5	16	268	279	0.38	19.4
Seq1816_52_bp_-1_2_0	ENA|CCP43727|CCP43727.1	45.45	11	6	0	3	13	120	130	1.5	17.6
Seq1816_52_bp_-1_2_0	ENA|AAI27517|AAI27517.1	40.00	15	9	0	1	15	33	47	1.8	18.2
Seq1816_52_bp_-1_2_0	ENA|AAR37016|AAR37016.1	85.71	7	1	0	2	8	774	780	2	20.0
Seq1816_52_bp_-1_2_0	ENA|AAC78721|AAC78721.1	71.43	7	2	0	1	7	265	271	2	18.2
Seq1816_52_bp_-1_2_0	ENA|AAC49865|AAC49865.1	77.78	10	2	1	2	11	199	207	2.3	17.0
Seq1816_52_bp_-1_2_0	ENA|ABK71357|ABK71357.1	35.71	14	9	0	3	16	202	215	2.6	17.0
Seq1816_52_bp_-1_2_0	ENA|AAB03707|AAB03707.1	60.00	10	4	0	1	10	940	949	2.7	18.8
Seq1816_52_bp_-1_2_0	ENA|AAC08817|AAC08817.1	83.33	6	1	0	10	15	44	49	3.8	15.2
Seq1816_52_bp_-1_2_0	ENA|BAA36759|BAA36759.1	57.14	7	3	0	3	9	129	135	4.5	15.8
Seq1816_52_bp_-1_2_0	ENA|AAA36114|AAA36114.1	44.44	9	5	0	1	9	265	273	5.2	16.4
Seq1816_52_bp_-1_2_0	ENA|AAA42531|AAA42531.1	40.00	15	9	0	1	15	56	70	6	15.8
Seq1816_52_bp_-1_2_0	ENA|BAA32018|BAA32018.1	38.46	13	8	0	3	15	55	67	6.4	16.4
Seq1816_52_bp_-1_2_0	ENA|AAA24145|AAA24145.1	44.44	9	5	0	1	9	362	370	7.1	15.8
Seq1816_52_bp_-1_2_0	ENA|CAA36714|CAA36714.1	45.45	11	6	0	2	12	296	306	7.2	15.8
Seq1816_52_bp_-1_2_0	ENA|AAC17860|AAC17860.1	44.44	9	5	0	7	15	61	69	9.4	15.2
Seq1816_52_bp_-1_2_0	ENA|BAB17681|BAB17681.1	40.00	15	9	0	1	15	26	40	9.5	14.6
