Seq10070_451_bp_1_0_0	ENA|AAA36539|AAA36539.1	100.00	4	0	0	8	11	457	460	0.78	19.7
Seq10070_451_bp_1_0_0	ENA|CAA36714|CAA36714.1	77.78	10	2	1	1	10	151	159	2.1	18.2
Seq10070_451_bp_1_0_0	ENA|AAC49865|AAC49865.1	100.00	4	0	0	14	17	3	6	4	16.7
Seq10070_451_bp_1_0_0	ENA|AAA24145|AAA24145.1	100.00	4	0	0	15	18	398	401	5.5	16.7
Seq10070_451_bp_1_0_0	ENA|AAC17860|AAC17860.1	66.67	6	2	0	12	17	98	103	9.3	15.8
Seq10070_451_bp_1_0_1	ENA|AAA72732|AAA72732.1	100.00	4	0	0	10	13	53	56	0.91	18.2
Seq10070_451_bp_1_0_1	ENA|CAA36714|CAA36714.1	83.33	6	1	0	10	15	237	242	0.93	18.7
Seq10070_451_bp_1_0_1	ENA|BAB17681|BAB17681.1	80.00	5	1	0	8	12	60	64	1.2	17.6
Seq10070_451_bp_1_0_1	ENA|AAI27517|AAI27517.1	83.33	6	1	0	4	9	530	535	1.2	18.7
Seq10070_451_bp_1_0_1	ENA|AAB66912|AAB66912.1	100.00	4	0	0	4	7	298	301	1.3	19.3
Seq10070_451_bp_1_0_1	ENA|AAC97205|AAC97205.1	100.00	4	0	0	2	5	827	830	1.7	19.3
Seq10070_451_bp_1_0_1	ENA|CAA11507|CAA11507.1	100.00	4	0	0	12	15	1192	1195	2.7	18.7
Seq10070_451_bp_1_0_1	ENA|AAF79734|AAF79734.1	100.00	4	0	0	10	13	633	636	4.1	18.2
Seq10070_451_bp_1_0_1	ENA|EDO47375|EDO47375.1	100.00	3	0	0	2	4	33	35	5.2	14.8
Seq10070_451_bp_1_0_1	ENA|CAA36214|CAA36214.1	80.00	5	1	0	8	12	84	88	5.8	15.4
Seq10070_451_bp_1_0_1	ENA|BAA05866|BAA05866.1	100.00	3	0	0	8	10	123	125	5.8	15.4
Seq10070_451_bp_1_0_1	ENA|AAR31603|AAR31603.1	100.00	3	0	0	8	10	211	213	6.2	15.4
Seq10070_451_bp_1_0_1	ENA|AAC08817|AAC08817.1	100.00	3	0	0	9	11	71	73	6.3	14.3
Seq10070_451_bp_1_0_1	ENA|AAB26998|AAB26998.1	100.00	3	0	0	12	14	21	23	6.8	13.2
Seq10070_451_bp_1_0_1	ENA|AAA18786|AAA18786.1	100.00	3	0	0	3	5	95	97	7.3	14.8
Seq10070_451_bp_1_0_1	ENA|AAB96524|AAB96524.1	100.00	3	0	0	10	12	12	14	7.4	14.3
Seq10070_451_bp_1_0_1	ENA|AAS77176|AAS77176.1	100.00	3	0	0	2	4	164	166	7.8	14.8
Seq10070_451_bp_1_0_1	ENA|AAB03707|AAB03707.1	71.43	7	2	0	3	9	1016	1022	8.1	17.1
Seq10070_451_bp_1_0_1	ENA|ABN10845|ABN10845.1	80.00	5	1	0	1	5	127	131	8.6	14.3
Seq10070_451_bp_1_0_1	ENA|CAA45708|CAA45708.1	77.78	14	2	5	4	12	704	717	8.9	17.1
Seq10070_451_bp_1_0_1	ENA|CAA29956|CAA29956.1	100.00	3	0	0	2	4	229	231	10	14.8
Seq10070_451_bp_1_0_2	ENA|ACT10338|ACT10338.1	80.00	5	1	0	1	5	370	374	3.9	17.7
Seq10070_451_bp_1_0_2	ENA|AAR31603|AAR31603.1	100.00	6	0	1	3	8	115	119	4.4	17.2
Seq10070_451_bp_1_0_2	ENA|BAA32018|BAA32018.1	100.00	4	0	0	33	36	125	128	4.5	18.1
Seq10070_451_bp_1_0_2	ENA|CAA29956|CAA29956.1	100.00	3	0	0	23	25	291	293	5	17.2
Seq10070_451_bp_1_0_2	ENA|AAC17860|AAC17860.1	100.00	3	0	0	23	25	98	100	5.5	17.2
Seq10070_451_bp_1_0_2	ENA|AAC78721|AAC78721.1	100.00	4	0	0	15	18	480	483	6.5	17.7
Seq10070_451_bp_1_0_2	ENA|AAA32624|AAA32624.1	100.00	3	0	0	24	26	426	428	6.9	17.2
Seq10070_451_bp_1_0_2	ENA|CAA28033|CAA28033.1	100.00	4	0	0	28	31	1270	1273	9	18.1
Seq10070_451_bp_1_0_2	ENA|AAA25966|AAA25966.1	100.00	3	0	0	24	26	137	139	9.3	17.2
Seq10070_451_bp_1_0_2	ENA|CAA11507|CAA11507.1	83.33	6	1	0	16	21	685	690	9.4	18.1
Seq10070_451_bp_1_0_2	ENA|ABN10845|ABN10845.1	75.00	4	1	0	21	24	51	54	9.7	15.4
Seq10070_451_bp_1_0_2	ENA|ABD33854|ABD33854.1	100.00	3	0	0	18	20	34	36	9.8	13.6
Seq10070_451_bp_1_0_2	ENA|AAF79734|AAF79734.1	85.71	9	1	2	10	18	1069	1075	10	18.1
Seq10070_451_bp_1_0_3	ENA|AAB96524|AAB96524.1	80.00	5	1	0	1	5	161	165	0.49	17.9
Seq10070_451_bp_1_0_3	ENA|AAC49865|AAC49865.1	100.00	4	0	0	5	8	93	96	1.6	16.9
Seq10070_451_bp_1_0_3	ENA|AAA32624|AAA32624.1	80.00	5	1	0	5	9	32	36	4.8	16.0
Seq10070_451_bp_1_0_3	ENA|BAA32018|BAA32018.1	80.00	5	1	0	7	11	382	386	7.8	15.5
Seq10070_451_bp_1_0_3	ENA|AAC97205|AAC97205.1	100.00	3	0	0	2	4	392	394	8	16.5
Seq10070_451_bp_1_0_3	ENA|CAA36214|CAA36214.1	66.67	6	2	0	6	11	147	152	9.8	14.1
Seq10070_451_bp_1_0_4	ENA|CAA29968|CAA29968.1	75.00	9	2	1	13	20	80	88	1.3	18.0
Seq10070_451_bp_1_0_4	ENA|AAA72732|AAA72732.1	100.00	4	0	0	15	18	15	18	1.5	18.5
Seq10070_451_bp_1_0_4	ENA|AAR31603|AAR31603.1	83.33	6	1	0	17	22	296	301	2.2	18.0
Seq10070_451_bp_1_0_4	ENA|BAB79260|BAB79260.1	78.57	19	3	5	10	26	55	70	2.2	18.5
Seq10070_451_bp_1_0_4	ENA|EDO47375|EDO47375.1	83.33	6	1	0	6	11	80	85	3.2	16.6
Seq10070_451_bp_1_0_4	ENA|AAC26660|AAC26660.1	100.00	4	0	0	4	7	197	200	4.3	16.6
Seq10070_451_bp_1_0_4	ENA|CAL82360|CAL82360.1	100.00	4	0	0	14	17	656	659	8.1	18.0
Seq10070_451_bp_1_0_4	ENA|CAA43419|CAA43419.1	100.00	3	0	0	1	3	117	119	8.1	16.2
Seq10070_451_bp_1_0_4	ENA|CAA26023|CAA26023.1	100.00	4	0	0	21	24	28	31	8.4	16.2
Seq10070_451_bp_1_0_4	ENA|AAA25966|AAA25966.1	100.00	3	0	0	28	30	496	498	8.5	17.1
Seq10070_451_bp_1_0_4	ENA|ABD33854|ABD33854.1	100.00	3	0	0	23	25	11	13	9.1	13.5
Seq10070_451_bp_1_0_4	ENA|CAA45708|CAA45708.1	100.00	4	0	0	16	19	136	139	9.5	18.0
Seq10070_451_bp_1_1_0	ENA|AAC17860|AAC17860.1	100.00	5	0	0	1	5	108	112	0.055	22.6
Seq10070_451_bp_1_1_0	ENA|AAC26660|AAC26660.1	83.33	6	1	0	5	10	220	225	0.24	19.8
Seq10070_451_bp_1_1_0	ENA|AAC26660|AAC26660.1	100.00	4	0	0	7	10	119	122	0.52	18.7
Seq10070_451_bp_1_1_0	ENA|BAA05866|BAA05866.1	80.00	5	1	0	4	8	292	296	0.91	18.1
Seq10070_451_bp_1_1_0	ENA|AAC40132|AAC40132.1	100.00	4	0	0	2	5	112	115	0.96	18.7
Seq10070_451_bp_1_1_0	ENA|BAB17681|BAB17681.1	100.00	3	0	0	12	14	120	122	1.2	17.6
Seq10070_451_bp_1_1_0	ENA|CAA45708|CAA45708.1	100.00	4	0	0	2	5	105	108	3	18.7
Seq10070_451_bp_1_1_0	ENA|AAR31603|AAR31603.1	100.00	6	0	1	1	5	296	301	4.5	15.9
Seq10070_451_bp_1_1_0	ENA|AAR37016|AAR37016.1	100.00	4	0	0	7	10	2298	2301	4.6	18.7
Seq10070_451_bp_1_1_0	ENA|AAB03707|AAB03707.1	100.00	3	0	0	12	14	418	420	5.8	17.6
Seq10070_451_bp_1_1_0	ENA|AAQ92751|AAQ92751.2	100.00	3	0	0	12	14	1294	1296	5.8	17.6
Seq10070_451_bp_1_1_0	ENA|AAB26998|AAB26998.1	100.00	2	0	0	13	14	47	48	7.2	13.1
Seq10070_451_bp_1_1_0	ENA|ABK71357|ABK71357.1	100.00	3	0	0	6	8	66	68	7.3	15.3
Seq10070_451_bp_1_1_0	ENA|CAA24711|CAA24711.1	100.00	3	0	0	3	5	73	75	7.3	14.2
Seq10070_451_bp_1_1_0	ENA|AAI27517|AAI27517.1	100.00	3	0	0	9	11	299	301	7.8	15.9
Seq10070_451_bp_1_1_0	ENA|CAA45199|CAA45199.1	66.67	6	2	0	1	6	112	117	9	15.3
Seq10070_451_bp_1_1_0	ENA|AAA36539|AAA36539.1	100.00	3	0	0	4	6	234	236	9.1	15.3
Seq10070_451_bp_1_1_1	ENA|EDO47375|EDO47375.1	100.00	4	0	0	15	18	6	9	1.3	17.5
Seq10070_451_bp_1_1_1	ENA|CCP43727|CCP43727.1	100.00	4	0	0	10	13	65	68	3.9	16.6
Seq10070_451_bp_1_1_1	ENA|CAA26023|CAA26023.1	100.00	4	0	0	2	5	148	151	4.6	16.6
Seq10070_451_bp_1_1_1	ENA|AAR37016|AAR37016.1	83.33	6	1	0	8	13	283	288	4.6	19.3
Seq10070_451_bp_1_1_1	ENA|AAA25966|AAA25966.1	100.00	4	0	0	6	9	503	506	8.3	16.6
Seq10070_451_bp_1_1_1	ENA|CAA45708|CAA45708.1	100.00	4	0	0	15	18	1082	1085	9.5	17.5
Seq10070_451_bp_1_1_2	ENA|AAC08817|AAC08817.1	80.00	5	1	0	5	9	153	157	1.4	16.3
Seq10070_451_bp_1_1_2	ENA|AAC97205|AAC97205.1	100.00	6	0	1	3	8	1105	1109	2.2	18.5
Seq10070_451_bp_1_1_2	ENA|AAB96524|AAB96524.1	100.00	3	0	0	5	7	15	17	3.4	15.1
Seq10070_451_bp_1_1_2	ENA|CAA26023|CAA26023.1	71.43	7	2	0	5	11	20	26	4.7	15.7
Seq10070_451_bp_1_1_2	ENA|AAA24145|AAA24145.1	100.00	3	0	0	2	4	436	438	5.6	15.7
Seq10070_451_bp_1_1_2	ENA|AAA36114|AAA36114.1	100.00	3	0	0	4	6	418	420	6.2	15.7
Seq10070_451_bp_1_1_2	ENA|BAB79260|BAB79260.1	100.00	3	0	0	5	7	287	289	8	15.1
Seq10070_451_bp_1_1_2	ENA|CAB75732|CAB75732.1	100.00	3	0	0	1	3	564	566	9.3	16.3
Seq10070_451_bp_1_1_3	ENA|ABD33854|ABD33854.1	100.00	4	0	0	12	15	7	10	0.097	20.1
Seq10070_451_bp_1_1_3	ENA|CAA26023|CAA26023.1	100.00	4	0	0	26	29	123	126	0.42	20.6
Seq10070_451_bp_1_1_3	ENA|ACT10338|ACT10338.1	100.00	4	0	0	4	7	334	337	4.2	17.3
Seq10070_451_bp_1_1_3	ENA|AAA32624|AAA32624.1	100.00	4	0	0	16	19	205	208	5.6	17.3
Seq10070_451_bp_1_1_3	ENA|BAA32991|BAA32991.1	100.00	3	0	0	8	10	46	48	7.4	13.9
Seq10070_451_bp_1_1_3	ENA|AAA25966|AAA25966.1	100.00	4	0	0	16	19	577	580	7.6	17.3
Seq10070_451_bp_1_1_3	ENA|CAA29956|CAA29956.1	100.00	4	0	0	21	24	42	45	7.7	16.3
Seq10070_451_bp_1_1_3	ENA|AAS77176|AAS77176.1	80.00	5	1	0	20	24	26	30	8.2	15.8
Seq10070_451_bp_1_1_3	ENA|AAC17860|AAC17860.1	100.00	4	0	0	2	5	341	344	8.4	16.3
Seq10070_451_bp_1_1_3	ENA|CAA36214|CAA36214.1	100.00	3	0	0	14	16	285	287	8.6	15.8
Seq10070_451_bp_1_1_4	ENA|BAA32018|BAA32018.1	90.00	13	1	3	8	20	290	299	0.045	24.3
Seq10070_451_bp_1_1_4	ENA|CAA43419|CAA43419.1	100.00	4	0	0	20	23	25	28	0.97	19.0
Seq10070_451_bp_1_1_4	ENA|AAQ92751|AAQ92751.2	100.00	4	0	0	18	21	743	746	2.5	19.6
Seq10070_451_bp_1_1_4	ENA|AAA18786|AAA18786.1	100.00	3	0	0	17	19	171	173	4.2	16.4
Seq10070_451_bp_1_1_4	ENA|AAC97205|AAC97205.1	100.00	4	0	0	11	14	127	130	4.6	18.5
Seq10070_451_bp_1_1_4	ENA|AAA24145|AAA24145.1	66.67	6	2	0	14	19	263	268	5	16.9
Seq10070_451_bp_1_1_4	ENA|CAA24711|CAA24711.1	75.00	4	1	0	17	20	121	124	5.5	15.4
Seq10070_451_bp_1_1_4	ENA|AAA42531|AAA42531.1	100.00	3	0	0	17	19	45	47	6	16.4
Seq10070_451_bp_1_1_4	ENA|CAA73529|CAA73529.1	100.00	3	0	0	22	24	197	199	6.1	15.9
Seq10070_451_bp_1_1_4	ENA|BAA32956|BAA32956.1	100.00	3	0	0	1	3	52	54	6.7	15.4
Seq10070_451_bp_1_1_4	ENA|AAA25966|AAA25966.1	80.00	5	1	0	19	23	352	356	7.7	16.9
Seq10070_451_bp_1_1_4	ENA|CAA45708|CAA45708.1	80.00	5	1	0	18	22	826	830	7.8	18.0
Seq10070_451_bp_1_1_4	ENA|AAB96524|AAB96524.1	100.00	5	0	1	16	20	93	96	8.3	14.9
Seq10070_451_bp_1_1_4	ENA|AAR37016|AAR37016.1	100.00	4	0	0	19	22	1464	1467	8.4	18.5
Seq10070_451_bp_1_1_4	ENA|ABN10845|ABN10845.1	100.00	3	0	0	19	21	51	53	9.6	14.9
Seq10070_451_bp_1_1_4	ENA|CAA11507|CAA11507.1	100.00	4	0	0	12	15	275	278	9.9	17.5
Seq10070_451_bp_1_2_0	ENA|CAA29956|CAA29956.1	100.00	4	0	0	8	11	202	205	1.1	18.5
Seq10070_451_bp_1_2_0	ENA|CAA36714|CAA36714.1	100.00	4	0	0	16	19	36	39	1.9	18.0
Seq10070_451_bp_1_2_0	ENA|CAA11507|CAA11507.1	80.00	5	1	0	8	12	605	609	5.5	18.0
Seq10070_451_bp_1_2_0	ENA|AAC26660|AAC26660.1	100.00	3	0	0	2	4	256	258	6	15.4
Seq10070_451_bp_1_2_0	ENA|AAC49865|AAC49865.1	100.00	3	0	0	2	4	129	131	7.6	15.4
Seq10070_451_bp_1_2_0	ENA|ABK71357|ABK71357.1	100.00	3	0	0	6	8	268	270	8.5	15.4
Seq10070_451_bp_1_2_0	ENA|BAA32956|BAA32956.1	100.00	3	0	0	13	15	77	79	9.7	14.4
Seq10070_451_bp_1_2_1	ENA|CAL82360|CAL82360.1	100.00	4	0	0	8	11	796	799	3.5	18.1
Seq10070_451_bp_1_2_1	ENA|BAA32956|BAA32956.1	100.00	8	0	3	6	10	89	96	3.7	15.4
Seq10070_451_bp_1_2_1	ENA|ABD33854|ABD33854.1	100.00	3	0	0	10	12	23	25	5.2	13.2
Seq10070_451_bp_1_2_1	ENA|AAI27517|AAI27517.1	100.00	4	0	0	3	6	334	337	7.4	15.9
Seq10070_451_bp_1_2_2	ENA|AAR31603|AAR31603.1	75.00	8	2	0	50	57	116	123	0.053	24.3
Seq10070_451_bp_1_2_2	ENA|ABN10845|ABN10845.1	85.71	8	1	1	50	56	101	108	0.27	21.4
Seq10070_451_bp_1_2_2	ENA|CAA26939|CAA26939.1	100.00	5	0	0	31	35	506	510	0.99	20.9
Seq10070_451_bp_1_2_2	ENA|AAA18786|AAA18786.1	100.00	4	0	0	35	38	172	175	1.3	19.4
Seq10070_451_bp_1_2_2	ENA|AAC97205|AAC97205.1	100.00	4	0	0	23	26	624	627	4.1	19.9
Seq10070_451_bp_1_2_2	ENA|CAL82360|CAL82360.1	83.33	6	1	0	15	20	892	897	4.3	19.9
Seq10070_451_bp_1_2_2	ENA|ACH70901|ACH70901.1	100.00	4	0	0	42	45	158	161	6.4	17.4
Seq10070_451_bp_1_2_2	ENA|CAA73529|CAA73529.1	100.00	6	0	1	3	7	106	111	6.9	17.0
Seq10070_451_bp_1_2_2	ENA|CAA45708|CAA45708.1	83.33	6	1	0	16	21	1314	1319	7	19.4
Seq10070_451_bp_1_2_2	ENA|BAA32956|BAA32956.1	100.00	4	0	0	19	22	205	208	7.4	16.5
Seq10070_451_bp_1_2_2	ENA|AAQ92751|AAQ92751.2	83.33	6	1	0	6	11	475	480	8.7	18.9
Seq10070_451_bp_1_2_2	ENA|ABK71357|ABK71357.1	100.00	4	0	0	13	16	135	138	9.1	17.0
Seq10070_451_bp_1_2_2	ENA|CAA26023|CAA26023.1	100.00	4	0	0	32	35	215	218	9.4	17.0
Seq10070_451_bp_1_2_2	ENA|CAA29968|CAA29968.1	100.00	3	0	0	56	58	58	60	9.4	16.0
Seq10070_451_bp_-1_0_0	ENA|BAA32956|BAA32956.1	100.00	4	0	0	44	47	67	70	2.9	17.7
Seq10070_451_bp_-1_0_0	ENA|ABD49687|ABD49687.1	100.00	5	0	0	18	22	1035	1039	4.6	20.1
Seq10070_451_bp_-1_0_0	ENA|CCP43727|CCP43727.1	100.00	4	0	0	5	8	43	46	6.1	17.3
Seq10070_451_bp_-1_0_0	ENA|BAA32991|BAA32991.1	100.00	6	0	1	47	51	46	51	6.4	14.9
Seq10070_451_bp_-1_0_0	ENA|CAA28033|CAA28033.1	75.00	8	2	0	24	31	845	852	6.5	19.1
Seq10070_451_bp_-1_0_0	ENA|CAA29968|CAA29968.1	100.00	4	0	0	23	26	5	8	9.2	15.8
Seq10070_451_bp_-1_0_1	ENA|AAC17860|AAC17860.1	83.33	6	1	0	2	7	135	140	0.36	19.7
Seq10070_451_bp_-1_0_1	ENA|AAB03707|AAB03707.1	100.00	4	0	0	8	11	1271	1274	0.5	21.0
Seq10070_451_bp_-1_0_1	ENA|CAA45708|CAA45708.1	71.43	7	2	0	2	8	186	192	4.7	17.8
Seq10070_451_bp_-1_0_1	ENA|AAR37016|AAR37016.1	100.00	4	0	0	1	4	733	736	4.7	18.5
Seq10070_451_bp_-1_0_1	ENA|AAA24145|AAA24145.1	100.00	3	0	0	7	9	414	416	5.2	16.0
Seq10070_451_bp_-1_0_1	ENA|AAC40132|AAC40132.1	100.00	3	0	0	7	9	340	342	5.3	16.0
Seq10070_451_bp_-1_0_1	ENA|BAA32956|BAA32956.1	100.00	3	0	0	9	11	151	153	5.6	14.7
Seq10070_451_bp_-1_0_1	ENA|AAA32624|AAA32624.1	100.00	3	0	0	7	9	84	86	5.8	16.0
Seq10070_451_bp_-1_0_1	ENA|CAA11507|CAA11507.1	100.00	4	0	0	4	7	47	50	6.3	17.2
Seq10070_451_bp_-1_0_1	ENA|AAC26660|AAC26660.1	100.00	3	0	0	9	11	108	110	6.7	14.7
Seq10070_451_bp_-1_0_1	ENA|ABD49687|ABD49687.1	100.00	4	0	0	2	5	169	172	7.9	17.2
Seq10070_451_bp_-1_0_1	ENA|AAA25966|AAA25966.1	100.00	3	0	0	8	10	67	69	7.9	16.0
Seq10070_451_bp_-1_0_1	ENA|AAR31603|AAR31603.1	100.00	3	0	0	9	11	97	99	8.5	14.7
Seq10070_451_bp_-1_0_2	ENA|AAC40132|AAC40132.1	83.33	6	1	0	11	16	147	152	0.39	20.7
Seq10070_451_bp_-1_0_2	ENA|AAA36114|AAA36114.1	80.00	5	1	0	11	15	491	495	3.4	17.6
Seq10070_451_bp_-1_0_2	ENA|BAA32018|BAA32018.1	80.00	5	1	0	8	12	479	483	7.3	16.7
Seq10070_451_bp_-1_0_2	ENA|ABN10845|ABN10845.1	100.00	3	0	0	13	15	41	43	8.4	15.0
Seq10070_451_bp_-1_0_2	ENA|EDO47375|EDO47375.1	100.00	3	0	0	3	5	128	130	9.8	14.6
Seq10070_451_bp_-1_0_3	ENA|AAA24145|AAA24145.1	80.00	5	1	0	7	11	98	102	0.99	18.2
Seq10070_451_bp_-1_0_3	ENA|AAS77176|AAS77176.1	100.00	4	0	0	1	4	157	160	1.3	17.1
Seq10070_451_bp_-1_0_3	ENA|CAA45199|CAA45199.1	100.00	3	0	0	6	8	213	215	1.4	17.6
Seq10070_451_bp_-1_0_3	ENA|ACH70901|ACH70901.1	100.00	4	0	0	2	5	227	230	2.2	16.6
Seq10070_451_bp_-1_0_3	ENA|CAA45708|CAA45708.1	100.00	4	0	0	8	11	1314	1317	3.2	18.2
Seq10070_451_bp_-1_0_3	ENA|CAA73529|CAA73529.1	100.00	3	0	0	8	10	60	62	6.7	14.6
Seq10070_451_bp_-1_0_3	ENA|AAB03707|AAB03707.1	100.00	3	0	0	5	7	628	630	8.1	16.6
Seq10070_451_bp_-1_0_3	ENA|CAA29956|CAA29956.1	100.00	3	0	0	8	10	203	205	9	14.6
Seq10070_451_bp_-1_0_3	ENA|ABD49687|ABD49687.1	80.00	5	1	0	7	11	226	230	9.8	16.6
Seq10070_451_bp_-1_1_0	ENA|BAA32991|BAA32991.1	80.00	5	1	0	4	8	5	9	0.61	16.1
Seq10070_451_bp_-1_1_0	ENA|AAA24145|AAA24145.1	100.00	3	0	0	6	8	430	432	1.2	17.9
Seq10070_451_bp_-1_1_0	ENA|CAA45708|CAA45708.1	100.00	4	0	0	7	10	147	150	2.5	18.5
Seq10070_451_bp_-1_1_0	ENA|AAR37016|AAR37016.1	100.00	3	0	0	5	7	76	78	3.9	18.5
Seq10070_451_bp_-1_1_0	ENA|CAB75732|CAB75732.1	80.00	5	1	0	7	11	454	458	4.4	17.3
Seq10070_451_bp_-1_1_0	ENA|AAF79734|AAF79734.1	80.00	5	1	0	7	11	661	665	5.4	17.3
Seq10070_451_bp_-1_1_0	ENA|EDO47375|EDO47375.1	100.00	3	0	0	8	10	142	144	5.7	14.3
Seq10070_451_bp_-1_1_0	ENA|AAC78721|AAC78721.1	80.00	5	1	0	1	5	245	249	5.8	16.1
Seq10070_451_bp_-1_1_0	ENA|AAA36539|AAA36539.1	100.00	3	0	0	1	3	354	356	6.2	15.5
Seq10070_451_bp_-1_1_0	ENA|BAA32956|BAA32956.1	100.00	2	0	0	5	6	90	91	6.3	14.3
Seq10070_451_bp_-1_1_0	ENA|CAA11507|CAA11507.1	100.00	6	0	1	7	11	352	357	7.6	16.7
Seq10070_451_bp_-1_1_1	ENA|CAA28033|CAA28033.1	100.00	5	0	0	9	13	651	655	0.071	24.3
Seq10070_451_bp_-1_1_1	ENA|CAA28033|CAA28033.1	75.00	9	2	1	2	9	1306	1314	0.64	21.1
Seq10070_451_bp_-1_1_1	ENA|AAB03707|AAB03707.1	100.00	4	0	0	7	10	1148	1151	0.23	22.7
Seq10070_451_bp_-1_1_1	ENA|CAA26023|CAA26023.1	100.00	4	0	0	3	6	310	313	1.7	17.9
Seq10070_451_bp_-1_1_1	ENA|AAA24145|AAA24145.1	100.00	3	0	0	7	9	457	459	2	17.9
Seq10070_451_bp_-1_1_1	ENA|AAC17860|AAC17860.1	80.00	5	1	0	15	19	92	96	2.6	17.4
Seq10070_451_bp_-1_1_1	ENA|AAI27517|AAI27517.1	80.00	5	1	0	1	5	494	498	3.7	17.4
Seq10070_451_bp_-1_1_1	ENA|AAC97205|AAC97205.1	80.00	5	1	0	14	18	1038	1042	3.7	18.4
Seq10070_451_bp_-1_1_1	ENA|AAA42531|AAA42531.1	50.00	12	6	0	3	14	57	68	5	16.3
Seq10070_451_bp_-1_1_1	ENA|EDO47375|EDO47375.1	100.00	3	0	0	15	17	56	58	5.1	15.2
Seq10070_451_bp_-1_1_1	ENA|AAC49865|AAC49865.1	100.00	3	0	0	8	10	240	242	6.1	15.8
Seq10070_451_bp_-1_1_1	ENA|AAA36539|AAA36539.1	100.00	3	0	0	13	15	414	416	6.1	16.3
Seq10070_451_bp_-1_1_1	ENA|AAF79734|AAF79734.1	100.00	4	0	0	1	4	228	231	6.2	17.9
Seq10070_451_bp_-1_1_1	ENA|CAA45708|CAA45708.1	100.00	4	0	0	1	4	1009	1012	6.5	17.9
Seq10070_451_bp_-1_1_1	ENA|CAA43419|CAA43419.1	100.00	3	0	0	8	10	149	151	6.8	15.8
Seq10070_451_bp_-1_1_1	ENA|ABN10845|ABN10845.1	75.00	4	1	0	9	12	14	17	8.2	14.7
Seq10070_451_bp_-1_1_1	ENA|AAC78721|AAC78721.1	80.00	5	1	0	11	15	280	284	8.4	16.3
Seq10070_451_bp_-1_1_1	ENA|AAR31603|AAR31603.1	75.00	4	1	0	11	14	164	167	8.6	15.2
Seq10070_451_bp_-1_1_1	ENA|AAA25966|AAA25966.1	100.00	3	0	0	13	15	52	54	9	16.3
Seq10070_451_bp_-1_1_1	ENA|CAA24711|CAA24711.1	100.00	3	0	0	2	4	162	164	9.3	14.2
Seq10070_451_bp_-1_1_1	ENA|AAA32624|AAA32624.1	100.00	3	0	0	8	10	220	222	9.4	15.8
Seq10070_451_bp_-1_1_1	ENA|CAA29956|CAA29956.1	75.00	4	1	0	5	8	282	285	9.7	15.2
Seq10070_451_bp_-1_1_1	ENA|AAB96524|AAB96524.1	100.00	3	0	0	1	3	143	145	10	14.2
Seq10070_451_bp_-1_1_2	ENA|AAC26660|AAC26660.1	80.00	5	1	0	4	8	47	51	0.24	19.6
Seq10070_451_bp_-1_1_2	ENA|AAB96524|AAB96524.1	100.00	3	0	0	8	10	161	163	1.4	16.5
Seq10070_451_bp_-1_1_2	ENA|CAA36214|CAA36214.1	80.00	5	1	0	6	10	51	55	2.3	16.5
Seq10070_451_bp_-1_1_2	ENA|ABD33854|ABD33854.1	100.00	6	0	2	4	9	1	4	2.8	14.0
Seq10070_451_bp_-1_1_2	ENA|CAL82360|CAL82360.1	100.00	4	0	0	5	8	1141	1144	3.4	18.1
Seq10070_451_bp_-1_1_2	ENA|CAA29956|CAA29956.1	80.00	5	1	0	7	11	240	244	5.7	15.5
Seq10070_451_bp_-1_1_2	ENA|ACT10338|ACT10338.1	100.00	3	0	0	2	4	97	99	5.8	15.5
Seq10070_451_bp_-1_1_3	ENA|AAF79734|AAF79734.1	100.00	5	0	0	15	19	361	365	0.69	21.9
Seq10070_451_bp_-1_1_3	ENA|AAC97205|AAC97205.1	100.00	5	0	0	11	15	438	442	0.81	21.5
Seq10070_451_bp_-1_1_3	ENA|BAA05866|BAA05866.1	100.00	4	0	0	16	19	190	193	1.4	18.6
Seq10070_451_bp_-1_1_3	ENA|AAR31603|AAR31603.1	80.00	5	1	0	13	17	206	210	2.1	18.2
Seq10070_451_bp_-1_1_3	ENA|BAB79260|BAB79260.1	100.00	4	0	0	11	14	29	32	2.8	18.2
Seq10070_451_bp_-1_1_3	ENA|CAA45199|CAA45199.1	100.00	4	0	0	11	14	344	347	2.9	18.2
Seq10070_451_bp_-1_1_3	ENA|AAA18786|AAA18786.1	100.00	4	0	0	8	11	48	51	3.2	17.2
Seq10070_451_bp_-1_1_3	ENA|ABK71357|ABK71357.1	80.00	5	1	0	9	13	182	186	3.2	17.7
Seq10070_451_bp_-1_1_3	ENA|BAA32991|BAA32991.1	100.00	3	0	0	16	18	24	26	4.1	14.9
Seq10070_451_bp_-1_1_3	ENA|CAA73529|CAA73529.1	100.00	4	0	0	22	25	133	136	4.5	16.8
Seq10070_451_bp_-1_1_3	ENA|ACT10338|ACT10338.1	100.00	4	0	0	7	10	276	279	4.6	17.2
Seq10070_451_bp_-1_1_3	ENA|CAA36214|CAA36214.1	80.00	5	1	0	8	12	220	224	4.9	16.8
Seq10070_451_bp_-1_1_3	ENA|ABD49687|ABD49687.1	100.00	6	0	1	27	31	511	516	5.5	19.1
Seq10070_451_bp_-1_1_3	ENA|AAA36114|AAA36114.1	100.00	4	0	0	8	11	5	8	5.9	17.2
Seq10070_451_bp_-1_1_3	ENA|AAB66912|AAB66912.1	100.00	4	0	0	3	6	593	596	7.7	17.7
Seq10070_451_bp_-1_1_3	ENA|CAA28033|CAA28033.1	100.00	4	0	0	9	12	899	902	7.8	18.2
Seq10070_451_bp_-1_1_3	ENA|AAB03707|AAB03707.1	100.00	4	0	0	20	23	293	296	8.2	18.2
Seq10070_451_bp_-1_1_3	ENA|AAA32624|AAA32624.1	100.00	4	0	0	5	8	128	131	8.2	16.8
Seq10070_451_bp_-1_1_4	ENA|AAB03707|AAB03707.1	85.71	7	1	0	13	19	360	366	0.071	24.9
Seq10070_451_bp_-1_1_4	ENA|ACH70901|ACH70901.1	100.00	4	0	0	16	19	82	85	1.8	18.2
Seq10070_451_bp_-1_1_4	ENA|AAC17860|AAC17860.1	80.00	5	1	0	15	19	189	193	2.8	17.8
Seq10070_451_bp_-1_1_4	ENA|CAA26939|CAA26939.1	100.00	4	0	0	1	4	331	334	2.8	18.2
Seq10070_451_bp_-1_1_4	ENA|BAB79260|BAB79260.1	100.00	3	0	0	18	20	440	442	5.8	16.8
Seq10070_451_bp_-1_1_4	ENA|AAI27517|AAI27517.1	100.00	3	0	0	19	21	511	513	7.5	16.8
Seq10070_451_bp_-1_1_4	ENA|ABD33854|ABD33854.1	100.00	3	0	0	25	27	10	12	7.9	13.5
Seq10070_451_bp_-1_1_4	ENA|AAC40132|AAC40132.1	83.33	6	1	0	13	18	155	160	8.3	16.3
Seq10070_451_bp_-1_1_4	ENA|AAA25966|AAA25966.1	100.00	3	0	0	19	21	495	497	9	16.8
Seq10070_451_bp_-1_1_4	ENA|CAA29956|CAA29956.1	80.00	5	1	0	15	19	146	150	9	15.9
Seq10070_451_bp_-1_2_0	ENA|CAA36214|CAA36214.1	100.00	5	0	0	5	9	10	14	0.11	21.3
Seq10070_451_bp_-1_2_0	ENA|AAA32624|AAA32624.1	100.00	4	0	0	4	7	233	236	1.7	18.1
Seq10070_451_bp_-1_2_0	ENA|CAL82360|CAL82360.1	100.00	4	0	0	8	11	103	106	2.2	19.0
Seq10070_451_bp_-1_2_0	ENA|AAC97205|AAC97205.1	83.33	6	1	0	3	8	613	618	2.9	18.5
Seq10070_451_bp_-1_2_0	ENA|AAC17860|AAC17860.1	80.00	5	1	0	3	7	276	280	4.9	16.2
Seq10070_451_bp_-1_2_0	ENA|ABN10845|ABN10845.1	100.00	3	0	0	12	14	22	24	4.9	15.2
Seq10070_451_bp_-1_2_0	ENA|AAC49865|AAC49865.1	100.00	3	0	0	14	16	72	74	5.4	15.7
Seq10070_451_bp_-1_2_0	ENA|BAA32991|BAA32991.1	75.00	4	1	0	12	15	27	30	5.7	13.4
Seq10070_451_bp_-1_2_0	ENA|CAA45199|CAA45199.1	100.00	3	0	0	10	12	319	321	7.5	15.7
Seq10070_451_bp_-1_2_0	ENA|AAC40132|AAC40132.1	100.00	3	0	0	10	12	186	188	7.6	15.7
Seq10070_451_bp_-1_2_0	ENA|CAA26939|CAA26939.1	80.00	5	1	0	6	10	197	201	9	15.7
Seq10070_451_bp_-1_2_0	ENA|BAA05866|BAA05866.1	100.00	3	0	0	5	7	31	33	9.3	14.8
Seq10070_451_bp_-1_2_0	ENA|ABD33854|ABD33854.1	100.00	2	0	0	10	11	4	5	9.7	12.4
Seq10070_451_bp_-1_2_0	ENA|AAR31603|AAR31603.1	80.00	5	1	0	1	5	248	252	9.8	14.8
Seq10070_451_bp_-1_2_1	ENA|CAA26023|CAA26023.1	100.00	5	0	0	8	12	117	121	0.4	19.6
Seq10070_451_bp_-1_2_1	ENA|BAA05866|BAA05866.1	100.00	4	0	0	6	9	59	62	2.6	16.6
Seq10070_451_bp_-1_2_1	ENA|CAA29968|CAA29968.1	100.00	3	0	0	2	4	80	82	3.3	15.6
Seq10070_451_bp_-1_2_1	ENA|CAA29956|CAA29956.1	100.00	4	0	0	9	12	185	188	4.5	16.1
Seq10070_451_bp_-1_2_1	ENA|AAA72732|AAA72732.1	100.00	3	0	0	2	4	307	309	5.3	15.6
Seq10070_451_bp_-1_2_1	ENA|AAR31603|AAR31603.1	100.00	3	0	0	4	6	25	27	5.5	15.6
Seq10070_451_bp_-1_2_1	ENA|ABK71357|ABK71357.1	100.00	3	0	0	4	6	269	271	6.2	15.6
Seq10070_451_bp_-1_2_1	ENA|BAB79260|BAB79260.1	100.00	3	0	0	4	6	116	118	7.5	15.6
Seq10070_451_bp_-1_2_1	ENA|AAB26998|AAB26998.1	80.00	5	1	0	8	12	5	9	7.5	13.0
Seq10070_451_bp_-1_2_1	ENA|AAB66912|AAB66912.1	100.00	4	0	0	7	10	158	161	7.6	16.6
Seq10070_451_bp_-1_2_1	ENA|AAA36539|AAA36539.1	100.00	3	0	0	2	4	361	363	7.8	15.6
Seq10070_451_bp_-1_2_1	ENA|AAA32624|AAA32624.1	100.00	3	0	0	4	6	499	501	8.5	15.6
Seq10070_451_bp_-1_2_1	ENA|ABD33854|ABD33854.1	100.00	3	0	0	8	10	11	13	8.6	12.5
Seq10070_451_bp_-1_2_1	ENA|AAC97205|AAC97205.1	100.00	4	0	0	6	9	607	610	9.8	16.6
Seq10070_451_bp_-1_2_2	ENA|AAA42531|AAA42531.1	100.00	5	0	0	4	8	204	208	0.058	23.6
Seq10070_451_bp_-1_2_2	ENA|AAF79734|AAF79734.1	83.33	6	1	0	10	15	1036	1041	1.8	20.4
Seq10070_451_bp_-1_2_2	ENA|BAB79260|BAB79260.1	100.00	4	0	0	17	20	333	336	2.4	18.4
Seq10070_451_bp_-1_2_2	ENA|CAA29956|CAA29956.1	100.00	3	0	0	22	24	291	293	2.9	17.8
Seq10070_451_bp_-1_2_2	ENA|AAC17860|AAC17860.1	100.00	3	0	0	22	24	98	100	3.1	17.8
Seq10070_451_bp_-1_2_2	ENA|BAA32018|BAA32018.1	100.00	4	0	0	17	20	151	154	3.3	18.4
Seq10070_451_bp_-1_2_2	ENA|AAA32624|AAA32624.1	100.00	3	0	0	24	26	497	499	4	17.8
Seq10070_451_bp_-1_2_2	ENA|CAA29968|CAA29968.1	85.71	8	1	1	7	14	3	9	4.3	16.3
Seq10070_451_bp_-1_2_2	ENA|ABD33854|ABD33854.1	75.00	4	1	0	20	23	41	44	8.2	13.7
Seq10070_451_bp_-1_2_2	ENA|AAR37016|AAR37016.1	100.00	4	0	0	3	6	1220	1223	8.3	18.9
Seq10070_451_bp_-1_2_2	ENA|ABG75784|ABG75784.1	100.00	3	0	0	16	18	195	197	9.5	15.8
Seq10070_451_bp_-1_2_3	ENA|BAA32956|BAA32956.1	100.00	5	0	0	10	14	140	144	0.33	19.9
Seq10070_451_bp_-1_2_3	ENA|AAQ92751|AAQ92751.2	90.00	13	1	3	1	10	1131	1143	2.1	19.9
Seq10070_451_bp_-1_2_3	ENA|CAA73529|CAA73529.1	100.00	4	0	0	11	14	202	205	3.3	16.9
Seq10070_451_bp_-1_2_3	ENA|CAA29956|CAA29956.1	100.00	4	0	0	12	15	147	150	3.4	17.3
Seq10070_451_bp_-1_2_3	ENA|BAA36759|BAA36759.1	83.33	6	1	0	3	8	145	150	3.5	16.9
Seq10070_451_bp_-1_2_3	ENA|CAA26939|CAA26939.1	100.00	4	0	0	11	14	512	515	6.7	16.9
Seq10070_451_bp_-1_2_3	ENA|EDO47375|EDO47375.1	100.00	3	0	0	25	27	135	137	7.3	15.2
Seq10070_451_bp_-1_2_3	ENA|AAC97205|AAC97205.1	80.00	5	1	0	14	18	892	896	7.9	17.8
Seq10070_451_bp_-1_2_3	ENA|AAB66912|AAB66912.1	100.00	4	0	0	22	25	275	278	8.1	17.3
Seq10070_451_bp_-1_2_3	ENA|ACT10338|ACT10338.1	100.00	4	0	0	21	24	355	358	8.2	16.1
Seq10070_451_bp_-1_2_3	ENA|CCP43727|CCP43727.1	100.00	4	0	0	8	11	184	187	9.2	15.6
Seq10070_451_bp_-1_2_4	ENA|AAC49865|AAC49865.1	100.00	4	0	0	3	6	114	117	0.53	18.4
Seq10070_451_bp_-1_2_4	ENA|AAA32624|AAA32624.1	100.00	4	0	0	3	6	21	24	0.85	18.4
Seq10070_451_bp_-1_2_4	ENA|BAA32018|BAA32018.1	100.00	4	0	0	4	7	513	516	2.1	17.3
Seq10070_451_bp_-1_2_4	ENA|AAA25966|AAA25966.1	100.00	4	0	0	5	8	36	39	2.5	17.3
Seq10070_451_bp_-1_2_4	ENA|AAC17860|AAC17860.1	100.00	3	0	0	8	10	364	366	4.3	15.7
Seq10070_451_bp_-1_2_4	ENA|AAQ92751|AAQ92751.2	85.71	9	1	2	2	8	1102	1110	4.6	17.3
Seq10070_451_bp_-1_2_4	ENA|ABD49687|ABD49687.1	100.00	4	0	0	4	7	87	90	5.7	17.3
Seq10070_451_bp_-1_2_4	ENA|CAA36214|CAA36214.1	100.00	3	0	0	7	9	127	129	6.6	14.6
Seq10070_451_bp_-1_2_4	ENA|BAA05866|BAA05866.1	100.00	3	0	0	3	5	142	144	6.7	14.6
Seq10070_451_bp_-1_2_4	ENA|ABG75784|ABG75784.1	100.00	3	0	0	2	4	244	246	6.8	14.6
Seq10070_451_bp_-1_2_4	ENA|AAR31603|AAR31603.1	100.00	3	0	0	3	5	100	102	7.1	14.6
Seq10070_451_bp_-1_2_4	ENA|AAR37016|AAR37016.1	100.00	4	0	0	4	7	541	544	7.6	17.3
Seq10070_451_bp_-1_2_4	ENA|ABK71357|ABK71357.1	100.00	3	0	0	7	9	118	120	8	14.6
Seq10070_451_bp_-1_2_4	ENA|CAA29956|CAA29956.1	100.00	3	0	0	2	4	25	27	8.1	14.6
Seq10070_451_bp_-1_2_4	ENA|BAA32956|BAA32956.1	100.00	3	0	0	4	6	69	71	9.5	13.5
Seq10070_451_bp_-1_2_4	ENA|CAA36714|CAA36714.1	100.00	3	0	0	2	4	27	29	9.8	14.6
Seq10070_451_bp_-1_2_4	ENA|CAA45199|CAA45199.1	100.00	3	0	0	7	9	254	256	9.9	14.6
