Seq5487_145_bp_1_0_0	ENA|CAA36214|CAA36214.1	80.00	12	2	2	19	30	182	191	0.091	22.7
Seq5487_145_bp_1_0_0	ENA|AAR31603|AAR31603.1	100.00	6	0	1	14	19	92	96	3	17.7
Seq5487_145_bp_1_0_0	ENA|CAL82360|CAL82360.1	71.43	7	2	0	26	32	1047	1053	3.3	19.5
Seq5487_145_bp_1_0_0	ENA|AAA25966|AAA25966.1	83.33	6	1	0	9	14	303	308	3.5	18.6
Seq5487_145_bp_1_0_0	ENA|CAA24711|CAA24711.1	80.00	5	1	0	12	16	140	144	5.4	15.9
Seq5487_145_bp_1_0_0	ENA|AAF79734|AAF79734.1	100.00	4	0	0	16	19	1284	1287	6.8	18.6
Seq5487_145_bp_1_0_0	ENA|CAA43419|CAA43419.1	100.00	3	0	0	18	20	105	107	8.1	16.4
Seq5487_145_bp_1_0_0	ENA|BAB17681|BAB17681.1	100.00	8	0	3	31	35	181	188	8.3	15.9
Seq5487_145_bp_1_1_0	ENA|AAC49865|AAC49865.1	100.00	11	0	0	1	11	22	32	3.2e-12	55.8
Seq5487_145_bp_1_1_0	ENA|CAA29956|CAA29956.1	100.00	4	0	0	1	4	58	61	0.29	19.7
Seq5487_145_bp_1_1_0	ENA|BAB17681|BAB17681.1	100.00	3	0	0	8	10	111	113	1.1	17.2
Seq5487_145_bp_1_1_0	ENA|EDO47375|EDO47375.1	100.00	3	0	0	4	6	123	125	1.7	16.0
Seq5487_145_bp_1_1_0	ENA|CAA28033|CAA28033.1	80.00	5	1	0	2	6	463	467	2.3	18.5
Seq5487_145_bp_1_1_0	ENA|CAA45708|CAA45708.1	100.00	4	0	0	2	5	590	593	2.6	18.5
Seq5487_145_bp_1_1_0	ENA|ABD33854|ABD33854.1	100.00	2	0	0	7	8	43	44	4.6	13.0
Seq5487_145_bp_1_1_0	ENA|ABD49687|ABD49687.1	80.00	5	1	0	1	5	835	839	6.6	17.2
Seq5487_145_bp_1_1_0	ENA|ABN10845|ABN10845.1	100.00	3	0	0	1	3	123	125	6.7	14.2
Seq5487_145_bp_1_1_0	ENA|CAA26939|CAA26939.1	100.00	3	0	0	5	7	333	335	7.6	15.4
Seq5487_145_bp_1_1_0	ENA|BAA05866|BAA05866.1	100.00	3	0	0	1	3	12	14	9.3	14.2
Seq5487_145_bp_1_1_0	ENA|CCP43727|CCP43727.1	100.00	3	0	0	1	3	193	195	9.8	14.2
Seq5487_145_bp_1_1_1	ENA|AAC49865|AAC49865.1	100.00	21	0	0	1	21	39	59	1.6e-20	84.4
Seq5487_145_bp_1_1_1	ENA|ABN10845|ABN10845.1	100.00	4	0	0	7	10	89	92	0.092	21.4
Seq5487_145_bp_1_1_1	ENA|CAA24711|CAA24711.1	85.71	10	1	3	5	14	38	44	0.39	19.0
Seq5487_145_bp_1_1_1	ENA|ABK71357|ABK71357.1	100.00	4	0	0	18	21	257	260	4.3	16.6
Seq5487_145_bp_1_1_1	ENA|BAB17681|BAB17681.1	100.00	9	0	4	6	14	12	16	4.4	16.2
Seq5487_145_bp_1_1_1	ENA|AAC17860|AAC17860.1	100.00	4	0	0	15	18	181	184	6.4	16.2
Seq5487_145_bp_1_1_1	ENA|CAA11507|CAA11507.1	100.00	4	0	0	4	7	1336	1339	7.8	17.6
Seq5487_145_bp_1_2_0	ENA|CAL82360|CAL82360.1	100.00	6	0	0	4	9	255	260	0.058	25.0
Seq5487_145_bp_1_2_0	ENA|ABD33854|ABD33854.1	100.00	3	0	0	14	16	43	45	0.99	16.6
Seq5487_145_bp_1_2_0	ENA|CAA11507|CAA11507.1	100.00	5	0	0	3	7	1351	1355	1.4	20.6
Seq5487_145_bp_1_2_0	ENA|BAB17681|BAB17681.1	100.00	4	0	0	3	6	99	102	4.1	16.6
Seq5487_145_bp_1_2_0	ENA|AAA32624|AAA32624.1	100.00	3	0	0	15	17	198	200	5.5	17.1
Seq5487_145_bp_1_2_0	ENA|CAA26939|CAA26939.1	100.00	3	0	0	15	17	407	409	6	17.1
Seq5487_145_bp_1_2_0	ENA|BAA32956|BAA32956.1	100.00	13	0	5	5	15	145	154	6.2	15.6
Seq5487_145_bp_1_2_0	ENA|BAB79260|BAB79260.1	100.00	4	0	0	2	5	396	399	6.7	16.6
Seq5487_145_bp_1_2_0	ENA|CCP43727|CCP43727.1	80.00	5	1	0	17	21	235	239	6.8	16.1
Seq5487_145_bp_1_2_0	ENA|AAQ92751|AAQ92751.2	80.00	5	1	0	13	17	301	305	7.2	18.1
Seq5487_145_bp_1_2_0	ENA|AAF79734|AAF79734.1	100.00	4	0	0	17	20	478	481	7.6	18.1
Seq5487_145_bp_1_2_0	ENA|CAA36214|CAA36214.1	100.00	3	0	0	9	11	286	288	8.8	15.6
Seq5487_145_bp_1_2_0	ENA|CAA36714|CAA36714.1	100.00	3	0	0	24	26	199	201	9.5	16.1
Seq5487_145_bp_1_2_0	ENA|CAA45199|CAA45199.1	100.00	3	0	0	24	26	24	26	9.5	16.1
Seq5487_145_bp_1_2_1	ENA|AAA42531|AAA42531.1	100.00	4	0	0	9	12	197	200	0.2	20.9
Seq5487_145_bp_1_2_1	ENA|AAR37016|AAR37016.1	100.00	4	0	0	9	12	2233	2236	1.2	20.9
Seq5487_145_bp_1_2_1	ENA|BAA05866|BAA05866.1	100.00	4	0	0	14	17	240	243	1.8	17.4
Seq5487_145_bp_1_2_1	ENA|AAI27517|AAI27517.1	100.00	4	0	0	13	16	201	204	2.3	18.0
Seq5487_145_bp_1_2_1	ENA|AAB66912|AAB66912.1	100.00	4	0	0	12	15	50	53	2.4	18.6
Seq5487_145_bp_1_2_1	ENA|CAA36214|CAA36214.1	100.00	3	0	0	5	7	213	215	2.6	16.9
Seq5487_145_bp_1_2_1	ENA|AAC40132|AAC40132.1	80.00	5	1	0	12	16	144	148	2.7	17.4
Seq5487_145_bp_1_2_1	ENA|BAB17681|BAB17681.1	100.00	3	0	0	9	11	151	153	3.5	16.3
Seq5487_145_bp_1_2_1	ENA|CAA73529|CAA73529.1	100.00	3	0	0	2	4	197	199	3.5	16.3
Seq5487_145_bp_1_2_1	ENA|AAA24145|AAA24145.1	75.00	4	1	0	3	6	127	130	8.4	15.7
Seq5487_145_bp_1_2_1	ENA|AAC08817|AAC08817.1	100.00	2	0	0	7	8	1	2	9.4	13.9
Seq5487_145_bp_-1_0_0	ENA|CAA11507|CAA11507.1	83.33	6	1	0	4	9	325	330	2.1	19.2
Seq5487_145_bp_-1_0_0	ENA|AAC08817|AAC08817.1	100.00	4	0	0	6	9	64	67	2.3	15.9
Seq5487_145_bp_-1_0_0	ENA|CAA45708|CAA45708.1	100.00	7	0	1	5	10	1315	1321	3.2	18.7
Seq5487_145_bp_-1_0_0	ENA|AAR31603|AAR31603.1	100.00	3	0	0	14	16	143	145	3.5	16.4
Seq5487_145_bp_-1_0_0	ENA|EDO47375|EDO47375.1	100.00	3	0	0	9	11	169	171	5.3	14.9
Seq5487_145_bp_-1_0_0	ENA|CAB75732|CAB75732.1	100.00	4	0	0	7	10	111	114	8.5	16.8
Seq5487_145_bp_-1_0_0	ENA|CAA28033|CAA28033.1	100.00	4	0	0	7	10	693	696	9.4	16.8
Seq5487_145_bp_-1_0_0	ENA|AAA36114|AAA36114.1	80.00	5	1	0	6	10	423	427	9.8	15.4
Seq5487_145_bp_-1_0_1	ENA|AAR37016|AAR37016.1	83.33	6	1	0	5	10	1428	1433	0.95	20.4
Seq5487_145_bp_-1_0_1	ENA|AAA36539|AAA36539.1	100.00	4	0	0	3	6	374	377	1.7	17.3
Seq5487_145_bp_-1_0_1	ENA|ACT10338|ACT10338.1	100.00	4	0	0	4	7	317	320	2	16.8
Seq5487_145_bp_-1_0_1	ENA|AAB96524|AAB96524.1	100.00	6	0	1	5	9	67	72	4	14.7
Seq5487_145_bp_-1_0_1	ENA|CAA29968|CAA29968.1	100.00	3	0	0	2	4	30	32	4.2	14.7
Seq5487_145_bp_-1_0_1	ENA|CAL82360|CAL82360.1	100.00	4	0	0	3	6	63	66	4.4	17.3
Seq5487_145_bp_-1_0_1	ENA|CAA28033|CAA28033.1	100.00	4	0	0	6	9	305	308	4.5	17.3
Seq5487_145_bp_-1_0_1	ENA|ACH70901|ACH70901.1	100.00	3	0	0	2	4	94	96	7.5	14.7
Seq5487_145_bp_-1_1_0	ENA|BAA32018|BAA32018.1	75.00	8	2	0	8	15	108	115	0.035	24.6
Seq5487_145_bp_-1_1_0	ENA|CAA45708|CAA45708.1	100.00	5	0	0	17	21	568	572	0.085	24.6
Seq5487_145_bp_-1_1_0	ENA|ABG75784|ABG75784.1	83.33	6	1	0	20	25	292	297	0.11	22.0
Seq5487_145_bp_-1_1_0	ENA|AAB96524|AAB96524.1	100.00	4	0	0	18	21	173	176	0.27	19.9
Seq5487_145_bp_-1_1_0	ENA|AAR37016|AAR37016.1	70.00	10	3	0	1	10	850	859	1.1	21.5
Seq5487_145_bp_-1_1_0	ENA|AAC40132|AAC40132.1	62.50	8	3	0	13	20	94	101	1.4	18.9
Seq5487_145_bp_-1_1_0	ENA|AAC97205|AAC97205.1	100.00	4	0	0	17	20	721	724	1.7	19.9
Seq5487_145_bp_-1_1_0	ENA|BAA32956|BAA32956.1	85.71	10	1	3	11	20	29	35	1.8	17.3
Seq5487_145_bp_-1_1_0	ENA|AAR31603|AAR31603.1	100.00	4	0	0	2	5	134	137	2	17.9
Seq5487_145_bp_-1_1_0	ENA|CAA29956|CAA29956.1	100.00	4	0	0	3	6	333	336	2.2	17.9
Seq5487_145_bp_-1_1_0	ENA|CAA11507|CAA11507.1	100.00	4	0	0	10	13	1265	1268	2.7	19.4
Seq5487_145_bp_-1_1_0	ENA|ABD33854|ABD33854.1	75.00	4	1	0	15	18	37	40	4.6	14.2
Seq5487_145_bp_-1_1_0	ENA|CAA28033|CAA28033.1	100.00	6	0	1	13	18	1067	1071	7.4	17.9
Seq5487_145_bp_-1_1_0	ENA|AAF79734|AAF79734.1	100.00	4	0	0	1	4	1330	1333	8.2	17.9
Seq5487_145_bp_-1_1_1	ENA|AAC49865|AAC49865.1	100.00	5	0	0	6	10	187	191	0.0046	26.2
Seq5487_145_bp_-1_1_1	ENA|AAC40132|AAC40132.1	100.00	4	0	0	1	4	4	7	0.28	20.8
Seq5487_145_bp_-1_1_1	ENA|AAC08817|AAC08817.1	100.00	3	0	0	9	11	98	100	3.9	15.4
Seq5487_145_bp_-1_1_1	ENA|ABK71357|ABK71357.1	100.00	3	0	0	17	19	277	279	4	16.6
Seq5487_145_bp_-1_1_1	ENA|AAB66912|AAB66912.1	100.00	3	0	0	11	13	311	313	4.3	17.8
Seq5487_145_bp_-1_1_1	ENA|AAS77176|AAS77176.1	100.00	3	0	0	16	18	76	78	4.6	16.0
Seq5487_145_bp_-1_1_1	ENA|BAA32956|BAA32956.1	100.00	3	0	0	2	4	135	137	5.1	15.4
Seq5487_145_bp_-1_1_1	ENA|ABD49687|ABD49687.1	100.00	3	0	0	12	14	1062	1064	5.2	18.4
Seq5487_145_bp_-1_1_1	ENA|AAC26660|AAC26660.1	100.00	3	0	0	15	17	12	14	6.2	15.4
Seq5487_145_bp_-1_1_1	ENA|BAB17681|BAB17681.1	100.00	3	0	0	9	11	4	6	6.6	15.4
Seq5487_145_bp_-1_1_1	ENA|AAC78721|AAC78721.1	100.00	3	0	0	17	19	246	248	7	16.6
Seq5487_145_bp_-1_1_1	ENA|AAR37016|AAR37016.1	100.00	3	0	0	10	12	340	342	7	18.4
Seq5487_145_bp_-1_1_1	ENA|AAA72732|AAA72732.1	100.00	3	0	0	9	11	173	175	7.4	15.4
Seq5487_145_bp_-1_1_1	ENA|AAR31603|AAR31603.1	100.00	3	0	0	15	17	213	215	7.8	15.4
Seq5487_145_bp_-1_1_1	ENA|BAA32991|BAA32991.1	100.00	2	0	0	11	12	27	28	8.5	13.0
Seq5487_145_bp_-1_1_1	ENA|AAI27517|AAI27517.1	100.00	3	0	0	7	9	171	173	9.1	16.0
Seq5487_145_bp_-1_1_1	ENA|BAA32018|BAA32018.1	100.00	3	0	0	16	18	261	263	9.6	16.0
Seq5487_145_bp_-1_2_0	ENA|ABG75784|ABG75784.1	100.00	4	0	0	15	18	104	107	0.37	20.8
Seq5487_145_bp_-1_2_0	ENA|ABD33854|ABD33854.1	100.00	3	0	0	16	18	4	6	0.72	17.5
Seq5487_145_bp_-1_2_0	ENA|AAS77176|AAS77176.1	100.00	4	0	0	21	24	4	7	2.3	18.0
Seq5487_145_bp_-1_2_0	ENA|CAA11507|CAA11507.1	85.71	7	1	0	23	29	446	452	5.6	18.9
Seq5487_145_bp_-1_2_0	ENA|AAR31603|AAR31603.1	83.33	8	1	2	4	9	96	103	6.7	16.6
Seq5487_145_bp_-1_2_0	ENA|ABN10845|ABN10845.1	100.00	3	0	0	20	22	21	23	8.4	15.7
Seq5487_145_bp_-1_2_0	ENA|AAI27517|AAI27517.1	100.00	4	0	0	25	28	240	243	8.6	17.1
Seq5487_145_bp_-1_2_0	ENA|AAA36539|AAA36539.1	100.00	4	0	0	5	8	55	58	9.5	16.6
Seq5487_145_bp_-1_2_0	ENA|EDO47375|EDO47375.1	100.00	3	0	0	4	6	107	109	9.9	15.2
