Seq6279_143_bp_1_0_0	ENA|ACH70901|ACH70901.1	100.00	40	0	0	1	40	58	97	6.9e-35	133.1
Seq6279_143_bp_1_0_0	ENA|ABD49687|ABD49687.1	57.14	14	6	0	1	14	330	343	0.81	22.2
Seq6279_143_bp_1_0_0	ENA|CAA36714|CAA36714.1	71.43	7	2	0	26	32	438	444	1.4	19.6
Seq6279_143_bp_1_0_0	ENA|AAA42531|AAA42531.1	37.50	28	15	4	14	37	118	145	1.4	19.2
Seq6279_143_bp_1_0_0	ENA|AAA36539|AAA36539.1	71.43	7	2	0	18	24	232	238	2.2	18.9
Seq6279_143_bp_1_0_0	ENA|AAC17860|AAC17860.1	50.00	26	9	8	15	40	358	375	2.4	18.6
Seq6279_143_bp_1_0_0	ENA|AAB26998|AAB26998.1	80.00	5	1	0	12	16	32	36	2.8	15.9
Seq6279_143_bp_1_0_0	ENA|AAR31603|AAR31603.1	47.62	28	11	7	3	30	165	185	3	17.9
Seq6279_143_bp_1_0_0	ENA|CAA43419|CAA43419.1	85.71	11	1	4	10	16	66	76	5.1	17.3
Seq6279_143_bp_1_0_0	ENA|AAC40132|AAC40132.1	48.00	36	13	11	2	32	276	305	5.3	17.6
Seq6279_143_bp_1_0_0	ENA|CAA45708|CAA45708.1	51.72	41	14	12	1	36	324	357	6.7	18.9
Seq6279_143_bp_1_0_0	ENA|BAA32956|BAA32956.1	80.00	5	1	0	2	6	126	130	7.2	15.9
Seq6279_143_bp_1_0_0	ENA|AAA36114|AAA36114.1	62.50	8	3	0	4	11	22	29	8.6	16.9
Seq6279_143_bp_1_1_0	ENA|AAA32624|AAA32624.1	71.43	15	4	1	6	20	229	242	0.015	25.7
Seq6279_143_bp_1_1_0	ENA|AAR31603|AAR31603.1	77.78	10	2	1	8	17	302	310	0.054	23.2
Seq6279_143_bp_1_1_0	ENA|AAC08817|AAC08817.1	56.25	19	7	3	1	18	4	20	0.25	19.9
Seq6279_143_bp_1_1_0	ENA|AAC97205|AAC97205.1	45.45	11	6	0	16	26	265	275	1.2	20.6
Seq6279_143_bp_1_1_0	ENA|AAR37016|AAR37016.1	50.00	10	5	0	4	13	416	425	1.3	21.4
Seq6279_143_bp_1_1_0	ENA|BAA32956|BAA32956.1	62.50	9	3	1	11	19	163	170	1.5	17.8
Seq6279_143_bp_1_1_0	ENA|ABD49687|ABD49687.1	75.00	15	3	3	6	18	101	114	1.6	20.6
Seq6279_143_bp_1_1_0	ENA|AAF79734|AAF79734.1	58.33	13	5	1	1	13	911	922	1.7	20.3
Seq6279_143_bp_1_1_0	ENA|AAC49865|AAC49865.1	55.56	21	8	3	1	20	99	117	1.8	18.1
Seq6279_143_bp_1_1_0	ENA|AAI27517|AAI27517.1	100.00	8	0	2	11	18	520	525	1.9	18.8
Seq6279_143_bp_1_1_0	ENA|CAL82360|CAL82360.1	81.82	15	2	4	12	22	669	683	2	19.9
Seq6279_143_bp_1_1_0	ENA|CCP43727|CCP43727.1	52.38	31	10	10	5	26	250	279	2.3	17.8
Seq6279_143_bp_1_1_0	ENA|AAA24145|AAA24145.1	66.67	9	3	0	7	15	101	109	2.5	18.1
Seq6279_143_bp_1_1_0	ENA|CAA45708|CAA45708.1	54.55	11	5	0	14	24	177	187	3.8	19.2
Seq6279_143_bp_1_1_0	ENA|ABK71357|ABK71357.1	61.54	17	5	4	4	16	282	298	4.1	17.0
Seq6279_143_bp_1_1_0	ENA|CAA36214|CAA36214.1	50.00	27	10	7	2	22	2	27	4.3	16.7
Seq6279_143_bp_1_1_0	ENA|AAA18786|AAA18786.1	66.67	6	2	0	10	15	65	70	4.8	16.3
Seq6279_143_bp_1_1_0	ENA|CAA28033|CAA28033.1	64.29	17	5	3	12	25	678	694	5.3	18.5
Seq6279_143_bp_1_1_0	ENA|AAB96524|AAB96524.1	66.67	6	2	0	5	10	3	8	5.5	15.6
Seq6279_143_bp_1_1_0	ENA|AAC17860|AAC17860.1	53.85	15	6	2	13	25	191	205	5.8	16.7
Seq6279_143_bp_1_1_0	ENA|AAB66912|AAB66912.1	50.00	12	6	0	5	16	929	940	6.2	17.8
Seq6279_143_bp_1_1_0	ENA|ACH70901|ACH70901.1	44.44	23	10	5	6	23	154	176	6.4	16.3
Seq6279_143_bp_1_1_0	ENA|CAA45199|CAA45199.1	60.00	10	4	0	13	22	173	182	6.6	16.7
Seq6279_143_bp_1_1_0	ENA|CAA11507|CAA11507.1	88.89	11	1	2	1	10	218	227	7	18.1
Seq6279_143_bp_1_1_0	ENA|AAC26660|AAC26660.1	62.50	8	3	0	2	9	136	143	9.4	15.2
Seq6279_143_bp_1_1_0	ENA|CAA73529|CAA73529.1	80.00	5	1	0	6	10	86	90	10	15.2
Seq6279_143_bp_1_2_0	ENA|CAD53387|CAD53387.1	69.23	36	8	10	4	32	451	483	0.00062	31.0
Seq6279_143_bp_1_2_0	ENA|AAB66912|AAB66912.1	55.00	25	9	5	3	23	13	36	0.017	27.1
Seq6279_143_bp_1_2_0	ENA|AAR37016|AAR37016.1	46.67	15	8	0	27	41	157	171	0.11	25.8
Seq6279_143_bp_1_2_0	ENA|AAR37016|AAR37016.1	44.83	32	16	3	7	35	323	354	0.8	22.9
Seq6279_143_bp_1_2_0	ENA|ABK71357|ABK71357.1	57.14	14	6	0	18	31	137	150	0.16	22.6
Seq6279_143_bp_1_2_0	ENA|ABK71357|ABK71357.1	63.64	37	8	15	7	34	324	354	0.49	21.0
Seq6279_143_bp_1_2_0	ENA|AAB96524|AAB96524.1	50.00	29	12	5	14	38	120	147	0.2	21.3
Seq6279_143_bp_1_2_0	ENA|BAA32956|BAA32956.1	90.91	18	1	7	9	21	190	205	0.35	20.6
Seq6279_143_bp_1_2_0	ENA|AAC08817|AAC08817.1	46.15	13	7	0	9	21	121	133	0.51	19.7
Seq6279_143_bp_1_2_0	ENA|AAA36539|AAA36539.1	69.23	15	4	2	27	40	238	251	0.78	20.6
Seq6279_143_bp_1_2_0	ENA|BAA36759|BAA36759.1	55.56	25	8	7	28	46	146	169	1.4	19.0
Seq6279_143_bp_1_2_0	ENA|ABD33854|ABD33854.1	62.50	12	3	4	31	42	49	56	1.9	16.4
Seq6279_143_bp_1_2_0	ENA|AAA18786|AAA18786.1	100.00	5	0	0	30	34	177	181	2.1	18.4
Seq6279_143_bp_1_2_0	ENA|CAA24711|CAA24711.1	85.71	9	1	2	4	10	156	164	2.1	17.7
Seq6279_143_bp_1_2_0	ENA|CAA73529|CAA73529.1	54.55	11	5	0	3	13	148	158	5.1	17.1
Seq6279_143_bp_1_2_0	ENA|CAA36714|CAA36714.1	66.67	26	5	11	24	47	435	451	5.6	17.7
Seq6279_143_bp_1_2_0	ENA|CAA26023|CAA26023.1	66.67	6	2	0	32	37	277	282	5.7	17.4
Seq6279_143_bp_1_2_0	ENA|AAC97205|AAC97205.1	54.55	14	5	3	8	21	56	66	9.1	18.4
Seq6279_143_bp_1_2_0	ENA|ABN10845|ABN10845.1	42.11	25	11	6	20	44	104	122	9.6	15.8
Seq6279_143_bp_-1_0_0	ENA|BAA32991|BAA32991.1	100.00	8	0	2	2	7	33	40	0.21	18.0
Seq6279_143_bp_-1_0_0	ENA|ABK71357|ABK71357.1	71.43	7	2	0	6	12	247	253	0.51	19.2
Seq6279_143_bp_-1_0_0	ENA|AAR31603|AAR31603.1	83.33	6	1	0	6	11	292	297	0.76	18.4
Seq6279_143_bp_-1_0_0	ENA|AAI27517|AAI27517.1	60.00	12	4	2	1	10	397	408	1.4	18.4
Seq6279_143_bp_-1_0_0	ENA|ABD49687|ABD49687.1	70.00	12	3	2	3	14	793	802	2.3	19.2
Seq6279_143_bp_-1_0_0	ENA|AAA42531|AAA42531.1	57.14	7	3	0	1	7	146	152	3.2	16.5
Seq6279_143_bp_-1_0_0	ENA|ABG75784|ABG75784.1	50.00	8	4	0	7	14	241	248	3.4	16.1
Seq6279_143_bp_-1_0_0	ENA|AAC97205|AAC97205.1	55.56	9	4	0	4	12	472	480	3.6	18.0
Seq6279_143_bp_-1_0_0	ENA|AAB26998|AAB26998.1	50.00	13	5	3	2	14	36	45	5.2	13.5
Seq6279_143_bp_-1_0_0	ENA|AAR37016|AAR37016.1	83.33	7	1	1	8	13	12	18	5.2	18.4
Seq6279_143_bp_-1_0_0	ENA|CAB75732|CAB75732.1	62.50	8	3	0	3	10	496	503	5.6	17.3
Seq6279_143_bp_-1_0_0	ENA|AAA24145|AAA24145.1	83.33	7	1	1	3	8	160	166	6.3	15.8
Seq6279_143_bp_-1_0_0	ENA|ABN10845|ABN10845.1	60.00	13	4	3	3	13	80	91	6.5	14.6
Seq6279_143_bp_-1_0_0	ENA|ACT10338|ACT10338.1	75.00	4	1	0	10	13	300	303	6.9	15.4
Seq6279_143_bp_-1_0_0	ENA|EDO47375|EDO47375.1	75.00	4	1	0	2	5	141	144	9.2	13.9
Seq6279_143_bp_-1_0_1	ENA|AAA36539|AAA36539.1	46.15	14	7	1	4	17	419	431	0.32	20.7
Seq6279_143_bp_-1_0_1	ENA|AAB26998|AAB26998.1	41.67	13	7	1	3	15	14	25	0.6	17.2
Seq6279_143_bp_-1_0_1	ENA|CAA26023|CAA26023.1	60.00	11	4	1	8	18	15	24	2.2	17.6
Seq6279_143_bp_-1_0_1	ENA|ABD33854|ABD33854.1	83.33	7	1	1	10	15	58	64	3.3	14.4
Seq6279_143_bp_-1_0_1	ENA|AAA24145|AAA24145.1	55.56	9	4	0	2	10	160	168	3.4	17.2
Seq6279_143_bp_-1_0_1	ENA|CAA36214|CAA36214.1	66.67	6	2	0	3	8	174	179	3.7	16.5
Seq6279_143_bp_-1_0_1	ENA|AAI27517|AAI27517.1	57.14	7	3	0	2	8	181	187	4.3	17.2
Seq6279_143_bp_-1_0_1	ENA|CAA36714|CAA36714.1	41.67	12	7	0	9	20	413	424	4.4	16.8
Seq6279_143_bp_-1_0_1	ENA|AAB96524|AAB96524.1	62.50	8	3	0	13	20	84	91	4.6	15.4
Seq6279_143_bp_-1_0_1	ENA|AAR31603|AAR31603.1	40.00	11	6	1	1	10	80	90	5	16.1
Seq6279_143_bp_-1_0_1	ENA|AAR37016|AAR37016.1	85.71	10	1	3	3	9	1022	1031	6.4	18.6
Seq6279_143_bp_-1_0_1	ENA|AAC08817|AAC08817.1	50.00	8	4	0	13	20	61	68	7.8	14.4
Seq6279_143_bp_-1_0_1	ENA|AAC26660|AAC26660.1	50.00	6	3	0	7	12	56	61	7.8	15.1
Seq6279_143_bp_-1_0_1	ENA|BAA32956|BAA32956.1	75.00	12	2	4	1	9	149	159	8.2	14.7
Seq6279_143_bp_-1_0_1	ENA|CAD53387|CAD53387.1	100.00	4	0	0	13	16	470	473	9.3	15.8
Seq6279_143_bp_-1_0_1	ENA|ABD49687|ABD49687.1	50.00	10	5	0	8	17	118	127	9.4	17.6
Seq6279_143_bp_-1_0_1	ENA|ABG75784|ABG75784.1	42.86	7	4	0	13	19	130	136	9.4	15.1
Seq6279_143_bp_-1_0_1	ENA|AAQ92751|AAQ92751.2	60.00	10	4	0	1	10	614	623	9.7	17.2
Seq6279_143_bp_-1_0_2	ENA|AAA42531|AAA42531.1	71.43	7	2	0	1	7	307	313	1.2	17.6
Seq6279_143_bp_-1_0_2	ENA|BAA32018|BAA32018.1	60.00	10	4	0	2	11	170	179	2	17.6
Seq6279_143_bp_-1_0_2	ENA|CAA11507|CAA11507.1	62.50	8	3	0	4	11	5	12	3.3	18.0
Seq6279_143_bp_-1_0_2	ENA|AAA24145|AAA24145.1	57.14	7	3	0	4	10	154	160	3.9	16.2
Seq6279_143_bp_-1_0_2	ENA|ABN10845|ABN10845.1	66.67	8	2	2	1	8	22	27	4.9	14.7
Seq6279_143_bp_-1_0_2	ENA|AAA36539|AAA36539.1	71.43	9	2	2	1	7	21	29	6.4	15.4
Seq6279_143_bp_-1_1_0	ENA|BAA32018|BAA32018.1	75.00	11	2	3	1	8	606	616	0.68	19.4
Seq6279_143_bp_-1_1_0	ENA|CAD53387|CAD53387.1	72.73	13	3	2	3	13	30	42	0.91	18.6
Seq6279_143_bp_-1_1_0	ENA|BAA32956|BAA32956.1	75.00	11	2	3	3	13	202	209	3	15.7
Seq6279_143_bp_-1_1_0	ENA|AAB66912|AAB66912.1	70.00	14	3	4	1	10	257	270	5.9	16.8
Seq6279_143_bp_-1_1_0	ENA|CAA26023|CAA26023.1	80.00	5	1	0	6	10	366	370	6.7	15.3
Seq6279_143_bp_-1_1_0	ENA|AAC17860|AAC17860.1	71.43	8	2	1	6	12	137	144	7.2	15.3
Seq6279_143_bp_-1_1_0	ENA|EDO47375|EDO47375.1	100.00	6	0	1	8	12	30	35	9.1	13.8
Seq6279_143_bp_-1_1_1	ENA|AAA32624|AAA32624.1	83.33	8	1	2	1	8	303	308	2	17.7
Seq6279_143_bp_-1_1_1	ENA|ABD49687|ABD49687.1	75.00	9	2	1	6	13	460	468	3.3	18.6
Seq6279_143_bp_-1_1_1	ENA|ABD33854|ABD33854.1	57.14	7	3	0	1	7	44	50	3.9	13.6
Seq6279_143_bp_-1_1_1	ENA|EDO47375|EDO47375.1	50.00	12	5	2	4	13	153	164	3.9	15.2
Seq6279_143_bp_-1_1_1	ENA|AAB96524|AAB96524.1	71.43	8	2	1	1	7	62	69	5.8	14.6
Seq6279_143_bp_-1_1_1	ENA|CAD53387|CAD53387.1	83.33	6	1	0	8	13	44	49	9.8	15.2
Seq6279_143_bp_-1_1_2	ENA|AAC08817|AAC08817.1	75.00	12	2	4	2	9	146	157	1.2	16.4
Seq6279_143_bp_-1_1_2	ENA|ABD33854|ABD33854.1	100.00	3	0	0	10	12	51	53	1.7	14.6
Seq6279_143_bp_-1_1_2	ENA|BAA32956|BAA32956.1	75.00	4	1	0	8	11	77	80	7.1	14.2
Seq6279_143_bp_-1_1_2	ENA|AAR37016|AAR37016.1	71.43	10	2	3	6	12	1184	1193	8.1	17.5
Seq6279_143_bp_-1_1_2	ENA|CAA26939|CAA26939.1	75.00	10	2	2	2	11	491	498	8.9	15.3
Seq6279_143_bp_-1_2_0	ENA|BAA05866|BAA05866.1	85.71	8	1	1	17	23	191	198	1.2	18.5
Seq6279_143_bp_-1_2_0	ENA|BAB79260|BAB79260.1	63.64	12	4	1	6	17	59	69	2.2	18.1
Seq6279_143_bp_-1_2_0	ENA|AAC78721|AAC78721.1	60.00	17	6	2	8	22	453	469	2.6	18.5
Seq6279_143_bp_-1_2_0	ENA|AAA36539|AAA36539.1	55.56	9	4	0	12	20	379	387	3	17.8
Seq6279_143_bp_-1_2_0	ENA|AAF79734|AAF79734.1	54.55	11	5	0	4	14	981	991	3.3	19.2
Seq6279_143_bp_-1_2_0	ENA|BAA36759|BAA36759.1	44.44	18	10	0	8	25	47	64	3.8	16.7
Seq6279_143_bp_-1_2_0	ENA|CAA28033|CAA28033.1	52.63	23	9	4	4	24	605	625	3.8	18.9
Seq6279_143_bp_-1_2_0	ENA|CAA29956|CAA29956.1	83.33	6	1	0	1	6	186	191	3.9	17.0
Seq6279_143_bp_-1_2_0	ENA|BAA32018|BAA32018.1	85.71	8	1	1	1	7	5	12	3.9	17.8
Seq6279_143_bp_-1_2_0	ENA|AAA42531|AAA42531.1	100.00	7	0	1	1	6	363	369	5.1	16.7
Seq6279_143_bp_-1_2_0	ENA|CAA11507|CAA11507.1	83.33	6	1	0	20	25	1366	1371	6.4	18.1
Seq6279_143_bp_-1_2_0	ENA|AAR37016|AAR37016.1	71.43	7	2	0	1	7	1778	1784	6.7	18.9
Seq6279_143_bp_-1_2_0	ENA|CAB75732|CAB75732.1	53.85	15	6	2	10	24	801	813	7	17.8
Seq6279_143_bp_-1_2_0	ENA|CAA36214|CAA36214.1	66.67	6	2	0	4	9	168	173	8.2	15.6
Seq6279_143_bp_-1_2_0	ENA|CAA24711|CAA24711.1	57.14	7	3	0	13	19	19	25	9.7	14.5
Seq6279_143_bp_-1_2_0	ENA|CAA43419|CAA43419.1	36.36	11	7	0	14	24	120	130	9.7	15.6
Seq6279_143_bp_-1_2_1	ENA|ABN10845|ABN10845.1	54.55	12	5	1	10	20	166	177	0.19	20.4
Seq6279_143_bp_-1_2_1	ENA|CAA45708|CAA45708.1	53.85	13	6	0	1	13	357	369	0.21	23.1
Seq6279_143_bp_-1_2_1	ENA|CAA45199|CAA45199.1	63.64	14	4	3	2	12	329	342	0.25	21.1
Seq6279_143_bp_-1_2_1	ENA|AAR31603|AAR31603.1	55.56	9	4	0	8	16	298	306	0.38	20.0
Seq6279_143_bp_-1_2_1	ENA|AAC40132|AAC40132.1	88.89	13	1	4	7	18	191	200	0.43	20.4
Seq6279_143_bp_-1_2_1	ENA|BAB79260|BAB79260.1	53.33	15	7	0	1	15	401	415	0.69	19.6
Seq6279_143_bp_-1_2_1	ENA|CAB75732|CAB75732.1	55.56	9	4	0	6	14	552	560	0.79	20.7
Seq6279_143_bp_-1_2_1	ENA|BAA05866|BAA05866.1	100.00	4	0	0	13	16	282	285	0.8	18.8
Seq6279_143_bp_-1_2_1	ENA|AAA36539|AAA36539.1	66.67	14	3	5	8	16	439	452	0.94	19.2
Seq6279_143_bp_-1_2_1	ENA|BAA32018|BAA32018.1	45.45	11	6	0	5	15	245	255	0.95	19.6
Seq6279_143_bp_-1_2_1	ENA|AAB66912|AAB66912.1	85.71	10	1	3	7	16	13	19	1.4	19.6
Seq6279_143_bp_-1_2_1	ENA|CAA11507|CAA11507.1	75.00	8	2	0	7	14	425	432	1.6	20.0
Seq6279_143_bp_-1_2_1	ENA|CAA43419|CAA43419.1	50.00	22	8	6	6	21	18	39	1.6	18.0
Seq6279_143_bp_-1_2_1	ENA|CAA36714|CAA36714.1	40.00	20	12	0	2	21	73	92	2	18.0
Seq6279_143_bp_-1_2_1	ENA|ABD49687|ABD49687.1	62.50	8	3	0	9	16	1097	1104	3.3	19.2
Seq6279_143_bp_-1_2_1	ENA|AAB26998|AAB26998.1	100.00	8	0	3	10	17	16	20	4.9	14.2
Seq6279_143_bp_-1_2_1	ENA|ACH70901|ACH70901.1	62.50	10	3	2	6	13	273	282	5.8	16.1
Seq6279_143_bp_-1_2_1	ENA|CAA26023|CAA26023.1	58.33	17	5	5	6	20	370	383	6.2	16.1
Seq6279_143_bp_-1_2_1	ENA|AAA36114|AAA36114.1	80.00	5	1	0	16	20	118	122	6.3	16.5
Seq6279_143_bp_-1_2_1	ENA|AAA32624|AAA32624.1	85.71	9	1	2	6	14	381	387	6.4	16.5
Seq6279_143_bp_-1_2_1	ENA|AAC97205|AAC97205.1	62.50	9	3	1	9	16	489	497	6.8	17.7
Seq6279_143_bp_-1_2_1	ENA|AAC49865|AAC49865.1	57.14	7	3	0	5	11	137	143	6.9	15.7
Seq6279_143_bp_-1_2_1	ENA|AAA18786|AAA18786.1	53.85	20	6	7	4	16	48	67	7.3	15.3
Seq6279_143_bp_-1_2_1	ENA|AAQ92751|AAQ92751.2	85.71	9	1	2	2	8	848	856	7.5	17.7
Seq6279_143_bp_-1_2_1	ENA|ABK71357|ABK71357.1	100.00	3	0	0	14	16	46	48	7.7	15.7
Seq6279_143_bp_-1_2_1	ENA|ACT10338|ACT10338.1	60.00	10	4	0	11	20	380	389	8	15.7
Seq6279_143_bp_-1_2_1	ENA|CAA26939|CAA26939.1	100.00	4	0	0	11	14	432	435	8.9	16.1
Seq6279_143_bp_-1_2_1	ENA|AAR37016|AAR37016.1	44.44	9	5	0	8	16	1023	1031	9.6	18.0
Seq6279_143_bp_-1_2_1	ENA|AAB03707|AAB03707.1	50.00	10	5	0	9	18	1287	1296	9.6	17.3
