Seq7937_207_bp_1_0_0	AAR37016.1	60.00	10	4	0	9	18	1462	1471	0.32	23.8
Seq7937_207_bp_1_0_0	AAA26915.1	53.33	15	7	0	20	34	69	83	0.85	20.0
Seq7937_207_bp_1_0_0	CAA04196.1	50.00	8	4	0	14	21	366	373	1.5	19.1
Seq7937_207_bp_1_0_0	AII71783.1	36.00	26	16	1	7	32	148	172	1.5	18.6
Seq7937_207_bp_1_0_0	BAA32018.1	35.71	14	9	0	21	34	390	403	1.6	19.5
Seq7937_207_bp_1_0_0	AAA18786.1	100.00	4	0	0	8	11	101	104	3.3	17.2
Seq7937_207_bp_1_0_0	AAB96524.1	57.14	7	3	0	8	14	92	98	4.4	16.3
Seq7937_207_bp_1_0_0	ACT10338.1	50.00	11	5	1	1	11	34	43	4.8	17.2
Seq7937_207_bp_1_0_0	AAC97205.1	50.00	8	4	0	1	8	993	1000	5.7	18.6
Seq7937_207_bp_1_0_0	CAA73529.1	37.50	8	5	0	14	21	207	214	6.4	16.3
Seq7937_207_bp_1_0_0	AAC17860.1	50.00	6	3	0	8	13	329	334	6.9	16.7
Seq7937_207_bp_1_0_0	ABN10845.1	50.00	14	7	0	2	15	18	31	7	15.8
Seq7937_207_bp_1_0_0	AAA25966.1	50.00	8	4	0	1	8	96	103	8.6	17.2
Seq7937_207_bp_1_0_0	AAH69556.1	83.33	7	1	1	11	16	275	281	9.5	15.8
Seq7937_207_bp_1_0_1	BAB79260.1	50.00	8	4	0	2	9	383	390	1.7	17.9
Seq7937_207_bp_1_0_1	ACH70904.1	35.71	14	9	0	1	14	80	93	1.9	17.4
Seq7937_207_bp_1_0_1	AAC17860.1	50.00	8	4	0	7	14	405	412	3.1	16.8
Seq7937_207_bp_1_0_1	AAA25966.1	36.36	11	7	0	6	16	170	180	3.8	17.4
Seq7937_207_bp_1_0_1	AAA18786.1	57.14	7	3	0	9	15	109	115	4.2	15.8
Seq7937_207_bp_1_0_1	CAA43372.1	66.67	6	2	0	6	11	305	310	6.4	15.8
Seq7937_207_bp_1_0_1	ABN10845.1	75.00	4	1	0	5	8	194	197	7	14.7
Seq7937_207_bp_1_1_0	BAB79260.1	100.00	68	0	0	1	68	368	435	4.9e-50	184.6
Seq7937_207_bp_1_1_0	AAC97205.1	63.16	23	7	4	43	65	758	776	0.04	26.8
Seq7937_207_bp_1_1_0	ABD49687.1	35.00	21	13	1	10	30	1347	1366	2.5	21.3
Seq7937_207_bp_1_1_0	ABN10845.1	100.00	5	0	0	18	22	193	197	4.1	17.6
Seq7937_207_bp_1_1_0	EDO47375.1	33.33	9	6	0	41	49	127	135	6.6	16.7
Seq7937_207_bp_1_1_0	ABG75784.1	45.45	11	6	0	42	52	86	96	7.9	17.1
Seq7937_207_bp_1_1_0	CAA73529.1	57.14	7	3	0	27	33	39	45	9.4	16.7
Seq7937_207_bp_1_1_0	AAA45888.1	40.00	10	6	0	53	62	142	151	9.5	17.1
Seq7937_207_bp_1_2_0	AAA42531.1	43.75	16	9	0	21	36	268	283	0.49	21.0
Seq7937_207_bp_1_2_0	BAA32018.1	100.00	5	0	0	30	34	550	554	4.6	18.5
Seq7937_207_bp_1_2_0	AAA26915.1	57.14	10	3	3	36	45	431	437	4.8	18.0
Seq7937_207_bp_1_2_0	ACH70904.1	55.56	9	4	0	35	43	98	106	5.3	17.4
Seq7937_207_bp_1_2_0	AAH69556.1	57.14	7	3	0	22	28	15	21	6.4	16.9
Seq7937_207_bp_1_2_0	AAX84812.1	35.71	14	9	0	24	37	51	64	6.9	16.4
Seq7937_207_bp_1_2_0	BAB70780.1	40.00	15	9	0	14	28	109	123	7	17.4
Seq7937_207_bp_1_2_0	AAA32624.1	42.86	14	8	0	35	48	392	405	7.6	17.4
Seq7937_207_bp_1_2_0	ABK71357.1	25.00	16	12	0	9	24	59	74	7.7	16.9
Seq7937_207_bp_1_2_0	AAB96524.1	40.00	5	3	0	40	44	58	62	7.8	15.9
Seq7937_207_bp_1_2_0	AAR37016.1	80.00	5	1	0	14	18	964	968	8.1	19.5
Seq7937_207_bp_1_2_0	AAA23282.1	33.33	15	10	0	17	31	297	311	8.2	17.4
Seq7937_207_bp_1_2_0	AAA72732.1	30.00	21	14	1	2	22	212	231	9.1	16.4
Seq7937_207_bp_1_2_0	AEE27845.1	50.00	8	4	0	16	23	13	20	9.7	18.5
Seq7937_207_bp_1_2_1	AAA18786.1	40.00	10	6	0	8	17	90	99	2.2	17.0
Seq7937_207_bp_1_2_1	BAA32018.1	44.44	9	5	0	9	17	334	342	2.3	18.2
Seq7937_207_bp_1_2_1	CAA43372.1	100.00	4	0	0	14	17	402	405	3.4	17.0
Seq7937_207_bp_1_2_1	AAC17860.1	71.43	7	2	0	1	7	197	203	4.9	16.4
Seq7937_207_bp_1_2_1	AAQ92751.2	42.86	14	8	0	6	19	1141	1154	5	18.2
Seq7937_207_bp_1_2_1	BAA32991.1	100.00	2	0	0	18	19	28	29	6	13.5
Seq7937_207_bp_1_2_1	ABK71357.1	28.57	14	10	0	2	15	325	338	6.5	15.8
Seq7937_207_bp_1_2_1	AAB96524.1	53.33	15	7	0	1	15	50	64	7.2	14.7
Seq7937_207_bp_1_2_1	ABD33854.1	27.27	11	8	0	5	15	24	34	8.1	12.9
Seq7937_207_bp_1_2_1	AAF01122.1	66.67	6	2	0	12	17	69	74	9.5	15.3
Seq7937_207_bp_-1_0_0	AAR37016.1	57.14	14	6	0	6	19	1318	1331	0.13	24.9
Seq7937_207_bp_-1_0_0	AAC17860.1	44.83	30	16	1	1	30	267	295	0.73	19.9
Seq7937_207_bp_-1_0_0	CAA74140.1	38.46	13	8	0	18	30	542	554	1.1	20.6
Seq7937_207_bp_-1_0_0	BAB79260.1	44.44	9	5	0	14	22	412	420	1.2	19.3
Seq7937_207_bp_-1_0_0	AAR31603.1	31.58	19	13	0	2	20	243	261	1.4	18.7
Seq7937_207_bp_-1_0_0	AAI27517.1	62.50	8	3	0	15	22	105	112	1.6	19.3
Seq7937_207_bp_-1_0_0	AAB96524.1	42.11	19	11	0	12	30	35	53	1.8	17.4
Seq7937_207_bp_-1_0_0	AAA24142.1	40.00	10	6	0	10	19	327	336	1.9	18.7
Seq7937_207_bp_-1_0_0	AAA65607.1	41.67	12	7	0	6	17	2	13	2.4	18.0
Seq7937_207_bp_-1_0_0	AAC08817.1	44.44	9	5	0	5	13	81	89	2.5	16.8
Seq7937_207_bp_-1_0_0	AAB64315.2	25.00	16	12	0	1	16	217	232	4.9	16.8
Seq7937_207_bp_-1_0_0	ABN10845.1	35.71	14	9	0	16	29	130	143	5	16.2
Seq7937_207_bp_-1_0_0	ACH70904.1	50.00	8	4	0	9	16	6	13	5.4	16.8
Seq7937_207_bp_-1_0_0	BAB17681.1	44.44	9	5	0	21	29	151	159	6.2	16.2
Seq7937_207_bp_-1_0_0	AIR13712.1	32.00	25	17	0	4	28	87	111	7.4	16.2
Seq7937_207_bp_-1_0_0	AAA23282.1	36.36	11	7	0	8	18	65	75	8.2	16.8
Seq7937_207_bp_-1_0_0	ABK71357.1	100.00	4	0	0	27	30	231	234	8.3	16.2
Seq7937_207_bp_-1_0_0	AAA32376.1	55.56	9	4	0	13	21	163	171	9.1	14.9
Seq7937_207_bp_-1_0_0	AAC78721.1	38.46	13	8	0	3	15	639	651	9.6	16.8
Seq7937_207_bp_-1_0_1	CAA74140.1	50.00	10	5	0	4	13	152	161	0.13	22.3
Seq7937_207_bp_-1_0_1	AAA18786.1	44.44	9	5	0	5	13	40	48	0.8	17.9
Seq7937_207_bp_-1_0_1	AAF01122.1	37.50	8	5	0	2	9	123	130	2.4	16.8
Seq7937_207_bp_-1_0_1	BAB17681.1	60.00	5	2	0	4	8	217	221	2.5	16.3
Seq7937_207_bp_-1_0_1	AAC17860.1	100.00	4	0	0	6	9	168	171	2.6	16.8
Seq7937_207_bp_-1_0_1	AAR37016.1	25.00	8	6	0	3	10	56	63	4.6	18.5
Seq7937_207_bp_-1_0_1	CAA26230.1	75.00	4	1	0	5	8	392	395	5	16.3
Seq7937_207_bp_-1_0_1	AAA24142.1	100.00	3	0	0	5	7	205	207	5.9	15.7
Seq7937_207_bp_-1_0_1	AAR31603.1	80.00	5	1	0	9	13	10	14	6.3	15.2
Seq7937_207_bp_-1_0_1	AAB26998.1	66.67	3	1	0	5	7	46	48	6.8	13.0
Seq7937_207_bp_-1_0_1	ABD49687.1	42.86	7	4	0	1	7	1670	1676	7.1	17.4
Seq7937_207_bp_-1_0_1	ABL74574.1	33.33	6	4	0	6	11	276	281	7.9	14.6
Seq7937_207_bp_-1_0_1	AAC08817.1	40.00	5	3	0	2	6	1	5	9.5	13.5
Seq7937_207_bp_-1_0_2	AAQ92751.2	50.00	8	4	0	3	10	240	247	0.24	21.9
Seq7937_207_bp_-1_0_2	CAA74140.1	54.55	11	5	0	1	11	520	530	0.27	21.2
Seq7937_207_bp_-1_0_2	ABK71357.1	57.14	7	3	0	1	7	43	49	0.51	18.9
Seq7937_207_bp_-1_0_2	ABD49687.1	45.45	11	6	0	2	12	199	209	0.83	20.4
Seq7937_207_bp_-1_0_2	AAI27517.1	25.00	12	9	0	1	12	389	400	1.4	18.2
Seq7937_207_bp_-1_0_2	AAX84812.1	60.00	5	2	0	1	5	94	98	1.5	16.7
Seq7937_207_bp_-1_0_2	AAR37016.1	37.50	8	5	0	3	10	1179	1186	1.9	19.7
Seq7937_207_bp_-1_0_2	BAA32991.1	75.00	4	1	0	7	10	45	48	2.1	14.4
Seq7937_207_bp_-1_0_2	AIR13712.1	44.44	9	5	0	4	12	288	296	2.1	16.7
Seq7937_207_bp_-1_0_2	CAA26230.1	80.00	5	1	0	2	6	540	544	2.1	17.4
Seq7937_207_bp_-1_0_2	AAA25966.1	100.00	4	0	0	2	5	720	723	4.6	16.7
Seq7937_207_bp_-1_0_2	AAR31603.1	66.67	6	2	0	4	9	273	278	5.8	15.2
Seq7937_207_bp_-1_0_2	AAC17860.1	57.14	7	3	0	3	9	219	225	7.1	15.2
Seq7937_207_bp_-1_0_2	AAA18786.1	80.00	5	1	0	5	9	217	221	7.7	14.4
Seq7937_207_bp_-1_0_2	BAB79260.1	50.00	6	3	0	7	12	323	328	7.8	15.2
Seq7937_207_bp_-1_0_2	ABS38337.1	66.67	6	2	0	3	8	215	220	7.8	16.7
Seq7937_207_bp_-1_0_2	BAB17681.1	44.44	9	5	0	1	9	68	76	7.9	14.4
Seq7937_207_bp_-1_0_2	CAA45199.1	42.86	7	4	0	4	10	241	247	8.1	15.2
Seq7937_207_bp_-1_0_2	CAD53387.1	57.14	7	3	0	1	7	465	471	8.6	15.2
Seq7937_207_bp_-1_0_2	AII71783.1	60.00	5	2	0	4	8	126	130	8.8	14.4
Seq7937_207_bp_-1_0_2	AAB96524.1	60.00	5	2	0	1	5	84	88	8.9	13.7
Seq7937_207_bp_-1_0_2	AAA24969.1	50.00	6	3	0	1	6	1141	1146	9.2	16.7
Seq7937_207_bp_-1_1_0	ABG75784.1	80.00	5	1	0	12	16	192	196	1.7	17.7
Seq7937_207_bp_-1_1_0	AAA32624.1	50.00	6	3	0	13	18	117	122	2.9	17.7
Seq7937_207_bp_-1_1_0	AAA36565.1	42.86	7	4	0	13	19	69	75	2.9	16.0
Seq7937_207_bp_-1_1_0	AAA42531.1	41.67	12	7	0	8	19	12	23	3.1	17.1
Seq7937_207_bp_-1_1_0	AAA25966.1	42.86	14	8	0	2	15	109	122	5.7	17.1
Seq7937_207_bp_-1_1_0	EDO47375.1	57.14	7	3	0	13	19	3	9	6.9	14.9
Seq7937_207_bp_-1_1_0	BAA32991.1	75.00	4	1	0	11	14	1	4	8	13.2
Seq7937_207_bp_-1_1_0	AAB26998.1	50.00	4	2	0	12	15	44	47	9	13.2
Seq7937_207_bp_-1_1_0	AAF01122.1	25.00	16	12	0	5	20	15	30	9.2	15.5
Seq7937_207_bp_-1_1_0	AAC17860.1	37.50	8	5	0	14	21	315	322	9.9	15.5
Seq7937_207_bp_-1_1_1	AAA25966.1	53.85	13	6	0	2	14	240	252	1.6	19.1
Seq7937_207_bp_-1_1_1	AAA42531.1	45.45	11	6	0	11	21	282	292	1.8	18.1
Seq7937_207_bp_-1_1_1	AAC08817.1	60.00	5	2	0	15	19	161	165	3.5	15.9
Seq7937_207_bp_-1_1_1	AAA45888.1	57.14	7	3	0	16	22	71	77	3.8	17.0
Seq7937_207_bp_-1_1_1	AAB96524.1	56.25	18	7	2	4	20	67	83	3.9	15.9
Seq7937_207_bp_-1_1_1	CAA43372.1	37.50	16	10	0	6	21	197	212	4.1	17.0
Seq7937_207_bp_-1_1_1	BAB70780.1	36.36	11	7	0	9	19	375	385	4.8	17.0
Seq7937_207_bp_-1_1_1	AAX84812.1	100.00	4	0	0	1	4	109	112	4.8	15.9
Seq7937_207_bp_-1_1_1	AII71783.1	62.50	8	3	0	4	11	237	244	6.3	15.9
Seq7937_207_bp_-1_1_1	BAB79260.1	83.33	6	1	0	11	16	129	134	6.4	16.4
Seq7937_207_bp_-1_1_1	AAA32376.1	57.14	7	3	0	3	9	32	38	7.5	14.8
Seq7937_207_bp_-1_1_1	AAA18786.1	27.27	11	8	0	8	18	149	159	7.9	15.3
Seq7937_207_bp_-1_2_0	ABD49687.1	55.56	9	4	0	5	13	443	451	2.1	19.8
Seq7937_207_bp_-1_2_0	CAA11507.1	28.57	14	10	0	6	19	452	465	2.4	19.2
Seq7937_207_bp_-1_2_0	AAA65607.1	71.43	7	2	0	4	10	54	60	3.8	16.6
Seq7937_207_bp_-1_2_0	AAF01122.1	38.46	13	8	0	5	17	126	138	7.8	15.6
Seq7937_207_bp_-1_2_0	ABG75784.1	50.00	8	4	0	9	16	160	167	9.2	15.0
Seq7937_207_bp_-1_2_0	AAX84812.1	80.00	5	1	0	11	15	95	99	9.8	14.5
Seq7937_207_bp_-1_2_1	CAA04196.1	71.43	7	2	0	2	8	10	16	0.39	19.9
Seq7937_207_bp_-1_2_1	BAA32018.1	54.55	11	5	0	2	12	152	162	0.4	20.5
Seq7937_207_bp_-1_2_1	AAI27517.1	66.67	6	2	0	3	8	484	489	1.2	18.8
Seq7937_207_bp_-1_2_1	CAA74140.1	33.33	12	8	0	2	13	787	798	1.3	19.3
Seq7937_207_bp_-1_2_1	BAA32956.1	27.27	11	8	0	1	11	65	75	1.4	17.1
Seq7937_207_bp_-1_2_1	BAB79260.1	42.86	7	4	0	2	8	334	340	2.9	17.1
Seq7937_207_bp_-1_2_1	AAA25966.1	44.44	9	5	0	8	16	546	554	6.5	16.5
Seq7937_207_bp_-1_2_1	ACH70904.1	35.71	14	9	0	2	15	58	71	7	15.4
Seq7937_207_bp_-1_2_1	ABD49687.1	50.00	10	5	0	7	16	481	490	7.1	17.7
Seq7937_207_bp_-1_2_1	AAR37016.1	33.33	12	8	0	3	14	816	827	9.5	17.7
Seq7937_207_bp_-1_2_2	AAI27517.1	46.67	15	8	0	4	18	307	321	0.06	24.1
Seq7937_207_bp_-1_2_2	BAA32991.1	27.27	11	8	0	8	18	58	68	0.37	18.3
Seq7937_207_bp_-1_2_2	EDO47375.1	50.00	8	4	0	8	15	147	154	0.68	18.9
Seq7937_207_bp_-1_2_2	AAR31603.1	42.86	7	4	0	17	23	116	122	1.2	18.9
Seq7937_207_bp_-1_2_2	CAA45199.1	42.86	7	4	0	25	31	221	227	1.7	18.9
Seq7937_207_bp_-1_2_2	AAB64315.2	44.44	9	5	0	11	19	290	298	3.8	17.2
Seq7937_207_bp_-1_2_2	AAA32624.1	57.14	7	3	0	23	29	303	309	4	17.8
Seq7937_207_bp_-1_2_2	AAA65607.1	33.33	12	8	0	9	20	215	226	4.2	17.2
Seq7937_207_bp_-1_2_2	AAC97205.1	35.29	18	11	1	5	22	540	556	4.3	18.9
Seq7937_207_bp_-1_2_2	AAA72732.1	80.00	5	1	0	26	30	68	72	7.6	16.1
Seq7937_207_bp_-1_2_2	AAR37016.1	46.15	14	7	1	4	16	1181	1194	7.9	18.9
Seq7937_207_bp_-1_2_2	AAX84812.1	60.00	5	2	0	10	14	131	135	8.3	15.5
Seq7937_207_bp_-1_2_2	AAB26998.1	57.14	7	3	0	25	31	60	66	9.2	13.8
Seq7937_207_bp_-1_2_2	BAB17681.1	41.67	13	7	1	18	30	117	128	9.7	15.5
Seq7937_207_bp_-1_2_2	CAA11507.1	66.67	6	2	0	26	31	1036	1041	9.9	17.8
