Seq7473_211_bp_1_0_0	AII71783.1	44.44	9	5	0	4	12	291	299	1.9	16.8
Seq7473_211_bp_1_0_0	ABS38337.1	33.33	12	8	0	1	12	373	384	2	18.7
Seq7473_211_bp_1_0_0	AAF01122.1	80.00	5	1	0	4	8	135	139	2.3	16.8
Seq7473_211_bp_1_0_0	ABN10845.1	50.00	6	3	0	7	12	155	160	3.3	15.4
Seq7473_211_bp_1_0_0	AAR37016.1	75.00	4	1	0	8	11	1191	1194	3.6	18.7
Seq7473_211_bp_1_0_0	ABD33854.1	66.67	3	1	0	8	10	51	53	3.7	13.5
Seq7473_211_bp_1_0_0	CAA04196.1	100.00	3	0	0	8	10	75	77	4	16.1
Seq7473_211_bp_1_0_0	BAB70780.1	33.33	9	6	0	1	9	322	330	4.6	16.1
Seq7473_211_bp_1_0_0	AAA42531.1	50.00	8	4	0	3	10	197	204	5.7	15.4
Seq7473_211_bp_1_0_0	ABL74574.1	60.00	5	2	0	1	5	235	239	6.6	14.8
Seq7473_211_bp_1_0_0	AAR31603.1	57.14	7	3	0	2	8	151	157	7.5	14.8
Seq7473_211_bp_1_0_0	CAA26230.1	25.00	12	9	0	1	12	280	291	8	15.4
Seq7473_211_bp_1_0_0	AAX84812.1	100.00	3	0	0	7	9	196	198	8.3	14.1
Seq7473_211_bp_1_0_0	BAA32991.1	33.33	9	6	0	3	11	58	66	9.5	12.1
Seq7473_211_bp_1_1_0	AAC78721.1	100.00	36	0	0	1	36	601	636	2.1e-22	92.4
Seq7473_211_bp_1_1_0	AAA36565.1	38.46	26	16	0	10	35	12	37	0.1	21.7
Seq7473_211_bp_1_1_0	BAE97662.1	33.33	34	20	4	1	34	114	143	0.94	21.2
Seq7473_211_bp_1_1_0	ABG75784.1	60.00	10	4	0	16	25	152	161	4.9	16.9
Seq7473_211_bp_1_1_0	AAA24969.1	34.62	26	17	0	11	36	1013	1038	8.6	18.4
Seq7473_211_bp_1_1_0	ABD49687.1	35.71	29	18	1	3	30	757	785	9.5	18.4
Seq7473_211_bp_1_2_0	ABD49687.1	46.15	13	7	0	1	13	439	451	0.64	21.0
Seq7473_211_bp_1_2_0	AEE27845.1	38.46	13	8	0	2	14	235	247	2	19.1
Seq7473_211_bp_1_2_0	BAA32018.1	62.50	8	3	0	5	12	353	360	2.2	17.8
Seq7473_211_bp_1_2_0	CAA43372.1	44.44	9	5	0	1	9	49	57	2.3	17.1
Seq7473_211_bp_1_2_0	CAA04196.1	71.43	7	2	0	6	12	56	62	2.3	17.1
Seq7473_211_bp_1_2_0	AAC78721.1	35.71	14	9	0	1	14	402	415	2.4	17.8
Seq7473_211_bp_1_2_0	AAA24969.1	38.46	13	8	0	1	13	1109	1121	3.4	18.4
Seq7473_211_bp_1_2_0	BAE97662.1	38.46	13	8	0	1	13	217	229	6	17.1
Seq7473_211_bp_1_2_0	ABG75784.1	16.67	12	10	0	1	12	259	270	6.4	15.2
Seq7473_211_bp_1_2_0	AAX84812.1	40.00	10	6	0	3	12	61	70	7.3	14.5
Seq7473_211_bp_1_2_0	AAA36565.1	45.45	11	6	0	3	13	134	144	8.2	13.9
Seq7473_211_bp_1_2_0	ABL74574.1	54.55	11	5	0	3	13	6	16	9	14.5
Seq7473_211_bp_1_2_0	AII71783.1	40.00	10	6	0	5	14	248	257	9.5	14.5
Seq7473_211_bp_1_2_1	BAA32018.1	38.10	21	13	0	3	23	26	46	1.1	19.7
Seq7473_211_bp_1_2_1	ABN10845.1	33.33	21	14	0	1	21	194	214	1.6	17.6
Seq7473_211_bp_1_2_1	ABS38337.1	31.25	16	11	0	5	20	1228	1243	3.2	19.2
Seq7473_211_bp_1_2_1	AAC78721.1	42.86	14	8	0	2	15	400	413	3.5	18.1
Seq7473_211_bp_1_2_1	AEE27845.1	50.00	12	6	0	1	12	362	373	3.5	19.2
Seq7473_211_bp_1_2_1	AAA25966.1	36.36	11	7	0	15	25	300	310	3.7	18.1
Seq7473_211_bp_1_2_1	AAA32376.1	23.81	21	16	0	2	22	24	44	3.8	16.1
Seq7473_211_bp_1_2_1	AAA42531.1	62.50	8	3	0	13	20	244	251	4.1	17.1
Seq7473_211_bp_1_2_1	CAA43372.1	50.00	12	6	0	1	12	41	52	4.4	17.1
Seq7473_211_bp_1_2_1	AAA26915.1	36.36	11	7	0	4	14	224	234	6.9	16.6
Seq7473_211_bp_1_2_1	CAA45199.1	37.50	16	10	0	7	22	126	141	7	16.6
Seq7473_211_bp_1_2_1	AII71783.1	43.75	16	9	0	4	19	38	53	9.2	15.5
Seq7473_211_bp_1_2_1	AAB03707.1	31.58	19	13	0	4	22	319	337	9.7	17.6
Seq7473_211_bp_1_2_2	AII71783.1	62.50	8	3	0	5	12	156	163	0.44	19.1
Seq7473_211_bp_1_2_2	AAA25966.1	33.33	9	6	0	3	11	345	353	3.5	17.3
Seq7473_211_bp_1_2_2	ABK71357.1	41.67	12	7	0	2	13	63	74	4.1	16.1
Seq7473_211_bp_1_2_2	AAB26998.1	50.00	8	4	0	5	12	47	54	4.5	13.7
Seq7473_211_bp_1_2_2	AAA32624.1	75.00	4	1	0	2	5	312	315	5.6	16.1
Seq7473_211_bp_1_2_2	CAA26230.1	75.00	4	1	0	2	5	349	352	6	16.1
Seq7473_211_bp_1_2_2	AAC17860.1	37.50	8	5	0	2	9	400	407	6.6	15.5
Seq7473_211_bp_1_2_2	AAC08817.1	36.36	11	7	0	1	11	58	68	8.9	13.7
Seq7473_211_bp_1_2_2	CAA73529.1	57.14	7	3	0	6	12	266	272	9.8	14.3
Seq7473_211_bp_1_2_2	BAB17681.1	100.00	3	0	0	4	6	22	24	9.8	14.3
Seq7473_211_bp_-1_0_0	AAX12058.1	28.57	21	15	0	2	22	127	147	0.26	20.5
Seq7473_211_bp_-1_0_0	AAA25966.1	30.00	10	7	0	7	16	245	254	0.46	21.1
Seq7473_211_bp_-1_0_0	AAA45888.1	33.33	12	8	0	8	19	165	176	0.8	19.4
Seq7473_211_bp_-1_0_0	AAC17860.1	62.50	8	3	0	11	18	94	101	2.8	17.7
Seq7473_211_bp_-1_0_0	CAA74140.1	66.67	6	2	0	11	16	642	647	2.9	18.8
Seq7473_211_bp_-1_0_0	ABG75784.1	60.00	10	4	0	12	21	101	110	3.1	17.1
Seq7473_211_bp_-1_0_0	AAA18786.1	100.00	4	0	0	16	19	187	190	5.8	15.9
Seq7473_211_bp_-1_0_0	BAA32956.1	55.56	9	4	0	12	20	3	11	6.7	15.4
Seq7473_211_bp_-1_0_0	AAC08817.1	44.44	9	5	0	7	15	96	104	7.7	14.8
Seq7473_211_bp_-1_0_0	AAA23282.1	80.00	5	1	0	11	15	548	552	8.1	16.5
Seq7473_211_bp_-1_0_0	AAQ92751.2	60.00	5	2	0	6	10	533	537	8.8	17.7
Seq7473_211_bp_-1_0_0	AAC78721.1	30.77	13	9	0	1	13	207	219	9.4	16.5
Seq7473_211_bp_-1_0_0	AAR37016.1	46.15	14	7	1	3	16	1890	1902	10	18.2
Seq7473_211_bp_-1_0_1	AEE27845.1	76.92	13	3	0	9	21	283	295	0.0037	28.8
Seq7473_211_bp_-1_0_1	AAQ92751.2	53.85	13	6	0	10	22	125	137	0.45	21.9
Seq7473_211_bp_-1_0_1	AAA72732.1	42.86	14	8	0	9	22	123	136	1.6	17.9
Seq7473_211_bp_-1_0_1	BAA32991.1	30.77	13	9	0	5	17	6	18	1.8	15.6
Seq7473_211_bp_-1_0_1	AAC17860.1	55.56	9	4	0	9	17	81	89	2.1	17.9
Seq7473_211_bp_-1_0_1	ABD49687.1	41.18	17	10	0	1	17	122	138	2.7	19.6
Seq7473_211_bp_-1_0_1	AAR31603.1	45.45	11	6	0	9	19	281	291	3.7	16.7
Seq7473_211_bp_-1_0_1	AAB26998.1	33.33	15	10	0	8	22	53	67	4.4	14.4
Seq7473_211_bp_-1_0_1	AAB03707.1	50.00	8	4	0	6	13	825	832	4.7	18.4
Seq7473_211_bp_-1_0_1	AAA24969.1	46.15	13	7	0	9	21	1204	1216	5.2	18.4
Seq7473_211_bp_-1_0_1	AAB64315.2	45.45	11	6	0	10	20	5	15	5.5	16.1
Seq7473_211_bp_-1_0_1	ABS38337.1	21.43	14	11	0	3	16	40	53	6.4	17.9
Seq7473_211_bp_-1_0_1	AAH69556.1	46.15	13	7	0	8	20	78	90	7.4	15.6
Seq7473_211_bp_-1_0_1	AAR37016.1	57.14	7	3	0	1	7	72	78	7.8	18.4
Seq7473_211_bp_-1_0_1	AAA18786.1	33.33	12	8	0	6	17	28	39	9.5	15.0
Seq7473_211_bp_-1_0_1	AAB96524.1	60.00	10	4	0	12	21	5	14	9.8	14.4
Seq7473_211_bp_-1_1_0	AAB64315.2	53.85	13	6	0	7	19	3	15	0.27	20.7
Seq7473_211_bp_-1_1_0	AAA26915.1	40.00	15	9	0	11	25	53	67	0.82	19.6
Seq7473_211_bp_-1_1_0	AEE27845.1	57.14	14	6	0	12	25	290	303	1.2	20.7
Seq7473_211_bp_-1_1_0	AAC17860.1	58.33	12	5	0	13	24	77	88	4.5	16.9
Seq7473_211_bp_-1_1_0	ACT10338.1	21.74	23	18	0	3	25	344	366	6.1	16.4
Seq7473_211_bp_-1_1_0	AAB96524.1	42.86	14	8	0	11	24	1	14	8.7	14.8
Seq7473_211_bp_-1_1_0	EDO47375.1	60.00	10	4	0	5	14	101	110	8.9	14.8
Seq7473_211_bp_-1_1_1	CAD53387.1	72.73	11	3	0	31	41	459	469	0.0014	29.8
Seq7473_211_bp_-1_1_1	AAB26998.1	41.18	18	10	1	27	43	24	41	0.041	22.2
Seq7473_211_bp_-1_1_1	AAI27517.1	75.00	8	2	0	30	37	103	110	0.047	24.9
Seq7473_211_bp_-1_1_1	AAI27517.1	62.50	8	3	0	37	44	517	524	0.45	21.7
Seq7473_211_bp_-1_1_1	AAA45888.1	55.56	19	8	1	26	44	4	21	0.2	22.2
Seq7473_211_bp_-1_1_1	BAA32991.1	50.00	8	4	0	24	31	10	17	0.49	18.4
Seq7473_211_bp_-1_1_1	AAR31603.1	35.71	14	9	0	25	38	297	310	0.76	20.1
Seq7473_211_bp_-1_1_1	AAA36565.1	38.89	18	11	0	18	35	27	44	0.81	19.0
Seq7473_211_bp_-1_1_1	AAA36565.1	42.86	15	8	1	21	35	71	84	0.81	19.0
Seq7473_211_bp_-1_1_1	ABD49687.1	54.55	11	5	0	33	43	99	109	0.89	22.2
Seq7473_211_bp_-1_1_1	AAR37016.1	42.86	14	8	0	24	37	1383	1396	1.2	22.2
Seq7473_211_bp_-1_1_1	AAA18786.1	54.55	11	5	0	32	42	130	140	1.3	19.0
Seq7473_211_bp_-1_1_1	AAH69556.1	50.00	10	5	0	11	20	25	34	1.5	19.0
Seq7473_211_bp_-1_1_1	BAA32956.1	45.45	11	6	0	33	43	163	173	1.5	18.4
Seq7473_211_bp_-1_1_1	CAA73529.1	80.00	5	1	0	29	33	270	274	1.9	18.4
Seq7473_211_bp_-1_1_1	ABL74574.1	66.67	6	2	0	37	42	151	156	2.9	17.9
Seq7473_211_bp_-1_1_1	AAB64315.2	35.71	14	9	0	25	38	22	35	3.3	17.9
Seq7473_211_bp_-1_1_1	AAX84812.1	75.00	4	1	0	9	12	106	109	3.4	17.4
Seq7473_211_bp_-1_1_1	AAA42531.1	55.56	9	4	0	22	30	374	382	5.6	17.4
Seq7473_211_bp_-1_1_1	CAA43372.1	60.00	5	2	0	33	37	360	364	5.9	17.4
Seq7473_211_bp_-1_1_1	CAA04196.1	62.50	8	3	0	36	43	39	46	6	17.4
Seq7473_211_bp_-1_1_1	BAB79260.1	50.00	12	6	0	2	13	331	342	6.4	17.4
Seq7473_211_bp_-1_1_1	AAA24969.1	57.14	7	3	0	31	37	1024	1030	7	19.0
Seq7473_211_bp_-1_1_1	AAA25966.1	38.46	13	8	0	19	31	90	102	7	17.9
Seq7473_211_bp_-1_1_1	ACH70904.1	26.67	15	11	0	27	41	175	189	7.4	16.8
Seq7473_211_bp_-1_1_1	CAA26230.1	38.89	20	11	2	23	40	300	319	7.9	17.4
Seq7473_211_bp_-1_1_1	ACT10338.1	40.00	10	6	0	15	24	113	122	7.9	16.8
Seq7473_211_bp_-1_1_1	AAC97205.1	50.00	8	4	0	30	37	277	284	8.2	18.4
Seq7473_211_bp_-1_1_1	AII71783.1	100.00	4	0	0	41	44	258	261	9	16.3
Seq7473_211_bp_-1_1_1	AAQ92751.2	60.00	5	2	0	20	24	547	551	9.1	18.4
Seq7473_211_bp_-1_1_1	AAA26915.1	41.67	12	7	0	3	14	355	366	9.4	16.8
Seq7473_211_bp_-1_1_1	BAB70780.1	50.00	8	4	0	19	26	64	71	9.7	16.8
Seq7473_211_bp_-1_2_0	AAA42531.1	42.86	14	8	0	2	15	262	275	0.46	19.8
Seq7473_211_bp_-1_2_0	ABD33854.1	36.36	11	7	0	2	12	52	62	0.55	16.9
Seq7473_211_bp_-1_2_0	AAA25966.1	55.56	9	4	0	6	14	468	476	1.3	19.2
Seq7473_211_bp_-1_2_0	AAA45888.1	71.43	7	2	0	11	17	279	285	1.5	18.1
Seq7473_211_bp_-1_2_0	AAC78721.1	57.14	7	3	0	10	16	356	362	2.6	18.1
Seq7473_211_bp_-1_2_0	CAA45199.1	41.67	12	7	0	6	17	152	163	2.7	17.5
Seq7473_211_bp_-1_2_0	AAC97205.1	45.45	11	6	0	2	12	334	344	3.1	18.7
Seq7473_211_bp_-1_2_0	CAA74140.1	80.00	5	1	0	3	7	547	551	3.5	18.1
Seq7473_211_bp_-1_2_0	BAB17681.1	66.67	6	2	0	7	12	107	112	5.1	15.8
Seq7473_211_bp_-1_2_0	ABK71357.1	36.36	11	7	0	6	16	90	100	6.8	15.8
Seq7473_211_bp_-1_2_0	CAA26230.1	44.44	9	5	0	4	12	68	76	6.8	16.4
Seq7473_211_bp_-1_2_0	AAI27517.1	80.00	5	1	0	12	16	104	108	7.2	16.4
Seq7473_211_bp_-1_2_0	AAX12058.1	66.67	6	2	0	8	13	61	66	7.4	15.2
Seq7473_211_bp_-1_2_0	BAA32018.1	66.67	6	2	0	7	12	455	460	7.6	16.4
Seq7473_211_bp_-1_2_0	AAA24969.1	62.50	8	3	0	11	18	274	281	8.2	17.5
Seq7473_211_bp_-1_2_0	BAA32956.1	45.45	11	6	0	6	16	79	89	8.4	14.6
Seq7473_211_bp_-1_2_1	AAA45888.1	34.62	27	17	1	1	27	124	149	0.25	21.2
Seq7473_211_bp_-1_2_1	EDO47375.1	25.00	20	15	0	4	23	101	120	2.8	16.6
Seq7473_211_bp_-1_2_1	CAA11507.1	22.73	22	17	0	3	24	767	788	6.1	18.3
Seq7473_211_bp_-1_2_1	CAA74140.1	35.29	17	11	0	7	23	176	192	6.2	17.8
Seq7473_211_bp_-1_2_1	ABG75784.1	38.10	21	13	0	5	25	282	302	6.6	16.1
Seq7473_211_bp_-1_2_1	AAX12058.1	42.86	7	4	0	16	22	160	166	8.4	15.5
Seq7473_211_bp_-1_2_1	ABD33854.1	50.00	6	3	0	18	23	6	11	9.3	13.2
Seq7473_211_bp_-1_2_1	BAA32956.1	100.00	4	0	0	15	18	3	6	9.5	14.9
Seq7473_211_bp_-1_2_1	ABN10845.1	27.27	11	8	0	13	23	42	52	9.8	14.9
