Seq7410_253_bp_1_0_0	ENA|AAB03707|AAB03707.1	97.62	84	2	0	1	84	701	784	1.3e-50	188.3
Seq7410_253_bp_1_0_0	ENA|AAB03707|AAB03707.1	42.11	39	22	1	46	84	785	822	0.0033	30.9
Seq7410_253_bp_1_0_0	ENA|CAA45708|CAA45708.1	40.62	66	38	2	1	66	789	852	4.3e-08	47.3
Seq7410_253_bp_1_0_0	ENA|CAA11507|CAA11507.1	30.61	49	34	0	16	64	871	919	0.00017	35.2
Seq7410_253_bp_1_0_0	ENA|CAA11507|CAA11507.1	27.45	54	37	3	25	78	765	815	0.011	29.2
Seq7410_253_bp_1_0_0	ENA|CAB75732|CAB75732.1	57.14	14	6	0	51	64	915	928	0.33	24.0
Seq7410_253_bp_1_0_0	ENA|CAA36214|CAA36214.1	53.85	13	6	0	12	24	233	245	3.1	18.8
Seq7410_253_bp_1_0_0	ENA|CCP43727|CCP43727.1	29.31	60	41	2	4	63	271	328	5.9	18.0
Seq7410_253_bp_1_0_0	ENA|AAA24145|AAA24145.1	28.57	28	20	0	56	83	322	349	6.1	18.4
Seq7410_253_bp_1_0_0	ENA|AAC17860|AAC17860.1	22.86	35	27	0	10	44	105	139	7.3	18.0
Seq7410_253_bp_1_0_0	ENA|AAC26660|AAC26660.1	28.00	25	18	0	43	67	191	215	8.2	17.1
Seq7410_253_bp_1_0_0	ENA|AAA42531|AAA42531.1	42.11	19	11	0	6	24	325	343	9.1	17.5
Seq7410_253_bp_1_0_0	ENA|CAA28033|CAA28033.1	27.66	47	34	0	18	64	761	807	9.2	19.3
Seq7410_253_bp_1_0_0	ENA|CAA24711|CAA24711.1	35.71	45	27	3	4	47	62	104	9.8	16.2
Seq7410_253_bp_1_1_0	ENA|BAB17681|BAB17681.1	46.67	15	8	0	3	17	170	184	0.7	18.7
Seq7410_253_bp_1_1_0	ENA|AAA25966|AAA25966.1	46.15	13	7	0	5	17	514	526	1.2	19.3
Seq7410_253_bp_1_1_0	ENA|CAA26939|CAA26939.1	50.00	12	6	0	1	12	554	565	2.2	18.1
Seq7410_253_bp_1_1_0	ENA|ACT10338|ACT10338.1	38.46	13	8	0	7	19	266	278	5	16.3
Seq7410_253_bp_1_1_0	ENA|EDO47375|EDO47375.1	50.00	8	4	0	10	17	21	28	8.1	14.5
Seq7410_253_bp_1_1_1	ENA|AAB66912|AAB66912.1	66.67	6	2	0	5	10	151	156	5.9	16.4
Seq7410_253_bp_1_1_1	ENA|AAF79734|AAF79734.1	57.14	7	3	0	3	9	1186	1192	6	17.0
Seq7410_253_bp_1_1_2	ENA|CAD53387|CAD53387.1	50.00	10	5	0	3	12	485	494	0.31	20.4
Seq7410_253_bp_1_1_2	ENA|CAA26939|CAA26939.1	55.56	9	4	0	6	14	523	531	0.36	20.4
Seq7410_253_bp_1_1_2	ENA|AAB96524|AAB96524.1	25.00	12	9	0	1	12	71	82	0.65	17.9
Seq7410_253_bp_1_1_2	ENA|AAA18786|AAA18786.1	40.00	10	6	0	6	15	180	189	2.2	16.6
Seq7410_253_bp_1_1_2	ENA|AAC97205|AAC97205.1	71.43	7	2	0	6	12	23	29	2.8	18.5
Seq7410_253_bp_1_1_2	ENA|CAA11507|CAA11507.1	38.46	14	8	1	2	15	263	275	3	18.5
Seq7410_253_bp_1_1_2	ENA|BAA32956|BAA32956.1	75.00	4	1	0	6	9	15	18	4	15.4
Seq7410_253_bp_1_1_2	ENA|AAR31603|AAR31603.1	55.56	9	4	0	6	14	110	118	4.1	16.0
Seq7410_253_bp_1_1_2	ENA|AAA24145|AAA24145.1	60.00	11	4	1	3	13	448	457	5.7	16.0
Seq7410_253_bp_1_1_2	ENA|AAA32624|AAA32624.1	33.33	9	6	0	7	15	385	393	6.4	16.0
Seq7410_253_bp_1_1_2	ENA|AAC08817|AAC08817.1	60.00	5	2	0	9	13	80	84	7	14.2
Seq7410_253_bp_1_1_2	ENA|AAC78721|AAC78721.1	66.67	11	3	2	5	13	628	638	8.1	16.0
Seq7410_253_bp_1_1_2	ENA|AAS77176|AAS77176.1	42.86	7	4	0	5	11	119	125	8.2	14.8
Seq7410_253_bp_1_2_0	ENA|ABN10845|ABN10845.1	66.67	6	2	0	9	14	195	200	2	16.5
Seq7410_253_bp_1_2_0	ENA|AAC97205|AAC97205.1	46.15	13	7	0	3	15	147	159	2.4	18.7
Seq7410_253_bp_1_2_0	ENA|CAA28033|CAA28033.1	46.15	13	7	0	2	14	289	301	2.5	18.7
Seq7410_253_bp_1_2_0	ENA|CAA45708|CAA45708.1	50.00	12	6	0	1	12	644	655	4.2	18.2
Seq7410_253_bp_1_2_0	ENA|AAB26998|AAB26998.1	60.00	5	2	0	10	14	65	69	4.7	13.8
Seq7410_253_bp_1_2_0	ENA|AAC26660|AAC26660.1	100.00	4	0	0	12	15	81	84	6.9	14.9
Seq7410_253_bp_1_2_0	ENA|AAB96524|AAB96524.1	66.67	6	2	0	9	14	175	180	7.4	14.3
Seq7410_253_bp_1_2_0	ENA|CAL82360|CAL82360.1	30.77	13	9	0	2	14	1245	1257	7.5	17.1
Seq7410_253_bp_1_2_0	ENA|CAA24711|CAA24711.1	45.45	11	6	0	4	14	149	159	9.8	13.8
Seq7410_253_bp_1_2_1	ENA|AAC78721|AAC78721.1	55.56	9	4	0	3	11	254	262	3	17.1
Seq7410_253_bp_1_2_1	ENA|AAC49865|AAC49865.1	25.00	8	6	0	4	11	169	176	3.3	15.9
Seq7410_253_bp_1_2_1	ENA|CAA28033|CAA28033.1	44.44	9	5	0	2	10	863	871	3.8	17.7
Seq7410_253_bp_1_2_1	ENA|AAA32624|AAA32624.1	66.67	10	3	1	2	10	516	525	7.7	15.3
Seq7410_253_bp_1_2_2	ENA|AAR37016|AAR37016.1	26.32	19	14	0	1	19	831	849	2.7	19.9
Seq7410_253_bp_1_2_2	ENA|AAA32624|AAA32624.1	23.08	13	10	0	7	19	223	235	3.4	17.4
Seq7410_253_bp_1_2_2	ENA|AAA24145|AAA24145.1	25.00	12	9	0	7	18	378	389	4.2	16.9
Seq7410_253_bp_1_2_2	ENA|BAA32991|BAA32991.1	42.86	7	4	0	12	18	24	30	5.1	13.8
Seq7410_253_bp_1_2_2	ENA|AAF79734|AAF79734.1	27.78	18	13	0	1	18	3	20	6.5	17.9
Seq7410_253_bp_1_2_2	ENA|AAC97205|AAC97205.1	33.33	15	10	0	5	19	758	772	7.7	17.4
Seq7410_253_bp_1_2_2	ENA|AAR31603|AAR31603.1	25.00	16	12	0	4	19	74	89	8.3	15.4
Seq7410_253_bp_1_2_2	ENA|ABD33854|ABD33854.1	50.00	8	4	0	2	9	52	59	9.3	12.8
Seq7410_253_bp_1_2_3	ENA|CAA11507|CAA11507.1	50.00	12	6	0	2	13	61	72	7	17.1
Seq7410_253_bp_1_2_3	ENA|CAA45708|CAA45708.1	50.00	12	6	0	2	13	34	45	7.8	17.1
Seq7410_253_bp_-1_0_0	ENA|AAC08817|AAC08817.1	50.00	10	5	0	2	11	119	128	1.6	17.0
Seq7410_253_bp_-1_0_0	ENA|EDO47375|EDO47375.1	44.44	9	5	0	9	17	176	184	5.5	15.4
Seq7410_253_bp_-1_0_0	ENA|AAR31603|AAR31603.1	38.46	13	8	0	2	14	70	82	6.7	16.0
Seq7410_253_bp_-1_0_1	ENA|ACH70901|ACH70901.1	66.67	9	3	0	2	10	142	150	0.0017	27.0
Seq7410_253_bp_-1_0_1	ENA|CAA36714|CAA36714.1	80.00	5	1	0	5	9	131	135	3.3	16.4
Seq7410_253_bp_-1_0_2	ENA|AAB03707|AAB03707.1	62.50	8	3	0	6	13	1067	1074	2.8	18.9
Seq7410_253_bp_-1_0_2	ENA|BAA32018|BAA32018.1	46.67	15	8	0	2	16	278	292	3	17.7
Seq7410_253_bp_-1_0_2	ENA|AAR31603|AAR31603.1	42.86	14	8	0	2	15	83	96	3.7	16.4
Seq7410_253_bp_-1_0_2	ENA|AAC78721|AAC78721.1	25.00	16	12	0	2	17	301	316	4.9	17.1
Seq7410_253_bp_-1_0_2	ENA|CAA29968|CAA29968.1	80.00	5	1	0	4	8	68	72	5.1	15.2
Seq7410_253_bp_-1_0_2	ENA|CAL82360|CAL82360.1	83.33	6	1	0	8	13	1074	1079	8.9	17.1
Seq7410_253_bp_-1_0_2	ENA|AAA42531|AAA42531.1	57.14	7	3	0	8	14	200	206	9.8	15.2
Seq7410_253_bp_-1_0_2	ENA|BAA32991|BAA32991.1	100.00	3	0	0	5	7	8	10	9.8	12.7
Seq7410_253_bp_-1_0_2	ENA|ACT10338|ACT10338.1	50.00	8	4	0	1	8	286	293	9.8	15.2
Seq7410_253_bp_-1_0_2	ENA|AAF79734|AAF79734.1	45.45	11	6	0	1	11	718	728	9.9	17.1
Seq7410_253_bp_-1_1_0	ENA|CAA73529|CAA73529.1	45.45	11	6	0	4	14	130	140	0.92	18.5
Seq7410_253_bp_-1_1_0	ENA|ACH70901|ACH70901.1	28.57	21	15	0	1	21	164	184	1.2	18.5
Seq7410_253_bp_-1_1_0	ENA|BAB79260|BAB79260.1	35.71	14	9	0	7	20	177	190	3.4	17.3
Seq7410_253_bp_-1_1_0	ENA|ABG75784|ABG75784.1	42.86	7	4	0	1	7	302	308	3.6	16.7
Seq7410_253_bp_-1_1_0	ENA|AAC49865|AAC49865.1	71.43	7	2	0	11	17	87	93	3.7	16.7
Seq7410_253_bp_-1_1_0	ENA|CAB75732|CAB75732.1	38.46	13	8	0	10	22	1143	1155	3.8	18.5
Seq7410_253_bp_-1_1_0	ENA|BAA32018|BAA32018.1	36.36	11	7	0	7	17	4	14	4.7	17.3
Seq7410_253_bp_-1_1_0	ENA|AAB96524|AAB96524.1	36.36	11	7	0	5	15	27	37	4.8	15.5
Seq7410_253_bp_-1_1_0	ENA|BAA05866|BAA05866.1	55.56	9	4	0	11	19	6	14	5.2	16.1
Seq7410_253_bp_-1_1_0	ENA|AAA42531|AAA42531.1	55.56	9	4	0	8	16	102	110	6.5	16.1
Seq7410_253_bp_-1_1_0	ENA|AAC17860|AAC17860.1	50.00	8	4	0	11	18	58	65	6.9	16.1
Seq7410_253_bp_-1_1_0	ENA|AAF79734|AAF79734.1	66.67	9	3	0	10	18	979	987	7	17.9
Seq7410_253_bp_-1_1_0	ENA|AAR37016|AAR37016.1	41.67	12	7	0	3	14	260	271	7.4	18.5
Seq7410_253_bp_-1_1_0	ENA|AAC40132|AAC40132.1	28.57	14	10	0	4	17	346	359	7.9	16.1
Seq7410_253_bp_-1_1_0	ENA|AAQ92751|AAQ92751.2	33.33	12	8	0	8	19	844	855	9.8	17.3
Seq7410_253_bp_-1_1_1	ENA|CAA43419|CAA43419.1	66.67	6	2	0	1	6	131	136	7.4	14.7
Seq7410_253_bp_-1_2_0	ENA|BAB79260|BAB79260.1	34.62	28	17	2	3	28	150	177	0.38	22.5
Seq7410_253_bp_-1_2_0	ENA|EDO47375|EDO47375.1	54.55	11	5	0	42	52	114	124	2.8	18.2
Seq7410_253_bp_-1_2_0	ENA|BAB17681|BAB17681.1	35.71	14	9	0	3	16	4	17	2.8	18.8
Seq7410_253_bp_-1_2_0	ENA|ABN10845|ABN10845.1	31.58	20	13	1	23	41	20	39	3.2	18.2
Seq7410_253_bp_-1_2_0	ENA|ABK71357|ABK71357.1	42.86	21	12	0	4	24	56	76	3.8	18.8
Seq7410_253_bp_-1_2_0	ENA|CAA26023|CAA26023.1	38.10	22	13	1	13	34	151	171	3.9	18.8
Seq7410_253_bp_-1_2_0	ENA|AAB26998|AAB26998.1	33.33	12	8	0	28	39	47	58	5	16.1
Seq7410_253_bp_-1_2_0	ENA|ABD49687|ABD49687.1	44.44	18	10	0	45	62	1487	1504	5.8	20.3
Seq7410_253_bp_-1_2_0	ENA|BAA32956|BAA32956.1	31.58	19	13	0	29	47	117	135	6.3	17.2
Seq7410_253_bp_-1_2_0	ENA|AAC08817|AAC08817.1	41.67	12	7	0	9	20	76	87	6.8	16.7
Seq7410_253_bp_-1_2_0	ENA|AAA36114|AAA36114.1	43.75	16	9	0	42	57	51	66	7.3	18.2
Seq7410_253_bp_-1_2_0	ENA|CAA28033|CAA28033.1	46.15	13	7	0	31	43	521	533	8.9	19.3
Seq7410_253_bp_-1_2_0	ENA|CAA36214|CAA36214.1	55.56	9	4	0	32	40	30	38	8.9	17.2
Seq7410_253_bp_-1_2_0	ENA|AAC49865|AAC49865.1	43.75	16	9	0	12	27	33	48	9.6	17.2
Seq7410_253_bp_-1_2_0	ENA|AAR31603|AAR31603.1	50.00	14	7	0	2	15	295	308	9.6	17.2
