Seq80_79_bp_1_0_0	ENA|ABD33854|ABD33854.1	54.55	11	5	0	4	14	5	15	0.28	18.0
Seq80_79_bp_1_0_0	ENA|CAL82360|CAL82360.1	53.33	16	7	1	5	20	873	887	0.66	21.1
Seq80_79_bp_1_0_0	ENA|AAS77176|AAS77176.1	62.50	8	3	0	13	20	29	36	1.7	17.6
Seq80_79_bp_1_0_0	ENA|BAA05866|BAA05866.1	71.43	7	2	0	9	15	160	166	3.9	16.4
Seq80_79_bp_1_0_0	ENA|AAR31603|AAR31603.1	83.33	6	1	0	9	14	72	77	4.1	16.4
Seq80_79_bp_1_0_0	ENA|AAA36539|AAA36539.1	66.67	9	3	0	9	17	27	35	4.5	16.8
Seq80_79_bp_1_0_0	ENA|CAA26023|CAA26023.1	50.00	13	6	1	2	14	86	97	4.8	16.4
Seq80_79_bp_1_0_0	ENA|AAC26660|AAC26660.1	35.71	14	9	0	7	20	172	185	5.4	15.7
Seq80_79_bp_1_0_0	ENA|CAA24711|CAA24711.1	80.00	5	1	0	1	5	39	43	6.2	14.9
Seq80_79_bp_1_0_0	ENA|CAA36714|CAA36714.1	62.50	9	3	1	6	13	6	14	7.4	16.0
Seq80_79_bp_1_0_0	ENA|CAA29968|CAA29968.1	60.00	5	2	0	1	5	78	82	8.9	14.5
Seq80_79_bp_1_0_0	ENA|ABN10845|ABN10845.1	44.44	9	5	0	11	19	89	97	9.8	14.5
Seq80_79_bp_1_2_0	ENA|CAA28033|CAA28033.1	100.00	13	0	0	1	13	1077	1089	1.8e-08	45.6
Seq80_79_bp_1_2_0	ENA|AAQ92751|AAQ92751.2	63.64	11	4	0	2	12	228	238	0.42	21.2
Seq80_79_bp_1_2_0	ENA|BAA05866|BAA05866.1	37.50	8	5	0	6	13	298	305	2.7	16.3
Seq80_79_bp_1_2_0	ENA|AAB26998|AAB26998.1	33.33	13	8	1	1	12	60	72	8.7	12.6
Seq80_79_bp_1_2_0	ENA|EDO47375|EDO47375.1	50.00	6	3	0	1	6	148	153	9.5	13.7
Seq80_79_bp_1_2_0	ENA|AAC26660|AAC26660.1	44.44	9	5	0	3	11	66	74	9.9	14.1
Seq80_79_bp_1_2_1	ENA|CAA28033|CAA28033.1	90.91	11	1	0	1	11	1091	1101	3.7e-06	37.7
Seq80_79_bp_1_2_1	ENA|CAL82360|CAL82360.1	63.64	11	4	0	1	11	1074	1084	0.52	20.6
Seq80_79_bp_1_2_1	ENA|CAA73529|CAA73529.1	50.00	13	5	3	2	11	245	257	3.2	15.7
Seq80_79_bp_1_2_1	ENA|AAC78721|AAC78721.1	80.00	5	1	0	7	11	391	395	4.4	16.5
Seq80_79_bp_1_2_1	ENA|ACT10338|ACT10338.1	80.00	5	1	0	4	8	288	292	5.9	15.3
Seq80_79_bp_1_2_1	ENA|BAA05866|BAA05866.1	80.00	5	1	0	7	11	185	189	6.1	14.9
Seq80_79_bp_1_2_1	ENA|BAA32991|BAA32991.1	60.00	5	2	0	6	10	8	12	7.3	12.4
Seq80_79_bp_1_2_1	ENA|AAC49865|AAC49865.1	80.00	5	1	0	4	8	292	296	8.5	14.5
Seq80_79_bp_1_2_1	ENA|BAB17681|BAB17681.1	50.00	6	3	0	2	7	176	181	9.3	14.1
Seq80_79_bp_1_2_1	ENA|CAB75732|CAB75732.1	100.00	4	0	0	7	10	208	211	9.6	16.1
Seq80_79_bp_-1_0_0	ENA|BAB79260|BAB79260.1	26.32	19	14	0	5	23	379	397	1.5	18.7
Seq80_79_bp_-1_0_0	ENA|AAF79734|AAF79734.1	58.82	21	7	4	5	21	848	868	1.8	20.2
Seq80_79_bp_-1_0_0	ENA|CAA26023|CAA26023.1	46.67	15	8	0	10	24	162	176	2.1	18.0
Seq80_79_bp_-1_0_0	ENA|AAC17860|AAC17860.1	40.00	15	9	0	7	21	335	349	2.3	18.0
Seq80_79_bp_-1_0_0	ENA|CAA45199|CAA45199.1	71.43	7	2	0	4	10	125	131	2.6	18.0
Seq80_79_bp_-1_0_0	ENA|CAA28033|CAA28033.1	45.00	26	11	6	7	26	208	233	2.6	19.5
Seq80_79_bp_-1_0_0	ENA|AAC78721|AAC78721.1	57.14	7	3	0	1	7	98	104	4.6	17.7
Seq80_79_bp_-1_0_0	ENA|CAA24711|CAA24711.1	57.14	16	6	2	3	17	122	136	5.2	15.5
Seq80_79_bp_-1_0_0	ENA|AAA72732|AAA72732.1	75.00	9	2	1	2	9	246	254	5.7	16.2
Seq80_79_bp_-1_0_0	ENA|ABD49687|ABD49687.1	53.85	15	6	2	9	22	653	666	7	18.4
Seq80_79_bp_-1_0_0	ENA|CAL82360|CAL82360.1	42.11	21	11	2	2	21	1247	1266	8.5	17.7
Seq80_79_bp_-1_0_0	ENA|ABG75784|ABG75784.1	46.67	20	8	5	6	23	181	197	9.1	15.5
Seq80_79_bp_-1_0_0	ENA|CCP43727|CCP43727.1	66.67	6	2	0	9	14	97	102	9.5	15.5
Seq80_79_bp_-1_1_0	ENA|AAC40132|AAC40132.1	54.55	11	5	0	2	12	198	208	2.3	17.1
Seq80_79_bp_-1_1_0	ENA|AAA72732|AAA72732.1	83.33	6	1	0	2	7	160	165	3.5	15.8
Seq80_79_bp_-1_1_0	ENA|AAR37016|AAR37016.1	62.50	8	3	0	3	10	1131	1138	8.2	17.5
Seq80_79_bp_-1_2_0	ENA|AAC08817|AAC08817.1	80.00	5	1	0	2	6	116	120	0.85	16.7
Seq80_79_bp_-1_2_0	ENA|AAQ92751|AAQ92751.2	66.67	6	2	0	3	8	22	27	1.1	19.5
Seq80_79_bp_-1_2_0	ENA|CAA45708|CAA45708.1	66.67	6	2	0	4	9	197	202	1.6	19.1
Seq80_79_bp_-1_2_0	ENA|AAA42531|AAA42531.1	50.00	6	3	0	5	10	279	284	2.1	16.7
Seq80_79_bp_-1_2_0	ENA|AAB26998|AAB26998.1	50.00	8	4	0	1	8	36	43	2.9	13.9
Seq80_79_bp_-1_2_0	ENA|AAC26660|AAC26660.1	62.50	9	3	1	2	10	229	236	3.1	15.5
Seq80_79_bp_-1_2_0	ENA|ACT10338|ACT10338.1	66.67	6	2	0	3	8	36	41	3.6	15.9
Seq80_79_bp_-1_2_0	ENA|ABD49687|ABD49687.1	50.00	8	4	0	1	8	39	46	4	17.9
Seq80_79_bp_-1_2_0	ENA|AAC78721|AAC78721.1	50.00	9	4	1	2	10	103	110	4.7	16.3
Seq80_79_bp_-1_2_0	ENA|AAB96524|AAB96524.1	80.00	5	1	0	5	9	89	93	5.1	14.3
Seq80_79_bp_-1_2_0	ENA|EDO47375|EDO47375.1	57.14	7	3	0	1	7	141	147	6.7	13.9
Seq80_79_bp_-1_2_0	ENA|AAS77176|AAS77176.1	37.50	8	5	0	1	8	115	122	7.7	14.3
