Seq10002_672_bp_1_0_0	AAA32376.1	25.00	32	24	0	8	39	53	84	1.9	18.7
Seq10002_672_bp_1_0_0	AAC78721.1	29.41	17	12	0	28	44	41	57	2.6	20.2
Seq10002_672_bp_1_0_0	AAA45888.1	36.36	23	14	1	41	62	151	173	2.9	19.2
Seq10002_672_bp_1_0_0	AAR37016.1	33.33	12	8	0	51	62	955	966	3.2	21.7
Seq10002_672_bp_1_0_0	BAB70780.1	30.77	27	18	1	16	42	116	141	3.7	19.2
Seq10002_672_bp_1_0_0	AAC17860.1	40.00	10	6	0	46	55	340	349	4.3	18.7
Seq10002_672_bp_1_0_0	AAC97205.1	66.67	12	4	0	35	46	728	739	4.7	20.2
Seq10002_672_bp_1_0_0	ACH70904.1	33.33	24	16	0	14	37	241	264	5.3	18.2
Seq10002_672_bp_1_0_0	AAA36565.1	18.52	27	22	0	18	44	28	54	6.7	16.7
Seq10002_672_bp_1_0_0	AAA26915.1	71.43	7	2	0	65	71	71	77	6.8	18.2
Seq10002_672_bp_1_0_0	ABD33854.1	50.00	8	4	0	41	48	10	17	7.1	15.2
Seq10002_672_bp_1_0_1	AAI27517.1	37.50	32	20	0	2	33	384	415	0.46	22.2
Seq10002_672_bp_1_0_1	AAH69556.1	62.50	8	3	0	20	27	70	77	0.87	20.3
Seq10002_672_bp_1_0_1	AAF01122.1	45.00	20	11	0	39	58	196	215	2	19.3
Seq10002_672_bp_1_0_1	AAA42531.1	38.89	18	11	0	38	55	160	177	2.9	18.9
Seq10002_672_bp_1_0_1	CAA43372.1	38.46	13	8	0	15	27	180	192	4.2	18.4
Seq10002_672_bp_1_0_1	AAA26915.1	42.86	23	12	2	11	33	439	459	4.8	18.4
Seq10002_672_bp_1_0_1	AAA18786.1	50.00	17	8	1	48	64	202	217	5.2	17.5
Seq10002_672_bp_1_0_1	ABK71357.1	35.00	20	13	0	30	49	176	195	5.2	17.9
Seq10002_672_bp_1_0_1	ABG75784.1	42.86	7	4	0	8	14	39	45	6.1	17.5
Seq10002_672_bp_1_0_1	ACH70904.1	40.00	15	9	0	15	29	304	318	6.9	17.5
Seq10002_672_bp_1_0_1	AEE27845.1	33.33	15	10	0	30	44	1302	1316	7.2	19.3
Seq10002_672_bp_1_0_2	ABN10845.1	40.00	23	12	3	2	22	39	60	0.11	22.8
Seq10002_672_bp_1_0_2	AAA25966.1	32.00	28	17	3	11	38	125	149	0.35	22.8
Seq10002_672_bp_1_0_2	AAR37016.1	57.14	19	6	5	6	21	1888	1904	1.6	22.3
Seq10002_672_bp_1_0_2	AAR31603.1	35.71	14	9	0	31	44	8	21	1.6	19.4
Seq10002_672_bp_1_0_2	AAA32376.1	66.67	9	3	0	20	28	7	15	2.3	18.0
Seq10002_672_bp_1_0_2	AAA18786.1	41.18	17	10	0	20	36	242	258	2.6	18.5
Seq10002_672_bp_1_0_2	ABK71357.1	40.00	10	6	0	46	55	351	360	3.6	18.5
Seq10002_672_bp_1_0_2	AAC97205.1	33.33	18	12	0	41	58	972	989	4.3	19.9
Seq10002_672_bp_1_0_2	AIR13712.1	31.58	19	13	0	22	40	55	73	4.4	18.0
Seq10002_672_bp_1_0_2	AAA23282.1	33.33	12	8	0	26	37	458	469	5.4	18.5
Seq10002_672_bp_1_0_2	CAA45199.1	33.33	12	8	0	15	26	66	77	6.2	18.0
Seq10002_672_bp_1_0_2	AAA65607.1	58.33	12	5	0	22	33	330	341	6.7	17.5
Seq10002_672_bp_1_0_2	AAA45888.1	20.00	10	8	0	8	17	124	133	7	17.5
Seq10002_672_bp_1_0_2	CAA04196.1	27.27	22	16	0	18	39	262	283	7.6	17.5
Seq10002_672_bp_1_0_2	EDO47375.1	30.77	13	9	0	3	15	117	129	9.2	16.0
Seq10002_672_bp_1_0_2	CAA73529.1	57.14	7	3	0	6	12	98	104	9.5	16.5
Seq10002_672_bp_1_0_3	ACH70904.1	57.14	7	3	0	5	11	357	363	3	16.5
Seq10002_672_bp_1_0_3	ABN10845.1	75.00	4	1	0	1	4	57	60	6.2	14.7
Seq10002_672_bp_1_0_3	AAQ92751.2	44.44	9	5	0	2	10	347	355	7.2	17.1
Seq10002_672_bp_1_0_3	AAR37016.1	40.00	10	6	0	1	10	277	286	8	17.7
Seq10002_672_bp_1_0_3	AAC78721.1	44.44	9	5	0	1	9	210	218	8.1	15.9
Seq10002_672_bp_1_0_3	BAB70780.1	45.45	11	6	0	4	14	17	27	8.8	15.3
Seq10002_672_bp_1_0_3	AAR31603.1	30.00	10	7	0	2	11	226	235	9.1	14.7
Seq10002_672_bp_1_1_0	ABD49687.1	28.57	28	20	0	134	161	1152	1179	0.35	25.9
Seq10002_672_bp_1_1_0	BAA32956.1	33.33	28	18	1	1	28	163	189	0.69	21.9
Seq10002_672_bp_1_1_0	AAB96524.1	40.00	20	12	0	65	84	95	114	1.7	20.4
Seq10002_672_bp_1_1_0	CAA26230.1	27.27	22	16	0	202	223	420	441	2.6	21.4
Seq10002_672_bp_1_1_0	AAA36565.1	75.00	8	2	0	101	108	3	10	3.1	19.4
Seq10002_672_bp_1_1_0	AAX84812.1	37.50	16	10	0	166	181	133	148	5.8	18.9
Seq10002_672_bp_1_1_0	AAC08817.1	57.14	7	3	0	58	64	5	11	5.9	18.4
Seq10002_672_bp_1_1_0	AAA32376.1	24.32	39	28	2	171	209	124	160	6.2	18.4
Seq10002_672_bp_1_1_0	AAA42531.1	46.15	13	7	0	165	177	245	257	6.9	19.4
Seq10002_672_bp_1_1_0	AAA26915.1	60.00	10	4	0	100	109	232	241	8.2	19.4
Seq10002_672_bp_1_1_0	AEE27845.1	29.17	25	17	1	50	73	947	971	8.6	20.9
Seq10002_672_bp_1_1_0	CAA73529.1	53.33	15	7	0	126	140	67	81	9.5	18.4
Seq10002_672_bp_1_1_0	AAC17860.1	32.00	25	17	0	162	186	165	189	10	18.9
Seq10002_672_bp_1_2_0	ABD33854.1	31.25	16	11	0	50	65	8	23	0.66	19.2
Seq10002_672_bp_1_2_0	AAI27517.1	26.32	44	28	6	40	83	558	595	1.1	21.7
Seq10002_672_bp_1_2_0	AAB96524.1	30.00	30	21	0	57	86	21	50	1.4	19.7
Seq10002_672_bp_1_2_0	AAA45888.1	28.57	21	15	0	43	63	58	78	1.4	20.7
Seq10002_672_bp_1_2_0	AAA18786.1	36.36	22	14	0	13	34	207	228	2	19.7
Seq10002_672_bp_1_2_0	BAA32956.1	32.26	32	21	1	1	32	160	190	3	18.8
Seq10002_672_bp_1_2_0	ABG75784.1	38.46	13	8	0	42	54	42	54	3.2	19.2
Seq10002_672_bp_1_2_0	AAR37016.1	28.57	39	25	4	23	61	1979	2013	3.2	22.1
Seq10002_672_bp_1_2_0	CAA74140.1	38.89	18	11	0	71	88	332	349	3.5	20.7
Seq10002_672_bp_1_2_0	BAA32991.1	30.77	13	9	0	88	100	46	58	3.7	16.8
Seq10002_672_bp_1_2_0	AAA36565.1	53.33	16	7	1	7	22	104	118	4.6	17.8
Seq10002_672_bp_1_2_0	ACH70904.1	38.46	13	8	0	51	63	327	339	5.1	18.8
Seq10002_672_bp_1_2_0	AAA25966.1	40.00	21	12	1	14	34	706	725	5.2	19.7
Seq10002_672_bp_1_2_0	EDO47375.1	55.56	9	4	0	52	60	38	46	7.1	17.3
Seq10002_672_bp_1_2_0	ABK71357.1	34.78	23	15	0	3	25	198	220	7.2	18.3
Seq10002_672_bp_1_2_0	AAC17860.1	26.32	19	14	0	82	100	40	58	7.8	18.3
Seq10002_672_bp_1_2_0	ABD49687.1	31.82	24	15	2	5	28	435	456	8.5	20.2
Seq10002_672_bp_1_2_0	AAA26915.1	45.45	11	6	0	93	103	425	435	8.8	18.3
Seq10002_672_bp_1_2_0	AAQ92751.2	26.92	26	19	0	45	70	1371	1396	9.5	19.7
Seq10002_672_bp_1_2_1	ACT10338.1	36.11	43	23	7	50	90	298	335	0.13	24.1
Seq10002_672_bp_1_2_1	ABD33854.1	32.14	28	19	0	68	95	15	42	0.39	19.9
Seq10002_672_bp_1_2_1	AAR37016.1	56.25	17	7	1	60	76	547	562	1.1	23.5
Seq10002_672_bp_1_2_1	AAB26998.1	40.00	15	9	0	66	80	34	48	2	17.8
Seq10002_672_bp_1_2_1	AAB96524.1	38.46	13	8	0	79	91	141	153	4.7	17.8
Seq10002_672_bp_1_2_1	BAA32956.1	80.00	5	1	0	49	53	90	94	5.2	17.8
Seq10002_672_bp_1_2_1	AAA32624.1	57.14	7	3	0	50	56	477	483	6.3	18.8
Seq10002_672_bp_1_2_1	CAA26230.1	26.67	15	11	0	63	77	163	177	9.3	18.3
Seq10002_672_bp_-1_0_0	AAA24969.1	24.66	73	55	0	40	112	79	151	0.53	24.2
Seq10002_672_bp_-1_0_0	AAB64315.2	20.43	103	74	10	18	114	84	182	1.6	20.4
Seq10002_672_bp_-1_0_0	AAB96524.1	42.86	22	12	1	30	50	32	53	2.9	18.7
Seq10002_672_bp_-1_0_0	AAC17860.1	32.14	28	19	0	82	109	75	102	3.6	19.6
Seq10002_672_bp_-1_0_0	BAE97662.1	36.00	25	16	0	81	105	154	178	7.1	20.0
Seq10002_672_bp_-1_0_0	CAA45199.1	20.59	34	27	0	73	106	378	411	9.4	18.3
Seq10002_672_bp_-1_0_0	AAA18786.1	35.00	20	13	0	22	41	124	143	9.6	17.4
Seq10002_672_bp_-1_0_0	ABD33854.1	46.15	13	7	0	57	69	34	46	9.9	15.3
Seq10002_672_bp_-1_0_1	AAC97205.1	50.00	12	6	0	17	28	234	245	0.73	22.5
Seq10002_672_bp_-1_0_1	CAA74140.1	30.43	23	16	0	20	42	577	599	2.2	20.5
Seq10002_672_bp_-1_0_1	ABD49687.1	35.00	21	13	1	38	57	1533	1553	2.8	21.0
Seq10002_672_bp_-1_0_1	AAC08817.1	57.14	7	3	0	22	28	101	107	6	16.4
Seq10002_672_bp_-1_0_1	ABG75784.1	33.33	9	6	0	34	42	191	199	8	16.9
Seq10002_672_bp_-1_0_2	CAA11507.1	61.54	13	5	0	7	19	23	35	0.033	26.6
Seq10002_672_bp_-1_0_2	AAB26998.1	36.84	19	12	0	3	21	61	79	0.41	18.8
Seq10002_672_bp_-1_0_2	ABN10845.1	27.59	29	21	0	11	39	125	153	0.52	19.9
Seq10002_672_bp_-1_0_2	AAR31603.1	33.33	15	10	0	3	17	37	51	0.79	19.9
Seq10002_672_bp_-1_0_2	AAA25966.1	45.45	11	6	0	18	28	394	404	1.2	20.5
Seq10002_672_bp_-1_0_2	AAA65607.1	26.67	15	11	0	14	28	353	367	2.7	18.3
Seq10002_672_bp_-1_0_2	AAB64315.2	31.25	16	11	0	5	20	22	37	3.6	17.7
Seq10002_672_bp_-1_0_2	AAA32624.1	41.18	17	10	0	17	33	27	43	3.9	18.3
Seq10002_672_bp_-1_0_2	AAI27517.1	35.71	14	9	0	10	23	5	18	4.4	18.3
Seq10002_672_bp_-1_0_2	CAA74140.1	19.05	21	17	0	20	40	517	537	4.7	18.8
Seq10002_672_bp_-1_0_2	BAA32956.1	33.33	12	8	0	10	21	14	25	4.9	16.6
Seq10002_672_bp_-1_0_2	BAE97662.1	29.41	35	24	1	3	37	535	568	5.6	18.8
Seq10002_672_bp_-1_0_2	ACT10338.1	30.00	10	7	0	8	17	60	69	6.1	17.2
Seq10002_672_bp_-1_0_2	CAA43372.1	44.44	9	5	0	9	17	112	120	6.4	17.2
Seq10002_672_bp_-1_0_2	AII71783.1	21.74	23	18	0	13	35	238	260	7	16.6
Seq10002_672_bp_-1_0_2	CAD53387.1	27.78	18	13	0	24	41	48	65	7.7	17.2
Seq10002_672_bp_-1_0_2	ABK71357.1	50.00	14	7	0	7	20	210	223	8.4	16.6
Seq10002_672_bp_-1_0_2	AAA32376.1	50.00	8	4	0	34	41	1	8	8.4	15.5
Seq10002_672_bp_-1_0_2	BAB17681.1	23.81	21	16	0	20	40	1	21	9	16.0
Seq10002_672_bp_-1_0_2	CAA04196.1	36.36	11	7	0	15	25	370	380	9.3	16.6
Seq10002_672_bp_-1_1_0	AAA18786.1	20.83	24	19	0	16	39	164	187	0.44	20.4
Seq10002_672_bp_-1_1_0	AAA72732.1	33.33	25	16	1	12	36	133	156	4.2	17.3
Seq10002_672_bp_-1_1_0	AAA65607.1	25.00	20	15	0	1	20	210	229	4.9	17.3
Seq10002_672_bp_-1_1_0	AAA23282.1	57.14	7	3	0	6	12	127	133	5.3	17.8
Seq10002_672_bp_-1_1_0	CAA45199.1	26.67	15	11	0	25	39	437	451	6.3	17.3
Seq10002_672_bp_-1_1_0	AAA36565.1	33.33	12	8	0	7	18	30	41	6.5	15.7
Seq10002_672_bp_-1_1_0	CAA26230.1	35.00	21	13	1	15	35	45	64	7.4	17.3
Seq10002_672_bp_-1_1_0	AAA32376.1	45.45	11	6	0	20	30	96	106	9.4	15.2
Seq10002_672_bp_-1_1_0	AAA24969.1	41.67	12	7	0	10	21	193	204	9.6	18.3
Seq10002_672_bp_-1_1_1	BAA32991.1	54.55	11	5	0	2	12	13	23	0.0019	25.7
Seq10002_672_bp_-1_1_1	ACH70904.1	66.67	9	3	0	18	26	229	237	0.16	21.7
Seq10002_672_bp_-1_1_1	CAA43372.1	33.33	12	8	0	16	27	37	48	2.8	17.8
Seq10002_672_bp_-1_1_1	EDO47375.1	33.33	6	4	0	11	16	124	129	4.1	16.1
Seq10002_672_bp_-1_1_1	AAR31603.1	45.45	12	6	1	16	27	20	30	4.8	16.6
Seq10002_672_bp_-1_1_1	AAR37016.1	44.44	9	5	0	8	16	1256	1264	4.8	19.5
Seq10002_672_bp_-1_1_1	AAF01122.1	66.67	6	2	0	7	12	59	64	5.5	16.6
Seq10002_672_bp_-1_1_1	AAA18786.1	28.57	7	5	0	15	21	88	94	5.7	16.1
Seq10002_672_bp_-1_1_1	CAA04196.1	25.00	8	6	0	9	16	371	378	6.1	16.6
Seq10002_672_bp_-1_1_1	AII71783.1	50.00	6	3	0	10	15	266	271	6.6	16.1
Seq10002_672_bp_-1_1_1	ABG75784.1	21.43	14	11	0	14	27	193	206	6.7	16.1
Seq10002_672_bp_-1_1_1	CAA45199.1	60.00	5	2	0	14	18	383	387	6.8	16.6
Seq10002_672_bp_-1_1_1	AAB64315.2	17.65	17	14	0	2	18	108	124	7	16.1
Seq10002_672_bp_-1_1_1	AAA32624.1	25.00	8	6	0	13	20	312	319	7.5	16.6
Seq10002_672_bp_-1_1_1	AAB26998.1	75.00	4	1	0	16	19	47	50	8	13.8
Seq10002_672_bp_-1_1_1	AAC97205.1	45.45	12	6	1	3	14	344	354	8	17.8
Seq10002_672_bp_-1_1_1	AAX12058.1	30.00	10	7	0	11	20	128	137	8.5	15.5
Seq10002_672_bp_-1_1_1	CAA11507.1	16.67	18	15	0	10	27	937	954	8.8	17.8
Seq10002_672_bp_-1_1_1	ABD33854.1	33.33	9	6	0	1	9	44	52	9.4	13.2
Seq10002_672_bp_-1_1_2	AAA25966.1	37.50	16	10	0	3	18	205	220	1.7	19.9
Seq10002_672_bp_-1_1_2	AAC17860.1	22.73	22	17	0	3	24	268	289	1.9	18.9
Seq10002_672_bp_-1_1_2	AAH69556.1	42.86	14	8	0	24	37	270	283	5.7	16.8
Seq10002_672_bp_-1_1_2	CAA45199.1	50.00	12	6	0	3	14	320	331	6.2	17.3
Seq10002_672_bp_-1_1_2	BAB70780.1	33.33	18	12	0	11	28	356	373	6.4	17.3
Seq10002_672_bp_-1_1_2	ABD33854.1	100.00	4	0	0	29	32	10	13	9.9	13.7
Seq10002_672_bp_-1_1_3	BAA32956.1	45.45	11	6	0	1	11	192	202	0.82	17.4
Seq10002_672_bp_-1_1_3	AAA24142.1	71.43	7	2	0	5	11	199	205	1.8	17.4
Seq10002_672_bp_-1_1_3	CAD53387.1	55.56	9	4	0	2	10	464	472	1.9	17.4
Seq10002_672_bp_-1_1_3	BAB70780.1	57.14	7	3	0	3	9	315	321	3	16.7
Seq10002_672_bp_-1_1_3	AAC97205.1	83.33	6	1	0	2	7	34	39	3	18.1
Seq10002_672_bp_-1_1_3	AAC78721.1	36.36	11	7	0	1	11	567	577	4.1	16.7
Seq10002_672_bp_-1_1_3	ABD49687.1	40.00	10	6	0	3	12	1708	1717	4.1	18.1
Seq10002_672_bp_-1_1_3	BAE97662.1	50.00	8	4	0	5	12	638	645	4.3	17.4
Seq10002_672_bp_-1_1_3	AAA42531.1	66.67	6	2	0	7	12	318	323	5.8	15.4
Seq10002_672_bp_-1_1_3	AAA25966.1	33.33	12	8	0	1	12	188	199	6.8	16.1
Seq10002_672_bp_-1_1_3	AAI27517.1	30.00	10	7	0	1	10	531	540	8.6	15.4
Seq10002_672_bp_-1_1_3	AAC08817.1	33.33	9	6	0	2	10	44	52	9.5	13.4
Seq10002_672_bp_-1_1_3	CAA43372.1	60.00	5	2	0	2	6	5	9	9.5	14.7
Seq10002_672_bp_-1_1_4	AAA72732.1	28.57	21	15	0	30	50	112	132	1.3	20.0
Seq10002_672_bp_-1_1_4	AAA23282.1	32.14	28	19	0	39	66	226	253	1.7	20.4
Seq10002_672_bp_-1_1_4	AAB03707.1	18.52	27	22	0	28	54	1213	1239	2.2	21.4
Seq10002_672_bp_-1_1_4	AAA24142.1	57.14	7	3	0	13	19	204	210	2.6	19.5
Seq10002_672_bp_-1_1_4	AAA32624.1	35.29	17	11	0	14	30	324	340	4.1	19.0
Seq10002_672_bp_-1_1_4	AAQ92751.2	50.00	12	6	0	56	67	223	234	4.1	20.4
Seq10002_672_bp_-1_1_4	ACT10338.1	21.43	30	22	2	47	74	108	137	4.2	18.6
Seq10002_672_bp_-1_1_4	BAA32018.1	23.81	21	16	0	33	53	545	565	6.7	18.6
Seq10002_672_bp_-1_1_4	AAC97205.1	52.94	18	8	1	25	42	181	197	6.9	19.5
Seq10002_672_bp_-1_1_4	AAC17860.1	30.77	40	27	1	36	74	59	98	8.2	17.6
Seq10002_672_bp_-1_1_4	BAE97662.1	23.81	21	16	0	23	43	758	778	8.6	19.0
Seq10002_672_bp_-1_1_4	AAA36565.1	30.00	21	14	1	3	23	30	49	8.8	16.2
Seq10002_672_bp_-1_1_4	BAB79260.1	58.33	12	5	0	17	28	27	38	9	17.6
Seq10002_672_bp_-1_1_5	ACH70904.1	100.00	5	0	0	11	15	101	105	0.068	22.1
Seq10002_672_bp_-1_1_5	ABD33854.1	42.86	7	4	0	2	8	47	53	0.77	16.1
Seq10002_672_bp_-1_1_5	BAA32991.1	41.67	13	7	1	2	13	16	28	0.83	16.1
Seq10002_672_bp_-1_1_5	EDO47375.1	42.86	7	4	0	2	8	148	154	0.99	17.3
Seq10002_672_bp_-1_1_5	ABK71357.1	60.00	5	2	0	9	13	194	198	1.9	17.3
Seq10002_672_bp_-1_1_5	AAI27517.1	55.56	9	4	0	4	12	428	436	2	17.9
Seq10002_672_bp_-1_1_5	AAA36565.1	57.14	7	3	0	3	9	58	64	3	15.5
Seq10002_672_bp_-1_1_5	AAA25966.1	50.00	10	5	0	6	15	30	39	3.7	17.3
Seq10002_672_bp_-1_1_5	AAA32624.1	40.00	5	3	0	9	13	393	397	4.1	16.7
Seq10002_672_bp_-1_1_5	AAA42531.1	44.44	9	5	0	1	9	375	383	6.7	15.5
Seq10002_672_bp_-1_1_5	CAA11507.1	50.00	6	3	0	10	15	1064	1069	6.8	17.3
Seq10002_672_bp_-1_1_5	CAA04196.1	33.33	12	8	0	2	13	357	368	7.2	15.5
Seq10002_672_bp_-1_1_5	CAA45199.1	66.67	6	2	0	7	12	191	196	8.1	15.5
Seq10002_672_bp_-1_1_5	AAB64315.2	40.00	5	3	0	8	12	36	40	8.5	14.9
Seq10002_672_bp_-1_1_5	AAC97205.1	42.86	7	4	0	2	8	870	876	9.1	16.7
Seq10002_672_bp_-1_2_0	AAB96524.1	35.29	17	11	0	1	17	132	148	0.33	19.3
Seq10002_672_bp_-1_2_0	AAC17860.1	30.77	13	9	0	3	15	99	111	1.1	18.7
Seq10002_672_bp_-1_2_0	ABG75784.1	40.00	10	6	0	2	11	194	203	1.2	18.2
Seq10002_672_bp_-1_2_0	AAA18786.1	80.00	5	1	0	1	5	185	189	1.5	17.6
Seq10002_672_bp_-1_2_0	AAR37016.1	33.33	15	10	0	4	18	1080	1094	2.8	19.9
Seq10002_672_bp_-1_2_0	ABK71357.1	35.71	14	9	0	4	17	332	345	3.1	17.0
Seq10002_672_bp_-1_2_0	BAA32018.1	33.33	12	8	0	3	14	4	15	3.5	17.6
Seq10002_672_bp_-1_2_0	AAQ92751.2	28.57	14	10	0	3	16	1060	1073	3.6	18.7
Seq10002_672_bp_-1_2_0	BAA32956.1	50.00	10	5	0	8	17	185	194	3.9	15.9
Seq10002_672_bp_-1_2_0	ACH70904.1	55.56	9	4	0	11	19	51	59	4.4	16.5
Seq10002_672_bp_-1_2_0	AAC97205.1	40.00	15	9	0	1	15	258	272	4.7	18.2
Seq10002_672_bp_-1_2_0	ACT10338.1	33.33	9	6	0	11	19	65	73	4.8	16.5
Seq10002_672_bp_-1_2_0	EDO47375.1	38.46	13	8	0	5	17	1	13	5.1	15.3
Seq10002_672_bp_-1_2_0	AEE27845.1	28.57	14	10	0	6	19	221	234	5.3	18.2
Seq10002_672_bp_-1_2_0	AAB64315.2	26.67	15	11	0	3	17	47	61	5.9	15.9
Seq10002_672_bp_-1_2_0	AAC08817.1	50.00	11	5	1	10	19	87	97	6.4	14.8
Seq10002_672_bp_-1_2_0	AAF01122.1	38.46	13	8	0	4	16	75	87	6.7	15.9
Seq10002_672_bp_-1_2_0	CAA43372.1	33.33	12	8	0	8	19	364	375	7.3	15.9
Seq10002_672_bp_-1_2_0	CAA04196.1	41.67	12	7	0	4	15	97	108	7.4	15.9
Seq10002_672_bp_-1_2_1	CAA26230.1	25.00	36	27	0	83	118	230	265	0.36	24.1
Seq10002_672_bp_-1_2_1	AAB03707.1	26.09	74	51	5	88	160	703	772	0.48	25.0
Seq10002_672_bp_-1_2_1	AAC97205.1	25.00	28	21	0	101	128	1082	1109	0.79	24.1
Seq10002_672_bp_-1_2_1	AIR13712.1	22.41	61	45	3	113	170	17	77	1.7	21.0
Seq10002_672_bp_-1_2_1	ABD33854.1	31.25	32	22	0	146	177	5	36	3.8	17.5
Seq10002_672_bp_-1_2_1	BAA32956.1	34.29	36	23	1	155	190	163	197	5	18.8
Seq10002_672_bp_-1_2_1	AAB64315.2	23.53	34	26	0	98	131	185	218	5.7	19.3
Seq10002_672_bp_-1_2_1	AAA24969.1	22.22	36	28	0	6	41	1118	1153	5.8	21.5
Seq10002_672_bp_-1_2_1	AAA32624.1	17.65	51	42	0	60	110	170	220	6.6	19.7
Seq10002_672_bp_-1_2_1	ABK71357.1	44.44	18	10	0	175	192	190	207	8.5	18.8
Seq10002_672_bp_-1_2_1	AAQ92751.2	20.73	83	65	1	96	177	928	1010	9.3	20.6
