Seq1072_54_bp_1_0_0	ENA|AAA36539|AAA36539.1	50.00	10	5	0	1	10	353	362	0.7	19.4
Seq1072_54_bp_1_0_0	ENA|CAA29968|CAA29968.1	45.45	11	6	0	4	14	37	47	0.99	17.6
Seq1072_54_bp_1_0_0	ENA|ABG75784|ABG75784.1	66.67	6	2	0	11	16	243	248	1.6	17.6
Seq1072_54_bp_1_0_0	ENA|AAC97205|AAC97205.1	62.50	8	3	0	1	8	109	116	1.8	19.4
Seq1072_54_bp_1_0_0	ENA|BAA32991|BAA32991.1	80.00	5	1	0	7	11	5	9	2.8	14.6
Seq1072_54_bp_1_0_0	ENA|CAA28033|CAA28033.1	31.25	16	11	0	2	17	343	358	2.8	18.8
Seq1072_54_bp_1_0_0	ENA|CAA26023|CAA26023.1	35.71	14	9	0	5	18	37	50	4.4	16.4
Seq1072_54_bp_1_0_0	ENA|AAF79734|AAF79734.1	46.15	14	7	1	5	18	670	682	4.7	18.2
Seq1072_54_bp_1_0_0	ENA|BAB17681|BAB17681.1	33.33	12	8	0	1	12	239	250	4.7	15.8
Seq1072_54_bp_1_0_0	ENA|AAC26660|AAC26660.1	50.00	13	6	1	1	12	245	257	6.6	15.2
Seq1072_54_bp_1_0_0	ENA|AAB96524|AAB96524.1	21.43	14	11	0	2	15	45	58	7.2	14.6
Seq1072_54_bp_1_0_0	ENA|AAA32624|AAA32624.1	44.44	9	5	0	1	9	486	494	8.7	15.8
Seq1072_54_bp_1_1_0	ENA|AAC08817|AAC08817.1	100.00	17	0	1	1	17	89	104	3.6e-08	42.0
Seq1072_54_bp_1_1_0	ENA|AAA42531|AAA42531.1	41.67	12	7	0	5	16	153	164	3.1	16.9
Seq1072_54_bp_1_1_0	ENA|CAB75732|CAB75732.1	71.43	7	2	0	11	17	677	683	8.8	16.9
Seq1072_54_bp_1_1_0	ENA|CAA26939|CAA26939.1	50.00	8	4	0	7	14	503	510	9	15.8
Seq1072_54_bp_1_1_0	ENA|CAA29968|CAA29968.1	37.50	8	5	0	1	8	185	192	9.3	14.2
Seq1072_54_bp_1_2_0	ENA|CAA45708|CAA45708.1	55.56	9	4	0	2	10	307	315	2.1	19.4
Seq1072_54_bp_1_2_0	ENA|AAA72732|AAA72732.1	36.36	11	7	0	5	15	12	22	2.2	17.1
Seq1072_54_bp_1_2_0	ENA|AAR37016|AAR37016.1	66.67	6	2	0	3	8	568	573	3.2	19.4
Seq1072_54_bp_1_2_0	ENA|CAA26023|CAA26023.1	50.00	6	3	0	3	8	162	167	5.7	15.9
Seq1072_54_bp_1_2_0	ENA|CAA43419|CAA43419.1	40.00	10	6	0	4	13	127	136	8.1	15.3
Seq1072_54_bp_1_2_0	ENA|CAA11507|CAA11507.1	40.00	10	6	0	1	10	910	919	8.9	17.1
Seq1072_54_bp_1_2_0	ENA|AAB66912|AAB66912.1	37.50	16	10	0	2	17	444	459	9	16.5
Seq1072_54_bp_-1_0_0	ENA|CAA11507|CAA11507.1	46.15	13	7	0	1	13	293	305	0.044	24.9
Seq1072_54_bp_-1_0_0	ENA|BAB79260|BAB79260.1	25.00	8	6	0	3	10	171	178	0.13	21.7
Seq1072_54_bp_-1_0_0	ENA|AAQ92751|AAQ92751.2	41.18	17	10	0	2	18	218	234	0.17	23.0
Seq1072_54_bp_-1_0_0	ENA|CAL82360|CAL82360.1	30.00	10	7	0	9	18	1104	1113	0.58	21.1
Seq1072_54_bp_-1_0_0	ENA|AAB26998|AAB26998.1	60.00	5	2	0	3	7	53	57	0.79	16.6
Seq1072_54_bp_-1_0_0	ENA|CAA73529|CAA73529.1	71.43	7	2	0	2	8	155	161	1.7	17.3
Seq1072_54_bp_-1_0_0	ENA|AAC26660|AAC26660.1	35.71	14	9	0	3	16	230	243	2.5	16.6
Seq1072_54_bp_-1_0_0	ENA|CAA28033|CAA28033.1	50.00	8	4	0	7	14	1031	1038	3.4	18.6
Seq1072_54_bp_-1_0_0	ENA|AAB66912|AAB66912.1	27.27	11	8	0	5	15	732	742	3.8	17.9
Seq1072_54_bp_-1_0_0	ENA|AAR37016|AAR37016.1	33.33	9	6	0	1	9	1118	1126	3.9	19.2
Seq1072_54_bp_-1_0_0	ENA|BAA32018|BAA32018.1	66.67	6	2	0	1	6	78	83	3.9	17.3
Seq1072_54_bp_-1_0_0	ENA|AAC17860|AAC17860.1	60.00	5	2	0	3	7	312	316	4	16.6
Seq1072_54_bp_-1_0_0	ENA|CAA29968|CAA29968.1	50.00	6	3	0	3	8	95	100	4.6	15.4
Seq1072_54_bp_-1_0_0	ENA|AAC97205|AAC97205.1	50.00	6	3	0	11	16	560	565	4.9	17.9
Seq1072_54_bp_-1_0_0	ENA|CCP43727|CCP43727.1	42.86	7	4	0	9	15	214	220	4.9	16.0
Seq1072_54_bp_-1_0_0	ENA|CAA26023|CAA26023.1	75.00	4	1	0	7	10	39	42	5.7	16.0
Seq1072_54_bp_-1_0_0	ENA|AAA42531|AAA42531.1	45.45	11	6	0	8	18	278	288	5.8	16.0
Seq1072_54_bp_-1_0_0	ENA|CAA36214|CAA36214.1	45.45	11	6	0	4	14	232	242	7	15.4
Seq1072_54_bp_-1_0_0	ENA|AAC40132|AAC40132.1	50.00	10	5	0	6	15	225	234	7	16.0
Seq1072_54_bp_-1_0_0	ENA|AAA32624|AAA32624.1	66.67	6	2	0	13	18	224	229	7.7	16.0
Seq1072_54_bp_-1_0_0	ENA|AAI27517|AAI27517.1	66.67	6	2	0	3	8	495	500	8.6	16.0
Seq1072_54_bp_-1_0_0	ENA|AAA18786|AAA18786.1	66.67	6	2	0	8	13	100	105	9.3	14.7
Seq1072_54_bp_-1_0_0	ENA|AAC78721|AAC78721.1	50.00	10	5	0	5	14	106	115	9.7	16.0
Seq1072_54_bp_-1_0_0	ENA|BAA36759|BAA36759.1	26.67	15	11	0	4	18	273	287	10	14.7
Seq1072_54_bp_-1_1_0	ENA|BAA05866|BAA05866.1	50.00	10	5	0	1	10	268	277	1.2	17.8
Seq1072_54_bp_-1_1_0	ENA|BAB79260|BAB79260.1	44.44	9	5	0	2	10	273	281	1.7	17.8
Seq1072_54_bp_-1_1_0	ENA|CAA28033|CAA28033.1	55.56	9	4	0	4	12	859	867	2.2	19.0
Seq1072_54_bp_-1_1_0	ENA|AAA36539|AAA36539.1	40.00	10	6	0	2	11	468	477	4.1	16.6
Seq1072_54_bp_-1_1_0	ENA|CCP43727|CCP43727.1	44.44	9	5	0	7	15	278	286	4.3	16.0
Seq1072_54_bp_-1_1_0	ENA|CAA73529|CAA73529.1	36.36	11	7	0	1	11	191	201	5.3	15.4
Seq1072_54_bp_-1_1_0	ENA|AAB96524|AAB96524.1	57.14	7	3	0	7	13	20	26	5.4	14.8
Seq1072_54_bp_-1_1_0	ENA|ABN10845|ABN10845.1	36.36	11	7	0	5	15	18	28	6.3	14.8
Seq1072_54_bp_-1_1_0	ENA|AAA42531|AAA42531.1	50.00	8	4	0	5	12	213	220	7.4	15.4
Seq1072_54_bp_-1_1_0	ENA|AAB26998|AAB26998.1	50.00	6	3	0	4	9	53	58	7.8	13.0
Seq1072_54_bp_-1_1_0	ENA|AAC17860|AAC17860.1	44.44	9	5	0	7	15	254	262	7.8	15.4
Seq1072_54_bp_-1_1_0	ENA|AAA24145|AAA24145.1	44.44	9	5	0	3	11	313	321	8.7	15.4
Seq1072_54_bp_-1_1_0	ENA|AAC40132|AAC40132.1	40.00	10	6	0	2	11	382	391	8.9	15.4
Seq1072_54_bp_-1_1_0	ENA|AAR31603|AAR31603.1	62.50	8	3	0	6	13	125	132	9.3	14.8
Seq1072_54_bp_-1_1_0	ENA|CAB75732|CAB75732.1	66.67	6	2	0	5	10	570	575	9.5	16.6
Seq1072_54_bp_-1_2_0	ENA|BAA32956|BAA32956.1	57.14	14	6	0	4	17	10	23	1.7	16.8
Seq1072_54_bp_-1_2_0	ENA|AAA72732|AAA72732.1	46.15	13	7	0	1	13	43	55	6.8	15.4
Seq1072_54_bp_-1_2_0	ENA|AAF79734|AAF79734.1	46.67	15	8	0	2	16	152	166	8	17.3
Seq1072_54_bp_-1_2_0	ENA|BAA36759|BAA36759.1	42.86	7	4	0	11	17	111	117	8.7	14.9
