Seq10063_393_bp_1_0_0	ENA|AAA72732|AAA72732.1	40.00	15	9	0	3	17	245	259	0.071	22.3
Seq10063_393_bp_1_0_0	ENA|AAI27517|AAI27517.1	50.00	14	7	0	5	18	467	480	0.33	21.1
Seq10063_393_bp_1_0_0	ENA|CAA45708|CAA45708.1	36.36	11	7	0	2	12	775	785	0.35	22.3
Seq10063_393_bp_1_0_0	ENA|AAB66912|AAB66912.1	62.50	8	3	0	10	17	928	935	0.52	21.1
Seq10063_393_bp_1_0_0	ENA|AAS77176|AAS77176.1	29.41	17	12	0	5	21	57	73	0.6	19.1
Seq10063_393_bp_1_0_0	ENA|AAA24145|AAA24145.1	54.55	11	5	0	10	20	202	212	0.62	19.8
Seq10063_393_bp_1_0_0	ENA|AAR37016|AAR37016.1	35.00	20	13	0	2	21	1906	1925	0.83	21.7
Seq10063_393_bp_1_0_0	ENA|AAA36114|AAA36114.1	54.55	11	5	0	2	12	437	447	1.1	19.1
Seq10063_393_bp_1_0_0	ENA|CAA26939|CAA26939.1	42.86	14	8	0	6	19	439	452	1.2	19.1
Seq10063_393_bp_1_0_0	ENA|ABK71357|ABK71357.1	43.75	17	9	1	2	18	1	16	1.2	18.5
Seq10063_393_bp_1_0_0	ENA|BAB79260|BAB79260.1	30.00	10	7	0	3	12	239	248	3.5	17.2
Seq10063_393_bp_1_0_0	ENA|CAA36214|CAA36214.1	41.67	12	7	0	8	19	236	247	3.7	16.6
Seq10063_393_bp_1_0_0	ENA|CCP43727|CCP43727.1	57.14	7	3	0	14	20	146	152	4	16.6
Seq10063_393_bp_1_0_0	ENA|AAA32624|AAA32624.1	80.00	5	1	0	1	5	276	280	4	17.2
Seq10063_393_bp_1_0_0	ENA|ACH70901|ACH70901.1	29.41	17	12	0	4	20	105	121	4.3	16.6
Seq10063_393_bp_1_0_0	ENA|CAA43419|CAA43419.1	25.00	16	12	0	4	19	151	166	4.4	16.6
Seq10063_393_bp_1_0_0	ENA|AAF79734|AAF79734.1	41.67	12	7	0	9	20	912	923	4.6	18.5
Seq10063_393_bp_1_0_0	ENA|AAC17860|AAC17860.1	28.57	14	10	0	7	20	13	26	4.9	16.6
Seq10063_393_bp_1_0_0	ENA|AAA18786|AAA18786.1	33.33	12	8	0	7	18	70	81	5	15.9
Seq10063_393_bp_1_0_0	ENA|AAB26998|AAB26998.1	60.00	5	2	0	1	5	30	34	5.5	14.0
Seq10063_393_bp_1_0_0	ENA|CAA29968|CAA29968.1	30.00	10	7	0	4	13	72	81	5.6	15.3
Seq10063_393_bp_1_0_0	ENA|AAC40132|AAC40132.1	57.14	7	3	0	4	10	448	454	5.6	16.6
Seq10063_393_bp_1_0_0	ENA|CAA28033|CAA28033.1	37.50	8	5	0	2	9	1225	1232	6.3	17.8
Seq10063_393_bp_1_0_0	ENA|AAQ92751|AAQ92751.2	36.36	11	7	0	2	12	1251	1261	6.7	17.8
Seq10063_393_bp_1_0_0	ENA|AAC26660|AAC26660.1	50.00	8	4	0	14	21	57	64	7.3	15.3
Seq10063_393_bp_1_0_0	ENA|ABD49687|ABD49687.1	30.00	10	7	0	9	18	110	119	8.2	17.8
Seq10063_393_bp_1_0_0	ENA|CAA45199|CAA45199.1	50.00	8	4	0	11	18	373	380	8.5	15.9
Seq10063_393_bp_1_0_0	ENA|AAC49865|AAC49865.1	33.33	12	8	0	4	15	152	163	9.2	15.3
Seq10063_393_bp_1_0_0	ENA|CAA11507|CAA11507.1	57.14	7	3	0	8	14	852	858	9.9	17.2
Seq10063_393_bp_1_1_0	ENA|ABD33854|ABD33854.1	57.14	7	3	0	10	16	58	64	0.58	16.9
Seq10063_393_bp_1_1_0	ENA|AAC97205|AAC97205.1	57.14	7	3	0	7	13	896	902	1.6	19.7
Seq10063_393_bp_1_1_0	ENA|AAB26998|AAB26998.1	50.00	6	3	0	4	9	10	15	2.3	15.3
Seq10063_393_bp_1_1_0	ENA|CAA26023|CAA26023.1	37.50	8	5	0	4	11	94	101	2.4	17.5
Seq10063_393_bp_1_1_0	ENA|BAA05866|BAA05866.1	66.67	6	2	0	3	8	227	232	4	16.4
Seq10063_393_bp_1_1_0	ENA|AAR37016|AAR37016.1	62.50	8	3	0	5	12	2018	2025	4.5	19.2
Seq10063_393_bp_1_1_0	ENA|BAA32956|BAA32956.1	60.00	5	2	0	7	11	27	31	5.9	15.3
Seq10063_393_bp_1_1_0	ENA|AAA32624|AAA32624.1	50.00	13	5	3	5	17	300	309	6.7	16.4
Seq10063_393_bp_1_1_0	ENA|AAB96524|AAB96524.1	42.86	7	4	0	8	14	168	174	7.5	14.7
Seq10063_393_bp_1_1_0	ENA|BAB17681|BAB17681.1	37.50	8	5	0	3	10	32	39	7.5	15.3
Seq10063_393_bp_1_1_0	ENA|CAA29968|CAA29968.1	40.00	5	3	0	11	15	105	109	7.8	14.7
Seq10063_393_bp_1_1_0	ENA|CAA36214|CAA36214.1	80.00	5	1	0	1	5	213	217	8.3	15.3
Seq10063_393_bp_1_1_0	ENA|ABN10845|ABN10845.1	100.00	3	0	0	6	8	52	54	8.7	14.7
Seq10063_393_bp_1_2_0	ENA|BAB17681|BAB17681.1	42.86	14	8	0	6	19	176	189	0.18	20.7
Seq10063_393_bp_1_2_0	ENA|CAA28033|CAA28033.1	23.08	13	10	0	5	17	32	44	2.7	19.0
Seq10063_393_bp_1_2_0	ENA|AAA18786|AAA18786.1	44.44	9	5	0	3	11	186	194	2.8	16.7
Seq10063_393_bp_1_2_0	ENA|BAA32018|BAA32018.1	25.00	12	9	0	9	20	162	173	2.9	17.9
Seq10063_393_bp_1_2_0	ENA|CAA45199|CAA45199.1	44.44	9	5	0	1	9	215	223	3.3	17.3
Seq10063_393_bp_1_2_0	ENA|ABD33854|ABD33854.1	33.33	6	4	0	12	17	39	44	4.7	13.9
Seq10063_393_bp_1_2_0	ENA|CAA45708|CAA45708.1	50.00	6	3	0	1	6	299	304	4.7	18.4
Seq10063_393_bp_1_2_0	ENA|BAB79260|BAB79260.1	75.00	4	1	0	3	6	174	177	6.7	16.2
Seq10063_393_bp_1_2_0	ENA|AAR37016|AAR37016.1	36.36	11	7	0	9	19	452	462	7.1	18.4
Seq10063_393_bp_1_2_0	ENA|AAC49865|AAC49865.1	50.00	4	2	0	3	6	173	176	7.2	15.6
Seq10063_393_bp_1_2_0	ENA|CAA26023|CAA26023.1	41.67	17	7	5	4	20	39	50	8.3	15.6
Seq10063_393_bp_1_2_0	ENA|AAA42531|AAA42531.1	54.55	11	5	0	6	16	41	51	8.4	15.6
Seq10063_393_bp_1_2_0	ENA|CAA11507|CAA11507.1	37.50	8	5	0	10	17	266	273	8.9	17.3
Seq10063_393_bp_1_2_0	ENA|AAA24145|AAA24145.1	33.33	9	6	0	1	9	95	103	9.9	15.6
Seq10063_393_bp_-1_0_0	ENA|AAQ92751|AAQ92751.2	45.45	11	6	0	1	11	411	421	0.033	25.6
Seq10063_393_bp_-1_0_0	ENA|CAA26939|CAA26939.1	60.00	10	4	0	3	12	466	475	0.033	24.3
Seq10063_393_bp_-1_0_0	ENA|CAA26939|CAA26939.1	55.56	9	4	0	4	12	523	531	0.52	20.3
Seq10063_393_bp_-1_0_0	ENA|CAA29956|CAA29956.1	44.44	9	5	0	6	14	287	295	0.055	23.0
Seq10063_393_bp_-1_0_0	ENA|ACT10338|ACT10338.1	21.43	14	11	0	2	15	294	307	0.057	23.0
Seq10063_393_bp_-1_0_0	ENA|AAI27517|AAI27517.1	43.75	20	9	4	1	16	403	422	0.14	22.3
Seq10063_393_bp_-1_0_0	ENA|AAC08817|AAC08817.1	41.18	20	10	3	2	21	86	102	0.35	19.0
Seq10063_393_bp_-1_0_0	ENA|AAR31603|AAR31603.1	33.33	9	6	0	3	11	135	143	0.47	19.7
Seq10063_393_bp_-1_0_0	ENA|AAA25966|AAA25966.1	46.67	15	8	0	6	20	686	700	0.65	20.3
Seq10063_393_bp_-1_0_0	ENA|BAB79260|BAB79260.1	100.00	3	0	0	10	12	200	202	1	19.0
Seq10063_393_bp_-1_0_0	ENA|CAD53387|CAD53387.1	66.67	6	2	0	4	9	36	41	1.1	19.0
Seq10063_393_bp_-1_0_0	ENA|CAL82360|CAL82360.1	50.00	10	5	0	11	20	1014	1023	1.2	20.3
Seq10063_393_bp_-1_0_0	ENA|CAA45708|CAA45708.1	38.46	15	8	2	8	20	1292	1306	2.1	19.7
Seq10063_393_bp_-1_0_0	ENA|ABN10845|ABN10845.1	36.36	11	7	0	6	16	199	209	3	16.4
Seq10063_393_bp_-1_0_0	ENA|AAB03707|AAB03707.1	75.00	4	1	0	8	11	1349	1352	3	19.0
Seq10063_393_bp_-1_0_0	ENA|AAB66912|AAB66912.1	44.44	9	5	0	5	13	809	817	3.2	18.4
Seq10063_393_bp_-1_0_0	ENA|CAA26023|CAA26023.1	50.00	10	5	0	12	21	306	315	3.3	17.1
Seq10063_393_bp_-1_0_0	ENA|CAA73529|CAA73529.1	57.14	7	3	0	2	8	43	49	3.7	16.4
Seq10063_393_bp_-1_0_0	ENA|ABD49687|ABD49687.1	100.00	3	0	0	9	11	224	226	3.7	19.0
Seq10063_393_bp_-1_0_0	ENA|CAA36214|CAA36214.1	66.67	6	2	0	5	10	243	248	4.1	16.4
Seq10063_393_bp_-1_0_0	ENA|CAA29968|CAA29968.1	66.67	3	1	0	11	13	99	101	4.1	15.7
Seq10063_393_bp_-1_0_0	ENA|ABK71357|ABK71357.1	66.67	6	2	0	1	6	59	64	5	16.4
Seq10063_393_bp_-1_0_0	ENA|AAC97205|AAC97205.1	42.86	7	4	0	4	10	1002	1008	6.5	17.7
Seq10063_393_bp_-1_0_0	ENA|ACH70901|ACH70901.1	60.00	5	2	0	6	10	134	138	7.4	15.7
Seq10063_393_bp_-1_0_0	ENA|AAR37016|AAR37016.1	42.86	7	4	0	8	14	339	345	7.8	18.4
Seq10063_393_bp_-1_0_0	ENA|AAC17860|AAC17860.1	60.00	5	2	0	7	11	399	403	8.4	15.7
Seq10063_393_bp_-1_0_0	ENA|EDO47375|EDO47375.1	30.77	13	9	0	9	21	2	14	9.5	14.4
Seq10063_393_bp_-1_0_0	ENA|AAA36539|AAA36539.1	22.22	9	7	0	12	20	192	200	9.6	15.7
Seq10063_393_bp_-1_1_0	ENA|AAA36114|AAA36114.1	57.14	7	3	0	9	15	162	168	0.59	19.9
Seq10063_393_bp_-1_1_0	ENA|ABN10845|ABN10845.1	33.33	15	10	0	4	18	58	72	2	16.9
Seq10063_393_bp_-1_1_0	ENA|CAA24711|CAA24711.1	44.44	9	5	0	11	19	147	155	2.4	16.3
Seq10063_393_bp_-1_1_0	ENA|AAA18786|AAA18786.1	41.67	12	7	0	7	18	145	156	2.5	16.9
Seq10063_393_bp_-1_1_0	ENA|BAA32018|BAA32018.1	71.43	7	2	0	10	16	622	628	2.5	18.1
Seq10063_393_bp_-1_1_0	ENA|AAC40132|AAC40132.1	62.50	8	3	0	8	15	57	64	2.9	17.5
Seq10063_393_bp_-1_1_0	ENA|CAA26939|CAA26939.1	57.14	7	3	0	12	18	37	43	3.5	17.5
Seq10063_393_bp_-1_1_0	ENA|BAA36759|BAA36759.1	44.44	9	5	0	7	15	281	289	4	16.3
Seq10063_393_bp_-1_1_0	ENA|BAB79260|BAB79260.1	50.00	8	4	0	12	19	107	114	4.1	16.9
Seq10063_393_bp_-1_1_0	ENA|CAA28033|CAA28033.1	44.44	9	5	0	2	10	185	193	5.1	18.1
Seq10063_393_bp_-1_1_0	ENA|AAQ92751|AAQ92751.2	66.67	6	2	0	8	13	264	269	5.4	18.1
Seq10063_393_bp_-1_1_0	ENA|AAC17860|AAC17860.1	36.36	11	7	0	6	16	359	369	5.6	16.3
Seq10063_393_bp_-1_1_0	ENA|AAF79734|AAF79734.1	50.00	8	4	0	8	15	264	271	5.7	18.1
Seq10063_393_bp_-1_1_0	ENA|CAL82360|CAL82360.1	40.00	15	9	0	4	18	659	673	7.5	17.5
Seq10063_393_bp_-1_1_0	ENA|AAC26660|AAC26660.1	30.00	10	7	0	5	14	63	72	8	15.1
Seq10063_393_bp_-1_1_0	ENA|CAA45708|CAA45708.1	27.27	11	8	0	6	16	1357	1367	8.8	17.5
Seq10063_393_bp_-1_1_0	ENA|CAA29968|CAA29968.1	57.14	7	3	0	4	10	89	95	9.1	14.5
Seq10063_393_bp_-1_1_0	ENA|CAA36214|CAA36214.1	100.00	4	0	0	11	14	101	104	9.3	15.1
Seq10063_393_bp_-1_2_0	ENA|AAC17860|AAC17860.1	54.55	11	5	0	2	12	163	173	0.25	20.9
Seq10063_393_bp_-1_2_0	ENA|BAA32018|BAA32018.1	71.43	7	2	0	2	8	165	171	0.83	19.7
Seq10063_393_bp_-1_2_0	ENA|CAA26023|CAA26023.1	50.00	10	5	0	1	10	167	176	1.7	18.0
Seq10063_393_bp_-1_2_0	ENA|AAB26998|AAB26998.1	50.00	8	4	0	5	12	12	19	1.7	15.7
Seq10063_393_bp_-1_2_0	ENA|AAA42531|AAA42531.1	41.67	12	7	0	9	20	338	349	1.7	18.0
Seq10063_393_bp_-1_2_0	ENA|CAA45708|CAA45708.1	45.45	11	6	0	10	20	1388	1398	2	19.7
Seq10063_393_bp_-1_2_0	ENA|BAB17681|BAB17681.1	60.00	5	2	0	5	9	35	39	3.9	16.3
Seq10063_393_bp_-1_2_0	ENA|AAF79734|AAF79734.1	40.00	10	6	0	7	16	658	667	6.1	18.0
Seq10063_393_bp_-1_2_0	ENA|CAA26939|CAA26939.1	33.33	12	8	0	6	17	350	361	7.8	16.3
Seq10063_393_bp_-1_2_0	ENA|AAA18786|AAA18786.1	85.71	8	1	1	4	10	183	190	8	15.1
Seq10063_393_bp_-1_2_0	ENA|AAS77176|AAS77176.1	23.08	13	10	0	7	19	156	168	8.6	15.1
Seq10063_393_bp_-1_2_0	ENA|AAR31603|AAR31603.1	57.14	7	3	0	1	7	14	20	9.7	15.1
Seq10063_393_bp_-1_2_0	ENA|AAC49865|AAC49865.1	33.33	9	6	0	9	17	127	135	9.7	15.1
