Seq10006_785_bp_1_0_0	ENA|BAA32991|BAA32991.1	30.77	13	9	0	29	41	46	58	2.4	16.4
Seq10006_785_bp_1_0_0	ENA|AAA24145|AAA24145.1	43.75	16	9	0	38	53	51	66	6	17.8
Seq10006_785_bp_1_0_0	ENA|AAB96524|AAB96524.1	26.92	26	19	0	2	27	25	50	6.3	16.4
Seq10006_785_bp_1_0_0	ENA|AAC17860|AAC17860.1	26.32	19	14	0	23	41	40	58	7.3	17.3
Seq10006_785_bp_1_0_0	ENA|BAA05866|BAA05866.1	31.03	29	20	0	19	47	202	230	7.5	16.9
Seq10006_785_bp_1_0_0	ENA|ABG75784|ABG75784.1	42.86	14	8	0	21	34	232	245	7.6	16.9
Seq10006_785_bp_1_0_0	ENA|AAA42531|AAA42531.1	37.93	29	18	0	5	33	121	149	9.3	16.9
Seq10006_785_bp_1_0_1	ENA|ACT10338|ACT10338.1	69.23	18	4	5	50	67	298	310	0.48	22.5
Seq10006_785_bp_1_0_1	ENA|ABD33854|ABD33854.1	32.14	28	19	0	68	95	15	42	1.7	18.0
Seq10006_785_bp_1_0_1	ENA|CAA45708|CAA45708.1	45.45	22	12	0	63	84	234	255	1.9	22.5
Seq10006_785_bp_1_0_1	ENA|BAA36759|BAA36759.1	32.14	28	19	0	95	122	129	156	2	20.0
Seq10006_785_bp_1_0_1	ENA|AAB26998|AAB26998.1	46.15	13	7	0	66	78	34	46	2.1	18.0
Seq10006_785_bp_1_0_1	ENA|CAA73529|CAA73529.1	46.15	27	14	1	94	120	27	52	2.6	19.5
Seq10006_785_bp_1_0_1	ENA|AAC49865|AAC49865.1	46.67	15	8	0	112	126	107	121	3.1	19.5
Seq10006_785_bp_1_0_1	ENA|AAQ92751|AAQ92751.2	41.03	44	23	5	38	80	1043	1082	3.3	21.5
Seq10006_785_bp_1_0_1	ENA|ABD49687|ABD49687.1	20.00	25	20	0	20	44	718	742	4.1	21.5
Seq10006_785_bp_1_0_1	ENA|AAC26660|AAC26660.1	83.33	6	1	0	110	115	229	234	4.8	18.5
Seq10006_785_bp_1_0_1	ENA|AAC08817|AAC08817.1	46.15	13	7	0	62	74	19	31	5.8	17.5
Seq10006_785_bp_1_0_1	ENA|AAA32624|AAA32624.1	29.63	27	19	0	68	94	134	160	6.8	19.0
Seq10006_785_bp_1_0_1	ENA|AAI27517|AAI27517.1	41.67	12	7	0	108	119	492	503	7.6	19.0
Seq10006_785_bp_1_0_1	ENA|BAA32956|BAA32956.1	40.00	10	6	0	78	87	195	204	7.6	17.5
Seq10006_785_bp_1_0_1	ENA|AAR37016|AAR37016.1	56.25	17	7	1	60	76	547	562	7.6	21.0
Seq10006_785_bp_1_0_1	ENA|CAA11507|CAA11507.1	26.67	33	22	3	50	82	1180	1209	8.7	20.0
Seq10006_785_bp_1_0_1	ENA|AAB03707|AAB03707.1	38.46	26	16	0	80	105	854	879	8.8	20.0
Seq10006_785_bp_1_0_1	ENA|AAA36114|AAA36114.1	40.00	15	9	0	97	111	285	299	9.1	18.5
Seq10006_785_bp_1_0_1	ENA|AAA25966|AAA25966.1	33.33	24	16	0	63	86	544	567	9.2	19.0
Seq10006_785_bp_1_0_2	ENA|ABD49687|ABD49687.1	36.36	33	21	0	5	37	95	127	0.26	24.2
Seq10006_785_bp_1_0_2	ENA|BAA32991|BAA32991.1	62.50	8	3	0	34	41	59	66	0.3	19.3
Seq10006_785_bp_1_0_2	ENA|AAC97205|AAC97205.1	28.89	52	32	7	5	49	834	885	0.51	22.7
Seq10006_785_bp_1_0_2	ENA|BAA05866|BAA05866.1	43.75	16	9	0	7	22	22	37	0.96	19.8
Seq10006_785_bp_1_0_2	ENA|AAC08817|AAC08817.1	50.00	16	7	2	17	32	111	124	1.9	17.9
Seq10006_785_bp_1_0_2	ENA|AAR37016|AAR37016.1	37.50	28	15	4	17	40	621	648	2.6	21.3
Seq10006_785_bp_1_0_2	ENA|AAQ92751|AAQ92751.2	25.00	20	15	0	28	47	1203	1222	4.2	19.8
Seq10006_785_bp_1_0_2	ENA|AAA18786|AAA18786.1	25.00	20	15	0	20	39	54	73	4.4	17.4
Seq10006_785_bp_1_0_2	ENA|AAF79734|AAF79734.1	31.82	22	15	0	15	36	720	741	4.4	19.8
Seq10006_785_bp_1_0_2	ENA|AAR31603|AAR31603.1	30.00	20	14	0	4	23	293	312	5.3	17.4
Seq10006_785_bp_1_0_2	ENA|CAA45199|CAA45199.1	30.77	13	9	0	4	16	371	383	5.4	17.9
Seq10006_785_bp_1_0_2	ENA|CAA11507|CAA11507.1	25.00	24	18	0	5	28	835	858	7.8	18.8
Seq10006_785_bp_1_0_2	ENA|ABK71357|ABK71357.1	38.10	21	13	0	13	33	283	303	8.2	16.9
Seq10006_785_bp_1_0_2	ENA|AAA32624|AAA32624.1	30.00	21	14	1	16	36	234	253	8.3	17.4
Seq10006_785_bp_1_0_2	ENA|AAC17860|AAC17860.1	40.00	15	9	0	6	20	68	82	9	16.9
Seq10006_785_bp_1_0_2	ENA|AAB26998|AAB26998.1	33.33	18	12	0	17	34	19	36	9.3	14.4
Seq10006_785_bp_1_0_2	ENA|ABN10845|ABN10845.1	44.44	9	5	0	16	24	38	46	9.4	15.9
Seq10006_785_bp_1_0_3	ENA|CAA43419|CAA43419.1	60.00	10	4	0	1	10	37	46	0.13	20.9
Seq10006_785_bp_1_0_3	ENA|ACH70901|ACH70901.1	71.43	7	2	0	6	12	69	75	1.3	17.5
Seq10006_785_bp_1_0_3	ENA|CAB75732|CAB75732.1	50.00	8	4	0	3	10	172	179	1.7	18.9
Seq10006_785_bp_1_0_3	ENA|AAC08817|AAC08817.1	100.00	4	0	0	8	11	140	143	2.2	15.5
Seq10006_785_bp_1_0_3	ENA|CAA11507|CAA11507.1	41.67	12	7	0	1	12	887	898	3.1	18.2
Seq10006_785_bp_1_0_3	ENA|CAA45708|CAA45708.1	71.43	7	2	0	2	8	843	849	3.4	18.2
Seq10006_785_bp_1_0_3	ENA|AAB96524|AAB96524.1	36.36	11	7	0	1	11	80	90	4.1	14.9
Seq10006_785_bp_1_0_3	ENA|BAB79260|BAB79260.1	66.67	6	2	0	7	12	123	128	6.2	15.5
Seq10006_785_bp_1_0_3	ENA|CAA36214|CAA36214.1	75.00	4	1	0	9	12	11	14	6.6	14.9
Seq10006_785_bp_1_0_3	ENA|AAR31603|AAR31603.1	27.27	11	8	0	1	11	297	307	7.1	14.9
Seq10006_785_bp_1_0_3	ENA|BAA32956|BAA32956.1	50.00	8	4	0	3	10	184	191	7.2	14.2
Seq10006_785_bp_1_0_3	ENA|ABD49687|ABD49687.1	60.00	10	4	0	3	12	473	482	9.1	16.9
Seq10006_785_bp_1_0_3	ENA|CAA45199|CAA45199.1	57.14	7	3	0	6	12	41	47	9.9	14.9
Seq10006_785_bp_1_1_0	ENA|AAB26998|AAB26998.1	60.00	5	2	0	10	14	35	39	1.1	15.8
Seq10006_785_bp_1_1_0	ENA|CAA73529|CAA73529.1	37.50	8	5	0	4	11	252	259	1.6	17.0
Seq10006_785_bp_1_1_0	ENA|CAA36214|CAA36214.1	75.00	4	1	0	9	12	212	215	1.8	17.0
Seq10006_785_bp_1_1_0	ENA|AAB66912|AAB66912.1	50.00	8	4	0	3	10	359	366	3.7	17.6
Seq10006_785_bp_1_1_0	ENA|ABD49687|ABD49687.1	41.67	12	7	0	2	13	883	894	4.5	18.2
Seq10006_785_bp_1_1_0	ENA|CAA29956|CAA29956.1	35.71	14	9	0	1	14	60	73	4.9	15.8
Seq10006_785_bp_1_1_0	ENA|AAA18786|AAA18786.1	42.86	7	4	0	4	10	257	263	5.2	15.3
Seq10006_785_bp_1_1_0	ENA|AAA25966|AAA25966.1	60.00	5	2	0	9	13	651	655	6.2	16.4
Seq10006_785_bp_1_1_0	ENA|AAR31603|AAR31603.1	50.00	6	3	0	8	13	252	257	9.2	14.7
Seq10006_785_bp_1_1_1	ENA|AAI27517|AAI27517.1	36.11	36	23	0	2	37	384	419	0.00022	33.2
Seq10006_785_bp_1_1_1	ENA|CAA29956|CAA29956.1	45.00	20	11	0	39	58	196	215	0.35	21.9
Seq10006_785_bp_1_1_1	ENA|CAA36214|CAA36214.1	50.00	12	6	0	20	31	70	81	0.82	20.4
Seq10006_785_bp_1_1_1	ENA|AAC08817|AAC08817.1	38.89	18	11	0	3	20	25	42	0.86	19.3
Seq10006_785_bp_1_1_1	ENA|CAA26023|CAA26023.1	50.00	12	6	0	53	64	9	20	1.5	19.9
Seq10006_785_bp_1_1_1	ENA|AAA42531|AAA42531.1	42.11	19	11	0	5	23	280	298	1.5	19.9
Seq10006_785_bp_1_1_1	ENA|AAQ92751|AAQ92751.2	40.00	15	9	0	20	34	1191	1205	1.8	21.4
Seq10006_785_bp_1_1_1	ENA|CAD53387|CAD53387.1	29.17	24	17	0	14	37	444	467	1.9	19.9
Seq10006_785_bp_1_1_1	ENA|ACT10338|ACT10338.1	31.82	22	15	0	10	31	350	371	2.1	19.3
Seq10006_785_bp_1_1_1	ENA|BAA32956|BAA32956.1	60.00	10	4	0	14	23	186	195	2.3	18.3
Seq10006_785_bp_1_1_1	ENA|ACH70901|ACH70901.1	46.15	13	7	0	15	27	304	316	2.8	18.8
Seq10006_785_bp_1_1_1	ENA|ABD49687|ABD49687.1	42.86	14	8	0	51	64	110	123	3.2	20.9
Seq10006_785_bp_1_1_1	ENA|AAA36539|AAA36539.1	33.33	15	10	0	39	53	438	452	3.6	18.8
Seq10006_785_bp_1_1_1	ENA|AAF79734|AAF79734.1	33.33	15	10	0	30	44	1357	1371	3.8	20.4
Seq10006_785_bp_1_1_1	ENA|AAA36114|AAA36114.1	35.29	36	22	2	15	50	375	408	3.9	18.8
Seq10006_785_bp_1_1_1	ENA|AAA18786|AAA18786.1	50.00	17	8	1	48	64	202	217	4.1	17.8
Seq10006_785_bp_1_1_1	ENA|CAA29968|CAA29968.1	37.50	8	5	0	55	62	107	114	4.3	17.3
Seq10006_785_bp_1_1_1	ENA|BAA32018|BAA32018.1	75.00	8	2	0	56	63	430	437	4.7	18.8
Seq10006_785_bp_1_1_1	ENA|AAC49865|AAC49865.1	22.73	22	17	0	41	62	267	288	5	17.8
Seq10006_785_bp_1_1_1	ENA|CAA45199|CAA45199.1	41.18	17	10	0	22	38	400	416	5.1	18.3
Seq10006_785_bp_1_1_1	ENA|ABK71357|ABK71357.1	36.36	22	14	0	30	51	176	197	5.7	17.8
Seq10006_785_bp_1_1_1	ENA|CAA28033|CAA28033.1	44.44	18	10	0	32	49	62	79	6.8	19.3
Seq10006_785_bp_1_1_1	ENA|AAB66912|AAB66912.1	33.33	24	16	0	32	55	520	543	6.9	18.8
Seq10006_785_bp_1_1_1	ENA|AAA32624|AAA32624.1	50.00	10	5	0	2	11	27	36	7.8	17.8
Seq10006_785_bp_1_1_1	ENA|BAB17681|BAB17681.1	80.00	5	1	0	28	32	185	189	8.3	16.8
Seq10006_785_bp_1_1_1	ENA|AAC97205|AAC97205.1	55.56	9	4	0	14	22	33	41	9	18.8
Seq10006_785_bp_1_1_1	ENA|BAA05866|BAA05866.1	29.17	24	17	0	39	62	157	180	9.2	16.8
Seq10006_785_bp_1_1_1	ENA|ABG75784|ABG75784.1	42.86	7	4	0	8	14	39	45	9.3	16.8
Seq10006_785_bp_1_1_1	ENA|CAA36714|CAA36714.1	29.41	17	12	0	33	49	321	337	9.7	17.3
Seq10006_785_bp_1_1_2	ENA|ABN10845|ABN10845.1	40.91	25	13	3	2	24	39	62	0.18	22.1
Seq10006_785_bp_1_1_2	ENA|AAC97205|AAC97205.1	35.29	17	11	0	42	58	973	989	0.21	24.3
Seq10006_785_bp_1_1_2	ENA|CAA24711|CAA24711.1	66.67	9	3	0	20	28	7	15	0.45	20.4
Seq10006_785_bp_1_1_2	ENA|CAA43419|CAA43419.1	58.33	12	5	0	22	33	330	341	0.65	20.9
Seq10006_785_bp_1_1_2	ENA|AAA18786|AAA18786.1	46.67	15	8	0	21	35	243	257	0.7	20.4
Seq10006_785_bp_1_1_2	ENA|AAB03707|AAB03707.1	54.55	11	5	0	24	34	407	417	0.75	22.6
Seq10006_785_bp_1_1_2	ENA|CCP43727|CCP43727.1	31.58	19	13	0	22	40	55	73	0.86	20.4
Seq10006_785_bp_1_1_2	ENA|AAI27517|AAI27517.1	27.78	36	26	0	21	56	455	490	1	20.9
Seq10006_785_bp_1_1_2	ENA|AAC17860|AAC17860.1	36.84	21	12	2	9	29	363	381	1.1	20.4
Seq10006_785_bp_1_1_2	ENA|AAR31603|AAR31603.1	35.71	14	9	0	31	44	8	21	1.3	19.8
Seq10006_785_bp_1_1_2	ENA|ABK71357|ABK71357.1	50.00	16	8	0	26	41	273	288	1.4	19.8
Seq10006_785_bp_1_1_2	ENA|ACT10338|ACT10338.1	46.67	15	8	0	22	36	213	227	1.5	19.8
Seq10006_785_bp_1_1_2	ENA|AAB96524|AAB96524.1	43.75	16	9	0	1	16	87	102	2.3	18.1
Seq10006_785_bp_1_1_2	ENA|AAC49865|AAC49865.1	38.46	13	8	0	22	34	192	204	2.7	18.7
Seq10006_785_bp_1_1_2	ENA|CAA73529|CAA73529.1	57.14	7	3	0	6	12	98	104	3.3	18.1
Seq10006_785_bp_1_1_2	ENA|EDO47375|EDO47375.1	30.77	13	9	0	3	15	117	129	3.4	17.5
Seq10006_785_bp_1_1_2	ENA|AAA25966|AAA25966.1	30.77	29	18	3	11	39	125	150	4	19.2
Seq10006_785_bp_1_1_2	ENA|CAA29956|CAA29956.1	40.00	22	12	2	29	50	358	377	4.5	18.1
Seq10006_785_bp_1_1_2	ENA|CAA28033|CAA28033.1	40.00	10	6	0	45	54	21	30	4.9	19.8
Seq10006_785_bp_1_1_2	ENA|ABD49687|ABD49687.1	37.50	16	10	0	42	57	1057	1072	6.3	19.8
Seq10006_785_bp_1_1_2	ENA|AAF79734|AAF79734.1	37.50	16	10	0	10	25	670	685	7.8	19.2
Seq10006_785_bp_1_1_2	ENA|ACH70901|ACH70901.1	25.00	28	21	0	25	52	142	169	9.1	17.0
Seq10006_785_bp_1_1_2	ENA|CAA26023|CAA26023.1	60.00	5	2	0	48	52	235	239	9.6	17.0
Seq10006_785_bp_1_1_3	ENA|AAA42531|AAA42531.1	38.46	26	16	0	16	41	288	313	0.056	25.5
Seq10006_785_bp_1_1_3	ENA|CAA29968|CAA29968.1	37.50	25	15	1	93	117	171	194	0.4	21.6
Seq10006_785_bp_1_1_3	ENA|AAA32624|AAA32624.1	58.33	12	5	0	51	62	40	51	1.5	21.2
Seq10006_785_bp_1_1_3	ENA|AAI27517|AAI27517.1	36.84	19	12	0	53	71	305	323	1.7	21.2
Seq10006_785_bp_1_1_3	ENA|CAA73529|CAA73529.1	33.33	18	12	0	52	69	213	230	2.1	19.7
Seq10006_785_bp_1_1_3	ENA|ABN10845|ABN10845.1	54.55	11	5	0	103	113	184	194	3.2	18.8
Seq10006_785_bp_1_1_3	ENA|AAB03707|AAB03707.1	38.71	32	19	1	88	118	665	696	3.9	21.2
Seq10006_785_bp_1_1_3	ENA|ABD33854|ABD33854.1	60.00	5	2	0	30	34	57	61	4.9	16.4
Seq10006_785_bp_1_1_3	ENA|AAA25966|AAA25966.1	31.82	22	15	0	93	114	568	589	7.4	19.2
Seq10006_785_bp_1_1_3	ENA|AAC17860|AAC17860.1	50.00	16	8	0	94	109	136	151	8.1	18.3
Seq10006_785_bp_1_1_3	ENA|CAA36714|CAA36714.1	28.12	33	23	1	41	72	431	463	9.1	18.3
Seq10006_785_bp_1_2_0	ENA|AAC08817|AAC08817.1	56.25	16	7	0	75	90	51	66	0.23	23.1
Seq10006_785_bp_1_2_0	ENA|AAC26660|AAC26660.1	38.10	21	13	0	173	193	115	135	0.27	23.6
Seq10006_785_bp_1_2_0	ENA|AAR31603|AAR31603.1	28.21	39	28	0	20	58	266	304	0.34	23.6
Seq10006_785_bp_1_2_0	ENA|ABD49687|ABD49687.1	28.57	28	20	0	67	94	1151	1178	0.93	24.5
Seq10006_785_bp_1_2_0	ENA|EDO47375|EDO47375.1	42.11	19	11	0	121	139	54	72	1.4	20.7
Seq10006_785_bp_1_2_0	ENA|AAC17860|AAC17860.1	33.33	27	18	0	93	119	163	189	1.6	21.7
Seq10006_785_bp_1_2_0	ENA|CAB75732|CAB75732.1	30.00	51	35	1	12	61	759	809	1.7	23.1
Seq10006_785_bp_1_2_0	ENA|BAA32018|BAA32018.1	46.67	15	8	0	207	221	422	436	1.7	22.2
Seq10006_785_bp_1_2_0	ENA|CAA26939|CAA26939.1	39.13	24	14	1	158	181	489	511	2.2	21.7
Seq10006_785_bp_1_2_0	ENA|AAA42531|AAA42531.1	39.13	23	14	0	173	195	164	186	2.8	20.7
Seq10006_785_bp_1_2_0	ENA|BAA36759|BAA36759.1	50.00	16	8	0	123	138	274	289	2.9	20.3
Seq10006_785_bp_1_2_0	ENA|AAC49865|AAC49865.1	34.48	29	19	0	166	194	2	30	3.3	20.3
Seq10006_785_bp_1_2_0	ENA|BAB79260|BAB79260.1	36.00	25	16	0	166	190	287	311	4.5	20.3
Seq10006_785_bp_1_2_0	ENA|CAA24711|CAA24711.1	24.39	43	31	2	100	142	120	160	4.6	18.9
Seq10006_785_bp_1_2_0	ENA|AAA36539|AAA36539.1	37.50	26	15	2	133	156	193	218	4.7	20.3
Seq10006_785_bp_1_2_0	ENA|AAQ92751|AAQ92751.2	33.33	18	12	0	45	62	872	889	5.1	21.7
Seq10006_785_bp_1_2_0	ENA|BAB17681|BAB17681.1	29.41	17	12	0	154	170	123	139	5.2	19.3
Seq10006_785_bp_1_2_0	ENA|CAA45199|CAA45199.1	53.85	13	6	0	112	124	167	179	6.4	19.8
Seq10006_785_bp_1_2_0	ENA|CAA28033|CAA28033.1	24.32	37	28	0	84	120	115	151	6.6	21.2
Seq10006_785_bp_1_2_0	ENA|AAC97205|AAC97205.1	43.75	16	9	0	34	49	23	38	8.6	20.7
Seq10006_785_bp_1_2_0	ENA|AAA32624|AAA32624.1	44.44	19	10	1	158	176	441	458	9.6	19.3
Seq10006_785_bp_1_2_1	ENA|CCP43727|CCP43727.1	25.00	12	9	0	2	13	319	330	1.7	17.3
Seq10006_785_bp_1_2_1	ENA|AAA32624|AAA32624.1	44.44	9	5	0	4	12	169	177	2.7	17.3
Seq10006_785_bp_1_2_1	ENA|ACH70901|ACH70901.1	50.00	12	6	0	2	13	154	165	2.8	16.7
Seq10006_785_bp_1_2_1	ENA|EDO47375|EDO47375.1	44.44	9	5	0	7	15	23	31	3.4	15.5
Seq10006_785_bp_1_2_1	ENA|AAS77176|AAS77176.1	50.00	10	5	0	5	14	265	274	3.4	16.1
Seq10006_785_bp_1_2_1	ENA|AAA18786|AAA18786.1	46.15	13	7	0	1	13	155	167	4.7	15.5
Seq10006_785_bp_1_2_1	ENA|AAB03707|AAB03707.1	40.00	10	6	0	2	11	1110	1119	6.8	17.3
Seq10006_785_bp_1_2_1	ENA|AAA24145|AAA24145.1	50.00	10	5	0	3	12	34	43	7.9	15.5
Seq10006_785_bp_1_2_1	ENA|AAA36539|AAA36539.1	50.00	8	4	0	6	13	219	226	8.1	15.5
Seq10006_785_bp_1_2_1	ENA|ABN10845|ABN10845.1	71.43	7	2	0	6	12	188	194	8.5	14.3
Seq10006_785_bp_1_2_1	ENA|ABD33854|ABD33854.1	25.00	8	6	0	2	9	19	26	8.6	12.5
Seq10006_785_bp_1_2_1	ENA|ABK71357|ABK71357.1	100.00	5	0	0	9	13	2	6	9.5	14.9
Seq10006_785_bp_1_2_1	ENA|CAA28033|CAA28033.1	66.67	6	2	0	6	11	1037	1042	9.5	16.7
Seq10006_785_bp_-1_0_0	ENA|CAA29956|CAA29956.1	24.24	33	25	0	17	49	326	358	1.6	20.1
Seq10006_785_bp_-1_0_0	ENA|BAA32018|BAA32018.1	19.51	41	33	0	14	54	577	617	1.9	20.5
Seq10006_785_bp_-1_0_0	ENA|AAB26998|AAB26998.1	45.45	11	6	0	14	24	19	29	4	16.4
Seq10006_785_bp_-1_0_0	ENA|AAC17860|AAC17860.1	58.33	12	5	0	48	59	323	334	5.8	18.2
Seq10006_785_bp_-1_0_0	ENA|AAB96524|AAB96524.1	30.77	26	18	0	53	78	98	123	6.8	16.9
Seq10006_785_bp_-1_0_0	ENA|CAA26939|CAA26939.1	54.55	11	5	0	31	41	489	499	8	18.2
Seq10006_785_bp_-1_0_0	ENA|AAI27517|AAI27517.1	41.18	17	10	0	38	54	363	379	8.2	18.2
Seq10006_785_bp_-1_0_0	ENA|CCP43727|CCP43727.1	41.67	12	7	0	52	63	314	325	8.6	17.3
Seq10006_785_bp_-1_0_0	ENA|AAC40132|AAC40132.1	37.50	16	10	0	22	37	238	253	9	17.8
Seq10006_785_bp_-1_0_0	ENA|AAA32624|AAA32624.1	42.86	14	8	0	65	78	286	299	9.8	17.8
Seq10006_785_bp_-1_0_1	ENA|ABN10845|ABN10845.1	80.00	10	2	0	9	18	181	190	0.036	23.9
Seq10006_785_bp_-1_0_1	ENA|AAC17860|AAC17860.1	60.00	16	6	1	16	31	89	103	0.65	20.6
Seq10006_785_bp_-1_0_1	ENA|AAA18786|AAA18786.1	23.33	30	23	0	12	41	94	123	1.3	19.0
Seq10006_785_bp_-1_0_1	ENA|CAA28033|CAA28033.1	41.67	12	7	0	14	25	969	980	1.4	21.2
Seq10006_785_bp_-1_0_1	ENA|AAA72732|AAA72732.1	100.00	6	0	0	21	26	35	40	1.5	19.0
Seq10006_785_bp_-1_0_1	ENA|AAC97205|AAC97205.1	43.75	16	9	0	24	39	257	272	1.9	20.6
Seq10006_785_bp_-1_0_1	ENA|CAA11507|CAA11507.1	45.45	11	6	0	3	13	708	718	2.1	20.6
Seq10006_785_bp_-1_0_1	ENA|AAB96524|AAB96524.1	33.33	31	20	1	12	41	118	148	2.8	17.3
Seq10006_785_bp_-1_0_1	ENA|AAR31603|AAR31603.1	37.50	16	10	0	9	24	230	245	3.4	17.9
Seq10006_785_bp_-1_0_1	ENA|AAC08817|AAC08817.1	46.15	13	7	0	32	44	136	148	3.4	16.8
Seq10006_785_bp_-1_0_1	ENA|AAQ92751|AAQ92751.2	31.58	19	13	0	3	21	425	443	6.4	19.0
Seq10006_785_bp_-1_0_1	ENA|AAA24145|AAA24145.1	32.00	26	17	1	16	40	171	196	6.7	17.3
Seq10006_785_bp_-1_0_1	ENA|ACH70901|ACH70901.1	55.56	9	4	0	35	43	51	59	7.5	16.8
Seq10006_785_bp_-1_0_1	ENA|ABD49687|ABD49687.1	50.00	8	4	0	2	9	828	835	7.9	19.0
Seq10006_785_bp_-1_0_1	ENA|EDO47375|EDO47375.1	55.56	9	4	0	33	41	5	13	8.4	15.7
Seq10006_785_bp_-1_0_1	ENA|ABD33854|ABD33854.1	55.56	9	4	0	33	41	26	34	8.7	14.0
Seq10006_785_bp_-1_0_1	ENA|BAA32956|BAA32956.1	50.00	10	5	0	32	41	185	194	9.2	15.7
Seq10006_785_bp_-1_0_1	ENA|ABG75784|ABG75784.1	40.00	10	6	0	26	35	194	203	9.4	16.2
Seq10006_785_bp_-1_0_1	ENA|AAC49865|AAC49865.1	62.50	8	3	0	23	30	170	177	9.8	16.2
Seq10006_785_bp_-1_0_2	ENA|CAA26939|CAA26939.1	25.00	36	27	0	83	118	241	276	0.55	22.9
Seq10006_785_bp_-1_0_2	ENA|AAC49865|AAC49865.1	23.53	34	26	0	98	131	185	218	0.59	22.0
Seq10006_785_bp_-1_0_2	ENA|AAI27517|AAI27517.1	33.33	31	20	1	9	39	494	523	1.4	21.6
Seq10006_785_bp_-1_0_2	ENA|AAS77176|AAS77176.1	33.33	21	14	0	104	124	11	31	2.4	19.8
Seq10006_785_bp_-1_0_2	ENA|AAC08817|AAC08817.1	37.50	16	10	0	16	31	120	135	2.5	18.9
Seq10006_785_bp_-1_0_2	ENA|CCP43727|CCP43727.1	25.00	28	21	0	107	134	11	38	2.8	19.8
Seq10006_785_bp_-1_0_2	ENA|AAC97205|AAC97205.1	66.67	13	4	1	28	40	466	477	3	21.6
Seq10006_785_bp_-1_0_2	ENA|AAQ92751|AAQ92751.2	36.11	37	23	1	100	135	579	615	3.3	21.6
Seq10006_785_bp_-1_0_2	ENA|CAB75732|CAB75732.1	24.14	29	22	0	7	35	168	196	5.1	20.7
Seq10006_785_bp_-1_0_2	ENA|AAA36539|AAA36539.1	31.58	19	13	0	35	53	68	86	5.3	19.3
Seq10006_785_bp_-1_0_2	ENA|AAB66912|AAB66912.1	53.85	13	6	0	101	113	696	708	5.6	20.2
Seq10006_785_bp_-1_0_2	ENA|AAR31603|AAR31603.1	42.42	38	19	5	9	43	278	313	6.8	18.4
Seq10006_785_bp_-1_0_2	ENA|EDO47375|EDO47375.1	33.33	21	14	0	53	73	4	24	7.2	17.5
Seq10006_785_bp_-1_0_2	ENA|ABD33854|ABD33854.1	36.36	11	7	0	110	120	32	42	8.4	15.7
Seq10006_785_bp_-1_1_0	ENA|AAC08817|AAC08817.1	71.43	7	2	0	9	15	8	14	0.3	19.0
Seq10006_785_bp_-1_1_0	ENA|ABN10845|ABN10845.1	66.67	9	3	0	3	11	200	208	0.41	19.0
Seq10006_785_bp_-1_1_0	ENA|AAB26998|AAB26998.1	42.86	7	4	0	1	7	39	45	0.91	16.4
Seq10006_785_bp_-1_1_0	ENA|AAA36114|AAA36114.1	41.67	12	7	0	4	15	113	124	0.96	19.0
Seq10006_785_bp_-1_1_0	ENA|CAA28033|CAA28033.1	71.43	7	2	0	3	9	69	75	1	20.3
Seq10006_785_bp_-1_1_0	ENA|CAD53387|CAD53387.1	28.57	14	10	0	1	14	480	493	1.5	18.3
Seq10006_785_bp_-1_1_0	ENA|AAB03707|AAB03707.1	45.45	11	6	0	7	17	584	594	1.7	19.6
Seq10006_785_bp_-1_1_0	ENA|ABK71357|ABK71357.1	36.36	11	7	0	6	16	362	372	1.7	17.7
Seq10006_785_bp_-1_1_0	ENA|CAB75732|CAB75732.1	66.67	6	2	0	4	9	709	714	2.2	19.0
Seq10006_785_bp_-1_1_0	ENA|CAA45199|CAA45199.1	44.44	9	5	0	6	14	24	32	2.2	17.7
Seq10006_785_bp_-1_1_0	ENA|AAA32624|AAA32624.1	60.00	5	2	0	7	11	273	277	2.4	17.7
Seq10006_785_bp_-1_1_0	ENA|AAF79734|AAF79734.1	30.77	13	9	0	4	16	638	650	2.7	19.0
Seq10006_785_bp_-1_1_0	ENA|AAB66912|AAB66912.1	62.50	8	3	0	2	9	160	167	2.7	18.3
Seq10006_785_bp_-1_1_0	ENA|ACT10338|ACT10338.1	44.44	9	5	0	6	14	88	96	2.8	17.0
Seq10006_785_bp_-1_1_0	ENA|AAR37016|AAR37016.1	50.00	10	5	0	7	16	1350	1359	4.3	19.0
Seq10006_785_bp_-1_1_0	ENA|AAC26660|AAC26660.1	25.00	12	9	0	6	17	54	65	4.5	15.7
Seq10006_785_bp_-1_1_0	ENA|AAA18786|AAA18786.1	44.44	9	5	0	9	17	80	88	4.7	15.7
Seq10006_785_bp_-1_1_0	ENA|AAS77176|AAS77176.1	50.00	8	4	0	1	8	138	145	5	15.7
Seq10006_785_bp_-1_1_0	ENA|AAB96524|AAB96524.1	36.36	11	7	0	2	12	96	106	5.1	15.1
Seq10006_785_bp_-1_1_0	ENA|AAC17860|AAC17860.1	66.67	6	2	0	7	12	44	49	7	15.7
Seq10006_785_bp_-1_1_0	ENA|AAC78721|AAC78721.1	55.56	9	4	0	8	16	667	675	7.3	16.4
Seq10006_785_bp_-1_1_0	ENA|BAB17681|BAB17681.1	57.14	7	3	0	3	9	261	267	7.4	15.1
Seq10006_785_bp_-1_1_0	ENA|ABD49687|ABD49687.1	38.46	13	8	0	4	16	847	859	7.5	17.7
Seq10006_785_bp_-1_1_0	ENA|CAA29968|CAA29968.1	60.00	5	2	0	7	11	34	38	8.1	14.4
Seq10006_785_bp_-1_1_0	ENA|AAC97205|AAC97205.1	30.00	10	7	0	5	14	453	462	8.5	17.0
Seq10006_785_bp_-1_1_0	ENA|CCP43727|CCP43727.1	66.67	6	2	0	8	13	288	293	8.7	15.1
Seq10006_785_bp_-1_1_0	ENA|CAL82360|CAL82360.1	80.00	5	1	0	6	10	72	76	8.8	17.0
Seq10006_785_bp_-1_1_0	ENA|CAA26939|CAA26939.1	50.00	6	3	0	8	13	236	241	9.6	15.7
Seq10006_785_bp_-1_1_0	ENA|CAA43419|CAA43419.1	100.00	3	0	0	7	9	28	30	9.6	15.1
Seq10006_785_bp_-1_1_1	ENA|AAA36539|AAA36539.1	43.75	16	9	0	46	61	33	48	0.56	22.0
Seq10006_785_bp_-1_1_1	ENA|BAA32956|BAA32956.1	28.57	43	30	1	6	48	154	195	0.65	20.6
Seq10006_785_bp_-1_1_1	ENA|AAI27517|AAI27517.1	50.00	14	7	0	24	37	211	224	1.3	21.0
Seq10006_785_bp_-1_1_1	ENA|ABK71357|ABK71357.1	54.55	11	5	0	35	45	206	216	2.2	19.6
Seq10006_785_bp_-1_1_1	ENA|CAA73529|CAA73529.1	54.55	11	5	0	13	23	192	202	2.2	19.2
Seq10006_785_bp_-1_1_1	ENA|AAC97205|AAC97205.1	33.33	24	16	0	9	32	1185	1208	2.7	21.0
Seq10006_785_bp_-1_1_1	ENA|AAB96524|AAB96524.1	71.43	7	2	0	11	17	170	176	3.9	17.8
Seq10006_785_bp_-1_1_1	ENA|CAA11507|CAA11507.1	40.00	20	12	0	65	84	1240	1259	4.1	20.6
Seq10006_785_bp_-1_1_1	ENA|CAA24711|CAA24711.1	45.00	22	11	2	26	45	25	46	4.9	17.3
Seq10006_785_bp_-1_1_1	ENA|AAA24145|AAA24145.1	41.67	12	7	0	28	39	213	224	6.8	18.2
Seq10006_785_bp_-1_1_1	ENA|CAD53387|CAD53387.1	26.83	43	30	2	22	62	427	469	7.3	18.2
Seq10006_785_bp_-1_1_1	ENA|AAA25966|AAA25966.1	35.00	20	13	0	25	44	41	60	7.6	18.7
Seq10006_785_bp_-1_1_1	ENA|AAC17860|AAC17860.1	43.75	16	9	0	10	25	201	216	8.2	17.8
Seq10006_785_bp_-1_1_1	ENA|AAB66912|AAB66912.1	35.71	30	18	2	47	76	314	341	9.6	18.7
Seq10006_785_bp_-1_1_2	ENA|CAA45708|CAA45708.1	24.66	73	55	0	41	113	79	151	0.023	28.8
Seq10006_785_bp_-1_1_2	ENA|AAC49865|AAC49865.1	26.53	49	36	0	36	84	278	326	0.27	23.0
Seq10006_785_bp_-1_1_2	ENA|AAC17860|AAC17860.1	32.14	28	19	0	83	110	75	102	0.47	22.5
Seq10006_785_bp_-1_1_2	ENA|ABD33854|ABD33854.1	28.00	25	18	0	50	74	18	42	0.85	19.0
Seq10006_785_bp_-1_1_2	ENA|CAB75732|CAB75732.1	28.95	38	27	0	69	106	141	178	0.96	23.0
Seq10006_785_bp_-1_1_2	ENA|CAA11507|CAA11507.1	34.15	41	27	0	38	78	927	967	1.1	23.0
Seq10006_785_bp_-1_1_2	ENA|ABN10845|ABN10845.1	39.53	46	26	3	36	81	115	157	2.1	19.4
Seq10006_785_bp_-1_1_2	ENA|AAI27517|AAI27517.1	34.78	23	15	0	32	54	323	345	2.3	20.8
Seq10006_785_bp_-1_1_2	ENA|CAA36714|CAA36714.1	39.29	28	17	0	14	41	51	78	2.4	20.3
Seq10006_785_bp_-1_1_2	ENA|AAC78721|AAC78721.1	24.14	59	44	1	44	102	543	600	2.6	20.8
Seq10006_785_bp_-1_1_2	ENA|CAA28033|CAA28033.1	28.30	53	38	0	23	75	897	949	2.7	21.7
Seq10006_785_bp_-1_1_2	ENA|AAF79734|AAF79734.1	45.83	25	13	1	35	58	502	526	3	21.7
Seq10006_785_bp_-1_1_2	ENA|AAB96524|AAB96524.1	46.15	13	7	0	33	45	34	46	3.3	18.5
Seq10006_785_bp_-1_1_2	ENA|AAB03707|AAB03707.1	31.43	35	24	0	41	75	78	112	5.2	20.8
Seq10006_785_bp_-1_1_2	ENA|ABD49687|ABD49687.1	30.00	40	28	0	67	106	578	617	6.3	20.8
Seq10006_785_bp_-1_1_2	ENA|AAR37016|AAR37016.1	35.48	34	20	3	27	58	192	224	6.4	21.2
Seq10006_785_bp_-1_1_2	ENA|CAA26023|CAA26023.1	71.43	7	2	0	32	38	12	18	6.6	18.5
Seq10006_785_bp_-1_1_3	ENA|AAC97205|AAC97205.1	50.00	12	6	0	17	28	234	245	0.74	21.7
Seq10006_785_bp_-1_1_3	ENA|CAA36714|CAA36714.1	54.55	11	5	0	7	17	201	211	1.3	19.5
Seq10006_785_bp_-1_1_3	ENA|AAC40132|AAC40132.1	31.25	16	11	0	17	32	57	72	1.3	19.5
Seq10006_785_bp_-1_1_3	ENA|CAA43419|CAA43419.1	34.78	23	15	0	12	34	71	93	2.2	18.4
Seq10006_785_bp_-1_1_3	ENA|AAB96524|AAB96524.1	27.78	18	13	0	7	24	6	23	2.4	17.3
Seq10006_785_bp_-1_1_3	ENA|AAB66912|AAB66912.1	62.50	8	3	0	3	10	500	507	2.6	19.5
Seq10006_785_bp_-1_1_3	ENA|ABG75784|ABG75784.1	24.14	29	22	0	5	33	264	292	3.9	17.3
Seq10006_785_bp_-1_1_3	ENA|CCP43727|CCP43727.1	57.14	7	3	0	10	16	101	107	4.1	17.3
Seq10006_785_bp_-1_1_3	ENA|CAA73529|CAA73529.1	27.78	18	13	0	12	29	194	211	5	16.7
Seq10006_785_bp_-1_1_3	ENA|CAA11507|CAA11507.1	26.67	15	11	0	13	27	929	943	5.4	18.9
Seq10006_785_bp_-1_1_3	ENA|AAA72732|AAA72732.1	50.00	27	12	3	7	32	159	183	5.7	16.7
Seq10006_785_bp_-1_1_3	ENA|ABK71357|ABK71357.1	41.67	12	7	0	8	19	267	278	6.7	16.7
Seq10006_785_bp_-1_1_3	ENA|BAA32956|BAA32956.1	31.82	22	15	0	3	24	25	46	8.1	15.6
Seq10006_785_bp_-1_1_3	ENA|AAF79734|AAF79734.1	29.63	27	19	0	3	29	1346	1372	8.2	18.4
Seq10006_785_bp_-1_1_3	ENA|AAR31603|AAR31603.1	35.71	14	9	0	6	19	236	249	8.5	16.2
Seq10006_785_bp_-1_1_3	ENA|CAA45708|CAA45708.1	42.86	14	8	0	13	26	1155	1168	8.5	18.4
Seq10006_785_bp_-1_1_3	ENA|CAA24711|CAA24711.1	21.74	23	18	0	3	25	21	43	9.6	15.1
Seq10006_785_bp_-1_2_0	ENA|AAA18786|AAA18786.1	35.00	20	13	0	22	41	197	216	0.41	21.4
Seq10006_785_bp_-1_2_0	ENA|ABN10845|ABN10845.1	24.32	40	28	3	21	60	163	199	0.95	19.9
Seq10006_785_bp_-1_2_0	ENA|ACH70901|ACH70901.1	50.00	10	5	0	46	55	100	109	3.1	18.9
Seq10006_785_bp_-1_2_0	ENA|CAA45708|CAA45708.1	27.45	56	37	5	18	68	1450	1505	3.2	20.9
Seq10006_785_bp_-1_2_0	ENA|BAA05866|BAA05866.1	50.00	12	6	0	22	33	207	218	3.8	18.4
Seq10006_785_bp_-1_2_0	ENA|BAA32991|BAA32991.1	60.00	5	2	0	16	20	28	32	4.8	15.8
Seq10006_785_bp_-1_2_0	ENA|AAB96524|AAB96524.1	44.44	9	5	0	14	22	166	174	6.4	16.8
Seq10006_785_bp_-1_2_0	ENA|AAQ92751|AAQ92751.2	32.14	28	19	0	28	55	611	638	8	19.4
Seq10006_785_bp_-1_2_0	ENA|AAA25966|AAA25966.1	42.86	21	12	0	35	55	108	128	8.5	18.4
Seq10006_785_bp_-1_2_0	ENA|AAC26660|AAC26660.1	23.33	30	23	0	34	63	171	200	8.6	16.8
Seq10006_785_bp_-1_2_0	ENA|CAA43419|CAA43419.1	31.25	16	11	0	41	56	339	354	8.7	17.4
Seq10006_785_bp_-1_2_0	ENA|CAA26023|CAA26023.1	71.43	7	2	0	66	72	342	348	9	17.4
Seq10006_785_bp_-1_2_0	ENA|AAS77176|AAS77176.1	21.21	33	26	0	32	64	41	73	9.6	16.8
Seq10006_785_bp_-1_2_0	ENA|ABD49687|ABD49687.1	83.33	6	1	0	13	18	1104	1109	9.8	19.4
Seq10006_785_bp_-1_2_1	ENA|BAA32991|BAA32991.1	42.86	7	4	0	8	14	26	32	0.14	19.2
Seq10006_785_bp_-1_2_1	ENA|CAA36214|CAA36214.1	50.00	14	7	0	6	19	170	183	0.42	19.7
Seq10006_785_bp_-1_2_1	ENA|ABD33854|ABD33854.1	38.46	13	8	0	1	13	35	47	1.7	15.4
Seq10006_785_bp_-1_2_1	ENA|BAA32956|BAA32956.1	45.45	11	6	0	8	18	85	95	2.7	16.5
Seq10006_785_bp_-1_2_1	ENA|ABN10845|ABN10845.1	42.86	7	4	0	15	21	206	212	5.7	15.4
Seq10006_785_bp_-1_2_2	ENA|CAA36714|CAA36714.1	47.62	22	11	1	14	34	64	85	3.3	18.4
Seq10006_785_bp_-1_2_2	ENA|AAB66912|AAB66912.1	36.84	20	12	1	18	36	81	100	4.6	18.9
Seq10006_785_bp_-1_2_2	ENA|ABK71357|ABK71357.1	72.73	12	3	1	31	41	100	111	5.1	17.4
Seq10006_785_bp_-1_2_2	ENA|ABN10845|ABN10845.1	22.22	18	14	0	3	20	99	116	5.9	16.5
Seq10006_785_bp_-1_2_2	ENA|CAA43419|CAA43419.1	25.00	20	15	0	7	26	210	229	7	17.0
Seq10006_785_bp_-1_2_2	ENA|CAA26023|CAA26023.1	55.56	9	4	0	14	22	207	215	7.3	17.0
Seq10006_785_bp_-1_2_2	ENA|CCP43727|CCP43727.1	42.11	20	11	1	26	44	74	93	8.7	16.5
Seq10006_785_bp_-1_2_2	ENA|CAA28033|CAA28033.1	57.14	7	3	0	12	18	869	875	8.8	18.4
Seq10006_785_bp_-1_2_3	ENA|BAA32991|BAA32991.1	50.00	12	6	0	2	13	13	24	0.0025	25.3
Seq10006_785_bp_-1_2_3	ENA|ACH70901|ACH70901.1	66.67	9	3	0	18	26	229	237	0.96	19.1
Seq10006_785_bp_-1_2_3	ENA|CAA29956|CAA29956.1	31.58	19	13	0	7	25	59	77	2.9	17.6
Seq10006_785_bp_-1_2_3	ENA|CAA24711|CAA24711.1	35.71	14	9	0	7	20	32	45	5.4	15.5
Seq10006_785_bp_-1_2_3	ENA|AAC97205|AAC97205.1	57.14	7	3	0	5	11	429	435	6.4	18.1
Seq10006_785_bp_-1_2_3	ENA|AAC08817|AAC08817.1	66.67	6	2	0	21	26	1	6	6.9	15.0
Seq10006_785_bp_-1_2_3	ENA|CAA29968|CAA29968.1	41.67	12	7	0	7	18	184	195	8.4	15.0
Seq10006_785_bp_-1_2_4	ENA|AAC08817|AAC08817.1	50.00	23	10	3	9	28	6	28	0.15	21.2
Seq10006_785_bp_-1_2_4	ENA|CCP43727|CCP43727.1	33.33	34	22	1	2	34	194	227	0.65	20.1
Seq10006_785_bp_-1_2_4	ENA|AAB66912|AAB66912.1	45.45	11	6	0	28	38	58	68	0.86	21.2
Seq10006_785_bp_-1_2_4	ENA|AAA24145|AAA24145.1	30.00	20	14	0	18	37	192	211	0.91	20.1
Seq10006_785_bp_-1_2_4	ENA|AAC78721|AAC78721.1	40.74	28	16	1	7	33	31	58	1.3	20.1
Seq10006_785_bp_-1_2_4	ENA|ABN10845|ABN10845.1	25.00	24	18	0	2	25	191	214	1.3	18.5
Seq10006_785_bp_-1_2_4	ENA|CAA36714|CAA36714.1	46.67	15	8	0	18	32	63	77	2.8	18.5
Seq10006_785_bp_-1_2_4	ENA|CAA11507|CAA11507.1	34.78	23	15	0	14	36	1	23	3.8	19.6
Seq10006_785_bp_-1_2_4	ENA|ACH70901|ACH70901.1	80.00	5	1	0	34	38	2	6	4.5	17.4
Seq10006_785_bp_-1_2_4	ENA|CAA24711|CAA24711.1	62.50	8	3	0	7	14	3	10	4.6	16.3
Seq10006_785_bp_-1_2_4	ENA|ABK71357|ABK71357.1	23.33	30	23	0	10	39	274	303	4.7	17.4
Seq10006_785_bp_-1_2_4	ENA|ABD49687|ABD49687.1	71.43	7	2	0	33	39	117	123	4.8	19.6
Seq10006_785_bp_-1_2_4	ENA|CAA73529|CAA73529.1	40.00	15	9	0	3	17	194	208	5	16.8
Seq10006_785_bp_-1_2_4	ENA|BAA32018|BAA32018.1	50.00	8	4	0	26	33	364	371	5.4	17.9
Seq10006_785_bp_-1_2_4	ENA|BAA32991|BAA32991.1	57.14	7	3	0	21	27	4	10	5.7	14.7
Seq10006_785_bp_-1_2_4	ENA|CAA45199|CAA45199.1	50.00	12	6	0	3	14	320	331	5.9	17.4
Seq10006_785_bp_-1_2_4	ENA|AAA25966|AAA25966.1	31.82	22	15	0	10	31	664	685	6.2	17.9
Seq10006_785_bp_-1_2_4	ENA|BAB17681|BAB17681.1	50.00	10	5	0	2	11	258	267	7.2	16.3
Seq10006_785_bp_-1_2_4	ENA|CAL82360|CAL82360.1	33.33	21	14	0	8	28	1137	1157	7.4	18.5
Seq10006_785_bp_-1_2_4	ENA|BAA32956|BAA32956.1	50.00	14	7	0	18	31	82	95	8	15.7
Seq10006_785_bp_-1_2_4	ENA|BAA05866|BAA05866.1	36.36	11	7	0	11	21	207	217	8	16.3
Seq10006_785_bp_-1_2_4	ENA|CAD53387|CAD53387.1	38.46	13	8	0	27	39	8	20	8.9	16.8
Seq10006_785_bp_-1_2_4	ENA|CAB75732|CAB75732.1	35.29	17	11	0	11	27	178	194	9.5	17.9
Seq10006_785_bp_-1_2_5	ENA|AAB66912|AAB66912.1	60.00	10	4	0	2	11	298	307	0.24	21.3
Seq10006_785_bp_-1_2_5	ENA|CAL82360|CAL82360.1	71.43	7	2	0	4	10	139	145	1.2	19.5
Seq10006_785_bp_-1_2_5	ENA|AAC97205|AAC97205.1	83.33	6	1	0	2	7	34	39	1.8	18.9
Seq10006_785_bp_-1_2_5	ENA|AAA36114|AAA36114.1	66.67	6	2	0	4	9	341	346	2.6	17.0
Seq10006_785_bp_-1_2_5	ENA|CAA26939|CAA26939.1	71.43	7	2	0	2	8	232	238	2.9	17.0
Seq10006_785_bp_-1_2_5	ENA|CAB75732|CAB75732.1	50.00	8	4	0	5	12	638	645	3.8	17.6
Seq10006_785_bp_-1_2_5	ENA|BAA32956|BAA32956.1	50.00	10	5	0	2	11	193	202	3.9	15.1
Seq10006_785_bp_-1_2_5	ENA|CAD53387|CAD53387.1	55.56	9	4	0	2	10	464	472	3.9	16.4
Seq10006_785_bp_-1_2_5	ENA|AAA32624|AAA32624.1	71.43	7	2	0	6	12	444	450	4.1	16.4
Seq10006_785_bp_-1_2_5	ENA|AAA18786|AAA18786.1	57.14	7	3	0	5	11	263	269	4.9	15.1
Seq10006_785_bp_-1_2_5	ENA|AAA25966|AAA25966.1	36.36	11	7	0	2	12	189	199	5.6	16.4
Seq10006_785_bp_-1_2_5	ENA|AAC08817|AAC08817.1	42.86	7	4	0	3	9	53	59	6.7	13.9
Seq10006_785_bp_-1_2_5	ENA|CAA24711|CAA24711.1	50.00	8	4	0	3	10	58	65	7.3	13.9
Seq10006_785_bp_-1_2_5	ENA|AAA24145|AAA24145.1	50.00	8	4	0	4	11	252	259	8.2	15.1
Seq10006_785_bp_-1_2_6	ENA|AAA25966|AAA25966.1	37.50	16	10	0	2	17	603	618	1.4	19.6
Seq10006_785_bp_-1_2_6	ENA|BAB79260|BAB79260.1	85.71	7	1	0	17	23	27	33	2.5	18.0
Seq10006_785_bp_-1_2_6	ENA|AAA42531|AAA42531.1	47.06	18	9	1	8	24	339	356	5.9	16.5
Seq10006_785_bp_-1_2_6	ENA|ABN10845|ABN10845.1	100.00	4	0	0	11	14	202	205	6.7	15.5
Seq10006_785_bp_-1_2_6	ENA|AAC26660|AAC26660.1	42.86	7	4	0	6	12	123	129	7.8	15.5
Seq10006_785_bp_-1_2_6	ENA|CAA43419|CAA43419.1	40.00	10	6	0	16	25	230	239	7.9	16.0
Seq10006_785_bp_-1_2_6	ENA|BAA36759|BAA36759.1	80.00	5	1	0	5	9	260	264	8.7	15.5
Seq10006_785_bp_-1_2_6	ENA|CAA28033|CAA28033.1	50.00	15	7	1	8	21	1162	1176	9.5	17.5
Seq10006_785_bp_-1_2_6	ENA|CAA45199|CAA45199.1	62.50	8	3	0	13	20	304	311	9.9	16.0
