Seq10009_643_bp_1_0_0	ENA|ACT10338|ACT10338.1	36.11	43	23	7	50	90	298	335	0.087	24.9
Seq10009_643_bp_1_0_0	ENA|AAA42531|AAA42531.1	24.24	34	25	1	83	115	14	47	0.55	22.3
Seq10009_643_bp_1_0_0	ENA|CAA36214|CAA36214.1	26.03	88	54	15	36	123	99	171	0.97	21.1
Seq10009_643_bp_1_0_0	ENA|CAA28033|CAA28033.1	26.67	53	33	8	68	116	700	748	1.2	22.9
Seq10009_643_bp_1_0_0	ENA|AAB26998|AAB26998.1	38.71	35	19	4	50	80	14	48	1.3	18.8
Seq10009_643_bp_1_0_0	ENA|ABD49687|ABD49687.1	41.30	52	27	6	54	104	595	641	1.3	23.2
Seq10009_643_bp_1_0_0	ENA|BAA32956|BAA32956.1	37.84	42	23	5	49	89	23	60	1.5	19.9
Seq10009_643_bp_1_0_0	ENA|AAB96524|AAB96524.1	19.44	36	29	0	79	114	141	176	2	19.3
Seq10009_643_bp_1_0_0	ENA|ABD33854|ABD33854.1	32.14	28	19	0	68	95	15	42	2.3	17.6
Seq10009_643_bp_1_0_0	ENA|AAA24145|AAA24145.1	30.77	47	27	8	86	126	218	262	3.2	19.9
Seq10009_643_bp_1_0_0	ENA|AAB03707|AAB03707.1	21.57	56	40	5	60	113	231	283	3.5	21.4
Seq10009_643_bp_1_0_0	ENA|CAA29968|CAA29968.1	25.81	35	23	4	85	115	5	39	5.6	17.9
Seq10009_643_bp_1_0_0	ENA|CAA26939|CAA26939.1	20.24	90	67	6	13	99	17	103	5.9	19.3
Seq10009_643_bp_1_0_0	ENA|AAC26660|AAC26660.1	29.17	24	17	0	85	108	1	24	6	18.2
Seq10009_643_bp_1_0_0	ENA|AAI27517|AAI27517.1	23.64	60	42	5	63	121	450	505	6.1	19.3
Seq10009_643_bp_1_0_0	ENA|AAQ92751|AAQ92751.2	28.00	83	54	8	35	111	248	328	6.3	20.5
Seq10009_643_bp_1_0_0	ENA|BAA36759|BAA36759.1	30.00	30	21	0	95	124	129	158	6.7	18.2
Seq10009_643_bp_1_0_0	ENA|AAC08817|AAC08817.1	20.83	52	38	4	76	126	81	129	8.1	17.0
Seq10009_643_bp_1_0_0	ENA|ABN10845|ABN10845.1	23.08	60	40	8	54	109	108	163	9.1	17.3
Seq10009_643_bp_1_0_0	ENA|BAA32018|BAA32018.1	22.22	47	35	2	79	125	269	313	9.4	18.8
Seq10009_643_bp_1_0_0	ENA|BAA32991|BAA32991.1	40.00	18	9	3	49	63	23	40	9.7	15.5
Seq10009_643_bp_1_0_1	ENA|AAC97205|AAC97205.1	28.57	49	30	7	5	46	834	882	0.2	24.1
Seq10009_643_bp_1_0_1	ENA|AAB26998|AAB26998.1	38.89	23	11	5	3	25	28	45	1.3	17.4
Seq10009_643_bp_1_0_1	ENA|BAA32991|BAA32991.1	28.57	14	10	0	25	38	7	20	1.9	16.6
Seq10009_643_bp_1_0_1	ENA|AAA25966|AAA25966.1	46.15	13	7	0	24	36	157	169	3	19.4
Seq10009_643_bp_1_0_1	ENA|ABD49687|ABD49687.1	34.48	30	19	1	4	33	1573	1601	4	20.2
Seq10009_643_bp_1_0_1	ENA|ABN10845|ABN10845.1	31.82	26	15	4	6	27	28	53	4.5	17.0
Seq10009_643_bp_1_0_1	ENA|AAB96524|AAB96524.1	25.00	20	15	0	25	44	163	182	5	16.6
Seq10009_643_bp_1_0_1	ENA|AAC08817|AAC08817.1	31.25	16	11	0	17	32	111	126	5.5	16.2
Seq10009_643_bp_1_0_1	ENA|CAA45199|CAA45199.1	35.29	18	11	1	33	50	426	442	7.2	17.4
Seq10009_643_bp_1_0_1	ENA|BAA05866|BAA05866.1	43.75	16	9	0	7	22	22	37	8.1	16.6
Seq10009_643_bp_1_0_1	ENA|AAA18786|AAA18786.1	42.86	23	12	2	4	24	228	250	9.1	16.2
Seq10009_643_bp_1_0_1	ENA|AAA36114|AAA36114.1	37.50	26	15	2	3	26	259	284	10	17.0
Seq10009_643_bp_1_0_2	ENA|CAA43419|CAA43419.1	60.00	10	4	0	1	10	37	46	0.34	19.5
Seq10009_643_bp_1_0_2	ENA|AAS77176|AAS77176.1	33.33	12	8	0	1	12	202	213	0.95	17.7
Seq10009_643_bp_1_0_2	ENA|AAR31603|AAR31603.1	27.27	11	8	0	1	11	297	307	2.5	16.4
Seq10009_643_bp_1_0_2	ENA|AAB96524|AAB96524.1	36.36	11	7	0	1	11	80	90	3.2	15.2
Seq10009_643_bp_1_0_2	ENA|ACH70901|ACH70901.1	71.43	7	2	0	6	12	69	75	4.1	15.8
Seq10009_643_bp_1_0_2	ENA|CAA26939|CAA26939.1	33.33	12	8	0	1	12	164	175	4.2	16.4
Seq10009_643_bp_1_0_2	ENA|AAA24145|AAA24145.1	37.50	8	5	0	5	12	205	212	5.2	15.8
Seq10009_643_bp_1_0_2	ENA|BAA32018|BAA32018.1	44.44	9	5	0	3	11	213	221	6.9	15.8
Seq10009_643_bp_1_0_2	ENA|AAA36539|AAA36539.1	33.33	12	8	0	1	12	362	373	7.9	15.2
Seq10009_643_bp_1_0_2	ENA|AAA72732|AAA72732.1	37.50	8	5	0	5	12	298	305	7.9	14.6
Seq10009_643_bp_1_0_2	ENA|AAA36114|AAA36114.1	33.33	9	6	0	1	9	61	69	8.4	15.2
Seq10009_643_bp_1_0_2	ENA|AAC08817|AAC08817.1	80.00	5	1	0	7	11	139	143	9.1	13.4
Seq10009_643_bp_1_0_3	ENA|AAA72732|AAA72732.1	77.78	10	2	1	1	9	225	234	0.0053	25.3
Seq10009_643_bp_1_0_3	ENA|AAI27517|AAI27517.1	50.00	8	4	0	1	8	540	547	0.016	24.6
Seq10009_643_bp_1_0_3	ENA|AAI27517|AAI27517.1	40.00	10	6	0	1	10	182	191	0.28	20.5
Seq10009_643_bp_1_0_3	ENA|AAI27517|AAI27517.1	37.50	8	5	0	1	8	512	519	0.72	19.1
Seq10009_643_bp_1_0_3	ENA|ABK71357|ABK71357.1	25.00	12	9	0	1	12	176	187	0.068	21.9
Seq10009_643_bp_1_0_3	ENA|AAQ92751|AAQ92751.2	27.27	11	8	0	1	11	1201	1211	0.097	23.2
Seq10009_643_bp_1_0_3	ENA|AAB26998|AAB26998.1	37.50	8	5	0	1	8	47	54	0.25	17.7
Seq10009_643_bp_1_0_3	ENA|CAA29956|CAA29956.1	27.27	14	8	3	1	11	284	297	0.46	19.1
Seq10009_643_bp_1_0_3	ENA|CAA26939|CAA26939.1	100.00	3	0	0	1	3	246	248	0.69	19.1
Seq10009_643_bp_1_0_3	ENA|AAB66912|AAB66912.1	42.86	7	4	0	1	7	501	507	0.7	19.8
Seq10009_643_bp_1_0_3	ENA|ABD49687|ABD49687.1	36.36	11	7	0	2	12	297	307	0.8	20.5
Seq10009_643_bp_1_0_3	ENA|AAA24145|AAA24145.1	33.33	12	8	0	1	12	98	109	0.9	18.4
Seq10009_643_bp_1_0_3	ENA|AAC49865|AAC49865.1	50.00	8	4	0	3	10	277	284	1	17.7
Seq10009_643_bp_1_0_3	ENA|ACT10338|ACT10338.1	50.00	6	3	0	1	6	119	124	1.2	17.7
Seq10009_643_bp_1_0_3	ENA|AAS77176|AAS77176.1	66.67	3	1	0	1	3	5	7	1.5	17.0
Seq10009_643_bp_1_0_3	ENA|AAB96524|AAB96524.1	25.00	12	9	0	1	12	134	145	1.5	16.4
Seq10009_643_bp_1_0_3	ENA|CAA11507|CAA11507.1	100.00	3	0	0	1	3	1252	1254	1.6	19.1
Seq10009_643_bp_1_0_3	ENA|AAR37016|AAR37016.1	25.00	12	9	0	1	12	342	353	1.8	19.8
Seq10009_643_bp_1_0_3	ENA|BAA32018|BAA32018.1	50.00	10	5	0	1	10	170	179	2	17.7
Seq10009_643_bp_1_0_3	ENA|AAA25966|AAA25966.1	9.09	11	10	0	1	11	410	420	2.2	17.7
Seq10009_643_bp_1_0_3	ENA|CAA36214|CAA36214.1	44.44	9	5	0	4	12	23	31	2.4	16.4
Seq10009_643_bp_1_0_3	ENA|ABG75784|ABG75784.1	62.50	8	3	0	5	12	207	214	2.5	16.4
Seq10009_643_bp_1_0_3	ENA|AAC17860|AAC17860.1	57.14	7	3	0	1	7	168	174	3.3	16.4
Seq10009_643_bp_1_0_3	ENA|AAC78721|AAC78721.1	40.00	5	3	0	1	5	243	247	3.3	17.0
Seq10009_643_bp_1_0_3	ENA|AAC97205|AAC97205.1	33.33	6	4	0	1	6	654	659	3.8	17.7
Seq10009_643_bp_1_0_3	ENA|CCP43727|CCP43727.1	33.33	6	4	0	1	6	138	143	4.2	15.7
Seq10009_643_bp_1_0_3	ENA|AAB03707|AAB03707.1	22.22	9	7	0	1	9	630	638	4.2	17.7
Seq10009_643_bp_1_0_3	ENA|BAA32956|BAA32956.1	37.50	8	5	0	1	8	91	98	4.3	15.0
Seq10009_643_bp_1_0_3	ENA|CAA36714|CAA36714.1	50.00	4	2	0	1	4	397	400	5.9	15.7
Seq10009_643_bp_1_0_3	ENA|AAR31603|AAR31603.1	50.00	8	4	0	3	10	236	243	6.6	15.0
Seq10009_643_bp_1_0_3	ENA|ABN10845|ABN10845.1	37.50	8	5	0	1	8	57	64	7	14.3
Seq10009_643_bp_1_0_3	ENA|CAA26023|CAA26023.1	37.50	8	5	0	2	9	274	281	7.6	15.0
Seq10009_643_bp_1_0_3	ENA|BAA36759|BAA36759.1	20.00	5	4	0	1	5	17	21	9.1	14.3
Seq10009_643_bp_1_0_3	ENA|CAA45199|CAA45199.1	50.00	4	2	0	1	4	411	414	9.2	15.0
Seq10009_643_bp_1_0_3	ENA|EDO47375|EDO47375.1	50.00	8	4	0	2	9	12	19	9.5	13.6
Seq10009_643_bp_1_1_0	ENA|CAA29956|CAA29956.1	45.00	20	11	0	4	23	196	215	0.65	19.9
Seq10009_643_bp_1_1_0	ENA|AAA42531|AAA42531.1	38.89	18	11	0	3	20	160	177	1.1	19.1
Seq10009_643_bp_1_1_0	ENA|CAA36214|CAA36214.1	50.00	24	11	2	6	28	200	222	1.1	18.8
Seq10009_643_bp_1_1_0	ENA|AAA18786|AAA18786.1	50.00	17	8	1	13	29	202	217	2.1	17.7
Seq10009_643_bp_1_1_0	ENA|BAA05866|BAA05866.1	29.17	24	17	0	4	27	157	180	3.1	17.3
Seq10009_643_bp_1_1_0	ENA|AAB66912|AAB66912.1	34.78	25	15	2	4	26	784	808	3.4	18.8
Seq10009_643_bp_1_1_0	ENA|AAA36539|AAA36539.1	33.33	15	10	0	4	18	438	452	3.7	17.7
Seq10009_643_bp_1_1_0	ENA|AAB26998|AAB26998.1	40.00	10	6	0	13	22	29	38	4.7	14.7
Seq10009_643_bp_1_1_0	ENA|CAA43419|CAA43419.1	27.27	25	16	3	3	24	195	219	4.7	16.9
Seq10009_643_bp_1_1_0	ENA|CAA29968|CAA29968.1	23.81	21	16	0	7	27	3	23	5.3	15.8
Seq10009_643_bp_1_1_0	ENA|ABK71357|ABK71357.1	30.77	13	9	0	7	19	87	99	6.1	16.6
Seq10009_643_bp_1_1_0	ENA|AAC17860|AAC17860.1	20.00	15	12	0	8	22	193	207	6.7	16.6
Seq10009_643_bp_1_1_0	ENA|BAA32991|BAA32991.1	38.46	14	8	1	9	21	36	49	8.5	13.6
Seq10009_643_bp_1_1_0	ENA|AAC49865|AAC49865.1	22.73	22	17	0	6	27	267	288	8.7	15.8
Seq10009_643_bp_1_1_0	ENA|AAA25966|AAA25966.1	41.67	12	7	0	2	13	326	337	8.9	16.9
Seq10009_643_bp_1_1_0	ENA|AAS77176|AAS77176.1	18.52	27	22	0	1	27	40	66	9.8	15.4
Seq10009_643_bp_1_1_1	ENA|AAR37016|AAR37016.1	35.29	62	33	11	6	58	1888	1947	0.0015	32.4
Seq10009_643_bp_1_1_1	ENA|ABN10845|ABN10845.1	40.00	23	12	3	2	22	39	60	0.0016	28.8
Seq10009_643_bp_1_1_1	ENA|AAA25966|AAA25966.1	30.77	29	18	3	11	39	125	150	0.0055	28.8
Seq10009_643_bp_1_1_1	ENA|AAA25966|AAA25966.1	37.50	32	15	8	18	44	346	374	0.068	25.2
Seq10009_643_bp_1_1_1	ENA|CAA26023|CAA26023.1	16.22	42	31	5	8	44	124	165	0.11	23.6
Seq10009_643_bp_1_1_1	ENA|AAC97205|AAC97205.1	28.57	21	15	0	38	58	969	989	0.81	22.4
Seq10009_643_bp_1_1_1	ENA|ABK71357|ABK71357.1	40.00	10	6	0	46	55	351	360	0.98	20.3
Seq10009_643_bp_1_1_1	ENA|AAR31603|AAR31603.1	35.71	14	9	0	31	44	8	21	1.5	19.5
Seq10009_643_bp_1_1_1	ENA|CAA45199|CAA45199.1	35.71	15	9	1	15	28	66	80	1.6	19.9
Seq10009_643_bp_1_1_1	ENA|BAA32991|BAA32991.1	31.58	20	13	1	15	33	28	47	2.2	16.7
Seq10009_643_bp_1_1_1	ENA|AAA32624|AAA32624.1	22.58	33	24	2	11	43	168	198	2.4	19.5
Seq10009_643_bp_1_1_1	ENA|AAB66912|AAB66912.1	24.24	35	25	2	14	47	639	672	3.2	19.9
Seq10009_643_bp_1_1_1	ENA|CCP43727|CCP43727.1	31.58	19	13	0	22	40	55	73	3.4	18.3
Seq10009_643_bp_1_1_1	ENA|CAA73529|CAA73529.1	41.67	15	7	3	9	20	31	45	3.8	17.9
Seq10009_643_bp_1_1_1	ENA|CAA24711|CAA24711.1	66.67	9	3	0	20	28	7	15	4.1	17.1
Seq10009_643_bp_1_1_1	ENA|CAA26939|CAA26939.1	27.27	38	24	5	19	53	445	480	4.5	18.7
Seq10009_643_bp_1_1_1	ENA|AAA18786|AAA18786.1	41.18	17	10	0	20	36	242	258	4.8	17.5
Seq10009_643_bp_1_1_1	ENA|AAF79734|AAF79734.1	37.50	16	10	0	10	25	670	685	4.9	19.9
Seq10009_643_bp_1_1_1	ENA|AAC40132|AAC40132.1	27.27	22	16	0	18	39	316	337	4.9	18.3
Seq10009_643_bp_1_1_1	ENA|BAB17681|BAB17681.1	37.50	17	10	1	1	17	10	25	6.4	17.1
Seq10009_643_bp_1_1_1	ENA|CAA29956|CAA29956.1	43.75	21	9	5	29	44	358	378	6.7	17.5
Seq10009_643_bp_1_1_1	ENA|CAA45708|CAA45708.1	21.74	23	18	0	22	44	401	423	6.7	19.5
Seq10009_643_bp_1_1_1	ENA|BAA36759|BAA36759.1	11.76	17	15	0	29	45	262	278	6.8	17.1
Seq10009_643_bp_1_1_1	ENA|ABD49687|ABD49687.1	18.52	27	22	0	27	53	15	41	7.5	19.5
Seq10009_643_bp_1_1_1	ENA|AAB96524|AAB96524.1	28.57	23	15	2	38	58	163	185	7.5	16.3
Seq10009_643_bp_1_1_1	ENA|EDO47375|EDO47375.1	30.77	13	9	0	3	15	117	129	7.6	16.3
Seq10009_643_bp_1_1_1	ENA|CAA29968|CAA29968.1	54.55	15	5	4	47	57	99	113	7.9	16.3
Seq10009_643_bp_1_1_1	ENA|AAQ92751|AAQ92751.2	21.05	19	15	0	16	34	1243	1261	7.9	19.1
Seq10009_643_bp_1_1_1	ENA|BAB79260|BAB79260.1	29.17	29	17	5	9	37	141	164	7.9	17.5
Seq10009_643_bp_1_1_1	ENA|ACH70901|ACH70901.1	25.71	43	26	8	13	48	256	297	8.3	17.1
Seq10009_643_bp_1_1_1	ENA|BAA32956|BAA32956.1	23.53	39	26	5	14	50	126	161	8.5	16.3
Seq10009_643_bp_1_1_1	ENA|AAB26998|AAB26998.1	35.71	41	18	13	13	44	12	48	9.5	14.7
Seq10009_643_bp_1_1_1	ENA|CAA28033|CAA28033.1	33.33	12	8	0	26	37	1200	1211	9.7	18.7
Seq10009_643_bp_1_1_2	ENA|AAB66912|AAB66912.1	23.23	110	76	11	12	112	604	711	0.1	25.9
Seq10009_643_bp_1_1_2	ENA|AAI27517|AAI27517.1	25.00	75	48	11	1	71	256	323	0.14	24.8
Seq10009_643_bp_1_1_2	ENA|CAA73529|CAA73529.1	31.82	24	15	2	46	69	209	230	0.93	21.0
Seq10009_643_bp_1_1_2	ENA|ABN10845|ABN10845.1	41.67	12	7	0	45	56	108	119	1.6	19.9
Seq10009_643_bp_1_1_2	ENA|AAA42531|AAA42531.1	38.46	26	16	0	16	41	288	313	1.6	20.7
Seq10009_643_bp_1_1_2	ENA|CAA29968|CAA29968.1	24.56	62	43	5	56	113	21	81	3	18.8
Seq10009_643_bp_1_1_2	ENA|CAL82360|CAL82360.1	32.00	25	17	0	62	86	95	119	4.2	21.0
Seq10009_643_bp_1_1_2	ENA|CAA26023|CAA26023.1	57.14	20	6	6	36	49	149	168	5.7	18.8
Seq10009_643_bp_1_1_2	ENA|AAB03707|AAB03707.1	32.14	30	19	2	5	32	149	178	6.5	20.4
Seq10009_643_bp_1_1_2	ENA|BAA05866|BAA05866.1	38.71	36	19	5	61	96	198	228	8	17.9
Seq10009_643_bp_1_1_2	ENA|AAC97205|AAC97205.1	20.00	57	44	2	47	101	105	161	10	19.6
Seq10009_643_bp_1_2_0	ENA|BAB79260|BAB79260.1	25.00	68	45	8	3	65	154	218	0.5	23.2
Seq10009_643_bp_1_2_0	ENA|ABD49687|ABD49687.1	25.00	64	42	8	17	78	1151	1208	0.6	24.8
Seq10009_643_bp_1_2_0	ENA|CAA26939|CAA26939.1	29.20	148	80	35	21	158	419	541	0.91	22.6
Seq10009_643_bp_1_2_0	ENA|BAB17681|BAB17681.1	30.77	45	27	6	77	120	100	139	1.4	21.0
Seq10009_643_bp_1_2_0	ENA|BAA05866|BAA05866.1	19.70	72	53	6	99	165	232	302	1.9	20.7
Seq10009_643_bp_1_2_0	ENA|CAA24711|CAA24711.1	24.39	43	31	2	50	92	120	160	2.7	19.3
Seq10009_643_bp_1_2_0	ENA|AAA25966|AAA25966.1	28.57	78	45	15	45	122	283	345	3	21.2
Seq10009_643_bp_1_2_0	ENA|AAA18786|AAA18786.1	20.00	36	28	1	40	75	7	41	4.1	19.3
Seq10009_643_bp_1_2_0	ENA|AAC08817|AAC08817.1	26.32	105	70	10	23	126	60	155	4.3	18.5
Seq10009_643_bp_1_2_0	ENA|AAA32624|AAA32624.1	37.25	69	32	18	72	126	394	458	4.5	20.1
Seq10009_643_bp_1_2_0	ENA|AAA42531|AAA42531.1	20.65	113	73	21	72	178	33	130	4.9	19.6
Seq10009_643_bp_1_2_0	ENA|AAI27517|AAI27517.1	26.36	140	81	30	20	148	207	327	5.1	20.1
Seq10009_643_bp_1_2_0	ENA|ACT10338|ACT10338.1	36.11	41	23	5	56	92	347	386	7	19.0
Seq10009_643_bp_1_2_0	ENA|CAA45708|CAA45708.1	21.90	114	82	9	45	153	1371	1480	7.3	21.0
Seq10009_643_bp_1_2_0	ENA|AAR37016|AAR37016.1	22.12	120	81	16	15	132	1124	1229	7.6	21.5
Seq10009_643_bp_1_2_0	ENA|ABN10845|ABN10845.1	33.33	9	6	0	167	175	86	94	9.9	17.6
Seq10009_643_bp_1_2_1	ENA|CCP43727|CCP43727.1	23.08	13	10	0	2	14	319	331	0.95	18.2
Seq10009_643_bp_1_2_1	ENA|AAA32624|AAA32624.1	44.44	9	5	0	4	12	169	177	1.1	18.7
Seq10009_643_bp_1_2_1	ENA|AAC26660|AAC26660.1	40.00	10	6	0	5	14	100	109	1.5	17.2
Seq10009_643_bp_1_2_1	ENA|BAB17681|BAB17681.1	30.00	10	7	0	5	14	128	137	3	16.2
Seq10009_643_bp_1_2_1	ENA|AAA24145|AAA24145.1	40.00	10	6	0	5	14	327	336	5	16.2
Seq10009_643_bp_1_2_1	ENA|CAA45199|CAA45199.1	40.00	10	6	0	5	14	364	373	5.1	16.2
Seq10009_643_bp_1_2_1	ENA|ACH70901|ACH70901.1	42.86	14	8	0	2	15	154	167	5.5	15.7
Seq10009_643_bp_1_2_1	ENA|AAS77176|AAS77176.1	27.27	11	8	0	2	12	278	288	6.1	15.2
Seq10009_643_bp_1_2_1	ENA|BAB79260|BAB79260.1	37.50	8	5	0	5	12	343	350	6.8	15.7
Seq10009_643_bp_1_2_1	ENA|ABD33854|ABD33854.1	22.22	9	7	0	1	9	18	26	7.3	12.8
Seq10009_643_bp_1_2_1	ENA|AAB03707|AAB03707.1	28.57	14	10	0	2	15	1110	1123	7.4	17.2
Seq10009_643_bp_1_2_1	ENA|CAA45708|CAA45708.1	25.00	12	9	0	4	15	1509	1520	8.1	17.2
Seq10009_643_bp_1_2_1	ENA|AAC97205|AAC97205.1	33.33	9	6	0	5	13	602	610	9.2	16.7
Seq10009_643_bp_-1_0_0	ENA|AAB26998|AAB26998.1	40.00	10	6	0	1	10	36	45	0.028	21.6
Seq10009_643_bp_-1_0_0	ENA|AAA36539|AAA36539.1	40.00	10	6	0	2	11	332	341	0.29	20.8
Seq10009_643_bp_-1_0_0	ENA|CAA36714|CAA36714.1	100.00	3	0	0	2	4	435	437	1	19.0
Seq10009_643_bp_-1_0_0	ENA|CAA26023|CAA26023.1	42.86	7	4	0	3	9	138	144	1.1	18.6
Seq10009_643_bp_-1_0_0	ENA|ACH70901|ACH70901.1	31.25	17	11	1	3	19	296	311	1.8	17.8
Seq10009_643_bp_-1_0_0	ENA|AAA25966|AAA25966.1	37.50	10	5	2	2	9	323	332	2.1	18.6
Seq10009_643_bp_-1_0_0	ENA|ABN10845|ABN10845.1	50.00	4	2	0	2	5	108	111	2.3	16.7
Seq10009_643_bp_-1_0_0	ENA|CAB75732|CAB75732.1	60.00	11	4	1	3	12	814	824	3.3	18.6
Seq10009_643_bp_-1_0_0	ENA|CAA73529|CAA73529.1	33.33	12	8	0	8	19	111	122	3.8	16.3
Seq10009_643_bp_-1_0_0	ENA|AAB03707|AAB03707.1	43.75	17	9	1	4	20	579	594	3.9	18.6
Seq10009_643_bp_-1_0_0	ENA|AAC17860|AAC17860.1	46.15	14	7	1	3	16	38	50	4.3	16.7
Seq10009_643_bp_-1_0_0	ENA|AAC26660|AAC26660.1	23.08	13	10	0	8	20	53	65	4.5	15.9
Seq10009_643_bp_-1_0_0	ENA|AAA18786|AAA18786.1	27.78	18	13	0	2	19	187	204	4.7	15.9
Seq10009_643_bp_-1_0_0	ENA|BAA05866|BAA05866.1	50.00	9	4	1	1	9	154	161	5.4	15.9
Seq10009_643_bp_-1_0_0	ENA|ABK71357|ABK71357.1	40.00	10	6	0	10	19	363	372	8.2	15.6
Seq10009_643_bp_-1_0_0	ENA|AAR31603|AAR31603.1	50.00	12	5	2	3	14	122	131	9.4	15.2
Seq10009_643_bp_-1_0_0	ENA|AAC49865|AAC49865.1	42.86	16	8	2	7	20	195	210	9.4	15.2
Seq10009_643_bp_-1_0_1	ENA|BAA32956|BAA32956.1	28.57	52	35	3	6	57	154	202	0.095	23.4
Seq10009_643_bp_-1_0_1	ENA|ABK71357|ABK71357.1	28.21	42	28	3	6	45	176	216	0.51	21.8
Seq10009_643_bp_-1_0_1	ENA|ABD49687|ABD49687.1	30.77	42	27	3	43	81	831	872	1.2	22.7
Seq10009_643_bp_-1_0_1	ENA|CAA43419|CAA43419.1	29.55	47	31	3	31	76	98	142	1.2	20.5
Seq10009_643_bp_-1_0_1	ENA|AAI27517|AAI27517.1	38.46	30	16	4	24	49	211	240	1.2	21.1
Seq10009_643_bp_-1_0_1	ENA|AAA36539|AAA36539.1	32.50	45	27	5	17	61	9	48	1.3	20.8
Seq10009_643_bp_-1_0_1	ENA|BAB79260|BAB79260.1	32.61	58	31	12	3	53	392	444	1.5	20.5
Seq10009_643_bp_-1_0_1	ENA|AAC17860|AAC17860.1	20.00	78	56	8	10	84	132	204	1.7	20.2
Seq10009_643_bp_-1_0_1	ENA|CAA29956|CAA29956.1	13.79	29	25	0	22	50	324	352	2.4	19.5
Seq10009_643_bp_-1_0_1	ENA|CAA73529|CAA73529.1	24.59	70	46	9	8	72	9	74	2.7	18.9
Seq10009_643_bp_-1_0_1	ENA|CAA26939|CAA26939.1	21.05	43	30	5	31	68	223	265	2.9	19.8
Seq10009_643_bp_-1_0_1	ENA|CAA36714|CAA36714.1	14.81	54	46	0	26	79	225	278	2.9	19.5
Seq10009_643_bp_-1_0_1	ENA|AAB96524|AAB96524.1	26.32	41	28	3	17	54	97	137	4.4	17.6
Seq10009_643_bp_-1_0_1	ENA|CAA24711|CAA24711.1	38.46	28	16	2	20	45	19	46	5	17.3
Seq10009_643_bp_-1_0_1	ENA|AAC08817|AAC08817.1	26.92	28	19	2	32	57	110	137	7	16.6
Seq10009_643_bp_-1_0_1	ENA|AAC97205|AAC97205.1	26.32	39	28	1	12	50	2	39	7.5	19.5
Seq10009_643_bp_-1_0_1	ENA|AAS77176|AAS77176.1	21.74	23	18	0	1	23	163	185	8.2	17.3
Seq10009_643_bp_-1_0_1	ENA|CAA11507|CAA11507.1	30.30	37	23	4	18	54	515	547	8.2	19.5
Seq10009_643_bp_-1_0_1	ENA|CAA45199|CAA45199.1	32.26	32	21	1	51	82	411	441	8.5	17.9
Seq10009_643_bp_-1_0_2	ENA|AAC49865|AAC49865.1	20.93	96	68	10	19	108	84	175	0.01	27.6
Seq10009_643_bp_-1_0_2	ENA|AAC49865|AAC49865.1	21.67	60	47	0	26	85	268	327	0.28	22.8
Seq10009_643_bp_-1_0_2	ENA|CAA45708|CAA45708.1	22.06	68	53	0	35	102	73	140	0.43	24.4
Seq10009_643_bp_-1_0_2	ENA|AAB96524|AAB96524.1	40.00	32	18	2	21	51	23	53	0.72	20.6
Seq10009_643_bp_-1_0_2	ENA|AAB03707|AAB03707.1	18.60	96	70	10	11	99	702	794	1.4	22.5
Seq10009_643_bp_-1_0_2	ENA|AAC08817|AAC08817.1	14.86	79	63	5	30	107	10	84	1.5	19.3
Seq10009_643_bp_-1_0_2	ENA|CAA45199|CAA45199.1	20.59	34	27	0	74	107	378	411	1.8	20.6
Seq10009_643_bp_-1_0_2	ENA|AAC78721|AAC78721.1	22.03	60	46	1	43	102	542	600	3.2	20.3
Seq10009_643_bp_-1_0_2	ENA|CAA36714|CAA36714.1	28.17	76	51	5	14	88	51	122	3.4	19.6
Seq10009_643_bp_-1_0_2	ENA|CAA29956|CAA29956.1	19.67	64	49	3	1	63	125	186	3.4	19.3
Seq10009_643_bp_-1_0_2	ENA|AAC17860|AAC17860.1	18.18	62	45	7	47	107	113	168	3.8	19.3
Seq10009_643_bp_-1_0_2	ENA|ABN10845|ABN10845.1	40.00	43	24	3	39	81	118	157	3.8	18.4
Seq10009_643_bp_-1_0_2	ENA|CAA11507|CAA11507.1	17.54	61	47	4	23	83	130	186	4.1	20.9
Seq10009_643_bp_-1_0_2	ENA|CAA43419|CAA43419.1	28.57	30	20	2	12	41	119	146	4.2	19.0
Seq10009_643_bp_-1_0_2	ENA|ABK71357|ABK71357.1	24.44	54	34	9	8	58	194	241	4.2	19.0
Seq10009_643_bp_-1_0_2	ENA|ABD33854|ABD33854.1	75.00	4	1	0	3	6	44	47	5.2	16.2
Seq10009_643_bp_-1_0_2	ENA|AAF79734|AAF79734.1	23.53	73	52	5	35	102	502	574	5.4	20.6
Seq10009_643_bp_-1_0_2	ENA|CCP43727|CCP43727.1	26.09	75	51	6	21	93	82	152	5.7	18.4
Seq10009_643_bp_-1_0_2	ENA|ABD49687|ABD49687.1	25.71	79	52	9	31	102	524	600	6.4	20.6
Seq10009_643_bp_-1_0_2	ENA|AAQ92751|AAQ92751.2	16.92	69	54	4	40	108	966	1030	6.4	20.3
Seq10009_643_bp_-1_0_2	ENA|AAA25966|AAA25966.1	19.64	64	45	8	52	108	622	684	6.5	19.3
Seq10009_643_bp_-1_0_2	ENA|AAC97205|AAC97205.1	17.07	42	34	1	11	52	187	227	7.1	20.0
Seq10009_643_bp_-1_0_2	ENA|AAA18786|AAA18786.1	20.51	39	31	0	23	61	124	162	7.1	17.7
Seq10009_643_bp_-1_0_2	ENA|CAB75732|CAB75732.1	28.95	38	27	0	69	106	141	178	8.2	19.6
Seq10009_643_bp_-1_0_2	ENA|BAB17681|BAB17681.1	28.57	57	35	8	7	63	167	215	8.9	17.4
Seq10009_643_bp_-1_0_2	ENA|CAA26023|CAA26023.1	30.43	23	16	0	30	52	10	32	9.9	17.7
Seq10009_643_bp_-1_1_0	ENA|AAA18786|AAA18786.1	21.74	51	36	5	25	70	197	247	0.11	23.3
Seq10009_643_bp_-1_1_0	ENA|AAC26660|AAC26660.1	28.12	33	23	1	31	62	164	196	0.78	20.5
Seq10009_643_bp_-1_1_0	ENA|AAB96524|AAB96524.1	33.33	24	16	0	2	25	151	174	1.1	19.5
Seq10009_643_bp_-1_1_0	ENA|ABK71357|ABK71357.1	43.75	35	18	3	28	59	325	359	1.1	20.5
Seq10009_643_bp_-1_1_0	ENA|AAC49865|AAC49865.1	26.09	51	34	5	6	52	279	328	1.2	20.2
Seq10009_643_bp_-1_1_0	ENA|ABN10845|ABN10845.1	29.27	49	29	8	24	67	163	208	2	18.9
Seq10009_643_bp_-1_1_0	ENA|ABD49687|ABD49687.1	30.00	56	35	6	6	55	1030	1085	3.3	21.1
Seq10009_643_bp_-1_1_0	ENA|BAB17681|BAB17681.1	30.43	26	16	3	52	77	121	143	4.7	17.9
Seq10009_643_bp_-1_1_0	ENA|ACH70901|ACH70901.1	38.46	13	8	0	46	58	97	109	6.1	17.9
Seq10009_643_bp_-1_1_0	ENA|AAC78721|AAC78721.1	23.08	59	40	7	2	53	517	575	7.2	18.6
Seq10009_643_bp_-1_1_0	ENA|BAB79260|BAB79260.1	36.84	25	12	6	1	19	418	442	7.5	17.9
Seq10009_643_bp_-1_1_0	ENA|CAA29956|CAA29956.1	32.14	66	38	10	7	64	306	369	7.8	17.6
Seq10009_643_bp_-1_1_0	ENA|AAI27517|AAI27517.1	28.85	59	37	7	8	59	499	557	7.9	18.3
Seq10009_643_bp_-1_1_0	ENA|AAA32624|AAA32624.1	28.00	25	18	0	29	53	454	478	8.6	17.9
Seq10009_643_bp_-1_1_1	ENA|BAA32991|BAA32991.1	42.86	7	4	0	8	14	26	32	0.05	20.6
Seq10009_643_bp_-1_1_1	ENA|AAR37016|AAR37016.1	44.44	9	5	0	6	14	1308	1316	1.3	21.0
Seq10009_643_bp_-1_1_1	ENA|BAA32956|BAA32956.1	50.00	6	3	0	13	18	90	95	1.5	17.3
Seq10009_643_bp_-1_1_1	ENA|CAA26023|CAA26023.1	50.00	15	6	3	4	18	158	169	2.8	17.3
Seq10009_643_bp_-1_1_1	ENA|AAB96524|AAB96524.1	23.08	13	10	0	9	21	57	69	3.7	15.8
Seq10009_643_bp_-1_1_1	ENA|ABN10845|ABN10845.1	20.00	10	8	0	6	15	15	24	4.3	15.8
Seq10009_643_bp_-1_1_1	ENA|ABK71357|ABK71357.1	66.67	6	2	0	5	10	347	352	5.6	16.2
Seq10009_643_bp_-1_1_1	ENA|CAA45199|CAA45199.1	28.57	7	5	0	10	16	66	72	8.9	15.8
Seq10009_643_bp_-1_1_1	ENA|CAA36214|CAA36214.1	50.00	14	7	0	6	19	170	183	9.5	15.1
Seq10009_643_bp_-1_1_2	ENA|AAA18786|AAA18786.1	20.83	24	19	0	22	45	164	187	0.81	19.7
Seq10009_643_bp_-1_1_2	ENA|CAA28033|CAA28033.1	25.71	35	26	0	5	39	862	896	1.2	21.4
Seq10009_643_bp_-1_1_2	ENA|CAA45199|CAA45199.1	26.67	39	22	9	7	45	422	451	2.3	19.0
Seq10009_643_bp_-1_1_2	ENA|AAA32624|AAA32624.1	15.15	33	28	0	13	45	482	514	2.5	19.0
Seq10009_643_bp_-1_1_2	ENA|CAA29968|CAA29968.1	33.33	12	8	0	13	24	58	69	3.1	17.3
Seq10009_643_bp_-1_1_2	ENA|CAA26939|CAA26939.1	35.00	21	13	1	21	41	56	75	3.5	18.6
Seq10009_643_bp_-1_1_2	ENA|AAA72732|AAA72732.1	26.92	27	19	1	16	42	131	156	4.9	17.3
Seq10009_643_bp_-1_1_2	ENA|CAA11507|CAA11507.1	25.00	20	15	0	26	45	273	292	5.1	19.3
Seq10009_643_bp_-1_1_2	ENA|CAA43419|CAA43419.1	25.00	20	15	0	7	26	210	229	5.8	17.3
Seq10009_643_bp_-1_1_2	ENA|ABK71357|ABK71357.1	34.78	24	15	1	16	39	13	35	7.3	16.9
Seq10009_643_bp_-1_1_2	ENA|ABN10845|ABN10845.1	23.08	28	20	2	2	29	98	123	8.7	15.9
Seq10009_643_bp_-1_1_2	ENA|ACH70901|ACH70901.1	31.58	20	13	1	23	41	182	201	8.9	16.6
Seq10009_643_bp_-1_1_2	ENA|CAA36714|CAA36714.1	18.52	28	22	1	2	28	243	270	9	16.9
Seq10009_643_bp_-1_1_2	ENA|AAC97205|AAC97205.1	21.88	32	25	0	1	32	1205	1236	9.1	18.3
Seq10009_643_bp_-1_1_2	ENA|BAA05866|BAA05866.1	12.12	33	29	0	3	35	73	105	9.6	16.2
Seq10009_643_bp_-1_1_3	ENA|BAA32991|BAA32991.1	46.67	16	8	1	2	16	13	28	0.013	23.0
Seq10009_643_bp_-1_1_3	ENA|BAA32956|BAA32956.1	40.00	18	9	3	4	18	13	30	3.7	16.4
Seq10009_643_bp_-1_1_3	ENA|ACH70901|ACH70901.1	66.67	9	3	0	18	26	229	237	4.9	16.7
Seq10009_643_bp_-1_1_3	ENA|EDO47375|EDO47375.1	33.33	6	4	0	11	16	124	129	5.4	15.6
Seq10009_643_bp_-1_1_3	ENA|AAR31603|AAR31603.1	45.45	12	6	1	16	27	20	30	5.7	16.4
Seq10009_643_bp_-1_1_3	ENA|AAC49865|AAC49865.1	72.73	16	3	5	3	16	17	29	5.7	16.4
Seq10009_643_bp_-1_1_3	ENA|CAA45199|CAA45199.1	46.15	17	7	4	1	17	451	463	6.3	16.7
Seq10009_643_bp_-1_1_3	ENA|AAA36539|AAA36539.1	26.67	15	11	0	13	27	96	110	6.4	16.7
Seq10009_643_bp_-1_1_3	ENA|ABG75784|ABG75784.1	21.43	14	11	0	14	27	193	206	6.9	16.0
Seq10009_643_bp_-1_1_3	ENA|ABD33854|ABD33854.1	33.33	14	8	2	1	14	44	55	8.2	13.4
Seq10009_643_bp_-1_1_3	ENA|AAC08817|AAC08817.1	40.00	11	6	1	1	10	2	12	9.3	14.5
Seq10009_643_bp_-1_1_3	ENA|CAA26939|CAA26939.1	18.75	18	13	2	1	18	474	489	9.5	16.4
Seq10009_643_bp_-1_1_3	ENA|AAA18786|AAA18786.1	16.67	26	20	2	1	26	28	51	9.5	15.3
Seq10009_643_bp_-1_1_4	ENA|AAC08817|AAC08817.1	26.92	26	19	0	3	28	3	28	0.039	22.7
Seq10009_643_bp_-1_1_4	ENA|CAA43419|CAA43419.1	29.41	17	12	0	13	29	116	132	1.1	19.1
Seq10009_643_bp_-1_1_4	ENA|AAA25966|AAA25966.1	37.50	16	10	0	3	18	205	220	1.5	19.6
Seq10009_643_bp_-1_1_4	ENA|ABG75784|ABG75784.1	25.00	20	15	0	9	28	131	150	1.7	18.2
Seq10009_643_bp_-1_1_4	ENA|ABN10845|ABN10845.1	24.00	25	19	0	1	25	190	214	2.2	17.3
Seq10009_643_bp_-1_1_4	ENA|AAC17860|AAC17860.1	22.73	22	17	0	3	24	268	289	3	17.8
Seq10009_643_bp_-1_1_4	ENA|CAA45199|CAA45199.1	34.62	27	17	1	3	29	320	345	3.4	17.8
Seq10009_643_bp_-1_1_4	ENA|ABK71357|ABK71357.1	40.00	10	6	0	20	29	257	266	3.7	17.3
Seq10009_643_bp_-1_1_4	ENA|AAA36114|AAA36114.1	33.33	18	12	0	11	28	381	398	3.7	17.8
Seq10009_643_bp_-1_1_4	ENA|CAA36214|CAA36214.1	27.78	18	13	0	9	26	131	148	4.1	16.9
Seq10009_643_bp_-1_1_4	ENA|BAA05866|BAA05866.1	30.00	21	14	1	4	23	25	45	4.1	16.9
Seq10009_643_bp_-1_1_4	ENA|CCP43727|CCP43727.1	29.63	29	19	2	2	28	200	228	4.4	16.9
Seq10009_643_bp_-1_1_4	ENA|CAL82360|CAL82360.1	50.00	10	5	0	20	29	392	401	5	18.7
Seq10009_643_bp_-1_1_4	ENA|CAA36714|CAA36714.1	37.50	25	15	1	1	24	294	318	6.2	16.9
Seq10009_643_bp_-1_1_4	ENA|AAC97205|AAC97205.1	27.27	11	8	0	19	29	297	307	6.4	18.2
Seq10009_643_bp_-1_1_4	ENA|AAA18786|AAA18786.1	12.50	24	21	0	2	25	59	82	6.5	16.0
Seq10009_643_bp_-1_1_4	ENA|BAA32956|BAA32956.1	50.00	10	5	0	16	25	80	89	7	15.5
Seq10009_643_bp_-1_1_4	ENA|AAC40132|AAC40132.1	23.08	13	10	0	14	26	146	158	8.4	16.4
Seq10009_643_bp_-1_1_4	ENA|ABD49687|ABD49687.1	41.67	12	7	0	3	14	69	80	8.7	18.2
Seq10009_643_bp_-1_1_4	ENA|AAB66912|AAB66912.1	55.56	9	4	0	21	29	259	267	8.8	17.3
Seq10009_643_bp_-1_1_4	ENA|CAA11507|CAA11507.1	37.50	16	10	0	14	29	1	16	9.4	17.8
Seq10009_643_bp_-1_1_4	ENA|AAB03707|AAB03707.1	35.71	14	9	0	11	24	586	599	9.5	17.8
Seq10009_643_bp_-1_2_0	ENA|CAA29956|CAA29956.1	25.93	60	40	6	1	59	313	367	0.52	21.7
Seq10009_643_bp_-1_2_0	ENA|AAS77176|AAS77176.1	39.39	41	20	8	1	33	246	286	1.1	20.3
Seq10009_643_bp_-1_2_0	ENA|AAC40132|AAC40132.1	27.78	63	39	9	15	68	228	290	2.6	19.7
Seq10009_643_bp_-1_2_0	ENA|AAB26998|AAB26998.1	32.14	29	19	1	1	29	5	32	3.2	16.8
Seq10009_643_bp_-1_2_0	ENA|CAA11507|CAA11507.1	19.30	59	46	2	26	82	705	763	3.3	20.8
Seq10009_643_bp_-1_2_0	ENA|CAD53387|CAD53387.1	19.51	43	33	2	39	81	28	68	5.9	18.5
Seq10009_643_bp_-1_2_0	ENA|CAA45199|CAA45199.1	23.91	52	35	6	20	71	206	251	8.2	17.9
Seq10009_643_bp_-1_2_0	ENA|AAA42531|AAA42531.1	35.71	17	9	3	9	22	301	317	8.2	17.7
Seq10009_643_bp_-1_2_1	ENA|AAC17860|AAC17860.1	47.37	20	10	1	20	39	93	111	0.14	22.8
Seq10009_643_bp_-1_2_1	ENA|AAC17860|AAC17860.1	28.21	44	28	5	5	43	150	193	0.14	22.8
Seq10009_643_bp_-1_2_1	ENA|CAA26023|CAA26023.1	33.33	12	8	0	19	30	123	134	0.58	20.7
Seq10009_643_bp_-1_2_1	ENA|AAB96524|AAB96524.1	33.33	31	20	1	12	41	118	148	1.2	18.5
Seq10009_643_bp_-1_2_1	ENA|ABD49687|ABD49687.1	24.24	41	25	8	2	34	828	868	1.6	21.4
Seq10009_643_bp_-1_2_1	ENA|ABG75784|ABG75784.1	17.65	34	28	0	2	35	170	203	3.3	17.8
Seq10009_643_bp_-1_2_1	ENA|AAA18786|AAA18786.1	57.14	7	3	0	23	29	183	189	3.6	17.5
Seq10009_643_bp_-1_2_1	ENA|CAA29956|CAA29956.1	19.23	31	21	5	2	31	105	131	4	17.8
Seq10009_643_bp_-1_2_1	ENA|CAA28033|CAA28033.1	30.77	28	18	2	1	26	954	981	4	19.6
Seq10009_643_bp_-1_2_1	ENA|ACT10338|ACT10338.1	28.57	33	20	5	12	42	291	320	4.1	17.8
Seq10009_643_bp_-1_2_1	ENA|AAR37016|AAR37016.1	17.86	28	23	0	17	44	1900	1927	4.4	20.3
Seq10009_643_bp_-1_2_1	ENA|ABN10845|ABN10845.1	29.17	24	17	0	19	42	109	132	4.8	16.7
Seq10009_643_bp_-1_2_1	ENA|CCP43727|CCP43727.1	24.24	35	25	2	12	44	84	118	5.6	17.1
Seq10009_643_bp_-1_2_1	ENA|AAR31603|AAR31603.1	44.44	9	5	0	2	10	20	28	5.6	17.1
Seq10009_643_bp_-1_2_1	ENA|AAC49865|AAC49865.1	22.22	18	14	0	24	41	44	61	5.6	17.1
Seq10009_643_bp_-1_2_1	ENA|AAA25966|AAA25966.1	40.00	25	12	5	2	21	232	256	7.4	17.8
Seq10009_643_bp_-1_2_1	ENA|AAC97205|AAC97205.1	43.75	16	9	0	24	39	257	272	7.7	18.5
Seq10009_643_bp_-1_2_1	ENA|AAA36539|AAA36539.1	20.51	42	31	3	4	43	398	438	8	17.1
Seq10009_643_bp_-1_2_1	ENA|CAA26939|CAA26939.1	17.65	18	14	1	14	30	13	30	9.4	17.1
Seq10009_643_bp_-1_2_2	ENA|BAA32991|BAA32991.1	50.00	12	5	2	40	51	23	32	1.3	18.0
Seq10009_643_bp_-1_2_2	ENA|ABG75784|ABG75784.1	18.42	41	31	3	32	69	127	167	2.9	19.0
Seq10009_643_bp_-1_2_2	ENA|CAA45199|CAA45199.1	18.75	89	65	9	1	84	21	105	3.5	19.3
Seq10009_643_bp_-1_2_2	ENA|AAA36539|AAA36539.1	23.68	43	29	5	46	84	21	62	4.4	19.0
Seq10009_643_bp_-1_2_2	ENA|AAB66912|AAB66912.1	28.57	28	20	0	51	78	752	779	4.4	19.9
Seq10009_643_bp_-1_2_2	ENA|AAC49865|AAC49865.1	14.29	58	48	2	30	85	157	214	4.7	18.3
Seq10009_643_bp_-1_2_2	ENA|AAB96524|AAB96524.1	50.00	8	4	0	47	54	58	65	6.4	17.0
Seq10009_643_bp_-1_2_2	ENA|AAC08817|AAC08817.1	26.67	32	22	2	4	33	106	137	6.7	16.7
Seq10009_643_bp_-1_2_2	ENA|AAA32624|AAA32624.1	25.81	34	23	3	52	85	78	108	7.3	18.3
Seq10009_643_bp_-1_2_2	ENA|CAA26939|CAA26939.1	26.47	35	25	1	52	85	119	153	7.9	18.3
Seq10009_643_bp_-1_2_2	ENA|CAA45708|CAA45708.1	22.22	36	28	0	6	41	1118	1153	8.7	19.6
