Seq7714_213_bp_1_0_0	ABD33854.1	31.58	19	13	0	2	20	22	40	2.5	14.8
Seq7714_213_bp_1_0_0	AAQ92751.2	66.67	9	3	0	7	15	379	387	4.9	18.2
Seq7714_213_bp_1_0_1	AEE27845.1	58.82	17	7	0	19	35	283	299	0.72	22.4
Seq7714_213_bp_1_0_1	AAC17860.1	53.33	15	7	0	22	36	136	150	1.2	19.9
Seq7714_213_bp_1_0_1	CAA45199.1	66.67	9	3	0	31	39	110	118	1.4	19.9
Seq7714_213_bp_1_0_1	AAI27517.1	50.00	14	7	0	21	34	382	395	1.7	19.9
Seq7714_213_bp_1_0_1	AAB03707.1	83.33	6	1	0	9	14	399	404	7.5	18.9
Seq7714_213_bp_1_0_1	AAA32624.1	45.45	11	6	0	3	13	446	456	7.9	17.4
Seq7714_213_bp_1_1_0	ABD49687.1	92.86	70	5	0	1	70	1268	1337	8.3e-48	179.1
Seq7714_213_bp_1_1_0	CAA45199.1	43.48	23	13	0	27	49	408	430	0.31	22.5
Seq7714_213_bp_1_1_0	ACT10338.1	70.00	10	3	0	47	56	109	118	0.35	22.1
Seq7714_213_bp_1_1_0	AAC08817.1	50.00	12	6	0	48	59	80	91	2.5	18.0
Seq7714_213_bp_1_1_0	ABN10845.1	66.67	9	3	0	61	69	132	140	3.2	18.0
Seq7714_213_bp_1_1_0	BAA32956.1	41.18	17	10	0	32	48	96	112	4.2	17.5
Seq7714_213_bp_1_1_0	BAB17681.1	55.56	9	4	0	29	37	26	34	5.5	17.5
Seq7714_213_bp_1_1_0	AAB03707.1	33.33	18	12	0	37	54	1234	1251	7.7	19.4
Seq7714_213_bp_1_1_0	AAB64315.2	33.33	18	12	0	14	31	175	192	8.7	17.1
Seq7714_213_bp_1_2_0	AAC17860.1	31.03	30	20	1	21	50	330	358	0.13	23.2
Seq7714_213_bp_1_2_0	ABS38337.1	45.45	22	12	0	18	39	1177	1198	1.2	21.7
Seq7714_213_bp_1_2_0	CAA73529.1	83.33	6	1	0	12	17	267	272	2	18.6
Seq7714_213_bp_1_2_0	CAA26230.1	45.00	23	11	3	21	43	376	395	2.1	19.6
Seq7714_213_bp_1_2_0	BAA32956.1	46.67	16	8	1	13	28	45	59	2.2	18.1
Seq7714_213_bp_1_2_0	AAA36565.1	100.00	4	0	0	15	18	78	81	2.5	17.6
Seq7714_213_bp_1_2_0	AAB96524.1	37.50	16	10	0	39	54	77	92	2.8	17.6
Seq7714_213_bp_1_2_0	AAA45888.1	66.67	6	2	0	38	43	135	140	2.8	18.6
Seq7714_213_bp_1_2_0	BAB17681.1	71.43	7	2	0	38	44	34	40	2.9	18.1
Seq7714_213_bp_1_2_0	AEE27845.1	47.06	17	9	0	23	39	116	132	3.6	20.2
Seq7714_213_bp_1_2_0	BAB70780.1	53.85	13	6	0	28	40	90	102	5	18.1
Seq7714_213_bp_1_2_0	AAA32624.1	71.43	7	2	0	37	43	352	358	5.4	18.1
Seq7714_213_bp_1_2_0	AAA24969.1	71.43	7	2	0	43	49	1155	1161	5.5	19.6
Seq7714_213_bp_1_2_0	AAI27517.1	50.00	10	5	0	45	54	250	259	6	18.1
Seq7714_213_bp_1_2_0	AIR13712.1	41.18	17	10	0	20	36	273	289	6.7	17.1
Seq7714_213_bp_1_2_0	BAA32991.1	57.14	7	3	0	10	16	23	29	8	14.6
Seq7714_213_bp_1_2_0	ABD49687.1	42.86	14	8	0	33	46	1091	1104	8.5	19.1
Seq7714_213_bp_-1_0_0	ABK71357.1	70.00	10	3	0	23	32	136	145	0.25	22.5
Seq7714_213_bp_-1_0_0	AAR37016.1	38.46	26	16	0	15	40	1402	1427	0.56	24.0
Seq7714_213_bp_-1_0_0	AAR31603.1	54.55	24	10	2	20	41	134	157	0.87	20.5
Seq7714_213_bp_-1_0_0	ABG75784.1	40.00	20	12	0	12	31	11	30	1.7	19.5
Seq7714_213_bp_-1_0_0	AAA72732.1	54.55	11	5	0	35	45	274	284	2.3	19.0
Seq7714_213_bp_-1_0_0	AAI27517.1	54.55	11	5	0	32	42	474	484	3.1	19.5
Seq7714_213_bp_-1_0_0	BAB79260.1	71.43	7	2	0	34	40	243	249	4.7	18.5
Seq7714_213_bp_-1_0_0	ACH70904.1	62.50	8	3	0	40	47	5	12	5.2	18.0
Seq7714_213_bp_-1_0_0	BAB17681.1	50.00	12	6	0	5	16	84	95	5.6	17.5
Seq7714_213_bp_-1_0_0	AAC97205.1	66.67	9	3	0	34	42	973	981	6.3	19.5
Seq7714_213_bp_-1_0_0	AAC08817.1	50.00	8	4	0	2	9	109	116	6.6	16.5
Seq7714_213_bp_-1_0_0	AAQ92751.2	45.00	20	11	0	8	27	129	148	7	19.5
Seq7714_213_bp_-1_0_0	AAA36565.1	62.50	8	3	0	20	27	143	150	9.3	16.0
Seq7714_213_bp_-1_0_0	CAA11507.1	38.46	13	8	0	5	17	789	801	9.5	19.0
Seq7714_213_bp_-1_1_0	AAI27517.1	66.67	6	2	0	6	11	444	449	2	17.6
Seq7714_213_bp_-1_1_0	AAB26998.1	66.67	6	2	0	5	10	9	14	2.1	14.6
Seq7714_213_bp_-1_1_0	AAH69556.1	66.67	6	2	0	5	10	169	174	2.4	16.4
Seq7714_213_bp_-1_1_0	AAA36565.1	55.56	9	4	0	1	9	36	44	2.9	15.2
Seq7714_213_bp_-1_1_0	AAC97205.1	55.56	10	4	1	3	11	889	898	4.1	17.6
Seq7714_213_bp_-1_1_0	AAQ92751.2	80.00	5	1	0	8	12	1224	1228	4.6	17.6
Seq7714_213_bp_-1_1_0	BAB17681.1	62.50	8	3	0	2	9	183	190	4.8	15.2
Seq7714_213_bp_-1_1_0	BAA32956.1	100.00	3	0	0	9	11	27	29	5.5	14.6
Seq7714_213_bp_-1_1_0	AAR31603.1	42.86	7	4	0	6	12	118	124	8.4	14.6
Seq7714_213_bp_-1_1_0	AIR13712.1	100.00	3	0	0	9	11	137	139	8.4	14.6
Seq7714_213_bp_-1_1_0	ABS38337.1	75.00	4	1	0	8	11	116	119	9.3	16.4
Seq7714_213_bp_-1_1_0	ACT10338.1	100.00	3	0	0	10	12	370	372	9.8	14.6
Seq7714_213_bp_-1_1_0	CAA11507.1	44.44	9	5	0	3	11	1173	1181	9.9	16.4
Seq7714_213_bp_-1_1_0	AAA32376.1	66.67	6	2	0	2	7	53	58	9.9	13.4
Seq7714_213_bp_-1_1_1	AAI27517.1	63.64	11	4	0	8	18	417	427	0.28	22.7
Seq7714_213_bp_-1_1_1	AAH69556.1	75.00	8	2	0	1	8	274	281	0.46	21.0
Seq7714_213_bp_-1_1_1	AAR31603.1	75.00	8	2	0	43	50	298	305	0.72	20.5
Seq7714_213_bp_-1_1_1	AAA26915.1	57.14	7	3	0	37	43	375	381	1.5	19.9
Seq7714_213_bp_-1_1_1	BAE97662.1	58.33	12	5	0	29	40	877	888	1.7	21.0
Seq7714_213_bp_-1_1_1	BAA32956.1	71.43	7	2	0	47	53	105	111	2.1	18.3
Seq7714_213_bp_-1_1_1	AAA25966.1	54.55	11	5	0	3	13	388	398	3.4	19.4
Seq7714_213_bp_-1_1_1	AAB26998.1	75.00	8	2	0	9	16	6	13	3.7	16.0
Seq7714_213_bp_-1_1_1	ABD49687.1	60.00	10	4	0	48	57	120	129	3.7	20.5
Seq7714_213_bp_-1_1_1	BAB17681.1	66.67	6	2	0	7	12	186	191	4	17.7
Seq7714_213_bp_-1_1_1	CAA74140.1	33.33	18	12	0	19	36	546	563	4.3	19.4
Seq7714_213_bp_-1_1_1	ABD33854.1	100.00	3	0	0	24	26	59	61	4.3	15.5
Seq7714_213_bp_-1_1_1	AAB64315.2	75.00	4	1	0	20	23	27	30	4.8	17.7
Seq7714_213_bp_-1_1_1	AAR37016.1	71.43	7	2	0	19	25	109	115	5	20.5
Seq7714_213_bp_-1_1_1	AAA32624.1	54.55	11	5	0	9	19	127	137	5.2	18.3
Seq7714_213_bp_-1_1_1	CAA26230.1	100.00	4	0	0	8	11	561	564	5.5	18.3
Seq7714_213_bp_-1_1_1	AAX12058.1	62.50	8	3	0	13	20	244	251	5.8	17.2
Seq7714_213_bp_-1_1_1	AAA45888.1	46.15	13	7	0	9	21	105	117	8	17.2
Seq7714_213_bp_-1_1_1	AAB96524.1	50.00	8	4	0	46	53	11	18	8.3	16.0
Seq7714_213_bp_-1_1_1	CAA45199.1	41.67	12	7	0	22	33	462	473	9.6	17.2
Seq7714_213_bp_-1_2_0	ACH70904.1	100.00	4	0	0	4	7	101	104	0.73	18.7
Seq7714_213_bp_-1_2_0	ACH70904.1	66.67	6	2	0	8	13	131	136	0.73	18.7
Seq7714_213_bp_-1_2_0	AAC17860.1	80.00	5	1	0	11	15	325	329	0.83	18.7
Seq7714_213_bp_-1_2_0	AAA36565.1	80.00	5	1	0	9	13	128	132	1.7	16.3
Seq7714_213_bp_-1_2_0	ABL74574.1	66.67	6	2	0	9	14	42	47	2	16.9
Seq7714_213_bp_-1_2_0	AAB26998.1	100.00	3	0	0	10	12	71	73	2.7	14.6
Seq7714_213_bp_-1_2_0	CAA43372.1	66.67	6	2	0	5	10	273	278	4.2	16.3
Seq7714_213_bp_-1_2_0	AAA32624.1	50.00	8	4	0	6	13	439	446	5.2	16.3
Seq7714_213_bp_-1_2_0	CAA26230.1	55.56	9	4	0	5	13	460	468	5.6	16.3
Seq7714_213_bp_-1_2_0	AAA32376.1	50.00	4	2	0	3	6	19	22	5.8	14.6
Seq7714_213_bp_-1_2_0	AAA25966.1	50.00	6	3	0	6	11	232	237	7.1	16.3
Seq7714_213_bp_-1_2_0	ABD33854.1	50.00	4	2	0	9	12	44	47	7.1	12.8
Seq7714_213_bp_-1_2_0	ABD49687.1	62.50	8	3	0	1	8	1565	1572	7.4	17.5
Seq7714_213_bp_-1_2_0	AAF01122.1	35.71	14	9	0	1	14	157	170	8.2	15.2
Seq7714_213_bp_-1_2_0	CAA04196.1	42.86	7	4	0	7	13	230	236	9.1	15.2
Seq7714_213_bp_-1_2_0	EDO47375.1	40.00	5	3	0	9	13	145	149	9.2	14.0
Seq7714_213_bp_-1_2_0	AAC78721.1	50.00	6	3	0	6	11	108	113	9.6	15.7
Seq7714_213_bp_-1_2_1	AAB96524.1	66.67	6	2	0	29	34	168	173	1.9	17.8
Seq7714_213_bp_-1_2_1	CAA73529.1	55.56	9	4	0	11	19	189	197	2	18.3
Seq7714_213_bp_-1_2_1	AAA25966.1	100.00	6	0	0	19	24	378	383	5.2	18.3
Seq7714_213_bp_-1_2_1	AAA42531.1	100.00	5	0	0	34	38	114	118	5.5	17.3
Seq7714_213_bp_-1_2_1	ABG75784.1	71.43	7	2	0	32	38	307	313	6.2	16.8
Seq7714_213_bp_-1_2_1	AII71783.1	80.00	5	1	0	12	16	267	271	8.4	16.3
Seq7714_213_bp_-1_2_1	AEE27845.1	33.33	23	14	2	9	29	858	880	9.6	18.3
Seq7714_213_bp_-1_2_2	AAR31603.1	83.33	6	1	0	4	9	173	178	0.16	20.2
Seq7714_213_bp_-1_2_2	EDO47375.1	100.00	5	0	0	5	9	112	116	0.56	17.6
Seq7714_213_bp_-1_2_2	AAA32376.1	100.00	4	0	0	7	10	113	116	2	15.6
Seq7714_213_bp_-1_2_2	AAA72732.1	62.50	8	3	0	1	8	236	243	2.3	16.2
Seq7714_213_bp_-1_2_2	AAA26915.1	100.00	4	0	0	2	5	401	404	3.4	16.2
Seq7714_213_bp_-1_2_2	AAA24142.1	57.14	7	3	0	4	10	147	153	5.1	15.6
Seq7714_213_bp_-1_2_2	CAA73529.1	75.00	4	1	0	7	10	31	34	7.5	14.3
Seq7714_213_bp_-1_2_2	CAA45199.1	62.50	8	3	0	2	9	395	402	8.1	14.9
Seq7714_213_bp_-1_2_2	CAA11507.1	80.00	5	1	0	1	5	348	352	9.3	16.2
