Seq7787_271_bp_1_0_0	ABN10845.1	42.11	21	11	2	17	37	36	54	0.16	21.8
Seq7787_271_bp_1_0_0	AAA25966.1	27.78	18	13	0	8	25	92	109	2.7	19.4
Seq7787_271_bp_1_0_0	AAA24142.1	50.00	12	6	0	21	32	137	148	3.3	18.4
Seq7787_271_bp_1_0_0	BAB79260.1	66.67	6	2	0	4	9	391	396	3.3	18.4
Seq7787_271_bp_1_0_0	BAA32956.1	30.00	10	7	0	24	33	44	53	5.6	16.5
Seq7787_271_bp_1_0_0	AEE27845.1	44.44	9	5	0	28	36	1220	1228	7.1	18.9
Seq7787_271_bp_1_0_0	AAF01122.1	39.13	24	14	1	22	44	189	212	7.1	17.0
Seq7787_271_bp_1_0_0	CAA43372.1	33.33	12	8	0	17	28	152	163	7.8	17.0
Seq7787_271_bp_1_0_0	BAA32991.1	71.43	9	2	2	38	46	23	29	9.3	14.1
Seq7787_271_bp_1_0_1	AAX84812.1	80.00	5	1	0	2	6	89	93	0.11	20.4
Seq7787_271_bp_1_0_1	CAA74140.1	62.50	8	3	0	5	12	750	757	0.3	21.1
Seq7787_271_bp_1_0_1	BAE97662.1	75.00	4	1	0	9	12	831	834	0.55	20.4
Seq7787_271_bp_1_0_1	BAA32018.1	83.33	6	1	0	4	9	88	93	0.71	19.2
Seq7787_271_bp_1_0_1	AAA42531.1	44.44	9	5	0	1	9	237	245	1.6	17.4
Seq7787_271_bp_1_0_1	ABD49687.1	75.00	4	1	0	9	12	1176	1179	2.9	18.6
Seq7787_271_bp_1_0_1	AAA45888.1	30.00	10	7	0	2	11	114	123	3.5	16.1
Seq7787_271_bp_1_0_1	ABS38337.1	100.00	3	0	0	9	11	1066	1068	5	17.4
Seq7787_271_bp_1_0_1	AAA23282.1	42.86	7	4	0	6	12	454	460	5.1	16.1
Seq7787_271_bp_1_0_1	AAA24142.1	100.00	4	0	0	7	10	321	324	6.2	15.5
Seq7787_271_bp_1_0_1	ABN10845.1	50.00	6	3	0	3	8	116	121	6.9	14.3
Seq7787_271_bp_1_0_1	AEE27845.1	28.57	7	5	0	5	11	949	955	8.1	16.8
Seq7787_271_bp_1_0_1	AAA18786.1	60.00	5	2	0	8	12	100	104	8.4	14.3
Seq7787_271_bp_1_0_1	AAC78721.1	50.00	6	3	0	6	11	238	243	9	15.5
Seq7787_271_bp_1_0_1	AAA25966.1	66.67	3	1	0	10	12	91	93	9.6	15.5
Seq7787_271_bp_1_0_2	AAX12058.1	62.50	8	3	0	4	11	103	110	0.096	20.8
Seq7787_271_bp_1_0_2	AAA25966.1	44.44	9	5	0	1	9	96	104	0.39	20.2
Seq7787_271_bp_1_0_2	AAH69556.1	40.00	10	6	0	1	10	154	163	1.3	17.1
Seq7787_271_bp_1_0_2	AAA32376.1	50.00	6	3	0	3	8	121	126	2.6	15.3
Seq7787_271_bp_1_0_2	BAB17681.1	55.56	9	4	0	1	9	85	93	2.8	15.9
Seq7787_271_bp_1_0_2	ABG75784.1	60.00	5	2	0	1	5	308	312	4.7	15.3
Seq7787_271_bp_1_0_2	CAA26230.1	28.57	7	5	0	1	7	139	145	8.2	15.3
Seq7787_271_bp_1_0_2	ABL74574.1	37.50	8	5	0	1	8	61	68	9.6	14.1
Seq7787_271_bp_1_0_2	AAA24142.1	42.86	7	4	0	2	8	233	239	9.9	14.7
Seq7787_271_bp_1_1_0	ABS38337.1	88.89	90	10	0	1	90	768	857	3.6e-52	193.5
Seq7787_271_bp_1_1_0	AAA23282.1	39.29	85	51	1	1	84	35	119	4.1e-15	69.3
Seq7787_271_bp_1_1_0	AII71783.1	46.15	29	14	3	29	56	50	76	2.7	19.2
Seq7787_271_bp_1_1_0	BAB17681.1	31.25	16	11	0	16	31	145	160	3.2	18.7
Seq7787_271_bp_1_1_0	ABG75784.1	32.14	31	19	3	55	82	52	82	3.6	18.7
Seq7787_271_bp_1_1_0	ABD49687.1	40.00	15	9	0	65	79	1545	1559	4.4	20.9
Seq7787_271_bp_1_1_0	AAC17860.1	26.47	35	25	1	44	78	159	192	4.7	18.7
Seq7787_271_bp_1_1_0	AAC78721.1	22.22	29	21	2	50	76	471	499	7.5	18.7
Seq7787_271_bp_1_1_0	ABK71357.1	20.00	42	32	2	44	83	253	294	7.6	17.9
Seq7787_271_bp_1_1_0	AAA32376.1	35.29	18	11	1	62	78	82	99	8.6	16.5
Seq7787_271_bp_1_2_0	ABG75784.1	53.33	15	7	0	3	17	285	299	0.057	23.6
Seq7787_271_bp_1_2_0	AAX12058.1	46.67	16	8	1	2	16	120	135	0.46	20.4
Seq7787_271_bp_1_2_0	ABN10845.1	66.67	6	2	0	28	33	52	57	0.93	19.0
Seq7787_271_bp_1_2_0	AAA45888.1	31.25	36	22	4	3	37	137	169	1.2	19.5
Seq7787_271_bp_1_2_0	BAB79260.1	40.00	10	6	0	28	37	199	208	1.4	19.5
Seq7787_271_bp_1_2_0	CAA11507.1	45.45	11	6	0	24	34	916	926	3.1	19.9
Seq7787_271_bp_1_2_0	AAR31603.1	45.45	11	6	0	20	30	142	152	3.6	17.6
Seq7787_271_bp_1_2_0	AAR37016.1	33.33	12	8	0	25	36	1887	1898	3.8	20.4
Seq7787_271_bp_1_2_0	AAA25966.1	44.44	10	5	1	13	21	245	254	4.1	18.6
Seq7787_271_bp_1_2_0	AAX84812.1	57.14	7	3	0	5	11	24	30	4.7	16.7
Seq7787_271_bp_1_2_0	BAA32991.1	60.00	5	2	0	10	14	24	28	6.6	14.4
Seq7787_271_bp_1_2_0	AAA32624.1	60.00	5	2	0	29	33	355	359	7.5	17.2
Seq7787_271_bp_1_2_0	AAA32376.1	42.86	7	4	0	34	40	133	139	8.7	15.4
Seq7787_271_bp_1_2_0	AAB64315.2	50.00	8	4	0	9	16	42	49	8.8	16.3
Seq7787_271_bp_1_2_1	CAA73529.1	50.00	8	4	0	4	11	263	270	2.6	17.2
Seq7787_271_bp_1_2_1	AAA45888.1	22.22	18	14	0	3	20	29	46	5	16.7
Seq7787_271_bp_1_2_1	BAB17681.1	60.00	5	2	0	20	24	105	109	5	16.2
Seq7787_271_bp_1_2_1	ACT10338.1	44.44	9	5	0	13	21	344	352	5.1	16.7
Seq7787_271_bp_1_2_1	AAH69556.1	57.14	7	3	0	12	18	158	164	5.6	16.2
Seq7787_271_bp_1_2_1	AII71783.1	37.50	8	5	0	15	22	299	306	5.6	16.2
Seq7787_271_bp_1_2_1	AAC08817.1	100.00	4	0	0	20	23	98	101	5.9	15.2
Seq7787_271_bp_1_2_1	BAA32956.1	30.00	10	7	0	9	18	1	10	7.5	15.2
Seq7787_271_bp_1_2_1	AAB26998.1	60.00	5	2	0	3	7	4	8	7.8	13.7
Seq7787_271_bp_1_2_1	BAB79260.1	21.05	19	15	0	2	20	102	120	8.1	16.2
Seq7787_271_bp_1_2_1	ABD33854.1	60.00	5	2	0	3	7	11	15	8.9	13.2
Seq7787_271_bp_1_2_2	AEE27845.1	44.44	18	10	0	4	21	869	886	0.092	24.2
Seq7787_271_bp_1_2_2	AAX12058.1	66.67	9	3	0	3	11	120	128	0.52	19.4
Seq7787_271_bp_1_2_2	AAA45888.1	33.33	15	10	0	3	17	58	72	0.72	19.4
Seq7787_271_bp_1_2_2	AAA18786.1	55.56	9	4	0	3	11	4	12	3.6	16.5
Seq7787_271_bp_1_2_2	BAB17681.1	40.00	15	9	0	6	20	98	112	3.7	16.5
Seq7787_271_bp_1_2_2	AAA72732.1	38.46	13	8	0	5	17	1	13	5.8	16.0
Seq7787_271_bp_1_2_2	AAA26915.1	50.00	8	4	0	8	15	192	199	8.5	16.0
Seq7787_271_bp_-1_0_0	ABN10845.1	52.63	19	9	0	19	37	65	83	0.65	20.7
Seq7787_271_bp_-1_0_0	AAB96524.1	45.45	11	6	0	71	81	91	101	1	19.8
Seq7787_271_bp_-1_0_0	AAC17860.1	37.50	8	5	0	17	24	362	369	3.1	19.3
Seq7787_271_bp_-1_0_0	CAA26230.1	36.36	25	14	3	64	88	16	37	4.2	19.3
Seq7787_271_bp_-1_0_0	AAX84812.1	22.73	23	17	1	67	89	38	59	4.4	18.0
Seq7787_271_bp_-1_0_0	AAA32376.1	41.67	12	7	0	50	61	121	132	4.5	17.5
Seq7787_271_bp_-1_0_0	AIR13712.1	33.33	12	8	0	22	33	230	241	6.2	18.0
Seq7787_271_bp_-1_0_0	AAA18786.1	26.67	15	11	0	25	39	1	15	6.8	17.5
Seq7787_271_bp_-1_0_0	AAA45888.1	36.84	19	12	0	25	43	55	73	7.1	18.0
Seq7787_271_bp_-1_0_0	AAA72732.1	50.00	10	5	0	47	56	109	118	7.9	17.5
Seq7787_271_bp_-1_0_0	AAC78721.1	36.36	11	7	0	52	62	91	101	9	18.4
Seq7787_271_bp_-1_0_0	AAX12058.1	30.00	20	14	0	70	89	88	107	9.4	17.1
Seq7787_271_bp_-1_1_0	AAA45888.1	50.00	14	7	0	69	82	148	161	0.15	23.7
Seq7787_271_bp_-1_1_0	ABS38337.1	53.85	13	6	0	30	42	818	830	3.9	20.6
Seq7787_271_bp_-1_1_0	AEE27845.1	36.36	22	14	0	9	30	892	913	4.3	20.6
Seq7787_271_bp_-1_1_0	AAA25966.1	37.50	24	15	0	11	34	333	356	5.4	19.3
Seq7787_271_bp_-1_1_0	AAB96524.1	38.46	13	8	0	30	42	88	100	6.1	17.2
Seq7787_271_bp_-1_1_0	AAA18786.1	52.63	21	9	2	18	38	87	105	6.4	17.6
Seq7787_271_bp_-1_1_0	AII71783.1	37.50	8	5	0	67	74	155	162	7.4	17.6
Seq7787_271_bp_-1_1_0	AAQ92751.2	31.58	19	13	0	44	62	252	270	9.8	19.3
Seq7787_271_bp_-1_1_0	AAA23282.1	31.58	19	13	0	42	60	214	232	9.8	18.1
Seq7787_271_bp_-1_2_0	AAA45888.1	50.00	17	8	1	17	33	172	187	0.37	21.3
Seq7787_271_bp_-1_2_0	AAX12058.1	70.00	10	3	0	34	43	121	130	0.92	19.5
Seq7787_271_bp_-1_2_0	BAB17681.1	33.33	9	6	0	1	9	77	85	4.3	17.2
Seq7787_271_bp_-1_2_0	CAA43372.1	41.67	13	7	1	17	29	294	305	4.7	17.7
Seq7787_271_bp_-1_2_0	ABD33854.1	33.33	9	6	0	15	23	7	15	4.7	15.0
Seq7787_271_bp_-1_2_0	AAA18786.1	37.50	8	5	0	5	12	97	104	5.6	16.8
Seq7787_271_bp_-1_2_0	BAA32018.1	41.67	12	7	0	20	31	59	70	6.9	17.7
Seq7787_271_bp_-1_2_0	AAB96524.1	50.00	6	3	0	27	32	90	95	7.2	15.9
Seq7787_271_bp_-1_2_0	ABD49687.1	45.45	11	6	0	13	23	1461	1471	7.4	19.0
Seq7787_271_bp_-1_2_0	AAX84812.1	60.00	5	2	0	38	42	25	29	8.8	15.9
Seq7787_271_bp_-1_2_0	AAA24969.1	47.06	20	9	3	1	17	586	605	8.9	18.6
Seq7787_271_bp_-1_2_0	AAA32376.1	37.50	8	5	0	20	27	83	90	8.9	15.4
Seq7787_271_bp_-1_2_1	AAR31603.1	33.33	9	6	0	2	10	172	180	1.2	17.6
Seq7787_271_bp_-1_2_1	CAA11507.1	50.00	12	6	0	2	13	854	865	1.5	19.3
Seq7787_271_bp_-1_2_1	ABG75784.1	57.14	7	3	0	5	11	223	229	2.4	16.5
Seq7787_271_bp_-1_2_1	CAA73529.1	45.45	11	6	0	3	13	229	239	4.5	15.4
Seq7787_271_bp_-1_2_1	AAF01122.1	66.67	6	2	0	2	7	189	194	6.1	15.4
Seq7787_271_bp_-1_2_1	ACT10338.1	80.00	5	1	0	1	5	82	86	9.1	14.8
Seq7787_271_bp_-1_2_2	AAA18786.1	50.00	6	3	0	13	18	100	105	3.4	16.3
Seq7787_271_bp_-1_2_2	AAA24142.1	46.67	18	8	3	3	17	53	70	5.6	16.3
Seq7787_271_bp_-1_2_2	AAA23282.1	41.67	12	7	0	2	13	146	157	7	16.3
Seq7787_271_bp_-1_2_2	ABG75784.1	25.00	12	9	0	2	13	251	262	8	15.2
Seq7787_271_bp_-1_2_2	ABN10845.1	54.55	11	5	0	4	14	60	70	8	14.7
Seq7787_271_bp_-1_2_2	AAB64315.2	80.00	5	1	0	10	14	239	243	8.3	15.2
Seq7787_271_bp_-1_2_2	AAC08817.1	75.00	4	1	0	15	18	144	147	8.7	14.1
Seq7787_271_bp_-1_2_2	CAA26230.1	42.86	7	4	0	8	14	422	428	9.7	15.7
