Seq7715_268_bp_1_0_0	ENA|ABD49687|ABD49687.1	93.26	89	6	0	1	89	1300	1388	1.4e-64	235.2
Seq7715_268_bp_1_0_0	ENA|CAA11507|CAA11507.1	42.86	21	12	0	52	72	643	663	0.019	28.4
Seq7715_268_bp_1_0_0	ENA|BAB79260|BAB79260.1	35.00	21	13	1	47	66	377	397	0.22	23.3
Seq7715_268_bp_1_0_0	ENA|CAA28033|CAA28033.1	36.84	19	12	0	28	46	65	83	0.9	22.8
Seq7715_268_bp_1_0_0	ENA|AAA32624|AAA32624.1	33.33	18	12	0	33	50	90	107	2.1	20.3
Seq7715_268_bp_1_0_0	ENA|ACT10338|ACT10338.1	63.64	11	4	0	13	23	108	118	2.2	19.7
Seq7715_268_bp_1_0_0	ENA|AAA18786|AAA18786.1	20.00	44	32	4	42	81	15	58	3.1	18.7
Seq7715_268_bp_1_0_0	ENA|BAA32956|BAA32956.1	45.45	11	6	0	5	15	102	112	3.4	18.2
Seq7715_268_bp_1_0_0	ENA|CAA36714|CAA36714.1	33.33	12	8	0	28	39	313	324	3.7	19.2
Seq7715_268_bp_1_0_0	ENA|AAB03707|AAB03707.1	33.33	18	12	0	4	21	1234	1251	3.8	20.8
Seq7715_268_bp_1_0_0	ENA|CAA26939|CAA26939.1	23.08	13	10	0	37	49	213	225	4.5	19.2
Seq7715_268_bp_1_0_0	ENA|ACH70901|ACH70901.1	25.00	33	24	1	15	46	18	50	5.7	18.2
Seq7715_268_bp_1_0_0	ENA|EDO47375|EDO47375.1	26.32	19	14	0	66	84	78	96	6.1	17.2
Seq7715_268_bp_1_0_0	ENA|AAC17860|AAC17860.1	75.00	9	2	1	60	67	345	353	6.5	18.2
Seq7715_268_bp_1_0_0	ENA|BAA36759|BAA36759.1	29.63	27	19	0	35	61	192	218	6.5	17.7
Seq7715_268_bp_1_0_0	ENA|ABN10845|ABN10845.1	60.00	10	4	0	28	37	132	141	7	17.2
Seq7715_268_bp_1_0_0	ENA|AAB66912|AAB66912.1	60.00	10	4	0	73	82	167	176	7.2	19.2
Seq7715_268_bp_1_0_0	ENA|CAA29956|CAA29956.1	50.00	10	5	0	6	15	107	116	8.3	17.7
Seq7715_268_bp_1_0_0	ENA|AAI27517|AAI27517.1	66.67	9	3	0	45	53	194	202	9.1	18.2
Seq7715_268_bp_1_0_0	ENA|CAL82360|CAL82360.1	43.75	16	9	0	18	33	313	328	9.7	19.2
Seq7715_268_bp_1_1_0	ENA|BAB17681|BAB17681.1	71.43	7	2	0	5	11	34	40	0.21	20.6
Seq7715_268_bp_1_1_0	ENA|CAA26939|CAA26939.1	71.43	7	2	0	4	10	400	406	0.29	21.2
Seq7715_268_bp_1_1_0	ENA|AAI27517|AAI27517.1	50.00	10	5	0	12	21	250	259	0.3	21.2
Seq7715_268_bp_1_1_0	ENA|CAA26023|CAA26023.1	66.67	6	2	0	5	10	135	140	0.44	20.0
Seq7715_268_bp_1_1_0	ENA|AAC17860|AAC17860.1	50.00	10	5	0	8	17	349	358	0.47	20.0
Seq7715_268_bp_1_1_0	ENA|AAF79734|AAF79734.1	55.56	9	4	0	1	9	861	869	0.49	21.8
Seq7715_268_bp_1_1_0	ENA|CAA45708|CAA45708.1	58.33	13	5	1	4	16	1150	1161	0.51	21.8
Seq7715_268_bp_1_1_0	ENA|AAA32624|AAA32624.1	62.50	8	3	0	3	10	351	358	0.59	20.0
Seq7715_268_bp_1_1_0	ENA|ABD49687|ABD49687.1	23.08	13	10	0	3	15	1709	1721	1.3	20.6
Seq7715_268_bp_1_1_0	ENA|AAC40132|AAC40132.1	25.00	12	9	0	4	15	84	95	1.8	18.2
Seq7715_268_bp_1_1_0	ENA|AAC97205|AAC97205.1	42.86	7	4	0	14	20	15	21	2.1	19.4
Seq7715_268_bp_1_1_0	ENA|AAB26998|AAB26998.1	60.00	5	2	0	8	12	47	51	2.3	15.3
Seq7715_268_bp_1_1_0	ENA|CAA29956|CAA29956.1	40.00	11	6	1	11	20	369	379	3.2	17.1
Seq7715_268_bp_1_1_0	ENA|CAA73529|CAA73529.1	42.86	7	4	0	8	14	40	46	3.5	16.5
Seq7715_268_bp_1_1_0	ENA|AAR37016|AAR37016.1	33.33	12	8	0	6	17	829	840	3.9	19.4
Seq7715_268_bp_1_1_0	ENA|AAA25966|AAA25966.1	37.50	8	5	0	14	21	118	125	4.1	17.7
Seq7715_268_bp_1_1_0	ENA|AAR31603|AAR31603.1	44.44	9	5	0	4	12	105	113	4.2	16.5
Seq7715_268_bp_1_1_0	ENA|AAB96524|AAB96524.1	36.36	11	7	0	2	12	35	45	5.2	15.3
Seq7715_268_bp_1_1_0	ENA|AAS77176|AAS77176.1	42.86	7	4	0	15	21	2	8	5.4	15.9
Seq7715_268_bp_1_1_0	ENA|AAA24145|AAA24145.1	100.00	3	0	0	16	18	11	13	5.7	16.5
Seq7715_268_bp_1_1_0	ENA|BAA32956|BAA32956.1	80.00	5	1	0	3	7	173	177	5.9	15.3
Seq7715_268_bp_1_1_0	ENA|AAA36539|AAA36539.1	60.00	5	2	0	5	9	410	414	5.9	16.5
Seq7715_268_bp_1_1_0	ENA|AAB66912|AAB66912.1	25.00	16	12	0	2	17	925	940	7.6	17.1
Seq7715_268_bp_1_1_0	ENA|BAB79260|BAB79260.1	50.00	8	4	0	6	13	408	415	8.3	15.9
Seq7715_268_bp_1_1_0	ENA|CAA45199|CAA45199.1	75.00	4	1	0	5	8	67	70	8.6	15.9
Seq7715_268_bp_1_1_0	ENA|ABD33854|ABD33854.1	66.67	3	1	0	7	9	43	45	8.8	13.0
Seq7715_268_bp_1_1_1	ENA|ABN10845|ABN10845.1	71.43	7	2	0	7	13	162	168	1.2	19.0
Seq7715_268_bp_1_1_1	ENA|CAA29956|CAA29956.1	54.55	11	5	0	3	13	266	276	1.5	19.5
Seq7715_268_bp_1_1_1	ENA|ABD33854|ABD33854.1	54.55	13	5	2	13	25	35	45	1.6	16.8
Seq7715_268_bp_1_1_1	ENA|ABG75784|ABG75784.1	30.00	10	7	0	15	24	186	195	1.8	19.0
Seq7715_268_bp_1_1_1	ENA|AAQ92751|AAQ92751.2	38.46	13	8	0	22	34	692	704	2.5	20.6
Seq7715_268_bp_1_1_1	ENA|CAA36214|CAA36214.1	66.67	6	2	0	44	49	21	26	2.5	18.4
Seq7715_268_bp_1_1_1	ENA|AAB26998|AAB26998.1	50.00	8	4	0	7	14	28	35	4.2	15.7
Seq7715_268_bp_1_1_1	ENA|AAC08817|AAC08817.1	38.89	18	11	0	1	18	138	155	5.7	16.2
Seq7715_268_bp_1_1_1	ENA|CAD53387|CAD53387.1	50.00	8	4	0	23	30	484	491	5.9	17.9
Seq7715_268_bp_1_1_1	ENA|BAA32991|BAA32991.1	75.00	4	1	0	40	43	30	33	7.6	14.6
Seq7715_268_bp_1_1_1	ENA|CAB75732|CAB75732.1	33.33	18	12	0	1	18	240	257	9	18.4
Seq7715_268_bp_1_1_1	ENA|CAA73529|CAA73529.1	23.53	17	13	0	25	41	248	264	9.6	16.2
Seq7715_268_bp_1_1_1	ENA|CAL82360|CAL82360.1	29.41	17	12	0	5	21	946	962	9.9	18.4
Seq7715_268_bp_1_2_0	ENA|CAA26939|CAA26939.1	42.86	14	8	0	35	48	261	274	0.99	21.5
Seq7715_268_bp_1_2_0	ENA|AAC97205|AAC97205.1	50.00	16	8	0	37	52	354	369	2.1	21.5
Seq7715_268_bp_1_2_0	ENA|AAI27517|AAI27517.1	32.26	31	21	0	36	66	385	415	2.2	20.4
Seq7715_268_bp_1_2_0	ENA|CAA36714|CAA36714.1	30.00	10	7	0	73	82	451	460	2.5	19.8
Seq7715_268_bp_1_2_0	ENA|CAA45199|CAA45199.1	66.67	9	3	0	18	26	110	118	2.5	19.8
Seq7715_268_bp_1_2_0	ENA|ABK71357|ABK71357.1	26.67	15	11	0	72	86	137	151	4.1	18.7
Seq7715_268_bp_1_2_0	ENA|AAB03707|AAB03707.1	25.00	28	21	0	35	62	390	417	4.9	20.4
Seq7715_268_bp_1_2_0	ENA|BAB79260|BAB79260.1	57.14	7	3	0	78	84	395	401	5	18.7
Seq7715_268_bp_1_2_0	ENA|AAC49865|AAC49865.1	26.32	19	14	0	66	84	265	283	5.3	18.2
Seq7715_268_bp_1_2_0	ENA|AAC08817|AAC08817.1	35.00	20	13	0	64	83	42	61	5.3	17.1
Seq7715_268_bp_1_2_0	ENA|CAD53387|CAD53387.1	71.43	7	2	0	72	78	471	477	5.5	18.7
Seq7715_268_bp_1_2_0	ENA|AAR37016|AAR37016.1	53.33	15	7	0	40	54	1434	1448	5.7	20.9
Seq7715_268_bp_1_2_0	ENA|CAA11507|CAA11507.1	25.00	32	24	0	55	86	798	829	6.9	19.8
Seq7715_268_bp_1_2_0	ENA|ABD33854|ABD33854.1	50.00	10	5	0	42	51	33	42	9.4	14.9
Seq7715_268_bp_1_2_0	ENA|BAA05866|BAA05866.1	50.00	10	5	0	39	48	34	43	10	17.1
Seq7715_268_bp_-1_0_0	ENA|AAA32624|AAA32624.1	19.05	21	17	0	25	45	338	358	2.6	19.5
Seq7715_268_bp_-1_0_0	ENA|EDO47375|EDO47375.1	55.56	9	4	0	28	36	122	130	5.2	17.0
Seq7715_268_bp_-1_0_0	ENA|AAC08817|AAC08817.1	26.67	15	11	0	3	17	2	16	6	16.5
Seq7715_268_bp_-1_0_0	ENA|AAA18786|AAA18786.1	40.00	10	6	0	36	45	82	91	7.2	17.0
Seq7715_268_bp_-1_0_0	ENA|CAA36214|CAA36214.1	66.67	6	2	0	57	62	169	174	8.1	17.0
Seq7715_268_bp_-1_0_0	ENA|BAA32018|BAA32018.1	33.33	24	14	3	40	63	151	171	8.3	18.0
Seq7715_268_bp_-1_0_0	ENA|AAB26998|AAB26998.1	57.14	7	3	0	57	63	9	15	8.4	15.0
Seq7715_268_bp_-1_0_1	ENA|AAI27517|AAI27517.1	63.64	11	4	0	8	18	417	427	0.09	23.1
Seq7715_268_bp_-1_0_1	ENA|AAB26998|AAB26998.1	75.00	8	2	0	9	16	6	13	0.26	18.7
Seq7715_268_bp_-1_0_1	ENA|CAA36214|CAA36214.1	75.00	8	2	0	1	8	274	281	0.32	20.3
Seq7715_268_bp_-1_0_1	ENA|AAC08817|AAC08817.1	71.43	7	2	0	5	11	81	87	0.36	19.2
Seq7715_268_bp_-1_0_1	ENA|BAA32956|BAA32956.1	30.77	13	9	0	3	15	95	107	1.5	17.5
Seq7715_268_bp_-1_0_1	ENA|AAA32624|AAA32624.1	54.55	11	5	0	9	19	127	137	1.7	18.7
Seq7715_268_bp_-1_0_1	ENA|CAA26023|CAA26023.1	60.00	10	4	0	5	14	21	30	1.9	18.1
Seq7715_268_bp_-1_0_1	ENA|CAA26939|CAA26939.1	100.00	4	0	0	8	11	572	575	1.9	18.7
Seq7715_268_bp_-1_0_1	ENA|AAC49865|AAC49865.1	75.00	4	1	0	20	23	27	30	2.3	17.5
Seq7715_268_bp_-1_0_1	ENA|BAB17681|BAB17681.1	40.00	10	6	0	3	12	182	191	2.8	17.0
Seq7715_268_bp_-1_0_1	ENA|ABD49687|ABD49687.1	36.84	19	12	0	3	21	1134	1152	3.8	19.2
Seq7715_268_bp_-1_0_1	ENA|BAA36759|BAA36759.1	50.00	8	4	0	1	8	269	276	4.3	16.4
Seq7715_268_bp_-1_0_1	ENA|AAS77176|AAS77176.1	71.43	7	2	0	11	17	257	263	4.3	16.4
Seq7715_268_bp_-1_0_1	ENA|AAB66912|AAB66912.1	50.00	10	5	0	11	20	331	340	4.4	18.1
Seq7715_268_bp_-1_0_1	ENA|AAB03707|AAB03707.1	41.67	12	7	0	11	22	1341	1352	4.4	18.7
Seq7715_268_bp_-1_0_1	ENA|BAB79260|BAB79260.1	60.00	13	4	3	3	12	405	417	4.6	17.0
Seq7715_268_bp_-1_0_1	ENA|BAA32991|BAA32991.1	60.00	5	2	0	16	20	40	44	4.8	14.2
Seq7715_268_bp_-1_0_1	ENA|ABN10845|ABN10845.1	100.00	3	0	0	21	23	56	58	6.9	15.3
Seq7715_268_bp_-1_0_1	ENA|EDO47375|EDO47375.1	50.00	8	4	0	11	18	60	67	8.6	14.8
Seq7715_268_bp_-1_0_1	ENA|BAA32018|BAA32018.1	42.86	7	4	0	9	15	515	521	9	16.4
Seq7715_268_bp_-1_0_1	ENA|AAC78721|AAC78721.1	42.86	7	4	0	2	8	237	243	9.6	16.4
Seq7715_268_bp_-1_1_0	ENA|BAA05866|BAA05866.1	71.43	7	2	0	11	17	30	36	0.17	20.7
Seq7715_268_bp_-1_1_0	ENA|AAB03707|AAB03707.1	45.45	11	6	0	1	11	888	898	0.32	22.0
Seq7715_268_bp_-1_1_0	ENA|AAB03707|AAB03707.1	38.46	13	8	0	3	15	1259	1271	0.78	20.7
Seq7715_268_bp_-1_1_0	ENA|CAA45199|CAA45199.1	54.55	11	5	0	2	12	399	409	1	18.8
Seq7715_268_bp_-1_1_0	ENA|AAA36114|AAA36114.1	36.36	11	7	0	6	16	15	25	1.7	18.2
Seq7715_268_bp_-1_1_0	ENA|CAA45708|CAA45708.1	83.33	6	1	0	6	11	254	259	2.1	19.4
Seq7715_268_bp_-1_1_0	ENA|AAS77176|AAS77176.1	100.00	4	0	0	9	12	139	142	2.3	16.9
Seq7715_268_bp_-1_1_0	ENA|BAB79260|BAB79260.1	37.50	8	5	0	3	10	86	93	2.3	17.5
Seq7715_268_bp_-1_1_0	ENA|CCP43727|CCP43727.1	80.00	5	1	0	8	12	160	164	2.6	16.9
Seq7715_268_bp_-1_1_0	ENA|AAR31603|AAR31603.1	71.43	7	2	0	4	10	141	147	2.6	16.9
Seq7715_268_bp_-1_1_0	ENA|ABK71357|ABK71357.1	100.00	4	0	0	9	12	359	362	2.9	16.9
Seq7715_268_bp_-1_1_0	ENA|AAB66912|AAB66912.1	22.22	9	7	0	9	17	442	450	3	18.2
Seq7715_268_bp_-1_1_0	ENA|AAC40132|AAC40132.1	37.50	8	5	0	9	16	240	247	3.7	16.9
Seq7715_268_bp_-1_1_0	ENA|AAC97205|AAC97205.1	54.55	13	5	2	5	15	453	465	4	18.2
Seq7715_268_bp_-1_1_0	ENA|CAL82360|CAL82360.1	62.50	8	3	0	8	15	1248	1255	4.1	18.2
Seq7715_268_bp_-1_1_0	ENA|CAA43419|CAA43419.1	36.36	11	7	0	7	17	79	89	4.5	16.2
Seq7715_268_bp_-1_1_0	ENA|AAC26660|AAC26660.1	71.43	8	2	1	4	10	69	76	4.8	15.6
Seq7715_268_bp_-1_1_0	ENA|AAA18786|AAA18786.1	50.00	6	3	0	10	15	145	150	5	15.6
Seq7715_268_bp_-1_1_0	ENA|CAA26023|CAA26023.1	50.00	10	5	0	8	17	51	60	7.1	15.6
Seq7715_268_bp_-1_1_0	ENA|CAB75732|CAB75732.1	42.86	7	4	0	1	7	873	879	8.7	16.9
Seq7715_268_bp_-1_1_0	ENA|ABG75784|ABG75784.1	50.00	6	3	0	3	8	308	313	8.9	15.0
Seq7715_268_bp_-1_1_0	ENA|CAA28033|CAA28033.1	75.00	4	1	0	3	6	330	333	9.7	16.9
Seq7715_268_bp_-1_1_1	ENA|AAC40132|AAC40132.1	38.46	13	8	0	2	14	234	246	0.015	24.7
Seq7715_268_bp_-1_1_1	ENA|BAA05866|BAA05866.1	50.00	8	4	0	7	14	10	17	0.73	18.5
Seq7715_268_bp_-1_1_1	ENA|BAA32956|BAA32956.1	75.00	4	1	0	6	9	7	10	2.7	16.0
Seq7715_268_bp_-1_1_1	ENA|AAA42531|AAA42531.1	62.50	8	3	0	7	14	172	179	3.3	16.6
Seq7715_268_bp_-1_1_1	ENA|AAC78721|AAC78721.1	100.00	4	0	0	4	7	334	337	3.7	17.2
Seq7715_268_bp_-1_1_1	ENA|CAA36714|CAA36714.1	62.50	8	3	0	7	14	313	320	3.9	16.6
Seq7715_268_bp_-1_1_1	ENA|CAA36214|CAA36214.1	66.67	6	2	0	2	7	21	26	3.9	16.0
Seq7715_268_bp_-1_1_1	ENA|EDO47375|EDO47375.1	42.86	7	4	0	3	9	36	42	5.7	14.7
Seq7715_268_bp_-1_1_1	ENA|CAA26939|CAA26939.1	66.67	6	2	0	10	15	192	197	7.1	16.0
Seq7715_268_bp_-1_1_1	ENA|AAA36114|AAA36114.1	50.00	8	4	0	7	14	5	12	9.6	15.4
Seq7715_268_bp_-1_1_2	ENA|CAA24711|CAA24711.1	36.36	11	7	0	6	16	38	48	1	18.0
Seq7715_268_bp_-1_1_2	ENA|ACH70901|ACH70901.1	80.00	5	1	0	16	20	101	105	2.1	18.0
Seq7715_268_bp_-1_1_2	ENA|ABD49687|ABD49687.1	41.67	12	7	0	9	20	1560	1571	2.2	20.2
Seq7715_268_bp_-1_1_2	ENA|CAA26939|CAA26939.1	71.43	7	2	0	10	16	222	228	2.3	18.5
Seq7715_268_bp_-1_1_2	ENA|AAC17860|AAC17860.1	80.00	5	1	0	23	27	325	329	3.5	17.4
Seq7715_268_bp_-1_1_2	ENA|AAS77176|AAS77176.1	50.00	8	4	0	10	17	201	208	3.6	16.9
Seq7715_268_bp_-1_1_2	ENA|BAA32991|BAA32991.1	75.00	4	1	0	3	6	21	24	3.8	14.7
Seq7715_268_bp_-1_1_2	ENA|AAC40132|AAC40132.1	37.50	8	5	0	19	26	284	291	4	17.4
Seq7715_268_bp_-1_1_2	ENA|AAR31603|AAR31603.1	44.44	9	5	0	8	16	48	56	4	16.9
Seq7715_268_bp_-1_1_2	ENA|AAF79734|AAF79734.1	53.85	16	6	3	6	18	53	68	5.6	18.5
Seq7715_268_bp_-1_1_2	ENA|CAA45708|CAA45708.1	40.00	10	6	0	6	15	77	86	5.9	18.5
Seq7715_268_bp_-1_1_2	ENA|AAA32624|AAA32624.1	50.00	6	3	0	18	23	439	444	6.3	16.9
Seq7715_268_bp_-1_1_2	ENA|CAA29968|CAA29968.1	46.67	16	8	1	11	26	147	161	7.2	15.3
Seq7715_268_bp_-1_1_2	ENA|CAA29956|CAA29956.1	33.33	15	10	0	3	17	147	161	9.3	15.8
Seq7715_268_bp_-1_1_2	ENA|AAC97205|AAC97205.1	30.77	13	9	0	7	19	1206	1218	9.8	17.4
Seq7715_268_bp_-1_1_2	ENA|CAA73529|CAA73529.1	44.44	9	5	0	2	10	188	196	9.9	15.3
Seq7715_268_bp_-1_1_3	ENA|CAA73529|CAA73529.1	55.56	9	4	0	11	19	189	197	1.9	17.4
Seq7715_268_bp_-1_1_3	ENA|BAA05866|BAA05866.1	80.00	5	1	0	12	16	267	271	2.1	17.4
Seq7715_268_bp_-1_1_3	ENA|CAA29968|CAA29968.1	44.44	9	5	0	5	13	184	192	5.4	15.3
Seq7715_268_bp_-1_1_3	ENA|BAA32991|BAA32991.1	42.86	7	4	0	13	19	48	54	7.9	13.2
Seq7715_268_bp_-1_1_3	ENA|AAA36539|AAA36539.1	71.43	7	2	0	14	20	104	110	8.9	15.9
Seq7715_268_bp_-1_1_3	ENA|AAF79734|AAF79734.1	36.36	11	7	0	9	19	913	923	9.2	17.4
Seq7715_268_bp_-1_1_3	ENA|ABK71357|ABK71357.1	33.33	9	6	0	13	21	282	290	9.9	15.3
Seq7715_268_bp_-1_2_0	ENA|AAC97205|AAC97205.1	80.00	5	1	0	27	31	893	897	0.66	21.7
Seq7715_268_bp_-1_2_0	ENA|AAB03707|AAB03707.1	44.44	9	5	0	11	19	699	707	1.6	20.6
Seq7715_268_bp_-1_2_0	ENA|ABG75784|ABG75784.1	57.14	7	3	0	23	29	306	312	1.8	18.2
Seq7715_268_bp_-1_2_0	ENA|ABD49687|ABD49687.1	46.67	16	8	1	1	15	35	50	2	20.6
Seq7715_268_bp_-1_2_0	ENA|AAA24145|AAA24145.1	30.00	10	7	0	6	15	89	98	3.9	17.7
Seq7715_268_bp_-1_2_0	ENA|AAA32624|AAA32624.1	33.33	16	10	1	1	16	426	440	6.5	17.1
Seq7715_268_bp_-1_2_0	ENA|CAA43419|CAA43419.1	30.77	13	9	0	1	13	119	131	6.8	16.5
Seq7715_268_bp_-1_2_0	ENA|CAA26023|CAA26023.1	60.00	5	2	0	13	17	45	49	7.1	16.5
Seq7715_268_bp_-1_2_0	ENA|AAB26998|AAB26998.1	23.08	13	10	0	15	27	14	26	7.1	14.2
Seq7715_268_bp_-1_2_0	ENA|AAC17860|AAC17860.1	45.45	11	6	0	18	28	184	194	7.5	16.5
Seq7715_268_bp_-1_2_0	ENA|AAB66912|AAB66912.1	83.33	6	1	0	17	22	217	222	7.7	17.7
Seq7715_268_bp_-1_2_0	ENA|AAS77176|AAS77176.1	66.67	6	2	0	27	32	144	149	7.9	15.9
Seq7715_268_bp_-1_2_1	ENA|AAR37016|AAR37016.1	40.91	22	13	0	33	54	1402	1423	0.75	23.2
Seq7715_268_bp_-1_2_1	ENA|ABK71357|ABK71357.1	85.71	7	1	0	41	47	136	142	1.2	19.9
Seq7715_268_bp_-1_2_1	ENA|BAA32956|BAA32956.1	54.55	11	5	0	3	13	54	64	2	18.3
Seq7715_268_bp_-1_2_1	ENA|AAB96524|AAB96524.1	28.57	14	10	0	11	24	127	140	2.6	17.8
Seq7715_268_bp_-1_2_1	ENA|BAB79260|BAB79260.1	23.81	23	16	2	19	41	37	57	2.9	18.9
Seq7715_268_bp_-1_2_1	ENA|AAA36539|AAA36539.1	41.67	12	7	0	1	12	372	383	4.5	18.3
Seq7715_268_bp_-1_2_1	ENA|BAA32018|BAA32018.1	36.36	11	7	0	22	32	110	120	5.8	18.3
Seq7715_268_bp_-1_2_1	ENA|CAA36214|CAA36214.1	50.00	15	7	1	26	39	227	241	6	17.2
Seq7715_268_bp_-1_2_1	ENA|CAA45199|CAA45199.1	29.41	17	12	0	23	39	196	212	6.3	17.8
Seq7715_268_bp_-1_2_1	ENA|AAC40132|AAC40132.1	38.46	13	8	0	19	31	323	335	6.4	17.8
Seq7715_268_bp_-1_2_1	ENA|ACT10338|ACT10338.1	23.08	13	10	0	17	29	369	381	7.5	17.2
Seq7715_268_bp_-1_2_1	ENA|AAC97205|AAC97205.1	80.00	5	1	0	18	22	897	901	7.7	18.9
Seq7715_268_bp_-1_2_1	ENA|CAA29968|CAA29968.1	36.36	22	14	0	24	45	157	178	8	16.1
Seq7715_268_bp_-1_2_1	ENA|ABD33854|ABD33854.1	40.00	5	3	0	42	46	40	44	8.1	14.5
Seq7715_268_bp_-1_2_1	ENA|AAB66912|AAB66912.1	44.44	9	5	0	9	17	808	816	8.4	18.3
Seq7715_268_bp_-1_2_1	ENA|AAR31603|AAR31603.1	37.50	8	5	0	18	25	152	159	9.1	16.7
