Seq7845_278_bp_1_0_0	CAA26230.1	32.00	25	17	0	4	28	157	181	0.33	21.6
Seq7845_278_bp_1_0_0	ABG75784.1	35.29	17	11	0	3	19	229	245	1.5	18.5
Seq7845_278_bp_1_0_0	AAF01122.1	62.50	8	3	0	17	24	189	196	3.6	17.5
Seq7845_278_bp_1_0_0	ACH70904.1	29.41	17	12	0	15	31	205	221	4.9	17.0
Seq7845_278_bp_1_0_0	AAA26915.1	43.75	16	9	0	2	17	412	427	6.3	17.0
Seq7845_278_bp_1_0_0	AAA32624.1	41.67	12	7	0	20	31	285	296	7	17.0
Seq7845_278_bp_1_0_0	AAX12058.1	45.45	11	6	0	18	28	6	16	7.4	16.0
Seq7845_278_bp_1_0_0	BAB17681.1	38.46	13	8	0	12	24	234	246	7.4	16.0
Seq7845_278_bp_1_0_0	AAR37016.1	42.86	14	8	0	15	28	1953	1966	7.6	19.0
Seq7845_278_bp_1_0_0	AAA72732.1	42.86	14	8	0	15	28	292	305	8.3	16.0
Seq7845_278_bp_1_0_1	AAB26998.1	80.00	5	1	0	23	27	59	63	1.2	16.6
Seq7845_278_bp_1_0_1	ABS38337.1	52.94	17	8	0	9	25	885	901	1.5	20.3
Seq7845_278_bp_1_0_1	AAQ92751.2	57.14	7	3	0	11	17	533	539	3.3	19.2
Seq7845_278_bp_1_0_1	AAX12058.1	40.00	10	6	0	8	17	128	137	4	16.6
Seq7845_278_bp_1_0_1	CAA43372.1	28.57	14	10	0	13	26	270	283	4.2	17.2
Seq7845_278_bp_1_0_1	ABG75784.1	33.33	18	12	0	2	19	236	253	4.6	16.6
Seq7845_278_bp_1_0_1	AAA45888.1	35.71	14	9	0	4	17	122	135	5.6	16.6
Seq7845_278_bp_1_0_1	AAA23282.1	41.67	13	7	1	13	24	547	559	5.7	17.2
Seq7845_278_bp_1_0_1	ABD49687.1	37.50	16	10	0	7	22	1619	1634	5.8	18.7
Seq7845_278_bp_1_0_1	BAA32018.1	37.50	16	10	0	7	22	164	179	6.3	17.2
Seq7845_278_bp_1_0_1	AAB96524.1	71.43	7	2	0	1	7	54	60	7.8	15.1
Seq7845_278_bp_1_0_2	ACT10338.1	50.00	10	5	0	7	16	26	35	2.5	17.2
Seq7845_278_bp_1_0_2	CAA26230.1	55.56	9	4	0	4	12	33	41	3.6	17.2
Seq7845_278_bp_1_0_2	ABD33854.1	38.46	13	8	0	2	14	10	22	3.7	14.0
Seq7845_278_bp_1_0_2	CAA11507.1	50.00	10	5	0	1	10	1305	1314	5.6	17.8
Seq7845_278_bp_1_0_2	AAC08817.1	23.53	17	13	0	1	17	107	123	6	14.6
Seq7845_278_bp_1_0_2	EDO47375.1	40.00	10	6	0	8	17	94	103	6.8	14.6
Seq7845_278_bp_1_0_2	AAB03707.1	45.45	11	6	0	3	13	731	741	8.5	17.2
Seq7845_278_bp_1_1_0	AAC17860.1	60.00	10	4	0	13	22	137	146	7.1	16.6
Seq7845_278_bp_1_1_0	AEE27845.1	44.44	18	10	0	5	22	277	294	7.7	18.2
Seq7845_278_bp_1_1_0	ABN10845.1	83.33	6	1	0	7	12	21	26	8	15.5
Seq7845_278_bp_1_1_0	AAA32624.1	36.84	21	12	2	4	24	408	426	8.9	16.6
Seq7845_278_bp_1_1_0	ABK71357.1	33.33	15	10	0	14	28	130	144	9.2	16.0
Seq7845_278_bp_1_1_0	BAB17681.1	33.33	12	8	0	1	12	179	190	9.8	15.5
Seq7845_278_bp_1_1_1	AAB64315.2	57.14	7	3	0	5	11	239	245	1.7	18.2
Seq7845_278_bp_1_1_1	AAA18786.1	54.55	11	5	0	12	22	32	42	2	17.7
Seq7845_278_bp_1_1_1	AAA45888.1	41.67	12	7	0	9	20	47	58	2.8	17.7
Seq7845_278_bp_1_1_1	ABD33854.1	66.67	6	2	0	17	22	40	45	3.1	14.9
Seq7845_278_bp_1_1_1	AAA26915.1	50.00	12	6	0	12	23	388	399	3.4	17.7
Seq7845_278_bp_1_1_1	AAR37016.1	44.44	9	5	0	18	26	2249	2257	3.8	19.8
Seq7845_278_bp_1_1_1	BAB17681.1	37.50	8	5	0	12	19	59	66	4.2	16.6
Seq7845_278_bp_1_1_1	AAC17860.1	37.50	8	5	0	15	22	343	350	4.3	17.1
Seq7845_278_bp_1_1_1	AAB26998.1	100.00	3	0	0	10	12	60	62	5.4	14.4
Seq7845_278_bp_1_1_1	CAA26230.1	37.50	16	10	0	5	20	357	372	5.8	17.1
Seq7845_278_bp_1_1_1	ACT10338.1	66.67	9	3	0	3	11	190	198	5.9	16.6
Seq7845_278_bp_1_1_1	AAX12058.1	50.00	8	4	0	15	22	135	142	6	16.0
Seq7845_278_bp_1_1_1	AAA32624.1	37.50	16	10	0	5	20	320	335	7.8	16.6
Seq7845_278_bp_1_1_1	AAF01122.1	83.33	6	1	0	20	25	200	205	8.1	16.0
Seq7845_278_bp_1_1_1	AAQ92751.2	75.00	4	1	0	7	10	319	322	9.5	17.7
Seq7845_278_bp_1_1_1	BAA32991.1	100.00	2	0	0	9	10	28	29	9.6	13.3
Seq7845_278_bp_1_1_2	EDO47375.1	35.71	14	9	0	12	25	160	173	3.6	16.5
Seq7845_278_bp_1_1_2	AAC78721.1	44.44	9	5	0	10	18	397	405	4	18.2
Seq7845_278_bp_1_1_2	AAX84812.1	83.33	6	1	0	21	26	115	120	4.3	16.5
Seq7845_278_bp_1_1_2	AAC08817.1	33.33	18	12	0	11	28	58	75	4.5	16.0
Seq7845_278_bp_1_1_2	BAB79260.1	80.00	5	1	0	27	31	391	395	5.7	17.1
Seq7845_278_bp_1_1_2	CAA26230.1	28.57	21	15	0	2	22	199	219	7	17.1
Seq7845_278_bp_1_1_2	AAB96524.1	50.00	8	4	0	12	19	120	127	7.3	15.4
Seq7845_278_bp_1_1_2	ABD33854.1	25.00	8	6	0	23	30	53	60	7.8	13.8
Seq7845_278_bp_1_1_2	AAA24142.1	20.00	15	12	0	11	25	112	126	8.2	16.5
Seq7845_278_bp_1_2_0	AEE27845.1	91.30	92	8	0	1	92	635	726	5.3e-52	193.2
Seq7845_278_bp_1_2_0	AEE27845.1	28.07	58	41	1	3	60	242	298	0.58	23.6
Seq7845_278_bp_1_2_0	AAB64315.2	29.73	38	26	1	41	77	103	140	3.1	19.1
Seq7845_278_bp_1_2_0	BAA32018.1	29.17	24	17	0	13	36	352	375	3.1	20.0
Seq7845_278_bp_1_2_0	CAA43372.1	32.00	25	17	0	43	67	355	379	3.8	19.1
Seq7845_278_bp_1_2_0	BAE97662.1	19.64	56	45	0	2	57	147	202	4.1	20.4
Seq7845_278_bp_1_2_0	AAR37016.1	25.00	46	33	2	5	48	729	774	6.1	20.9
Seq7845_278_bp_1_2_0	AAA45888.1	33.33	18	12	0	10	27	257	274	6.5	18.2
Seq7845_278_bp_1_2_0	AAA24142.1	21.43	42	33	0	19	60	147	188	7.6	18.2
Seq7845_278_bp_1_2_0	AAC78721.1	36.00	25	16	0	54	78	490	514	8.2	18.6
Seq7845_278_bp_1_2_0	ABS38337.1	42.86	23	12	2	70	90	1243	1265	8.3	19.5
Seq7845_278_bp_1_2_0	CAA04196.1	34.48	31	19	2	2	30	319	349	9.4	17.7
Seq7845_278_bp_1_2_0	AAA32376.1	27.27	22	16	0	36	57	148	169	9.9	16.4
Seq7845_278_bp_-1_0_0	AAR37016.1	27.78	18	13	0	5	22	431	448	0.98	21.8
Seq7845_278_bp_-1_0_0	AAR31603.1	43.75	16	9	0	7	22	147	162	1.1	18.9
Seq7845_278_bp_-1_0_0	AAA25966.1	50.00	10	5	0	5	14	122	131	2.3	18.9
Seq7845_278_bp_-1_0_0	AAA42531.1	55.56	9	4	0	19	27	21	29	2.8	17.7
Seq7845_278_bp_-1_0_0	AII71783.1	50.00	8	4	0	18	25	220	227	4.9	16.5
Seq7845_278_bp_-1_0_0	ABG75784.1	30.00	20	14	0	1	20	243	262	5	16.5
Seq7845_278_bp_-1_0_0	ABD33854.1	33.33	12	8	0	15	26	14	25	5.2	14.1
Seq7845_278_bp_-1_0_0	AAA65607.1	83.33	6	1	0	18	23	169	174	5.8	16.5
Seq7845_278_bp_-1_0_0	CAA73529.1	100.00	4	0	0	4	7	208	211	6.5	15.9
Seq7845_278_bp_-1_0_0	BAB17681.1	38.89	18	11	0	9	26	127	144	6.5	15.9
Seq7845_278_bp_-1_0_0	AAB96524.1	25.00	12	9	0	12	23	62	73	6.6	15.3
Seq7845_278_bp_-1_0_0	AAA24142.1	57.14	7	3	0	3	9	47	53	7	16.5
Seq7845_278_bp_-1_0_0	AAH69556.1	66.67	6	2	0	18	23	27	32	7.2	15.9
Seq7845_278_bp_-1_0_0	AAQ92751.2	42.86	14	8	0	13	26	36	49	9.3	17.7
Seq7845_278_bp_-1_0_0	AAX12058.1	38.46	13	8	0	12	24	141	153	9.5	15.3
Seq7845_278_bp_-1_0_1	ABN10845.1	28.57	21	15	0	14	34	20	40	0.69	19.3
Seq7845_278_bp_-1_0_1	AAA25966.1	44.44	9	5	0	9	17	114	122	0.75	20.9
Seq7845_278_bp_-1_0_1	CAA26230.1	50.00	10	5	0	7	16	81	90	0.84	20.3
Seq7845_278_bp_-1_0_1	EDO47375.1	50.00	12	6	0	6	17	118	129	1.3	18.2
Seq7845_278_bp_-1_0_1	AAR31603.1	46.67	15	8	0	3	17	68	82	1.5	18.7
Seq7845_278_bp_-1_0_1	BAA32956.1	31.25	16	11	0	4	19	86	101	2.9	17.1
Seq7845_278_bp_-1_0_1	AAQ92751.2	50.00	12	6	0	13	24	1053	1064	3	19.8
Seq7845_278_bp_-1_0_1	AAA45888.1	40.91	23	13	1	1	22	147	169	3.7	17.6
Seq7845_278_bp_-1_0_1	AAB26998.1	50.00	6	3	0	25	30	42	47	4.8	14.9
Seq7845_278_bp_-1_0_1	AAA26915.1	37.50	8	5	0	24	31	429	436	6.3	17.1
Seq7845_278_bp_-1_0_1	AAC17860.1	40.00	15	9	0	8	22	98	112	8	16.6
Seq7845_278_bp_-1_0_1	AEE27845.1	37.50	16	10	0	10	25	595	610	8.8	18.2
Seq7845_278_bp_-1_0_1	AAA72732.1	50.00	8	4	0	9	16	161	168	8.8	16.0
Seq7845_278_bp_-1_0_1	AAX84812.1	44.44	9	5	0	13	21	187	195	9.4	15.5
Seq7845_278_bp_-1_0_2	ABN10845.1	36.84	19	12	0	3	21	62	80	0.036	23.0
Seq7845_278_bp_-1_0_2	BAB79260.1	27.27	11	8	0	4	14	356	366	0.28	21.1
Seq7845_278_bp_-1_0_2	CAA73529.1	71.43	7	2	0	11	17	97	103	0.65	19.1
Seq7845_278_bp_-1_0_2	AAI27517.1	30.77	13	9	0	10	22	154	166	2.2	18.5
Seq7845_278_bp_-1_0_2	AAA36565.1	40.00	10	6	0	11	20	2	11	2.3	16.6
Seq7845_278_bp_-1_0_2	AAA72732.1	53.33	18	7	3	4	21	3	17	2.8	17.2
Seq7845_278_bp_-1_0_2	AAA42531.1	54.55	11	5	0	14	24	80	90	3.4	17.2
Seq7845_278_bp_-1_0_2	AAR37016.1	27.78	18	13	0	6	23	1912	1929	3.5	19.8
Seq7845_278_bp_-1_0_2	BAA32991.1	66.67	6	2	0	19	24	25	30	3.6	14.6
Seq7845_278_bp_-1_0_2	EDO47375.1	28.57	7	5	0	4	10	113	119	4.1	15.9
Seq7845_278_bp_-1_0_2	AAB26998.1	40.00	10	6	0	14	23	6	15	4.1	14.6
Seq7845_278_bp_-1_0_2	AAX84812.1	36.36	11	7	0	13	23	108	118	5	15.9
Seq7845_278_bp_-1_0_2	AAA45888.1	62.50	8	3	0	4	11	63	70	5.2	16.6
Seq7845_278_bp_-1_0_2	CAA26230.1	31.25	16	11	0	1	16	263	278	7.5	16.6
Seq7845_278_bp_-1_0_2	AAA23282.1	40.00	10	6	0	15	24	453	462	7.6	16.6
Seq7845_278_bp_-1_1_0	AEE27845.1	34.29	35	23	0	9	43	268	302	1.5	22.2
Seq7845_278_bp_-1_1_0	AAB96524.1	40.00	20	12	0	62	81	11	30	1.9	19.0
Seq7845_278_bp_-1_1_0	AIR13712.1	41.18	17	10	0	44	60	141	157	5.5	18.2
Seq7845_278_bp_-1_1_0	AAB03707.1	47.06	17	9	0	53	69	656	672	5.8	20.2
Seq7845_278_bp_-1_1_0	AAQ92751.2	31.58	40	26	2	54	91	391	430	5.8	20.2
Seq7845_278_bp_-1_1_0	AAA24969.1	28.57	42	30	0	5	46	323	364	8.3	19.8
Seq7845_278_bp_-1_2_0	AAC08817.1	57.14	7	3	0	4	10	97	103	2.3	16.1
Seq7845_278_bp_-1_2_0	AAB26998.1	38.46	13	8	0	3	15	26	38	2.6	14.8
Seq7845_278_bp_-1_2_0	CAA74140.1	57.14	7	3	0	11	17	342	348	3.6	17.9
Seq7845_278_bp_-1_2_0	AAR37016.1	33.33	9	6	0	8	16	1255	1263	5.8	18.5
Seq7845_278_bp_-1_2_0	AAA24969.1	66.67	6	2	0	7	12	643	648	8.6	17.3
Seq7845_278_bp_-1_2_1	BAB70780.1	33.33	27	18	0	27	53	93	119	1.2	20.6
Seq7845_278_bp_-1_2_1	AAA45888.1	50.00	14	7	0	48	61	148	161	2	19.5
Seq7845_278_bp_-1_2_1	AAA25966.1	27.27	22	16	0	24	45	99	120	2.6	20.0
Seq7845_278_bp_-1_2_1	AAB26998.1	50.00	8	4	0	48	55	26	33	2.6	16.8
Seq7845_278_bp_-1_2_1	BAA32956.1	28.57	28	20	0	6	33	172	199	3.3	17.9
Seq7845_278_bp_-1_2_1	AII71783.1	24.00	25	19	0	15	39	208	232	3.3	18.4
Seq7845_278_bp_-1_2_1	AAA23282.1	17.65	52	42	1	15	65	352	403	4.2	19.0
Seq7845_278_bp_-1_2_1	ABS38337.1	41.18	17	10	0	24	40	488	504	4.5	20.0
Seq7845_278_bp_-1_2_1	ACH70904.1	20.00	25	20	0	30	54	205	229	5.6	17.9
Seq7845_278_bp_-1_2_1	AAA32376.1	60.00	10	4	0	16	25	164	173	5.6	16.8
Seq7845_278_bp_-1_2_1	ABD49687.1	53.33	15	7	0	10	24	1406	1420	6	20.0
Seq7845_278_bp_-1_2_1	BAA32018.1	100.00	5	0	0	43	47	380	384	6.6	18.4
Seq7845_278_bp_-1_2_1	CAA26230.1	38.46	13	8	0	50	62	65	77	8.4	17.9
Seq7845_278_bp_-1_2_1	AAB96524.1	45.45	11	6	0	8	18	170	180	8.5	16.3
Seq7845_278_bp_-1_2_1	CAA43372.1	50.00	10	5	0	20	29	382	391	9	17.4
Seq7845_278_bp_-1_2_1	ABL74574.1	50.00	10	5	0	17	26	9	18	9.1	16.8
Seq7845_278_bp_-1_2_1	CAA11507.1	28.12	33	23	1	20	51	161	193	9.6	19.0
