Seq1026_61_bp_1_0_0	ENA|AAC49865|AAC49865.1	100.00	20	0	0	1	20	201	220	1.4e-11	54.6
Seq1026_61_bp_1_0_0	ENA|AAA36539|AAA36539.1	41.67	12	7	0	7	18	336	347	1.1	18.9
Seq1026_61_bp_1_0_0	ENA|BAA32956|BAA32956.1	60.00	10	4	0	9	18	8	17	3.2	16.2
Seq1026_61_bp_1_0_0	ENA|BAA36759|BAA36759.1	37.50	16	10	0	2	17	28	43	4.3	16.2
Seq1026_61_bp_1_0_0	ENA|CAA45199|CAA45199.1	40.00	15	9	0	4	18	393	407	5.4	16.6
Seq1026_61_bp_1_0_0	ENA|CAA29956|CAA29956.1	28.57	14	10	0	7	20	170	183	5.6	16.2
Seq1026_61_bp_1_0_0	ENA|AAC17860|AAC17860.1	50.00	10	5	0	7	16	383	392	6.1	16.2
Seq1026_61_bp_1_0_0	ENA|ABK71357|ABK71357.1	66.67	6	2	0	4	9	252	257	7.1	15.8
Seq1026_61_bp_1_1_0	ENA|CAA45199|CAA45199.1	45.45	11	6	0	1	11	100	110	0.0054	25.7
Seq1026_61_bp_1_1_0	ENA|CAA26939|CAA26939.1	50.00	6	3	0	4	9	41	46	0.19	20.9
Seq1026_61_bp_1_1_0	ENA|AAA24145|AAA24145.1	50.00	8	4	0	4	11	70	77	0.23	20.3
Seq1026_61_bp_1_1_0	ENA|CAA73529|CAA73529.1	80.00	5	1	0	5	9	154	158	0.32	19.1
Seq1026_61_bp_1_1_0	ENA|AAC26660|AAC26660.1	50.00	6	3	0	5	10	228	233	0.45	18.5
Seq1026_61_bp_1_1_0	ENA|AAC08817|AAC08817.1	60.00	5	2	0	1	5	116	120	0.63	17.2
Seq1026_61_bp_1_1_0	ENA|AAA25966|AAA25966.1	80.00	5	1	0	3	7	573	577	0.83	19.1
Seq1026_61_bp_1_1_0	ENA|CAA45708|CAA45708.1	37.50	8	5	0	2	9	15	22	1.2	19.7
Seq1026_61_bp_1_1_0	ENA|AAR37016|AAR37016.1	40.00	10	6	0	2	11	1275	1284	1.8	19.7
Seq1026_61_bp_1_1_0	ENA|CAL82360|CAL82360.1	75.00	4	1	0	7	10	849	852	2.2	18.5
Seq1026_61_bp_1_1_0	ENA|CAA24711|CAA24711.1	66.67	6	2	0	6	11	161	166	2.4	15.4
Seq1026_61_bp_1_1_0	ENA|BAA32018|BAA32018.1	66.67	6	2	0	1	6	303	308	2.5	17.2
Seq1026_61_bp_1_1_0	ENA|ABD49687|ABD49687.1	40.00	10	6	0	2	11	976	985	2.9	18.5
Seq1026_61_bp_1_1_0	ENA|AAA36114|AAA36114.1	57.14	7	3	0	1	7	114	120	3.1	16.6
Seq1026_61_bp_1_1_0	ENA|ACH70901|ACH70901.1	55.56	10	4	1	3	11	4	13	3.3	16.0
Seq1026_61_bp_1_1_0	ENA|AAI27517|AAI27517.1	60.00	5	2	0	4	8	516	520	3.5	16.6
Seq1026_61_bp_1_1_0	ENA|EDO47375|EDO47375.1	50.00	8	4	0	2	9	36	43	4	14.8
Seq1026_61_bp_1_1_0	ENA|AAA32624|AAA32624.1	75.00	4	1	0	5	8	37	40	4.7	16.0
Seq1026_61_bp_1_1_0	ENA|ABK71357|ABK71357.1	60.00	5	2	0	5	9	204	208	5.1	15.4
Seq1026_61_bp_1_1_0	ENA|AAA18786|AAA18786.1	30.00	10	7	0	2	11	77	86	5.5	14.8
Seq1026_61_bp_1_1_0	ENA|BAB17681|BAB17681.1	37.50	8	5	0	2	9	13	20	5.7	14.8
Seq1026_61_bp_1_1_0	ENA|AAB26998|AAB26998.1	42.86	7	4	0	3	9	49	55	5.7	13.0
Seq1026_61_bp_1_1_0	ENA|AAC78721|AAC78721.1	60.00	5	2	0	1	5	262	266	6	16.0
Seq1026_61_bp_1_1_0	ENA|CAA29968|CAA29968.1	50.00	4	2	0	2	5	72	75	6.1	14.2
Seq1026_61_bp_1_1_0	ENA|BAB79260|BAB79260.1	50.00	4	2	0	7	10	84	87	6.1	15.4
Seq1026_61_bp_1_1_0	ENA|CAA36214|CAA36214.1	42.86	7	4	0	1	7	158	164	6.3	14.8
Seq1026_61_bp_1_1_0	ENA|BAA05866|BAA05866.1	50.00	6	3	0	4	9	294	299	6.3	14.8
Seq1026_61_bp_1_1_0	ENA|ABN10845|ABN10845.1	66.67	3	1	0	4	6	70	72	6.8	14.2
Seq1026_61_bp_1_1_0	ENA|AAC97205|AAC97205.1	42.86	7	4	0	1	7	580	586	7.2	16.6
Seq1026_61_bp_1_1_0	ENA|AAF79734|AAF79734.1	40.00	10	6	0	2	11	191	200	8.3	16.6
Seq1026_61_bp_1_1_0	ENA|CAB75732|CAB75732.1	30.00	10	7	0	1	10	576	585	10	16.0
Seq1026_61_bp_1_2_0	ENA|ABN10845|ABN10845.1	66.67	6	2	0	5	10	203	208	0.41	18.2
Seq1026_61_bp_1_2_0	ENA|CAA73529|CAA73529.1	66.67	6	2	0	2	7	55	60	0.73	17.7
Seq1026_61_bp_1_2_0	ENA|ABK71357|ABK71357.1	60.00	5	2	0	4	8	58	62	2	16.7
Seq1026_61_bp_1_2_0	ENA|BAA05866|BAA05866.1	60.00	5	2	0	4	8	214	218	2.3	16.2
Seq1026_61_bp_1_2_0	ENA|AAB66912|AAB66912.1	80.00	5	1	0	4	8	211	215	2.4	17.7
Seq1026_61_bp_1_2_0	ENA|AAB03707|AAB03707.1	50.00	8	4	0	1	8	1314	1321	2.5	18.2
Seq1026_61_bp_1_2_0	ENA|AAI27517|AAI27517.1	75.00	4	1	0	7	10	188	191	3.1	16.7
Seq1026_61_bp_1_2_0	ENA|CAA11507|CAA11507.1	60.00	5	2	0	2	6	419	423	3.5	17.7
Seq1026_61_bp_1_2_0	ENA|AAC78721|AAC78721.1	50.00	6	3	0	3	8	295	300	3.6	16.7
Seq1026_61_bp_1_2_0	ENA|CAA24711|CAA24711.1	28.57	7	5	0	4	10	13	19	3.8	14.6
Seq1026_61_bp_1_2_0	ENA|CAL82360|CAL82360.1	62.50	8	3	0	2	9	1171	1178	4.7	17.2
Seq1026_61_bp_1_2_0	ENA|CAD53387|CAD53387.1	75.00	4	1	0	5	8	31	34	5.3	15.7
Seq1026_61_bp_1_2_0	ENA|CAA45708|CAA45708.1	80.00	5	1	0	3	7	1221	1225	5.5	17.2
Seq1026_61_bp_1_2_0	ENA|AAA42531|AAA42531.1	37.50	8	5	0	3	10	270	277	5.8	15.1
Seq1026_61_bp_1_2_0	ENA|AAC97205|AAC97205.1	42.86	7	4	0	2	8	463	469	6.3	16.7
Seq1026_61_bp_1_2_0	ENA|CAA29956|CAA29956.1	50.00	10	5	0	1	10	238	247	7.9	14.6
Seq1026_61_bp_1_2_0	ENA|ABD33854|ABD33854.1	42.86	7	4	0	1	7	28	34	7.9	12.1
Seq1026_61_bp_1_2_0	ENA|AAB96524|AAB96524.1	55.56	9	4	0	2	10	45	53	7.9	13.6
Seq1026_61_bp_1_2_0	ENA|CAA26023|CAA26023.1	100.00	3	0	0	6	8	13	15	8	14.6
Seq1026_61_bp_1_2_0	ENA|ABD49687|ABD49687.1	60.00	5	2	0	2	6	1381	1385	8.6	16.7
Seq1026_61_bp_1_2_0	ENA|ABG75784|ABG75784.1	20.00	10	8	0	1	10	203	212	9.2	14.1
Seq1026_61_bp_1_2_0	ENA|CAA45199|CAA45199.1	75.00	4	1	0	3	6	292	295	9.7	14.6
Seq1026_61_bp_1_2_0	ENA|AAA36539|AAA36539.1	100.00	3	0	0	6	8	465	467	9.8	14.6
Seq1026_61_bp_-1_0_0	ENA|ABD49687|ABD49687.1	41.67	12	7	0	1	12	1379	1390	0.83	20.8
Seq1026_61_bp_-1_0_0	ENA|BAA32991|BAA32991.1	44.44	9	5	0	4	12	1	9	1.5	15.2
Seq1026_61_bp_-1_0_0	ENA|EDO47375|EDO47375.1	41.67	12	7	0	4	15	52	63	3	15.7
Seq1026_61_bp_-1_0_0	ENA|AAB66912|AAB66912.1	30.00	10	7	0	4	13	224	233	3	18.0
Seq1026_61_bp_-1_0_0	ENA|AAR31603|AAR31603.1	42.86	14	8	0	1	14	48	61	3.7	16.2
Seq1026_61_bp_-1_0_0	ENA|AAC26660|AAC26660.1	25.00	8	6	0	5	12	17	24	4	15.7
Seq1026_61_bp_-1_0_0	ENA|CAL82360|CAL82360.1	33.33	12	8	0	4	15	1251	1262	4.1	18.0
Seq1026_61_bp_-1_0_0	ENA|AAC49865|AAC49865.1	30.77	13	9	0	1	13	127	139	5.1	15.7
Seq1026_61_bp_-1_0_0	ENA|BAB79260|BAB79260.1	40.00	10	6	0	2	11	377	386	5.1	16.2
Seq1026_61_bp_-1_0_0	ENA|AAB96524|AAB96524.1	50.00	8	4	0	8	15	93	100	5.4	14.8
Seq1026_61_bp_-1_0_0	ENA|CAA29956|CAA29956.1	41.67	12	7	0	2	13	209	220	5.8	15.7
Seq1026_61_bp_-1_0_0	ENA|CAA45708|CAA45708.1	60.00	12	4	2	5	14	1510	1521	6.5	17.5
Seq1026_61_bp_-1_0_0	ENA|BAA32018|BAA32018.1	50.00	8	4	0	1	8	377	384	6.9	16.2
Seq1026_61_bp_-1_0_0	ENA|AAA36539|AAA36539.1	71.43	7	2	0	9	15	378	384	7.2	15.7
Seq1026_61_bp_-1_0_0	ENA|CAA26939|CAA26939.1	36.36	11	7	0	5	15	158	168	8.6	15.7
Seq1026_61_bp_-1_0_0	ENA|CAA36214|CAA36214.1	35.71	14	9	0	1	14	65	78	8.6	14.8
Seq1026_61_bp_-1_1_0	ENA|BAB17681|BAB17681.1	80.00	5	1	0	7	11	174	178	0.61	18.1
Seq1026_61_bp_-1_1_0	ENA|AAA36114|AAA36114.1	60.00	11	4	1	1	11	346	355	5.1	15.9
Seq1026_61_bp_-1_2_0	ENA|BAA05866|BAA05866.1	35.29	17	11	0	3	19	208	224	0.067	22.2
Seq1026_61_bp_-1_2_0	ENA|AAR37016|AAR37016.1	38.46	13	8	0	5	17	53	65	0.28	23.1
Seq1026_61_bp_-1_2_0	ENA|AAC08817|AAC08817.1	35.71	14	9	0	1	14	107	120	0.3	19.1
Seq1026_61_bp_-1_2_0	ENA|AAC40132|AAC40132.1	60.00	17	6	2	2	16	433	449	0.66	19.6
Seq1026_61_bp_-1_2_0	ENA|AAA18786|AAA18786.1	44.44	9	5	0	7	15	125	133	1.7	17.3
Seq1026_61_bp_-1_2_0	ENA|AAB96524|AAB96524.1	36.36	11	7	0	2	12	81	91	2.2	16.5
Seq1026_61_bp_-1_2_0	ENA|AAA36539|AAA36539.1	50.00	15	7	1	2	16	40	53	2.2	17.8
Seq1026_61_bp_-1_2_0	ENA|BAB17681|BAB17681.1	30.00	10	7	0	4	13	67	76	2.4	16.9
Seq1026_61_bp_-1_2_0	ENA|AAC78721|AAC78721.1	50.00	13	6	1	4	16	184	195	3.2	17.8
Seq1026_61_bp_-1_2_0	ENA|AAA72732|AAA72732.1	38.46	13	8	0	4	16	93	105	3.7	16.5
Seq1026_61_bp_-1_2_0	ENA|CAB75732|CAB75732.1	37.50	16	10	0	2	17	329	344	4	18.2
Seq1026_61_bp_-1_2_0	ENA|CAA36214|CAA36214.1	50.00	8	4	0	11	18	229	236	4.8	16.0
Seq1026_61_bp_-1_2_0	ENA|BAA32956|BAA32956.1	50.00	6	3	0	9	14	153	158	6.1	15.1
Seq1026_61_bp_-1_2_0	ENA|BAA32991|BAA32991.1	36.36	11	7	0	6	16	20	30	6.8	13.3
Seq1026_61_bp_-1_2_0	ENA|AAA32624|AAA32624.1	60.00	10	4	0	6	15	254	263	8	16.0
Seq1026_61_bp_-1_2_0	ENA|BAA32018|BAA32018.1	22.22	18	14	0	1	18	471	488	9.5	16.0
