Seq6340_140_bp_1_0_0	AEE27845.1	100.00	46	0	0	1	46	251	296	3.2e-42	159.7
Seq6340_140_bp_1_0_0	AAA26915.1	85.71	7	1	0	31	37	116	122	0.28	22.1
Seq6340_140_bp_1_0_0	CAD53387.1	71.43	7	2	0	7	13	500	506	1.4	19.8
Seq6340_140_bp_1_0_0	CAA73529.1	100.00	4	0	0	21	24	169	172	3.5	17.6
Seq6340_140_bp_1_0_0	AAC17860.1	76.92	21	3	8	34	46	135	155	3.8	18.1
Seq6340_140_bp_1_0_0	AAA24142.1	83.33	6	1	0	2	7	309	314	4.2	18.1
Seq6340_140_bp_1_0_0	AAA32624.1	100.00	4	0	0	9	12	310	313	4.9	18.1
Seq6340_140_bp_1_0_0	CAA11507.1	85.71	7	1	0	24	30	221	227	5	19.4
Seq6340_140_bp_1_0_0	CAA26230.1	100.00	4	0	0	15	18	21	24	5.2	18.1
Seq6340_140_bp_1_0_0	AAA23282.1	100.00	4	0	0	15	18	324	327	5.3	18.1
Seq6340_140_bp_1_0_0	AAR31603.1	100.00	7	0	1	25	30	297	303	5.6	17.2
Seq6340_140_bp_1_0_0	BAE97662.1	62.50	8	3	0	17	24	159	166	5.7	18.9
Seq6340_140_bp_1_0_0	AAQ92751.2	75.00	8	2	0	34	41	129	136	6.8	18.9
Seq6340_140_bp_1_0_0	CAA43372.1	100.00	4	0	0	6	9	52	55	7	17.2
Seq6340_140_bp_1_0_0	CAA04196.1	100.00	4	0	0	12	15	163	166	7	17.2
Seq6340_140_bp_1_0_0	AAC78721.1	83.33	6	1	0	34	39	639	644	8.2	17.6
Seq6340_140_bp_1_0_0	AAA32376.1	80.00	5	1	0	10	14	68	72	9.7	15.4
Seq6340_140_bp_1_1_0	BAE97662.1	100.00	4	0	0	2	5	1096	1099	0.98	20.5
Seq6340_140_bp_1_1_0	AAX12058.1	80.00	5	1	0	13	17	121	125	2.6	17.0
Seq6340_140_bp_1_1_0	AAC17860.1	100.00	4	0	0	8	11	2	5	2.6	17.6
Seq6340_140_bp_1_1_0	AAR37016.1	100.00	4	0	0	16	19	1623	1626	3	19.9
Seq6340_140_bp_1_1_0	AAI27517.1	100.00	4	0	0	8	11	204	207	3.7	17.6
Seq6340_140_bp_1_1_0	AAQ92751.2	62.50	8	3	0	15	22	667	674	3.9	18.7
Seq6340_140_bp_1_1_0	ABL74574.1	100.00	7	0	2	5	9	179	185	4	16.4
Seq6340_140_bp_1_1_0	AAR31603.1	100.00	3	0	0	5	7	49	51	4.5	16.4
Seq6340_140_bp_1_1_0	AAB03707.1	100.00	4	0	0	12	15	122	125	5.6	18.2
Seq6340_140_bp_1_1_0	CAA45199.1	100.00	3	0	0	5	7	251	253	6.3	16.4
Seq6340_140_bp_1_1_0	AAA32624.1	80.00	5	1	0	16	20	364	368	7	16.4
Seq6340_140_bp_1_1_0	AAB26998.1	100.00	3	0	0	6	8	37	39	7.7	13.5
Seq6340_140_bp_1_1_0	AEE27845.1	100.00	4	0	0	6	9	21	24	8.3	17.6
Seq6340_140_bp_1_1_0	AAC78721.1	100.00	3	0	0	20	22	645	647	8.9	16.4
Seq6340_140_bp_1_1_1	CAA73529.1	80.00	5	1	0	6	10	80	84	1.6	17.7
Seq6340_140_bp_1_1_1	CAD53387.1	100.00	4	0	0	6	9	478	481	2.2	18.2
Seq6340_140_bp_1_1_1	AAA72732.1	100.00	3	0	0	12	14	265	267	2.6	17.3
Seq6340_140_bp_1_1_1	AAB64315.2	100.00	3	0	0	12	14	131	133	2.7	17.3
Seq6340_140_bp_1_1_1	AAC78721.1	100.00	4	0	0	6	9	286	289	2.9	18.2
Seq6340_140_bp_1_1_1	AAA45888.1	100.00	3	0	0	12	14	195	197	3.1	17.3
Seq6340_140_bp_1_1_1	AAB26998.1	100.00	3	0	0	7	9	31	33	3.1	15.0
Seq6340_140_bp_1_1_1	CAA74140.1	80.00	5	1	0	18	22	771	775	4	18.2
Seq6340_140_bp_1_1_1	BAA32018.1	100.00	3	0	0	12	14	381	383	5	17.3
Seq6340_140_bp_1_1_1	CAA45199.1	80.00	5	1	0	6	10	290	294	5.2	16.8
Seq6340_140_bp_1_1_1	ABK71357.1	100.00	3	0	0	8	10	51	53	5.6	16.3
Seq6340_140_bp_1_1_1	AAH69556.1	100.00	3	0	0	10	12	146	148	6.3	15.9
Seq6340_140_bp_1_1_1	AAC97205.1	100.00	11	0	5	2	7	260	270	7.1	17.7
Seq6340_140_bp_1_2_0	AAA45888.1	90.00	12	1	2	5	16	63	72	0.00052	29.3
Seq6340_140_bp_1_2_0	AAA45888.1	83.33	6	1	0	11	16	109	114	0.31	20.1
Seq6340_140_bp_1_2_0	CAA73529.1	100.00	4	0	0	3	6	140	143	0.51	18.9
Seq6340_140_bp_1_2_0	AAA24142.1	100.00	4	0	0	3	6	271	274	0.83	18.9
Seq6340_140_bp_1_2_0	AAA32624.1	100.00	4	0	0	8	11	156	159	1.3	18.5
Seq6340_140_bp_1_2_0	AAR37016.1	100.00	4	0	0	5	8	2007	2010	4.2	18.9
Seq6340_140_bp_1_2_0	ACT10338.1	80.00	5	1	0	2	6	344	348	4.8	16.1
Seq6340_140_bp_1_2_0	AAA72732.1	100.00	3	0	0	5	7	3	5	6.7	15.3
Seq6340_140_bp_1_2_0	EDO47375.1	100.00	3	0	0	12	14	41	43	7	14.5
Seq6340_140_bp_1_2_0	AAF01122.1	100.00	3	0	0	5	7	247	249	7.9	15.3
Seq6340_140_bp_1_2_0	ABN10845.1	100.00	3	0	0	2	4	64	66	8	14.5
Seq6340_140_bp_1_2_0	AAH69556.1	100.00	3	0	0	13	15	128	130	8.4	14.9
Seq6340_140_bp_1_2_0	AAC97205.1	80.00	5	1	0	5	9	1235	1239	8.5	16.9
Seq6340_140_bp_1_2_0	CAA43372.1	100.00	3	0	0	4	6	11	13	8.6	15.3
Seq6340_140_bp_1_2_0	BAB79260.1	100.00	3	0	0	4	6	111	113	9.4	15.3
Seq6340_140_bp_-1_0_0	AAC78721.1	100.00	6	0	0	3	8	662	667	0.045	24.8
Seq6340_140_bp_-1_0_0	BAE97662.1	100.00	5	0	0	18	22	795	799	1.5	20.5
Seq6340_140_bp_-1_0_0	AAB03707.1	75.00	8	2	0	19	26	813	820	1.9	20.5
Seq6340_140_bp_-1_0_0	AAA45888.1	100.00	4	0	0	4	7	372	375	3.1	17.9
Seq6340_140_bp_-1_0_0	AEE27845.1	75.00	8	2	0	11	18	246	253	3.4	19.6
Seq6340_140_bp_-1_0_0	CAD53387.1	100.00	4	0	0	1	4	503	506	4.1	17.9
Seq6340_140_bp_-1_0_0	AAF01122.1	100.00	4	0	0	23	26	4	7	4.1	17.4
Seq6340_140_bp_-1_0_0	AAA72732.1	100.00	4	0	0	24	27	128	131	4.6	17.0
Seq6340_140_bp_-1_0_0	BAA32018.1	100.00	4	0	0	1	4	247	250	5	17.9
Seq6340_140_bp_-1_0_0	EDO47375.1	100.00	4	0	0	31	34	93	96	5.1	16.1
Seq6340_140_bp_-1_0_0	ABN10845.1	100.00	6	0	1	21	25	135	140	7.7	15.7
Seq6340_140_bp_-1_0_0	AAI27517.1	80.00	5	1	0	18	22	128	132	8.4	17.0
Seq6340_140_bp_-1_0_0	AAB64315.2	100.00	4	0	0	31	34	227	230	8.5	16.1
Seq6340_140_bp_-1_0_1	AEE27845.1	100.00	6	0	0	2	7	284	289	0.11	22.8
Seq6340_140_bp_-1_0_1	AEE27845.1	100.00	6	0	0	2	7	290	295	0.11	22.8
Seq6340_140_bp_-1_0_1	AEE27845.1	100.00	6	0	0	2	7	296	301	0.11	22.8
Seq6340_140_bp_-1_0_1	AAC78721.1	83.33	6	1	0	2	7	639	644	0.88	18.7
Seq6340_140_bp_-1_0_1	AAC17860.1	83.33	6	1	0	2	7	135	140	1	17.8
Seq6340_140_bp_-1_0_1	ACT10338.1	100.00	4	0	0	5	8	153	156	1.8	16.9
Seq6340_140_bp_-1_0_1	AAA23282.1	100.00	4	0	0	7	10	250	253	2.6	16.9
Seq6340_140_bp_-1_0_1	AAB96524.1	83.33	6	1	0	5	10	6	11	2.9	15.1
Seq6340_140_bp_-1_0_1	BAB70780.1	100.00	4	0	0	2	5	398	401	3	16.5
Seq6340_140_bp_-1_0_1	AAA26915.1	80.00	5	1	0	4	8	119	123	3.9	16.0
Seq6340_140_bp_-1_0_1	ABD49687.1	100.00	4	0	0	1	4	228	231	5.5	17.4
Seq6340_140_bp_-1_0_1	AAH69556.1	80.00	5	1	0	6	10	87	91	8.4	14.2
Seq6340_140_bp_-1_0_1	EDO47375.1	75.00	4	1	0	1	4	43	46	9.7	13.3
Seq6340_140_bp_-1_0_1	AAR37016.1	100.00	4	0	0	7	10	642	645	9.9	16.9
Seq6340_140_bp_-1_1_0	ABD33854.1	100.00	5	0	1	6	9	5	9	0.39	18.7
Seq6340_140_bp_-1_1_0	ACH70904.1	100.00	4	0	0	40	43	291	294	1	19.8
Seq6340_140_bp_-1_1_0	AAA24142.1	75.00	4	1	0	9	12	290	293	1.3	19.8
Seq6340_140_bp_-1_1_0	AAA32376.1	75.00	4	1	0	8	11	133	136	2.2	17.7
Seq6340_140_bp_-1_1_0	AII71783.1	100.00	4	0	0	20	23	171	174	2.7	18.2
Seq6340_140_bp_-1_1_0	AAC08817.1	75.00	4	1	0	4	7	84	87	3	17.1
Seq6340_140_bp_-1_1_0	AAF01122.1	100.00	4	0	0	20	23	373	376	3.2	18.2
Seq6340_140_bp_-1_1_0	CAA04196.1	100.00	4	0	0	36	39	346	349	3.6	18.2
Seq6340_140_bp_-1_1_0	BAA32018.1	100.00	3	0	0	7	9	84	86	3.7	18.7
Seq6340_140_bp_-1_1_0	CAA45199.1	100.00	3	0	0	11	13	250	252	4	18.2
Seq6340_140_bp_-1_1_0	ABG75784.1	75.00	4	1	0	11	14	1	4	5.5	17.1
Seq6340_140_bp_-1_1_0	AAQ92751.2	100.00	3	0	0	28	30	321	323	5.6	19.2
Seq6340_140_bp_-1_1_0	AAB03707.1	100.00	3	0	0	5	7	1210	1212	7.9	18.7
Seq6340_140_bp_-1_1_0	CAA73529.1	100.00	3	0	0	13	15	21	23	9.7	16.1
Seq6340_140_bp_-1_2_0	AAA72732.1	70.00	10	3	0	18	27	4	13	0.035	24.0
Seq6340_140_bp_-1_2_0	AAR31603.1	83.33	6	1	0	13	18	95	100	0.3	21.0
Seq6340_140_bp_-1_2_0	AAA32376.1	100.00	4	0	0	29	32	123	126	0.89	18.5
Seq6340_140_bp_-1_2_0	ABS38337.1	100.00	4	0	0	10	13	1064	1067	1.6	20.5
Seq6340_140_bp_-1_2_0	AAX84812.1	100.00	4	0	0	14	17	82	85	1.7	18.0
Seq6340_140_bp_-1_2_0	AAA45888.1	85.71	9	1	2	18	26	64	70	2.8	18.0
Seq6340_140_bp_-1_2_0	AAA42531.1	80.00	5	1	0	29	33	158	162	3.9	17.5
Seq6340_140_bp_-1_2_0	AAB64315.2	100.00	6	0	1	4	8	321	326	4.7	17.0
Seq6340_140_bp_-1_2_0	CAD53387.1	80.00	5	1	0	4	8	28	32	5	17.5
Seq6340_140_bp_-1_2_0	ABN10845.1	100.00	3	0	0	10	12	196	198	6.1	16.0
Seq6340_140_bp_-1_2_0	AAQ92751.2	100.00	4	0	0	6	9	762	765	6.8	18.5
Seq6340_140_bp_-1_2_0	BAB17681.1	100.00	3	0	0	10	12	263	265	7.6	16.0
Seq6340_140_bp_-1_2_0	BAB70780.1	100.00	6	0	1	15	19	332	337	9.3	16.5
