Seq1884_61_bp_1_0_0	ENA|AAC17860|AAC17860.1	62.50	8	3	0	8	15	325	332	0.52	19.8
Seq1884_61_bp_1_0_0	ENA|AAR31603|AAR31603.1	57.14	7	3	0	14	20	62	68	2.6	17.1
Seq1884_61_bp_1_0_0	ENA|AAA24145|AAA24145.1	66.67	6	2	0	11	16	412	417	7.5	16.0
Seq1884_61_bp_1_0_0	ENA|AAB26998|AAB26998.1	100.00	3	0	0	9	11	60	62	8.3	13.3
Seq1884_61_bp_1_0_0	ENA|ABD33854|ABD33854.1	42.86	7	4	0	3	9	55	61	9.6	12.8
Seq1884_61_bp_1_1_0	ENA|AAR37016|AAR37016.1	100.00	20	0	0	1	20	1393	1412	9.8e-14	64.6
Seq1884_61_bp_1_1_0	ENA|ABD33854|ABD33854.1	60.00	5	2	0	3	7	50	54	1.7	15.4
Seq1884_61_bp_1_1_0	ENA|AAB96524|AAB96524.1	47.06	18	9	1	4	20	145	162	3.3	16.0
Seq1884_61_bp_1_1_0	ENA|AAF79734|AAF79734.1	57.14	7	3	0	4	10	940	946	3.4	18.8
Seq1884_61_bp_1_1_0	ENA|CAA73529|CAA73529.1	42.86	7	4	0	10	16	92	98	4.7	16.0
Seq1884_61_bp_1_1_0	ENA|ABN10845|ABN10845.1	46.15	13	7	0	7	19	130	142	5.6	15.4
Seq1884_61_bp_1_1_0	ENA|AAI27517|AAI27517.1	50.00	8	4	0	8	15	239	246	6.7	16.5
Seq1884_61_bp_1_1_0	ENA|AAA36114|AAA36114.1	50.00	12	6	0	8	19	211	222	8.5	16.0
Seq1884_61_bp_1_1_0	ENA|AAC97205|AAC97205.1	57.14	7	3	0	2	8	586	592	9.2	17.1
Seq1884_61_bp_1_2_0	ENA|AAC97205|AAC97205.1	41.67	12	7	0	8	19	764	775	0.089	23.9
Seq1884_61_bp_1_2_0	ENA|CAA26023|CAA26023.1	66.67	11	3	2	9	17	164	174	0.11	21.8
Seq1884_61_bp_1_2_0	ENA|CAA26023|CAA26023.1	40.00	10	6	0	8	17	175	184	0.45	19.8
Seq1884_61_bp_1_2_0	ENA|BAB79260|BAB79260.1	50.00	10	5	0	8	17	199	208	0.13	21.8
Seq1884_61_bp_1_2_0	ENA|BAB79260|BAB79260.1	71.43	7	2	0	12	18	438	444	0.54	19.8
Seq1884_61_bp_1_2_0	ENA|AAR37016|AAR37016.1	46.15	13	7	0	5	17	2010	2022	0.17	23.9
Seq1884_61_bp_1_2_0	ENA|AAC40132|AAC40132.1	50.00	10	5	0	5	14	418	427	0.22	21.2
Seq1884_61_bp_1_2_0	ENA|CAA73529|CAA73529.1	50.00	8	4	0	5	12	205	212	0.32	19.8
Seq1884_61_bp_1_2_0	ENA|AAA32624|AAA32624.1	80.00	5	1	0	12	16	510	514	0.62	19.8
Seq1884_61_bp_1_2_0	ENA|ABN10845|ABN10845.1	75.00	4	1	0	7	10	106	109	0.65	18.5
Seq1884_61_bp_1_2_0	ENA|CAA36714|CAA36714.1	40.00	10	6	0	1	10	427	436	0.87	19.1
Seq1884_61_bp_1_2_0	ENA|BAB17681|BAB17681.1	50.00	6	3	0	7	12	21	26	1.3	17.8
Seq1884_61_bp_1_2_0	ENA|ABD33854|ABD33854.1	62.50	9	3	1	2	9	36	44	1.9	15.1
Seq1884_61_bp_1_2_0	ENA|CAA36214|CAA36214.1	60.00	5	2	0	5	9	170	174	2.3	17.1
Seq1884_61_bp_1_2_0	ENA|CAA26939|CAA26939.1	30.00	10	7	0	8	17	10	19	4.2	17.1
Seq1884_61_bp_1_2_0	ENA|ABD49687|ABD49687.1	44.44	9	5	0	4	12	1358	1366	4.9	18.5
Seq1884_61_bp_1_2_0	ENA|AAA36539|AAA36539.1	100.00	2	0	0	9	10	332	333	5.5	16.4
Seq1884_61_bp_1_2_0	ENA|CAA29968|CAA29968.1	33.33	6	4	0	11	16	53	58	5.7	15.1
Seq1884_61_bp_1_2_0	ENA|CCP43727|CCP43727.1	62.50	8	3	0	2	9	47	54	6	15.8
Seq1884_61_bp_1_2_0	ENA|BAA32956|BAA32956.1	60.00	5	2	0	14	18	129	133	6.2	15.1
Seq1884_61_bp_1_2_0	ENA|AAB66912|AAB66912.1	50.00	8	4	0	8	15	583	590	6.7	17.1
Seq1884_61_bp_1_2_0	ENA|AAI27517|AAI27517.1	42.86	7	4	0	3	9	442	448	6.8	16.4
Seq1884_61_bp_1_2_0	ENA|AAA25966|AAA25966.1	50.00	8	4	0	1	8	18	25	8.2	16.4
Seq1884_61_bp_1_2_0	ENA|BAA05866|BAA05866.1	50.00	6	3	0	4	9	227	232	8.8	15.1
Seq1884_61_bp_1_2_0	ENA|AAC49865|AAC49865.1	50.00	6	3	0	14	19	45	50	9.3	15.1
Seq1884_61_bp_1_2_0	ENA|AAQ92751|AAQ92751.2	50.00	6	3	0	10	15	1058	1063	9.7	17.1
Seq1884_61_bp_-1_0_0	ENA|CAA11507|CAA11507.1	44.44	9	5	0	3	11	1006	1014	0.086	23.3
Seq1884_61_bp_-1_0_0	ENA|AAA72732|AAA72732.1	50.00	8	4	0	1	8	292	299	0.095	21.0
Seq1884_61_bp_-1_0_0	ENA|AAA42531|AAA42531.1	57.14	7	3	0	1	7	271	277	0.12	21.0
Seq1884_61_bp_-1_0_0	ENA|AAA25966|AAA25966.1	60.00	5	2	0	4	8	343	347	0.13	21.7
Seq1884_61_bp_-1_0_0	ENA|AAA36114|AAA36114.1	100.00	4	0	0	1	4	91	94	0.15	21.0
Seq1884_61_bp_-1_0_0	ENA|CAB75732|CAB75732.1	80.00	5	1	0	2	6	1127	1131	0.59	20.2
Seq1884_61_bp_-1_0_0	ENA|AAC26660|AAC26660.1	42.86	7	4	0	4	10	213	219	0.62	18.0
Seq1884_61_bp_-1_0_0	ENA|AAC97205|AAC97205.1	50.00	6	3	0	2	7	454	459	0.63	20.2
Seq1884_61_bp_-1_0_0	ENA|AAS77176|AAS77176.1	100.00	3	0	0	2	4	183	185	0.7	18.0
Seq1884_61_bp_-1_0_0	ENA|ABD33854|ABD33854.1	50.00	6	3	0	1	6	58	63	0.74	15.7
Seq1884_61_bp_-1_0_0	ENA|BAA32956|BAA32956.1	66.67	6	2	0	4	9	96	101	0.86	17.2
Seq1884_61_bp_-1_0_0	ENA|ABN10845|ABN10845.1	40.00	5	3	0	7	11	53	57	0.89	17.2
Seq1884_61_bp_-1_0_0	ENA|AAB26998|AAB26998.1	28.57	7	5	0	5	11	41	47	0.91	15.7
Seq1884_61_bp_-1_0_0	ENA|AAB03707|AAB03707.1	75.00	4	1	0	2	5	141	144	1.2	19.5
Seq1884_61_bp_-1_0_0	ENA|AAR37016|AAR37016.1	44.44	9	5	0	3	11	236	244	1.2	20.2
Seq1884_61_bp_-1_0_0	ENA|CAA45708|CAA45708.1	33.33	9	6	0	3	11	314	322	1.3	19.5
Seq1884_61_bp_-1_0_0	ENA|CAA45199|CAA45199.1	42.86	7	4	0	1	7	384	390	1.9	17.2
Seq1884_61_bp_-1_0_0	ENA|AAA36539|AAA36539.1	100.00	3	0	0	9	11	330	332	1.9	17.2
Seq1884_61_bp_-1_0_0	ENA|BAA36759|BAA36759.1	28.57	7	5	0	5	11	11	17	2	16.5
Seq1884_61_bp_-1_0_0	ENA|ABG75784|ABG75784.1	66.67	3	1	0	9	11	168	170	2.1	16.5
Seq1884_61_bp_-1_0_0	ENA|AAB96524|AAB96524.1	50.00	4	2	0	8	11	131	134	2.1	15.7
Seq1884_61_bp_-1_0_0	ENA|EDO47375|EDO47375.1	60.00	5	2	0	6	10	127	131	2.2	15.7
Seq1884_61_bp_-1_0_0	ENA|CAA29968|CAA29968.1	60.00	5	2	0	5	9	96	100	2.2	15.7
Seq1884_61_bp_-1_0_0	ENA|ACT10338|ACT10338.1	50.00	8	4	0	4	11	291	298	2.6	16.5
Seq1884_61_bp_-1_0_0	ENA|CAA26939|CAA26939.1	44.44	10	5	1	1	9	564	573	3.8	16.5
Seq1884_61_bp_-1_0_0	ENA|ABD49687|ABD49687.1	42.86	7	4	0	3	9	91	97	4.1	18.0
Seq1884_61_bp_-1_0_0	ENA|AAC08817|AAC08817.1	28.57	7	5	0	5	11	113	119	5	14.2
Seq1884_61_bp_-1_0_0	ENA|CAA28033|CAA28033.1	100.00	3	0	0	8	10	870	872	5.1	17.2
Seq1884_61_bp_-1_0_0	ENA|CAA73529|CAA73529.1	33.33	9	6	0	2	10	151	159	5.2	15.0
Seq1884_61_bp_-1_0_0	ENA|AAQ92751|AAQ92751.2	57.14	7	3	0	5	11	1147	1153	5.4	17.2
Seq1884_61_bp_-1_0_0	ENA|AAF79734|AAF79734.1	75.00	4	1	0	4	7	1358	1361	5.7	17.2
Seq1884_61_bp_-1_0_0	ENA|CCP43727|CCP43727.1	100.00	3	0	0	4	6	245	247	6.1	15.0
Seq1884_61_bp_-1_0_0	ENA|AAR31603|AAR31603.1	22.22	9	7	0	1	9	55	63	6.1	15.0
Seq1884_61_bp_-1_0_0	ENA|CAA26023|CAA26023.1	66.67	3	1	0	7	9	122	124	7.1	15.0
Seq1884_61_bp_-1_0_0	ENA|AAC78721|AAC78721.1	75.00	4	1	0	1	4	216	219	7.4	15.7
Seq1884_61_bp_-1_0_0	ENA|CAL82360|CAL82360.1	83.33	7	1	1	3	9	39	44	8.3	16.5
Seq1884_61_bp_-1_0_0	ENA|CAA36714|CAA36714.1	28.57	7	5	0	1	7	83	89	8.5	15.0
Seq1884_61_bp_-1_0_0	ENA|CAA24711|CAA24711.1	33.33	9	6	0	1	9	154	162	8.9	13.5
Seq1884_61_bp_-1_0_0	ENA|BAA05866|BAA05866.1	40.00	5	3	0	6	10	230	234	9.4	14.2
Seq1884_61_bp_-1_0_0	ENA|BAA32991|BAA32991.1	100.00	2	0	0	4	5	9	10	9.9	12.0
Seq1884_61_bp_-1_0_0	ENA|AAC49865|AAC49865.1	66.67	3	1	0	2	4	132	134	9.9	14.2
Seq1884_61_bp_-1_0_0	ENA|AAB66912|AAB66912.1	28.57	7	5	0	2	8	445	451	10	15.7
Seq1884_61_bp_-1_1_0	ENA|BAA05866|BAA05866.1	57.14	14	6	0	7	20	3	16	1	18.4
Seq1884_61_bp_-1_1_0	ENA|AAC78721|AAC78721.1	42.86	14	8	0	6	19	161	174	3.3	17.8
Seq1884_61_bp_-1_1_0	ENA|AAA24145|AAA24145.1	41.67	12	7	0	6	17	397	408	3.4	17.2
Seq1884_61_bp_-1_1_0	ENA|AAA18786|AAA18786.1	55.56	9	4	0	3	11	219	227	4.5	16.0
Seq1884_61_bp_-1_1_0	ENA|CAA45199|CAA45199.1	55.56	9	4	0	11	19	67	75	5.2	16.6
Seq1884_61_bp_-1_1_0	ENA|AAF79734|AAF79734.1	66.67	9	3	0	12	20	1165	1173	6.9	17.8
Seq1884_61_bp_-1_1_0	ENA|CAA45708|CAA45708.1	71.43	7	2	0	7	13	1183	1189	7.2	17.8
Seq1884_61_bp_-1_1_0	ENA|CCP43727|CCP43727.1	38.46	13	8	0	2	14	27	39	8.1	15.4
Seq1884_61_bp_-1_1_0	ENA|CAA28033|CAA28033.1	35.71	14	9	0	1	14	630	643	9.2	17.2
Seq1884_61_bp_-1_1_0	ENA|ACT10338|ACT10338.1	50.00	8	4	0	6	13	60	67	9.4	15.4
Seq1884_61_bp_-1_1_0	ENA|AAB03707|AAB03707.1	41.18	17	10	0	1	17	994	1010	9.7	17.2
Seq1884_61_bp_-1_2_0	ENA|BAA32991|BAA32991.1	63.64	13	4	2	7	17	7	19	0.44	17.2
Seq1884_61_bp_-1_2_0	ENA|CAA28033|CAA28033.1	50.00	13	6	1	1	13	53	64	1.7	19.5
Seq1884_61_bp_-1_2_0	ENA|AAB66912|AAB66912.1	54.55	11	5	0	2	12	507	517	1.8	18.9
Seq1884_61_bp_-1_2_0	ENA|CAA26023|CAA26023.1	62.50	8	3	0	10	17	19	26	2.4	17.2
Seq1884_61_bp_-1_2_0	ENA|AAI27517|AAI27517.1	50.00	8	4	0	4	11	496	503	2.5	17.8
Seq1884_61_bp_-1_2_0	ENA|BAA32018|BAA32018.1	25.00	12	9	0	2	13	384	395	2.7	17.8
Seq1884_61_bp_-1_2_0	ENA|ABD33854|ABD33854.1	45.45	11	6	0	4	14	51	61	4.2	13.8
Seq1884_61_bp_-1_2_0	ENA|AAA24145|AAA24145.1	57.14	7	3	0	1	7	117	123	4.3	16.6
Seq1884_61_bp_-1_2_0	ENA|AAC26660|AAC26660.1	66.67	6	2	0	4	9	231	236	5.1	15.5
Seq1884_61_bp_-1_2_0	ENA|ACT10338|ACT10338.1	80.00	5	1	0	9	13	28	32	5.3	16.1
Seq1884_61_bp_-1_2_0	ENA|AAF79734|AAF79734.1	80.00	5	1	0	8	12	1181	1185	6	17.8
Seq1884_61_bp_-1_2_0	ENA|AAA36539|AAA36539.1	57.14	7	3	0	5	11	418	424	6.4	16.1
Seq1884_61_bp_-1_2_0	ENA|ABN10845|ABN10845.1	50.00	6	3	0	9	14	112	117	9.2	14.4
Seq1884_61_bp_-1_2_0	ENA|AAA25966|AAA25966.1	44.44	9	5	0	2	10	558	566	9.4	16.1
Seq1884_61_bp_-1_2_0	ENA|AAC08817|AAC08817.1	66.67	6	2	0	10	15	120	125	9.7	13.8
