Seq5728_109_bp_1_0_0	ENA|BAA32956|BAA32956.1	28.57	29	20	1	1	28	60	88	0.76	19.1
Seq5728_109_bp_1_0_0	ENA|AAR37016|AAR37016.1	42.31	28	15	2	6	33	1038	1063	0.78	22.6
Seq5728_109_bp_1_0_0	ENA|BAA32018|BAA32018.1	28.00	25	18	0	1	25	362	386	0.92	20.4
Seq5728_109_bp_1_0_0	ENA|CAA26023|CAA26023.1	25.93	27	20	0	2	28	233	259	1.8	18.7
Seq5728_109_bp_1_0_0	ENA|ABK71357|ABK71357.1	24.14	29	22	0	3	31	68	96	2.4	18.3
Seq5728_109_bp_1_0_0	ENA|AAA72732|AAA72732.1	80.00	5	1	0	14	18	280	284	2.7	17.8
Seq5728_109_bp_1_0_0	ENA|ACH70901|ACH70901.1	33.33	15	10	0	8	22	281	295	4.2	17.4
Seq5728_109_bp_1_0_0	ENA|AAC08817|AAC08817.1	18.75	16	13	0	18	33	48	63	4.4	16.1
Seq5728_109_bp_1_0_0	ENA|AAC17860|AAC17860.1	33.33	36	22	3	1	34	260	294	4.7	17.4
Seq5728_109_bp_1_0_0	ENA|BAA05866|BAA05866.1	54.55	11	5	0	20	30	283	293	4.8	17.0
Seq5728_109_bp_1_0_0	ENA|CAA36714|CAA36714.1	35.71	14	9	0	2	15	85	98	5.3	17.4
Seq5728_109_bp_1_0_0	ENA|AAI27517|AAI27517.1	25.00	24	18	0	13	36	364	387	6.7	17.4
Seq5728_109_bp_1_0_0	ENA|AAC40132|AAC40132.1	32.00	28	17	3	4	28	197	224	7.2	17.0
Seq5728_109_bp_1_0_0	ENA|ABD33854|ABD33854.1	100.00	3	0	0	34	36	60	62	7.7	14.0
Seq5728_109_bp_1_0_0	ENA|ACT10338|ACT10338.1	58.33	13	5	1	4	15	19	31	7.9	16.5
Seq5728_109_bp_1_0_0	ENA|CAA26939|CAA26939.1	30.77	13	9	0	20	32	129	141	8.5	17.0
Seq5728_109_bp_1_0_0	ENA|AAC49865|AAC49865.1	40.00	18	9	3	2	19	73	87	8.8	16.1
Seq5728_109_bp_1_0_0	ENA|AAB26998|AAB26998.1	35.71	17	9	3	7	23	29	42	9.3	14.0
Seq5728_109_bp_1_0_0	ENA|CAA43419|CAA43419.1	23.08	13	10	0	1	13	31	43	9.8	16.1
Seq5728_109_bp_1_0_0	ENA|AAC97205|AAC97205.1	36.36	11	7	0	20	30	397	407	10	17.8
Seq5728_109_bp_1_1_0	ENA|ABK71357|ABK71357.1	50.00	18	8	2	9	26	321	336	1.1	19.1
Seq5728_109_bp_1_1_0	ENA|AAR31603|AAR31603.1	58.33	12	5	0	17	28	248	259	1.6	18.4
Seq5728_109_bp_1_1_0	ENA|AAA25966|AAA25966.1	30.00	10	7	0	1	10	490	499	2.2	19.1
Seq5728_109_bp_1_1_0	ENA|AAA36539|AAA36539.1	50.00	15	7	1	2	16	211	224	2.9	18.0
Seq5728_109_bp_1_1_0	ENA|ABD49687|ABD49687.1	80.00	5	1	0	5	9	224	228	4	19.4
Seq5728_109_bp_1_1_0	ENA|AAC97205|AAC97205.1	50.00	10	5	0	9	18	275	284	4.6	18.7
Seq5728_109_bp_1_1_0	ENA|BAA32018|BAA32018.1	19.05	23	17	2	7	29	170	190	6	17.3
Seq5728_109_bp_1_1_0	ENA|CAA26939|CAA26939.1	30.00	10	7	0	7	16	11	20	8.6	16.6
Seq5728_109_bp_1_2_0	ENA|AAI27517|AAI27517.1	100.00	35	0	0	1	35	485	519	1.5e-24	99.3
Seq5728_109_bp_1_2_0	ENA|AAR37016|AAR37016.1	28.00	26	18	1	11	35	442	467	0.059	26.2
Seq5728_109_bp_1_2_0	ENA|AAR37016|AAR37016.1	57.14	7	3	0	22	28	1762	1768	0.78	22.5
Seq5728_109_bp_1_2_0	ENA|AAR31603|AAR31603.1	44.44	9	5	0	26	34	150	158	0.11	22.5
Seq5728_109_bp_1_2_0	ENA|AAA25966|AAA25966.1	61.54	14	5	1	23	35	491	504	0.18	22.9
Seq5728_109_bp_1_2_0	ENA|AAA25966|AAA25966.1	32.14	30	19	2	5	32	460	489	0.24	22.5
Seq5728_109_bp_1_2_0	ENA|AAC17860|AAC17860.1	21.43	29	22	1	4	32	380	407	0.32	21.3
Seq5728_109_bp_1_2_0	ENA|AAB03707|AAB03707.1	18.52	27	22	0	4	30	162	188	0.34	22.9
Seq5728_109_bp_1_2_0	ENA|AAA18786|AAA18786.1	40.00	21	12	1	10	29	70	90	0.65	19.6
Seq5728_109_bp_1_2_0	ENA|CAA28033|CAA28033.1	42.86	7	4	0	25	31	1115	1121	0.76	21.7
Seq5728_109_bp_1_2_0	ENA|BAA36759|BAA36759.1	50.00	10	5	0	5	14	93	102	0.93	19.2
Seq5728_109_bp_1_2_0	ENA|AAC08817|AAC08817.1	34.38	38	21	6	2	33	99	136	1.2	18.0
Seq5728_109_bp_1_2_0	ENA|AAC97205|AAC97205.1	47.62	28	11	7	1	28	1031	1051	1.3	20.9
Seq5728_109_bp_1_2_0	ENA|ABK71357|ABK71357.1	35.29	17	11	0	13	29	183	199	1.6	18.8
Seq5728_109_bp_1_2_0	ENA|AAC26660|AAC26660.1	28.57	7	5	0	27	33	216	222	2.6	17.6
Seq5728_109_bp_1_2_0	ENA|AAC49865|AAC49865.1	36.36	11	7	0	24	34	118	128	3.3	17.6
Seq5728_109_bp_1_2_0	ENA|AAB66912|AAB66912.1	42.86	14	8	0	22	35	658	671	3.9	18.8
Seq5728_109_bp_1_2_0	ENA|BAA05866|BAA05866.1	31.82	23	15	1	6	27	277	299	4	17.2
Seq5728_109_bp_1_2_0	ENA|AAB96524|AAB96524.1	28.57	7	5	0	28	34	134	140	4.3	16.3
Seq5728_109_bp_1_2_0	ENA|CAB75732|CAB75732.1	41.67	12	7	0	6	17	665	676	4.8	18.8
Seq5728_109_bp_1_2_0	ENA|BAA32956|BAA32956.1	27.27	11	8	0	16	26	155	165	4.9	16.3
Seq5728_109_bp_1_2_0	ENA|BAB79260|BAB79260.1	24.00	26	19	1	3	28	398	422	5.9	17.2
Seq5728_109_bp_1_2_0	ENA|ABD33854|ABD33854.1	42.86	7	4	0	24	30	40	46	6.1	14.3
Seq5728_109_bp_1_2_0	ENA|BAA32018|BAA32018.1	25.00	33	21	5	3	34	290	318	6.1	17.6
Seq5728_109_bp_1_2_0	ENA|AAA36539|AAA36539.1	20.69	34	23	5	1	29	301	334	6.1	17.2
Seq5728_109_bp_1_2_0	ENA|CAL82360|CAL82360.1	16.67	6	5	0	25	30	1098	1103	7	18.4
Seq5728_109_bp_1_2_0	ENA|ABG75784|ABG75784.1	19.35	32	25	1	1	32	144	174	7.1	16.3
Seq5728_109_bp_1_2_0	ENA|AAB26998|AAB26998.1	37.50	8	5	0	28	35	14	21	7.4	14.3
Seq5728_109_bp_1_2_0	ENA|CAA36714|CAA36714.1	44.44	9	5	0	24	32	432	440	7.9	16.8
Seq5728_109_bp_1_2_0	ENA|CAD53387|CAD53387.1	54.55	12	5	1	17	28	467	477	8.4	16.8
Seq5728_109_bp_1_2_0	ENA|AAS77176|AAS77176.1	33.33	9	6	0	26	34	106	114	8.6	15.9
Seq5728_109_bp_1_2_0	ENA|ABD49687|ABD49687.1	44.44	10	5	1	20	28	1354	1363	9.1	18.4
Seq5728_109_bp_1_2_0	ENA|CAA11507|CAA11507.1	22.22	18	14	0	5	22	1192	1209	9.6	18.0
Seq5728_109_bp_-1_0_0	ENA|CAA28033|CAA28033.1	29.63	29	19	2	5	33	969	995	0.28	23.2
Seq5728_109_bp_-1_0_0	ENA|AAA25966|AAA25966.1	27.78	18	13	0	12	29	201	218	0.49	21.5
Seq5728_109_bp_-1_0_0	ENA|CCP43727|CCP43727.1	30.00	30	21	0	1	30	150	179	0.68	19.9
Seq5728_109_bp_-1_0_0	ENA|ABN10845|ABN10845.1	26.32	19	14	0	11	29	73	91	0.8	19.1
Seq5728_109_bp_-1_0_0	ENA|AAB66912|AAB66912.1	17.39	23	19	0	5	27	862	884	1.1	20.7
Seq5728_109_bp_-1_0_0	ENA|CAA26939|CAA26939.1	20.00	28	20	3	4	31	382	406	1.6	19.5
Seq5728_109_bp_-1_0_0	ENA|CAA11507|CAA11507.1	28.00	27	18	2	1	27	1129	1153	1.6	20.7
Seq5728_109_bp_-1_0_0	ENA|BAA36759|BAA36759.1	38.46	13	8	0	5	17	83	95	1.8	18.3
Seq5728_109_bp_-1_0_0	ENA|CAL82360|CAL82360.1	87.50	8	1	0	3	10	178	185	2	20.3
Seq5728_109_bp_-1_0_0	ENA|ACH70901|ACH70901.1	41.18	17	10	0	11	27	115	131	2.3	18.3
Seq5728_109_bp_-1_0_0	ENA|BAB17681|BAB17681.1	26.32	21	14	2	11	31	203	221	2.3	17.9
Seq5728_109_bp_-1_0_0	ENA|AAA36114|AAA36114.1	23.53	37	26	3	1	34	344	380	2.4	18.7
Seq5728_109_bp_-1_0_0	ENA|AAC97205|AAC97205.1	41.67	14	7	2	25	36	256	269	2.5	19.9
Seq5728_109_bp_-1_0_0	ENA|AAR37016|AAR37016.1	33.33	18	12	0	19	36	2011	2028	2.7	20.7
Seq5728_109_bp_-1_0_0	ENA|AAB03707|AAB03707.1	23.08	26	20	0	7	32	803	828	2.8	19.9
Seq5728_109_bp_-1_0_0	ENA|AAA24145|AAA24145.1	42.86	7	4	0	28	34	311	317	5	17.5
Seq5728_109_bp_-1_0_0	ENA|AAB26998|AAB26998.1	50.00	9	4	1	28	36	46	53	6.1	14.6
Seq5728_109_bp_-1_0_0	ENA|ABK71357|ABK71357.1	40.00	15	9	0	17	31	340	354	9.1	16.2
Seq5728_109_bp_-1_1_0	ENA|CAA45199|CAA45199.1	21.05	19	15	0	1	19	55	73	0.48	20.5
Seq5728_109_bp_-1_1_0	ENA|AAA25966|AAA25966.1	25.00	12	9	0	14	25	112	123	0.55	20.9
Seq5728_109_bp_-1_1_0	ENA|AAA25966|AAA25966.1	33.33	9	6	0	16	24	129	137	0.73	20.5
Seq5728_109_bp_-1_1_0	ENA|AAA25966|AAA25966.1	36.84	24	12	5	7	25	302	325	0.73	20.5
Seq5728_109_bp_-1_1_0	ENA|AAB03707|AAB03707.1	28.57	14	10	0	4	17	635	648	0.59	21.7
Seq5728_109_bp_-1_1_0	ENA|CAA36214|CAA36214.1	66.67	6	2	0	11	16	276	281	0.96	18.8
Seq5728_109_bp_-1_1_0	ENA|CCP43727|CCP43727.1	35.29	19	11	2	4	22	128	144	1	18.8
Seq5728_109_bp_-1_1_0	ENA|BAA32018|BAA32018.1	38.89	18	11	0	1	18	7	24	1.1	19.7
Seq5728_109_bp_-1_1_0	ENA|AAS77176|AAS77176.1	22.22	9	7	0	16	24	148	156	1.2	18.4
Seq5728_109_bp_-1_1_0	ENA|AAR31603|AAR31603.1	30.77	13	9	0	3	15	73	85	1.4	18.4
Seq5728_109_bp_-1_1_0	ENA|BAB79260|BAB79260.1	27.27	26	16	4	3	24	397	422	1.4	18.8
Seq5728_109_bp_-1_1_0	ENA|BAB17681|BAB17681.1	57.14	7	3	0	6	12	31	37	1.5	18.0
Seq5728_109_bp_-1_1_0	ENA|ABK71357|ABK71357.1	42.11	22	11	3	2	23	132	150	1.6	18.4
Seq5728_109_bp_-1_1_0	ENA|ABN10845|ABN10845.1	62.50	9	3	1	11	19	53	60	1.6	17.6
Seq5728_109_bp_-1_1_0	ENA|AAA72732|AAA72732.1	33.33	9	6	0	4	12	291	299	1.7	18.0
Seq5728_109_bp_-1_1_0	ENA|CAA26939|CAA26939.1	30.00	24	14	4	6	25	5	28	1.8	18.8
Seq5728_109_bp_-1_1_0	ENA|AAA18786|AAA18786.1	26.32	24	14	5	6	24	18	41	2	17.6
Seq5728_109_bp_-1_1_0	ENA|AAC08817|AAC08817.1	36.36	11	7	0	6	16	74	84	2	16.8
Seq5728_109_bp_-1_1_0	ENA|AAR37016|AAR37016.1	40.00	16	9	1	1	15	1601	1616	2.3	20.5
Seq5728_109_bp_-1_1_0	ENA|AAA24145|AAA24145.1	9.09	22	20	0	5	26	6	27	2.5	18.0
Seq5728_109_bp_-1_1_0	ENA|CAA26023|CAA26023.1	50.00	14	5	4	11	20	38	51	2.8	17.6
Seq5728_109_bp_-1_1_0	ENA|AAA42531|AAA42531.1	33.33	15	10	0	9	23	290	304	2.8	17.6
Seq5728_109_bp_-1_1_0	ENA|AAA32624|AAA32624.1	50.00	8	4	0	19	26	114	121	2.9	18.0
Seq5728_109_bp_-1_1_0	ENA|AAQ92751|AAQ92751.2	33.33	9	6	0	5	13	1079	1087	3.2	19.3
Seq5728_109_bp_-1_1_0	ENA|ABD33854|ABD33854.1	45.45	11	6	0	3	13	1	11	3.4	14.7
Seq5728_109_bp_-1_1_0	ENA|BAA32956|BAA32956.1	41.67	12	7	0	12	23	100	111	3.6	16.4
Seq5728_109_bp_-1_1_0	ENA|BAA05866|BAA05866.1	20.00	10	8	0	3	12	223	232	3.9	16.8
Seq5728_109_bp_-1_1_0	ENA|AAB26998|AAB26998.1	100.00	3	0	0	10	12	12	14	4.2	14.7
Seq5728_109_bp_-1_1_0	ENA|AAB96524|AAB96524.1	40.00	5	3	0	12	16	58	62	5.5	15.5
Seq5728_109_bp_-1_1_0	ENA|BAA32991|BAA32991.1	40.00	5	3	0	12	16	28	32	6.3	13.9
Seq5728_109_bp_-1_1_0	ENA|AAC17860|AAC17860.1	57.14	7	3	0	19	25	311	317	6.8	16.4
Seq5728_109_bp_-1_1_0	ENA|ABD49687|ABD49687.1	40.00	10	6	0	15	24	34	43	6.8	18.4
Seq5728_109_bp_-1_1_0	ENA|CAA45708|CAA45708.1	33.33	13	8	1	14	25	300	312	8	18.0
Seq5728_109_bp_-1_1_0	ENA|ACT10338|ACT10338.1	26.09	23	17	0	3	25	349	371	8.5	16.0
Seq5728_109_bp_-1_1_0	ENA|EDO47375|EDO47375.1	25.00	12	9	0	12	23	129	140	9.6	14.7
Seq5728_109_bp_-1_2_0	ENA|CAA26023|CAA26023.1	58.33	12	5	0	5	16	39	50	0.0024	28.3
Seq5728_109_bp_-1_2_0	ENA|CAA26023|CAA26023.1	43.75	21	9	5	1	18	121	139	0.54	20.5
Seq5728_109_bp_-1_2_0	ENA|AAR37016|AAR37016.1	66.67	9	3	0	11	19	1310	1318	0.028	27.3
Seq5728_109_bp_-1_2_0	ENA|AAR37016|AAR37016.1	36.36	25	14	3	9	33	1070	1091	0.14	25.0
Seq5728_109_bp_-1_2_0	ENA|AAR37016|AAR37016.1	46.15	13	7	0	2	14	1577	1589	0.19	24.6
Seq5728_109_bp_-1_2_0	ENA|AAQ92751|AAQ92751.2	29.17	25	17	1	11	35	781	804	0.043	26.0
Seq5728_109_bp_-1_2_0	ENA|AAB96524|AAB96524.1	27.27	22	16	0	13	34	58	79	0.073	22.3
Seq5728_109_bp_-1_2_0	ENA|BAA32991|BAA32991.1	30.77	16	9	3	10	22	25	40	0.13	20.0
Seq5728_109_bp_-1_2_0	ENA|CAA45199|CAA45199.1	34.38	39	21	7	2	33	367	405	0.13	22.7
Seq5728_109_bp_-1_2_0	ENA|AAS77176|AAS77176.1	40.00	10	6	0	4	13	147	156	0.21	21.4
Seq5728_109_bp_-1_2_0	ENA|AAS77176|AAS77176.1	36.84	19	12	0	16	34	4	22	0.29	20.9
Seq5728_109_bp_-1_2_0	ENA|CCP43727|CCP43727.1	21.21	33	26	0	1	33	134	166	0.24	21.4
Seq5728_109_bp_-1_2_0	ENA|CAA36714|CAA36714.1	57.14	7	3	0	3	9	433	439	0.25	21.8
Seq5728_109_bp_-1_2_0	ENA|AAB66912|AAB66912.1	40.91	25	13	3	10	31	228	252	0.27	22.7
Seq5728_109_bp_-1_2_0	ENA|BAB79260|BAB79260.1	44.44	9	5	0	4	12	53	61	0.34	21.4
Seq5728_109_bp_-1_2_0	ENA|BAB79260|BAB79260.1	42.11	19	11	0	5	23	410	428	0.34	21.4
Seq5728_109_bp_-1_2_0	ENA|ABK71357|ABK71357.1	42.86	7	4	0	3	9	141	147	0.38	20.9
Seq5728_109_bp_-1_2_0	ENA|AAA25966|AAA25966.1	50.00	10	5	0	4	13	682	691	0.39	21.8
Seq5728_109_bp_-1_2_0	ENA|AAA72732|AAA72732.1	35.71	14	9	0	2	15	224	237	0.44	20.5
Seq5728_109_bp_-1_2_0	ENA|CAA43419|CAA43419.1	41.67	12	7	0	16	27	118	129	0.51	20.5
Seq5728_109_bp_-1_2_0	ENA|CAA24711|CAA24711.1	25.00	20	15	0	7	26	16	35	0.62	19.1
Seq5728_109_bp_-1_2_0	ENA|ABD49687|ABD49687.1	25.00	24	15	4	5	24	584	607	0.67	22.3
Seq5728_109_bp_-1_2_0	ENA|ABD49687|ABD49687.1	44.44	9	5	0	5	13	681	689	0.67	22.3
Seq5728_109_bp_-1_2_0	ENA|CAA11507|CAA11507.1	25.93	27	20	0	6	32	914	940	0.73	21.8
Seq5728_109_bp_-1_2_0	ENA|BAA32956|BAA32956.1	66.67	3	1	0	3	5	26	28	0.76	19.1
Seq5728_109_bp_-1_2_0	ENA|BAA32956|BAA32956.1	57.14	7	3	0	10	16	97	103	0.76	19.1
Seq5728_109_bp_-1_2_0	ENA|CAA26939|CAA26939.1	38.46	19	8	6	4	17	10	27	0.79	20.5
Seq5728_109_bp_-1_2_0	ENA|ACH70901|ACH70901.1	40.00	22	12	2	12	33	102	121	0.94	19.5
Seq5728_109_bp_-1_2_0	ENA|AAB26998|AAB26998.1	30.77	13	9	0	1	13	2	14	1.4	16.8
Seq5728_109_bp_-1_2_0	ENA|AAA36539|AAA36539.1	26.67	16	11	1	5	20	11	25	1.7	19.1
Seq5728_109_bp_-1_2_0	ENA|ABN10845|ABN10845.1	22.22	9	7	0	9	17	15	23	2	17.7
Seq5728_109_bp_-1_2_0	ENA|BAA32018|BAA32018.1	20.00	20	16	0	8	27	17	36	2.2	19.1
Seq5728_109_bp_-1_2_0	ENA|CAL82360|CAL82360.1	21.43	28	22	0	8	35	601	628	2.4	20.0
Seq5728_109_bp_-1_2_0	ENA|ACT10338|ACT10338.1	29.63	30	19	3	6	33	290	318	2.6	18.2
Seq5728_109_bp_-1_2_0	ENA|AAR31603|AAR31603.1	66.67	6	2	0	17	22	143	148	3	17.7
Seq5728_109_bp_-1_2_0	ENA|BAB17681|BAB17681.1	36.36	25	14	3	6	30	14	35	3.4	17.2
Seq5728_109_bp_-1_2_0	ENA|CAA36214|CAA36214.1	26.67	15	11	0	5	19	162	176	3.8	17.2
Seq5728_109_bp_-1_2_0	ENA|AAA18786|AAA18786.1	44.44	9	5	0	7	15	138	146	4.6	16.8
Seq5728_109_bp_-1_2_0	ENA|CAA45708|CAA45708.1	35.29	22	11	5	1	18	300	320	5.3	19.1
Seq5728_109_bp_-1_2_0	ENA|AAC26660|AAC26660.1	18.75	16	13	0	19	34	164	179	5.9	16.3
Seq5728_109_bp_-1_2_0	ENA|AAA36114|AAA36114.1	33.33	15	10	0	21	35	5	19	6.2	17.2
Seq5728_109_bp_-1_2_0	ENA|CAA29956|CAA29956.1	28.57	7	5	0	4	10	291	297	8.5	16.3
Seq5728_109_bp_-1_2_0	ENA|AAI27517|AAI27517.1	28.57	18	10	4	5	18	166	183	9.6	16.8
