Seq8122_249_bp_1_0_0	ENA|AAB66912|AAB66912.1	100.00	83	0	0	1	83	797	879	8.9e-60	218.3
Seq8122_249_bp_1_0_0	ENA|AAR37016|AAR37016.1	28.57	44	30	2	19	60	1022	1065	0.12	26.5
Seq8122_249_bp_1_0_0	ENA|AAR37016|AAR37016.1	31.58	19	13	0	18	36	1767	1785	0.24	25.5
Seq8122_249_bp_1_0_0	ENA|ACT10338|ACT10338.1	31.11	49	31	4	22	67	225	272	0.16	23.4
Seq8122_249_bp_1_0_0	ENA|ABN10845|ABN10845.1	24.32	38	28	1	35	71	166	203	0.37	21.4
Seq8122_249_bp_1_0_0	ENA|AAF79734|AAF79734.1	28.00	25	18	0	36	60	606	630	0.61	23.4
Seq8122_249_bp_1_0_0	ENA|CAA45708|CAA45708.1	21.88	32	25	0	39	70	268	299	1.3	22.4
Seq8122_249_bp_1_0_0	ENA|CAA29956|CAA29956.1	38.10	23	13	2	46	68	225	245	1.3	20.4
Seq8122_249_bp_1_0_0	ENA|AAA18786|AAA18786.1	21.57	54	40	3	10	63	178	228	1.3	19.9
Seq8122_249_bp_1_0_0	ENA|AAC78721|AAC78721.1	32.00	25	17	0	40	64	33	57	1.6	20.9
Seq8122_249_bp_1_0_0	ENA|CAA45199|CAA45199.1	26.47	38	25	4	35	68	259	296	2.3	19.9
Seq8122_249_bp_1_0_0	ENA|CAA29968|CAA29968.1	62.50	8	3	0	28	35	165	172	2.7	18.4
Seq8122_249_bp_1_0_0	ENA|AAR31603|AAR31603.1	33.33	9	6	0	18	26	151	159	3.1	18.9
Seq8122_249_bp_1_0_0	ENA|AAA36114|AAA36114.1	35.71	14	9	0	36	49	36	49	3.4	19.4
Seq8122_249_bp_1_0_0	ENA|AAA72732|AAA72732.1	20.00	20	16	0	21	40	59	78	4.2	18.4
Seq8122_249_bp_1_0_0	ENA|CAA36714|CAA36714.1	28.00	25	18	0	16	40	245	269	4.4	18.9
Seq8122_249_bp_1_0_0	ENA|CAA24711|CAA24711.1	23.53	17	13	0	47	63	146	162	4.7	17.4
Seq8122_249_bp_1_0_0	ENA|AAS77176|AAS77176.1	30.77	13	9	0	35	47	233	245	5.5	17.9
Seq8122_249_bp_1_0_0	ENA|AAB96524|AAB96524.1	36.36	11	7	0	28	38	151	161	7	16.9
Seq8122_249_bp_1_0_0	ENA|CAA26023|CAA26023.1	33.33	9	6	0	61	69	67	75	7.1	17.9
Seq8122_249_bp_1_0_0	ENA|ABD49687|ABD49687.1	30.95	46	29	4	20	64	1086	1128	7.8	19.9
Seq8122_249_bp_1_0_0	ENA|AAC49865|AAC49865.1	71.43	7	2	0	69	75	145	151	8.5	17.4
Seq8122_249_bp_1_0_0	ENA|AAB03707|AAB03707.1	28.57	14	10	0	7	20	631	644	8.8	19.4
Seq8122_249_bp_1_1_0	ENA|ABD33854|ABD33854.1	31.58	19	13	0	13	31	12	30	0.1	20.3
Seq8122_249_bp_1_1_0	ENA|BAB17681|BAB17681.1	40.00	10	6	0	3	12	14	23	0.62	19.7
Seq8122_249_bp_1_1_0	ENA|AAB66912|AAB66912.1	50.00	16	7	2	10	25	605	618	1	20.8
Seq8122_249_bp_1_1_0	ENA|AAA32624|AAA32624.1	50.00	14	7	0	13	26	131	144	1.7	19.2
Seq8122_249_bp_1_1_0	ENA|AAA42531|AAA42531.1	53.85	13	6	0	13	25	228	240	2.6	18.2
Seq8122_249_bp_1_1_0	ENA|EDO47375|EDO47375.1	87.50	10	1	2	10	17	127	136	2.6	17.1
Seq8122_249_bp_1_1_0	ENA|BAA32956|BAA32956.1	50.00	6	3	0	11	16	25	30	2.9	17.1
Seq8122_249_bp_1_1_0	ENA|AAB96524|AAB96524.1	33.33	9	6	0	5	13	127	135	3.7	16.6
Seq8122_249_bp_1_1_0	ENA|ABD49687|ABD49687.1	37.50	16	10	0	3	18	1467	1482	3.8	19.7
Seq8122_249_bp_1_1_0	ENA|AAI27517|AAI27517.1	31.82	22	15	0	1	22	473	494	3.9	18.2
Seq8122_249_bp_1_1_0	ENA|ABK71357|ABK71357.1	37.04	33	17	6	3	35	315	341	5	17.1
Seq8122_249_bp_1_1_0	ENA|AAA25966|AAA25966.1	29.41	17	12	0	7	23	439	455	9.4	17.1
Seq8122_249_bp_1_1_1	ENA|AAR31603|AAR31603.1	30.43	23	16	0	2	24	229	251	1.4	19.3
Seq8122_249_bp_1_1_1	ENA|ABN10845|ABN10845.1	35.29	17	11	0	9	25	57	73	1.8	18.3
Seq8122_249_bp_1_1_1	ENA|AAC08817|AAC08817.1	36.84	19	12	0	28	46	3	21	2.5	17.3
Seq8122_249_bp_1_1_1	ENA|CAA26939|CAA26939.1	23.81	21	16	0	5	25	232	252	3.3	18.8
Seq8122_249_bp_1_1_1	ENA|BAA32956|BAA32956.1	42.11	19	11	0	21	39	162	180	3.4	17.3
Seq8122_249_bp_1_1_1	ENA|ACH70901|ACH70901.1	40.00	15	9	0	32	46	252	266	4.1	17.8
Seq8122_249_bp_1_1_1	ENA|ABK71357|ABK71357.1	41.67	12	7	0	11	22	70	81	8.1	16.8
Seq8122_249_bp_1_1_1	ENA|CCP43727|CCP43727.1	17.86	28	23	0	10	37	281	308	9.9	16.3
Seq8122_249_bp_1_2_0	ENA|BAA32956|BAA32956.1	43.33	32	17	2	28	59	179	208	0.077	23.6
Seq8122_249_bp_1_2_0	ENA|BAA32991|BAA32991.1	45.45	11	6	0	6	16	13	23	2.2	17.2
Seq8122_249_bp_1_2_0	ENA|AAA42531|AAA42531.1	66.67	9	3	0	27	35	295	303	2.2	19.6
Seq8122_249_bp_1_2_0	ENA|CAA26939|CAA26939.1	55.56	9	4	0	50	58	496	504	4.5	19.1
Seq8122_249_bp_1_2_0	ENA|AAC49865|AAC49865.1	55.56	9	4	0	38	46	271	279	7	17.7
Seq8122_249_bp_1_2_0	ENA|ABK71357|ABK71357.1	53.85	13	6	0	63	75	93	105	7.9	17.7
Seq8122_249_bp_1_2_0	ENA|AAC78721|AAC78721.1	33.33	31	20	1	27	57	575	604	10	18.1
Seq8122_249_bp_-1_0_0	ENA|CAA11507|CAA11507.1	42.86	21	12	0	42	62	1058	1078	0.27	24.5
Seq8122_249_bp_-1_0_0	ENA|AAA25966|AAA25966.1	44.44	18	10	0	38	55	581	598	2.8	20.2
Seq8122_249_bp_-1_0_0	ENA|ABD33854|ABD33854.1	28.57	21	15	0	26	46	9	29	3.4	16.4
Seq8122_249_bp_-1_0_0	ENA|ABN10845|ABN10845.1	40.00	10	6	0	62	71	161	170	4.3	17.8
Seq8122_249_bp_-1_0_0	ENA|ABK71357|ABK71357.1	30.30	34	23	1	3	36	220	252	5.2	18.3
Seq8122_249_bp_-1_0_0	ENA|AAA36114|AAA36114.1	33.33	24	16	0	22	45	125	148	7.1	18.3
Seq8122_249_bp_-1_0_0	ENA|AAA72732|AAA72732.1	40.00	34	18	4	28	58	228	260	8.3	17.3
Seq8122_249_bp_-1_0_0	ENA|BAB79260|BAB79260.1	33.33	18	12	0	24	41	258	275	8.6	17.8
Seq8122_249_bp_-1_0_0	ENA|AAR31603|AAR31603.1	50.00	8	4	0	73	80	139	146	8.7	17.3
Seq8122_249_bp_-1_0_0	ENA|AAA36539|AAA36539.1	35.71	28	18	0	31	58	320	347	9	17.8
Seq8122_249_bp_-1_0_0	ENA|AAB66912|AAB66912.1	27.27	22	16	0	7	28	840	861	9.1	18.8
Seq8122_249_bp_-1_0_0	ENA|AAA18786|AAA18786.1	50.00	12	6	0	60	71	175	186	9.8	16.9
Seq8122_249_bp_-1_0_0	ENA|CAA29968|CAA29968.1	40.00	10	6	0	39	48	136	145	9.9	16.4
Seq8122_249_bp_-1_1_0	ENA|AAC26660|AAC26660.1	28.00	25	18	0	3	27	109	133	1.9	17.9
Seq8122_249_bp_-1_1_0	ENA|ABD33854|ABD33854.1	26.67	15	11	0	13	27	33	47	5.4	14.3
Seq8122_249_bp_-1_1_0	ENA|CAA43419|CAA43419.1	36.36	11	7	0	1	11	150	160	7.4	16.3
Seq8122_249_bp_-1_1_0	ENA|AAR37016|AAR37016.1	38.46	13	8	0	6	18	159	171	7.9	18.9
Seq8122_249_bp_-1_1_0	ENA|CAA26939|CAA26939.1	54.55	11	5	0	10	20	79	89	8	16.9
Seq8122_249_bp_-1_1_0	ENA|BAA32991|BAA32991.1	21.43	14	11	0	15	28	53	66	8.1	13.8
Seq8122_249_bp_-1_1_0	ENA|AAA72732|AAA72732.1	71.43	7	2	0	14	20	147	153	8.8	15.8
Seq8122_249_bp_-1_1_0	ENA|BAB79260|BAB79260.1	40.00	10	6	0	3	12	27	36	8.9	16.3
Seq8122_249_bp_-1_1_0	ENA|AAB03707|AAB03707.1	30.00	20	14	0	1	20	1228	1247	9.3	17.9
Seq8122_249_bp_-1_1_1	ENA|CCP43727|CCP43727.1	33.33	24	16	0	14	37	285	308	0.06	23.5
Seq8122_249_bp_-1_1_1	ENA|CCP43727|CCP43727.1	29.63	27	19	0	11	37	239	265	0.13	22.3
Seq8122_249_bp_-1_1_1	ENA|CAA45708|CAA45708.1	35.29	17	11	0	15	31	1025	1041	0.92	21.7
Seq8122_249_bp_-1_1_1	ENA|AAR31603|AAR31603.1	29.41	17	12	0	11	27	276	292	0.99	19.4
Seq8122_249_bp_-1_1_1	ENA|AAC08817|AAC08817.1	31.25	34	22	2	5	36	20	53	1.6	17.7
Seq8122_249_bp_-1_1_1	ENA|CAA24711|CAA24711.1	57.14	7	3	0	2	8	40	46	1.7	17.7
Seq8122_249_bp_-1_1_1	ENA|AAQ92751|AAQ92751.2	30.43	23	16	0	4	26	708	730	2.8	20.0
Seq8122_249_bp_-1_1_1	ENA|AAF79734|AAF79734.1	25.00	24	18	0	12	35	338	361	2.9	20.0
Seq8122_249_bp_-1_1_1	ENA|BAA05866|BAA05866.1	62.50	8	3	0	27	34	83	90	3	17.7
Seq8122_249_bp_-1_1_1	ENA|AAA36114|AAA36114.1	31.25	16	11	0	16	31	356	371	3.4	18.3
Seq8122_249_bp_-1_1_1	ENA|ACT10338|ACT10338.1	37.50	16	10	0	11	26	17	32	3.8	17.7
Seq8122_249_bp_-1_1_1	ENA|AAI27517|AAI27517.1	100.00	5	0	0	7	11	555	559	3.9	18.3
Seq8122_249_bp_-1_1_1	ENA|AAC17860|AAC17860.1	39.13	24	14	1	4	26	117	140	4	17.7
Seq8122_249_bp_-1_1_1	ENA|AAB03707|AAB03707.1	33.33	18	12	0	3	20	878	895	4.1	19.4
Seq8122_249_bp_-1_1_1	ENA|AAA72732|AAA72732.1	41.18	17	10	0	21	37	44	60	4.6	17.1
Seq8122_249_bp_-1_1_1	ENA|BAA32956|BAA32956.1	80.00	5	1	0	6	10	19	23	6.7	15.9
Seq8122_249_bp_-1_1_1	ENA|AAC97205|AAC97205.1	30.77	13	9	0	15	27	409	421	7.8	18.3
Seq8122_249_bp_-1_1_1	ENA|AAA18786|AAA18786.1	33.33	12	8	0	18	29	62	73	8.4	15.9
Seq8122_249_bp_-1_1_1	ENA|AAA24145|AAA24145.1	62.50	8	3	0	23	30	186	193	9.6	16.5
Seq8122_249_bp_-1_1_1	ENA|AAA36539|AAA36539.1	46.15	13	7	0	16	28	121	133	9.9	16.5
Seq8122_249_bp_-1_1_2	ENA|AAR37016|AAR37016.1	42.86	7	4	0	2	8	973	979	0.46	21.7
Seq8122_249_bp_-1_1_2	ENA|AAA32624|AAA32624.1	20.00	10	8	0	2	11	396	405	0.49	19.5
Seq8122_249_bp_-1_1_2	ENA|CAA45708|CAA45708.1	40.00	10	6	0	2	11	350	359	0.85	20.2
Seq8122_249_bp_-1_1_2	ENA|CAA29968|CAA29968.1	50.00	6	3	0	3	8	58	63	0.87	17.2
Seq8122_249_bp_-1_1_2	ENA|AAA18786|AAA18786.1	33.33	12	8	0	1	12	26	37	1.2	17.2
Seq8122_249_bp_-1_1_2	ENA|CAA11507|CAA11507.1	36.36	11	7	0	2	12	543	553	1.3	19.5
Seq8122_249_bp_-1_1_2	ENA|BAA32956|BAA32956.1	33.33	12	8	0	1	12	98	109	1.6	16.5
Seq8122_249_bp_-1_1_2	ENA|BAB17681|BAB17681.1	33.33	9	6	0	1	9	185	193	2	16.5
Seq8122_249_bp_-1_1_2	ENA|AAQ92751|AAQ92751.2	30.00	10	7	0	3	12	421	430	2.1	18.7
Seq8122_249_bp_-1_1_2	ENA|ABD33854|ABD33854.1	42.86	7	4	0	2	8	32	38	2.2	14.2
Seq8122_249_bp_-1_1_2	ENA|AAR31603|AAR31603.1	50.00	6	3	0	1	6	18	23	2.4	16.5
Seq8122_249_bp_-1_1_2	ENA|AAI27517|AAI27517.1	75.00	4	1	0	1	4	180	183	2.6	17.2
Seq8122_249_bp_-1_1_2	ENA|ABN10845|ABN10845.1	60.00	5	2	0	1	5	106	110	2.7	15.7
Seq8122_249_bp_-1_1_2	ENA|ABK71357|ABK71357.1	25.00	8	6	0	2	9	197	204	2.7	16.5
Seq8122_249_bp_-1_1_2	ENA|AAA25966|AAA25966.1	27.27	11	8	0	1	11	408	418	3.2	17.2
Seq8122_249_bp_-1_1_2	ENA|AAA36539|AAA36539.1	50.00	4	2	0	2	5	21	24	3.5	16.5
Seq8122_249_bp_-1_1_2	ENA|ACH70901|ACH70901.1	75.00	4	1	0	1	4	146	149	4.4	15.7
Seq8122_249_bp_-1_1_2	ENA|AAC08817|AAC08817.1	40.00	5	3	0	3	7	2	6	5.4	14.2
Seq8122_249_bp_-1_1_2	ENA|CAA36714|CAA36714.1	42.86	7	4	0	2	8	396	402	5.6	15.7
Seq8122_249_bp_-1_1_2	ENA|AAB03707|AAB03707.1	33.33	6	4	0	2	7	403	408	5.9	17.2
Seq8122_249_bp_-1_1_2	ENA|EDO47375|EDO47375.1	100.00	3	0	0	1	3	127	129	6.4	14.2
Seq8122_249_bp_-1_1_2	ENA|CCP43727|CCP43727.1	37.50	8	5	0	5	12	126	133	6.6	15.0
Seq8122_249_bp_-1_2_0	ENA|BAA32956|BAA32956.1	48.39	34	16	3	38	69	173	205	0.0065	27.2
Seq8122_249_bp_-1_2_0	ENA|ABD33854|ABD33854.1	62.50	8	3	0	29	36	47	54	0.34	19.7
Seq8122_249_bp_-1_2_0	ENA|ABD49687|ABD49687.1	35.14	42	24	5	15	51	484	525	0.42	24.2
Seq8122_249_bp_-1_2_0	ENA|AAC78721|AAC78721.1	47.06	17	9	0	51	67	590	606	0.65	22.2
Seq8122_249_bp_-1_2_0	ENA|AAI27517|AAI27517.1	30.43	47	32	1	32	77	324	370	1.1	21.2
Seq8122_249_bp_-1_2_0	ENA|CAA45708|CAA45708.1	34.48	31	19	2	44	74	1133	1161	2.9	21.2
Seq8122_249_bp_-1_2_0	ENA|CAA73529|CAA73529.1	33.33	24	16	0	52	75	45	68	4	18.3
Seq8122_249_bp_-1_2_0	ENA|AAR37016|AAR37016.1	71.43	7	2	0	31	37	122	128	6	20.7
Seq8122_249_bp_-1_2_0	ENA|AAC08817|AAC08817.1	22.73	22	17	0	51	72	121	142	6.3	16.8
Seq8122_249_bp_-1_2_0	ENA|AAC97205|AAC97205.1	33.33	34	22	1	26	59	5	37	6.3	19.7
Seq8122_249_bp_-1_2_0	ENA|AAF79734|AAF79734.1	29.03	33	22	2	37	67	68	100	7.3	19.7
Seq8122_249_bp_-1_2_0	ENA|ABN10845|ABN10845.1	55.56	9	4	0	25	33	154	162	8.5	16.8
Seq8122_249_bp_-1_2_0	ENA|CAD53387|CAD53387.1	58.33	12	5	0	51	62	465	476	9.7	17.8
