Seq2121_81_bp_1_0_0	AAA32376.1	37.50	26	15	2	2	27	45	68	1.4	17.5
Seq2121_81_bp_1_0_0	AIR13712.1	83.33	6	1	0	18	23	127	132	2.7	17.5
Seq2121_81_bp_1_0_0	AAB26998.1	33.33	18	12	0	9	26	8	25	3.8	14.9
Seq2121_81_bp_1_0_0	ABD49687.1	62.50	8	3	0	15	22	690	697	6.6	18.5
Seq2121_81_bp_1_0_0	BAB79260.1	50.00	10	5	0	6	15	413	422	7.3	16.5
Seq2121_81_bp_1_0_0	AAI27517.1	100.00	4	0	0	14	17	511	514	9.3	16.5
Seq2121_81_bp_1_1_0	ABD49687.1	100.00	26	0	0	1	26	468	493	1.5e-17	77.2
Seq2121_81_bp_1_1_0	AAB96524.1	31.58	19	13	0	3	21	68	86	1.1	18.0
Seq2121_81_bp_1_1_0	ACT10338.1	31.25	16	11	0	10	25	222	237	1.5	18.5
Seq2121_81_bp_1_1_0	ABD33854.1	35.71	14	9	0	8	21	14	27	1.6	15.8
Seq2121_81_bp_1_1_0	AAA24142.1	27.78	18	13	0	5	22	282	299	3.6	17.4
Seq2121_81_bp_1_1_0	AAF01122.1	50.00	8	4	0	17	24	347	354	4.4	16.9
Seq2121_81_bp_1_1_0	BAB70780.1	38.46	13	8	0	7	19	218	230	5.6	16.9
Seq2121_81_bp_1_1_0	AAB03707.1	35.71	14	9	0	12	25	456	469	7.4	18.0
Seq2121_81_bp_1_1_0	AAC78721.1	41.67	12	7	0	15	26	581	592	7.6	16.9
Seq2121_81_bp_1_1_0	AAA18786.1	46.15	13	7	0	6	18	242	254	9.1	15.3
Seq2121_81_bp_1_2_0	ABG75784.1	60.00	10	4	0	9	18	142	151	0.02	24.2
Seq2121_81_bp_1_2_0	AAC78721.1	50.00	14	7	0	2	15	355	368	2.2	18.5
Seq2121_81_bp_1_2_0	AIR13712.1	71.43	7	2	0	1	7	92	98	7.3	15.6
Seq2121_81_bp_1_2_0	ABK71357.1	50.00	6	3	0	1	6	349	354	8.3	15.6
Seq2121_81_bp_1_2_0	AEE27845.1	33.33	12	8	0	5	16	1227	1238	9.4	17.3
Seq2121_81_bp_-1_0_0	AAC97205.1	66.67	6	2	0	5	10	280	285	0.066	23.5
Seq2121_81_bp_-1_0_0	AAR37016.1	63.64	11	4	0	1	11	1136	1146	0.078	24.2
Seq2121_81_bp_-1_0_0	BAA32956.1	60.00	5	2	0	2	6	155	159	0.2	19.4
Seq2121_81_bp_-1_0_0	ABD49687.1	100.00	4	0	0	5	8	1064	1067	0.24	22.1
Seq2121_81_bp_-1_0_0	CAA45199.1	62.50	8	3	0	2	9	138	145	0.44	19.4
Seq2121_81_bp_-1_0_0	AAR31603.1	50.00	8	4	0	1	8	258	265	0.5	18.7
Seq2121_81_bp_-1_0_0	AAB26998.1	66.67	6	2	0	2	7	31	36	0.5	16.6
Seq2121_81_bp_-1_0_0	ACH70904.1	50.00	6	3	0	3	8	69	74	0.87	18.0
Seq2121_81_bp_-1_0_0	AAA45888.1	55.56	9	4	0	3	11	17	25	0.93	18.0
Seq2121_81_bp_-1_0_0	AEE27845.1	50.00	6	3	0	1	6	664	669	1.3	19.4
Seq2121_81_bp_-1_0_0	AAX84812.1	66.67	6	2	0	1	6	28	33	1.5	16.6
Seq2121_81_bp_-1_0_0	AAA36565.1	50.00	4	2	0	7	10	161	164	1.7	15.9
Seq2121_81_bp_-1_0_0	AAH69556.1	60.00	5	2	0	2	6	241	245	1.9	16.6
Seq2121_81_bp_-1_0_0	ABD33854.1	40.00	5	3	0	3	7	49	53	2.7	13.8
Seq2121_81_bp_-1_0_0	AAA18786.1	100.00	3	0	0	4	6	65	67	2.7	15.9
Seq2121_81_bp_-1_0_0	ABL74574.1	60.00	5	2	0	1	5	253	257	2.9	15.9
Seq2121_81_bp_-1_0_0	AAI27517.1	60.00	5	2	0	3	7	302	306	3.6	16.6
Seq2121_81_bp_-1_0_0	CAA43372.1	100.00	3	0	0	4	6	359	361	4.1	15.9
Seq2121_81_bp_-1_0_0	CAA73529.1	33.33	6	4	0	6	11	258	263	4.4	15.2
Seq2121_81_bp_-1_0_0	AAB96524.1	100.00	3	0	0	3	5	86	88	4.7	14.5
Seq2121_81_bp_-1_0_0	AII71783.1	50.00	4	2	0	3	6	171	174	4.9	15.2
Seq2121_81_bp_-1_0_0	AAF01122.1	50.00	4	2	0	3	6	373	376	5.9	15.2
Seq2121_81_bp_-1_0_0	BAB79260.1	45.45	11	6	0	1	11	96	106	7	15.2
Seq2121_81_bp_-1_0_0	AAQ92751.2	44.44	9	5	0	2	10	239	247	8.2	16.6
Seq2121_81_bp_-1_0_0	CAA26230.1	66.67	6	2	0	3	8	540	545	8.6	15.2
Seq2121_81_bp_-1_0_0	CAA74140.1	75.00	4	1	0	3	6	45	48	8.9	15.9
Seq2121_81_bp_-1_0_1	ABN10845.1	50.00	12	6	0	2	13	167	178	0.4	18.8
Seq2121_81_bp_-1_0_1	AAR37016.1	35.71	14	9	0	1	14	1281	1294	1.6	20.3
Seq2121_81_bp_-1_0_1	CAA26230.1	33.33	12	8	0	2	13	185	196	1.7	18.1
Seq2121_81_bp_-1_0_1	AAB26998.1	42.86	7	4	0	1	7	19	25	2.8	14.5
Seq2121_81_bp_-1_0_1	AAC97205.1	66.67	6	2	0	1	6	688	693	3.6	18.1
Seq2121_81_bp_-1_0_1	AAB96524.1	40.00	10	6	0	3	12	103	112	4	15.2
Seq2121_81_bp_-1_0_1	BAA32956.1	66.67	6	2	0	10	15	3	8	4.5	15.2
Seq2121_81_bp_-1_0_1	CAA43372.1	100.00	5	0	0	6	10	313	317	5.4	15.9
Seq2121_81_bp_-1_0_1	EDO47375.1	66.67	6	2	0	9	14	120	125	6.6	14.5
Seq2121_81_bp_-1_0_1	AAA65607.1	54.55	11	5	0	1	11	113	123	7.7	15.2
Seq2121_81_bp_-1_1_0	AAI27517.1	44.44	18	10	0	5	22	345	362	0.083	23.3
Seq2121_81_bp_-1_1_0	AAI27517.1	60.00	16	6	1	4	19	518	532	0.5	20.7
Seq2121_81_bp_-1_1_0	ABD49687.1	64.29	15	5	1	12	25	220	234	0.24	23.3
Seq2121_81_bp_-1_1_0	ABK71357.1	50.00	8	4	0	17	24	352	359	1.9	18.1
Seq2121_81_bp_-1_1_0	AAR31603.1	55.56	9	4	0	2	10	302	310	2.4	17.6
Seq2121_81_bp_-1_1_0	AAB64315.2	29.41	17	12	0	2	18	14	30	2.4	17.6
Seq2121_81_bp_-1_1_0	ABL74574.1	60.00	5	2	0	15	19	15	19	3	17.1
Seq2121_81_bp_-1_1_0	ABN10845.1	60.00	5	2	0	7	11	69	73	4.6	16.1
Seq2121_81_bp_-1_1_0	CAA04196.1	44.44	9	5	0	13	21	33	41	8.5	16.1
Seq2121_81_bp_-1_1_0	BAA32956.1	40.00	10	6	0	13	22	69	78	8.8	15.0
Seq2121_81_bp_-1_1_0	AAA72732.1	46.15	13	7	0	12	24	220	232	9	15.5
Seq2121_81_bp_-1_1_0	ABG75784.1	38.46	13	8	0	12	24	114	126	9	15.5
Seq2121_81_bp_-1_1_0	CAA45199.1	60.00	5	2	0	4	8	140	144	9.5	16.1
Seq2121_81_bp_-1_2_0	AAX84812.1	50.00	10	5	0	11	20	71	80	0.5	19.4
Seq2121_81_bp_-1_2_0	AAA32376.1	31.58	19	13	0	8	26	40	58	0.79	18.3
Seq2121_81_bp_-1_2_0	CAA04196.1	38.89	18	11	0	7	24	280	297	1.9	18.3
Seq2121_81_bp_-1_2_0	BAA32991.1	50.00	8	4	0	16	23	18	25	2.1	15.6
Seq2121_81_bp_-1_2_0	AAR31603.1	50.00	8	4	0	1	8	305	312	2.2	17.8
Seq2121_81_bp_-1_2_0	AAA23282.1	35.29	17	11	0	9	25	181	197	2.5	18.3
Seq2121_81_bp_-1_2_0	AAA42531.1	37.50	16	10	0	10	25	240	255	3.7	17.2
Seq2121_81_bp_-1_2_0	ABL74574.1	44.44	9	5	0	7	15	206	214	5.8	16.1
Seq2121_81_bp_-1_2_0	ACH70904.1	41.67	12	7	0	10	21	239	250	7.1	16.1
Seq2121_81_bp_-1_2_0	AII71783.1	42.31	29	15	3	1	26	218	246	8.7	15.6
Seq2121_81_bp_-1_2_0	AAB64315.2	62.50	8	3	0	12	19	240	247	9.3	15.6
