Seq421_75_bp_1_0_0	ENA|CAD53387|CAD53387.1	71.43	7	2	0	4	10	465	471	0.03	23.6
Seq421_75_bp_1_0_0	ENA|CAA29956|CAA29956.1	57.14	7	3	0	3	9	370	376	0.031	23.1
Seq421_75_bp_1_0_0	ENA|AAF79734|AAF79734.1	80.00	11	2	1	1	11	731	740	0.06	24.1
Seq421_75_bp_1_0_0	ENA|ABK71357|ABK71357.1	57.14	7	3	0	4	10	43	49	0.063	22.1
Seq421_75_bp_1_0_0	ENA|BAA32956|BAA32956.1	66.67	6	2	0	4	9	159	164	0.1	20.6
Seq421_75_bp_1_0_0	ENA|CAA45708|CAA45708.1	45.45	11	6	0	1	11	1196	1206	0.52	21.1
Seq421_75_bp_1_0_0	ENA|ABD49687|ABD49687.1	40.00	10	6	0	4	13	118	127	0.58	21.1
Seq421_75_bp_1_0_0	ENA|ABD49687|ABD49687.1	66.67	6	2	0	3	8	817	822	0.58	21.1
Seq421_75_bp_1_0_0	ENA|BAA05866|BAA05866.1	100.00	4	0	0	7	10	217	220	0.6	18.5
Seq421_75_bp_1_0_0	ENA|ACH70901|ACH70901.1	57.14	7	3	0	5	11	259	265	0.71	18.5
Seq421_75_bp_1_0_0	ENA|AAC08817|AAC08817.1	33.33	9	6	0	4	12	136	144	0.88	17.0
Seq421_75_bp_1_0_0	ENA|AAA36539|AAA36539.1	38.46	13	8	0	1	13	90	102	0.93	18.5
Seq421_75_bp_1_0_0	ENA|ABD33854|ABD33854.1	36.36	11	7	0	2	12	49	59	1	15.5
Seq421_75_bp_1_0_0	ENA|CAA26023|CAA26023.1	44.44	9	5	0	1	9	1	9	1.1	18.0
Seq421_75_bp_1_0_0	ENA|AAC49865|AAC49865.1	30.77	13	9	0	1	13	104	116	1.3	17.5
Seq421_75_bp_1_0_0	ENA|AAA25966|AAA25966.1	57.14	7	3	0	2	8	320	326	1.4	18.5
Seq421_75_bp_1_0_0	ENA|AAI27517|AAI27517.1	83.33	8	1	2	3	8	322	329	1.6	18.0
Seq421_75_bp_1_0_0	ENA|CAA45199|CAA45199.1	36.36	11	7	0	3	13	409	419	1.8	17.5
Seq421_75_bp_1_0_0	ENA|AAA18786|AAA18786.1	62.50	8	3	0	6	13	177	184	2.1	16.5
Seq421_75_bp_1_0_0	ENA|AAS77176|AAS77176.1	33.33	9	6	0	1	9	34	42	2.3	16.5
Seq421_75_bp_1_0_0	ENA|AAC97205|AAC97205.1	66.67	6	2	0	4	9	276	281	2.4	18.5
Seq421_75_bp_1_0_0	ENA|ABN10845|ABN10845.1	50.00	6	3	0	7	12	205	210	2.4	16.0
Seq421_75_bp_1_0_0	ENA|AAC40132|AAC40132.1	36.36	11	7	0	1	11	189	199	2.6	17.0
Seq421_75_bp_1_0_0	ENA|CAA24711|CAA24711.1	40.00	10	6	0	2	11	165	174	2.7	15.5
Seq421_75_bp_1_0_0	ENA|AAB96524|AAB96524.1	36.36	11	7	0	1	11	80	90	4.1	15.0
Seq421_75_bp_1_0_0	ENA|ACT10338|ACT10338.1	44.44	11	5	2	1	11	304	312	4.3	16.0
Seq421_75_bp_1_0_0	ENA|CAA29968|CAA29968.1	40.00	10	6	0	2	11	29	38	4.3	15.0
Seq421_75_bp_1_0_0	ENA|CAB75732|CAB75732.1	36.36	11	7	0	1	11	779	789	4.5	17.5
Seq421_75_bp_1_0_0	ENA|AAR31603|AAR31603.1	37.50	8	5	0	6	13	260	267	5.1	15.5
Seq421_75_bp_1_0_0	ENA|AAC26660|AAC26660.1	44.44	9	5	0	4	12	119	127	5.6	15.0
Seq421_75_bp_1_0_0	ENA|BAA32018|BAA32018.1	42.86	7	4	0	2	8	380	386	6.7	16.0
Seq421_75_bp_1_0_0	ENA|AAQ92751|AAQ92751.2	33.33	9	6	0	4	12	1111	1119	7.3	17.0
Seq421_75_bp_1_0_0	ENA|AAA42531|AAA42531.1	44.44	9	5	0	3	11	270	278	8.3	15.0
Seq421_75_bp_1_0_0	ENA|CAA26939|CAA26939.1	37.50	8	5	0	3	10	129	136	8.6	15.5
Seq421_75_bp_1_0_0	ENA|AAR37016|AAR37016.1	36.36	11	7	0	1	11	633	643	8.7	17.5
Seq421_75_bp_1_0_0	ENA|CAL82360|CAL82360.1	57.14	7	3	0	1	7	559	565	9.5	16.5
Seq421_75_bp_1_0_0	ENA|AAB66912|AAB66912.1	50.00	8	4	0	1	8	310	317	9.7	16.0
Seq421_75_bp_1_1_0	ENA|AAA25966|AAA25966.1	100.00	24	0	0	1	24	643	666	1.1e-13	63.0
Seq421_75_bp_1_1_0	ENA|BAA32956|BAA32956.1	54.55	11	5	0	3	13	178	188	1.6	17.5
Seq421_75_bp_1_1_0	ENA|CAA28033|CAA28033.1	50.00	15	7	1	1	15	176	189	2.4	19.5
Seq421_75_bp_1_1_0	ENA|AAR37016|AAR37016.1	38.10	21	13	0	3	23	17	37	3.3	19.9
Seq421_75_bp_1_1_0	ENA|AAB26998|AAB26998.1	50.00	13	5	3	10	22	35	44	3.8	14.8
Seq421_75_bp_1_1_0	ENA|AAC49865|AAC49865.1	44.44	9	5	0	9	17	83	91	7.5	15.8
Seq421_75_bp_1_2_0	ENA|CAA36214|CAA36214.1	47.62	22	11	1	2	22	19	40	0.34	20.2
Seq421_75_bp_1_2_0	ENA|BAA36759|BAA36759.1	33.33	15	10	0	4	18	111	125	0.98	18.6
Seq421_75_bp_1_2_0	ENA|AAI27517|AAI27517.1	35.29	17	11	0	2	18	90	106	1.1	19.4
Seq421_75_bp_1_2_0	ENA|AAC08817|AAC08817.1	39.13	27	14	4	1	23	103	129	3.6	15.8
Seq421_75_bp_1_2_0	ENA|BAA32956|BAA32956.1	27.27	22	16	0	1	22	175	196	3.7	16.2
Seq421_75_bp_1_2_0	ENA|AAR37016|AAR37016.1	31.25	16	11	0	4	19	517	532	5.8	19.0
Seq421_75_bp_1_2_0	ENA|CAA45199|CAA45199.1	42.86	14	8	0	10	23	38	51	6.1	16.6
Seq421_75_bp_1_2_0	ENA|CAA73529|CAA73529.1	53.85	16	6	3	4	16	142	157	6.2	15.8
Seq421_75_bp_1_2_0	ENA|ABK71357|ABK71357.1	36.36	11	7	0	4	14	306	316	6.3	16.2
Seq421_75_bp_1_2_0	ENA|AAC97205|AAC97205.1	40.00	21	12	1	4	23	45	65	8.9	17.4
Seq421_75_bp_-1_0_0	ENA|BAA32956|BAA32956.1	59.09	31	9	9	1	22	158	188	0.0015	27.6
Seq421_75_bp_-1_0_0	ENA|AAA25966|AAA25966.1	53.85	13	6	0	3	15	509	521	0.072	23.8
Seq421_75_bp_-1_0_0	ENA|AAA25966|AAA25966.1	31.82	22	15	0	2	23	652	673	0.72	20.5
Seq421_75_bp_-1_0_0	ENA|CAA36214|CAA36214.1	54.55	11	5	0	10	20	143	153	0.3	20.5
Seq421_75_bp_-1_0_0	ENA|CAA29956|CAA29956.1	35.29	17	11	0	5	21	231	247	0.5	20.0
Seq421_75_bp_-1_0_0	ENA|AAA42531|AAA42531.1	26.32	19	14	0	6	24	275	293	0.52	20.0
Seq421_75_bp_-1_0_0	ENA|AAA24145|AAA24145.1	42.86	14	8	0	3	16	250	263	0.61	20.0
Seq421_75_bp_-1_0_0	ENA|ABK71357|ABK71357.1	50.00	24	10	4	1	24	47	66	0.66	19.6
Seq421_75_bp_-1_0_0	ENA|ACT10338|ACT10338.1	35.29	17	11	0	8	24	227	243	0.69	19.6
Seq421_75_bp_-1_0_0	ENA|BAA32018|BAA32018.1	42.86	27	12	6	1	21	553	579	0.83	20.0
Seq421_75_bp_-1_0_0	ENA|CAD53387|CAD53387.1	44.44	20	10	2	1	20	15	32	0.89	19.6
Seq421_75_bp_-1_0_0	ENA|AAI27517|AAI27517.1	45.45	11	6	0	3	13	452	462	1	19.6
Seq421_75_bp_-1_0_0	ENA|AAC08817|AAC08817.1	29.41	17	12	0	8	24	100	116	1.2	17.5
Seq421_75_bp_-1_0_0	ENA|AAC78721|AAC78721.1	36.36	22	14	0	3	24	575	596	1.6	19.2
Seq421_75_bp_-1_0_0	ENA|ABD49687|ABD49687.1	63.64	13	4	2	1	13	115	125	1.7	20.5
Seq421_75_bp_-1_0_0	ENA|AAR31603|AAR31603.1	31.58	19	13	0	3	21	247	265	1.8	17.9
Seq421_75_bp_-1_0_0	ENA|CAA45199|CAA45199.1	30.43	25	16	2	1	25	141	163	2.6	17.9
Seq421_75_bp_-1_0_0	ENA|CAA43419|CAA43419.1	50.00	17	8	1	3	19	27	42	2.7	17.5
Seq421_75_bp_-1_0_0	ENA|CAA26023|CAA26023.1	54.55	12	5	1	1	11	9	20	2.8	17.5
Seq421_75_bp_-1_0_0	ENA|AAR37016|AAR37016.1	53.85	13	6	0	2	14	1492	1504	3.1	20.0
Seq421_75_bp_-1_0_0	ENA|CAA73529|CAA73529.1	45.45	11	6	0	15	25	24	34	3.6	16.7
Seq421_75_bp_-1_0_0	ENA|CAB75732|CAB75732.1	29.41	17	12	0	1	17	243	259	4.7	18.4
Seq421_75_bp_-1_0_0	ENA|AAB66912|AAB66912.1	54.55	13	5	2	5	15	214	226	5.1	17.9
Seq421_75_bp_-1_0_0	ENA|AAC49865|AAC49865.1	71.43	7	2	0	4	10	197	203	5.6	16.3
Seq421_75_bp_-1_0_0	ENA|AAA18786|AAA18786.1	63.64	12	4	1	10	21	131	141	6.1	15.9
Seq421_75_bp_-1_0_0	ENA|ACH70901|ACH70901.1	45.45	11	6	0	9	19	175	185	6.2	16.3
Seq421_75_bp_-1_0_0	ENA|CAA28033|CAA28033.1	33.33	15	10	0	2	16	540	554	7	17.9
Seq421_75_bp_-1_0_0	ENA|AAC97205|AAC97205.1	35.29	18	11	1	5	22	17	33	8.7	17.5
Seq421_75_bp_-1_0_0	ENA|AAA32624|AAA32624.1	83.33	6	1	0	3	8	334	339	8.7	16.3
Seq421_75_bp_-1_0_0	ENA|BAA05866|BAA05866.1	50.00	13	6	1	14	25	214	226	9.1	15.4
Seq421_75_bp_-1_0_0	ENA|AAB03707|AAB03707.1	27.27	22	16	0	3	24	128	149	9.6	17.5
Seq421_75_bp_-1_1_0	ENA|AAA42531|AAA42531.1	50.00	14	6	2	4	15	294	307	5	16.6
Seq421_75_bp_-1_1_0	ENA|ACT10338|ACT10338.1	37.50	16	10	0	3	18	155	170	5.1	16.6
Seq421_75_bp_-1_1_0	ENA|AAR31603|AAR31603.1	43.75	18	9	2	6	23	51	66	7.7	15.7
Seq421_75_bp_-1_1_0	ENA|ABD33854|ABD33854.1	37.50	16	10	0	8	23	33	48	7.7	13.4
Seq421_75_bp_-1_1_0	ENA|CAD53387|CAD53387.1	57.89	27	8	8	2	20	16	42	7.8	16.3
Seq421_75_bp_-1_2_0	ENA|CAA36214|CAA36214.1	43.48	23	13	0	1	23	7	29	0.36	20.1
Seq421_75_bp_-1_2_0	ENA|AAA18786|AAA18786.1	42.11	20	11	1	2	20	195	214	0.93	18.6
Seq421_75_bp_-1_2_0	ENA|AAB96524|AAB96524.1	50.00	10	5	0	13	22	36	45	1.4	17.4
Seq421_75_bp_-1_2_0	ENA|ABK71357|ABK71357.1	27.27	22	16	0	2	23	51	72	2.2	17.8
Seq421_75_bp_-1_2_0	ENA|ABG75784|ABG75784.1	36.84	19	12	0	1	19	186	204	2.4	17.4
Seq421_75_bp_-1_2_0	ENA|CCP43727|CCP43727.1	35.00	20	13	0	4	23	81	100	3.3	17.0
Seq421_75_bp_-1_2_0	ENA|AAC26660|AAC26660.1	20.00	20	16	0	4	23	160	179	3.4	16.6
Seq421_75_bp_-1_2_0	ENA|AAQ92751|AAQ92751.2	40.00	21	12	1	3	23	1118	1137	3.6	19.0
Seq421_75_bp_-1_2_0	ENA|CAA36714|CAA36714.1	40.00	15	9	0	8	22	269	283	4.6	17.0
Seq421_75_bp_-1_2_0	ENA|CAD53387|CAD53387.1	38.10	22	13	1	2	22	480	501	5	17.0
Seq421_75_bp_-1_2_0	ENA|AAA36114|AAA36114.1	28.57	21	15	0	3	23	264	284	5	17.0
Seq421_75_bp_-1_2_0	ENA|BAB17681|BAB17681.1	31.58	20	13	1	3	22	221	239	6	15.9
Seq421_75_bp_-1_2_0	ENA|BAA05866|BAA05866.1	28.57	21	15	0	3	23	111	131	6.7	15.9
Seq421_75_bp_-1_2_0	ENA|AAA25966|AAA25966.1	37.50	16	10	0	9	24	37	52	7	17.0
Seq421_75_bp_-1_2_0	ENA|EDO47375|EDO47375.1	30.43	23	16	0	1	23	34	56	7	15.1
Seq421_75_bp_-1_2_0	ENA|AAR31603|AAR31603.1	35.71	14	9	0	3	16	100	113	7.1	15.9
Seq421_75_bp_-1_2_0	ENA|AAI27517|AAI27517.1	38.89	18	11	0	3	20	569	586	7.5	16.6
Seq421_75_bp_-1_2_0	ENA|BAB79260|BAB79260.1	50.00	14	7	0	5	18	263	276	7.5	16.2
Seq421_75_bp_-1_2_0	ENA|CAA11507|CAA11507.1	27.27	22	16	0	1	22	458	479	7.7	17.8
Seq421_75_bp_-1_2_0	ENA|AAB03707|AAB03707.1	38.89	18	11	0	7	24	1225	1242	7.7	17.8
Seq421_75_bp_-1_2_0	ENA|CAA24711|CAA24711.1	45.00	23	11	3	2	22	50	71	8.3	14.7
Seq421_75_bp_-1_2_0	ENA|ABD49687|ABD49687.1	53.85	13	6	0	2	14	1125	1137	9.5	17.8
Seq421_75_bp_-1_2_0	ENA|AAR37016|AAR37016.1	19.05	21	17	0	3	23	1362	1382	9.9	18.2
