Seq5540_152_bp_1_0_0	ENA|AAC17860|AAC17860.1	100.00	50	0	0	1	50	301	350	3.4e-45	167.9
Seq5540_152_bp_1_0_0	ENA|BAA32018|BAA32018.1	53.33	15	7	0	21	35	230	244	0.33	22.4
Seq5540_152_bp_1_0_0	ENA|CAA29956|CAA29956.1	58.33	12	5	0	17	28	36	47	0.42	21.3
Seq5540_152_bp_1_0_0	ENA|AAB26998|AAB26998.1	40.00	15	9	0	3	17	20	34	0.56	18.6
Seq5540_152_bp_1_0_0	ENA|AAB26998|AAB26998.1	40.00	15	9	0	14	28	45	59	0.56	18.6
Seq5540_152_bp_1_0_0	ENA|AAC97205|AAC97205.1	58.33	13	5	1	7	18	887	899	0.65	22.4
Seq5540_152_bp_1_0_0	ENA|CAL82360|CAL82360.1	66.67	10	3	1	11	20	114	122	0.98	21.8
Seq5540_152_bp_1_0_0	ENA|CAA28033|CAA28033.1	75.00	8	2	0	1	8	808	815	0.99	21.8
Seq5540_152_bp_1_0_0	ENA|ABK71357|ABK71357.1	53.85	17	6	4	14	30	174	186	1.2	19.7
Seq5540_152_bp_1_0_0	ENA|ACT10338|ACT10338.1	35.29	17	11	0	1	17	355	371	1.9	19.2
Seq5540_152_bp_1_0_0	ENA|CAA36214|CAA36214.1	66.67	6	2	0	16	21	174	179	4.4	17.5
Seq5540_152_bp_1_0_0	ENA|AAA24145|AAA24145.1	46.15	13	7	0	23	35	364	376	4.6	18.1
Seq5540_152_bp_1_0_0	ENA|AAA25966|AAA25966.1	55.56	9	4	0	8	16	97	105	4.9	18.6
Seq5540_152_bp_1_0_0	ENA|CAA26939|CAA26939.1	44.44	9	5	0	1	9	208	216	5.6	18.1
Seq5540_152_bp_1_0_0	ENA|CCP43727|CCP43727.1	50.00	10	5	0	18	27	259	268	6.7	17.0
Seq5540_152_bp_1_0_0	ENA|AAC26660|AAC26660.1	100.00	4	0	0	11	14	109	112	7.6	16.5
Seq5540_152_bp_1_0_0	ENA|CAB75732|CAB75732.1	58.33	12	5	0	1	12	284	295	7.7	18.6
Seq5540_152_bp_1_0_0	ENA|EDO47375|EDO47375.1	50.00	10	5	0	4	13	45	54	8	15.9
Seq5540_152_bp_1_0_0	ENA|CAA11507|CAA11507.1	43.75	16	9	0	10	25	1339	1354	9	18.6
Seq5540_152_bp_1_1_0	ENA|BAA32956|BAA32956.1	53.33	15	7	0	10	24	136	150	0.64	19.5
Seq5540_152_bp_1_1_0	ENA|AAA42531|AAA42531.1	41.67	12	7	0	3	14	321	332	2.3	18.5
Seq5540_152_bp_1_1_0	ENA|CAL82360|CAL82360.1	53.85	13	6	0	4	16	729	741	2.7	20.0
Seq5540_152_bp_1_1_0	ENA|AAF79734|AAF79734.1	60.00	10	4	0	20	29	944	953	4.3	19.5
Seq5540_152_bp_1_1_0	ENA|CAA29956|CAA29956.1	50.00	21	10	1	12	31	236	256	4.5	17.5
Seq5540_152_bp_1_1_0	ENA|AAC97205|AAC97205.1	41.18	17	10	0	17	33	690	706	7.1	18.5
Seq5540_152_bp_1_1_0	ENA|CAA26939|CAA26939.1	66.67	14	4	2	11	22	67	80	9.2	17.0
Seq5540_152_bp_1_2_0	ENA|AAB96524|AAB96524.1	47.37	21	10	2	2	22	20	38	2	16.9
Seq5540_152_bp_1_2_0	ENA|AAB26998|AAB26998.1	38.46	13	8	0	4	16	22	34	2.4	15.4
Seq5540_152_bp_1_2_0	ENA|BAA32991|BAA32991.1	45.45	11	6	0	2	12	52	62	5.7	13.9
Seq5540_152_bp_1_2_1	ENA|BAA32991|BAA32991.1	50.00	10	5	0	8	17	17	26	1.9	15.7
Seq5540_152_bp_1_2_1	ENA|EDO47375|EDO47375.1	42.86	7	4	0	9	15	179	185	3.5	16.2
Seq5540_152_bp_1_2_1	ENA|AAF79734|AAF79734.1	57.14	7	3	0	5	11	877	883	5.6	18.5
Seq5540_152_bp_1_2_1	ENA|AAS77176|AAS77176.1	57.14	7	3	0	19	25	223	229	7.6	15.7
Seq5540_152_bp_1_2_1	ENA|CAA45199|CAA45199.1	85.71	8	1	1	20	26	185	192	8.4	16.2
Seq5540_152_bp_1_2_1	ENA|AAR37016|AAR37016.1	62.50	8	3	0	8	15	1325	1332	8.8	18.5
Seq5540_152_bp_1_2_1	ENA|ACH70901|ACH70901.1	66.67	6	2	0	20	25	302	307	9.4	15.7
Seq5540_152_bp_1_2_1	ENA|CAA26023|CAA26023.1	80.00	5	1	0	7	11	201	205	9.9	15.7
Seq5540_152_bp_-1_0_0	ENA|AAI27517|AAI27517.1	70.00	10	3	0	27	36	555	564	0.025	26.0
Seq5540_152_bp_-1_0_0	ENA|AAC97205|AAC97205.1	66.67	9	3	0	23	31	31	39	0.48	22.8
Seq5540_152_bp_-1_0_0	ENA|CAA26939|CAA26939.1	50.00	10	5	0	36	45	119	128	1.4	20.2
Seq5540_152_bp_-1_0_0	ENA|AAC49865|AAC49865.1	41.67	12	7	0	34	45	187	198	1.6	19.1
Seq5540_152_bp_-1_0_0	ENA|AAA36114|AAA36114.1	50.00	23	10	3	13	32	170	192	1.8	19.6
Seq5540_152_bp_-1_0_0	ENA|AAA32624|AAA32624.1	55.56	9	4	0	36	44	78	86	2.6	19.1
Seq5540_152_bp_-1_0_0	ENA|BAA32956|BAA32956.1	62.50	8	3	0	41	48	49	56	3.1	17.5
Seq5540_152_bp_-1_0_0	ENA|CAA36714|CAA36714.1	61.54	14	5	1	4	17	71	83	3.3	18.6
Seq5540_152_bp_-1_0_0	ENA|CAB75732|CAB75732.1	50.00	12	6	0	29	40	671	682	3.9	19.6
Seq5540_152_bp_-1_0_0	ENA|AAC17860|AAC17860.1	37.04	28	17	1	20	46	66	93	4.2	18.1
Seq5540_152_bp_-1_0_0	ENA|CAA28033|CAA28033.1	62.50	8	3	0	7	14	886	893	4.4	19.6
Seq5540_152_bp_-1_0_0	ENA|AAC08817|AAC08817.1	62.50	8	3	0	35	42	135	142	4.8	16.5
Seq5540_152_bp_-1_0_0	ENA|AAA18786|AAA18786.1	62.50	8	3	0	32	39	129	136	7.9	16.5
Seq5540_152_bp_-1_0_0	ENA|ACT10338|ACT10338.1	80.00	5	1	0	5	9	310	314	7.9	17.0
Seq5540_152_bp_-1_0_0	ENA|AAC40132|AAC40132.1	45.45	11	6	0	35	45	348	358	9.6	17.0
Seq5540_152_bp_-1_1_0	ENA|AAA36114|AAA36114.1	66.67	6	2	0	11	16	284	289	0.23	21.0
Seq5540_152_bp_-1_1_0	ENA|EDO47375|EDO47375.1	42.86	7	4	0	7	13	101	107	0.87	17.7
Seq5540_152_bp_-1_1_0	ENA|CAA26939|CAA26939.1	83.33	6	1	0	9	14	205	210	1	19.0
Seq5540_152_bp_-1_1_0	ENA|ABD49687|ABD49687.1	66.67	6	2	0	12	17	1112	1117	1.2	20.4
Seq5540_152_bp_-1_1_0	ENA|ABG75784|ABG75784.1	62.50	8	3	0	10	17	302	309	1.4	17.7
Seq5540_152_bp_-1_1_0	ENA|AAA32624|AAA32624.1	50.00	6	3	0	9	14	157	162	1.5	18.4
Seq5540_152_bp_-1_1_0	ENA|CAA11507|CAA11507.1	50.00	12	6	0	1	12	562	573	1.6	19.7
Seq5540_152_bp_-1_1_0	ENA|AAC40132|AAC40132.1	55.56	9	4	0	5	13	195	203	2.2	17.7
Seq5540_152_bp_-1_1_0	ENA|AAC49865|AAC49865.1	30.00	10	7	0	5	14	74	83	2.4	17.0
Seq5540_152_bp_-1_1_0	ENA|CAA26023|CAA26023.1	42.86	7	4	0	1	7	197	203	2.7	17.0
Seq5540_152_bp_-1_1_0	ENA|CAA24711|CAA24711.1	80.00	5	1	0	10	14	83	87	3.1	15.7
Seq5540_152_bp_-1_1_0	ENA|AAA25966|AAA25966.1	100.00	4	0	0	3	6	304	307	3.3	17.7
Seq5540_152_bp_-1_1_0	ENA|AAC78721|AAC78721.1	60.00	5	2	0	6	10	375	379	4.7	17.0
Seq5540_152_bp_-1_1_0	ENA|BAA32991|BAA32991.1	75.00	4	1	0	3	6	66	69	4.8	13.7
Seq5540_152_bp_-1_1_0	ENA|CCP43727|CCP43727.1	100.00	3	0	0	15	17	60	62	5.8	15.7
Seq5540_152_bp_-1_1_0	ENA|AAQ92751|AAQ92751.2	50.00	6	3	0	12	17	923	928	6.1	17.7
Seq5540_152_bp_-1_1_0	ENA|AAI27517|AAI27517.1	50.00	6	3	0	3	8	423	428	6.5	16.4
Seq5540_152_bp_-1_1_0	ENA|AAA42531|AAA42531.1	50.00	10	5	0	1	10	304	313	6.7	15.7
Seq5540_152_bp_-1_1_0	ENA|ACT10338|ACT10338.1	57.14	7	3	0	1	7	82	88	6.7	15.7
Seq5540_152_bp_-1_1_0	ENA|CAA73529|CAA73529.1	33.33	9	6	0	8	16	262	270	7.5	15.0
Seq5540_152_bp_-1_1_0	ENA|AAB96524|AAB96524.1	50.00	6	3	0	2	7	170	175	8	14.4
Seq5540_152_bp_-1_1_0	ENA|BAA05866|BAA05866.1	42.86	7	4	0	5	11	147	153	8.3	15.0
Seq5540_152_bp_-1_1_0	ENA|CAL82360|CAL82360.1	42.86	14	8	0	3	16	843	856	8.7	17.0
Seq5540_152_bp_-1_1_0	ENA|CAA28033|CAA28033.1	60.00	5	2	0	3	7	113	117	8.8	17.0
Seq5540_152_bp_-1_1_0	ENA|AAB66912|AAB66912.1	42.86	7	4	0	4	10	544	550	9.9	16.4
Seq5540_152_bp_-1_1_1	ENA|AAA42531|AAA42531.1	83.33	6	1	0	9	14	181	186	0.9	19.4
Seq5540_152_bp_-1_1_1	ENA|EDO47375|EDO47375.1	55.56	9	4	0	2	10	140	148	2.9	16.6
Seq5540_152_bp_-1_1_1	ENA|CAA45199|CAA45199.1	66.67	9	3	0	11	19	311	319	3.8	17.5
Seq5540_152_bp_-1_1_1	ENA|AAA36114|AAA36114.1	53.85	13	6	0	5	17	334	346	4.1	17.5
Seq5540_152_bp_-1_1_1	ENA|CAA28033|CAA28033.1	71.43	7	2	0	2	8	1076	1082	5.5	18.5
Seq5540_152_bp_-1_1_1	ENA|ABD33854|ABD33854.1	55.56	10	4	1	2	10	52	61	8.8	13.4
Seq5540_152_bp_-1_1_1	ENA|AAR37016|AAR37016.1	54.55	11	5	0	11	21	788	798	9.6	18.5
Seq5540_152_bp_-1_2_0	ENA|AAA18786|AAA18786.1	35.71	28	18	0	5	32	213	240	0.027	24.3
Seq5540_152_bp_-1_2_0	ENA|CAA28033|CAA28033.1	50.00	10	5	0	1	10	804	813	0.39	22.8
Seq5540_152_bp_-1_2_0	ENA|AAA72732|AAA72732.1	44.44	9	5	0	25	33	106	114	1.6	18.6
Seq5540_152_bp_-1_2_0	ENA|CAA45199|CAA45199.1	71.43	7	2	0	4	10	442	448	2.4	18.6
Seq5540_152_bp_-1_2_0	ENA|AAC17860|AAC17860.1	62.50	8	3	0	17	24	353	360	3	18.1
Seq5540_152_bp_-1_2_0	ENA|BAA32956|BAA32956.1	45.45	11	6	0	17	27	187	197	4.5	16.6
Seq5540_152_bp_-1_2_0	ENA|AAF79734|AAF79734.1	33.33	15	10	0	9	23	489	503	7.1	18.6
Seq5540_152_bp_-1_2_0	ENA|EDO47375|EDO47375.1	66.67	6	2	0	4	9	15	20	7.9	15.5
Seq5540_152_bp_-1_2_0	ENA|BAB17681|BAB17681.1	71.43	7	2	0	12	18	38	44	8	16.0
Seq5540_152_bp_-1_2_0	ENA|CAA36214|CAA36214.1	44.44	9	5	0	17	25	84	92	8.9	16.0
Seq5540_152_bp_-1_2_0	ENA|AAC08817|AAC08817.1	35.71	14	9	0	10	23	43	56	9.3	15.0
Seq5540_152_bp_-1_2_0	ENA|CCP43727|CCP43727.1	40.00	15	9	0	6	20	243	257	9.5	16.0
