Seq6339_162_bp_1_0_0	ENA|CAA45708|CAA45708.1	33.33	18	12	0	23	40	987	1004	2.5	20.8
Seq6339_162_bp_1_0_0	ENA|ABD49687|ABD49687.1	32.35	35	23	1	17	51	1544	1577	2.8	20.8
Seq6339_162_bp_1_0_0	ENA|AAC78721|AAC78721.1	66.67	9	3	0	35	43	631	639	4.1	18.9
Seq6339_162_bp_1_0_0	ENA|BAB17681|BAB17681.1	37.50	8	5	0	35	42	212	219	4.6	17.4
Seq6339_162_bp_1_0_0	ENA|AAC97205|AAC97205.1	52.94	17	8	0	30	46	248	264	5.4	19.4
Seq6339_162_bp_1_0_0	ENA|BAA32956|BAA32956.1	55.56	9	4	0	39	47	1	9	6.7	16.5
Seq6339_162_bp_1_0_0	ENA|ACH70901|ACH70901.1	50.00	10	5	0	30	39	183	192	8.1	17.0
Seq6339_162_bp_1_0_0	ENA|AAI27517|AAI27517.1	46.67	16	8	1	29	44	8	22	9.4	17.4
Seq6339_162_bp_1_1_0	ENA|AAA25966|AAA25966.1	100.00	4	0	0	7	10	233	236	8.7	15.4
Seq6339_162_bp_1_1_1	ENA|ABD33854|ABD33854.1	50.00	8	4	0	1	8	54	61	0.25	17.7
Seq6339_162_bp_1_1_1	ENA|EDO47375|EDO47375.1	42.86	7	4	0	4	10	137	143	2.2	16.2
Seq6339_162_bp_1_1_1	ENA|AAC08817|AAC08817.1	50.00	6	3	0	1	6	127	132	5.2	14.6
Seq6339_162_bp_1_1_1	ENA|ACH70901|ACH70901.1	62.50	8	3	0	8	15	73	80	5.8	15.6
Seq6339_162_bp_1_1_1	ENA|BAB17681|BAB17681.1	57.14	7	3	0	9	15	240	246	8.8	14.6
Seq6339_162_bp_1_2_0	ENA|AAF79734|AAF79734.1	100.00	53	0	0	1	53	290	342	3.2e-34	133.4
Seq6339_162_bp_1_2_0	ENA|CAB75732|CAB75732.1	36.54	54	33	2	2	53	967	1020	0.00048	32.8
Seq6339_162_bp_1_2_0	ENA|CAB75732|CAB75732.1	32.61	48	31	2	8	53	1021	1068	0.0014	31.3
Seq6339_162_bp_1_2_0	ENA|CAB75732|CAB75732.1	30.77	41	27	2	8	46	1083	1123	0.0028	30.3
Seq6339_162_bp_1_2_0	ENA|CAB75732|CAB75732.1	32.35	35	23	1	1	34	932	966	0.0028	30.3
Seq6339_162_bp_1_2_0	ENA|CAB75732|CAB75732.1	33.33	21	14	0	33	53	159	179	0.53	22.7
Seq6339_162_bp_1_2_0	ENA|CAB75732|CAB75732.1	22.22	45	35	0	9	53	67	111	0.74	22.2
Seq6339_162_bp_1_2_0	ENA|CAB75732|CAB75732.1	28.57	28	20	0	14	41	188	215	0.74	22.2
Seq6339_162_bp_1_2_0	ENA|CAB75732|CAB75732.1	45.00	21	11	1	21	41	835	854	0.74	22.2
Seq6339_162_bp_1_2_0	ENA|CAL82360|CAL82360.1	36.84	49	24	11	10	47	475	523	0.018	27.7
Seq6339_162_bp_1_2_0	ENA|CAA26023|CAA26023.1	25.64	40	29	1	13	52	248	286	0.03	25.2
Seq6339_162_bp_1_2_0	ENA|CAA24711|CAA24711.1	35.29	17	11	0	16	32	58	74	0.039	23.7
Seq6339_162_bp_1_2_0	ENA|CAA45708|CAA45708.1	26.92	26	19	0	17	42	1082	1107	0.042	26.7
Seq6339_162_bp_1_2_0	ENA|CAA45708|CAA45708.1	17.95	41	32	2	15	53	1163	1203	0.24	24.2
Seq6339_162_bp_1_2_0	ENA|BAA32018|BAA32018.1	50.00	12	6	0	21	32	32	43	0.4	22.2
Seq6339_162_bp_1_2_0	ENA|AAC78721|AAC78721.1	33.33	12	8	0	19	30	511	522	1.2	20.7
Seq6339_162_bp_1_2_0	ENA|AAQ92751|AAQ92751.2	23.53	52	39	1	3	53	84	135	1.3	21.7
Seq6339_162_bp_1_2_0	ENA|CCP43727|CCP43727.1	21.43	28	22	0	2	29	17	44	2.4	18.6
Seq6339_162_bp_1_2_0	ENA|CAA36714|CAA36714.1	70.00	10	3	0	44	53	113	122	2.4	19.1
Seq6339_162_bp_1_2_0	ENA|AAA32624|AAA32624.1	42.11	19	11	0	27	45	215	233	2.7	19.1
Seq6339_162_bp_1_2_0	ENA|ABN10845|ABN10845.1	30.77	13	9	0	1	13	134	146	3.2	17.6
Seq6339_162_bp_1_2_0	ENA|CAD53387|CAD53387.1	57.14	7	3	0	21	27	500	506	3.6	18.6
Seq6339_162_bp_1_2_0	ENA|AAC17860|AAC17860.1	46.15	13	7	0	7	19	246	258	4.2	18.1
Seq6339_162_bp_1_2_0	ENA|ABD49687|ABD49687.1	32.00	25	17	0	5	29	441	465	6	19.6
Seq6339_162_bp_1_2_0	ENA|CAA43419|CAA43419.1	25.00	24	18	0	8	31	301	324	7.3	17.1
Seq6339_162_bp_1_2_0	ENA|CAA26939|CAA26939.1	54.55	11	5	0	14	24	476	486	8	17.6
Seq6339_162_bp_1_2_0	ENA|CAA28033|CAA28033.1	50.00	12	6	0	33	44	96	107	9	18.6
Seq6339_162_bp_-1_0_0	ENA|AAB26998|AAB26998.1	35.29	17	11	0	3	19	31	47	0.3	19.3
Seq6339_162_bp_-1_0_0	ENA|BAA32991|BAA32991.1	40.00	10	6	0	5	14	8	17	2.1	16.3
Seq6339_162_bp_-1_0_0	ENA|AAA24145|AAA24145.1	44.44	9	5	0	1	9	299	307	3.4	18.3
Seq6339_162_bp_-1_0_0	ENA|BAA32956|BAA32956.1	55.56	9	4	0	32	40	129	137	4.4	16.8
Seq6339_162_bp_-1_0_0	ENA|ABG75784|ABG75784.1	60.00	5	2	0	2	6	1	5	4.6	17.3
Seq6339_162_bp_-1_0_0	ENA|ABD33854|ABD33854.1	60.00	5	2	0	1	5	1	5	5.3	14.8
Seq6339_162_bp_-1_0_0	ENA|CAA29968|CAA29968.1	50.00	8	4	0	3	10	134	141	7.9	15.8
Seq6339_162_bp_-1_0_0	ENA|AAC97205|AAC97205.1	36.36	25	14	3	1	22	835	859	8.8	18.3
Seq6339_162_bp_-1_0_1	ENA|CAA73529|CAA73529.1	75.00	4	1	0	3	6	268	271	4.3	15.1
Seq6339_162_bp_-1_0_1	ENA|AAB96524|AAB96524.1	60.00	5	2	0	5	9	92	96	8	13.6
Seq6339_162_bp_-1_0_1	ENA|BAA32991|BAA32991.1	50.00	4	2	0	4	7	21	24	8.5	12.1
Seq6339_162_bp_-1_0_1	ENA|ABN10845|ABN10845.1	75.00	4	1	0	7	10	94	97	9.3	13.6
Seq6339_162_bp_-1_1_0	ENA|AAA72732|AAA72732.1	63.64	11	4	0	17	27	3	13	0.0012	28.8
Seq6339_162_bp_-1_1_0	ENA|CAA26023|CAA26023.1	50.00	10	5	0	18	27	63	72	0.52	20.4
Seq6339_162_bp_-1_1_0	ENA|CAA29956|CAA29956.1	40.00	15	9	0	5	19	267	281	1.4	18.9
Seq6339_162_bp_-1_1_0	ENA|AAR31603|AAR31603.1	83.33	6	1	0	13	18	95	100	2.4	17.9
Seq6339_162_bp_-1_1_0	ENA|CAA24711|CAA24711.1	80.00	5	1	0	29	33	123	127	2.5	16.9
Seq6339_162_bp_-1_1_0	ENA|AAA18786|AAA18786.1	46.67	18	8	3	9	26	1	15	2.8	17.4
Seq6339_162_bp_-1_1_0	ENA|BAB79260|BAB79260.1	50.00	8	4	0	20	27	279	286	3.3	17.9
Seq6339_162_bp_-1_1_0	ENA|CAD53387|CAD53387.1	66.67	6	2	0	3	8	27	32	3.7	17.9
Seq6339_162_bp_-1_1_0	ENA|AAC49865|AAC49865.1	33.33	15	10	0	4	18	32	46	4.7	16.9
Seq6339_162_bp_-1_1_0	ENA|AAC26660|AAC26660.1	54.55	11	5	0	17	27	7	17	5.2	16.5
Seq6339_162_bp_-1_1_0	ENA|AAA42531|AAA42531.1	80.00	5	1	0	29	33	158	162	5.5	16.9
Seq6339_162_bp_-1_1_0	ENA|AAR37016|AAR37016.1	44.44	21	10	3	4	21	1156	1176	6	19.4
Seq6339_162_bp_-1_1_0	ENA|ABG75784|ABG75784.1	22.22	9	7	0	2	10	195	203	6.2	16.5
Seq6339_162_bp_-1_1_0	ENA|AAB66912|AAB66912.1	50.00	10	5	0	5	14	83	92	6.6	17.9
Seq6339_162_bp_-1_1_0	ENA|CAA45199|CAA45199.1	42.86	7	4	0	6	12	159	165	9.1	16.5
Seq6339_162_bp_-1_1_1	ENA|ACT10338|ACT10338.1	55.56	9	4	0	1	9	344	352	4.1	16.4
Seq6339_162_bp_-1_1_1	ENA|CAA28033|CAA28033.1	71.43	7	2	0	3	9	37	43	4.9	17.8
Seq6339_162_bp_-1_1_1	ENA|CAL82360|CAL82360.1	64.29	16	5	2	2	15	1015	1030	6.6	17.4
Seq6339_162_bp_-1_1_1	ENA|AAA25966|AAA25966.1	50.00	8	4	0	4	11	178	185	7.4	16.4
Seq6339_162_bp_-1_1_1	ENA|AAB96524|AAB96524.1	30.77	13	9	0	2	14	93	105	7.4	14.4
Seq6339_162_bp_-1_1_1	ENA|AAF79734|AAF79734.1	50.00	10	5	0	7	16	748	757	7.5	17.4
Seq6339_162_bp_-1_1_1	ENA|BAA05866|BAA05866.1	44.44	9	5	0	3	11	299	307	8.6	14.9
Seq6339_162_bp_-1_1_1	ENA|AAR31603|AAR31603.1	42.86	7	4	0	10	16	127	133	9.2	14.9
Seq6339_162_bp_-1_1_1	ENA|AAC26660|AAC26660.1	100.00	4	0	0	3	6	165	168	10	14.4
Seq6339_162_bp_-1_2_0	ENA|AAF79734|AAF79734.1	30.43	23	16	0	1	23	313	335	0.79	21.3
Seq6339_162_bp_-1_2_0	ENA|CAA26023|CAA26023.1	50.00	10	5	0	12	21	23	32	2.7	17.6
Seq6339_162_bp_-1_2_0	ENA|AAB03707|AAB03707.1	75.00	8	2	0	9	16	813	820	3.2	19.2
Seq6339_162_bp_-1_2_0	ENA|AAC26660|AAC26660.1	55.56	9	4	0	12	20	5	13	3.8	16.5
Seq6339_162_bp_-1_2_0	ENA|BAA32018|BAA32018.1	27.27	11	8	0	1	11	33	43	4.4	17.6
Seq6339_162_bp_-1_2_0	ENA|BAB79260|BAB79260.1	30.77	13	9	0	9	21	345	357	4.6	17.0
Seq6339_162_bp_-1_2_0	ENA|CAB75732|CAB75732.1	40.00	10	6	0	2	11	64	73	5.6	18.1
Seq6339_162_bp_-1_2_0	ENA|EDO47375|EDO47375.1	36.36	11	7	0	6	16	18	28	5.8	15.4
Seq6339_162_bp_-1_2_0	ENA|CAA36214|CAA36214.1	21.05	19	15	0	7	25	104	122	6.4	16.0
Seq6339_162_bp_-1_2_0	ENA|AAB26998|AAB26998.1	50.00	8	4	0	18	25	5	12	7.2	13.8
Seq6339_162_bp_-1_2_0	ENA|AAA36114|AAA36114.1	50.00	12	6	0	9	20	168	179	7.3	16.5
Seq6339_162_bp_-1_2_0	ENA|CAA24711|CAA24711.1	37.50	8	5	0	17	24	133	140	7.5	14.9
Seq6339_162_bp_-1_2_0	ENA|ABD33854|ABD33854.1	50.00	6	3	0	18	23	12	17	8.3	13.3
Seq6339_162_bp_-1_2_0	ENA|BAA36759|BAA36759.1	41.67	12	7	0	5	16	4	15	8.6	15.4
Seq6339_162_bp_-1_2_0	ENA|CAA11507|CAA11507.1	35.71	14	9	0	4	17	787	800	9.2	17.6
Seq6339_162_bp_-1_2_1	ENA|CAA28033|CAA28033.1	50.00	12	6	0	1	12	128	139	0.81	21.2
Seq6339_162_bp_-1_2_1	ENA|AAB66912|AAB66912.1	38.46	13	8	0	13	25	523	535	0.85	20.7
Seq6339_162_bp_-1_2_1	ENA|AAB96524|AAB96524.1	58.33	12	5	0	9	20	3	14	1.7	17.4
Seq6339_162_bp_-1_2_1	ENA|AAA32624|AAA32624.1	83.33	6	1	0	20	25	466	471	2.2	18.5
Seq6339_162_bp_-1_2_1	ENA|BAB79260|BAB79260.1	55.56	9	4	0	12	20	14	22	2.7	17.9
Seq6339_162_bp_-1_2_1	ENA|CAA43419|CAA43419.1	45.45	11	6	0	12	22	31	41	3.2	17.4
Seq6339_162_bp_-1_2_1	ENA|BAA05866|BAA05866.1	29.41	17	12	0	7	23	277	293	3.9	16.8
Seq6339_162_bp_-1_2_1	ENA|AAR37016|AAR37016.1	42.86	14	8	0	10	23	752	765	4.5	19.6
Seq6339_162_bp_-1_2_1	ENA|BAA36759|BAA36759.1	30.77	13	9	0	1	13	68	80	5.3	16.3
Seq6339_162_bp_-1_2_1	ENA|CAA36214|CAA36214.1	36.36	11	7	0	13	23	177	187	5.6	16.3
Seq6339_162_bp_-1_2_1	ENA|CAA24711|CAA24711.1	66.67	6	2	0	10	15	55	60	6.8	15.2
Seq6339_162_bp_-1_2_1	ENA|ABK71357|ABK71357.1	57.14	7	3	0	12	18	95	101	6.8	16.3
Seq6339_162_bp_-1_2_1	ENA|CAA29956|CAA29956.1	41.67	12	7	0	1	12	174	185	6.9	16.3
Seq6339_162_bp_-1_2_1	ENA|ACT10338|ACT10338.1	50.00	12	6	0	15	26	378	389	7.1	16.3
Seq6339_162_bp_-1_2_1	ENA|CAL82360|CAL82360.1	40.00	10	6	0	16	25	872	881	7.4	17.9
Seq6339_162_bp_-1_2_1	ENA|AAF79734|AAF79734.1	66.67	15	5	0	2	16	339	353	8.3	17.9
Seq6339_162_bp_-1_2_1	ENA|AAR31603|AAR31603.1	66.67	13	4	1	6	17	295	307	8.6	15.7
