Seq7527_245_bp_1_0_0	ENA|BAA32956|BAA32956.1	38.46	30	16	4	3	28	60	89	0.54	19.3
Seq7527_245_bp_1_0_0	ENA|AAS77176|AAS77176.1	28.57	21	15	0	2	22	166	186	1.4	18.4
Seq7527_245_bp_1_0_0	ENA|ABD33854|ABD33854.1	40.00	15	9	0	13	27	23	37	1.9	15.7
Seq7527_245_bp_1_0_0	ENA|ACH70901|ACH70901.1	31.82	22	15	0	3	24	128	149	2.1	18.1
Seq7527_245_bp_1_0_0	ENA|CAA26023|CAA26023.1	50.00	19	9	1	4	22	210	227	2.7	17.8
Seq7527_245_bp_1_0_0	ENA|ABD49687|ABD49687.1	50.00	21	9	3	7	24	312	332	5.2	19.0
Seq7527_245_bp_1_0_0	ENA|AAA72732|AAA72732.1	36.36	11	7	0	18	28	264	274	7.3	16.0
Seq7527_245_bp_1_0_0	ENA|AAR37016|AAR37016.1	34.62	28	17	2	3	28	272	299	8.5	18.7
Seq7527_245_bp_1_0_0	ENA|AAA36114|AAA36114.1	25.93	27	20	0	2	28	224	250	9.5	16.3
Seq7527_245_bp_1_0_0	ENA|EDO47375|EDO47375.1	28.57	14	10	0	8	21	157	170	9.9	14.8
Seq7527_245_bp_1_0_1	ENA|AAA25966|AAA25966.1	62.50	8	3	0	6	13	166	173	4.3	17.0
Seq7527_245_bp_1_0_1	ENA|BAB17681|BAB17681.1	57.14	7	3	0	2	8	169	175	4.9	15.4
Seq7527_245_bp_1_0_1	ENA|ABD33854|ABD33854.1	28.57	7	5	0	7	13	53	59	6	13.0
Seq7527_245_bp_1_0_1	ENA|ABD49687|ABD49687.1	50.00	14	7	0	1	14	723	736	7.4	17.4
Seq7527_245_bp_1_0_1	ENA|AAC26660|AAC26660.1	57.14	7	3	0	1	7	127	133	7.8	14.6
Seq7527_245_bp_1_0_1	ENA|AAC40132|AAC40132.1	33.33	12	8	0	3	14	263	274	8.2	15.4
Seq7527_245_bp_1_0_1	ENA|ABK71357|ABK71357.1	36.36	11	7	0	4	14	210	220	8.5	15.0
Seq7527_245_bp_1_0_1	ENA|ACT10338|ACT10338.1	44.44	9	5	0	6	14	61	69	8.8	15.0
Seq7527_245_bp_1_0_2	ENA|AAB26998|AAB26998.1	44.83	44	16	15	3	34	29	69	0.92	17.5
Seq7527_245_bp_1_0_2	ENA|AAA25966|AAA25966.1	31.43	38	24	3	3	37	526	563	2.2	19.4
Seq7527_245_bp_1_0_2	ENA|CAD53387|CAD53387.1	40.00	15	9	0	1	15	466	480	3.9	18.0
Seq7527_245_bp_1_0_2	ENA|AAA32624|AAA32624.1	45.45	11	6	0	6	16	476	486	4.1	18.0
Seq7527_245_bp_1_0_2	ENA|AAA24145|AAA24145.1	34.48	31	19	2	4	32	208	238	4.3	17.7
Seq7527_245_bp_1_0_2	ENA|CAA29956|CAA29956.1	50.00	22	9	4	4	22	120	140	5.1	17.2
Seq7527_245_bp_1_0_2	ENA|BAA32991|BAA32991.1	35.71	14	9	0	12	25	32	45	5.1	14.7
Seq7527_245_bp_1_0_2	ENA|ABD49687|ABD49687.1	37.50	16	10	0	2	17	1651	1666	5.1	19.4
Seq7527_245_bp_1_0_2	ENA|AAA18786|AAA18786.1	34.62	29	17	3	1	26	240	268	9	15.8
Seq7527_245_bp_1_0_2	ENA|AAI27517|AAI27517.1	28.57	41	25	6	1	35	403	443	9.3	16.9
Seq7527_245_bp_1_0_2	ENA|BAA32018|BAA32018.1	35.29	17	11	0	4	20	45	61	9.8	16.9
Seq7527_245_bp_1_1_0	ENA|CAA36214|CAA36214.1	100.00	81	0	0	1	81	168	248	2e-32	125.7
Seq7527_245_bp_1_1_0	ENA|CAA36214|CAA36214.1	24.66	73	55	0	1	73	69	141	0.0069	27.6
Seq7527_245_bp_1_1_0	ENA|CAA36214|CAA36214.1	27.91	43	31	0	1	43	262	304	0.79	20.8
Seq7527_245_bp_1_1_0	ENA|CAA28033|CAA28033.1	33.33	70	40	10	12	73	386	453	1.9	21.6
Seq7527_245_bp_1_1_0	ENA|ABN10845|ABN10845.1	25.00	72	48	8	4	72	105	171	3.8	18.0
Seq7527_245_bp_1_1_0	ENA|AAR37016|AAR37016.1	34.78	84	45	15	3	80	494	568	4.5	21.2
Seq7527_245_bp_1_1_0	ENA|CAL82360|CAL82360.1	22.86	83	54	13	12	81	62	144	7.2	19.6
Seq7527_245_bp_1_1_0	ENA|BAA36759|BAA36759.1	15.62	65	54	1	6	69	147	211	7.5	17.4
Seq7527_245_bp_1_1_0	ENA|AAA36114|AAA36114.1	33.33	67	38	10	9	69	11	73	7.6	18.2
Seq7527_245_bp_1_2_0	ENA|CAA36214|CAA36214.1	71.43	7	2	0	3	9	267	273	0.12	20.5
Seq7527_245_bp_1_2_0	ENA|BAB79260|BAB79260.1	71.43	7	2	0	2	8	59	65	0.36	19.5
Seq7527_245_bp_1_2_0	ENA|CAA28033|CAA28033.1	55.56	9	4	0	1	9	1090	1098	0.37	21.0
Seq7527_245_bp_1_2_0	ENA|AAC08817|AAC08817.1	55.56	9	4	0	1	9	13	21	0.5	17.4
Seq7527_245_bp_1_2_0	ENA|AAB66912|AAB66912.1	40.00	10	6	0	1	10	467	476	0.53	20.0
Seq7527_245_bp_1_2_0	ENA|AAQ92751|AAQ92751.2	60.00	10	4	0	1	10	613	622	0.78	20.0
Seq7527_245_bp_1_2_0	ENA|AAA36114|AAA36114.1	83.33	6	1	0	5	10	206	211	0.81	18.4
Seq7527_245_bp_1_2_0	ENA|ACH70901|ACH70901.1	50.00	6	3	0	5	10	111	116	2.3	16.4
Seq7527_245_bp_1_2_0	ENA|AAA18786|AAA18786.1	50.00	10	5	0	1	10	134	143	2.4	15.9
Seq7527_245_bp_1_2_0	ENA|CAA29968|CAA29968.1	50.00	8	4	0	2	9	24	31	2.4	15.4
Seq7527_245_bp_1_2_0	ENA|BAA32018|BAA32018.1	77.78	13	2	4	1	9	323	335	2.8	16.9
Seq7527_245_bp_1_2_0	ENA|CAA45199|CAA45199.1	60.00	5	2	0	6	10	373	377	2.9	16.4
Seq7527_245_bp_1_2_0	ENA|CAA29956|CAA29956.1	44.44	9	5	0	2	10	186	194	3.3	15.9
Seq7527_245_bp_1_2_0	ENA|ACT10338|ACT10338.1	80.00	5	1	0	3	7	376	380	3.4	15.9
Seq7527_245_bp_1_2_0	ENA|BAA05866|BAA05866.1	60.00	5	2	0	2	6	180	184	3.8	15.4
Seq7527_245_bp_1_2_0	ENA|AAA24145|AAA24145.1	50.00	6	3	0	2	7	404	409	4	15.9
Seq7527_245_bp_1_2_0	ENA|CCP43727|CCP43727.1	37.50	8	5	0	3	10	236	243	4.1	15.4
Seq7527_245_bp_1_2_0	ENA|AAA36539|AAA36539.1	37.50	8	5	0	1	8	154	161	4.2	15.9
Seq7527_245_bp_1_2_0	ENA|AAB96524|AAB96524.1	66.67	6	2	0	3	8	95	100	4.6	14.4
Seq7527_245_bp_1_2_0	ENA|AAR31603|AAR31603.1	42.86	7	4	0	1	7	200	206	5.7	14.9
Seq7527_245_bp_1_2_0	ENA|AAC40132|AAC40132.1	50.00	8	4	0	1	8	47	54	5.8	15.4
Seq7527_245_bp_1_2_0	ENA|AAC78721|AAC78721.1	37.50	8	5	0	2	9	178	185	5.8	15.9
Seq7527_245_bp_1_2_0	ENA|CAA43419|CAA43419.1	40.00	11	6	1	1	10	188	198	6.3	14.9
Seq7527_245_bp_1_2_0	ENA|CAA73529|CAA73529.1	44.44	9	5	0	1	9	37	45	6.6	14.4
Seq7527_245_bp_1_2_0	ENA|AAR37016|AAR37016.1	40.00	10	6	0	1	10	1896	1905	7.1	17.4
Seq7527_245_bp_1_2_0	ENA|CAL82360|CAL82360.1	33.33	9	6	0	1	9	231	239	7.7	16.4
Seq7527_245_bp_1_2_0	ENA|CAA36714|CAA36714.1	37.50	8	5	0	2	9	455	462	7.9	14.9
Seq7527_245_bp_1_2_0	ENA|CAA24711|CAA24711.1	40.00	14	6	4	1	10	100	113	8.2	13.4
Seq7527_245_bp_1_2_0	ENA|AAA42531|AAA42531.1	30.00	10	7	0	1	10	111	120	9.2	14.4
Seq7527_245_bp_1_2_0	ENA|BAA36759|BAA36759.1	66.67	6	2	0	3	8	46	51	9.6	13.9
Seq7527_245_bp_1_2_0	ENA|AAS77176|AAS77176.1	50.00	10	5	0	1	10	222	231	9.6	13.9
Seq7527_245_bp_1_2_1	ENA|CAA36214|CAA36214.1	38.46	13	8	0	1	13	135	147	0.19	20.4
Seq7527_245_bp_1_2_1	ENA|ABG75784|ABG75784.1	28.57	14	10	0	2	15	209	222	0.51	19.0
Seq7527_245_bp_1_2_1	ENA|AAA25966|AAA25966.1	21.43	14	11	0	1	14	42	55	0.85	19.5
Seq7527_245_bp_1_2_1	ENA|AAA24145|AAA24145.1	35.71	14	9	0	2	15	14	27	2.6	17.2
Seq7527_245_bp_1_2_1	ENA|ABD33854|ABD33854.1	75.00	4	1	0	10	13	55	58	3.4	13.9
Seq7527_245_bp_1_2_1	ENA|ACT10338|ACT10338.1	44.44	9	5	0	7	15	45	53	4.2	16.2
Seq7527_245_bp_1_2_1	ENA|CCP43727|CCP43727.1	23.08	13	10	0	2	14	64	76	4.8	15.8
Seq7527_245_bp_1_2_1	ENA|AAQ92751|AAQ92751.2	40.00	15	9	0	1	15	77	91	5.6	17.6
Seq7527_245_bp_1_2_1	ENA|CAA24711|CAA24711.1	45.45	11	6	0	1	11	156	166	6.6	14.4
Seq7527_245_bp_1_2_1	ENA|CAA45199|CAA45199.1	41.67	12	7	0	4	15	145	156	6.8	15.8
Seq7527_245_bp_1_2_1	ENA|ABK71357|ABK71357.1	25.00	12	9	0	2	13	17	28	7.4	15.3
Seq7527_245_bp_1_2_1	ENA|AAA42531|AAA42531.1	30.77	13	9	0	2	14	82	94	7.7	15.3
Seq7527_245_bp_1_2_1	ENA|AAA36539|AAA36539.1	18.18	11	9	0	2	12	197	207	9.3	15.3
Seq7527_245_bp_1_2_1	ENA|AAB96524|AAB96524.1	27.27	11	8	0	5	15	3	13	9.5	13.9
Seq7527_245_bp_1_2_1	ENA|AAA36114|AAA36114.1	23.08	13	10	0	2	14	115	127	9.9	15.3
Seq7527_245_bp_1_2_2	ENA|BAB79260|BAB79260.1	28.21	42	28	3	3	41	412	453	0.8	20.5
Seq7527_245_bp_1_2_2	ENA|BAA32991|BAA32991.1	46.67	18	8	3	13	27	32	49	2	16.4
Seq7527_245_bp_1_2_2	ENA|CAA29956|CAA29956.1	29.73	49	26	12	9	45	101	149	4.7	17.6
Seq7527_245_bp_1_2_2	ENA|AAB96524|AAB96524.1	21.74	23	18	0	13	35	62	84	6.2	16.2
Seq7527_245_bp_1_2_2	ENA|ABD33854|ABD33854.1	41.67	37	14	13	1	29	33	64	6.7	14.5
Seq7527_245_bp_1_2_2	ENA|ACH70901|ACH70901.1	23.26	46	33	3	1	43	122	167	7.2	16.9
Seq7527_245_bp_1_2_2	ENA|AAB66912|AAB66912.1	27.78	38	26	2	2	37	490	527	8.1	18.1
Seq7527_245_bp_1_2_2	ENA|EDO47375|EDO47375.1	21.05	19	15	0	16	34	115	133	8.5	15.7
Seq7527_245_bp_-1_0_0	ENA|AAI27517|AAI27517.1	40.54	44	22	7	15	51	284	327	0.36	22.5
Seq7527_245_bp_-1_0_0	ENA|AAC49865|AAC49865.1	38.46	70	32	18	1	57	19	83	1.6	19.5
Seq7527_245_bp_-1_0_0	ENA|ACT10338|ACT10338.1	30.00	42	28	2	20	59	52	93	1.6	19.7
Seq7527_245_bp_-1_0_0	ENA|AAC08817|AAC08817.1	36.00	29	16	4	12	36	116	144	1.9	18.1
Seq7527_245_bp_-1_0_0	ENA|ABD33854|ABD33854.1	31.03	32	20	3	15	43	30	61	2.4	16.5
Seq7527_245_bp_-1_0_0	ENA|CAA29968|CAA29968.1	36.11	41	23	5	3	42	113	149	2.8	17.9
Seq7527_245_bp_-1_0_0	ENA|BAA32956|BAA32956.1	24.53	63	40	10	1	56	90	149	4.8	17.2
Seq7527_245_bp_-1_0_0	ENA|ABD49687|ABD49687.1	31.11	53	31	8	3	54	1561	1606	4.9	20.2
Seq7527_245_bp_-1_0_0	ENA|AAA24145|AAA24145.1	36.11	40	23	4	21	57	393	431	5.5	18.1
Seq7527_245_bp_-1_0_0	ENA|AAR31603|AAR31603.1	36.36	41	21	8	23	59	41	77	6.3	17.4
Seq7527_245_bp_-1_0_0	ENA|AAA32624|AAA32624.1	45.16	43	17	12	12	43	245	286	8.4	17.6
Seq7527_245_bp_-1_0_0	ENA|AAC97205|AAC97205.1	26.67	50	33	5	3	49	985	1032	8.8	18.8
Seq7527_245_bp_-1_0_0	ENA|AAC40132|AAC40132.1	33.93	60	37	4	2	59	150	207	8.9	17.4
Seq7527_245_bp_-1_0_0	ENA|CAA26939|CAA26939.1	24.24	34	25	1	1	34	206	238	9	17.6
Seq7527_245_bp_-1_0_0	ENA|CAA26023|CAA26023.1	34.29	39	23	4	13	50	201	236	9.7	16.9
Seq7527_245_bp_-1_0_1	ENA|AAB96524|AAB96524.1	53.33	15	7	0	2	16	58	72	0.0016	26.7
Seq7527_245_bp_-1_0_1	ENA|ABD33854|ABD33854.1	44.44	10	5	1	6	15	44	52	1.5	15.4
Seq7527_245_bp_-1_0_1	ENA|CAA11507|CAA11507.1	56.25	18	7	2	2	17	690	707	1.5	19.8
Seq7527_245_bp_-1_0_1	ENA|CAA73529|CAA73529.1	46.15	13	7	0	2	14	126	138	1.8	17.2
Seq7527_245_bp_-1_0_1	ENA|CAA45199|CAA45199.1	50.00	6	3	0	1	6	363	368	2.3	17.6
Seq7527_245_bp_-1_0_1	ENA|ABD49687|ABD49687.1	60.00	21	6	6	3	17	230	250	2.4	19.4
Seq7527_245_bp_-1_0_1	ENA|AAA36114|AAA36114.1	38.46	13	8	0	5	17	109	121	2.5	17.6
Seq7527_245_bp_-1_0_1	ENA|BAA32956|BAA32956.1	45.45	11	6	0	6	16	100	110	2.9	16.1
Seq7527_245_bp_-1_0_1	ENA|ABG75784|ABG75784.1	41.67	13	7	1	3	14	244	256	4.2	16.1
Seq7527_245_bp_-1_0_1	ENA|AAA25966|AAA25966.1	35.71	14	9	0	4	17	442	455	4.5	17.2
Seq7527_245_bp_-1_0_1	ENA|AAS77176|AAS77176.1	30.77	13	9	0	5	17	155	167	5	15.7
Seq7527_245_bp_-1_0_1	ENA|AAC49865|AAC49865.1	66.67	17	4	5	1	17	67	78	5.6	15.7
Seq7527_245_bp_-1_0_1	ENA|AAA18786|AAA18786.1	23.53	19	13	2	1	17	182	200	5.9	15.4
Seq7527_245_bp_-1_0_1	ENA|AAB26998|AAB26998.1	42.86	16	8	2	2	15	43	58	6.2	13.5
Seq7527_245_bp_-1_0_1	ENA|BAA05866|BAA05866.1	35.71	14	9	0	4	17	230	243	6.8	15.4
Seq7527_245_bp_-1_0_1	ENA|CAA29968|CAA29968.1	46.15	13	7	0	2	14	84	96	7.1	14.6
Seq7527_245_bp_-1_0_1	ENA|BAB79260|BAB79260.1	50.00	8	4	0	6	13	442	449	7.6	15.7
Seq7527_245_bp_-1_0_1	ENA|CAL82360|CAL82360.1	37.50	16	10	0	2	17	192	207	7.8	17.2
Seq7527_245_bp_-1_0_1	ENA|CAA36714|CAA36714.1	50.00	19	8	3	2	17	165	183	7.9	15.7
Seq7527_245_bp_-1_0_1	ENA|ABK71357|ABK71357.1	23.53	17	13	0	1	17	146	162	8.1	15.4
Seq7527_245_bp_-1_0_1	ENA|AAR37016|AAR37016.1	45.45	13	6	2	4	16	242	252	8.6	17.9
Seq7527_245_bp_-1_0_1	ENA|AAB66912|AAB66912.1	57.14	7	3	0	4	10	605	611	9.3	16.5
Seq7527_245_bp_-1_1_0	ENA|ABK71357|ABK71357.1	32.08	64	36	11	14	76	27	80	5.5	18.2
Seq7527_245_bp_-1_1_0	ENA|AAA32624|AAA32624.1	22.73	73	51	7	5	72	397	467	9.6	17.8
Seq7527_245_bp_-1_2_0	ENA|BAA32956|BAA32956.1	31.43	80	48	10	2	77	90	163	0.28	21.7
Seq7527_245_bp_-1_2_0	ENA|AAC26660|AAC26660.1	25.00	75	51	7	9	79	162	233	0.3	21.9
Seq7527_245_bp_-1_2_0	ENA|CCP43727|CCP43727.1	26.09	75	51	6	7	80	243	312	0.71	21.0
Seq7527_245_bp_-1_2_0	ENA|CAL82360|CAL82360.1	30.61	53	34	4	24	74	67	117	1.7	21.7
Seq7527_245_bp_-1_2_0	ENA|AAB66912|AAB66912.1	38.18	65	34	10	10	71	626	683	2	21.0
Seq7527_245_bp_-1_2_0	ENA|BAB17681|BAB17681.1	17.81	82	60	9	1	76	152	230	2	19.2
Seq7527_245_bp_-1_2_0	ENA|CAA36714|CAA36714.1	23.53	73	52	5	3	73	325	394	2.2	19.9
Seq7527_245_bp_-1_2_0	ENA|BAA32018|BAA32018.1	26.03	81	54	8	3	80	230	305	2.9	19.9
Seq7527_245_bp_-1_2_0	ENA|CAA45199|CAA45199.1	26.47	34	25	0	17	50	434	467	3	19.4
Seq7527_245_bp_-1_2_0	ENA|CAA24711|CAA24711.1	25.71	72	52	2	6	76	74	144	3.3	17.9
Seq7527_245_bp_-1_2_0	ENA|ABD49687|ABD49687.1	27.78	60	39	6	4	58	554	612	3.6	21.0
Seq7527_245_bp_-1_2_0	ENA|AAA18786|AAA18786.1	18.06	73	59	1	5	76	111	183	3.7	18.3
Seq7527_245_bp_-1_2_0	ENA|ABG75784|ABG75784.1	36.17	56	30	9	25	76	255	305	3.7	18.5
Seq7527_245_bp_-1_2_0	ENA|CAA26939|CAA26939.1	29.23	75	46	10	10	76	19	91	4.2	19.2
Seq7527_245_bp_-1_2_0	ENA|AAI27517|AAI27517.1	30.30	74	46	8	2	71	5	74	5	19.0
Seq7527_245_bp_-1_2_0	ENA|CAA29956|CAA29956.1	30.77	55	36	3	12	66	141	192	5.1	18.3
Seq7527_245_bp_-1_2_0	ENA|CAB75732|CAB75732.1	26.32	63	42	6	3	61	394	454	7.1	19.4
Seq7527_245_bp_-1_2_0	ENA|AAA42531|AAA42531.1	34.29	88	46	18	3	72	75	162	7.1	17.9
Seq7527_245_bp_-1_2_0	ENA|AAB03707|AAB03707.1	27.78	59	39	5	14	70	1335	1390	7.2	19.7
Seq7527_245_bp_-1_2_0	ENA|AAC40132|AAC40132.1	27.91	45	31	2	2	45	435	478	8.6	17.9
Seq7527_245_bp_-1_2_0	ENA|AAQ92751|AAQ92751.2	29.03	78	44	16	8	75	1257	1328	9.6	19.2
Seq7527_245_bp_-1_2_0	ENA|ABN10845|ABN10845.1	20.59	72	54	4	7	78	65	132	9.9	16.5
