Seq10020_640_bp_1_0_0	ENA|CAA29968|CAA29968.1	35.00	20	13	0	3	22	171	190	0.97	18.6
Seq10020_640_bp_1_0_0	ENA|AAC49865|AAC49865.1	42.86	14	8	0	9	22	92	105	2.8	17.8
Seq10020_640_bp_1_0_0	ENA|CAA43419|CAA43419.1	26.09	25	17	2	8	30	195	219	5.2	17.0
Seq10020_640_bp_1_0_0	ENA|BAA32018|BAA32018.1	50.00	15	7	1	1	15	289	302	6.7	17.4
Seq10020_640_bp_1_0_0	ENA|AAA25966|AAA25966.1	25.81	33	23	2	3	35	568	598	7.7	17.4
Seq10020_640_bp_1_0_0	ENA|AAB03707|AAB03707.1	27.27	33	24	0	2	34	1208	1240	8.4	18.2
Seq10020_640_bp_1_0_0	ENA|AAA36114|AAA36114.1	40.00	15	9	0	21	35	119	133	9.2	16.6
Seq10020_640_bp_1_0_0	ENA|CAA24711|CAA24711.1	18.18	11	9	0	6	16	149	159	9.2	15.1
Seq10020_640_bp_1_0_1	ENA|ACT10338|ACT10338.1	71.43	7	2	0	7	13	12	18	0.43	19.4
Seq10020_640_bp_1_0_1	ENA|CAD53387|CAD53387.1	50.00	8	4	0	6	13	1	8	0.56	19.4
Seq10020_640_bp_1_0_1	ENA|CAD53387|CAD53387.1	50.00	10	5	0	4	13	65	74	0.56	19.4
Seq10020_640_bp_1_0_1	ENA|CAD53387|CAD53387.1	50.00	10	5	0	4	13	131	140	0.56	19.4
Seq10020_640_bp_1_0_1	ENA|CAD53387|CAD53387.1	50.00	10	5	0	4	13	197	206	0.56	19.4
Seq10020_640_bp_1_0_1	ENA|CAD53387|CAD53387.1	50.00	10	5	0	4	13	263	272	0.56	19.4
Seq10020_640_bp_1_0_1	ENA|CAD53387|CAD53387.1	50.00	10	5	0	4	13	329	338	0.56	19.4
Seq10020_640_bp_1_0_1	ENA|CAD53387|CAD53387.1	50.00	10	5	0	4	13	395	404	0.56	19.4
Seq10020_640_bp_1_0_1	ENA|BAA05866|BAA05866.1	44.44	9	5	0	3	11	256	264	1.2	17.6
Seq10020_640_bp_1_0_1	ENA|CAA29968|CAA29968.1	30.77	13	9	0	1	13	126	138	2.5	15.8
Seq10020_640_bp_1_0_1	ENA|BAB79260|BAB79260.1	33.33	12	8	0	1	12	117	128	2.6	17.0
Seq10020_640_bp_1_0_1	ENA|AAR37016|AAR37016.1	50.00	8	4	0	3	10	161	168	2.6	19.4
Seq10020_640_bp_1_0_1	ENA|AAA36539|AAA36539.1	62.50	8	3	0	1	8	47	54	4	16.4
Seq10020_640_bp_1_0_1	ENA|AAC08817|AAC08817.1	30.00	10	7	0	4	13	140	149	4.5	14.6
Seq10020_640_bp_1_0_1	ENA|CAL82360|CAL82360.1	30.00	10	7	0	2	11	695	704	4.7	17.6
Seq10020_640_bp_1_0_1	ENA|AAI27517|AAI27517.1	30.00	10	7	0	3	12	105	114	4.9	16.4
Seq10020_640_bp_1_0_1	ENA|BAA32956|BAA32956.1	30.00	10	7	0	4	13	191	200	6	14.6
Seq10020_640_bp_1_0_1	ENA|AAR31603|AAR31603.1	41.67	12	7	0	2	13	188	199	6.2	15.2
Seq10020_640_bp_1_0_1	ENA|ABK71357|ABK71357.1	41.67	12	7	0	2	13	37	48	6.9	15.2
Seq10020_640_bp_1_0_1	ENA|CAA26023|CAA26023.1	20.00	10	8	0	3	12	198	207	7.1	15.2
Seq10020_640_bp_1_0_1	ENA|BAA32018|BAA32018.1	60.00	5	2	0	9	13	27	31	7.7	15.8
Seq10020_640_bp_1_0_1	ENA|AAF79734|AAF79734.1	66.67	6	2	0	6	11	417	422	7.8	17.0
Seq10020_640_bp_1_0_1	ENA|BAA36759|BAA36759.1	37.50	8	5	0	6	13	146	153	8	14.6
Seq10020_640_bp_1_0_1	ENA|CAA36714|CAA36714.1	42.86	7	4	0	6	12	21	27	8.6	15.2
Seq10020_640_bp_1_0_1	ENA|AAA25966|AAA25966.1	25.00	12	9	0	1	12	365	376	8.8	15.8
Seq10020_640_bp_1_0_1	ENA|AAC97205|AAC97205.1	44.44	9	5	0	1	9	560	568	9.8	16.4
Seq10020_640_bp_1_0_2	ENA|ABD49687|ABD49687.1	28.57	28	20	0	10	37	796	823	0.4	23.2
Seq10020_640_bp_1_0_2	ENA|AAB66912|AAB66912.1	33.33	18	12	0	7	24	304	321	0.46	22.1
Seq10020_640_bp_1_0_2	ENA|BAB79260|BAB79260.1	26.09	23	17	0	16	38	431	453	0.6	20.6
Seq10020_640_bp_1_0_2	ENA|CAA45199|CAA45199.1	39.13	30	14	7	2	25	366	394	1.7	19.2
Seq10020_640_bp_1_0_2	ENA|ABN10845|ABN10845.1	26.32	21	14	2	15	33	57	77	3.4	17.0
Seq10020_640_bp_1_0_2	ENA|CAA11507|CAA11507.1	21.43	31	22	3	1	28	541	571	4.7	19.2
Seq10020_640_bp_1_0_2	ENA|ABD33854|ABD33854.1	50.00	4	2	0	4	7	44	47	5.7	14.5
Seq10020_640_bp_1_0_2	ENA|CAA28033|CAA28033.1	38.10	23	13	2	18	38	386	408	5.8	18.8
Seq10020_640_bp_1_0_2	ENA|AAS77176|AAS77176.1	29.17	29	17	5	2	30	146	169	7.3	16.3
Seq10020_640_bp_1_0_2	ENA|AAQ92751|AAQ92751.2	9.68	31	28	0	8	38	216	246	7.7	18.5
Seq10020_640_bp_1_0_2	ENA|AAA25966|AAA25966.1	36.36	28	14	6	3	27	217	241	8.5	17.4
Seq10020_640_bp_1_0_2	ENA|BAA32956|BAA32956.1	29.41	19	12	2	4	22	154	170	8.6	15.6
Seq10020_640_bp_1_0_2	ENA|BAA32018|BAA32018.1	30.77	13	9	0	21	33	543	555	9.3	17.0
Seq10020_640_bp_1_0_2	ENA|AAR37016|AAR37016.1	31.25	17	11	1	12	28	1559	1574	10	18.8
Seq10020_640_bp_1_0_3	ENA|CAA73529|CAA73529.1	66.67	8	2	2	2	9	36	41	0.59	18.4
Seq10020_640_bp_1_0_3	ENA|AAB03707|AAB03707.1	36.36	11	7	0	2	12	1346	1356	0.87	20.2
Seq10020_640_bp_1_0_3	ENA|AAC97205|AAC97205.1	40.00	11	6	1	1	11	182	191	1.4	19.3
Seq10020_640_bp_1_0_3	ENA|ABD49687|ABD49687.1	80.00	5	1	0	4	8	965	969	1.5	19.7
Seq10020_640_bp_1_0_3	ENA|AAA36539|AAA36539.1	25.00	14	9	2	2	13	405	418	1.9	17.5
Seq10020_640_bp_1_0_3	ENA|BAA32956|BAA32956.1	50.00	8	4	0	6	13	26	33	2.1	16.2
Seq10020_640_bp_1_0_3	ENA|AAA25966|AAA25966.1	50.00	6	3	0	7	12	284	289	2.1	18.0
Seq10020_640_bp_1_0_3	ENA|ABN10845|ABN10845.1	33.33	6	4	0	3	8	49	54	2.1	16.2
Seq10020_640_bp_1_0_3	ENA|AAB26998|AAB26998.1	60.00	5	2	0	4	8	43	47	2.6	14.4
Seq10020_640_bp_1_0_3	ENA|AAB66912|AAB66912.1	41.67	12	7	0	1	12	76	87	2.7	18.0
Seq10020_640_bp_1_0_3	ENA|AAR37016|AAR37016.1	50.00	6	3	0	4	9	1891	1896	3.6	18.8
Seq10020_640_bp_1_0_3	ENA|BAB79260|BAB79260.1	66.67	6	2	0	2	7	438	443	4.3	16.2
Seq10020_640_bp_1_0_3	ENA|ABK71357|ABK71357.1	38.46	15	8	2	1	13	167	181	4.8	15.8
Seq10020_640_bp_1_0_3	ENA|AAR31603|AAR31603.1	42.86	7	4	0	6	12	141	147	5.7	15.3
Seq10020_640_bp_1_0_3	ENA|AAB96524|AAB96524.1	60.00	5	2	0	8	12	62	66	6	14.4
Seq10020_640_bp_1_0_3	ENA|CAA36714|CAA36714.1	33.33	6	4	0	3	8	374	379	6	15.8
Seq10020_640_bp_1_0_3	ENA|AAC78721|AAC78721.1	50.00	6	3	0	2	7	187	192	6.3	16.2
Seq10020_640_bp_1_0_3	ENA|BAB17681|BAB17681.1	50.00	4	2	0	6	9	77	80	6.4	14.9
Seq10020_640_bp_1_0_3	ENA|CAA11507|CAA11507.1	100.00	4	0	0	4	7	190	193	9.2	16.6
Seq10020_640_bp_1_0_3	ENA|AAA72732|AAA72732.1	75.00	4	1	0	4	7	111	114	9.7	14.4
Seq10020_640_bp_1_0_4	ENA|AAC26660|AAC26660.1	31.58	21	13	2	1	19	218	238	0.5	19.2
Seq10020_640_bp_1_0_4	ENA|CAA36214|CAA36214.1	53.85	16	6	3	2	14	274	289	2	17.4
Seq10020_640_bp_1_0_4	ENA|AAS77176|AAS77176.1	35.29	21	11	4	1	17	105	125	3.1	16.7
Seq10020_640_bp_1_0_4	ENA|AAA36539|AAA36539.1	26.32	19	14	0	2	20	228	246	3.1	17.4
Seq10020_640_bp_1_0_4	ENA|CAA26023|CAA26023.1	33.33	12	8	0	8	19	174	185	3.2	17.0
Seq10020_640_bp_1_0_4	ENA|AAR31603|AAR31603.1	27.78	19	13	1	1	19	125	142	3.5	16.7
Seq10020_640_bp_1_0_4	ENA|CAA45199|CAA45199.1	30.00	10	7	0	11	20	100	109	3.9	17.0
Seq10020_640_bp_1_0_4	ENA|EDO47375|EDO47375.1	33.33	9	6	0	12	20	36	44	5.3	15.3
Seq10020_640_bp_1_0_4	ENA|ABN10845|ABN10845.1	13.33	16	13	1	1	16	36	50	6	15.3
Seq10020_640_bp_1_0_4	ENA|CAA28033|CAA28033.1	38.46	15	8	2	2	14	1188	1202	8.1	17.4
Seq10020_640_bp_1_0_4	ENA|AAA36114|AAA36114.1	46.15	13	7	0	7	19	502	514	8.5	16.0
Seq10020_640_bp_1_0_5	ENA|CCP43727|CCP43727.1	35.48	32	20	1	5	35	141	172	0.01	26.1
Seq10020_640_bp_1_0_5	ENA|CCP43727|CCP43727.1	40.00	21	12	1	20	39	117	137	0.055	23.7
Seq10020_640_bp_1_0_5	ENA|CCP43727|CCP43727.1	28.12	33	23	1	4	35	196	228	0.28	21.3
Seq10020_640_bp_1_0_5	ENA|CCP43727|CCP43727.1	18.75	32	26	0	2	33	235	266	0.28	21.3
Seq10020_640_bp_1_0_5	ENA|AAA25966|AAA25966.1	14.29	36	30	1	3	38	184	218	0.32	22.3
Seq10020_640_bp_1_0_5	ENA|CAA26023|CAA26023.1	10.71	28	25	0	2	29	305	332	0.46	20.8
Seq10020_640_bp_1_0_5	ENA|AAC17860|AAC17860.1	22.22	27	21	0	6	32	209	235	0.5	20.8
Seq10020_640_bp_1_0_5	ENA|ABG75784|ABG75784.1	27.27	23	16	1	17	39	67	88	0.52	20.3
Seq10020_640_bp_1_0_5	ENA|AAC49865|AAC49865.1	44.44	18	10	0	5	22	99	116	0.55	20.3
Seq10020_640_bp_1_0_5	ENA|AAC08817|AAC08817.1	25.93	27	20	0	4	30	40	66	0.7	18.9
Seq10020_640_bp_1_0_5	ENA|AAI27517|AAI27517.1	23.53	37	26	3	6	39	382	418	0.71	20.8
Seq10020_640_bp_1_0_5	ENA|CAB75732|CAB75732.1	18.92	37	30	0	1	37	673	709	0.72	21.8
Seq10020_640_bp_1_0_5	ENA|ABD49687|ABD49687.1	22.73	23	17	1	17	39	564	585	0.76	22.3
Seq10020_640_bp_1_0_5	ENA|CAL82360|CAL82360.1	38.89	18	11	0	19	36	195	212	1.1	21.3
Seq10020_640_bp_1_0_5	ENA|CAA36214|CAA36214.1	21.88	32	25	0	5	36	76	107	1.4	18.9
Seq10020_640_bp_1_0_5	ENA|AAR37016|AAR37016.1	28.57	14	10	0	26	39	949	962	1.5	21.8
Seq10020_640_bp_1_0_5	ENA|CAA24711|CAA24711.1	32.14	28	19	0	6	33	29	56	1.5	18.0
Seq10020_640_bp_1_0_5	ENA|ACH70901|ACH70901.1	19.05	21	17	0	14	34	110	130	1.6	18.9
Seq10020_640_bp_1_0_5	ENA|CAD53387|CAD53387.1	21.43	28	22	0	12	39	451	478	1.6	19.4
Seq10020_640_bp_1_0_5	ENA|AAA36114|AAA36114.1	29.17	24	17	0	14	37	303	326	1.6	19.4
Seq10020_640_bp_1_0_5	ENA|CAA43419|CAA43419.1	54.55	11	5	0	2	12	195	205	1.6	18.9
Seq10020_640_bp_1_0_5	ENA|CAA45199|CAA45199.1	27.27	22	16	0	1	22	38	59	2.1	18.9
Seq10020_640_bp_1_0_5	ENA|CAA11507|CAA11507.1	50.00	8	4	0	32	39	210	217	2.2	20.3
Seq10020_640_bp_1_0_5	ENA|AAA42531|AAA42531.1	13.64	22	19	0	17	38	370	391	2.4	18.4
Seq10020_640_bp_1_0_5	ENA|AAC97205|AAC97205.1	19.35	31	25	0	2	32	1197	1227	2.8	19.9
Seq10020_640_bp_1_0_5	ENA|AAA36539|AAA36539.1	31.58	19	13	0	9	27	123	141	2.9	18.4
Seq10020_640_bp_1_0_5	ENA|AAQ92751|AAQ92751.2	27.59	30	21	1	1	29	389	418	3.1	19.9
Seq10020_640_bp_1_0_5	ENA|ABK71357|ABK71357.1	35.29	17	11	0	22	38	125	141	3.2	18.0
Seq10020_640_bp_1_0_5	ENA|BAA32956|BAA32956.1	100.00	3	0	0	37	39	25	27	3.4	17.0
Seq10020_640_bp_1_0_5	ENA|BAB79260|BAB79260.1	71.43	7	2	0	28	34	183	189	3.8	18.0
Seq10020_640_bp_1_0_5	ENA|CAA28033|CAA28033.1	50.00	8	4	0	31	38	984	991	4.1	19.4
Seq10020_640_bp_1_0_5	ENA|CAA29956|CAA29956.1	33.33	21	14	0	14	34	27	47	4.4	17.5
Seq10020_640_bp_1_0_5	ENA|CAA45708|CAA45708.1	34.21	45	25	7	2	39	259	303	4.8	19.4
Seq10020_640_bp_1_0_5	ENA|CAA26939|CAA26939.1	42.86	7	4	0	32	38	21	27	4.8	18.0
Seq10020_640_bp_1_0_5	ENA|AAC78721|AAC78721.1	26.92	26	19	0	13	38	551	576	5.6	18.0
Seq10020_640_bp_1_0_5	ENA|AAA32624|AAA32624.1	42.86	7	4	0	32	38	471	477	6	17.5
Seq10020_640_bp_1_0_5	ENA|ACT10338|ACT10338.1	38.46	13	8	0	26	38	358	370	6.2	17.0
Seq10020_640_bp_1_0_5	ENA|BAA36759|BAA36759.1	22.58	31	24	0	2	32	224	254	6.4	16.5
Seq10020_640_bp_1_0_5	ENA|CAA36714|CAA36714.1	40.00	10	6	0	30	39	104	113	7.4	17.0
Seq10020_640_bp_1_0_5	ENA|BAA32991|BAA32991.1	66.67	3	1	0	36	38	26	28	7.8	14.2
Seq10020_640_bp_1_0_5	ENA|BAA05866|BAA05866.1	18.75	32	26	0	1	32	19	50	9.2	16.1
Seq10020_640_bp_1_0_5	ENA|AAR31603|AAR31603.1	20.83	24	19	0	4	27	281	304	9.8	16.1
Seq10020_640_bp_1_1_0	ENA|CAA45199|CAA45199.1	50.00	10	5	0	5	14	364	373	0.69	19.2
Seq10020_640_bp_1_1_0	ENA|ACH70901|ACH70901.1	44.44	9	5	0	4	12	243	251	0.74	18.7
Seq10020_640_bp_1_1_0	ENA|AAI27517|AAI27517.1	33.33	9	6	0	4	12	258	266	1.7	18.2
Seq10020_640_bp_1_1_0	ENA|CCP43727|CCP43727.1	23.08	13	10	0	2	14	319	331	1.9	17.2
Seq10020_640_bp_1_1_0	ENA|AAC26660|AAC26660.1	27.27	11	8	0	2	12	37	47	2.1	16.7
Seq10020_640_bp_1_1_0	ENA|AAA32624|AAA32624.1	57.14	7	3	0	4	10	169	175	2.1	17.7
Seq10020_640_bp_1_1_0	ENA|CAA45708|CAA45708.1	25.00	12	9	0	4	15	1509	1520	4.3	18.2
Seq10020_640_bp_1_1_0	ENA|BAB17681|BAB17681.1	30.00	10	7	0	5	14	128	137	4.3	15.7
Seq10020_640_bp_1_1_0	ENA|ABN10845|ABN10845.1	36.36	11	7	0	2	12	155	165	4.8	15.2
Seq10020_640_bp_1_1_0	ENA|AAC97205|AAC97205.1	33.33	9	6	0	5	13	602	610	4.9	17.7
Seq10020_640_bp_1_1_0	ENA|BAB79260|BAB79260.1	16.67	12	10	0	2	13	1	12	7	15.7
Seq10020_640_bp_1_1_0	ENA|CAA36714|CAA36714.1	30.00	10	7	0	3	12	318	327	7.2	15.7
Seq10020_640_bp_1_1_0	ENA|AAB03707|AAB03707.1	28.57	14	10	0	2	15	1110	1123	7.5	17.2
Seq10020_640_bp_1_1_0	ENA|ABD33854|ABD33854.1	22.22	9	7	0	1	9	18	26	7.7	12.7
Seq10020_640_bp_1_1_0	ENA|BAA05866|BAA05866.1	30.77	13	9	0	2	14	18	30	9.3	14.7
Seq10020_640_bp_1_1_0	ENA|CAL82360|CAL82360.1	28.57	15	10	1	1	14	818	832	9.7	16.7
Seq10020_640_bp_1_1_1	ENA|BAB17681|BAB17681.1	47.83	28	12	5	1	24	145	171	0.31	21.1
Seq10020_640_bp_1_1_1	ENA|BAA05866|BAA05866.1	26.92	27	19	1	17	42	214	240	0.45	20.7
Seq10020_640_bp_1_1_1	ENA|AAC17860|AAC17860.1	27.27	35	24	2	11	44	109	142	0.6	20.7
Seq10020_640_bp_1_1_1	ENA|AAF79734|AAF79734.1	26.32	38	28	0	7	44	466	503	1.3	21.5
Seq10020_640_bp_1_1_1	ENA|ABG75784|ABG75784.1	8.57	35	32	0	10	44	202	236	1.6	18.9
Seq10020_640_bp_1_1_1	ENA|AAI27517|AAI27517.1	22.86	35	27	0	3	37	185	219	1.8	19.6
Seq10020_640_bp_1_1_1	ENA|ACT10338|ACT10338.1	50.00	14	7	0	29	42	186	199	3.3	18.1
Seq10020_640_bp_1_1_1	ENA|ABD33854|ABD33854.1	21.88	33	25	1	10	42	12	43	4.2	15.2
Seq10020_640_bp_1_1_1	ENA|ACH70901|ACH70901.1	40.91	24	13	2	20	42	8	30	5.1	17.4
Seq10020_640_bp_1_1_1	ENA|AAR37016|AAR37016.1	58.33	12	5	0	17	28	1581	1592	5.5	20.0
Seq10020_640_bp_1_1_1	ENA|CAA36714|CAA36714.1	16.67	24	20	0	15	38	125	148	6.5	17.4
Seq10020_640_bp_1_1_1	ENA|AAC40132|AAC40132.1	25.00	16	12	0	2	17	124	139	6.6	17.4
Seq10020_640_bp_1_1_1	ENA|AAS77176|AAS77176.1	18.52	27	22	0	11	37	189	215	6.7	16.6
Seq10020_640_bp_1_1_2	ENA|ABN10845|ABN10845.1	22.00	58	39	8	5	57	26	80	0.92	19.7
Seq10020_640_bp_1_1_2	ENA|AAA72732|AAA72732.1	26.92	29	19	3	6	31	13	41	3	18.5
Seq10020_640_bp_1_1_2	ENA|AAA42531|AAA42531.1	31.82	25	15	3	20	41	117	141	3.7	18.5
Seq10020_640_bp_1_1_2	ENA|AAA18786|AAA18786.1	40.00	15	9	0	9	23	4	18	3.9	17.9
Seq10020_640_bp_1_1_2	ENA|AAB26998|AAB26998.1	57.14	7	3	0	22	28	41	47	5	15.7
Seq10020_640_bp_1_1_2	ENA|ABD33854|ABD33854.1	45.45	11	6	0	5	15	6	16	5	15.4
Seq10020_640_bp_1_1_2	ENA|AAB66912|AAB66912.1	25.64	40	29	1	10	48	70	109	7.1	18.8
Seq10020_640_bp_1_1_2	ENA|AAC78721|AAC78721.1	23.33	30	23	0	34	63	476	505	7.7	18.2
Seq10020_640_bp_1_1_2	ENA|CAA26023|CAA26023.1	21.88	37	25	5	10	43	134	168	8.2	17.3
Seq10020_640_bp_1_1_2	ENA|ABG75784|ABG75784.1	25.00	29	21	1	28	56	170	197	8.3	16.9
Seq10020_640_bp_1_1_2	ENA|AAA36114|AAA36114.1	34.15	44	27	3	10	53	156	196	8.8	17.6
Seq10020_640_bp_1_1_2	ENA|AAC97205|AAC97205.1	29.63	34	19	7	1	28	726	758	9.2	18.8
Seq10020_640_bp_1_1_3	ENA|CAA36714|CAA36714.1	33.33	12	8	0	2	13	446	457	0.017	24.9
Seq10020_640_bp_1_1_3	ENA|CAL82360|CAL82360.1	55.56	9	4	0	7	15	113	121	0.032	25.4
Seq10020_640_bp_1_1_3	ENA|CCP43727|CCP43727.1	44.44	9	5	0	11	19	137	145	0.05	22.8
Seq10020_640_bp_1_1_3	ENA|AAQ92751|AAQ92751.2	46.15	14	7	1	6	19	543	555	0.3	22.3
Seq10020_640_bp_1_1_3	ENA|AAA25966|AAA25966.1	25.00	8	6	0	10	17	127	134	0.32	21.2
Seq10020_640_bp_1_1_3	ENA|ACT10338|ACT10338.1	30.00	10	7	0	7	16	114	123	0.36	20.2
Seq10020_640_bp_1_1_3	ENA|ACH70901|ACH70901.1	37.50	17	10	1	3	19	305	320	0.48	19.6
Seq10020_640_bp_1_1_3	ENA|ABD33854|ABD33854.1	50.00	14	6	2	1	14	35	46	0.52	17.0
Seq10020_640_bp_1_1_3	ENA|CAA45199|CAA45199.1	40.00	10	6	0	3	12	376	385	0.62	19.6
Seq10020_640_bp_1_1_3	ENA|AAR31603|AAR31603.1	33.33	12	8	0	4	15	48	59	0.62	19.1
Seq10020_640_bp_1_1_3	ENA|AAC26660|AAC26660.1	55.56	9	4	0	1	9	56	64	1	18.1
Seq10020_640_bp_1_1_3	ENA|AAI27517|AAI27517.1	71.43	7	2	0	2	8	106	112	1.1	19.1
Seq10020_640_bp_1_1_3	ENA|CAA29956|CAA29956.1	25.00	12	9	0	5	16	1	12	1.5	18.1
Seq10020_640_bp_1_1_3	ENA|CAA26023|CAA26023.1	71.43	7	2	0	2	8	336	342	1.5	18.1
Seq10020_640_bp_1_1_3	ENA|AAB26998|AAB26998.1	33.33	6	4	0	9	14	11	16	1.9	15.5
Seq10020_640_bp_1_1_3	ENA|ABD49687|ABD49687.1	33.33	17	10	2	3	19	577	591	2.2	19.6
Seq10020_640_bp_1_1_3	ENA|BAA32956|BAA32956.1	30.00	10	7	0	5	14	84	93	2.4	16.5
Seq10020_640_bp_1_1_3	ENA|AAC08817|AAC08817.1	37.50	8	5	0	5	12	77	84	2.6	16.0
Seq10020_640_bp_1_1_3	ENA|CAA43419|CAA43419.1	63.64	13	4	2	6	18	323	333	2.9	17.0
Seq10020_640_bp_1_1_3	ENA|ABK71357|ABK71357.1	55.56	9	4	0	9	17	173	181	2.9	17.0
Seq10020_640_bp_1_1_3	ENA|BAA05866|BAA05866.1	33.33	6	4	0	9	14	229	234	3.5	16.5
Seq10020_640_bp_1_1_3	ENA|AAF79734|AAF79734.1	36.36	11	7	0	4	14	813	823	3.9	18.6
Seq10020_640_bp_1_1_3	ENA|AAA32624|AAA32624.1	46.15	16	7	3	4	19	392	404	4.1	17.0
Seq10020_640_bp_1_1_3	ENA|AAR37016|AAR37016.1	40.00	15	9	0	3	17	2211	2225	4.3	19.1
Seq10020_640_bp_1_1_3	ENA|CAA26939|CAA26939.1	25.00	12	9	0	5	16	365	376	4.5	17.0
Seq10020_640_bp_1_1_3	ENA|CAA11507|CAA11507.1	33.33	15	10	0	5	19	246	260	5.1	18.1
Seq10020_640_bp_1_1_3	ENA|AAC78721|AAC78721.1	28.57	7	5	0	11	17	242	248	5.2	17.0
Seq10020_640_bp_1_1_3	ENA|CAB75732|CAB75732.1	62.50	9	3	1	11	18	722	730	6.2	17.6
Seq10020_640_bp_1_1_3	ENA|AAB66912|AAB66912.1	33.33	12	8	0	5	16	399	410	7.1	17.0
Seq10020_640_bp_1_1_3	ENA|AAA36539|AAA36539.1	55.56	9	4	0	7	15	328	336	7.5	16.0
Seq10020_640_bp_1_1_3	ENA|CAA24711|CAA24711.1	40.00	11	6	1	9	18	19	29	8	14.4
Seq10020_640_bp_1_1_3	ENA|BAB17681|BAB17681.1	33.33	9	6	0	5	13	180	188	8.7	14.9
Seq10020_640_bp_1_1_3	ENA|AAS77176|AAS77176.1	50.00	8	4	0	11	18	147	154	9.2	14.9
Seq10020_640_bp_1_1_3	ENA|CAA36214|CAA36214.1	60.00	11	4	1	1	11	178	187	9.6	14.9
Seq10020_640_bp_1_1_3	ENA|ABN10845|ABN10845.1	31.25	16	11	0	3	18	131	146	9.9	14.4
Seq10020_640_bp_1_1_3	ENA|AAA72732|AAA72732.1	42.86	7	4	0	4	10	308	314	9.9	14.9
Seq10020_640_bp_1_2_0	ENA|CAA43419|CAA43419.1	60.00	10	4	0	1	10	37	46	0.87	18.1
Seq10020_640_bp_1_2_0	ENA|CAA26939|CAA26939.1	41.67	12	7	0	1	12	164	175	0.91	18.7
Seq10020_640_bp_1_2_0	ENA|BAA32018|BAA32018.1	55.56	9	4	0	3	11	213	221	1.5	18.1
Seq10020_640_bp_1_2_0	ENA|AAS77176|AAS77176.1	33.33	12	8	0	1	12	202	213	1.5	17.0
Seq10020_640_bp_1_2_0	ENA|ABK71357|ABK71357.1	33.33	9	6	0	1	9	253	261	2.8	16.5
Seq10020_640_bp_1_2_0	ENA|AAA36539|AAA36539.1	44.44	9	5	0	1	9	380	388	3.5	16.5
Seq10020_640_bp_1_2_0	ENA|CAD53387|CAD53387.1	50.00	8	4	0	2	9	460	467	3.7	16.5
Seq10020_640_bp_1_2_0	ENA|AAA18786|AAA18786.1	44.44	9	5	0	3	11	74	82	4.2	15.3
Seq10020_640_bp_1_2_0	ENA|AAR31603|AAR31603.1	18.18	11	9	0	1	11	297	307	5.2	15.3
Seq10020_640_bp_1_2_0	ENA|ACH70901|ACH70901.1	71.43	7	2	0	6	12	69	75	5.7	15.3
Seq10020_640_bp_1_2_0	ENA|AAA24145|AAA24145.1	37.50	8	5	0	5	12	205	212	7.1	15.3
Seq10020_640_bp_1_2_0	ENA|CAA11507|CAA11507.1	27.27	11	8	0	1	11	614	624	9.5	16.5
Seq10020_640_bp_1_2_1	ENA|BAA36759|BAA36759.1	31.58	21	13	2	1	19	17	37	0.47	19.4
Seq10020_640_bp_1_2_1	ENA|AAA72732|AAA72732.1	77.78	10	2	1	1	9	225	234	0.51	19.4
Seq10020_640_bp_1_2_1	ENA|AAI27517|AAI27517.1	35.71	14	9	0	1	14	540	553	0.7	19.8
Seq10020_640_bp_1_2_1	ENA|AAC17860|AAC17860.1	22.22	18	14	0	1	18	168	185	1.2	18.5
Seq10020_640_bp_1_2_1	ENA|AAC49865|AAC49865.1	29.41	17	12	0	3	19	307	323	1.3	18.0
Seq10020_640_bp_1_2_1	ENA|ABK71357|ABK71357.1	23.08	13	10	0	1	13	176	188	2.1	17.6
Seq10020_640_bp_1_2_1	ENA|AAA25966|AAA25966.1	22.22	19	14	1	1	18	410	428	2.2	18.5
Seq10020_640_bp_1_2_1	ENA|ABD49687|ABD49687.1	27.78	18	13	0	2	19	297	314	2.7	19.4
Seq10020_640_bp_1_2_1	ENA|AAB26998|AAB26998.1	37.50	8	5	0	1	8	47	54	2.8	14.9
Seq10020_640_bp_1_2_1	ENA|CAA29956|CAA29956.1	22.22	21	14	3	1	18	284	304	2.8	17.1
Seq10020_640_bp_1_2_1	ENA|ACT10338|ACT10338.1	66.67	6	2	0	1	6	119	124	2.9	17.1
Seq10020_640_bp_1_2_1	ENA|AAQ92751|AAQ92751.2	27.27	11	8	0	1	11	1201	1211	5.5	18.0
Seq10020_640_bp_1_2_1	ENA|CAA36714|CAA36714.1	27.78	19	13	1	1	18	397	415	6.3	16.2
Seq10020_640_bp_1_2_1	ENA|CAL82360|CAL82360.1	38.89	19	11	1	2	19	1201	1219	6.8	17.6
Seq10020_640_bp_1_2_1	ENA|BAA32991|BAA32991.1	57.14	9	3	2	1	7	32	40	8	13.1
Seq10020_640_bp_1_2_1	ENA|BAB79260|BAB79260.1	41.67	12	7	0	7	18	55	66	8.2	15.8
Seq10020_640_bp_1_2_1	ENA|AAA24145|AAA24145.1	30.77	13	9	0	1	13	98	110	8.4	15.8
Seq10020_640_bp_1_2_1	ENA|AAB96524|AAB96524.1	44.44	11	5	2	1	9	62	72	8.5	14.4
Seq10020_640_bp_1_2_1	ENA|AAB66912|AAB66912.1	35.29	20	11	3	1	17	312	331	9	16.7
Seq10020_640_bp_1_2_1	ENA|BAA32956|BAA32956.1	37.50	8	5	0	1	8	91	98	9.6	14.4
Seq10020_640_bp_1_2_2	ENA|AAR37016|AAR37016.1	43.48	25	13	2	20	43	2021	2044	0.17	25.7
Seq10020_640_bp_1_2_2	ENA|BAB79260|BAB79260.1	42.86	14	8	0	20	33	442	455	0.79	21.0
Seq10020_640_bp_1_2_2	ENA|AAA32624|AAA32624.1	28.57	28	20	0	15	42	114	141	0.91	21.0
Seq10020_640_bp_1_2_2	ENA|CAL82360|CAL82360.1	28.57	43	30	1	22	64	566	607	1.1	22.1
Seq10020_640_bp_1_2_2	ENA|CAA45708|CAA45708.1	28.57	36	25	1	28	62	667	702	1.6	21.8
Seq10020_640_bp_1_2_2	ENA|AAC49865|AAC49865.1	39.13	27	14	4	8	32	17	41	1.9	19.3
Seq10020_640_bp_1_2_2	ENA|CAA36214|CAA36214.1	27.78	43	26	7	24	63	251	289	2.3	18.9
Seq10020_640_bp_1_2_2	ENA|CAD53387|CAD53387.1	14.29	35	30	0	8	42	465	499	2.3	19.6
Seq10020_640_bp_1_2_2	ENA|ACT10338|ACT10338.1	33.33	21	14	0	46	66	71	91	2.9	18.9
Seq10020_640_bp_1_2_2	ENA|ABN10845|ABN10845.1	27.78	18	13	0	20	37	91	108	3.4	17.9
Seq10020_640_bp_1_2_2	ENA|EDO47375|EDO47375.1	34.29	48	23	13	23	60	72	116	3.7	17.5
Seq10020_640_bp_1_2_2	ENA|AAA25966|AAA25966.1	29.03	34	22	3	20	50	683	716	4.2	19.3
Seq10020_640_bp_1_2_2	ENA|BAA05866|BAA05866.1	46.67	18	8	3	41	58	160	174	4.7	17.9
Seq10020_640_bp_1_2_2	ENA|AAA18786|AAA18786.1	22.86	39	27	4	28	62	114	152	5.2	17.5
Seq10020_640_bp_1_2_2	ENA|AAB66912|AAB66912.1	35.29	61	33	10	4	58	521	577	5.3	19.3
Seq10020_640_bp_1_2_2	ENA|CAA28033|CAA28033.1	30.00	54	35	4	14	65	428	479	5.8	19.6
Seq10020_640_bp_1_2_2	ENA|AAC17860|AAC17860.1	18.92	37	30	0	5	41	151	187	6.2	17.9
Seq10020_640_bp_1_2_2	ENA|AAA36539|AAA36539.1	28.57	22	15	1	22	43	55	75	7.1	17.9
Seq10020_640_bp_1_2_2	ENA|CAA26023|CAA26023.1	23.68	41	29	3	17	56	120	158	7.3	17.5
Seq10020_640_bp_1_2_2	ENA|AAA36114|AAA36114.1	30.77	29	18	3	38	65	20	46	7.6	17.9
Seq10020_640_bp_1_2_2	ENA|AAA72732|AAA72732.1	39.13	26	14	3	37	59	7	32	7.6	17.1
Seq10020_640_bp_1_2_2	ENA|AAA42531|AAA42531.1	30.77	43	27	4	22	60	263	305	9.3	17.1
Seq10020_640_bp_1_2_2	ENA|CCP43727|CCP43727.1	29.41	17	12	0	5	21	121	137	10	16.8
Seq10020_640_bp_1_2_3	ENA|AAS77176|AAS77176.1	63.64	13	4	2	1	13	253	263	3.8	16.1
Seq10020_640_bp_1_2_3	ENA|AAR31603|AAR31603.1	55.56	9	4	0	9	17	65	73	5.7	15.7
Seq10020_640_bp_1_2_4	ENA|ACT10338|ACT10338.1	75.00	8	2	0	4	11	260	267	0.47	19.5
Seq10020_640_bp_1_2_4	ENA|CAA26023|CAA26023.1	54.55	11	5	0	4	14	358	368	0.96	18.4
Seq10020_640_bp_1_2_4	ENA|AAC49865|AAC49865.1	66.67	9	3	0	2	10	273	281	1.2	17.8
Seq10020_640_bp_1_2_4	ENA|CAA43419|CAA43419.1	50.00	10	5	0	1	10	144	153	1.9	17.3
Seq10020_640_bp_1_2_4	ENA|ABN10845|ABN10845.1	46.67	16	8	1	1	15	132	147	2.4	16.2
Seq10020_640_bp_1_2_4	ENA|CCP43727|CCP43727.1	38.46	13	8	0	2	14	108	120	3.6	16.2
Seq10020_640_bp_1_2_4	ENA|ACH70901|ACH70901.1	33.33	15	10	0	1	15	224	238	3.9	16.2
Seq10020_640_bp_1_2_4	ENA|ABK71357|ABK71357.1	46.15	13	7	0	2	14	92	104	4	16.2
Seq10020_640_bp_1_2_4	ENA|AAB96524|AAB96524.1	30.00	10	7	0	1	10	131	140	4.2	15.2
Seq10020_640_bp_1_2_4	ENA|BAA32956|BAA32956.1	30.00	10	7	0	1	10	144	153	4.7	15.2
Seq10020_640_bp_1_2_4	ENA|CAA24711|CAA24711.1	42.86	7	4	0	1	7	75	81	5.6	14.6
Seq10020_640_bp_1_2_4	ENA|CAA36214|CAA36214.1	100.00	5	0	0	9	13	270	274	6.7	15.2
Seq10020_640_bp_1_2_4	ENA|AAB66912|AAB66912.1	57.14	7	3	0	1	7	562	568	6.8	16.8
Seq10020_640_bp_1_2_4	ENA|AAC40132|AAC40132.1	30.00	10	7	0	1	10	108	117	7.2	15.7
Seq10020_640_bp_1_2_4	ENA|CAA45708|CAA45708.1	20.00	15	12	0	1	15	1279	1293	7.6	17.3
Seq10020_640_bp_1_2_4	ENA|AAB26998|AAB26998.1	57.14	7	3	0	5	11	5	11	7.6	13.0
Seq10020_640_bp_1_2_4	ENA|CAA29956|CAA29956.1	30.00	10	7	0	1	10	187	196	8.2	15.2
Seq10020_640_bp_1_2_4	ENA|ABD49687|ABD49687.1	30.77	13	9	0	3	15	1555	1567	8.4	17.3
Seq10020_640_bp_1_2_4	ENA|CAA73529|CAA73529.1	30.00	10	7	0	1	10	57	66	8.6	14.6
Seq10020_640_bp_1_2_4	ENA|AAC97205|AAC97205.1	50.00	10	5	0	1	10	701	710	8.8	16.8
Seq10020_640_bp_1_2_4	ENA|AAC17860|AAC17860.1	14.29	14	12	0	1	14	333	346	8.9	15.2
Seq10020_640_bp_1_2_4	ENA|AAS77176|AAS77176.1	60.00	5	2	0	1	5	139	143	9	14.6
Seq10020_640_bp_1_2_5	ENA|AAA72732|AAA72732.1	55.56	9	4	0	3	11	224	232	0.38	19.5
Seq10020_640_bp_1_2_5	ENA|CAA45199|CAA45199.1	18.75	16	13	0	1	16	408	423	0.8	19.0
Seq10020_640_bp_1_2_5	ENA|AAB96524|AAB96524.1	38.46	14	8	1	1	13	59	72	0.85	17.6
Seq10020_640_bp_1_2_5	ENA|CAA26939|CAA26939.1	27.27	11	8	0	2	12	244	254	0.97	19.0
Seq10020_640_bp_1_2_5	ENA|AAI27517|AAI27517.1	50.00	13	6	1	1	13	537	548	1	19.0
Seq10020_640_bp_1_2_5	ENA|ABG75784|ABG75784.1	23.08	13	10	0	3	15	169	181	1.4	17.6
Seq10020_640_bp_1_2_5	ENA|BAA05866|BAA05866.1	40.00	11	6	1	4	13	232	242	1.9	17.1
Seq10020_640_bp_1_2_5	ENA|ABD49687|ABD49687.1	41.67	12	7	0	4	15	1044	1055	2.1	19.5
Seq10020_640_bp_1_2_5	ENA|AAA32624|AAA32624.1	21.43	14	11	0	2	15	196	209	2.4	17.6
Seq10020_640_bp_1_2_5	ENA|AAA18786|AAA18786.1	21.43	14	11	0	2	15	191	204	4.4	15.7
Seq10020_640_bp_1_2_5	ENA|AAF79734|AAF79734.1	33.33	9	6	0	1	9	865	873	4.6	18.1
Seq10020_640_bp_1_2_5	ENA|AAC17860|AAC17860.1	25.00	13	9	1	4	16	168	179	4.9	16.2
Seq10020_640_bp_1_2_5	ENA|AAR37016|AAR37016.1	28.57	14	10	0	2	15	303	316	5.3	18.6
Seq10020_640_bp_1_2_5	ENA|CAA36714|CAA36714.1	50.00	6	3	0	2	7	276	281	5.5	16.2
Seq10020_640_bp_1_2_5	ENA|CAA29956|CAA29956.1	37.50	8	5	0	4	11	284	291	6.1	15.7
Seq10020_640_bp_1_2_5	ENA|BAB17681|BAB17681.1	33.33	9	6	0	2	10	185	193	6.2	15.2
Seq10020_640_bp_1_2_5	ENA|BAA36759|BAA36759.1	50.00	13	5	3	3	15	16	25	6.5	15.2
Seq10020_640_bp_1_2_5	ENA|AAA36539|AAA36539.1	41.67	16	7	4	3	14	98	113	7.6	15.7
Seq10020_640_bp_1_2_6	ENA|CAA28033|CAA28033.1	50.00	8	4	0	1	8	44	51	1.3	19.7
Seq10020_640_bp_1_2_6	ENA|BAB17681|BAB17681.1	33.33	9	6	0	1	9	111	119	1.9	16.9
Seq10020_640_bp_1_2_6	ENA|AAQ92751|AAQ92751.2	16.67	12	10	0	2	13	754	765	4.9	17.8
Seq10020_640_bp_1_2_6	ENA|AAA32624|AAA32624.1	36.36	11	7	0	1	11	303	313	4.9	16.4
Seq10020_640_bp_1_2_6	ENA|BAA32956|BAA32956.1	40.00	5	3	0	1	5	100	104	5.2	15.0
Seq10020_640_bp_1_2_6	ENA|BAA05866|BAA05866.1	25.00	12	9	0	2	13	86	97	5.5	15.5
Seq10020_640_bp_1_2_6	ENA|CAA26023|CAA26023.1	60.00	5	2	0	1	5	47	51	6.8	15.5
Seq10020_640_bp_1_2_6	ENA|AAB96524|AAB96524.1	18.18	11	9	0	2	12	115	125	8.6	14.1
Seq10020_640_bp_1_2_6	ENA|ACH70901|ACH70901.1	25.00	8	6	0	1	8	103	110	8.7	15.0
Seq10020_640_bp_1_2_6	ENA|AAB03707|AAB03707.1	55.56	9	4	0	4	12	266	274	9.1	16.9
Seq10020_640_bp_1_2_6	ENA|CAA26939|CAA26939.1	15.38	13	11	0	1	13	407	419	9.8	15.5
Seq10020_640_bp_-1_0_0	ENA|ACT10338|ACT10338.1	43.75	16	9	0	1	16	298	313	0.0032	28.0
Seq10020_640_bp_-1_0_0	ENA|AAC08817|AAC08817.1	30.77	26	18	0	6	31	23	48	0.019	24.2
Seq10020_640_bp_-1_0_0	ENA|ABN10845|ABN10845.1	62.50	8	3	0	1	8	23	30	0.16	21.6
Seq10020_640_bp_-1_0_0	ENA|ACH70901|ACH70901.1	29.73	38	26	1	2	38	2	39	0.19	22.0
Seq10020_640_bp_-1_0_0	ENA|AAC78721|AAC78721.1	31.82	26	15	4	1	22	210	235	0.2	22.9
Seq10020_640_bp_-1_0_0	ENA|AAB26998|AAB26998.1	71.43	7	2	0	2	8	2	8	0.34	19.0
Seq10020_640_bp_-1_0_0	ENA|AAI27517|AAI27517.1	25.93	27	20	0	13	39	118	144	0.43	21.6
Seq10020_640_bp_-1_0_0	ENA|BAA36759|BAA36759.1	30.00	21	14	1	2	21	141	161	0.51	20.3
Seq10020_640_bp_-1_0_0	ENA|BAB79260|BAB79260.1	62.50	8	3	0	1	8	201	208	0.59	20.7
Seq10020_640_bp_-1_0_0	ENA|CAA26023|CAA26023.1	24.14	29	22	0	11	39	301	329	0.67	20.3
Seq10020_640_bp_-1_0_0	ENA|CAA11507|CAA11507.1	26.92	28	19	2	1	28	1011	1036	0.73	22.0
Seq10020_640_bp_-1_0_0	ENA|AAA36539|AAA36539.1	44.44	9	5	0	1	9	22	30	1.1	19.9
Seq10020_640_bp_-1_0_0	ENA|AAC97205|AAC97205.1	21.05	19	15	0	5	23	424	442	1.2	21.2
Seq10020_640_bp_-1_0_0	ENA|AAC17860|AAC17860.1	33.33	34	20	4	4	33	365	398	1.3	19.4
Seq10020_640_bp_-1_0_0	ENA|AAB66912|AAB66912.1	36.36	22	14	0	16	37	57	78	1.6	20.3
Seq10020_640_bp_-1_0_0	ENA|AAR37016|AAR37016.1	20.00	35	28	0	1	35	186	220	1.7	21.6
Seq10020_640_bp_-1_0_0	ENA|ABG75784|ABG75784.1	15.38	26	22	0	7	32	1	26	1.8	18.6
Seq10020_640_bp_-1_0_0	ENA|AAA24145|AAA24145.1	30.00	20	14	0	14	33	178	197	2	19.0
Seq10020_640_bp_-1_0_0	ENA|BAA32018|BAA32018.1	25.00	39	27	3	4	39	403	441	2	19.4
Seq10020_640_bp_-1_0_0	ENA|AAR31603|AAR31603.1	39.13	24	14	1	12	34	288	311	2.5	18.2
Seq10020_640_bp_-1_0_0	ENA|AAC49865|AAC49865.1	22.73	22	17	0	19	40	91	112	3.4	17.7
Seq10020_640_bp_-1_0_0	ENA|CCP43727|CCP43727.1	20.00	37	28	2	5	39	86	122	3.4	17.7
Seq10020_640_bp_-1_0_0	ENA|CAA73529|CAA73529.1	28.12	36	23	4	1	33	40	74	3.8	17.3
Seq10020_640_bp_-1_0_0	ENA|ABD33854|ABD33854.1	60.00	5	2	0	4	8	9	13	3.9	15.1
Seq10020_640_bp_-1_0_0	ENA|AAA72732|AAA72732.1	33.33	12	8	0	5	16	60	71	4.3	17.3
Seq10020_640_bp_-1_0_0	ENA|CAA36714|CAA36714.1	26.67	30	22	0	3	32	245	274	4.7	17.7
Seq10020_640_bp_-1_0_0	ENA|ABK71357|ABK71357.1	18.52	27	22	0	11	37	225	251	5.1	17.3
Seq10020_640_bp_-1_0_0	ENA|CAL82360|CAL82360.1	20.00	30	24	0	1	30	1068	1097	5.3	19.0
Seq10020_640_bp_-1_0_0	ENA|AAA25966|AAA25966.1	33.33	15	10	0	19	33	11	25	5.4	18.2
Seq10020_640_bp_-1_0_0	ENA|CAA36214|CAA36214.1	26.47	35	25	1	5	39	102	135	5.6	16.9
Seq10020_640_bp_-1_0_0	ENA|BAA05866|BAA05866.1	31.82	22	15	0	7	28	9	30	5.6	16.9
Seq10020_640_bp_-1_0_0	ENA|CAA26939|CAA26939.1	38.46	13	8	0	2	14	300	312	5.7	17.7
Seq10020_640_bp_-1_0_0	ENA|AAF79734|AAF79734.1	21.88	35	25	3	5	39	717	748	6	19.0
Seq10020_640_bp_-1_0_0	ENA|ABD49687|ABD49687.1	27.78	36	26	0	1	36	96	131	7	19.0
Seq10020_640_bp_-1_0_0	ENA|AAQ92751|AAQ92751.2	35.29	37	22	3	1	37	1058	1091	7.5	18.6
Seq10020_640_bp_-1_0_0	ENA|AAB96524|AAB96524.1	30.00	24	14	4	1	20	134	157	8.1	15.6
Seq10020_640_bp_-1_0_0	ENA|CAA45199|CAA45199.1	33.33	26	16	2	9	33	45	69	8.4	16.9
Seq10020_640_bp_-1_0_0	ENA|AAA18786|AAA18786.1	50.00	10	5	0	23	32	69	78	8.6	16.0
Seq10020_640_bp_-1_0_0	ENA|AAA32624|AAA32624.1	31.25	20	11	4	1	20	198	213	9.2	16.9
Seq10020_640_bp_-1_0_0	ENA|CAA28033|CAA28033.1	30.00	10	7	0	1	10	715	724	9.4	18.2
Seq10020_640_bp_-1_0_1	ENA|CAA29968|CAA29968.1	50.00	8	4	0	5	12	1	8	0.58	17.9
Seq10020_640_bp_-1_0_1	ENA|BAA05866|BAA05866.1	50.00	10	5	0	3	12	169	178	0.91	17.9
Seq10020_640_bp_-1_0_1	ENA|AAA18786|AAA18786.1	45.45	11	6	0	3	13	176	186	1.1	17.4
Seq10020_640_bp_-1_0_1	ENA|AAB96524|AAB96524.1	57.14	7	3	0	7	13	145	151	1.1	16.9
Seq10020_640_bp_-1_0_1	ENA|AAI27517|AAI27517.1	36.36	11	7	0	1	11	343	353	1.2	18.5
Seq10020_640_bp_-1_0_1	ENA|AAB03707|AAB03707.1	33.33	12	8	0	2	13	852	863	4	17.9
Seq10020_640_bp_-1_0_1	ENA|AAC78721|AAC78721.1	36.36	11	7	0	3	13	63	73	4.1	16.9
Seq10020_640_bp_-1_0_1	ENA|CAA36214|CAA36214.1	62.50	8	3	0	5	12	67	74	5.5	15.3
Seq10020_640_bp_-1_0_1	ENA|AAA42531|AAA42531.1	23.08	13	10	0	1	13	9	21	6.9	15.3
Seq10020_640_bp_-1_0_1	ENA|ACT10338|ACT10338.1	42.86	7	4	0	5	11	64	70	6.9	15.3
Seq10020_640_bp_-1_0_1	ENA|AAC40132|AAC40132.1	80.00	5	1	0	8	12	472	476	8.3	15.3
Seq10020_640_bp_-1_0_2	ENA|AAA25966|AAA25966.1	22.22	9	7	0	1	9	264	272	0.49	20.0
Seq10020_640_bp_-1_0_2	ENA|ACH70901|ACH70901.1	33.33	6	4	0	3	8	143	148	1.6	17.3
Seq10020_640_bp_-1_0_2	ENA|ABG75784|ABG75784.1	75.00	4	1	0	7	10	246	249	1.8	16.8
Seq10020_640_bp_-1_0_2	ENA|AAI27517|AAI27517.1	41.67	16	7	4	1	12	155	170	2.5	17.3
Seq10020_640_bp_-1_0_2	ENA|CAA73529|CAA73529.1	40.00	5	3	0	6	10	207	211	3	15.9
Seq10020_640_bp_-1_0_2	ENA|BAA05866|BAA05866.1	11.11	9	8	0	1	9	149	157	3.3	15.9
Seq10020_640_bp_-1_0_2	ENA|CAA29956|CAA29956.1	37.50	8	5	0	1	8	277	284	4	15.9
Seq10020_640_bp_-1_0_2	ENA|BAA32991|BAA32991.1	20.00	10	8	0	3	12	23	32	4.7	13.2
Seq10020_640_bp_-1_0_2	ENA|AAC49865|AAC49865.1	44.44	9	5	0	4	12	142	150	4.8	15.5
Seq10020_640_bp_-1_0_2	ENA|AAC40132|AAC40132.1	66.67	3	1	0	8	10	422	424	6.8	15.5
Seq10020_640_bp_-1_0_2	ENA|ABK71357|ABK71357.1	50.00	6	3	0	1	6	321	326	7.2	15.0
Seq10020_640_bp_-1_0_3	ENA|AAQ92751|AAQ92751.2	50.00	10	5	0	1	10	969	978	0.7	20.4
Seq10020_640_bp_-1_0_3	ENA|AAR31603|AAR31603.1	50.00	12	6	0	1	12	313	324	1.8	16.9
Seq10020_640_bp_-1_0_3	ENA|CCP43727|CCP43727.1	50.00	10	5	0	3	12	181	190	5.8	15.2
Seq10020_640_bp_-1_0_3	ENA|CAD53387|CAD53387.1	50.00	11	5	1	3	12	17	27	5.9	15.8
Seq10020_640_bp_-1_0_3	ENA|ABD49687|ABD49687.1	55.56	9	4	0	1	9	957	965	6.1	17.5
Seq10020_640_bp_-1_0_3	ENA|CAA43419|CAA43419.1	27.27	11	8	0	2	12	29	39	6.4	15.2
Seq10020_640_bp_-1_0_3	ENA|BAB79260|BAB79260.1	50.00	8	4	0	3	10	22	29	7.9	15.2
Seq10020_640_bp_-1_0_3	ENA|AAA24145|AAA24145.1	27.27	11	8	0	2	12	285	295	8	15.2
Seq10020_640_bp_-1_0_3	ENA|AAC40132|AAC40132.1	27.27	11	8	0	2	12	12	22	8.2	15.2
Seq10020_640_bp_-1_0_3	ENA|AAC49865|AAC49865.1	50.00	8	4	0	2	9	97	104	8.4	14.6
Seq10020_640_bp_-1_0_3	ENA|AAC97205|AAC97205.1	25.00	12	9	0	1	12	140	151	9.5	16.3
Seq10020_640_bp_-1_0_3	ENA|CAA28033|CAA28033.1	33.33	12	8	0	1	12	1053	1064	9.9	16.3
Seq10020_640_bp_-1_0_4	ENA|CAA11507|CAA11507.1	44.44	9	5	0	3	11	18	26	3.3	18.1
Seq10020_640_bp_-1_0_4	ENA|AAS77176|AAS77176.1	71.43	7	2	0	1	7	186	192	3.8	15.6
Seq10020_640_bp_-1_0_4	ENA|ACT10338|ACT10338.1	36.36	11	7	0	1	11	156	166	6.9	15.2
Seq10020_640_bp_-1_0_4	ENA|ABD33854|ABD33854.1	42.86	7	4	0	5	11	42	48	8.5	12.2
Seq10020_640_bp_-1_0_5	ENA|BAA32991|BAA32991.1	45.45	11	6	0	6	16	16	26	0.11	19.6
Seq10020_640_bp_-1_0_5	ENA|BAB79260|BAB79260.1	38.46	13	8	0	10	22	323	335	1.3	18.8
Seq10020_640_bp_-1_0_5	ENA|CAA26023|CAA26023.1	47.06	18	9	1	6	23	78	94	1.4	18.4
Seq10020_640_bp_-1_0_5	ENA|CAA11507|CAA11507.1	50.00	12	5	2	13	22	35	46	4.8	18.4
Seq10020_640_bp_-1_0_5	ENA|AAA72732|AAA72732.1	44.44	9	5	0	11	19	158	166	7.1	15.7
Seq10020_640_bp_-1_0_6	ENA|BAB79260|BAB79260.1	36.84	25	12	6	5	23	418	442	0.58	20.1
Seq10020_640_bp_-1_0_6	ENA|AAR31603|AAR31603.1	23.53	22	13	5	7	23	101	122	0.95	19.0
Seq10020_640_bp_-1_0_6	ENA|AAI27517|AAI27517.1	36.36	11	7	0	9	19	256	266	1.3	19.4
Seq10020_640_bp_-1_0_6	ENA|BAA32991|BAA32991.1	75.00	4	1	0	23	26	28	31	1.7	15.9
Seq10020_640_bp_-1_0_6	ENA|AAB96524|AAB96524.1	33.33	18	12	0	6	23	151	168	2	17.0
Seq10020_640_bp_-1_0_6	ENA|ABD33854|ABD33854.1	30.00	10	7	0	1	10	36	45	2	15.5
Seq10020_640_bp_-1_0_6	ENA|BAB17681|BAB17681.1	27.27	22	16	0	1	22	179	200	2.3	17.4
Seq10020_640_bp_-1_0_6	ENA|AAS77176|AAS77176.1	23.81	21	16	0	2	22	271	291	2.4	17.4
Seq10020_640_bp_-1_0_6	ENA|AAA36114|AAA36114.1	45.45	11	6	0	10	20	112	122	3.2	17.8
Seq10020_640_bp_-1_0_6	ENA|CAA29968|CAA29968.1	40.00	5	3	0	19	23	95	99	3.6	16.2
Seq10020_640_bp_-1_0_6	ENA|ABN10845|ABN10845.1	22.73	26	17	4	2	23	84	109	4	16.2
Seq10020_640_bp_-1_0_6	ENA|AAA72732|AAA72732.1	25.00	12	9	0	8	19	298	309	5.7	16.2
Seq10020_640_bp_-1_0_6	ENA|ABD49687|ABD49687.1	42.11	20	11	1	4	23	1656	1674	6.2	18.6
Seq10020_640_bp_-1_0_6	ENA|CAA11507|CAA11507.1	25.00	16	12	0	1	16	1003	1018	8.2	17.8
Seq10020_640_bp_-1_0_6	ENA|CAA36714|CAA36714.1	26.67	19	11	4	9	23	379	397	8.3	16.2
Seq10020_640_bp_-1_0_6	ENA|CAA26939|CAA26939.1	17.65	17	14	0	1	17	479	495	10	16.2
Seq10020_640_bp_-1_0_6	ENA|CAL82360|CAL82360.1	18.75	16	13	0	10	25	1253	1268	10	17.4
Seq10020_640_bp_-1_1_0	ENA|ABD33854|ABD33854.1	36.36	11	7	0	2	12	18	28	0.19	18.1
Seq10020_640_bp_-1_1_0	ENA|AAS77176|AAS77176.1	50.00	8	4	0	4	11	167	174	0.22	20.1
Seq10020_640_bp_-1_1_0	ENA|AAA18786|AAA18786.1	23.08	13	10	0	3	15	170	182	0.57	18.6
Seq10020_640_bp_-1_1_0	ENA|CAA45199|CAA45199.1	40.00	10	6	0	1	10	122	131	0.72	19.1
Seq10020_640_bp_-1_1_0	ENA|AAA42531|AAA42531.1	45.45	11	6	0	2	12	234	244	0.83	18.6
Seq10020_640_bp_-1_1_0	ENA|BAB17681|BAB17681.1	66.67	6	2	0	1	6	241	246	1.2	17.6
Seq10020_640_bp_-1_1_0	ENA|BAA05866|BAA05866.1	27.27	11	8	0	4	14	115	125	1.3	17.6
Seq10020_640_bp_-1_1_0	ENA|AAC78721|AAC78721.1	41.67	12	7	0	2	13	121	132	2	18.1
Seq10020_640_bp_-1_1_0	ENA|ACT10338|ACT10338.1	37.50	8	5	0	1	8	371	378	2.3	17.1
Seq10020_640_bp_-1_1_0	ENA|ABK71357|ABK71357.1	27.27	11	8	0	5	15	164	174	3.1	16.6
Seq10020_640_bp_-1_1_0	ENA|AAC17860|AAC17860.1	33.33	13	8	1	3	15	364	375	3.4	16.6
Seq10020_640_bp_-1_1_0	ENA|AAR37016|AAR37016.1	45.45	11	6	0	2	12	1171	1181	3.5	19.1
Seq10020_640_bp_-1_1_0	ENA|CAA24711|CAA24711.1	23.08	13	10	0	3	15	120	132	3.9	15.2
Seq10020_640_bp_-1_1_0	ENA|CAA45708|CAA45708.1	27.27	11	8	0	1	11	1337	1347	4.5	18.1
Seq10020_640_bp_-1_1_0	ENA|AAC26660|AAC26660.1	25.00	8	6	0	4	11	165	172	5.7	15.2
Seq10020_640_bp_-1_1_0	ENA|CAA11507|CAA11507.1	33.33	9	6	0	6	14	304	312	7.7	17.1
Seq10020_640_bp_-1_1_0	ENA|AAB03707|AAB03707.1	20.00	10	8	0	1	10	894	903	7.7	17.1
Seq10020_640_bp_-1_1_0	ENA|AAA32624|AAA32624.1	50.00	10	5	0	1	10	165	174	8.2	15.6
Seq10020_640_bp_-1_1_0	ENA|BAA32991|BAA32991.1	23.08	13	10	0	1	13	37	49	8.3	12.7
Seq10020_640_bp_-1_1_0	ENA|BAA36759|BAA36759.1	18.18	11	9	0	1	11	130	140	8.8	14.7
Seq10020_640_bp_-1_1_0	ENA|AAI27517|AAI27517.1	37.50	8	5	0	3	10	207	214	9.1	15.6
Seq10020_640_bp_-1_1_0	ENA|AAA24145|AAA24145.1	23.08	14	10	1	1	13	263	276	9.9	15.2
Seq10020_640_bp_-1_1_1	ENA|CAA36714|CAA36714.1	53.33	16	7	1	2	16	68	83	0.044	23.2
Seq10020_640_bp_-1_1_1	ENA|AAQ92751|AAQ92751.2	46.15	13	7	0	3	15	295	307	1.2	20.0
Seq10020_640_bp_-1_1_1	ENA|AAA36114|AAA36114.1	37.50	16	10	0	1	16	151	166	1.6	18.1
Seq10020_640_bp_-1_1_1	ENA|AAA32624|AAA32624.1	83.33	6	1	0	6	11	255	260	2.2	17.7
Seq10020_640_bp_-1_1_1	ENA|CAA24711|CAA24711.1	33.33	9	6	0	7	15	112	120	2.7	15.8
Seq10020_640_bp_-1_1_1	ENA|BAB79260|BAB79260.1	50.00	8	4	0	3	10	13	20	2.7	17.2
Seq10020_640_bp_-1_1_1	ENA|BAA05866|BAA05866.1	57.14	7	3	0	9	15	36	42	3.4	16.3
Seq10020_640_bp_-1_1_1	ENA|AAS77176|AAS77176.1	41.67	12	7	0	5	16	249	260	5.9	15.4
Seq10020_640_bp_-1_1_1	ENA|AAA72732|AAA72732.1	33.33	15	10	0	2	16	84	98	8.6	14.9
Seq10020_640_bp_-1_1_1	ENA|CAD53387|CAD53387.1	58.33	13	5	1	2	14	22	33	9.9	15.4
Seq10020_640_bp_-1_1_2	ENA|AAB96524|AAB96524.1	38.46	14	8	1	11	24	167	179	0.95	18.5
Seq10020_640_bp_-1_1_2	ENA|AAC26660|AAC26660.1	33.33	20	12	2	15	32	231	250	1	18.8
Seq10020_640_bp_-1_1_2	ENA|BAB79260|BAB79260.1	32.00	29	17	4	2	30	168	192	3.6	17.8
Seq10020_640_bp_-1_1_2	ENA|CAA29956|CAA29956.1	19.23	26	21	0	2	27	186	211	6	16.8
Seq10020_640_bp_-1_1_2	ENA|CAA45708|CAA45708.1	18.52	27	22	0	2	28	957	983	7.4	18.5
Seq10020_640_bp_-1_1_2	ENA|CAA29968|CAA29968.1	27.27	11	8	0	12	22	58	68	7.8	15.4
Seq10020_640_bp_-1_1_2	ENA|AAC40132|AAC40132.1	33.33	33	20	3	1	30	315	347	9.3	16.4
Seq10020_640_bp_-1_1_3	ENA|ACT10338|ACT10338.1	34.29	39	23	4	30	66	284	320	0.1	23.9
Seq10020_640_bp_-1_1_3	ENA|BAA32956|BAA32956.1	40.00	27	15	2	46	70	91	117	0.37	21.2
Seq10020_640_bp_-1_1_3	ENA|AAC97205|AAC97205.1	20.00	44	32	4	1	40	627	670	0.52	23.2
Seq10020_640_bp_-1_1_3	ENA|AAA25966|AAA25966.1	29.17	26	17	2	19	44	115	138	0.78	21.8
Seq10020_640_bp_-1_1_3	ENA|CAA26023|CAA26023.1	28.57	28	20	0	40	67	11	38	0.84	20.8
Seq10020_640_bp_-1_1_3	ENA|CAA45199|CAA45199.1	36.84	22	12	3	12	33	52	70	1	20.8
Seq10020_640_bp_-1_1_3	ENA|CAA28033|CAA28033.1	20.00	25	20	0	4	28	1290	1314	1.1	22.2
Seq10020_640_bp_-1_1_3	ENA|BAA05866|BAA05866.1	30.00	70	42	10	1	66	196	259	1.7	19.5
Seq10020_640_bp_-1_1_3	ENA|ABG75784|ABG75784.1	17.14	36	29	1	5	39	174	209	1.7	19.5
Seq10020_640_bp_-1_1_3	ENA|ABD49687|ABD49687.1	26.53	60	36	11	17	71	656	709	1.8	21.8
Seq10020_640_bp_-1_1_3	ENA|CAA11507|CAA11507.1	31.25	16	11	0	32	47	1251	1266	3.7	20.5
Seq10020_640_bp_-1_1_3	ENA|CAB75732|CAB75732.1	22.86	37	27	2	4	40	583	617	4	20.1
Seq10020_640_bp_-1_1_3	ENA|CAA45708|CAA45708.1	23.68	45	29	7	5	46	282	322	4.1	20.5
Seq10020_640_bp_-1_1_3	ENA|AAA72732|AAA72732.1	42.86	23	12	2	48	68	40	62	4.4	18.1
Seq10020_640_bp_-1_1_3	ENA|AAB26998|AAB26998.1	44.44	9	5	0	32	40	13	21	4.5	16.1
Seq10020_640_bp_-1_1_3	ENA|AAQ92751|AAQ92751.2	27.45	54	37	3	16	66	773	826	4.7	20.1
Seq10020_640_bp_-1_1_3	ENA|AAA36539|AAA36539.1	30.77	13	9	0	44	56	78	90	5.2	18.4
Seq10020_640_bp_-1_1_3	ENA|AAF79734|AAF79734.1	14.29	40	30	5	5	39	835	874	6.2	19.8
Seq10020_640_bp_-1_1_3	ENA|AAR37016|AAR37016.1	26.67	34	22	4	4	37	941	970	6.2	20.5
Seq10020_640_bp_-1_1_3	ENA|CAA36714|CAA36714.1	22.92	52	37	4	9	59	400	448	6.4	18.1
Seq10020_640_bp_-1_1_3	ENA|CAA29956|CAA29956.1	21.74	24	18	1	11	33	269	292	6.5	17.8
Seq10020_640_bp_-1_1_3	ENA|ABD33854|ABD33854.1	53.85	14	6	1	58	71	11	23	7.2	15.0
Seq10020_640_bp_-1_1_3	ENA|ACH70901|ACH70901.1	20.69	30	23	1	4	32	80	109	7.8	17.4
Seq10020_640_bp_-1_1_3	ENA|AAB66912|AAB66912.1	46.67	16	8	1	35	50	227	241	7.9	18.8
Seq10020_640_bp_-1_1_3	ENA|AAB96524|AAB96524.1	25.00	42	30	2	16	55	30	71	8.2	16.4
Seq10020_640_bp_-1_1_3	ENA|ABN10845|ABN10845.1	50.00	4	2	0	43	46	54	57	9.4	16.4
Seq10020_640_bp_-1_1_4	ENA|AAB26998|AAB26998.1	37.04	28	17	1	10	37	4	30	0.42	18.6
Seq10020_640_bp_-1_1_4	ENA|ABN10845|ABN10845.1	37.50	16	10	0	1	16	92	107	1.4	18.3
Seq10020_640_bp_-1_1_4	ENA|CAA26023|CAA26023.1	27.27	23	16	1	1	22	141	163	2.5	18.3
Seq10020_640_bp_-1_1_4	ENA|AAA42531|AAA42531.1	35.71	17	9	3	19	32	301	317	2.5	18.3
Seq10020_640_bp_-1_1_4	ENA|AAA72732|AAA72732.1	21.05	19	15	0	1	19	9	27	2.5	18.0
Seq10020_640_bp_-1_1_4	ENA|BAA32956|BAA32956.1	32.35	38	23	4	3	36	52	89	3.3	17.0
Seq10020_640_bp_-1_1_4	ENA|AAS77176|AAS77176.1	44.00	33	14	8	11	35	246	278	4.5	17.0
Seq10020_640_bp_-1_1_4	ENA|CAA24711|CAA24711.1	63.64	12	4	1	11	21	101	112	5.2	16.0
Seq10020_640_bp_-1_1_4	ENA|AAR37016|AAR37016.1	36.67	35	19	5	1	30	1568	1602	6.1	19.6
Seq10020_640_bp_-1_1_4	ENA|CAB75732|CAB75732.1	35.71	14	9	0	4	17	583	596	7.2	18.3
Seq10020_640_bp_-1_1_4	ENA|ABG75784|ABG75784.1	33.33	18	12	0	10	27	295	312	7.4	16.4
Seq10020_640_bp_-1_1_4	ENA|CAA73529|CAA73529.1	20.00	25	20	0	12	36	74	98	9.8	15.7
Seq10020_640_bp_-1_2_0	ENA|AAR37016|AAR37016.1	25.00	24	18	0	3	26	255	278	1.1	22.7
Seq10020_640_bp_-1_2_0	ENA|AAB26998|AAB26998.1	26.32	19	14	0	6	24	18	36	4.7	15.7
Seq10020_640_bp_-1_2_0	ENA|AAC26660|AAC26660.1	23.08	13	10	0	20	32	181	193	5.1	17.3
Seq10020_640_bp_-1_2_0	ENA|AAS77176|AAS77176.1	25.00	40	27	4	17	56	141	176	5.7	17.3
Seq10020_640_bp_-1_2_0	ENA|ABD49687|ABD49687.1	30.00	58	35	8	5	54	1169	1226	5.7	19.8
Seq10020_640_bp_-1_2_0	ENA|AAB03707|AAB03707.1	20.00	20	16	0	28	47	1344	1363	5.7	19.5
Seq10020_640_bp_-1_2_0	ENA|BAA05866|BAA05866.1	21.05	19	15	0	36	54	232	250	6	17.3
Seq10020_640_bp_-1_2_0	ENA|AAA25966|AAA25966.1	22.50	47	31	7	3	45	220	263	8.9	17.9
Seq10020_640_bp_-1_2_0	ENA|AAC40132|AAC40132.1	22.22	28	21	1	8	35	55	81	9.1	17.3
Seq10020_640_bp_-1_2_1	ENA|BAA05866|BAA05866.1	57.14	7	3	0	1	7	47	53	1.6	16.7
Seq10020_640_bp_-1_2_1	ENA|AAB03707|AAB03707.1	40.00	10	6	0	1	10	328	337	2.3	18.4
Seq10020_640_bp_-1_2_1	ENA|CAA43419|CAA43419.1	44.44	9	5	0	2	10	146	154	4.1	15.6
Seq10020_640_bp_-1_2_1	ENA|AAA42531|AAA42531.1	57.14	7	3	0	1	7	262	268	4.4	15.6
Seq10020_640_bp_-1_2_1	ENA|ABK71357|ABK71357.1	55.56	10	4	1	1	10	241	249	6.1	15.0
Seq10020_640_bp_-1_2_1	ENA|BAB17681|BAB17681.1	50.00	8	4	0	2	9	7	14	6.6	14.5
Seq10020_640_bp_-1_2_1	ENA|AAA36114|AAA36114.1	33.33	9	6	0	1	9	62	70	8.2	15.0
Seq10020_640_bp_-1_2_1	ENA|AAB96524|AAB96524.1	28.57	7	5	0	4	10	11	17	9.5	13.3
Seq10020_640_bp_-1_2_1	ENA|BAA36759|BAA36759.1	50.00	8	4	0	1	8	277	284	9.9	13.9
Seq10020_640_bp_-1_2_2	ENA|AAQ92751|AAQ92751.2	35.14	49	24	12	7	43	1189	1237	0.67	22.3
Seq10020_640_bp_-1_2_2	ENA|CCP43727|CCP43727.1	39.29	29	17	1	8	36	187	214	0.84	19.9
Seq10020_640_bp_-1_2_2	ENA|AAA18786|AAA18786.1	31.25	16	11	0	19	34	28	43	1.8	18.5
Seq10020_640_bp_-1_2_2	ENA|CAA24711|CAA24711.1	30.43	26	16	3	17	39	20	45	1.8	17.8
Seq10020_640_bp_-1_2_2	ENA|CAA36714|CAA36714.1	27.27	23	16	1	2	23	379	401	3.1	18.5
Seq10020_640_bp_-1_2_2	ENA|AAA32624|AAA32624.1	30.00	51	28	11	1	40	314	364	3.4	18.5
Seq10020_640_bp_-1_2_2	ENA|CAA29956|CAA29956.1	54.55	16	5	5	17	32	282	292	3.9	17.8
Seq10020_640_bp_-1_2_2	ENA|AAA72732|AAA72732.1	23.53	37	26	3	5	40	273	307	4.1	17.5
Seq10020_640_bp_-1_2_2	ENA|AAB03707|AAB03707.1	34.78	26	15	3	3	27	686	709	4.4	19.6
Seq10020_640_bp_-1_2_2	ENA|ABN10845|ABN10845.1	23.68	38	29	0	1	38	56	93	5.8	16.5
Seq10020_640_bp_-1_2_2	ENA|AAC40132|AAC40132.1	28.57	14	10	0	4	17	256	269	6.2	17.5
Seq10020_640_bp_-1_2_2	ENA|BAB17681|BAB17681.1	21.21	35	26	2	3	35	6	40	7.2	16.5
Seq10020_640_bp_-1_2_2	ENA|CAA45199|CAA45199.1	30.43	26	16	3	8	32	439	462	9.6	16.8
Seq10020_640_bp_-1_2_3	ENA|CAA73529|CAA73529.1	30.77	13	9	0	2	14	178	190	0.23	20.2
Seq10020_640_bp_-1_2_3	ENA|ABD33854|ABD33854.1	21.43	14	11	0	3	16	9	22	2.4	14.7
Seq10020_640_bp_-1_2_3	ENA|AAA36114|AAA36114.1	30.00	10	7	0	4	13	4	13	2.5	17.7
Seq10020_640_bp_-1_2_3	ENA|AAC08817|AAC08817.1	37.50	8	5	0	6	13	87	94	3.3	15.5
Seq10020_640_bp_-1_2_3	ENA|CCP43727|CCP43727.1	23.53	17	13	0	1	17	221	237	5.1	16.0
Seq10020_640_bp_-1_2_3	ENA|BAA32956|BAA32956.1	66.67	6	2	0	12	17	147	152	5.8	15.1
Seq10020_640_bp_-1_2_3	ENA|CAA26023|CAA26023.1	33.33	15	10	0	2	16	157	171	5.8	16.0
Seq10020_640_bp_-1_2_3	ENA|AAS77176|AAS77176.1	36.36	11	7	0	6	16	236	246	7.8	15.1
Seq10020_640_bp_-1_2_3	ENA|AAC17860|AAC17860.1	45.45	11	6	0	7	17	154	164	8.2	15.5
Seq10020_640_bp_-1_2_3	ENA|CAA24711|CAA24711.1	33.33	19	12	1	1	18	97	115	8.4	14.3
Seq10020_640_bp_-1_2_4	ENA|AAB26998|AAB26998.1	40.00	10	6	0	2	11	36	45	0.03	21.6
Seq10020_640_bp_-1_2_4	ENA|AAA36539|AAA36539.1	40.00	10	6	0	3	12	332	341	0.3	20.9
Seq10020_640_bp_-1_2_4	ENA|AAA25966|AAA25966.1	40.00	12	6	2	1	10	321	332	0.77	20.1
Seq10020_640_bp_-1_2_4	ENA|CAA36714|CAA36714.1	100.00	3	0	0	3	5	435	437	1.1	19.0
Seq10020_640_bp_-1_2_4	ENA|CAA26023|CAA26023.1	42.86	7	4	0	4	10	138	144	1.2	18.6
Seq10020_640_bp_-1_2_4	ENA|ACH70901|ACH70901.1	31.25	17	11	1	4	20	296	311	1.8	17.8
Seq10020_640_bp_-1_2_4	ENA|ABN10845|ABN10845.1	50.00	4	2	0	3	6	108	111	2.4	16.7
Seq10020_640_bp_-1_2_4	ENA|CAB75732|CAB75732.1	60.00	11	4	1	4	13	814	824	3.5	18.6
Seq10020_640_bp_-1_2_4	ENA|CAA73529|CAA73529.1	33.33	12	8	0	9	20	111	122	3.9	16.3
Seq10020_640_bp_-1_2_4	ENA|AAB03707|AAB03707.1	43.75	17	9	1	5	21	579	594	4.1	18.6
Seq10020_640_bp_-1_2_4	ENA|AAC17860|AAC17860.1	46.15	14	7	1	4	17	38	50	4.5	16.7
Seq10020_640_bp_-1_2_4	ENA|AAC26660|AAC26660.1	23.08	13	10	0	9	21	53	65	4.7	15.9
Seq10020_640_bp_-1_2_4	ENA|AAA18786|AAA18786.1	27.78	18	13	0	3	20	187	204	4.9	15.9
Seq10020_640_bp_-1_2_4	ENA|BAA05866|BAA05866.1	50.00	9	4	1	2	10	154	161	5.6	15.9
Seq10020_640_bp_-1_2_4	ENA|ABK71357|ABK71357.1	40.00	10	6	0	11	20	363	372	8.6	15.6
Seq10020_640_bp_-1_2_4	ENA|AAR31603|AAR31603.1	50.00	12	5	2	4	15	122	131	9.8	15.2
Seq10020_640_bp_-1_2_4	ENA|AAC49865|AAC49865.1	42.86	16	8	2	8	21	195	210	9.8	15.2
Seq10020_640_bp_-1_2_5	ENA|AAR31603|AAR31603.1	60.00	5	2	0	2	6	148	152	0.3	19.3
Seq10020_640_bp_-1_2_5	ENA|AAC97205|AAC97205.1	66.67	6	2	0	5	10	1050	1055	0.37	20.9
Seq10020_640_bp_-1_2_5	ENA|BAB79260|BAB79260.1	75.00	4	1	0	3	6	392	395	0.41	19.3
Seq10020_640_bp_-1_2_5	ENA|BAB79260|BAB79260.1	75.00	4	1	0	3	6	198	201	0.59	18.8
Seq10020_640_bp_-1_2_5	ENA|CAL82360|CAL82360.1	42.86	7	4	0	1	7	113	119	0.55	20.3
Seq10020_640_bp_-1_2_5	ENA|CAA36714|CAA36714.1	33.33	9	6	0	1	9	451	459	1.3	17.7
Seq10020_640_bp_-1_2_5	ENA|AAA25966|AAA25966.1	80.00	5	1	0	2	6	250	254	1.3	18.2
Seq10020_640_bp_-1_2_5	ENA|CAA24711|CAA24711.1	60.00	5	2	0	6	10	22	26	1.4	16.1
Seq10020_640_bp_-1_2_5	ENA|AAQ92751|AAQ92751.2	28.57	7	5	0	1	7	1288	1294	1.8	18.8
Seq10020_640_bp_-1_2_5	ENA|AAR37016|AAR37016.1	55.56	9	4	0	1	9	1763	1771	2.1	19.3
Seq10020_640_bp_-1_2_5	ENA|AAB03707|AAB03707.1	75.00	4	1	0	5	8	1351	1354	2.5	18.2
Seq10020_640_bp_-1_2_5	ENA|ACT10338|ACT10338.1	30.00	10	7	0	1	10	114	123	3.1	16.1
Seq10020_640_bp_-1_2_5	ENA|AAI27517|AAI27517.1	40.00	5	3	0	5	9	511	515	3.3	16.6
Seq10020_640_bp_-1_2_5	ENA|AAC17860|AAC17860.1	66.67	3	1	0	4	6	347	349	3.3	16.1
Seq10020_640_bp_-1_2_5	ENA|AAA32624|AAA32624.1	66.67	3	1	0	4	6	354	356	4.2	16.1
Seq10020_640_bp_-1_2_5	ENA|CAA28033|CAA28033.1	16.67	6	5	0	3	8	952	957	4.9	17.2
Seq10020_640_bp_-1_2_5	ENA|AAA36539|AAA36539.1	28.57	7	5	0	1	7	328	334	5.4	15.6
Seq10020_640_bp_-1_2_5	ENA|AAF79734|AAF79734.1	66.67	10	3	1	2	10	1005	1014	5.5	17.2
Seq10020_640_bp_-1_2_5	ENA|AAB26998|AAB26998.1	33.33	6	4	0	2	7	10	15	5.6	12.9
Seq10020_640_bp_-1_2_5	ENA|BAA36759|BAA36759.1	42.86	7	4	0	2	8	13	19	6.8	14.5
Seq10020_640_bp_-1_2_5	ENA|AAC26660|AAC26660.1	33.33	3	2	0	4	6	215	217	8.6	14.0
Seq10020_640_bp_-1_2_5	ENA|CAA26023|CAA26023.1	60.00	5	2	0	2	6	94	98	8.8	14.5
Seq10020_640_bp_-1_2_5	ENA|ABD49687|ABD49687.1	40.00	5	3	0	3	7	223	227	9	16.6
