Seq10002_672_bp_1_0_0	ENA|AAC97205|AAC97205.1	66.67	12	4	0	35	46	728	739	0.42	23.7
Seq10002_672_bp_1_0_0	ENA|AAR37016|AAR37016.1	100.00	6	0	0	48	53	673	678	1.1	23.2
Seq10002_672_bp_1_0_0	ENA|CAA26023|CAA26023.1	38.10	22	13	1	42	62	152	173	1.6	20.0
Seq10002_672_bp_1_0_0	ENA|AAB66912|AAB66912.1	53.85	13	6	0	30	42	515	527	1.9	21.1
Seq10002_672_bp_1_0_0	ENA|AAA25966|AAA25966.1	57.14	7	3	0	51	57	492	498	2.1	20.6
Seq10002_672_bp_1_0_0	ENA|CAA11507|CAA11507.1	42.86	14	8	0	53	66	567	580	2.8	21.1
Seq10002_672_bp_1_0_0	ENA|CAA36714|CAA36714.1	71.43	7	2	0	65	71	71	77	2.8	19.5
Seq10002_672_bp_1_0_0	ENA|BAB79260|BAB79260.1	41.94	36	18	5	16	46	299	334	3.9	19.0
Seq10002_672_bp_1_0_0	ENA|AAC49865|AAC49865.1	50.00	10	5	0	64	73	197	206	4.1	18.5
Seq10002_672_bp_1_0_0	ENA|AAA36114|AAA36114.1	44.44	9	5	0	17	25	233	241	4.4	19.0
Seq10002_672_bp_1_0_0	ENA|ABD49687|ABD49687.1	63.64	11	4	0	43	53	1007	1017	7	20.0
Seq10002_672_bp_1_0_0	ENA|ABN10845|ABN10845.1	66.67	6	2	0	13	18	34	39	7.8	16.9
Seq10002_672_bp_1_0_0	ENA|AAB26998|AAB26998.1	60.00	5	2	0	77	81	35	39	8.3	15.3
Seq10002_672_bp_1_0_0	ENA|CAA43419|CAA43419.1	38.46	13	8	0	25	37	348	360	9	17.4
Seq10002_672_bp_1_0_0	ENA|AAA18786|AAA18786.1	38.10	22	13	1	6	26	144	165	9.4	16.9
Seq10002_672_bp_1_0_0	ENA|ACT10338|ACT10338.1	70.00	11	3	1	59	68	299	309	9.5	17.4
Seq10002_672_bp_1_0_0	ENA|CAB75732|CAB75732.1	53.85	13	6	0	18	30	347	359	9.5	19.0
Seq10002_672_bp_1_0_0	ENA|ABD33854|ABD33854.1	66.67	6	2	0	41	46	10	15	9.6	14.8
Seq10002_672_bp_1_0_1	ENA|AAA36539|AAA36539.1	66.67	9	3	0	3	11	156	164	0.047	22.6
Seq10002_672_bp_1_0_1	ENA|CAA11507|CAA11507.1	71.43	7	2	0	1	7	191	197	0.08	23.4
Seq10002_672_bp_1_0_1	ENA|AAA32624|AAA32624.1	50.00	10	5	0	2	11	27	36	0.25	20.4
Seq10002_672_bp_1_0_1	ENA|CAA43419|CAA43419.1	57.14	7	3	0	4	10	74	80	0.29	19.6
Seq10002_672_bp_1_0_1	ENA|AAC97205|AAC97205.1	57.14	7	3	0	5	11	1005	1011	0.34	21.1
Seq10002_672_bp_1_0_1	ENA|AAB03707|AAB03707.1	50.00	8	4	0	2	9	431	438	0.39	21.1
Seq10002_672_bp_1_0_1	ENA|AAR31603|AAR31603.1	80.00	5	1	0	4	8	198	202	0.44	18.9
Seq10002_672_bp_1_0_1	ENA|AAB26998|AAB26998.1	75.00	4	1	0	2	5	32	35	0.5	16.6
Seq10002_672_bp_1_0_1	ENA|ACT10338|ACT10338.1	66.67	6	2	0	1	6	374	379	0.52	18.9
Seq10002_672_bp_1_0_1	ENA|BAB79260|BAB79260.1	100.00	4	0	0	1	4	238	241	0.6	18.9
Seq10002_672_bp_1_0_1	ENA|CAA73529|CAA73529.1	66.67	6	2	0	6	11	148	153	0.61	18.1
Seq10002_672_bp_1_0_1	ENA|AAA25966|AAA25966.1	66.67	6	2	0	6	11	46	51	0.96	18.9
Seq10002_672_bp_1_0_1	ENA|AAC08817|AAC08817.1	100.00	3	0	0	5	7	27	29	1.7	15.8
Seq10002_672_bp_1_0_1	ENA|AAA24145|AAA24145.1	50.00	8	4	0	1	8	409	416	2.9	16.6
Seq10002_672_bp_1_0_1	ENA|AAA72732|AAA72732.1	100.00	3	0	0	5	7	123	125	3.3	15.8
Seq10002_672_bp_1_0_1	ENA|CAA29968|CAA29968.1	44.44	9	5	0	2	10	68	76	3.4	15.1
Seq10002_672_bp_1_0_1	ENA|AAB66912|AAB66912.1	50.00	8	4	0	3	10	74	81	3.4	17.3
Seq10002_672_bp_1_0_1	ENA|AAI27517|AAI27517.1	55.56	9	4	0	1	9	484	492	3.7	16.6
Seq10002_672_bp_1_0_1	ENA|CAA29956|CAA29956.1	100.00	3	0	0	5	7	41	43	3.9	15.8
Seq10002_672_bp_1_0_1	ENA|CAL82360|CAL82360.1	66.67	6	2	0	3	8	208	213	4.7	17.3
Seq10002_672_bp_1_0_1	ENA|BAB17681|BAB17681.1	37.50	8	5	0	3	10	136	143	4.8	15.1
Seq10002_672_bp_1_0_1	ENA|CAA36714|CAA36714.1	80.00	5	1	0	2	6	69	73	4.8	15.8
Seq10002_672_bp_1_0_1	ENA|CAD53387|CAD53387.1	100.00	3	0	0	4	6	7	9	5.2	15.8
Seq10002_672_bp_1_0_1	ENA|CAA36214|CAA36214.1	42.86	7	4	0	5	11	245	251	5.3	15.1
Seq10002_672_bp_1_0_1	ENA|CAA45708|CAA45708.1	60.00	5	2	0	6	10	190	194	5.5	17.3
Seq10002_672_bp_1_0_1	ENA|CAA26939|CAA26939.1	60.00	5	2	0	6	10	340	344	5.8	15.8
Seq10002_672_bp_1_0_1	ENA|ABD49687|ABD49687.1	100.00	3	0	0	8	10	1605	1607	6.2	17.3
Seq10002_672_bp_1_0_1	ENA|ABK71357|ABK71357.1	75.00	4	1	0	2	5	211	214	6.4	15.1
Seq10002_672_bp_1_0_1	ENA|CAA26023|CAA26023.1	57.14	7	3	0	4	10	343	349	6.5	15.1
Seq10002_672_bp_1_0_1	ENA|AAA42531|AAA42531.1	60.00	5	2	0	6	10	35	39	6.6	15.1
Seq10002_672_bp_1_0_1	ENA|AAC78721|AAC78721.1	50.00	8	4	0	3	10	57	64	6.8	15.8
Seq10002_672_bp_1_0_1	ENA|AAC17860|AAC17860.1	66.67	6	2	0	3	8	380	385	7	15.1
Seq10002_672_bp_1_0_1	ENA|AAS77176|AAS77176.1	100.00	3	0	0	1	3	74	76	8.2	14.3
Seq10002_672_bp_1_0_1	ENA|BAA32991|BAA32991.1	100.00	2	0	0	9	10	11	12	9.2	12.1
Seq10002_672_bp_1_0_2	ENA|CAA29956|CAA29956.1	45.00	20	11	0	27	46	196	215	0.49	21.1
Seq10002_672_bp_1_0_2	ENA|CAA36214|CAA36214.1	62.50	8	3	0	8	15	70	77	0.81	20.1
Seq10002_672_bp_1_0_2	ENA|AAQ92751|AAQ92751.2	100.00	5	0	0	18	22	1201	1205	1.8	21.1
Seq10002_672_bp_1_0_2	ENA|AAI27517|AAI27517.1	38.10	21	13	0	1	21	395	415	2.2	19.6
Seq10002_672_bp_1_0_2	ENA|AAC08817|AAC08817.1	50.00	10	5	0	18	27	84	93	2.4	17.5
Seq10002_672_bp_1_0_2	ENA|ACH70901|ACH70901.1	46.15	13	7	0	3	15	304	316	2.7	18.6
Seq10002_672_bp_1_0_2	ENA|BAA32018|BAA32018.1	75.00	8	2	0	44	51	430	437	3.3	19.1
Seq10002_672_bp_1_0_2	ENA|BAB17681|BAB17681.1	80.00	5	1	0	16	20	185	189	4.1	17.5
Seq10002_672_bp_1_0_2	ENA|AAS77176|AAS77176.1	43.75	17	9	1	22	38	39	54	4.3	17.5
Seq10002_672_bp_1_0_2	ENA|AAB66912|AAB66912.1	75.00	8	2	0	35	42	829	836	4.8	19.1
Seq10002_672_bp_1_0_2	ENA|AAF79734|AAF79734.1	33.33	15	10	0	18	32	1357	1371	5.3	19.6
Seq10002_672_bp_1_0_2	ENA|AAA18786|AAA18786.1	50.00	17	8	1	36	52	202	217	5.6	17.0
Seq10002_672_bp_1_0_2	ENA|CAA26023|CAA26023.1	63.64	12	4	1	41	52	10	20	5.7	17.5
Seq10002_672_bp_1_0_2	ENA|BAA36759|BAA36759.1	45.45	11	6	0	27	37	42	52	6.1	17.0
Seq10002_672_bp_1_0_2	ENA|BAA32956|BAA32956.1	60.00	10	4	0	2	11	186	195	6.3	16.5
Seq10002_672_bp_1_0_2	ENA|AAA36539|AAA36539.1	33.33	15	10	0	27	41	438	452	7	17.5
Seq10002_672_bp_1_0_2	ENA|AAA42531|AAA42531.1	83.33	6	1	0	38	43	172	177	8	17.0
Seq10002_672_bp_1_0_2	ENA|ACT10338|ACT10338.1	75.00	8	2	0	15	22	25	32	8	17.0
Seq10002_672_bp_1_0_2	ENA|AAC97205|AAC97205.1	55.56	9	4	0	2	10	33	41	8.8	18.6
Seq10002_672_bp_1_0_2	ENA|AAC49865|AAC49865.1	22.73	22	17	0	29	50	267	288	9.5	16.5
Seq10002_672_bp_1_0_3	ENA|ABN10845|ABN10845.1	44.44	21	10	3	2	20	39	58	0.043	24.1
Seq10002_672_bp_1_0_3	ENA|CAA43419|CAA43419.1	58.33	12	5	0	22	33	330	341	0.34	21.9
Seq10002_672_bp_1_0_3	ENA|CAA24711|CAA24711.1	100.00	5	0	0	24	28	11	15	0.52	20.2
Seq10002_672_bp_1_0_3	ENA|ACT10338|ACT10338.1	62.50	8	3	0	29	36	220	227	0.79	20.7
Seq10002_672_bp_1_0_3	ENA|AAA18786|AAA18786.1	46.67	15	8	0	21	35	243	257	0.79	20.2
Seq10002_672_bp_1_0_3	ENA|AAB03707|AAB03707.1	54.55	11	5	0	24	34	407	417	0.87	22.4
Seq10002_672_bp_1_0_3	ENA|AAA42531|AAA42531.1	53.85	13	6	0	50	62	201	213	1.2	20.2
Seq10002_672_bp_1_0_3	ENA|CAA28033|CAA28033.1	80.00	5	1	0	48	52	24	28	1.8	21.3
Seq10002_672_bp_1_0_3	ENA|AAR31603|AAR31603.1	35.71	14	9	0	31	44	8	21	2.1	19.1
Seq10002_672_bp_1_0_3	ENA|ABK71357|ABK71357.1	50.00	16	8	0	26	41	273	288	2.4	19.1
Seq10002_672_bp_1_0_3	ENA|CCP43727|CCP43727.1	50.00	19	9	1	22	39	55	73	3.1	18.5
Seq10002_672_bp_1_0_3	ENA|AAR37016|AAR37016.1	64.29	19	5	5	6	24	1888	1901	3.2	21.3
Seq10002_672_bp_1_0_3	ENA|AAC97205|AAC97205.1	38.46	13	8	0	38	50	988	1000	3.6	20.2
Seq10002_672_bp_1_0_3	ENA|CAA73529|CAA73529.1	57.14	7	3	0	6	12	98	104	3.7	17.9
Seq10002_672_bp_1_0_3	ENA|AAC17860|AAC17860.1	36.84	21	12	2	9	29	363	381	5.5	17.9
Seq10002_672_bp_1_0_3	ENA|AAA25966|AAA25966.1	66.67	6	2	0	41	46	442	447	6.5	18.5
Seq10002_672_bp_1_0_3	ENA|ABD49687|ABD49687.1	37.50	16	10	0	42	57	1057	1072	7.1	19.6
Seq10002_672_bp_1_0_3	ENA|AAB96524|AAB96524.1	43.75	16	9	0	1	16	87	102	7.8	16.3
Seq10002_672_bp_1_0_3	ENA|EDO47375|EDO47375.1	30.77	13	9	0	3	15	117	129	7.9	16.3
Seq10002_672_bp_1_0_3	ENA|AAC49865|AAC49865.1	38.46	13	8	0	22	34	192	204	9.2	16.8
Seq10002_672_bp_1_0_4	ENA|ACH70901|ACH70901.1	55.56	9	4	0	3	11	355	363	1.8	17.3
Seq10002_672_bp_1_0_4	ENA|ABN10845|ABN10845.1	75.00	4	1	0	1	4	57	60	3.2	15.7
Seq10002_672_bp_1_0_4	ENA|AAA36114|AAA36114.1	71.43	7	2	0	7	13	20	26	3.6	16.8
Seq10002_672_bp_1_0_4	ENA|CAA11507|CAA11507.1	57.14	7	3	0	7	13	826	832	9.1	16.8
Seq10002_672_bp_1_0_4	ENA|ABG75784|ABG75784.1	66.67	6	2	0	8	13	216	221	9.2	14.6
Seq10002_672_bp_1_1_0	ENA|AAC08817|AAC08817.1	50.00	16	8	0	142	157	51	66	0.68	21.3
Seq10002_672_bp_1_1_0	ENA|CAA45199|CAA45199.1	53.33	16	7	1	136	150	35	50	1	22.3
Seq10002_672_bp_1_1_0	ENA|AAQ92751|AAQ92751.2	55.56	9	4	0	50	58	215	223	1.1	23.8
Seq10002_672_bp_1_1_0	ENA|CAA36714|CAA36714.1	66.67	9	3	0	101	109	233	241	1.4	21.8
Seq10002_672_bp_1_1_0	ENA|AAC97205|AAC97205.1	47.06	17	9	0	101	117	23	39	1.9	22.8
Seq10002_672_bp_1_1_0	ENA|CAA29968|CAA29968.1	75.00	8	2	0	101	108	31	38	2.3	19.8
Seq10002_672_bp_1_1_0	ENA|CAA43419|CAA43419.1	85.71	7	1	0	115	121	270	276	3.1	20.3
Seq10002_672_bp_1_1_0	ENA|AAB96524|AAB96524.1	40.00	20	12	0	65	84	95	114	3.1	19.4
Seq10002_672_bp_1_1_0	ENA|AAA42531|AAA42531.1	75.00	8	2	0	46	53	179	186	3.3	20.3
Seq10002_672_bp_1_1_0	ENA|CAA24711|CAA24711.1	33.33	24	16	0	93	116	150	173	4	18.9
Seq10002_672_bp_1_1_0	ENA|AAA25966|AAA25966.1	40.00	15	9	0	29	43	555	569	4.3	20.8
Seq10002_672_bp_1_1_0	ENA|CAA73529|CAA73529.1	100.00	5	0	0	126	130	67	71	4.5	19.4
Seq10002_672_bp_1_1_0	ENA|AAC26660|AAC26660.1	41.67	12	7	0	1	12	56	67	5.9	18.9
Seq10002_672_bp_1_1_0	ENA|ABK71357|ABK71357.1	100.00	5	0	0	186	190	301	305	6	19.4
Seq10002_672_bp_1_1_0	ENA|AAR37016|AAR37016.1	53.85	13	6	0	13	25	1312	1324	6.9	21.8
Seq10002_672_bp_1_1_0	ENA|ACH70901|ACH70901.1	71.43	7	2	0	180	186	115	121	8.1	18.9
Seq10002_672_bp_1_1_0	ENA|BAB79260|BAB79260.1	38.46	13	8	0	35	47	414	426	10	18.9
Seq10002_672_bp_1_1_1	ENA|AAR31603|AAR31603.1	66.67	6	2	0	14	19	81	86	0.51	19.6
Seq10002_672_bp_1_1_1	ENA|AAA36539|AAA36539.1	36.36	24	14	2	1	22	195	218	1.1	19.0
Seq10002_672_bp_1_1_1	ENA|CAA11507|CAA11507.1	41.67	12	7	0	1	12	824	835	2.1	19.6
Seq10002_672_bp_1_1_1	ENA|BAB79260|BAB79260.1	66.67	6	2	0	15	20	442	447	2.4	17.9
Seq10002_672_bp_1_1_1	ENA|AAC49865|AAC49865.1	66.67	6	2	0	3	8	108	113	2.6	17.3
Seq10002_672_bp_1_1_1	ENA|AAF79734|AAF79734.1	57.14	7	3	0	15	21	3	9	3.3	19.0
Seq10002_672_bp_1_1_1	ENA|ABD49687|ABD49687.1	62.50	8	3	0	11	18	1046	1053	3.9	19.0
Seq10002_672_bp_1_1_1	ENA|CAL82360|CAL82360.1	55.56	9	4	0	2	10	1035	1043	4.4	18.5
Seq10002_672_bp_1_1_1	ENA|AAB66912|AAB66912.1	66.67	6	2	0	7	12	317	322	4.7	17.9
Seq10002_672_bp_1_1_1	ENA|AAC40132|AAC40132.1	50.00	10	5	0	1	10	430	439	5.5	16.7
Seq10002_672_bp_1_1_1	ENA|AAA25966|AAA25966.1	30.77	13	9	0	8	20	115	127	5.5	17.3
Seq10002_672_bp_1_1_1	ENA|AAC26660|AAC26660.1	75.00	4	1	0	15	18	186	189	6.6	15.5
Seq10002_672_bp_1_1_1	ENA|AAB26998|AAB26998.1	42.86	7	4	0	3	9	15	21	6.9	13.7
Seq10002_672_bp_1_2_0	ENA|AAA25966|AAA25966.1	100.00	6	0	0	29	34	720	725	4.3	20.0
Seq10002_672_bp_1_2_0	ENA|AAR37016|AAR37016.1	41.18	17	10	0	45	61	1997	2013	5.1	21.5
Seq10002_672_bp_1_2_0	ENA|ABK71357|ABK71357.1	58.82	20	7	3	79	98	144	160	6	18.6
Seq10002_672_bp_1_2_0	ENA|ABG75784|ABG75784.1	38.46	13	8	0	42	54	42	54	6.9	18.1
Seq10002_672_bp_1_2_0	ENA|BAA32991|BAA32991.1	30.77	13	9	0	88	100	46	58	8.1	15.6
Seq10002_672_bp_1_2_0	ENA|AAC08817|AAC08817.1	63.64	13	4	2	22	34	10	20	9.3	16.6
Seq10002_672_bp_1_2_1	ENA|ACT10338|ACT10338.1	69.23	18	4	5	44	61	298	310	0.06	24.6
Seq10002_672_bp_1_2_1	ENA|AAR37016|AAR37016.1	56.25	17	7	1	54	70	547	562	2.1	22.1
Seq10002_672_bp_1_2_1	ENA|AAQ92751|AAQ92751.2	44.12	39	19	5	32	69	1043	1077	2.6	21.0
Seq10002_672_bp_1_2_1	ENA|BAA32956|BAA32956.1	80.00	5	1	0	43	47	90	94	3.3	17.9
Seq10002_672_bp_1_2_1	ENA|AAC08817|AAC08817.1	50.00	12	6	0	57	68	20	31	3.5	17.4
Seq10002_672_bp_1_2_1	ENA|BAA32991|BAA32991.1	80.00	5	1	0	7	11	31	35	8.7	14.8
Seq10002_672_bp_1_2_1	ENA|CAA11507|CAA11507.1	62.50	8	3	0	49	56	1067	1074	9.8	19.0
Seq10002_672_bp_1_2_1	ENA|AAR31603|AAR31603.1	63.64	12	4	1	23	34	161	171	9.9	16.9
Seq10002_672_bp_1_2_2	ENA|AAB03707|AAB03707.1	39.13	23	14	0	3	25	854	876	1.5	20.3
Seq10002_672_bp_1_2_2	ENA|BAA32956|BAA32956.1	40.00	10	6	0	1	10	195	204	2.9	16.6
Seq10002_672_bp_1_2_2	ENA|AAC08817|AAC08817.1	80.00	5	1	0	6	10	124	128	3.1	16.1
Seq10002_672_bp_1_2_2	ENA|AAB96524|AAB96524.1	40.00	10	6	0	2	11	141	150	3.6	16.1
Seq10002_672_bp_1_2_2	ENA|BAA32991|BAA32991.1	66.67	6	2	0	1	6	64	69	5.6	14.0
Seq10002_672_bp_1_2_2	ENA|ABN10845|ABN10845.1	40.00	10	6	0	5	14	38	47	6	15.6
Seq10002_672_bp_1_2_2	ENA|CAA45708|CAA45708.1	57.14	7	3	0	2	8	140	146	6.8	18.2
Seq10002_672_bp_1_2_2	ENA|BAB17681|BAB17681.1	33.33	9	6	0	4	12	110	118	7.4	15.6
Seq10002_672_bp_1_2_2	ENA|AAC97205|AAC97205.1	38.46	13	8	0	7	19	219	231	7.8	17.7
Seq10002_672_bp_1_2_2	ENA|CAL82360|CAL82360.1	50.00	10	5	0	9	18	105	114	8.1	17.7
Seq10002_672_bp_1_2_2	ENA|BAB79260|BAB79260.1	71.43	7	2	0	11	17	330	336	8.4	16.1
Seq10002_672_bp_1_2_2	ENA|AAC26660|AAC26660.1	50.00	8	4	0	9	16	2	9	9.7	15.1
Seq10002_672_bp_-1_0_0	ENA|AAB96524|AAB96524.1	46.67	15	8	0	30	44	32	46	0.075	23.1
Seq10002_672_bp_-1_0_0	ENA|CAA26023|CAA26023.1	75.00	8	2	0	30	37	11	18	0.15	23.1
Seq10002_672_bp_-1_0_0	ENA|CAA45708|CAA45708.1	46.67	15	8	0	49	63	88	102	0.29	24.2
Seq10002_672_bp_-1_0_0	ENA|AAF79734|AAF79734.1	45.83	25	13	1	34	57	502	526	0.86	22.5
Seq10002_672_bp_-1_0_0	ENA|ABD49687|ABD49687.1	52.94	18	8	1	30	47	524	540	1	22.5
Seq10002_672_bp_-1_0_0	ENA|AAA32624|AAA32624.1	75.00	8	2	0	20	27	93	100	1.4	20.3
Seq10002_672_bp_-1_0_0	ENA|AAQ92751|AAQ92751.2	60.00	10	4	0	44	53	1120	1129	1.8	21.4
Seq10002_672_bp_-1_0_0	ENA|ABD33854|ABD33854.1	46.15	13	7	0	49	61	18	30	1.8	17.0
Seq10002_672_bp_-1_0_0	ENA|ABK71357|ABK71357.1	50.00	10	5	0	38	47	36	45	2.2	19.2
Seq10002_672_bp_-1_0_0	ENA|AAI27517|AAI27517.1	34.78	23	15	0	31	53	323	345	2.4	19.8
Seq10002_672_bp_-1_0_0	ENA|CAA26939|CAA26939.1	63.64	14	4	3	43	56	408	418	3.3	19.2
Seq10002_672_bp_-1_0_0	ENA|AAC97205|AAC97205.1	41.67	12	7	0	52	63	597	608	3.3	20.3
Seq10002_672_bp_-1_0_0	ENA|ABN10845|ABN10845.1	50.00	8	4	0	33	40	38	45	4	17.5
Seq10002_672_bp_-1_0_0	ENA|AAC49865|AAC49865.1	50.00	8	4	0	19	26	85	92	4.1	18.1
Seq10002_672_bp_-1_0_0	ENA|CAD53387|CAD53387.1	62.50	8	3	0	31	38	467	474	4.3	18.6
Seq10002_672_bp_-1_0_0	ENA|AAC17860|AAC17860.1	43.75	16	9	0	45	60	126	141	5.1	18.1
Seq10002_672_bp_-1_0_0	ENA|AAC26660|AAC26660.1	62.50	8	3	0	22	29	38	45	6.8	17.0
Seq10002_672_bp_-1_0_0	ENA|CAA73529|CAA73529.1	50.00	10	5	0	48	57	231	240	7.2	17.0
Seq10002_672_bp_-1_0_0	ENA|EDO47375|EDO47375.1	57.14	7	3	0	19	25	155	161	7.3	16.4
Seq10002_672_bp_-1_0_0	ENA|AAC40132|AAC40132.1	80.00	5	1	0	5	9	315	319	8.4	17.5
Seq10002_672_bp_-1_0_1	ENA|CCP43727|CCP43727.1	45.45	23	12	1	7	28	130	152	1	20.0
Seq10002_672_bp_-1_0_1	ENA|CAB75732|CAB75732.1	36.00	25	16	0	17	41	154	178	2.5	20.5
Seq10002_672_bp_-1_0_1	ENA|BAA32991|BAA32991.1	43.75	16	9	0	40	55	26	41	2.5	16.4
Seq10002_672_bp_-1_0_1	ENA|AAC17860|AAC17860.1	28.57	28	20	0	18	45	75	102	2.5	19.0
Seq10002_672_bp_-1_0_1	ENA|AAC08817|AAC08817.1	28.57	21	15	0	20	40	42	62	2.8	17.4
Seq10002_672_bp_-1_0_1	ENA|ACH70901|ACH70901.1	45.45	11	6	0	24	34	235	245	4.4	17.9
Seq10002_672_bp_-1_0_1	ENA|CAA36714|CAA36714.1	47.06	17	9	0	40	56	288	304	5.7	17.9
Seq10002_672_bp_-1_0_1	ENA|CAA26939|CAA26939.1	55.56	9	4	0	48	56	47	55	6.9	17.9
Seq10002_672_bp_-1_0_1	ENA|CAA36214|CAA36214.1	50.00	12	6	0	43	54	117	128	7.4	16.9
Seq10002_672_bp_-1_0_1	ENA|AAB66912|AAB66912.1	45.45	11	6	0	14	24	886	896	7.8	18.5
Seq10002_672_bp_-1_0_1	ENA|CAA45199|CAA45199.1	100.00	5	0	0	11	15	404	408	8	17.4
Seq10002_672_bp_-1_0_1	ENA|AAQ92751|AAQ92751.2	30.00	40	28	0	10	49	154	193	8.1	19.0
Seq10002_672_bp_-1_0_1	ENA|AAC26660|AAC26660.1	50.00	10	5	0	6	15	39	48	8.8	16.4
Seq10002_672_bp_-1_0_1	ENA|CAA26023|CAA26023.1	66.67	6	2	0	4	9	373	378	9.1	16.9
Seq10002_672_bp_-1_0_2	ENA|CAA36714|CAA36714.1	63.64	11	4	0	7	17	201	211	0.081	23.4
Seq10002_672_bp_-1_0_2	ENA|AAC97205|AAC97205.1	54.55	11	5	0	17	27	234	244	0.21	23.4
Seq10002_672_bp_-1_0_2	ENA|CAA45708|CAA45708.1	48.00	26	13	1	5	29	414	439	0.57	22.3
Seq10002_672_bp_-1_0_2	ENA|AAC49865|AAC49865.1	56.25	19	7	3	6	21	299	317	1.7	18.5
Seq10002_672_bp_-1_0_2	ENA|AAB66912|AAB66912.1	62.50	8	3	0	3	10	500	507	3.3	19.0
Seq10002_672_bp_-1_0_2	ENA|CAA43419|CAA43419.1	80.00	5	1	0	1	5	116	120	4	17.4
Seq10002_672_bp_-1_0_2	ENA|AAB96524|AAB96524.1	62.50	8	3	0	18	25	71	78	4.4	16.3
Seq10002_672_bp_-1_0_2	ENA|AAB03707|AAB03707.1	50.00	10	5	0	20	29	412	421	4.8	19.0
Seq10002_672_bp_-1_0_2	ENA|CAA36214|CAA36214.1	62.50	8	3	0	7	14	230	237	4.9	16.8
Seq10002_672_bp_-1_0_2	ENA|AAA72732|AAA72732.1	55.56	9	4	0	1	9	222	230	7.2	16.3
Seq10002_672_bp_-1_0_2	ENA|ABK71357|ABK71357.1	50.00	10	5	0	8	17	267	276	8.4	16.3
Seq10002_672_bp_-1_0_3	ENA|AAC49865|AAC49865.1	75.00	8	2	0	2	9	16	23	1.4	17.8
Seq10002_672_bp_-1_0_3	ENA|AAA42531|AAA42531.1	75.00	9	2	1	2	9	87	95	9.6	15.1
Seq10002_672_bp_-1_0_4	ENA|CAA11507|CAA11507.1	66.67	12	4	0	7	18	24	35	0.16	24.2
Seq10002_672_bp_-1_0_4	ENA|CAA43419|CAA43419.1	60.00	10	4	0	32	41	11	20	0.5	20.7
Seq10002_672_bp_-1_0_4	ENA|AAB26998|AAB26998.1	83.33	6	1	0	15	20	74	79	1.2	17.2
Seq10002_672_bp_-1_0_4	ENA|AAA36539|AAA36539.1	50.00	12	6	0	5	16	172	183	1.3	19.7
Seq10002_672_bp_-1_0_4	ENA|AAA18786|AAA18786.1	83.33	6	1	0	29	34	61	66	3.9	17.2
Seq10002_672_bp_-1_0_4	ENA|AAR31603|AAR31603.1	33.33	15	10	0	2	16	37	51	4.8	17.2
Seq10002_672_bp_-1_0_4	ENA|AAA72732|AAA72732.1	100.00	5	0	0	3	7	206	210	6.4	16.7
Seq10002_672_bp_-1_0_4	ENA|AAB66912|AAB66912.1	33.33	15	10	0	21	35	283	297	6.7	18.2
Seq10002_672_bp_-1_0_4	ENA|ABK71357|ABK71357.1	50.00	14	7	0	6	19	210	223	7.5	16.7
Seq10002_672_bp_-1_0_4	ENA|CAA73529|CAA73529.1	71.43	7	2	0	17	23	98	104	7.8	16.2
Seq10002_672_bp_-1_1_0	ENA|CAA43419|CAA43419.1	66.67	11	3	2	4	12	342	352	0.97	18.2
Seq10002_672_bp_-1_1_0	ENA|CAA28033|CAA28033.1	57.14	7	3	0	6	12	869	875	2.4	18.7
Seq10002_672_bp_-1_1_0	ENA|CAA26023|CAA26023.1	57.14	7	3	0	8	14	207	213	4.3	16.1
Seq10002_672_bp_-1_1_0	ENA|BAA32018|BAA32018.1	100.00	4	0	0	9	12	192	195	6.9	16.1
Seq10002_672_bp_-1_1_0	ENA|ABG75784|ABG75784.1	50.00	6	3	0	3	8	120	125	7.2	15.0
Seq10002_672_bp_-1_1_0	ENA|AAB96524|AAB96524.1	75.00	4	1	0	7	10	168	171	8.8	13.9
Seq10002_672_bp_-1_1_1	ENA|CAA24711|CAA24711.1	54.55	11	5	0	5	15	96	106	0.44	19.0
Seq10002_672_bp_-1_1_1	ENA|ABK71357|ABK71357.1	72.73	12	3	1	10	20	100	111	1.4	18.5
Seq10002_672_bp_-1_1_1	ENA|AAC78721|AAC78721.1	66.67	9	3	0	10	18	168	176	1.7	19.0
Seq10002_672_bp_-1_1_1	ENA|CCP43727|CCP43727.1	42.11	20	11	1	5	23	74	93	1.8	17.9
Seq10002_672_bp_-1_1_1	ENA|ACT10338|ACT10338.1	50.00	10	5	0	8	17	159	168	2.1	17.9
Seq10002_672_bp_-1_1_1	ENA|AAB66912|AAB66912.1	60.00	10	4	0	15	24	303	312	2.3	19.0
Seq10002_672_bp_-1_1_1	ENA|CAA36714|CAA36714.1	54.55	11	5	0	4	14	307	317	3.6	17.4
Seq10002_672_bp_-1_1_1	ENA|AAR31603|AAR31603.1	37.50	16	10	0	5	20	42	57	3.7	16.8
Seq10002_672_bp_-1_1_1	ENA|ABD33854|ABD33854.1	50.00	6	3	0	5	10	4	9	6.9	13.5
Seq10002_672_bp_-1_1_1	ENA|CAA45708|CAA45708.1	62.50	8	3	0	16	23	603	610	7.8	17.9
Seq10002_672_bp_-1_1_1	ENA|CAA11507|CAA11507.1	83.33	6	1	0	9	14	1138	1143	10	17.4
Seq10002_672_bp_-1_1_2	ENA|BAA32991|BAA32991.1	53.33	16	7	1	2	16	13	28	0.0013	26.3
Seq10002_672_bp_-1_1_2	ENA|ACH70901|ACH70901.1	66.67	9	3	0	18	26	229	237	0.36	20.6
Seq10002_672_bp_-1_1_2	ENA|AAR37016|AAR37016.1	62.50	8	3	0	9	16	1257	1264	3.2	20.1
Seq10002_672_bp_-1_1_2	ENA|AAC08817|AAC08817.1	66.67	6	2	0	21	26	1	6	3.7	15.9
Seq10002_672_bp_-1_1_2	ENA|AAC97205|AAC97205.1	57.14	7	3	0	5	11	429	435	4.9	18.5
Seq10002_672_bp_-1_1_2	ENA|CAA29956|CAA29956.1	66.67	6	2	0	7	12	59	64	6.1	16.5
Seq10002_672_bp_-1_1_2	ENA|AAC40132|AAC40132.1	66.67	6	2	0	14	19	226	231	7.6	16.5
Seq10002_672_bp_-1_1_2	ENA|CAA26939|CAA26939.1	66.67	6	2	0	6	11	3	8	9	16.5
Seq10002_672_bp_-1_1_3	ENA|CAA45199|CAA45199.1	58.33	12	5	0	3	14	320	331	0.65	20.6
Seq10002_672_bp_-1_1_3	ENA|AAB66912|AAB66912.1	45.45	11	6	0	28	38	58	68	1.9	20.1
Seq10002_672_bp_-1_1_3	ENA|AAC08817|AAC08817.1	50.00	23	10	3	9	28	6	28	2	17.4
Seq10002_672_bp_-1_1_3	ENA|CAA36714|CAA36714.1	46.67	15	8	0	18	32	63	77	2.8	18.5
Seq10002_672_bp_-1_1_3	ENA|BAB17681|BAB17681.1	71.43	7	2	0	2	8	258	264	3.4	17.4
Seq10002_672_bp_-1_1_3	ENA|BAA32956|BAA32956.1	62.50	8	3	0	18	25	82	89	5.5	16.3
Seq10002_672_bp_-1_1_3	ENA|CAA11507|CAA11507.1	83.33	6	1	0	21	26	716	721	5.5	19.0
Seq10002_672_bp_-1_1_3	ENA|AAA24145|AAA24145.1	30.00	20	14	0	18	37	192	211	5.7	17.4
Seq10002_672_bp_-1_1_3	ENA|ACH70901|ACH70901.1	80.00	5	1	0	34	38	2	6	6.4	16.9
Seq10002_672_bp_-1_1_3	ENA|CAA24711|CAA24711.1	62.50	8	3	0	7	14	3	10	6.5	15.8
Seq10002_672_bp_-1_1_3	ENA|ABD33854|ABD33854.1	100.00	4	0	0	29	32	10	13	7.2	14.2
Seq10002_672_bp_-1_1_3	ENA|BAA32018|BAA32018.1	57.14	7	3	0	27	33	365	371	7.6	17.4
Seq10002_672_bp_-1_1_3	ENA|BAA05866|BAA05866.1	54.55	13	5	2	9	19	30	42	7.8	16.3
Seq10002_672_bp_-1_1_3	ENA|AAB03707|AAB03707.1	42.86	14	8	0	13	26	826	839	7.9	18.5
Seq10002_672_bp_-1_1_3	ENA|CCP43727|CCP43727.1	50.00	21	9	3	6	26	201	218	8.3	16.3
Seq10002_672_bp_-1_1_3	ENA|ABD49687|ABD49687.1	71.43	7	2	0	33	39	117	123	9.7	18.5
Seq10002_672_bp_-1_1_4	ENA|AAA36114|AAA36114.1	71.43	7	2	0	3	9	340	346	0.18	20.9
Seq10002_672_bp_-1_1_4	ENA|CAL82360|CAL82360.1	71.43	7	2	0	4	10	139	145	0.69	20.3
Seq10002_672_bp_-1_1_4	ENA|AAB66912|AAB66912.1	60.00	10	4	0	2	11	298	307	0.77	19.7
Seq10002_672_bp_-1_1_4	ENA|AAC78721|AAC78721.1	77.78	11	2	2	1	11	569	577	1.3	18.4
Seq10002_672_bp_-1_1_4	ENA|CAB75732|CAB75732.1	50.00	8	4	0	5	12	638	645	1.5	19.0
Seq10002_672_bp_-1_1_4	ENA|AAA32624|AAA32624.1	71.43	7	2	0	6	12	444	450	1.6	17.8
Seq10002_672_bp_-1_1_4	ENA|AAI27517|AAI27517.1	80.00	5	1	0	3	7	374	378	1.8	17.8
Seq10002_672_bp_-1_1_4	ENA|AAA25966|AAA25966.1	41.67	12	7	0	1	12	188	199	2.1	17.8
Seq10002_672_bp_-1_1_4	ENA|AAC97205|AAC97205.1	50.00	10	5	0	1	10	205	214	2.4	18.4
Seq10002_672_bp_-1_1_4	ENA|AAC26660|AAC26660.1	100.00	4	0	0	6	9	197	200	2.7	15.9
Seq10002_672_bp_-1_1_4	ENA|AAA42531|AAA42531.1	66.67	6	2	0	7	12	318	323	4.1	15.9
Seq10002_672_bp_-1_1_4	ENA|AAR37016|AAR37016.1	83.33	6	1	0	7	12	1154	1159	6.7	17.8
Seq10002_672_bp_-1_1_4	ENA|CAA73529|CAA73529.1	80.00	5	1	0	8	12	239	243	6.7	14.7
Seq10002_672_bp_-1_1_4	ENA|BAA36759|BAA36759.1	100.00	3	0	0	5	7	139	141	7	14.7
Seq10002_672_bp_-1_1_4	ENA|ACH70901|ACH70901.1	100.00	3	0	0	5	7	193	195	8.6	14.7
Seq10002_672_bp_-1_1_4	ENA|AAC08817|AAC08817.1	50.00	6	3	0	4	9	54	59	8.9	13.4
Seq10002_672_bp_-1_1_4	ENA|CAA26939|CAA26939.1	80.00	5	1	0	6	10	492	496	8.9	15.3
Seq10002_672_bp_-1_1_4	ENA|ABK71357|ABK71357.1	75.00	4	1	0	2	5	44	47	8.9	14.7
Seq10002_672_bp_-1_1_4	ENA|AAA18786|AAA18786.1	100.00	3	0	0	3	5	137	139	9.8	14.1
Seq10002_672_bp_-1_1_4	ENA|CAA45708|CAA45708.1	62.50	8	3	0	3	10	703	710	9.9	16.6
Seq10002_672_bp_-1_1_5	ENA|AAF79734|AAF79734.1	66.67	10	3	1	1	9	866	875	0.41	21.1
Seq10002_672_bp_-1_1_5	ENA|AAR37016|AAR37016.1	100.00	4	0	0	3	6	59	62	1.5	19.9
Seq10002_672_bp_-1_1_5	ENA|ABD49687|ABD49687.1	80.00	5	1	0	1	5	1712	1716	1.6	19.3
Seq10002_672_bp_-1_1_5	ENA|ACT10338|ACT10338.1	100.00	4	0	0	5	8	274	277	2.9	16.3
Seq10002_672_bp_-1_1_5	ENA|AAB03707|AAB03707.1	40.00	10	6	0	2	11	418	427	3	18.1
Seq10002_672_bp_-1_1_5	ENA|CAA11507|CAA11507.1	57.14	7	3	0	3	9	411	417	4.4	17.5
Seq10002_672_bp_-1_1_5	ENA|BAA32018|BAA32018.1	80.00	5	1	0	6	10	133	137	4.6	16.3
Seq10002_672_bp_-1_1_5	ENA|BAA36759|BAA36759.1	100.00	3	0	0	3	5	276	278	4.8	15.1
Seq10002_672_bp_-1_1_5	ENA|AAA24145|AAA24145.1	75.00	4	1	0	3	6	312	315	5.1	15.7
Seq10002_672_bp_-1_1_5	ENA|CAA45199|CAA45199.1	50.00	6	3	0	3	8	385	390	5.2	15.7
Seq10002_672_bp_-1_1_5	ENA|AAC49865|AAC49865.1	60.00	5	2	0	6	10	30	34	5.5	15.1
Seq10002_672_bp_-1_1_5	ENA|AAB66912|AAB66912.1	80.00	5	1	0	4	8	622	626	6.7	16.3
Seq10002_672_bp_-1_1_5	ENA|CAA36214|CAA36214.1	75.00	4	1	0	2	5	280	283	7.5	14.5
Seq10002_672_bp_-1_1_5	ENA|CAA36714|CAA36714.1	75.00	4	1	0	1	4	276	279	7.6	15.1
Seq10002_672_bp_-1_1_5	ENA|AAB26998|AAB26998.1	66.67	3	1	0	4	6	39	41	9.9	12.2
Seq10002_672_bp_-1_1_5	ENA|AAC17860|AAC17860.1	80.00	5	1	0	2	6	67	71	9.9	14.5
Seq10002_672_bp_-1_1_6	ENA|BAB79260|BAB79260.1	85.71	7	1	0	5	11	27	33	0.24	21.5
Seq10002_672_bp_-1_1_6	ENA|CAA36214|CAA36214.1	80.00	5	1	0	14	18	244	248	0.53	19.8
Seq10002_672_bp_-1_1_6	ENA|AAA72732|AAA72732.1	55.56	9	4	0	18	26	112	120	2.6	17.5
Seq10002_672_bp_-1_1_6	ENA|AAA36114|AAA36114.1	50.00	8	4	0	11	18	393	400	2.8	18.0
Seq10002_672_bp_-1_1_6	ENA|CAA11507|CAA11507.1	83.33	6	1	0	17	22	1201	1206	3.4	19.2
Seq10002_672_bp_-1_1_6	ENA|CAA36714|CAA36714.1	62.50	8	3	0	9	16	204	211	3.8	17.5
Seq10002_672_bp_-1_1_6	ENA|AAA36539|AAA36539.1	31.58	19	13	0	9	27	136	154	3.9	17.5
Seq10002_672_bp_-1_1_6	ENA|ACH70901|ACH70901.1	66.67	6	2	0	17	22	243	248	4.4	16.9
Seq10002_672_bp_-1_1_6	ENA|CAA73529|CAA73529.1	50.00	17	7	3	6	22	190	203	4.9	16.3
Seq10002_672_bp_-1_1_6	ENA|BAB17681|BAB17681.1	66.67	6	2	0	8	13	117	122	4.9	16.3
Seq10002_672_bp_-1_1_6	ENA|CAA29968|CAA29968.1	83.33	7	1	1	6	11	82	88	5.2	15.8
Seq10002_672_bp_-1_1_6	ENA|AAR31603|AAR31603.1	100.00	3	0	0	3	5	143	145	5.8	16.3
Seq10002_672_bp_-1_1_6	ENA|AAA32624|AAA32624.1	35.29	17	11	0	2	18	324	340	6.2	16.9
Seq10002_672_bp_-1_1_6	ENA|AAC97205|AAC97205.1	35.71	14	9	0	6	19	739	752	6.7	18.0
Seq10002_672_bp_-1_1_6	ENA|BAA32018|BAA32018.1	57.14	7	3	0	13	19	228	234	7.4	16.9
Seq10002_672_bp_-1_1_6	ENA|CAA45199|CAA45199.1	42.86	15	8	1	2	16	79	92	8.2	16.3
Seq10002_672_bp_-1_1_6	ENA|CAA43419|CAA43419.1	40.00	10	6	0	4	13	230	239	9.3	15.8
Seq10002_672_bp_-1_1_6	ENA|ACT10338|ACT10338.1	42.86	7	4	0	9	15	24	30	9.8	15.8
Seq10002_672_bp_-1_1_7	ENA|AAR37016|AAR37016.1	45.00	20	11	0	9	28	1633	1652	0.27	24.1
Seq10002_672_bp_-1_1_7	ENA|CAA43419|CAA43419.1	44.44	20	10	2	4	23	223	240	0.59	20.3
Seq10002_672_bp_-1_1_7	ENA|AAA42531|AAA42531.1	60.00	10	4	0	20	29	173	182	0.63	20.3
Seq10002_672_bp_-1_1_7	ENA|CAA45708|CAA45708.1	75.00	8	2	0	6	13	713	720	1.2	21.4
Seq10002_672_bp_-1_1_7	ENA|AAC97205|AAC97205.1	70.00	10	3	0	9	18	1129	1138	2.9	19.7
Seq10002_672_bp_-1_1_7	ENA|ACT10338|ACT10338.1	38.46	28	16	2	7	32	151	178	5.8	17.0
Seq10002_672_bp_-1_1_7	ENA|AAS77176|AAS77176.1	36.36	11	7	0	13	23	207	217	6.3	16.4
Seq10002_672_bp_-1_1_7	ENA|ABD33854|ABD33854.1	50.00	4	2	0	13	16	41	44	6.3	14.3
Seq10002_672_bp_-1_1_7	ENA|AAQ92751|AAQ92751.2	40.00	15	9	0	16	30	223	237	6.6	18.6
Seq10002_672_bp_-1_1_7	ENA|EDO47375|EDO47375.1	40.00	10	6	0	24	33	143	152	8.6	15.4
Seq10002_672_bp_-1_1_7	ENA|AAI27517|AAI27517.1	46.15	13	7	0	23	35	217	229	8.6	17.0
Seq10002_672_bp_-1_1_7	ENA|BAA36759|BAA36759.1	57.14	15	6	1	19	32	124	138	9	15.9
Seq10002_672_bp_-1_1_8	ENA|ACH70901|ACH70901.1	80.00	11	2	1	6	15	95	105	0.05	22.6
Seq10002_672_bp_-1_1_8	ENA|ACH70901|ACH70901.1	80.00	5	1	0	1	5	72	76	0.25	20.2
Seq10002_672_bp_-1_1_8	ENA|ABD33854|ABD33854.1	42.86	7	4	0	2	8	47	53	2.5	14.4
Seq10002_672_bp_-1_1_8	ENA|CAA45199|CAA45199.1	66.67	6	2	0	7	12	191	196	5.4	16.1
Seq10002_672_bp_-1_1_8	ENA|AAA25966|AAA25966.1	50.00	10	5	0	6	15	30	39	5.6	16.7
Seq10002_672_bp_-1_1_8	ENA|AAB26998|AAB26998.1	100.00	3	0	0	2	4	77	79	6.8	13.2
Seq10002_672_bp_-1_1_8	ENA|BAA32991|BAA32991.1	41.67	13	7	1	2	13	16	28	8.7	12.6
Seq10002_672_bp_-1_1_8	ENA|AAI27517|AAI27517.1	66.67	6	2	0	7	12	431	436	9.8	15.5
Seq10002_672_bp_-1_2_0	ENA|AAC49865|AAC49865.1	80.00	5	1	0	2	6	173	177	1.3	18.1
Seq10002_672_bp_-1_2_0	ENA|ACH70901|ACH70901.1	62.50	8	3	0	12	19	52	59	1.5	18.1
Seq10002_672_bp_-1_2_0	ENA|CAL82360|CAL82360.1	71.43	7	2	0	12	18	1018	1024	1.6	19.8
Seq10002_672_bp_-1_2_0	ENA|EDO47375|EDO47375.1	55.56	9	4	0	9	17	5	13	2.4	16.4
Seq10002_672_bp_-1_2_0	ENA|AAQ92751|AAQ92751.2	100.00	8	0	1	14	20	760	767	2.6	19.2
Seq10002_672_bp_-1_2_0	ENA|CAA28033|CAA28033.1	71.43	7	2	0	12	18	1035	1041	3.5	18.7
Seq10002_672_bp_-1_2_0	ENA|AAA18786|AAA18786.1	80.00	5	1	0	13	17	119	123	4.8	15.9
Seq10002_672_bp_-1_2_0	ENA|AAC08817|AAC08817.1	57.14	7	3	0	11	17	45	51	6.1	14.8
Seq10002_672_bp_-1_2_0	ENA|AAC26660|AAC26660.1	66.67	6	2	0	10	15	47	52	6.7	15.3
Seq10002_672_bp_-1_2_0	ENA|AAC97205|AAC97205.1	46.15	13	7	0	3	15	260	272	7	17.5
Seq10002_672_bp_-1_2_0	ENA|CAA73529|CAA73529.1	50.00	15	7	1	3	16	40	54	7.1	15.3
Seq10002_672_bp_-1_2_0	ENA|CAA45199|CAA45199.1	80.00	5	1	0	11	15	111	115	8.3	15.9
Seq10002_672_bp_-1_2_1	ENA|CCP43727|CCP43727.1	66.67	9	3	0	9	17	247	255	0.53	19.5
Seq10002_672_bp_-1_2_1	ENA|BAB79260|BAB79260.1	83.33	6	1	0	5	10	4	9	0.73	19.5
Seq10002_672_bp_-1_2_1	ENA|CAD53387|CAD53387.1	62.50	8	3	0	11	18	10	17	0.81	19.5
Seq10002_672_bp_-1_2_1	ENA|CAD53387|CAD53387.1	62.50	8	3	0	11	18	76	83	0.81	19.5
Seq10002_672_bp_-1_2_1	ENA|CAD53387|CAD53387.1	62.50	8	3	0	11	18	142	149	0.81	19.5
Seq10002_672_bp_-1_2_1	ENA|CAD53387|CAD53387.1	62.50	8	3	0	11	18	208	215	0.81	19.5
Seq10002_672_bp_-1_2_1	ENA|CAD53387|CAD53387.1	62.50	8	3	0	11	18	274	281	0.81	19.5
Seq10002_672_bp_-1_2_1	ENA|CAD53387|CAD53387.1	62.50	8	3	0	11	18	340	347	0.81	19.5
Seq10002_672_bp_-1_2_1	ENA|CAD53387|CAD53387.1	62.50	8	3	0	11	18	406	413	0.81	19.5
Seq10002_672_bp_-1_2_1	ENA|AAA36114|AAA36114.1	35.71	14	9	0	2	15	488	501	1.2	19.0
Seq10002_672_bp_-1_2_1	ENA|CAA26023|CAA26023.1	71.43	7	2	0	15	21	8	14	1.3	18.4
Seq10002_672_bp_-1_2_1	ENA|AAF79734|AAF79734.1	43.75	16	9	0	6	21	79	94	1.6	20.0
Seq10002_672_bp_-1_2_1	ENA|AAC26660|AAC26660.1	60.00	10	4	0	4	13	221	230	1.8	17.4
Seq10002_672_bp_-1_2_1	ENA|CAB75732|CAB75732.1	62.50	8	3	0	5	12	326	333	2.7	19.0
Seq10002_672_bp_-1_2_1	ENA|AAA24145|AAA24145.1	100.00	4	0	0	15	18	207	210	3.2	17.4
Seq10002_672_bp_-1_2_1	ENA|AAA25966|AAA25966.1	45.45	11	6	0	1	11	92	102	3.5	17.9
Seq10002_672_bp_-1_2_1	ENA|AAR37016|AAR37016.1	75.00	8	2	0	12	19	1027	1034	3.7	19.5
Seq10002_672_bp_-1_2_1	ENA|AAI27517|AAI27517.1	56.25	18	7	2	6	21	379	396	4.1	17.4
Seq10002_672_bp_-1_2_1	ENA|AAA36539|AAA36539.1	36.36	11	7	0	1	11	413	423	4.8	16.8
Seq10002_672_bp_-1_2_1	ENA|AAR31603|AAR31603.1	63.64	14	4	3	9	19	278	291	4.8	16.3
Seq10002_672_bp_-1_2_1	ENA|AAC08817|AAC08817.1	80.00	5	1	0	16	20	135	139	4.8	15.2
Seq10002_672_bp_-1_2_1	ENA|CAA36214|CAA36214.1	66.67	6	2	0	7	12	107	112	6.4	15.7
Seq10002_672_bp_-1_2_1	ENA|AAC40132|AAC40132.1	57.14	7	3	0	11	17	348	354	6.8	16.3
Seq10002_672_bp_-1_2_1	ENA|BAA36759|BAA36759.1	50.00	6	3	0	2	7	170	175	8.6	15.2
Seq10002_672_bp_-1_2_2	ENA|AAC97205|AAC97205.1	66.67	13	4	1	6	18	466	477	0.24	23.0
Seq10002_672_bp_-1_2_2	ENA|CAA29968|CAA29968.1	100.00	5	0	0	12	16	100	104	1.1	18.2
Seq10002_672_bp_-1_2_2	ENA|BAA36759|BAA36759.1	55.56	9	4	0	7	15	5	13	3.2	17.1
Seq10002_672_bp_-1_2_2	ENA|ABD33854|ABD33854.1	36.36	11	7	0	3	13	52	62	4.5	14.5
Seq10002_672_bp_-1_2_2	ENA|AAS77176|AAS77176.1	57.14	7	3	0	10	16	77	83	4.6	16.6
Seq10002_672_bp_-1_2_2	ENA|AAR31603|AAR31603.1	36.36	11	7	0	3	13	244	254	5.2	16.6
Seq10002_672_bp_-1_2_2	ENA|CAA24711|CAA24711.1	80.00	5	1	0	8	12	166	170	5.7	15.5
Seq10002_672_bp_-1_2_2	ENA|AAA18786|AAA18786.1	66.67	6	2	0	7	12	95	100	8.6	15.5
Seq10002_672_bp_-1_2_2	ENA|AAB96524|AAB96524.1	44.44	9	5	0	8	16	83	91	8.7	15.0
Seq10002_672_bp_-1_2_3	ENA|CAA24711|CAA24711.1	62.50	8	3	0	6	13	61	68	1.6	17.0
Seq10002_672_bp_-1_2_3	ENA|CAA36714|CAA36714.1	46.15	13	7	0	3	15	149	161	3.1	17.5
Seq10002_672_bp_-1_2_3	ENA|ABK71357|ABK71357.1	38.89	18	11	0	3	20	277	294	3.4	17.0
Seq10002_672_bp_-1_2_3	ENA|EDO47375|EDO47375.1	41.67	12	7	0	2	13	5	16	6.5	15.0
Seq10002_672_bp_-1_2_3	ENA|CAA45708|CAA45708.1	33.33	12	8	0	1	12	122	133	6.9	17.9
Seq10002_672_bp_-1_2_3	ENA|AAQ92751|AAQ92751.2	62.50	8	3	0	10	17	1037	1044	8.6	17.5
Seq10002_672_bp_-1_2_3	ENA|CAA29956|CAA29956.1	55.56	9	4	0	3	11	219	227	9.1	15.5
Seq10002_672_bp_-1_2_3	ENA|BAB17681|BAB17681.1	100.00	4	0	0	5	8	251	254	9.2	15.0
Seq10002_672_bp_-1_2_4	ENA|CAA28033|CAA28033.1	70.00	10	3	0	55	64	573	582	2.9	21.5
Seq10002_672_bp_-1_2_4	ENA|AAB03707|AAB03707.1	36.84	40	24	2	37	74	729	768	3	21.5
Seq10002_672_bp_-1_2_4	ENA|CAA11507|CAA11507.1	32.00	25	17	0	53	77	804	828	4	21.0
Seq10002_672_bp_-1_2_4	ENA|AAA72732|AAA72732.1	75.00	8	2	0	96	103	308	315	5.8	18.3
Seq10002_672_bp_-1_2_4	ENA|CCP43727|CCP43727.1	27.27	22	16	0	31	52	17	38	6.1	18.3
Seq10002_672_bp_-1_2_4	ENA|AAC97205|AAC97205.1	42.86	14	8	0	33	46	1096	1109	6.6	20.1
Seq10002_672_bp_-1_2_4	ENA|AAS77176|AAS77176.1	33.33	21	14	0	22	42	11	31	7.2	17.9
Seq10002_672_bp_-1_2_4	ENA|CAA26939|CAA26939.1	27.78	36	26	0	1	36	241	276	7.6	18.8
Seq10002_672_bp_-1_2_4	ENA|AAC26660|AAC26660.1	62.50	8	3	0	55	62	91	98	8.6	17.5
