Seq10082_572_bp_1_0_0	BAA32956.1	54.55	11	5	0	9	19	12	22	0.018	24.1
Seq10082_572_bp_1_0_0	CAD53387.1	63.64	11	4	0	12	22	488	498	0.043	24.1
Seq10082_572_bp_1_0_0	AAR31603.1	42.86	21	12	0	4	24	287	307	0.098	22.3
Seq10082_572_bp_1_0_0	BAA32991.1	66.67	6	2	0	11	16	48	53	0.56	17.5
Seq10082_572_bp_1_0_0	BAE97662.1	39.13	23	14	0	4	26	167	189	1.2	20.5
Seq10082_572_bp_1_0_0	AAX12058.1	50.00	10	5	0	13	22	143	152	2.2	17.5
Seq10082_572_bp_1_0_0	ABK71357.1	35.29	17	11	0	8	24	279	295	2.9	17.5
Seq10082_572_bp_1_0_0	AAA18786.1	30.77	13	9	0	5	17	210	222	3.2	16.9
Seq10082_572_bp_1_0_0	CAA43372.1	40.00	20	12	0	3	22	355	374	3.3	17.5
Seq10082_572_bp_1_0_0	AAA26915.1	44.44	9	5	0	17	25	151	159	3.7	17.5
Seq10082_572_bp_1_0_0	AAA25966.1	40.00	22	12	2	3	24	557	576	3.8	18.1
Seq10082_572_bp_1_0_0	AAC17860.1	41.18	17	10	0	5	21	215	231	4.8	16.9
Seq10082_572_bp_1_0_0	AAC78721.1	100.00	5	0	0	4	8	419	423	5.2	17.5
Seq10082_572_bp_1_0_0	AIR13712.1	40.00	10	6	0	17	26	90	99	5.8	16.3
Seq10082_572_bp_1_0_0	AAA23282.1	44.44	9	5	0	13	21	293	301	6.6	16.9
Seq10082_572_bp_1_0_0	CAA74140.1	30.77	13	9	0	13	25	11	23	7.1	17.5
Seq10082_572_bp_1_0_0	AAA24969.1	30.00	20	14	0	1	20	1022	1041	7.7	18.1
Seq10082_572_bp_1_0_0	ABD49687.1	41.67	12	7	0	13	24	712	723	8.5	18.1
Seq10082_572_bp_1_0_0	AAX84812.1	66.67	6	2	0	13	18	141	146	9	15.1
Seq10082_572_bp_1_0_0	AAC97205.1	57.14	7	3	0	9	15	788	794	9.2	17.5
Seq10082_572_bp_1_0_0	AAA42531.1	50.00	8	4	0	18	25	49	56	9.9	15.7
Seq10082_572_bp_1_0_1	AAX12058.1	50.00	12	6	0	5	16	134	145	0.48	19.1
Seq10082_572_bp_1_0_1	CAA45199.1	54.55	11	5	0	2	12	56	66	0.56	19.7
Seq10082_572_bp_1_0_1	BAA32956.1	35.29	17	11	0	1	17	80	96	1.2	17.3
Seq10082_572_bp_1_0_1	ABD49687.1	50.00	14	7	0	3	16	1561	1574	2	19.7
Seq10082_572_bp_1_0_1	ACT10338.1	77.78	12	2	3	7	15	362	373	2.3	17.3
Seq10082_572_bp_1_0_1	ABN10845.1	33.33	12	8	0	1	12	97	108	6.2	15.0
Seq10082_572_bp_1_0_1	AAC08817.1	100.00	3	0	0	11	13	34	36	7	14.4
Seq10082_572_bp_1_0_1	AAQ92751.2	45.45	11	6	0	1	11	436	446	7.7	17.3
Seq10082_572_bp_1_0_1	AAA32624.1	36.36	11	7	0	1	11	105	115	9.7	15.6
Seq10082_572_bp_1_0_2	CAA45199.1	50.00	12	6	0	4	15	186	197	0.064	22.9
Seq10082_572_bp_1_0_2	AEE27845.1	42.86	14	8	0	5	18	743	756	2	19.5
Seq10082_572_bp_1_0_2	AAA72732.1	46.15	13	7	0	7	19	95	107	2.1	17.3
Seq10082_572_bp_1_0_2	ABK71357.1	71.43	7	2	0	1	7	252	258	2.5	17.3
Seq10082_572_bp_1_0_2	AAA32624.1	66.67	6	2	0	11	16	28	33	3.5	17.3
Seq10082_572_bp_1_0_2	AAA36565.1	50.00	6	3	0	5	10	74	79	3.6	15.6
Seq10082_572_bp_1_0_2	AAB26998.1	42.86	7	4	0	5	11	72	78	3.7	14.5
Seq10082_572_bp_1_0_2	ABS38337.1	40.00	10	6	0	10	19	430	439	3.9	18.4
Seq10082_572_bp_1_0_2	AAB03707.1	33.33	15	10	0	5	19	981	995	4.1	18.4
Seq10082_572_bp_1_0_2	AAB64315.2	36.36	11	7	0	6	16	32	42	4.7	16.2
Seq10082_572_bp_1_0_2	AAX84812.1	66.67	6	2	0	10	15	108	113	4.9	15.6
Seq10082_572_bp_1_0_2	AAI27517.1	66.67	6	2	0	5	10	23	28	5.7	16.7
Seq10082_572_bp_1_0_2	AAB96524.1	37.50	8	5	0	5	12	42	49	5.7	15.0
Seq10082_572_bp_1_0_2	ABL74574.1	41.67	12	7	0	8	19	27	38	8.7	15.0
Seq10082_572_bp_1_0_2	AAQ92751.2	66.67	9	3	0	9	17	305	313	8.7	17.3
Seq10082_572_bp_1_0_2	AAA24969.1	71.43	7	2	0	3	9	932	938	9.5	17.3
Seq10082_572_bp_1_0_2	AIR13712.1	80.00	5	1	0	2	6	313	317	9.8	15.0
Seq10082_572_bp_1_0_3	ABS38337.1	42.11	19	11	0	44	62	1268	1286	1.1	22.0
Seq10082_572_bp_1_0_3	ABN10845.1	55.00	23	9	3	1	20	103	125	1.5	19.0
Seq10082_572_bp_1_0_3	CAA73529.1	35.29	17	11	0	31	47	101	117	5.9	17.3
Seq10082_572_bp_1_0_3	AAA45888.1	50.00	14	7	0	7	20	318	331	6.1	17.7
Seq10082_572_bp_1_0_3	ABK71357.1	33.33	26	16	2	37	60	329	354	7.9	17.3
Seq10082_572_bp_1_1_0	AAX12058.1	54.55	11	5	0	4	14	21	31	0.42	19.5
Seq10082_572_bp_1_1_0	AAA24142.1	71.43	7	2	0	5	11	366	372	5.5	16.4
Seq10082_572_bp_1_1_0	BAE97662.1	83.33	6	1	0	4	9	1105	1110	9.3	16.9
Seq10082_572_bp_1_1_1	AAA36565.1	43.75	16	9	0	3	18	23	38	2.9	16.8
Seq10082_572_bp_1_1_1	AAX12058.1	31.82	22	15	0	9	30	134	155	8.6	15.8
Seq10082_572_bp_1_1_1	ABL74574.1	20.00	20	16	0	16	35	212	231	9	15.8
Seq10082_572_bp_1_1_1	AAA72732.1	46.67	15	8	0	18	32	136	150	9.7	15.8
Seq10082_572_bp_1_1_2	AAA26915.1	33.33	12	8	0	3	14	430	441	0.19	21.5
Seq10082_572_bp_1_1_2	ACH70904.1	50.00	10	5	0	1	10	140	149	0.33	20.3
Seq10082_572_bp_1_1_2	AAC17860.1	66.67	6	2	0	3	8	311	316	0.38	20.3
Seq10082_572_bp_1_1_2	BAA32956.1	28.57	14	10	0	5	18	34	47	0.96	18.0
Seq10082_572_bp_1_1_2	AAA25966.1	40.00	10	6	0	4	13	319	328	0.99	19.7
Seq10082_572_bp_1_1_2	AAC97205.1	80.00	5	1	0	5	9	659	663	1.1	20.3
Seq10082_572_bp_1_1_2	CAA45199.1	44.44	9	5	0	5	13	210	218	1.4	18.6
Seq10082_572_bp_1_1_2	AAA24969.1	41.18	17	10	0	3	19	245	261	3.1	19.2
Seq10082_572_bp_1_1_2	AAB26998.1	100.00	3	0	0	6	8	45	47	3.9	14.5
Seq10082_572_bp_1_1_2	BAA32991.1	28.57	14	10	0	8	21	32	45	7.3	13.4
Seq10082_572_bp_1_1_2	AAA65607.1	50.00	6	3	0	14	19	170	175	7.8	15.7
Seq10082_572_bp_1_1_2	AAI27517.1	66.67	6	2	0	1	6	303	308	8.4	16.3
Seq10082_572_bp_1_1_2	EDO47375.1	75.00	4	1	0	1	4	173	176	8.8	14.5
Seq10082_572_bp_1_1_3	CAD53387.1	47.37	19	10	0	14	32	28	46	0.33	21.9
Seq10082_572_bp_1_1_3	CAD53387.1	47.37	19	10	0	14	32	94	112	0.33	21.9
Seq10082_572_bp_1_1_3	CAD53387.1	47.37	19	10	0	14	32	160	178	0.33	21.9
Seq10082_572_bp_1_1_3	CAD53387.1	47.37	19	10	0	14	32	226	244	0.33	21.9
Seq10082_572_bp_1_1_3	CAD53387.1	47.37	19	10	0	14	32	292	310	0.33	21.9
Seq10082_572_bp_1_1_3	CAD53387.1	47.37	19	10	0	14	32	358	376	0.33	21.9
Seq10082_572_bp_1_1_3	CAD53387.1	47.37	19	10	0	14	32	424	442	0.33	21.9
Seq10082_572_bp_1_1_3	ABK71357.1	40.00	15	9	0	9	23	51	65	0.68	20.4
Seq10082_572_bp_1_1_3	AAC08817.1	57.14	7	3	0	17	23	138	144	1.7	17.9
Seq10082_572_bp_1_1_3	AAR31603.1	62.50	8	3	0	16	23	262	269	2.4	18.4
Seq10082_572_bp_1_1_3	AAI27517.1	62.50	8	3	0	24	31	251	258	4.2	18.4
Seq10082_572_bp_1_1_3	AAA24142.1	45.45	11	6	0	22	32	199	209	4.5	17.9
Seq10082_572_bp_1_1_3	AAA25966.1	80.00	5	1	0	3	7	492	496	5.1	18.4
Seq10082_572_bp_1_1_3	AAC17860.1	71.43	7	2	0	20	26	373	379	8	16.9
Seq10082_572_bp_1_1_3	ABN10845.1	11.11	18	16	0	27	44	17	34	8.4	15.9
Seq10082_572_bp_1_1_3	AAB26998.1	33.33	15	10	0	10	24	20	34	8.5	14.4
Seq10082_572_bp_1_1_3	AAB03707.1	46.15	13	7	0	21	33	245	257	9.4	18.4
Seq10082_572_bp_1_1_3	AAB96524.1	36.36	11	7	0	25	35	130	140	10	15.4
Seq10082_572_bp_1_1_4	AAA45888.1	60.00	10	4	0	1	10	346	355	0.53	20.2
Seq10082_572_bp_1_1_4	AAA32624.1	62.50	8	3	0	18	25	396	403	2.1	18.6
Seq10082_572_bp_1_1_4	ABK71357.1	40.00	15	9	0	5	19	129	143	2.1	18.1
Seq10082_572_bp_1_1_4	AAB64315.2	36.36	22	14	0	7	28	133	154	2.6	17.6
Seq10082_572_bp_1_1_4	AAR31603.1	50.00	10	5	0	9	18	28	37	2.6	17.6
Seq10082_572_bp_1_1_4	ACT10338.1	33.33	18	12	0	1	18	201	218	3.1	17.6
Seq10082_572_bp_1_1_4	CAA26230.1	41.67	12	7	0	11	22	100	111	4.4	17.6
Seq10082_572_bp_1_1_4	AAA25966.1	55.56	9	4	0	13	21	226	234	7.9	17.1
Seq10082_572_bp_1_2_0	BAA32956.1	29.17	24	17	0	1	24	174	197	1.6	18.5
Seq10082_572_bp_1_2_0	CAA11507.1	56.25	16	7	0	30	45	427	442	2.3	20.7
Seq10082_572_bp_1_2_0	BAA32018.1	28.57	28	20	0	14	41	378	405	3.5	19.0
Seq10082_572_bp_1_2_0	CAA45199.1	47.06	17	9	0	5	21	309	325	3.6	18.5
Seq10082_572_bp_1_2_0	CAA04196.1	33.33	18	12	0	7	24	404	421	7.5	17.2
Seq10082_572_bp_1_2_0	AAA23282.1	30.43	23	16	0	9	31	69	91	7.5	17.7
Seq10082_572_bp_1_2_0	AAX12058.1	40.00	15	9	0	15	29	18	32	8.8	16.4
Seq10082_572_bp_1_2_0	AAB03707.1	35.48	31	20	0	21	51	873	903	9.8	18.5
Seq10082_572_bp_1_2_1	AIR13712.1	53.85	13	6	0	4	16	131	143	0.09	21.9
Seq10082_572_bp_1_2_1	AIR13712.1	54.55	11	5	0	5	15	156	166	0.56	19.2
Seq10082_572_bp_1_2_1	AAA45888.1	69.23	14	4	1	3	15	341	354	0.15	21.3
Seq10082_572_bp_1_2_1	ACT10338.1	43.75	16	9	0	3	18	209	224	0.32	20.3
Seq10082_572_bp_1_2_1	AAC08817.1	62.50	8	3	0	8	15	25	32	1.7	16.6
Seq10082_572_bp_1_2_1	AAB26998.1	71.43	7	2	0	11	17	58	64	2.4	15.0
Seq10082_572_bp_1_2_1	AAC78721.1	50.00	14	7	0	4	17	571	584	3.3	17.6
Seq10082_572_bp_1_2_1	EDO47375.1	50.00	10	5	0	2	11	28	37	4	15.5
Seq10082_572_bp_1_2_1	AAR31603.1	55.56	9	4	0	7	15	52	60	4.8	16.0
Seq10082_572_bp_1_2_1	ABD49687.1	83.33	6	1	0	9	14	216	221	8.1	17.6
Seq10082_572_bp_1_2_2	AAI27517.1	27.91	46	31	3	2	47	322	364	0.97	20.7
Seq10082_572_bp_1_2_2	ACT10338.1	35.00	20	13	0	1	20	270	289	4.6	17.8
Seq10082_572_bp_1_2_2	AAH69556.1	50.00	8	4	0	23	30	147	154	7	16.8
Seq10082_572_bp_1_2_2	AAA24142.1	39.13	25	14	2	20	42	215	239	7.3	17.3
Seq10082_572_bp_1_2_2	AAC78721.1	30.95	44	29	2	2	44	63	105	7.8	17.8
Seq10082_572_bp_1_2_2	BAA32956.1	62.50	8	3	0	26	33	161	168	9.2	15.8
Seq10082_572_bp_1_2_3	AAI27517.1	45.45	24	12	2	1	22	426	449	0.82	19.9
Seq10082_572_bp_1_2_3	AAR31603.1	55.56	9	4	0	4	12	278	286	2.4	17.5
Seq10082_572_bp_1_2_3	BAB17681.1	50.00	8	4	0	14	21	66	73	2.7	17.0
Seq10082_572_bp_1_2_3	ACT10338.1	71.43	7	2	0	3	9	26	32	2.8	17.5
Seq10082_572_bp_1_2_3	BAA32956.1	31.58	19	13	0	1	19	185	203	2.9	16.6
Seq10082_572_bp_1_2_3	ABK71357.1	50.00	8	4	0	15	22	170	177	5	16.6
Seq10082_572_bp_1_2_3	AIR13712.1	50.00	10	5	0	7	16	289	298	6.1	16.1
Seq10082_572_bp_1_2_3	BAB70780.1	54.55	11	5	0	14	24	17	27	6.5	16.6
Seq10082_572_bp_1_2_3	AAB03707.1	45.45	11	6	0	7	17	1003	1013	9.3	17.5
Seq10082_572_bp_-1_0_0	ABK71357.1	50.00	16	8	0	8	23	44	59	0.0056	26.5
Seq10082_572_bp_-1_0_0	CAA26230.1	50.00	12	6	0	7	18	307	318	0.13	22.5
Seq10082_572_bp_-1_0_0	ABD49687.1	42.86	14	8	0	9	22	1062	1075	0.58	22.0
Seq10082_572_bp_-1_0_0	AAA18786.1	35.71	14	9	0	9	22	64	77	0.93	18.6
Seq10082_572_bp_-1_0_0	ABN10845.1	41.67	12	7	0	2	13	112	123	1.1	18.0
Seq10082_572_bp_-1_0_0	AAX84812.1	29.41	17	12	0	8	24	95	111	1.2	18.0
Seq10082_572_bp_-1_0_0	CAA74140.1	60.00	10	4	0	7	16	474	483	1.5	19.7
Seq10082_572_bp_-1_0_0	AIR13712.1	46.15	13	7	0	10	22	105	117	2.5	17.5
Seq10082_572_bp_-1_0_0	AAR31603.1	41.67	12	7	0	1	12	278	289	2.5	17.5
Seq10082_572_bp_-1_0_0	AAB26998.1	57.14	7	3	0	4	10	57	63	4.1	14.6
Seq10082_572_bp_-1_0_0	AAQ92751.2	22.22	18	14	0	6	23	909	926	4.7	18.6
Seq10082_572_bp_-1_0_0	BAE97662.1	55.56	9	4	0	16	24	36	44	5.6	18.0
Seq10082_572_bp_-1_0_0	AAC97205.1	55.56	9	4	0	5	13	1078	1086	6.1	18.0
Seq10082_572_bp_-1_0_0	ABD33854.1	66.67	3	1	0	6	8	47	49	7	13.5
Seq10082_572_bp_-1_0_0	AAA24969.1	45.45	11	6	0	14	24	232	242	7.4	18.0
Seq10082_572_bp_-1_0_0	BAB70780.1	36.36	11	7	0	12	22	270	280	7.6	16.3
Seq10082_572_bp_-1_0_0	AAR37016.1	50.00	8	4	0	6	13	1315	1322	7.7	18.6
Seq10082_572_bp_-1_0_0	AAA32624.1	38.46	13	8	0	6	18	269	281	8.2	16.3
Seq10082_572_bp_-1_0_0	CAA73529.1	45.45	11	6	0	7	17	146	156	9.2	15.2
Seq10082_572_bp_-1_0_1	AAA45888.1	44.44	9	5	0	2	10	212	220	2.8	17.4
Seq10082_572_bp_-1_0_1	CAA43372.1	40.00	15	9	0	4	18	399	413	4.5	16.8
Seq10082_572_bp_-1_0_1	AAQ92751.2	83.33	6	1	0	2	7	1180	1185	4.5	18.5
Seq10082_572_bp_-1_0_1	ABN10845.1	50.00	8	4	0	15	22	150	157	5.2	15.6
Seq10082_572_bp_-1_0_1	CAA04196.1	55.56	9	4	0	11	19	5	13	6.6	16.2
Seq10082_572_bp_-1_0_1	AAA72732.1	80.00	5	1	0	1	5	236	240	7.3	15.6
Seq10082_572_bp_-1_0_2	AAA18786.1	70.00	10	3	0	20	29	235	244	0.44	21.0
Seq10082_572_bp_-1_0_2	AAI27517.1	44.44	9	5	0	25	33	520	528	0.68	21.6
Seq10082_572_bp_-1_0_2	AAC97205.1	35.29	17	11	0	28	44	452	468	0.7	22.6
Seq10082_572_bp_-1_0_2	AAA32376.1	29.41	17	12	0	41	57	126	142	1.2	19.0
Seq10082_572_bp_-1_0_2	AAA45888.1	61.54	15	5	2	25	37	9	23	1.3	20.0
Seq10082_572_bp_-1_0_2	BAA32991.1	55.56	9	4	0	9	17	42	50	1.3	17.5
Seq10082_572_bp_-1_0_2	CAA45199.1	45.45	11	6	0	30	40	138	148	1.6	20.0
Seq10082_572_bp_-1_0_2	CAA26230.1	70.00	10	3	0	47	56	291	300	1.9	20.0
Seq10082_572_bp_-1_0_2	AAR31603.1	50.00	10	5	0	25	34	280	289	2.2	19.0
Seq10082_572_bp_-1_0_2	AAC08817.1	31.25	16	11	0	16	31	141	156	2.2	18.0
Seq10082_572_bp_-1_0_2	AEE27845.1	50.00	10	5	0	29	38	664	673	2.3	21.0
Seq10082_572_bp_-1_0_2	AAR37016.1	38.10	21	13	0	11	31	1267	1287	2.7	21.6
Seq10082_572_bp_-1_0_2	ABD49687.1	46.67	15	8	0	3	17	806	820	2.8	21.0
Seq10082_572_bp_-1_0_2	ABN10845.1	24.14	29	22	0	19	47	158	186	4.1	17.5
Seq10082_572_bp_-1_0_2	ABD33854.1	31.25	16	11	0	44	59	4	19	4.9	15.4
Seq10082_572_bp_-1_0_2	CAA73529.1	50.00	14	7	0	9	22	97	110	5.2	17.5
Seq10082_572_bp_-1_0_2	CAA04196.1	39.13	24	14	1	38	61	338	360	5.5	18.0
Seq10082_572_bp_-1_0_2	AAB96524.1	50.00	10	5	0	34	43	15	24	7	16.4
Seq10082_572_bp_-1_0_2	AAC17860.1	55.56	9	4	0	36	44	398	406	7.6	17.5
Seq10082_572_bp_-1_0_2	AII71783.1	28.00	25	18	0	36	60	240	264	8	16.9
Seq10082_572_bp_-1_0_2	BAB79260.1	71.43	7	2	0	50	56	64	70	8.3	17.5
Seq10082_572_bp_-1_0_2	AAB26998.1	60.00	5	2	0	12	16	31	35	8.4	14.9
Seq10082_572_bp_-1_0_2	AAB03707.1	66.67	9	3	0	35	43	278	286	8.7	19.0
Seq10082_572_bp_-1_0_2	ACH70904.1	27.59	29	21	0	28	56	263	291	9.3	16.9
Seq10082_572_bp_-1_0_2	AAA65607.1	41.67	12	7	0	36	47	163	174	9.4	16.9
Seq10082_572_bp_-1_0_2	EDO47375.1	50.00	13	6	1	35	46	62	74	9.8	15.9
Seq10082_572_bp_-1_0_3	CAA26230.1	34.78	23	15	0	6	28	205	227	0.085	23.3
Seq10082_572_bp_-1_0_3	AAH69556.1	33.33	18	12	0	1	18	70	87	0.15	21.6
Seq10082_572_bp_-1_0_3	AAC08817.1	50.00	6	3	0	6	11	3	8	0.28	19.9
Seq10082_572_bp_-1_0_3	AAA24142.1	38.46	13	8	0	11	23	41	53	1.1	19.3
Seq10082_572_bp_-1_0_3	ABD33854.1	35.71	14	9	0	12	25	2	15	1.2	16.4
Seq10082_572_bp_-1_0_3	AAA72732.1	50.00	12	6	0	6	17	193	204	1.8	18.1
Seq10082_572_bp_-1_0_3	AAA25966.1	100.00	5	0	0	17	21	269	273	1.8	19.3
Seq10082_572_bp_-1_0_3	AII71783.1	43.75	16	9	0	10	25	258	273	2.6	17.5
Seq10082_572_bp_-1_0_3	AAA65607.1	100.00	5	0	0	23	27	71	75	4.5	16.9
Seq10082_572_bp_-1_0_3	ABS38337.1	83.33	6	1	0	23	28	152	157	4.7	18.7
Seq10082_572_bp_-1_0_3	ABL74574.1	52.94	21	8	4	3	20	251	270	5.3	16.4
Seq10082_572_bp_-1_0_3	BAA32956.1	100.00	6	0	1	8	13	26	30	5.7	15.8
Seq10082_572_bp_-1_0_3	ABN10845.1	38.46	13	8	0	8	20	54	66	5.9	15.8
Seq10082_572_bp_-1_0_3	ABD49687.1	62.50	8	3	0	3	10	988	995	6.2	18.7
Seq10082_572_bp_-1_0_3	ABK71357.1	50.00	8	4	0	12	19	134	141	6.7	16.4
Seq10082_572_bp_-1_0_3	AAI27517.1	55.56	9	4	0	10	18	539	547	7.1	16.9
Seq10082_572_bp_-1_0_3	AAR37016.1	62.50	8	3	0	21	28	1210	1217	8.3	18.7
Seq10082_572_bp_-1_1_0	ACT10338.1	31.82	22	15	0	6	27	237	258	0.034	24.1
Seq10082_572_bp_-1_1_0	AAA72732.1	33.33	24	16	0	5	28	241	264	0.62	19.6
Seq10082_572_bp_-1_1_0	AAR37016.1	36.84	19	12	0	9	27	2316	2334	0.66	22.5
Seq10082_572_bp_-1_1_0	BAB17681.1	46.15	14	7	1	3	15	37	50	1.2	18.5
Seq10082_572_bp_-1_1_0	AAC97205.1	35.29	17	11	0	12	28	1168	1184	1.6	20.2
Seq10082_572_bp_-1_1_0	ABN10845.1	27.78	18	13	0	3	20	54	71	2	17.4
Seq10082_572_bp_-1_1_0	ACH70904.1	57.14	16	6	2	2	15	295	310	2.3	17.9
Seq10082_572_bp_-1_1_0	AAC17860.1	50.00	8	4	0	4	11	122	129	2.6	17.9
Seq10082_572_bp_-1_1_0	CAA74140.1	30.00	20	14	0	3	22	455	474	2.7	19.1
Seq10082_572_bp_-1_1_0	AII71783.1	21.43	14	11	0	5	18	216	229	2.9	17.4
Seq10082_572_bp_-1_1_0	CAA43372.1	55.56	9	4	0	20	28	389	397	3.8	17.4
Seq10082_572_bp_-1_1_0	BAA32991.1	24.00	25	19	0	3	27	32	56	4.4	14.5
Seq10082_572_bp_-1_1_0	BAB70780.1	35.29	17	11	0	10	26	146	162	4.4	17.4
Seq10082_572_bp_-1_1_0	AAR31603.1	50.00	8	4	0	5	12	108	115	4.4	16.8
Seq10082_572_bp_-1_1_0	AAA42531.1	26.67	15	11	0	8	22	142	156	5.2	16.8
Seq10082_572_bp_-1_1_0	AEE27845.1	54.55	11	5	0	16	26	51	61	5.8	18.5
Seq10082_572_bp_-1_1_0	BAB79260.1	62.50	8	3	0	14	21	50	57	6	16.8
Seq10082_572_bp_-1_1_0	CAA45199.1	44.44	21	10	3	2	22	410	427	6.3	16.8
Seq10082_572_bp_-1_1_0	AAA18786.1	50.00	8	4	0	14	21	211	218	7.7	15.7
Seq10082_572_bp_-1_1_0	AAI27517.1	26.67	15	11	0	7	21	387	401	7.7	16.8
Seq10082_572_bp_-1_1_0	AAH69556.1	37.50	8	5	0	19	26	251	258	8.7	15.7
Seq10082_572_bp_-1_1_0	AAB64315.2	75.00	4	1	0	19	22	16	19	9.3	15.7
Seq10082_572_bp_-1_1_1	AAC97205.1	35.29	17	11	0	1	17	930	946	0.85	20.6
Seq10082_572_bp_-1_1_1	AAB26998.1	18.18	11	9	0	9	19	37	47	1.3	16.0
Seq10082_572_bp_-1_1_1	AAA32376.1	57.14	7	3	0	8	14	127	133	4.2	15.4
Seq10082_572_bp_-1_1_1	AAX84812.1	50.00	10	5	0	5	14	141	150	5.6	15.4
Seq10082_572_bp_-1_1_1	AAA18786.1	50.00	10	5	0	3	12	219	228	6.4	15.4
Seq10082_572_bp_-1_1_1	AAQ92751.2	50.00	12	6	0	3	14	170	181	6.7	17.7
Seq10082_572_bp_-1_1_1	AAA36565.1	22.22	18	14	0	1	18	128	145	8.7	14.2
Seq10082_572_bp_-1_1_1	AAB03707.1	85.71	7	1	0	5	11	1045	1051	9.6	17.1
Seq10082_572_bp_-1_1_2	AAA45888.1	71.43	15	4	1	9	23	231	244	0.017	24.9
Seq10082_572_bp_-1_1_2	AAC78721.1	58.33	12	5	0	4	15	573	584	0.57	20.7
Seq10082_572_bp_-1_1_2	AIR13712.1	53.85	13	6	0	1	13	177	189	0.58	19.6
Seq10082_572_bp_-1_1_2	ABD33854.1	38.46	13	8	0	7	19	37	49	0.7	17.0
Seq10082_572_bp_-1_1_2	ABL74574.1	54.55	12	5	1	11	21	149	160	1.5	18.0
Seq10082_572_bp_-1_1_2	BAB70780.1	53.85	13	6	0	5	17	294	306	1.8	18.6
Seq10082_572_bp_-1_1_2	AAX84812.1	66.67	6	2	0	17	22	107	112	3.6	16.5
Seq10082_572_bp_-1_1_2	CAA74140.1	71.43	7	2	0	8	14	42	48	4.8	18.0
Seq10082_572_bp_-1_1_2	CAD53387.1	40.00	15	9	0	2	16	23	37	5.3	17.0
Seq10082_572_bp_-1_1_2	BAA32956.1	66.67	6	2	0	8	13	180	185	6.6	15.4
Seq10082_572_bp_-1_1_2	AAA25966.1	83.33	6	1	0	1	6	191	196	7.5	17.0
Seq10082_572_bp_-1_1_2	AAA32624.1	45.45	11	6	0	11	21	88	98	7.8	16.5
Seq10082_572_bp_-1_1_2	ABK71357.1	54.55	11	5	0	3	13	52	62	7.9	15.9
Seq10082_572_bp_-1_1_2	AAA18786.1	100.00	4	0	0	13	16	66	69	8.2	15.4
Seq10082_572_bp_-1_1_2	AAA24142.1	40.00	10	6	0	3	12	53	62	9.5	15.9
Seq10082_572_bp_-1_1_3	ABS38337.1	30.30	33	23	0	4	36	935	967	0.021	27.0
Seq10082_572_bp_-1_1_3	CAA45199.1	36.84	19	12	0	2	20	151	169	0.42	21.3
Seq10082_572_bp_-1_1_3	AAX84812.1	37.50	16	10	0	15	30	82	97	0.61	19.7
Seq10082_572_bp_-1_1_3	BAB17681.1	55.56	9	4	0	7	15	138	146	0.72	19.7
Seq10082_572_bp_-1_1_3	BAA32956.1	70.00	11	3	1	2	11	163	173	0.8	19.2
Seq10082_572_bp_-1_1_3	AAC97205.1	36.84	19	12	0	18	36	762	780	1.1	21.3
Seq10082_572_bp_-1_1_3	AAR37016.1	42.86	14	8	0	23	36	1132	1145	1.5	21.8
Seq10082_572_bp_-1_1_3	ABK71357.1	33.33	15	10	0	1	15	156	170	2	18.6
Seq10082_572_bp_-1_1_3	AAA45888.1	75.00	8	2	0	8	15	219	226	2.1	18.6
Seq10082_572_bp_-1_1_3	AII71783.1	71.43	7	2	0	17	23	30	36	3.4	17.6
Seq10082_572_bp_-1_1_3	AIR13712.1	50.00	12	6	0	9	20	105	116	3.6	17.6
Seq10082_572_bp_-1_1_3	AAB26998.1	50.00	10	5	0	17	26	2	11	5.2	15.0
Seq10082_572_bp_-1_1_3	AAI27517.1	54.55	14	5	3	2	12	562	575	6.3	17.6
Seq10082_572_bp_-1_1_3	CAA43372.1	31.25	16	11	0	11	26	79	94	6.4	17.1
Seq10082_572_bp_-1_1_3	ABN10845.1	38.46	13	8	0	23	35	30	42	6.9	16.0
Seq10082_572_bp_-1_1_3	AAX12058.1	80.00	5	1	0	14	18	127	131	8.5	16.0
Seq10082_572_bp_-1_1_4	AIR13712.1	42.86	21	12	0	10	30	162	182	2	18.4
Seq10082_572_bp_-1_1_4	AAC08817.1	46.67	15	8	0	7	21	27	41	3	16.8
Seq10082_572_bp_-1_1_4	AAA45888.1	50.00	18	9	0	19	36	17	34	3.3	17.9
Seq10082_572_bp_-1_1_4	AAQ92751.2	83.33	6	1	0	9	14	739	744	4	19.4
Seq10082_572_bp_-1_1_4	AAB26998.1	57.14	7	3	0	7	13	57	63	4.2	15.2
Seq10082_572_bp_-1_1_4	ABL74574.1	55.56	9	4	0	22	30	192	200	5.1	16.8
Seq10082_572_bp_-1_1_4	ACT10338.1	33.33	15	10	0	6	20	199	213	6.8	16.8
Seq10082_572_bp_-1_1_4	EDO47375.1	37.50	24	15	0	4	27	40	63	6.8	15.8
Seq10082_572_bp_-1_1_4	ABN10845.1	25.00	20	15	0	17	36	37	56	7.8	15.8
Seq10082_572_bp_-1_1_4	CAA45199.1	45.45	11	6	0	6	16	116	126	8.1	16.8
Seq10082_572_bp_-1_1_4	AAA24969.1	60.00	10	4	0	8	17	400	409	8.8	18.4
Seq10082_572_bp_-1_2_0	AAA25966.1	66.67	9	3	0	3	11	690	698	0.29	20.6
Seq10082_572_bp_-1_2_0	ABK71357.1	62.50	8	3	0	4	11	130	137	0.86	18.0
Seq10082_572_bp_-1_2_0	ABD49687.1	55.56	9	4	0	3	11	54	62	1.6	19.3
Seq10082_572_bp_-1_2_0	AAA24969.1	100.00	5	0	0	2	6	305	309	2.2	18.7
Seq10082_572_bp_-1_2_0	ABL74574.1	57.14	7	3	0	4	10	211	217	2.5	16.1
Seq10082_572_bp_-1_2_0	AAF01122.1	57.14	7	3	0	3	9	31	37	3.2	16.1
Seq10082_572_bp_-1_2_0	AAA32624.1	50.00	8	4	0	1	8	286	293	6.7	15.5
Seq10082_572_bp_-1_2_0	AAC08817.1	50.00	6	3	0	3	8	31	36	7.8	13.6
Seq10082_572_bp_-1_2_0	BAB79260.1	57.14	7	3	0	5	11	403	409	8.8	14.9
Seq10082_572_bp_-1_2_0	BAA32956.1	100.00	3	0	0	1	3	23	25	9.8	13.6
Seq10082_572_bp_-1_2_0	AAR31603.1	50.00	6	3	0	4	9	126	131	9.9	14.2
Seq10082_572_bp_-1_2_1	AAR31603.1	63.64	11	4	0	33	43	305	315	0.41	21.2
Seq10082_572_bp_-1_2_1	BAB79260.1	58.82	18	7	1	14	30	410	427	0.81	20.7
Seq10082_572_bp_-1_2_1	AAA45888.1	61.54	16	5	3	31	46	233	245	0.98	20.1
Seq10082_572_bp_-1_2_1	AII71783.1	46.67	17	8	2	7	23	154	168	1.6	19.1
Seq10082_572_bp_-1_2_1	AAA24142.1	54.55	11	5	0	15	25	277	287	2.4	19.1
Seq10082_572_bp_-1_2_1	BAA32018.1	40.91	22	13	0	10	31	202	223	3.3	19.1
Seq10082_572_bp_-1_2_1	CAA11507.1	60.00	10	4	0	36	45	427	436	3.4	20.1
Seq10082_572_bp_-1_2_1	CAA45199.1	40.00	10	6	0	4	13	446	455	3.5	18.6
Seq10082_572_bp_-1_2_1	AAA25966.1	54.55	11	5	0	33	43	41	51	3.8	19.1
Seq10082_572_bp_-1_2_1	ACT10338.1	30.00	10	7	0	9	18	298	307	5.9	17.5
Seq10082_572_bp_-1_2_1	AAA65607.1	24.39	43	31	2	4	46	114	154	7.9	17.0
Seq10082_572_bp_-1_2_1	AAR37016.1	26.47	34	25	0	6	39	2169	2202	8.2	19.6
Seq10082_572_bp_-1_2_1	AAA42531.1	41.67	12	7	0	38	49	362	373	8.3	17.0
Seq10082_572_bp_-1_2_2	ABD49687.1	46.67	15	8	0	2	16	1719	1733	0.43	22.6
Seq10082_572_bp_-1_2_2	CAA45199.1	42.86	23	12	2	7	27	133	155	0.51	20.5
Seq10082_572_bp_-1_2_2	AIR13712.1	57.14	15	6	1	14	27	244	258	0.51	19.9
Seq10082_572_bp_-1_2_2	AIR13712.1	45.45	23	12	1	3	24	93	115	0.73	19.4
Seq10082_572_bp_-1_2_2	AAR37016.1	39.13	26	14	3	2	24	2180	2205	0.85	22.0
Seq10082_572_bp_-1_2_2	AAA36565.1	40.91	24	13	2	1	22	93	116	1.1	17.8
Seq10082_572_bp_-1_2_2	ABK71357.1	33.33	15	10	0	8	22	241	255	1.7	18.4
Seq10082_572_bp_-1_2_2	AAH69556.1	37.50	27	15	3	4	27	36	62	2	17.8
Seq10082_572_bp_-1_2_2	AAB26998.1	50.00	8	4	0	6	13	30	37	2.2	15.7
Seq10082_572_bp_-1_2_2	AAA32624.1	62.50	8	3	0	20	27	516	523	2.4	18.4
Seq10082_572_bp_-1_2_2	AAA72732.1	50.00	12	6	0	9	20	150	161	2.9	17.3
Seq10082_572_bp_-1_2_2	AAC17860.1	26.92	26	19	0	1	26	249	274	5.3	16.8
Seq10082_572_bp_-1_2_2	BAA32991.1	40.00	10	6	0	12	21	6	15	5.5	14.2
Seq10082_572_bp_-1_2_2	AAQ92751.2	71.43	7	2	0	14	20	215	221	6	18.4
Seq10082_572_bp_-1_2_2	AAR31603.1	41.67	12	7	0	16	27	281	292	6.1	16.3
Seq10082_572_bp_-1_2_2	CAA43372.1	66.67	6	2	0	19	24	245	250	7.6	16.3
Seq10082_572_bp_-1_2_2	ABL74574.1	40.00	10	6	0	5	14	150	159	7.6	15.7
Seq10082_572_bp_-1_2_2	AAA26915.1	50.00	10	5	0	6	15	145	154	8.5	16.3
Seq10082_572_bp_-1_2_2	AAB64315.2	33.33	15	10	0	11	25	4	18	8.6	15.7
Seq10082_572_bp_-1_2_3	AAR37016.1	35.29	17	11	0	1	17	59	75	0.14	24.0
Seq10082_572_bp_-1_2_3	AAR31603.1	58.33	12	5	0	5	16	265	276	0.15	21.0
Seq10082_572_bp_-1_2_3	BAA32956.1	66.67	10	3	1	5	14	71	79	0.34	19.2
Seq10082_572_bp_-1_2_3	CAA43372.1	40.00	10	6	0	1	10	37	46	0.99	18.6
Seq10082_572_bp_-1_2_3	EDO47375.1	42.86	7	4	0	11	17	170	176	1.6	16.8
Seq10082_572_bp_-1_2_3	BAB70780.1	44.44	9	5	0	2	10	63	71	1.8	18.0
Seq10082_572_bp_-1_2_3	CAA74140.1	71.43	7	2	0	9	15	508	514	2.2	18.6
Seq10082_572_bp_-1_2_3	AEE27845.1	80.00	5	1	0	10	14	192	196	3.3	18.6
Seq10082_572_bp_-1_2_3	AAH69556.1	66.67	6	2	0	5	10	229	234	3.7	16.2
Seq10082_572_bp_-1_2_3	ABD33854.1	100.00	3	0	0	10	12	45	47	4.1	13.8
Seq10082_572_bp_-1_2_3	ABK71357.1	50.00	10	5	0	1	10	143	152	4.5	16.2
Seq10082_572_bp_-1_2_3	AAI27517.1	57.14	7	3	0	2	8	522	528	4.8	16.8
Seq10082_572_bp_-1_2_3	CAA04196.1	38.46	13	8	0	3	15	372	384	5.1	16.2
Seq10082_572_bp_-1_2_3	AAB96524.1	33.33	9	6	0	3	11	10	18	5.1	15.0
Seq10082_572_bp_-1_2_3	AIR13712.1	41.67	12	7	0	2	13	36	47	6	15.6
Seq10082_572_bp_-1_2_3	BAA32991.1	50.00	6	3	0	12	17	60	65	6.5	13.2
Seq10082_572_bp_-1_2_3	AAA32376.1	30.77	13	9	0	2	14	80	92	7.1	14.4
Seq10082_572_bp_-1_2_3	AAB26998.1	50.00	4	2	0	9	12	70	73	7.4	13.2
Seq10082_572_bp_-1_2_3	AAA65607.1	41.67	12	7	0	5	16	208	219	9.7	15.0
Seq10082_572_bp_-1_2_3	AAA23282.1	28.57	14	10	0	2	15	162	175	9.9	15.6
Seq10082_572_bp_-1_2_3	AAF01122.1	75.00	4	1	0	1	4	17	20	9.9	15.0
Seq10082_572_bp_-1_2_4	BAB79260.1	40.00	15	9	0	1	15	119	133	0.23	21.5
Seq10082_572_bp_-1_2_4	AAR37016.1	30.77	13	9	0	6	18	2007	2019	1.7	21.0
Seq10082_572_bp_-1_2_4	AAB64315.2	50.00	18	8	2	8	25	186	201	3.2	17.2
Seq10082_572_bp_-1_2_4	AAX84812.1	50.00	10	5	0	7	16	130	139	3.3	16.6
Seq10082_572_bp_-1_2_4	ACH70904.1	50.00	10	5	0	5	14	232	241	3.5	17.2
Seq10082_572_bp_-1_2_4	AAB03707.1	54.55	11	5	0	14	24	16	26	4.4	18.8
Seq10082_572_bp_-1_2_4	AAA45888.1	57.14	7	3	0	10	16	345	351	5.4	16.6
Seq10082_572_bp_-1_2_4	ACT10338.1	50.00	10	5	0	5	14	193	202	7.7	16.1
Seq10082_572_bp_-1_2_4	AAA23282.1	31.25	16	11	0	4	19	232	247	7.8	16.6
Seq10082_572_bp_-1_2_4	BAA32991.1	42.86	7	4	0	20	26	22	28	8.8	13.4
Seq10082_572_bp_-1_2_4	AAA24969.1	35.29	17	11	0	4	20	1452	1468	9.7	17.7
Seq10082_572_bp_-1_2_4	AAB26998.1	66.67	6	2	0	15	20	8	13	9.9	13.4
