Seq10019_873_bp_1_0_0	CAA45199.1	50.00	10	5	0	5	14	364	373	0.33	20.2
Seq10019_873_bp_1_0_0	ACH70904.1	44.44	9	5	0	4	12	243	251	0.89	18.4
Seq10019_873_bp_1_0_0	AAA32624.1	57.14	7	3	0	4	10	169	175	1.3	18.4
Seq10019_873_bp_1_0_0	AIR13712.1	23.08	13	10	0	2	14	319	331	2.9	16.6
Seq10019_873_bp_1_0_0	AAB03707.1	66.67	6	2	0	2	7	1110	1115	3.3	18.4
Seq10019_873_bp_1_0_0	AAI27517.1	33.33	9	6	0	4	12	258	266	3.3	17.2
Seq10019_873_bp_1_0_0	EDO47375.1	44.44	9	5	0	7	15	23	31	3.8	15.3
Seq10019_873_bp_1_0_0	ABN10845.1	44.44	9	5	0	4	12	157	165	4.4	15.3
Seq10019_873_bp_1_0_0	AAA26915.1	36.36	11	7	0	3	13	300	310	6	15.9
Seq10019_873_bp_1_0_0	AAC97205.1	33.33	9	6	0	5	13	602	610	6.8	17.2
Seq10019_873_bp_1_0_0	ABD33854.1	22.22	9	7	0	1	9	18	26	6.9	12.9
Seq10019_873_bp_1_0_0	AAC78721.1	33.33	9	6	0	5	13	193	201	8.5	15.9
Seq10019_873_bp_1_0_1	BAB17681.1	70.00	11	3	1	10	20	158	167	0.3	21.1
Seq10019_873_bp_1_0_1	ACT10338.1	50.00	14	7	0	29	42	186	199	0.3	21.6
Seq10019_873_bp_1_0_1	ABG75784.1	66.67	9	3	0	11	19	269	277	0.68	20.1
Seq10019_873_bp_1_0_1	ABD33854.1	62.50	8	3	0	35	42	36	43	0.8	17.6
Seq10019_873_bp_1_0_1	AAC17860.1	30.43	24	16	1	11	34	109	131	0.9	20.1
Seq10019_873_bp_1_0_1	AII71783.1	33.33	18	12	0	17	34	214	231	0.95	19.6
Seq10019_873_bp_1_0_1	AAR37016.1	58.33	12	5	0	17	28	1581	1592	1.8	21.6
Seq10019_873_bp_1_0_1	CAA43372.1	66.67	9	3	0	18	26	131	139	1.8	19.1
Seq10019_873_bp_1_0_1	AEE27845.1	26.32	38	28	0	7	44	411	448	5.9	19.1
Seq10019_873_bp_1_0_1	AAA32376.1	42.86	7	4	0	10	16	86	92	5.9	16.1
Seq10019_873_bp_1_0_1	CAA73529.1	30.00	10	7	0	28	37	227	236	9	16.1
Seq10019_873_bp_1_0_2	ABD33854.1	45.45	11	6	0	5	15	6	16	1.5	17.2
Seq10019_873_bp_1_0_2	AAA18786.1	40.00	15	9	0	9	23	4	18	1.6	19.1
Seq10019_873_bp_1_0_2	AAB26998.1	57.14	7	3	0	22	28	41	47	2.7	16.7
Seq10019_873_bp_1_0_2	AAA32624.1	100.00	6	0	0	20	25	335	340	3.2	19.1
Seq10019_873_bp_1_0_2	AIR13712.1	46.15	13	7	0	49	61	62	74	3.9	18.2
Seq10019_873_bp_1_0_2	AAB64315.2	55.56	9	4	0	16	24	193	201	3.9	18.2
Seq10019_873_bp_1_0_2	CAA73529.1	50.00	6	3	0	31	36	98	103	4.6	17.7
Seq10019_873_bp_1_0_2	BAB70780.1	35.29	17	11	0	35	51	133	149	5.7	18.2
Seq10019_873_bp_1_0_2	AAI27517.1	55.56	9	4	0	55	63	524	532	6.9	18.2
Seq10019_873_bp_1_0_2	ABG75784.1	29.41	17	12	0	40	56	181	197	7.2	17.2
Seq10019_873_bp_1_0_2	AAA72732.1	25.00	23	15	3	6	25	13	35	7.2	17.2
Seq10019_873_bp_1_0_2	AAA24142.1	35.71	14	9	0	19	32	197	210	7.4	17.7
Seq10019_873_bp_1_0_2	AAC78721.1	54.55	11	5	0	46	56	480	490	7.8	18.2
Seq10019_873_bp_1_0_3	AAA26915.1	33.33	12	8	0	2	13	446	457	0.31	20.7
Seq10019_873_bp_1_0_3	ABS38337.1	71.43	7	2	0	7	13	113	119	0.58	21.2
Seq10019_873_bp_1_0_3	AIR13712.1	44.44	9	5	0	11	19	137	145	0.97	18.5
Seq10019_873_bp_1_0_3	AAX84812.1	55.56	9	4	0	1	9	31	39	1	17.9
Seq10019_873_bp_1_0_3	ABK71357.1	71.43	7	2	0	5	11	289	295	2.3	17.4
Seq10019_873_bp_1_0_3	AAA45888.1	71.43	7	2	0	2	8	336	342	2.4	17.4
Seq10019_873_bp_1_0_3	ABD33854.1	75.00	4	1	0	11	14	43	46	2.6	14.7
Seq10019_873_bp_1_0_3	AAR31603.1	44.44	9	5	0	4	12	48	56	3	16.8
Seq10019_873_bp_1_0_3	AAA65607.1	63.64	13	4	2	6	18	323	333	3.3	16.8
Seq10019_873_bp_1_0_3	AAI27517.1	71.43	7	2	0	2	8	106	112	3.6	17.4
Seq10019_873_bp_1_0_3	CAA45199.1	40.00	10	6	0	3	12	376	385	4.2	16.8
Seq10019_873_bp_1_0_3	AAA25966.1	25.00	8	6	0	10	17	127	134	4.4	17.4
Seq10019_873_bp_1_0_3	AAA18786.1	62.50	8	3	0	5	12	202	209	5	15.8
Seq10019_873_bp_1_0_3	AAQ92751.2	46.15	14	7	1	6	19	543	555	5.7	17.9
Seq10019_873_bp_1_0_3	AAB26998.1	57.14	7	3	0	10	16	19	25	6.6	13.6
Seq10019_873_bp_1_0_3	AAF01122.1	25.00	12	9	0	5	16	1	12	7	15.8
Seq10019_873_bp_1_0_3	CAA11507.1	33.33	15	10	0	5	19	246	260	8.1	17.4
Seq10019_873_bp_1_0_3	BAA32956.1	100.00	3	0	0	12	14	91	93	8.2	14.7
Seq10019_873_bp_1_1_0	CAA45199.1	40.00	10	6	0	6	15	433	442	0.2	20.9
Seq10019_873_bp_1_1_0	BAA32991.1	66.67	6	2	0	1	6	61	66	1.2	15.6
Seq10019_873_bp_1_1_0	ACH70904.1	25.00	12	9	0	4	15	338	349	2.4	16.9
Seq10019_873_bp_1_1_0	AAQ92751.2	30.00	10	7	0	3	12	1213	1222	3.7	18.3
Seq10019_873_bp_1_1_0	AAB96524.1	42.86	7	4	0	3	9	176	182	4.9	14.9
Seq10019_873_bp_1_1_0	CAA04196.1	27.27	11	8	0	3	13	306	316	6.9	15.6
Seq10019_873_bp_1_1_0	AAA36565.1	50.00	6	3	0	6	11	115	120	6.9	14.3
Seq10019_873_bp_1_1_0	AAA25966.1	80.00	5	1	0	8	12	646	650	7.4	16.3
Seq10019_873_bp_1_1_0	EDO47375.1	16.67	12	10	0	1	12	151	162	7.8	14.3
Seq10019_873_bp_1_1_0	AAA65607.1	37.50	8	5	0	2	9	341	348	9.3	14.9
Seq10019_873_bp_1_1_0	CAA74140.1	66.67	6	2	0	8	13	313	318	9.4	16.3
Seq10019_873_bp_1_1_1	AAA65607.1	60.00	10	4	0	1	10	37	46	0.65	18.6
Seq10019_873_bp_1_1_1	BAA32018.1	55.56	9	4	0	3	11	213	221	1.8	17.9
Seq10019_873_bp_1_1_1	ACH70904.1	71.43	7	2	0	6	12	69	75	4.4	15.7
Seq10019_873_bp_1_1_1	AAX12058.1	33.33	12	8	0	1	12	187	198	5.4	15.0
Seq10019_873_bp_1_1_1	CAD53387.1	50.00	8	4	0	2	9	460	467	6	15.7
Seq10019_873_bp_1_1_1	ABK71357.1	42.86	7	4	0	3	9	255	261	7.2	15.0
Seq10019_873_bp_1_1_1	AAA18786.1	44.44	9	5	0	3	11	74	82	8.3	14.3
Seq10019_873_bp_1_1_2	AAB64315.2	41.67	12	7	0	3	14	277	288	1.6	17.8
Seq10019_873_bp_1_1_2	AAA72732.1	77.78	10	2	1	1	9	225	234	2.2	17.2
Seq10019_873_bp_1_1_2	ACT10338.1	66.67	6	2	0	1	6	119	124	2.8	17.2
Seq10019_873_bp_1_1_2	AAH69556.1	45.45	11	6	0	2	12	21	31	3.2	16.6
Seq10019_873_bp_1_1_2	AII71783.1	71.43	7	2	0	10	16	82	88	4.8	16.0
Seq10019_873_bp_1_1_2	AAI27517.1	50.00	8	4	0	1	8	540	547	6.1	16.6
Seq10019_873_bp_1_1_2	ABG75784.1	71.43	7	2	0	6	12	208	214	7.1	15.5
Seq10019_873_bp_1_1_2	ABK71357.1	75.00	4	1	0	1	4	176	179	8.4	15.5
Seq10019_873_bp_1_1_2	AAA23282.1	30.00	10	7	0	9	18	152	161	8.6	16.0
Seq10019_873_bp_1_1_3	BAB79260.1	42.86	14	8	0	20	33	442	455	1.1	20.5
Seq10019_873_bp_1_1_3	AAR37016.1	43.48	25	13	2	20	43	2021	2044	1.4	22.5
Seq10019_873_bp_1_1_3	ABS38337.1	34.62	26	17	0	22	47	566	591	2.2	21.0
Seq10019_873_bp_1_1_3	AAB64315.2	38.46	13	8	0	8	20	17	29	3.2	18.5
Seq10019_873_bp_1_1_3	ABD33854.1	37.50	8	5	0	25	32	51	58	4.8	15.6
Seq10019_873_bp_1_1_3	AAA42531.1	50.00	10	5	0	22	31	263	272	5.2	18.0
Seq10019_873_bp_1_1_3	CAA43372.1	25.93	27	20	0	5	31	60	86	5.5	18.0
Seq10019_873_bp_1_1_3	AIR13712.1	25.00	16	12	0	3	18	162	177	6.1	17.5
Seq10019_873_bp_1_1_3	AAC17860.1	20.00	30	24	0	5	34	151	180	7.6	17.5
Seq10019_873_bp_1_1_3	AAA32624.1	50.00	12	6	0	7	18	374	385	9.5	17.5
Seq10019_873_bp_1_1_4	AAR31603.1	55.56	9	4	0	9	17	65	73	0.55	19.2
Seq10019_873_bp_1_1_4	AAX12058.1	55.56	9	4	0	5	13	240	248	1.6	17.3
Seq10019_873_bp_1_1_4	AAA26915.1	55.56	9	4	0	1	9	20	28	1.8	17.9
Seq10019_873_bp_1_1_4	BAB17681.1	33.33	9	6	0	5	13	60	68	3.7	16.1
Seq10019_873_bp_1_1_4	EDO47375.1	71.43	7	2	0	5	11	166	172	3.9	15.5
Seq10019_873_bp_1_1_4	AAB26998.1	75.00	4	1	0	10	13	27	30	5.7	13.6
Seq10019_873_bp_1_1_4	AAI27517.1	80.00	5	1	0	12	16	425	429	7.7	16.1
Seq10019_873_bp_1_1_4	AAA42531.1	50.00	8	4	0	10	17	306	313	7.7	15.5
Seq10019_873_bp_1_1_4	CAA04196.1	75.00	4	1	0	8	11	108	111	8.3	15.5
Seq10019_873_bp_1_1_4	AII71783.1	75.00	4	1	0	7	10	265	268	9.2	14.9
Seq10019_873_bp_1_1_5	ACT10338.1	75.00	8	2	0	4	11	260	267	0.98	18.4
Seq10019_873_bp_1_1_5	AAB64315.2	66.67	9	3	0	2	10	273	281	1.3	17.7
Seq10019_873_bp_1_1_5	AAA45888.1	54.55	11	5	0	4	14	358	368	2.3	17.1
Seq10019_873_bp_1_1_5	AAH69556.1	100.00	5	0	0	9	13	270	274	2.8	16.5
Seq10019_873_bp_1_1_5	ABN10845.1	46.67	16	8	1	1	15	132	147	4.6	15.2
Seq10019_873_bp_1_1_5	AAA65607.1	57.14	7	3	0	4	10	147	153	5.1	15.9
Seq10019_873_bp_1_1_5	AAA23282.1	83.33	6	1	0	6	11	521	526	5.1	16.5
Seq10019_873_bp_1_1_5	CAA74140.1	57.14	7	3	0	1	7	566	572	5.4	17.1
Seq10019_873_bp_1_1_5	CAA73529.1	66.67	6	2	0	1	6	160	165	5.8	15.2
Seq10019_873_bp_1_1_5	ABK71357.1	50.00	10	5	0	2	11	92	101	7.7	15.2
Seq10019_873_bp_1_1_6	AAA72732.1	55.56	9	4	0	3	11	224	232	0.52	19.1
Seq10019_873_bp_1_1_6	AAC08817.1	54.55	11	5	0	5	15	9	19	2	16.2
Seq10019_873_bp_1_1_6	CAA26230.1	33.33	9	6	0	4	12	235	243	2	17.9
Seq10019_873_bp_1_1_6	AAI27517.1	50.00	8	4	0	1	8	537	544	2.2	17.9
Seq10019_873_bp_1_1_6	AAB96524.1	50.00	6	3	0	1	6	59	64	3.4	15.6
Seq10019_873_bp_1_1_6	AAA26915.1	50.00	6	3	0	2	7	276	281	5.6	16.2
Seq10019_873_bp_1_1_6	CAA45199.1	18.75	16	13	0	1	16	408	423	5.6	16.2
Seq10019_873_bp_1_1_6	AAB64315.2	60.00	11	4	1	7	16	152	162	8.5	15.0
Seq10019_873_bp_1_1_7	ACT10338.1	100.00	5	0	0	10	14	324	328	3.5	16.5
Seq10019_873_bp_1_1_7	AAB03707.1	55.56	9	4	0	4	12	266	274	5.7	17.6
Seq10019_873_bp_1_1_7	AEE27845.1	83.33	6	1	0	6	11	779	784	5.7	17.6
Seq10019_873_bp_1_1_7	BAB17681.1	62.50	8	3	0	2	9	136	143	7.6	14.8
Seq10019_873_bp_1_1_7	BAA32956.1	40.00	5	3	0	1	5	100	104	8.5	14.3
Seq10019_873_bp_1_2_0	AAA72732.1	54.55	11	5	0	12	22	272	282	1.4	19.3
Seq10019_873_bp_1_2_0	ABN10845.1	50.00	12	6	0	28	39	183	194	2.7	17.8
Seq10019_873_bp_1_2_0	AAA36565.1	38.89	18	11	0	19	36	143	160	3	17.3
Seq10019_873_bp_1_2_0	AII71783.1	37.50	16	10	0	9	24	53	68	3.9	17.8
Seq10019_873_bp_1_2_0	BAB70780.1	40.00	15	9	0	37	51	94	108	4.3	18.3
Seq10019_873_bp_1_2_0	AAA65607.1	50.00	10	5	0	37	46	210	219	4.6	17.8
Seq10019_873_bp_1_2_0	AAB64315.2	41.67	26	14	2	15	38	80	105	5.7	17.3
Seq10019_873_bp_1_2_0	ABK71357.1	32.00	25	17	0	1	25	248	272	6.4	17.3
Seq10019_873_bp_1_2_0	AAA42531.1	36.36	11	7	0	33	43	168	178	6.7	17.3
Seq10019_873_bp_1_2_0	CAA74140.1	50.00	12	6	0	26	37	212	223	8	18.3
Seq10019_873_bp_1_2_0	AAB03707.1	27.27	33	24	0	18	50	1208	1240	8.3	18.8
Seq10019_873_bp_1_2_1	ACT10338.1	71.43	7	2	0	7	13	12	18	0.46	19.3
Seq10019_873_bp_1_2_1	CAD53387.1	50.00	8	4	0	6	13	1	8	0.59	19.3
Seq10019_873_bp_1_2_1	CAD53387.1	50.00	10	5	0	4	13	65	74	0.59	19.3
Seq10019_873_bp_1_2_1	CAD53387.1	50.00	10	5	0	4	13	131	140	0.59	19.3
Seq10019_873_bp_1_2_1	CAD53387.1	50.00	10	5	0	4	13	197	206	0.59	19.3
Seq10019_873_bp_1_2_1	CAD53387.1	50.00	10	5	0	4	13	263	272	0.59	19.3
Seq10019_873_bp_1_2_1	CAD53387.1	50.00	10	5	0	4	13	329	338	0.59	19.3
Seq10019_873_bp_1_2_1	CAD53387.1	50.00	10	5	0	4	13	395	404	0.59	19.3
Seq10019_873_bp_1_2_1	AII71783.1	44.44	9	5	0	3	11	256	264	2.1	16.7
Seq10019_873_bp_1_2_1	AAR37016.1	50.00	8	4	0	3	10	161	168	4.2	18.6
Seq10019_873_bp_1_2_1	AAA26915.1	80.00	5	1	0	1	5	114	118	5	16.0
Seq10019_873_bp_1_2_1	AAA36565.1	66.67	6	2	0	1	6	24	29	6.7	14.1
Seq10019_873_bp_1_2_1	ABK71357.1	50.00	8	4	0	3	10	364	371	9.3	14.7
Seq10019_873_bp_1_2_1	BAA32018.1	60.00	5	2	0	9	13	27	31	10	15.4
Seq10019_873_bp_1_2_1	AAC08817.1	38.46	13	8	0	1	13	131	143	10	13.4
Seq10019_873_bp_1_2_2	BAB79260.1	31.58	19	13	0	20	38	435	453	1.4	19.4
Seq10019_873_bp_1_2_2	CAA45199.1	71.43	7	2	0	26	32	20	26	1.4	19.4
Seq10019_873_bp_1_2_2	CAA73529.1	66.67	6	2	0	22	27	4	9	3.5	17.3
Seq10019_873_bp_1_2_2	ABD49687.1	28.57	28	20	0	10	37	797	824	5.1	19.4
Seq10019_873_bp_1_2_2	BAA32991.1	37.50	8	5	0	5	12	46	53	5.3	14.7
Seq10019_873_bp_1_2_2	ABD33854.1	50.00	4	2	0	4	7	44	47	6.9	14.2
Seq10019_873_bp_1_2_2	BAB17681.1	40.00	10	6	0	16	25	267	276	7	16.3
Seq10019_873_bp_1_2_2	AAC17860.1	60.00	10	4	0	5	14	82	91	7.3	16.8
Seq10019_873_bp_1_2_2	BAA32956.1	28.57	14	10	0	9	22	157	170	7.7	15.8
Seq10019_873_bp_1_2_2	ABN10845.1	37.50	8	5	0	15	22	57	64	7.9	15.8
Seq10019_873_bp_1_2_2	CAA11507.1	25.00	16	12	0	9	24	390	405	8.1	18.4
Seq10019_873_bp_1_2_2	AAF01122.1	42.86	7	4	0	21	27	362	368	9.4	16.3
Seq10019_873_bp_1_2_2	AAB96524.1	30.00	10	7	0	18	27	112	121	9.5	15.2
Seq10019_873_bp_1_2_3	AAA25966.1	80.00	5	1	0	2	6	486	490	2	18.0
Seq10019_873_bp_1_2_3	AAB03707.1	36.36	11	7	0	2	12	1346	1356	2.6	18.6
Seq10019_873_bp_1_2_3	ABD49687.1	80.00	5	1	0	4	8	966	970	3.2	18.6
Seq10019_873_bp_1_2_3	CAA73529.1	66.67	8	2	2	2	9	36	41	3.5	15.8
Seq10019_873_bp_1_2_3	BAA32956.1	50.00	8	4	0	6	13	26	33	3.9	15.2
Seq10019_873_bp_1_2_3	BAB79260.1	66.67	6	2	0	2	7	438	443	3.9	16.3
Seq10019_873_bp_1_2_3	CAA74140.1	41.67	12	7	0	1	12	77	88	5.5	16.9
Seq10019_873_bp_1_2_3	CAA11507.1	100.00	4	0	0	4	7	190	193	7.8	16.9
Seq10019_873_bp_1_2_3	AAA24142.1	75.00	4	1	0	2	5	314	317	8.1	15.2
Seq10019_873_bp_1_2_3	AAC78721.1	50.00	6	3	0	2	7	187	192	8.2	15.8
Seq10019_873_bp_1_2_3	AAR31603.1	42.86	7	4	0	6	12	141	147	8.6	14.7
Seq10019_873_bp_1_2_3	AAB26998.1	60.00	5	2	0	4	8	43	47	9.4	12.5
Seq10019_873_bp_1_2_3	ABK71357.1	50.00	6	3	0	8	13	176	181	9.6	14.7
Seq10019_873_bp_1_2_4	AAH69556.1	66.67	6	2	0	15	20	71	76	1.2	18.1
Seq10019_873_bp_1_2_4	EDO47375.1	33.33	9	6	0	12	20	36	44	2.2	16.6
Seq10019_873_bp_1_2_4	AAA45888.1	33.33	12	8	0	8	19	174	185	3	17.1
Seq10019_873_bp_1_2_4	ABN10845.1	80.00	5	1	0	3	7	102	106	3.5	16.1
Seq10019_873_bp_1_2_4	AAX84812.1	30.77	13	9	0	3	15	196	208	3.7	16.1
Seq10019_873_bp_1_2_4	AAA23282.1	38.46	15	8	2	2	14	446	460	4.5	17.1
Seq10019_873_bp_1_2_4	AAR31603.1	36.36	11	7	0	6	16	129	139	5.2	16.1
Seq10019_873_bp_1_2_4	CAA45199.1	30.00	10	7	0	11	20	100	109	5.3	16.6
Seq10019_873_bp_1_2_4	ABK71357.1	83.33	6	1	0	5	10	311	316	5.9	16.1
Seq10019_873_bp_1_2_4	BAB17681.1	50.00	8	4	0	10	17	72	79	6.2	15.5
Seq10019_873_bp_1_2_4	BAB70780.1	57.14	7	3	0	13	19	483	489	7.6	16.1
Seq10019_873_bp_1_2_5	AIR13712.1	35.48	32	20	1	5	35	141	172	0.44	20.7
Seq10019_873_bp_1_2_5	AAA65607.1	54.55	11	5	0	2	12	195	205	2.1	18.6
Seq10019_873_bp_1_2_5	AAC17860.1	29.17	24	17	0	8	31	132	155	3.3	18.1
Seq10019_873_bp_1_2_5	AAB64315.2	44.44	18	10	0	5	22	99	116	5.3	17.0
Seq10019_873_bp_1_2_5	CAA43372.1	37.50	16	10	0	9	24	61	76	6.6	17.0
Seq10019_873_bp_1_2_5	AEE27845.1	29.17	24	17	0	4	27	283	306	7.5	18.6
Seq10019_873_bp_-1_0_0	ACT10338.1	43.75	16	9	0	1	16	298	313	0.056	23.9
Seq10019_873_bp_-1_0_0	ABN10845.1	62.50	8	3	0	1	8	23	30	0.71	19.4
Seq10019_873_bp_-1_0_0	AAB26998.1	71.43	7	2	0	2	8	2	8	0.84	17.7
Seq10019_873_bp_-1_0_0	AAI27517.1	43.75	16	9	0	22	37	97	112	0.88	20.5
Seq10019_873_bp_-1_0_0	AAA45888.1	30.43	23	16	0	11	33	301	323	1.3	19.4
Seq10019_873_bp_-1_0_0	AAR31603.1	39.13	24	14	1	12	34	288	311	1.6	18.8
Seq10019_873_bp_-1_0_0	CAA74140.1	36.36	22	14	0	16	37	58	79	2.1	20.0
Seq10019_873_bp_-1_0_0	AAA18786.1	50.00	10	5	0	23	32	69	78	2.8	17.7
Seq10019_873_bp_-1_0_0	CAA43372.1	54.55	11	5	0	7	17	320	330	6.2	17.1
Seq10019_873_bp_-1_0_0	ABL74574.1	46.15	14	7	1	4	16	143	156	6.4	16.6
Seq10019_873_bp_-1_0_0	AAA24142.1	37.50	17	10	1	14	29	172	188	6.7	17.1
Seq10019_873_bp_-1_0_0	ABD33854.1	60.00	5	2	0	4	8	9	13	6.8	14.3
Seq10019_873_bp_-1_0_0	AAC78721.1	31.82	26	15	4	1	22	210	235	6.8	17.7
Seq10019_873_bp_-1_0_0	ABG75784.1	66.67	6	2	0	4	9	295	300	6.9	16.6
Seq10019_873_bp_-1_0_0	AAF01122.1	36.84	19	12	0	21	39	26	44	8.2	16.6
Seq10019_873_bp_-1_0_0	AAC17860.1	29.41	17	12	0	17	33	382	398	8.9	16.6
Seq10019_873_bp_-1_0_0	BAB79260.1	62.50	8	3	0	1	8	201	208	9.7	16.6
Seq10019_873_bp_-1_0_1	AII71783.1	50.00	10	5	0	3	12	169	178	0.66	18.4
Seq10019_873_bp_-1_0_1	AAA18786.1	45.45	11	6	0	3	13	176	186	0.89	17.8
Seq10019_873_bp_-1_0_1	AAB96524.1	57.14	7	3	0	7	13	145	151	1.5	16.5
Seq10019_873_bp_-1_0_1	AAI27517.1	36.36	11	7	0	1	11	343	353	1.9	17.8
Seq10019_873_bp_-1_0_1	AAQ92751.2	45.45	11	6	0	3	13	665	675	2.9	18.4
Seq10019_873_bp_-1_0_1	AAB03707.1	33.33	12	8	0	2	13	852	863	4.5	17.8
Seq10019_873_bp_-1_0_1	EDO47375.1	66.67	6	2	0	1	6	9	14	5.7	14.5
Seq10019_873_bp_-1_0_1	AAH69556.1	62.50	8	3	0	5	12	67	74	5.8	15.2
Seq10019_873_bp_-1_0_1	AAC78721.1	36.36	11	7	0	3	13	63	73	8.1	15.8
Seq10019_873_bp_-1_0_1	ABS38337.1	50.00	6	3	0	8	13	728	733	9.7	16.5
Seq10019_873_bp_-1_0_2	ABG75784.1	75.00	4	1	0	7	10	246	249	1.5	17.1
Seq10019_873_bp_-1_0_2	AAB64315.2	45.45	11	6	0	2	12	140	150	2.3	16.6
Seq10019_873_bp_-1_0_2	ACH70904.1	33.33	6	4	0	3	8	143	148	3.6	16.0
Seq10019_873_bp_-1_0_2	ABK71357.1	50.00	6	3	0	1	6	321	326	3.7	16.0
Seq10019_873_bp_-1_0_2	CAA73529.1	66.67	3	1	0	8	10	209	211	4	15.5
Seq10019_873_bp_-1_0_2	BAA32991.1	42.86	7	4	0	6	12	30	36	4.5	13.3
Seq10019_873_bp_-1_0_2	AAA25966.1	22.22	9	7	0	1	9	264	272	4.9	16.6
Seq10019_873_bp_-1_0_2	AAF01122.1	37.50	8	5	0	1	8	277	284	5.4	15.5
Seq10019_873_bp_-1_0_2	AAA23282.1	75.00	4	1	0	6	9	545	548	5.5	16.0
Seq10019_873_bp_-1_0_2	CAA04196.1	66.67	3	1	0	8	10	368	370	5.9	15.5
Seq10019_873_bp_-1_0_2	AAI27517.1	33.33	6	4	0	7	12	165	170	8.2	15.5
Seq10019_873_bp_-1_0_3	AAQ92751.2	50.00	10	5	0	1	10	969	978	0.84	20.1
Seq10019_873_bp_-1_0_3	AAA65607.1	27.27	11	8	0	2	12	29	39	8.1	14.8
Seq10019_873_bp_-1_0_3	BAB79260.1	50.00	8	4	0	3	10	22	29	9.9	14.8
Seq10019_873_bp_-1_0_4	AAX12058.1	71.43	7	2	0	1	7	171	177	0.41	18.8
Seq10019_873_bp_-1_0_4	CAA11507.1	44.44	9	5	0	3	11	18	26	2	18.8
Seq10019_873_bp_-1_0_4	AAR37016.1	71.43	7	2	0	3	9	1613	1619	5.3	18.2
Seq10019_873_bp_-1_0_4	BAB70780.1	37.50	8	5	0	3	10	81	88	6.7	15.5
Seq10019_873_bp_-1_0_4	AAQ92751.2	50.00	8	4	0	1	8	215	222	7.6	16.8
Seq10019_873_bp_-1_0_4	CAA73529.1	27.27	11	8	0	1	11	86	96	9.2	14.2
Seq10019_873_bp_-1_0_5	BAA32991.1	50.00	10	5	0	6	15	16	25	0.008	23.4
Seq10019_873_bp_-1_0_5	AAC08817.1	42.86	21	12	0	3	23	48	68	0.046	22.2
Seq10019_873_bp_-1_0_5	BAB79260.1	38.46	13	8	0	10	22	323	335	0.13	22.2
Seq10019_873_bp_-1_0_5	AAA72732.1	44.44	9	5	0	11	19	158	166	0.77	19.0
Seq10019_873_bp_-1_0_5	AAA45888.1	62.50	8	3	0	15	22	31	38	1.5	18.4
Seq10019_873_bp_-1_0_5	CAA11507.1	50.00	8	4	0	15	22	39	46	2.2	19.6
Seq10019_873_bp_-1_0_5	ABD33854.1	22.22	9	7	0	15	23	3	11	3.3	14.6
Seq10019_873_bp_-1_0_5	AAA42531.1	100.00	4	0	0	11	14	326	329	3.5	17.1
Seq10019_873_bp_-1_0_5	ABK71357.1	66.67	6	2	0	15	20	230	235	5.1	16.5
Seq10019_873_bp_-1_0_5	AAQ92751.2	45.45	11	6	0	8	18	242	252	5.1	18.4
Seq10019_873_bp_-1_0_5	CAA74140.1	80.00	5	1	0	14	18	360	364	5.3	17.8
Seq10019_873_bp_-1_0_5	AAA32376.1	37.50	8	5	0	15	22	108	115	5.6	15.2
Seq10019_873_bp_-1_0_5	AAC97205.1	50.00	8	4	0	4	11	427	434	6.9	17.8
Seq10019_873_bp_-1_0_5	ABN10845.1	60.00	5	2	0	19	23	24	28	7	15.2
Seq10019_873_bp_-1_0_5	CAA26230.1	50.00	8	4	0	5	12	282	289	7.5	16.5
Seq10019_873_bp_-1_0_5	AAR37016.1	44.44	9	5	0	15	23	1885	1893	8.4	18.4
Seq10019_873_bp_-1_0_5	EDO47375.1	33.33	9	6	0	5	13	147	155	9.2	14.6
Seq10019_873_bp_-1_0_5	ABD49687.1	55.56	9	4	0	15	23	1275	1283	9.4	17.8
Seq10019_873_bp_-1_0_5	BAB70780.1	66.67	6	2	0	16	21	192	197	9.8	15.9
Seq10019_873_bp_-1_0_6	BAB70780.1	45.45	11	6	0	10	20	87	97	1.1	19.3
Seq10019_873_bp_-1_0_6	BAA32991.1	75.00	4	1	0	23	26	28	31	1.8	15.7
Seq10019_873_bp_-1_0_6	ABD33854.1	30.00	10	7	0	1	10	36	45	2.4	15.2
Seq10019_873_bp_-1_0_6	BAB17681.1	66.67	6	2	0	7	12	119	124	2.5	17.3
Seq10019_873_bp_-1_0_6	AAA36565.1	40.00	5	3	0	19	23	67	71	6.1	15.2
Seq10019_873_bp_-1_0_6	AAB96524.1	33.33	18	12	0	6	23	151	168	6.8	15.2
Seq10019_873_bp_-1_0_6	AAX12058.1	26.32	19	14	0	4	22	258	276	7	15.7
Seq10019_873_bp_-1_0_6	BAB79260.1	44.44	9	5	0	1	9	46	54	8.1	16.2
Seq10019_873_bp_-1_0_6	AAA25966.1	57.14	7	3	0	6	12	482	488	9	16.8
Seq10019_873_bp_-1_0_7	AAA18786.1	30.00	20	14	0	2	21	197	216	0.11	21.7
Seq10019_873_bp_-1_0_7	AAB03707.1	38.89	18	11	0	4	21	658	675	0.18	23.3
Seq10019_873_bp_-1_0_7	AAA65607.1	50.00	14	7	0	1	14	94	107	0.32	20.6
Seq10019_873_bp_-1_0_7	AAC97205.1	36.84	19	12	0	6	24	404	422	3.3	18.9
Seq10019_873_bp_-1_0_7	AAA24969.1	62.50	8	3	0	16	23	1418	1425	4.1	18.9
Seq10019_873_bp_-1_0_7	AII71783.1	40.00	10	6	0	2	11	258	267	5.4	16.2
Seq10019_873_bp_-1_0_7	AAB64315.2	35.71	14	9	0	4	17	252	265	5.8	16.2
Seq10019_873_bp_-1_0_7	AAA25966.1	55.56	9	4	0	3	11	388	396	5.9	17.3
Seq10019_873_bp_-1_0_7	CAA73529.1	37.50	16	10	0	2	17	224	239	7	15.6
Seq10019_873_bp_-1_0_7	AAQ92751.2	25.00	20	15	0	3	22	958	977	7.6	17.8
Seq10019_873_bp_-1_0_7	AAA32624.1	83.33	6	1	0	16	21	407	412	8.9	16.2
Seq10019_873_bp_-1_1_0	ABD33854.1	36.36	11	7	0	2	12	18	28	0.3	17.5
Seq10019_873_bp_-1_1_0	AAX12058.1	50.00	8	4	0	4	11	152	159	0.42	19.1
Seq10019_873_bp_-1_1_0	AAA42531.1	45.45	11	6	0	2	12	234	244	1.3	18.0
Seq10019_873_bp_-1_1_0	BAB17681.1	66.67	6	2	0	1	6	241	246	2.7	16.4
Seq10019_873_bp_-1_1_0	CAA74140.1	33.33	12	8	0	4	15	256	267	3	18.0
Seq10019_873_bp_-1_1_0	AAA18786.1	57.14	7	3	0	6	12	174	180	3.8	15.8
Seq10019_873_bp_-1_1_0	AAC78721.1	41.67	12	7	0	2	13	121	132	4.5	16.9
Seq10019_873_bp_-1_1_0	CAA45199.1	40.00	10	6	0	1	10	122	131	4.6	16.4
Seq10019_873_bp_-1_1_0	ACT10338.1	37.50	8	5	0	1	8	371	378	5.5	15.8
Seq10019_873_bp_-1_1_0	AII71783.1	27.27	11	8	0	4	14	115	125	6.3	15.3
Seq10019_873_bp_-1_1_0	AAX84812.1	25.00	8	6	0	4	11	140	147	9.7	14.2
Seq10019_873_bp_-1_1_1	AAA26915.1	50.00	12	6	0	5	16	72	83	0.12	21.8
Seq10019_873_bp_-1_1_1	AAC08817.1	38.46	13	8	0	2	14	138	150	0.52	18.2
Seq10019_873_bp_-1_1_1	AAA32624.1	83.33	6	1	0	6	11	255	260	0.7	19.4
Seq10019_873_bp_-1_1_1	AAQ92751.2	46.15	13	7	0	3	15	295	307	1.2	20.0
Seq10019_873_bp_-1_1_1	AII71783.1	57.14	7	3	0	9	15	36	42	2.2	16.9
Seq10019_873_bp_-1_1_1	BAB79260.1	50.00	8	4	0	3	10	13	20	3.2	16.9
Seq10019_873_bp_-1_1_1	CAD53387.1	83.33	6	1	0	8	13	479	484	3.6	16.9
Seq10019_873_bp_-1_1_1	CAA45199.1	66.67	6	2	0	11	16	285	290	5.1	16.3
Seq10019_873_bp_-1_1_1	AAA72732.1	71.43	7	2	0	2	8	226	232	5.1	15.7
Seq10019_873_bp_-1_1_1	AAA32376.1	33.33	9	6	0	7	15	112	120	6.5	14.5
Seq10019_873_bp_-1_1_1	CAA26230.1	80.00	5	1	0	7	11	292	296	8.9	15.7
Seq10019_873_bp_-1_1_1	CAA74140.1	58.33	13	5	1	1	12	319	331	9.6	16.3
Seq10019_873_bp_-1_1_2	AAB96524.1	66.67	6	2	0	11	16	167	172	0.86	18.6
Seq10019_873_bp_-1_1_2	AAX84812.1	26.67	15	11	0	18	32	211	225	1.1	18.6
Seq10019_873_bp_-1_1_2	AAC97205.1	38.46	13	8	0	17	29	1019	1031	1.4	20.6
Seq10019_873_bp_-1_1_2	AAC17860.1	45.45	11	6	0	13	23	87	97	5.2	17.1
Seq10019_873_bp_-1_1_2	AAA36565.1	27.27	11	8	0	12	22	30	40	8.1	15.1
Seq10019_873_bp_-1_1_2	AAA18786.1	30.00	10	7	0	4	13	81	90	9.1	15.6
Seq10019_873_bp_-1_1_3	CAA45199.1	37.50	16	10	0	12	27	52	67	0.77	21.2
Seq10019_873_bp_-1_1_3	ACT10338.1	34.29	39	23	4	30	66	284	320	4.9	18.2
Seq10019_873_bp_-1_1_3	CAA43372.1	30.77	13	9	0	44	56	16	28	5.2	18.2
Seq10019_873_bp_-1_1_3	AAA72732.1	41.18	17	10	0	48	64	40	56	5.5	17.7
Seq10019_873_bp_-1_1_3	BAA32956.1	66.67	6	2	0	46	51	91	96	7.3	16.7
Seq10019_873_bp_-1_1_3	AAB26998.1	44.44	9	5	0	32	40	13	21	7.7	15.2
Seq10019_873_bp_-1_1_3	ABD33854.1	53.85	14	6	1	58	71	11	23	8.7	14.7
Seq10019_873_bp_-1_1_3	AAR37016.1	54.55	11	5	0	56	66	1146	1156	10	19.7
Seq10019_873_bp_-1_1_4	ABN10845.1	37.50	16	10	0	1	16	92	107	0.77	19.2
Seq10019_873_bp_-1_1_4	AAA32376.1	62.50	8	3	0	11	18	101	108	0.89	18.6
Seq10019_873_bp_-1_1_4	AAB26998.1	41.67	12	7	0	26	37	19	30	1.2	17.0
Seq10019_873_bp_-1_1_4	AAQ92751.2	66.67	9	3	0	8	16	249	257	1.6	20.8
Seq10019_873_bp_-1_1_4	AAA72732.1	30.00	10	7	0	1	10	9	18	1.6	18.6
Seq10019_873_bp_-1_1_4	AAA45888.1	30.77	13	9	0	1	13	145	157	2	18.6
Seq10019_873_bp_-1_1_4	BAA32991.1	44.44	9	5	0	29	37	1	9	3.3	15.4
Seq10019_873_bp_-1_1_4	BAB70780.1	40.00	10	6	0	25	34	434	443	3.6	18.1
Seq10019_873_bp_-1_1_4	AAA42531.1	60.00	5	2	0	20	24	302	306	4.1	17.6
Seq10019_873_bp_-1_1_4	ABD33854.1	50.00	8	4	0	7	14	11	18	6.3	14.3
Seq10019_873_bp_-1_1_4	AAX12058.1	40.00	16	9	1	21	35	248	263	8.6	15.9
Seq10019_873_bp_-1_1_4	CAA74140.1	80.00	5	1	0	19	23	266	270	9.5	17.6
Seq10019_873_bp_-1_1_4	AAA24142.1	50.00	8	4	0	5	12	286	293	9.7	16.5
Seq10019_873_bp_-1_1_4	BAB79260.1	30.00	10	7	0	5	14	255	264	9.7	16.5
Seq10019_873_bp_-1_1_4	ABG75784.1	35.29	17	11	0	10	26	295	311	9.7	15.9
Seq10019_873_bp_-1_1_5	AAA32376.1	71.43	7	2	0	9	15	163	169	1.3	16.8
Seq10019_873_bp_-1_1_5	CAA26230.1	41.67	12	7	0	1	12	478	489	1.7	18.1
Seq10019_873_bp_-1_1_5	AAA65607.1	33.33	15	10	0	1	15	6	20	1.7	17.5
Seq10019_873_bp_-1_1_5	CAA04196.1	62.50	8	3	0	3	10	137	144	4.5	16.2
Seq10019_873_bp_-1_1_5	AAR31603.1	42.86	7	4	0	4	10	232	238	5.4	15.6
Seq10019_873_bp_-1_1_5	AAX84812.1	44.44	9	5	0	1	9	195	203	5.8	15.0
Seq10019_873_bp_-1_1_5	CAA45199.1	80.00	5	1	0	1	5	255	259	7.6	15.6
Seq10019_873_bp_-1_1_5	AAA36565.1	50.00	6	3	0	3	8	135	140	9.6	13.7
Seq10019_873_bp_-1_2_0	AAR37016.1	26.09	23	17	0	3	25	255	277	2.3	21.6
Seq10019_873_bp_-1_2_0	AAB96524.1	62.50	8	3	0	14	21	95	102	2.6	17.8
Seq10019_873_bp_-1_2_0	AAA24142.1	62.50	8	3	0	1	8	352	359	2.9	18.9
Seq10019_873_bp_-1_2_0	CAA11507.1	46.15	13	7	0	44	56	652	664	4.1	20.0
Seq10019_873_bp_-1_2_0	CAA45199.1	80.00	5	1	0	20	24	80	84	4.4	18.4
Seq10019_873_bp_-1_2_0	AAA26915.1	83.33	6	1	0	13	18	31	36	6.2	17.8
Seq10019_873_bp_-1_2_0	AAX84812.1	37.50	8	5	0	28	35	100	107	6.5	16.7
Seq10019_873_bp_-1_2_0	CAA73529.1	55.56	9	4	0	47	55	79	87	7.6	16.7
Seq10019_873_bp_-1_2_1	AAB03707.1	40.00	10	6	0	1	10	328	337	1.1	19.5
Seq10019_873_bp_-1_2_1	AAA65607.1	44.44	9	5	0	2	10	146	154	1.3	17.3
Seq10019_873_bp_-1_2_1	AII71783.1	57.14	7	3	0	1	7	47	53	1.7	16.6
Seq10019_873_bp_-1_2_1	BAA32956.1	50.00	8	4	0	2	9	115	122	1.9	15.9
Seq10019_873_bp_-1_2_1	AAA42531.1	57.14	7	3	0	1	7	262	268	2.2	16.6
Seq10019_873_bp_-1_2_1	BAB17681.1	50.00	8	4	0	2	9	7	14	4	15.2
Seq10019_873_bp_-1_2_1	BAB70780.1	33.33	9	6	0	1	9	62	70	4.3	15.9
Seq10019_873_bp_-1_2_1	AAB96524.1	28.57	7	5	0	4	10	11	17	4.4	14.5
Seq10019_873_bp_-1_2_1	AAC08817.1	40.00	10	6	0	1	10	50	59	6.3	13.8
Seq10019_873_bp_-1_2_1	BAB79260.1	50.00	6	3	0	5	10	31	36	6.5	15.2
Seq10019_873_bp_-1_2_1	AAC97205.1	71.43	7	2	0	4	10	270	276	6.6	16.6
Seq10019_873_bp_-1_2_1	ABL74574.1	50.00	8	4	0	1	8	277	284	6.8	14.5
Seq10019_873_bp_-1_2_1	AAI27517.1	50.00	6	3	0	4	9	565	570	8.3	15.2
Seq10019_873_bp_-1_2_1	AAC17860.1	28.57	7	5	0	4	10	14	20	9.4	14.5
Seq10019_873_bp_-1_2_1	BAE97662.1	66.67	6	2	0	4	9	36	41	9.7	15.9
Seq10019_873_bp_-1_2_2	AIR13712.1	39.29	29	17	1	8	36	187	214	0.32	21.3
Seq10019_873_bp_-1_2_2	AAA18786.1	31.25	16	11	0	19	34	28	43	1.2	19.0
Seq10019_873_bp_-1_2_2	AAQ92751.2	40.91	22	13	0	19	40	535	556	1.3	21.3
Seq10019_873_bp_-1_2_2	AAA32624.1	66.67	6	2	0	15	20	473	478	2.4	19.0
Seq10019_873_bp_-1_2_2	AAF01122.1	80.00	5	1	0	17	21	282	286	2.5	18.5
Seq10019_873_bp_-1_2_2	AAC17860.1	22.22	9	7	0	28	36	345	353	2.8	18.5
Seq10019_873_bp_-1_2_2	BAA32018.1	50.00	10	5	0	28	37	218	227	2.9	19.0
Seq10019_873_bp_-1_2_2	AAB26998.1	80.00	5	1	0	25	29	58	62	5.3	15.1
Seq10019_873_bp_-1_2_2	CAA26230.1	80.00	5	1	0	1	5	351	355	5.4	17.9
Seq10019_873_bp_-1_2_2	CAA04196.1	28.57	14	10	0	4	17	202	215	6	17.4
Seq10019_873_bp_-1_2_2	ABG75784.1	37.50	8	5	0	5	12	141	148	6.5	16.8
Seq10019_873_bp_-1_2_2	AAA45888.1	57.14	7	3	0	37	43	80	86	7.9	16.8
Seq10019_873_bp_-1_2_2	AAI27517.1	80.00	5	1	0	1	5	447	451	8.2	17.4
Seq10019_873_bp_-1_2_2	ABN10845.1	66.67	6	2	0	32	37	23	28	9.6	15.7
Seq10019_873_bp_-1_2_3	CAA73529.1	30.77	13	9	0	2	14	178	190	0.64	18.8
Seq10019_873_bp_-1_2_3	BAB70780.1	30.00	10	7	0	4	13	4	13	2.5	17.6
Seq10019_873_bp_-1_2_3	BAA32956.1	66.67	6	2	0	12	17	147	152	3.7	15.8
Seq10019_873_bp_-1_2_3	AAC17860.1	45.45	11	6	0	7	17	154	164	4.8	16.4
Seq10019_873_bp_-1_2_3	ABK71357.1	40.00	10	6	0	6	15	325	334	6.4	15.8
Seq10019_873_bp_-1_2_3	AAA23282.1	62.50	8	3	0	4	11	387	394	6.5	16.4
Seq10019_873_bp_-1_2_3	AAA18786.1	80.00	5	1	0	12	16	4	8	6.9	15.2
Seq10019_873_bp_-1_2_3	AAA45888.1	33.33	15	10	0	2	16	157	171	9.6	15.2
Seq10019_873_bp_-1_2_4	AAB26998.1	40.00	10	6	0	2	11	36	45	0.057	20.7
Seq10019_873_bp_-1_2_4	AAA26915.1	100.00	3	0	0	3	5	435	437	1.5	18.5
Seq10019_873_bp_-1_2_4	AAA45888.1	42.86	7	4	0	4	10	138	144	2.6	17.4
Seq10019_873_bp_-1_2_4	CAA73529.1	40.00	10	6	0	11	20	113	122	2.7	16.9
Seq10019_873_bp_-1_2_4	CAA43372.1	40.00	10	6	0	3	12	269	278	2.8	17.4
Seq10019_873_bp_-1_2_4	AAB03707.1	45.45	11	6	0	11	21	584	594	4.3	18.5
Seq10019_873_bp_-1_2_4	ABK71357.1	40.00	10	6	0	11	20	363	372	5.2	16.3
Seq10019_873_bp_-1_2_4	AAA18786.1	44.44	9	5	0	13	21	80	88	5.4	15.8
Seq10019_873_bp_-1_2_4	ABN10845.1	100.00	2	0	0	3	4	108	109	6.3	15.3
Seq10019_873_bp_-1_2_4	AAA25966.1	75.00	4	1	0	1	4	321	324	6.8	16.9
Seq10019_873_bp_-1_2_5	AAB96524.1	62.50	8	3	0	8	15	167	174	1.8	17.2
Seq10019_873_bp_-1_2_5	AAA42531.1	41.67	12	7	0	9	20	69	80	2.6	17.8
Seq10019_873_bp_-1_2_5	CAA73529.1	54.55	11	5	0	13	23	192	202	2.6	17.2
Seq10019_873_bp_-1_2_5	BAA32956.1	23.08	13	10	0	6	18	154	166	2.9	16.7
Seq10019_873_bp_-1_2_5	AAA72732.1	55.56	9	4	0	12	20	28	36	3	17.2
Seq10019_873_bp_-1_2_5	ABL74574.1	27.27	11	8	0	11	21	217	227	3.9	16.7
Seq10019_873_bp_-1_2_5	BAB79260.1	75.00	4	1	0	3	6	392	395	6	16.7
Seq10019_873_bp_-1_2_5	AAR31603.1	60.00	5	2	0	2	6	148	152	6.2	16.2
Seq10019_873_bp_-1_2_5	ABS38337.1	33.33	12	8	0	1	12	113	124	8.1	17.8
Seq10019_873_bp_-1_2_5	AAA32624.1	33.33	12	8	0	2	13	75	86	9.6	16.2
