Seq1816_52_bp_1_0_0	AAR37016.1	100.00	17	0	0	1	17	826	842	1.5e-10	53.7
Seq1816_52_bp_1_0_0	AAH69556.1	50.00	8	4	0	1	8	276	283	0.99	18.2
Seq1816_52_bp_1_0_0	BAA32956.1	40.00	16	9	1	1	16	95	109	1	17.6
Seq1816_52_bp_1_0_0	BAB17681.1	55.56	9	4	0	1	9	106	114	1.9	17.1
Seq1816_52_bp_1_0_0	ABK71357.1	75.00	4	1	0	5	8	351	354	5.5	15.9
Seq1816_52_bp_1_0_0	AAA23282.1	33.33	9	6	0	6	14	260	268	5.7	16.5
Seq1816_52_bp_1_0_0	AAA24969.1	40.00	10	6	0	8	17	413	422	7	17.6
Seq1816_52_bp_1_0_0	AAC17860.1	40.00	10	6	0	6	15	349	358	8.8	15.4
Seq1816_52_bp_1_1_0	AAR37016.1	50.00	8	4	0	1	8	1560	1567	0.073	24.9
Seq1816_52_bp_1_1_0	AAI27517.1	85.71	7	1	0	4	10	280	286	0.85	19.4
Seq1816_52_bp_1_1_0	CAA43372.1	33.33	9	6	0	1	9	263	271	2.7	17.1
Seq1816_52_bp_1_1_0	AAQ92751.2	66.67	6	2	0	1	6	221	226	4.2	18.3
Seq1816_52_bp_1_1_0	AAA72732.1	50.00	10	5	0	6	15	84	93	4.3	16.0
Seq1816_52_bp_1_1_0	ACH70904.1	75.00	4	1	0	2	5	295	298	5	16.0
Seq1816_52_bp_1_1_0	ACT10338.1	60.00	5	2	0	8	12	119	123	5.4	16.0
Seq1816_52_bp_1_1_0	EDO47375.1	60.00	5	2	0	11	15	110	114	5.6	14.9
Seq1816_52_bp_1_1_0	AAA32624.1	60.00	5	2	0	5	9	116	120	7.1	16.0
Seq1816_52_bp_1_1_0	ABK71357.1	100.00	3	0	0	7	9	175	177	7.4	15.5
Seq1816_52_bp_1_1_0	AAA45888.1	80.00	5	1	0	9	13	319	323	7.6	15.5
Seq1816_52_bp_1_1_0	AAC17860.1	100.00	3	0	0	7	9	315	317	8.1	15.5
Seq1816_52_bp_1_1_0	BAB70780.1	80.00	5	1	0	13	17	36	40	9.4	15.5
Seq1816_52_bp_1_2_0	AAR37016.1	46.15	13	7	0	1	13	1223	1235	0.19	23.5
Seq1816_52_bp_1_2_0	CAA26230.1	38.46	13	8	0	1	13	549	561	1	19.0
Seq1816_52_bp_1_2_0	CAA74140.1	55.56	9	4	0	1	9	538	546	1.7	19.0
Seq1816_52_bp_1_2_0	ABK71357.1	66.67	9	3	0	2	10	209	217	1.9	17.5
Seq1816_52_bp_1_2_0	CAA11507.1	60.00	10	4	0	3	12	653	662	3.4	18.5
Seq1816_52_bp_1_2_0	CAA45199.1	50.00	8	4	0	1	8	331	338	4.6	16.5
Seq1816_52_bp_1_2_0	ABG75784.1	40.00	10	6	0	7	16	79	88	6	15.5
Seq1816_52_bp_1_2_0	AIR13712.1	36.36	11	7	0	3	13	128	138	6.3	15.5
Seq1816_52_bp_1_2_0	ACH70904.1	60.00	5	2	0	10	14	293	297	6.9	15.5
Seq1816_52_bp_-1_0_0	CAA26230.1	80.00	5	1	0	4	8	389	393	2	18.1
Seq1816_52_bp_-1_0_0	AAI27517.1	50.00	10	5	0	6	15	355	364	2.1	18.1
Seq1816_52_bp_-1_0_0	AAA42531.1	83.33	6	1	0	9	14	12	17	4.3	16.4
Seq1816_52_bp_-1_0_0	BAA32956.1	42.86	14	8	0	1	14	190	203	5.1	15.2
Seq1816_52_bp_-1_0_0	AEE27845.1	66.67	6	2	0	2	7	646	651	6.9	17.5
Seq1816_52_bp_-1_0_0	AAC78721.1	37.50	8	5	0	1	8	203	210	7.3	16.4
Seq1816_52_bp_-1_0_0	ABD49687.1	50.00	15	6	3	5	16	748	762	8.4	17.5
Seq1816_52_bp_-1_0_0	AAA45888.1	38.46	13	8	0	3	15	3	15	9	15.2
Seq1816_52_bp_-1_1_0	AAQ92751.2	53.85	13	6	0	4	16	845	857	0.084	23.8
Seq1816_52_bp_-1_1_0	AAA72732.1	55.56	9	4	0	2	10	143	151	0.48	19.2
Seq1816_52_bp_-1_1_0	ABK71357.1	70.00	10	3	0	1	10	98	107	1.9	17.4
Seq1816_52_bp_-1_1_0	ACH70904.1	100.00	4	0	0	9	12	292	295	2.8	16.8
Seq1816_52_bp_-1_1_0	AAB03707.1	71.43	7	2	0	4	10	432	438	3.1	18.6
Seq1816_52_bp_-1_1_0	CAD53387.1	62.50	8	3	0	1	8	15	22	3.8	16.8
Seq1816_52_bp_-1_1_0	CAA26230.1	66.67	6	2	0	4	9	317	322	4.2	16.8
Seq1816_52_bp_-1_1_0	BAA32991.1	100.00	4	0	0	12	15	17	20	5.8	13.3
Seq1816_52_bp_-1_1_0	AAA42531.1	80.00	5	1	0	6	10	298	302	6.4	15.7
Seq1816_52_bp_-1_1_0	CAA11507.1	66.67	6	2	0	5	10	1300	1305	6.7	17.4
Seq1816_52_bp_-1_1_0	AIR13712.1	57.14	7	3	0	1	7	182	188	8	15.1
Seq1816_52_bp_-1_1_0	AAC08817.1	33.33	9	6	0	2	10	31	39	8.9	13.9
Seq1816_52_bp_-1_1_0	AAA36565.1	33.33	9	6	0	6	14	148	156	9.1	13.9
Seq1816_52_bp_-1_2_0	AAA72732.1	38.46	13	8	0	2	14	123	135	0.21	20.4
Seq1816_52_bp_-1_2_0	AIR13712.1	41.67	12	7	0	3	14	120	131	1.9	17.2
Seq1816_52_bp_-1_2_0	AAC08817.1	25.00	12	9	0	3	14	21	32	3.5	15.3
Seq1816_52_bp_-1_2_0	AAB64315.2	60.00	11	4	1	2	12	199	208	4.5	16.0
Seq1816_52_bp_-1_2_0	AAA42531.1	80.00	5	1	0	7	11	159	163	5.3	16.0
Seq1816_52_bp_-1_2_0	AAA24969.1	37.50	16	10	0	1	16	1159	1174	5.6	17.9
Seq1816_52_bp_-1_2_0	AAC78721.1	62.50	8	3	0	1	8	265	272	5.9	16.6
Seq1816_52_bp_-1_2_0	AAQ92751.2	36.36	11	7	0	6	16	978	988	7.7	17.2
Seq1816_52_bp_-1_2_0	AAI27517.1	62.50	8	3	0	1	8	33	40	7.9	16.0
Seq1816_52_bp_-1_2_0	ABL74574.1	50.00	8	4	0	3	10	129	136	9.2	14.7
