Seq10056_386_bp_1_0_0	ABL74574.1	10.34	29	26	0	4	32	198	226	0.45	20.2
Seq10056_386_bp_1_0_0	AII71783.1	32.00	25	17	0	8	32	11	35	4.3	17.0
Seq10056_386_bp_1_0_0	ABN10845.1	57.14	7	3	0	16	22	44	50	4.4	16.4
Seq10056_386_bp_1_0_0	AAA26915.1	18.75	16	13	0	16	31	97	112	6.4	17.0
Seq10056_386_bp_1_0_0	AAR31603.1	33.33	12	8	0	1	12	236	247	6.5	16.4
Seq10056_386_bp_1_0_0	ABS38337.1	42.86	7	4	0	14	20	502	508	8.2	18.0
Seq10056_386_bp_1_0_0	AAB64315.2	26.67	15	11	0	17	31	252	266	9.2	15.9
Seq10056_386_bp_1_0_0	AAX84812.1	27.78	18	13	0	15	32	180	197	9.3	15.3
Seq10056_386_bp_1_0_1	CAA74140.1	33.33	27	18	0	1	27	669	695	0.19	23.4
Seq10056_386_bp_1_0_1	AAR37016.1	47.06	17	9	0	18	34	1141	1157	0.99	22.4
Seq10056_386_bp_1_0_1	ABS38337.1	42.86	14	8	0	1	14	220	233	2.3	20.3
Seq10056_386_bp_1_0_1	AAB03707.1	35.29	17	11	0	7	23	359	375	2.4	20.3
Seq10056_386_bp_1_0_1	BAB79260.1	28.57	28	20	0	11	38	355	382	3.3	18.2
Seq10056_386_bp_1_0_1	CAA11507.1	36.36	22	14	0	8	29	258	279	3.4	19.8
Seq10056_386_bp_1_0_1	AAC97205.1	47.06	17	9	0	23	39	793	809	4.4	19.3
Seq10056_386_bp_1_0_1	AAA45888.1	62.50	8	3	0	9	16	101	108	5.6	17.2
Seq10056_386_bp_1_0_1	ABD49687.1	40.91	22	13	0	15	36	1606	1627	6	19.3
Seq10056_386_bp_1_0_1	CAA04196.1	36.84	20	12	1	15	34	360	378	6.1	17.2
Seq10056_386_bp_1_0_1	ABN10845.1	40.00	10	6	0	25	34	82	91	6.5	16.1
Seq10056_386_bp_1_1_0	AAB26998.1	57.14	7	3	0	17	23	47	53	0.14	20.6
Seq10056_386_bp_1_1_0	AAA18786.1	27.78	18	13	0	19	36	181	198	0.33	21.1
Seq10056_386_bp_1_1_0	AAC97205.1	35.71	14	9	0	16	29	757	770	0.36	23.2
Seq10056_386_bp_1_1_0	AAB64315.2	23.08	26	20	0	23	48	45	70	0.4	21.1
Seq10056_386_bp_1_1_0	AAH69556.1	45.45	23	12	1	6	28	74	95	0.54	20.6
Seq10056_386_bp_1_1_0	AAF01122.1	50.00	12	6	0	31	42	367	378	0.66	20.6
Seq10056_386_bp_1_1_0	BAB79260.1	100.00	5	0	0	25	29	201	205	0.8	20.6
Seq10056_386_bp_1_1_0	BAA32018.1	26.92	26	19	0	18	43	180	205	1.1	20.6
Seq10056_386_bp_1_1_0	AAA32376.1	46.67	16	8	1	1	16	97	111	1.3	18.5
Seq10056_386_bp_1_1_0	CAA74140.1	34.62	26	17	0	19	44	906	931	1.6	20.6
Seq10056_386_bp_1_1_0	BAE97662.1	40.00	15	9	0	32	46	117	131	2	20.6
Seq10056_386_bp_1_1_0	AAA45888.1	26.67	16	11	1	13	28	127	141	4	18.0
Seq10056_386_bp_1_1_0	AAB96524.1	50.00	16	8	0	2	17	47	62	4	16.9
Seq10056_386_bp_1_1_0	AAC17860.1	31.58	22	13	3	24	45	37	55	4.3	18.0
Seq10056_386_bp_1_1_0	AAI27517.1	45.00	20	11	0	28	47	576	595	4.3	18.5
Seq10056_386_bp_1_1_0	BAB17681.1	50.00	6	3	0	16	21	22	27	5.8	16.9
Seq10056_386_bp_1_1_0	CAA43372.1	25.00	12	9	0	19	30	12	23	6.1	17.4
Seq10056_386_bp_1_1_0	ABL74574.1	30.77	13	9	0	6	18	172	184	6.1	16.9
Seq10056_386_bp_1_1_0	BAA32956.1	38.10	25	13	4	1	25	111	131	6.4	16.4
Seq10056_386_bp_1_1_0	ABN10845.1	29.41	17	12	0	1	17	41	57	6.6	16.4
Seq10056_386_bp_1_1_0	ABD33854.1	33.33	6	4	0	2	7	2	7	8.1	14.3
Seq10056_386_bp_1_1_0	AAA26915.1	80.00	5	1	0	18	22	424	428	9.6	16.9
Seq10056_386_bp_1_1_1	BAE97662.1	54.55	11	5	0	2	12	529	539	1	19.9
Seq10056_386_bp_1_1_1	AAA42531.1	36.36	11	7	0	2	12	42	52	1.5	17.7
Seq10056_386_bp_1_1_1	ACT10338.1	30.77	13	9	0	2	14	74	86	1.5	17.7
Seq10056_386_bp_1_1_1	AII71783.1	62.50	8	3	0	6	13	224	231	1.9	17.0
Seq10056_386_bp_1_1_1	AAB03707.1	50.00	10	5	0	3	12	683	692	2	19.2
Seq10056_386_bp_1_1_1	ABD49687.1	50.00	12	6	0	4	15	240	251	2.5	19.2
Seq10056_386_bp_1_1_1	AAA45888.1	42.86	7	4	0	8	14	357	363	3.8	16.3
Seq10056_386_bp_1_1_1	AAC08817.1	66.67	6	2	0	7	12	120	125	4.3	14.9
Seq10056_386_bp_1_1_1	AAA72732.1	40.00	10	6	0	6	15	247	256	5	15.6
Seq10056_386_bp_1_1_1	CAA11507.1	40.00	10	6	0	6	15	1048	1057	5.1	17.7
Seq10056_386_bp_1_1_1	BAA32956.1	23.08	13	10	0	2	14	48	60	5.5	14.9
Seq10056_386_bp_1_1_1	AAA23282.1	46.15	13	7	0	1	13	90	102	5.6	16.3
Seq10056_386_bp_1_1_1	AAC97205.1	44.44	9	5	0	7	15	612	620	7.3	17.0
Seq10056_386_bp_1_1_1	ABN10845.1	55.56	9	4	0	2	10	61	69	8.9	14.2
Seq10056_386_bp_1_1_1	ABK71357.1	57.14	7	3	0	7	13	66	72	9.3	14.9
Seq10056_386_bp_1_1_2	EDO47375.1	66.67	6	2	0	4	9	183	188	1.4	17.0
Seq10056_386_bp_1_1_2	AAH69556.1	60.00	11	4	1	6	16	154	163	3.2	16.4
Seq10056_386_bp_1_1_2	BAA32018.1	62.50	8	3	0	5	12	291	298	4.4	17.0
Seq10056_386_bp_1_1_2	AAA24969.1	36.36	11	7	0	2	12	403	413	4.8	18.2
Seq10056_386_bp_1_1_2	AAA26915.1	33.33	15	10	0	2	16	87	101	4.9	16.4
Seq10056_386_bp_1_1_2	AAC17860.1	57.14	7	3	0	2	8	59	65	6.4	15.9
Seq10056_386_bp_1_1_2	BAB79260.1	66.67	6	2	0	4	9	208	213	7	15.9
Seq10056_386_bp_1_1_2	AII71783.1	60.00	5	2	0	6	10	17	21	7.1	15.3
Seq10056_386_bp_1_1_2	AAB03707.1	25.00	12	9	0	2	13	386	397	9.3	17.0
Seq10056_386_bp_1_2_0	AAB96524.1	44.44	9	5	0	6	14	94	102	2.1	16.1
Seq10056_386_bp_1_2_0	ABS38337.1	44.44	9	5	0	3	11	248	256	2.9	18.4
Seq10056_386_bp_1_2_0	CAA43372.1	42.86	7	4	0	2	8	109	115	3.1	16.7
Seq10056_386_bp_1_2_0	AAA25966.1	27.27	11	8	0	1	11	564	574	3.6	17.2
Seq10056_386_bp_1_2_0	AAC97205.1	36.36	11	7	0	2	12	747	757	6.1	17.2
Seq10056_386_bp_1_2_0	AAA32376.1	50.00	6	3	0	6	11	121	126	6.6	14.3
Seq10056_386_bp_1_2_0	CAA11507.1	44.44	9	5	0	6	14	607	615	6.7	17.2
Seq10056_386_bp_1_2_0	AAA72732.1	62.50	8	3	0	1	8	132	139	7.8	14.9
Seq10056_386_bp_1_2_1	AAR31603.1	45.00	20	11	0	21	40	250	269	0.061	23.8
Seq10056_386_bp_1_2_1	AAA23282.1	36.84	20	12	1	27	46	240	258	0.3	22.3
Seq10056_386_bp_1_2_1	AAC08817.1	32.26	34	21	3	12	45	119	149	0.34	20.3
Seq10056_386_bp_1_2_1	AAQ92751.2	30.00	20	14	0	15	34	957	976	1	21.8
Seq10056_386_bp_1_2_1	ABS38337.1	29.63	29	19	2	12	40	952	978	3.6	19.8
Seq10056_386_bp_1_2_1	AAA26915.1	27.78	18	13	0	17	34	88	105	5.2	17.8
Seq10056_386_bp_1_2_1	AAC78721.1	83.33	6	1	0	1	6	146	151	7.4	17.8
Seq10056_386_bp_1_2_1	CAA26230.1	25.00	16	12	0	2	17	166	181	8.5	17.3
Seq10056_386_bp_1_2_1	BAA32956.1	29.41	17	12	0	13	29	66	82	9	15.8
Seq10056_386_bp_1_2_1	AAH69556.1	57.14	7	3	0	37	43	264	270	9.2	16.3
Seq10056_386_bp_1_2_2	AAA72732.1	16.67	12	10	0	8	19	298	309	0.71	18.9
Seq10056_386_bp_1_2_2	BAA32018.1	44.44	9	5	0	11	19	451	459	1.4	18.9
Seq10056_386_bp_1_2_2	CAA43372.1	60.00	5	2	0	5	9	14	18	2	17.7
Seq10056_386_bp_1_2_2	AAA65607.1	57.14	7	3	0	6	12	344	350	2.7	17.2
Seq10056_386_bp_1_2_2	BAE97662.1	11.76	17	15	0	2	18	417	433	5.4	17.7
Seq10056_386_bp_1_2_2	AAB96524.1	75.00	4	1	0	3	6	175	178	6.3	14.9
Seq10056_386_bp_1_2_2	EDO47375.1	33.33	6	4	0	1	6	143	148	6.4	14.9
Seq10056_386_bp_1_2_2	AAC97205.1	100.00	3	0	0	7	9	895	897	8.5	17.2
Seq10056_386_bp_1_2_2	AAB26998.1	14.29	7	6	0	7	13	45	51	8.5	13.2
Seq10056_386_bp_1_2_2	AEE27845.1	60.00	5	2	0	7	11	1239	1243	9.5	17.2
Seq10056_386_bp_1_2_2	ABL74574.1	60.00	5	2	0	3	7	42	46	9.5	14.9
Seq10056_386_bp_-1_0_0	ABK71357.1	32.14	28	19	0	7	34	117	144	0.032	24.7
Seq10056_386_bp_-1_0_0	BAA32991.1	33.33	6	4	0	32	37	27	32	2.9	15.7
Seq10056_386_bp_-1_0_0	AAB96524.1	60.00	5	2	0	33	37	58	62	3.9	16.7
Seq10056_386_bp_-1_0_0	CAA73529.1	80.00	5	1	0	34	38	206	210	4.1	17.2
Seq10056_386_bp_-1_0_0	ABG75784.1	26.67	15	11	0	4	18	123	137	6.4	16.7
Seq10056_386_bp_-1_0_0	AAA24142.1	30.77	13	9	0	1	13	256	268	6.5	17.2
Seq10056_386_bp_-1_0_0	AAQ92751.2	54.55	11	5	0	29	39	1025	1035	7	18.7
Seq10056_386_bp_-1_0_0	CAA04196.1	60.00	5	2	0	34	38	365	369	8.4	16.7
Seq10056_386_bp_-1_0_0	AIR13712.1	53.85	13	6	0	14	26	170	182	9.2	16.2
Seq10056_386_bp_-1_0_0	BAB70780.1	62.50	8	3	0	16	23	388	395	9.6	16.7
Seq10056_386_bp_-1_0_1	AAB03707.1	40.00	10	6	0	1	10	182	191	0.49	21.1
Seq10056_386_bp_-1_0_1	AAQ92751.2	42.86	7	4	0	5	11	1295	1301	2.6	18.7
Seq10056_386_bp_-1_0_1	AAR37016.1	50.00	10	5	0	5	14	1749	1758	2.9	19.3
Seq10056_386_bp_-1_0_1	CAA45199.1	30.77	13	9	0	1	13	434	446	3	16.9
Seq10056_386_bp_-1_0_1	AAA72732.1	75.00	4	1	0	2	5	296	299	3.1	16.3
Seq10056_386_bp_-1_0_1	AAA45888.1	55.56	9	4	0	3	11	129	137	3.7	16.3
Seq10056_386_bp_-1_0_1	BAA32018.1	57.14	7	3	0	1	7	149	155	4	16.9
Seq10056_386_bp_-1_0_1	ABL74574.1	50.00	12	6	0	2	13	277	288	4.2	15.7
Seq10056_386_bp_-1_0_1	BAA32991.1	100.00	4	0	0	1	4	37	40	5.3	13.3
Seq10056_386_bp_-1_0_1	EDO47375.1	44.44	9	5	0	6	14	48	56	9.2	13.9
Seq10056_386_bp_-1_0_1	AAH69556.1	50.00	6	3	0	9	14	134	139	9.8	14.5
Seq10056_386_bp_-1_0_2	CAA74140.1	35.71	14	9	0	1	14	328	341	0.98	19.5
Seq10056_386_bp_-1_0_2	AII71783.1	44.44	9	5	0	2	10	204	212	2.1	16.8
Seq10056_386_bp_-1_0_2	ABN10845.1	27.27	11	8	0	2	12	1	11	2.4	16.1
Seq10056_386_bp_-1_0_2	AAC08817.1	30.77	13	9	0	1	13	121	133	4.7	14.7
Seq10056_386_bp_-1_0_2	AAX12058.1	40.00	10	6	0	1	10	32	41	4.8	15.4
Seq10056_386_bp_-1_0_2	AAA24969.1	55.56	9	4	0	4	12	1102	1110	6.4	17.5
Seq10056_386_bp_-1_0_2	AAA36565.1	45.45	11	6	0	4	14	130	140	7.5	14.0
Seq10056_386_bp_-1_0_2	BAB79260.1	50.00	10	5	0	1	10	4	13	7.8	15.4
Seq10056_386_bp_-1_0_2	CAA11507.1	41.67	12	7	0	3	14	643	654	8.9	16.8
Seq10056_386_bp_-1_1_0	ACH70904.1	75.00	4	1	0	5	8	148	151	0.35	19.8
Seq10056_386_bp_-1_1_0	CAA04196.1	55.56	9	4	0	1	9	351	359	0.63	19.2
Seq10056_386_bp_-1_1_0	AAA32624.1	75.00	4	1	0	4	7	302	305	1.2	18.6
Seq10056_386_bp_-1_1_0	AEE27845.1	40.00	10	6	0	7	16	3	12	1.3	19.8
Seq10056_386_bp_-1_1_0	ABD33854.1	37.50	8	5	0	7	14	53	60	2.1	14.7
Seq10056_386_bp_-1_1_0	CAA26230.1	50.00	8	4	0	3	10	5	12	3.1	17.3
Seq10056_386_bp_-1_1_0	AAB26998.1	60.00	5	2	0	5	9	75	79	4	14.1
Seq10056_386_bp_-1_1_0	AAA26915.1	80.00	5	1	0	12	16	223	227	4	16.7
Seq10056_386_bp_-1_1_0	ABG75784.1	36.36	11	7	0	5	15	170	180	4.2	16.0
Seq10056_386_bp_-1_1_0	AAH69556.1	14.29	14	12	0	1	14	170	183	6.2	15.4
Seq10056_386_bp_-1_1_0	AAA24969.1	62.50	8	3	0	2	9	419	426	8.1	17.3
Seq10056_386_bp_-1_1_0	AAC17860.1	40.00	5	3	0	2	6	35	39	8.2	15.4
Seq10056_386_bp_-1_1_0	AAB96524.1	50.00	6	3	0	7	12	110	115	9	14.1
Seq10056_386_bp_-1_1_0	CAA45199.1	100.00	3	0	0	4	6	461	463	9.4	15.4
Seq10056_386_bp_-1_1_1	BAA32956.1	44.44	9	5	0	17	25	128	136	0.42	19.9
Seq10056_386_bp_-1_1_1	AAI27517.1	33.33	12	8	0	12	23	580	591	2.4	18.8
Seq10056_386_bp_-1_1_1	AAX84812.1	100.00	4	0	0	23	26	105	108	2.8	17.2
Seq10056_386_bp_-1_1_1	AAA45888.1	75.00	4	1	0	17	20	128	131	6.4	16.7
Seq10056_386_bp_-1_1_1	CAA74140.1	29.41	17	12	0	5	21	741	757	7.5	17.8
Seq10056_386_bp_-1_1_1	CAA11507.1	29.41	17	12	0	14	30	210	226	7.6	18.3
Seq10056_386_bp_-1_1_1	AAA65607.1	40.00	10	6	0	10	19	151	160	8.6	16.2
Seq10056_386_bp_-1_1_1	BAB17681.1	21.05	19	15	0	2	20	19	37	9.2	15.7
Seq10056_386_bp_-1_1_1	ABL74574.1	60.00	5	2	0	22	26	112	116	9.6	15.7
Seq10056_386_bp_-1_1_1	CAA04196.1	100.00	4	0	0	2	5	16	19	9.7	16.2
Seq10056_386_bp_-1_1_2	ABD49687.1	60.00	10	4	0	3	12	788	797	1.3	19.9
Seq10056_386_bp_-1_1_2	AAA32624.1	33.33	12	8	0	2	13	110	121	4.6	16.3
Seq10056_386_bp_-1_1_2	AAX84812.1	80.00	5	1	0	2	6	56	60	4.7	15.1
Seq10056_386_bp_-1_1_2	AAA23282.1	50.00	10	5	0	2	11	363	372	7.5	15.7
Seq10056_386_bp_-1_1_2	AAB96524.1	50.00	6	3	0	1	6	171	176	8.5	13.9
Seq10056_386_bp_-1_1_2	BAE97662.1	50.00	10	5	0	1	10	572	581	9.6	16.3
Seq10056_386_bp_-1_2_0	CAA04196.1	71.43	7	2	0	7	13	213	219	0.049	22.8
Seq10056_386_bp_-1_2_0	ABN10845.1	40.00	10	6	0	5	14	156	165	0.55	18.4
Seq10056_386_bp_-1_2_0	AAC78721.1	33.33	12	8	0	2	13	134	145	0.61	19.9
Seq10056_386_bp_-1_2_0	ACT10338.1	57.14	7	3	0	6	12	61	67	0.97	18.4
Seq10056_386_bp_-1_2_0	BAA32991.1	50.00	6	3	0	2	7	18	23	1.3	15.4
Seq10056_386_bp_-1_2_0	AAX12058.1	35.71	14	9	0	2	15	193	206	3.1	16.2
Seq10056_386_bp_-1_2_0	AAA26915.1	30.00	10	7	0	6	15	439	448	3.2	16.9
Seq10056_386_bp_-1_2_0	AEE27845.1	55.56	9	4	0	6	14	1172	1180	3.4	18.4
Seq10056_386_bp_-1_2_0	ACH70904.1	27.27	11	8	0	5	15	176	186	4.1	16.2
Seq10056_386_bp_-1_2_0	BAA32018.1	57.14	7	3	0	8	14	413	419	4.3	16.9
Seq10056_386_bp_-1_2_0	AAC97205.1	33.33	15	10	0	1	15	228	242	5	17.6
Seq10056_386_bp_-1_2_0	AAA24142.1	33.33	6	4	0	4	9	375	380	5.1	16.2
Seq10056_386_bp_-1_2_0	CAA11507.1	80.00	5	1	0	1	5	897	901	5.5	17.6
Seq10056_386_bp_-1_2_0	AAQ92751.2	66.67	6	2	0	1	6	393	398	5.6	17.6
Seq10056_386_bp_-1_2_0	AAA32624.1	66.67	6	2	0	2	7	281	286	5.8	16.2
Seq10056_386_bp_-1_2_0	AAA23282.1	62.50	8	3	0	8	15	42	49	6.3	16.2
Seq10056_386_bp_-1_2_0	ABD49687.1	60.00	5	2	0	6	10	918	922	6.8	17.6
Seq10056_386_bp_-1_2_0	AAF01122.1	42.86	7	4	0	1	7	58	64	6.9	15.4
Seq10056_386_bp_-1_2_0	AAA25966.1	66.67	6	2	0	1	6	537	542	7.9	16.2
Seq10056_386_bp_-1_2_0	BAB70780.1	25.00	12	9	0	1	12	300	311	8.8	15.4
Seq10056_386_bp_-1_2_1	AAA24142.1	42.86	14	8	0	4	17	407	420	0.22	22.4
Seq10056_386_bp_-1_2_1	CAA73529.1	41.67	31	14	7	2	26	189	218	0.37	21.0
Seq10056_386_bp_-1_2_1	ABK71357.1	41.67	12	7	0	6	17	132	143	0.5	21.0
Seq10056_386_bp_-1_2_1	BAA32991.1	50.00	6	3	0	1	6	56	61	5.2	15.1
Seq10056_386_bp_-1_2_1	AAA23282.1	62.50	8	3	0	37	44	377	384	5.6	18.0
Seq10056_386_bp_-1_2_1	AAB26998.1	55.56	9	4	0	12	20	20	28	5.9	15.1
Seq10056_386_bp_-1_2_1	AAA72732.1	55.56	9	4	0	33	41	53	61	6	17.0
Seq10056_386_bp_-1_2_1	BAA32018.1	26.67	15	11	0	7	21	14	28	6.1	18.0
Seq10056_386_bp_-1_2_1	AAA26915.1	38.89	18	11	0	31	48	320	337	6.4	17.5
Seq10056_386_bp_-1_2_1	AAA18786.1	44.44	9	5	0	33	41	133	141	7.1	16.6
Seq10056_386_bp_-1_2_1	CAA04196.1	44.44	9	5	0	2	10	258	266	7.9	17.0
Seq10056_386_bp_-1_2_1	BAB79260.1	33.33	18	12	0	28	45	422	439	8.5	17.0
Seq10056_386_bp_-1_2_1	AAC78721.1	38.46	13	8	0	29	41	259	271	9	17.5
Seq10056_386_bp_-1_2_1	AAA25966.1	28.57	7	5	0	26	32	230	236	9.6	17.5
