Seq10003_355_bp_1_0_0	AAA24142.1	29.03	31	22	0	30	60	60	90	0.61	22.1
Seq10003_355_bp_1_0_0	AAB96524.1	26.67	30	22	0	48	77	21	50	0.97	20.1
Seq10003_355_bp_1_0_0	AAR37016.1	41.18	17	10	0	36	52	1997	2013	3.1	22.1
Seq10003_355_bp_1_0_0	ABG75784.1	33.33	30	20	0	50	79	239	268	3.2	19.1
Seq10003_355_bp_1_0_0	ABD49687.1	34.48	29	19	0	51	79	1589	1617	3.2	21.6
Seq10003_355_bp_1_0_0	AAC17860.1	28.95	38	27	0	13	50	149	186	4.1	19.1
Seq10003_355_bp_1_0_0	AAR31603.1	30.00	54	35	4	24	76	1	51	4.6	18.6
Seq10003_355_bp_1_0_0	CAA45199.1	40.91	22	13	0	32	53	254	275	4.7	19.1
Seq10003_355_bp_1_0_0	AAA25966.1	27.59	29	21	0	71	99	614	642	5.1	19.6
Seq10003_355_bp_1_0_0	BAA32991.1	30.77	13	9	0	79	91	46	58	5.2	16.2
Seq10003_355_bp_1_0_0	BAB79260.1	37.50	16	10	0	43	58	30	45	6.2	18.6
Seq10003_355_bp_1_0_0	CAA43372.1	30.00	20	14	0	3	22	46	65	7.9	18.2
Seq10003_355_bp_1_0_0	CAA11507.1	29.41	34	24	0	23	56	100	133	9.3	19.6
Seq10003_355_bp_1_0_0	AEE27845.1	36.00	25	16	0	1	25	566	590	9.5	19.6
Seq10003_355_bp_1_1_0	AAA45888.1	30.43	23	16	0	22	44	149	171	1.1	20.3
Seq10003_355_bp_1_1_0	AAC97205.1	66.67	12	4	0	18	29	728	739	1.7	21.4
Seq10003_355_bp_1_1_0	ACT10338.1	41.67	12	7	0	40	51	298	309	2.3	19.2
Seq10003_355_bp_1_1_0	CAA11507.1	35.00	20	13	0	30	49	561	580	2.6	20.8
Seq10003_355_bp_1_1_0	AAA24142.1	30.43	23	16	0	41	63	191	213	2.7	19.2
Seq10003_355_bp_1_1_0	AAR37016.1	26.83	41	30	0	4	44	457	497	3.1	21.4
Seq10003_355_bp_1_1_0	AAA25966.1	19.05	42	34	0	7	48	291	332	4.2	19.2
Seq10003_355_bp_1_1_0	AAF01122.1	40.00	15	9	0	50	64	59	73	4.6	18.1
Seq10003_355_bp_1_1_0	CAA74140.1	53.85	13	6	0	13	25	519	531	5.4	19.2
Seq10003_355_bp_1_1_0	AAC78721.1	29.41	17	12	0	11	27	41	57	5.6	18.7
Seq10003_355_bp_1_1_0	AAB64315.2	50.00	10	5	0	47	56	197	206	5.8	17.6
Seq10003_355_bp_1_1_0	ABD49687.1	50.00	16	8	0	21	36	1003	1018	6.7	19.8
Seq10003_355_bp_1_1_0	ABL74574.1	35.29	17	11	0	22	38	260	276	7.3	17.1
Seq10003_355_bp_1_1_0	AAA26915.1	71.43	7	2	0	48	54	71	77	8.1	17.6
Seq10003_355_bp_1_1_0	AAA65607.1	29.41	34	24	0	2	35	1	34	9.1	17.1
Seq10003_355_bp_1_1_0	ABK71357.1	34.78	25	15	2	1	23	43	67	9.2	17.1
Seq10003_355_bp_1_1_1	AAA65607.1	44.44	9	5	0	3	11	73	81	0.52	18.8
Seq10003_355_bp_1_1_1	CAA43372.1	66.67	9	3	0	3	11	94	102	0.9	18.1
Seq10003_355_bp_1_1_1	AAA32624.1	50.00	10	5	0	2	11	27	36	1.1	18.1
Seq10003_355_bp_1_1_1	CAA11507.1	71.43	7	2	0	1	7	191	197	1.9	18.8
Seq10003_355_bp_1_1_1	AAB26998.1	75.00	4	1	0	2	5	32	35	2.5	14.3
Seq10003_355_bp_1_1_1	AAB03707.1	50.00	8	4	0	2	9	431	438	3	18.1
Seq10003_355_bp_1_1_1	ACT10338.1	66.67	6	2	0	1	6	374	379	3.2	16.2
Seq10003_355_bp_1_1_1	AAC97205.1	57.14	7	3	0	5	11	1005	1011	4.1	17.5
Seq10003_355_bp_1_1_1	CAA73529.1	66.67	6	2	0	6	11	148	153	5.4	14.9
Seq10003_355_bp_1_1_1	BAB17681.1	37.50	8	5	0	3	10	136	143	5.4	14.9
Seq10003_355_bp_1_1_1	AAR31603.1	80.00	5	1	0	4	8	198	202	6.4	14.9
Seq10003_355_bp_1_1_1	AAA24142.1	50.00	8	4	0	1	8	399	406	8.6	14.9
Seq10003_355_bp_1_1_1	BAB79260.1	100.00	4	0	0	1	4	238	241	8.6	14.9
Seq10003_355_bp_1_1_2	AAI27517.1	36.00	25	16	0	1	25	395	419	0.14	23.3
Seq10003_355_bp_1_1_2	AAH69556.1	50.00	12	6	0	8	19	70	81	0.98	19.5
Seq10003_355_bp_1_1_2	BAB70780.1	34.29	38	23	3	3	37	350	387	1.5	19.5
Seq10003_355_bp_1_1_2	ACH70904.1	46.15	13	7	0	3	15	304	316	1.7	18.9
Seq10003_355_bp_1_1_2	AAQ92751.2	40.00	15	9	0	8	22	1191	1205	2.1	20.6
Seq10003_355_bp_1_1_2	ACT10338.1	33.33	18	12	0	2	19	354	371	2.6	18.4
Seq10003_355_bp_1_1_2	CAA43372.1	33.33	15	10	0	27	41	375	389	2.8	18.4
Seq10003_355_bp_1_1_2	AEE27845.1	33.33	15	10	0	18	32	1302	1316	3	20.0
Seq10003_355_bp_1_1_2	CAA45199.1	41.18	17	10	0	10	26	400	416	3.1	18.4
Seq10003_355_bp_1_1_2	AAC08817.1	37.50	16	10	0	4	19	21	36	3.3	16.8
Seq10003_355_bp_1_1_2	CAD53387.1	29.17	24	17	0	2	25	444	467	4.8	17.9
Seq10003_355_bp_1_1_2	ABK71357.1	36.36	22	14	0	18	39	176	197	7.3	16.8
Seq10003_355_bp_1_1_2	ABL74574.1	45.45	11	6	0	27	37	42	52	8.2	16.2
Seq10003_355_bp_1_1_2	BAA32956.1	60.00	10	4	0	2	11	186	195	8.6	15.7
Seq10003_355_bp_1_1_2	AAA25966.1	41.67	12	7	0	25	36	326	337	9.6	17.3
Seq10003_355_bp_1_1_2	AAB26998.1	37.50	17	10	1	19	34	34	50	9.8	14.1
Seq10003_355_bp_1_2_0	AAQ92751.2	38.89	18	11	0	95	112	872	889	0.79	23.5
Seq10003_355_bp_1_2_0	CAA73529.1	30.43	23	16	0	91	113	238	260	1.4	20.3
Seq10003_355_bp_1_2_0	AAA25966.1	30.43	23	16	0	4	26	547	569	1.5	21.6
Seq10003_355_bp_1_2_0	AAA32376.1	33.33	24	16	0	76	99	150	173	1.7	19.4
Seq10003_355_bp_1_2_0	AAC97205.1	47.06	17	9	0	84	100	23	39	1.8	22.1
Seq10003_355_bp_1_2_0	AAB96524.1	40.00	20	12	0	48	67	95	114	3.4	18.5
Seq10003_355_bp_1_2_0	AAA42531.1	75.00	8	2	0	29	36	179	186	3.7	19.4
Seq10003_355_bp_1_2_0	BAB79260.1	38.46	13	8	0	18	30	414	426	4.3	19.4
Seq10003_355_bp_1_2_0	AAA65607.1	75.00	8	2	0	98	105	270	277	4.8	18.9
Seq10003_355_bp_1_2_0	AAA26915.1	66.67	9	3	0	84	92	233	241	6	18.9
Seq10003_355_bp_1_2_0	AAX84812.1	38.46	13	8	0	28	40	87	99	7.6	17.5
Seq10003_355_bp_1_2_0	AAC08817.1	40.00	10	6	0	38	47	2	11	9.9	16.6
Seq10003_355_bp_-1_0_0	BAA32991.1	43.75	16	9	0	15	30	26	41	0.37	18.3
Seq10003_355_bp_-1_0_0	AAA26915.1	30.00	30	21	0	2	31	275	304	1.7	18.9
Seq10003_355_bp_-1_0_0	CAA11507.1	26.92	26	19	0	1	26	257	282	2.3	20.0
Seq10003_355_bp_-1_0_0	AAH69556.1	50.00	12	6	0	18	29	117	128	3.4	17.2
Seq10003_355_bp_-1_0_0	AAB03707.1	26.67	30	22	0	1	30	241	270	4.9	18.9
Seq10003_355_bp_-1_0_0	AAA24969.1	30.00	20	14	0	4	23	132	151	5.4	18.9
Seq10003_355_bp_-1_0_0	AAA45888.1	30.77	26	18	0	1	26	345	370	8.8	16.1
Seq10003_355_bp_-1_0_0	ACT10338.1	31.58	19	13	0	8	26	347	365	8.9	16.1
Seq10003_355_bp_-1_0_1	AAA26915.1	63.64	11	4	0	7	17	201	211	0.72	20.3
Seq10003_355_bp_-1_0_1	BAA32956.1	36.36	22	14	0	3	24	25	46	1.4	18.2
Seq10003_355_bp_-1_0_1	AAC97205.1	50.00	12	6	0	17	28	234	245	2.7	19.7
Seq10003_355_bp_-1_0_1	AAC08817.1	57.14	7	3	0	22	28	101	107	3.1	16.6
Seq10003_355_bp_-1_0_1	AEE27845.1	29.63	27	19	0	3	29	1291	1317	4.3	19.2
Seq10003_355_bp_-1_0_1	AAA65607.1	35.00	20	13	0	12	31	71	90	4.8	17.1
Seq10003_355_bp_-1_0_1	AAB96524.1	27.78	18	13	0	7	24	6	23	5	16.1
Seq10003_355_bp_-1_0_1	CAA73529.1	27.78	18	13	0	12	29	194	211	5.2	16.6
Seq10003_355_bp_-1_0_1	CAA74140.1	62.50	8	3	0	3	10	504	511	8.3	17.6
Seq10003_355_bp_-1_0_1	AAA24969.1	48.00	26	13	1	5	29	414	439	9.3	18.2
Seq10003_355_bp_-1_0_1	ABK71357.1	41.67	12	7	0	8	19	267	278	9.7	16.1
Seq10003_355_bp_-1_0_2	AAB64315.2	75.00	8	2	0	2	9	16	23	0.94	18.4
Seq10003_355_bp_-1_0_2	ACH70904.1	33.33	9	6	0	2	10	165	173	3.5	16.6
Seq10003_355_bp_-1_0_2	AAI27517.1	44.44	9	5	0	3	11	396	404	5.7	16.6
Seq10003_355_bp_-1_0_2	AEE27845.1	28.57	14	10	0	2	15	388	401	5.8	17.8
Seq10003_355_bp_-1_0_2	BAA32956.1	57.14	7	3	0	4	10	135	141	7	14.7
Seq10003_355_bp_-1_0_2	AAC78721.1	42.86	14	8	0	1	14	580	593	9.5	16.0
Seq10003_355_bp_-1_0_3	CAA11507.1	66.67	12	4	0	7	18	24	35	0.019	26.6
Seq10003_355_bp_-1_0_3	AAB26998.1	36.84	19	12	0	2	20	61	79	0.074	20.5
Seq10003_355_bp_-1_0_3	AAB64315.2	31.25	16	11	0	4	19	22	37	0.2	21.1
Seq10003_355_bp_-1_0_3	AAR31603.1	33.33	15	10	0	2	16	37	51	0.31	20.5
Seq10003_355_bp_-1_0_3	AAA65607.1	33.33	21	14	0	2	22	175	195	0.8	19.3
Seq10003_355_bp_-1_0_3	ABK71357.1	50.00	14	7	0	6	19	210	223	0.81	19.3
Seq10003_355_bp_-1_0_3	CAA73529.1	71.43	7	2	0	17	23	98	104	0.91	18.6
Seq10003_355_bp_-1_0_3	AII71783.1	28.57	21	15	0	2	22	64	84	1	18.6
Seq10003_355_bp_-1_0_3	BAA32018.1	37.50	16	10	0	9	24	411	426	1.4	19.3
Seq10003_355_bp_-1_0_3	BAB70780.1	27.27	22	16	0	2	23	420	441	1.6	18.6
Seq10003_355_bp_-1_0_3	AAI27517.1	35.71	14	9	0	9	22	5	18	2	18.6
Seq10003_355_bp_-1_0_3	AAA72732.1	100.00	5	0	0	3	7	206	210	2.4	17.4
Seq10003_355_bp_-1_0_3	AAC78721.1	33.33	9	6	0	12	20	77	85	3.4	18.0
Seq10003_355_bp_-1_0_3	AAA25966.1	62.50	8	3	0	17	24	394	401	3.6	18.0
Seq10003_355_bp_-1_0_3	BAA32956.1	33.33	12	8	0	9	20	14	25	3.7	16.2
Seq10003_355_bp_-1_0_3	AAF01122.1	50.00	8	4	0	11	18	111	118	6.4	16.2
Seq10003_355_bp_-1_0_3	AAA26915.1	31.58	19	13	0	4	22	414	432	7.9	16.2
Seq10003_355_bp_-1_0_3	AAX84812.1	36.36	11	7	0	3	13	70	80	9	15.0
Seq10003_355_bp_-1_0_3	ACT10338.1	28.57	14	10	0	3	16	56	69	9.8	15.6
Seq10003_355_bp_-1_1_0	CAA74140.1	45.45	11	6	0	17	27	59	69	2.3	19.3
Seq10003_355_bp_-1_1_0	AAA26915.1	46.67	15	8	0	7	21	63	77	4.7	17.2
Seq10003_355_bp_-1_1_0	BAA32956.1	50.00	14	7	0	7	20	82	95	8.7	15.1
Seq10003_355_bp_-1_1_0	BAA32018.1	50.00	8	4	0	15	22	364	371	8.7	16.7
Seq10003_355_bp_-1_1_0	ABN10845.1	28.57	14	10	0	1	14	201	214	8.9	15.1
Seq10003_355_bp_-1_1_1	BAB70780.1	71.43	7	2	0	3	9	315	321	0.47	19.5
Seq10003_355_bp_-1_1_1	AAA24142.1	71.43	7	2	0	5	11	199	205	1	18.2
Seq10003_355_bp_-1_1_1	AAA25966.1	41.67	12	7	0	1	12	188	199	1.1	18.8
Seq10003_355_bp_-1_1_1	AAC97205.1	41.67	12	7	0	1	12	205	216	1.8	18.8
Seq10003_355_bp_-1_1_1	ABS38337.1	71.43	7	2	0	4	10	139	145	2.9	18.2
Seq10003_355_bp_-1_1_1	AAC78721.1	71.43	7	2	0	1	7	569	575	3.6	16.9
Seq10003_355_bp_-1_1_1	AAI27517.1	80.00	5	1	0	3	7	374	378	4.8	16.3
Seq10003_355_bp_-1_1_1	AAA26915.1	50.00	10	5	0	3	12	294	303	5.8	15.7
Seq10003_355_bp_-1_1_1	BAE97662.1	50.00	8	4	0	5	12	638	645	5.9	16.9
Seq10003_355_bp_-1_1_1	AAA32624.1	71.43	7	2	0	6	12	444	450	6.4	15.7
Seq10003_355_bp_-1_1_1	AAA24969.1	50.00	10	5	0	3	12	703	712	7.8	16.9
Seq10003_355_bp_-1_1_1	AAH69556.1	40.00	10	6	0	3	12	77	86	8.7	14.4
Seq10003_355_bp_-1_1_2	AAB03707.1	40.00	10	6	0	2	11	418	427	2.7	18.3
Seq10003_355_bp_-1_1_2	CAA11507.1	50.00	8	4	0	2	9	410	417	4.1	17.6
Seq10003_355_bp_-1_1_2	AEE27845.1	66.67	6	2	0	4	9	815	820	4.2	17.6
Seq10003_355_bp_-1_1_2	AAA24142.1	60.00	5	2	0	2	6	301	305	5.1	15.7
Seq10003_355_bp_-1_1_2	ACT10338.1	100.00	4	0	0	5	8	274	277	6.7	15.1
Seq10003_355_bp_-1_1_2	AAR37016.1	100.00	4	0	0	3	6	59	62	7	17.6
Seq10003_355_bp_-1_1_2	CAA45199.1	50.00	6	3	0	3	8	385	390	8.1	15.1
Seq10003_355_bp_-1_1_2	AAB64315.2	60.00	5	2	0	6	10	30	34	8.7	14.4
Seq10003_355_bp_-1_1_3	CAA43372.1	31.58	19	13	0	9	27	74	92	0.7	19.8
Seq10003_355_bp_-1_1_3	AAA24142.1	57.14	7	3	0	1	7	204	210	1.6	18.7
Seq10003_355_bp_-1_1_3	AAA32624.1	35.29	17	11	0	2	18	324	340	1.9	18.7
Seq10003_355_bp_-1_1_3	AAH69556.1	57.14	7	3	0	12	18	242	248	2.4	17.6
Seq10003_355_bp_-1_1_3	BAB79260.1	85.71	7	1	0	5	11	27	33	2.4	18.1
Seq10003_355_bp_-1_1_3	CAA26230.1	35.29	17	11	0	2	18	361	377	4.3	17.6
Seq10003_355_bp_-1_1_3	AAA72732.1	55.56	9	4	0	18	26	112	120	5.2	16.4
Seq10003_355_bp_-1_1_3	CAA45199.1	40.00	16	9	1	2	17	79	93	5.3	17.0
Seq10003_355_bp_-1_1_3	BAB70780.1	35.71	14	9	0	5	18	362	375	5.5	17.0
Seq10003_355_bp_-1_1_4	AAA42531.1	60.00	10	4	0	20	29	173	182	1	19.6
Seq10003_355_bp_-1_1_4	AAR37016.1	45.00	20	11	0	9	28	1633	1652	1	22.2
Seq10003_355_bp_-1_1_4	ACT10338.1	38.46	28	16	2	7	32	151	178	2.1	18.5
Seq10003_355_bp_-1_1_4	AAA65607.1	44.44	20	10	2	4	23	223	240	3.9	17.5
Seq10003_355_bp_-1_1_4	AAX12058.1	26.67	15	11	0	13	27	192	206	4.2	17.0
Seq10003_355_bp_-1_1_4	AIR13712.1	36.36	22	14	0	2	23	163	184	5	17.0
Seq10003_355_bp_-1_1_4	AAI27517.1	46.15	13	7	0	23	35	217	229	6.2	17.5
Seq10003_355_bp_-1_1_4	AAB26998.1	31.82	22	15	0	15	36	13	34	7	14.4
Seq10003_355_bp_-1_1_4	CAA11507.1	34.62	26	17	0	5	30	1169	1194	9.7	18.0
Seq10003_355_bp_-1_2_0	AAQ92751.2	62.50	8	3	0	2	9	1037	1044	4	17.9
Seq10003_355_bp_-1_2_0	AAA32376.1	80.00	5	1	0	1	5	64	68	4.9	14.6
Seq10003_355_bp_-1_2_0	AAX84812.1	60.00	5	2	0	9	13	83	87	6.4	14.6
Seq10003_355_bp_-1_2_0	BAE97662.1	62.50	8	3	0	3	10	1122	1129	7.9	16.6
Seq10003_355_bp_-1_2_0	ABS38337.1	62.50	8	3	0	4	11	1151	1158	8.8	16.6
Seq10003_355_bp_-1_2_1	AAB03707.1	28.79	73	47	7	4	74	701	768	0.61	23.7
Seq10003_355_bp_-1_2_1	CAA26230.1	27.78	36	26	0	1	36	230	265	1	21.6
Seq10003_355_bp_-1_2_1	AAB64315.2	19.44	36	29	0	16	51	185	220	2.4	19.6
Seq10003_355_bp_-1_2_1	AAF01122.1	29.63	27	19	0	54	80	162	188	4.7	18.8
Seq10003_355_bp_-1_2_1	ABD33854.1	26.32	38	28	0	44	81	5	42	5.7	15.9
