Seq240_68_bp_1_0_0	ENA|AAR37016|AAR37016.1	31.25	16	11	0	1	16	339	354	0.48	22.1
Seq240_68_bp_1_0_0	ENA|CAA29956|CAA29956.1	40.00	10	6	0	1	10	289	298	1	18.3
Seq240_68_bp_1_0_0	ENA|CAA26939|CAA26939.1	41.67	12	7	0	2	13	405	416	1.2	18.8
Seq240_68_bp_1_0_0	ENA|AAA25966|AAA25966.1	57.14	7	3	0	4	10	347	353	1.5	18.8
Seq240_68_bp_1_0_0	ENA|AAA24145|AAA24145.1	42.86	15	8	1	2	16	240	253	2.2	17.5
Seq240_68_bp_1_0_0	ENA|CAA45708|CAA45708.1	54.55	12	5	1	4	14	967	978	2.3	19.2
Seq240_68_bp_1_0_0	ENA|AAB26998|AAB26998.1	33.33	12	8	0	4	15	14	25	2.8	14.6
Seq240_68_bp_1_0_0	ENA|ABD49687|ABD49687.1	37.50	19	10	3	1	16	932	950	3.4	18.8
Seq240_68_bp_1_0_0	ENA|CAA45199|CAA45199.1	41.67	12	7	0	4	15	70	81	4	16.7
Seq240_68_bp_1_0_0	ENA|CAA43419|CAA43419.1	45.45	11	6	0	1	11	137	147	4.1	16.3
Seq240_68_bp_1_0_0	ENA|CAA28033|CAA28033.1	62.50	8	3	0	9	16	1175	1182	6.1	17.5
Seq240_68_bp_1_0_0	ENA|BAA05866|BAA05866.1	66.67	6	2	0	7	12	270	275	6.1	15.4
Seq240_68_bp_1_0_0	ENA|CAA11507|CAA11507.1	42.86	14	8	0	1	14	1182	1195	6.3	17.5
Seq240_68_bp_1_0_0	ENA|AAF79734|AAF79734.1	26.67	15	11	0	1	15	65	79	6.7	17.5
Seq240_68_bp_1_0_0	ENA|ABK71357|ABK71357.1	30.00	10	7	0	3	12	175	184	7.3	15.4
Seq240_68_bp_1_0_0	ENA|CAA36214|CAA36214.1	70.00	13	3	3	6	15	237	249	7.9	15.0
Seq240_68_bp_1_0_0	ENA|AAB03707|AAB03707.1	28.57	14	10	0	1	14	21	34	8.4	17.1
Seq240_68_bp_1_0_0	ENA|AAI27517|AAI27517.1	33.33	23	10	8	2	16	254	276	8.5	15.8
Seq240_68_bp_1_0_0	ENA|AAA32624|AAA32624.1	45.45	11	6	0	6	16	265	275	10	15.4
Seq240_68_bp_1_1_0	ENA|CAA45708|CAA45708.1	100.00	22	0	0	1	22	668	689	2e-11	56.4
Seq240_68_bp_1_1_0	ENA|AAB03707|AAB03707.1	47.62	21	11	0	1	21	581	601	0.011	27.2
Seq240_68_bp_1_1_0	ENA|CAA36714|CAA36714.1	41.18	17	10	0	2	18	21	37	0.58	20.0
Seq240_68_bp_1_1_0	ENA|BAA05866|BAA05866.1	46.15	13	7	0	8	20	4	16	2	17.5
Seq240_68_bp_1_1_0	ENA|AAA72732|AAA72732.1	41.67	12	7	0	9	20	94	105	6.1	15.9
Seq240_68_bp_1_1_0	ENA|CAA26939|CAA26939.1	38.46	13	8	0	10	22	147	159	6.4	16.7
Seq240_68_bp_1_1_0	ENA|AAF79734|AAF79734.1	35.00	20	13	0	3	22	1081	1100	6.9	17.9
Seq240_68_bp_1_1_0	ENA|CAA45199|CAA45199.1	36.84	19	12	0	3	21	330	348	9	15.9
Seq240_68_bp_1_1_0	ENA|BAA32018|BAA32018.1	50.00	12	6	0	1	12	467	478	9	16.3
Seq240_68_bp_1_1_0	ENA|AAA32624|AAA32624.1	42.86	14	8	0	6	19	433	446	9.9	15.9
Seq240_68_bp_1_1_0	ENA|CAA24711|CAA24711.1	22.22	18	14	0	4	21	19	36	10	14.3
Seq240_68_bp_1_2_0	ENA|CAA29956|CAA29956.1	50.00	12	6	0	2	13	127	138	0.31	19.9
Seq240_68_bp_1_2_0	ENA|AAS77176|AAS77176.1	58.33	14	5	2	2	13	156	169	0.34	19.4
Seq240_68_bp_1_2_0	ENA|AAB26998|AAB26998.1	35.71	14	9	0	1	14	13	26	0.38	17.4
Seq240_68_bp_1_2_0	ENA|AAC49865|AAC49865.1	36.36	11	7	0	1	11	46	56	0.55	18.9
Seq240_68_bp_1_2_0	ENA|ABG75784|ABG75784.1	66.67	6	2	0	2	7	195	200	0.74	18.4
Seq240_68_bp_1_2_0	ENA|AAR31603|AAR31603.1	38.46	13	8	0	2	14	122	134	1.1	17.9
Seq240_68_bp_1_2_0	ENA|CAA26023|CAA26023.1	35.71	15	9	1	1	14	130	144	1.3	17.9
Seq240_68_bp_1_2_0	ENA|ABN10845|ABN10845.1	21.43	14	11	0	1	14	53	66	1.5	16.8
Seq240_68_bp_1_2_0	ENA|BAB79260|BAB79260.1	23.08	13	10	0	2	14	410	422	1.5	17.9
Seq240_68_bp_1_2_0	ENA|AAC78721|AAC78721.1	50.00	12	6	0	3	14	168	179	1.6	18.4
Seq240_68_bp_1_2_0	ENA|CAA11507|CAA11507.1	30.77	13	9	0	2	14	216	228	2.2	18.9
Seq240_68_bp_1_2_0	ENA|ACH70901|ACH70901.1	44.44	9	5	0	2	10	103	111	2.4	16.8
Seq240_68_bp_1_2_0	ENA|AAC26660|AAC26660.1	57.14	7	3	0	1	7	185	191	2.4	16.3
Seq240_68_bp_1_2_0	ENA|AAA32624|AAA32624.1	30.77	13	9	0	2	14	482	494	2.5	17.4
Seq240_68_bp_1_2_0	ENA|CAA26939|CAA26939.1	23.08	13	10	0	2	14	530	542	3.8	16.8
Seq240_68_bp_1_2_0	ENA|AAC17860|AAC17860.1	33.33	12	8	0	2	13	349	360	3.9	16.3
Seq240_68_bp_1_2_0	ENA|BAB17681|BAB17681.1	36.36	11	7	0	1	11	36	46	5.2	15.3
Seq240_68_bp_1_2_0	ENA|AAA18786|AAA18786.1	33.33	12	8	0	3	14	140	151	7	14.8
Seq240_68_bp_1_2_0	ENA|CAA28033|CAA28033.1	27.27	11	8	0	1	11	1001	1011	8.3	16.8
Seq240_68_bp_1_2_0	ENA|AAA24145|AAA24145.1	36.36	11	7	0	2	12	430	440	8.4	15.3
Seq240_68_bp_1_2_0	ENA|CAD53387|CAD53387.1	50.00	6	3	0	2	7	477	482	9.1	15.3
Seq240_68_bp_1_2_0	ENA|AAA25966|AAA25966.1	41.67	12	7	0	2	13	410	421	9.2	15.8
Seq240_68_bp_1_2_0	ENA|CAA45708|CAA45708.1	45.45	11	6	0	2	12	626	636	9.6	16.8
Seq240_68_bp_1_2_0	ENA|CAA73529|CAA73529.1	23.08	13	10	0	2	14	209	221	9.9	14.3
Seq240_68_bp_-1_0_0	ENA|AAS77176|AAS77176.1	33.33	15	10	0	2	16	253	267	0.85	18.2
Seq240_68_bp_-1_0_0	ENA|CAA29968|CAA29968.1	50.00	6	3	0	10	15	102	107	2.2	16.3
Seq240_68_bp_-1_0_0	ENA|CAA45199|CAA45199.1	27.27	11	8	0	5	15	274	284	3.1	17.1
Seq240_68_bp_-1_0_0	ENA|CAA73529|CAA73529.1	44.44	9	5	0	7	15	263	271	4	15.9
Seq240_68_bp_-1_0_0	ENA|ACH70901|ACH70901.1	46.67	17	8	2	2	16	58	74	5.2	15.9
Seq240_68_bp_-1_0_0	ENA|AAA72732|AAA72732.1	41.67	15	7	3	2	16	111	122	5.9	15.5
Seq240_68_bp_-1_0_0	ENA|AAC49865|AAC49865.1	60.00	5	2	0	11	15	65	69	6.2	15.5
Seq240_68_bp_-1_0_0	ENA|BAA32956|BAA32956.1	75.00	4	1	0	13	16	5	8	6.9	14.7
Seq240_68_bp_-1_0_0	ENA|BAA36759|BAA36759.1	28.57	14	10	0	1	14	84	97	9.2	14.7
Seq240_68_bp_-1_0_0	ENA|AAA42531|AAA42531.1	100.00	3	0	0	13	15	304	306	9.4	15.1
Seq240_68_bp_-1_1_0	ENA|AAA72732|AAA72732.1	36.36	11	7	0	3	13	110	120	0.52	18.8
Seq240_68_bp_-1_1_0	ENA|AAA36539|AAA36539.1	37.50	8	5	0	5	12	213	220	1.7	17.7
Seq240_68_bp_-1_1_0	ENA|AAR31603|AAR31603.1	30.00	10	7	0	4	13	155	164	1.7	17.1
Seq240_68_bp_-1_1_0	ENA|AAR37016|AAR37016.1	55.56	9	4	0	4	12	1674	1682	1.8	19.9
Seq240_68_bp_-1_1_0	ENA|AAC26660|AAC26660.1	25.00	12	9	0	1	12	62	73	1.9	16.6
Seq240_68_bp_-1_1_0	ENA|CAL82360|CAL82360.1	54.55	11	5	0	3	13	675	685	2.1	18.8
Seq240_68_bp_-1_1_0	ENA|AAC49865|AAC49865.1	33.33	12	8	0	1	12	120	131	2.4	16.6
Seq240_68_bp_-1_1_0	ENA|CAA26023|CAA26023.1	36.36	11	7	0	3	13	66	76	2.8	16.6
Seq240_68_bp_-1_1_0	ENA|AAC97205|AAC97205.1	40.00	10	6	0	3	12	1238	1247	2.9	18.2
Seq240_68_bp_-1_1_0	ENA|BAA05866|BAA05866.1	33.33	12	8	0	1	12	20	31	3.3	16.0
Seq240_68_bp_-1_1_0	ENA|ACT10338|ACT10338.1	41.67	12	7	0	2	13	311	322	4.1	16.0
Seq240_68_bp_-1_1_0	ENA|BAB79260|BAB79260.1	50.00	10	5	0	4	13	330	339	4.8	16.0
Seq240_68_bp_-1_1_0	ENA|AAB96524|AAB96524.1	33.33	12	8	0	1	12	91	102	6	14.4
Seq240_68_bp_-1_1_0	ENA|CAA29968|CAA29968.1	44.44	9	5	0	3	11	80	88	6.3	14.4
Seq240_68_bp_-1_1_0	ENA|AAF79734|AAF79734.1	57.14	7	3	0	1	7	1152	1158	7.1	17.1
Seq240_68_bp_-1_1_0	ENA|AAA25966|AAA25966.1	50.00	6	3	0	7	12	602	607	7.5	16.0
Seq240_68_bp_-1_1_0	ENA|CAA29956|CAA29956.1	40.00	10	6	0	4	13	191	200	8.2	15.0
Seq240_68_bp_-1_1_0	ENA|AAA42531|AAA42531.1	54.55	11	5	0	1	11	309	319	8.4	15.0
Seq240_68_bp_-1_1_0	ENA|CAA26939|CAA26939.1	57.14	7	3	0	6	12	151	157	8.5	15.5
Seq240_68_bp_-1_1_0	ENA|EDO47375|EDO47375.1	42.86	7	4	0	3	9	112	118	8.7	13.9
Seq240_68_bp_-1_1_0	ENA|ABN10845|ABN10845.1	30.00	10	7	0	4	13	43	52	9.9	13.9
Seq240_68_bp_-1_1_0	ENA|AAC78721|AAC78721.1	50.00	6	3	0	8	13	279	284	9.9	15.5
Seq240_68_bp_-1_2_0	ENA|AAB26998|AAB26998.1	29.41	18	12	1	3	20	17	33	0.47	17.7
Seq240_68_bp_-1_2_0	ENA|CAA29968|CAA29968.1	41.18	19	10	2	3	21	99	115	0.89	18.1
Seq240_68_bp_-1_2_0	ENA|AAI27517|AAI27517.1	47.06	17	9	0	6	22	38	54	3.4	17.7
Seq240_68_bp_-1_2_0	ENA|AAA24145|AAA24145.1	28.57	22	15	1	2	22	163	184	4.4	17.0
Seq240_68_bp_-1_2_0	ENA|ABK71357|ABK71357.1	35.71	14	9	0	3	16	272	285	5.9	16.2
Seq240_68_bp_-1_2_0	ENA|BAB17681|BAB17681.1	33.33	15	10	0	5	19	166	180	7.1	15.5
Seq240_68_bp_-1_2_0	ENA|BAA05866|BAA05866.1	33.33	18	12	0	1	18	214	231	7.9	15.5
Seq240_68_bp_-1_2_0	ENA|BAA32991|BAA32991.1	57.14	7	3	0	11	17	4	10	8.2	13.3
Seq240_68_bp_-1_2_0	ENA|AAB66912|AAB66912.1	40.00	15	9	0	3	17	495	509	8.6	17.0
Seq240_68_bp_-1_2_0	ENA|ABD49687|ABD49687.1	38.46	13	8	0	1	13	58	70	9.4	17.7
