Seq356_87_bp_1_0_0	ENA|AAA25966|AAA25966.1	100.00	29	0	0	1	29	101	129	1.2e-22	93.0
Seq356_87_bp_1_0_0	ENA|ABD49687|ABD49687.1	33.33	21	14	0	9	29	30	50	0.0045	29.3
Seq356_87_bp_1_0_0	ENA|BAB17681|BAB17681.1	46.15	13	7	0	9	21	74	86	0.8	19.1
Seq356_87_bp_1_0_0	ENA|BAA32956|BAA32956.1	38.46	13	8	0	5	17	91	103	0.91	18.5
Seq356_87_bp_1_0_0	ENA|AAC17860|AAC17860.1	27.27	11	8	0	2	12	313	323	1.2	19.1
Seq356_87_bp_1_0_0	ENA|AAS77176|AAS77176.1	25.00	12	9	0	14	25	148	159	1.2	18.5
Seq356_87_bp_1_0_0	ENA|AAB26998|AAB26998.1	50.00	6	3	0	3	8	45	50	1.6	16.3
Seq356_87_bp_1_0_0	ENA|AAA24145|AAA24145.1	55.56	9	4	0	6	14	90	98	4.2	17.4
Seq356_87_bp_1_0_0	ENA|CAA29968|CAA29968.1	30.00	10	7	0	11	20	96	105	5.7	15.7
Seq356_87_bp_1_0_0	ENA|AAQ92751|AAQ92751.2	37.50	16	10	0	7	22	288	303	5.8	18.5
Seq356_87_bp_1_0_0	ENA|AAC49865|AAC49865.1	14.29	21	18	0	6	26	13	33	6.5	16.3
Seq356_87_bp_1_0_0	ENA|AAC97205|AAC97205.1	25.00	8	6	0	16	23	382	389	7.5	18.0
Seq356_87_bp_1_0_0	ENA|AAI27517|AAI27517.1	33.33	9	6	0	17	25	251	259	7.8	16.8
Seq356_87_bp_1_0_0	ENA|CAA28033|CAA28033.1	23.53	17	13	0	8	24	38	54	7.8	18.0
Seq356_87_bp_1_0_0	ENA|AAB96524|AAB96524.1	33.33	15	10	0	5	19	168	182	7.9	15.2
Seq356_87_bp_1_0_0	ENA|AAB66912|AAB66912.1	31.58	20	13	1	1	20	18	36	8.3	17.4
Seq356_87_bp_1_0_0	ENA|AAC08817|AAC08817.1	20.00	5	4	0	13	17	1	5	9.7	14.6
Seq356_87_bp_1_1_0	ENA|AAI27517|AAI27517.1	39.13	25	14	2	2	26	406	428	0.072	23.7
Seq356_87_bp_1_1_0	ENA|AAR37016|AAR37016.1	45.45	11	6	0	8	18	835	845	0.12	24.9
Seq356_87_bp_1_1_0	ENA|ABD49687|ABD49687.1	45.45	11	6	0	13	23	582	592	0.21	23.7
Seq356_87_bp_1_1_0	ENA|ABD49687|ABD49687.1	28.57	14	10	0	12	25	93	106	0.74	21.8
Seq356_87_bp_1_1_0	ENA|AAA72732|AAA72732.1	29.41	17	12	0	7	23	280	296	0.31	20.6
Seq356_87_bp_1_1_0	ENA|CCP43727|CCP43727.1	31.25	16	11	0	3	18	124	139	0.33	20.6
Seq356_87_bp_1_1_0	ENA|CAA24711|CAA24711.1	85.71	7	1	0	5	11	5	11	0.61	18.8
Seq356_87_bp_1_1_0	ENA|AAB66912|AAB66912.1	44.44	23	10	5	3	20	218	240	0.61	21.2
Seq356_87_bp_1_1_0	ENA|AAA25966|AAA25966.1	66.67	9	3	0	6	14	186	194	0.72	20.6
Seq356_87_bp_1_1_0	ENA|AAC08817|AAC08817.1	31.25	16	11	0	1	16	18	33	1.3	17.6
Seq356_87_bp_1_1_0	ENA|AAQ92751|AAQ92751.2	28.57	14	10	0	4	17	1047	1060	1.4	20.6
Seq356_87_bp_1_1_0	ENA|AAA42531|AAA42531.1	33.33	9	6	0	5	13	368	376	2.1	18.2
Seq356_87_bp_1_1_0	ENA|BAA32956|BAA32956.1	60.00	5	2	0	14	18	25	29	2.6	17.0
Seq356_87_bp_1_1_0	ENA|AAC49865|AAC49865.1	50.00	8	4	0	2	9	70	77	2.6	17.6
Seq356_87_bp_1_1_0	ENA|ACH70901|ACH70901.1	40.00	10	6	0	14	23	102	111	2.9	17.6
Seq356_87_bp_1_1_0	ENA|CAA28033|CAA28033.1	42.86	7	4	0	15	21	615	621	4.4	18.8
Seq356_87_bp_1_1_0	ENA|ABK71357|ABK71357.1	58.33	13	5	1	1	12	67	79	4.5	17.0
Seq356_87_bp_1_1_0	ENA|AAC26660|AAC26660.1	57.14	7	3	0	17	23	62	68	4.7	16.4
Seq356_87_bp_1_1_0	ENA|AAA18786|AAA18786.1	31.58	19	13	0	7	25	63	81	4.9	16.4
Seq356_87_bp_1_1_0	ENA|AAF79734|AAF79734.1	40.00	10	6	0	16	25	1052	1061	4.9	18.8
Seq356_87_bp_1_1_0	ENA|AAC17860|AAC17860.1	16.67	24	20	0	3	26	131	154	4.9	17.0
Seq356_87_bp_1_1_0	ENA|BAA36759|BAA36759.1	75.00	4	1	0	12	15	273	276	5.3	16.4
Seq356_87_bp_1_1_0	ENA|CAD53387|CAD53387.1	50.00	20	9	2	9	28	456	473	6	17.0
Seq356_87_bp_1_1_0	ENA|CAA29956|CAA29956.1	75.00	4	1	0	14	17	283	286	6.8	16.4
Seq356_87_bp_1_1_0	ENA|CAA36714|CAA36714.1	36.36	11	7	0	11	21	118	128	8.3	16.4
Seq356_87_bp_1_1_0	ENA|AAR31603|AAR31603.1	46.15	13	7	0	4	16	246	258	8.8	15.7
Seq356_87_bp_1_2_0	ENA|AAR37016|AAR37016.1	47.06	17	9	0	2	18	1603	1619	0.55	22.7
Seq356_87_bp_1_2_0	ENA|BAB79260|BAB79260.1	66.67	6	2	0	20	25	395	400	0.81	19.8
Seq356_87_bp_1_2_0	ENA|AAC97205|AAC97205.1	38.46	13	8	0	6	18	945	957	0.97	20.9
Seq356_87_bp_1_2_0	ENA|AAB96524|AAB96524.1	50.00	11	5	1	11	21	126	135	1.7	17.4
Seq356_87_bp_1_2_0	ENA|CCP43727|CCP43727.1	19.05	21	17	0	6	26	61	81	2	18.0
Seq356_87_bp_1_2_0	ENA|ABK71357|ABK71357.1	40.00	10	6	0	19	28	79	88	2.2	18.0
Seq356_87_bp_1_2_0	ENA|AAC49865|AAC49865.1	33.33	6	4	0	20	25	47	52	2.9	17.4
Seq356_87_bp_1_2_0	ENA|CAL82360|CAL82360.1	38.46	13	8	0	6	18	856	868	3.4	19.2
Seq356_87_bp_1_2_0	ENA|AAA25966|AAA25966.1	40.00	15	9	0	6	20	67	81	4.3	18.0
Seq356_87_bp_1_2_0	ENA|ABD49687|ABD49687.1	42.86	24	12	3	1	23	1636	1657	4.5	19.2
Seq356_87_bp_1_2_0	ENA|AAC17860|AAC17860.1	57.14	7	3	0	10	16	357	363	5.4	16.8
Seq356_87_bp_1_2_0	ENA|AAA36539|AAA36539.1	36.36	11	7	0	1	11	212	222	6.2	16.8
Seq356_87_bp_1_2_0	ENA|ACH70901|ACH70901.1	60.00	5	2	0	20	24	103	107	7	16.2
Seq356_87_bp_1_2_0	ENA|CAA28033|CAA28033.1	23.08	27	20	1	1	27	502	527	7.5	18.0
Seq356_87_bp_1_2_0	ENA|CAA11507|CAA11507.1	44.44	9	5	0	12	20	858	866	7.8	18.0
Seq356_87_bp_1_2_0	ENA|AAQ92751|AAQ92751.2	80.00	5	1	0	16	20	690	694	7.9	18.0
Seq356_87_bp_1_2_0	ENA|BAA36759|BAA36759.1	37.50	8	5	0	17	24	273	280	8.4	15.6
Seq356_87_bp_1_2_0	ENA|CAA45199|CAA45199.1	42.86	7	4	0	14	20	405	411	9	16.2
Seq356_87_bp_-1_0_0	ENA|AAA18786|AAA18786.1	46.15	13	7	0	1	13	132	144	0.29	20.6
Seq356_87_bp_-1_0_0	ENA|CAA11507|CAA11507.1	50.00	16	8	0	13	28	1146	1161	0.44	22.3
Seq356_87_bp_-1_0_0	ENA|CAA45199|CAA45199.1	41.67	12	7	0	2	13	204	215	0.75	20.0
Seq356_87_bp_-1_0_0	ENA|ABK71357|ABK71357.1	43.75	16	9	0	3	18	60	75	0.88	19.4
Seq356_87_bp_-1_0_0	ENA|AAC17860|AAC17860.1	23.08	13	10	0	10	22	100	112	2.1	18.3
Seq356_87_bp_-1_0_0	ENA|CAA43419|CAA43419.1	33.33	18	12	0	11	28	313	330	2.8	17.7
Seq356_87_bp_-1_0_0	ENA|AAC78721|AAC78721.1	45.45	11	6	0	6	16	593	603	3.5	18.3
Seq356_87_bp_-1_0_0	ENA|AAA36114|AAA36114.1	36.36	11	7	0	4	14	471	481	3.9	17.7
Seq356_87_bp_-1_0_0	ENA|ABD49687|ABD49687.1	35.71	14	9	0	6	19	1085	1098	4	19.4
Seq356_87_bp_-1_0_0	ENA|CAL82360|CAL82360.1	50.00	8	4	0	21	28	670	677	4.4	18.8
Seq356_87_bp_-1_0_0	ENA|AAI27517|AAI27517.1	27.27	11	8	0	15	25	486	496	4.5	17.7
Seq356_87_bp_-1_0_0	ENA|BAB17681|BAB17681.1	71.43	7	2	0	16	22	189	195	4.6	16.5
Seq356_87_bp_-1_0_0	ENA|AAB96524|AAB96524.1	80.00	5	1	0	25	29	113	117	4.7	15.9
Seq356_87_bp_-1_0_0	ENA|BAA32018|BAA32018.1	30.00	10	7	0	20	29	7	16	4.8	17.7
Seq356_87_bp_-1_0_0	ENA|BAB79260|BAB79260.1	50.00	10	5	0	20	29	180	189	5.1	17.1
Seq356_87_bp_-1_0_0	ENA|CAA45708|CAA45708.1	30.77	13	9	0	10	22	220	232	5.2	18.8
Seq356_87_bp_-1_0_0	ENA|ACH70901|ACH70901.1	36.36	11	7	0	1	11	95	105	6	16.5
Seq356_87_bp_-1_0_0	ENA|CAA29956|CAA29956.1	57.14	7	3	0	3	9	8	14	9.1	15.9
Seq356_87_bp_-1_0_0	ENA|CAA26023|CAA26023.1	55.56	9	4	0	19	27	331	339	9.3	15.9
Seq356_87_bp_-1_1_0	ENA|AAB26998|AAB26998.1	63.64	11	4	0	14	24	11	21	0.42	18.1
Seq356_87_bp_-1_1_0	ENA|AAI27517|AAI27517.1	33.33	18	12	0	9	26	165	182	0.65	20.4
Seq356_87_bp_-1_1_0	ENA|AAA25966|AAA25966.1	27.78	18	13	0	1	18	308	325	0.79	20.4
Seq356_87_bp_-1_1_0	ENA|AAA42531|AAA42531.1	50.00	15	7	1	8	22	302	315	2	18.1
Seq356_87_bp_-1_1_0	ENA|ABD49687|ABD49687.1	40.00	10	6	0	4	13	236	245	2.7	19.8
Seq356_87_bp_-1_1_0	ENA|AAA32624|AAA32624.1	33.33	9	6	0	18	26	190	198	4	17.5
Seq356_87_bp_-1_1_0	ENA|AAC78721|AAC78721.1	60.00	5	2	0	7	11	207	211	5.1	17.5
Seq356_87_bp_-1_1_0	ENA|AAA24145|AAA24145.1	50.00	8	4	0	5	12	410	417	5.1	17.0
Seq356_87_bp_-1_1_0	ENA|CAA45708|CAA45708.1	55.56	9	4	0	2	10	343	351	5.2	18.7
Seq356_87_bp_-1_1_0	ENA|ACH70901|ACH70901.1	33.33	6	4	0	12	17	143	148	5.9	16.4
Seq356_87_bp_-1_1_0	ENA|BAB17681|BAB17681.1	60.00	5	2	0	14	18	108	112	6.6	15.8
Seq356_87_bp_-1_1_0	ENA|CAA36214|CAA36214.1	30.00	10	7	0	14	23	278	287	7.3	15.8
Seq356_87_bp_-1_1_0	ENA|BAB79260|BAB79260.1	62.50	8	3	0	18	25	67	74	7.3	16.4
Seq356_87_bp_-1_1_0	ENA|ABN10845|ABN10845.1	30.77	13	9	0	14	26	7	19	7.7	15.3
Seq356_87_bp_-1_1_0	ENA|ABK71357|ABK71357.1	26.32	19	14	0	6	24	276	294	8.8	15.8
Seq356_87_bp_-1_1_0	ENA|CAA26939|CAA26939.1	50.00	6	3	0	5	10	482	487	9.1	16.4
Seq356_87_bp_-1_1_0	ENA|AAB03707|AAB03707.1	62.50	10	3	2	1	10	640	647	9.9	17.5
Seq356_87_bp_-1_1_0	ENA|CAA29968|CAA29968.1	33.33	9	6	0	4	12	99	107	10	14.7
Seq356_87_bp_-1_2_0	ENA|ABN10845|ABN10845.1	55.56	9	4	0	16	24	105	113	0.0044	26.2
Seq356_87_bp_-1_2_0	ENA|AAC78721|AAC78721.1	54.55	11	5	0	7	17	124	134	0.035	24.9
Seq356_87_bp_-1_2_0	ENA|BAA36759|BAA36759.1	40.00	15	9	0	3	17	127	141	0.15	21.6
Seq356_87_bp_-1_2_0	ENA|AAA18786|AAA18786.1	16.67	12	10	0	8	19	30	41	0.22	20.9
Seq356_87_bp_-1_2_0	ENA|CCP43727|CCP43727.1	35.29	17	11	0	1	17	144	160	0.27	20.9
Seq356_87_bp_-1_2_0	ENA|CCP43727|CCP43727.1	26.32	19	14	0	4	22	120	138	0.68	19.6
Seq356_87_bp_-1_2_0	ENA|CAA36714|CAA36714.1	18.75	16	13	0	4	19	119	134	0.39	20.9
Seq356_87_bp_-1_2_0	ENA|CAA45199|CAA45199.1	55.56	9	4	0	11	19	58	66	0.39	20.9
Seq356_87_bp_-1_2_0	ENA|AAA36539|AAA36539.1	60.00	5	2	0	19	23	22	26	0.39	20.9
Seq356_87_bp_-1_2_0	ENA|AAI27517|AAI27517.1	31.25	16	11	0	1	16	382	397	0.49	20.9
Seq356_87_bp_-1_2_0	ENA|CAA26939|CAA26939.1	33.33	12	8	0	11	22	396	407	0.75	20.2
Seq356_87_bp_-1_2_0	ENA|CAA26939|CAA26939.1	23.08	13	10	0	8	20	518	530	0.75	20.2
Seq356_87_bp_-1_2_0	ENA|AAR37016|AAR37016.1	57.14	7	3	0	21	27	127	133	1.2	21.6
Seq356_87_bp_-1_2_0	ENA|ABK71357|ABK71357.1	66.67	3	1	0	20	22	141	143	1.2	18.9
Seq356_87_bp_-1_2_0	ENA|ACT10338|ACT10338.1	62.50	8	3	0	10	17	25	32	1.3	18.9
Seq356_87_bp_-1_2_0	ENA|AAC17860|AAC17860.1	33.33	18	12	0	1	18	139	156	1.3	18.9
Seq356_87_bp_-1_2_0	ENA|BAA32991|BAA32991.1	30.00	10	7	0	9	18	11	20	1.4	16.2
Seq356_87_bp_-1_2_0	ENA|AAQ92751|AAQ92751.2	37.50	8	5	0	15	22	779	786	1.8	20.2
Seq356_87_bp_-1_2_0	ENA|CAA26023|CAA26023.1	100.00	2	0	0	19	20	164	165	2	18.2
Seq356_87_bp_-1_2_0	ENA|AAC08817|AAC08817.1	45.45	11	6	0	6	16	141	151	2.1	16.9
Seq356_87_bp_-1_2_0	ENA|AAA32624|AAA32624.1	42.86	14	8	0	3	16	223	236	2.7	18.2
Seq356_87_bp_-1_2_0	ENA|ABD49687|ABD49687.1	23.08	13	10	0	7	19	1095	1107	3.5	19.6
Seq356_87_bp_-1_2_0	ENA|AAA25966|AAA25966.1	100.00	2	0	0	19	20	323	324	3.7	18.2
Seq356_87_bp_-1_2_0	ENA|AAA24145|AAA24145.1	50.00	4	2	0	21	24	54	57	3.7	17.5
Seq356_87_bp_-1_2_0	ENA|CAA36214|CAA36214.1	33.33	12	8	0	8	19	163	174	3.9	16.9
Seq356_87_bp_-1_2_0	ENA|AAA72732|AAA72732.1	38.46	13	8	0	6	18	233	245	4	16.9
Seq356_87_bp_-1_2_0	ENA|BAA32956|BAA32956.1	66.67	3	1	0	20	22	26	28	4.3	16.2
Seq356_87_bp_-1_2_0	ENA|ACH70901|ACH70901.1	62.50	8	3	0	3	10	69	76	4.6	16.9
Seq356_87_bp_-1_2_0	ENA|AAF79734|AAF79734.1	25.00	16	12	0	5	20	736	751	4.6	18.9
Seq356_87_bp_-1_2_0	ENA|AAB66912|AAB66912.1	45.45	11	6	0	7	17	210	220	4.7	18.2
Seq356_87_bp_-1_2_0	ENA|CAA73529|CAA73529.1	66.67	3	1	0	21	23	208	210	5.5	16.2
Seq356_87_bp_-1_2_0	ENA|AAS77176|AAS77176.1	38.46	13	8	0	6	18	49	61	5.8	16.2
Seq356_87_bp_-1_2_0	ENA|CAD53387|CAD53387.1	40.00	10	6	0	8	17	59	68	6.3	16.9
Seq356_87_bp_-1_2_0	ENA|AAB03707|AAB03707.1	46.15	13	7	0	2	14	403	415	6.9	18.2
Seq356_87_bp_-1_2_0	ENA|CAA43419|CAA43419.1	42.86	14	8	0	5	18	226	239	7.3	16.2
Seq356_87_bp_-1_2_0	ENA|BAA32018|BAA32018.1	44.44	9	5	0	19	27	22	30	7.8	16.9
Seq356_87_bp_-1_2_0	ENA|AAC26660|AAC26660.1	50.00	10	5	0	4	13	136	145	8	15.5
Seq356_87_bp_-1_2_0	ENA|CAB75732|CAB75732.1	60.00	5	2	0	22	26	833	837	9	17.5
Seq356_87_bp_-1_2_0	ENA|AAC97205|AAC97205.1	30.00	10	7	0	18	27	661	670	9.5	17.5
Seq356_87_bp_-1_2_0	ENA|ABG75784|ABG75784.1	100.00	2	0	0	22	23	247	248	9.6	15.5
