Seq5540_152_bp_1_0_0	AAC17860.1	93.88	49	3	0	2	50	302	350	1.4e-32	126.0
Seq5540_152_bp_1_0_0	AAF01122.1	34.62	26	17	0	3	28	22	47	0.69	20.6
Seq5540_152_bp_1_0_0	BAA32018.1	53.33	15	7	0	21	35	230	244	1.1	20.6
Seq5540_152_bp_1_0_0	AAB26998.1	50.00	12	6	0	6	17	23	34	1.4	17.3
Seq5540_152_bp_1_0_0	BAB79260.1	63.64	11	4	0	36	46	315	325	2.2	19.1
Seq5540_152_bp_1_0_0	ABS38337.1	66.67	10	3	1	11	20	114	122	3.2	20.1
Seq5540_152_bp_1_0_0	AAC97205.1	58.33	13	5	1	7	18	887	899	4.2	19.6
Seq5540_152_bp_1_0_0	ABK71357.1	53.85	17	6	4	14	30	174	186	4.7	17.7
Seq5540_152_bp_1_0_0	AAR31603.1	29.17	25	17	1	27	50	129	153	5.7	17.3
Seq5540_152_bp_1_0_0	ABD49687.1	33.33	24	16	0	14	37	234	257	5.8	19.6
Seq5540_152_bp_1_0_0	CAA11507.1	43.75	16	9	0	10	25	1339	1354	6.4	19.1
Seq5540_152_bp_1_0_0	ABL74574.1	44.44	20	10	2	17	34	128	147	6.9	16.8
Seq5540_152_bp_1_0_0	AAA24142.1	46.15	13	7	0	23	35	354	366	7.7	17.3
Seq5540_152_bp_1_0_0	EDO47375.1	50.00	10	5	0	4	13	45	54	8.5	15.8
Seq5540_152_bp_1_0_0	ACT10338.1	33.33	15	10	0	3	17	357	371	9.1	16.8
Seq5540_152_bp_1_0_0	AAH69556.1	45.45	11	6	0	11	21	169	179	9.8	16.3
Seq5540_152_bp_1_1_0	BAA32956.1	45.00	20	11	0	9	28	136	155	0.14	21.9
Seq5540_152_bp_1_1_0	CAA26230.1	33.33	21	14	0	1	21	485	505	0.79	20.9
Seq5540_152_bp_1_1_0	AAA42531.1	41.67	12	7	0	2	13	321	332	1.6	19.3
Seq5540_152_bp_1_1_0	ABG75784.1	31.58	19	13	0	21	39	23	41	1.9	18.7
Seq5540_152_bp_1_1_0	AAF01122.1	50.00	21	10	1	11	30	236	256	2.3	18.7
Seq5540_152_bp_1_1_0	ACT10338.1	26.09	23	17	0	13	35	141	163	2.3	18.7
Seq5540_152_bp_1_1_0	CAA11507.1	34.78	26	15	3	18	40	42	67	2.7	20.3
Seq5540_152_bp_1_1_0	ABS38337.1	53.85	13	6	0	3	15	729	741	3.7	19.8
Seq5540_152_bp_1_1_0	AAA45888.1	35.71	14	9	0	13	26	354	367	6.7	17.2
Seq5540_152_bp_1_1_0	CAA43372.1	33.33	12	8	0	27	38	344	355	7.2	17.2
Seq5540_152_bp_1_1_0	AEE27845.1	60.00	10	4	0	19	28	889	898	8	18.7
Seq5540_152_bp_1_1_0	AAA32624.1	45.45	11	6	0	1	11	448	458	8.9	17.2
Seq5540_152_bp_1_1_0	AAA65607.1	28.00	26	18	1	1	26	53	77	9	16.6
Seq5540_152_bp_1_1_0	ABD49687.1	50.00	14	7	0	12	25	296	309	9.7	18.7
Seq5540_152_bp_1_1_0	AAC97205.1	41.18	17	10	0	16	32	690	706	10	18.2
Seq5540_152_bp_1_2_0	AAB03707.1	31.03	29	20	0	5	33	1243	1271	0.91	21.4
Seq5540_152_bp_1_2_0	AAQ92751.2	32.14	30	19	2	1	30	1350	1377	0.91	21.4
Seq5540_152_bp_1_2_0	AAB26998.1	35.71	14	9	0	3	16	21	34	0.97	17.2
Seq5540_152_bp_1_2_0	AAA26915.1	33.33	15	10	0	10	24	442	456	1.3	19.3
Seq5540_152_bp_1_2_0	AAB96524.1	39.13	25	14	2	2	26	20	42	3.3	16.7
Seq5540_152_bp_1_2_0	AAC97205.1	45.45	11	6	0	17	27	12	22	7	18.3
Seq5540_152_bp_1_2_0	BAA32991.1	45.45	11	6	0	2	12	52	62	7.2	14.0
Seq5540_152_bp_1_2_0	BAB70780.1	33.33	21	14	0	2	22	424	444	8.1	16.7
Seq5540_152_bp_1_2_0	AAA25966.1	55.56	9	4	0	11	19	392	400	8.4	17.2
Seq5540_152_bp_1_2_0	AAX12058.1	31.58	19	13	0	10	28	46	64	9.4	15.6
Seq5540_152_bp_1_2_0	ABD49687.1	28.00	25	18	0	5	29	837	861	9.4	18.3
Seq5540_152_bp_1_2_1	AAC78721.1	23.08	13	10	0	2	14	362	374	1.8	18.2
Seq5540_152_bp_1_2_1	ABS38337.1	46.15	13	7	0	2	14	19	31	2.3	18.9
Seq5540_152_bp_1_2_1	ABN10845.1	44.44	9	5	0	2	10	29	37	3.3	15.7
Seq5540_152_bp_1_2_1	AAF01122.1	44.44	9	5	0	7	15	56	64	3.7	16.4
Seq5540_152_bp_1_2_1	AAA36565.1	36.36	11	7	0	5	15	121	131	3.9	15.1
Seq5540_152_bp_1_2_1	AAX12058.1	57.14	7	3	0	8	14	208	214	4.1	15.7
Seq5540_152_bp_1_2_1	AAA26915.1	50.00	6	3	0	3	8	246	251	4.6	16.4
Seq5540_152_bp_1_2_1	AAH69556.1	71.43	7	2	0	7	13	53	59	4.6	15.7
Seq5540_152_bp_1_2_1	AII71783.1	41.67	12	7	0	3	14	293	304	4.6	15.7
Seq5540_152_bp_1_2_1	BAA32991.1	33.33	9	6	0	7	15	40	48	5.7	13.3
Seq5540_152_bp_1_2_1	ACH70904.1	36.36	11	7	0	2	12	104	114	8.1	15.1
Seq5540_152_bp_1_2_1	AAA42531.1	50.00	8	4	0	1	8	204	211	8.6	15.1
Seq5540_152_bp_1_2_1	AAA24969.1	23.08	13	10	0	3	15	785	797	9.3	17.0
Seq5540_152_bp_1_2_1	CAA73529.1	30.00	10	7	0	1	10	96	105	9.3	14.5
Seq5540_152_bp_-1_0_0	AAA26915.1	61.54	14	5	1	4	17	71	83	0.97	19.0
Seq5540_152_bp_-1_0_0	AAA23282.1	36.36	11	7	0	7	17	144	154	1.7	18.4
Seq5540_152_bp_-1_0_0	CAA45199.1	31.25	16	11	0	2	17	385	400	4.5	16.7
Seq5540_152_bp_-1_0_0	ACT10338.1	80.00	5	1	0	5	9	310	314	5.5	16.2
Seq5540_152_bp_-1_0_0	AAA24142.1	42.86	15	8	1	4	17	64	78	6.3	16.2
Seq5540_152_bp_-1_0_0	ABD49687.1	37.50	16	10	0	3	18	870	885	7.4	17.9
Seq5540_152_bp_-1_0_0	AAH69556.1	50.00	10	5	0	3	12	247	256	9.2	15.0
Seq5540_152_bp_-1_0_0	AAA25966.1	55.56	9	4	0	8	16	588	596	9.8	16.2
Seq5540_152_bp_-1_0_1	AAI27517.1	70.00	10	3	0	6	15	555	564	0.0052	26.6
Seq5540_152_bp_-1_0_1	AAC97205.1	66.67	9	3	0	2	10	31	39	0.18	22.6
Seq5540_152_bp_-1_0_1	BAE97662.1	41.67	12	7	0	2	13	242	253	1.2	19.7
Seq5540_152_bp_-1_0_1	CAD53387.1	36.36	11	7	0	3	13	10	20	3.9	16.8
Seq5540_152_bp_-1_0_1	AAA42531.1	40.00	10	6	0	4	13	271	280	4.4	16.2
Seq5540_152_bp_-1_0_1	BAA32956.1	44.44	9	5	0	8	16	49	57	5.3	15.1
Seq5540_152_bp_-1_0_1	CAA26230.1	33.33	12	8	0	3	14	552	563	6.3	16.2
Seq5540_152_bp_-1_0_1	AAQ92751.2	71.43	7	2	0	4	10	871	877	6.9	17.4
Seq5540_152_bp_-1_0_1	AAH69556.1	45.45	11	6	0	1	11	72	82	7.5	15.1
Seq5540_152_bp_-1_0_1	CAA45199.1	100.00	3	0	0	13	15	151	153	7.8	15.7
Seq5540_152_bp_-1_0_1	BAA32991.1	50.00	6	3	0	5	10	14	19	8.3	12.8
Seq5540_152_bp_-1_0_1	AAA23282.1	50.00	12	6	0	1	12	102	113	9.2	15.7
Seq5540_152_bp_-1_0_1	AAC17860.1	50.00	8	4	0	2	9	215	222	9.9	15.1
Seq5540_152_bp_-1_0_2	CAA43372.1	45.45	11	6	0	1	11	248	258	0.46	19.2
Seq5540_152_bp_-1_0_2	CAA74140.1	50.00	12	6	0	1	12	879	890	0.67	19.9
Seq5540_152_bp_-1_0_2	AAH69556.1	44.44	9	5	0	3	11	264	272	0.81	18.0
Seq5540_152_bp_-1_0_2	BAA32956.1	62.50	8	3	0	3	10	49	56	0.86	17.3
Seq5540_152_bp_-1_0_2	AAX84812.1	50.00	11	5	1	1	11	84	93	1.5	16.7
Seq5540_152_bp_-1_0_2	CAA45199.1	36.36	11	7	0	1	11	111	121	2.9	16.7
Seq5540_152_bp_-1_0_2	AAA32624.1	66.67	6	2	0	1	6	81	86	3.3	16.7
Seq5540_152_bp_-1_0_2	CAA26230.1	57.14	7	3	0	1	7	111	117	3.5	16.7
Seq5540_152_bp_-1_0_2	CAA04196.1	57.14	7	3	0	1	7	298	304	4	16.1
Seq5540_152_bp_-1_0_2	AAB64315.2	40.00	10	6	0	1	10	221	230	4.8	15.5
Seq5540_152_bp_-1_0_2	AAB26998.1	20.00	5	4	0	3	7	41	45	6.5	12.9
Seq5540_152_bp_-1_0_2	CAA11507.1	40.00	10	6	0	1	10	260	269	8.1	16.7
Seq5540_152_bp_-1_0_2	AAX12058.1	100.00	3	0	0	3	5	248	250	9.2	14.2
Seq5540_152_bp_-1_0_2	EDO47375.1	66.67	6	2	0	6	11	100	105	9.8	13.6
Seq5540_152_bp_-1_1_0	AAA45888.1	42.86	7	4	0	1	7	197	203	2.5	16.6
Seq5540_152_bp_-1_1_0	AAA42531.1	50.00	10	5	0	1	10	304	313	2.5	16.6
Seq5540_152_bp_-1_1_0	CAA11507.1	62.50	8	3	0	3	10	876	883	3.6	17.8
Seq5540_152_bp_-1_1_0	AAB96524.1	37.50	8	5	0	1	8	169	176	4.4	14.7
Seq5540_152_bp_-1_1_0	AAA25966.1	66.67	6	2	0	1	6	302	307	4.6	16.6
Seq5540_152_bp_-1_1_0	AAA72732.1	54.55	11	5	0	1	11	155	165	4.7	15.3
Seq5540_152_bp_-1_1_0	ACT10338.1	57.14	7	3	0	1	7	82	88	5.8	15.3
Seq5540_152_bp_-1_1_0	BAA32991.1	75.00	4	1	0	3	6	66	69	5.9	12.8
Seq5540_152_bp_-1_1_0	CAA04196.1	50.00	6	3	0	1	6	337	342	6.3	15.3
Seq5540_152_bp_-1_1_0	ABD49687.1	50.00	6	3	0	6	11	1678	1683	6.9	17.2
Seq5540_152_bp_-1_1_0	AAX84812.1	50.00	6	3	0	5	10	205	210	8.1	14.0
Seq5540_152_bp_-1_1_0	AAI27517.1	50.00	6	3	0	3	8	423	428	8.6	15.3
Seq5540_152_bp_-1_1_0	CAA74140.1	42.86	7	4	0	4	10	548	554	8.8	15.9
Seq5540_152_bp_-1_1_0	AAC78721.1	60.00	5	2	0	6	10	375	379	9.7	15.3
Seq5540_152_bp_-1_1_1	EDO47375.1	41.67	12	7	0	4	15	144	155	0.089	21.9
Seq5540_152_bp_-1_1_1	AAA23282.1	60.00	10	4	0	4	13	331	340	0.54	20.9
Seq5540_152_bp_-1_1_1	AAA42531.1	83.33	6	1	0	14	19	181	186	0.73	19.9
Seq5540_152_bp_-1_1_1	BAB70780.1	50.00	14	7	0	10	23	309	322	0.91	19.9
Seq5540_152_bp_-1_1_1	CAA45199.1	46.67	15	8	0	10	24	305	319	1.8	18.9
Seq5540_152_bp_-1_1_1	AAR37016.1	54.55	11	5	0	16	26	788	798	3.1	20.4
Seq5540_152_bp_-1_1_1	ABD33854.1	55.56	10	4	1	7	15	52	61	5.3	14.4
Seq5540_152_bp_-1_1_1	AAB96524.1	42.86	7	4	0	1	7	58	64	5.4	15.9
Seq5540_152_bp_-1_1_1	ABG75784.1	27.59	29	21	0	1	29	195	223	6.4	16.4
Seq5540_152_bp_-1_1_1	ABS38337.1	33.33	24	16	0	6	29	896	919	6.5	18.4
Seq5540_152_bp_-1_1_1	AAX12058.1	46.67	15	8	0	17	31	207	221	7.8	15.9
Seq5540_152_bp_-1_1_1	BAA32991.1	60.00	5	2	0	1	5	28	32	7.9	13.9
Seq5540_152_bp_-1_1_1	CAA26230.1	55.56	9	4	0	7	15	485	493	8	16.9
Seq5540_152_bp_-1_1_1	ABL74574.1	54.55	11	5	0	20	30	251	261	8.2	15.9
Seq5540_152_bp_-1_1_1	ABN10845.1	36.36	11	7	0	2	12	152	162	8.7	15.4
Seq5540_152_bp_-1_1_1	AAB26998.1	23.08	13	10	0	3	15	65	77	8.9	13.9
Seq5540_152_bp_-1_1_1	AAA24142.1	42.86	14	8	0	11	24	192	205	9	16.4
Seq5540_152_bp_-1_2_0	AAA18786.1	31.03	29	20	0	17	45	212	240	0.29	21.3
Seq5540_152_bp_-1_2_0	AAC17860.1	38.24	41	21	7	13	47	331	370	0.63	20.8
Seq5540_152_bp_-1_2_0	AAH69556.1	54.55	11	5	0	28	38	104	114	1.3	19.3
Seq5540_152_bp_-1_2_0	AAC78721.1	25.93	27	20	0	16	42	519	545	2.9	19.3
Seq5540_152_bp_-1_2_0	AAA23282.1	40.00	10	6	0	14	23	62	71	3.4	18.8
Seq5540_152_bp_-1_2_0	AAC08817.1	33.33	27	18	0	9	35	117	143	5.4	16.3
Seq5540_152_bp_-1_2_0	AAA65607.1	31.58	19	13	0	7	25	341	359	6	17.3
Seq5540_152_bp_-1_2_0	AAA25966.1	42.86	14	8	0	29	42	413	426	8.2	17.8
Seq5540_152_bp_-1_2_0	AII71783.1	66.67	6	2	0	2	7	258	263	9.7	16.3
