Seq5524_141_bp_1_0_0	ENA|BAA32018|BAA32018.1	38.89	18	11	0	3	20	369	386	1.6	20.0
Seq5524_141_bp_1_0_0	ENA|CAA36214|CAA36214.1	41.67	12	7	0	3	14	74	85	2.4	18.3
Seq5524_141_bp_1_0_0	ENA|AAA24145|AAA24145.1	38.46	13	8	0	20	32	426	438	3.6	18.3
Seq5524_141_bp_1_0_0	ENA|CAA36714|CAA36714.1	57.14	7	3	0	20	26	274	280	3.7	18.3
Seq5524_141_bp_1_0_0	ENA|AAR37016|AAR37016.1	55.56	9	4	0	12	20	1200	1208	4.2	20.5
Seq5524_141_bp_1_0_0	ENA|AAC78721|AAC78721.1	29.63	27	19	0	19	45	325	351	5.2	18.3
Seq5524_141_bp_1_0_0	ENA|AAC08817|AAC08817.1	41.18	17	10	0	31	47	66	82	7.7	15.6
Seq5524_141_bp_1_0_0	ENA|CAA45708|CAA45708.1	38.46	13	8	0	14	26	1293	1305	8	18.9
Seq5524_141_bp_1_0_0	ENA|AAA18786|AAA18786.1	57.14	7	3	0	17	23	88	94	9	16.2
Seq5524_141_bp_1_1_0	ENA|AAA25966|AAA25966.1	60.00	10	4	0	9	18	90	99	0.31	22.1
Seq5524_141_bp_1_1_0	ENA|CAA43419|CAA43419.1	29.41	17	12	0	14	30	284	300	1.1	19.3
Seq5524_141_bp_1_1_0	ENA|CAA29968|CAA29968.1	55.56	9	4	0	3	11	91	99	1.2	18.2
Seq5524_141_bp_1_1_0	ENA|CAA26939|CAA26939.1	46.15	13	7	0	10	22	473	485	1.7	19.3
Seq5524_141_bp_1_1_0	ENA|CAA45199|CAA45199.1	41.67	12	7	0	6	17	65	76	2.9	18.2
Seq5524_141_bp_1_1_0	ENA|CAL82360|CAL82360.1	46.15	13	7	0	13	25	518	530	3.7	19.3
Seq5524_141_bp_1_1_0	ENA|BAA05866|BAA05866.1	30.00	20	14	0	2	21	223	242	5.9	16.5
Seq5524_141_bp_1_1_0	ENA|AAC49865|AAC49865.1	50.00	10	5	0	16	25	302	311	6.3	16.5
Seq5524_141_bp_1_1_0	ENA|AAC26660|AAC26660.1	55.56	9	4	0	2	10	51	59	7.2	16.0
Seq5524_141_bp_1_1_0	ENA|AAB66912|AAB66912.1	22.22	18	14	0	7	24	658	675	8.2	17.7
Seq5524_141_bp_1_1_0	ENA|ABN10845|ABN10845.1	27.78	18	13	0	2	19	61	78	8.8	15.4
Seq5524_141_bp_1_1_0	ENA|AAA32624|AAA32624.1	23.08	13	10	0	12	24	198	210	9.8	16.5
Seq5524_141_bp_1_1_0	ENA|CAB75732|CAB75732.1	100.00	4	0	0	10	13	832	835	10	17.7
Seq5524_141_bp_1_1_1	ENA|CAA24711|CAA24711.1	44.44	9	5	0	3	11	22	30	0.27	18.6
Seq5524_141_bp_1_1_1	ENA|AAI27517|AAI27517.1	50.00	11	5	1	2	11	181	191	3.3	16.7
Seq5524_141_bp_1_1_1	ENA|AAC17860|AAC17860.1	37.50	8	5	0	3	10	38	45	3.5	16.1
Seq5524_141_bp_1_1_1	ENA|CAA73529|CAA73529.1	66.67	6	2	0	1	6	207	212	3.6	15.5
Seq5524_141_bp_1_1_1	ENA|BAB17681|BAB17681.1	66.67	6	2	0	1	6	21	26	3.6	15.5
Seq5524_141_bp_1_1_1	ENA|BAB79260|BAB79260.1	33.33	9	6	0	3	11	442	450	3.9	16.1
Seq5524_141_bp_1_1_1	ENA|AAA24145|AAA24145.1	80.00	5	1	0	3	7	452	456	3.9	16.1
Seq5524_141_bp_1_1_1	ENA|ABN10845|ABN10845.1	100.00	3	0	0	1	3	106	108	4.3	14.9
Seq5524_141_bp_1_1_1	ENA|CAA29956|CAA29956.1	50.00	6	3	0	1	6	103	108	4.9	15.5
Seq5524_141_bp_1_1_1	ENA|AAB96524|AAB96524.1	30.00	10	7	0	2	11	119	128	5.6	14.3
Seq5524_141_bp_1_1_1	ENA|CAA36214|CAA36214.1	100.00	3	0	0	1	3	279	281	6	14.9
Seq5524_141_bp_1_1_1	ENA|AAA32624|AAA32624.1	33.33	9	6	0	3	11	119	127	6.7	15.5
Seq5524_141_bp_1_1_1	ENA|AAQ92751|AAQ92751.2	60.00	5	2	0	2	6	1294	1298	7.4	16.7
Seq5524_141_bp_1_1_1	ENA|CAA36714|CAA36714.1	100.00	3	0	0	3	5	278	280	8.9	14.9
Seq5524_141_bp_1_1_1	ENA|ABD49687|ABD49687.1	33.33	9	6	0	2	10	1713	1721	9.1	16.7
Seq5524_141_bp_1_2_0	ENA|AAC17860|AAC17860.1	97.83	46	1	0	1	46	35	80	1.9e-29	115.4
Seq5524_141_bp_1_2_0	ENA|AAC17860|AAC17860.1	39.53	43	26	0	1	43	96	138	7.1e-08	43.8
Seq5524_141_bp_1_2_0	ENA|AAC17860|AAC17860.1	39.02	41	25	0	1	41	233	273	7.1e-08	43.8
Seq5524_141_bp_1_2_0	ENA|AAC17860|AAC17860.1	45.00	40	22	0	1	40	165	204	2.7e-07	41.9
Seq5524_141_bp_1_2_0	ENA|BAB17681|BAB17681.1	47.62	22	11	1	3	23	78	99	0.38	20.9
Seq5524_141_bp_1_2_0	ENA|CAL82360|CAL82360.1	27.59	29	21	0	1	29	971	999	1.3	21.3
Seq5524_141_bp_1_2_0	ENA|BAA05866|BAA05866.1	66.67	9	3	0	33	41	41	49	5.7	17.1
Seq5524_141_bp_1_2_0	ENA|CAA24711|CAA24711.1	31.82	23	15	1	21	43	77	98	6.2	16.1
Seq5524_141_bp_1_2_0	ENA|AAC49865|AAC49865.1	33.33	12	8	0	32	43	307	318	8.2	16.6
Seq5524_141_bp_-1_0_0	ENA|AAC40132|AAC40132.1	80.00	5	1	0	4	8	311	315	0.61	19.0
Seq5524_141_bp_-1_0_0	ENA|CAA73529|CAA73529.1	66.67	6	2	0	4	9	96	101	1.5	16.9
Seq5524_141_bp_-1_0_0	ENA|AAA24145|AAA24145.1	75.00	4	1	0	5	8	415	418	5	15.9
Seq5524_141_bp_-1_0_0	ENA|AAF79734|AAF79734.1	45.45	11	6	0	1	11	800	810	5.3	17.5
Seq5524_141_bp_-1_0_0	ENA|CAA29968|CAA29968.1	60.00	5	2	0	4	8	189	193	8.7	13.8
Seq5524_141_bp_-1_0_0	ENA|CAA36214|CAA36214.1	50.00	6	3	0	6	11	286	291	9.4	14.3
Seq5524_141_bp_-1_0_1	ENA|CAA73529|CAA73529.1	52.94	20	8	3	15	34	75	91	0.93	19.1
Seq5524_141_bp_-1_0_1	ENA|AAA25966|AAA25966.1	55.00	28	9	8	5	32	400	419	1.2	20.2
Seq5524_141_bp_-1_0_1	ENA|AAA72732|AAA72732.1	40.00	10	6	0	15	24	227	236	6.3	16.5
Seq5524_141_bp_-1_0_1	ENA|CAA26023|CAA26023.1	37.50	16	10	0	19	34	181	196	7.7	16.5
Seq5524_141_bp_-1_0_1	ENA|CAA26939|CAA26939.1	50.00	8	4	0	3	10	73	80	7.9	17.0
Seq5524_141_bp_-1_0_1	ENA|BAA36759|BAA36759.1	33.33	12	8	0	8	19	155	166	8.3	15.9
Seq5524_141_bp_-1_0_1	ENA|CCP43727|CCP43727.1	83.33	6	1	0	25	30	170	175	9.4	15.9
Seq5524_141_bp_-1_0_1	ENA|AAA36114|AAA36114.1	83.33	6	1	0	6	11	62	67	10	16.5
Seq5524_141_bp_-1_1_0	ENA|AAA36539|AAA36539.1	66.67	6	2	0	18	23	403	408	5.9	17.6
Seq5524_141_bp_-1_1_0	ENA|ACT10338|ACT10338.1	28.57	14	10	0	3	16	331	344	6.9	17.1
Seq5524_141_bp_-1_1_0	ENA|CAA26939|CAA26939.1	42.86	14	8	0	7	20	62	75	7	17.6
Seq5524_141_bp_-1_1_0	ENA|AAR37016|AAR37016.1	55.56	9	4	0	25	33	376	384	9.3	19.2
Seq5524_141_bp_-1_1_0	ENA|ABD49687|ABD49687.1	50.00	12	6	0	1	12	895	906	9.8	18.7
Seq5524_141_bp_-1_2_0	ENA|AAC97205|AAC97205.1	42.86	14	8	0	2	15	700	713	0.73	20.7
Seq5524_141_bp_-1_2_0	ENA|ABG75784|ABG75784.1	41.67	12	7	0	4	15	295	306	1.5	17.6
Seq5524_141_bp_-1_2_0	ENA|CAA36214|CAA36214.1	80.00	5	1	0	13	17	45	49	2.2	17.0
Seq5524_141_bp_-1_2_0	ENA|AAC08817|AAC08817.1	100.00	3	0	0	15	17	7	9	2.7	15.8
Seq5524_141_bp_-1_2_0	ENA|CAA11507|CAA11507.1	46.15	13	7	0	5	17	569	581	2.8	18.8
Seq5524_141_bp_-1_2_0	ENA|CAA73529|CAA73529.1	40.00	10	6	0	7	16	263	272	3.1	16.4
Seq5524_141_bp_-1_2_0	ENA|BAA32956|BAA32956.1	100.00	3	0	0	15	17	14	16	3.6	15.8
Seq5524_141_bp_-1_2_0	ENA|AAA36114|AAA36114.1	50.00	10	5	0	7	16	5	14	3.7	17.0
Seq5524_141_bp_-1_2_0	ENA|CAA28033|CAA28033.1	55.56	9	4	0	7	15	431	439	4.1	18.2
Seq5524_141_bp_-1_2_0	ENA|BAA32991|BAA32991.1	37.50	8	5	0	10	17	43	50	4.1	13.9
Seq5524_141_bp_-1_2_0	ENA|CAA26023|CAA26023.1	71.43	7	2	0	8	14	21	27	4.2	16.4
Seq5524_141_bp_-1_2_0	ENA|AAB66912|AAB66912.1	83.33	6	1	0	1	6	856	861	4.4	17.6
Seq5524_141_bp_-1_2_0	ENA|AAB26998|AAB26998.1	66.67	9	3	0	6	14	5	13	4.7	13.9
Seq5524_141_bp_-1_2_0	ENA|CCP43727|CCP43727.1	57.14	7	3	0	11	17	300	306	5.5	15.8
Seq5524_141_bp_-1_2_0	ENA|AAF79734|AAF79734.1	83.33	6	1	0	6	11	1091	1096	6.7	17.6
Seq5524_141_bp_-1_2_0	ENA|AAR37016|AAR37016.1	83.33	6	1	0	6	11	1079	1084	7.1	18.2
Seq5524_141_bp_-1_2_0	ENA|AAC78721|AAC78721.1	62.50	8	3	0	5	12	54	61	7.3	16.4
Seq5524_141_bp_-1_2_0	ENA|ABN10845|ABN10845.1	42.86	7	4	0	3	9	25	31	8.3	14.5
Seq5524_141_bp_-1_2_0	ENA|ABD33854|ABD33854.1	60.00	5	2	0	4	8	9	13	8.6	12.7
Seq5524_141_bp_-1_2_0	ENA|CAA26939|CAA26939.1	66.67	6	2	0	10	15	460	465	9.2	15.8
Seq5524_141_bp_-1_2_1	ENA|AAC17860|AAC17860.1	44.44	9	5	0	18	26	401	409	0.25	21.4
Seq5524_141_bp_-1_2_1	ENA|AAC97205|AAC97205.1	63.64	11	4	0	9	19	1118	1128	0.32	22.6
Seq5524_141_bp_-1_2_1	ENA|BAA32956|BAA32956.1	30.77	13	9	0	3	15	30	42	1	18.3
Seq5524_141_bp_-1_2_1	ENA|AAR31603|AAR31603.1	50.00	10	5	0	15	24	147	156	1	18.9
Seq5524_141_bp_-1_2_1	ENA|CAA45708|CAA45708.1	55.56	9	4	0	3	11	32	40	1.4	20.8
Seq5524_141_bp_-1_2_1	ENA|AAQ92751|AAQ92751.2	83.33	6	1	0	18	23	784	789	1.9	20.1
Seq5524_141_bp_-1_2_1	ENA|AAR37016|AAR37016.1	55.56	9	4	0	20	28	1312	1320	2.1	20.8
Seq5524_141_bp_-1_2_1	ENA|BAA32018|BAA32018.1	100.00	5	0	0	6	10	174	178	3	18.3
Seq5524_141_bp_-1_2_1	ENA|BAB79260|BAB79260.1	75.00	4	1	0	17	20	392	395	3.3	17.7
Seq5524_141_bp_-1_2_1	ENA|CAA73529|CAA73529.1	50.00	8	4	0	8	15	61	68	4.5	16.5
Seq5524_141_bp_-1_2_1	ENA|BAA05866|BAA05866.1	57.14	7	3	0	9	15	113	119	5	16.5
Seq5524_141_bp_-1_2_1	ENA|ABG75784|ABG75784.1	66.67	6	2	0	6	11	287	292	5.1	16.5
Seq5524_141_bp_-1_2_1	ENA|AAA36114|AAA36114.1	40.00	23	12	3	6	28	261	280	5.5	17.1
Seq5524_141_bp_-1_2_1	ENA|CAA28033|CAA28033.1	30.77	13	9	0	8	20	943	955	6	18.3
Seq5524_141_bp_-1_2_1	ENA|CAA11507|CAA11507.1	36.36	25	14	3	2	26	529	550	6.3	18.3
Seq5524_141_bp_-1_2_1	ENA|CAA29968|CAA29968.1	45.45	11	6	0	7	17	38	48	7.2	15.3
Seq5524_141_bp_-1_2_1	ENA|AAA25966|AAA25966.1	36.36	11	7	0	17	27	441	451	7.6	17.1
Seq5524_141_bp_-1_2_1	ENA|ABN10845|ABN10845.1	66.67	11	3	2	18	28	107	115	8	15.3
Seq5524_141_bp_-1_2_1	ENA|AAA42531|AAA42531.1	100.00	4	0	0	8	11	37	40	9.3	15.9
Seq5524_141_bp_-1_2_1	ENA|AAI27517|AAI27517.1	50.00	6	3	0	19	24	511	516	9.3	16.5
Seq5524_141_bp_-1_2_1	ENA|BAB17681|BAB17681.1	38.46	13	8	0	14	26	181	193	9.9	15.3
