Seq5105_123_bp_1_0_0	CAA11507.1	41.18	17	10	0	16	32	607	623	3.5	19.5
Seq5105_123_bp_1_0_0	BAA32991.1	57.14	7	3	0	17	23	1	7	4.6	14.8
Seq5105_123_bp_1_0_0	AAB03707.1	71.43	7	2	0	13	19	565	571	5	19.0
Seq5105_123_bp_1_0_0	CAA45199.1	57.14	7	3	0	20	26	217	223	5.1	17.4
Seq5105_123_bp_1_0_0	AAB26998.1	42.86	7	4	0	28	34	46	52	5.3	14.8
Seq5105_123_bp_1_0_0	CAA43372.1	55.56	9	4	0	17	25	240	248	6.4	16.9
Seq5105_123_bp_1_0_0	AAB64315.2	33.33	18	12	0	15	32	197	214	7.2	16.4
Seq5105_123_bp_1_0_0	AAA18786.1	42.86	7	4	0	26	32	38	44	8.4	15.9
Seq5105_123_bp_1_0_0	AAA23282.1	38.46	13	8	0	7	19	88	100	8.6	16.9
Seq5105_123_bp_1_0_0	AAA72732.1	35.71	14	9	0	17	30	124	137	9.7	15.9
Seq5105_123_bp_1_0_0	ABN10845.1	40.00	10	6	0	7	16	100	109	9.7	15.3
Seq5105_123_bp_1_0_0	AAQ92751.2	31.25	16	11	0	17	32	437	452	9.9	18.0
Seq5105_123_bp_1_1_0	AAA24969.1	100.00	40	0	0	1	40	468	507	9.2e-23	94.9
Seq5105_123_bp_1_1_0	AAB03707.1	61.54	40	15	1	2	40	451	490	1.3e-11	57.7
Seq5105_123_bp_1_1_0	CAA11507.1	60.00	41	16	1	1	40	442	482	3.6e-11	56.3
Seq5105_123_bp_1_1_0	AAA72732.1	35.00	20	13	0	17	36	244	263	0.49	20.5
Seq5105_123_bp_1_1_0	AAF01122.1	27.27	22	16	0	16	37	302	323	2.2	18.6
Seq5105_123_bp_1_1_0	AAA25966.1	35.00	20	13	0	19	38	521	540	4.1	18.6
Seq5105_123_bp_1_1_0	AAX12058.1	60.00	10	4	0	28	37	44	53	5.9	16.6
Seq5105_123_bp_1_1_0	AAA18786.1	30.00	20	14	0	21	40	104	123	7.9	16.1
Seq5105_123_bp_1_2_0	CAA45199.1	85.71	7	1	0	7	13	285	291	1.3	18.2
Seq5105_123_bp_1_2_0	CAA04196.1	50.00	8	4	0	1	8	27	34	2.8	16.8
Seq5105_123_bp_1_2_0	AAB96524.1	44.44	9	5	0	6	14	43	51	3.1	15.5
Seq5105_123_bp_1_2_0	EDO47375.1	44.44	9	5	0	2	10	23	31	7.4	14.2
Seq5105_123_bp_1_2_0	ABN10845.1	40.00	10	6	0	5	14	208	217	8.5	14.2
Seq5105_123_bp_1_2_0	CAA26230.1	80.00	5	1	0	7	11	356	360	8.8	15.5
Seq5105_123_bp_1_2_0	CAA74140.1	54.55	11	5	0	4	14	673	683	9.3	16.2
Seq5105_123_bp_1_2_1	EDO47375.1	41.67	12	7	0	1	12	115	126	0.0091	23.9
Seq5105_123_bp_1_2_1	CAA26230.1	22.22	9	7	0	5	13	193	201	0.45	19.8
Seq5105_123_bp_1_2_1	BAA32956.1	62.50	8	3	0	1	8	17	24	0.51	18.2
Seq5105_123_bp_1_2_1	AAR37016.1	50.00	8	4	0	4	11	1886	1893	0.61	21.5
Seq5105_123_bp_1_2_1	BAB70780.1	100.00	4	0	0	4	7	218	221	0.67	19.0
Seq5105_123_bp_1_2_1	AAA45888.1	33.33	6	4	0	6	11	83	88	0.93	18.2
Seq5105_123_bp_1_2_1	BAB79260.1	100.00	5	0	0	1	5	71	75	1.1	18.2
Seq5105_123_bp_1_2_1	CAA73529.1	57.14	7	3	0	4	10	212	218	2	16.6
Seq5105_123_bp_1_2_1	ABL74574.1	50.00	6	3	0	6	11	156	161	2.1	16.6
Seq5105_123_bp_1_2_1	AAB96524.1	33.33	6	4	0	3	8	106	111	2.4	15.8
Seq5105_123_bp_1_2_1	AAC97205.1	50.00	10	5	0	1	10	701	710	2.9	18.2
Seq5105_123_bp_1_2_1	AAA25966.1	33.33	12	8	0	2	13	51	62	3	17.4
Seq5105_123_bp_1_2_1	CAA43372.1	60.00	5	2	0	6	10	160	164	3	16.6
Seq5105_123_bp_1_2_1	CAA04196.1	50.00	6	3	0	7	12	184	189	3.1	16.6
Seq5105_123_bp_1_2_1	AAA32376.1	80.00	5	1	0	5	9	107	111	3.8	15.0
Seq5105_123_bp_1_2_1	AAF01122.1	50.00	6	3	0	2	7	113	118	4.7	15.8
Seq5105_123_bp_1_2_1	ABN10845.1	33.33	9	6	0	5	13	175	183	4.8	15.0
Seq5105_123_bp_1_2_1	AAC78721.1	42.86	7	4	0	7	13	75	81	4.8	16.6
Seq5105_123_bp_1_2_1	AAA24142.1	30.77	13	9	0	1	13	285	297	5.6	15.8
Seq5105_123_bp_1_2_1	AEE27845.1	33.33	6	4	0	7	12	1122	1127	5.7	17.4
Seq5105_123_bp_1_2_1	AAB64315.2	100.00	3	0	0	6	8	35	37	7.1	15.0
Seq5105_123_bp_1_2_1	AAA65607.1	27.27	11	8	0	2	12	295	305	7.9	15.0
Seq5105_123_bp_1_2_1	ABS38337.1	60.00	5	2	0	4	8	427	431	8.9	16.6
Seq5105_123_bp_1_2_1	AAB26998.1	50.00	6	3	0	4	9	3	8	8.9	12.6
Seq5105_123_bp_1_2_1	CAA45199.1	33.33	12	8	0	2	13	422	433	9.9	15.0
Seq5105_123_bp_-1_0_0	ABD49687.1	37.04	27	17	0	13	39	81	107	0.21	24.2
Seq5105_123_bp_-1_0_0	ABD49687.1	42.86	14	8	0	12	25	298	311	0.73	22.4
Seq5105_123_bp_-1_0_0	AAC97205.1	43.75	16	9	0	16	31	855	870	0.35	23.0
Seq5105_123_bp_-1_0_0	ABK71357.1	50.00	14	7	0	3	16	69	82	0.37	21.2
Seq5105_123_bp_-1_0_0	AAB26998.1	38.46	13	8	0	19	31	48	60	0.4	18.8
Seq5105_123_bp_-1_0_0	ABD33854.1	60.00	5	2	0	23	27	47	51	0.49	18.2
Seq5105_123_bp_-1_0_0	AAB64315.2	58.33	13	5	1	13	25	285	296	1.7	18.8
Seq5105_123_bp_-1_0_0	CAA26230.1	44.44	19	10	1	12	29	296	314	1.9	19.4
Seq5105_123_bp_-1_0_0	AAI27517.1	29.41	17	12	0	24	40	103	119	2	19.4
Seq5105_123_bp_-1_0_0	CAA74140.1	62.50	8	3	0	32	39	834	841	2.1	20.0
Seq5105_123_bp_-1_0_0	AAC17860.1	54.55	11	5	0	3	13	115	125	2.1	18.8
Seq5105_123_bp_-1_0_0	CAA04196.1	75.00	4	1	0	28	31	258	261	2.1	18.8
Seq5105_123_bp_-1_0_0	AAB96524.1	19.44	37	29	1	3	39	1	36	2.1	17.6
Seq5105_123_bp_-1_0_0	AAC78721.1	40.00	15	9	0	17	31	132	146	2.3	19.4
Seq5105_123_bp_-1_0_0	AAA42531.1	37.50	16	10	0	3	18	312	327	2.9	18.2
Seq5105_123_bp_-1_0_0	ABL74574.1	66.67	6	2	0	30	35	115	120	3.3	17.6
Seq5105_123_bp_-1_0_0	BAA32991.1	57.14	7	3	0	5	11	50	56	4.1	15.2
Seq5105_123_bp_-1_0_0	AAA36565.1	66.67	6	2	0	12	17	42	47	4.3	16.4
Seq5105_123_bp_-1_0_0	CAA11507.1	26.09	23	17	0	4	26	464	486	4.5	19.4
Seq5105_123_bp_-1_0_0	CAA73529.1	75.00	4	1	0	24	27	271	274	4.7	17.0
Seq5105_123_bp_-1_0_0	AAH69556.1	21.88	32	25	0	2	33	25	56	5.2	17.0
Seq5105_123_bp_-1_0_0	AAA65607.1	71.43	7	2	0	16	22	326	332	6.2	17.0
Seq5105_123_bp_-1_0_0	AAB03707.1	36.84	19	12	0	1	19	1116	1134	6.7	18.8
Seq5105_123_bp_-1_0_0	BAB17681.1	55.56	9	4	0	6	14	9	17	6.9	16.4
Seq5105_123_bp_-1_0_0	AAA24969.1	55.56	9	4	0	7	15	1176	1184	7.4	18.8
Seq5105_123_bp_-1_0_0	AII71783.1	38.46	13	8	0	11	23	256	268	7.7	16.4
Seq5105_123_bp_-1_0_0	AAA26915.1	30.00	20	14	0	3	22	237	256	7.8	17.0
Seq5105_123_bp_-1_0_0	ACH70904.1	36.36	11	7	0	30	40	150	160	8.9	16.4
Seq5105_123_bp_-1_0_0	AAC08817.1	50.00	6	3	0	36	41	140	145	9.3	15.2
Seq5105_123_bp_-1_0_0	AEE27845.1	36.84	21	12	2	21	41	125	143	9.9	18.2
Seq5105_123_bp_-1_1_0	BAB17681.1	38.46	13	8	0	7	19	145	157	2.2	17.6
Seq5105_123_bp_-1_1_0	BAB79260.1	47.37	19	10	0	4	22	436	454	2.5	18.1
Seq5105_123_bp_-1_1_0	ABG75784.1	33.33	12	8	0	1	12	199	210	2.5	17.6
Seq5105_123_bp_-1_1_0	ACT10338.1	22.73	22	17	0	3	24	53	74	3.1	17.6
Seq5105_123_bp_-1_1_0	AAA65607.1	57.14	7	3	0	21	27	243	249	8.4	15.9
Seq5105_123_bp_-1_1_0	ABD49687.1	46.67	15	8	0	4	18	1620	1634	8.8	18.1
Seq5105_123_bp_-1_1_0	AAA42531.1	62.50	8	3	0	19	26	343	350	8.9	15.9
Seq5105_123_bp_-1_1_0	AAX12058.1	28.57	21	15	0	7	27	161	181	9.1	15.4
Seq5105_123_bp_-1_1_0	AAC97205.1	25.00	20	15	0	2	21	70	89	9.2	17.6
Seq5105_123_bp_-1_2_0	AAB96524.1	62.50	8	3	0	10	17	168	175	0.3	20.1
Seq5105_123_bp_-1_2_0	ACH70904.1	44.44	9	5	0	7	15	293	301	1.8	18.4
Seq5105_123_bp_-1_2_0	AAI27517.1	66.67	9	3	0	12	20	466	474	6.2	17.3
Seq5105_123_bp_-1_2_0	BAB79260.1	37.50	16	10	0	16	31	264	279	6.9	16.7
Seq5105_123_bp_-1_2_0	AAA26915.1	35.00	20	13	0	10	29	436	455	7.1	16.7
Seq5105_123_bp_-1_2_0	AAB64315.2	40.00	10	6	0	5	14	117	126	7.3	16.2
