Seq690_57_bp_1_0_0	ENA|CAB75732|CAB75732.1	60.00	10	4	0	4	13	190	199	0.29	21.5
Seq690_57_bp_1_0_0	ENA|CAA43419|CAA43419.1	50.00	10	5	0	3	12	322	331	1.7	17.3
Seq690_57_bp_1_0_0	ENA|AAR31603|AAR31603.1	57.14	7	3	0	4	10	270	276	2	16.9
Seq690_57_bp_1_0_0	ENA|ABD49687|ABD49687.1	60.00	10	4	0	1	10	356	365	2.1	19.2
Seq690_57_bp_1_0_0	ENA|ACH70901|ACH70901.1	55.56	11	4	2	2	12	314	322	2.8	16.5
Seq690_57_bp_1_0_0	ENA|CAA36214|CAA36214.1	45.45	11	6	0	1	11	104	114	4.1	15.7
Seq690_57_bp_1_0_0	ENA|AAC17860|AAC17860.1	80.00	5	1	0	7	11	357	361	4.2	16.1
Seq690_57_bp_1_0_0	ENA|ABK71357|ABK71357.1	38.46	13	8	0	1	13	197	209	4.9	15.7
Seq690_57_bp_1_0_0	ENA|BAA32991|BAA32991.1	80.00	5	1	0	9	13	35	39	5.8	13.0
Seq690_57_bp_1_0_0	ENA|AAR37016|AAR37016.1	38.46	13	8	0	1	13	973	985	6.2	18.0
Seq690_57_bp_1_0_0	ENA|CAA24711|CAA24711.1	50.00	8	4	0	2	9	152	159	6.5	14.2
Seq690_57_bp_1_0_0	ENA|AAI27517|AAI27517.1	57.14	8	3	1	1	8	181	187	7.6	15.7
Seq690_57_bp_1_0_0	ENA|BAB17681|BAB17681.1	41.67	12	7	0	1	12	120	131	7.8	14.6
Seq690_57_bp_1_0_0	ENA|AAC78721|AAC78721.1	62.50	8	3	0	4	11	648	655	8.6	15.7
Seq690_57_bp_1_0_0	ENA|EDO47375|EDO47375.1	44.44	9	5	0	4	12	136	144	9.1	13.8
Seq690_57_bp_1_0_0	ENA|AAC97205|AAC97205.1	37.50	8	5	0	6	13	1030	1037	9.2	16.5
Seq690_57_bp_1_0_0	ENA|BAB79260|BAB79260.1	57.14	7	3	0	6	12	413	419	9.8	14.9
Seq690_57_bp_1_0_0	ENA|AAA24145|AAA24145.1	60.00	5	2	0	4	8	272	276	9.9	14.9
Seq690_57_bp_1_1_0	ENA|CAA45708|CAA45708.1	55.56	9	4	0	6	14	645	653	5.5	17.7
Seq690_57_bp_1_1_0	ENA|AAR31603|AAR31603.1	40.00	10	6	0	3	12	189	198	7.4	15.0
Seq690_57_bp_1_1_0	ENA|AAF79734|AAF79734.1	54.55	11	5	0	1	11	1139	1149	8.6	16.9
Seq690_57_bp_1_2_0	ENA|CAA43419|CAA43419.1	94.44	18	1	0	1	18	110	127	1.5e-14	64.5
Seq690_57_bp_1_2_0	ENA|BAB79260|BAB79260.1	47.06	18	9	1	1	17	155	172	0.054	23.1
Seq690_57_bp_1_2_0	ENA|CAA11507|CAA11507.1	55.56	9	4	0	10	18	925	933	0.16	23.1
Seq690_57_bp_1_2_0	ENA|CAA45708|CAA45708.1	54.55	13	5	2	5	17	432	442	0.24	22.6
Seq690_57_bp_1_2_0	ENA|AAA36539|AAA36539.1	38.89	18	11	0	1	18	29	46	0.32	20.5
Seq690_57_bp_1_2_0	ENA|CAA26939|CAA26939.1	41.67	12	7	0	5	16	22	33	0.69	19.7
Seq690_57_bp_1_2_0	ENA|BAA36759|BAA36759.1	50.00	16	7	2	3	18	127	140	0.83	18.5
Seq690_57_bp_1_2_0	ENA|AAA36114|AAA36114.1	57.14	7	3	0	11	17	112	118	1.1	18.9
Seq690_57_bp_1_2_0	ENA|AAR37016|AAR37016.1	55.56	9	4	0	6	14	1072	1080	1.2	21.0
Seq690_57_bp_1_2_0	ENA|AAC49865|AAC49865.1	55.56	9	4	0	1	9	184	192	1.3	18.0
Seq690_57_bp_1_2_0	ENA|AAA72732|AAA72732.1	100.00	4	0	0	4	7	123	126	1.6	17.6
Seq690_57_bp_1_2_0	ENA|CAA29956|CAA29956.1	57.14	7	3	0	5	11	122	128	1.9	17.6
Seq690_57_bp_1_2_0	ENA|ABD49687|ABD49687.1	50.00	10	5	0	8	17	84	93	2	19.7
Seq690_57_bp_1_2_0	ENA|CAA36214|CAA36214.1	85.71	11	1	4	6	12	166	176	2.1	17.2
Seq690_57_bp_1_2_0	ENA|BAA32018|BAA32018.1	44.44	24	10	6	1	18	227	250	2.4	18.0
Seq690_57_bp_1_2_0	ENA|AAC78721|AAC78721.1	38.89	18	11	0	1	18	169	186	2.5	18.0
Seq690_57_bp_1_2_0	ENA|AAA32624|AAA32624.1	85.71	11	1	4	12	18	31	41	2.6	17.6
Seq690_57_bp_1_2_0	ENA|AAF79734|AAF79734.1	56.25	19	7	3	1	16	1124	1142	3.1	18.9
Seq690_57_bp_1_2_0	ENA|AAB03707|AAB03707.1	54.55	13	5	2	6	16	415	427	3.9	18.5
Seq690_57_bp_1_2_0	ENA|CAA36714|CAA36714.1	42.86	17	8	3	1	16	115	129	4.1	16.8
Seq690_57_bp_1_2_0	ENA|ABD33854|ABD33854.1	45.45	12	6	1	7	17	40	51	4.3	13.8
Seq690_57_bp_1_2_0	ENA|AAC97205|AAC97205.1	54.55	13	5	2	7	17	818	830	4.6	18.0
Seq690_57_bp_1_2_0	ENA|ABN10845|ABN10845.1	100.00	4	0	0	5	8	125	128	4.6	15.5
Seq690_57_bp_1_2_0	ENA|CAA24711|CAA24711.1	50.00	6	3	0	4	9	7	12	4.9	15.1
Seq690_57_bp_1_2_0	ENA|ABG75784|ABG75784.1	60.00	5	2	0	7	11	167	171	4.9	15.9
Seq690_57_bp_1_2_0	ENA|AAA18786|AAA18786.1	42.86	14	8	0	4	17	67	80	5.6	15.5
Seq690_57_bp_1_2_0	ENA|CAA73529|CAA73529.1	100.00	3	0	0	16	18	248	250	5.7	15.5
Seq690_57_bp_1_2_0	ENA|AAC08817|AAC08817.1	66.67	8	2	2	4	9	27	34	5.8	14.7
Seq690_57_bp_1_2_0	ENA|BAA32956|BAA32956.1	50.00	11	5	1	8	17	24	34	5.9	15.1
Seq690_57_bp_1_2_0	ENA|CAA26023|CAA26023.1	66.67	6	2	0	13	18	279	284	6	15.9
Seq690_57_bp_1_2_0	ENA|ACT10338|ACT10338.1	80.00	5	1	0	4	8	378	382	6	15.9
Seq690_57_bp_1_2_0	ENA|AAA25966|AAA25966.1	62.50	9	3	1	9	17	73	80	6.3	16.8
Seq690_57_bp_1_2_0	ENA|CAA28033|CAA28033.1	58.33	14	5	2	5	18	1269	1280	6.3	17.6
Seq690_57_bp_1_2_0	ENA|AAA24145|AAA24145.1	57.14	7	3	0	12	18	336	342	7.1	15.9
Seq690_57_bp_1_2_0	ENA|CAA45199|CAA45199.1	40.00	10	6	0	7	16	10	19	7.2	15.9
Seq690_57_bp_1_2_0	ENA|AAC40132|AAC40132.1	60.00	5	2	0	14	18	90	94	7.3	15.9
Seq690_57_bp_1_2_0	ENA|CAB75732|CAB75732.1	57.14	7	3	0	12	18	806	812	7.5	17.2
Seq690_57_bp_1_2_0	ENA|ABK71357|ABK71357.1	100.00	3	0	0	16	18	89	91	7.6	15.5
Seq690_57_bp_1_2_0	ENA|AAC17860|AAC17860.1	40.00	10	6	0	3	12	124	133	8.3	15.5
Seq690_57_bp_1_2_0	ENA|CCP43727|CCP43727.1	100.00	3	0	0	15	17	218	220	8.9	15.1
Seq690_57_bp_-1_0_0	ENA|AAA18786|AAA18786.1	54.55	14	5	3	3	13	119	132	1.3	17.3
Seq690_57_bp_-1_0_0	ENA|AAA36114|AAA36114.1	46.15	16	7	3	1	13	49	64	2.4	17.3
Seq690_57_bp_-1_0_0	ENA|CAA43419|CAA43419.1	57.14	7	3	0	4	10	140	146	4	16.1
Seq690_57_bp_-1_0_0	ENA|AAQ92751|AAQ92751.2	70.00	12	3	2	3	14	291	300	4.8	17.7
Seq690_57_bp_-1_0_0	ENA|ABG75784|ABG75784.1	36.36	11	7	0	2	12	100	110	5.9	15.3
Seq690_57_bp_-1_0_0	ENA|AAB96524|AAB96524.1	40.00	10	6	0	4	13	6	15	6.2	14.5
Seq690_57_bp_-1_0_0	ENA|AAR31603|AAR31603.1	57.14	7	3	0	8	14	132	138	6.2	15.3
Seq690_57_bp_-1_0_0	ENA|ABK71357|ABK71357.1	80.00	5	1	0	10	14	95	99	7	15.3
Seq690_57_bp_-1_0_0	ENA|ABN10845|ABN10845.1	50.00	10	5	0	5	14	98	107	9.3	14.1
Seq690_57_bp_-1_0_0	ENA|AAS77176|AAS77176.1	50.00	6	3	0	2	7	15	20	9.3	14.5
Seq690_57_bp_-1_1_0	ENA|CAL82360|CAL82360.1	100.00	4	0	0	6	9	1279	1282	0.75	20.2
Seq690_57_bp_-1_1_0	ENA|AAR37016|AAR37016.1	71.43	8	2	1	3	9	424	431	0.78	21.0
Seq690_57_bp_-1_1_0	ENA|CAA36214|CAA36214.1	50.00	12	6	0	1	12	31	42	1.3	17.3
Seq690_57_bp_-1_1_0	ENA|AAA72732|AAA72732.1	100.00	4	0	0	3	6	284	287	1.3	17.3
Seq690_57_bp_-1_1_0	ENA|AAB66912|AAB66912.1	83.33	7	1	1	3	8	299	305	1.7	18.5
Seq690_57_bp_-1_1_0	ENA|ABD49687|ABD49687.1	41.67	12	7	0	1	12	1706	1717	1.8	19.3
Seq690_57_bp_-1_1_0	ENA|AAC40132|AAC40132.1	44.44	10	5	1	3	12	417	425	2.7	16.9
Seq690_57_bp_-1_1_0	ENA|BAA32991|BAA32991.1	60.00	5	2	0	4	8	62	66	4.8	13.2
Seq690_57_bp_-1_1_0	ENA|AAC97205|AAC97205.1	55.56	11	4	2	1	9	644	654	5.1	17.3
Seq690_57_bp_-1_1_0	ENA|ACH70901|ACH70901.1	50.00	6	3	0	2	7	138	143	6.1	15.2
Seq690_57_bp_-1_1_0	ENA|CAA73529|CAA73529.1	60.00	5	2	0	8	12	208	212	6.1	14.8
Seq690_57_bp_-1_1_0	ENA|CAA28033|CAA28033.1	75.00	4	1	0	6	9	1300	1303	7	16.9
Seq690_57_bp_-1_1_0	ENA|AAC49865|AAC49865.1	66.67	6	2	0	6	11	44	49	7.3	14.8
Seq690_57_bp_-1_1_0	ENA|AAA32624|AAA32624.1	71.43	9	2	2	6	12	472	480	8.6	15.2
Seq690_57_bp_-1_1_0	ENA|AAB26998|AAB26998.1	80.00	7	1	2	3	7	54	60	9.3	12.4
Seq690_57_bp_-1_1_0	ENA|EDO47375|EDO47375.1	100.00	3	0	0	8	10	128	130	9.6	13.6
Seq690_57_bp_-1_2_0	ENA|AAC78721|AAC78721.1	53.85	13	6	0	6	18	371	383	0.075	23.2
Seq690_57_bp_-1_2_0	ENA|CAD53387|CAD53387.1	60.00	10	4	0	1	10	456	465	0.099	22.3
Seq690_57_bp_-1_2_0	ENA|CAA26023|CAA26023.1	54.55	11	5	0	7	17	357	367	0.13	21.5
Seq690_57_bp_-1_2_0	ENA|BAB79260|BAB79260.1	50.00	8	4	0	9	16	157	164	0.38	20.2
Seq690_57_bp_-1_2_0	ENA|ABD49687|ABD49687.1	57.14	16	6	2	1	14	641	656	0.45	21.9
Seq690_57_bp_-1_2_0	ENA|AAA36539|AAA36539.1	66.67	6	2	0	7	12	424	429	0.53	19.8
Seq690_57_bp_-1_2_0	ENA|CAA45199|CAA45199.1	37.50	18	10	2	1	16	328	345	0.69	19.4
Seq690_57_bp_-1_2_0	ENA|AAA32624|AAA32624.1	50.00	8	4	0	8	15	273	280	0.77	19.4
Seq690_57_bp_-1_2_0	ENA|AAA25966|AAA25966.1	50.00	8	4	0	3	10	173	180	1.1	19.4
Seq690_57_bp_-1_2_0	ENA|ABK71357|ABK71357.1	63.64	12	4	1	2	13	83	93	1.7	17.8
Seq690_57_bp_-1_2_0	ENA|CAA28033|CAA28033.1	53.85	14	6	1	2	14	659	672	1.9	19.4
Seq690_57_bp_-1_2_0	ENA|CAA11507|CAA11507.1	83.33	6	1	0	9	14	472	477	2	19.4
Seq690_57_bp_-1_2_0	ENA|AAA18786|AAA18786.1	44.44	9	5	0	7	15	243	251	2.2	16.9
Seq690_57_bp_-1_2_0	ENA|CAA36214|CAA36214.1	75.00	10	2	2	5	14	130	137	2.5	16.9
Seq690_57_bp_-1_2_0	ENA|AAR31603|AAR31603.1	57.14	7	3	0	7	13	306	312	2.7	16.9
Seq690_57_bp_-1_2_0	ENA|CAA45708|CAA45708.1	83.33	6	1	0	1	6	339	344	2.9	19.0
Seq690_57_bp_-1_2_0	ENA|BAB17681|BAB17681.1	66.67	11	3	2	6	16	12	20	3	16.5
Seq690_57_bp_-1_2_0	ENA|CAA29956|CAA29956.1	27.27	11	8	0	8	18	243	253	3	16.9
Seq690_57_bp_-1_2_0	ENA|AAS77176|AAS77176.1	80.00	5	1	0	11	15	63	67	3.1	16.5
Seq690_57_bp_-1_2_0	ENA|CCP43727|CCP43727.1	58.33	14	5	2	1	12	238	251	3.5	16.5
Seq690_57_bp_-1_2_0	ENA|AAA42531|AAA42531.1	50.00	6	3	0	3	8	240	245	4.1	16.5
Seq690_57_bp_-1_2_0	ENA|CAA26939|CAA26939.1	38.46	14	8	1	1	14	409	421	4.6	16.9
Seq690_57_bp_-1_2_0	ENA|AAB26998|AAB26998.1	100.00	3	0	0	5	7	33	35	4.7	14.0
Seq690_57_bp_-1_2_0	ENA|BAA32018|BAA32018.1	60.00	11	4	1	4	14	369	378	5	16.9
Seq690_57_bp_-1_2_0	ENA|BAA36759|BAA36759.1	55.56	9	4	0	10	18	11	19	5.4	15.7
Seq690_57_bp_-1_2_0	ENA|CAA24711|CAA24711.1	60.00	5	2	0	14	18	124	128	5.7	14.8
Seq690_57_bp_-1_2_0	ENA|EDO47375|EDO47375.1	40.00	15	9	0	3	17	95	109	6.2	14.8
Seq690_57_bp_-1_2_0	ENA|AAF79734|AAF79734.1	35.71	14	9	0	4	17	1448	1461	6.4	17.8
Seq690_57_bp_-1_2_0	ENA|ABD33854|ABD33854.1	42.86	7	4	0	11	17	17	23	6.6	13.2
Seq690_57_bp_-1_2_0	ENA|AAC40132|AAC40132.1	66.67	6	2	0	9	14	467	472	6.6	16.1
Seq690_57_bp_-1_2_0	ENA|CAL82360|CAL82360.1	44.44	9	5	0	8	16	188	196	7.5	17.3
Seq690_57_bp_-1_2_0	ENA|AAC17860|AAC17860.1	41.18	17	10	0	1	17	119	135	7.6	15.7
Seq690_57_bp_-1_2_0	ENA|AAA72732|AAA72732.1	58.33	14	5	2	3	15	44	56	7.7	15.3
Seq690_57_bp_-1_2_0	ENA|AAI27517|AAI27517.1	66.67	6	2	0	6	11	410	415	8.1	16.1
Seq690_57_bp_-1_2_0	ENA|AAC26660|AAC26660.1	75.00	4	1	0	7	10	228	231	8.3	14.8
Seq690_57_bp_-1_2_0	ENA|CAA36714|CAA36714.1	57.14	7	3	0	8	14	214	220	8.5	15.7
Seq690_57_bp_-1_2_0	ENA|AAA36114|AAA36114.1	46.67	20	8	5	1	15	444	463	9.2	15.7
Seq690_57_bp_-1_2_0	ENA|ABN10845|ABN10845.1	40.00	5	3	0	9	13	205	209	9.3	14.4
Seq690_57_bp_-1_2_0	ENA|ACT10338|ACT10338.1	66.67	18	4	6	2	14	371	387	9.4	15.3
