Seq7829_264_bp_1_0_0	AEE27845.1	94.25	87	5	0	1	87	101	187	7.8e-56	205.8
Seq7829_264_bp_1_0_0	AEE27845.1	58.82	17	7	0	26	42	193	209	0.02	28.4
Seq7829_264_bp_1_0_0	AAX84812.1	46.15	13	7	0	55	67	90	102	0.24	22.2
Seq7829_264_bp_1_0_0	AAA18786.1	34.38	32	21	0	11	42	48	79	0.4	21.7
Seq7829_264_bp_1_0_0	BAB17681.1	62.50	18	6	2	36	51	13	30	0.83	20.7
Seq7829_264_bp_1_0_0	ABK71357.1	53.85	13	6	0	29	41	67	79	2.3	19.6
Seq7829_264_bp_1_0_0	CAA73529.1	77.78	9	2	0	19	27	62	70	3.4	18.6
Seq7829_264_bp_1_0_0	ABL74574.1	29.63	27	19	0	47	73	54	80	3.6	18.6
Seq7829_264_bp_1_0_0	CAA04196.1	40.00	15	9	0	46	60	106	120	3.6	19.1
Seq7829_264_bp_1_0_0	CAA74140.1	18.18	44	36	0	7	50	324	367	3.9	20.1
Seq7829_264_bp_1_0_0	AAB96524.1	46.15	13	7	0	39	51	143	155	4.6	17.6
Seq7829_264_bp_1_0_0	BAE97662.1	21.21	33	26	0	47	79	142	174	4.8	20.1
Seq7829_264_bp_1_0_0	BAB79260.1	46.15	13	7	0	68	80	94	106	5.5	18.6
Seq7829_264_bp_1_0_0	AAQ92751.2	41.18	17	10	0	72	88	1275	1291	5.7	20.1
Seq7829_264_bp_1_0_0	AAC97205.1	16.00	25	21	0	26	50	1078	1102	7.2	19.6
Seq7829_264_bp_1_0_0	AAB64315.2	71.43	7	2	0	23	29	290	296	7.9	17.6
Seq7829_264_bp_1_0_0	AAA25966.1	37.50	16	10	0	73	88	570	585	8.5	18.6
Seq7829_264_bp_1_0_0	AAA23282.1	25.00	33	24	1	48	80	32	63	9.5	18.1
Seq7829_264_bp_1_1_0	AAC17860.1	60.00	10	4	0	22	31	316	325	0.59	20.7
Seq7829_264_bp_1_1_0	AAA32376.1	75.00	8	2	0	11	18	104	111	0.97	18.8
Seq7829_264_bp_1_1_0	AAA45888.1	37.04	27	17	0	14	40	106	132	1.1	19.7
Seq7829_264_bp_1_1_0	ABN10845.1	40.00	10	6	0	34	43	43	52	1.7	18.3
Seq7829_264_bp_1_1_0	BAB79260.1	31.25	16	11	0	24	39	45	60	1.8	19.3
Seq7829_264_bp_1_1_0	CAA45199.1	54.55	11	5	0	7	17	67	77	1.9	19.3
Seq7829_264_bp_1_1_0	CAA11507.1	100.00	9	0	1	35	42	59	67	2	20.7
Seq7829_264_bp_1_1_0	BAA32956.1	32.00	29	17	4	20	44	26	54	2.3	17.8
Seq7829_264_bp_1_1_0	AAB26998.1	75.00	9	2	1	14	21	7	15	4.6	15.3
Seq7829_264_bp_1_1_0	AAR37016.1	40.00	15	9	0	23	37	2011	2025	4.6	20.2
Seq7829_264_bp_1_1_0	AAB03707.1	41.18	17	10	0	15	31	17	33	5.3	19.3
Seq7829_264_bp_1_1_0	BAB17681.1	50.00	8	4	0	28	35	18	25	5.7	16.8
Seq7829_264_bp_1_1_0	BAA32018.1	42.86	7	4	0	30	36	1	7	6.6	17.8
Seq7829_264_bp_1_1_0	AAC78721.1	50.00	8	4	0	14	21	237	244	7.1	17.8
Seq7829_264_bp_1_1_0	AAA32624.1	83.33	6	1	0	26	31	127	132	7.7	17.3
Seq7829_264_bp_1_1_0	BAB70780.1	33.33	15	10	0	2	16	352	366	9.8	16.8
Seq7829_264_bp_1_1_1	AAA45888.1	55.56	9	4	0	15	23	32	40	0.095	22.4
Seq7829_264_bp_1_1_1	AAA45888.1	70.00	10	3	0	14	23	115	124	0.21	21.2
Seq7829_264_bp_1_1_1	AAA45888.1	44.44	9	5	0	15	23	176	184	0.21	21.2
Seq7829_264_bp_1_1_1	AAA45888.1	66.67	9	3	0	11	19	47	55	0.32	20.7
Seq7829_264_bp_1_1_1	CAA45199.1	71.43	7	2	0	5	11	379	385	0.12	22.4
Seq7829_264_bp_1_1_1	CAA26230.1	45.45	12	6	1	1	11	452	463	0.31	21.2
Seq7829_264_bp_1_1_1	AAB26998.1	75.00	9	2	1	15	22	6	14	0.48	17.8
Seq7829_264_bp_1_1_1	BAA32956.1	41.67	12	7	0	12	23	90	101	0.58	18.9
Seq7829_264_bp_1_1_1	BAA32991.1	33.33	6	4	0	9	14	30	35	0.93	16.6
Seq7829_264_bp_1_1_1	AAA32624.1	40.00	11	6	1	2	11	416	426	0.96	19.5
Seq7829_264_bp_1_1_1	BAB79260.1	50.00	10	5	0	14	23	91	100	1.2	18.9
Seq7829_264_bp_1_1_1	AAB64315.2	33.33	12	8	0	2	13	234	245	2	17.8
Seq7829_264_bp_1_1_1	AAI27517.1	50.00	13	6	1	12	24	157	168	2.4	18.3
Seq7829_264_bp_1_1_1	AAA18786.1	33.33	21	14	0	4	24	71	91	2.4	17.2
Seq7829_264_bp_1_1_1	AAQ92751.2	57.14	7	3	0	10	16	1152	1158	2.5	19.5
Seq7829_264_bp_1_1_1	AAA23282.1	80.00	5	1	0	20	24	258	262	3.4	17.8
Seq7829_264_bp_1_1_1	AAR37016.1	66.67	9	3	0	13	21	1128	1136	4.2	19.5
Seq7829_264_bp_1_1_1	AAR31603.1	30.00	10	7	0	8	17	140	149	4.3	16.6
Seq7829_264_bp_1_1_1	BAB17681.1	44.44	9	5	0	16	24	17	25	5.4	16.0
Seq7829_264_bp_1_1_1	AAX12058.1	100.00	3	0	0	9	11	131	133	5.4	16.0
Seq7829_264_bp_1_1_1	AAA32376.1	57.14	7	3	0	14	20	105	111	7.4	14.9
Seq7829_264_bp_1_1_1	AAC78721.1	42.86	7	4	0	16	22	237	243	8.6	16.6
Seq7829_264_bp_1_2_0	BAA32956.1	60.00	5	2	0	2	6	25	29	0.2	19.8
Seq7829_264_bp_1_2_0	AIR13712.1	50.00	6	3	0	2	7	135	140	0.21	20.4
Seq7829_264_bp_1_2_0	ABD33854.1	75.00	4	1	0	4	7	43	46	2.3	14.5
Seq7829_264_bp_1_2_0	ABK71357.1	40.00	5	3	0	2	6	140	144	2.7	16.8
Seq7829_264_bp_1_2_0	ABN10845.1	28.57	7	5	0	4	10	56	62	3.5	15.7
Seq7829_264_bp_1_2_0	AAA23282.1	42.86	14	8	0	1	14	256	269	4.1	16.8
Seq7829_264_bp_1_2_0	AAB26998.1	75.00	4	1	0	4	7	13	16	4.3	13.9
Seq7829_264_bp_1_2_0	AAQ92751.2	25.00	12	9	0	3	14	1293	1304	4.4	18.0
Seq7829_264_bp_1_2_0	ACT10338.1	50.00	6	3	0	5	10	119	124	6.1	15.7
Seq7829_264_bp_1_2_0	CAA45199.1	28.57	7	5	0	4	10	69	75	7.4	15.7
Seq7829_264_bp_1_2_0	AAA65607.1	57.14	7	3	0	9	15	1	7	8.5	15.1
Seq7829_264_bp_1_2_0	AAA32376.1	37.50	8	5	0	5	12	22	29	9	13.9
Seq7829_264_bp_1_2_0	AAI27517.1	75.00	4	1	0	5	8	512	515	9.1	15.7
Seq7829_264_bp_1_2_0	CAA73529.1	42.86	7	4	0	9	15	1	7	9.5	14.5
Seq7829_264_bp_1_2_1	BAA32991.1	50.00	10	5	0	15	24	42	51	0.15	19.4
Seq7829_264_bp_1_2_1	ABD33854.1	66.67	6	2	0	16	21	42	47	0.45	17.6
Seq7829_264_bp_1_2_1	ABG75784.1	66.67	6	2	0	12	17	309	314	0.66	19.4
Seq7829_264_bp_1_2_1	AAQ92751.2	60.00	10	4	0	10	19	1326	1335	1.3	20.5
Seq7829_264_bp_1_2_1	AAC08817.1	75.00	4	1	0	11	14	106	109	3.6	15.9
Seq7829_264_bp_1_2_1	AAB26998.1	62.50	9	3	1	9	17	53	60	5.6	14.2
Seq7829_264_bp_1_2_1	BAA32956.1	43.75	17	9	1	2	18	139	154	6.8	15.4
Seq7829_264_bp_1_2_1	AAR37016.1	60.00	5	2	0	17	21	1263	1267	7	18.8
Seq7829_264_bp_1_2_1	AII71783.1	42.86	7	4	0	9	15	111	117	9.6	15.4
Seq7829_264_bp_1_2_1	AAA72732.1	37.50	8	5	0	3	10	66	73	9.8	15.4
Seq7829_264_bp_1_2_2	AAA42531.1	40.00	15	9	0	24	38	163	177	0.33	21.4
Seq7829_264_bp_1_2_2	CAA26230.1	40.00	15	9	0	5	19	462	476	0.99	20.4
Seq7829_264_bp_1_2_2	ACT10338.1	29.41	17	12	0	8	24	359	375	1.4	19.3
Seq7829_264_bp_1_2_2	CAA11507.1	22.22	27	21	0	5	31	476	502	1.7	20.9
Seq7829_264_bp_1_2_2	AAB26998.1	57.14	7	3	0	34	40	73	79	1.8	16.7
Seq7829_264_bp_1_2_2	ABD49687.1	21.43	14	11	0	6	19	829	842	2.1	20.9
Seq7829_264_bp_1_2_2	AEE27845.1	25.00	12	9	0	5	16	623	634	3.5	19.9
Seq7829_264_bp_1_2_2	ABD33854.1	15.79	19	16	0	9	27	31	49	4.2	15.2
Seq7829_264_bp_1_2_2	AAA25966.1	25.00	16	12	0	5	20	91	106	5.3	18.3
Seq7829_264_bp_1_2_2	AAB03707.1	44.44	9	5	0	10	18	792	800	6.9	18.8
Seq7829_264_bp_1_2_2	AAB64315.2	100.00	3	0	0	4	6	27	29	7	16.7
Seq7829_264_bp_1_2_2	AAX12058.1	41.67	12	7	0	6	17	78	89	8.3	16.2
Seq7829_264_bp_1_2_2	ABL74574.1	50.00	12	6	0	26	37	117	128	8.7	16.2
Seq7829_264_bp_-1_0_0	AAA45888.1	40.00	15	9	0	7	21	39	53	1.8	18.6
Seq7829_264_bp_-1_0_0	AAA23282.1	57.14	7	3	0	4	10	544	550	2.7	18.6
Seq7829_264_bp_-1_0_0	AAA32624.1	45.45	11	6	0	5	15	48	58	3.5	18.1
Seq7829_264_bp_-1_0_0	CAA73529.1	38.10	21	13	0	10	30	116	136	3.8	17.0
Seq7829_264_bp_-1_0_0	ABL74574.1	55.56	9	4	0	15	23	248	256	3.9	17.0
Seq7829_264_bp_-1_0_0	AAA72732.1	45.45	11	6	0	14	24	302	312	4.3	17.0
Seq7829_264_bp_-1_0_0	AII71783.1	83.33	6	1	0	27	32	61	66	5.9	16.5
Seq7829_264_bp_-1_0_0	AAC78721.1	62.50	8	3	0	16	23	57	64	6.3	17.5
Seq7829_264_bp_-1_0_0	AAC08817.1	28.57	14	10	0	3	16	115	128	9	15.0
Seq7829_264_bp_-1_0_1	ABD49687.1	33.33	24	16	0	15	38	660	683	0.62	22.7
Seq7829_264_bp_-1_0_1	AAB03707.1	47.37	19	10	0	16	34	595	613	1	21.7
Seq7829_264_bp_-1_0_1	BAB70780.1	37.50	16	10	0	2	17	108	123	1.5	19.6
Seq7829_264_bp_-1_0_1	CAA11507.1	33.33	33	18	6	15	41	245	277	2	20.7
Seq7829_264_bp_-1_0_1	AAA23282.1	29.41	17	12	0	19	35	61	77	2.5	19.1
Seq7829_264_bp_-1_0_1	AII71783.1	41.67	12	7	0	23	34	121	132	3.8	17.6
Seq7829_264_bp_-1_0_1	AAA42531.1	28.12	33	23	1	1	33	294	325	4.8	17.6
Seq7829_264_bp_-1_0_1	AAB96524.1	30.77	13	9	0	4	16	17	29	6.6	16.0
Seq7829_264_bp_-1_0_1	CAA04196.1	45.45	11	6	0	20	30	68	78	7.2	17.1
Seq7829_264_bp_-1_0_1	AAB26998.1	36.36	11	7	0	33	43	10	20	8	14.5
Seq7829_264_bp_-1_0_1	AAA32624.1	45.45	11	6	0	23	33	361	371	8.9	17.1
Seq7829_264_bp_-1_0_1	AAA24969.1	38.89	18	11	0	17	34	389	406	8.9	18.6
Seq7829_264_bp_-1_0_1	AAA18786.1	35.71	16	9	2	28	41	176	191	9.2	16.0
Seq7829_264_bp_-1_1_0	AAA24142.1	33.93	61	37	5	11	67	382	441	0.025	26.4
Seq7829_264_bp_-1_1_0	ABS38337.1	37.50	24	15	0	1	24	137	160	0.28	24.4
Seq7829_264_bp_-1_1_0	BAB70780.1	25.00	24	18	0	58	81	18	41	1.2	21.0
Seq7829_264_bp_-1_1_0	AAA42531.1	33.33	24	16	0	36	59	220	243	1.8	20.0
Seq7829_264_bp_-1_1_0	ACT10338.1	35.71	14	9	0	31	44	126	139	2.6	19.5
Seq7829_264_bp_-1_1_0	AAQ92751.2	37.50	16	10	0	48	63	1353	1368	4.6	20.5
Seq7829_264_bp_-1_1_0	ACH70904.1	34.78	23	15	0	30	52	73	95	4.7	18.5
Seq7829_264_bp_-1_1_0	CAA11507.1	37.14	39	22	4	40	75	748	785	6.2	20.0
Seq7829_264_bp_-1_1_0	AEE27845.1	40.00	34	18	4	54	87	561	590	6.4	20.0
Seq7829_264_bp_-1_1_0	AAX84812.1	33.33	21	14	0	6	26	64	84	8.1	17.0
Seq7829_264_bp_-1_1_0	AAB03707.1	70.00	10	3	0	46	55	1228	1237	8.7	19.5
Seq7829_264_bp_-1_1_0	ABD33854.1	36.36	11	7	0	1	11	15	25	8.7	15.0
Seq7829_264_bp_-1_1_0	AAA24969.1	31.58	19	13	0	53	71	551	569	9.5	19.5
Seq7829_264_bp_-1_2_0	BAB70780.1	37.50	16	10	0	7	22	237	252	2.2	19.0
Seq7829_264_bp_-1_2_0	AAA45888.1	30.77	26	18	0	17	42	201	226	3.4	18.0
Seq7829_264_bp_-1_2_0	CAA04196.1	40.91	24	13	2	1	22	17	40	3.7	18.0
Seq7829_264_bp_-1_2_0	ABD49687.1	31.25	32	22	0	12	43	529	560	4	20.0
Seq7829_264_bp_-1_2_0	BAA32991.1	23.08	13	10	0	22	34	11	23	6.3	14.6
Seq7829_264_bp_-1_2_0	AAA23282.1	38.46	13	8	0	6	18	182	194	6.9	17.5
Seq7829_264_bp_-1_2_0	BAA32018.1	23.81	21	16	0	5	25	322	342	7.6	17.5
Seq7829_264_bp_-1_2_0	AAQ92751.2	23.08	26	20	0	11	36	65	90	8.4	18.5
Seq7829_264_bp_-1_2_0	BAB17681.1	40.00	10	6	0	33	42	158	167	8.9	16.1
Seq7829_264_bp_-1_2_0	ABL74574.1	33.33	15	10	0	9	23	7	21	9.4	16.1
Seq7829_264_bp_-1_2_1	ACT10338.1	55.56	9	4	0	4	12	77	85	0.032	23.0
Seq7829_264_bp_-1_2_1	AAA32376.1	50.00	12	6	0	1	12	46	57	1.6	16.2
Seq7829_264_bp_-1_2_1	AAB03707.1	55.56	9	4	0	4	12	1201	1209	1.9	18.9
Seq7829_264_bp_-1_2_1	AAR31603.1	30.00	10	7	0	2	11	160	169	2.9	16.2
Seq7829_264_bp_-1_2_1	AAA42531.1	20.00	10	8	0	3	12	62	71	3.4	16.2
Seq7829_264_bp_-1_2_1	CAA04196.1	50.00	8	4	0	1	8	53	60	3.7	16.2
Seq7829_264_bp_-1_2_1	AAA25966.1	33.33	12	8	0	1	12	415	426	4	16.9
Seq7829_264_bp_-1_2_1	CAA43372.1	55.56	9	4	0	4	12	139	147	5.7	15.5
Seq7829_264_bp_-1_2_1	ABD49687.1	80.00	5	1	0	8	12	870	874	5.8	17.6
Seq7829_264_bp_-1_2_1	BAB17681.1	44.44	9	5	0	4	12	160	168	6.1	14.8
Seq7829_264_bp_-1_2_1	AEE27845.1	71.43	7	2	0	6	12	1160	1166	7.5	16.9
Seq7829_264_bp_-1_2_1	CAA74140.1	62.50	8	3	0	2	9	443	450	8	16.2
Seq7829_264_bp_-1_2_1	ABD33854.1	25.00	8	6	0	1	8	34	41	9	12.1
Seq7829_264_bp_-1_2_1	AAC08817.1	37.50	8	5	0	2	9	58	65	9	13.5
Seq7829_264_bp_-1_2_1	AAC78721.1	66.67	6	2	0	1	6	496	501	9.1	15.5
Seq7829_264_bp_-1_2_2	AAB96524.1	54.55	11	5	0	1	11	8	18	0.67	17.5
Seq7829_264_bp_-1_2_2	AAB64315.2	66.67	6	2	0	1	6	190	195	3.2	16.1
Seq7829_264_bp_-1_2_2	CAA26230.1	44.44	9	5	0	3	11	399	407	3.3	16.8
Seq7829_264_bp_-1_2_2	CAA43372.1	100.00	4	0	0	8	11	6	9	4	16.1
Seq7829_264_bp_-1_2_2	AAB03707.1	66.67	9	3	0	4	12	353	361	4.8	17.5
Seq7829_264_bp_-1_2_2	AAI27517.1	50.00	10	5	0	3	12	382	391	5.7	16.1
Seq7829_264_bp_-1_2_2	ABK71357.1	40.00	10	6	0	3	12	184	193	5.9	15.3
Seq7829_264_bp_-1_2_2	ABD33854.1	75.00	4	1	0	9	12	54	57	7.6	12.4
Seq7829_264_bp_-1_2_2	CAA11507.1	71.43	7	2	0	4	10	467	473	7.7	16.8
Seq7829_264_bp_-1_2_2	EDO47375.1	25.00	8	6	0	4	11	8	15	8.1	13.9
Seq7829_264_bp_-1_2_3	AAA72732.1	42.86	14	8	0	2	15	48	61	2.3	16.8
Seq7829_264_bp_-1_2_3	AAA45888.1	30.00	10	7	0	4	13	339	348	2.8	16.8
Seq7829_264_bp_-1_2_3	CAA11507.1	38.46	13	8	0	3	15	1138	1150	4.1	18.1
Seq7829_264_bp_-1_2_3	AAA24969.1	33.33	9	6	0	6	14	866	874	6.9	17.5
Seq7829_264_bp_-1_2_3	AAH69556.1	80.00	5	1	0	10	14	143	147	7.9	14.9
Seq7829_264_bp_-1_2_3	ABG75784.1	42.86	7	4	0	2	8	28	34	8.1	14.9
