Seq7696_267_bp_1_0_0	ENA|CCP43727|CCP43727.1	24.66	77	55	4	6	82	198	270	0.00081	30.9
Seq7696_267_bp_1_0_0	ENA|CCP43727|CCP43727.1	29.41	34	24	0	5	38	119	152	0.29	22.5
Seq7696_267_bp_1_0_0	ENA|CCP43727|CCP43727.1	38.46	41	24	2	43	82	280	319	0.74	21.1
Seq7696_267_bp_1_0_0	ENA|CAA26023|CAA26023.1	30.77	90	54	12	12	89	222	311	0.0015	30.3
Seq7696_267_bp_1_0_0	ENA|CAA26023|CAA26023.1	23.44	66	49	2	5	68	312	377	0.025	26.2
Seq7696_267_bp_1_0_0	ENA|CAA45708|CAA45708.1	24.24	70	50	4	2	68	655	723	0.02	28.6
Seq7696_267_bp_1_0_0	ENA|CAA45708|CAA45708.1	22.78	80	61	1	11	89	106	185	0.66	23.5
Seq7696_267_bp_1_0_0	ENA|AAR31603|AAR31603.1	32.35	80	46	12	13	89	225	295	0.022	26.2
Seq7696_267_bp_1_0_0	ENA|AAR37016|AAR37016.1	38.18	67	34	12	23	82	722	783	0.024	28.9
Seq7696_267_bp_1_0_0	ENA|AAR37016|AAR37016.1	27.40	82	53	9	12	88	379	456	0.25	25.5
Seq7696_267_bp_1_0_0	ENA|CAD53387|CAD53387.1	32.35	79	46	11	20	87	393	471	0.026	26.5
Seq7696_267_bp_1_0_0	ENA|CAD53387|CAD53387.1	34.78	49	30	3	20	67	63	109	0.033	26.2
Seq7696_267_bp_1_0_0	ENA|CAD53387|CAD53387.1	34.78	49	30	3	20	67	129	175	0.033	26.2
Seq7696_267_bp_1_0_0	ENA|CAD53387|CAD53387.1	34.78	49	30	3	20	67	195	241	0.033	26.2
Seq7696_267_bp_1_0_0	ENA|CAD53387|CAD53387.1	34.78	49	30	3	20	67	261	307	0.033	26.2
Seq7696_267_bp_1_0_0	ENA|CAD53387|CAD53387.1	34.78	49	30	3	20	67	327	373	0.033	26.2
Seq7696_267_bp_1_0_0	ENA|AAI27517|AAI27517.1	32.81	74	43	10	21	84	445	518	0.039	26.2
Seq7696_267_bp_1_0_0	ENA|AAI27517|AAI27517.1	30.77	73	45	8	20	88	358	426	0.08	25.2
Seq7696_267_bp_1_0_0	ENA|AAI27517|AAI27517.1	21.88	68	50	4	23	86	82	149	0.66	22.1
Seq7696_267_bp_1_0_0	ENA|CAA24711|CAA24711.1	22.50	86	62	6	8	88	8	92	0.047	24.2
Seq7696_267_bp_1_0_0	ENA|AAC08817|AAC08817.1	32.26	31	21	0	8	38	28	58	0.068	23.5
Seq7696_267_bp_1_0_0	ENA|CAA11507|CAA11507.1	27.03	81	54	7	1	79	395	470	0.072	26.5
Seq7696_267_bp_1_0_0	ENA|CAA11507|CAA11507.1	24.42	91	65	5	2	88	943	1032	0.072	26.5
Seq7696_267_bp_1_0_0	ENA|CAA11507|CAA11507.1	26.47	34	25	0	18	51	1067	1100	0.18	25.2
Seq7696_267_bp_1_0_0	ENA|ACT10338|ACT10338.1	27.27	35	24	2	40	74	260	292	0.084	24.5
Seq7696_267_bp_1_0_0	ENA|CAA36714|CAA36714.1	30.19	59	37	6	27	79	51	109	0.13	24.2
Seq7696_267_bp_1_0_0	ENA|CAA36714|CAA36714.1	33.33	37	22	4	23	55	292	328	0.66	21.8
Seq7696_267_bp_1_0_0	ENA|BAA32018|BAA32018.1	26.67	45	33	0	45	89	297	341	0.14	24.5
Seq7696_267_bp_1_0_0	ENA|ABD49687|ABD49687.1	29.87	87	54	10	7	89	503	583	0.14	25.9
Seq7696_267_bp_1_0_0	ENA|ABD49687|ABD49687.1	24.00	85	57	10	1	82	680	757	0.37	24.5
Seq7696_267_bp_1_0_0	ENA|ABD49687|ABD49687.1	29.03	77	44	15	18	85	584	654	0.75	23.5
Seq7696_267_bp_1_0_0	ENA|AAB03707|AAB03707.1	25.71	79	52	9	4	82	382	451	0.15	25.5
Seq7696_267_bp_1_0_0	ENA|ABK71357|ABK71357.1	26.56	66	47	2	11	75	70	134	0.16	23.5
Seq7696_267_bp_1_0_0	ENA|ABK71357|ABK71357.1	25.71	80	52	10	16	86	139	217	0.33	22.5
Seq7696_267_bp_1_0_0	ENA|AAQ92751|AAQ92751.2	34.09	54	29	10	11	64	530	573	0.19	25.2
Seq7696_267_bp_1_0_0	ENA|AAB66912|AAB66912.1	29.09	59	39	4	30	88	268	322	0.32	23.8
Seq7696_267_bp_1_0_0	ENA|AAA36114|AAA36114.1	36.36	40	21	7	40	79	274	306	0.57	22.1
Seq7696_267_bp_1_0_0	ENA|AAA18786|AAA18786.1	36.36	34	21	1	11	44	233	265	0.76	20.8
Seq7696_267_bp_1_0_0	ENA|AAA25966|AAA25966.1	24.29	79	53	9	2	80	114	183	0.8	22.1
Seq7696_267_bp_1_0_0	ENA|BAB17681|BAB17681.1	17.74	63	51	1	9	70	177	239	0.98	20.4
Seq7696_267_bp_1_0_0	ENA|AAC97205|AAC97205.1	30.00	56	35	6	34	88	563	613	1.1	22.5
Seq7696_267_bp_1_0_0	ENA|CAA36214|CAA36214.1	32.26	70	42	8	7	71	23	89	1.1	20.4
Seq7696_267_bp_1_0_0	ENA|AAC17860|AAC17860.1	14.06	64	55	0	13	76	64	127	1.2	20.8
Seq7696_267_bp_1_0_0	ENA|AAA32624|AAA32624.1	18.46	66	53	1	9	73	346	411	1.2	21.1
Seq7696_267_bp_1_0_0	ENA|AAA42531|AAA42531.1	24.24	37	25	4	40	72	272	308	1.4	20.4
Seq7696_267_bp_1_0_0	ENA|AAS77176|AAS77176.1	17.57	75	61	1	4	78	11	84	1.6	19.8
Seq7696_267_bp_1_0_0	ENA|CAA45199|CAA45199.1	26.47	37	25	3	1	37	384	417	1.7	20.4
Seq7696_267_bp_1_0_0	ENA|BAB79260|BAB79260.1	28.57	14	10	0	6	19	189	202	2	20.1
Seq7696_267_bp_1_0_0	ENA|AAA24145|AAA24145.1	20.83	79	57	7	6	81	46	120	2.1	20.1
Seq7696_267_bp_1_0_0	ENA|AAC49865|AAC49865.1	28.79	78	47	12	14	88	193	261	2.4	19.4
Seq7696_267_bp_1_0_0	ENA|CAB75732|CAB75732.1	30.00	31	21	1	53	83	167	196	2.6	21.1
Seq7696_267_bp_1_0_0	ENA|ACH70901|ACH70901.1	25.00	75	54	3	4	76	247	320	3.2	19.1
Seq7696_267_bp_1_0_0	ENA|AAC40132|AAC40132.1	30.23	47	30	4	1	43	339	385	3.4	19.4
Seq7696_267_bp_1_0_0	ENA|CAA26939|CAA26939.1	22.86	79	54	9	9	79	353	430	4	19.4
Seq7696_267_bp_1_0_0	ENA|BAA05866|BAA05866.1	22.92	48	37	0	38	85	67	114	4.4	18.4
Seq7696_267_bp_1_0_0	ENA|BAA32991|BAA32991.1	31.58	19	13	0	47	65	2	20	6.3	15.7
Seq7696_267_bp_1_0_0	ENA|CAA43419|CAA43419.1	25.81	65	46	3	25	89	156	217	6.5	18.1
Seq7696_267_bp_1_0_0	ENA|CAA73529|CAA73529.1	23.08	40	30	1	5	43	127	166	7.7	17.4
Seq7696_267_bp_1_0_0	ENA|CAA28033|CAA28033.1	15.38	26	22	0	43	68	911	936	8.8	19.4
Seq7696_267_bp_1_0_0	ENA|AAC78721|AAC78721.1	18.57	72	57	2	10	79	563	634	9.2	18.4
Seq7696_267_bp_1_0_0	ENA|BAA32956|BAA32956.1	26.09	24	17	1	1	23	82	105	9.3	16.7
Seq7696_267_bp_1_1_0	ENA|ABD49687|ABD49687.1	92.05	88	7	0	1	88	667	754	2.2e-42	161.4
Seq7696_267_bp_1_1_0	ENA|ABD49687|ABD49687.1	27.54	74	50	5	7	75	77	150	0.06	27.1
Seq7696_267_bp_1_1_0	ENA|ABD49687|ABD49687.1	35.00	106	52	26	3	88	949	1048	0.52	24.0
Seq7696_267_bp_1_1_0	ENA|AAC97205|AAC97205.1	38.89	38	22	2	7	42	1201	1238	0.14	25.4
Seq7696_267_bp_1_1_0	ENA|CCP43727|CCP43727.1	26.15	69	48	4	13	77	69	137	0.26	22.6
Seq7696_267_bp_1_1_0	ENA|CAB75732|CAB75732.1	30.77	89	54	11	2	87	707	787	0.35	24.0
Seq7696_267_bp_1_1_0	ENA|CAA43419|CAA43419.1	19.64	61	45	5	22	80	19	76	0.36	22.3
Seq7696_267_bp_1_1_0	ENA|ABK71357|ABK71357.1	30.65	71	43	9	7	77	40	101	0.44	22.0
Seq7696_267_bp_1_1_0	ENA|ABK71357|ABK71357.1	23.29	88	56	15	9	84	114	198	0.44	22.0
Seq7696_267_bp_1_1_0	ENA|BAA36759|BAA36759.1	25.42	62	44	3	5	65	121	180	0.5	21.5
Seq7696_267_bp_1_1_0	ENA|AAA18786|AAA18786.1	25.00	74	51	6	4	72	177	249	0.57	21.2
Seq7696_267_bp_1_1_0	ENA|AAC08817|AAC08817.1	25.97	83	57	6	7	85	21	101	0.6	20.3
Seq7696_267_bp_1_1_0	ENA|AAR37016|AAR37016.1	26.87	74	49	7	1	73	2157	2224	0.7	24.0
Seq7696_267_bp_1_1_0	ENA|ACH70901|ACH70901.1	32.14	60	38	4	7	66	263	318	1.1	20.6
Seq7696_267_bp_1_1_0	ENA|AAA24145|AAA24145.1	29.41	74	48	6	19	87	204	276	1.2	20.9
Seq7696_267_bp_1_1_0	ENA|CAA11507|CAA11507.1	33.93	66	37	10	20	78	541	603	1.3	22.3
Seq7696_267_bp_1_1_0	ENA|CAA36214|CAA36214.1	20.63	66	50	3	16	78	99	164	1.4	20.1
Seq7696_267_bp_1_1_0	ENA|ABG75784|ABG75784.1	16.39	64	51	3	15	75	87	150	1.7	19.8
Seq7696_267_bp_1_1_0	ENA|CAA45708|CAA45708.1	29.63	94	57	13	4	88	1417	1506	2.2	21.7
Seq7696_267_bp_1_1_0	ENA|AAR31603|AAR31603.1	23.94	78	54	7	5	79	221	294	2.2	19.5
Seq7696_267_bp_1_1_0	ENA|AAA25966|AAA25966.1	20.00	68	52	3	8	73	527	593	2.2	20.6
Seq7696_267_bp_1_1_0	ENA|BAA32991|BAA32991.1	25.53	49	35	2	1	49	11	57	2.7	16.9
Seq7696_267_bp_1_1_0	ENA|AAI27517|AAI27517.1	21.52	83	62	4	8	87	434	515	2.7	20.1
Seq7696_267_bp_1_1_0	ENA|BAB79260|BAB79260.1	28.36	72	48	5	4	72	166	235	3	19.5
Seq7696_267_bp_1_1_0	ENA|AAB26998|AAB26998.1	19.15	47	38	0	16	62	7	53	3	16.9
Seq7696_267_bp_1_1_0	ENA|AAA36539|AAA36539.1	21.67	63	47	3	21	83	9	68	3.2	19.5
Seq7696_267_bp_1_1_0	ENA|AAA36114|AAA36114.1	34.48	31	19	2	3	31	60	90	4.1	19.2
Seq7696_267_bp_1_1_0	ENA|AAB66912|AAB66912.1	26.53	52	36	3	4	55	887	935	4.2	20.1
Seq7696_267_bp_1_1_0	ENA|CAA29956|CAA29956.1	27.42	68	45	6	15	82	284	345	4.5	18.6
Seq7696_267_bp_1_1_0	ENA|CAA24711|CAA24711.1	27.78	67	39	13	20	73	19	85	4.5	17.5
Seq7696_267_bp_1_1_0	ENA|AAC17860|AAC17860.1	18.67	83	61	8	13	87	239	321	4.9	18.6
Seq7696_267_bp_1_1_0	ENA|AAB03707|AAB03707.1	20.00	78	56	8	9	81	636	710	5	20.3
Seq7696_267_bp_1_1_0	ENA|CAA26023|CAA26023.1	30.77	28	18	2	15	42	39	64	5.5	18.4
Seq7696_267_bp_1_1_0	ENA|AAB96524|AAB96524.1	14.52	62	53	0	9	70	56	117	5.8	17.2
Seq7696_267_bp_1_1_0	ENA|AAQ92751|AAQ92751.2	28.99	74	49	5	10	78	875	948	6.1	20.1
Seq7696_267_bp_1_1_0	ENA|BAA32956|BAA32956.1	20.83	48	38	0	9	56	42	89	6.5	17.2
Seq7696_267_bp_1_1_0	ENA|CAA36714|CAA36714.1	23.81	88	64	4	4	88	243	329	6.6	18.4
Seq7696_267_bp_1_1_0	ENA|ACT10338|ACT10338.1	26.00	56	37	6	30	80	92	146	6.7	18.1
Seq7696_267_bp_1_1_0	ENA|AAA32624|AAA32624.1	23.19	73	53	4	14	86	411	479	7.4	18.4
Seq7696_267_bp_1_1_0	ENA|CAD53387|CAD53387.1	18.97	60	47	2	27	84	418	477	8.5	18.1
Seq7696_267_bp_1_1_0	ENA|CAA29968|CAA29968.1	31.43	43	24	8	20	55	55	96	8.7	16.7
Seq7696_267_bp_1_1_0	ENA|AAS77176|AAS77176.1	21.28	47	37	0	42	88	114	160	8.7	17.2
Seq7696_267_bp_1_1_0	ENA|BAA05866|BAA05866.1	24.49	52	37	3	12	61	14	64	9.3	17.2
Seq7696_267_bp_1_1_0	ENA|CAA26939|CAA26939.1	22.67	80	58	5	8	85	171	247	9.5	18.1
Seq7696_267_bp_1_1_0	ENA|CAA73529|CAA73529.1	20.59	72	54	4	12	83	207	274	10	16.9
Seq7696_267_bp_1_2_0	ENA|ABG75784|ABG75784.1	44.44	9	5	0	2	10	129	137	1.1	17.3
Seq7696_267_bp_1_2_0	ENA|ABK71357|ABK71357.1	33.33	9	6	0	1	9	273	281	1.3	17.3
Seq7696_267_bp_1_2_0	ENA|AAC97205|AAC97205.1	44.44	9	5	0	1	9	303	311	1.3	19.0
Seq7696_267_bp_1_2_0	ENA|AAF79734|AAF79734.1	75.00	9	2	1	2	9	871	879	2.3	18.5
Seq7696_267_bp_1_2_0	ENA|CAA45199|CAA45199.1	33.33	9	6	0	2	10	90	98	2.3	16.8
Seq7696_267_bp_1_2_0	ENA|AAC49865|AAC49865.1	40.00	10	6	0	1	10	28	37	2.4	16.2
Seq7696_267_bp_1_2_0	ENA|AAS77176|AAS77176.1	37.50	8	5	0	2	9	236	243	3.1	15.7
Seq7696_267_bp_1_2_0	ENA|AAA25966|AAA25966.1	33.33	9	6	0	1	9	663	671	3.6	16.8
Seq7696_267_bp_1_2_0	ENA|BAA32018|BAA32018.1	50.00	8	4	0	3	10	452	459	4.5	16.2
Seq7696_267_bp_1_2_0	ENA|ABD33854|ABD33854.1	44.44	9	5	0	2	10	3	11	4.6	12.9
Seq7696_267_bp_1_2_0	ENA|AAC78721|AAC78721.1	66.67	6	2	0	5	10	480	485	4.8	16.2
Seq7696_267_bp_1_2_0	ENA|AAA24145|AAA24145.1	37.50	8	5	0	3	10	209	216	4.9	15.7
Seq7696_267_bp_1_2_0	ENA|CAA24711|CAA24711.1	100.00	3	0	0	2	4	6	8	5.8	14.0
Seq7696_267_bp_1_2_0	ENA|CAA29956|CAA29956.1	60.00	5	2	0	1	5	48	52	5.8	15.1
Seq7696_267_bp_1_2_0	ENA|CAA26939|CAA26939.1	30.00	10	7	0	1	10	1	10	6	15.7
Seq7696_267_bp_1_2_0	ENA|BAB17681|BAB17681.1	60.00	5	2	0	1	5	110	114	6.2	14.6
Seq7696_267_bp_1_2_0	ENA|AAA72732|AAA72732.1	37.50	8	5	0	3	10	123	130	7	14.6
Seq7696_267_bp_1_2_0	ENA|ABN10845|ABN10845.1	42.86	7	4	0	3	9	39	45	7.1	14.0
Seq7696_267_bp_1_2_0	ENA|CAA28033|CAA28033.1	20.00	10	8	0	1	10	252	261	9	16.2
Seq7696_267_bp_1_2_0	ENA|BAA05866|BAA05866.1	28.57	7	5	0	2	8	162	168	9.8	14.0
Seq7696_267_bp_1_2_1	ENA|BAA32956|BAA32956.1	41.18	17	10	0	21	37	18	34	0.095	22.2
Seq7696_267_bp_1_2_1	ENA|AAR37016|AAR37016.1	29.73	40	26	3	2	38	1106	1145	0.12	25.4
Seq7696_267_bp_1_2_1	ENA|ABD49687|ABD49687.1	34.38	40	21	8	1	37	72	106	0.18	24.3
Seq7696_267_bp_1_2_1	ENA|ABD49687|ABD49687.1	44.00	30	14	5	9	38	1041	1065	0.48	22.9
Seq7696_267_bp_1_2_1	ENA|ABD49687|ABD49687.1	25.81	31	23	0	7	37	355	385	0.77	22.2
Seq7696_267_bp_1_2_1	ENA|ABD33854|ABD33854.1	18.18	35	27	2	6	38	19	53	0.32	18.8
Seq7696_267_bp_1_2_1	ENA|CAA36714|CAA36714.1	33.33	21	14	0	15	35	394	414	0.44	21.2
Seq7696_267_bp_1_2_1	ENA|CAA26023|CAA26023.1	50.00	17	8	1	18	33	173	189	0.45	20.8
Seq7696_267_bp_1_2_1	ENA|AAI27517|AAI27517.1	42.31	29	15	3	2	29	563	589	0.7	20.8
Seq7696_267_bp_1_2_1	ENA|ABK71357|ABK71357.1	47.06	18	9	1	4	20	126	143	0.71	20.2
Seq7696_267_bp_1_2_1	ENA|CAA11507|CAA11507.1	30.30	37	23	4	3	35	1224	1260	0.78	21.9
Seq7696_267_bp_1_2_1	ENA|AAA36539|AAA36539.1	27.59	32	21	3	9	37	392	423	0.91	20.2
Seq7696_267_bp_1_2_1	ENA|CAA29956|CAA29956.1	35.29	39	22	5	4	37	338	376	1.2	19.5
Seq7696_267_bp_1_2_1	ENA|AAB96524|AAB96524.1	35.71	14	9	0	22	35	53	66	1.2	18.4
Seq7696_267_bp_1_2_1	ENA|ACT10338|ACT10338.1	66.67	9	3	0	4	12	371	379	1.2	19.5
Seq7696_267_bp_1_2_1	ENA|CAA28033|CAA28033.1	19.35	31	25	0	5	35	1092	1122	1.2	21.2
Seq7696_267_bp_1_2_1	ENA|AAC49865|AAC49865.1	24.24	33	25	0	7	39	253	285	1.3	19.1
Seq7696_267_bp_1_2_1	ENA|AAR31603|AAR31603.1	22.22	28	21	1	4	31	130	156	1.3	19.1
Seq7696_267_bp_1_2_1	ENA|CAA45199|CAA45199.1	25.93	31	20	4	5	31	40	70	1.4	19.5
Seq7696_267_bp_1_2_1	ENA|CAA36214|CAA36214.1	31.58	20	13	1	1	19	263	282	1.5	18.8
Seq7696_267_bp_1_2_1	ENA|ABN10845|ABN10845.1	35.29	18	11	1	5	22	95	111	1.7	18.1
Seq7696_267_bp_1_2_1	ENA|AAA42531|AAA42531.1	22.86	38	27	3	3	38	96	132	1.9	18.8
Seq7696_267_bp_1_2_1	ENA|EDO47375|EDO47375.1	26.32	19	14	0	20	38	58	76	1.9	17.7
Seq7696_267_bp_1_2_1	ENA|AAC97205|AAC97205.1	30.43	27	16	4	16	38	256	282	2.3	20.2
Seq7696_267_bp_1_2_1	ENA|AAA25966|AAA25966.1	23.53	34	26	0	4	37	69	102	2.8	19.1
Seq7696_267_bp_1_2_1	ENA|CAA45708|CAA45708.1	21.88	32	25	0	3	34	952	983	2.9	20.2
Seq7696_267_bp_1_2_1	ENA|AAB66912|AAB66912.1	36.67	35	19	5	10	39	892	926	4.5	18.8
Seq7696_267_bp_1_2_1	ENA|BAA32018|BAA32018.1	34.78	23	15	0	3	25	185	207	4.9	18.1
Seq7696_267_bp_1_2_1	ENA|AAB03707|AAB03707.1	29.63	27	19	0	3	29	873	899	5.2	19.1
Seq7696_267_bp_1_2_1	ENA|AAA24145|AAA24145.1	21.62	37	29	0	2	38	94	130	5.8	17.4
Seq7696_267_bp_1_2_1	ENA|BAA36759|BAA36759.1	34.38	39	21	7	7	38	119	157	5.9	16.7
Seq7696_267_bp_1_2_1	ENA|AAA32624|AAA32624.1	30.30	38	23	5	7	39	5	42	6.5	17.4
Seq7696_267_bp_1_2_1	ENA|CCP43727|CCP43727.1	36.36	11	7	0	10	20	128	138	6.6	16.7
Seq7696_267_bp_1_2_1	ENA|BAB79260|BAB79260.1	30.77	27	18	1	1	27	417	442	7.1	17.0
Seq7696_267_bp_1_2_1	ENA|BAA32991|BAA32991.1	36.36	11	7	0	29	39	7	17	7.4	14.2
Seq7696_267_bp_1_2_2	ENA|AAR37016|AAR37016.1	44.00	33	14	8	4	36	1305	1329	0.1	25.6
Seq7696_267_bp_1_2_2	ENA|AAR37016|AAR37016.1	48.15	37	14	10	11	37	1469	1505	0.16	24.9
Seq7696_267_bp_1_2_2	ENA|AAA32624|AAA32624.1	34.62	31	17	5	1	26	452	482	0.1	23.3
Seq7696_267_bp_1_2_2	ENA|AAC97205|AAC97205.1	30.00	30	21	0	2	31	587	616	0.16	24.0
Seq7696_267_bp_1_2_2	ENA|AAC97205|AAC97205.1	30.77	29	18	3	10	37	259	285	0.59	22.1
Seq7696_267_bp_1_2_2	ENA|AAB26998|AAB26998.1	29.41	43	24	9	4	37	35	77	0.22	19.5
Seq7696_267_bp_1_2_2	ENA|BAA32956|BAA32956.1	29.03	32	22	1	3	34	73	103	0.38	20.2
Seq7696_267_bp_1_2_2	ENA|AAI27517|AAI27517.1	32.26	37	21	6	5	37	398	432	0.44	21.4
Seq7696_267_bp_1_2_2	ENA|AAC08817|AAC08817.1	46.15	34	14	8	9	36	82	113	1.1	18.2
Seq7696_267_bp_1_2_2	ENA|AAR31603|AAR31603.1	36.36	26	14	4	14	35	136	161	2.2	18.2
Seq7696_267_bp_1_2_2	ENA|CAA36214|CAA36214.1	37.93	41	18	12	1	33	210	246	2.5	17.9
Seq7696_267_bp_1_2_2	ENA|BAA32991|BAA32991.1	22.22	18	14	0	20	37	6	23	2.7	15.7
Seq7696_267_bp_1_2_2	ENA|ABD49687|ABD49687.1	38.46	31	16	5	6	36	74	99	3	20.2
Seq7696_267_bp_1_2_2	ENA|AAA25966|AAA25966.1	45.00	24	11	4	14	36	492	512	3.8	18.6
Seq7696_267_bp_1_2_2	ENA|CAA28033|CAA28033.1	50.00	15	7	1	10	24	1302	1315	4.4	19.2
Seq7696_267_bp_1_2_2	ENA|ACH70901|ACH70901.1	43.75	18	9	2	1	18	288	303	4.6	17.3
Seq7696_267_bp_1_2_2	ENA|CAA26939|CAA26939.1	26.47	43	25	9	4	37	352	394	4.7	17.9
Seq7696_267_bp_1_2_2	ENA|AAB66912|AAB66912.1	52.94	20	8	3	15	32	299	317	4.9	18.6
Seq7696_267_bp_1_2_2	ENA|ACT10338|ACT10338.1	29.41	19	12	2	15	31	292	310	5	17.3
Seq7696_267_bp_1_2_2	ENA|EDO47375|EDO47375.1	29.41	17	12	0	5	21	167	183	7.1	15.7
Seq7696_267_bp_1_2_2	ENA|AAA36539|AAA36539.1	36.36	25	14	3	5	28	296	318	7.4	17.0
Seq7696_267_bp_1_2_2	ENA|BAA05866|BAA05866.1	38.46	14	8	1	16	28	150	163	7.4	16.3
Seq7696_267_bp_1_2_2	ENA|AAB96524|AAB96524.1	33.33	16	10	1	11	25	168	183	8.6	15.4
Seq7696_267_bp_-1_0_0	ENA|AAA24145|AAA24145.1	26.58	89	58	10	7	89	46	130	0.9	21.3
Seq7696_267_bp_-1_0_0	ENA|CAA45199|CAA45199.1	33.33	60	34	9	2	58	361	414	1.1	21.1
Seq7696_267_bp_-1_0_0	ENA|AAR37016|AAR37016.1	24.71	93	64	8	1	89	1698	1786	1.2	23.2
Seq7696_267_bp_-1_0_0	ENA|CCP43727|CCP43727.1	22.62	89	65	5	1	84	82	170	1.2	20.4
Seq7696_267_bp_-1_0_0	ENA|BAB17681|BAB17681.1	20.34	62	47	3	15	76	157	215	3.2	18.7
Seq7696_267_bp_-1_0_0	ENA|AAI27517|AAI27517.1	26.25	89	59	9	1	82	408	494	4.2	19.4
Seq7696_267_bp_-1_0_0	ENA|BAA32991|BAA32991.1	32.14	32	19	4	16	45	28	57	4.9	16.1
Seq7696_267_bp_-1_0_0	ENA|AAF79734|AAF79734.1	16.39	62	51	1	14	74	954	1015	6.2	20.1
Seq7696_267_bp_-1_0_0	ENA|AAC49865|AAC49865.1	25.00	70	39	18	11	76	13	68	6.2	18.0
Seq7696_267_bp_-1_0_0	ENA|CAA36214|CAA36214.1	28.57	36	25	1	24	59	246	280	6.7	17.7
Seq7696_267_bp_-1_0_0	ENA|ACH70901|ACH70901.1	27.27	61	40	6	14	73	222	277	6.7	18.0
Seq7696_267_bp_-1_0_0	ENA|BAA36759|BAA36759.1	32.35	38	23	4	43	80	242	275	7.5	17.5
Seq7696_267_bp_-1_0_0	ENA|CAD53387|CAD53387.1	32.35	37	23	3	44	78	452	487	7.9	18.2
Seq7696_267_bp_-1_0_0	ENA|AAA36539|AAA36539.1	26.19	46	31	4	8	52	331	373	8.7	18.0
Seq7696_267_bp_-1_0_0	ENA|BAA05866|BAA05866.1	22.50	43	31	3	10	49	143	185	9.2	17.3
Seq7696_267_bp_-1_0_0	ENA|AAC97205|AAC97205.1	31.51	91	50	18	8	89	187	268	9.8	19.2
Seq7696_267_bp_-1_1_0	ENA|CAA36214|CAA36214.1	35.29	35	22	1	8	42	12	45	0.14	22.4
Seq7696_267_bp_-1_1_0	ENA|CAA36214|CAA36214.1	26.67	30	22	0	11	40	258	287	0.14	22.4
Seq7696_267_bp_-1_1_0	ENA|CAA26939|CAA26939.1	33.33	31	20	1	12	41	308	338	0.21	22.7
Seq7696_267_bp_-1_1_0	ENA|BAA32956|BAA32956.1	42.86	16	8	2	19	34	87	100	0.24	21.0
Seq7696_267_bp_-1_1_0	ENA|CAA73529|CAA73529.1	53.85	13	6	0	3	15	145	157	0.31	21.0
Seq7696_267_bp_-1_1_0	ENA|CAA26023|CAA26023.1	41.67	12	7	0	28	39	172	183	0.43	21.0
Seq7696_267_bp_-1_1_0	ENA|CAA26023|CAA26023.1	35.71	33	18	5	10	39	108	138	0.85	20.0
Seq7696_267_bp_-1_1_0	ENA|AAC49865|AAC49865.1	29.41	36	24	2	3	38	18	51	0.58	20.4
Seq7696_267_bp_-1_1_0	ENA|AAC08817|AAC08817.1	46.67	15	8	0	11	25	23	37	0.69	19.1
Seq7696_267_bp_-1_1_0	ENA|AAC97205|AAC97205.1	22.50	42	31	2	2	41	205	246	0.87	21.7
Seq7696_267_bp_-1_1_0	ENA|ABN10845|ABN10845.1	30.77	30	18	4	13	41	78	104	0.95	19.1
Seq7696_267_bp_-1_1_0	ENA|AAR37016|AAR37016.1	32.14	29	19	1	8	36	415	442	1.1	22.4
Seq7696_267_bp_-1_1_0	ENA|CAA45199|CAA45199.1	41.38	36	17	7	10	41	47	79	1.3	19.7
Seq7696_267_bp_-1_1_0	ENA|BAA32991|BAA32991.1	50.00	8	4	0	18	25	25	32	1.9	16.4
Seq7696_267_bp_-1_1_0	ENA|ABD49687|ABD49687.1	37.93	30	18	1	6	35	537	565	1.9	21.0
Seq7696_267_bp_-1_1_0	ENA|BAA36759|BAA36759.1	23.33	30	23	0	9	38	251	280	2	18.4
Seq7696_267_bp_-1_1_0	ENA|AAA25966|AAA25966.1	37.50	24	15	0	6	29	69	92	2	19.7
Seq7696_267_bp_-1_1_0	ENA|AAB66912|AAB66912.1	29.63	27	19	0	6	32	216	242	2.6	19.7
Seq7696_267_bp_-1_1_0	ENA|AAA42531|AAA42531.1	23.53	37	26	3	2	38	163	196	2.6	18.4
Seq7696_267_bp_-1_1_0	ENA|ACT10338|ACT10338.1	25.00	31	21	3	11	39	274	303	2.7	18.4
Seq7696_267_bp_-1_1_0	ENA|CAD53387|CAD53387.1	40.74	31	16	4	2	32	2	28	2.7	18.7
Seq7696_267_bp_-1_1_0	ENA|AAR31603|AAR31603.1	25.00	30	21	2	9	38	129	156	2.8	18.1
Seq7696_267_bp_-1_1_0	ENA|AAB26998|AAB26998.1	31.58	24	13	5	11	34	29	47	4.1	15.4
Seq7696_267_bp_-1_1_0	ENA|AAQ92751|AAQ92751.2	26.32	42	28	4	3	41	888	928	4.7	19.4
Seq7696_267_bp_-1_1_0	ENA|ABK71357|ABK71357.1	31.25	36	22	4	7	41	113	145	4.9	17.4
Seq7696_267_bp_-1_1_0	ENA|AAA36539|AAA36539.1	25.00	25	18	1	4	28	60	83	5	17.7
Seq7696_267_bp_-1_1_0	ENA|AAA72732|AAA72732.1	41.67	25	14	1	13	36	121	145	5.2	17.1
Seq7696_267_bp_-1_1_0	ENA|CAA28033|CAA28033.1	26.47	39	25	5	4	42	186	219	5.5	19.1
Seq7696_267_bp_-1_1_0	ENA|AAA32624|AAA32624.1	62.50	8	3	0	11	18	36	43	5.5	17.7
Seq7696_267_bp_-1_1_0	ENA|CAA11507|CAA11507.1	39.39	36	20	3	7	42	257	289	5.7	19.1
Seq7696_267_bp_-1_1_0	ENA|BAB79260|BAB79260.1	37.50	40	20	8	7	41	180	216	6	17.4
Seq7696_267_bp_-1_1_0	ENA|CAA29956|CAA29956.1	25.93	30	20	3	5	34	101	127	6.2	17.1
Seq7696_267_bp_-1_1_0	ENA|AAA36114|AAA36114.1	87.50	8	1	0	5	12	7	14	6.6	17.4
Seq7696_267_bp_-1_1_0	ENA|AAI27517|AAI27517.1	32.43	45	25	8	2	39	374	417	7.6	17.4
Seq7696_267_bp_-1_1_0	ENA|CAL82360|CAL82360.1	26.32	20	14	1	22	40	967	986	8.3	18.4
Seq7696_267_bp_-1_1_0	ENA|CCP43727|CCP43727.1	44.44	19	10	1	6	24	141	158	8.4	16.4
Seq7696_267_bp_-1_1_1	ENA|CAA29968|CAA29968.1	32.35	39	23	5	1	39	94	127	0.013	25.2
Seq7696_267_bp_-1_1_1	ENA|AAI27517|AAI27517.1	28.57	28	20	0	12	39	491	518	0.041	25.2
Seq7696_267_bp_-1_1_1	ENA|AAI27517|AAI27517.1	39.13	24	14	1	17	39	102	125	0.34	22.1
Seq7696_267_bp_-1_1_1	ENA|ABD49687|ABD49687.1	40.74	29	16	2	9	35	506	534	0.046	26.5
Seq7696_267_bp_-1_1_1	ENA|ABD49687|ABD49687.1	35.71	29	18	1	15	42	107	135	0.093	25.5
Seq7696_267_bp_-1_1_1	ENA|BAA05866|BAA05866.1	29.73	40	26	3	4	40	158	197	0.14	22.4
Seq7696_267_bp_-1_1_1	ENA|CAA26023|CAA26023.1	44.44	30	15	3	17	43	10	39	0.18	22.4
Seq7696_267_bp_-1_1_1	ENA|AAB26998|AAB26998.1	39.13	26	14	3	13	35	28	53	0.19	20.0
Seq7696_267_bp_-1_1_1	ENA|CAD53387|CAD53387.1	46.15	29	14	3	1	27	61	88	0.47	21.4
Seq7696_267_bp_-1_1_1	ENA|CAD53387|CAD53387.1	46.15	29	14	3	1	27	127	154	0.47	21.4
Seq7696_267_bp_-1_1_1	ENA|CAD53387|CAD53387.1	46.15	29	14	3	1	27	193	220	0.47	21.4
Seq7696_267_bp_-1_1_1	ENA|CAD53387|CAD53387.1	46.15	29	14	3	1	27	259	286	0.47	21.4
Seq7696_267_bp_-1_1_1	ENA|CAD53387|CAD53387.1	46.15	29	14	3	1	27	325	352	0.47	21.4
Seq7696_267_bp_-1_1_1	ENA|CAD53387|CAD53387.1	46.15	29	14	3	1	27	391	418	0.47	21.4
Seq7696_267_bp_-1_1_1	ENA|CAA45199|CAA45199.1	25.00	28	21	0	16	43	43	70	0.56	21.1
Seq7696_267_bp_-1_1_1	ENA|ABK71357|ABK71357.1	26.83	42	30	1	3	43	157	198	0.56	20.7
Seq7696_267_bp_-1_1_1	ENA|AAC40132|AAC40132.1	36.84	19	12	0	5	23	13	31	1.1	20.0
Seq7696_267_bp_-1_1_1	ENA|CAA28033|CAA28033.1	29.73	38	26	1	1	38	517	553	1.2	21.4
Seq7696_267_bp_-1_1_1	ENA|AAF79734|AAF79734.1	31.03	29	20	0	3	31	567	595	1.7	21.1
Seq7696_267_bp_-1_1_1	ENA|AAA25966|AAA25966.1	35.71	33	18	5	16	43	651	683	1.7	20.0
Seq7696_267_bp_-1_1_1	ENA|BAA32956|BAA32956.1	33.33	41	24	5	4	43	64	100	2.1	18.0
Seq7696_267_bp_-1_1_1	ENA|AAA36539|AAA36539.1	21.62	39	29	2	1	37	327	365	2.3	19.0
Seq7696_267_bp_-1_1_1	ENA|AAR31603|AAR31603.1	37.50	16	10	0	2	17	293	308	2.6	18.3
Seq7696_267_bp_-1_1_1	ENA|AAR37016|AAR37016.1	40.00	32	15	7	12	43	1288	1312	2.7	21.1
Seq7696_267_bp_-1_1_1	ENA|AAC97205|AAC97205.1	31.03	30	20	1	16	44	592	621	2.9	20.0
Seq7696_267_bp_-1_1_1	ENA|ACH70901|ACH70901.1	25.81	33	23	2	1	33	118	148	3.5	18.0
Seq7696_267_bp_-1_1_1	ENA|BAA32991|BAA32991.1	44.44	9	5	0	18	26	48	56	3.5	15.6
Seq7696_267_bp_-1_1_1	ENA|CAA45708|CAA45708.1	40.91	26	13	4	13	38	1022	1043	3.6	20.0
Seq7696_267_bp_-1_1_1	ENA|AAC49865|AAC49865.1	32.35	42	23	8	1	36	221	260	4.1	17.6
Seq7696_267_bp_-1_1_1	ENA|BAA36759|BAA36759.1	32.35	39	23	5	5	43	243	276	4.5	17.3
Seq7696_267_bp_-1_1_1	ENA|CAA36214|CAA36214.1	31.71	46	28	5	1	43	131	174	4.7	17.3
Seq7696_267_bp_-1_1_1	ENA|BAA32018|BAA32018.1	31.82	22	15	0	9	30	545	566	4.8	18.3
Seq7696_267_bp_-1_1_1	ENA|AAA24145|AAA24145.1	33.33	35	20	5	3	34	426	458	5.6	17.6
Seq7696_267_bp_-1_1_1	ENA|CAA73529|CAA73529.1	40.00	10	6	0	9	18	250	259	6.7	16.6
Seq7696_267_bp_-1_1_1	ENA|AAA72732|AAA72732.1	57.14	7	3	0	13	19	278	284	7.6	16.6
Seq7696_267_bp_-1_1_1	ENA|AAC08817|AAC08817.1	57.14	7	3	0	19	25	82	88	7.8	15.6
Seq7696_267_bp_-1_1_1	ENA|BAB17681|BAB17681.1	23.53	17	13	0	20	36	24	40	8.4	16.2
Seq7696_267_bp_-1_1_1	ENA|CAA26939|CAA26939.1	46.67	20	8	5	17	36	352	366	8.6	17.3
Seq7696_267_bp_-1_1_1	ENA|CAA36714|CAA36714.1	21.88	32	25	0	2	33	103	134	8.9	16.9
Seq7696_267_bp_-1_1_1	ENA|ACT10338|ACT10338.1	27.78	39	26	3	9	45	232	269	9.3	16.6
Seq7696_267_bp_-1_1_1	ENA|AAA32624|AAA32624.1	38.46	13	8	0	27	39	297	309	9.8	16.9
Seq7696_267_bp_-1_2_0	ENA|ACT10338|ACT10338.1	20.63	63	50	0	10	72	276	338	0.11	23.9
Seq7696_267_bp_-1_2_0	ENA|CAA36214|CAA36214.1	36.36	84	42	18	1	66	69	152	0.12	23.4
Seq7696_267_bp_-1_2_0	ENA|AAA42531|AAA42531.1	32.43	39	25	2	28	66	149	185	0.13	23.7
Seq7696_267_bp_-1_2_0	ENA|AAI27517|AAI27517.1	31.34	74	46	7	4	72	418	489	0.53	22.2
Seq7696_267_bp_-1_2_0	ENA|ABD49687|ABD49687.1	35.94	69	41	5	7	74	696	760	0.84	23.1
Seq7696_267_bp_-1_2_0	ENA|AAB26998|AAB26998.1	26.19	47	31	5	31	77	13	54	1.3	18.0
Seq7696_267_bp_-1_2_0	ENA|CCP43727|CCP43727.1	33.82	80	45	12	1	76	98	169	1.4	20.0
Seq7696_267_bp_-1_2_0	ENA|ACH70901|ACH70901.1	24.14	29	22	0	34	62	267	295	1.5	20.0
Seq7696_267_bp_-1_2_0	ENA|CAA73529|CAA73529.1	33.33	42	24	6	36	74	100	138	1.7	19.4
Seq7696_267_bp_-1_2_0	ENA|ABK71357|ABK71357.1	32.79	69	41	8	3	64	60	127	2.3	19.4
Seq7696_267_bp_-1_2_0	ENA|AAA72732|AAA72732.1	29.85	78	47	11	8	75	207	283	2.3	19.2
Seq7696_267_bp_-1_2_0	ENA|CAA11507|CAA11507.1	40.00	45	24	5	1	44	247	287	2.6	21.1
Seq7696_267_bp_-1_2_0	ENA|AAF79734|AAF79734.1	25.00	84	54	12	3	75	721	803	3.3	20.8
Seq7696_267_bp_-1_2_0	ENA|CAA26023|CAA26023.1	25.00	53	39	1	25	77	216	267	3.4	18.9
Seq7696_267_bp_-1_2_0	ENA|AAC49865|AAC49865.1	22.54	78	55	7	4	77	222	296	3.6	18.6
Seq7696_267_bp_-1_2_0	ENA|CAD53387|CAD53387.1	57.89	21	8	2	58	77	4	23	3.7	19.2
Seq7696_267_bp_-1_2_0	ENA|AAA32624|AAA32624.1	35.29	35	22	1	9	42	80	114	3.8	19.2
Seq7696_267_bp_-1_2_0	ENA|CAA45199|CAA45199.1	25.00	54	39	2	11	63	364	416	4.2	18.9
Seq7696_267_bp_-1_2_0	ENA|AAA36114|AAA36114.1	30.16	73	44	10	2	69	340	407	4.5	18.9
Seq7696_267_bp_-1_2_0	ENA|CAA29956|CAA29956.1	26.53	49	36	0	22	70	331	379	4.9	18.3
Seq7696_267_bp_-1_2_0	ENA|AAQ92751|AAQ92751.2	29.51	69	43	8	6	66	1156	1224	5.6	20.0
Seq7696_267_bp_-1_2_0	ENA|AAC40132|AAC40132.1	36.11	41	23	5	37	74	316	354	6.1	18.3
Seq7696_267_bp_-1_2_0	ENA|AAA25966|AAA25966.1	25.00	87	54	15	1	74	18	102	6.3	18.9
Seq7696_267_bp_-1_2_0	ENA|CAA26939|CAA26939.1	31.43	41	24	6	37	77	489	523	7.3	18.3
Seq7696_267_bp_-1_2_0	ENA|AAR31603|AAR31603.1	35.71	14	9	0	24	37	135	148	7.5	17.5
Seq7696_267_bp_-1_2_0	ENA|AAB96524|AAB96524.1	22.22	48	35	3	8	52	70	117	9.1	16.3
Seq7696_267_bp_-1_2_1	ENA|AAQ92751|AAQ92751.2	57.14	7	3	0	1	7	1083	1089	0.018	25.4
Seq7696_267_bp_-1_2_1	ENA|AAR37016|AAR37016.1	57.14	7	3	0	4	10	1124	1130	0.11	23.6
Seq7696_267_bp_-1_2_1	ENA|CAA29956|CAA29956.1	33.33	10	6	1	1	10	289	297	0.21	19.9
Seq7696_267_bp_-1_2_1	ENA|CAA11507|CAA11507.1	33.33	9	6	0	2	10	271	279	0.22	21.8
Seq7696_267_bp_-1_2_1	ENA|CAA11507|CAA11507.1	50.00	10	5	0	1	10	1151	1160	0.34	21.1
Seq7696_267_bp_-1_2_1	ENA|BAB79260|BAB79260.1	71.43	8	2	1	3	10	53	59	0.26	19.9
Seq7696_267_bp_-1_2_1	ENA|AAC49865|AAC49865.1	60.00	5	2	0	4	8	174	178	0.29	19.3
Seq7696_267_bp_-1_2_1	ENA|CAL82360|CAL82360.1	42.86	7	4	0	1	7	40	46	0.32	21.1
Seq7696_267_bp_-1_2_1	ENA|CAA26939|CAA26939.1	37.50	8	5	0	1	8	527	534	0.33	19.9
Seq7696_267_bp_-1_2_1	ENA|AAB03707|AAB03707.1	57.14	7	3	0	4	10	257	263	0.34	21.1
Seq7696_267_bp_-1_2_1	ENA|AAF79734|AAF79734.1	44.44	10	5	1	1	9	865	874	0.36	21.1
Seq7696_267_bp_-1_2_1	ENA|CAA28033|CAA28033.1	60.00	5	2	0	3	7	43	47	0.49	20.5
Seq7696_267_bp_-1_2_1	ENA|CAA28033|CAA28033.1	50.00	8	4	0	2	9	1029	1036	0.74	19.9
Seq7696_267_bp_-1_2_1	ENA|CAA45199|CAA45199.1	25.00	8	6	0	2	9	383	390	0.62	18.7
Seq7696_267_bp_-1_2_1	ENA|AAA32624|AAA32624.1	40.00	5	3	0	1	5	423	427	0.69	18.7
Seq7696_267_bp_-1_2_1	ENA|AAB26998|AAB26998.1	30.00	10	7	0	1	10	2	11	0.84	15.7
Seq7696_267_bp_-1_2_1	ENA|CAA45708|CAA45708.1	80.00	5	1	0	4	8	302	306	0.87	19.9
Seq7696_267_bp_-1_2_1	ENA|AAA24145|AAA24145.1	42.86	7	4	0	1	7	309	315	0.92	18.1
Seq7696_267_bp_-1_2_1	ENA|ABN10845|ABN10845.1	50.00	6	3	0	1	6	106	111	1	16.9
Seq7696_267_bp_-1_2_1	ENA|AAS77176|AAS77176.1	40.00	5	3	0	2	6	146	150	2	16.3
Seq7696_267_bp_-1_2_1	ENA|CAA26023|CAA26023.1	40.00	5	3	0	2	6	121	125	2.6	16.3
Seq7696_267_bp_-1_2_1	ENA|AAC26660|AAC26660.1	80.00	7	1	2	3	7	216	222	2.7	15.7
Seq7696_267_bp_-1_2_1	ENA|AAA18786|AAA18786.1	44.44	9	5	0	1	9	74	82	2.8	15.7
Seq7696_267_bp_-1_2_1	ENA|BAB17681|BAB17681.1	66.67	6	2	0	1	6	241	246	2.9	15.7
Seq7696_267_bp_-1_2_1	ENA|CAA36214|CAA36214.1	37.50	8	5	0	1	8	124	131	3.2	15.7
Seq7696_267_bp_-1_2_1	ENA|CAA36714|CAA36714.1	50.00	6	3	0	5	10	70	75	3.2	16.3
Seq7696_267_bp_-1_2_1	ENA|ABG75784|ABG75784.1	40.00	5	3	0	2	6	193	197	3.3	15.7
Seq7696_267_bp_-1_2_1	ENA|BAA32956|BAA32956.1	40.00	5	3	0	5	9	52	56	3.3	15.1
Seq7696_267_bp_-1_2_1	ENA|BAA32991|BAA32991.1	66.67	3	1	0	2	4	30	32	3.8	13.3
Seq7696_267_bp_-1_2_1	ENA|BAA36759|BAA36759.1	40.00	10	6	0	1	10	251	260	4.5	15.1
Seq7696_267_bp_-1_2_1	ENA|BAA05866|BAA05866.1	66.67	6	2	0	1	6	105	110	4.8	15.1
Seq7696_267_bp_-1_2_1	ENA|AAA72732|AAA72732.1	100.00	3	0	0	6	8	122	124	4.9	15.1
Seq7696_267_bp_-1_2_1	ENA|AAA25966|AAA25966.1	50.00	4	2	0	3	6	682	685	4.9	16.3
Seq7696_267_bp_-1_2_1	ENA|AAA36539|AAA36539.1	50.00	4	2	0	1	4	410	413	4.9	15.7
Seq7696_267_bp_-1_2_1	ENA|AAR31603|AAR31603.1	100.00	6	0	2	4	7	152	157	5.1	15.1
Seq7696_267_bp_-1_2_1	ENA|AAA36114|AAA36114.1	20.00	10	8	0	1	10	33	42	5.2	15.7
Seq7696_267_bp_-1_2_1	ENA|ABD33854|ABD33854.1	33.33	3	2	0	2	4	42	44	5.3	12.7
Seq7696_267_bp_-1_2_1	ENA|ABK71357|ABK71357.1	60.00	5	2	0	5	9	65	69	5.8	15.1
Seq7696_267_bp_-1_2_1	ENA|ACT10338|ACT10338.1	50.00	7	3	1	3	8	302	308	6	15.1
Seq7696_267_bp_-1_2_1	ENA|ABD49687|ABD49687.1	33.33	6	4	0	4	9	96	101	7.5	16.9
Seq7696_267_bp_-1_2_1	ENA|CCP43727|CCP43727.1	37.50	8	5	0	1	8	135	142	7.6	14.5
Seq7696_267_bp_-1_2_1	ENA|AAC08817|AAC08817.1	40.00	5	3	0	4	8	2	6	8.3	13.3
Seq7696_267_bp_-1_2_1	ENA|AAA42531|AAA42531.1	66.67	3	1	0	2	4	123	125	8.9	14.5
Seq7696_267_bp_-1_2_1	ENA|AAB96524|AAB96524.1	25.00	8	6	0	3	10	93	100	9.7	13.3
