Seq7613_242_bp_1_0_0	ABD49687.1	66.67	12	4	0	60	71	1133	1144	0.48	24.0
Seq7613_242_bp_1_0_0	CAA43372.1	33.33	15	10	0	12	26	18	32	0.63	21.5
Seq7613_242_bp_1_0_0	AAC08817.1	43.75	16	9	0	3	18	149	164	2.6	18.1
Seq7613_242_bp_1_0_0	CAD53387.1	35.29	36	22	2	22	55	10	45	4	19.1
Seq7613_242_bp_1_0_0	CAA73529.1	28.57	22	15	1	51	71	162	183	4.3	18.1
Seq7613_242_bp_1_0_0	AAA42531.1	50.00	14	7	0	28	41	315	328	4.4	18.6
Seq7613_242_bp_1_0_0	AAA36565.1	33.33	26	16	2	32	57	80	103	5.2	17.1
Seq7613_242_bp_1_0_0	AAA65607.1	46.15	13	7	0	29	41	64	76	5.7	18.1
Seq7613_242_bp_1_0_0	BAA32991.1	30.00	10	7	0	2	11	8	17	5.8	15.6
Seq7613_242_bp_1_0_0	AAA45888.1	38.89	18	11	0	21	38	346	363	6	18.1
Seq7613_242_bp_1_0_0	BAB17681.1	36.36	11	7	0	24	34	261	271	6	17.6
Seq7613_242_bp_1_0_0	AAI27517.1	25.71	37	26	2	32	68	520	554	6.5	18.6
Seq7613_242_bp_1_0_0	ABN10845.1	42.86	7	4	0	11	17	22	28	6.6	17.1
Seq7613_242_bp_1_0_0	AAB64315.2	40.00	10	6	0	6	15	23	32	7.1	17.6
Seq7613_242_bp_1_0_0	AAA32376.1	38.46	13	8	0	51	63	93	105	7.4	16.6
Seq7613_242_bp_1_1_0	ABL74574.1	71.43	7	2	0	33	39	112	118	0.19	22.3
Seq7613_242_bp_1_1_0	AIR13712.1	35.29	17	11	0	44	60	120	136	0.22	22.3
Seq7613_242_bp_1_1_0	AAR31603.1	46.15	13	7	0	42	54	229	241	0.46	21.2
Seq7613_242_bp_1_1_0	ABD49687.1	53.85	13	6	0	39	51	283	295	0.53	23.4
Seq7613_242_bp_1_1_0	BAB70780.1	38.46	13	8	0	6	18	303	315	0.99	20.7
Seq7613_242_bp_1_1_0	AAA42531.1	57.14	7	3	0	12	18	142	148	1.7	19.6
Seq7613_242_bp_1_1_0	EDO47375.1	31.25	16	11	0	31	46	149	164	2.5	18.0
Seq7613_242_bp_1_1_0	BAA32956.1	37.50	8	5	0	14	21	9	16	2.8	18.0
Seq7613_242_bp_1_1_0	AAC78721.1	40.00	15	9	0	44	58	575	589	2.9	19.6
Seq7613_242_bp_1_1_0	AAC97205.1	36.84	19	12	0	39	57	214	232	3.6	20.2
Seq7613_242_bp_1_1_0	ABK71357.1	46.67	17	8	2	40	56	251	265	4.9	18.0
Seq7613_242_bp_1_1_0	CAA11507.1	41.67	12	7	0	50	61	282	293	5.7	19.6
Seq7613_242_bp_1_1_0	BAA32991.1	40.00	10	6	0	12	21	37	46	5.9	15.2
Seq7613_242_bp_1_1_1	AAC97205.1	50.00	8	4	0	1	8	278	285	0.013	26.0
Seq7613_242_bp_1_1_1	CAA73529.1	83.33	6	1	0	7	12	145	150	0.014	23.7
Seq7613_242_bp_1_1_1	CAA26230.1	55.56	9	4	0	4	12	282	290	0.08	22.2
Seq7613_242_bp_1_1_1	AAR37016.1	57.14	7	3	0	4	10	1259	1265	0.57	21.4
Seq7613_242_bp_1_1_1	ABK71357.1	75.00	4	1	0	6	9	308	311	0.73	18.4
Seq7613_242_bp_1_1_1	AAB26998.1	50.00	6	3	0	4	9	32	37	0.74	16.1
Seq7613_242_bp_1_1_1	CAD53387.1	57.14	7	3	0	6	12	35	41	0.98	18.4
Seq7613_242_bp_1_1_1	BAA32956.1	45.45	11	6	0	2	12	201	211	1.2	16.9
Seq7613_242_bp_1_1_1	ACH70904.1	50.00	8	4	0	4	11	69	76	1.2	17.7
Seq7613_242_bp_1_1_1	ABD33854.1	40.00	5	3	0	8	12	48	52	1.7	14.6
Seq7613_242_bp_1_1_1	AAI27517.1	75.00	4	1	0	7	10	156	159	1.9	17.7
Seq7613_242_bp_1_1_1	ABD49687.1	75.00	4	1	0	5	8	1422	1425	2	19.2
Seq7613_242_bp_1_1_1	AAC78721.1	36.36	11	7	0	1	11	579	589	2.2	17.7
Seq7613_242_bp_1_1_1	AAA25966.1	100.00	3	0	0	7	9	652	654	2.4	17.7
Seq7613_242_bp_1_1_1	CAA04196.1	60.00	5	2	0	7	11	307	311	3.8	16.1
Seq7613_242_bp_1_1_1	AAA36565.1	50.00	4	2	0	5	8	161	164	4.3	14.6
Seq7613_242_bp_1_1_1	BAB70780.1	57.14	7	3	0	1	7	315	321	4.4	16.1
Seq7613_242_bp_1_1_1	AAB96524.1	50.00	6	3	0	2	7	83	88	4.8	14.6
Seq7613_242_bp_1_1_1	BAA32991.1	40.00	5	3	0	8	12	16	20	5	13.1
Seq7613_242_bp_1_1_1	CAA43372.1	100.00	3	0	0	2	4	5	7	6.3	15.4
Seq7613_242_bp_1_1_1	ABS38337.1	40.00	5	3	0	8	12	1060	1064	6.8	16.9
Seq7613_242_bp_1_1_1	AAA18786.1	100.00	3	0	0	1	3	137	139	6.8	14.6
Seq7613_242_bp_1_1_1	AAH69556.1	60.00	5	2	0	2	6	151	155	7.7	14.6
Seq7613_242_bp_1_1_1	AAA32624.1	37.50	8	5	0	5	12	247	254	7.8	15.4
Seq7613_242_bp_1_1_1	EDO47375.1	66.67	3	1	0	3	5	74	76	8	13.9
Seq7613_242_bp_1_1_1	AIR13712.1	100.00	3	0	0	1	3	113	115	8.2	14.6
Seq7613_242_bp_1_1_1	AAF01122.1	42.86	7	4	0	1	7	114	120	9.3	14.6
Seq7613_242_bp_1_1_1	AAA45888.1	50.00	6	3	0	1	6	234	239	9.5	14.6
Seq7613_242_bp_1_2_0	AAR37016.1	98.75	80	1	0	1	80	635	714	1.4e-54	202.3
Seq7613_242_bp_1_2_0	AAA45888.1	19.05	43	34	1	33	75	244	285	0.049	25.1
Seq7613_242_bp_1_2_0	AAA42531.1	45.45	11	6	0	9	19	323	333	0.94	20.8
Seq7613_242_bp_1_2_0	ABD49687.1	61.54	13	5	0	27	39	1186	1198	0.96	23.0
Seq7613_242_bp_1_2_0	ACH70904.1	33.33	15	10	0	45	59	41	55	3.7	18.7
Seq7613_242_bp_1_2_0	BAE97662.1	35.00	20	13	0	39	58	44	63	3.9	20.3
Seq7613_242_bp_1_2_0	AAQ92751.2	25.49	52	38	1	8	59	28	78	4.7	20.3
Seq7613_242_bp_1_2_0	AAA25966.1	46.15	13	7	0	56	68	505	517	5.1	19.3
Seq7613_242_bp_1_2_0	AAB96524.1	38.46	13	8	0	26	38	28	40	5.6	17.1
Seq7613_242_bp_1_2_0	AAR31603.1	17.24	29	24	0	49	77	244	272	6.8	17.7
Seq7613_242_bp_1_2_0	AAA36565.1	36.36	11	7	0	14	24	55	65	7.2	16.6
Seq7613_242_bp_1_2_0	CAA04196.1	45.00	21	11	1	43	62	318	338	8.6	17.7
Seq7613_242_bp_1_2_0	CAA45199.1	26.67	15	11	0	19	33	140	154	9.6	17.7
Seq7613_242_bp_1_2_0	AAB64315.2	27.78	18	13	0	63	80	177	194	9.6	17.1
Seq7613_242_bp_-1_0_0	BAA32991.1	43.75	18	9	2	52	68	24	40	2	17.2
Seq7613_242_bp_-1_0_0	BAA32018.1	26.92	26	19	0	4	29	3	28	3.1	19.8
Seq7613_242_bp_-1_0_0	ABN10845.1	23.08	26	20	0	2	27	26	51	3.2	18.2
Seq7613_242_bp_-1_0_0	AAQ92751.2	75.00	8	2	0	13	20	677	684	4.8	20.3
Seq7613_242_bp_-1_0_0	AAX12058.1	38.46	13	8	0	3	15	32	44	5.6	17.7
Seq7613_242_bp_-1_0_0	CAA73529.1	42.86	14	8	0	64	77	27	40	5.6	17.7
Seq7613_242_bp_-1_0_0	ABL74574.1	50.00	20	9	2	17	36	140	157	5.8	17.7
Seq7613_242_bp_-1_0_0	AAI27517.1	57.14	16	6	2	65	78	6	21	5.9	18.7
Seq7613_242_bp_-1_0_0	AAX84812.1	46.15	13	7	0	2	14	168	180	6.6	17.2
Seq7613_242_bp_-1_0_0	ABK71357.1	42.86	7	4	0	73	79	137	143	7.4	17.7
Seq7613_242_bp_-1_0_0	AAF01122.1	33.33	15	10	0	37	51	125	139	7.5	17.7
Seq7613_242_bp_-1_0_0	AAA18786.1	40.00	32	18	2	20	49	8	39	7.6	17.2
Seq7613_242_bp_-1_0_0	CAA11507.1	53.33	16	7	1	59	73	488	503	9.2	19.3
Seq7613_242_bp_-1_1_0	AIR13712.1	30.00	30	21	0	36	65	121	150	0.98	20.5
Seq7613_242_bp_-1_1_0	AAA18786.1	27.59	29	21	0	31	59	67	95	1.1	20.1
Seq7613_242_bp_-1_1_0	AAC17860.1	30.00	30	21	0	41	70	133	162	1.7	20.1
Seq7613_242_bp_-1_1_0	ACH70904.1	46.67	15	8	0	37	51	117	131	2	19.6
Seq7613_242_bp_-1_1_0	AAA36565.1	28.57	21	15	0	10	30	32	52	4.5	17.3
Seq7613_242_bp_-1_1_0	AAR31603.1	25.00	49	36	1	18	65	234	282	4.7	18.2
Seq7613_242_bp_-1_1_0	CAA45199.1	21.43	14	11	0	7	20	57	70	4.9	18.7
Seq7613_242_bp_-1_1_0	AAI27517.1	28.57	22	15	1	60	80	373	394	8.1	18.2
Seq7613_242_bp_-1_1_0	AAR37016.1	36.36	22	14	0	25	46	142	163	9	20.1
Seq7613_242_bp_-1_2_0	AAA25966.1	52.94	17	8	0	22	38	21	37	0.48	22.7
Seq7613_242_bp_-1_2_0	CAD53387.1	35.00	20	13	0	57	76	444	463	0.9	21.3
Seq7613_242_bp_-1_2_0	EDO47375.1	33.33	28	18	1	50	77	68	94	0.92	19.8
Seq7613_242_bp_-1_2_0	BAA32018.1	33.33	21	14	0	57	77	576	596	1.6	20.8
Seq7613_242_bp_-1_2_0	AAC78721.1	60.00	10	4	0	10	19	587	596	4.4	19.4
Seq7613_242_bp_-1_2_0	BAA32956.1	35.71	14	9	0	43	56	33	46	5.2	17.4
Seq7613_242_bp_-1_2_0	AAC97205.1	34.48	30	19	1	9	38	28	56	5.8	19.8
Seq7613_242_bp_-1_2_0	ABN10845.1	20.00	25	20	0	17	41	57	81	7.4	16.9
