Seq7714_213_bp_1_0_0	AAA32376.1	41.67	12	7	0	6	17	55	66	3.9	15.4
Seq7714_213_bp_1_0_0	ABG75784.1	46.67	15	8	0	1	15	229	243	5	15.9
Seq7714_213_bp_1_0_0	BAB70780.1	41.67	12	7	0	5	16	462	473	5.4	16.4
Seq7714_213_bp_1_0_0	CAA43372.1	40.00	10	6	0	2	11	70	79	6.5	15.9
Seq7714_213_bp_1_0_0	ABN10845.1	30.00	10	7	0	2	11	210	219	6.8	14.9
Seq7714_213_bp_1_0_0	AAA65607.1	38.46	13	8	0	6	18	225	237	8	15.4
Seq7714_213_bp_1_0_0	AAC97205.1	43.75	16	9	0	3	18	259	274	9.4	16.9
Seq7714_213_bp_1_0_0	AAA72732.1	35.71	14	9	0	2	15	217	230	9.5	14.9
Seq7714_213_bp_1_0_0	CAA74140.1	62.50	8	3	0	1	8	348	355	10	16.4
Seq7714_213_bp_1_0_1	AIR13712.1	34.48	30	19	1	14	43	138	166	0.72	20.3
Seq7714_213_bp_1_0_1	CAD53387.1	26.67	46	33	1	2	46	57	102	2.7	19.0
Seq7714_213_bp_1_0_1	BAE97662.1	23.08	39	30	0	6	44	1100	1138	3.9	19.6
Seq7714_213_bp_1_0_1	AAA45888.1	32.35	42	23	8	15	48	343	384	6.4	17.3
Seq7714_213_bp_1_0_1	BAA32956.1	75.00	4	1	0	13	16	90	93	7	16.3
Seq7714_213_bp_1_0_1	CAA73529.1	25.00	39	27	3	2	37	120	158	7.2	16.6
Seq7714_213_bp_1_0_1	AAI27517.1	47.37	19	10	0	16	34	377	395	7.8	17.6
Seq7714_213_bp_1_0_1	AAC97205.1	57.14	7	3	0	14	20	654	660	10	18.3
Seq7714_213_bp_1_1_0	ABD49687.1	95.71	70	3	0	1	70	1268	1337	4.5e-31	123.5
Seq7714_213_bp_1_1_0	AAR37016.1	22.03	62	46	3	7	67	985	1044	0.13	26.1
Seq7714_213_bp_1_1_0	AAA32376.1	33.33	18	12	0	3	20	103	120	2.8	17.9
Seq7714_213_bp_1_1_0	EDO47375.1	23.08	41	30	2	8	47	60	99	6	16.9
Seq7714_213_bp_1_1_0	AAC08817.1	31.82	22	15	0	40	61	76	97	6.5	16.5
Seq7714_213_bp_1_1_0	AAX12058.1	25.00	24	18	0	1	24	206	229	8.5	16.9
Seq7714_213_bp_1_1_0	AAB03707.1	20.45	44	35	0	23	66	439	482	8.6	19.2
Seq7714_213_bp_1_1_0	ABD33854.1	57.14	7	3	0	22	28	58	64	9.7	14.6
Seq7714_213_bp_1_2_0	CAA26230.1	100.00	3	0	0	8	10	340	342	0.67	18.9
Seq7714_213_bp_1_2_0	CAA45199.1	50.00	6	3	0	3	8	61	66	2.3	16.8
Seq7714_213_bp_1_2_0	AAX12058.1	37.50	8	5	0	1	8	134	141	2.7	15.8
Seq7714_213_bp_1_2_0	ABN10845.1	100.00	4	0	0	5	8	105	108	3	15.3
Seq7714_213_bp_1_2_0	BAA32018.1	42.86	7	4	0	4	10	166	172	3	16.8
Seq7714_213_bp_1_2_0	AIR13712.1	60.00	5	2	0	4	8	132	136	3.2	15.8
Seq7714_213_bp_1_2_0	ACH70904.1	40.00	5	3	0	6	10	146	150	3.5	15.8
Seq7714_213_bp_1_2_0	AAC17860.1	37.50	8	5	0	1	8	31	38	4	15.8
Seq7714_213_bp_1_2_0	BAA32956.1	37.50	8	5	0	1	8	84	91	5.7	14.3
Seq7714_213_bp_1_2_0	CAA74140.1	50.00	8	4	0	1	8	230	237	6.2	16.3
Seq7714_213_bp_1_2_0	CAA73529.1	66.67	6	2	0	3	8	204	209	7.3	14.3
Seq7714_213_bp_1_2_0	ABD49687.1	33.33	9	6	0	1	9	1056	1064	7.9	16.8
Seq7714_213_bp_1_2_0	ABD33854.1	66.67	3	1	0	6	8	42	44	9.6	11.8
Seq7714_213_bp_1_2_1	CAA73529.1	71.43	7	2	0	1	7	267	273	0.0052	24.9
Seq7714_213_bp_1_2_1	CAA45199.1	33.33	9	6	0	1	9	217	225	0.065	22.0
Seq7714_213_bp_1_2_1	AAA36565.1	100.00	4	0	0	4	7	78	81	0.17	19.1
Seq7714_213_bp_1_2_1	ACT10338.1	42.86	7	4	0	2	8	129	135	0.58	18.6
Seq7714_213_bp_1_2_1	ABL74574.1	57.14	7	3	0	2	8	66	72	1.4	16.8
Seq7714_213_bp_1_2_1	AAH69556.1	28.57	7	5	0	3	9	223	229	1.5	16.8
Seq7714_213_bp_1_2_1	BAA32956.1	62.50	8	3	0	2	9	45	52	1.5	16.3
Seq7714_213_bp_1_2_1	AAI27517.1	22.22	9	7	0	1	9	57	65	1.9	17.4
Seq7714_213_bp_1_2_1	AAC78721.1	37.50	8	5	0	3	10	539	546	2.2	17.4
Seq7714_213_bp_1_2_1	AAR37016.1	50.00	6	3	0	1	6	170	175	2.3	19.1
Seq7714_213_bp_1_2_1	ABD49687.1	28.57	7	5	0	2	8	36	42	2.5	18.6
Seq7714_213_bp_1_2_1	AAA45888.1	28.57	7	5	0	3	9	236	242	2.7	16.3
Seq7714_213_bp_1_2_1	CAA43372.1	37.50	8	5	0	1	8	283	290	3	16.3
Seq7714_213_bp_1_2_1	AII71783.1	30.00	10	7	0	1	10	264	273	3.3	15.7
Seq7714_213_bp_1_2_1	AAA72732.1	66.67	6	2	0	3	8	281	286	3.3	15.7
Seq7714_213_bp_1_2_1	AAC97205.1	50.00	6	3	0	2	7	340	345	5.8	16.8
Seq7714_213_bp_1_2_1	AAA42531.1	28.57	7	5	0	2	8	383	389	6	15.1
Seq7714_213_bp_1_2_1	AAX12058.1	14.29	7	6	0	3	9	249	255	6.3	14.5
Seq7714_213_bp_1_2_1	AAA24142.1	100.00	4	0	0	1	4	36	39	6.9	15.1
Seq7714_213_bp_1_2_1	ABD33854.1	40.00	5	3	0	2	6	58	62	7.1	12.2
Seq7714_213_bp_1_2_1	BAA32991.1	66.67	3	1	0	5	7	16	18	7.6	12.2
Seq7714_213_bp_1_2_1	ABK71357.1	66.67	3	1	0	3	5	280	282	8.3	14.5
Seq7714_213_bp_1_2_1	AAA23282.1	50.00	8	4	0	1	8	331	338	8.5	15.1
Seq7714_213_bp_1_2_1	EDO47375.1	80.00	5	1	0	1	5	72	76	9.3	13.4
Seq7714_213_bp_1_2_2	AAC17860.1	25.81	33	23	2	1	32	332	363	1.1	19.4
Seq7714_213_bp_1_2_2	AAF01122.1	35.00	22	13	2	8	29	273	292	1.5	18.8
Seq7714_213_bp_1_2_2	AAA23282.1	25.00	16	12	0	12	27	253	268	4.4	17.8
Seq7714_213_bp_1_2_2	AAI27517.1	29.03	33	22	2	1	32	228	259	4.6	17.8
Seq7714_213_bp_1_2_2	ACT10338.1	60.00	20	6	5	12	31	107	121	7.3	16.5
Seq7714_213_bp_1_2_2	CAA73529.1	20.00	27	20	2	1	25	20	46	8	15.8
Seq7714_213_bp_1_2_2	CAA45199.1	66.67	6	2	0	26	31	408	413	8.7	16.5
Seq7714_213_bp_1_2_2	BAB17681.1	71.43	7	2	0	16	22	34	40	9.9	15.5
Seq7714_213_bp_-1_0_0	AAA45888.1	51.61	40	15	9	26	56	96	135	0.23	22.7
Seq7714_213_bp_-1_0_0	AAA25966.1	21.74	49	36	3	24	69	110	158	0.29	23.3
Seq7714_213_bp_-1_0_0	AAQ92751.2	30.00	48	28	8	5	44	275	322	1.6	21.8
Seq7714_213_bp_-1_0_0	CAA45199.1	29.73	46	26	9	7	43	340	385	2.9	19.3
Seq7714_213_bp_-1_0_0	AAB26998.1	26.67	15	11	0	48	62	14	28	3.2	16.6
Seq7714_213_bp_-1_0_0	AAB64315.2	30.56	41	25	5	28	66	29	66	3.7	18.4
Seq7714_213_bp_-1_0_0	BAB79260.1	24.44	59	34	14	10	58	366	420	4.2	18.7
Seq7714_213_bp_-1_0_0	AAB96524.1	22.22	52	35	7	21	71	51	96	4.9	17.2
Seq7714_213_bp_-1_0_0	AAR37016.1	27.45	55	37	4	3	54	1515	1568	4.9	20.8
Seq7714_213_bp_-1_0_0	ABN10845.1	46.67	16	8	1	28	42	57	72	5.7	17.2
Seq7714_213_bp_-1_0_0	CAA11507.1	31.03	31	20	2	36	64	260	290	6.5	19.6
Seq7714_213_bp_-1_0_0	AAR31603.1	28.57	29	20	1	21	48	75	103	8.3	17.2
Seq7714_213_bp_-1_0_0	AAA24969.1	24.24	35	25	2	35	69	1429	1461	8.8	19.3
Seq7714_213_bp_-1_0_0	BAA32991.1	60.00	6	2	1	43	48	28	32	9.4	14.7
Seq7714_213_bp_-1_1_0	AAB26998.1	57.14	7	3	0	5	11	9	15	0.54	16.6
Seq7714_213_bp_-1_1_0	AAH69556.1	66.67	6	2	0	5	10	169	174	0.59	18.4
Seq7714_213_bp_-1_1_0	AAI27517.1	57.14	7	3	0	6	12	444	450	1.6	18.0
Seq7714_213_bp_-1_1_0	BAA32956.1	57.14	7	3	0	6	12	24	30	2	16.1
Seq7714_213_bp_-1_1_0	AII71783.1	22.22	9	7	0	2	10	224	232	2.1	16.6
Seq7714_213_bp_-1_1_0	AAC97205.1	55.56	10	4	1	3	11	889	898	2.4	18.4
Seq7714_213_bp_-1_1_0	AAA36565.1	55.56	9	4	0	1	9	36	44	2.9	15.2
Seq7714_213_bp_-1_1_0	AAC17860.1	44.44	9	5	0	3	11	309	317	3.8	16.1
Seq7714_213_bp_-1_1_0	AAA45888.1	42.86	7	4	0	6	12	94	100	4.8	15.7
Seq7714_213_bp_-1_1_0	CAA11507.1	36.36	11	7	0	1	11	1171	1181	4.8	17.5
Seq7714_213_bp_-1_1_0	AAR31603.1	42.86	7	4	0	6	12	118	124	5.6	15.2
Seq7714_213_bp_-1_1_0	AIR13712.1	100.00	3	0	0	9	11	137	139	7.5	14.8
Seq7714_213_bp_-1_1_0	AAA42531.1	28.57	7	5	0	6	12	121	127	8.8	14.8
Seq7714_213_bp_-1_1_1	AAI27517.1	36.36	38	21	5	1	36	410	444	0.06	24.3
Seq7714_213_bp_-1_1_1	CAA74140.1	37.14	48	22	13	2	36	516	563	0.25	22.9
Seq7714_213_bp_-1_1_1	AAA45888.1	42.86	29	12	8	9	32	105	130	0.43	20.9
Seq7714_213_bp_-1_1_1	AAB64315.2	42.11	23	11	4	4	22	25	47	0.59	20.2
Seq7714_213_bp_-1_1_1	AAR37016.1	45.45	27	12	5	2	28	1572	1593	0.62	22.9
Seq7714_213_bp_-1_1_1	CAA45199.1	40.91	27	13	5	8	33	451	473	0.67	20.5
Seq7714_213_bp_-1_1_1	AAB26998.1	63.64	16	4	5	9	24	6	16	1.5	16.7
Seq7714_213_bp_-1_1_1	BAA32956.1	28.57	14	10	0	2	15	94	107	2	17.7
Seq7714_213_bp_-1_1_1	AAB03707.1	31.25	16	11	0	9	24	1339	1354	2.4	20.2
Seq7714_213_bp_-1_1_1	AAA32624.1	44.44	25	10	7	2	19	113	137	3	18.4
Seq7714_213_bp_-1_1_1	AAH69556.1	62.50	8	3	0	1	8	274	281	3.6	17.4
Seq7714_213_bp_-1_1_1	ABN10845.1	38.89	23	11	5	2	19	102	124	4.1	16.7
Seq7714_213_bp_-1_1_1	CAA11507.1	45.45	11	6	0	22	32	695	705	4.8	19.1
Seq7714_213_bp_-1_1_1	BAB79260.1	54.55	14	5	3	2	12	404	417	5.3	17.4
Seq7714_213_bp_-1_1_1	ABD49687.1	36.84	19	12	0	3	21	1135	1153	6	19.1
Seq7714_213_bp_-1_1_1	BAB17681.1	40.00	10	6	0	3	12	182	191	6.5	16.4
Seq7714_213_bp_-1_1_1	EDO47375.1	27.27	11	8	0	19	29	175	185	7.2	15.7
Seq7714_213_bp_-1_1_1	AAA36565.1	42.11	21	11	2	3	23	25	43	8	15.3
Seq7714_213_bp_-1_1_1	ABD33854.1	40.00	10	6	0	27	36	10	19	9.9	13.6
Seq7714_213_bp_-1_1_2	AAA45888.1	57.14	7	3	0	3	9	47	53	1.4	18.1
Seq7714_213_bp_-1_1_2	BAA32956.1	50.00	13	6	1	3	15	100	111	1.8	16.8
Seq7714_213_bp_-1_1_2	AAB26998.1	33.33	16	10	1	2	17	13	27	2.8	14.8
Seq7714_213_bp_-1_1_2	AEE27845.1	57.14	7	3	0	2	8	623	629	4.9	18.1
Seq7714_213_bp_-1_1_2	ABD33854.1	75.00	4	1	0	2	5	43	46	5.3	13.5
Seq7714_213_bp_-1_1_2	BAA32991.1	40.00	5	3	0	14	18	3	7	5.7	13.5
Seq7714_213_bp_-1_1_2	AAR37016.1	37.50	17	10	1	3	18	571	587	6.2	18.5
Seq7714_213_bp_-1_1_2	CAA26230.1	23.08	13	10	0	2	14	395	407	6.2	16.4
Seq7714_213_bp_-1_1_2	CAA45199.1	60.00	5	2	0	2	6	69	73	6.9	16.0
Seq7714_213_bp_-1_1_2	AAX12058.1	47.06	23	9	6	2	18	132	154	7.1	15.2
Seq7714_213_bp_-1_1_2	AAA32624.1	25.00	8	6	0	2	9	358	365	9.9	15.6
Seq7714_213_bp_-1_2_0	AAB26998.1	66.67	6	2	0	9	14	57	62	1.2	15.8
Seq7714_213_bp_-1_2_0	AAA25966.1	55.56	10	4	1	6	15	232	240	1.2	19.0
Seq7714_213_bp_-1_2_0	ACH70904.1	57.14	7	3	0	2	8	99	105	1.4	17.8
Seq7714_213_bp_-1_2_0	CAA26230.1	50.00	6	3	0	6	11	476	481	2.1	17.8
Seq7714_213_bp_-1_2_0	AAA32624.1	50.00	6	3	0	6	11	439	444	2.6	17.4
Seq7714_213_bp_-1_2_0	CAD53387.1	50.00	6	3	0	3	8	474	479	3.2	17.0
Seq7714_213_bp_-1_2_0	AAC78721.1	50.00	6	3	0	6	11	108	113	5.6	16.6
Seq7714_213_bp_-1_2_0	BAA32018.1	57.14	7	3	0	3	9	19	25	6.7	16.2
Seq7714_213_bp_-1_2_0	CAA43372.1	61.54	19	5	6	1	13	264	282	7.6	15.4
Seq7714_213_bp_-1_2_0	AAC08817.1	40.00	5	3	0	6	10	5	9	8.8	13.8
Seq7714_213_bp_-1_2_0	AAA42531.1	50.00	6	3	0	7	12	151	156	9.2	15.0
Seq7714_213_bp_-1_2_0	ABG75784.1	50.00	6	3	0	2	7	83	88	9.7	14.6
Seq7714_213_bp_-1_2_0	AAC17860.1	60.00	5	2	0	11	15	325	329	9.7	15.0
Seq7714_213_bp_-1_2_0	CAA04196.1	37.50	8	5	0	7	14	230	237	9.9	15.0
Seq7714_213_bp_-1_2_1	AEE27845.1	30.00	34	21	4	3	35	877	907	0.59	22.5
Seq7714_213_bp_-1_2_1	AAA42531.1	33.33	16	10	1	29	43	125	140	0.81	20.2
Seq7714_213_bp_-1_2_1	BAA32956.1	32.35	38	23	4	3	38	4	39	1.4	18.5
Seq7714_213_bp_-1_2_1	ABN10845.1	19.23	27	21	1	11	37	74	99	2.2	17.8
Seq7714_213_bp_-1_2_1	CAA45199.1	23.33	31	23	1	3	33	189	218	3.8	18.2
Seq7714_213_bp_-1_2_1	BAB79260.1	33.33	19	12	1	23	41	169	186	4.6	17.8
Seq7714_213_bp_-1_2_1	AAB96524.1	55.56	9	4	0	26	34	165	173	4.7	16.5
Seq7714_213_bp_-1_2_1	CAA04196.1	31.25	16	11	0	10	25	257	272	5.3	17.5
Seq7714_213_bp_-1_2_1	BAA32991.1	28.57	7	5	0	23	29	22	28	5.4	14.9
Seq7714_213_bp_-1_2_1	BAB17681.1	26.67	16	11	1	25	40	117	131	5.5	16.8
Seq7714_213_bp_-1_2_1	ACH70904.1	38.46	13	8	0	14	26	259	271	5.7	17.2
Seq7714_213_bp_-1_2_1	BAB70780.1	27.27	34	24	1	5	38	301	333	6.1	17.5
Seq7714_213_bp_-1_2_1	AAA36565.1	30.77	27	18	1	11	37	53	78	6.5	15.9
Seq7714_213_bp_-1_2_1	ABL74574.1	42.86	15	8	1	27	40	35	49	7.1	16.5
Seq7714_213_bp_-1_2_1	AAA65607.1	23.53	17	13	0	11	27	298	314	8.9	16.5
Seq7714_213_bp_-1_2_2	AAR31603.1	62.50	8	3	0	3	10	172	179	0.045	22.0
Seq7714_213_bp_-1_2_2	EDO47375.1	100.00	5	0	0	5	9	112	116	0.28	18.6
Seq7714_213_bp_-1_2_2	AAA24142.1	42.86	7	4	0	3	9	74	80	1.5	17.4
Seq7714_213_bp_-1_2_2	ABN10845.1	37.50	8	5	0	1	8	210	217	3.4	15.1
Seq7714_213_bp_-1_2_2	AAA32376.1	66.67	6	2	0	5	10	111	116	4	14.5
Seq7714_213_bp_-1_2_2	AAA26915.1	55.56	9	4	0	1	9	400	408	4.9	15.7
Seq7714_213_bp_-1_2_2	CAA73529.1	37.50	8	5	0	3	10	27	34	6.2	14.5
Seq7714_213_bp_-1_2_2	AAX12058.1	50.00	6	3	0	3	8	240	245	6.2	14.5
Seq7714_213_bp_-1_2_2	BAB79260.1	60.00	5	2	0	5	9	205	209	6.9	15.1
Seq7714_213_bp_-1_2_2	ABG75784.1	37.50	8	5	0	3	10	293	300	7.1	14.5
Seq7714_213_bp_-1_2_2	BAA32956.1	37.50	8	5	0	2	9	110	117	7.1	14.0
Seq7714_213_bp_-1_2_2	CAA45199.1	62.50	8	3	0	2	9	395	402	7.2	15.1
