Seq7345_272_bp_1_0_0	AAA42531.1	98.89	90	1	0	1	90	301	390	8.7e-41	154.0
Seq7345_272_bp_1_0_0	AAC97205.1	34.48	66	38	8	6	64	477	541	0.68	23.2
Seq7345_272_bp_1_0_0	AAR31603.1	29.73	39	26	2	41	79	56	92	0.71	21.2
Seq7345_272_bp_1_0_0	ABK71357.1	27.71	99	60	16	4	88	27	123	0.94	21.0
Seq7345_272_bp_1_0_0	AAI27517.1	28.26	49	33	3	39	87	546	591	2	20.5
Seq7345_272_bp_1_0_0	CAA45199.1	33.33	75	44	9	6	73	172	244	2.2	20.1
Seq7345_272_bp_1_0_0	AAR37016.1	23.53	74	52	6	15	83	577	649	2.7	22.1
Seq7345_272_bp_1_0_0	ABD33854.1	14.00	53	43	3	8	57	5	57	2.9	16.8
Seq7345_272_bp_1_0_0	BAB70780.1	26.03	83	54	10	2	80	269	345	3.5	19.4
Seq7345_272_bp_1_0_0	AII71783.1	24.56	59	43	2	20	76	233	291	3.5	18.8
Seq7345_272_bp_1_0_0	ABS38337.1	26.32	59	42	2	6	62	791	849	3.7	20.7
Seq7345_272_bp_1_0_0	BAE97662.1	37.68	79	43	10	14	90	869	939	3.8	20.5
Seq7345_272_bp_1_0_0	ABL74574.1	21.69	91	65	8	6	90	115	203	5.1	18.1
Seq7345_272_bp_1_0_0	CAA43372.1	25.61	101	61	19	2	88	144	239	6.2	18.3
Seq7345_272_bp_1_0_0	ABG75784.1	25.35	84	53	13	9	90	103	175	6.3	17.9
Seq7345_272_bp_1_0_0	AAB64315.2	32.79	81	41	20	8	80	49	117	7.7	17.7
Seq7345_272_bp_1_0_0	AAA24142.1	25.00	61	45	1	22	81	279	339	7.8	18.1
Seq7345_272_bp_1_0_0	CAA04196.1	22.81	58	44	1	8	64	6	63	8.3	17.9
Seq7345_272_bp_1_0_0	ACH70904.1	30.43	50	32	4	43	90	231	278	8.3	17.7
Seq7345_272_bp_1_0_0	ACT10338.1	26.87	78	49	11	11	79	20	95	9	17.7
Seq7345_272_bp_1_0_0	AAA25966.1	26.03	80	54	7	2	77	565	641	9.1	18.5
Seq7345_272_bp_1_0_0	AAA72732.1	29.55	50	31	6	31	80	96	139	9.7	17.2
Seq7345_272_bp_1_0_0	CAA73529.1	38.64	51	27	7	7	53	224	271	9.9	17.0
Seq7345_272_bp_1_1_0	BAA32956.1	23.21	67	43	11	3	69	81	136	0.044	24.3
Seq7345_272_bp_1_1_0	ABD33854.1	32.56	50	29	7	33	75	5	54	0.2	20.4
Seq7345_272_bp_1_1_0	AAB96524.1	23.29	80	56	7	1	75	100	177	0.91	19.8
Seq7345_272_bp_1_1_0	AAR31603.1	29.51	72	43	11	3	68	57	123	1	20.4
Seq7345_272_bp_1_1_0	AAA26915.1	30.99	82	49	11	3	76	367	445	1	20.9
Seq7345_272_bp_1_1_0	AAB64315.2	34.15	54	27	13	11	55	26	75	3	18.8
Seq7345_272_bp_1_1_0	AAA42531.1	46.43	35	15	7	19	46	57	91	3	19.1
Seq7345_272_bp_1_1_0	AAB26998.1	19.61	52	41	1	20	71	1	51	4	16.3
Seq7345_272_bp_1_1_0	AAC78721.1	21.43	58	44	2	13	68	106	163	4.4	19.3
Seq7345_272_bp_1_1_0	AAA25966.1	25.00	63	42	7	8	63	122	184	4.7	19.3
Seq7345_272_bp_1_1_0	CAA26230.1	29.82	77	40	20	2	68	331	397	5.8	18.6
Seq7345_272_bp_1_1_0	CAA73529.1	24.56	69	43	12	4	60	205	273	6.2	17.5
Seq7345_272_bp_1_1_0	AAA32624.1	31.25	16	11	0	9	24	510	525	6.3	18.4
Seq7345_272_bp_1_1_0	ACT10338.1	36.11	40	23	4	2	41	293	328	6.4	17.9
Seq7345_272_bp_1_1_0	ABN10845.1	25.42	70	44	11	8	74	54	115	6.7	17.0
Seq7345_272_bp_1_1_0	AEE27845.1	23.64	60	42	5	18	72	854	913	7.6	19.5
Seq7345_272_bp_1_1_0	BAA32991.1	25.58	49	32	6	7	55	27	69	8.6	15.0
Seq7345_272_bp_1_1_0	CAA43372.1	33.33	55	28	13	10	55	13	63	9.1	17.5
Seq7345_272_bp_1_1_0	ABD49687.1	25.00	73	39	21	8	72	35	94	9.1	19.5
Seq7345_272_bp_1_1_0	AAX12058.1	33.33	34	20	4	15	48	133	162	9.6	16.8
Seq7345_272_bp_1_1_1	ABN10845.1	83.33	8	1	2	3	10	108	113	0.3	19.1
Seq7345_272_bp_1_1_1	ABN10845.1	50.00	6	3	0	1	6	52	57	0.63	18.0
Seq7345_272_bp_1_1_1	AAR31603.1	40.00	10	6	0	1	10	80	89	2.6	16.5
Seq7345_272_bp_1_1_1	AAA24142.1	62.50	8	3	0	6	13	302	309	2.7	16.9
Seq7345_272_bp_1_1_1	AAA25966.1	30.00	10	7	0	1	10	306	315	4.3	16.9
Seq7345_272_bp_1_1_1	AAA23282.1	66.67	6	2	0	6	11	561	566	4.4	16.5
Seq7345_272_bp_1_1_1	CAA26230.1	50.00	4	2	0	3	6	393	396	5.5	16.1
Seq7345_272_bp_1_1_1	AAQ92751.2	66.67	7	2	1	4	10	546	551	6.3	17.2
Seq7345_272_bp_1_1_1	AAA32624.1	50.00	4	2	0	3	6	356	359	6.5	15.8
Seq7345_272_bp_1_2_0	AAR31603.1	50.00	14	6	2	4	15	117	130	1.6	17.5
Seq7345_272_bp_1_2_0	BAB17681.1	71.43	7	2	0	7	13	269	275	1.8	17.0
Seq7345_272_bp_1_2_0	AEE27845.1	62.50	8	3	0	6	13	511	518	2.7	18.8
Seq7345_272_bp_1_2_0	AIR13712.1	28.57	14	10	0	2	15	215	228	2.8	16.6
Seq7345_272_bp_1_2_0	ABD49687.1	83.33	6	1	0	10	15	243	248	4.3	18.3
Seq7345_272_bp_1_2_0	CAA11507.1	41.67	12	7	0	2	13	682	693	4.7	17.9
Seq7345_272_bp_1_2_0	CAA43372.1	40.00	10	6	0	4	13	252	261	4.7	16.1
Seq7345_272_bp_1_2_0	AAA24142.1	50.00	10	5	0	5	14	432	441	5.1	16.1
Seq7345_272_bp_1_2_0	AAA26915.1	70.00	14	3	4	1	14	109	118	5.3	16.1
Seq7345_272_bp_1_2_0	AAC78721.1	50.00	12	6	0	2	13	225	236	7.5	16.1
Seq7345_272_bp_1_2_0	ABS38337.1	41.67	12	7	0	3	14	50	61	7.8	17.0
Seq7345_272_bp_1_2_0	BAA32991.1	27.27	11	8	0	4	14	7	17	8.4	12.7
Seq7345_272_bp_1_2_0	ACH70904.1	40.00	10	6	0	3	12	227	236	9.7	14.8
Seq7345_272_bp_1_2_1	AAA32376.1	45.45	11	6	0	3	13	70	80	2.6	15.8
Seq7345_272_bp_1_2_1	CAA26230.1	28.57	14	10	0	2	15	42	55	4.7	16.7
Seq7345_272_bp_1_2_1	AAA65607.1	30.77	13	9	0	3	15	53	65	5.4	15.8
Seq7345_272_bp_1_2_1	AAA72732.1	35.71	14	9	0	3	16	198	211	6.1	15.4
Seq7345_272_bp_1_2_1	AAA24969.1	30.77	13	9	0	3	15	1265	1277	7	17.5
Seq7345_272_bp_1_2_1	CAA74140.1	35.71	14	9	0	2	15	152	165	7.6	16.7
Seq7345_272_bp_1_2_1	EDO47375.1	50.00	10	5	0	6	15	102	111	8.6	14.2
Seq7345_272_bp_1_2_1	CAA45199.1	42.86	15	8	1	1	15	154	167	9	15.4
Seq7345_272_bp_1_2_2	AAH69556.1	52.63	19	9	0	35	53	261	279	0.45	21.0
Seq7345_272_bp_1_2_2	AIR13712.1	51.85	34	13	7	14	47	137	163	1.1	19.8
Seq7345_272_bp_1_2_2	BAA32991.1	31.03	31	20	2	4	32	17	47	1.2	17.4
Seq7345_272_bp_1_2_2	AAR37016.1	21.28	49	37	2	5	52	267	314	2.5	21.5
Seq7345_272_bp_1_2_2	CAD53387.1	36.67	30	19	0	23	52	67	96	2.7	19.1
Seq7345_272_bp_1_2_2	AAC78721.1	28.26	56	33	10	2	53	65	114	3.1	19.3
Seq7345_272_bp_1_2_2	BAB70780.1	34.48	31	19	2	18	48	306	334	5.8	17.9
Seq7345_272_bp_1_2_2	CAA74140.1	30.00	56	35	6	1	53	743	795	5.8	18.9
Seq7345_272_bp_1_2_2	EDO47375.1	34.62	28	17	2	1	26	149	176	6	16.5
Seq7345_272_bp_1_2_2	ABD33854.1	35.00	27	13	7	6	26	36	61	6.3	14.8
Seq7345_272_bp_1_2_2	AAI27517.1	43.75	40	18	8	11	50	444	475	6.9	17.9
Seq7345_272_bp_1_2_2	AAB26998.1	44.44	24	10	6	15	36	47	66	7.7	14.8
Seq7345_272_bp_-1_0_0	CAA11507.1	33.33	31	20	1	24	54	580	609	1.6	21.4
Seq7345_272_bp_-1_0_0	AAA18786.1	26.32	40	28	2	4	43	61	98	4.5	17.4
Seq7345_272_bp_-1_0_0	AAC17860.1	26.42	59	39	6	3	55	134	192	5.8	17.7
Seq7345_272_bp_-1_0_0	ABD33854.1	34.78	24	15	1	25	47	35	58	6.8	14.8
Seq7345_272_bp_-1_0_0	AAQ92751.2	35.71	29	18	1	10	38	1130	1157	7	19.2
Seq7345_272_bp_-1_0_0	CAA45199.1	35.71	29	18	1	15	43	52	79	7.8	17.4
Seq7345_272_bp_-1_0_1	ACH70904.1	54.55	31	10	9	2	26	109	136	1.6	18.4
Seq7345_272_bp_-1_0_1	AAA65607.1	41.18	21	10	4	11	27	327	347	2.6	17.7
Seq7345_272_bp_-1_0_1	CAA73529.1	31.58	21	13	2	7	25	126	146	6.1	16.0
Seq7345_272_bp_-1_0_1	AAI27517.1	52.38	24	10	3	3	24	272	294	8.1	16.7
Seq7345_272_bp_-1_0_1	AAR31603.1	31.25	16	11	0	2	17	230	245	9	15.7
Seq7345_272_bp_-1_0_1	AAB64315.2	41.67	12	7	0	16	27	18	29	9	15.7
Seq7345_272_bp_-1_0_1	ABD49687.1	53.85	14	6	1	5	18	827	839	9.1	18.0
Seq7345_272_bp_-1_0_1	AAB03707.1	43.75	16	9	0	5	20	375	390	9.2	17.7
Seq7345_272_bp_-1_0_1	AAA32376.1	31.58	20	13	1	9	27	3	22	9.5	14.7
Seq7345_272_bp_-1_0_1	AAA25966.1	41.18	17	10	0	5	21	569	585	9.7	16.7
Seq7345_272_bp_-1_0_1	ABL74574.1	29.17	25	17	1	4	27	252	276	9.9	15.3
Seq7345_272_bp_-1_1_0	AAA25966.1	40.00	63	30	13	3	57	637	694	0.59	21.9
Seq7345_272_bp_-1_1_0	BAA32956.1	28.30	55	38	2	1	53	88	142	0.69	19.9
Seq7345_272_bp_-1_1_0	AAR37016.1	26.47	34	25	0	18	51	473	506	0.8	23.2
Seq7345_272_bp_-1_1_0	CAA04196.1	58.33	13	5	1	27	39	38	49	0.81	20.7
Seq7345_272_bp_-1_1_0	AAA23282.1	27.66	48	34	1	3	49	471	518	1.1	20.7
Seq7345_272_bp_-1_1_0	ABD49687.1	41.38	34	17	5	3	31	728	761	1.2	22.2
Seq7345_272_bp_-1_1_0	AAX12058.1	38.89	19	11	1	35	53	125	142	2.1	18.7
Seq7345_272_bp_-1_1_0	CAD53387.1	31.43	37	24	2	7	41	62	98	2.3	19.4
Seq7345_272_bp_-1_1_0	ACH70904.1	35.56	58	29	13	2	54	257	306	2.8	18.7
Seq7345_272_bp_-1_1_0	AAC97205.1	37.50	28	15	4	7	30	563	590	4.7	19.7
Seq7345_272_bp_-1_1_0	ABK71357.1	39.13	27	14	4	4	28	44	68	4.8	17.9
Seq7345_272_bp_-1_1_0	AAB26998.1	35.71	34	18	6	23	51	29	61	6.7	15.1
Seq7345_272_bp_-1_1_0	AAA45888.1	42.86	14	8	0	44	57	165	178	6.8	17.4
Seq7345_272_bp_-1_1_0	BAB79260.1	35.00	20	13	0	35	54	386	405	8	17.4
Seq7345_272_bp_-1_1_0	CAA45199.1	23.40	52	36	5	8	56	152	201	8.3	17.4
Seq7345_272_bp_-1_1_0	AAA72732.1	42.11	21	11	2	26	44	279	299	9.1	16.6
Seq7345_272_bp_-1_1_0	AAA24142.1	30.95	47	29	5	2	48	410	451	9.3	17.2
Seq7345_272_bp_-1_1_0	AAR31603.1	29.41	17	12	0	18	34	75	91	9.6	16.6
Seq7345_272_bp_-1_1_0	CAA26230.1	30.43	52	32	6	1	51	353	399	9.7	17.4
Seq7345_272_bp_-1_1_1	AAC08817.1	40.00	15	9	0	1	15	13	27	2.8	15.7
Seq7345_272_bp_-1_1_1	AAR31603.1	50.00	12	6	0	1	12	230	241	2.9	16.6
Seq7345_272_bp_-1_1_1	ABS38337.1	42.86	14	8	0	2	15	836	849	3	18.5
Seq7345_272_bp_-1_1_1	AAB03707.1	45.45	11	6	0	4	14	1030	1040	3.3	18.5
Seq7345_272_bp_-1_1_1	AAA24142.1	37.50	16	10	0	1	16	135	150	4	16.6
Seq7345_272_bp_-1_1_1	EDO47375.1	26.67	15	11	0	2	16	99	113	4.5	15.2
Seq7345_272_bp_-1_1_1	ACT10338.1	43.75	17	9	1	1	16	173	189	4.7	16.1
Seq7345_272_bp_-1_1_1	CAA74140.1	25.00	12	9	0	4	15	122	133	5.8	17.1
Seq7345_272_bp_-1_1_1	AAC78721.1	45.45	11	6	0	4	14	666	676	8	16.1
Seq7345_272_bp_-1_1_1	AAQ92751.2	54.55	11	5	0	5	15	358	368	8.4	17.1
Seq7345_272_bp_-1_1_1	AAA42531.1	33.33	12	8	0	2	13	19	30	8.8	15.2
Seq7345_272_bp_-1_1_1	ABG75784.1	31.25	16	11	0	1	16	53	68	9.8	14.7
Seq7345_272_bp_-1_1_2	AAB64315.2	53.33	22	7	7	1	15	199	220	0.43	19.3
Seq7345_272_bp_-1_1_2	AAB26998.1	66.67	6	2	0	6	11	56	61	0.59	16.8
Seq7345_272_bp_-1_1_2	AAX84812.1	40.00	10	6	0	1	10	98	107	1.3	17.2
Seq7345_272_bp_-1_1_2	AAA23282.1	61.54	14	5	1	2	15	312	324	2.4	17.6
Seq7345_272_bp_-1_1_2	AAH69556.1	27.27	11	8	0	1	11	245	255	3	16.4
Seq7345_272_bp_-1_1_2	AAA32624.1	50.00	8	4	0	3	10	449	456	3.8	16.8
Seq7345_272_bp_-1_1_2	BAB70780.1	60.00	5	2	0	9	13	301	305	4.7	16.4
Seq7345_272_bp_-1_1_2	ABK71357.1	46.15	15	7	2	1	15	275	287	4.8	16.0
Seq7345_272_bp_-1_1_2	ABS38337.1	50.00	12	6	0	4	15	324	335	6.8	17.2
Seq7345_272_bp_-1_1_2	AAA32376.1	38.46	13	8	0	1	13	7	19	9.2	13.9
Seq7345_272_bp_-1_2_0	CAA73529.1	50.00	12	6	0	1	12	125	136	1.3	17.2
Seq7345_272_bp_-1_2_0	ABD49687.1	45.45	11	6	0	1	11	1281	1291	3.4	18.5
Seq7345_272_bp_-1_2_0	AAA42531.1	45.45	11	6	0	1	11	292	302	4.5	15.9
Seq7345_272_bp_-1_2_0	AAA72732.1	62.50	8	3	0	3	10	46	53	4.9	15.5
Seq7345_272_bp_-1_2_0	CAA74140.1	57.14	7	3	0	6	12	209	215	5.9	16.8
Seq7345_272_bp_-1_2_0	AAA32376.1	44.44	9	5	0	2	10	123	131	6.5	14.2
Seq7345_272_bp_-1_2_0	AAX84812.1	45.45	11	6	0	2	12	204	214	8.6	14.2
Seq7345_272_bp_-1_2_1	AAA42531.1	30.30	33	23	0	1	33	348	380	0.64	20.8
Seq7345_272_bp_-1_2_1	BAA32956.1	21.62	38	29	1	4	41	12	48	1.2	18.9
Seq7345_272_bp_-1_2_1	AAR31603.1	42.11	20	11	1	3	21	63	82	2.2	18.7
Seq7345_272_bp_-1_2_1	AAA18786.1	47.37	20	10	1	16	35	84	102	2.6	18.2
Seq7345_272_bp_-1_2_1	ABD33854.1	41.67	12	7	0	6	17	53	64	2.6	16.1
Seq7345_272_bp_-1_2_1	AAB64315.2	20.45	48	35	4	2	46	25	71	3.2	18.2
Seq7345_272_bp_-1_2_1	AAA24142.1	27.50	42	29	2	1	41	283	323	4.3	18.2
Seq7345_272_bp_-1_2_1	AAA25966.1	27.78	38	26	2	10	47	70	105	5.7	18.4
Seq7345_272_bp_-1_2_1	CAA04196.1	32.35	42	23	8	3	44	259	292	9.4	16.9
Seq7345_272_bp_-1_2_2	ABN10845.1	42.86	23	12	2	3	23	70	92	0.25	20.2
Seq7345_272_bp_-1_2_2	AAA65607.1	44.44	19	10	1	1	19	194	211	0.66	19.5
Seq7345_272_bp_-1_2_2	ACH70904.1	31.82	23	15	1	1	22	292	314	0.82	19.2
Seq7345_272_bp_-1_2_2	AAA25966.1	33.33	21	14	0	1	21	606	626	2.6	18.5
Seq7345_272_bp_-1_2_2	AAR37016.1	36.36	23	14	1	1	22	1462	1484	4.1	19.5
Seq7345_272_bp_-1_2_2	AAC97205.1	47.06	24	9	7	1	24	1037	1053	4.3	18.5
Seq7345_272_bp_-1_2_2	AAA18786.1	80.00	5	1	0	2	6	261	265	5.8	15.9
Seq7345_272_bp_-1_2_2	AAB03707.1	52.94	21	8	4	1	17	1363	1383	7.4	17.9
Seq7345_272_bp_-1_2_2	BAB17681.1	27.78	20	13	2	3	22	20	37	9.1	15.2
