Seq1409_50_bp_1_0_0	AAI27517.1	50.00	10	5	0	4	13	539	548	1.6	18.1
Seq1409_50_bp_1_0_0	CAA45199.1	60.00	5	2	0	4	8	410	414	2.9	16.9
Seq1409_50_bp_1_0_0	ACH70904.1	50.00	8	4	0	3	10	294	301	4.9	15.7
Seq1409_50_bp_1_0_0	ABD49687.1	50.00	10	5	0	4	13	1210	1219	6.6	17.5
Seq1409_50_bp_1_0_0	AAC78721.1	66.67	6	2	0	5	10	638	643	8.9	15.7
Seq1409_50_bp_1_0_0	AAA72732.1	66.67	6	2	0	5	10	225	230	9.4	14.5
Seq1409_50_bp_1_1_0	ACT10338.1	75.00	8	2	0	4	11	307	314	0.035	23.3
Seq1409_50_bp_1_1_0	AAA45888.1	60.00	10	4	0	3	12	375	384	0.26	20.4
Seq1409_50_bp_1_1_0	ABK71357.1	83.33	6	1	0	2	7	298	303	0.37	19.8
Seq1409_50_bp_1_1_0	AAA18786.1	58.33	13	5	1	2	13	78	90	0.88	18.1
Seq1409_50_bp_1_1_0	AAA72732.1	54.55	11	5	0	5	15	56	66	1	18.1
Seq1409_50_bp_1_1_0	ABD49687.1	62.50	8	3	0	2	9	147	154	1.1	20.4
Seq1409_50_bp_1_1_0	CAA45199.1	71.43	7	2	0	1	7	43	49	1.6	18.1
Seq1409_50_bp_1_1_0	AAA32376.1	62.50	8	3	0	1	8	59	66	1.9	16.3
Seq1409_50_bp_1_1_0	AAC97205.1	54.55	11	5	0	4	14	613	623	2.7	18.6
Seq1409_50_bp_1_1_0	AAQ92751.2	50.00	12	6	0	5	16	817	828	3	18.6
Seq1409_50_bp_1_1_0	CAA74140.1	66.67	6	2	0	2	7	920	925	4.5	17.5
Seq1409_50_bp_1_1_0	AAA42531.1	45.45	11	6	0	6	16	232	242	6.1	15.8
Seq1409_50_bp_1_1_0	CAA04196.1	46.15	13	7	0	4	16	382	394	6.5	15.8
Seq1409_50_bp_1_1_0	AIR13712.1	54.55	11	5	0	5	15	156	166	7.6	15.2
Seq1409_50_bp_1_1_0	AAC08817.1	42.86	7	4	0	10	16	104	110	8.3	14.0
Seq1409_50_bp_1_2_0	AAH69556.1	93.75	16	1	0	1	16	10	25	1.5e-10	50.7
Seq1409_50_bp_1_2_0	AAA42531.1	40.00	15	9	0	1	15	357	371	1.3	18.0
Seq1409_50_bp_1_2_0	AEE27845.1	33.33	15	10	0	2	16	1269	1283	3	18.7
Seq1409_50_bp_1_2_0	CAA74140.1	40.00	15	9	0	1	15	269	283	4.8	17.4
Seq1409_50_bp_1_2_0	AAC97205.1	71.43	7	2	0	10	16	774	780	6.3	17.4
Seq1409_50_bp_1_2_0	AAA32624.1	40.00	10	6	0	3	12	135	144	6.5	16.1
Seq1409_50_bp_1_2_0	CAA11507.1	75.00	8	2	0	8	15	45	52	6.9	17.4
Seq1409_50_bp_1_2_0	BAA32018.1	35.71	14	9	0	3	16	398	411	7.7	16.1
Seq1409_50_bp_1_2_0	BAB17681.1	36.36	11	7	0	3	13	57	67	8.1	14.8
Seq1409_50_bp_1_2_0	EDO47375.1	50.00	6	3	0	6	11	105	110	8.7	14.2
Seq1409_50_bp_1_2_0	AIR13712.1	55.56	9	4	0	7	15	62	70	9.6	14.8
Seq1409_50_bp_-1_1_0	AAA23282.1	37.50	8	5	0	4	11	564	571	1.2	18.7
Seq1409_50_bp_-1_1_0	AAA36565.1	42.86	7	4	0	8	14	69	75	2.8	15.7
Seq1409_50_bp_-1_1_0	CAA74140.1	50.00	14	7	0	1	14	142	155	2.9	18.1
Seq1409_50_bp_-1_1_0	AAC97205.1	40.00	10	6	0	1	10	550	559	3.8	18.1
Seq1409_50_bp_-1_1_0	ACT10338.1	55.56	9	4	0	2	10	111	119	4.2	16.3
Seq1409_50_bp_-1_1_0	AAA32376.1	66.67	6	2	0	3	8	139	144	4.3	15.1
Seq1409_50_bp_-1_1_0	AAC17860.1	83.33	6	1	0	2	7	20	25	4.4	16.3
Seq1409_50_bp_-1_1_0	CAA45199.1	62.50	8	3	0	2	9	55	62	5.1	16.3
Seq1409_50_bp_-1_1_0	BAA32991.1	100.00	3	0	0	8	10	26	28	6	13.3
Seq1409_50_bp_-1_1_0	AAR37016.1	33.33	12	8	0	3	14	954	965	7.1	18.1
Seq1409_50_bp_-1_1_0	ABS38337.1	40.00	10	6	0	4	13	1285	1294	8.8	16.9
Seq1409_50_bp_-1_1_0	CAA26230.1	44.44	9	5	0	2	10	227	235	8.8	15.7
Seq1409_50_bp_-1_1_0	ABK71357.1	40.00	5	3	0	8	12	196	200	8.9	15.1
Seq1409_50_bp_-1_1_0	CAA43372.1	35.71	15	9	1	1	14	27	41	9.8	15.1
Seq1409_50_bp_-1_1_0	BAB17681.1	42.86	7	4	0	6	12	183	189	9.9	14.5
Seq1409_50_bp_-1_2_0	CAD53387.1	75.00	8	2	0	8	15	12	19	0.1	22.1
Seq1409_50_bp_-1_2_0	CAD53387.1	75.00	8	2	0	8	15	78	85	0.1	22.1
Seq1409_50_bp_-1_2_0	CAD53387.1	75.00	8	2	0	8	15	144	151	0.1	22.1
Seq1409_50_bp_-1_2_0	CAD53387.1	75.00	8	2	0	8	15	210	217	0.1	22.1
Seq1409_50_bp_-1_2_0	CAD53387.1	75.00	8	2	0	8	15	276	283	0.1	22.1
Seq1409_50_bp_-1_2_0	CAD53387.1	75.00	8	2	0	8	15	342	349	0.1	22.1
Seq1409_50_bp_-1_2_0	CAD53387.1	75.00	8	2	0	8	15	408	415	0.1	22.1
Seq1409_50_bp_-1_2_0	AAA24969.1	46.67	15	8	0	1	15	1469	1483	1.1	20.3
Seq1409_50_bp_-1_2_0	ACH70904.1	66.67	9	3	0	8	16	69	77	2	17.3
Seq1409_50_bp_-1_2_0	AAA45888.1	100.00	4	0	0	10	13	8	11	2.1	17.3
Seq1409_50_bp_-1_2_0	AAA25966.1	62.50	8	3	0	8	15	189	196	2.6	17.9
Seq1409_50_bp_-1_2_0	AAC17860.1	30.77	13	9	0	4	16	366	378	5	16.1
Seq1409_50_bp_-1_2_0	BAA32018.1	71.43	7	2	0	6	12	424	430	5.1	16.7
Seq1409_50_bp_-1_2_0	BAB79260.1	54.55	11	5	0	3	13	142	152	5.5	16.1
Seq1409_50_bp_-1_2_0	ABK71357.1	42.86	14	8	0	3	16	106	119	6.7	15.5
Seq1409_50_bp_-1_2_0	AAA42531.1	62.50	8	3	0	3	10	292	299	7	15.5
Seq1409_50_bp_-1_2_0	AAA32376.1	80.00	5	1	0	10	14	5	9	7.1	14.4
Seq1409_50_bp_-1_2_0	CAA45199.1	36.36	11	7	0	2	12	142	152	8.4	15.5
Seq1409_50_bp_-1_2_0	BAB70780.1	71.43	7	2	0	6	12	329	335	8.6	15.5
Seq1409_50_bp_-1_2_0	AIR13712.1	46.15	13	7	0	3	15	176	188	8.8	15.0
Seq1409_50_bp_-1_2_0	AAR31603.1	55.56	9	4	0	6	14	275	283	8.8	15.0
