Seq10043_400_bp_1_0_0	ENA|CAA28033|CAA28033.1	46.15	26	14	0	4	29	1001	1026	0.014	27.7
Seq10043_400_bp_1_0_0	ENA|BAA32956|BAA32956.1	36.84	19	12	0	17	35	149	167	0.16	21.6
Seq10043_400_bp_1_0_0	ENA|AAC08817|AAC08817.1	27.27	22	16	0	10	31	65	86	0.25	20.4
Seq10043_400_bp_1_0_0	ENA|AAI27517|AAI27517.1	42.86	14	8	0	24	37	403	416	2	19.3
Seq10043_400_bp_1_0_0	ENA|AAR37016|AAR37016.1	38.10	21	13	0	20	40	227	247	2.5	21.0
Seq10043_400_bp_1_0_0	ENA|AAC49865|AAC49865.1	40.00	15	9	0	16	30	77	91	5.1	17.1
Seq10043_400_bp_1_0_0	ENA|CAL82360|CAL82360.1	40.00	15	9	0	26	40	949	963	6.2	18.8
Seq10043_400_bp_1_0_0	ENA|AAF79734|AAF79734.1	40.00	15	9	0	8	22	42	56	7	18.8
Seq10043_400_bp_1_0_0	ENA|CAA45708|CAA45708.1	46.67	15	8	0	25	39	716	730	7.3	18.8
Seq10043_400_bp_1_0_0	ENA|AAA36114|AAA36114.1	41.67	12	7	0	8	19	473	484	7.7	17.1
Seq10043_400_bp_1_0_0	ENA|AAB66912|AAB66912.1	50.00	12	6	0	3	14	34	45	9.5	17.7
Seq10043_400_bp_1_0_1	ENA|CAA29968|CAA29968.1	54.55	11	5	0	6	16	102	112	0.015	23.7
Seq10043_400_bp_1_0_1	ENA|AAA24145|AAA24145.1	44.44	9	5	0	3	11	167	175	0.27	20.8
Seq10043_400_bp_1_0_1	ENA|AAC49865|AAC49865.1	66.67	6	2	0	6	11	64	69	0.43	19.7
Seq10043_400_bp_1_0_1	ENA|CAA73529|CAA73529.1	71.43	7	2	0	3	9	157	163	1.2	17.9
Seq10043_400_bp_1_0_1	ENA|AAC97205|AAC97205.1	50.00	12	6	0	5	16	157	168	1.6	19.7
Seq10043_400_bp_1_0_1	ENA|AAA42531|AAA42531.1	62.50	8	3	0	12	19	11	18	1.7	17.9
Seq10043_400_bp_1_0_1	ENA|AAB96524|AAB96524.1	57.14	7	3	0	3	9	15	21	1.8	16.8
Seq10043_400_bp_1_0_1	ENA|AAB26998|AAB26998.1	33.33	9	6	0	3	11	19	27	3.6	14.5
Seq10043_400_bp_1_0_1	ENA|AAR31603|AAR31603.1	38.46	13	8	0	3	15	268	280	4.5	16.2
Seq10043_400_bp_1_0_1	ENA|AAA36114|AAA36114.1	30.77	13	9	0	5	17	133	145	4.7	16.8
Seq10043_400_bp_1_0_1	ENA|ACT10338|ACT10338.1	50.00	12	5	2	2	11	121	132	5.3	16.2
Seq10043_400_bp_1_0_1	ENA|AAA18786|AAA18786.1	70.00	12	3	2	8	19	260	269	5.5	15.6
Seq10043_400_bp_1_0_1	ENA|CAA36714|CAA36714.1	37.50	8	5	0	9	16	407	414	6.4	16.2
Seq10043_400_bp_1_0_1	ENA|CAA11507|CAA11507.1	38.46	13	8	0	2	14	1148	1160	8.2	17.4
Seq10043_400_bp_1_0_1	ENA|AAR37016|AAR37016.1	35.71	14	9	0	5	18	1744	1757	9.4	17.9
Seq10043_400_bp_1_0_2	ENA|AAB66912|AAB66912.1	66.67	6	2	0	7	12	84	89	0.91	19.4
Seq10043_400_bp_1_0_2	ENA|CAA36214|CAA36214.1	55.56	9	4	0	2	10	5	13	1.2	17.4
Seq10043_400_bp_1_0_2	ENA|AAI27517|AAI27517.1	40.00	10	6	0	1	10	60	69	1.5	18.0
Seq10043_400_bp_1_0_2	ENA|CAA43419|CAA43419.1	55.56	9	4	0	2	10	182	190	2.4	16.7
Seq10043_400_bp_1_0_2	ENA|ABK71357|ABK71357.1	100.00	4	0	0	6	9	147	150	2.4	16.7
Seq10043_400_bp_1_0_2	ENA|BAB79260|BAB79260.1	100.00	4	0	0	9	12	236	239	4.6	16.0
Seq10043_400_bp_1_0_2	ENA|BAA05866|BAA05866.1	80.00	5	1	0	5	9	213	217	5	15.3
Seq10043_400_bp_1_0_2	ENA|AAA72732|AAA72732.1	50.00	10	5	0	3	12	301	310	5.1	15.3
Seq10043_400_bp_1_0_2	ENA|BAA32956|BAA32956.1	66.67	6	2	0	2	7	62	67	5.5	14.6
Seq10043_400_bp_1_0_2	ENA|ACH70901|ACH70901.1	71.43	7	2	0	4	10	156	162	5.8	15.3
Seq10043_400_bp_1_0_2	ENA|CAA73529|CAA73529.1	60.00	5	2	0	7	11	35	39	7.1	14.6
Seq10043_400_bp_1_0_2	ENA|AAC40132|AAC40132.1	57.14	7	3	0	5	11	471	477	7.6	15.3
Seq10043_400_bp_1_0_2	ENA|AAA32624|AAA32624.1	50.00	8	4	0	1	8	99	106	8.3	15.3
Seq10043_400_bp_1_0_3	ENA|EDO47375|EDO47375.1	22.22	27	21	0	3	29	17	43	1	18.7
Seq10043_400_bp_1_0_3	ENA|CCP43727|CCP43727.1	40.00	15	9	0	1	15	10	24	2.6	18.2
Seq10043_400_bp_1_0_3	ENA|BAB79260|BAB79260.1	36.36	22	14	0	16	37	379	400	3.5	18.2
Seq10043_400_bp_1_0_3	ENA|CAA26023|CAA26023.1	71.43	7	2	0	12	18	364	370	4.4	17.6
Seq10043_400_bp_1_0_3	ENA|AAA32624|AAA32624.1	60.00	10	4	0	8	17	264	273	5.9	17.6
Seq10043_400_bp_1_0_3	ENA|ACH70901|ACH70901.1	47.37	21	10	2	7	27	34	52	5.9	17.0
Seq10043_400_bp_1_0_3	ENA|CAL82360|CAL82360.1	35.29	17	11	0	20	36	308	324	6.6	18.7
Seq10043_400_bp_1_0_3	ENA|AAC17860|AAC17860.1	50.00	8	4	0	10	17	341	348	6.7	17.0
Seq10043_400_bp_1_0_3	ENA|ABN10845|ABN10845.1	60.00	5	2	0	28	32	194	198	7.6	15.9
Seq10043_400_bp_1_0_3	ENA|CAA45199|CAA45199.1	33.33	12	8	0	18	29	179	190	7.6	17.0
Seq10043_400_bp_1_0_3	ENA|ABD49687|ABD49687.1	30.00	20	14	0	15	34	1240	1259	8.7	18.7
Seq10043_400_bp_1_0_4	ENA|AAC97205|AAC97205.1	62.50	8	3	0	5	12	720	727	3.5	18.4
Seq10043_400_bp_1_0_4	ENA|AAA72732|AAA72732.1	42.86	14	8	0	4	17	123	136	4.1	16.1
Seq10043_400_bp_1_0_4	ENA|AAA32624|AAA32624.1	46.67	15	8	0	2	16	335	349	4.7	16.7
Seq10043_400_bp_1_0_4	ENA|AAA36114|AAA36114.1	62.50	8	3	0	8	15	419	426	6.6	16.1
Seq10043_400_bp_1_0_4	ENA|ACH70901|ACH70901.1	35.29	17	11	0	1	17	228	244	6.9	15.6
Seq10043_400_bp_1_0_4	ENA|ABK71357|ABK71357.1	71.43	7	2	0	1	7	306	312	7.1	15.6
Seq10043_400_bp_1_0_4	ENA|BAA32991|BAA32991.1	40.00	10	6	0	7	16	53	62	8.9	12.8
Seq10043_400_bp_1_1_0	ENA|BAA32018|BAA32018.1	42.11	19	11	0	56	74	576	594	0.15	24.3
Seq10043_400_bp_1_1_0	ENA|ABG75784|ABG75784.1	47.06	19	9	2	38	56	208	224	0.87	20.8
Seq10043_400_bp_1_1_0	ENA|ABK71357|ABK71357.1	46.67	15	8	0	3	17	99	113	2.1	19.7
Seq10043_400_bp_1_1_0	ENA|AAA72732|AAA72732.1	50.00	16	8	0	58	73	201	216	2.5	19.2
Seq10043_400_bp_1_1_0	ENA|AAB96524|AAB96524.1	35.29	17	11	0	43	59	70	86	2.9	18.2
Seq10043_400_bp_1_1_0	ENA|AAQ92751|AAQ92751.2	38.89	18	11	0	54	71	354	371	3.7	20.8
Seq10043_400_bp_1_1_0	ENA|ACT10338|ACT10338.1	62.50	8	3	0	12	19	31	38	4.3	18.7
Seq10043_400_bp_1_1_0	ENA|CAB75732|CAB75732.1	37.50	16	10	0	67	82	239	254	4.4	20.2
Seq10043_400_bp_1_1_0	ENA|AAR37016|AAR37016.1	61.54	13	5	0	27	39	1948	1960	4.5	21.3
Seq10043_400_bp_1_1_0	ENA|ABD49687|ABD49687.1	58.33	12	5	0	71	82	3	14	4.6	20.8
Seq10043_400_bp_1_1_0	ENA|CAA28033|CAA28033.1	50.00	12	6	0	30	41	978	989	5	20.2
Seq10043_400_bp_1_1_0	ENA|EDO47375|EDO47375.1	42.31	27	15	1	24	49	59	85	5.9	17.2
Seq10043_400_bp_1_1_0	ENA|AAB26998|AAB26998.1	66.67	6	2	0	76	81	30	35	6.9	15.7
Seq10043_400_bp_1_1_0	ENA|CAA26939|CAA26939.1	81.82	14	2	3	38	51	555	565	8.6	18.2
Seq10043_400_bp_1_1_0	ENA|BAA32956|BAA32956.1	36.84	19	12	0	57	75	192	210	9	16.7
Seq10043_400_bp_1_1_0	ENA|AAC08817|AAC08817.1	28.57	14	10	0	65	78	142	155	9.5	16.2
Seq10043_400_bp_1_1_1	ENA|AAI27517|AAI27517.1	25.81	31	23	0	2	32	487	517	0.5	21.3
Seq10043_400_bp_1_1_1	ENA|AAC17860|AAC17860.1	50.00	10	5	0	16	25	191	200	0.74	20.2
Seq10043_400_bp_1_1_1	ENA|AAA42531|AAA42531.1	35.00	20	13	0	7	26	268	287	1	19.6
Seq10043_400_bp_1_1_1	ENA|AAC97205|AAC97205.1	60.00	10	4	0	8	17	1196	1205	2.2	20.2
Seq10043_400_bp_1_1_1	ENA|AAB66912|AAB66912.1	25.00	20	15	0	2	21	248	267	3.6	19.0
Seq10043_400_bp_1_1_1	ENA|CAA24711|CAA24711.1	50.00	8	4	0	5	12	157	164	4.4	16.3
Seq10043_400_bp_1_1_1	ENA|ACT10338|ACT10338.1	50.00	8	4	0	18	25	38	45	4.6	17.4
Seq10043_400_bp_1_1_1	ENA|ABN10845|ABN10845.1	25.00	12	9	0	22	33	29	40	5.5	16.3
Seq10043_400_bp_1_1_1	ENA|CAD53387|CAD53387.1	36.84	19	12	0	11	29	459	477	5.9	17.4
Seq10043_400_bp_1_1_1	ENA|AAB26998|AAB26998.1	50.00	10	5	0	3	12	33	42	6.2	14.6
Seq10043_400_bp_1_1_1	ENA|AAA24145|AAA24145.1	38.46	13	8	0	5	17	27	39	7.8	16.8
Seq10043_400_bp_1_1_1	ENA|CAA45199|CAA45199.1	50.00	8	4	0	26	33	382	389	8	16.8
Seq10043_400_bp_1_1_1	ENA|AAA36539|AAA36539.1	63.64	13	4	2	19	30	70	81	8	16.8
Seq10043_400_bp_1_1_1	ENA|AAC49865|AAC49865.1	80.00	5	1	0	9	13	73	77	8.1	16.3
Seq10043_400_bp_1_1_1	ENA|CCP43727|CCP43727.1	45.45	11	6	0	1	11	210	220	8.1	16.3
Seq10043_400_bp_1_1_1	ENA|AAB96524|AAB96524.1	46.15	13	7	0	1	13	5	17	9.7	15.2
Seq10043_400_bp_1_1_1	ENA|CAL82360|CAL82360.1	33.33	15	10	0	10	24	379	393	9.9	17.9
Seq10043_400_bp_1_2_0	ENA|BAA32991|BAA32991.1	50.00	12	6	0	1	12	7	18	0.36	18.5
Seq10043_400_bp_1_2_0	ENA|BAA36759|BAA36759.1	57.14	7	3	0	4	10	151	157	0.74	19.5
Seq10043_400_bp_1_2_0	ENA|AAC26660|AAC26660.1	50.00	8	4	0	1	8	22	29	3.7	17.0
Seq10043_400_bp_1_2_0	ENA|CAA45708|CAA45708.1	35.71	14	9	0	17	30	166	179	3.8	19.5
Seq10043_400_bp_1_2_0	ENA|AAR37016|AAR37016.1	55.56	9	4	0	4	12	1325	1333	4.1	20.0
Seq10043_400_bp_1_2_0	ENA|ABD33854|ABD33854.1	30.77	13	9	0	8	20	51	63	5.2	14.5
Seq10043_400_bp_1_2_0	ENA|AAA18786|AAA18786.1	38.89	18	11	0	13	30	226	243	5.4	16.5
Seq10043_400_bp_1_2_0	ENA|AAC49865|AAC49865.1	40.00	10	6	0	17	26	197	206	6.6	16.5
Seq10043_400_bp_1_2_0	ENA|AAB96524|AAB96524.1	36.36	22	14	0	4	25	88	109	7.4	15.5
Seq10043_400_bp_1_2_0	ENA|AAA42531|AAA42531.1	55.56	9	4	0	26	34	26	34	7.7	16.5
Seq10043_400_bp_1_2_1	ENA|CAA43419|CAA43419.1	57.14	7	3	0	2	8	107	113	1.6	17.0
Seq10043_400_bp_1_2_1	ENA|BAA32991|BAA32991.1	50.00	6	3	0	1	6	4	9	2.7	13.8
Seq10043_400_bp_1_2_1	ENA|CAA36214|CAA36214.1	60.00	5	2	0	4	8	240	244	3.1	15.7
Seq10043_400_bp_1_2_1	ENA|AAB03707|AAB03707.1	66.67	6	2	0	5	10	1291	1296	3.7	17.7
Seq10043_400_bp_1_2_1	ENA|AAC08817|AAC08817.1	57.14	7	3	0	3	9	35	41	3.9	14.5
Seq10043_400_bp_1_2_1	ENA|AAC78721|AAC78721.1	57.14	7	3	0	4	10	669	675	4.4	16.4
Seq10043_400_bp_1_2_1	ENA|AAA72732|AAA72732.1	57.14	7	3	0	2	8	43	49	4.9	15.1
Seq10043_400_bp_1_2_1	ENA|AAB66912|AAB66912.1	80.00	5	1	0	6	10	327	331	5.9	16.4
Seq10043_400_bp_1_2_1	ENA|ABD49687|ABD49687.1	80.00	5	1	0	6	10	1615	1619	6.9	17.0
Seq10043_400_bp_1_2_1	ENA|CAL82360|CAL82360.1	80.00	5	1	0	2	6	1179	1183	8	16.4
Seq10043_400_bp_1_2_1	ENA|CAA11507|CAA11507.1	80.00	5	1	0	6	10	148	152	8.5	16.4
Seq10043_400_bp_1_2_1	ENA|AAC17860|AAC17860.1	75.00	4	1	0	6	9	319	322	9.6	14.5
Seq10043_400_bp_1_2_2	ENA|AAA36114|AAA36114.1	36.84	19	12	0	5	23	473	491	2.4	18.6
Seq10043_400_bp_1_2_2	ENA|AAA72732|AAA72732.1	40.00	15	9	0	14	28	14	28	4.1	17.1
Seq10043_400_bp_1_2_2	ENA|AAC49865|AAC49865.1	60.00	16	6	1	4	18	198	213	4.3	17.1
Seq10043_400_bp_1_2_2	ENA|AAR31603|AAR31603.1	42.86	14	8	0	2	15	200	213	4.3	17.1
Seq10043_400_bp_1_2_2	ENA|CAA28033|CAA28033.1	41.18	17	10	0	3	19	689	705	4.3	19.1
Seq10043_400_bp_1_2_2	ENA|AAI27517|AAI27517.1	43.75	16	9	0	17	32	287	302	5.4	17.6
Seq10043_400_bp_1_2_2	ENA|BAA32018|BAA32018.1	35.71	14	9	0	20	33	370	383	7.9	17.1
Seq10043_400_bp_1_2_3	ENA|CAD53387|CAD53387.1	54.55	11	5	0	1	11	472	482	0.017	24.9
Seq10043_400_bp_1_2_3	ENA|BAB79260|BAB79260.1	62.50	8	3	0	3	10	392	399	0.53	19.8
Seq10043_400_bp_1_2_3	ENA|AAR37016|AAR37016.1	41.67	12	7	0	5	16	58	69	1.1	21.0
Seq10043_400_bp_1_2_3	ENA|ABG75784|ABG75784.1	66.67	6	2	0	6	11	195	200	1.4	17.8
Seq10043_400_bp_1_2_3	ENA|AAS77176|AAS77176.1	60.00	11	4	1	7	16	73	83	1.9	17.2
Seq10043_400_bp_1_2_3	ENA|CAL82360|CAL82360.1	66.67	6	2	0	10	15	947	952	2.3	19.1
Seq10043_400_bp_1_2_3	ENA|AAC08817|AAC08817.1	66.67	3	1	0	5	7	1	3	2.6	15.9
Seq10043_400_bp_1_2_3	ENA|AAC97205|AAC97205.1	80.00	5	1	0	11	15	626	630	3.4	18.5
Seq10043_400_bp_1_2_3	ENA|CAA28033|CAA28033.1	71.43	7	2	0	12	18	677	683	3.6	18.5
Seq10043_400_bp_1_2_3	ENA|AAC17860|AAC17860.1	60.00	5	2	0	10	14	68	72	6.5	15.9
Seq10043_400_bp_1_2_3	ENA|ABD49687|ABD49687.1	55.56	9	4	0	10	18	1140	1148	7.1	17.8
Seq10043_400_bp_1_2_3	ENA|CAA45199|CAA45199.1	75.00	4	1	0	13	16	27	30	7.3	15.9
Seq10043_400_bp_1_2_3	ENA|CAA29968|CAA29968.1	57.14	7	3	0	12	18	95	101	7.4	14.6
Seq10043_400_bp_1_2_3	ENA|AAA36539|AAA36539.1	66.67	6	2	0	13	18	313	318	7.4	15.9
Seq10043_400_bp_1_2_3	ENA|AAR31603|AAR31603.1	60.00	5	2	0	2	6	148	152	7.9	15.3
Seq10043_400_bp_1_2_3	ENA|ABK71357|ABK71357.1	37.50	8	5	0	11	18	60	67	8.9	15.3
Seq10043_400_bp_1_2_3	ENA|CAA26023|CAA26023.1	60.00	5	2	0	2	6	43	47	9.1	15.3
Seq10043_400_bp_1_2_3	ENA|AAB66912|AAB66912.1	60.00	10	4	0	9	18	9	18	9.2	16.6
Seq10043_400_bp_1_2_3	ENA|AAC26660|AAC26660.1	66.67	3	1	0	5	7	185	187	9.5	14.6
Seq10043_400_bp_1_2_3	ENA|CAA45708|CAA45708.1	100.00	3	0	0	4	6	852	854	9.6	17.2
Seq10043_400_bp_1_2_4	ENA|BAA05866|BAA05866.1	56.25	19	7	3	3	21	260	275	0.14	21.7
Seq10043_400_bp_1_2_4	ENA|AAC49865|AAC49865.1	41.67	12	7	0	5	16	60	71	7	16.1
Seq10043_400_bp_1_2_4	ENA|AAB26998|AAB26998.1	43.75	16	9	0	3	18	30	45	7.8	13.9
Seq10043_400_bp_1_2_4	ENA|CAA29956|CAA29956.1	45.45	11	6	0	11	21	93	103	7.9	16.1
Seq10043_400_bp_-1_0_0	ENA|BAB17681|BAB17681.1	42.86	7	4	0	5	11	153	159	0.44	18.6
Seq10043_400_bp_-1_0_0	ENA|AAA18786|AAA18786.1	50.00	10	5	0	1	10	235	244	1.5	16.8
Seq10043_400_bp_-1_0_0	ENA|BAA32991|BAA32991.1	37.50	8	5	0	2	9	3	10	6.9	12.5
Seq10043_400_bp_-1_0_0	ENA|AAC78721|AAC78721.1	60.00	5	2	0	5	9	249	253	8.2	15.6
Seq10043_400_bp_-1_0_1	ENA|AAR31603|AAR31603.1	35.29	17	11	0	1	17	209	225	7.5	16.7
Seq10043_400_bp_-1_0_1	ENA|AAA36114|AAA36114.1	41.18	17	10	0	7	23	493	509	8.4	17.1
Seq10043_400_bp_-1_0_1	ENA|AAA72732|AAA72732.1	71.43	7	2	0	19	25	244	250	9.6	16.2
Seq10043_400_bp_-1_0_2	ENA|AAA32624|AAA32624.1	62.50	8	3	0	1	8	323	330	0.25	20.7
Seq10043_400_bp_-1_0_2	ENA|CAA26939|CAA26939.1	62.50	8	3	0	1	8	371	378	0.27	20.7
Seq10043_400_bp_-1_0_2	ENA|EDO47375|EDO47375.1	45.45	11	6	0	2	12	140	150	2.8	15.7
Seq10043_400_bp_-1_0_2	ENA|BAA32991|BAA32991.1	66.67	6	2	0	3	8	35	40	3.8	13.8
Seq10043_400_bp_-1_0_2	ENA|AAA42531|AAA42531.1	40.00	10	6	0	4	13	141	150	5.7	15.7
Seq10043_400_bp_-1_0_2	ENA|AAA18786|AAA18786.1	62.50	8	3	0	1	8	133	140	6	15.0
Seq10043_400_bp_-1_0_2	ENA|AAC78721|AAC78721.1	50.00	12	6	0	2	13	576	587	6.3	16.3
Seq10043_400_bp_-1_0_2	ENA|AAS77176|AAS77176.1	40.00	10	6	0	1	10	221	230	6.5	15.0
Seq10043_400_bp_-1_0_2	ENA|CAA36714|CAA36714.1	55.56	9	4	0	5	13	139	147	6.7	15.7
Seq10043_400_bp_-1_0_2	ENA|AAA72732|AAA72732.1	44.44	9	5	0	3	11	285	293	7	15.0
Seq10043_400_bp_-1_0_2	ENA|CAA11507|CAA11507.1	25.00	12	9	0	1	12	790	801	8.1	16.9
Seq10043_400_bp_-1_0_2	ENA|AAQ92751|AAQ92751.2	57.14	7	3	0	1	7	576	582	8.2	16.9
Seq10043_400_bp_-1_0_2	ENA|CAA29956|CAA29956.1	42.86	7	4	0	1	7	7	13	8.3	15.0
Seq10043_400_bp_-1_0_3	ENA|AAA18786|AAA18786.1	57.14	7	3	0	2	8	156	162	0.72	17.7
Seq10043_400_bp_-1_0_3	ENA|AAC78721|AAC78721.1	71.43	7	2	0	3	9	674	680	1.2	18.3
Seq10043_400_bp_-1_0_3	ENA|CAL82360|CAL82360.1	57.14	7	3	0	4	10	1174	1180	5.2	17.0
Seq10043_400_bp_-1_0_3	ENA|CAA11507|CAA11507.1	66.67	6	2	0	2	7	1269	1274	5.5	17.0
Seq10043_400_bp_-1_0_3	ENA|AAA24145|AAA24145.1	57.14	7	3	0	2	8	256	262	7	15.1
Seq10043_400_bp_-1_0_3	ENA|AAC49865|AAC49865.1	71.43	7	2	0	3	9	320	326	7.8	14.5
Seq10043_400_bp_-1_0_3	ENA|CAA29956|CAA29956.1	55.56	9	4	0	2	10	5	13	8.8	14.5
Seq10043_400_bp_-1_0_3	ENA|AAC08817|AAC08817.1	60.00	5	2	0	5	9	127	131	9	13.2
Seq10043_400_bp_-1_0_4	ENA|AAB26998|AAB26998.1	57.14	7	3	0	4	10	1	7	0.08	19.9
Seq10043_400_bp_-1_0_4	ENA|BAB79260|BAB79260.1	27.27	11	8	0	7	17	18	28	1.2	18.5
Seq10043_400_bp_-1_0_4	ENA|BAA05866|BAA05866.1	100.00	4	0	0	3	6	28	31	1.3	17.8
Seq10043_400_bp_-1_0_4	ENA|AAA72732|AAA72732.1	62.50	8	3	0	4	11	208	215	3.3	16.5
Seq10043_400_bp_-1_0_4	ENA|AAR37016|AAR37016.1	80.00	5	1	0	2	6	691	695	3.7	19.2
Seq10043_400_bp_-1_0_4	ENA|CAA24711|CAA24711.1	45.45	11	6	0	3	13	104	114	4.6	15.1
Seq10043_400_bp_-1_0_4	ENA|AAA36539|AAA36539.1	80.00	5	1	0	3	7	284	288	4.9	16.5
Seq10043_400_bp_-1_0_4	ENA|ACT10338|ACT10338.1	66.67	6	2	0	12	17	261	266	6.4	15.8
Seq10043_400_bp_-1_0_4	ENA|AAC40132|AAC40132.1	50.00	10	5	0	8	17	44	53	7.7	15.8
Seq10043_400_bp_-1_0_4	ENA|AAA36114|AAA36114.1	42.86	7	4	0	2	8	368	374	8.2	15.8
Seq10043_400_bp_-1_0_4	ENA|CCP43727|CCP43727.1	50.00	8	4	0	9	16	76	83	8.4	15.1
Seq10043_400_bp_-1_0_5	ENA|AAA36114|AAA36114.1	57.14	7	3	0	7	13	322	328	0.093	22.2
Seq10043_400_bp_-1_0_5	ENA|BAB79260|BAB79260.1	80.00	5	1	0	9	13	189	193	0.76	19.0
Seq10043_400_bp_-1_0_5	ENA|BAA32991|BAA32991.1	45.45	11	6	0	2	12	34	44	1.6	15.1
Seq10043_400_bp_-1_0_5	ENA|AAB26998|AAB26998.1	100.00	3	0	0	11	13	59	61	2.9	14.5
Seq10043_400_bp_-1_0_5	ENA|CAA29968|CAA29968.1	33.33	12	8	0	2	13	3	14	6.9	14.5
Seq10043_400_bp_-1_0_5	ENA|CAA11507|CAA11507.1	45.45	11	6	0	1	11	705	715	8.1	17.0
Seq10043_400_bp_-1_0_5	ENA|ABK71357|ABK71357.1	45.45	11	6	0	4	14	78	88	8.3	15.1
Seq10043_400_bp_-1_0_5	ENA|AAF79734|AAF79734.1	100.00	4	0	0	12	15	806	809	8.5	17.0
Seq10043_400_bp_-1_1_0	ENA|CAA24711|CAA24711.1	71.43	7	2	0	17	23	154	160	0.43	19.1
Seq10043_400_bp_-1_1_0	ENA|CAA36214|CAA36214.1	50.00	10	5	0	12	21	253	262	1.7	17.9
Seq10043_400_bp_-1_1_0	ENA|ABD33854|ABD33854.1	60.00	5	2	0	10	14	58	62	1.7	15.6
Seq10043_400_bp_-1_1_0	ENA|ABD49687|ABD49687.1	50.00	10	5	0	5	14	507	516	1.9	20.3
Seq10043_400_bp_-1_1_0	ENA|CAA26939|CAA26939.1	35.71	14	9	0	8	21	473	486	2.1	18.5
Seq10043_400_bp_-1_1_0	ENA|BAB79260|BAB79260.1	80.00	5	1	0	14	18	85	89	7.8	16.2
Seq10043_400_bp_-1_1_0	ENA|AAC40132|AAC40132.1	57.14	7	3	0	1	7	432	438	8.2	16.2
Seq10043_400_bp_-1_1_0	ENA|AAA36539|AAA36539.1	80.00	5	1	0	4	8	296	300	8.2	16.2
Seq10043_400_bp_-1_1_1	ENA|CAA11507|CAA11507.1	50.00	10	5	0	4	13	13	22	2.1	19.4
Seq10043_400_bp_-1_1_1	ENA|ABG75784|ABG75784.1	44.44	9	5	0	5	13	300	308	2.3	17.1
Seq10043_400_bp_-1_1_1	ENA|AAA36539|AAA36539.1	55.56	9	4	0	1	9	373	381	2.4	17.7
Seq10043_400_bp_-1_1_1	ENA|ABN10845|ABN10845.1	75.00	4	1	0	11	14	158	161	7.3	14.9
Seq10043_400_bp_-1_1_1	ENA|AAI27517|AAI27517.1	36.36	11	7	0	1	11	388	398	8.9	16.0
Seq10043_400_bp_-1_1_1	ENA|BAB17681|BAB17681.1	60.00	5	2	0	9	13	172	176	9	14.9
Seq10043_400_bp_-1_1_1	ENA|CAA36214|CAA36214.1	57.14	7	3	0	13	19	195	201	9.9	14.9
Seq10043_400_bp_-1_1_2	ENA|BAA32991|BAA32991.1	57.14	7	3	0	9	15	29	35	1	17.2
Seq10043_400_bp_-1_1_2	ENA|AAA18786|AAA18786.1	50.00	10	5	0	12	21	15	24	7.2	16.3
Seq10043_400_bp_-1_2_0	ENA|AAA18786|AAA18786.1	50.00	6	3	0	10	15	247	252	2	17.0
Seq10043_400_bp_-1_2_0	ENA|AAB96524|AAB96524.1	40.00	10	6	0	3	12	42	51	3.3	15.7
Seq10043_400_bp_-1_2_0	ENA|CAA36714|CAA36714.1	33.33	15	10	0	3	17	114	128	3.4	17.0
Seq10043_400_bp_-1_2_0	ENA|CAA28033|CAA28033.1	62.50	8	3	0	9	16	236	243	3.8	18.3
Seq10043_400_bp_-1_2_0	ENA|AAR37016|AAR37016.1	50.00	10	5	0	3	12	38	47	4.3	19.0
Seq10043_400_bp_-1_2_0	ENA|CAA24711|CAA24711.1	66.67	6	2	0	3	8	68	73	4.8	15.0
Seq10043_400_bp_-1_2_0	ENA|BAB17681|BAB17681.1	36.36	11	7	0	1	11	128	138	4.8	15.7
Seq10043_400_bp_-1_2_0	ENA|AAQ92751|AAQ92751.2	38.46	13	8	0	1	13	548	560	6.2	17.7
Seq10043_400_bp_-1_2_0	ENA|AAA42531|AAA42531.1	62.50	8	3	0	4	11	2	9	6.7	15.7
Seq10043_400_bp_-1_2_0	ENA|ACT10338|ACT10338.1	50.00	6	3	0	8	13	196	201	6.8	15.7
Seq10043_400_bp_-1_2_0	ENA|CAA45708|CAA45708.1	42.86	7	4	0	8	14	490	496	6.8	17.7
Seq10043_400_bp_-1_2_0	ENA|BAB79260|BAB79260.1	42.86	7	4	0	7	13	125	131	7.8	15.7
Seq10043_400_bp_-1_2_0	ENA|CAA11507|CAA11507.1	57.14	7	3	0	10	16	175	181	9.3	17.0
Seq10043_400_bp_-1_2_0	ENA|ACH70901|ACH70901.1	44.44	9	5	0	4	12	32	40	9.6	15.0
Seq10043_400_bp_-1_2_0	ENA|ABK71357|ABK71357.1	66.67	6	2	0	9	14	82	87	9.9	15.0
Seq10043_400_bp_-1_2_1	ENA|CAA45708|CAA45708.1	50.00	10	5	0	1	10	344	353	0.15	23.5
Seq10043_400_bp_-1_2_1	ENA|CAA45708|CAA45708.1	71.43	7	2	0	13	19	967	973	0.79	21.1
Seq10043_400_bp_-1_2_1	ENA|CAA43419|CAA43419.1	45.45	11	6	0	10	20	116	126	1.5	18.1
Seq10043_400_bp_-1_2_1	ENA|AAB26998|AAB26998.1	75.00	4	1	0	6	9	45	48	1.7	15.7
Seq10043_400_bp_-1_2_1	ENA|CAL82360|CAL82360.1	41.18	18	10	1	2	19	700	716	2.3	19.3
Seq10043_400_bp_-1_2_1	ENA|AAS77176|AAS77176.1	83.33	6	1	0	1	6	213	218	2.6	16.9
Seq10043_400_bp_-1_2_1	ENA|AAB96524|AAB96524.1	50.00	8	4	0	5	12	72	79	3.8	15.7
Seq10043_400_bp_-1_2_1	ENA|BAA36759|BAA36759.1	80.00	5	1	0	8	12	276	280	3.9	16.3
Seq10043_400_bp_-1_2_1	ENA|AAA42531|AAA42531.1	44.44	9	5	0	12	20	335	343	5.2	16.3
Seq10043_400_bp_-1_2_1	ENA|ACT10338|ACT10338.1	33.33	6	4	0	8	13	298	303	5.2	16.3
Seq10043_400_bp_-1_2_1	ENA|BAA32018|BAA32018.1	38.46	13	8	0	1	13	158	170	5.6	16.9
Seq10043_400_bp_-1_2_1	ENA|CAA36714|CAA36714.1	71.43	7	2	0	13	19	278	284	6.2	16.3
Seq10043_400_bp_-1_2_1	ENA|CAA29956|CAA29956.1	45.45	11	6	0	4	14	368	378	7.5	15.7
Seq10043_400_bp_-1_2_1	ENA|AAR37016|AAR37016.1	71.43	7	2	0	12	18	1234	1240	8.9	18.1
Seq10043_400_bp_-1_2_1	ENA|CAA36214|CAA36214.1	28.57	7	5	0	7	13	280	286	9	15.1
Seq10043_400_bp_-1_2_1	ENA|CAA45199|CAA45199.1	37.50	8	5	0	8	15	462	469	9.2	15.7
Seq10043_400_bp_-1_2_1	ENA|ABN10845|ABN10845.1	33.33	6	4	0	6	11	21	26	9.7	14.5
Seq10043_400_bp_-1_2_1	ENA|ABD49687|ABD49687.1	66.67	10	3	1	1	10	590	598	9.7	17.5
Seq10043_400_bp_-1_2_2	ENA|ABD49687|ABD49687.1	60.00	16	6	1	1	16	382	396	0.14	23.4
Seq10043_400_bp_-1_2_2	ENA|CAA26023|CAA26023.1	50.00	8	4	0	1	8	275	282	0.37	19.8
Seq10043_400_bp_-1_2_2	ENA|AAA36114|AAA36114.1	62.50	8	3	0	3	10	418	425	0.5	19.8
Seq10043_400_bp_-1_2_2	ENA|AAI27517|AAI27517.1	50.00	12	6	0	1	12	323	334	0.57	19.8
Seq10043_400_bp_-1_2_2	ENA|AAF79734|AAF79734.1	50.00	14	7	0	2	15	336	349	0.62	21.0
Seq10043_400_bp_-1_2_2	ENA|ABN10845|ABN10845.1	50.00	13	6	1	4	16	131	142	1.6	16.9
Seq10043_400_bp_-1_2_2	ENA|CAA29968|CAA29968.1	42.86	7	4	0	2	8	136	142	3.3	15.7
Seq10043_400_bp_-1_2_2	ENA|CAA45708|CAA45708.1	55.56	9	4	0	2	10	1169	1177	4.9	18.1
Seq10043_400_bp_-1_2_2	ENA|AAC78721|AAC78721.1	50.00	8	4	0	8	15	559	566	7.3	16.3
Seq10043_400_bp_-1_2_2	ENA|CAA36214|CAA36214.1	38.46	13	8	0	1	13	79	91	7.6	15.1
Seq10043_400_bp_-1_2_2	ENA|AAC08817|AAC08817.1	23.08	13	10	0	1	13	21	33	8.8	13.9
Seq10043_400_bp_-1_2_2	ENA|ACT10338|ACT10338.1	80.00	5	1	0	9	13	341	345	9.5	15.1
Seq10043_400_bp_-1_2_2	ENA|CAA24711|CAA24711.1	60.00	5	2	0	6	10	69	73	9.6	13.9
Seq10043_400_bp_-1_2_2	ENA|AAA18786|AAA18786.1	57.14	7	3	0	1	7	80	86	9.8	14.5
Seq10043_400_bp_-1_2_3	ENA|AAB66912|AAB66912.1	44.44	18	10	0	3	20	275	292	2.8	18.7
Seq10043_400_bp_-1_2_3	ENA|EDO47375|EDO47375.1	33.33	12	8	0	6	17	125	136	4.8	15.6
Seq10043_400_bp_-1_2_3	ENA|AAQ92751|AAQ92751.2	31.25	16	11	0	3	18	402	417	5.8	18.2
Seq10043_400_bp_-1_2_3	ENA|CAA73529|CAA73529.1	83.33	6	1	0	11	16	238	243	6.9	15.6
Seq10043_400_bp_-1_2_3	ENA|CAA45199|CAA45199.1	46.67	15	8	0	1	15	421	435	8.2	16.1
Seq10043_400_bp_-1_2_3	ENA|AAC40132|AAC40132.1	38.46	13	8	0	1	13	262	274	8.2	16.1
Seq10043_400_bp_-1_2_4	ENA|CAA73529|CAA73529.1	46.67	15	8	0	7	21	99	113	1.7	18.8
Seq10043_400_bp_-1_2_4	ENA|CAA36214|CAA36214.1	100.00	5	0	0	29	33	280	284	1.8	18.8
Seq10043_400_bp_-1_2_4	ENA|CAA36714|CAA36714.1	66.67	9	3	0	4	12	231	239	2.8	18.8
Seq10043_400_bp_-1_2_4	ENA|AAA36114|AAA36114.1	55.56	9	4	0	36	44	252	260	4.5	18.2
Seq10043_400_bp_-1_2_4	ENA|AAC08817|AAC08817.1	46.15	13	7	0	10	22	25	37	4.6	16.5
Seq10043_400_bp_-1_2_4	ENA|BAB79260|BAB79260.1	46.67	15	8	0	13	27	289	303	5.9	17.6
Seq10043_400_bp_-1_2_4	ENA|BAA32991|BAA32991.1	41.67	12	7	0	3	14	40	51	6.4	14.8
Seq10043_400_bp_-1_2_4	ENA|ABD49687|ABD49687.1	60.00	10	4	0	34	43	459	468	6.7	19.3
Seq10043_400_bp_-1_2_4	ENA|AAC17860|AAC17860.1	33.33	9	6	0	30	38	349	357	7.8	17.0
Seq10043_400_bp_-1_2_4	ENA|AAB03707|AAB03707.1	36.36	24	14	2	9	30	1370	1393	7.9	18.8
Seq10043_400_bp_-1_2_4	ENA|BAA32018|BAA32018.1	36.84	19	12	0	3	21	278	296	8	17.6
Seq10043_400_bp_-1_2_4	ENA|CAA45199|CAA45199.1	46.15	13	7	0	23	35	434	446	8.8	17.0
Seq10043_400_bp_-1_2_4	ENA|AAA25966|AAA25966.1	57.14	7	3	0	21	27	200	206	9.1	17.6
Seq10043_400_bp_-1_2_4	ENA|AAC49865|AAC49865.1	31.58	19	13	0	25	43	304	322	9.1	16.5
