Seq165_88_bp_1_0_0	BAA32991.1	55.56	10	4	1	6	14	28	37	0.012	22.1
Seq165_88_bp_1_0_0	AAR37016.1	71.43	7	2	0	7	13	1260	1266	0.26	22.8
Seq165_88_bp_1_0_0	AAA36565.1	100.00	4	0	0	1	4	140	143	1.9	16.1
Seq165_88_bp_1_0_0	AAA24142.1	57.14	7	3	0	6	12	447	453	2	17.4
Seq165_88_bp_1_0_0	CAA73529.1	100.00	4	0	0	1	4	11	14	3.1	16.1
Seq165_88_bp_1_0_0	AAA25966.1	50.00	4	2	0	4	7	316	319	3.2	17.4
Seq165_88_bp_1_0_0	EDO47375.1	60.00	5	2	0	9	13	140	144	3.4	15.4
Seq165_88_bp_1_0_0	BAA32956.1	100.00	2	0	0	5	6	90	91	3.8	15.4
Seq165_88_bp_1_0_0	CAA45199.1	80.00	5	1	0	1	5	217	221	5.2	16.1
Seq165_88_bp_1_0_0	AAC97205.1	40.00	5	3	0	4	8	901	905	5.4	17.4
Seq165_88_bp_1_0_0	ABK71357.1	75.00	4	1	0	2	5	279	282	6.5	15.4
Seq165_88_bp_1_0_0	ACT10338.1	50.00	6	3	0	3	8	130	135	6.8	15.4
Seq165_88_bp_1_0_0	BAB17681.1	42.86	7	4	0	7	13	174	180	7.5	14.7
Seq165_88_bp_1_0_0	AAA23282.1	100.00	2	0	0	5	6	127	128	9.6	15.4
Seq165_88_bp_1_0_0	ACH70904.1	75.00	4	1	0	10	13	339	342	9.7	14.7
Seq165_88_bp_1_1_0	AAA24969.1	96.55	29	1	0	1	29	43	71	9.7e-18	77.8
Seq165_88_bp_1_1_0	AAB03707.1	50.00	26	13	0	1	26	43	68	9e-06	37.9
Seq165_88_bp_1_1_0	CAA11507.1	50.00	24	12	0	1	24	70	93	0.00023	33.2
Seq165_88_bp_1_1_0	CAA11507.1	39.13	23	14	0	1	23	876	898	0.49	22.2
Seq165_88_bp_1_1_0	AAC17860.1	46.15	13	7	0	7	19	242	254	0.44	20.6
Seq165_88_bp_1_1_0	ABS38337.1	50.00	14	7	0	14	27	837	850	1.9	20.1
Seq165_88_bp_1_1_0	AAC08817.1	30.77	13	9	0	1	13	47	59	4.4	15.9
Seq165_88_bp_1_1_0	AAH69556.1	30.43	23	16	0	7	29	59	81	8	15.9
Seq165_88_bp_1_1_0	AAB96524.1	55.56	9	4	0	5	13	29	37	9.9	14.8
Seq165_88_bp_1_2_0	BAA32991.1	40.00	5	3	0	9	13	20	24	1.9	14.7
Seq165_88_bp_1_2_0	BAA32956.1	66.67	3	1	0	11	13	89	91	2.2	16.1
Seq165_88_bp_1_2_0	AAA42531.1	27.27	11	8	0	2	12	211	221	2.5	16.8
Seq165_88_bp_1_2_0	ABS38337.1	83.33	6	1	0	3	8	677	682	3.2	18.2
Seq165_88_bp_1_2_0	AAH69556.1	27.27	11	8	0	3	13	279	289	5.1	15.4
Seq165_88_bp_1_2_0	AII71783.1	42.86	7	4	0	4	10	33	39	5.1	15.4
Seq165_88_bp_1_2_0	AAA72732.1	62.50	8	3	0	1	8	254	261	5.2	15.4
Seq165_88_bp_1_2_0	AAR37016.1	33.33	12	8	0	1	12	1878	1889	5.7	18.2
Seq165_88_bp_1_2_0	ABD49687.1	66.67	6	2	0	8	13	1630	1635	6.6	17.5
Seq165_88_bp_1_2_0	CAA73529.1	36.36	12	7	1	1	12	205	215	7.2	14.7
Seq165_88_bp_1_2_0	CAA11507.1	55.56	9	4	0	2	10	820	828	8.4	16.8
Seq165_88_bp_1_2_0	AAA65607.1	20.00	10	8	0	1	10	98	107	9.5	14.7
Seq165_88_bp_1_2_0	ACT10338.1	66.67	6	2	0	7	12	161	166	10	14.7
Seq165_88_bp_1_2_1	CAA45199.1	50.00	10	5	0	5	14	382	391	0.48	19.6
Seq165_88_bp_1_2_1	ACT10338.1	50.00	10	5	0	2	11	113	122	0.88	18.4
Seq165_88_bp_1_2_1	AAX84812.1	40.00	10	6	0	3	12	78	87	1.7	16.7
Seq165_88_bp_1_2_1	AAI27517.1	60.00	5	2	0	8	12	512	516	2	17.9
Seq165_88_bp_1_2_1	ABN10845.1	57.14	7	3	0	2	8	13	19	2.4	16.1
Seq165_88_bp_1_2_1	AAB26998.1	33.33	6	4	0	4	9	10	15	3	14.3
Seq165_88_bp_1_2_1	ABS38337.1	66.67	6	2	0	6	11	41	46	4.2	17.9
Seq165_88_bp_1_2_1	AAA26915.1	50.00	8	4	0	1	8	449	456	5.1	16.1
Seq165_88_bp_1_2_1	ACH70904.1	66.67	6	2	0	9	14	4	9	5.9	15.5
Seq165_88_bp_1_2_1	AAA23282.1	44.44	9	5	0	3	11	108	116	6.2	16.1
Seq165_88_bp_1_2_1	BAB17681.1	50.00	8	4	0	3	10	116	123	6.6	14.9
Seq165_88_bp_1_2_1	AII71783.1	33.33	6	4	0	3	8	227	232	7.4	14.9
Seq165_88_bp_1_2_1	ABD49687.1	60.00	5	2	0	8	12	1675	1679	8.1	17.3
Seq165_88_bp_1_2_1	AAA42531.1	33.33	9	6	0	4	12	121	129	9.2	14.9
Seq165_88_bp_1_2_1	EDO47375.1	42.86	7	4	0	4	10	104	110	9.9	13.8
Seq165_88_bp_-1_0_0	AAB64315.2	44.44	18	10	0	1	18	200	217	0.27	20.7
Seq165_88_bp_-1_0_0	AAA45888.1	46.15	13	7	0	5	17	66	78	0.49	20.1
Seq165_88_bp_-1_0_0	AAA24142.1	42.86	7	4	0	12	18	206	212	0.89	19.5
Seq165_88_bp_-1_0_0	BAB70780.1	43.75	18	9	2	1	16	426	443	0.96	19.5
Seq165_88_bp_-1_0_0	BAA32956.1	50.00	8	4	0	10	17	129	136	1.5	17.6
Seq165_88_bp_-1_0_0	ABD33854.1	36.36	11	7	0	1	11	2	12	2.7	15.0
Seq165_88_bp_-1_0_0	CAA43372.1	40.00	10	6	0	6	15	344	353	3	17.6
Seq165_88_bp_-1_0_0	CAA73529.1	62.50	8	3	0	1	8	136	143	3.1	16.9
Seq165_88_bp_-1_0_0	AAB26998.1	75.00	4	1	0	20	23	38	41	3.3	15.0
Seq165_88_bp_-1_0_0	ABN10845.1	50.00	8	4	0	5	12	47	54	3.8	16.3
Seq165_88_bp_-1_0_0	ACT10338.1	57.14	7	3	0	10	16	160	166	4.3	16.9
Seq165_88_bp_-1_0_0	BAA32991.1	50.00	6	3	0	16	21	59	64	4.5	14.4
Seq165_88_bp_-1_0_0	CAA26230.1	50.00	8	4	0	18	25	437	444	6.2	16.9
Seq165_88_bp_-1_0_0	AAA42531.1	33.33	15	10	0	10	24	23	37	6.6	16.3
Seq165_88_bp_-1_0_0	EDO47375.1	37.50	8	5	0	2	9	109	116	7.7	15.0
Seq165_88_bp_-1_1_0	BAB79260.1	53.85	13	6	0	5	17	136	148	1.8	18.6
Seq165_88_bp_-1_1_0	AAA32624.1	58.33	12	5	0	7	18	367	378	3.2	18.0
Seq165_88_bp_-1_1_0	ABD49687.1	46.67	15	8	0	13	27	1468	1482	4.6	19.2
Seq165_88_bp_-1_1_0	AAA42531.1	41.67	12	7	0	12	23	158	169	5.1	16.9
Seq165_88_bp_-1_1_0	AAC78721.1	66.67	6	2	0	20	25	251	256	5.9	17.5
Seq165_88_bp_-1_1_0	AAA24969.1	33.33	15	10	0	2	16	64	78	6	18.6
Seq165_88_bp_-1_1_0	AIR13712.1	42.86	14	8	0	12	25	279	292	6.4	16.3
Seq165_88_bp_-1_1_0	CAA26230.1	54.55	11	5	0	7	17	404	414	7.3	16.9
Seq165_88_bp_-1_2_0	AAC08817.1	43.75	16	9	0	9	24	119	134	0.021	23.5
Seq165_88_bp_-1_2_0	AAB26998.1	50.00	8	4	0	2	9	38	45	0.49	17.9
Seq165_88_bp_-1_2_0	AAB96524.1	27.78	18	13	0	2	19	85	102	1.1	17.9
Seq165_88_bp_-1_2_0	BAB79260.1	50.00	10	5	0	11	20	135	144	1.3	19.0
Seq165_88_bp_-1_2_0	CAA04196.1	100.00	4	0	0	2	5	39	42	1.7	18.4
Seq165_88_bp_-1_2_0	AAR37016.1	50.00	12	6	0	2	13	483	494	2.1	20.7
Seq165_88_bp_-1_2_0	CAA74140.1	83.33	6	1	0	16	21	37	42	2.6	19.0
Seq165_88_bp_-1_2_0	AAB64315.2	55.56	9	4	0	15	23	91	99	2.9	17.3
Seq165_88_bp_-1_2_0	AAR31603.1	66.67	6	2	0	2	7	85	90	4.3	16.8
Seq165_88_bp_-1_2_0	AAA36565.1	75.00	4	1	0	4	7	79	82	4.7	15.6
Seq165_88_bp_-1_2_0	AAI27517.1	100.00	4	0	0	11	14	516	519	5.2	17.3
Seq165_88_bp_-1_2_0	CAA26230.1	60.00	5	2	0	8	12	115	119	7.1	16.8
Seq165_88_bp_-1_2_0	CAA43372.1	44.44	9	5	0	18	26	201	209	7.7	16.2
Seq165_88_bp_-1_2_0	AAB03707.1	71.43	7	2	0	19	25	1166	1172	8	17.9
Seq165_88_bp_-1_2_0	ABD33854.1	40.00	5	3	0	1	5	58	62	8.2	13.4
