Seq10045_239_bp_1_0_0	ENA|AAR37016|AAR37016.1	61.54	13	5	0	1	13	1948	1960	0.1	26.2
Seq10045_239_bp_1_0_0	ENA|ABG75784|ABG75784.1	34.78	25	15	2	6	30	202	224	0.19	22.4
Seq10045_239_bp_1_0_0	ENA|BAA32018|BAA32018.1	42.11	19	11	0	30	48	576	594	0.2	23.4
Seq10045_239_bp_1_0_0	ENA|CAA26939|CAA26939.1	81.82	14	2	3	12	25	555	565	1.8	20.0
Seq10045_239_bp_1_0_0	ENA|ABD49687|ABD49687.1	66.67	9	3	0	45	53	3	11	2.8	21.0
Seq10045_239_bp_1_0_0	ENA|AAB96524|AAB96524.1	38.46	13	8	0	21	33	74	86	4.2	17.2
Seq10045_239_bp_1_0_0	ENA|AAB03707|AAB03707.1	31.25	16	11	0	6	21	507	522	4.3	20.0
Seq10045_239_bp_1_0_0	ENA|AAQ92751|AAQ92751.2	38.89	18	11	0	28	45	354	371	5.9	19.5
Seq10045_239_bp_1_0_0	ENA|AAA18786|AAA18786.1	40.00	10	6	0	17	26	257	266	6	17.2
Seq10045_239_bp_1_0_0	ENA|CAA28033|CAA28033.1	42.86	14	8	0	2	15	976	989	7.6	19.1
Seq10045_239_bp_1_0_0	ENA|AAA32624|AAA32624.1	50.00	17	8	1	33	49	169	184	8.2	17.6
Seq10045_239_bp_1_0_0	ENA|AAA72732|AAA72732.1	43.75	16	9	0	12	27	38	53	9.4	16.7
Seq10045_239_bp_1_0_1	ENA|AAB26998|AAB26998.1	50.00	10	5	0	3	12	33	42	0.44	17.3
Seq10045_239_bp_1_0_1	ENA|AAA72732|AAA72732.1	31.25	16	11	0	1	16	143	158	0.48	19.2
Seq10045_239_bp_1_0_1	ENA|CCP43727|CCP43727.1	45.45	11	6	0	1	11	210	220	1.2	17.9
Seq10045_239_bp_1_0_1	ENA|BAB79260|BAB79260.1	37.50	8	5	0	1	8	21	28	1.6	17.9
Seq10045_239_bp_1_0_1	ENA|AAA24145|AAA24145.1	44.44	9	5	0	5	13	27	35	2.5	17.3
Seq10045_239_bp_1_0_1	ENA|AAC49865|AAC49865.1	57.14	7	3	0	7	13	308	314	2.8	16.7
Seq10045_239_bp_1_0_1	ENA|CAA11507|CAA11507.1	54.55	11	5	0	6	16	464	474	3.2	18.6
Seq10045_239_bp_1_0_1	ENA|AAA25966|AAA25966.1	25.00	12	9	0	2	13	536	547	3.9	17.3
Seq10045_239_bp_1_0_1	ENA|AAC17860|AAC17860.1	50.00	11	5	1	3	13	64	73	5.3	16.1
Seq10045_239_bp_1_0_1	ENA|CAA24711|CAA24711.1	50.00	8	4	0	5	12	157	164	5.3	14.8
Seq10045_239_bp_1_0_1	ENA|CAB75732|CAB75732.1	50.00	10	5	0	5	14	182	191	6.2	17.3
Seq10045_239_bp_1_0_1	ENA|CAA43419|CAA43419.1	25.00	12	9	0	1	12	317	328	7.1	15.4
Seq10045_239_bp_1_0_1	ENA|AAR31603|AAR31603.1	33.33	6	4	0	5	10	22	27	9.6	14.8
Seq10045_239_bp_1_1_0	ENA|CAA43419|CAA43419.1	57.14	7	3	0	2	8	107	113	1.1	17.5
Seq10045_239_bp_1_1_0	ENA|CAL82360|CAL82360.1	57.14	7	3	0	3	9	20	26	3.9	17.5
Seq10045_239_bp_1_1_0	ENA|CAA36214|CAA36214.1	60.00	5	2	0	4	8	240	244	4.4	15.2
Seq10045_239_bp_1_1_0	ENA|AAC78721|AAC78721.1	50.00	8	4	0	3	10	668	675	4.5	16.3
Seq10045_239_bp_1_1_0	ENA|AAB96524|AAB96524.1	60.00	5	2	0	2	6	181	185	5.9	14.1
Seq10045_239_bp_1_1_0	ENA|BAA32018|BAA32018.1	33.33	9	6	0	2	10	587	595	6.1	15.8
Seq10045_239_bp_1_1_0	ENA|AAS77176|AAS77176.1	75.00	4	1	0	1	4	172	175	6.1	14.6
Seq10045_239_bp_1_1_0	ENA|AAB03707|AAB03707.1	66.67	6	2	0	5	10	1291	1296	8.8	16.3
Seq10045_239_bp_1_1_0	ENA|AAB66912|AAB66912.1	80.00	5	1	0	6	10	327	331	8.8	15.8
Seq10045_239_bp_1_1_0	ENA|AAA24145|AAA24145.1	60.00	5	2	0	1	5	2	6	9.5	14.6
Seq10045_239_bp_1_1_0	ENA|AAA72732|AAA72732.1	42.86	7	4	0	2	8	210	216	9.5	14.1
Seq10045_239_bp_1_1_0	ENA|AAA36539|AAA36539.1	57.14	7	3	0	1	7	15	21	9.8	14.6
Seq10045_239_bp_1_1_1	ENA|AAC49865|AAC49865.1	60.00	16	6	1	4	18	198	213	0.17	21.8
Seq10045_239_bp_1_1_1	ENA|AAR31603|AAR31603.1	42.86	14	8	0	2	15	200	213	0.71	19.7
Seq10045_239_bp_1_1_1	ENA|AAA72732|AAA72732.1	42.86	14	8	0	15	28	15	28	4	17.1
Seq10045_239_bp_1_1_1	ENA|BAA32018|BAA32018.1	35.71	14	9	0	20	33	370	383	5.5	17.7
Seq10045_239_bp_1_1_1	ENA|CAA45708|CAA45708.1	71.43	7	2	0	17	23	666	672	6.4	18.7
Seq10045_239_bp_1_1_1	ENA|CAA28033|CAA28033.1	57.14	15	6	1	16	30	516	529	7.8	18.2
Seq10045_239_bp_1_1_1	ENA|AAA36114|AAA36114.1	38.89	18	11	0	5	22	473	490	8.8	16.6
Seq10045_239_bp_1_1_1	ENA|AAB96524|AAB96524.1	33.33	12	8	0	22	33	75	86	9.3	15.1
Seq10045_239_bp_1_1_2	ENA|CAD53387|CAD53387.1	54.55	11	5	0	1	11	472	482	0.034	23.9
Seq10045_239_bp_1_1_2	ENA|ABG75784|ABG75784.1	50.00	8	4	0	4	11	193	200	0.72	18.8
Seq10045_239_bp_1_1_2	ENA|AAS77176|AAS77176.1	66.67	10	3	1	7	15	73	82	1.9	17.2
Seq10045_239_bp_1_1_2	ENA|AAC97205|AAC97205.1	80.00	5	1	0	11	15	626	630	2	19.3
Seq10045_239_bp_1_1_2	ENA|AAB26998|AAB26998.1	80.00	5	1	0	8	12	29	33	3	14.7
Seq10045_239_bp_1_1_2	ENA|CAA29968|CAA29968.1	27.27	11	8	0	6	16	145	155	3.7	15.7
Seq10045_239_bp_1_1_2	ENA|BAB79260|BAB79260.1	62.50	8	3	0	3	10	392	399	4.2	16.7
Seq10045_239_bp_1_1_2	ENA|CAL82360|CAL82360.1	57.14	7	3	0	9	15	946	952	5.8	17.7
Seq10045_239_bp_1_1_2	ENA|ABD49687|ABD49687.1	57.14	7	3	0	9	15	967	973	7.6	17.7
Seq10045_239_bp_1_1_2	ENA|CAA36214|CAA36214.1	57.14	7	3	0	10	16	91	97	7.9	15.2
Seq10045_239_bp_1_1_2	ENA|CAA45199|CAA45199.1	100.00	4	0	0	10	13	138	141	8.5	15.7
Seq10045_239_bp_1_1_2	ENA|AAC40132|AAC40132.1	100.00	4	0	0	8	11	46	49	8.6	15.7
Seq10045_239_bp_1_2_0	ENA|CAA29968|CAA29968.1	60.00	10	4	0	7	16	103	112	0.0054	25.2
Seq10045_239_bp_1_2_0	ENA|AAA24145|AAA24145.1	44.44	9	5	0	3	11	167	175	0.15	21.7
Seq10045_239_bp_1_2_0	ENA|AAA18786|AAA18786.1	70.00	12	3	2	8	19	260	269	0.29	19.9
Seq10045_239_bp_1_2_0	ENA|AAC49865|AAC49865.1	66.67	6	2	0	6	11	64	69	0.54	19.3
Seq10045_239_bp_1_2_0	ENA|CAA73529|CAA73529.1	71.43	7	2	0	3	9	157	163	0.67	18.8
Seq10045_239_bp_1_2_0	ENA|AAA42531|AAA42531.1	62.50	8	3	0	12	19	11	18	2.1	17.6
Seq10045_239_bp_1_2_0	ENA|AAC97205|AAC97205.1	35.29	17	11	0	1	17	1071	1087	6.5	17.6
Seq10045_239_bp_1_2_0	ENA|ACT10338|ACT10338.1	41.67	14	7	2	2	13	121	134	6.9	15.8
Seq10045_239_bp_1_2_0	ENA|AAS77176|AAS77176.1	33.33	9	6	0	2	10	184	192	7.7	15.2
Seq10045_239_bp_1_2_0	ENA|AAA36114|AAA36114.1	62.50	8	3	0	11	18	246	253	8.9	15.8
Seq10045_239_bp_1_2_0	ENA|CAA29956|CAA29956.1	66.67	6	2	0	13	18	19	24	9.8	15.2
Seq10045_239_bp_1_2_1	ENA|BAB79260|BAB79260.1	100.00	4	0	0	9	12	236	239	2.1	17.2
Seq10045_239_bp_1_2_1	ENA|AAC40132|AAC40132.1	57.14	7	3	0	5	11	471	477	3.2	16.6
Seq10045_239_bp_1_2_1	ENA|ACT10338|ACT10338.1	33.33	9	6	0	1	9	88	96	3.8	16.1
Seq10045_239_bp_1_2_1	ENA|AAB66912|AAB66912.1	66.67	6	2	0	7	12	84	89	4.2	17.2
Seq10045_239_bp_1_2_1	ENA|ACH70901|ACH70901.1	50.00	6	3	0	7	12	55	60	5.1	15.5
Seq10045_239_bp_1_2_1	ENA|CAL82360|CAL82360.1	57.14	7	3	0	6	12	1150	1156	5.7	17.2
Seq10045_239_bp_1_2_1	ENA|CAD53387|CAD53387.1	40.00	10	6	0	3	12	471	480	7	15.5
Seq10045_239_bp_1_2_1	ENA|ABK71357|ABK71357.1	100.00	4	0	0	6	9	147	150	7.6	14.9
Seq10045_239_bp_1_2_1	ENA|AAA42531|AAA42531.1	50.00	6	3	0	6	11	288	293	7.9	14.9
Seq10045_239_bp_1_2_2	ENA|CCP43727|CCP43727.1	40.00	15	9	0	1	15	10	24	0.61	20.2
Seq10045_239_bp_1_2_2	ENA|CAA45708|CAA45708.1	50.00	12	6	0	9	20	1482	1493	2.8	20.2
Seq10045_239_bp_1_2_2	ENA|EDO47375|EDO47375.1	22.22	27	21	0	3	29	17	43	3.7	16.7
Seq10045_239_bp_1_2_2	ENA|AAC97205|AAC97205.1	38.46	13	8	0	1	13	226	238	4.4	19.2
Seq10045_239_bp_1_2_2	ENA|AAQ92751|AAQ92751.2	57.14	7	3	0	27	33	1001	1007	4.9	19.2
Seq10045_239_bp_1_2_2	ENA|CAA29968|CAA29968.1	66.67	6	2	0	27	32	37	42	5.3	16.2
Seq10045_239_bp_1_2_2	ENA|AAC17860|AAC17860.1	50.00	8	4	0	10	17	341	348	5.7	17.2
Seq10045_239_bp_1_2_2	ENA|BAA32018|BAA32018.1	41.67	12	7	0	5	16	355	366	6.1	17.7
Seq10045_239_bp_1_2_2	ENA|CAA45199|CAA45199.1	33.33	12	8	0	18	29	179	190	6.5	17.2
Seq10045_239_bp_1_2_2	ENA|ABN10845|ABN10845.1	57.14	7	3	0	20	26	151	157	8.1	15.8
Seq10045_239_bp_1_2_2	ENA|BAA05866|BAA05866.1	66.67	6	2	0	12	17	12	17	8.2	16.2
Seq10045_239_bp_1_2_2	ENA|CAL82360|CAL82360.1	50.00	8	4	0	22	29	367	374	8.7	18.2
Seq10045_239_bp_1_2_2	ENA|ABD33854|ABD33854.1	66.67	6	2	0	1	6	13	18	9.2	13.8
Seq10045_239_bp_-1_0_0	ENA|CAA36214|CAA36214.1	50.00	10	5	0	12	21	253	262	1.1	18.6
Seq10045_239_bp_-1_0_0	ENA|ABD33854|ABD33854.1	60.00	5	2	0	10	14	58	62	1.9	15.4
Seq10045_239_bp_-1_0_0	ENA|CAA24711|CAA24711.1	71.43	7	2	0	17	23	154	160	2.5	16.5
Seq10045_239_bp_-1_0_0	ENA|ACH70901|ACH70901.1	50.00	6	3	0	10	15	287	292	3.7	17.0
Seq10045_239_bp_-1_0_0	ENA|BAB17681|BAB17681.1	37.50	8	5	0	5	12	268	275	5.6	16.0
Seq10045_239_bp_-1_0_0	ENA|AAA36114|AAA36114.1	36.36	11	7	0	14	24	69	79	7.2	16.5
Seq10045_239_bp_-1_0_0	ENA|CAA43419|CAA43419.1	50.00	6	3	0	10	15	1	6	7.4	16.0
Seq10045_239_bp_-1_0_0	ENA|AAB66912|AAB66912.1	40.00	10	6	0	5	14	320	329	9	17.0
Seq10045_239_bp_-1_0_0	ENA|AAC78721|AAC78721.1	50.00	10	5	0	9	18	308	317	9.3	16.5
Seq10045_239_bp_-1_0_1	ENA|ABG75784|ABG75784.1	44.44	9	5	0	5	13	300	308	2.7	16.9
Seq10045_239_bp_-1_0_1	ENA|CAA11507|CAA11507.1	50.00	10	5	0	4	13	13	22	3	18.9
Seq10045_239_bp_-1_0_1	ENA|BAB17681|BAB17681.1	42.86	7	4	0	12	18	245	251	3.4	16.4
Seq10045_239_bp_-1_0_1	ENA|ABN10845|ABN10845.1	75.00	4	1	0	11	14	158	161	3.8	15.9
Seq10045_239_bp_-1_0_1	ENA|AAA36539|AAA36539.1	55.56	9	4	0	1	9	373	381	4.1	16.9
Seq10045_239_bp_-1_0_1	ENA|CAL82360|CAL82360.1	57.14	7	3	0	13	19	612	618	7.6	17.4
Seq10045_239_bp_-1_0_1	ENA|BAA32956|BAA32956.1	57.14	7	3	0	2	8	108	114	9.9	14.4
Seq10045_239_bp_-1_0_2	ENA|AAA18786|AAA18786.1	50.00	10	5	0	12	21	15	24	1.2	18.6
Seq10045_239_bp_-1_0_2	ENA|BAA32991|BAA32991.1	57.14	7	3	0	9	15	29	35	4.4	14.7
Seq10045_239_bp_-1_0_2	ENA|CAA29956|CAA29956.1	80.00	5	1	0	19	23	199	203	6.3	16.7
Seq10045_239_bp_-1_0_2	ENA|AAQ92751|AAQ92751.2	53.33	18	7	3	15	32	1299	1313	8.3	18.1
Seq10045_239_bp_-1_0_2	ENA|CAA36214|CAA36214.1	42.86	7	4	0	11	17	223	229	9.6	15.7
Seq10045_239_bp_-1_1_0	ENA|CAA45708|CAA45708.1	50.00	10	5	0	1	10	344	353	0.15	23.5
Seq10045_239_bp_-1_1_0	ENA|CAA45708|CAA45708.1	71.43	7	2	0	13	19	967	973	0.33	22.4
Seq10045_239_bp_-1_1_0	ENA|AAS77176|AAS77176.1	71.43	7	2	0	1	7	213	219	0.7	18.9
Seq10045_239_bp_-1_1_0	ENA|AAB26998|AAB26998.1	60.00	5	2	0	6	10	45	49	0.95	16.5
Seq10045_239_bp_-1_1_0	ENA|BAA36759|BAA36759.1	80.00	5	1	0	8	12	276	280	1.6	17.7
Seq10045_239_bp_-1_1_0	ENA|AAR37016|AAR37016.1	71.43	7	2	0	12	18	1234	1240	2.5	20.0
Seq10045_239_bp_-1_1_0	ENA|ACT10338|ACT10338.1	33.33	6	4	0	8	13	298	303	3.1	17.1
Seq10045_239_bp_-1_1_0	ENA|AAB96524|AAB96524.1	50.00	6	3	0	2	7	17	22	3.3	15.9
Seq10045_239_bp_-1_1_0	ENA|ABD49687|ABD49687.1	66.67	10	3	1	1	10	590	598	4	18.9
Seq10045_239_bp_-1_1_0	ENA|BAA32018|BAA32018.1	44.44	9	5	0	5	13	162	170	4.9	17.1
Seq10045_239_bp_-1_1_0	ENA|CAA36214|CAA36214.1	80.00	5	1	0	10	14	171	175	5.3	15.9
Seq10045_239_bp_-1_1_0	ENA|ABN10845|ABN10845.1	25.00	8	6	0	4	11	19	26	5.7	15.3
Seq10045_239_bp_-1_1_0	ENA|CAA43419|CAA43419.1	45.45	11	6	0	10	20	116	126	6.4	15.9
Seq10045_239_bp_-1_1_0	ENA|AAA25966|AAA25966.1	42.86	7	4	0	13	19	254	260	8.2	16.5
Seq10045_239_bp_-1_1_0	ENA|AAA32624|AAA32624.1	33.33	6	4	0	9	14	299	304	8.9	15.9
Seq10045_239_bp_-1_1_0	ENA|CAA26939|CAA26939.1	60.00	5	2	0	13	17	27	31	9.6	15.9
Seq10045_239_bp_-1_1_1	ENA|ABD49687|ABD49687.1	53.33	16	7	1	1	16	382	396	1.8	19.7
Seq10045_239_bp_-1_1_1	ENA|CAA26023|CAA26023.1	50.00	8	4	0	1	8	275	282	2.7	17.0
Seq10045_239_bp_-1_1_1	ENA|ABN10845|ABN10845.1	50.00	13	6	1	4	16	131	142	3.3	15.9
Seq10045_239_bp_-1_1_1	ENA|AAA36539|AAA36539.1	35.71	16	9	2	1	16	93	106	3.3	17.0
Seq10045_239_bp_-1_1_1	ENA|CAA29968|CAA29968.1	42.86	7	4	0	2	8	136	142	4.2	15.3
Seq10045_239_bp_-1_1_1	ENA|AAF79734|AAF79734.1	50.00	8	4	0	1	8	541	548	4.7	18.1
Seq10045_239_bp_-1_1_1	ENA|AAI27517|AAI27517.1	60.00	5	2	0	1	5	277	281	5.9	16.4
Seq10045_239_bp_-1_1_1	ENA|BAB79260|BAB79260.1	40.00	10	6	0	4	13	287	296	6.6	15.9
Seq10045_239_bp_-1_1_1	ENA|AAC78721|AAC78721.1	38.46	13	8	0	3	15	552	564	6.7	16.4
Seq10045_239_bp_-1_1_1	ENA|CAB75732|CAB75732.1	27.27	11	8	0	2	12	59	69	7.8	17.0
Seq10045_239_bp_-1_1_2	ENA|CAA73529|CAA73529.1	83.33	6	1	0	11	16	238	243	1.9	17.5
Seq10045_239_bp_-1_1_2	ENA|AAC40132|AAC40132.1	41.67	12	7	0	1	12	262	273	3.3	17.5
Seq10045_239_bp_-1_1_2	ENA|AAC49865|AAC49865.1	50.00	19	8	3	1	16	306	324	6.1	16.0
Seq10045_239_bp_-1_1_2	ENA|CAA28033|CAA28033.1	45.45	11	6	0	2	12	743	753	6.3	18.0
Seq10045_239_bp_-1_1_2	ENA|CAA43419|CAA43419.1	83.33	6	1	0	10	15	360	365	9.2	15.6
Seq10045_239_bp_-1_1_3	ENA|CAA36714|CAA36714.1	66.67	9	3	0	4	12	231	239	7.1	15.7
Seq10045_239_bp_-1_2_0	ENA|AAQ92751|AAQ92751.2	60.00	10	4	0	12	21	257	266	2.8	19.9
Seq10045_239_bp_-1_2_0	ENA|CAA36214|CAA36214.1	27.78	19	13	1	5	22	144	162	7	16.3
Seq10045_239_bp_-1_2_1	ENA|AAA32624|AAA32624.1	62.50	8	3	0	1	8	323	330	1.4	18.2
Seq10045_239_bp_-1_2_1	ENA|CAA26939|CAA26939.1	62.50	8	3	0	1	8	371	378	1.5	18.2
Seq10045_239_bp_-1_2_1	ENA|AAB96524|AAB96524.1	50.00	6	3	0	6	11	49	54	1.6	16.5
Seq10045_239_bp_-1_2_1	ENA|AAC78721|AAC78721.1	46.15	13	7	0	2	14	576	588	2.6	17.6
Seq10045_239_bp_-1_2_1	ENA|CAL82360|CAL82360.1	71.43	7	2	0	1	7	1174	1180	3.3	18.2
Seq10045_239_bp_-1_2_1	ENA|CAA29968|CAA29968.1	50.00	11	5	1	1	10	139	149	3.7	15.3
Seq10045_239_bp_-1_2_1	ENA|BAA32991|BAA32991.1	57.14	7	3	0	3	9	35	41	4.4	13.6
Seq10045_239_bp_-1_2_1	ENA|AAA18786|AAA18786.1	62.50	8	3	0	1	8	133	140	5.1	15.3
Seq10045_239_bp_-1_2_1	ENA|AAQ92751|AAQ92751.2	57.14	7	3	0	1	7	576	582	5.2	17.6
Seq10045_239_bp_-1_2_1	ENA|AAS77176|AAS77176.1	40.00	10	6	0	1	10	221	230	5.5	15.3
Seq10045_239_bp_-1_2_1	ENA|ACH70901|ACH70901.1	66.67	6	2	0	7	12	151	156	6.7	15.3
Seq10045_239_bp_-1_2_1	ENA|ACT10338|ACT10338.1	37.50	8	5	0	5	12	186	193	7.2	15.3
Seq10045_239_bp_-1_2_1	ENA|BAA32018|BAA32018.1	44.44	9	5	0	1	9	318	326	7.7	15.9
Seq10045_239_bp_-1_2_1	ENA|CAA36214|CAA36214.1	42.86	7	4	0	1	7	66	72	8.4	14.7
Seq10045_239_bp_-1_2_1	ENA|CAA36714|CAA36714.1	55.56	9	4	0	5	13	139	147	8.6	15.3
Seq10045_239_bp_-1_2_1	ENA|ABG75784|ABG75784.1	100.00	4	0	0	6	9	118	121	8.6	14.7
Seq10045_239_bp_-1_2_1	ENA|AAA72732|AAA72732.1	44.44	9	5	0	3	11	285	293	8.6	14.7
Seq10045_239_bp_-1_2_2	ENA|CAA29956|CAA29956.1	55.56	9	4	0	2	10	5	13	0.98	17.7
Seq10045_239_bp_-1_2_2	ENA|AAC49865|AAC49865.1	71.43	7	2	0	3	9	320	326	2.5	16.1
Seq10045_239_bp_-1_2_2	ENA|AAC78721|AAC78721.1	71.43	7	2	0	3	9	674	680	3.6	16.7
Seq10045_239_bp_-1_2_2	ENA|AAA18786|AAA18786.1	57.14	7	3	0	2	8	156	162	6	14.6
Seq10045_239_bp_-1_2_2	ENA|CAA26939|CAA26939.1	55.56	9	4	0	1	9	83	91	6.2	15.6
Seq10045_239_bp_-1_2_2	ENA|AAA24145|AAA24145.1	57.14	7	3	0	2	8	256	262	7.1	15.1
Seq10045_239_bp_-1_2_2	ENA|AAC08817|AAC08817.1	60.00	5	2	0	5	9	127	131	7.3	13.5
Seq10045_239_bp_-1_2_2	ENA|CAA11507|CAA11507.1	66.67	6	2	0	2	7	1269	1274	9.9	16.1
