Seq165_88_bp_1_0_0	BAA32991.1	50.00	13	6	1	3	14	25	37	0.00039	27.1
Seq165_88_bp_1_0_0	BAA32991.1	62.50	11	3	3	2	10	56	65	0.22	18.0
Seq165_88_bp_1_0_0	AAR37016.1	71.43	7	2	0	7	13	1260	1266	0.2	23.2
Seq165_88_bp_1_0_0	BAA32956.1	33.33	6	4	0	1	6	86	91	0.49	18.4
Seq165_88_bp_1_0_0	ABL74574.1	36.36	12	7	1	1	12	37	47	0.9	18.0
Seq165_88_bp_1_0_0	AAA24142.1	60.00	5	2	0	6	10	206	210	1.4	18.0
Seq165_88_bp_1_0_0	AAA25966.1	50.00	4	2	0	4	7	316	319	1.7	18.4
Seq165_88_bp_1_0_0	AAB26998.1	50.00	7	3	1	7	12	73	79	2	14.9
Seq165_88_bp_1_0_0	BAB17681.1	42.86	7	4	0	7	13	174	180	2.1	16.7
Seq165_88_bp_1_0_0	CAA45199.1	80.00	5	1	0	1	5	217	221	2.6	17.1
Seq165_88_bp_1_0_0	AAC97205.1	40.00	5	3	0	4	8	901	905	2.8	18.4
Seq165_88_bp_1_0_0	ABD49687.1	50.00	8	4	0	7	14	502	509	2.9	18.8
Seq165_88_bp_1_0_0	ABD33854.1	40.00	5	3	0	6	10	44	48	2.9	14.1
Seq165_88_bp_1_0_0	AAA42531.1	50.00	6	3	0	5	10	199	204	2.9	16.7
Seq165_88_bp_1_0_0	EDO47375.1	66.67	8	2	2	3	8	119	126	3.5	15.4
Seq165_88_bp_1_0_0	CAA73529.1	38.46	13	8	0	1	13	242	254	3.7	15.8
Seq165_88_bp_1_0_0	AAA23282.1	100.00	2	0	0	5	6	127	128	4.2	16.7
Seq165_88_bp_1_0_0	ABK71357.1	75.00	4	1	0	2	5	279	282	5	15.8
Seq165_88_bp_1_0_0	AAA36565.1	100.00	4	0	0	1	4	140	143	5.5	14.5
Seq165_88_bp_1_0_0	AAQ92751.2	66.67	3	1	0	6	8	1153	1155	5.6	17.5
Seq165_88_bp_1_0_0	AAR31603.1	50.00	4	2	0	5	8	64	67	7.9	14.9
Seq165_88_bp_1_0_0	AAB96524.1	33.33	6	4	0	8	13	176	181	8.1	14.1
Seq165_88_bp_1_0_0	AAA45888.1	40.00	5	3	0	1	5	74	78	9.1	14.9
Seq165_88_bp_1_0_0	ACT10338.1	50.00	6	3	0	3	8	130	135	9.2	14.9
Seq165_88_bp_1_0_0	CAA26230.1	25.00	8	6	0	6	13	463	470	9.8	15.4
Seq165_88_bp_1_0_0	AEE27845.1	40.00	10	6	0	2	11	743	752	9.9	16.7
Seq165_88_bp_1_1_0	AAA24969.1	96.55	29	1	0	1	29	43	71	2.2e-14	66.6
Seq165_88_bp_1_1_0	AAB03707.1	44.83	29	16	0	1	29	43	71	0.00011	34.3
Seq165_88_bp_1_1_0	CAA11507.1	50.00	32	14	4	1	28	70	101	0.00091	31.2
Seq165_88_bp_1_1_0	ABS38337.1	40.00	27	15	2	1	27	826	850	0.91	21.2
Seq165_88_bp_1_1_0	AAH69556.1	30.77	26	18	0	4	29	56	81	2.4	17.7
Seq165_88_bp_1_1_0	AAC17860.1	46.15	13	7	0	7	19	242	254	5	17.0
Seq165_88_bp_1_1_0	AAF01122.1	33.33	32	18	5	3	29	11	42	9.1	16.0
Seq165_88_bp_1_2_0	BAA32956.1	62.50	9	3	1	6	13	83	91	0.22	19.5
Seq165_88_bp_1_2_0	AAA42531.1	27.27	11	8	0	2	12	211	221	1.3	17.7
Seq165_88_bp_1_2_0	EDO47375.1	66.67	14	3	5	5	13	116	129	2.1	16.0
Seq165_88_bp_1_2_0	CAA73529.1	36.36	12	7	1	1	12	205	215	2.2	16.5
Seq165_88_bp_1_2_0	ABN10845.1	30.77	13	9	0	1	13	79	91	3.1	15.6
Seq165_88_bp_1_2_0	AAR37016.1	33.33	12	8	0	1	12	1878	1889	3.2	19.0
Seq165_88_bp_1_2_0	BAA32991.1	40.00	5	3	0	9	13	20	24	3.2	13.9
Seq165_88_bp_1_2_0	AAA72732.1	54.55	12	5	1	1	12	254	264	3.4	16.0
Seq165_88_bp_1_2_0	AAA23282.1	33.33	10	6	1	5	13	119	128	3.4	16.9
Seq165_88_bp_1_2_0	ACT10338.1	66.67	6	2	0	7	12	161	166	4.2	16.0
Seq165_88_bp_1_2_0	CAA43372.1	30.77	13	9	0	1	13	150	162	4.4	16.0
Seq165_88_bp_1_2_0	CAA04196.1	27.27	12	8	1	1	12	364	374	4.5	16.0
Seq165_88_bp_1_2_0	AAB64315.2	75.00	5	1	1	10	13	25	29	4.7	15.6
Seq165_88_bp_1_2_0	AAA45888.1	23.08	13	10	0	1	13	119	131	5.4	15.6
Seq165_88_bp_1_2_0	AAA32624.1	46.15	14	7	1	1	13	501	514	5.5	16.0
Seq165_88_bp_1_2_0	ABS38337.1	55.56	9	4	0	1	9	675	683	5.6	17.3
Seq165_88_bp_1_2_0	AAH69556.1	27.27	11	8	0	3	13	279	289	7.6	14.8
Seq165_88_bp_1_2_0	AAQ92751.2	30.77	13	9	0	1	13	1189	1201	7.9	16.9
Seq165_88_bp_1_2_0	AAA24142.1	27.27	11	8	0	2	12	368	378	8.4	15.2
Seq165_88_bp_1_2_0	BAB79260.1	27.27	11	8	0	3	13	432	442	8.4	15.2
Seq165_88_bp_1_2_0	CAA45199.1	42.86	8	4	1	7	13	444	451	8.7	15.2
Seq165_88_bp_1_2_0	ABD49687.1	40.00	10	6	0	4	13	1626	1635	9.6	16.9
Seq165_88_bp_1_2_1	CAA45199.1	50.00	10	5	0	5	14	382	391	0.36	20.0
Seq165_88_bp_1_2_1	ACT10338.1	50.00	10	5	0	2	11	113	122	0.39	19.6
Seq165_88_bp_1_2_1	AAA26915.1	44.44	9	5	0	1	9	449	457	1.9	17.6
Seq165_88_bp_1_2_1	ABN10845.1	57.14	7	3	0	2	8	13	19	2	16.4
Seq165_88_bp_1_2_1	AAX84812.1	36.36	11	7	0	3	13	78	88	2.2	16.4
Seq165_88_bp_1_2_1	AAI27517.1	42.86	7	4	0	6	12	510	516	2.4	17.6
Seq165_88_bp_1_2_1	AAA36565.1	38.46	13	8	0	1	13	117	129	3.6	15.1
Seq165_88_bp_1_2_1	ABS38337.1	66.67	6	2	0	6	11	41	46	3.9	18.0
Seq165_88_bp_1_2_1	BAB17681.1	50.00	8	4	0	3	10	116	123	4.4	15.5
Seq165_88_bp_1_2_1	BAA32991.1	42.86	7	4	0	2	8	22	28	4.5	13.5
Seq165_88_bp_1_2_1	AAB26998.1	33.33	6	4	0	4	9	10	15	5.1	13.5
Seq165_88_bp_1_2_1	AAR37016.1	44.44	9	5	0	4	12	1931	1939	5.3	18.4
Seq165_88_bp_1_2_1	AAA32624.1	55.56	11	4	2	2	12	508	516	8.1	15.5
Seq165_88_bp_1_2_1	ABD49687.1	60.00	5	2	0	8	12	1675	1679	8.7	17.2
Seq165_88_bp_-1_0_0	BAB70780.1	43.75	18	9	2	1	16	426	443	0.1	22.7
Seq165_88_bp_-1_0_0	AAA45888.1	46.15	13	7	0	5	17	66	78	0.11	22.3
Seq165_88_bp_-1_0_0	AAB64315.2	44.44	18	10	0	1	18	200	217	0.16	21.5
Seq165_88_bp_-1_0_0	CAA43372.1	31.58	19	13	0	6	24	344	362	0.34	20.8
Seq165_88_bp_-1_0_0	BAA32991.1	50.00	6	3	0	16	21	59	64	1.4	16.1
Seq165_88_bp_-1_0_0	AAA24142.1	42.86	7	4	0	12	18	206	212	1.4	18.8
Seq165_88_bp_-1_0_0	AEE27845.1	33.33	25	16	1	1	25	868	891	1.5	20.4
Seq165_88_bp_-1_0_0	CAA73529.1	28.57	21	15	0	1	21	28	48	1.9	17.7
Seq165_88_bp_-1_0_0	BAA32956.1	50.00	8	4	0	10	17	129	136	1.9	17.3
Seq165_88_bp_-1_0_0	AAA42531.1	33.33	15	10	0	10	24	23	37	2.6	17.7
Seq165_88_bp_-1_0_0	AAA32624.1	23.81	21	16	0	5	25	257	277	2.7	18.1
Seq165_88_bp_-1_0_0	ACH70904.1	22.22	18	14	0	8	25	170	187	3.2	17.3
Seq165_88_bp_-1_0_0	ABL74574.1	37.50	8	5	0	16	23	116	123	3.3	16.9
Seq165_88_bp_-1_0_0	AAX84812.1	44.44	9	5	0	16	24	107	115	3.4	16.5
Seq165_88_bp_-1_0_0	ABD33854.1	50.00	4	2	0	16	19	47	50	3.6	14.6
Seq165_88_bp_-1_0_0	AAA72732.1	21.43	14	11	0	2	15	107	120	4.6	16.5
Seq165_88_bp_-1_0_0	CAA26230.1	33.33	18	12	0	8	25	427	444	4.8	17.3
Seq165_88_bp_-1_0_0	EDO47375.1	33.33	17	10	2	2	16	109	125	6.1	15.4
Seq165_88_bp_-1_0_0	AAB26998.1	66.67	7	2	1	17	23	36	41	7.3	13.8
Seq165_88_bp_-1_0_0	CAA04196.1	100.00	3	0	0	15	17	259	261	7.8	16.1
Seq165_88_bp_-1_0_0	AAC97205.1	34.78	24	15	1	2	25	774	796	7.9	17.7
Seq165_88_bp_-1_0_0	ABN10845.1	50.00	8	4	0	5	12	47	54	8.9	15.0
Seq165_88_bp_-1_1_0	ABD49687.1	43.75	16	9	0	12	27	1467	1482	2	20.5
Seq165_88_bp_-1_1_0	AIR13712.1	48.00	31	13	6	1	25	262	292	2	18.1
Seq165_88_bp_-1_1_0	BAB79260.1	40.00	20	12	0	10	29	207	226	2.1	18.4
Seq165_88_bp_-1_1_0	AAI27517.1	36.00	30	16	5	3	27	472	501	3.5	18.1
Seq165_88_bp_-1_1_0	AAC78721.1	40.74	35	16	8	2	29	181	214	5	17.7
Seq165_88_bp_-1_1_0	AAX84812.1	45.45	25	12	3	1	24	33	55	5.5	16.0
Seq165_88_bp_-1_1_0	AAA32624.1	47.06	17	9	0	7	23	367	383	6.1	17.0
Seq165_88_bp_-1_1_0	BAA32956.1	42.11	24	11	5	4	27	36	54	6.3	15.7
Seq165_88_bp_-1_1_0	AAA36565.1	28.00	28	18	3	1	27	43	68	6.4	15.3
Seq165_88_bp_-1_1_0	AAA42531.1	27.78	18	13	0	11	28	157	174	7.2	16.4
Seq165_88_bp_-1_1_0	AAR31603.1	24.14	29	22	0	1	29	89	117	7.7	16.0
Seq165_88_bp_-1_1_0	AAA45888.1	31.58	19	13	0	1	19	20	38	8.9	16.0
Seq165_88_bp_-1_2_0	AAC08817.1	52.94	18	8	1	9	25	119	136	0.12	21.0
Seq165_88_bp_-1_2_0	AAB96524.1	20.83	24	19	0	2	25	85	108	0.46	19.2
Seq165_88_bp_-1_2_0	AAR37016.1	38.89	20	11	2	2	21	483	500	0.8	22.1
Seq165_88_bp_-1_2_0	CAA04196.1	75.00	11	2	3	2	12	39	46	1.7	18.5
Seq165_88_bp_-1_2_0	AAA26915.1	24.00	25	19	0	1	25	141	165	1.9	18.5
Seq165_88_bp_-1_2_0	AAI27517.1	39.13	28	14	5	2	26	283	308	2.3	18.5
Seq165_88_bp_-1_2_0	AAC78721.1	36.84	19	12	0	6	24	50	68	2.7	18.5
Seq165_88_bp_-1_2_0	AAB26998.1	50.00	8	4	0	2	9	38	45	3.6	14.9
Seq165_88_bp_-1_2_0	AAA36565.1	33.33	19	12	1	5	22	73	91	4.6	15.6
Seq165_88_bp_-1_2_0	BAB79260.1	37.50	16	10	0	10	25	134	149	4.7	17.1
Seq165_88_bp_-1_2_0	CAA74140.1	83.33	6	1	0	16	21	37	42	5.9	17.8
Seq165_88_bp_-1_2_0	BAB70780.1	45.45	11	6	0	16	26	479	489	6.3	16.7
Seq165_88_bp_-1_2_0	CAA26230.1	33.33	15	10	0	2	16	540	554	7.3	16.7
Seq165_88_bp_-1_2_0	AAA25966.1	31.82	24	15	2	2	23	490	513	7.3	17.1
Seq165_88_bp_-1_2_0	CAA73529.1	20.00	26	20	1	1	25	143	168	7.4	15.6
Seq165_88_bp_-1_2_0	AAB64315.2	33.33	18	12	0	2	19	119	136	8.8	15.6
Seq165_88_bp_-1_2_0	AAR31603.1	66.67	6	2	0	2	7	85	90	8.8	15.6
