Seq10027_879_bp_1_0_0	BAA32018.1	100.00	4	0	0	10	13	459	462	1.3	18.6
Seq10027_879_bp_1_0_0	AAI27517.1	80.00	5	1	0	10	14	425	429	3.5	17.1
Seq10027_879_bp_1_0_0	AAR31603.1	100.00	3	0	0	7	9	65	67	4	16.1
Seq10027_879_bp_1_0_0	CAA04196.1	100.00	3	0	0	7	9	109	111	5	16.1
Seq10027_879_bp_1_0_1	ABK71357.1	100.00	4	0	0	11	14	61	64	0.7	18.8
Seq10027_879_bp_1_0_1	AAH69556.1	100.00	4	0	0	10	13	271	274	1.3	17.7
Seq10027_879_bp_1_0_1	ACT10338.1	100.00	6	0	1	2	6	257	262	2.4	17.1
Seq10027_879_bp_1_0_1	CAA45199.1	100.00	4	0	0	5	8	74	77	2.8	17.1
Seq10027_879_bp_1_0_1	AAA25966.1	100.00	4	0	0	5	8	452	455	4.3	17.1
Seq10027_879_bp_1_0_1	CAA73529.1	100.00	3	0	0	2	4	161	163	5.3	15.4
Seq10027_879_bp_1_0_1	AII71783.1	100.00	3	0	0	2	4	119	121	5.9	15.4
Seq10027_879_bp_1_0_1	AAR37016.1	71.43	7	2	0	5	11	359	365	6.2	18.2
Seq10027_879_bp_1_0_1	CAA43372.1	100.00	3	0	0	13	15	142	144	7.8	15.4
Seq10027_879_bp_1_0_1	EDO47375.1	100.00	3	0	0	9	11	39	41	7.8	14.2
Seq10027_879_bp_1_0_1	ABN10845.1	100.00	3	0	0	12	14	39	41	8.9	14.2
Seq10027_879_bp_1_0_1	BAB70780.1	100.00	6	0	1	2	7	49	53	9	15.4
Seq10027_879_bp_1_0_2	AAB64315.2	100.00	4	0	0	2	5	299	302	0.7	18.3
Seq10027_879_bp_1_0_2	AAA72732.1	100.00	4	0	0	3	6	53	56	1.4	17.2
Seq10027_879_bp_1_0_2	AEE27845.1	83.33	6	1	0	1	6	576	581	4.2	17.7
Seq10027_879_bp_1_0_2	AAC08817.1	100.00	3	0	0	2	4	10	12	4.8	14.5
Seq10027_879_bp_1_0_2	EDO47375.1	100.00	3	0	0	1	3	34	36	5.5	14.5
Seq10027_879_bp_1_0_2	AAA25966.1	100.00	4	0	0	4	7	391	394	6.7	16.1
Seq10027_879_bp_1_0_2	ABN10845.1	100.00	3	0	0	10	12	162	164	9	13.9
Seq10027_879_bp_1_0_3	ACT10338.1	100.00	5	0	0	9	13	324	328	0.03	23.3
Seq10027_879_bp_1_0_3	AEE27845.1	83.33	6	1	0	5	10	779	784	0.97	20.1
Seq10027_879_bp_1_0_3	AAA26915.1	100.00	4	0	0	3	6	317	320	0.99	18.5
Seq10027_879_bp_1_0_3	AAA25966.1	100.00	4	0	0	2	5	666	669	3.1	17.5
Seq10027_879_bp_1_0_3	BAA32018.1	83.33	6	1	0	8	13	413	418	3.9	16.9
Seq10027_879_bp_1_0_3	ABG75784.1	100.00	3	0	0	10	12	161	163	4.1	15.9
Seq10027_879_bp_1_0_3	ABN10845.1	100.00	3	0	0	11	13	149	151	4.1	15.3
Seq10027_879_bp_1_0_3	AAC78721.1	80.00	5	1	0	7	11	403	407	4.2	16.9
Seq10027_879_bp_1_0_3	ABD49687.1	100.00	4	0	0	7	10	447	450	5.1	18.0
Seq10027_879_bp_1_0_3	BAE97662.1	100.00	6	0	1	9	13	624	629	6.9	16.9
Seq10027_879_bp_1_0_3	AAX12058.1	100.00	3	0	0	4	6	150	152	7.3	14.8
Seq10027_879_bp_1_0_3	CAA04196.1	100.00	3	0	0	11	13	152	154	7.7	15.3
Seq10027_879_bp_1_0_3	AAA32376.1	100.00	3	0	0	7	9	142	144	9.4	13.7
Seq10027_879_bp_1_0_3	AAR37016.1	100.00	4	0	0	2	5	1229	1232	9.6	17.5
Seq10027_879_bp_1_0_3	AAF01122.1	100.00	3	0	0	6	8	196	198	9.8	14.8
Seq10027_879_bp_1_1_0	AAA23282.1	100.00	7	0	1	10	16	424	429	0.066	22.9
Seq10027_879_bp_1_1_0	AAH69556.1	80.00	5	1	0	11	15	71	75	0.3	19.8
Seq10027_879_bp_1_1_0	ABK71357.1	83.33	6	1	0	1	6	311	316	1.1	18.3
Seq10027_879_bp_1_1_0	BAB17681.1	100.00	4	0	0	6	9	72	75	1.1	17.7
Seq10027_879_bp_1_1_0	AIR13712.1	85.71	8	1	1	2	9	271	277	2.8	16.7
Seq10027_879_bp_1_1_0	AAC78721.1	100.00	3	0	0	10	12	190	192	3.9	17.2
Seq10027_879_bp_1_1_0	EDO47375.1	100.00	3	0	0	9	11	37	39	4.6	15.1
Seq10027_879_bp_1_1_0	CAA11507.1	100.00	4	0	0	1	4	1282	1285	5.5	17.7
Seq10027_879_bp_1_1_1	ACH70904.1	100.00	8	0	2	18	25	280	285	1.8	18.8
Seq10027_879_bp_1_1_1	AAQ92751.2	75.00	8	2	0	11	18	1276	1283	1.9	20.7
Seq10027_879_bp_1_1_1	AAC08817.1	100.00	4	0	0	24	27	68	71	2.2	17.3
Seq10027_879_bp_1_1_1	AAA24142.1	100.00	4	0	0	32	35	342	345	2.2	18.8
Seq10027_879_bp_1_1_1	AAC97205.1	100.00	5	0	0	16	20	696	700	2.3	20.2
Seq10027_879_bp_1_1_1	AAA72732.1	100.00	4	0	0	19	22	250	253	3	17.8
Seq10027_879_bp_1_1_1	BAB79260.1	75.00	8	2	0	16	23	45	52	4.3	17.8
Seq10027_879_bp_1_1_1	AAB64315.2	100.00	4	0	0	30	33	30	33	4.3	17.3
Seq10027_879_bp_1_1_1	AAF01122.1	75.00	8	2	0	11	18	130	137	4.9	17.3
Seq10027_879_bp_1_1_1	AAB96524.1	100.00	11	0	5	31	36	139	149	6.4	15.9
Seq10027_879_bp_1_1_1	AEE27845.1	83.33	6	1	0	21	26	798	803	9	18.3
Seq10027_879_bp_1_1_1	ACT10338.1	100.00	4	0	0	29	32	377	380	9.3	16.4
Seq10027_879_bp_1_1_1	BAA32956.1	100.00	3	0	0	33	35	179	181	9.7	15.4
Seq10027_879_bp_1_1_1	AAA23282.1	100.00	4	0	0	21	24	520	523	9.8	16.9
Seq10027_879_bp_1_2_0	AAB03707.1	83.33	6	1	0	27	32	689	694	0.37	22.8
Seq10027_879_bp_1_2_0	AAA42531.1	100.00	8	0	2	1	6	194	201	0.87	19.8
Seq10027_879_bp_1_2_0	AAI27517.1	100.00	4	0	0	32	35	529	532	1.9	19.3
Seq10027_879_bp_1_2_0	AAA23282.1	100.00	4	0	0	5	8	290	293	2.6	18.7
Seq10027_879_bp_1_2_0	AAB64315.2	100.00	4	0	0	23	26	143	146	4.2	17.2
Seq10027_879_bp_1_2_0	AAA25966.1	100.00	4	0	0	10	13	62	65	4.6	18.2
Seq10027_879_bp_1_2_0	AAC97205.1	100.00	4	0	0	27	30	814	817	5.4	18.7
Seq10027_879_bp_1_2_0	ABG75784.1	100.00	4	0	0	15	18	197	200	5.6	16.7
Seq10027_879_bp_1_2_0	AAA24969.1	100.00	4	0	0	2	5	784	787	6.6	18.7
Seq10027_879_bp_1_2_0	AAC78721.1	100.00	4	0	0	23	26	485	488	8.3	17.2
Seq10027_879_bp_1_2_0	AAA32376.1	100.00	7	0	2	24	28	46	52	8.8	15.2
Seq10027_879_bp_1_2_0	AAR37016.1	80.00	5	1	0	31	35	662	666	9.9	18.7
Seq10027_879_bp_1_2_1	AAA45888.1	100.00	4	0	0	2	5	336	339	0.34	19.4
Seq10027_879_bp_1_2_1	AAR31603.1	80.00	5	1	0	4	8	48	52	1.1	17.5
Seq10027_879_bp_1_2_1	ABK71357.1	100.00	4	0	0	8	11	292	295	1.3	17.5
Seq10027_879_bp_1_2_1	CAA74140.1	100.00	4	0	0	6	9	99	102	1.6	18.5
Seq10027_879_bp_1_2_1	BAA32956.1	100.00	3	0	0	4	6	94	96	1.9	16.1
Seq10027_879_bp_1_2_1	ABD33854.1	100.00	3	0	0	7	9	41	43	2.2	14.1
Seq10027_879_bp_1_2_1	AAH69556.1	75.00	9	2	1	1	9	178	185	3.8	15.6
Seq10027_879_bp_1_2_1	AAA24142.1	100.00	3	0	0	4	6	327	329	4.1	16.1
Seq10027_879_bp_1_2_1	CAA11507.1	100.00	3	0	0	5	7	1	3	6.2	17.0
Seq10027_879_bp_1_2_1	AAX84812.1	100.00	3	0	0	7	9	37	39	7.6	14.1
Seq10027_879_bp_1_2_1	ABD49687.1	100.00	3	0	0	5	7	1550	1552	7.6	17.0
Seq10027_879_bp_1_2_1	EDO47375.1	100.00	3	0	0	8	10	52	54	8.6	13.6
Seq10027_879_bp_1_2_1	AAA18786.1	100.00	3	0	0	9	11	206	208	8.7	14.1
Seq10027_879_bp_1_2_1	CAA73529.1	100.00	3	0	0	7	9	27	29	8.9	14.1
Seq10027_879_bp_1_2_1	AAX12058.1	100.00	3	0	0	7	9	110	112	8.9	14.1
Seq10027_879_bp_1_2_1	AAI27517.1	71.43	7	2	0	2	8	106	112	9.8	15.1
Seq10027_879_bp_1_2_1	AII71783.1	100.00	3	0	0	1	3	172	174	9.9	14.1
Seq10027_879_bp_-1_0_0	AAB26998.1	83.33	6	1	0	3	8	3	8	0.33	19.1
Seq10027_879_bp_-1_0_0	AAF01122.1	100.00	11	0	4	29	35	332	342	1.1	19.6
Seq10027_879_bp_-1_0_0	AAA36565.1	100.00	4	0	0	13	16	61	64	2	17.5
Seq10027_879_bp_-1_0_0	AAA32624.1	100.00	4	0	0	20	23	20	23	2.2	19.1
Seq10027_879_bp_-1_0_0	AAR31603.1	100.00	4	0	0	14	17	233	236	2.7	18.0
Seq10027_879_bp_-1_0_0	CAA04196.1	100.00	4	0	0	15	18	376	379	3.4	18.0
Seq10027_879_bp_-1_0_0	CAD53387.1	100.00	4	0	0	10	13	13	16	4.1	18.0
Seq10027_879_bp_-1_0_0	AAI27517.1	100.00	4	0	0	32	35	107	110	4.8	18.0
Seq10027_879_bp_-1_0_0	BAA32018.1	100.00	4	0	0	14	17	584	587	5.1	18.0
Seq10027_879_bp_-1_0_0	AAA72732.1	100.00	4	0	0	26	29	64	67	5.1	17.0
Seq10027_879_bp_-1_0_0	AIR13712.1	100.00	4	0	0	23	26	14	17	5.3	17.0
Seq10027_879_bp_-1_0_0	CAA11507.1	87.50	10	1	2	24	33	256	263	5.5	19.1
Seq10027_879_bp_-1_0_0	ACH70904.1	100.00	4	0	0	7	10	228	231	5.8	17.0
Seq10027_879_bp_-1_0_0	CAA73529.1	100.00	4	0	0	6	9	79	82	6.2	16.5
Seq10027_879_bp_-1_0_0	CAA74140.1	100.00	4	0	0	11	14	938	941	7.4	18.0
Seq10027_879_bp_-1_0_0	ABD33854.1	100.00	3	0	0	5	7	10	12	8.1	14.0
Seq10027_879_bp_-1_0_0	AII71783.1	80.00	5	1	0	21	25	125	129	9.6	16.0
Seq10027_879_bp_-1_0_0	ABN10845.1	71.43	7	2	0	1	7	23	29	9.6	15.5
Seq10027_879_bp_-1_0_0	ABS38337.1	100.00	4	0	0	21	24	487	490	9.9	18.0
Seq10027_879_bp_-1_1_0	ABD33854.1	66.67	6	2	0	5	10	21	26	0.65	16.4
Seq10027_879_bp_-1_1_0	CAA74140.1	100.00	4	0	0	2	5	275	278	3.2	17.9
Seq10027_879_bp_-1_1_0	AAA42531.1	66.67	6	2	0	3	8	235	240	3.9	16.4
Seq10027_879_bp_-1_1_0	ABD49687.1	100.00	4	0	0	10	13	200	203	4.1	18.4
Seq10027_879_bp_-1_1_0	AAA18786.1	75.00	4	1	0	9	12	194	197	7.5	14.8
Seq10027_879_bp_-1_1_0	AAX12058.1	100.00	3	0	0	9	11	70	72	7.6	14.8
Seq10027_879_bp_-1_1_0	ABN10845.1	100.00	3	0	0	3	5	65	67	8.6	14.3
Seq10027_879_bp_-1_1_1	CAD53387.1	100.00	4	0	0	10	13	481	484	0.32	20.5
Seq10027_879_bp_-1_1_1	AAC97205.1	100.00	7	0	1	2	8	33	38	0.54	21.0
Seq10027_879_bp_-1_1_1	AAQ92751.2	100.00	4	0	0	8	11	905	908	3.8	18.3
Seq10027_879_bp_-1_1_1	AAC08817.1	100.00	3	0	0	9	11	41	43	5.9	14.6
Seq10027_879_bp_-1_1_1	AAC17860.1	100.00	3	0	0	10	12	249	251	9.8	15.1
Seq10027_879_bp_-1_1_2	AAA72732.1	100.00	4	0	0	4	7	57	60	1.1	17.4
Seq10027_879_bp_-1_1_2	AAA42531.1	100.00	4	0	0	2	5	230	233	1.4	17.4
Seq10027_879_bp_-1_1_2	BAA32991.1	100.00	3	0	0	1	3	44	46	1.8	14.5
Seq10027_879_bp_-1_1_2	BAB70780.1	71.43	7	2	0	3	9	165	171	2.5	16.9
Seq10027_879_bp_-1_1_2	ACH70904.1	83.33	6	1	0	2	7	351	356	2.8	16.3
Seq10027_879_bp_-1_1_2	AEE27845.1	100.00	4	0	0	8	11	593	596	3.2	18.0
Seq10027_879_bp_-1_1_2	ABD49687.1	100.00	4	0	0	3	6	1211	1214	5.8	17.4
Seq10027_879_bp_-1_1_2	AAA36565.1	100.00	3	0	0	9	11	74	76	6.4	13.9
Seq10027_879_bp_-1_1_2	AAA32376.1	100.00	3	0	0	9	11	169	171	6.7	13.9
Seq10027_879_bp_-1_1_2	AAB96524.1	100.00	3	0	0	9	11	42	44	7.1	13.9
Seq10027_879_bp_-1_1_2	AAX84812.1	100.00	3	0	0	9	11	61	63	8.7	13.9
Seq10027_879_bp_-1_1_2	AAF01122.1	100.00	3	0	0	1	3	96	98	9.4	14.5
Seq10027_879_bp_-1_1_3	AII71783.1	100.00	3	0	0	12	14	252	254	9.3	14.9
Seq10027_879_bp_-1_1_3	ABN10845.1	100.00	3	0	0	11	13	76	78	9.5	14.4
Seq10027_879_bp_-1_1_3	AAA24142.1	100.00	12	0	6	4	9	70	81	9.5	15.5
Seq10027_879_bp_-1_2_0	AAB96524.1	100.00	4	0	0	14	17	95	98	0.77	18.3
Seq10027_879_bp_-1_2_0	AAA26915.1	100.00	4	0	0	13	16	31	34	0.89	19.5
Seq10027_879_bp_-1_2_0	CAA45199.1	80.00	5	1	0	20	24	80	84	0.9	19.5
Seq10027_879_bp_-1_2_0	AAR31603.1	83.33	6	1	0	2	7	263	268	0.92	18.9
Seq10027_879_bp_-1_2_0	AAA24142.1	100.00	4	0	0	1	4	370	373	1.9	18.3
Seq10027_879_bp_-1_2_0	AAA32624.1	100.00	4	0	0	8	11	180	183	2.1	18.3
Seq10027_879_bp_-1_2_0	AAR37016.1	100.00	4	0	0	21	24	844	847	3	20.0
Seq10027_879_bp_-1_2_0	BAE97662.1	100.00	4	0	0	8	11	897	900	4.6	18.3
Seq10027_879_bp_-1_2_0	AAB26998.1	100.00	3	0	0	2	4	41	43	6.8	13.9
Seq10027_879_bp_-1_2_0	ABL74574.1	100.00	3	0	0	19	21	29	31	7.7	15.5
Seq10027_879_bp_-1_2_0	AAH69556.1	100.00	3	0	0	13	15	239	241	8.1	15.5
Seq10027_879_bp_-1_2_0	ABN10845.1	100.00	3	0	0	22	24	156	158	8.5	15.0
Seq10027_879_bp_-1_2_0	BAA32991.1	100.00	3	0	0	9	11	53	55	8.5	13.3
Seq10027_879_bp_-1_2_1	AAB64315.2	100.00	4	0	0	14	17	320	323	2.8	17.7
Seq10027_879_bp_-1_2_1	AAB96524.1	100.00	3	0	0	11	13	62	64	3.1	16.7
Seq10027_879_bp_-1_2_1	ACH70904.1	100.00	4	0	0	14	17	256	259	3.1	17.7
Seq10027_879_bp_-1_2_1	AAF01122.1	100.00	4	0	0	13	16	262	265	3.3	17.7
Seq10027_879_bp_-1_2_1	AAA23282.1	100.00	4	0	0	19	22	296	299	3.5	18.1
Seq10027_879_bp_-1_2_1	AAA24142.1	100.00	4	0	0	14	17	341	344	3.9	17.7
Seq10027_879_bp_-1_2_1	ABD33854.1	100.00	3	0	0	3	5	39	41	4	14.8
Seq10027_879_bp_-1_2_1	CAA45199.1	100.00	4	0	0	13	16	131	134	4	17.7
Seq10027_879_bp_-1_2_1	AAR37016.1	83.33	6	1	0	4	9	230	235	5.3	19.6
Seq10027_879_bp_-1_2_1	AAC78721.1	100.00	4	0	0	13	16	527	530	5.7	17.7
Seq10027_879_bp_-1_2_1	ABS38337.1	80.00	5	1	0	17	21	1175	1179	7.7	18.1
Seq10027_879_bp_-1_2_1	CAA74140.1	100.00	4	0	0	13	16	796	799	7.8	17.7
Seq10027_879_bp_-1_2_1	AAA65607.1	100.00	6	0	1	20	24	67	72	8.2	16.2
Seq10027_879_bp_-1_2_1	AAA24969.1	100.00	4	0	0	18	21	1241	1244	9	18.1
