Seq6279_143_bp_1_0_0	ENA|ACH70901|ACH70901.1	95.74	47	2	0	1	47	51	97	3.3e-37	141.1
Seq6279_143_bp_1_0_0	ENA|ABD33854|ABD33854.1	55.56	9	4	0	4	12	31	39	1.1	17.2
Seq6279_143_bp_1_0_0	ENA|AAR31603|AAR31603.1	45.45	11	6	0	27	37	175	185	1.4	19.3
Seq6279_143_bp_1_0_0	ENA|AAB26998|AAB26998.1	80.00	5	1	0	19	23	32	36	2.7	16.2
Seq6279_143_bp_1_0_0	ENA|AAA36539|AAA36539.1	71.43	7	2	0	25	31	232	238	2.8	18.8
Seq6279_143_bp_1_0_0	ENA|CAA36714|CAA36714.1	71.43	7	2	0	33	39	438	444	3.9	18.3
Seq6279_143_bp_1_0_0	ENA|AAC17860|AAC17860.1	44.44	9	5	0	22	30	358	366	6.7	17.2
Seq6279_143_bp_1_0_0	ENA|AAC08817|AAC08817.1	80.00	5	1	0	4	8	129	133	7.3	15.7
Seq6279_143_bp_1_1_0	ENA|BAA32956|BAA32956.1	36.67	31	19	1	15	45	163	192	0.0041	27.0
Seq6279_143_bp_1_1_0	ENA|AAC97205|AAC97205.1	47.06	19	9	2	20	38	265	281	0.073	25.4
Seq6279_143_bp_1_1_0	ENA|AAC08817|AAC08817.1	32.35	34	23	0	14	47	26	59	0.26	20.6
Seq6279_143_bp_1_1_0	ENA|AAI27517|AAI27517.1	52.94	21	8	4	31	47	100	120	0.47	21.7
Seq6279_143_bp_1_1_0	ENA|AAA32624|AAA32624.1	71.43	15	4	1	10	24	229	242	0.6	21.2
Seq6279_143_bp_1_1_0	ENA|AAB66912|AAB66912.1	71.43	7	2	0	39	45	295	301	0.73	21.7
Seq6279_143_bp_1_1_0	ENA|BAA32991|BAA32991.1	35.29	17	11	0	30	46	2	18	1	17.4
Seq6279_143_bp_1_1_0	ENA|AAR31603|AAR31603.1	77.78	10	2	1	12	21	302	310	1.1	19.6
Seq6279_143_bp_1_1_0	ENA|CAD53387|CAD53387.1	62.50	8	3	0	38	45	8	15	1.2	20.1
Seq6279_143_bp_1_1_0	ENA|AAR37016|AAR37016.1	50.00	10	5	0	8	17	416	425	1.8	21.7
Seq6279_143_bp_1_1_0	ENA|CAA26023|CAA26023.1	55.56	9	4	0	38	46	305	313	1.9	19.0
Seq6279_143_bp_1_1_0	ENA|CAA45708|CAA45708.1	60.00	10	4	0	38	47	1028	1037	2.5	20.6
Seq6279_143_bp_1_1_0	ENA|BAA05866|BAA05866.1	35.71	14	9	0	20	33	32	45	3.2	18.0
Seq6279_143_bp_1_1_0	ENA|CAA36214|CAA36214.1	50.00	10	5	0	6	15	223	232	4.5	17.4
Seq6279_143_bp_1_1_0	ENA|CAA11507|CAA11507.1	38.46	13	8	0	25	37	17	29	4.6	19.6
Seq6279_143_bp_1_1_0	ENA|AAB26998|AAB26998.1	60.00	5	2	0	33	37	35	39	5	15.3
Seq6279_143_bp_1_1_0	ENA|ABK71357|ABK71357.1	55.56	9	4	0	12	20	290	298	5.4	17.4
Seq6279_143_bp_1_1_0	ENA|AAA18786|AAA18786.1	100.00	4	0	0	42	45	240	243	5.6	16.9
Seq6279_143_bp_1_1_0	ENA|ABD49687|ABD49687.1	38.46	13	8	0	33	45	1136	1148	5.7	19.6
Seq6279_143_bp_1_1_0	ENA|AAC49865|AAC49865.1	42.86	14	8	0	9	22	101	114	6.8	16.9
Seq6279_143_bp_1_1_0	ENA|CCP43727|CCP43727.1	38.46	13	8	0	18	30	267	279	6.8	16.9
Seq6279_143_bp_1_1_0	ENA|AAA24145|AAA24145.1	66.67	9	3	0	11	19	101	109	9.3	16.9
Seq6279_143_bp_1_1_0	ENA|AAF79734|AAF79734.1	83.33	6	1	0	28	33	461	466	9.7	18.5
Seq6279_143_bp_1_2_0	ENA|AAR37016|AAR37016.1	46.67	15	8	0	25	39	157	171	0.034	27.4
Seq6279_143_bp_1_2_0	ENA|AAR37016|AAR37016.1	40.74	28	16	1	7	33	327	354	0.34	24.1
Seq6279_143_bp_1_2_0	ENA|AAC08817|AAC08817.1	46.15	13	7	0	7	19	121	133	0.071	22.4
Seq6279_143_bp_1_2_0	ENA|ABK71357|ABK71357.1	57.14	14	6	0	16	29	137	150	0.12	23.0
Seq6279_143_bp_1_2_0	ENA|AAB96524|AAB96524.1	41.94	35	18	4	6	36	114	148	0.12	21.9
Seq6279_143_bp_1_2_0	ENA|BAA36759|BAA36759.1	46.15	13	7	0	26	38	146	158	0.28	21.3
Seq6279_143_bp_1_2_0	ENA|CAD53387|CAD53387.1	66.67	28	7	7	2	23	451	477	0.33	21.9
Seq6279_143_bp_1_2_0	ENA|AAB66912|AAB66912.1	55.00	25	9	5	1	21	13	36	0.42	22.4
Seq6279_143_bp_1_2_0	ENA|CAA26023|CAA26023.1	66.67	6	2	0	30	35	277	282	1.2	19.7
Seq6279_143_bp_1_2_0	ENA|AAA18786|AAA18786.1	100.00	5	0	0	28	32	177	181	1.2	19.1
Seq6279_143_bp_1_2_0	ENA|CAA73529|CAA73529.1	54.55	11	5	0	1	11	148	158	1.8	18.6
Seq6279_143_bp_1_2_0	ENA|AAI27517|AAI27517.1	31.58	19	13	0	27	45	292	310	2.6	19.1
Seq6279_143_bp_1_2_0	ENA|BAA32956|BAA32956.1	50.00	17	8	1	29	45	188	203	2.9	17.5
Seq6279_143_bp_1_2_0	ENA|AAA36539|AAA36539.1	66.67	13	4	1	27	38	239	251	3.1	18.6
Seq6279_143_bp_1_2_0	ENA|CAA36714|CAA36714.1	33.33	12	8	0	22	33	435	446	4.4	18.0
Seq6279_143_bp_1_2_0	ENA|AAC97205|AAC97205.1	46.15	13	7	0	24	36	392	404	5.3	19.1
Seq6279_143_bp_1_2_0	ENA|ABD33854|ABD33854.1	60.00	5	2	0	36	40	52	56	5.8	14.7
Seq6279_143_bp_1_2_0	ENA|AAB03707|AAB03707.1	40.00	15	9	0	30	44	975	989	5.9	19.1
Seq6279_143_bp_1_2_0	ENA|AAC78721|AAC78721.1	41.67	12	7	0	34	45	516	527	6.2	18.0
Seq6279_143_bp_1_2_0	ENA|CAA45199|CAA45199.1	50.00	14	7	0	4	17	204	217	6.4	17.5
Seq6279_143_bp_1_2_0	ENA|CAA29968|CAA29968.1	57.14	7	3	0	28	34	26	32	8.1	15.8
Seq6279_143_bp_-1_0_0	ENA|ABK71357|ABK71357.1	71.43	7	2	0	6	12	247	253	0.41	19.8
Seq6279_143_bp_-1_0_0	ENA|AAR31603|AAR31603.1	83.33	6	1	0	6	11	292	297	0.82	18.6
Seq6279_143_bp_-1_0_0	ENA|ABG75784|ABG75784.1	50.00	8	4	0	7	14	241	248	2.7	16.7
Seq6279_143_bp_-1_0_0	ENA|ABD49687|ABD49687.1	60.00	10	4	0	7	16	795	804	2.8	19.2
Seq6279_143_bp_-1_0_0	ENA|AAC97205|AAC97205.1	55.56	9	4	0	4	12	472	480	3	18.6
Seq6279_143_bp_-1_0_0	ENA|BAA32991|BAA32991.1	100.00	4	0	0	4	7	37	40	3.1	14.3
Seq6279_143_bp_-1_0_0	ENA|ACH70901|ACH70901.1	44.44	9	5	0	3	11	90	98	4.7	16.1
Seq6279_143_bp_-1_0_0	ENA|CAA28033|CAA28033.1	80.00	5	1	0	12	16	954	958	4.8	18.0
Seq6279_143_bp_-1_0_0	ENA|AAA42531|AAA42531.1	57.14	7	3	0	1	7	146	152	5	16.1
Seq6279_143_bp_-1_0_0	ENA|ACT10338|ACT10338.1	50.00	6	3	0	12	17	41	46	5	16.1
Seq6279_143_bp_-1_0_0	ENA|AAC40132|AAC40132.1	44.44	9	5	0	4	12	462	470	6.1	16.1
Seq6279_143_bp_-1_0_0	ENA|BAA32956|BAA32956.1	40.00	5	3	0	13	17	131	135	6.2	14.9
Seq6279_143_bp_-1_0_0	ENA|EDO47375|EDO47375.1	75.00	4	1	0	2	5	141	144	8.3	14.3
Seq6279_143_bp_-1_0_0	ENA|AAR37016|AAR37016.1	80.00	5	1	0	9	13	14	18	8.4	18.0
Seq6279_143_bp_-1_0_0	ENA|CAB75732|CAB75732.1	62.50	8	3	0	3	10	496	503	9.4	16.7
Seq6279_143_bp_-1_0_1	ENA|AAA36539|AAA36539.1	66.67	6	2	0	1	6	419	424	0.82	19.3
Seq6279_143_bp_-1_0_1	ENA|ACT10338|ACT10338.1	83.33	6	1	0	13	18	153	158	2.1	17.6
Seq6279_143_bp_-1_0_1	ENA|CAA36714|CAA36714.1	41.67	12	7	0	6	17	413	424	2.5	17.6
Seq6279_143_bp_-1_0_1	ENA|CAA26023|CAA26023.1	50.00	10	5	0	6	15	15	24	3	17.0
Seq6279_143_bp_-1_0_1	ENA|AAI27517|AAI27517.1	55.56	9	4	0	4	12	522	530	3.2	17.6
Seq6279_143_bp_-1_0_1	ENA|AAA24145|AAA24145.1	57.14	7	3	0	1	7	162	168	3.6	17.0
Seq6279_143_bp_-1_0_1	ENA|AAA36114|AAA36114.1	66.67	9	3	0	11	19	473	481	4	17.0
Seq6279_143_bp_-1_0_1	ENA|ABD49687|ABD49687.1	54.55	11	5	0	9	19	1513	1523	4.2	18.7
Seq6279_143_bp_-1_0_1	ENA|AAC26660|AAC26660.1	50.00	6	3	0	4	9	56	61	4.4	15.9
Seq6279_143_bp_-1_0_1	ENA|AAB96524|AAB96524.1	62.50	8	3	0	10	17	84	91	4.7	15.3
Seq6279_143_bp_-1_0_1	ENA|CAA28033|CAA28033.1	66.67	6	2	0	1	6	440	445	6.8	17.6
Seq6279_143_bp_-1_0_1	ENA|ABG75784|ABG75784.1	42.86	7	4	0	10	16	130	136	7.6	15.3
Seq6279_143_bp_-1_0_1	ENA|CAA45199|CAA45199.1	45.45	11	6	0	8	18	149	159	7.8	15.9
Seq6279_143_bp_-1_0_1	ENA|CAD53387|CAD53387.1	55.56	9	4	0	5	13	465	473	8.3	15.9
Seq6279_143_bp_-1_0_1	ENA|AAC08817|AAC08817.1	50.00	8	4	0	10	17	61	68	8.3	14.2
Seq6279_143_bp_-1_1_0	ENA|BAA32956|BAA32956.1	63.64	11	4	0	1	11	179	189	0.13	20.8
Seq6279_143_bp_-1_1_0	ENA|ACH70901|ACH70901.1	57.14	7	3	0	4	10	237	243	2.8	17.2
Seq6279_143_bp_-1_1_0	ENA|BAA32018|BAA32018.1	23.53	17	13	0	4	20	560	576	9.4	16.1
Seq6279_143_bp_-1_1_1	ENA|EDO47375|EDO47375.1	57.14	7	3	0	3	9	153	159	2.2	15.8
Seq6279_143_bp_-1_1_1	ENA|ABD33854|ABD33854.1	50.00	8	4	0	4	11	48	55	4.1	13.3
Seq6279_143_bp_-1_1_1	ENA|AAA32624|AAA32624.1	80.00	5	1	0	3	7	304	308	4.3	16.3
Seq6279_143_bp_-1_1_1	ENA|ABD49687|ABD49687.1	100.00	5	0	0	8	12	464	468	7	17.3
Seq6279_143_bp_-1_1_1	ENA|CAA11507|CAA11507.1	50.00	10	5	0	2	11	1325	1334	7.7	16.8
Seq6279_143_bp_-1_1_2	ENA|AAC08817|AAC08817.1	71.43	7	2	0	2	8	42	48	1.3	16.4
Seq6279_143_bp_-1_1_2	ENA|ABD33854|ABD33854.1	100.00	3	0	0	11	13	51	53	1.9	14.6
Seq6279_143_bp_-1_1_2	ENA|BAA32956|BAA32956.1	75.00	4	1	0	9	12	77	80	5.9	14.6
Seq6279_143_bp_-1_1_2	ENA|CAA43419|CAA43419.1	80.00	5	1	0	2	6	203	207	6.8	15.2
Seq6279_143_bp_-1_1_2	ENA|AAA42531|AAA42531.1	44.44	9	5	0	3	11	6	14	7.1	15.2
Seq6279_143_bp_-1_2_0	ENA|CAA45708|CAA45708.1	38.89	18	11	0	22	39	352	369	0.17	24.5
Seq6279_143_bp_-1_2_0	ENA|CAA45708|CAA45708.1	39.13	23	14	0	18	40	1093	1115	0.25	24.0
Seq6279_143_bp_-1_2_0	ENA|AAR31603|AAR31603.1	71.43	7	2	0	35	41	104	110	0.79	20.1
Seq6279_143_bp_-1_2_0	ENA|AAC78721|AAC78721.1	60.00	17	6	2	8	22	453	469	3.4	19.0
Seq6279_143_bp_-1_2_0	ENA|AAB66912|AAB66912.1	66.67	9	3	0	33	41	13	21	4.6	19.0
Seq6279_143_bp_-1_2_0	ENA|BAA05866|BAA05866.1	100.00	4	0	0	39	42	282	285	4.8	17.3
Seq6279_143_bp_-1_2_0	ENA|ACH70901|ACH70901.1	66.67	6	2	0	34	39	277	282	5.6	17.3
Seq6279_143_bp_-1_2_0	ENA|CAB75732|CAB75732.1	41.67	12	7	0	10	21	801	812	5.7	19.0
Seq6279_143_bp_-1_2_0	ENA|CAA24711|CAA24711.1	50.00	8	4	0	34	41	156	163	5.7	16.2
Seq6279_143_bp_-1_2_0	ENA|BAB17681|BAB17681.1	54.55	11	5	0	27	37	48	58	6.2	16.8
Seq6279_143_bp_-1_2_0	ENA|CAA11507|CAA11507.1	83.33	6	1	0	20	25	1366	1371	6.7	19.0
Seq6279_143_bp_-1_2_0	ENA|CCP43727|CCP43727.1	41.67	12	7	0	21	32	102	113	7.3	16.8
Seq6279_143_bp_-1_2_0	ENA|AAA36114|AAA36114.1	41.67	12	7	0	35	46	111	122	7.7	17.3
Seq6279_143_bp_-1_2_0	ENA|CAA43419|CAA43419.1	36.36	11	7	0	14	24	120	130	8.1	16.8
Seq6279_143_bp_-1_2_0	ENA|ABD33854|ABD33854.1	40.00	10	6	0	18	27	26	35	9.4	14.0
