Seq7734_249_bp_1_0_0	ENA|AAA42531|AAA42531.1	83.33	6	1	0	2	7	70	75	0.25	20.4
Seq7734_249_bp_1_0_0	ENA|AAF79734|AAF79734.1	66.67	6	2	0	2	7	1245	1250	0.93	20.4
Seq7734_249_bp_1_0_0	ENA|BAB17681|BAB17681.1	62.50	8	3	0	2	9	161	168	1	17.8
Seq7734_249_bp_1_0_0	ENA|AAC78721|AAC78721.1	50.00	10	5	0	2	11	161	170	1	19.1
Seq7734_249_bp_1_0_0	ENA|BAA36759|BAA36759.1	57.14	7	3	0	1	7	117	123	2.6	16.5
Seq7734_249_bp_1_0_0	ENA|BAA05866|BAA05866.1	71.43	7	2	0	7	13	258	264	2.8	16.5
Seq7734_249_bp_1_0_0	ENA|AAR37016|AAR37016.1	57.14	7	3	0	9	15	491	497	3.6	19.1
Seq7734_249_bp_1_0_0	ENA|AAC26660|AAC26660.1	50.00	10	5	0	6	15	28	37	3.6	15.8
Seq7734_249_bp_1_0_0	ENA|BAB79260|BAB79260.1	50.00	8	4	0	7	14	70	77	4.1	16.5
Seq7734_249_bp_1_0_0	ENA|AAA32624|AAA32624.1	80.00	5	1	0	7	11	256	260	4.7	16.5
Seq7734_249_bp_1_0_0	ENA|AAB66912|AAB66912.1	100.00	5	0	0	8	12	677	681	5.3	17.1
Seq7734_249_bp_1_0_0	ENA|AAA25966|AAA25966.1	100.00	4	0	0	6	9	722	725	6.4	16.5
Seq7734_249_bp_1_0_0	ENA|ABD49687|ABD49687.1	100.00	4	0	0	4	7	1054	1057	9.4	17.1
Seq7734_249_bp_1_0_0	ENA|AAB26998|AAB26998.1	60.00	5	2	0	1	5	27	31	9.7	12.6
Seq7734_249_bp_1_0_0	ENA|AAA36539|AAA36539.1	41.67	12	7	0	3	14	275	286	9.9	15.2
Seq7734_249_bp_1_0_1	ENA|ABG75784|ABG75784.1	71.43	7	2	0	7	13	138	144	2.9	16.3
Seq7734_249_bp_1_0_1	ENA|ACT10338|ACT10338.1	45.45	11	6	0	1	11	44	54	9.7	14.7
Seq7734_249_bp_1_0_2	ENA|CAA29956|CAA29956.1	58.33	12	5	0	1	12	305	316	2.5	16.7
Seq7734_249_bp_1_0_2	ENA|AAA36114|AAA36114.1	62.50	8	3	0	6	13	232	239	3.4	16.7
Seq7734_249_bp_1_0_2	ENA|AAA32624|AAA32624.1	66.67	9	3	0	5	13	453	461	3.4	16.7
Seq7734_249_bp_1_0_2	ENA|AAC49865|AAC49865.1	100.00	4	0	0	10	13	85	88	4.4	15.7
Seq7734_249_bp_1_0_2	ENA|ABD33854|ABD33854.1	75.00	4	1	0	10	13	47	50	9.8	12.1
Seq7734_249_bp_1_0_3	ENA|BAA32018|BAA32018.1	80.00	5	1	0	1	5	239	243	0.33	20.4
Seq7734_249_bp_1_0_3	ENA|AAA18786|AAA18786.1	50.00	8	4	0	6	13	114	121	0.35	19.1
Seq7734_249_bp_1_0_3	ENA|CAA36214|CAA36214.1	83.33	6	1	0	2	7	183	188	0.4	19.1
Seq7734_249_bp_1_0_3	ENA|BAA32956|BAA32956.1	50.00	6	3	0	2	7	111	116	0.43	18.5
Seq7734_249_bp_1_0_3	ENA|AAA32624|AAA32624.1	45.45	11	6	0	2	12	153	163	1.1	18.5
Seq7734_249_bp_1_0_3	ENA|CAA28033|CAA28033.1	83.33	6	1	0	8	13	923	928	1.1	19.8
Seq7734_249_bp_1_0_3	ENA|ABN10845|ABN10845.1	42.86	7	4	0	2	8	9	15	1.1	17.2
Seq7734_249_bp_1_0_3	ENA|CAA29968|CAA29968.1	83.33	6	1	0	8	13	112	117	1.5	16.5
Seq7734_249_bp_1_0_3	ENA|AAA25966|AAA25966.1	66.67	6	2	0	7	12	619	624	2.3	17.8
Seq7734_249_bp_1_0_3	ENA|CAA45708|CAA45708.1	50.00	8	4	0	6	13	953	960	3.1	18.5
Seq7734_249_bp_1_0_3	ENA|AAB96524|AAB96524.1	100.00	3	0	0	1	3	120	122	3.6	15.2
Seq7734_249_bp_1_0_3	ENA|AAA72732|AAA72732.1	44.44	9	5	0	4	12	14	22	3.8	15.9
Seq7734_249_bp_1_0_3	ENA|AAC97205|AAC97205.1	40.00	10	6	0	2	11	1019	1028	3.9	17.8
Seq7734_249_bp_1_0_3	ENA|AAF79734|AAF79734.1	44.44	9	5	0	4	12	1377	1385	4.5	17.8
Seq7734_249_bp_1_0_3	ENA|ABK71357|ABK71357.1	75.00	4	1	0	9	12	331	334	6.9	15.2
Seq7734_249_bp_1_0_3	ENA|CAA29956|CAA29956.1	66.67	6	2	0	1	6	243	248	7	15.2
Seq7734_249_bp_1_0_3	ENA|AAC26660|AAC26660.1	37.50	8	5	0	2	9	147	154	7.5	14.5
Seq7734_249_bp_1_0_3	ENA|BAB79260|BAB79260.1	42.86	7	4	0	6	12	450	456	8.3	15.2
Seq7734_249_bp_1_0_3	ENA|AAA36539|AAA36539.1	100.00	3	0	0	1	3	272	274	8.7	15.2
Seq7734_249_bp_1_0_3	ENA|AAC40132|AAC40132.1	80.00	5	1	0	5	9	240	244	8.7	15.2
Seq7734_249_bp_1_0_3	ENA|BAA05866|BAA05866.1	75.00	4	1	0	3	6	80	83	8.9	14.5
Seq7734_249_bp_1_0_3	ENA|AAC49865|AAC49865.1	60.00	5	2	0	5	9	127	131	9.4	14.5
Seq7734_249_bp_1_1_0	ENA|CAL82360|CAL82360.1	100.00	5	0	0	2	6	373	377	0.34	21.0
Seq7734_249_bp_1_1_0	ENA|CAA11507|CAA11507.1	50.00	8	4	0	3	10	244	251	1.4	19.1
Seq7734_249_bp_1_1_0	ENA|AAA24145|AAA24145.1	80.00	5	1	0	6	10	67	71	2.8	16.5
Seq7734_249_bp_1_1_0	ENA|CAA36214|CAA36214.1	50.00	6	3	0	5	10	147	152	2.9	15.9
Seq7734_249_bp_1_1_0	ENA|AAB03707|AAB03707.1	60.00	5	2	0	4	8	420	424	3.4	17.8
Seq7734_249_bp_1_1_0	ENA|AAC17860|AAC17860.1	66.67	6	2	0	2	7	197	202	3.8	15.9
Seq7734_249_bp_1_1_0	ENA|AAA25966|AAA25966.1	60.00	5	2	0	5	9	71	75	4.3	16.5
Seq7734_249_bp_1_1_0	ENA|CAB75732|CAB75732.1	100.00	4	0	0	4	7	697	700	4.4	17.2
Seq7734_249_bp_1_1_0	ENA|AAC78721|AAC78721.1	66.67	6	2	0	2	7	122	127	6.2	15.9
Seq7734_249_bp_1_1_0	ENA|AAC40132|AAC40132.1	60.00	5	2	0	1	5	104	108	6.8	15.2
Seq7734_249_bp_1_1_0	ENA|AAA32624|AAA32624.1	66.67	6	2	0	2	7	483	488	7.4	15.2
Seq7734_249_bp_1_1_0	ENA|ABN10845|ABN10845.1	75.00	4	1	0	2	5	47	50	7.5	13.9
Seq7734_249_bp_1_1_0	ENA|ACH70901|ACH70901.1	44.44	9	5	0	2	10	151	159	7.9	14.6
Seq7734_249_bp_1_1_0	ENA|AAQ92751|AAQ92751.2	50.00	6	3	0	2	7	1254	1259	7.9	16.5
Seq7734_249_bp_1_1_0	ENA|AAS77176|AAS77176.1	50.00	6	3	0	3	8	122	127	9.8	13.9
Seq7734_249_bp_1_1_1	ENA|ACH70901|ACH70901.1	83.33	6	1	0	7	12	45	50	0.36	19.5
Seq7734_249_bp_1_1_1	ENA|CAL82360|CAL82360.1	80.00	5	1	0	2	6	633	637	1.9	18.9
Seq7734_249_bp_1_1_1	ENA|AAS77176|AAS77176.1	50.00	6	3	0	5	10	242	247	2.3	16.5
Seq7734_249_bp_1_1_1	ENA|CCP43727|CCP43727.1	50.00	8	4	0	1	8	67	74	2.6	16.5
Seq7734_249_bp_1_1_1	ENA|AAB96524|AAB96524.1	66.67	6	2	0	4	9	88	93	3.3	15.3
Seq7734_249_bp_1_1_1	ENA|AAC40132|AAC40132.1	80.00	5	1	0	1	5	97	101	3.7	16.5
Seq7734_249_bp_1_1_1	ENA|CAA28033|CAA28033.1	60.00	5	2	0	2	6	642	646	4.4	17.7
Seq7734_249_bp_1_1_1	ENA|BAA32018|BAA32018.1	57.14	7	3	0	5	11	422	428	4.8	16.5
Seq7734_249_bp_1_1_1	ENA|ABD49687|ABD49687.1	50.00	8	4	0	2	9	730	737	5.7	17.7
Seq7734_249_bp_1_1_1	ENA|AAC26660|AAC26660.1	33.33	6	4	0	1	6	225	230	6.7	14.7
Seq7734_249_bp_1_1_1	ENA|AAA24145|AAA24145.1	75.00	4	1	0	7	10	231	234	7.9	15.3
Seq7734_249_bp_1_1_1	ENA|CAA45199|CAA45199.1	66.67	6	2	0	1	6	96	101	8.1	15.3
Seq7734_249_bp_1_1_1	ENA|BAA32991|BAA32991.1	57.14	7	3	0	1	7	20	26	9.3	12.3
Seq7734_249_bp_1_1_1	ENA|ABK71357|ABK71357.1	66.67	6	2	0	3	8	170	175	9.5	14.7
Seq7734_249_bp_1_1_1	ENA|AAI27517|AAI27517.1	50.00	8	4	0	4	11	483	490	10	15.3
Seq7734_249_bp_1_2_0	ENA|ABG75784|ABG75784.1	100.00	81	0	0	1	81	235	315	1e-69	249.7
Seq7734_249_bp_1_2_0	ENA|AAR31603|AAR31603.1	52.94	19	8	2	42	60	169	185	0.57	21.3
Seq7734_249_bp_1_2_0	ENA|AAS77176|AAS77176.1	41.94	33	18	2	6	38	168	198	0.99	20.4
Seq7734_249_bp_1_2_0	ENA|CAA43419|CAA43419.1	36.00	25	16	0	4	28	78	102	1.3	20.4
Seq7734_249_bp_1_2_0	ENA|BAA32018|BAA32018.1	45.45	11	6	0	66	76	485	495	2.1	20.4
Seq7734_249_bp_1_2_0	ENA|AAA24145|AAA24145.1	42.86	14	8	0	49	62	145	158	2.2	19.9
Seq7734_249_bp_1_2_0	ENA|BAA36759|BAA36759.1	26.92	26	19	0	3	28	162	187	3.8	18.4
Seq7734_249_bp_1_2_0	ENA|AAC40132|AAC40132.1	47.37	21	10	2	55	73	38	58	4.4	18.9
Seq7734_249_bp_1_2_0	ENA|ABK71357|ABK71357.1	63.64	11	4	0	41	51	224	234	4.8	18.4
Seq7734_249_bp_1_2_0	ENA|CAL82360|CAL82360.1	47.06	18	9	1	2	19	1256	1272	5.9	19.9
Seq7734_249_bp_1_2_0	ENA|CAA36714|CAA36714.1	45.00	21	11	1	17	36	157	177	6	18.4
Seq7734_249_bp_1_2_0	ENA|CAA29968|CAA29968.1	80.00	5	1	0	57	61	65	69	6.8	16.9
Seq7734_249_bp_1_2_0	ENA|ACT10338|ACT10338.1	62.50	8	3	0	55	62	295	302	6.9	17.9
Seq7734_249_bp_1_2_0	ENA|ABN10845|ABN10845.1	80.00	5	1	0	57	61	159	163	7.6	16.9
Seq7734_249_bp_1_2_0	ENA|CCP43727|CCP43727.1	71.43	7	2	0	33	39	99	105	8.1	17.4
Seq7734_249_bp_-1_0_0	ENA|CAA45199|CAA45199.1	66.67	6	2	0	6	11	20	25	0.37	19.6
Seq7734_249_bp_-1_0_0	ENA|CAA26023|CAA26023.1	60.00	5	2	0	7	11	381	385	4.3	15.7
Seq7734_249_bp_-1_0_0	ENA|CAA28033|CAA28033.1	50.00	8	4	0	4	11	1122	1129	4.6	17.4
Seq7734_249_bp_-1_0_0	ENA|CAA43419|CAA43419.1	80.00	5	1	0	1	5	245	249	5.9	15.2
Seq7734_249_bp_-1_0_0	ENA|AAA42531|AAA42531.1	75.00	4	1	0	7	10	22	25	6.2	15.2
Seq7734_249_bp_-1_0_0	ENA|CAL82360|CAL82360.1	55.56	9	4	0	3	11	746	754	6.5	16.8
Seq7734_249_bp_-1_0_0	ENA|CAA36214|CAA36214.1	60.00	5	2	0	3	7	52	56	7.1	14.6
Seq7734_249_bp_-1_0_0	ENA|BAB17681|BAB17681.1	42.86	7	4	0	2	8	215	221	9.2	14.1
Seq7734_249_bp_-1_0_0	ENA|ABD33854|ABD33854.1	100.00	3	0	0	7	9	38	40	9.8	11.9
Seq7734_249_bp_-1_0_1	ENA|AAA25966|AAA25966.1	42.86	7	4	0	2	8	109	115	1.7	18.2
Seq7734_249_bp_-1_0_1	ENA|AAA36539|AAA36539.1	42.86	7	4	0	1	7	74	80	1.7	17.5
Seq7734_249_bp_-1_0_1	ENA|CAA26023|CAA26023.1	100.00	3	0	0	7	9	123	125	3.2	16.3
Seq7734_249_bp_-1_0_1	ENA|ABG75784|ABG75784.1	42.86	7	4	0	4	10	244	250	4	15.7
Seq7734_249_bp_-1_0_1	ENA|AAA32624|AAA32624.1	80.00	5	1	0	2	6	447	451	4.3	16.3
Seq7734_249_bp_-1_0_1	ENA|CAD53387|CAD53387.1	50.00	6	3	0	6	11	476	481	6.3	15.7
Seq7734_249_bp_-1_0_1	ENA|ACH70901|ACH70901.1	42.86	7	4	0	2	8	98	104	6.9	15.0
Seq7734_249_bp_-1_0_1	ENA|CAA11507|CAA11507.1	57.14	7	3	0	4	10	487	493	7.1	16.9
Seq7734_249_bp_-1_0_1	ENA|AAB96524|AAB96524.1	57.14	7	3	0	5	11	90	96	8.4	13.8
Seq7734_249_bp_-1_0_2	ENA|AAC40132|AAC40132.1	66.67	6	2	0	5	10	3	8	4.2	16.3
Seq7734_249_bp_-1_0_2	ENA|ACT10338|ACT10338.1	100.00	4	0	0	10	13	42	45	4.8	15.8
Seq7734_249_bp_-1_0_2	ENA|CAA43419|CAA43419.1	57.14	7	3	0	1	7	128	134	6.5	15.3
Seq7734_249_bp_-1_0_2	ENA|BAA32018|BAA32018.1	37.50	8	5	0	5	12	233	240	7.6	15.8
Seq7734_249_bp_-1_0_3	ENA|AAB96524|AAB96524.1	54.55	12	5	1	2	13	174	184	0.54	18.1
Seq7734_249_bp_-1_0_3	ENA|CAA26939|CAA26939.1	71.43	7	2	0	1	7	227	233	1.6	18.1
Seq7734_249_bp_-1_0_3	ENA|BAA32956|BAA32956.1	71.43	7	2	0	2	8	200	206	1.9	16.4
Seq7734_249_bp_-1_0_3	ENA|AAC78721|AAC78721.1	70.00	11	3	1	4	13	219	229	2.8	17.5
Seq7734_249_bp_-1_0_3	ENA|AAC40132|AAC40132.1	50.00	12	6	0	1	12	356	367	2.9	17.0
Seq7734_249_bp_-1_0_3	ENA|AAQ92751|AAQ92751.2	83.33	6	1	0	9	14	741	746	3.9	18.1
Seq7734_249_bp_-1_0_3	ENA|ABD33854|ABD33854.1	75.00	4	1	0	4	7	32	35	5.9	13.0
Seq7734_249_bp_-1_0_3	ENA|ABN10845|ABN10845.1	57.14	7	3	0	5	11	183	189	6.2	14.7
Seq7734_249_bp_-1_0_3	ENA|AAB26998|AAB26998.1	36.36	11	7	0	1	11	53	63	7.2	13.0
Seq7734_249_bp_-1_0_3	ENA|AAC97205|AAC97205.1	41.67	12	7	0	1	12	166	177	7.3	17.0
Seq7734_249_bp_-1_0_3	ENA|AAB03707|AAB03707.1	55.56	9	4	0	4	12	649	657	8.1	17.0
Seq7734_249_bp_-1_0_3	ENA|CAA45708|CAA45708.1	54.55	11	5	0	3	13	201	211	8.9	17.0
Seq7734_249_bp_-1_0_3	ENA|AAC08817|AAC08817.1	44.44	9	5	0	2	10	141	149	9.5	13.6
Seq7734_249_bp_-1_1_0	ENA|CAA28033|CAA28033.1	70.00	10	3	0	5	14	443	452	0.11	23.2
Seq7734_249_bp_-1_1_0	ENA|BAA05866|BAA05866.1	55.56	9	4	0	7	15	258	266	0.46	19.1
Seq7734_249_bp_-1_1_0	ENA|CAA45708|CAA45708.1	62.50	8	3	0	6	13	811	818	0.68	20.9
Seq7734_249_bp_-1_1_0	ENA|AAA25966|AAA25966.1	100.00	5	0	0	8	12	643	647	1.1	19.1
Seq7734_249_bp_-1_1_0	ENA|ABD49687|ABD49687.1	83.33	6	1	0	6	11	1721	1726	1.7	19.7
Seq7734_249_bp_-1_1_0	ENA|CAA73529|CAA73529.1	57.14	7	3	0	1	7	268	274	2.1	16.8
Seq7734_249_bp_-1_1_0	ENA|ABG75784|ABG75784.1	50.00	10	5	0	5	14	272	281	2.3	16.8
Seq7734_249_bp_-1_1_0	ENA|AAC17860|AAC17860.1	80.00	5	1	0	11	15	252	256	3.1	16.8
Seq7734_249_bp_-1_1_0	ENA|AAA72732|AAA72732.1	100.00	4	0	0	11	14	95	98	3.5	16.2
Seq7734_249_bp_-1_1_0	ENA|BAA32956|BAA32956.1	75.00	4	1	0	2	5	5	8	5.2	15.0
Seq7734_249_bp_-1_1_0	ENA|AAA32624|AAA32624.1	100.00	4	0	0	9	12	221	224	5.7	16.2
Seq7734_249_bp_-1_1_0	ENA|AAB96524|AAB96524.1	40.00	5	3	0	3	7	109	113	9.9	13.9
Seq7734_249_bp_-1_1_1	ENA|AAC49865|AAC49865.1	53.85	13	6	0	8	20	286	298	0.64	20.7
Seq7734_249_bp_-1_1_1	ENA|AAA18786|AAA18786.1	55.56	9	4	0	34	42	49	57	1.4	19.2
Seq7734_249_bp_-1_1_1	ENA|AAC17860|AAC17860.1	46.67	15	8	0	4	18	128	142	1.6	19.7
Seq7734_249_bp_-1_1_1	ENA|BAA05866|BAA05866.1	46.15	13	7	0	41	53	195	207	1.7	19.2
Seq7734_249_bp_-1_1_1	ENA|AAC26660|AAC26660.1	55.56	9	4	0	6	14	242	250	5.3	17.2
Seq7734_249_bp_-1_1_1	ENA|AAB96524|AAB96524.1	36.36	22	14	0	31	52	112	133	5.5	16.7
Seq7734_249_bp_-1_1_1	ENA|CAA45708|CAA45708.1	58.33	12	5	0	8	19	799	810	5.6	19.7
Seq7734_249_bp_-1_1_1	ENA|BAA32991|BAA32991.1	66.67	6	2	0	24	29	56	61	5.7	15.2
Seq7734_249_bp_-1_1_1	ENA|AAB26998|AAB26998.1	44.44	9	5	0	43	51	66	74	6.5	15.2
Seq7734_249_bp_-1_1_1	ENA|CAA36714|CAA36714.1	40.00	10	6	0	38	47	174	183	6.8	17.7
Seq7734_249_bp_-1_1_1	ENA|CAA29956|CAA29956.1	35.29	17	11	0	3	19	125	141	7.7	17.2
Seq7734_249_bp_-1_2_0	ENA|CAA26939|CAA26939.1	66.67	9	3	0	1	9	495	503	0.37	20.4
Seq7734_249_bp_-1_2_0	ENA|AAC26660|AAC26660.1	66.67	6	2	0	4	9	154	159	2	16.8
Seq7734_249_bp_-1_2_0	ENA|CAA45199|CAA45199.1	100.00	4	0	0	8	11	351	354	2.4	17.4
Seq7734_249_bp_-1_2_0	ENA|BAA32956|BAA32956.1	66.67	6	2	0	5	10	30	35	2.5	16.2
Seq7734_249_bp_-1_2_0	ENA|CAA11507|CAA11507.1	33.33	9	6	0	1	9	618	626	4.5	18.0
Seq7734_249_bp_-1_2_0	ENA|AAB96524|AAB96524.1	57.14	7	3	0	8	14	45	51	4.9	15.0
Seq7734_249_bp_-1_2_0	ENA|CAL82360|CAL82360.1	75.00	9	2	1	4	11	1003	1011	6.3	17.4
Seq7734_249_bp_-1_2_0	ENA|CAA29956|CAA29956.1	57.14	7	3	0	2	8	72	78	6.5	15.6
Seq7734_249_bp_-1_2_0	ENA|AAS77176|AAS77176.1	57.14	7	3	0	2	8	20	26	7.5	15.0
Seq7734_249_bp_-1_2_0	ENA|AAA25966|AAA25966.1	66.67	6	2	0	4	9	642	647	8.1	16.2
Seq7734_249_bp_-1_2_0	ENA|CAB75732|CAB75732.1	50.00	8	4	0	1	8	231	238	8.5	16.8
Seq7734_249_bp_-1_2_0	ENA|AAI27517|AAI27517.1	60.00	5	2	0	4	8	49	53	9.8	15.6
Seq7734_249_bp_-1_2_1	ENA|ABK71357|ABK71357.1	37.50	16	10	0	6	21	15	30	0.65	19.9
Seq7734_249_bp_-1_2_1	ENA|AAR31603|AAR31603.1	42.86	14	8	0	8	21	206	219	0.79	19.4
Seq7734_249_bp_-1_2_1	ENA|AAC26660|AAC26660.1	63.64	13	4	2	2	14	15	25	8	15.6
Seq7734_249_bp_-1_2_2	ENA|ACT10338|ACT10338.1	50.00	10	5	0	14	23	310	319	0.31	20.7
Seq7734_249_bp_-1_2_2	ENA|CAA36214|CAA36214.1	55.56	9	4	0	9	17	268	276	1	18.6
Seq7734_249_bp_-1_2_2	ENA|AAR31603|AAR31603.1	60.00	10	4	0	4	13	86	95	1.1	18.6
Seq7734_249_bp_-1_2_2	ENA|CAA24711|CAA24711.1	57.14	7	3	0	12	18	110	116	1.2	17.5
Seq7734_249_bp_-1_2_2	ENA|BAB79260|BAB79260.1	58.33	12	5	0	1	12	135	146	1.5	18.6
Seq7734_249_bp_-1_2_2	ENA|CAA29956|CAA29956.1	33.33	18	12	0	1	18	305	322	2.7	17.5
Seq7734_249_bp_-1_2_2	ENA|AAB26998|AAB26998.1	66.67	6	2	0	2	7	49	54	3.5	14.9
Seq7734_249_bp_-1_2_2	ENA|AAC97205|AAC97205.1	88.89	11	1	2	7	15	763	773	4.1	18.6
Seq7734_249_bp_-1_2_2	ENA|AAA72732|AAA72732.1	62.50	8	3	0	11	18	256	263	4.5	16.5
Seq7734_249_bp_-1_2_2	ENA|ABG75784|ABG75784.1	66.67	6	2	0	8	13	298	303	6.5	15.9
Seq7734_249_bp_-1_2_2	ENA|AAC49865|AAC49865.1	50.00	15	7	1	10	24	279	292	6.8	15.9
Seq7734_249_bp_-1_2_2	ENA|AAA36114|AAA36114.1	66.67	6	2	0	5	10	95	100	7.2	16.5
Seq7734_249_bp_-1_2_2	ENA|AAF79734|AAF79734.1	40.00	10	6	0	4	13	248	257	9.6	17.5
