Seq7598_246_bp_1_0_0	AAA24142.1	66.67	6	2	0	19	24	157	162	2.4	18.0
Seq7598_246_bp_1_0_0	ABG75784.1	80.00	5	1	0	16	20	91	95	2.5	17.4
Seq7598_246_bp_1_0_0	AAA36565.1	100.00	5	0	1	3	6	68	72	4.7	15.6
Seq7598_246_bp_1_0_0	AAA72732.1	75.00	4	1	0	22	25	280	283	5.7	16.2
Seq7598_246_bp_1_0_0	BAA32956.1	100.00	3	0	0	9	11	156	158	5.8	15.6
Seq7598_246_bp_1_0_0	ABD49687.1	100.00	4	0	0	17	20	124	127	5.8	18.6
Seq7598_246_bp_1_0_0	AAB64315.2	100.00	3	0	0	7	9	36	38	6	16.2
Seq7598_246_bp_1_0_0	AAC97205.1	100.00	7	0	2	9	13	410	416	6.4	18.0
Seq7598_246_bp_1_0_0	CAA11507.1	100.00	3	0	0	4	6	1066	1068	7	18.0
Seq7598_246_bp_1_0_0	AAB03707.1	80.00	5	1	0	2	6	173	177	7.1	18.0
Seq7598_246_bp_1_0_0	AAH69556.1	100.00	3	0	0	14	16	225	227	8.2	15.6
Seq7598_246_bp_1_0_0	CAA45199.1	100.00	3	0	0	7	9	192	194	8.4	16.2
Seq7598_246_bp_1_0_1	CAA74140.1	100.00	5	0	0	15	19	190	194	0.25	22.6
Seq7598_246_bp_1_0_1	AAC08817.1	77.78	10	2	1	14	22	12	21	0.25	20.1
Seq7598_246_bp_1_0_1	AII71783.1	83.33	6	1	0	19	24	49	54	0.96	19.1
Seq7598_246_bp_1_0_1	AAA42531.1	100.00	4	0	0	2	5	348	351	1.2	19.1
Seq7598_246_bp_1_0_1	CAA43372.1	100.00	4	0	0	1	4	147	150	3.6	17.5
Seq7598_246_bp_1_0_1	AAA72732.1	100.00	4	0	0	6	9	207	210	3.9	17.0
Seq7598_246_bp_1_0_1	AAA65607.1	100.00	4	0	0	17	20	354	357	4.5	17.0
Seq7598_246_bp_1_0_1	AAR37016.1	85.71	8	1	1	2	9	26	32	7	19.1
Seq7598_246_bp_1_0_1	AAA25966.1	100.00	4	0	0	7	10	187	190	8.6	17.0
Seq7598_246_bp_1_0_1	AAA18786.1	100.00	6	0	1	26	30	111	116	9.1	15.5
Seq7598_246_bp_1_0_2	AAI27517.1	85.71	8	1	1	1	7	291	298	2.8	17.1
Seq7598_246_bp_1_0_2	CAA74140.1	100.00	4	0	0	4	7	924	927	3.2	17.6
Seq7598_246_bp_1_0_2	BAB70780.1	80.00	5	1	0	2	6	61	65	4.4	16.1
Seq7598_246_bp_1_0_2	BAA32956.1	100.00	3	0	0	3	5	156	158	5.2	14.7
Seq7598_246_bp_1_0_2	AAA36565.1	100.00	3	0	0	7	9	8	10	5.7	14.2
Seq7598_246_bp_1_0_2	ABD49687.1	100.00	4	0	0	5	8	107	110	5.8	17.6
Seq7598_246_bp_1_0_2	CAA73529.1	100.00	3	0	0	9	11	243	245	6.6	14.7
Seq7598_246_bp_1_0_2	AAX12058.1	100.00	7	0	2	6	10	247	253	6.6	14.7
Seq7598_246_bp_1_0_2	ABN10845.1	75.00	4	1	0	1	4	102	105	7.3	14.2
Seq7598_246_bp_1_0_2	AAH69556.1	100.00	3	0	0	1	3	275	277	7.3	14.7
Seq7598_246_bp_1_0_2	AAA72732.1	80.00	5	1	0	4	8	48	52	7.5	14.7
Seq7598_246_bp_1_0_2	AAB64315.2	100.00	3	0	0	1	3	297	299	7.9	14.7
Seq7598_246_bp_1_0_2	ABK71357.1	71.43	7	2	0	2	8	244	250	8.8	14.7
Seq7598_246_bp_1_0_3	AAF01122.1	77.78	11	2	2	3	12	368	377	0.93	18.1
Seq7598_246_bp_1_0_3	EDO47375.1	100.00	3	0	0	7	9	135	137	1.5	16.4
Seq7598_246_bp_1_0_3	AAX12058.1	80.00	5	1	0	3	7	4	8	2.2	16.4
Seq7598_246_bp_1_0_3	AAC08817.1	100.00	3	0	0	3	5	43	45	2.4	15.5
Seq7598_246_bp_1_0_3	AAA26915.1	80.00	5	1	0	4	8	94	98	2.8	16.8
Seq7598_246_bp_1_0_3	AAR31603.1	100.00	3	0	0	6	8	226	228	3.5	15.9
Seq7598_246_bp_1_0_3	CAA74140.1	80.00	5	1	0	2	6	603	607	4.1	17.2
Seq7598_246_bp_1_0_3	ABD49687.1	80.00	5	1	0	2	6	198	202	5.5	17.6
Seq7598_246_bp_1_0_3	AAA25966.1	100.00	3	0	0	10	12	371	373	5.7	16.4
Seq7598_246_bp_1_0_3	CAA04196.1	100.00	3	0	0	3	5	404	406	5.9	15.5
Seq7598_246_bp_1_0_3	AAB64315.2	100.00	3	0	0	1	3	244	246	6.3	15.1
Seq7598_246_bp_1_0_3	AAB96524.1	75.00	4	1	0	3	6	85	88	6.4	14.2
Seq7598_246_bp_1_0_3	AAA42531.1	100.00	3	0	0	4	6	341	343	7.3	15.1
Seq7598_246_bp_1_0_3	CAA43372.1	100.00	3	0	0	1	3	281	283	7.8	15.1
Seq7598_246_bp_1_0_3	AII71783.1	100.00	3	0	0	9	11	283	285	7.8	14.6
Seq7598_246_bp_1_0_3	CAA26230.1	100.00	3	0	0	3	5	258	260	7.8	15.5
Seq7598_246_bp_1_0_3	BAA32018.1	100.00	3	0	0	3	5	425	427	8.7	15.5
Seq7598_246_bp_1_0_3	BAB70780.1	100.00	3	0	0	1	3	314	316	9	15.1
Seq7598_246_bp_1_0_3	AAA65607.1	100.00	3	0	0	2	4	54	56	9.2	14.6
Seq7598_246_bp_1_0_3	AAC78721.1	100.00	3	0	0	3	5	676	678	9.3	15.5
Seq7598_246_bp_1_0_3	ABK71357.1	100.00	3	0	0	9	11	46	48	9.3	14.6
Seq7598_246_bp_1_0_3	AAC97205.1	100.00	3	0	0	7	9	505	507	9.3	16.4
Seq7598_246_bp_1_0_3	ABD33854.1	60.00	5	2	0	3	7	54	58	9.5	12.0
Seq7598_246_bp_1_1_0	ABS38337.1	100.00	4	0	0	2	5	176	179	3.3	18.2
Seq7598_246_bp_1_1_0	ABL74574.1	100.00	7	0	2	10	14	26	32	5.7	15.3
Seq7598_246_bp_1_1_0	AAH69556.1	100.00	3	0	0	6	8	286	288	5.9	15.3
Seq7598_246_bp_1_1_0	AAA24969.1	85.71	8	1	1	4	11	103	109	7.4	17.2
Seq7598_246_bp_1_1_0	AII71783.1	100.00	3	0	0	11	13	121	123	8.3	14.8
Seq7598_246_bp_1_1_0	AAC08817.1	100.00	3	0	0	12	14	138	140	8.7	13.8
Seq7598_246_bp_1_1_0	AAA65607.1	100.00	3	0	0	7	9	299	301	9.7	14.8
Seq7598_246_bp_1_1_0	AAA32624.1	100.00	3	0	0	6	8	245	247	9.8	15.3
Seq7598_246_bp_1_1_1	ACH70904.1	100.00	4	0	0	1	4	263	266	0.17	20.4
Seq7598_246_bp_1_1_1	BAA32991.1	100.00	2	0	0	5	6	28	29	0.67	16.0
Seq7598_246_bp_1_1_1	BAA32991.1	100.00	2	0	0	5	6	32	33	0.67	16.0
Seq7598_246_bp_1_1_1	AAX12058.1	100.00	3	0	0	9	11	251	253	0.86	17.6
Seq7598_246_bp_1_1_1	AAR37016.1	100.00	3	0	0	4	6	1483	1485	1.1	20.4
Seq7598_246_bp_1_1_1	CAA43372.1	100.00	3	0	0	9	11	397	399	1.3	17.6
Seq7598_246_bp_1_1_1	AAA32624.1	100.00	3	0	0	9	11	286	288	1.6	17.6
Seq7598_246_bp_1_1_1	CAA26230.1	100.00	3	0	0	9	11	323	325	1.7	17.6
Seq7598_246_bp_1_1_1	AAC97205.1	100.00	3	0	0	6	8	1188	1190	1.8	18.7
Seq7598_246_bp_1_1_1	AAH69556.1	100.00	5	0	1	3	7	212	215	2	16.5
Seq7598_246_bp_1_1_1	BAB79260.1	100.00	3	0	0	2	4	136	138	4.3	16.0
Seq7598_246_bp_1_1_1	AAB26998.1	100.00	2	0	0	8	9	35	36	4.9	13.2
Seq7598_246_bp_1_1_1	AAA25966.1	100.00	3	0	0	2	4	515	517	6.7	16.0
Seq7598_246_bp_1_1_1	AAF01122.1	100.00	2	0	0	4	5	376	377	7.4	14.9
Seq7598_246_bp_1_1_1	CAA74140.1	100.00	3	0	0	1	3	663	665	8.5	16.0
Seq7598_246_bp_1_1_1	AII71783.1	100.00	2	0	0	6	7	268	269	8.7	14.3
Seq7598_246_bp_1_1_1	AAA24142.1	100.00	2	0	0	4	5	6	7	8.8	14.9
Seq7598_246_bp_1_1_1	AAA72732.1	100.00	2	0	0	6	7	264	265	8.9	14.3
Seq7598_246_bp_1_1_1	CAA45199.1	100.00	2	0	0	4	5	410	411	9.1	14.9
Seq7598_246_bp_1_1_1	AAC08817.1	100.00	2	0	0	7	8	149	150	9.8	13.2
Seq7598_246_bp_1_1_2	BAE97662.1	100.00	6	0	0	9	14	267	272	0.019	25.6
Seq7598_246_bp_1_1_2	AAR37016.1	100.00	5	0	0	6	10	651	655	0.53	21.9
Seq7598_246_bp_1_1_2	AAQ92751.2	100.00	5	0	0	3	7	891	895	0.65	20.8
Seq7598_246_bp_1_1_2	CAA45199.1	100.00	12	0	5	7	13	47	58	0.68	19.2
Seq7598_246_bp_1_1_2	AAR31603.1	71.43	7	2	0	8	14	293	299	1	18.1
Seq7598_246_bp_1_1_2	ABK71357.1	100.00	4	0	0	9	12	326	329	1.1	18.1
Seq7598_246_bp_1_1_2	BAB79260.1	100.00	9	0	3	10	15	45	53	2	17.6
Seq7598_246_bp_1_1_2	BAB17681.1	83.33	6	1	0	4	9	63	68	2.5	16.5
Seq7598_246_bp_1_1_2	AAA24142.1	100.00	4	0	0	2	5	247	250	2.9	17.0
Seq7598_246_bp_1_1_2	ACH70904.1	80.00	5	1	0	8	12	261	265	3.3	16.5
Seq7598_246_bp_1_1_2	AAI27517.1	100.00	4	0	0	2	5	43	46	3.7	17.0
Seq7598_246_bp_1_1_2	AAC78721.1	100.00	4	0	0	3	6	536	539	4.2	17.0
Seq7598_246_bp_1_1_2	AAA25966.1	83.33	6	1	0	4	9	366	371	6.5	16.5
Seq7598_246_bp_1_1_2	AAC08817.1	100.00	3	0	0	8	10	140	142	6.5	14.3
Seq7598_246_bp_1_1_2	EDO47375.1	100.00	3	0	0	7	9	52	54	7.4	14.3
Seq7598_246_bp_1_1_2	AAC97205.1	100.00	4	0	0	1	4	1168	1171	7.5	17.0
Seq7598_246_bp_1_1_2	BAB70780.1	80.00	5	1	0	4	8	163	167	8.9	15.4
Seq7598_246_bp_1_1_2	AAX84812.1	100.00	3	0	0	7	9	84	86	9	14.3
Seq7598_246_bp_1_1_2	AAA32376.1	100.00	3	0	0	6	8	11	13	9.7	13.8
Seq7598_246_bp_1_1_3	CAA74140.1	83.33	6	1	0	16	21	766	771	0.31	22.2
Seq7598_246_bp_1_1_3	AAH69556.1	100.00	4	0	0	1	4	40	43	1.3	18.6
Seq7598_246_bp_1_1_3	AAA42531.1	100.00	6	0	1	6	10	27	32	2.3	18.0
Seq7598_246_bp_1_1_3	BAA32991.1	100.00	3	0	0	6	8	21	23	2.5	15.4
Seq7598_246_bp_1_1_3	AAA26915.1	100.00	4	0	0	2	5	113	116	2.7	18.0
Seq7598_246_bp_1_1_3	AAA32376.1	80.00	5	1	0	15	19	127	131	4.3	15.9
Seq7598_246_bp_1_1_3	AAB03707.1	100.00	4	0	0	25	28	1303	1306	7.7	18.0
Seq7598_246_bp_1_1_3	AAR37016.1	100.00	4	0	0	1	4	315	318	9.1	18.6
Seq7598_246_bp_1_2_0	AAR37016.1	98.75	80	1	0	1	80	135	214	2.7e-86	307.7
Seq7598_246_bp_1_2_0	AAR37016.1	100.00	9	0	3	68	73	1896	1904	0.48	24.4
Seq7598_246_bp_1_2_0	ABD33854.1	80.00	5	1	0	68	72	4	8	0.61	18.9
Seq7598_246_bp_1_2_0	ACH70904.1	85.71	7	1	0	75	81	346	352	1.3	20.3
Seq7598_246_bp_1_2_0	CAA74140.1	85.71	8	1	1	45	52	813	819	1.8	21.2
Seq7598_246_bp_1_2_0	AAA72732.1	100.00	4	0	0	55	58	13	16	2.1	19.3
Seq7598_246_bp_1_2_0	AAC08817.1	100.00	3	0	0	50	52	3	5	2.9	18.0
Seq7598_246_bp_1_2_0	ABD49687.1	100.00	5	0	0	25	29	1614	1618	3.2	21.2
Seq7598_246_bp_1_2_0	ABG75784.1	100.00	3	0	0	68	70	105	107	4	18.4
Seq7598_246_bp_1_2_0	AAB26998.1	75.00	4	1	0	50	53	45	48	4.9	16.1
Seq7598_246_bp_1_2_0	AAC17860.1	100.00	3	0	0	50	52	314	316	7	18.0
Seq7598_246_bp_1_2_0	AAA24969.1	83.33	6	1	0	20	25	50	55	9.7	19.3
Seq7598_246_bp_-1_0_0	ABK71357.1	83.33	6	1	0	4	9	166	171	0.075	22.7
Seq7598_246_bp_-1_0_0	CAA74140.1	100.00	7	0	1	7	12	522	528	0.78	20.6
Seq7598_246_bp_-1_0_0	AAB96524.1	100.00	3	0	0	19	21	62	64	1.3	17.5
Seq7598_246_bp_-1_0_0	BAB17681.1	100.00	3	0	0	18	20	218	220	1.9	17.5
Seq7598_246_bp_-1_0_0	AAF01122.1	100.00	3	0	0	18	20	126	128	2.7	17.5
Seq7598_246_bp_-1_0_0	CAA73529.1	100.00	3	0	0	5	7	200	202	7.7	15.4
Seq7598_246_bp_-1_0_0	ABS38337.1	75.00	4	1	0	16	19	1011	1014	8.6	17.5
Seq7598_246_bp_-1_0_0	ABG75784.1	100.00	3	0	0	7	9	128	130	8.7	15.4
Seq7598_246_bp_-1_0_0	AAB64315.2	100.00	3	0	0	7	9	160	162	9.1	15.4
Seq7598_246_bp_-1_0_0	AAC08817.1	100.00	3	0	0	8	10	123	125	9.3	14.4
Seq7598_246_bp_-1_0_1	AAA18786.1	100.00	4	0	0	3	6	256	259	2.1	17.7
Seq7598_246_bp_-1_0_1	AAH69556.1	100.00	4	0	0	3	6	85	88	2.4	17.7
Seq7598_246_bp_-1_0_1	ABD33854.1	100.00	3	0	0	10	12	54	56	2.7	15.3
Seq7598_246_bp_-1_0_1	AAB26998.1	100.00	3	0	0	8	10	36	38	4.5	14.8
Seq7598_246_bp_-1_0_1	AAB64315.2	100.00	4	0	0	27	30	317	320	5	16.8
Seq7598_246_bp_-1_0_1	AAC17860.1	100.00	4	0	0	25	28	23	26	6.1	16.8
Seq7598_246_bp_-1_0_1	AAA72732.1	71.43	7	2	0	19	25	43	49	6.5	16.3
Seq7598_246_bp_-1_0_1	AAR31603.1	100.00	3	0	0	16	18	24	26	6.8	16.3
Seq7598_246_bp_-1_0_1	AAA42531.1	100.00	4	0	0	21	24	230	233	8	16.3
Seq7598_246_bp_-1_0_2	AAA36565.1	100.00	4	0	0	9	12	32	35	2	16.9
Seq7598_246_bp_-1_0_2	AAA26915.1	100.00	3	0	0	5	7	134	136	3.9	17.4
Seq7598_246_bp_-1_0_2	BAB70780.1	100.00	4	0	0	7	10	318	321	5.6	16.9
Seq7598_246_bp_-1_0_2	ABD49687.1	100.00	4	0	0	22	25	1654	1657	6.9	18.4
Seq7598_246_bp_-1_0_2	AIR13712.1	100.00	4	0	0	8	11	180	183	7.4	15.9
Seq7598_246_bp_-1_0_2	AAB96524.1	100.00	3	0	0	16	18	58	60	8.4	14.9
Seq7598_246_bp_-1_0_2	AAA24969.1	100.00	4	0	0	18	21	1160	1163	8.5	17.9
Seq7598_246_bp_-1_1_0	AAA65607.1	100.00	4	0	0	47	50	362	365	2.1	19.5
Seq7598_246_bp_-1_1_0	CAA73529.1	100.00	4	0	0	48	51	240	243	2.2	19.1
Seq7598_246_bp_-1_1_0	CAA43372.1	100.00	4	0	0	5	8	402	405	2.4	19.5
Seq7598_246_bp_-1_1_0	ABD49687.1	83.33	6	1	0	29	34	390	395	3.7	20.9
Seq7598_246_bp_-1_1_0	AAA32624.1	100.00	4	0	0	55	58	380	383	5.6	18.6
Seq7598_246_bp_-1_1_0	AAC17860.1	100.00	4	0	0	20	23	103	106	6	18.1
Seq7598_246_bp_-1_1_0	AAI27517.1	70.00	11	3	1	42	51	323	333	6.3	18.6
Seq7598_246_bp_-1_1_0	AAX84812.1	100.00	4	0	0	15	18	36	39	6.5	17.2
Seq7598_246_bp_-1_1_0	BAB79260.1	100.00	4	0	0	1	4	161	164	6.6	18.1
Seq7598_246_bp_-1_1_0	AAR31603.1	80.00	5	1	0	44	48	109	113	6.6	17.7
Seq7598_246_bp_-1_1_0	AAC97205.1	100.00	4	0	0	47	50	321	324	6.8	19.5
Seq7598_246_bp_-1_1_0	ABK71357.1	83.33	6	1	0	24	29	10	15	7.5	17.7
Seq7598_246_bp_-1_1_0	ACT10338.1	83.33	8	1	2	50	55	44	51	7.8	17.7
Seq7598_246_bp_-1_1_0	CAA26230.1	100.00	4	0	0	61	64	50	53	8.1	18.1
Seq7598_246_bp_-1_1_0	BAB70780.1	100.00	4	0	0	57	60	226	229	9.5	17.7
Seq7598_246_bp_-1_1_0	CAA74140.1	71.43	7	2	0	21	27	496	502	9.6	18.6
Seq7598_246_bp_-1_2_0	CAA45199.1	100.00	5	0	0	2	6	58	62	1.2	19.4
Seq7598_246_bp_-1_2_0	CAA43372.1	80.00	5	1	0	24	28	226	230	3.9	17.5
Seq7598_246_bp_-1_2_0	ABN10845.1	71.43	7	2	0	16	22	130	136	4	16.5
Seq7598_246_bp_-1_2_0	AAC08817.1	80.00	5	1	0	12	16	42	46	4.2	16.0
Seq7598_246_bp_-1_2_0	AAB64315.2	80.00	5	1	0	24	28	64	68	4.3	17.0
Seq7598_246_bp_-1_2_0	AAA25966.1	81.82	14	2	3	1	12	189	201	4.8	18.0
Seq7598_246_bp_-1_2_0	AAA18786.1	100.00	3	0	0	13	15	158	160	4.8	16.5
Seq7598_246_bp_-1_2_0	ABG75784.1	100.00	4	0	0	7	10	56	59	5.6	16.5
Seq7598_246_bp_-1_2_0	AAA26915.1	100.00	4	0	0	22	25	422	425	6	17.0
Seq7598_246_bp_-1_2_0	AAA65607.1	100.00	3	0	0	12	14	105	107	6.6	16.5
Seq7598_246_bp_-1_2_0	CAA11507.1	83.33	6	1	0	5	10	800	805	8.7	18.0
Seq7598_246_bp_-1_2_1	AAA36565.1	100.00	4	0	0	6	9	158	161	0.16	19.5
Seq7598_246_bp_-1_2_1	ABN10845.1	100.00	4	0	0	2	5	2	5	1.5	16.7
Seq7598_246_bp_-1_2_1	ABS38337.1	100.00	4	0	0	4	7	402	405	1.8	19.0
Seq7598_246_bp_-1_2_1	CAA11507.1	100.00	4	0	0	3	6	203	206	4.2	17.8
Seq7598_246_bp_-1_2_1	BAA32018.1	100.00	3	0	0	9	11	607	609	6.1	16.1
Seq7598_246_bp_-1_2_1	AAC17860.1	71.43	7	2	0	2	8	136	142	8.6	15.0
Seq7598_246_bp_-1_2_1	AAB03707.1	100.00	4	0	0	1	4	851	854	8.9	16.7
Seq7598_246_bp_-1_2_1	AII71783.1	100.00	3	0	0	11	13	121	123	9.4	14.4
Seq7598_246_bp_-1_2_1	AAA24969.1	100.00	4	0	0	2	5	352	355	9.8	16.7
Seq7598_246_bp_-1_2_2	BAA32956.1	87.50	10	1	2	3	10	92	101	0.061	22.6
Seq7598_246_bp_-1_2_2	CAA43372.1	80.00	5	1	0	21	25	164	168	1.2	19.2
Seq7598_246_bp_-1_2_2	CAA11507.1	100.00	4	0	0	14	17	542	545	2.8	19.7
Seq7598_246_bp_-1_2_2	ACH70904.1	100.00	4	0	0	12	15	318	321	3.9	17.3
Seq7598_246_bp_-1_2_2	AAA23282.1	80.00	5	1	0	13	17	246	250	4.4	17.8
Seq7598_246_bp_-1_2_2	BAA32991.1	100.00	3	0	0	6	8	51	53	5.3	14.4
Seq7598_246_bp_-1_2_2	AAF01122.1	100.00	4	0	0	3	6	170	173	5.5	16.8
Seq7598_246_bp_-1_2_2	BAB70780.1	100.00	9	0	3	4	12	159	164	7	16.8
Seq7598_246_bp_-1_2_2	AAI27517.1	100.00	4	0	0	3	6	83	86	8.4	16.8
Seq7598_246_bp_-1_2_2	AAC97205.1	100.00	4	0	0	5	8	585	588	9	17.8
