Seq7885_261_bp_1_0_0	EDO47375.1	30.00	10	7	0	6	15	151	160	0.16	19.9
Seq7885_261_bp_1_0_0	CAA04196.1	20.00	15	12	0	1	15	326	340	0.94	18.5
Seq7885_261_bp_1_0_0	ABD33854.1	28.57	7	5	0	7	13	51	57	1.6	15.1
Seq7885_261_bp_1_0_0	AAR37016.1	50.00	6	3	0	4	9	1393	1398	3.2	19.2
Seq7885_261_bp_1_0_0	AAA42531.1	50.00	6	3	0	8	13	131	136	5.7	15.8
Seq7885_261_bp_1_0_0	AAH69556.1	60.00	5	2	0	5	9	43	47	7.2	15.1
Seq7885_261_bp_1_0_0	ABN10845.1	50.00	6	3	0	10	15	181	186	8.2	14.4
Seq7885_261_bp_1_0_0	CAA43372.1	33.33	9	6	0	7	15	255	263	9.5	15.1
Seq7885_261_bp_1_0_1	CAA04196.1	62.50	8	3	0	6	13	260	267	0.052	24.3
Seq7885_261_bp_1_0_1	AIR13712.1	40.00	20	12	0	26	45	182	201	0.99	19.7
Seq7885_261_bp_1_0_1	CAA74140.1	54.55	11	5	0	14	24	584	594	1.3	20.9
Seq7885_261_bp_1_0_1	ABL74574.1	50.00	12	6	0	34	45	117	128	1.3	19.2
Seq7885_261_bp_1_0_1	BAA32991.1	75.00	4	1	0	4	7	57	60	1.5	16.9
Seq7885_261_bp_1_0_1	EDO47375.1	66.67	9	3	0	32	40	74	82	1.9	18.0
Seq7885_261_bp_1_0_1	AAA24142.1	33.33	15	10	0	6	20	407	421	2	19.2
Seq7885_261_bp_1_0_1	AAA36565.1	50.00	6	3	0	2	7	160	165	2.4	17.4
Seq7885_261_bp_1_0_1	AAI27517.1	50.00	10	5	0	11	20	250	259	2.6	19.2
Seq7885_261_bp_1_0_1	AAB64315.2	55.56	9	4	0	13	21	317	325	3.2	18.0
Seq7885_261_bp_1_0_1	AAX84812.1	29.03	32	22	1	15	46	7	37	3.4	17.4
Seq7885_261_bp_1_0_1	AAA65607.1	31.25	16	11	0	7	22	344	359	3.6	18.0
Seq7885_261_bp_1_0_1	AAA18786.1	36.00	27	16	2	17	41	208	234	3.9	17.4
Seq7885_261_bp_1_0_1	ACH70904.1	38.46	14	8	1	8	21	191	203	7.5	16.9
Seq7885_261_bp_1_0_1	AAA45888.1	31.25	16	11	0	27	42	342	357	7.9	16.9
Seq7885_261_bp_1_0_1	BAA32018.1	50.00	10	5	0	15	24	276	285	8.7	17.4
Seq7885_261_bp_1_0_1	CAA45199.1	38.46	13	8	0	7	19	427	439	9.6	16.9
Seq7885_261_bp_1_0_1	AAR37016.1	45.83	31	13	7	15	45	114	137	9.7	19.2
Seq7885_261_bp_1_1_0	BAA32018.1	94.19	86	5	0	1	86	68	153	2.2e-48	179.8
Seq7885_261_bp_1_1_0	AAI27517.1	29.73	38	26	1	4	40	37	74	0.52	22.4
Seq7885_261_bp_1_1_0	AAA24142.1	31.82	22	15	0	24	45	321	342	2.5	19.7
Seq7885_261_bp_1_1_0	ABS38337.1	47.06	17	9	0	19	35	428	444	2.8	21.1
Seq7885_261_bp_1_1_0	AAB96524.1	21.43	14	11	0	9	22	151	164	3.6	17.9
Seq7885_261_bp_1_1_0	BAB17681.1	27.78	18	13	0	65	82	40	57	9.4	17.0
Seq7885_261_bp_1_2_0	CAD53387.1	66.67	9	3	0	5	13	43	51	0.15	21.6
Seq7885_261_bp_1_2_0	CAD53387.1	66.67	9	3	0	5	13	109	117	0.15	21.6
Seq7885_261_bp_1_2_0	CAD53387.1	66.67	9	3	0	5	13	175	183	0.15	21.6
Seq7885_261_bp_1_2_0	CAD53387.1	66.67	9	3	0	5	13	241	249	0.15	21.6
Seq7885_261_bp_1_2_0	CAD53387.1	66.67	9	3	0	5	13	307	315	0.15	21.6
Seq7885_261_bp_1_2_0	CAD53387.1	66.67	9	3	0	5	13	373	381	0.15	21.6
Seq7885_261_bp_1_2_0	CAD53387.1	66.67	9	3	0	5	13	439	447	0.15	21.6
Seq7885_261_bp_1_2_0	CAD53387.1	60.00	10	4	0	3	12	460	469	0.78	19.2
Seq7885_261_bp_1_2_0	AAI27517.1	57.14	7	3	0	8	14	292	298	0.17	21.6
Seq7885_261_bp_1_2_0	AEE27845.1	42.86	14	8	0	1	14	30	43	0.41	21.6
Seq7885_261_bp_1_2_0	BAA32956.1	44.44	9	5	0	4	12	189	197	0.5	18.5
Seq7885_261_bp_1_2_0	ACT10338.1	42.86	7	4	0	7	13	351	357	0.93	18.5
Seq7885_261_bp_1_2_0	CAA26230.1	44.44	9	5	0	3	11	251	259	1.3	18.5
Seq7885_261_bp_1_2_0	AAA36565.1	37.50	8	5	0	6	13	104	111	2.1	16.1
Seq7885_261_bp_1_2_0	AAA42531.1	50.00	8	4	0	3	10	12	19	2.1	17.3
Seq7885_261_bp_1_2_0	AAA18786.1	60.00	10	4	0	4	13	131	140	3.3	16.1
Seq7885_261_bp_1_2_0	ABL74574.1	42.86	7	4	0	8	14	51	57	3.6	16.1
Seq7885_261_bp_1_2_0	ABK71357.1	54.55	13	5	2	5	15	62	74	4.6	16.1
Seq7885_261_bp_1_2_0	CAA73529.1	23.08	13	10	0	2	14	246	258	5.1	15.5
Seq7885_261_bp_1_2_0	AII71783.1	100.00	4	0	0	12	15	258	261	5.7	15.5
Seq7885_261_bp_1_2_0	AAA23282.1	20.00	10	8	0	6	15	236	245	6.9	16.1
Seq7885_261_bp_1_2_0	AAF01122.1	33.33	12	8	0	2	13	64	75	6.9	15.5
Seq7885_261_bp_1_2_0	AAA72732.1	37.50	8	5	0	2	9	283	290	8.6	14.9
Seq7885_261_bp_1_2_0	AAB64315.2	33.33	9	6	0	6	14	274	282	9.1	14.9
Seq7885_261_bp_1_2_0	ACH70904.1	33.33	6	4	0	3	8	157	162	9.8	14.9
Seq7885_261_bp_1_2_1	AAB64315.2	40.00	15	9	0	2	16	69	83	0.5	19.5
Seq7885_261_bp_1_2_1	AAR37016.1	100.00	5	0	0	7	11	9	13	1.5	20.8
Seq7885_261_bp_1_2_1	AAA26915.1	71.43	7	2	0	10	16	72	78	1.7	18.2
Seq7885_261_bp_1_2_1	ABD33854.1	100.00	4	0	0	13	16	11	14	2.1	15.0
Seq7885_261_bp_1_2_1	AAA42531.1	25.00	16	12	0	5	20	162	177	2.2	17.6
Seq7885_261_bp_1_2_1	BAA32991.1	28.57	7	5	0	2	8	59	65	2.3	15.0
Seq7885_261_bp_1_2_1	EDO47375.1	28.57	7	5	0	2	8	148	154	2.6	16.3
Seq7885_261_bp_1_2_1	AAA45888.1	35.71	16	9	2	2	17	78	91	3.4	17.0
Seq7885_261_bp_1_2_1	ACT10338.1	38.46	13	8	0	4	16	90	102	3.4	17.0
Seq7885_261_bp_1_2_1	BAE97662.1	37.50	16	10	0	3	18	1088	1103	4.1	18.2
Seq7885_261_bp_1_2_1	AAH69556.1	27.27	11	8	0	4	14	226	236	4.1	16.3
Seq7885_261_bp_1_2_1	AAX12058.1	30.00	10	7	0	7	16	1	10	5.7	15.7
Seq7885_261_bp_1_2_1	AAB96524.1	27.27	11	8	0	9	19	104	114	6	15.0
Seq7885_261_bp_1_2_1	AAC97205.1	57.14	7	3	0	6	12	711	717	6.7	17.6
Seq7885_261_bp_1_2_1	ACH70904.1	37.50	8	5	0	9	16	158	165	7.4	15.7
Seq7885_261_bp_1_2_1	CAA11507.1	44.44	9	5	0	7	15	34	42	7.4	17.6
Seq7885_261_bp_1_2_1	AAF01122.1	42.86	7	4	0	4	10	114	120	7.7	15.7
Seq7885_261_bp_1_2_1	AAI27517.1	44.44	9	5	0	1	9	305	313	7.7	16.3
Seq7885_261_bp_1_2_1	AAC78721.1	62.50	8	3	0	12	19	14	21	8.7	16.3
Seq7885_261_bp_1_2_2	AAQ92751.2	41.67	12	7	0	33	44	1292	1303	0.13	24.8
Seq7885_261_bp_1_2_2	AAB96524.1	25.00	24	18	0	21	44	119	142	1.6	18.2
Seq7885_261_bp_1_2_2	EDO47375.1	36.36	11	7	0	2	12	124	134	3.2	17.3
Seq7885_261_bp_1_2_2	CAD53387.1	23.81	21	16	0	13	33	465	485	3.2	18.7
Seq7885_261_bp_1_2_2	AAA18786.1	20.00	20	16	0	27	46	82	101	6	16.8
Seq7885_261_bp_1_2_2	CAA11507.1	20.00	25	20	0	7	31	925	949	6	19.2
Seq7885_261_bp_1_2_2	CAA43372.1	50.00	8	4	0	25	32	37	44	6.7	17.3
Seq7885_261_bp_1_2_2	ABD49687.1	27.78	18	13	0	4	21	1712	1729	7.5	19.2
Seq7885_261_bp_1_2_2	ABK71357.1	75.00	4	1	0	34	37	141	144	8.2	16.8
Seq7885_261_bp_-1_0_0	AAC17860.1	40.00	10	6	0	4	13	341	350	0.7	19.7
Seq7885_261_bp_-1_0_0	AAQ92751.2	33.33	24	16	0	1	24	772	795	2.3	19.7
Seq7885_261_bp_-1_0_0	AAA25966.1	71.43	7	2	0	7	13	491	497	2.5	18.7
Seq7885_261_bp_-1_0_0	BAA32991.1	80.00	5	1	0	12	16	32	36	2.7	15.2
Seq7885_261_bp_-1_0_0	CAA74140.1	24.00	25	19	0	1	25	656	680	3.2	18.7
Seq7885_261_bp_-1_0_0	BAB70780.1	25.00	16	12	0	11	26	406	421	6.4	16.7
Seq7885_261_bp_-1_0_0	ACT10338.1	66.67	6	2	0	19	24	376	381	7.2	16.2
Seq7885_261_bp_-1_0_0	BAA32956.1	33.33	9	6	0	7	15	157	165	7.8	15.2
Seq7885_261_bp_-1_0_0	ABS38337.1	40.00	15	9	0	10	24	179	193	8.3	17.7
Seq7885_261_bp_-1_0_0	AAR31603.1	25.00	12	9	0	6	17	137	148	8.6	15.7
Seq7885_261_bp_-1_0_0	CAD53387.1	50.00	8	4	0	3	10	10	17	9.2	16.2
Seq7885_261_bp_-1_0_0	AAB96524.1	57.14	7	3	0	12	18	58	64	9.6	14.7
Seq7885_261_bp_-1_0_1	AAR37016.1	71.43	7	2	0	8	14	1592	1598	0.26	22.8
Seq7885_261_bp_-1_0_1	AAA32376.1	45.45	11	6	0	4	14	34	44	0.67	17.6
Seq7885_261_bp_-1_0_1	ABD33854.1	40.00	5	3	0	9	13	5	9	0.95	15.7
Seq7885_261_bp_-1_0_1	CAA73529.1	50.00	8	4	0	3	10	74	81	1.7	17.0
Seq7885_261_bp_-1_0_1	AAR31603.1	42.86	14	8	0	1	14	65	78	2	17.0
Seq7885_261_bp_-1_0_1	AAX12058.1	55.56	9	4	0	3	11	231	239	2.6	16.4
Seq7885_261_bp_-1_0_1	AII71783.1	50.00	10	5	0	1	10	153	162	2.9	16.4
Seq7885_261_bp_-1_0_1	CAA04196.1	62.50	8	3	0	3	10	63	70	3.9	16.4
Seq7885_261_bp_-1_0_1	ABG75784.1	75.00	4	1	0	8	11	296	299	4.5	15.7
Seq7885_261_bp_-1_0_1	AAB64315.2	80.00	5	1	0	10	14	48	52	4.7	15.7
Seq7885_261_bp_-1_0_1	ABN10845.1	50.00	6	3	0	8	13	27	32	4.9	15.1
Seq7885_261_bp_-1_0_1	AAC17860.1	28.57	7	5	0	6	12	361	367	5.9	15.7
Seq7885_261_bp_-1_0_1	BAB79260.1	50.00	6	3	0	6	11	138	143	6.4	15.7
Seq7885_261_bp_-1_0_1	BAA32956.1	33.33	12	8	0	3	14	124	135	7.3	14.4
Seq7885_261_bp_-1_0_1	ABD49687.1	44.44	9	5	0	1	9	918	926	9.6	17.0
Seq7885_261_bp_-1_0_2	AAA45888.1	45.45	11	6	0	10	20	63	73	0.17	22.1
Seq7885_261_bp_-1_0_2	AAA45888.1	40.00	21	12	1	7	27	26	45	0.37	21.0
Seq7885_261_bp_-1_0_2	ABN10845.1	28.57	21	15	0	7	27	60	80	0.3	20.5
Seq7885_261_bp_-1_0_2	ABN10845.1	50.00	8	4	0	14	21	43	50	0.64	19.4
Seq7885_261_bp_-1_0_2	BAB79260.1	40.00	29	15	4	7	35	353	377	0.43	21.0
Seq7885_261_bp_-1_0_2	AAR37016.1	33.33	28	18	1	9	35	2015	2042	1	22.1
Seq7885_261_bp_-1_0_2	ABD33854.1	33.33	9	6	0	7	15	8	16	2.6	15.6
Seq7885_261_bp_-1_0_2	AAB26998.1	36.36	11	7	0	10	20	4	14	4.6	15.0
Seq7885_261_bp_-1_0_2	AAA18786.1	36.36	11	7	0	8	18	6	16	5	16.7
Seq7885_261_bp_-1_0_2	CAA43372.1	60.00	13	4	3	17	26	152	164	5.3	17.2
Seq7885_261_bp_-1_0_2	AAA65607.1	50.00	8	4	0	22	29	243	250	6.8	16.7
Seq7885_261_bp_-1_0_2	ACT10338.1	22.22	29	21	2	7	35	342	368	7.2	16.7
Seq7885_261_bp_-1_0_2	BAA32956.1	20.00	10	8	0	19	28	132	141	8.2	15.6
Seq7885_261_bp_-1_0_2	ABG75784.1	53.85	15	6	2	16	30	101	113	8.3	16.1
Seq7885_261_bp_-1_1_0	AAH69556.1	30.77	13	9	0	19	31	43	55	0.11	22.3
Seq7885_261_bp_-1_1_0	AAA65607.1	55.56	22	8	4	3	20	69	90	0.31	21.1
Seq7885_261_bp_-1_1_0	AEE27845.1	40.00	15	9	0	14	28	796	810	0.32	22.9
Seq7885_261_bp_-1_1_0	ABD49687.1	71.43	7	2	0	23	29	70	76	0.6	22.3
Seq7885_261_bp_-1_1_0	BAA32991.1	36.36	11	7	0	5	15	39	49	0.76	17.3
Seq7885_261_bp_-1_1_0	AAB64315.2	33.33	15	10	0	8	22	83	97	1.5	18.6
Seq7885_261_bp_-1_1_0	BAB17681.1	80.00	5	1	0	28	32	262	266	1.9	18.0
Seq7885_261_bp_-1_1_0	CAA74140.1	60.00	10	4	0	10	19	474	483	2.8	19.2
Seq7885_261_bp_-1_1_0	AAR37016.1	83.33	6	1	0	22	27	619	624	3	20.4
Seq7885_261_bp_-1_1_0	AAB26998.1	28.57	14	10	0	10	23	60	73	4.7	14.8
Seq7885_261_bp_-1_1_0	CAA26230.1	66.67	6	2	0	17	22	551	556	5.9	17.3
Seq7885_261_bp_-1_1_0	CAA11507.1	71.43	7	2	0	16	22	531	537	6.1	18.6
Seq7885_261_bp_-1_1_0	AAI27517.1	30.77	13	9	0	18	30	368	380	6.2	17.3
Seq7885_261_bp_-1_1_1	CAA45199.1	25.00	12	9	0	9	20	448	459	0.068	23.1
Seq7885_261_bp_-1_1_1	ABD33854.1	28.57	16	10	2	1	14	42	57	0.22	18.5
Seq7885_261_bp_-1_1_1	ABL74574.1	60.00	12	4	2	3	14	112	121	0.26	20.4
Seq7885_261_bp_-1_1_1	AAB26998.1	60.00	5	2	0	8	12	34	38	0.27	18.5
Seq7885_261_bp_-1_1_1	AAB26998.1	100.00	4	0	0	10	13	73	76	0.27	18.5
Seq7885_261_bp_-1_1_1	AAI27517.1	40.00	10	6	0	13	22	299	308	0.33	21.1
Seq7885_261_bp_-1_1_1	ACH70904.1	50.00	8	4	0	11	18	200	207	0.79	19.1
Seq7885_261_bp_-1_1_1	BAA32991.1	75.00	4	1	0	6	9	59	62	0.93	16.5
Seq7885_261_bp_-1_1_1	CAA73529.1	57.14	7	3	0	9	15	145	151	0.95	18.5
Seq7885_261_bp_-1_1_1	ABD49687.1	50.00	12	6	0	11	22	493	504	0.96	21.1
Seq7885_261_bp_-1_1_1	AAA25966.1	100.00	4	0	0	9	12	652	655	1	19.8
Seq7885_261_bp_-1_1_1	EDO47375.1	44.44	9	5	0	11	19	4	12	1	17.8
Seq7885_261_bp_-1_1_1	ABG75784.1	42.86	7	4	0	16	22	302	308	1.7	17.8
Seq7885_261_bp_-1_1_1	ACT10338.1	42.86	7	4	0	12	18	47	53	2.1	17.8
Seq7885_261_bp_-1_1_1	AAA18786.1	36.36	11	7	0	9	19	207	217	2.3	17.2
Seq7885_261_bp_-1_1_1	AAA36565.1	18.18	11	9	0	1	11	156	166	3.5	15.8
Seq7885_261_bp_-1_1_1	AAC97205.1	75.00	4	1	0	7	10	282	285	4.2	18.5
Seq7885_261_bp_-1_1_1	BAA32956.1	83.33	6	1	0	8	13	184	189	4.4	15.8
Seq7885_261_bp_-1_1_1	AAB03707.1	50.00	8	4	0	15	22	792	799	4.6	18.5
Seq7885_261_bp_-1_1_1	ABK71357.1	50.00	8	4	0	9	16	187	194	4.9	16.5
Seq7885_261_bp_-1_1_1	AAC78721.1	57.14	7	3	0	9	15	67	73	5.6	17.2
Seq7885_261_bp_-1_1_1	AAH69556.1	100.00	3	0	0	19	21	213	215	6.2	15.8
Seq7885_261_bp_-1_1_1	AAX84812.1	50.00	4	2	0	4	7	105	108	7.3	15.2
Seq7885_261_bp_-1_1_1	AAA42531.1	100.00	3	0	0	5	7	224	226	7.8	15.8
Seq7885_261_bp_-1_1_1	AAX12058.1	42.86	7	4	0	12	18	60	66	8.6	15.2
Seq7885_261_bp_-1_1_1	AAA24142.1	33.33	6	4	0	3	8	207	212	8.9	15.8
Seq7885_261_bp_-1_1_1	AAB96524.1	44.44	9	5	0	1	9	105	113	9.1	14.5
Seq7885_261_bp_-1_1_2	CAD53387.1	42.86	14	8	0	16	29	464	477	0.06	23.7
Seq7885_261_bp_-1_1_2	BAA32991.1	50.00	8	4	0	9	16	29	36	0.2	19.1
Seq7885_261_bp_-1_1_2	BAA32956.1	33.33	18	12	0	11	28	182	199	0.28	20.2
Seq7885_261_bp_-1_1_2	ACT10338.1	55.56	9	4	0	16	24	117	125	0.35	20.8
Seq7885_261_bp_-1_1_2	BAB17681.1	38.46	13	8	0	1	13	176	188	0.55	19.7
Seq7885_261_bp_-1_1_2	AAA32624.1	55.56	10	4	1	8	16	472	481	1.5	19.1
Seq7885_261_bp_-1_1_2	AAR37016.1	50.00	10	5	0	19	28	1000	1009	2.1	20.8
Seq7885_261_bp_-1_1_2	AAA45888.1	50.00	10	5	0	17	26	6	15	2.5	17.9
Seq7885_261_bp_-1_1_2	ABL74574.1	44.44	9	5	0	17	25	16	24	2.8	17.4
Seq7885_261_bp_-1_1_2	ABG75784.1	41.67	12	7	0	16	27	85	96	3	17.4
Seq7885_261_bp_-1_1_2	ABD49687.1	44.44	9	5	0	13	21	746	754	3.3	19.7
Seq7885_261_bp_-1_1_2	AAA24142.1	37.50	8	5	0	22	29	295	302	4.3	17.4
Seq7885_261_bp_-1_1_2	AAA25966.1	42.86	7	4	0	1	7	316	322	4.6	17.9
Seq7885_261_bp_-1_1_2	ABK71357.1	50.00	6	3	0	15	20	195	200	5.3	16.8
Seq7885_261_bp_-1_1_2	AAQ92751.2	50.00	6	3	0	18	23	548	553	5.9	18.5
Seq7885_261_bp_-1_1_2	BAA32018.1	44.44	9	5	0	20	28	335	343	5.9	17.4
Seq7885_261_bp_-1_1_2	EDO47375.1	50.00	6	3	0	4	9	171	176	5.9	15.6
Seq7885_261_bp_-1_1_2	AAA42531.1	40.00	10	6	0	9	18	382	391	8	16.2
Seq7885_261_bp_-1_1_2	AAB96524.1	42.86	7	4	0	12	18	58	64	8.5	15.0
Seq7885_261_bp_-1_2_0	CAA26230.1	33.33	18	12	0	2	19	290	307	1.4	20.1
Seq7885_261_bp_-1_2_0	AAB96524.1	36.84	19	12	0	21	39	62	80	1.9	18.0
Seq7885_261_bp_-1_2_0	ABD49687.1	45.83	26	13	2	22	45	1073	1098	3	20.6
Seq7885_261_bp_-1_2_0	AAA65607.1	38.46	13	8	0	3	15	28	40	5.3	17.5
Seq7885_261_bp_-1_2_0	ACH70904.1	40.00	10	6	0	29	38	162	171	7.3	16.9
Seq7885_261_bp_-1_2_0	AAA42531.1	36.36	11	7	0	3	13	238	248	7.9	16.9
Seq7885_261_bp_-1_2_0	ABL74574.1	41.67	12	7	0	21	32	276	287	8.3	16.4
Seq7885_261_bp_-1_2_0	AAB64315.2	75.00	4	1	0	18	21	26	29	9.4	16.4
Seq7885_261_bp_-1_2_0	CAA45199.1	50.00	8	4	0	19	26	449	456	9.4	16.9
Seq7885_261_bp_-1_2_0	AEE27845.1	55.56	9	4	0	30	38	1046	1054	9.5	18.5
Seq7885_261_bp_-1_2_1	AAB26998.1	70.00	10	3	0	25	34	1	10	0.11	20.5
Seq7885_261_bp_-1_2_1	AAB03707.1	31.58	19	13	0	10	28	730	748	1.4	21.0
Seq7885_261_bp_-1_2_1	AAA26915.1	23.81	23	16	2	3	25	106	126	1.8	19.0
Seq7885_261_bp_-1_2_1	AAX12058.1	75.00	8	2	0	27	34	240	247	5.8	16.5
Seq7885_261_bp_-1_2_1	BAE97662.1	40.00	21	12	1	6	26	336	355	6.1	18.5
Seq7885_261_bp_-1_2_1	AAH69556.1	43.75	16	9	0	22	37	66	81	6.4	16.5
Seq7885_261_bp_-1_2_1	AAC78721.1	45.00	20	11	0	2	21	15	34	7.1	17.5
Seq7885_261_bp_-1_2_1	AAA32376.1	42.86	14	8	0	10	23	11	24	7.1	15.6
Seq7885_261_bp_-1_2_1	CAA11507.1	50.00	29	13	3	10	35	1314	1342	7.2	18.5
Seq7885_261_bp_-1_2_1	ABN10845.1	50.00	10	5	0	28	37	28	37	8.8	15.6
