Seq7345_272_bp_1_0_0	AAA42531.1	94.44	90	5	0	1	90	301	390	2.8e-36	139.0
Seq7345_272_bp_1_0_0	CAA04196.1	23.17	92	63	10	6	90	213	301	0.36	22.5
Seq7345_272_bp_1_0_0	BAA32018.1	22.89	93	64	10	2	86	381	471	0.99	21.6
Seq7345_272_bp_1_0_0	CAA45199.1	30.00	66	42	6	6	67	172	235	1	21.2
Seq7345_272_bp_1_0_0	AAC97205.1	36.51	78	40	15	1	64	465	541	1.1	22.5
Seq7345_272_bp_1_0_0	AAR37016.1	18.52	88	66	7	2	84	565	650	1.1	23.4
Seq7345_272_bp_1_0_0	CAA26230.1	25.61	93	61	11	6	89	467	557	2.2	20.3
Seq7345_272_bp_1_0_0	AII71783.1	16.85	92	74	3	1	90	214	304	2.6	19.2
Seq7345_272_bp_1_0_0	ABL74574.1	20.73	90	65	8	6	90	117	203	2.8	19.0
Seq7345_272_bp_1_0_0	BAB17681.1	21.21	71	52	5	1	70	141	207	3.1	18.8
Seq7345_272_bp_1_0_0	AAB26998.1	24.44	52	34	7	5	53	26	73	3.5	16.8
Seq7345_272_bp_1_0_0	ABD49687.1	35.85	74	34	21	5	75	38	93	4.8	20.8
Seq7345_272_bp_1_0_0	AAI27517.1	20.93	94	68	8	1	90	343	432	4.8	19.2
Seq7345_272_bp_1_0_0	AAB64315.2	33.33	33	18	6	4	36	67	93	5.7	18.1
Seq7345_272_bp_1_0_0	AAF01122.1	21.52	82	62	3	6	86	96	175	6.5	18.1
Seq7345_272_bp_1_0_0	AAR31603.1	21.43	75	55	5	8	78	18	91	6.6	17.9
Seq7345_272_bp_1_0_0	ACH70904.1	22.64	55	41	2	28	81	143	196	8.3	17.7
Seq7345_272_bp_1_0_0	ABS38337.1	25.71	83	52	13	19	89	125	206	8.7	19.4
Seq7345_272_bp_1_0_0	AAA24969.1	22.35	87	66	2	4	89	937	1022	8.9	19.6
Seq7345_272_bp_1_0_0	ABD33854.1	17.39	57	38	11	4	57	9	57	9.1	15.0
Seq7345_272_bp_1_0_0	BAB70780.1	22.08	83	60	6	4	80	263	345	9.5	17.9
Seq7345_272_bp_1_0_0	AAA36565.1	19.28	92	67	9	3	85	76	167	9.5	16.3
Seq7345_272_bp_1_0_0	ABK71357.1	17.81	75	60	2	4	77	174	247	9.9	17.4
Seq7345_272_bp_1_1_0	ABD33854.1	32.56	50	29	7	10	52	5	54	0.0067	24.8
Seq7345_272_bp_1_1_0	AAI27517.1	27.45	56	37	5	2	53	471	525	0.73	21.2
Seq7345_272_bp_1_1_0	AAA32624.1	30.00	38	21	8	8	45	331	360	1.1	20.5
Seq7345_272_bp_1_1_0	AAA32376.1	34.15	46	27	5	7	51	118	159	2.1	17.9
Seq7345_272_bp_1_1_0	AAB26998.1	22.58	32	24	1	17	48	21	51	3.8	15.9
Seq7345_272_bp_1_1_0	AAA42531.1	33.33	48	26	9	1	44	65	107	3.9	18.2
Seq7345_272_bp_1_1_0	ABN10845.1	19.35	33	25	2	12	44	27	57	4.3	17.2
Seq7345_272_bp_1_1_0	AAA26915.1	32.43	40	25	3	15	53	408	445	4.6	18.2
Seq7345_272_bp_1_1_0	BAA32018.1	19.57	47	37	1	1	46	126	172	5.2	18.4
Seq7345_272_bp_1_1_0	BAA32956.1	28.00	25	18	0	22	46	112	136	5.9	16.7
Seq7345_272_bp_1_1_0	AAR31603.1	28.95	44	27	6	3	45	85	123	6.4	17.2
Seq7345_272_bp_1_1_0	AAA18786.1	31.82	22	15	0	32	53	80	101	7.4	16.7
Seq7345_272_bp_1_1_0	AEE27845.1	24.49	54	37	5	1	49	860	913	7.9	18.9
Seq7345_272_bp_1_1_0	AAA24142.1	21.62	38	29	1	15	52	94	130	8.7	17.2
Seq7345_272_bp_1_1_0	CAA43372.1	29.17	57	34	9	1	49	349	404	9.4	16.9
Seq7345_272_bp_1_1_0	ABD49687.1	24.49	52	37	3	4	52	74	125	9.5	18.9
Seq7345_272_bp_1_1_0	AAC97205.1	33.33	36	22	3	2	34	1160	1195	9.7	18.4
Seq7345_272_bp_1_1_0	AAA65607.1	28.21	42	28	3	2	42	81	120	9.9	16.7
Seq7345_272_bp_1_1_1	ABN10845.1	83.33	8	1	2	3	10	108	113	0.48	18.4
Seq7345_272_bp_1_1_1	ABN10845.1	36.36	13	7	2	1	13	52	62	0.61	18.0
Seq7345_272_bp_1_1_1	AAR31603.1	40.00	10	6	0	1	10	80	89	3	16.3
Seq7345_272_bp_1_1_1	AAA25966.1	30.00	10	7	0	1	10	306	315	3.2	17.3
Seq7345_272_bp_1_1_1	ACT10338.1	37.50	10	5	2	3	10	298	307	4.4	15.9
Seq7345_272_bp_1_1_1	CAA26230.1	50.00	4	2	0	3	6	393	396	5	16.3
Seq7345_272_bp_1_1_1	AAA24142.1	62.50	8	3	0	6	13	302	309	5.1	15.9
Seq7345_272_bp_1_1_1	AAA32624.1	50.00	4	2	0	3	6	356	359	5.9	15.9
Seq7345_272_bp_1_1_1	AAC08817.1	37.50	8	5	0	1	8	104	111	6.1	14.2
Seq7345_272_bp_1_1_1	BAA32956.1	30.00	10	7	0	1	10	149	158	6.1	14.6
Seq7345_272_bp_1_1_1	AAQ92751.2	50.00	9	4	1	3	11	545	552	7.5	17.0
Seq7345_272_bp_1_1_1	AAA23282.1	66.67	6	2	0	6	11	561	566	8	15.6
Seq7345_272_bp_1_1_1	ABD33854.1	50.00	6	3	0	1	6	39	44	9.6	12.1
Seq7345_272_bp_1_1_1	AAA36565.1	54.55	15	5	4	1	11	67	81	9.6	13.5
Seq7345_272_bp_1_2_0	AIR13712.1	28.57	14	10	0	2	15	215	228	0.7	18.6
Seq7345_272_bp_1_2_0	BAB17681.1	71.43	7	2	0	7	13	269	275	1.8	17.0
Seq7345_272_bp_1_2_0	ABD49687.1	46.15	13	7	0	3	15	565	577	2	19.5
Seq7345_272_bp_1_2_0	AAR31603.1	50.00	14	6	2	4	15	117	130	2.9	16.5
Seq7345_272_bp_1_2_0	AEE27845.1	50.00	10	5	0	5	14	510	519	2.9	18.6
Seq7345_272_bp_1_2_0	AAB64315.2	58.33	13	5	1	4	15	176	188	3.8	16.1
Seq7345_272_bp_1_2_0	AAA24142.1	50.00	8	4	0	7	14	434	441	5.2	16.1
Seq7345_272_bp_1_2_0	CAA11507.1	41.67	12	7	0	2	13	682	693	6.5	17.4
Seq7345_272_bp_1_2_0	AAA26915.1	50.00	11	5	1	6	15	95	105	9.2	15.3
Seq7345_272_bp_1_2_0	AAA18786.1	38.46	13	8	0	2	14	120	132	9.3	14.5
Seq7345_272_bp_1_2_0	AAC78721.1	50.00	13	6	1	1	13	225	236	9.9	15.7
Seq7345_272_bp_1_2_0	ABL74574.1	50.00	6	3	0	9	14	134	139	10	14.5
Seq7345_272_bp_1_2_1	AAA32376.1	45.45	11	6	0	3	13	70	80	1.1	17.1
Seq7345_272_bp_1_2_1	CAA45199.1	30.77	13	9	0	2	14	155	167	2.2	17.6
Seq7345_272_bp_1_2_1	AAC78721.1	30.77	13	9	0	2	14	143	155	2.3	18.0
Seq7345_272_bp_1_2_1	ABD33854.1	57.14	7	3	0	10	16	29	35	3.4	14.0
Seq7345_272_bp_1_2_1	AAH69556.1	31.25	16	11	0	1	16	140	155	4.7	15.8
Seq7345_272_bp_1_2_1	CAD53387.1	33.33	15	10	0	1	15	480	494	7.6	15.8
Seq7345_272_bp_1_2_1	AAC08817.1	41.67	15	7	3	1	15	154	165	8.3	14.0
Seq7345_272_bp_1_2_2	ACT10338.1	62.50	9	3	1	3	11	121	128	4.4	16.1
Seq7345_272_bp_1_2_2	ABD33854.1	57.14	8	3	1	4	11	51	57	6.2	12.9
Seq7345_272_bp_1_2_2	AAA18786.1	38.46	13	8	0	2	14	95	107	7.4	14.7
Seq7345_272_bp_1_2_2	CAA26230.1	46.15	13	7	0	2	14	541	553	8.3	15.6
Seq7345_272_bp_1_2_2	AAI27517.1	66.67	6	2	0	3	8	31	36	8.7	15.6
Seq7345_272_bp_1_2_2	AAA32376.1	50.00	8	4	0	4	11	7	14	8.9	13.8
Seq7345_272_bp_1_2_3	ABL74574.1	26.67	34	22	4	1	34	39	68	0.92	19.4
Seq7345_272_bp_1_2_3	AAA42531.1	32.35	38	23	4	3	36	147	184	1.8	18.8
Seq7345_272_bp_1_2_3	ABD33854.1	30.77	13	9	0	2	14	52	64	2.1	16.0
Seq7345_272_bp_1_2_3	AAH69556.1	41.67	26	14	2	11	36	254	277	2.6	18.0
Seq7345_272_bp_1_2_3	AAA65607.1	45.00	24	11	4	1	20	232	255	4.5	17.4
Seq7345_272_bp_1_2_3	CAA45199.1	24.24	33	25	0	4	36	117	149	4.7	17.7
Seq7345_272_bp_1_2_3	BAB70780.1	34.48	31	19	2	3	33	306	334	5.8	17.4
Seq7345_272_bp_1_2_3	AAB26998.1	33.33	12	8	0	2	13	51	62	9.6	14.0
Seq7345_272_bp_-1_0_0	BAE97662.1	46.67	33	16	3	2	31	184	216	1.3	20.7
Seq7345_272_bp_-1_0_0	AIR13712.1	30.43	23	16	0	7	29	292	314	2.8	17.7
Seq7345_272_bp_-1_0_0	AAC17860.1	31.82	22	15	0	11	32	10	31	3.5	17.7
Seq7345_272_bp_-1_0_0	AAA18786.1	36.36	23	14	1	5	27	62	83	4.8	16.6
Seq7345_272_bp_-1_0_0	AAB64315.2	15.15	33	28	0	1	33	132	164	5.8	16.6
Seq7345_272_bp_-1_0_0	CAD53387.1	50.00	10	5	0	19	28	58	67	6.8	17.0
Seq7345_272_bp_-1_0_0	AAA24969.1	35.71	30	18	2	2	29	1177	1206	7.5	18.5
Seq7345_272_bp_-1_0_0	ACH70904.1	29.03	33	22	2	1	33	238	268	8.1	16.3
Seq7345_272_bp_-1_0_0	AEE27845.1	27.27	22	16	0	11	32	476	497	8.7	18.1
Seq7345_272_bp_-1_0_0	AAR31603.1	29.63	29	19	2	3	29	282	310	9.3	15.9
Seq7345_272_bp_-1_0_1	AAX84812.1	33.33	15	10	0	1	15	91	105	1.6	17.4
Seq7345_272_bp_-1_0_1	ABD33854.1	33.33	12	8	0	2	13	27	38	2.6	14.8
Seq7345_272_bp_-1_0_1	AAA42531.1	43.75	17	9	1	1	16	353	369	2.6	17.4
Seq7345_272_bp_-1_0_1	ABG75784.1	45.45	11	6	0	10	20	74	84	2.7	17.1
Seq7345_272_bp_-1_0_1	AAA25966.1	47.06	18	9	1	1	18	167	183	3.7	17.8
Seq7345_272_bp_-1_0_1	BAA32956.1	23.81	21	16	0	1	21	77	97	5	15.6
Seq7345_272_bp_-1_0_1	CAA45199.1	57.14	15	6	1	8	21	119	133	6.6	16.3
Seq7345_272_bp_-1_0_1	CAA04196.1	25.00	20	15	0	1	20	308	327	9.5	15.6
Seq7345_272_bp_-1_0_2	AAC78721.1	28.57	21	15	0	1	21	489	509	1.1	19.8
Seq7345_272_bp_-1_0_2	CAA74140.1	24.00	25	19	0	1	25	368	392	1.9	19.5
Seq7345_272_bp_-1_0_2	AAI27517.1	58.33	12	5	0	3	14	272	283	2	18.7
Seq7345_272_bp_-1_0_2	AAB26998.1	27.27	25	16	3	4	25	28	52	2.5	15.5
Seq7345_272_bp_-1_0_2	CAA04196.1	25.00	24	18	0	2	25	285	308	3	17.7
Seq7345_272_bp_-1_0_2	AAA24142.1	40.00	22	12	2	1	22	89	108	3.2	17.7
Seq7345_272_bp_-1_0_2	AAC08817.1	27.78	18	13	0	5	22	1	18	5.1	15.5
Seq7345_272_bp_-1_0_2	AAA36565.1	42.86	26	12	5	2	22	88	113	5.2	15.5
Seq7345_272_bp_-1_0_2	BAA32018.1	33.33	19	12	1	4	21	492	510	5.6	17.3
Seq7345_272_bp_-1_0_2	BAB79260.1	39.13	27	14	4	1	23	219	245	6.6	16.6
Seq7345_272_bp_-1_0_2	AAF01122.1	35.00	20	13	0	2	21	250	269	7	16.2
Seq7345_272_bp_-1_0_2	CAD53387.1	46.15	13	7	0	8	20	466	478	7.3	16.6
Seq7345_272_bp_-1_0_2	BAA32956.1	27.78	18	13	0	8	25	195	212	8.3	15.1
Seq7345_272_bp_-1_0_2	AAC97205.1	26.09	24	17	1	1	24	447	469	8.3	17.7
Seq7345_272_bp_-1_1_0	CAD53387.1	32.35	39	23	5	7	40	62	100	0.041	24.9
Seq7345_272_bp_-1_1_0	CAD53387.1	32.35	39	23	5	7	40	128	166	0.041	24.9
Seq7345_272_bp_-1_1_0	CAD53387.1	32.35	39	23	5	7	40	194	232	0.041	24.9
Seq7345_272_bp_-1_1_0	CAD53387.1	32.35	39	23	5	7	40	260	298	0.041	24.9
Seq7345_272_bp_-1_1_0	CAD53387.1	32.35	39	23	5	7	40	326	364	0.041	24.9
Seq7345_272_bp_-1_1_0	CAD53387.1	32.35	39	23	5	7	40	392	430	0.041	24.9
Seq7345_272_bp_-1_1_0	CAA04196.1	47.62	23	11	2	13	33	22	44	0.14	22.9
Seq7345_272_bp_-1_1_0	AAC97205.1	30.56	40	25	4	4	39	560	599	0.22	23.7
Seq7345_272_bp_-1_1_0	AAA24969.1	38.24	38	21	4	10	43	1198	1235	0.73	22.3
Seq7345_272_bp_-1_1_0	ACT10338.1	26.19	45	31	3	2	43	9	53	0.74	20.3
Seq7345_272_bp_-1_1_0	ABK71357.1	38.10	24	13	3	23	43	39	62	1.3	19.4
Seq7345_272_bp_-1_1_0	BAA32956.1	29.63	27	19	0	4	30	186	212	1.3	18.6
Seq7345_272_bp_-1_1_0	AAA23282.1	28.57	35	25	0	9	43	478	512	1.3	20.0
Seq7345_272_bp_-1_1_0	AAR37016.1	32.43	40	25	3	1	40	764	800	1.7	21.7
Seq7345_272_bp_-1_1_0	AAA42531.1	27.27	35	24	2	8	42	330	362	2	18.9
Seq7345_272_bp_-1_1_0	AAA32624.1	27.59	29	21	0	8	36	195	223	2.2	19.1
Seq7345_272_bp_-1_1_0	ABD33854.1	20.59	35	27	1	4	37	26	60	2.3	16.0
Seq7345_272_bp_-1_1_0	AAA72732.1	40.00	34	18	4	9	40	263	294	2.9	18.0
Seq7345_272_bp_-1_1_0	AAB26998.1	29.17	26	17	2	12	35	32	57	2.9	16.0
Seq7345_272_bp_-1_1_0	AAI27517.1	27.59	29	21	0	4	32	356	384	3.6	18.6
Seq7345_272_bp_-1_1_0	CAA74140.1	25.00	32	24	0	11	42	8	39	3.9	19.1
Seq7345_272_bp_-1_1_0	ABL74574.1	24.14	29	22	0	14	42	1	29	3.9	17.4
Seq7345_272_bp_-1_1_0	ABD49687.1	31.58	41	26	3	3	40	1349	1389	4.7	19.7
Seq7345_272_bp_-1_1_0	ACH70904.1	35.29	43	22	9	1	38	256	294	5.8	17.1
Seq7345_272_bp_-1_1_0	CAA43372.1	21.05	19	15	0	23	41	274	292	8	16.9
Seq7345_272_bp_-1_1_0	AAB64315.2	31.82	22	15	0	11	32	17	38	9.3	16.3
Seq7345_272_bp_-1_1_1	AAQ92751.2	58.33	12	5	0	5	16	358	369	1.8	19.4
Seq7345_272_bp_-1_1_1	AAA32376.1	33.33	15	10	0	2	16	70	84	2.7	15.8
Seq7345_272_bp_-1_1_1	CAA74140.1	25.00	12	9	0	4	15	122	133	3.5	17.9
Seq7345_272_bp_-1_1_1	AAR31603.1	50.00	12	6	0	1	12	230	241	3.5	16.3
Seq7345_272_bp_-1_1_1	ABK71357.1	58.33	12	5	0	2	13	150	161	4	16.3
Seq7345_272_bp_-1_1_1	CAA26230.1	25.00	16	12	0	1	16	521	536	4.2	16.8
Seq7345_272_bp_-1_1_1	AAA26915.1	25.00	16	12	0	1	16	213	228	5	16.3
Seq7345_272_bp_-1_1_1	EDO47375.1	41.67	12	7	0	5	16	102	113	5.7	14.8
Seq7345_272_bp_-1_1_1	AAB03707.1	44.44	9	5	0	3	11	715	723	7.1	17.3
Seq7345_272_bp_-1_1_1	AAA32624.1	31.25	16	11	0	1	16	358	373	7.7	15.8
Seq7345_272_bp_-1_1_1	AAR37016.1	26.67	15	11	0	1	15	1710	1724	8.5	17.9
Seq7345_272_bp_-1_1_1	ABG75784.1	26.67	15	11	0	1	15	68	82	9.1	14.8
Seq7345_272_bp_-1_1_1	ABS38337.1	35.71	14	9	0	2	15	836	849	9.2	16.8
Seq7345_272_bp_-1_1_1	AAX84812.1	20.00	15	12	0	1	15	212	226	9.6	14.3
Seq7345_272_bp_-1_1_1	AAC08817.1	42.86	14	8	0	1	14	13	26	9.6	13.8
Seq7345_272_bp_-1_1_2	AAX84812.1	40.00	10	6	0	1	10	98	107	0.48	18.7
Seq7345_272_bp_-1_1_2	ABK71357.1	46.15	15	7	2	1	15	275	287	1.8	17.4
Seq7345_272_bp_-1_1_2	AAR37016.1	28.57	14	10	0	1	14	1496	1509	2	20.0
Seq7345_272_bp_-1_1_2	AAA32624.1	45.45	11	6	0	2	12	465	475	3.4	17.0
Seq7345_272_bp_-1_1_2	ABG75784.1	30.00	10	7	0	1	10	130	139	4.9	15.7
Seq7345_272_bp_-1_1_2	AAB26998.1	100.00	3	0	0	8	10	58	60	7.1	13.1
Seq7345_272_bp_-1_1_2	AAA42531.1	23.08	13	10	0	3	15	170	182	8	15.2
Seq7345_272_bp_-1_1_2	AAH69556.1	30.00	10	7	0	1	10	245	254	8.4	14.8
Seq7345_272_bp_-1_1_2	AAA32376.1	38.46	13	8	0	1	13	7	19	8.6	14.0
Seq7345_272_bp_-1_1_2	AAB64315.2	55.56	9	4	0	1	9	199	207	9	14.8
Seq7345_272_bp_-1_1_2	EDO47375.1	15.38	13	11	0	3	15	169	181	9.3	14.0
Seq7345_272_bp_-1_1_2	BAB70780.1	30.00	10	7	0	4	13	437	446	9.8	15.2
Seq7345_272_bp_-1_2_0	CAA73529.1	50.00	12	6	0	1	12	125	136	1.1	17.5
Seq7345_272_bp_-1_2_0	AAC78721.1	41.67	12	7	0	1	12	213	224	4.8	16.6
Seq7345_272_bp_-1_2_0	AAA32376.1	44.44	9	5	0	2	10	123	131	5.4	14.5
Seq7345_272_bp_-1_2_0	AAA72732.1	62.50	8	3	0	3	10	46	53	7.2	14.9
Seq7345_272_bp_-1_2_0	AAA42531.1	45.45	11	6	0	1	11	292	302	8.8	14.9
Seq7345_272_bp_-1_2_0	CAA04196.1	36.36	11	7	0	2	12	288	298	9.4	14.9
Seq7345_272_bp_-1_2_1	AAA42531.1	38.89	18	11	0	1	18	348	365	0.001	28.7
Seq7345_272_bp_-1_2_1	ABD33854.1	41.67	12	7	0	6	17	53	64	0.093	19.6
Seq7345_272_bp_-1_2_1	AAR31603.1	50.00	15	7	1	3	16	63	77	0.13	21.5
Seq7345_272_bp_-1_2_1	CAA04196.1	40.00	16	9	1	3	18	259	273	1	18.8
Seq7345_272_bp_-1_2_1	AAA65607.1	33.33	15	10	0	6	20	300	314	1.2	18.4
Seq7345_272_bp_-1_2_1	CAA43372.1	46.15	15	7	2	1	13	394	408	1.3	18.4
Seq7345_272_bp_-1_2_1	ABS38337.1	66.67	6	2	0	5	10	1059	1064	2.4	19.2
Seq7345_272_bp_-1_2_1	AAI27517.1	29.41	18	12	1	1	18	555	571	4.1	17.3
Seq7345_272_bp_-1_2_1	EDO47375.1	30.77	14	9	1	4	17	154	166	4.8	15.4
Seq7345_272_bp_-1_2_1	AAX12058.1	30.77	14	9	1	6	19	100	112	6.8	15.4
Seq7345_272_bp_-1_2_1	AAA32376.1	50.00	10	5	0	11	20	126	135	7.3	14.6
Seq7345_272_bp_-1_2_1	AAB26998.1	28.57	7	5	0	3	9	70	76	7.3	13.5
Seq7345_272_bp_-1_2_1	AAA32624.1	25.00	20	15	0	1	20	266	285	7.6	16.2
Seq7345_272_bp_-1_2_1	AAC97205.1	35.71	15	9	1	3	17	314	327	8.2	17.3
Seq7345_272_bp_-1_2_1	AAR37016.1	46.15	16	7	3	3	15	335	350	9.1	18.1
Seq7345_272_bp_-1_2_1	AAA24969.1	66.67	6	2	0	10	15	723	728	9.9	17.3
Seq7345_272_bp_-1_2_2	AAA25966.1	25.00	18	12	2	13	28	114	131	3	18.6
Seq7345_272_bp_-1_2_2	CAA26230.1	32.00	26	17	1	1	26	452	476	4.5	17.6
Seq7345_272_bp_-1_2_2	CAA73529.1	38.46	13	8	0	1	13	28	40	5.4	16.3
Seq7345_272_bp_-1_2_2	BAB79260.1	25.93	28	20	1	2	29	339	365	5.6	17.0
Seq7345_272_bp_-1_2_2	AAA26915.1	25.00	24	18	0	2	25	267	290	5.8	17.0
Seq7345_272_bp_-1_2_2	CAA45199.1	20.69	31	23	2	1	29	54	84	5.8	17.0
Seq7345_272_bp_-1_2_2	ABD33854.1	38.46	14	8	1	16	29	35	47	6	14.0
Seq7345_272_bp_-1_2_2	AAH69556.1	30.77	29	18	3	2	29	163	189	7.4	16.0
Seq7345_272_bp_-1_2_2	ABD49687.1	25.00	16	12	0	11	26	1660	1675	8.4	18.3
Seq7345_272_bp_-1_2_2	AAA45888.1	23.08	13	10	0	10	22	135	147	9.1	16.0
Seq7345_272_bp_-1_2_2	AAR37016.1	40.00	29	15	4	1	28	1446	1471	9.1	18.6
Seq7345_272_bp_-1_2_2	ABS38337.1	21.74	23	18	0	3	25	936	958	9.8	17.6
Seq7345_272_bp_-1_2_3	ACH70904.1	31.82	23	15	1	1	22	292	314	0.28	20.7
Seq7345_272_bp_-1_2_3	ABN10845.1	38.10	23	13	2	3	23	70	92	1.7	17.4
Seq7345_272_bp_-1_2_3	AAB03707.1	44.44	21	10	3	1	18	1363	1383	3.4	19.1
Seq7345_272_bp_-1_2_3	AAA25966.1	33.33	21	14	0	1	21	606	626	4.4	17.7
Seq7345_272_bp_-1_2_3	AAA18786.1	80.00	5	1	0	2	6	261	265	6.4	15.7
Seq7345_272_bp_-1_2_3	AAR37016.1	36.36	23	14	1	1	22	1462	1484	7	18.7
Seq7345_272_bp_-1_2_3	AAC97205.1	27.27	22	16	0	1	22	1196	1217	9.1	17.4
Seq7345_272_bp_-1_2_3	CAD53387.1	21.05	19	15	0	2	20	484	502	9.2	16.1
