Seq2052_73_bp_1_0_0	AAB96524.1	36.36	11	7	0	5	15	16	26	3.2	16.1
Seq2052_73_bp_1_0_0	AAC78721.1	38.46	13	8	0	7	19	207	219	3.3	17.9
Seq2052_73_bp_1_0_0	BAB70780.1	35.71	14	9	0	1	14	137	150	7.9	16.1
Seq2052_73_bp_1_1_0	AAA26915.1	50.00	8	4	0	1	8	449	456	0.32	20.6
Seq2052_73_bp_1_1_0	AAA45888.1	100.00	4	0	0	14	17	122	125	1.5	18.1
Seq2052_73_bp_1_1_0	BAB79260.1	60.00	5	2	0	13	17	175	179	1.8	18.1
Seq2052_73_bp_1_1_0	AAB64315.2	30.00	10	7	0	2	11	60	69	2	17.4
Seq2052_73_bp_1_1_0	BAA32956.1	66.67	3	1	0	13	15	26	28	3.1	16.1
Seq2052_73_bp_1_1_0	AIR13712.1	66.67	3	1	0	13	15	136	138	4.7	16.1
Seq2052_73_bp_1_1_0	AEE27845.1	44.44	9	5	0	11	19	1022	1030	5.3	18.1
Seq2052_73_bp_1_1_0	ACT10338.1	66.67	6	2	0	3	8	114	119	5.6	16.1
Seq2052_73_bp_1_1_0	ABN10845.1	100.00	2	0	0	8	9	108	109	7.4	14.9
Seq2052_73_bp_1_1_0	AAR37016.1	50.00	6	3	0	10	15	1557	1562	8.7	18.1
Seq2052_73_bp_1_1_0	AAA36565.1	42.86	7	4	0	1	7	117	123	8.7	14.2
Seq2052_73_bp_1_2_0	AAX84812.1	100.00	23	0	0	1	23	160	182	3.4e-17	72.9
Seq2052_73_bp_1_2_0	AAA32376.1	50.00	14	7	0	6	19	117	130	0.22	20.0
Seq2052_73_bp_1_2_0	AAA26915.1	38.89	18	11	0	6	23	17	34	0.27	21.1
Seq2052_73_bp_1_2_0	AAA25966.1	41.18	17	10	0	4	20	178	194	0.92	20.0
Seq2052_73_bp_1_2_0	BAA32991.1	33.33	15	10	0	2	16	32	46	2	15.4
Seq2052_73_bp_1_2_0	ABG75784.1	36.36	11	7	0	1	11	194	204	4.1	16.6
Seq2052_73_bp_1_2_0	ABD49687.1	53.85	13	6	0	3	15	630	642	6.7	18.3
Seq2052_73_bp_1_2_0	AAA23282.1	62.50	8	3	0	6	13	72	79	7.2	16.6
Seq2052_73_bp_1_2_0	BAB17681.1	50.00	14	7	0	10	23	85	98	7.6	15.4
Seq2052_73_bp_-1_0_0	AAA18786.1	40.00	15	9	0	7	21	93	107	0.36	20.0
Seq2052_73_bp_-1_0_0	BAA32018.1	26.09	23	17	0	2	24	389	411	1.2	19.4
Seq2052_73_bp_-1_0_0	ABS38337.1	66.67	9	3	0	11	19	579	587	1.7	20.0
Seq2052_73_bp_-1_0_0	AII71783.1	50.00	12	6	0	11	22	219	230	2.6	17.3
Seq2052_73_bp_-1_0_0	EDO47375.1	30.77	13	9	0	12	24	64	76	7	15.1
Seq2052_73_bp_-1_0_0	AAI27517.1	30.77	13	9	0	2	14	320	332	7.1	16.7
Seq2052_73_bp_-1_0_0	AAX84812.1	22.22	18	14	0	3	20	195	212	8.5	15.1
Seq2052_73_bp_-1_0_0	ACH70904.1	41.67	12	7	0	2	13	7	18	9	15.6
Seq2052_73_bp_-1_1_0	ABS38337.1	33.33	15	10	0	2	16	1180	1194	1.9	19.5
Seq2052_73_bp_-1_1_0	CAA74140.1	35.71	14	9	0	3	16	360	373	2.1	18.9
Seq2052_73_bp_-1_1_0	CAA73529.1	40.00	10	6	0	4	13	156	165	2.2	17.0
Seq2052_73_bp_-1_1_0	AAH69556.1	27.27	11	8	0	1	11	136	146	2.4	17.0
Seq2052_73_bp_-1_1_0	AAB64315.2	44.44	9	5	0	8	16	266	274	2.6	17.0
Seq2052_73_bp_-1_1_0	AAX84812.1	23.08	13	10	0	1	13	125	137	2.8	16.4
Seq2052_73_bp_-1_1_0	ABD33854.1	60.00	5	2	0	10	14	29	33	5.9	13.4
Seq2052_73_bp_-1_1_0	AAA32624.1	36.36	11	7	0	3	13	51	61	6.1	16.4
Seq2052_73_bp_-1_1_0	EDO47375.1	66.67	6	2	0	8	13	1	6	7.5	14.6
Seq2052_73_bp_-1_1_0	CAA26230.1	33.33	9	6	0	3	11	81	89	9.5	15.8
Seq2052_73_bp_-1_2_0	CAA74140.1	62.50	8	3	0	5	12	341	348	0.32	21.2
Seq2052_73_bp_-1_2_0	BAA32018.1	83.33	6	1	0	5	10	492	497	1.3	18.5
Seq2052_73_bp_-1_2_0	AIR13712.1	23.08	13	10	0	2	14	232	244	1.7	17.2
Seq2052_73_bp_-1_2_0	AAI27517.1	62.50	8	3	0	6	13	155	162	3	17.2
Seq2052_73_bp_-1_2_0	BAA32991.1	75.00	4	1	0	7	10	64	67	3.4	13.9
Seq2052_73_bp_-1_2_0	AAC97205.1	44.44	9	5	0	3	11	48	56	4	17.9
Seq2052_73_bp_-1_2_0	AAX12058.1	50.00	8	4	0	3	10	149	156	5.4	15.3
Seq2052_73_bp_-1_2_0	AAB26998.1	75.00	4	1	0	4	7	65	68	6	13.3
Seq2052_73_bp_-1_2_0	AAA72732.1	44.44	9	5	0	2	10	99	107	6.1	15.3
Seq2052_73_bp_-1_2_0	AEE27845.1	80.00	5	1	0	3	7	1236	1240	6.9	17.2
Seq2052_73_bp_-1_2_0	ABK71357.1	33.33	9	6	0	3	11	239	247	7.2	15.3
Seq2052_73_bp_-1_2_0	AAC78721.1	80.00	5	1	0	1	5	261	265	8.2	15.9
Seq2052_73_bp_-1_2_0	CAA73529.1	80.00	5	1	0	1	5	7	11	8.2	14.6
Seq2052_73_bp_-1_2_0	ABL74574.1	100.00	4	0	0	9	12	37	40	8.6	14.6
Seq2052_73_bp_-1_2_0	AAA25966.1	42.86	7	4	0	3	9	648	654	8.7	15.9
Seq2052_73_bp_-1_2_0	ABS38337.1	42.86	7	4	0	1	7	285	291	9.7	16.6
