Seq216_60_bp_1_0_0	AAA23282.1	38.46	13	8	0	7	19	88	100	3.8	17.3
Seq216_60_bp_1_0_0	AAB03707.1	71.43	7	2	0	13	19	565	571	4.5	18.4
Seq216_60_bp_1_0_0	CAA74140.1	33.33	18	12	0	3	20	83	100	6.1	17.3
Seq216_60_bp_1_0_0	AAH69556.1	62.50	8	3	0	12	19	171	178	8.1	15.3
Seq216_60_bp_1_0_0	ABN10845.1	40.00	10	6	0	7	16	100	109	8.2	14.8
Seq216_60_bp_1_0_0	AAA25966.1	16.67	12	10	0	5	16	485	496	9.3	16.3
Seq216_60_bp_1_1_0	AAA24969.1	100.00	19	0	0	1	19	468	486	2.8e-11	55.7
Seq216_60_bp_1_1_0	CAA11507.1	61.11	18	7	0	1	18	442	459	8.6e-05	34.0
Seq216_60_bp_1_1_0	AAB03707.1	62.50	16	6	0	2	17	451	466	0.0034	28.7
Seq216_60_bp_1_1_0	ABK71357.1	58.33	12	5	0	2	13	235	246	2	17.6
Seq216_60_bp_1_1_0	AAR37016.1	50.00	14	7	0	3	16	2148	2161	5.9	18.7
Seq216_60_bp_1_1_0	BAE97662.1	45.45	11	6	0	3	13	477	487	8.4	17.1
Seq216_60_bp_1_1_0	BAA32991.1	71.43	7	2	0	12	18	14	20	9.4	12.8
Seq216_60_bp_1_2_0	CAA04196.1	50.00	8	4	0	1	8	27	34	2	16.9
Seq216_60_bp_1_2_0	EDO47375.1	44.44	9	5	0	2	10	23	31	5.3	14.2
Seq216_60_bp_1_2_0	CAA26230.1	100.00	4	0	0	7	10	356	359	6.3	15.6
Seq216_60_bp_1_2_0	AAX84812.1	80.00	5	1	0	2	6	145	149	6.4	14.2
Seq216_60_bp_-1_0_0	ABL74574.1	83.33	6	1	0	9	14	115	120	0.13	21.2
Seq216_60_bp_-1_0_0	ABD33854.1	60.00	5	2	0	2	6	47	51	0.17	18.7
Seq216_60_bp_-1_0_0	ACH70904.1	45.45	11	6	0	9	19	150	160	0.26	20.6
Seq216_60_bp_-1_0_0	CAA74140.1	62.50	8	3	0	11	18	834	841	0.28	21.9
Seq216_60_bp_-1_0_0	AAC97205.1	50.00	10	5	0	9	18	857	866	0.37	21.9
Seq216_60_bp_-1_0_0	AAI27517.1	29.41	17	12	0	3	19	103	119	0.42	20.6
Seq216_60_bp_-1_0_0	CAA04196.1	66.67	6	2	0	15	20	411	416	0.46	20.0
Seq216_60_bp_-1_0_0	CAA04196.1	75.00	4	1	0	7	10	258	261	0.7	19.4
Seq216_60_bp_-1_0_0	CAA73529.1	75.00	4	1	0	3	6	271	274	0.71	18.7
Seq216_60_bp_-1_0_0	AAB96524.1	36.36	11	7	0	8	18	26	36	0.74	18.1
Seq216_60_bp_-1_0_0	AAA36565.1	42.86	7	4	0	10	16	55	61	1.6	16.9
Seq216_60_bp_-1_0_0	AAR37016.1	83.33	6	1	0	14	19	1042	1047	1.7	20.6
Seq216_60_bp_-1_0_0	CAD53387.1	100.00	4	0	0	16	19	34	37	2	18.1
Seq216_60_bp_-1_0_0	CAA26230.1	80.00	5	1	0	4	8	310	314	2.2	18.1
Seq216_60_bp_-1_0_0	ABK71357.1	30.77	13	9	0	6	18	67	79	2.3	17.5
Seq216_60_bp_-1_0_0	AEE27845.1	35.29	19	11	2	2	20	127	143	2.3	19.4
Seq216_60_bp_-1_0_0	BAA32991.1	75.00	4	1	0	1	4	46	49	2.4	15.0
Seq216_60_bp_-1_0_0	AAA42531.1	100.00	3	0	0	9	11	225	227	2.4	17.5
Seq216_60_bp_-1_0_0	AAC08817.1	50.00	6	3	0	15	20	140	145	2.4	16.2
Seq216_60_bp_-1_0_0	AAA18786.1	75.00	4	1	0	15	18	77	80	2.5	16.9
Seq216_60_bp_-1_0_0	BAA32956.1	38.46	13	8	0	7	19	4	16	3	16.2
Seq216_60_bp_-1_0_0	ABN10845.1	50.00	8	4	0	12	19	166	173	3.1	16.2
Seq216_60_bp_-1_0_0	BAB70780.1	57.14	7	3	0	12	18	58	64	4.5	16.9
Seq216_60_bp_-1_0_0	AAR31603.1	60.00	5	2	0	14	18	264	268	4.7	16.2
Seq216_60_bp_-1_0_0	ABD49687.1	80.00	5	1	0	14	18	785	789	6.5	18.1
Seq216_60_bp_-1_0_0	AAH69556.1	71.43	7	2	0	11	17	268	274	6.5	15.6
Seq216_60_bp_-1_0_0	AAA32624.1	60.00	5	2	0	15	19	39	43	7.2	16.2
Seq216_60_bp_-1_0_0	AAA32376.1	60.00	5	2	0	13	17	160	164	8.6	14.4
Seq216_60_bp_-1_0_0	BAB17681.1	75.00	4	1	0	13	16	226	229	8.9	15.0
Seq216_60_bp_-1_0_0	AAX12058.1	30.77	13	9	0	5	17	26	38	8.9	15.0
Seq216_60_bp_-1_0_0	EDO47375.1	37.50	8	5	0	3	10	148	155	9.4	14.4
Seq216_60_bp_-1_0_0	AAA24142.1	33.33	6	4	0	8	13	209	214	9.4	15.6
Seq216_60_bp_-1_0_0	AAA25966.1	60.00	5	2	0	16	20	491	495	9.8	16.2
Seq216_60_bp_-1_1_0	AAA65607.1	57.14	7	3	0	6	12	243	249	1.2	17.7
Seq216_60_bp_-1_1_0	AAA42531.1	62.50	8	3	0	4	11	343	350	1.2	17.7
Seq216_60_bp_-1_1_0	AAH69556.1	55.56	9	4	0	3	11	212	220	3.7	15.7
Seq216_60_bp_-1_1_0	AAA32624.1	37.50	8	5	0	4	11	520	527	4	16.4
Seq216_60_bp_-1_1_0	AAA24142.1	25.00	8	6	0	3	10	318	325	5.4	15.7
Seq216_60_bp_-1_1_0	AAA26915.1	50.00	10	5	0	1	10	69	78	5.6	15.7
Seq216_60_bp_-1_1_0	AAB26998.1	50.00	6	3	0	6	11	3	8	5.7	13.1
Seq216_60_bp_-1_1_0	CAA26230.1	100.00	4	0	0	2	5	298	301	6.6	15.7
Seq216_60_bp_-1_1_0	CAA74140.1	44.44	9	5	0	1	9	492	500	7	16.4
Seq216_60_bp_-1_2_0	AAB64315.2	60.00	5	2	0	4	8	33	37	1.6	16.8
Seq216_60_bp_-1_2_0	ABK71357.1	80.00	5	1	0	1	5	347	351	1.8	16.8
Seq216_60_bp_-1_2_0	AAA25966.1	44.44	9	5	0	1	9	346	354	2.1	17.6
Seq216_60_bp_-1_2_0	ABL74574.1	80.00	5	1	0	2	6	35	39	2.4	16.1
Seq216_60_bp_-1_2_0	ABD33854.1	50.00	6	3	0	1	6	14	19	2.6	13.8
Seq216_60_bp_-1_2_0	AAF01122.1	33.33	6	4	0	2	7	113	118	3.1	16.1
Seq216_60_bp_-1_2_0	AAB26998.1	75.00	4	1	0	7	10	52	55	3.1	13.8
Seq216_60_bp_-1_2_0	CAA73529.1	42.86	7	4	0	4	10	27	33	3.8	15.3
Seq216_60_bp_-1_2_0	AAB96524.1	33.33	6	4	0	3	8	106	111	4.3	14.5
Seq216_60_bp_-1_2_0	CAA74140.1	50.00	6	3	0	2	7	469	474	4.4	16.8
Seq216_60_bp_-1_2_0	BAA32956.1	50.00	4	2	0	6	9	6	9	4.9	14.5
Seq216_60_bp_-1_2_0	ABN10845.1	100.00	3	0	0	7	9	117	119	5	14.5
Seq216_60_bp_-1_2_0	CAA04196.1	50.00	6	3	0	4	9	181	186	5.7	15.3
Seq216_60_bp_-1_2_0	AAA72732.1	75.00	4	1	0	2	5	145	148	7.1	14.5
Seq216_60_bp_-1_2_0	AAI27517.1	50.00	4	2	0	4	7	220	223	7.8	15.3
Seq216_60_bp_-1_2_0	ABD49687.1	57.14	7	3	0	1	7	64	70	7.9	16.8
Seq216_60_bp_-1_2_0	ACH70904.1	60.00	5	2	0	2	6	257	261	8.1	14.5
Seq216_60_bp_-1_2_0	AAA45888.1	50.00	4	2	0	6	9	83	86	8.6	14.5
Seq216_60_bp_-1_2_0	CAA43372.1	60.00	5	2	0	1	5	21	25	9.2	14.5
