Seq2121_81_bp_1_0_0	ENA|AAB26998|AAB26998.1	44.44	9	5	0	6	14	8	16	1.7	15.4
Seq2121_81_bp_1_0_0	ENA|BAB79260|BAB79260.1	50.00	10	5	0	3	12	413	422	1.9	17.7
Seq2121_81_bp_1_0_0	ENA|BAB17681|BAB17681.1	57.14	7	3	0	3	9	147	153	4.3	15.8
Seq2121_81_bp_1_0_0	ENA|BAA32991|BAA32991.1	28.57	7	5	0	9	15	29	35	7	13.0
Seq2121_81_bp_1_0_0	ENA|AAI27517|AAI27517.1	100.00	4	0	0	11	14	511	514	7	16.2
Seq2121_81_bp_1_0_0	ENA|EDO47375|EDO47375.1	36.36	11	7	0	1	11	48	58	8.4	14.2
Seq2121_81_bp_1_0_0	ENA|ABN10845|ABN10845.1	50.00	6	3	0	6	11	155	160	9.6	14.2
Seq2121_81_bp_1_1_0	ENA|ABD49687|ABD49687.1	100.00	26	0	0	1	26	468	493	7.6e-16	71.5
Seq2121_81_bp_1_1_0	ENA|AAB96524|AAB96524.1	38.10	23	13	2	1	21	64	86	0.46	19.2
Seq2121_81_bp_1_1_0	ENA|ACT10338|ACT10338.1	31.25	16	11	0	10	25	222	237	0.96	19.2
Seq2121_81_bp_1_1_0	ENA|ABD33854|ABD33854.1	36.84	20	12	1	8	26	14	33	1.3	16.2
Seq2121_81_bp_1_1_0	ENA|CAA29956|CAA29956.1	41.67	12	7	0	13	24	343	354	2.6	17.7
Seq2121_81_bp_1_1_0	ENA|AAA36114|AAA36114.1	38.46	13	8	0	7	19	243	255	3.5	17.7
Seq2121_81_bp_1_1_0	ENA|AAA24145|AAA24145.1	27.78	18	13	0	5	22	292	309	5.3	16.9
Seq2121_81_bp_1_1_0	ENA|AAQ92751|AAQ92751.2	53.33	16	7	1	12	26	843	858	5.5	18.4
Seq2121_81_bp_1_1_0	ENA|AAB66912|AAB66912.1	27.78	18	13	0	9	26	881	898	8	17.3
Seq2121_81_bp_1_1_0	ENA|AAI27517|AAI27517.1	42.86	23	12	2	3	25	200	220	8.5	16.6
Seq2121_81_bp_1_2_0	ENA|AAA32624|AAA32624.1	83.33	6	1	0	1	6	115	120	0.033	23.3
Seq2121_81_bp_1_2_0	ENA|AAB96524|AAB96524.1	55.56	11	4	2	1	9	52	62	0.062	20.9
Seq2121_81_bp_1_2_0	ENA|BAA32991|BAA32991.1	25.00	8	6	0	2	9	25	32	0.062	19.4
Seq2121_81_bp_1_2_0	ENA|AAI27517|AAI27517.1	44.44	9	5	0	3	11	510	518	0.2	20.9
Seq2121_81_bp_1_2_0	ENA|ABN10845|ABN10845.1	40.00	10	6	0	2	11	16	25	0.28	18.9
Seq2121_81_bp_1_2_0	ENA|AAR31603|AAR31603.1	30.00	10	7	0	2	11	149	158	1.6	17.0
Seq2121_81_bp_1_2_0	ENA|AAC78721|AAC78721.1	50.00	6	3	0	3	8	636	641	1.7	18.0
Seq2121_81_bp_1_2_0	ENA|ABK71357|ABK71357.1	50.00	6	3	0	6	11	349	354	1.8	17.0
Seq2121_81_bp_1_2_0	ENA|AAC17860|AAC17860.1	42.86	7	4	0	4	10	315	321	2.7	16.5
Seq2121_81_bp_1_2_0	ENA|AAR37016|AAR37016.1	60.00	5	2	0	5	9	1935	1939	2.9	18.9
Seq2121_81_bp_1_2_0	ENA|AAB66912|AAB66912.1	57.14	7	3	0	4	10	307	313	3.1	17.5
Seq2121_81_bp_1_2_0	ENA|AAB26998|AAB26998.1	42.86	7	4	0	5	11	14	20	3.8	13.6
Seq2121_81_bp_1_2_0	ENA|ABD49687|ABD49687.1	57.14	11	3	4	4	10	34	44	4.1	18.0
Seq2121_81_bp_1_2_0	ENA|AAC97205|AAC97205.1	55.56	9	4	0	1	9	1209	1217	4.1	17.5
Seq2121_81_bp_1_2_0	ENA|AAC49865|AAC49865.1	57.14	7	3	0	5	11	47	53	4.2	15.5
Seq2121_81_bp_1_2_0	ENA|CAA45199|CAA45199.1	40.00	5	3	0	5	9	66	70	4.3	16.0
Seq2121_81_bp_1_2_0	ENA|BAB79260|BAB79260.1	42.86	7	4	0	5	11	410	416	5.7	15.5
Seq2121_81_bp_1_2_0	ENA|AAC40132|AAC40132.1	75.00	4	1	0	2	5	69	72	6	15.5
Seq2121_81_bp_1_2_0	ENA|CAA11507|CAA11507.1	57.14	7	3	0	5	11	862	868	6.3	17.0
Seq2121_81_bp_1_2_0	ENA|CAL82360|CAL82360.1	57.14	7	3	0	1	7	890	896	8.1	16.5
Seq2121_81_bp_1_2_0	ENA|CAA29968|CAA29968.1	66.67	3	1	0	3	5	97	99	9	13.6
Seq2121_81_bp_1_2_0	ENA|BAA36759|BAA36759.1	40.00	10	6	0	2	11	147	156	9.5	14.1
Seq2121_81_bp_1_2_0	ENA|CAA26939|CAA26939.1	60.00	5	2	0	1	5	400	404	9.7	15.1
Seq2121_81_bp_1_2_1	ENA|ABG75784|ABG75784.1	60.00	10	4	0	2	11	142	151	0.006	25.3
Seq2121_81_bp_1_2_1	ENA|AAC78721|AAC78721.1	72.73	13	3	2	2	14	362	372	1.1	19.0
Seq2121_81_bp_1_2_1	ENA|CAA45708|CAA45708.1	71.43	7	2	0	2	8	27	33	4.3	18.1
Seq2121_81_bp_1_2_1	ENA|CAA43419|CAA43419.1	23.08	13	10	0	1	13	313	325	6.7	15.3
Seq2121_81_bp_1_2_1	ENA|CAA29956|CAA29956.1	60.00	12	4	2	5	14	346	357	6.9	15.3
Seq2121_81_bp_1_2_1	ENA|AAB03707|AAB03707.1	55.56	9	4	0	1	9	1129	1137	7.2	17.2
Seq2121_81_bp_1_2_1	ENA|BAA32956|BAA32956.1	40.00	10	6	0	3	12	56	65	7.2	14.4
Seq2121_81_bp_1_2_1	ENA|CAD53387|CAD53387.1	55.56	9	4	0	6	14	67	75	9	15.3
Seq2121_81_bp_1_2_1	ENA|ABK71357|ABK71357.1	44.44	9	5	0	1	9	233	241	9.1	14.9
Seq2121_81_bp_1_2_1	ENA|CAA26023|CAA26023.1	57.14	7	3	0	8	14	349	355	9.3	14.9
Seq2121_81_bp_1_2_1	ENA|AAS77176|AAS77176.1	37.50	8	5	0	2	9	159	166	9.6	14.4
Seq2121_81_bp_-1_0_0	ENA|BAA32956|BAA32956.1	62.50	19	6	3	3	19	162	179	2.7	16.9
Seq2121_81_bp_-1_0_0	ENA|AAA42531|AAA42531.1	30.77	27	18	1	2	27	174	200	3	17.6
Seq2121_81_bp_-1_0_0	ENA|AAR37016|AAR37016.1	32.00	27	17	2	2	26	1268	1294	3.2	20.1
Seq2121_81_bp_-1_0_0	ENA|ABD49687|ABD49687.1	37.50	16	10	0	5	20	1063	1078	6.1	18.6
Seq2121_81_bp_-1_0_0	ENA|AAA32624|AAA32624.1	36.36	24	14	2	4	25	504	527	6.4	16.9
Seq2121_81_bp_-1_0_0	ENA|AAC49865|AAC49865.1	75.00	4	1	0	10	13	27	30	6.5	16.2
Seq2121_81_bp_-1_0_0	ENA|ABN10845|ABN10845.1	26.32	22	14	3	8	26	66	87	7	15.5
Seq2121_81_bp_-1_0_0	ENA|AAC97205|AAC97205.1	50.00	8	4	0	5	12	280	287	7.2	17.9
Seq2121_81_bp_-1_0_0	ENA|CAA36214|CAA36214.1	40.00	15	9	0	2	16	17	31	9.6	15.5
Seq2121_81_bp_-1_1_0	ENA|AAI27517|AAI27517.1	55.56	9	4	0	5	13	345	353	0.046	23.2
Seq2121_81_bp_-1_1_0	ENA|AAI27517|AAI27517.1	50.00	8	4	0	5	12	503	510	0.046	23.2
Seq2121_81_bp_-1_1_0	ENA|AAI27517|AAI27517.1	71.43	7	2	0	4	10	518	524	0.21	21.0
Seq2121_81_bp_-1_1_0	ENA|AAI27517|AAI27517.1	50.00	8	4	0	6	13	189	196	0.3	20.5
Seq2121_81_bp_-1_1_0	ENA|AAR31603|AAR31603.1	55.56	9	4	0	2	10	302	310	0.11	21.0
Seq2121_81_bp_-1_1_0	ENA|ABN10845|ABN10845.1	40.00	10	6	0	2	11	64	73	0.16	20.0
Seq2121_81_bp_-1_1_0	ENA|CAA45199|CAA45199.1	44.44	9	5	0	3	11	370	378	0.5	19.4
Seq2121_81_bp_-1_1_0	ENA|CAA29968|CAA29968.1	50.00	8	4	0	5	12	71	78	0.91	17.3
Seq2121_81_bp_-1_1_0	ENA|BAA32956|BAA32956.1	75.00	4	1	0	5	8	158	161	0.98	17.3
Seq2121_81_bp_-1_1_0	ENA|AAC08817|AAC08817.1	62.50	8	3	0	4	11	19	26	1.1	16.7
Seq2121_81_bp_-1_1_0	ENA|ACH70901|ACH70901.1	50.00	6	3	0	4	9	261	266	1.7	17.3
Seq2121_81_bp_-1_1_0	ENA|ABD49687|ABD49687.1	50.00	6	3	0	6	11	979	984	1.8	19.4
Seq2121_81_bp_-1_1_0	ENA|CAA26939|CAA26939.1	42.86	7	4	0	4	10	37	43	1.8	17.8
Seq2121_81_bp_-1_1_0	ENA|CAA45708|CAA45708.1	45.45	11	6	0	2	12	66	76	2.3	18.9
Seq2121_81_bp_-1_1_0	ENA|AAA24145|AAA24145.1	75.00	4	1	0	7	10	69	72	3.1	16.7
Seq2121_81_bp_-1_1_0	ENA|ABK71357|ABK71357.1	33.33	9	6	0	1	9	290	298	3.6	16.2
Seq2121_81_bp_-1_1_0	ENA|BAA36759|BAA36759.1	55.56	9	4	0	4	12	26	34	4	15.7
Seq2121_81_bp_-1_1_0	ENA|CAA11507|CAA11507.1	62.50	8	3	0	1	8	853	860	4.3	17.8
Seq2121_81_bp_-1_1_0	ENA|AAA72732|AAA72732.1	80.00	5	1	0	1	5	229	233	4.3	15.7
Seq2121_81_bp_-1_1_0	ENA|AAA36539|AAA36539.1	60.00	5	2	0	5	9	423	427	4.5	16.2
Seq2121_81_bp_-1_1_0	ENA|AAA25966|AAA25966.1	57.14	7	3	0	3	9	659	665	4.7	16.7
Seq2121_81_bp_-1_1_0	ENA|AAA36114|AAA36114.1	44.44	9	5	0	4	12	121	129	4.8	16.2
Seq2121_81_bp_-1_1_0	ENA|AAC26660|AAC26660.1	100.00	3	0	0	5	7	57	59	5.1	15.1
Seq2121_81_bp_-1_1_0	ENA|CAB75732|CAB75732.1	66.67	6	2	0	6	11	1117	1122	5.2	17.3
Seq2121_81_bp_-1_1_0	ENA|AAB66912|AAB66912.1	80.00	6	1	1	5	10	18	22	6	16.7
Seq2121_81_bp_-1_1_0	ENA|BAB79260|BAB79260.1	40.00	10	6	0	2	11	280	289	6.1	15.7
Seq2121_81_bp_-1_1_0	ENA|AAC40132|AAC40132.1	100.00	3	0	0	4	6	195	197	6.4	15.7
Seq2121_81_bp_-1_1_0	ENA|AAB26998|AAB26998.1	50.00	6	3	0	2	7	15	20	6.8	13.0
Seq2121_81_bp_-1_1_0	ENA|ACT10338|ACT10338.1	55.56	10	4	1	3	12	289	297	7.5	15.1
Seq2121_81_bp_-1_1_0	ENA|CAA73529|CAA73529.1	60.00	5	2	0	6	10	154	158	7.7	14.6
Seq2121_81_bp_-1_1_0	ENA|CAA28033|CAA28033.1	75.00	4	1	0	8	11	265	268	8.2	16.7
Seq2121_81_bp_-1_1_0	ENA|ABG75784|ABG75784.1	30.00	10	7	0	3	12	271	280	8.7	14.6
Seq2121_81_bp_-1_1_0	ENA|AAC49865|AAC49865.1	42.86	7	4	0	1	7	278	284	9.1	14.6
Seq2121_81_bp_-1_1_1	ENA|ABK71357|ABK71357.1	50.00	8	4	0	3	10	352	359	0.83	18.2
Seq2121_81_bp_-1_1_1	ENA|ABD49687|ABD49687.1	63.64	12	4	1	1	11	223	234	1.6	19.5
Seq2121_81_bp_-1_1_1	ENA|BAA36759|BAA36759.1	60.00	5	2	0	1	5	15	19	2.7	16.2
Seq2121_81_bp_-1_1_1	ENA|BAA32018|BAA32018.1	71.43	9	2	2	3	11	170	176	7.4	15.7
Seq2121_81_bp_-1_1_1	ENA|BAA32991|BAA32991.1	71.43	8	2	1	3	9	28	35	7.9	12.4
Seq2121_81_bp_-1_1_1	ENA|AAA72732|AAA72732.1	50.00	10	5	0	1	10	223	232	8.6	14.5
Seq2121_81_bp_-1_1_1	ENA|ABD33854|ABD33854.1	40.00	5	3	0	3	7	44	48	9.7	12.0
Seq2121_81_bp_-1_2_0	ENA|BAA05866|BAA05866.1	42.31	29	15	3	1	26	218	246	0.14	21.7
Seq2121_81_bp_-1_2_0	ENA|CAA24711|CAA24711.1	31.58	19	13	0	8	26	40	58	0.3	19.7
Seq2121_81_bp_-1_2_0	ENA|AAC40132|AAC40132.1	38.89	18	11	0	7	24	334	351	1.1	19.3
Seq2121_81_bp_-1_2_0	ENA|AAC49865|AAC49865.1	64.71	21	6	4	3	19	227	247	1.7	18.1
Seq2121_81_bp_-1_2_0	ENA|CAA28033|CAA28033.1	35.29	17	11	0	9	25	923	939	1.7	20.1
Seq2121_81_bp_-1_2_0	ENA|AAA42531|AAA42531.1	35.00	20	13	0	6	25	236	255	2.6	17.8
Seq2121_81_bp_-1_2_0	ENA|AAR31603|AAR31603.1	50.00	8	4	0	1	8	305	312	2.8	17.4
Seq2121_81_bp_-1_2_0	ENA|BAA32991|BAA32991.1	50.00	8	4	0	16	23	18	25	3	15.0
Seq2121_81_bp_-1_2_0	ENA|BAA36759|BAA36759.1	38.46	13	8	0	7	19	206	218	3.3	17.0
Seq2121_81_bp_-1_2_0	ENA|ACH70901|ACH70901.1	29.41	17	12	0	10	26	239	255	4	17.0
Seq2121_81_bp_-1_2_0	ENA|ABD49687|ABD49687.1	38.89	18	11	0	2	19	525	542	4.9	18.9
Seq2121_81_bp_-1_2_0	ENA|CAA26939|CAA26939.1	44.44	19	10	1	2	20	415	432	6.3	17.0
Seq2121_81_bp_-1_2_0	ENA|AAC26660|AAC26660.1	29.41	17	12	0	4	20	89	105	6.3	15.8
Seq2121_81_bp_-1_2_0	ENA|AAC08817|AAC08817.1	71.43	7	2	0	1	7	120	126	6.6	15.0
Seq2121_81_bp_-1_2_0	ENA|BAA32956|BAA32956.1	58.33	13	5	1	1	12	163	175	6.8	15.4
Seq2121_81_bp_-1_2_0	ENA|AAF79734|AAF79734.1	33.33	15	10	0	6	20	754	768	7	18.1
Seq2121_81_bp_-1_2_0	ENA|CAA26023|CAA26023.1	60.00	10	4	0	2	11	79	88	7.2	16.2
Seq2121_81_bp_-1_2_0	ENA|AAI27517|AAI27517.1	29.17	24	17	0	3	26	69	92	8.3	16.6
Seq2121_81_bp_-1_2_0	ENA|CAA36714|CAA36714.1	54.55	12	5	1	16	26	400	411	8.6	16.2
Seq2121_81_bp_-1_2_0	ENA|CAA45708|CAA45708.1	42.11	19	11	0	6	24	889	907	9.5	17.8
Seq2121_81_bp_-1_2_0	ENA|AAA32624|AAA32624.1	44.44	9	5	0	7	15	190	198	9.6	16.2
Seq2121_81_bp_-1_2_0	ENA|ABG75784|ABG75784.1	50.00	15	7	1	10	24	208	221	9.8	15.4
Seq2121_81_bp_-1_2_0	ENA|AAC17860|AAC17860.1	40.00	15	9	0	4	18	391	405	9.8	15.8
