Seq5141_171_bp_1_0_0	AAA25966.1	41.18	17	10	0	4	20	121	137	0.12	23.4
Seq5141_171_bp_1_0_0	AAA32624.1	55.56	9	4	0	2	10	474	482	0.92	20.0
Seq5141_171_bp_1_0_0	BAA32991.1	45.45	11	6	0	1	11	28	38	1.7	16.2
Seq5141_171_bp_1_0_0	ABD33854.1	55.56	9	4	0	17	25	28	36	6.3	14.1
Seq5141_171_bp_1_0_0	ABN10845.1	83.33	6	1	0	22	27	182	187	6.7	15.8
Seq5141_171_bp_1_0_0	AAB96524.1	23.81	21	16	0	3	23	166	186	7.6	15.4
Seq5141_171_bp_1_0_0	AEE27845.1	62.50	8	3	0	8	15	1237	1244	9.7	17.9
Seq5141_171_bp_1_0_1	CAA43372.1	55.56	9	4	0	2	10	137	145	0.34	19.4
Seq5141_171_bp_1_0_1	BAA32956.1	50.00	10	5	0	1	10	191	200	0.98	16.9
Seq5141_171_bp_1_0_1	ABD33854.1	57.14	7	3	0	3	9	29	35	1.1	15.0
Seq5141_171_bp_1_0_1	AAA23282.1	83.33	6	1	0	4	9	56	61	1.7	17.5
Seq5141_171_bp_1_0_1	AAB96524.1	57.14	7	3	0	4	10	82	88	3.1	15.0
Seq5141_171_bp_1_0_1	EDO47375.1	100.00	4	0	0	6	9	11	14	4.8	14.4
Seq5141_171_bp_1_0_1	AAC97205.1	57.14	7	3	0	2	8	321	327	8.3	16.3
Seq5141_171_bp_1_1_0	AAA24969.1	100.00	56	0	0	1	56	1068	1123	3.3e-31	123.5
Seq5141_171_bp_1_1_0	AAA24969.1	51.85	28	13	1	23	49	1034	1061	0.17	24.8
Seq5141_171_bp_1_1_0	AAQ92751.2	31.82	45	30	1	11	54	162	206	0.38	23.5
Seq5141_171_bp_1_1_0	AAQ92751.2	27.27	45	32	1	2	46	64	107	0.69	22.6
Seq5141_171_bp_1_1_0	BAA32018.1	44.00	26	14	1	23	48	336	360	0.76	21.3
Seq5141_171_bp_1_1_0	BAE97662.1	30.23	49	30	6	10	52	95	143	1	21.8
Seq5141_171_bp_1_1_0	AEE27845.1	34.62	26	17	0	21	46	516	541	1.3	21.8
Seq5141_171_bp_1_1_0	EDO47375.1	58.33	12	5	0	12	23	3	14	3.3	17.4
Seq5141_171_bp_1_1_0	ABS38337.1	36.00	25	16	0	10	34	720	744	5	19.6
Seq5141_171_bp_1_1_0	AAA32376.1	29.41	17	12	0	39	55	154	170	9.4	15.7
Seq5141_171_bp_1_2_0	AAC97205.1	38.89	18	11	0	3	20	56	73	0.017	26.3
Seq5141_171_bp_1_2_0	AAA25966.1	83.33	6	1	0	7	12	80	85	3.3	17.9
Seq5141_171_bp_1_2_0	AAC08817.1	62.50	8	3	0	9	16	151	158	3.5	15.7
Seq5141_171_bp_1_2_0	AAA36565.1	50.00	8	4	0	9	16	102	109	3.6	15.7
Seq5141_171_bp_1_2_0	CAD53387.1	42.86	7	4	0	6	12	42	48	4.9	16.8
Seq5141_171_bp_1_2_0	AAA32376.1	80.00	5	1	0	14	18	24	28	5.3	15.1
Seq5141_171_bp_1_2_0	AAA42531.1	55.56	9	4	0	7	15	14	22	5.5	16.2
Seq5141_171_bp_1_2_0	AAA24142.1	37.50	16	10	0	5	20	4	19	6.4	16.2
Seq5141_171_bp_1_2_0	ABD49687.1	60.00	10	4	0	8	17	405	414	7.5	17.9
Seq5141_171_bp_1_2_0	EDO47375.1	62.50	8	3	0	8	15	163	170	8.3	14.6
Seq5141_171_bp_1_2_0	BAA32018.1	50.00	10	5	0	4	13	272	281	8.7	16.2
Seq5141_171_bp_1_2_0	AAC78721.1	26.67	15	11	0	2	16	496	510	9.3	16.2
Seq5141_171_bp_1_2_0	AAB64315.2	57.14	7	3	0	1	7	78	84	9.7	15.1
Seq5141_171_bp_-1_0_0	ABS38337.1	47.37	19	10	0	6	24	242	260	0.5	23.0
Seq5141_171_bp_-1_0_0	AAC97205.1	55.00	21	9	1	18	37	690	710	0.69	22.5
Seq5141_171_bp_-1_0_0	BAB79260.1	24.14	29	22	0	2	30	27	55	1.1	20.4
Seq5141_171_bp_-1_0_0	ABN10845.1	31.25	16	11	0	5	20	54	69	1.5	18.8
Seq5141_171_bp_-1_0_0	EDO47375.1	54.55	11	5	0	18	28	94	104	1.9	18.3
Seq5141_171_bp_-1_0_0	BAA32956.1	31.25	16	11	0	26	41	88	103	3	17.8
Seq5141_171_bp_-1_0_0	AAR37016.1	42.42	34	19	1	8	41	1440	1472	3.8	20.9
Seq5141_171_bp_-1_0_0	AAA36565.1	55.56	9	4	0	33	41	25	33	4.8	16.7
Seq5141_171_bp_-1_0_0	ABD33854.1	55.56	9	4	0	18	26	16	24	5.3	15.2
Seq5141_171_bp_-1_0_0	AAA42531.1	66.67	6	2	0	37	42	124	129	5.4	17.8
Seq5141_171_bp_-1_0_0	AAA45888.1	38.10	22	13	1	29	50	165	185	7.4	17.3
Seq5141_171_bp_-1_0_0	AAB03707.1	33.33	21	14	0	15	35	1111	1131	9	18.8
Seq5141_171_bp_-1_0_0	AAB64315.2	66.67	11	3	2	27	37	45	53	9	16.7
Seq5141_171_bp_-1_0_0	AEE27845.1	50.00	12	6	0	4	15	954	965	9.1	18.8
Seq5141_171_bp_-1_0_0	AAB26998.1	80.00	5	1	0	35	39	11	15	9.1	14.7
Seq5141_171_bp_-1_1_0	ABD33854.1	66.67	6	2	0	5	10	7	12	0.12	18.2
Seq5141_171_bp_-1_1_0	ABN10845.1	50.00	6	3	0	5	10	48	53	3.1	15.2
Seq5141_171_bp_-1_1_0	AAA42531.1	100.00	4	0	0	3	6	383	386	3.3	16.0
Seq5141_171_bp_-1_1_0	AAB03707.1	66.67	9	3	0	2	10	1069	1077	4.1	17.5
Seq5141_171_bp_-1_1_0	AAR37016.1	44.44	9	5	0	2	10	1925	1933	4.2	18.2
Seq5141_171_bp_-1_1_0	BAA32991.1	75.00	4	1	0	2	5	39	42	4.6	13.0
Seq5141_171_bp_-1_1_0	AAA45888.1	44.44	9	5	0	2	10	55	63	5.4	15.2
Seq5141_171_bp_-1_1_0	ABS38337.1	80.00	5	1	0	1	5	421	425	6.3	16.7
Seq5141_171_bp_-1_1_0	AAC08817.1	60.00	5	2	0	5	9	97	101	6.5	13.7
Seq5141_171_bp_-1_1_0	AAB64315.2	57.14	7	3	0	1	7	251	257	7.6	14.5
Seq5141_171_bp_-1_1_0	AAA23282.1	100.00	4	0	0	2	5	75	78	7.8	15.2
Seq5141_171_bp_-1_1_0	AAC97205.1	55.56	9	4	0	1	9	256	264	9.9	16.0
Seq5141_171_bp_-1_1_1	AAA24142.1	80.00	5	1	0	11	15	48	52	1	19.3
Seq5141_171_bp_-1_1_1	AAC78721.1	37.50	8	5	0	9	16	105	112	1.5	19.3
Seq5141_171_bp_-1_1_1	AAX12058.1	66.67	9	3	0	17	25	59	67	2.1	17.5
Seq5141_171_bp_-1_1_1	BAA32018.1	54.55	11	5	0	7	17	499	509	2.1	18.7
Seq5141_171_bp_-1_1_1	BAA32956.1	100.00	3	0	0	12	14	131	133	2.4	16.9
Seq5141_171_bp_-1_1_1	AAB26998.1	50.00	6	3	0	7	12	42	47	4.3	14.6
Seq5141_171_bp_-1_1_1	AAA45888.1	40.00	5	3	0	12	16	183	187	6.2	16.3
Seq5141_171_bp_-1_1_1	AAA42531.1	80.00	5	1	0	13	17	301	305	6.3	16.3
Seq5141_171_bp_-1_1_1	BAB79260.1	66.67	6	2	0	2	7	140	145	7.3	16.3
Seq5141_171_bp_-1_1_1	ABG75784.1	66.67	6	2	0	1	6	295	300	7.5	15.8
Seq5141_171_bp_-1_1_1	AEE27845.1	57.14	7	3	0	6	12	829	835	9.8	17.5
Seq5141_171_bp_-1_2_0	CAA04196.1	58.33	12	5	0	15	26	44	55	0.34	21.9
Seq5141_171_bp_-1_2_0	AAA72732.1	60.00	23	8	3	17	38	111	131	0.38	21.3
Seq5141_171_bp_-1_2_0	BAB17681.1	66.67	9	3	0	32	40	84	92	0.5	20.7
Seq5141_171_bp_-1_2_0	AAC17860.1	20.93	43	34	0	12	54	327	369	0.75	20.7
Seq5141_171_bp_-1_2_0	AAA24142.1	54.55	11	5	0	32	42	398	408	1.9	19.5
Seq5141_171_bp_-1_2_0	ABS38337.1	57.14	7	3	0	48	54	1066	1072	2.3	20.7
Seq5141_171_bp_-1_2_0	AAA36565.1	28.57	21	15	0	25	45	38	58	2.4	17.8
Seq5141_171_bp_-1_2_0	AAA42531.1	71.43	7	2	0	30	36	158	164	2.4	19.0
Seq5141_171_bp_-1_2_0	CAA43372.1	40.74	29	16	2	13	39	172	200	2.6	19.0
Seq5141_171_bp_-1_2_0	AAA32376.1	66.67	6	2	0	29	34	122	127	3.7	17.2
Seq5141_171_bp_-1_2_0	CAA11507.1	50.00	19	9	1	33	51	562	579	5.5	19.5
Seq5141_171_bp_-1_2_0	AAA18786.1	40.00	10	6	0	45	54	6	15	5.6	17.2
Seq5141_171_bp_-1_2_0	EDO47375.1	50.00	6	3	0	18	23	179	184	5.9	16.6
Seq5141_171_bp_-1_2_0	AAH69556.1	57.14	7	3	0	22	28	286	292	6.3	17.2
Seq5141_171_bp_-1_2_0	BAA32956.1	50.00	6	3	0	45	50	149	154	6.6	16.6
Seq5141_171_bp_-1_2_0	AAA45888.1	33.33	15	10	0	4	18	27	41	7.8	17.2
Seq5141_171_bp_-1_2_0	ACT10338.1	54.55	11	5	0	26	36	124	134	7.9	17.2
Seq5141_171_bp_-1_2_0	CAA73529.1	75.00	4	1	0	21	24	96	99	8.4	16.6
Seq5141_171_bp_-1_2_0	ABN10845.1	75.00	4	1	0	50	53	108	111	9.9	16.0
