Seq6328_196_bp_1_0_0	ENA|AAF79734|AAF79734.1	100.00	65	0	0	1	65	106	170	2e-53	197.4
Seq6328_196_bp_1_0_0	ENA|AAF79734|AAF79734.1	55.00	21	9	1	46	65	196	216	0.071	26.2
Seq6328_196_bp_1_0_0	ENA|AAF79734|AAF79734.1	52.63	19	9	0	46	64	230	248	0.52	23.3
Seq6328_196_bp_1_0_0	ENA|AAC17860|AAC17860.1	47.06	17	9	0	42	58	130	146	2.1	19.5
Seq6328_196_bp_1_0_0	ENA|AAC78721|AAC78721.1	35.71	14	9	0	18	31	295	308	3.4	19.5
Seq6328_196_bp_1_0_0	ENA|CAA26023|CAA26023.1	62.50	8	3	0	8	15	198	205	3.7	18.5
Seq6328_196_bp_1_0_0	ENA|AAC49865|AAC49865.1	42.86	21	12	0	14	34	2	22	4.4	18.0
Seq6328_196_bp_1_0_0	ENA|AAB03707|AAB03707.1	44.00	25	14	0	4	28	1312	1336	4.9	19.9
Seq6328_196_bp_1_0_0	ENA|AAI27517|AAI27517.1	83.33	6	1	0	9	14	498	503	5.6	18.5
Seq6328_196_bp_1_0_0	ENA|AAA42531|AAA42531.1	44.44	9	5	0	14	22	119	127	7.1	17.5
Seq6328_196_bp_1_0_0	ENA|ABD49687|ABD49687.1	42.86	14	8	0	3	16	132	145	8.2	19.5
Seq6328_196_bp_1_0_0	ENA|AAA18786|AAA18786.1	62.50	8	3	0	20	27	230	237	9.3	16.6
Seq6328_196_bp_1_1_0	ENA|CAA28033|CAA28033.1	54.55	11	5	0	14	24	1142	1152	3.5	19.0
Seq6328_196_bp_1_1_0	ENA|ABD33854|ABD33854.1	66.67	6	2	0	1	6	34	39	3.9	14.5
Seq6328_196_bp_1_1_1	ENA|AAA32624|AAA32624.1	100.00	4	0	0	1	4	356	359	0.16	21.5
Seq6328_196_bp_1_1_1	ENA|AAA25966|AAA25966.1	44.44	9	5	0	2	10	681	689	0.5	20.3
Seq6328_196_bp_1_1_1	ENA|CAA26939|CAA26939.1	75.00	4	1	0	1	4	404	407	0.89	19.2
Seq6328_196_bp_1_1_1	ENA|CAA26023|CAA26023.1	50.00	8	4	0	3	10	182	189	0.9	18.6
Seq6328_196_bp_1_1_1	ENA|CAA24711|CAA24711.1	66.67	9	3	0	8	16	48	56	0.92	17.4
Seq6328_196_bp_1_1_1	ENA|CAD53387|CAD53387.1	50.00	8	4	0	7	14	29	36	1.2	18.6
Seq6328_196_bp_1_1_1	ENA|BAA32956|BAA32956.1	66.67	6	2	0	7	12	195	200	1.7	16.8
Seq6328_196_bp_1_1_1	ENA|AAI27517|AAI27517.1	62.50	9	3	1	6	14	182	189	2.1	18.0
Seq6328_196_bp_1_1_1	ENA|AAR31603|AAR31603.1	60.00	5	2	0	6	10	20	24	2.6	16.8
Seq6328_196_bp_1_1_1	ENA|CAA36714|CAA36714.1	80.00	5	1	0	9	13	142	146	3.6	16.8
Seq6328_196_bp_1_1_1	ENA|AAC40132|AAC40132.1	75.00	11	2	3	7	14	458	468	3.7	16.8
Seq6328_196_bp_1_1_1	ENA|CCP43727|CCP43727.1	66.67	3	1	0	4	6	136	138	3.9	16.2
Seq6328_196_bp_1_1_1	ENA|ABK71357|ABK71357.1	60.00	5	2	0	4	8	141	145	4.3	16.2
Seq6328_196_bp_1_1_1	ENA|AAA18786|AAA18786.1	57.14	7	3	0	7	13	159	165	4.7	15.6
Seq6328_196_bp_1_1_1	ENA|AAQ92751|AAQ92751.2	42.86	7	4	0	2	8	319	325	4.7	18.0
Seq6328_196_bp_1_1_1	ENA|BAA36759|BAA36759.1	44.44	9	5	0	7	15	148	156	5.1	15.6
Seq6328_196_bp_1_1_1	ENA|BAB79260|BAB79260.1	100.00	4	0	0	13	16	263	266	5.3	16.2
Seq6328_196_bp_1_1_1	ENA|CAA43419|CAA43419.1	75.00	4	1	0	10	13	40	43	6.3	15.6
Seq6328_196_bp_1_1_1	ENA|AAC17860|AAC17860.1	37.50	8	5	0	3	10	98	105	7	15.6
Seq6328_196_bp_1_1_1	ENA|CAA73529|CAA73529.1	60.00	5	2	0	8	12	254	258	7.1	15.0
Seq6328_196_bp_1_1_1	ENA|BAB17681|BAB17681.1	100.00	3	0	0	1	3	219	221	7.1	15.0
Seq6328_196_bp_1_1_1	ENA|AAS77176|AAS77176.1	50.00	6	3	0	9	14	232	237	7.4	15.0
Seq6328_196_bp_1_1_1	ENA|AAR37016|AAR37016.1	66.67	6	2	0	10	15	2207	2212	7.8	18.0
Seq6328_196_bp_1_1_1	ENA|AAC08817|AAC08817.1	37.50	8	5	0	7	14	128	135	9	13.8
Seq6328_196_bp_1_1_2	ENA|ABK71357|ABK71357.1	62.50	8	3	0	6	13	172	179	0.2	20.5
Seq6328_196_bp_1_1_2	ENA|CAA11507|CAA11507.1	62.50	8	3	0	1	8	1141	1148	1.1	19.9
Seq6328_196_bp_1_1_2	ENA|CAA45199|CAA45199.1	62.50	8	3	0	7	14	67	74	1.4	18.0
Seq6328_196_bp_1_1_2	ENA|AAR31603|AAR31603.1	66.67	6	2	0	1	6	74	79	2.3	16.8
Seq6328_196_bp_1_1_2	ENA|AAS77176|AAS77176.1	100.00	3	0	0	8	10	146	148	3.1	16.2
Seq6328_196_bp_1_1_2	ENA|ABD49687|ABD49687.1	41.67	12	7	0	1	12	832	843	3.3	18.7
Seq6328_196_bp_1_1_2	ENA|AAA72732|AAA72732.1	80.00	5	1	0	3	7	144	148	3.3	16.2
Seq6328_196_bp_1_1_2	ENA|ACH70901|ACH70901.1	50.00	10	5	0	4	13	217	226	8.5	14.9
Seq6328_196_bp_1_1_2	ENA|AAI27517|AAI27517.1	100.00	3	0	0	10	12	256	258	9.1	15.6
Seq6328_196_bp_1_1_2	ENA|AAB66912|AAB66912.1	75.00	4	1	0	10	13	235	238	9.3	16.2
Seq6328_196_bp_1_2_0	ENA|CAA36214|CAA36214.1	77.78	9	2	0	6	14	82	90	0.13	21.1
Seq6328_196_bp_1_2_0	ENA|BAA32956|BAA32956.1	57.14	7	3	0	2	8	80	86	5.3	15.1
Seq6328_196_bp_1_2_0	ENA|AAC78721|AAC78721.1	60.00	10	4	0	7	16	636	645	6	16.6
Seq6328_196_bp_1_2_0	ENA|AAF79734|AAF79734.1	100.00	6	0	0	11	16	42	47	6.4	17.6
Seq6328_196_bp_1_2_2	ENA|ABD33854|ABD33854.1	50.00	8	4	0	1	8	39	46	0.59	16.5
Seq6328_196_bp_1_2_2	ENA|AAR31603|AAR31603.1	46.67	15	8	0	1	15	206	220	0.84	18.3
Seq6328_196_bp_1_2_2	ENA|CAL82360|CAL82360.1	60.00	5	2	0	1	5	1011	1015	0.92	20.2
Seq6328_196_bp_1_2_2	ENA|CAA24711|CAA24711.1	50.00	10	5	0	5	14	40	49	1	17.1
Seq6328_196_bp_1_2_2	ENA|AAB26998|AAB26998.1	100.00	3	0	0	6	8	14	16	1.7	15.3
Seq6328_196_bp_1_2_2	ENA|AAI27517|AAI27517.1	75.00	4	1	0	6	9	512	515	2.3	17.7
Seq6328_196_bp_1_2_2	ENA|AAB96524|AAB96524.1	50.00	6	3	0	9	14	15	20	2.6	15.9
Seq6328_196_bp_1_2_2	ENA|ACT10338|ACT10338.1	50.00	6	3	0	6	11	119	124	3.5	16.5
Seq6328_196_bp_1_2_2	ENA|AAA24145|AAA24145.1	66.67	6	2	0	9	14	167	172	4.1	16.5
Seq6328_196_bp_1_2_2	ENA|BAA32956|BAA32956.1	66.67	3	1	0	4	6	26	28	4.4	15.3
Seq6328_196_bp_1_2_2	ENA|AAQ92751|AAQ92751.2	60.00	5	2	0	4	8	1293	1297	5.2	17.7
Seq6328_196_bp_1_2_2	ENA|CAA45199|CAA45199.1	100.00	4	0	0	12	15	338	341	6.3	15.9
Seq6328_196_bp_1_2_2	ENA|ABG75784|ABG75784.1	75.00	4	1	0	2	5	193	196	6.4	15.3
Seq6328_196_bp_1_2_2	ENA|CCP43727|CCP43727.1	66.67	3	1	0	4	6	136	138	6.7	15.3
Seq6328_196_bp_1_2_2	ENA|CAA28033|CAA28033.1	75.00	4	1	0	2	5	1029	1032	7.4	17.1
Seq6328_196_bp_1_2_2	ENA|ABK71357|ABK71357.1	30.00	10	7	0	4	13	141	150	7.6	15.3
Seq6328_196_bp_1_2_2	ENA|CAA11507|CAA11507.1	75.00	4	1	0	2	5	271	274	7.7	17.1
Seq6328_196_bp_1_2_2	ENA|AAA42531|AAA42531.1	80.00	5	1	0	11	15	319	323	7.9	15.3
Seq6328_196_bp_1_2_2	ENA|AAR37016|AAR37016.1	66.67	6	2	0	6	11	1935	1940	8.6	17.7
Seq6328_196_bp_-1_0_0	ENA|CAA36214|CAA36214.1	80.00	5	1	0	10	14	143	147	3.1	16.4
Seq6328_196_bp_-1_0_0	ENA|AAA72732|AAA72732.1	33.33	16	10	1	1	16	201	215	3.2	16.4
Seq6328_196_bp_-1_0_0	ENA|CAA43419|CAA43419.1	38.46	13	8	0	3	15	77	89	3.7	16.4
Seq6328_196_bp_-1_0_0	ENA|BAA32018|BAA32018.1	55.56	9	4	0	5	13	336	344	4.3	17.0
Seq6328_196_bp_-1_0_0	ENA|AAA36114|AAA36114.1	55.56	9	4	0	3	11	446	454	5.1	16.4
Seq6328_196_bp_-1_0_0	ENA|CAA26939|CAA26939.1	71.43	7	2	0	10	16	138	144	5.7	16.4
Seq6328_196_bp_-1_0_1	ENA|CAL82360|CAL82360.1	60.00	10	4	0	3	12	460	469	0.076	23.9
Seq6328_196_bp_-1_0_1	ENA|AAB96524|AAB96524.1	70.00	10	3	0	2	11	8	17	0.088	20.9
Seq6328_196_bp_-1_0_1	ENA|AAA25966|AAA25966.1	55.56	9	4	0	4	12	469	477	0.52	20.3
Seq6328_196_bp_-1_0_1	ENA|AAA36114|AAA36114.1	100.00	5	0	0	5	9	65	69	0.84	19.1
Seq6328_196_bp_-1_0_1	ENA|AAQ92751|AAQ92751.2	83.33	6	1	0	10	15	1094	1099	1.5	19.7
Seq6328_196_bp_-1_0_1	ENA|AAR37016|AAR37016.1	41.67	12	7	0	3	14	244	255	1.7	20.3
Seq6328_196_bp_-1_0_1	ENA|AAA32624|AAA32624.1	57.14	16	6	2	3	16	359	374	2	17.9
Seq6328_196_bp_-1_0_1	ENA|AAA72732|AAA72732.1	63.64	13	4	2	4	16	163	173	2.7	16.7
Seq6328_196_bp_-1_0_1	ENA|CAA26939|CAA26939.1	50.00	16	7	2	3	16	407	422	3.2	17.3
Seq6328_196_bp_-1_0_1	ENA|AAC40132|AAC40132.1	75.00	4	1	0	3	6	72	75	4	16.7
Seq6328_196_bp_-1_0_1	ENA|CAA29956|CAA29956.1	66.67	6	2	0	9	14	41	46	4.8	16.1
Seq6328_196_bp_-1_0_1	ENA|CAA24711|CAA24711.1	42.86	7	4	0	3	9	38	44	5	14.9
Seq6328_196_bp_-1_0_1	ENA|CAA36214|CAA36214.1	60.00	5	2	0	2	6	280	284	5.8	15.5
Seq6328_196_bp_-1_0_1	ENA|CAA36714|CAA36714.1	44.44	9	5	0	2	10	378	386	5.9	16.1
Seq6328_196_bp_-1_0_1	ENA|BAA32956|BAA32956.1	100.00	3	0	0	8	10	78	80	6.1	14.9
Seq6328_196_bp_-1_0_1	ENA|ABN10845|ABN10845.1	60.00	5	2	0	2	6	22	26	6.3	14.9
Seq6328_196_bp_-1_0_1	ENA|ABD33854|ABD33854.1	100.00	2	0	0	3	4	44	45	6.4	13.1
Seq6328_196_bp_-1_0_1	ENA|AAC97205|AAC97205.1	66.67	6	2	0	8	13	1200	1205	6.7	17.3
Seq6328_196_bp_-1_0_1	ENA|BAA32991|BAA32991.1	66.67	3	1	0	1	3	26	28	6.9	13.1
Seq6328_196_bp_-1_0_1	ENA|AAA18786|AAA18786.1	80.00	5	1	0	5	9	76	80	7.6	14.9
Seq6328_196_bp_-1_0_1	ENA|AAR31603|AAR31603.1	66.67	6	2	0	4	9	300	305	9.2	14.9
Seq6328_196_bp_-1_0_2	ENA|BAA32956|BAA32956.1	71.43	7	2	0	8	14	71	77	1.8	17.2
Seq6328_196_bp_-1_0_2	ENA|AAA42531|AAA42531.1	66.67	6	2	0	1	6	87	92	2.3	17.7
Seq6328_196_bp_-1_0_2	ENA|EDO47375|EDO47375.1	100.00	4	0	0	15	18	75	78	7.7	14.8
Seq6328_196_bp_-1_0_2	ENA|BAB79260|BAB79260.1	50.00	6	3	0	6	11	441	446	9.4	15.8
Seq6328_196_bp_-1_1_0	ENA|AAR37016|AAR37016.1	41.67	12	7	0	2	13	1573	1584	0.55	21.7
Seq6328_196_bp_-1_1_0	ENA|ABD49687|ABD49687.1	71.43	7	2	0	7	13	1569	1575	0.6	21.1
Seq6328_196_bp_-1_1_0	ENA|BAB79260|BAB79260.1	55.56	9	4	0	3	11	106	114	0.86	18.7
Seq6328_196_bp_-1_1_0	ENA|AAA42531|AAA42531.1	60.00	10	4	0	2	11	280	289	1.7	17.5
Seq6328_196_bp_-1_1_0	ENA|AAB26998|AAB26998.1	36.36	11	7	0	3	13	10	20	1.8	15.0
Seq6328_196_bp_-1_1_0	ENA|ACH70901|ACH70901.1	50.00	8	4	0	2	9	291	298	2.4	16.9
Seq6328_196_bp_-1_1_0	ENA|ABG75784|ABG75784.1	50.00	6	3	0	4	9	192	197	3.1	16.3
Seq6328_196_bp_-1_1_0	ENA|CAA26939|CAA26939.1	41.67	12	7	0	2	13	298	309	3.7	16.9
Seq6328_196_bp_-1_1_0	ENA|BAA32956|BAA32956.1	100.00	3	0	0	6	8	99	101	4.8	15.0
Seq6328_196_bp_-1_1_0	ENA|ACT10338|ACT10338.1	60.00	5	2	0	1	5	237	241	5.8	15.7
Seq6328_196_bp_-1_1_0	ENA|AAC49865|AAC49865.1	50.00	8	4	0	7	14	29	36	7.3	15.0
Seq6328_196_bp_-1_1_0	ENA|BAA36759|BAA36759.1	75.00	10	2	2	2	11	155	162	9.6	14.4
Seq6328_196_bp_-1_1_0	ENA|CAA29968|CAA29968.1	75.00	4	1	0	10	13	69	72	9.8	13.8
Seq6328_196_bp_-1_1_1	ENA|BAA32991|BAA32991.1	66.67	6	2	0	43	48	25	30	0.65	18.2
Seq6328_196_bp_-1_1_1	ENA|CAA11507|CAA11507.1	66.67	9	3	0	27	35	1232	1240	2.8	20.4
Seq6328_196_bp_-1_1_1	ENA|AAB66912|AAB66912.1	50.00	12	6	0	8	19	356	367	4.1	19.3
Seq6328_196_bp_-1_1_1	ENA|AAB03707|AAB03707.1	46.15	13	7	0	9	21	1362	1374	4.1	19.8
Seq6328_196_bp_-1_1_1	ENA|AAA36114|AAA36114.1	41.67	12	7	0	18	29	342	353	4.7	18.2
Seq6328_196_bp_-1_1_1	ENA|CAA73529|CAA73529.1	62.50	8	3	0	39	46	202	209	5.3	17.1
Seq6328_196_bp_-1_1_1	ENA|AAC17860|AAC17860.1	55.56	9	4	0	18	26	221	229	5.5	17.7
Seq6328_196_bp_-1_1_1	ENA|BAA36759|BAA36759.1	55.56	9	4	0	40	48	264	272	5.6	17.1
Seq6328_196_bp_-1_1_1	ENA|AAA36539|AAA36539.1	41.18	17	10	0	22	38	235	251	6.3	17.7
Seq6328_196_bp_-1_1_1	ENA|AAC49865|AAC49865.1	62.50	8	3	0	19	26	38	45	6.3	17.1
Seq6328_196_bp_-1_1_1	ENA|CAA43419|CAA43419.1	50.00	10	5	0	9	18	36	45	7	17.1
Seq6328_196_bp_-1_1_1	ENA|EDO47375|EDO47375.1	80.00	5	1	0	44	48	127	131	7.6	16.0
Seq6328_196_bp_-1_1_1	ENA|CAA36714|CAA36714.1	55.56	9	4	0	31	39	218	226	8.8	17.1
Seq6328_196_bp_-1_2_0	ENA|CAA45199|CAA45199.1	47.37	20	10	1	37	56	389	407	0.37	22.2
Seq6328_196_bp_-1_2_0	ENA|AAA36114|AAA36114.1	54.55	11	5	0	4	14	110	120	0.57	21.6
Seq6328_196_bp_-1_2_0	ENA|AAA36539|AAA36539.1	43.75	16	9	0	30	45	360	375	0.76	21.1
Seq6328_196_bp_-1_2_0	ENA|CAA73529|CAA73529.1	85.71	7	1	0	36	42	225	231	1.3	19.6
Seq6328_196_bp_-1_2_0	ENA|CAA24711|CAA24711.1	71.43	7	2	0	16	22	87	93	2.3	18.1
Seq6328_196_bp_-1_2_0	ENA|CAA45708|CAA45708.1	62.50	8	3	0	11	18	1150	1157	3.4	20.6
Seq6328_196_bp_-1_2_0	ENA|CAB75732|CAB75732.1	43.75	16	9	0	1	16	703	718	3.7	20.1
Seq6328_196_bp_-1_2_0	ENA|AAC17860|AAC17860.1	57.14	7	3	0	23	29	365	371	3.7	18.6
Seq6328_196_bp_-1_2_0	ENA|BAA32956|BAA32956.1	50.00	10	5	0	22	31	51	60	3.9	17.6
Seq6328_196_bp_-1_2_0	ENA|CAA43419|CAA43419.1	55.56	9	4	0	7	15	121	129	4.7	18.1
Seq6328_196_bp_-1_2_0	ENA|AAA32624|AAA32624.1	71.43	7	2	0	53	59	381	387	4.7	18.6
Seq6328_196_bp_-1_2_0	ENA|BAA32991|BAA32991.1	100.00	4	0	0	12	15	49	52	5.1	15.5
Seq6328_196_bp_-1_2_0	ENA|CAL82360|CAL82360.1	55.56	9	4	0	8	16	213	221	5.6	19.6
Seq6328_196_bp_-1_2_0	ENA|AAA24145|AAA24145.1	46.67	17	8	2	22	38	31	45	5.8	18.1
Seq6328_196_bp_-1_2_0	ENA|ABD33854|ABD33854.1	75.00	4	1	0	9	12	48	51	9.2	14.5
Seq6328_196_bp_-1_2_0	ENA|AAA42531|AAA42531.1	33.33	27	18	0	14	40	23	49	9.6	17.0
Seq6328_196_bp_-1_2_0	ENA|BAB17681|BAB17681.1	60.00	10	4	0	12	21	157	166	9.6	16.5
