Seq7527_245_bp_1_0_0	ABD33854.1	32.14	35	19	7	14	41	24	58	0.72	18.5
Seq7527_245_bp_1_0_0	AAX84812.1	26.92	54	38	2	13	65	1	53	1.4	19.4
Seq7527_245_bp_1_0_0	AAA72732.1	36.84	20	12	1	18	36	264	283	1.8	19.4
Seq7527_245_bp_1_0_0	BAA32956.1	37.50	27	15	3	6	29	65	91	2.9	18.2
Seq7527_245_bp_1_0_0	CAA74140.1	41.38	32	17	3	19	49	771	800	6.5	19.1
Seq7527_245_bp_1_0_0	BAB17681.1	45.00	25	11	5	31	50	169	193	7	17.3
Seq7527_245_bp_1_0_0	AAB26998.1	39.29	42	17	14	42	71	24	63	7.3	15.4
Seq7527_245_bp_1_0_0	ABD49687.1	21.05	59	45	2	4	60	1608	1666	7.7	19.8
Seq7527_245_bp_1_0_0	AAA32624.1	45.45	11	6	0	50	60	476	486	8.5	17.9
Seq7527_245_bp_1_0_0	CAD53387.1	41.18	17	10	0	43	59	464	480	10	17.6
Seq7527_245_bp_1_1_0	AAH69556.1	100.00	81	0	0	1	81	168	248	2.6e-49	181.8
Seq7527_245_bp_1_1_0	AAH69556.1	24.66	73	55	0	1	73	69	141	5.2e-05	34.7
Seq7527_245_bp_1_1_0	AAH69556.1	27.91	43	31	0	1	43	262	304	0.019	26.1
Seq7527_245_bp_1_1_0	AAH69556.1	38.46	26	16	0	48	73	16	41	0.3	22.2
Seq7527_245_bp_1_1_0	AAF01122.1	29.63	30	19	3	53	79	13	42	1.2	20.5
Seq7527_245_bp_1_1_0	AAA23282.1	32.14	29	19	1	37	65	141	168	1.4	20.8
Seq7527_245_bp_1_1_0	ABN10845.1	25.00	44	33	0	16	59	41	84	1.7	19.2
Seq7527_245_bp_1_1_0	AAB26998.1	54.55	11	5	0	2	12	9	19	2.3	17.2
Seq7527_245_bp_1_1_0	ABG75784.1	39.13	28	14	5	17	44	134	156	2.4	19.2
Seq7527_245_bp_1_1_0	CAA45199.1	30.30	34	23	1	33	66	223	255	2.8	19.5
Seq7527_245_bp_1_1_0	AAR37016.1	41.18	42	20	8	42	80	532	568	2.9	21.8
Seq7527_245_bp_1_1_0	AAX12058.1	39.13	24	14	1	32	55	235	257	4	18.2
Seq7527_245_bp_1_1_0	CAA26230.1	46.67	16	8	1	12	27	186	200	4.2	19.2
Seq7527_245_bp_1_1_0	BAB70780.1	40.00	48	24	8	26	69	30	73	4.5	18.9
Seq7527_245_bp_1_1_0	ABL74574.1	19.23	53	42	1	6	57	147	199	5.3	17.9
Seq7527_245_bp_1_1_0	ABD49687.1	37.50	36	20	4	48	80	327	361	6.3	20.2
Seq7527_245_bp_1_1_0	ABS38337.1	33.33	25	16	1	6	29	117	141	7.4	19.5
Seq7527_245_bp_1_1_0	AAC78721.1	32.14	28	19	0	16	43	69	96	7.6	18.5
Seq7527_245_bp_1_1_0	AAA32376.1	22.22	46	35	1	1	46	97	141	7.7	16.6
Seq7527_245_bp_1_1_0	ACH70904.1	38.89	19	11	1	10	28	157	174	8.1	17.6
Seq7527_245_bp_1_1_0	BAB79260.1	35.00	50	26	10	2	51	417	456	8.1	17.9
Seq7527_245_bp_1_1_0	AAI27517.1	37.93	29	18	0	29	57	545	573	8.4	18.2
Seq7527_245_bp_1_1_0	AAA18786.1	38.46	13	8	0	66	78	55	67	9.3	16.9
Seq7527_245_bp_1_1_0	AAQ92751.2	31.11	49	31	4	35	79	233	281	9.7	19.2
Seq7527_245_bp_1_2_0	AAB26998.1	50.00	10	5	0	9	18	9	18	0.31	18.4
Seq7527_245_bp_1_2_0	BAB17681.1	50.00	10	5	0	2	11	186	195	2.4	17.2
Seq7527_245_bp_1_2_0	AAH69556.1	26.09	25	17	2	2	24	160	184	2.7	17.2
Seq7527_245_bp_1_2_0	AAA45888.1	35.71	14	9	0	10	23	126	139	3.4	17.2
Seq7527_245_bp_1_2_0	AAA42531.1	41.18	20	10	3	2	18	109	128	3.4	17.2
Seq7527_245_bp_1_2_0	AAR37016.1	45.45	11	6	0	3	13	1895	1905	3.8	19.6
Seq7527_245_bp_1_2_0	AAA25966.1	57.14	7	3	0	3	9	232	238	4.7	17.6
Seq7527_245_bp_1_2_0	ABD49687.1	50.00	17	8	1	4	20	216	231	8.2	18.0
Seq7527_245_bp_1_2_0	AAA26915.1	42.11	20	11	1	3	21	436	455	9	16.0
Seq7527_245_bp_1_2_1	ABD49687.1	80.00	5	1	0	1	5	1045	1049	0.54	20.8
Seq7527_245_bp_1_2_1	AAA25966.1	37.50	8	5	0	3	10	89	96	1.8	17.8
Seq7527_245_bp_1_2_1	ABG75784.1	60.00	5	2	0	6	10	170	174	3.1	15.8
Seq7527_245_bp_1_2_1	AAA26915.1	60.00	5	2	0	6	10	436	440	3.3	16.3
Seq7527_245_bp_1_2_1	AAB96524.1	60.00	5	2	0	6	10	168	172	3.7	14.8
Seq7527_245_bp_1_2_1	AAH69556.1	80.00	5	1	0	5	9	173	177	4.2	15.3
Seq7527_245_bp_1_2_1	AAB64315.2	50.00	8	4	0	3	10	119	126	4.6	15.3
Seq7527_245_bp_1_2_1	AAF01122.1	50.00	6	3	0	2	7	373	378	5.2	15.3
Seq7527_245_bp_1_2_1	ABN10845.1	75.00	4	1	0	1	4	203	206	8.3	13.8
Seq7527_245_bp_1_2_1	ACH70904.1	57.14	8	3	1	3	10	294	300	9.6	14.3
Seq7527_245_bp_1_2_2	EDO47375.1	50.00	8	4	0	19	26	123	130	0.53	19.0
Seq7527_245_bp_1_2_2	BAA32991.1	46.67	18	8	3	8	22	32	49	0.6	17.4
Seq7527_245_bp_1_2_2	ABD33854.1	66.67	6	2	0	19	24	59	64	0.97	16.6
Seq7527_245_bp_1_2_2	AAC78721.1	50.00	10	5	0	11	20	545	554	1.1	19.9
Seq7527_245_bp_1_2_2	AAF01122.1	36.36	27	14	5	4	25	101	127	1.4	18.6
Seq7527_245_bp_1_2_2	CAA74140.1	33.33	21	14	0	4	24	501	521	1.5	19.9
Seq7527_245_bp_1_2_2	AAB26998.1	28.57	14	10	0	8	21	14	27	1.6	16.1
Seq7527_245_bp_1_2_2	BAB79260.1	47.37	21	10	2	2	20	319	339	1.7	18.6
Seq7527_245_bp_1_2_2	AAR31603.1	30.77	13	9	0	11	23	77	89	2.1	17.8
Seq7527_245_bp_1_2_2	AAI27517.1	41.18	19	10	2	5	21	414	432	2.2	18.6
Seq7527_245_bp_1_2_2	ABD49687.1	41.18	17	10	0	6	22	964	980	2.7	19.9
Seq7527_245_bp_1_2_2	AAB96524.1	36.36	11	7	0	8	18	62	72	2.8	16.6
Seq7527_245_bp_1_2_2	AAA72732.1	41.67	13	7	1	10	22	273	284	6.1	16.1
Seq7527_245_bp_1_2_2	AAR37016.1	58.33	12	5	0	12	23	812	823	6.2	19.0
Seq7527_245_bp_1_2_2	CAA11507.1	71.43	7	2	0	7	13	1118	1124	6.4	18.2
Seq7527_245_bp_1_2_2	ACH70904.1	57.14	7	3	0	15	21	144	150	7	16.1
Seq7527_245_bp_1_2_2	AAC08817.1	100.00	3	0	0	24	26	4	6	7.4	14.9
Seq7527_245_bp_1_2_2	AAA18786.1	41.18	19	10	2	1	17	213	231	8.9	15.3
Seq7527_245_bp_1_2_2	AAA36565.1	40.00	5	3	0	22	26	68	72	9.8	14.5
Seq7527_245_bp_1_2_3	AAC78721.1	30.00	10	7	0	3	12	212	221	1.3	18.5
Seq7527_245_bp_1_2_3	AEE27845.1	41.67	12	7	0	1	12	1004	1015	2.6	18.5
Seq7527_245_bp_1_2_3	AAB64315.2	50.00	10	5	0	2	11	162	171	3.5	15.9
Seq7527_245_bp_1_2_3	ABD49687.1	57.14	7	3	0	2	8	872	878	4.4	18.0
Seq7527_245_bp_1_2_3	ABN10845.1	66.67	6	2	0	1	6	171	176	4.7	14.9
Seq7527_245_bp_1_2_3	CAA73529.1	55.56	9	4	0	4	12	80	88	5.8	14.9
Seq7527_245_bp_1_2_3	AAA26915.1	75.00	9	2	1	3	10	129	137	6.9	15.4
Seq7527_245_bp_1_2_3	BAB17681.1	50.00	6	3	0	3	8	105	110	8.1	14.4
Seq7527_245_bp_1_2_3	AAI27517.1	44.44	9	5	0	1	9	188	196	8.6	15.4
Seq7527_245_bp_1_2_3	AAR31603.1	33.33	6	4	0	4	9	175	180	9.5	14.4
Seq7527_245_bp_1_2_3	CAA11507.1	50.00	8	4	0	2	9	905	912	9.7	16.4
Seq7527_245_bp_-1_0_0	BAB17681.1	50.00	8	4	0	3	10	107	114	0.19	19.8
Seq7527_245_bp_-1_0_0	AAH69556.1	50.00	8	4	0	3	10	240	247	0.82	17.8
Seq7527_245_bp_-1_0_0	AAX84812.1	66.67	6	2	0	2	7	192	197	0.87	17.4
Seq7527_245_bp_-1_0_0	ACT10338.1	33.33	9	6	0	1	9	301	309	1.5	17.4
Seq7527_245_bp_-1_0_0	AAR37016.1	66.67	6	2	0	2	7	1578	1583	1.6	19.8
Seq7527_245_bp_-1_0_0	AAA24142.1	75.00	4	1	0	6	9	198	201	4.5	15.9
Seq7527_245_bp_-1_0_0	AAB64315.2	42.86	7	4	0	1	7	46	52	4.6	15.4
Seq7527_245_bp_-1_0_0	ABD33854.1	42.86	7	4	0	4	10	58	64	4.8	13.0
Seq7527_245_bp_-1_0_0	CAA73529.1	44.44	9	5	0	2	10	40	48	5.3	14.9
Seq7527_245_bp_-1_0_0	AAB26998.1	42.86	7	4	0	1	7	13	19	5.8	13.0
Seq7527_245_bp_-1_0_0	BAB79260.1	50.00	8	4	0	2	9	395	402	6.2	15.4
Seq7527_245_bp_-1_0_0	AAR31603.1	57.14	8	3	1	2	8	82	89	6.3	14.9
Seq7527_245_bp_-1_0_0	CAD53387.1	60.00	5	2	0	7	11	469	473	6.9	15.4
Seq7527_245_bp_-1_0_0	AAQ92751.2	45.45	11	6	0	1	11	1059	1069	6.9	16.9
Seq7527_245_bp_-1_0_0	AAF01122.1	100.00	3	0	0	7	9	40	42	7.2	14.9
Seq7527_245_bp_-1_0_0	AAA45888.1	100.00	3	0	0	7	9	9	11	7.3	14.9
Seq7527_245_bp_-1_0_0	BAA32956.1	30.00	10	7	0	1	10	153	162	7.8	14.0
Seq7527_245_bp_-1_0_0	AAI27517.1	80.00	5	1	0	4	8	342	346	8	15.4
Seq7527_245_bp_-1_0_0	AII71783.1	50.00	6	3	0	3	8	280	285	8.1	14.4
Seq7527_245_bp_-1_0_0	AAA32624.1	50.00	6	3	0	3	8	245	250	9.7	14.9
Seq7527_245_bp_-1_0_1	AAA45888.1	50.00	16	8	0	26	41	32	47	0.092	23.3
Seq7527_245_bp_-1_0_1	AAA45888.1	83.33	17	2	5	23	34	149	165	0.55	20.7
Seq7527_245_bp_-1_0_1	CAA11507.1	32.00	27	17	2	16	40	845	871	0.15	24.4
Seq7527_245_bp_-1_0_1	AAC97205.1	35.71	14	9	0	14	27	285	298	1.1	21.4
Seq7527_245_bp_-1_0_1	AAA36565.1	37.50	17	10	1	11	26	51	67	1.4	18.1
Seq7527_245_bp_-1_0_1	AAB96524.1	83.33	6	1	0	37	42	58	63	1.6	18.1
Seq7527_245_bp_-1_0_1	ACT10338.1	45.45	11	6	0	4	14	122	132	2	18.8
Seq7527_245_bp_-1_0_1	AAA24142.1	83.33	6	1	0	35	40	92	97	2.3	18.8
Seq7527_245_bp_-1_0_1	ABN10845.1	42.86	7	4	0	34	40	108	114	2.3	17.7
Seq7527_245_bp_-1_0_1	BAA32991.1	37.50	16	10	0	5	20	34	49	2.6	15.9
Seq7527_245_bp_-1_0_1	BAA32956.1	34.62	30	17	4	11	40	8	33	2.9	17.4
Seq7527_245_bp_-1_0_1	AAX12058.1	46.15	15	7	2	30	42	128	142	2.9	17.7
Seq7527_245_bp_-1_0_1	AAI27517.1	40.91	24	13	2	1	22	304	327	4.8	18.1
Seq7527_245_bp_-1_0_1	BAA32018.1	41.67	12	7	0	1	12	254	265	5.1	18.1
Seq7527_245_bp_-1_0_1	ABD33854.1	36.36	11	7	0	4	14	51	61	5.2	14.8
Seq7527_245_bp_-1_0_1	CAA04196.1	63.64	12	4	1	20	30	142	153	7.2	17.0
Seq7527_245_bp_-1_0_1	AAR31603.1	40.00	33	15	8	7	35	54	82	7.3	16.6
Seq7527_245_bp_-1_0_1	AAB64315.2	45.45	27	12	5	2	23	52	78	7.3	16.6
Seq7527_245_bp_-1_0_1	AAB26998.1	44.44	9	5	0	26	34	6	14	8	14.4
Seq7527_245_bp_-1_0_1	ABK71357.1	62.50	8	3	0	4	11	187	194	8.2	16.6
Seq7527_245_bp_-1_1_0	AAF01122.1	35.00	20	13	0	18	37	59	78	0.51	20.7
Seq7527_245_bp_-1_1_0	ABK71357.1	30.77	26	18	0	14	39	27	52	1.8	18.8
Seq7527_245_bp_-1_1_0	ABN10845.1	66.67	6	2	0	3	8	107	112	2.3	17.7
Seq7527_245_bp_-1_1_0	AAB26998.1	25.00	33	24	1	5	36	47	79	2.4	16.2
Seq7527_245_bp_-1_1_0	ACH70904.1	72.73	15	3	4	19	33	237	247	2.9	18.1
Seq7527_245_bp_-1_1_0	AAB96524.1	33.33	15	10	0	26	40	13	27	3.3	16.9
Seq7527_245_bp_-1_1_0	ACT10338.1	50.00	10	5	0	23	32	62	71	4.1	17.7
Seq7527_245_bp_-1_1_0	ABD33854.1	28.00	26	18	1	8	32	32	57	5.3	14.7
Seq7527_245_bp_-1_1_0	AAA72732.1	33.33	27	18	0	12	38	193	219	6.9	16.6
Seq7527_245_bp_-1_1_0	BAA32991.1	83.33	8	1	2	22	29	59	64	7.2	14.3
Seq7527_245_bp_-1_1_0	CAA26230.1	30.00	22	14	2	20	39	381	402	7.4	17.3
Seq7527_245_bp_-1_1_0	AAC97205.1	32.26	33	21	2	10	40	890	922	7.5	18.4
Seq7527_245_bp_-1_1_0	CAA45199.1	26.32	19	14	0	14	32	292	310	8	16.9
Seq7527_245_bp_-1_1_0	AAA25966.1	46.15	14	7	1	4	17	323	335	9.3	17.3
Seq7527_245_bp_-1_1_0	AAA24142.1	85.71	9	1	2	17	23	400	408	9.8	16.6
Seq7527_245_bp_-1_1_0	BAB17681.1	50.00	13	6	1	3	15	35	46	9.9	15.8
Seq7527_245_bp_-1_1_1	AAB96524.1	40.00	10	6	0	1	10	92	101	0.37	18.1
Seq7527_245_bp_-1_1_1	BAB79260.1	50.00	10	5	0	1	10	210	219	2.7	16.5
Seq7527_245_bp_-1_1_1	AAH69556.1	50.00	8	4	0	2	9	52	59	3.7	15.5
Seq7527_245_bp_-1_1_1	AAA32376.1	57.14	7	3	0	2	8	51	57	4.4	14.4
Seq7527_245_bp_-1_1_1	ABN10845.1	50.00	4	2	0	3	6	194	197	7.7	13.9
Seq7527_245_bp_-1_1_1	AAR31603.1	60.00	5	2	0	2	6	176	180	8	14.4
Seq7527_245_bp_-1_1_1	AAA23282.1	42.86	7	4	0	2	8	191	197	9.5	14.9
Seq7527_245_bp_-1_1_2	CAA45199.1	42.11	22	11	3	3	24	200	218	1.7	18.5
Seq7527_245_bp_-1_1_2	ABK71357.1	50.00	10	5	0	10	19	59	68	3.2	17.3
Seq7527_245_bp_-1_1_2	AAR37016.1	43.75	18	9	2	9	24	156	173	3.4	19.8
Seq7527_245_bp_-1_1_2	BAB70780.1	37.50	16	10	0	9	24	99	114	5.4	16.8
Seq7527_245_bp_-1_1_2	BAB17681.1	33.33	21	14	0	4	24	104	124	5.5	16.0
Seq7527_245_bp_-1_1_2	CAA04196.1	50.00	8	4	0	2	9	77	84	6.2	16.4
Seq7527_245_bp_-1_1_2	AAA45888.1	38.46	13	8	0	7	19	193	205	7.5	16.0
Seq7527_245_bp_-1_1_2	AAI27517.1	62.50	8	3	0	13	20	113	120	8.6	16.4
Seq7527_245_bp_-1_1_2	AAA18786.1	62.50	8	3	0	11	18	256	263	9.2	15.2
Seq7527_245_bp_-1_1_2	AAC78721.1	46.67	15	8	0	4	18	93	107	9.7	16.4
Seq7527_245_bp_-1_2_0	AAX84812.1	23.44	70	49	6	9	74	137	204	1.8	19.2
Seq7527_245_bp_-1_2_0	CAA74140.1	61.11	21	7	3	54	71	667	687	2.2	20.9
Seq7527_245_bp_-1_2_0	CAA45199.1	26.47	34	25	0	17	50	434	467	3	19.4
Seq7527_245_bp_-1_2_0	AAA26915.1	28.57	54	35	5	3	54	325	375	4.4	18.9
Seq7527_245_bp_-1_2_0	AAC78721.1	28.57	21	15	0	29	49	633	653	5.1	19.2
Seq7527_245_bp_-1_2_0	BAA32956.1	30.88	77	47	9	5	77	92	163	5.3	17.4
Seq7527_245_bp_-1_2_0	AAA18786.1	26.19	43	31	1	4	46	111	152	5.5	17.7
Seq7527_245_bp_-1_2_0	AIR13712.1	26.09	75	51	6	7	80	243	312	5.5	18.0
Seq7527_245_bp_-1_2_0	AAR31603.1	28.57	48	30	6	34	78	143	187	8	17.4
Seq7527_245_bp_-1_2_0	BAA32991.1	50.00	10	5	0	2	11	16	25	8.1	15.1
Seq7527_245_bp_-1_2_0	ABG75784.1	33.33	43	26	4	25	63	255	297	9.2	17.2
Seq7527_245_bp_-1_2_0	ACT10338.1	27.78	18	13	0	3	20	122	139	9.3	17.4
