Seq10054_734_bp_1_0_0	AAA18786.1	35.00	20	13	0	1	20	220	239	2.3	17.3
Seq10054_734_bp_1_0_0	AAA32624.1	50.00	8	4	0	5	12	116	123	3.6	17.6
Seq10054_734_bp_1_0_0	AAC78721.1	42.86	14	8	0	1	14	631	644	3.7	18.0
Seq10054_734_bp_1_0_0	AAA24969.1	62.50	8	3	0	16	23	511	518	4.2	18.9
Seq10054_734_bp_1_0_0	AAB26998.1	37.50	8	5	0	17	24	42	49	6.4	14.0
Seq10054_734_bp_1_0_0	AAA72732.1	71.43	7	2	0	1	7	135	141	6.5	16.0
Seq10054_734_bp_1_0_0	ACT10338.1	62.50	9	3	1	8	15	303	311	7.9	16.0
Seq10054_734_bp_1_0_0	CAA26230.1	71.43	7	2	0	14	20	110	116	9	16.3
Seq10054_734_bp_1_0_0	AII71783.1	35.29	17	11	0	4	20	209	225	9.7	15.3
Seq10054_734_bp_1_0_1	BAA32991.1	42.86	7	4	0	3	9	13	19	2.9	14.8
Seq10054_734_bp_1_0_1	AAA25966.1	69.23	16	4	3	8	21	15	29	4.6	17.6
Seq10054_734_bp_1_0_1	AAB96524.1	50.00	8	4	0	14	21	94	101	4.8	15.5
Seq10054_734_bp_1_0_1	BAB70780.1	47.06	20	9	3	5	22	313	331	4.9	16.9
Seq10054_734_bp_1_0_1	AAA72732.1	72.73	16	3	5	1	16	129	139	6.3	15.9
Seq10054_734_bp_1_0_1	AAB26998.1	50.00	8	4	0	7	14	19	26	8.1	13.5
Seq10054_734_bp_1_0_1	AIR13712.1	53.33	24	7	9	1	15	211	234	8.2	15.5
Seq10054_734_bp_1_0_1	ABD49687.1	60.00	10	4	0	3	12	1206	1215	8.2	17.9
Seq10054_734_bp_1_0_1	CAA04196.1	33.33	18	12	0	1	18	376	393	8.3	15.9
Seq10054_734_bp_1_0_1	AAI27517.1	44.44	9	5	0	6	14	306	314	9.1	16.2
Seq10054_734_bp_1_0_1	ABS38337.1	50.00	8	4	0	11	18	248	255	9.7	17.2
Seq10054_734_bp_1_0_2	AAR31603.1	45.00	20	11	0	21	40	250	269	0.0025	28.4
Seq10054_734_bp_1_0_2	AAC08817.1	32.26	34	21	3	12	45	119	149	0.7	19.3
Seq10054_734_bp_1_0_2	ABD49687.1	50.00	36	14	8	14	41	790	825	1.1	22.0
Seq10054_734_bp_1_0_2	BAA32956.1	46.67	15	8	0	31	45	184	198	1.7	18.3
Seq10054_734_bp_1_0_2	AAX84812.1	29.63	28	19	1	2	29	77	103	2.8	17.7
Seq10054_734_bp_1_0_2	AAA24142.1	52.63	26	9	7	3	21	136	161	3.6	18.3
Seq10054_734_bp_1_0_2	CAA11507.1	50.00	21	9	3	24	44	1026	1043	4.6	19.6
Seq10054_734_bp_1_0_2	ACT10338.1	33.33	18	12	0	29	46	112	129	5.7	17.4
Seq10054_734_bp_1_0_2	ABS38337.1	53.85	17	6	4	3	15	272	288	6.5	18.9
Seq10054_734_bp_1_0_2	AAA26915.1	31.58	19	13	0	15	33	86	104	6.8	17.4
Seq10054_734_bp_1_0_2	AAI27517.1	38.89	42	22	6	3	39	258	298	6.9	17.7
Seq10054_734_bp_1_0_2	AAR37016.1	41.18	17	10	0	25	41	2197	2213	7.7	19.6
Seq10054_734_bp_1_0_3	CAA43372.1	70.00	15	3	5	5	15	14	27	1.6	18.1
Seq10054_734_bp_1_0_3	AAC97205.1	100.00	7	0	2	3	9	893	897	2.7	18.9
Seq10054_734_bp_1_0_3	BAA32018.1	44.44	9	5	0	11	19	451	459	3.1	17.7
Seq10054_734_bp_1_0_3	ABD49687.1	57.14	7	3	0	9	15	1335	1341	3.7	18.9
Seq10054_734_bp_1_0_3	CAA73529.1	50.00	11	5	1	2	12	34	43	5.1	15.8
Seq10054_734_bp_1_0_3	BAB79260.1	66.67	6	2	0	14	19	387	392	6.4	16.2
Seq10054_734_bp_1_0_3	AAA65607.1	57.14	7	3	0	6	12	344	350	6.7	15.8
Seq10054_734_bp_1_0_3	AII71783.1	60.00	5	2	0	15	19	269	273	7.4	15.4
Seq10054_734_bp_1_1_0	CAA74140.1	57.89	22	8	3	2	22	511	530	0.022	26.0
Seq10054_734_bp_1_1_0	ABD49687.1	42.11	19	11	0	9	27	91	109	0.04	26.0
Seq10054_734_bp_1_1_0	ABD49687.1	33.33	29	18	2	1	27	112	140	0.75	21.8
Seq10054_734_bp_1_1_0	AAI27517.1	66.67	24	5	9	5	26	493	509	0.12	22.8
Seq10054_734_bp_1_1_0	CAA04196.1	62.50	8	3	0	13	20	42	49	0.49	20.3
Seq10054_734_bp_1_1_0	ACT10338.1	35.71	14	9	0	13	26	83	96	0.58	20.0
Seq10054_734_bp_1_1_0	AAB03707.1	38.10	22	13	1	2	23	134	154	0.6	21.8
Seq10054_734_bp_1_1_0	AEE27845.1	30.00	21	14	1	2	21	53	73	1.3	20.7
Seq10054_734_bp_1_1_0	ABK71357.1	50.00	18	8	2	12	27	62	79	1.9	18.2
Seq10054_734_bp_1_1_0	AAC97205.1	50.00	26	10	6	2	27	450	469	3	19.3
Seq10054_734_bp_1_1_0	AAR31603.1	53.85	16	6	3	12	27	262	274	3.4	17.1
Seq10054_734_bp_1_1_0	AAR37016.1	57.14	7	3	0	7	13	1040	1046	3.4	20.0
Seq10054_734_bp_1_1_0	AII71783.1	41.18	20	10	3	8	27	202	218	4	16.8
Seq10054_734_bp_1_1_0	AAA24969.1	83.33	6	1	0	21	26	705	710	4.6	18.9
Seq10054_734_bp_1_1_0	CAA45199.1	25.00	20	15	0	5	24	364	383	4.8	17.1
Seq10054_734_bp_1_1_0	AAX12058.1	37.50	8	5	0	3	10	26	33	5.8	16.1
Seq10054_734_bp_1_1_0	AAA45888.1	55.56	9	4	0	12	20	15	23	6.3	16.4
Seq10054_734_bp_1_1_0	BAA32018.1	100.00	9	0	3	12	17	429	437	6.3	17.1
Seq10054_734_bp_1_1_0	AAA26915.1	46.15	14	7	1	12	25	145	157	7.6	16.4
Seq10054_734_bp_1_1_0	AAB96524.1	66.67	6	2	0	13	18	84	89	8	15.0
Seq10054_734_bp_1_1_1	CAA45199.1	54.55	11	5	0	2	12	88	98	0.18	20.9
Seq10054_734_bp_1_1_1	AAA24969.1	71.43	7	2	0	3	9	1024	1030	1	20.1
Seq10054_734_bp_1_1_1	AAA36565.1	55.56	9	4	0	2	10	109	117	1.9	16.0
Seq10054_734_bp_1_1_1	AAA32376.1	42.86	7	4	0	4	10	162	168	2	16.0
Seq10054_734_bp_1_1_1	AAR37016.1	83.33	6	1	0	1	6	410	415	2.1	19.7
Seq10054_734_bp_1_1_1	AAR31603.1	80.00	5	1	0	6	10	196	200	2.1	16.8
Seq10054_734_bp_1_1_1	AAB64315.2	50.00	8	4	0	5	12	107	114	2.8	16.4
Seq10054_734_bp_1_1_1	ABD49687.1	87.50	10	1	2	2	11	543	550	3.5	18.4
Seq10054_734_bp_1_1_1	AAI27517.1	44.44	9	5	0	1	9	513	521	3.8	16.8
Seq10054_734_bp_1_1_1	AAF01122.1	57.14	7	3	0	4	10	341	347	4.2	16.0
Seq10054_734_bp_1_1_1	AAA45888.1	50.00	8	4	0	3	10	10	17	4.3	16.0
Seq10054_734_bp_1_1_1	BAB70780.1	100.00	4	0	0	6	9	369	372	5.4	16.0
Seq10054_734_bp_1_1_1	CAD53387.1	62.50	11	3	3	3	10	34	44	5.5	16.0
Seq10054_734_bp_1_1_1	CAA74140.1	80.00	5	1	0	5	9	940	944	5.8	16.8
Seq10054_734_bp_1_1_1	CAA43372.1	80.00	5	1	0	6	10	3	7	6	15.6
Seq10054_734_bp_1_1_1	CAA04196.1	37.50	8	5	0	5	12	38	45	6.1	15.6
Seq10054_734_bp_1_1_1	BAA32018.1	55.56	10	4	1	2	11	316	324	6.8	16.0
Seq10054_734_bp_1_1_1	BAA32956.1	50.00	12	4	4	3	10	190	201	7.2	14.3
Seq10054_734_bp_1_1_1	ABK71357.1	71.43	9	2	2	4	12	76	82	7.2	15.2
Seq10054_734_bp_1_1_1	AAC97205.1	50.00	11	5	1	2	11	15	25	9.8	16.4
Seq10054_734_bp_1_1_2	CAA04196.1	31.25	34	22	2	1	32	309	342	0.75	20.0
Seq10054_734_bp_1_1_2	AAA72732.1	44.00	31	14	6	8	32	93	123	2.9	17.6
Seq10054_734_bp_1_1_2	AII71783.1	44.44	18	10	0	14	31	17	34	4.3	17.0
Seq10054_734_bp_1_1_2	AAA24969.1	30.77	29	18	3	3	29	1450	1477	4.9	19.1
Seq10054_734_bp_1_1_2	AAA26915.1	54.55	11	5	0	2	12	109	119	9.3	16.4
Seq10054_734_bp_1_1_3	CAA11507.1	40.00	26	15	1	8	32	258	283	1.1	21.5
Seq10054_734_bp_1_1_3	CAA26230.1	42.31	31	15	5	2	32	391	416	2.1	19.2
Seq10054_734_bp_1_1_3	ABN10845.1	52.38	27	10	6	18	38	71	97	2.4	17.6
Seq10054_734_bp_1_1_3	ABD49687.1	50.00	26	11	4	2	24	1591	1615	4	19.9
Seq10054_734_bp_1_1_3	AAC08817.1	54.55	12	5	1	13	23	144	155	4.4	16.3
Seq10054_734_bp_1_1_3	ABS38337.1	42.86	14	8	0	1	14	220	233	4.6	19.2
Seq10054_734_bp_1_1_3	AAC78721.1	47.06	18	9	1	11	27	258	275	4.7	18.3
Seq10054_734_bp_1_1_3	AII71783.1	42.86	26	12	5	5	26	49	73	5.2	17.0
Seq10054_734_bp_1_1_3	BAB79260.1	83.33	6	1	0	34	39	389	394	6.1	17.3
Seq10054_734_bp_1_1_3	AAA45888.1	83.33	6	1	0	9	14	101	106	6.4	17.0
Seq10054_734_bp_1_1_3	BAB70780.1	42.86	14	8	0	18	31	209	222	6.5	17.3
Seq10054_734_bp_1_1_3	CAA04196.1	36.84	20	12	1	15	34	360	378	7	17.0
Seq10054_734_bp_1_1_3	AAA25966.1	37.04	28	17	1	8	34	507	534	7.7	17.6
Seq10054_734_bp_1_1_3	AAA26915.1	64.29	19	5	5	6	20	313	330	7.7	17.0
Seq10054_734_bp_1_1_3	AAF01122.1	45.00	24	11	4	2	25	65	84	7.8	16.7
Seq10054_734_bp_1_1_3	CAA74140.1	33.33	27	18	0	1	27	669	695	7.9	17.9
Seq10054_734_bp_1_1_3	BAA32956.1	50.00	10	5	0	16	25	106	115	8.4	15.7
Seq10054_734_bp_1_1_3	AAB03707.1	45.45	11	6	0	7	17	359	369	9.3	18.3
Seq10054_734_bp_1_1_3	ABK71357.1	69.23	16	4	3	22	34	243	258	9.5	16.3
Seq10054_734_bp_1_2_0	CAA11507.1	50.00	12	6	0	2	13	1262	1273	0.27	22.0
Seq10054_734_bp_1_2_0	ACH70904.1	66.67	16	4	4	2	13	244	259	0.45	19.3
Seq10054_734_bp_1_2_0	CAA26230.1	45.45	11	6	0	1	11	86	96	2	17.8
Seq10054_734_bp_1_2_0	ABD33854.1	50.00	14	6	2	3	14	29	42	3.9	13.6
Seq10054_734_bp_1_2_0	AAC78721.1	85.71	8	1	1	7	13	670	677	8.3	15.9
Seq10054_734_bp_1_2_1	AAB26998.1	57.14	7	3	0	35	41	47	53	0.57	19.0
Seq10054_734_bp_1_2_1	ABD49687.1	45.83	29	13	5	8	35	778	802	0.58	23.4
Seq10054_734_bp_1_2_1	AAA18786.1	33.33	36	20	6	37	66	181	216	0.65	20.6
Seq10054_734_bp_1_2_1	AAF01122.1	50.00	12	6	0	49	60	367	378	1.1	20.2
Seq10054_734_bp_1_2_1	CAA74140.1	66.67	16	4	4	46	57	915	930	1.2	21.5
Seq10054_734_bp_1_2_1	AAA32376.1	40.00	23	12	3	45	64	148	170	1.6	18.7
Seq10054_734_bp_1_2_1	AAB96524.1	39.47	46	23	8	21	60	48	91	1.7	18.7
Seq10054_734_bp_1_2_1	AAA65607.1	44.00	26	14	1	8	33	24	48	1.7	19.6
Seq10054_734_bp_1_2_1	BAA32956.1	61.54	16	5	3	7	22	192	204	1.9	18.7
Seq10054_734_bp_1_2_1	AAR31603.1	64.29	17	5	3	5	18	252	268	1.9	19.3
Seq10054_734_bp_1_2_1	AAC97205.1	53.85	13	6	0	44	56	679	691	1.9	21.2
Seq10054_734_bp_1_2_1	AAC78721.1	52.17	31	11	8	5	34	356	379	2	20.2
Seq10054_734_bp_1_2_1	BAE97662.1	52.94	18	8	1	48	64	114	131	2.2	20.9
Seq10054_734_bp_1_2_1	AAH69556.1	56.25	18	7	2	20	37	71	86	2.7	18.7
Seq10054_734_bp_1_2_1	AAI27517.1	63.64	13	4	2	51	62	116	127	3.4	19.3
Seq10054_734_bp_1_2_1	CAA43372.1	38.10	26	13	5	41	66	348	368	3.7	18.7
Seq10054_734_bp_1_2_1	AAA23282.1	30.00	20	14	0	15	34	353	372	5	18.7
Seq10054_734_bp_1_2_1	ACT10338.1	42.86	15	8	1	7	20	83	97	5.2	18.0
Seq10054_734_bp_1_2_1	ABN10845.1	42.11	23	11	4	35	54	19	40	5.6	17.1
Seq10054_734_bp_1_2_1	AAA45888.1	57.89	26	8	7	23	48	110	128	7.8	17.4
Seq10054_734_bp_1_2_1	AII71783.1	32.00	25	17	0	6	30	162	186	7.8	17.1
Seq10054_734_bp_1_2_1	BAA32991.1	62.50	9	3	1	51	58	10	18	8.1	14.9
Seq10054_734_bp_1_2_1	AAA26915.1	42.11	26	11	7	25	43	408	433	9.4	17.4
Seq10054_734_bp_1_2_2	AAB03707.1	50.00	10	5	0	3	12	683	692	1.1	20.1
Seq10054_734_bp_1_2_2	AAC08817.1	50.00	10	5	0	3	12	116	125	1.1	16.9
Seq10054_734_bp_1_2_2	AII71783.1	63.64	12	4	1	3	13	220	231	2.7	16.6
Seq10054_734_bp_1_2_2	BAE97662.1	54.55	11	5	0	2	12	529	539	3.4	18.1
Seq10054_734_bp_1_2_2	ABG75784.1	75.00	10	2	2	4	11	121	130	3.6	16.2
Seq10054_734_bp_1_2_2	AAC97205.1	54.55	13	5	2	1	11	269	281	3.6	18.1
Seq10054_734_bp_1_2_2	ABD49687.1	50.00	12	6	0	4	15	240	251	3.8	18.5
Seq10054_734_bp_1_2_2	ABN10845.1	57.14	15	6	1	2	15	61	75	4.2	15.4
Seq10054_734_bp_1_2_2	AAB64315.2	55.56	9	4	0	6	14	70	78	4.8	15.8
Seq10054_734_bp_1_2_2	AAA42531.1	36.36	11	7	0	2	12	42	52	7.3	15.4
Seq10054_734_bp_1_2_2	ACT10338.1	55.56	9	4	0	2	10	1	9	9.4	15.0
Seq10054_734_bp_1_2_2	AAB26998.1	75.00	4	1	0	9	12	39	42	9.6	12.6
Seq10054_734_bp_1_2_2	AAA32624.1	55.56	9	4	0	3	11	120	128	9.7	15.4
Seq10054_734_bp_1_2_3	AAH69556.1	60.00	11	4	1	6	16	154	163	1.4	17.7
Seq10054_734_bp_1_2_3	EDO47375.1	66.67	6	2	0	4	9	183	188	1.4	17.0
Seq10054_734_bp_1_2_3	AAA32624.1	100.00	9	0	2	3	10	106	113	6.3	16.2
Seq10054_734_bp_1_2_3	AAC17860.1	57.14	7	3	0	2	8	59	65	6.4	15.9
Seq10054_734_bp_1_2_3	AAX12058.1	70.00	13	3	3	6	15	32	44	7.1	15.1
Seq10054_734_bp_1_2_3	ABS38337.1	75.00	9	2	1	7	14	676	684	7.1	17.3
Seq10054_734_bp_1_2_3	AII71783.1	40.00	10	6	0	6	15	17	26	7.9	15.1
Seq10054_734_bp_1_2_3	BAA32018.1	62.50	8	3	0	5	12	291	298	9.5	15.9
Seq10054_734_bp_-1_0_0	ABK71357.1	46.15	13	7	0	23	35	133	145	0.18	22.2
Seq10054_734_bp_-1_0_0	ABG75784.1	40.00	15	9	0	4	18	123	137	0.18	21.9
Seq10054_734_bp_-1_0_0	BAA32991.1	34.78	27	15	4	11	37	10	32	1.3	16.9
Seq10054_734_bp_-1_0_0	ABD49687.1	53.33	16	7	1	16	31	21	35	2.4	20.7
Seq10054_734_bp_-1_0_0	AAA42531.1	66.67	13	4	1	12	24	357	368	2.4	18.5
Seq10054_734_bp_-1_0_0	AAX12058.1	44.44	18	10	0	6	23	148	165	2.6	17.9
Seq10054_734_bp_-1_0_0	AAB64315.2	37.14	39	22	4	5	39	53	91	3.9	17.5
Seq10054_734_bp_-1_0_0	AAA24142.1	28.00	26	18	1	1	26	256	280	4.3	17.9
Seq10054_734_bp_-1_0_0	AAR31603.1	66.67	9	3	0	12	20	6	14	4.8	17.2
Seq10054_734_bp_-1_0_0	AAX84812.1	35.71	15	9	1	17	31	148	161	5.2	16.6
Seq10054_734_bp_-1_0_0	AAF01122.1	71.43	7	2	0	8	14	368	374	5.5	17.2
Seq10054_734_bp_-1_0_0	ACT10338.1	36.00	27	16	2	5	29	99	125	5.6	17.2
Seq10054_734_bp_-1_0_0	AAH69556.1	45.00	22	11	2	4	24	25	45	6.7	16.6
Seq10054_734_bp_-1_0_0	AAC08817.1	66.67	7	2	1	30	35	4	10	8.5	15.4
Seq10054_734_bp_-1_0_0	BAA32956.1	66.67	14	3	5	2	15	75	83	8.7	15.7
Seq10054_734_bp_-1_0_1	ABL74574.1	50.00	12	6	0	2	13	277	288	0.83	18.1
Seq10054_734_bp_-1_0_1	AAB03707.1	40.00	10	6	0	1	10	182	191	1.8	19.2
Seq10054_734_bp_-1_0_1	AAQ92751.2	42.86	7	4	0	5	11	1295	1301	3	18.5
Seq10054_734_bp_-1_0_1	BAA32991.1	100.00	4	0	0	1	4	37	40	4.5	13.5
Seq10054_734_bp_-1_0_1	AII71783.1	42.86	17	8	3	1	14	237	253	5.4	15.4
Seq10054_734_bp_-1_0_1	BAE97662.1	75.00	8	2	0	7	14	538	545	6.9	16.9
Seq10054_734_bp_-1_0_1	AAA72732.1	75.00	4	1	0	2	5	296	299	7	15.0
Seq10054_734_bp_-1_0_1	EDO47375.1	44.44	9	5	0	6	14	48	56	7.1	14.3
Seq10054_734_bp_-1_0_1	CAA04196.1	100.00	4	0	0	7	10	343	346	7.2	15.4
Seq10054_734_bp_-1_0_1	CAA45199.1	100.00	3	0	0	5	7	214	216	8	15.4
Seq10054_734_bp_-1_0_1	CAA11507.1	50.00	10	5	0	1	10	446	455	8.1	16.9
Seq10054_734_bp_-1_0_1	BAA32018.1	57.14	7	3	0	1	7	149	155	8.2	15.8
Seq10054_734_bp_-1_0_1	AAA45888.1	50.00	10	5	0	2	11	128	137	8.4	15.0
Seq10054_734_bp_-1_0_2	AAI27517.1	75.00	8	2	0	6	13	544	551	2.4	17.5
Seq10054_734_bp_-1_0_2	AAA24969.1	55.56	9	4	0	4	12	1102	1110	2.6	18.8
Seq10054_734_bp_-1_0_2	AAB03707.1	60.00	10	4	0	4	13	1091	1100	3.1	18.4
Seq10054_734_bp_-1_0_2	AAC08817.1	57.14	7	3	0	8	14	20	26	3.9	15.0
Seq10054_734_bp_-1_0_2	BAB17681.1	30.77	13	9	0	1	13	45	57	4.9	15.4
Seq10054_734_bp_-1_0_2	AEE27845.1	41.67	12	7	0	3	14	644	655	7.4	17.1
Seq10054_734_bp_-1_0_2	AIR13712.1	55.56	9	4	0	6	14	12	20	7.6	15.0
Seq10054_734_bp_-1_0_2	BAA32956.1	40.00	10	6	0	2	11	60	69	8.8	14.1
Seq10054_734_bp_-1_0_3	BAB70780.1	83.33	6	1	0	5	10	222	227	1.3	18.1
Seq10054_734_bp_-1_0_3	AAC17860.1	50.00	10	5	0	3	12	131	140	1.9	17.3
Seq10054_734_bp_-1_0_3	AAB03707.1	77.78	10	2	1	5	13	1226	1235	2.2	18.8
Seq10054_734_bp_-1_0_3	AAA65607.1	55.56	9	4	0	2	10	247	255	2.2	16.9
Seq10054_734_bp_-1_0_3	BAA32991.1	66.67	6	2	0	7	12	50	55	2.8	14.1
Seq10054_734_bp_-1_0_3	BAE97662.1	60.00	10	4	0	3	12	25	34	3	18.1
Seq10054_734_bp_-1_0_3	AIR13712.1	55.56	9	4	0	5	13	165	173	3.4	16.1
Seq10054_734_bp_-1_0_3	AAA72732.1	62.50	9	3	1	2	10	41	48	5.5	15.3
Seq10054_734_bp_-1_0_3	AAA18786.1	50.00	10	5	0	3	12	30	39	7.9	14.5
Seq10054_734_bp_-1_0_3	ABK71357.1	36.36	11	7	0	3	13	257	267	8.3	14.9
Seq10054_734_bp_-1_0_4	AAA36565.1	71.43	7	2	0	9	15	155	161	0.58	18.1
Seq10054_734_bp_-1_0_4	CAA11507.1	66.67	9	3	0	3	11	1179	1187	1.3	19.9
Seq10054_734_bp_-1_0_4	AAC17860.1	50.00	16	7	2	1	14	377	392	2.3	17.4
Seq10054_734_bp_-1_0_4	ABS38337.1	53.33	21	7	6	2	16	1041	1061	3.4	18.5
Seq10054_734_bp_-1_0_4	AAA72732.1	83.33	6	1	0	1	6	144	149	4.7	15.9
Seq10054_734_bp_-1_0_4	AAA25966.1	55.56	9	4	0	9	17	68	76	5.1	17.0
Seq10054_734_bp_-1_1_0	ACH70904.1	66.67	6	2	0	11	16	97	102	1.7	17.5
Seq10054_734_bp_-1_1_0	AEE27845.1	40.00	10	6	0	6	15	2	11	1.8	19.4
Seq10054_734_bp_-1_1_0	AAA24969.1	38.46	13	8	0	2	14	419	431	3.3	18.7
Seq10054_734_bp_-1_1_0	AAR31603.1	57.14	7	3	0	8	14	160	166	3.4	16.4
Seq10054_734_bp_-1_1_0	BAB70780.1	42.86	15	8	1	2	15	254	268	3.9	16.8
Seq10054_734_bp_-1_1_0	CAA26230.1	66.67	6	2	0	5	10	7	12	4.4	16.8
Seq10054_734_bp_-1_1_0	AAA23282.1	45.45	11	6	0	6	16	218	228	4.5	16.8
Seq10054_734_bp_-1_1_0	AAB03707.1	30.77	13	9	0	2	14	401	413	5	17.9
Seq10054_734_bp_-1_1_0	AAA32624.1	75.00	4	1	0	4	7	302	305	5.3	16.4
Seq10054_734_bp_-1_1_0	ABG75784.1	33.33	16	10	1	1	15	165	180	5.4	15.6
Seq10054_734_bp_-1_1_0	BAA32956.1	60.00	13	4	3	1	12	95	105	6.1	14.9
Seq10054_734_bp_-1_1_0	AAA26915.1	80.00	5	1	0	12	16	223	227	6.1	16.0
Seq10054_734_bp_-1_1_0	AAB26998.1	100.00	3	0	0	7	9	77	79	8.2	13.0
Seq10054_734_bp_-1_1_0	CAA04196.1	62.50	8	3	0	1	8	351	358	9	15.3
Seq10054_734_bp_-1_1_1	AAR37016.1	58.82	19	7	2	12	29	2014	2031	1.2	21.8
Seq10054_734_bp_-1_1_1	AAA72732.1	50.00	17	7	3	4	20	286	299	1.7	18.3
Seq10054_734_bp_-1_1_1	CAA74140.1	47.62	26	11	5	7	31	766	787	3.3	19.0
Seq10054_734_bp_-1_1_1	AAA26915.1	57.14	7	3	0	4	10	222	228	6	17.1
Seq10054_734_bp_-1_1_1	CAA45199.1	80.00	5	1	0	21	25	80	84	6	17.1
Seq10054_734_bp_-1_1_1	BAA32956.1	50.00	8	4	0	18	25	129	136	7.8	15.5
Seq10054_734_bp_-1_1_1	AAX84812.1	71.43	9	2	2	23	29	105	113	8.6	15.5
Seq10054_734_bp_-1_1_1	ABD33854.1	60.00	5	2	0	28	32	2	6	8.7	13.6
Seq10054_734_bp_-1_1_1	BAB79260.1	83.33	6	1	0	10	15	298	303	8.7	16.5
Seq10054_734_bp_-1_1_1	AAR31603.1	63.64	13	4	2	5	15	48	60	9.7	15.8
Seq10054_734_bp_-1_1_2	ABD49687.1	60.00	10	4	0	3	12	788	797	1.4	19.8
Seq10054_734_bp_-1_1_2	AAX84812.1	66.67	6	2	0	1	6	55	60	2.7	15.9
Seq10054_734_bp_-1_1_2	AAA42531.1	57.14	7	3	0	4	10	237	243	3.5	16.3
Seq10054_734_bp_-1_1_2	AAA36565.1	40.00	10	6	0	3	12	59	68	7.2	14.0
Seq10054_734_bp_-1_1_2	BAE97662.1	70.00	12	3	2	1	10	570	581	7.6	16.7
Seq10054_734_bp_-1_1_2	AAA24969.1	100.00	5	0	0	5	9	886	890	7.8	17.1
Seq10054_734_bp_-1_1_3	CAA45199.1	80.00	5	1	0	5	9	410	414	0.72	18.9
Seq10054_734_bp_-1_1_3	ABD49687.1	66.67	6	2	0	1	6	91	96	1.5	19.6
Seq10054_734_bp_-1_1_3	AAF01122.1	100.00	3	0	0	4	6	375	377	1.6	17.4
Seq10054_734_bp_-1_1_3	AAA25966.1	66.67	6	2	0	1	6	318	323	1.9	18.1
Seq10054_734_bp_-1_1_3	ACT10338.1	37.50	8	5	0	6	13	119	126	2.2	17.0
Seq10054_734_bp_-1_1_3	AAQ92751.2	57.14	7	3	0	6	12	1246	1252	3.5	18.1
Seq10054_734_bp_-1_1_3	AAA24969.1	83.33	6	1	0	8	13	1438	1443	3.9	18.1
Seq10054_734_bp_-1_1_3	AAI27517.1	75.00	4	1	0	5	8	539	542	4.3	16.6
Seq10054_734_bp_-1_1_3	AAR31603.1	36.36	11	7	0	3	13	17	27	5.2	15.5
Seq10054_734_bp_-1_1_3	AAC97205.1	57.14	7	3	0	4	10	998	1004	5.2	17.4
Seq10054_734_bp_-1_1_3	BAB17681.1	87.50	14	1	6	5	12	189	202	5.6	15.1
Seq10054_734_bp_-1_1_3	BAA32991.1	50.00	8	4	0	6	13	32	39	6.8	12.8
Seq10054_734_bp_-1_1_3	AAA24142.1	83.33	7	1	1	4	10	199	204	7	15.5
Seq10054_734_bp_-1_1_3	AAX84812.1	60.00	5	2	0	1	5	29	33	7.9	14.3
Seq10054_734_bp_-1_1_3	AAA65607.1	55.56	9	4	0	4	12	327	335	9.4	14.7
Seq10054_734_bp_-1_1_4	AAH69556.1	42.86	14	8	0	3	16	161	174	0.27	20.3
Seq10054_734_bp_-1_1_4	AAF01122.1	46.15	13	7	0	4	16	115	127	0.43	19.9
Seq10054_734_bp_-1_1_4	CAA45199.1	50.00	12	6	0	8	19	58	69	1.2	18.8
Seq10054_734_bp_-1_1_4	AAC08817.1	75.00	4	1	0	14	17	3	6	1.9	16.5
Seq10054_734_bp_-1_1_4	ACH70904.1	27.27	11	8	0	6	16	234	244	1.9	17.7
Seq10054_734_bp_-1_1_4	ABS38337.1	62.50	10	3	2	10	17	1058	1067	2.4	19.2
Seq10054_734_bp_-1_1_4	AAA25966.1	36.36	11	7	0	10	20	131	141	3	18.0
Seq10054_734_bp_-1_1_4	BAA32956.1	57.14	7	3	0	3	9	35	41	3.2	16.2
Seq10054_734_bp_-1_1_4	ABK71357.1	100.00	3	0	0	14	16	174	176	4.3	16.5
Seq10054_734_bp_-1_1_4	CAA26230.1	62.50	10	3	2	8	17	513	520	5	16.9
Seq10054_734_bp_-1_1_4	AII71783.1	22.22	18	14	0	1	18	136	153	5.9	15.8
Seq10054_734_bp_-1_1_4	AAA32624.1	50.00	6	3	0	11	16	472	477	6	16.5
Seq10054_734_bp_-1_1_4	AAA24969.1	46.15	13	7	0	6	18	427	439	6.1	18.0
Seq10054_734_bp_-1_1_4	BAA32991.1	44.44	9	5	0	12	20	33	41	6.3	13.5
Seq10054_734_bp_-1_1_4	ABD49687.1	46.67	17	8	2	1	17	923	937	6.8	18.0
Seq10054_734_bp_-1_1_4	BAB70780.1	50.00	8	4	0	7	14	25	32	9	15.8
Seq10054_734_bp_-1_1_4	AAQ92751.2	30.77	13	9	0	6	18	525	537	9.1	17.3
Seq10054_734_bp_-1_1_4	EDO47375.1	60.00	5	2	0	1	5	177	181	9.9	14.3
Seq10054_734_bp_-1_2_0	CAA04196.1	63.64	12	4	1	3	13	208	219	0.057	22.6
Seq10054_734_bp_-1_2_0	ABN10845.1	42.86	14	8	0	2	15	204	217	0.19	19.9
Seq10054_734_bp_-1_2_0	AAA45888.1	42.86	14	8	0	2	15	73	86	0.33	19.9
Seq10054_734_bp_-1_2_0	AAA32624.1	80.00	5	1	0	3	7	282	286	0.33	20.4
Seq10054_734_bp_-1_2_0	ACT10338.1	100.00	4	0	0	6	9	61	64	2.1	17.3
Seq10054_734_bp_-1_2_0	BAA32018.1	62.50	9	3	1	7	14	411	419	2.4	17.7
Seq10054_734_bp_-1_2_0	AAA25966.1	100.00	4	0	0	2	5	654	657	2.8	17.7
Seq10054_734_bp_-1_2_0	CAA26230.1	60.00	5	2	0	3	7	319	323	4	16.8
Seq10054_734_bp_-1_2_0	AAA32376.1	41.67	12	7	0	1	12	149	160	4.2	15.1
Seq10054_734_bp_-1_2_0	AAB64315.2	50.00	12	6	0	4	15	313	324	4.3	16.0
Seq10054_734_bp_-1_2_0	CAA45199.1	50.00	10	5	0	1	10	348	357	6.1	16.0
Seq10054_734_bp_-1_2_0	AAA65607.1	50.00	8	4	0	4	11	297	304	6.4	15.5
Seq10054_734_bp_-1_2_0	AEE27845.1	55.56	9	4	0	6	14	1172	1180	7.1	17.3
Seq10054_734_bp_-1_2_0	AAC97205.1	50.00	8	4	0	2	9	100	107	8.4	16.8
Seq10054_734_bp_-1_2_0	ABK71357.1	80.00	5	1	0	1	5	28	32	8.6	15.1
Seq10054_734_bp_-1_2_0	AAF01122.1	80.00	5	1	0	1	5	7	11	8.7	15.1
Seq10054_734_bp_-1_2_0	AAQ92751.2	54.55	12	5	1	1	11	576	587	9.3	16.8
Seq10054_734_bp_-1_2_1	AAB96524.1	41.86	60	25	17	18	61	89	147	1.3	19.1
Seq10054_734_bp_-1_2_1	AAA25966.1	45.45	11	6	0	29	39	182	192	2.6	20.0
Seq10054_734_bp_-1_2_1	AAI27517.1	54.17	32	11	8	34	57	355	386	3.2	19.4
Seq10054_734_bp_-1_2_1	AAC78721.1	66.67	13	4	1	39	51	668	679	3.6	19.4
Seq10054_734_bp_-1_2_1	AAA24142.1	71.43	7	2	0	4	10	407	413	3.6	18.8
Seq10054_734_bp_-1_2_1	ABG75784.1	37.50	50	25	10	21	66	208	251	3.8	18.2
Seq10054_734_bp_-1_2_1	AAF01122.1	66.67	13	4	1	41	52	1	13	4.5	18.2
Seq10054_734_bp_-1_2_1	AAB26998.1	55.56	9	4	0	12	20	20	28	6.9	15.3
Seq10054_734_bp_-1_2_1	CAA11507.1	50.00	19	8	3	36	52	658	675	7.1	19.4
Seq10054_734_bp_-1_2_1	AAB03707.1	45.45	11	6	0	56	66	671	681	8.7	19.1
Seq10054_734_bp_-1_2_2	AAA23282.1	75.00	9	2	1	4	11	539	547	0.17	21.1
Seq10054_734_bp_-1_2_2	BAA32956.1	100.00	4	0	0	1	4	185	188	0.52	18.1
Seq10054_734_bp_-1_2_2	BAA32956.1	100.00	4	0	0	1	4	192	195	0.52	18.1
Seq10054_734_bp_-1_2_2	BAA32956.1	100.00	4	0	0	1	4	200	203	0.52	18.1
Seq10054_734_bp_-1_2_2	CAD53387.1	60.00	12	4	2	1	10	43	54	0.92	18.5
Seq10054_734_bp_-1_2_2	ABL74574.1	80.00	5	1	0	2	6	52	56	0.96	17.7
Seq10054_734_bp_-1_2_2	ABK71357.1	55.56	9	4	0	3	11	344	352	1.2	17.7
Seq10054_734_bp_-1_2_2	ACT10338.1	50.00	8	4	0	3	10	96	103	1.3	17.7
Seq10054_734_bp_-1_2_2	CAA74140.1	45.45	12	6	1	1	12	602	612	2.3	18.1
Seq10054_734_bp_-1_2_2	AAA45888.1	80.00	5	1	0	3	7	73	77	3	16.4
Seq10054_734_bp_-1_2_2	AAB03707.1	100.00	4	0	0	1	4	857	860	3.3	18.1
Seq10054_734_bp_-1_2_2	AEE27845.1	80.00	5	1	0	1	5	352	356	3.4	18.1
Seq10054_734_bp_-1_2_2	AAX12058.1	71.43	8	2	1	4	10	268	275	3.9	15.5
Seq10054_734_bp_-1_2_2	ABD49687.1	55.56	9	4	0	2	10	1256	1264	4.1	18.1
Seq10054_734_bp_-1_2_2	AAB96524.1	100.00	3	0	0	1	3	84	86	6.4	14.2
Seq10054_734_bp_-1_2_2	AAA25966.1	80.00	5	1	0	1	5	652	656	7.4	15.9
Seq10054_734_bp_-1_2_2	AAR31603.1	100.00	3	0	0	9	11	18	20	8.2	14.6
Seq10054_734_bp_-1_2_2	AAA26915.1	60.00	5	2	0	7	11	130	134	8.6	15.1
