Seq5987_136_bp_1_0_0	CAA04196.1	33.33	21	12	3	25	45	364	381	1.7	19.2
Seq5987_136_bp_1_0_0	CAA73529.1	20.00	20	16	0	4	23	239	258	2.3	18.2
Seq5987_136_bp_1_0_0	BAA32991.1	42.86	7	4	0	39	45	59	65	2.5	16.1
Seq5987_136_bp_1_0_0	AAA26915.1	23.81	21	16	0	7	27	232	252	3.1	18.5
Seq5987_136_bp_1_0_0	ABS38337.1	47.37	23	10	4	17	35	408	430	4	19.6
Seq5987_136_bp_1_0_0	AAA36565.1	57.14	7	3	0	36	42	160	166	4.6	16.4
Seq5987_136_bp_1_0_0	AAA24142.1	60.00	5	2	0	29	33	49	53	4.8	17.8
Seq5987_136_bp_1_0_0	ABD33854.1	40.00	11	6	1	6	16	44	53	5.9	14.7
Seq5987_136_bp_1_0_0	AAC97205.1	29.03	34	22	3	10	43	714	744	6.2	18.9
Seq5987_136_bp_1_0_0	ABL74574.1	75.00	4	1	0	39	42	115	118	6.2	16.8
Seq5987_136_bp_1_0_0	BAB17681.1	46.15	13	7	0	8	20	49	61	7.4	16.4
Seq5987_136_bp_1_0_0	AAA25966.1	33.33	37	20	7	6	38	137	170	9.3	17.5
Seq5987_136_bp_1_1_0	AAX12058.1	100.00	45	0	0	1	45	218	262	2.2e-23	94.7
Seq5987_136_bp_1_1_0	CAA43372.1	25.00	20	15	0	11	30	198	217	0.35	21.6
Seq5987_136_bp_1_1_0	AAA42531.1	22.86	36	27	1	7	41	137	172	0.42	21.2
Seq5987_136_bp_1_1_0	BAB17681.1	50.00	16	8	0	5	20	112	127	0.48	20.5
Seq5987_136_bp_1_1_0	AAR37016.1	31.03	34	20	5	5	33	89	122	0.58	23.3
Seq5987_136_bp_1_1_0	ABD33854.1	38.46	13	8	0	20	32	5	17	2.6	15.9
Seq5987_136_bp_1_1_0	ABL74574.1	28.57	31	20	3	3	33	259	286	5.6	17.0
Seq5987_136_bp_1_1_0	CAA26230.1	32.35	36	23	2	1	35	72	106	6.6	17.7
Seq5987_136_bp_1_1_0	ABS38337.1	33.33	26	16	2	10	33	869	894	7.2	18.7
Seq5987_136_bp_1_1_0	AAA45888.1	31.25	16	11	0	20	35	70	85	7.3	17.0
Seq5987_136_bp_1_1_0	ABD49687.1	28.57	21	15	0	10	30	319	339	7.5	19.1
Seq5987_136_bp_1_1_0	AAA72732.1	23.08	40	30	1	4	43	207	245	7.5	16.6
Seq5987_136_bp_1_1_0	ABG75784.1	50.00	18	8	2	11	26	272	289	7.5	16.6
Seq5987_136_bp_1_1_0	AAC78721.1	16.67	32	25	2	2	31	287	318	7.8	17.7
Seq5987_136_bp_1_1_0	BAB70780.1	22.22	28	21	1	12	38	22	49	9	17.0
Seq5987_136_bp_1_1_0	AII71783.1	33.33	25	16	1	2	25	42	66	9.3	16.3
Seq5987_136_bp_1_2_0	AAA45888.1	31.58	20	13	1	21	40	160	178	0.017	25.7
Seq5987_136_bp_1_2_0	AAA45888.1	46.67	18	8	3	26	40	38	55	0.8	20.1
Seq5987_136_bp_1_2_0	BAB79260.1	25.00	43	27	7	2	37	363	405	0.32	21.6
Seq5987_136_bp_1_2_0	AAA25966.1	19.23	27	21	1	14	39	232	258	0.42	21.9
Seq5987_136_bp_1_2_0	AAX12058.1	46.15	13	7	0	27	39	133	145	2.1	18.2
Seq5987_136_bp_1_2_0	BAA32956.1	37.50	27	15	3	2	27	4	28	2.4	17.6
Seq5987_136_bp_1_2_0	BAB17681.1	35.00	22	13	2	5	25	101	121	3.1	17.6
Seq5987_136_bp_1_2_0	BAA32991.1	33.33	6	4	0	20	25	23	28	3.5	15.4
Seq5987_136_bp_1_2_0	ABN10845.1	25.00	13	9	1	27	38	91	103	3.8	16.9
Seq5987_136_bp_1_2_0	ABG75784.1	37.50	18	10	2	2	17	181	198	4.4	17.3
Seq5987_136_bp_1_2_0	AAC97205.1	31.58	19	13	0	22	40	753	771	5.8	18.8
Seq5987_136_bp_1_2_0	CAA73529.1	50.00	10	5	0	23	32	36	45	5.8	16.6
Seq5987_136_bp_1_2_0	CAA26230.1	46.67	19	8	4	13	31	6	20	6.2	17.6
Seq5987_136_bp_1_2_0	ABS38337.1	36.84	22	12	3	19	37	966	987	7.4	18.5
Seq5987_136_bp_1_2_0	AAB26998.1	30.77	14	9	1	9	22	42	54	7.5	14.5
Seq5987_136_bp_1_2_0	AAB64315.2	35.29	21	11	4	17	37	33	49	8.5	16.3
Seq5987_136_bp_1_2_0	AAA26915.1	36.84	25	12	6	18	36	426	450	9.6	16.6
Seq5987_136_bp_1_2_0	CAA45199.1	22.73	22	17	0	15	36	348	369	9.7	16.6
Seq5987_136_bp_1_2_0	ABD49687.1	37.50	16	10	0	21	36	82	97	9.7	18.5
Seq5987_136_bp_1_2_0	AII71783.1	40.00	10	6	0	25	34	156	165	9.7	16.0
Seq5987_136_bp_-1_0_0	AAI27517.1	60.00	10	4	0	3	12	58	67	0.36	20.4
Seq5987_136_bp_-1_0_0	AAX12058.1	41.67	12	7	0	4	15	249	260	0.72	18.3
Seq5987_136_bp_-1_0_0	AAA32376.1	33.33	12	8	0	2	13	123	134	4	15.1
Seq5987_136_bp_-1_0_0	AAA23282.1	33.33	9	6	0	1	9	465	473	4.3	16.7
Seq5987_136_bp_-1_0_0	BAB17681.1	20.00	10	8	0	5	14	128	137	4.3	15.7
Seq5987_136_bp_-1_0_0	AAA32624.1	44.44	9	5	0	5	13	442	450	8	15.7
Seq5987_136_bp_-1_0_0	ACT10338.1	33.33	12	8	0	1	12	84	95	8.5	15.1
Seq5987_136_bp_-1_0_0	ABL74574.1	33.33	12	8	0	2	13	196	207	9.1	14.6
Seq5987_136_bp_-1_0_1	AAA45888.1	47.37	21	10	2	11	29	113	133	0.005	26.9
Seq5987_136_bp_-1_0_1	AAA45888.1	50.00	17	8	1	14	29	84	100	0.32	20.9
Seq5987_136_bp_-1_0_1	ABN10845.1	30.77	13	9	0	17	29	44	56	2	17.4
Seq5987_136_bp_-1_0_1	AAR37016.1	38.46	15	8	2	15	29	1885	1897	2.4	20.6
Seq5987_136_bp_-1_0_1	AAI27517.1	35.29	21	11	4	7	27	150	166	3.3	18.1
Seq5987_136_bp_-1_0_1	AAA25966.1	21.05	19	15	0	11	29	148	166	5.1	17.8
Seq5987_136_bp_-1_0_1	ABD49687.1	62.50	8	3	0	22	29	1528	1535	5.8	18.8
Seq5987_136_bp_-1_0_1	CAA45199.1	33.33	25	12	7	2	19	202	226	6.8	16.7
Seq5987_136_bp_-1_0_1	AAB64315.2	28.57	14	10	0	10	23	81	94	7.7	16.0
Seq5987_136_bp_-1_0_1	AAC08817.1	25.00	12	9	0	16	27	95	106	8	15.0
Seq5987_136_bp_-1_0_1	ABS38337.1	15.38	26	22	0	2	27	989	1014	8.8	17.8
Seq5987_136_bp_-1_0_1	AAR31603.1	40.00	25	12	5	8	27	58	82	9.6	15.7
Seq5987_136_bp_-1_1_0	AAF01122.1	18.18	11	9	0	1	11	15	25	1.6	17.3
Seq5987_136_bp_-1_1_0	AAA24969.1	25.00	12	9	0	1	12	420	431	3.1	18.3
Seq5987_136_bp_-1_1_0	AAR31603.1	27.27	11	8	0	2	12	102	112	4.2	15.6
Seq5987_136_bp_-1_1_0	ABD49687.1	33.33	12	8	0	1	12	41	52	5	17.8
Seq5987_136_bp_-1_1_0	CAA11507.1	37.50	8	5	0	1	8	394	401	5.7	17.3
Seq5987_136_bp_-1_1_0	AAB03707.1	27.27	11	8	0	2	12	403	413	5.8	17.3
Seq5987_136_bp_-1_1_0	ABN10845.1	50.00	4	2	0	3	6	57	60	5.8	14.6
Seq5987_136_bp_-1_1_0	AAR37016.1	50.00	10	5	0	1	10	829	838	6.7	17.8
Seq5987_136_bp_-1_1_0	ABK71357.1	66.67	3	1	0	2	4	351	353	9.6	14.6
Seq5987_136_bp_-1_1_1	CAA26230.1	33.33	9	6	0	24	32	8	16	1.3	19.6
Seq5987_136_bp_-1_1_1	ACT10338.1	44.44	19	10	1	11	28	361	379	2.4	18.1
Seq5987_136_bp_-1_1_1	AAB64315.2	60.00	10	4	0	22	31	194	203	2.6	17.8
Seq5987_136_bp_-1_1_1	AAX84812.1	31.25	17	11	1	7	23	181	196	3.1	17.0
Seq5987_136_bp_-1_1_1	CAA04196.1	33.33	12	8	0	21	32	357	368	3.4	17.8
Seq5987_136_bp_-1_1_1	AAA42531.1	33.33	12	8	0	18	29	153	164	4	17.4
Seq5987_136_bp_-1_1_1	AII71783.1	10.00	20	18	0	6	25	135	154	4	17.0
Seq5987_136_bp_-1_1_1	AAB26998.1	36.36	11	7	0	21	31	52	62	4.6	14.9
Seq5987_136_bp_-1_1_1	AAR37016.1	37.50	28	15	4	5	32	360	383	5.3	19.6
Seq5987_136_bp_-1_1_1	EDO47375.1	50.00	13	5	3	20	32	120	129	6.6	15.6
Seq5987_136_bp_-1_1_1	ABS38337.1	37.50	16	10	0	8	23	272	287	7.7	18.1
Seq5987_136_bp_-1_1_1	AAQ92751.2	29.41	17	12	0	2	18	584	600	8.2	18.1
Seq5987_136_bp_-1_1_1	AAA72732.1	26.09	25	17	2	9	31	103	127	8.4	16.0
Seq5987_136_bp_-1_2_0	AAA72732.1	20.00	25	20	0	1	25	79	103	0.045	23.5
Seq5987_136_bp_-1_2_0	CAA43372.1	31.25	16	11	0	6	21	97	112	0.19	21.9
Seq5987_136_bp_-1_2_0	AIR13712.1	50.00	17	8	1	9	25	307	322	0.62	19.8
Seq5987_136_bp_-1_2_0	AAX12058.1	35.29	17	11	0	13	29	219	235	2.8	17.3
Seq5987_136_bp_-1_2_0	CAA26230.1	16.67	18	15	0	13	30	96	113	4.3	17.7
Seq5987_136_bp_-1_2_0	AAA26915.1	12.00	25	22	0	1	25	351	375	4.7	17.3
Seq5987_136_bp_-1_2_0	ABL74574.1	33.33	20	12	2	8	25	46	65	5.2	16.5
Seq5987_136_bp_-1_2_0	CAA45199.1	41.67	12	7	0	11	22	373	384	6.3	16.9
Seq5987_136_bp_-1_2_0	AAA18786.1	50.00	8	4	0	14	21	243	250	6.3	16.1
Seq5987_136_bp_-1_2_0	ACH70904.1	22.73	23	17	1	9	30	27	49	8.3	16.1
Seq5987_136_bp_-1_2_0	AAA25966.1	15.79	19	16	0	9	27	600	618	9.4	16.9
