Seq5576_158_bp_1_0_0	ENA|BAB17681|BAB17681.1	41.67	12	7	0	4	15	79	90	3.8	16.5
Seq5576_158_bp_1_0_0	ENA|BAA32991|BAA32991.1	20.00	21	16	1	1	20	28	48	5.1	14.1
Seq5576_158_bp_1_0_0	ENA|CAA26939|CAA26939.1	28.57	22	15	1	1	21	445	466	5.1	17.1
Seq5576_158_bp_1_0_0	ENA|CAA36714|CAA36714.1	31.25	16	11	0	2	17	132	147	5.2	16.8
Seq5576_158_bp_1_0_0	ENA|CAA45199|CAA45199.1	26.32	19	14	0	3	21	410	428	7.8	16.2
Seq5576_158_bp_1_0_1	ENA|AAC49865|AAC49865.1	33.33	9	6	0	1	9	27	35	1.7	17.2
Seq5576_158_bp_1_0_1	ENA|AAA25966|AAA25966.1	54.55	14	5	3	2	12	323	336	2.8	17.6
Seq5576_158_bp_1_0_1	ENA|AAC26660|AAC26660.1	30.77	13	9	0	2	14	186	198	3.8	15.7
Seq5576_158_bp_1_0_1	ENA|CAA11507|CAA11507.1	38.46	13	8	0	2	14	1067	1079	4.1	18.0
Seq5576_158_bp_1_0_1	ENA|AAA36539|AAA36539.1	41.67	13	7	1	2	14	22	33	4.1	16.4
Seq5576_158_bp_1_0_1	ENA|AAA24145|AAA24145.1	38.46	13	8	0	2	14	251	263	5.2	16.1
Seq5576_158_bp_1_0_1	ENA|BAB17681|BAB17681.1	41.67	12	7	0	1	12	65	76	5.2	15.3
Seq5576_158_bp_1_0_1	ENA|ABN10845|ABN10845.1	50.00	4	2	0	2	5	108	111	7	14.5
Seq5576_158_bp_1_0_1	ENA|CAA36714|CAA36714.1	50.00	12	5	2	2	13	435	444	8.6	15.3
Seq5576_158_bp_1_1_0	ENA|AAC78721|AAC78721.1	100.00	52	0	0	1	52	518	569	3.9e-21	88.7
Seq5576_158_bp_1_1_0	ENA|CAA29956|CAA29956.1	30.56	40	25	4	13	52	176	211	4.3	17.9
Seq5576_158_bp_1_1_0	ENA|AAF79734|AAF79734.1	32.56	48	29	5	4	46	277	324	5	19.6
Seq5576_158_bp_1_1_0	ENA|AAA72732|AAA72732.1	25.58	44	32	1	2	45	181	223	6.3	17.1
Seq5576_158_bp_1_1_0	ENA|ACT10338|ACT10338.1	26.19	42	31	0	1	42	178	219	6.4	17.4
Seq5576_158_bp_1_1_0	ENA|BAA32018|BAA32018.1	26.83	44	30	3	1	44	178	218	6.9	17.9
Seq5576_158_bp_1_1_0	ENA|AAB66912|AAB66912.1	58.33	12	5	0	2	13	784	795	7	18.5
Seq5576_158_bp_1_1_0	ENA|AAQ92751|AAQ92751.2	31.91	51	32	4	1	50	79	126	7	19.1
Seq5576_158_bp_1_2_0	ENA|BAA32956|BAA32956.1	34.78	24	15	1	8	30	78	101	0.043	23.0
Seq5576_158_bp_1_2_0	ENA|BAA32956|BAA32956.1	23.08	26	20	0	5	30	130	155	0.58	19.3
Seq5576_158_bp_1_2_0	ENA|AAB26998|AAB26998.1	72.73	11	3	0	19	29	4	14	0.076	20.8
Seq5576_158_bp_1_2_0	ENA|CAA26023|CAA26023.1	34.78	23	15	0	8	30	18	40	0.17	21.9
Seq5576_158_bp_1_2_0	ENA|CAA26023|CAA26023.1	20.00	25	20	0	6	30	47	71	0.48	20.4
Seq5576_158_bp_1_2_0	ENA|CAA26939|CAA26939.1	31.58	19	13	0	2	20	347	365	0.2	22.3
Seq5576_158_bp_1_2_0	ENA|AAC49865|AAC49865.1	38.10	26	13	5	5	30	28	48	0.32	20.8
Seq5576_158_bp_1_2_0	ENA|AAA25966|AAA25966.1	58.33	12	5	0	9	20	279	290	0.7	20.8
Seq5576_158_bp_1_2_0	ENA|ABN10845|ABN10845.1	33.33	26	16	2	5	30	56	79	1	18.5
Seq5576_158_bp_1_2_0	ENA|AAC97205|AAC97205.1	32.14	29	19	1	3	30	607	635	1.5	20.4
Seq5576_158_bp_1_2_0	ENA|ABD49687|ABD49687.1	42.86	23	12	2	8	30	565	585	1.7	20.8
Seq5576_158_bp_1_2_0	ENA|ACH70901|ACH70901.1	25.00	25	18	1	5	29	191	214	3.5	17.4
Seq5576_158_bp_1_2_0	ENA|AAA36114|AAA36114.1	36.36	24	14	2	5	26	460	483	3.9	17.7
Seq5576_158_bp_1_2_0	ENA|AAB96524|AAB96524.1	31.58	19	13	0	6	24	62	80	4	16.2
Seq5576_158_bp_1_2_0	ENA|CAA29968|CAA29968.1	40.74	33	16	6	3	30	55	86	4.2	16.2
Seq5576_158_bp_1_2_0	ENA|AAB66912|AAB66912.1	40.00	20	12	0	9	28	412	431	4.2	18.5
Seq5576_158_bp_1_2_0	ENA|AAC26660|AAC26660.1	41.67	12	7	0	13	24	219	230	4.2	16.6
Seq5576_158_bp_1_2_0	ENA|AAI27517|AAI27517.1	37.50	17	10	1	2	18	382	397	4.4	17.7
Seq5576_158_bp_1_2_0	ENA|CAA28033|CAA28033.1	28.57	14	10	0	4	17	42	55	4.5	18.9
Seq5576_158_bp_1_2_0	ENA|BAB17681|BAB17681.1	16.67	12	10	0	18	29	12	23	4.5	16.6
Seq5576_158_bp_1_2_0	ENA|CAA45199|CAA45199.1	29.41	17	12	0	4	20	146	162	4.6	17.4
Seq5576_158_bp_1_2_0	ENA|ABK71357|ABK71357.1	50.00	23	8	7	4	19	350	372	4.7	17.0
Seq5576_158_bp_1_2_0	ENA|AAR37016|AAR37016.1	24.00	26	19	1	5	30	204	228	4.8	19.6
Seq5576_158_bp_1_2_0	ENA|AAR31603|AAR31603.1	43.75	17	9	1	9	25	250	265	5.4	16.6
Seq5576_158_bp_1_2_0	ENA|AAA72732|AAA72732.1	52.94	20	8	3	13	29	206	225	6.5	16.2
Seq5576_158_bp_1_2_0	ENA|CAA36714|CAA36714.1	46.67	17	8	2	13	27	222	238	7.5	16.6
Seq5576_158_bp_1_2_0	ENA|AAC40132|AAC40132.1	33.33	22	14	1	3	23	87	108	7.6	16.6
Seq5576_158_bp_1_2_0	ENA|AAB03707|AAB03707.1	38.10	23	13	2	6	28	825	845	7.8	18.1
Seq5576_158_bp_1_2_0	ENA|AAQ92751|AAQ92751.2	63.64	14	4	3	5	15	1085	1098	7.8	18.1
Seq5576_158_bp_1_2_0	ENA|ABD33854|ABD33854.1	38.46	13	8	0	18	30	8	20	8.1	13.6
Seq5576_158_bp_1_2_0	ENA|AAA32624|AAA32624.1	57.14	7	3	0	1	7	509	515	8.3	16.6
Seq5576_158_bp_1_2_0	ENA|BAA32018|BAA32018.1	37.50	24	15	0	7	30	577	600	9.8	16.6
Seq5576_158_bp_1_2_0	ENA|BAA36759|BAA36759.1	29.17	25	17	1	7	30	257	281	9.8	15.5
Seq5576_158_bp_1_2_1	ENA|AAA24145|AAA24145.1	33.33	12	8	0	4	15	13	24	2.3	17.7
Seq5576_158_bp_1_2_1	ENA|AAC78721|AAC78721.1	47.06	19	9	2	2	18	636	654	4.3	17.3
Seq5576_158_bp_1_2_1	ENA|AAB66912|AAB66912.1	31.58	19	13	0	1	19	97	115	4.5	17.7
Seq5576_158_bp_1_2_1	ENA|CCP43727|CCP43727.1	26.32	19	14	0	1	19	72	90	4.9	16.1
Seq5576_158_bp_1_2_1	ENA|CAA26023|CAA26023.1	37.50	8	5	0	1	8	162	169	5.7	16.1
Seq5576_158_bp_1_2_1	ENA|CAL82360|CAL82360.1	23.53	17	13	0	2	18	1012	1028	6.1	17.7
Seq5576_158_bp_1_2_1	ENA|CAA11507|CAA11507.1	25.00	12	9	0	1	12	270	281	6.5	17.7
Seq5576_158_bp_1_2_1	ENA|EDO47375|EDO47375.1	26.32	19	14	0	1	19	2	20	6.5	14.9
Seq5576_158_bp_1_2_1	ENA|CAA29956|CAA29956.1	28.57	14	10	0	3	16	126	139	7.3	15.7
Seq5576_158_bp_1_2_1	ENA|BAB79260|BAB79260.1	42.86	7	4	0	4	10	201	207	8.7	15.7
Seq5576_158_bp_-1_0_0	ENA|AAR37016|AAR37016.1	58.33	19	5	7	3	14	276	294	0.49	21.9
Seq5576_158_bp_-1_0_0	ENA|BAA32991|BAA32991.1	25.00	8	6	0	2	9	22	29	7.7	12.7
Seq5576_158_bp_-1_0_0	ENA|BAA32956|BAA32956.1	66.67	6	2	0	2	7	89	94	8.8	14.1
Seq5576_158_bp_-1_0_1	ENA|ABN10845|ABN10845.1	62.50	8	3	0	10	17	53	60	0.0072	24.8
Seq5576_158_bp_-1_0_1	ENA|AAA32624|AAA32624.1	33.33	12	8	0	6	17	506	517	0.14	21.8
Seq5576_158_bp_-1_0_1	ENA|AAA25966|AAA25966.1	29.41	17	12	0	1	17	486	502	0.48	20.5
Seq5576_158_bp_-1_0_1	ENA|CAA45199|CAA45199.1	33.33	15	10	0	1	15	358	372	0.76	19.2
Seq5576_158_bp_-1_0_1	ENA|AAC97205|AAC97205.1	37.50	16	10	0	2	17	759	774	0.81	20.5
Seq5576_158_bp_-1_0_1	ENA|AAR37016|AAR37016.1	35.71	14	9	0	3	16	953	966	0.85	21.4
Seq5576_158_bp_-1_0_1	ENA|ACH70901|ACH70901.1	50.00	10	5	0	4	13	289	298	1.1	18.3
Seq5576_158_bp_-1_0_1	ENA|BAA32956|BAA32956.1	31.25	16	11	0	1	16	85	100	1.5	17.0
Seq5576_158_bp_-1_0_1	ENA|AAI27517|AAI27517.1	33.33	12	8	0	2	13	11	22	1.7	18.3
Seq5576_158_bp_-1_0_1	ENA|ABD49687|ABD49687.1	41.67	12	7	0	6	17	982	993	2	19.6
Seq5576_158_bp_-1_0_1	ENA|BAA36759|BAA36759.1	42.86	7	4	0	9	15	12	18	2.1	17.0
Seq5576_158_bp_-1_0_1	ENA|AAA18786|AAA18786.1	41.67	12	7	0	1	12	134	145	4.6	15.7
Seq5576_158_bp_-1_0_1	ENA|AAC08817|AAC08817.1	23.53	17	13	0	1	17	13	29	4.9	14.9
Seq5576_158_bp_-1_0_1	ENA|AAB26998|AAB26998.1	37.50	8	5	0	7	14	7	14	5.9	13.6
Seq5576_158_bp_-1_0_1	ENA|CAA29968|CAA29968.1	57.14	7	3	0	1	7	133	139	6	14.9
Seq5576_158_bp_-1_0_1	ENA|ABK71357|ABK71357.1	50.00	4	2	0	14	17	141	144	6.3	15.7
Seq5576_158_bp_-1_0_1	ENA|BAA05866|BAA05866.1	50.00	8	4	0	7	14	225	232	6.9	15.3
Seq5576_158_bp_-1_0_1	ENA|AAA72732|AAA72732.1	36.36	11	7	0	7	17	292	302	7	15.3
Seq5576_158_bp_-1_0_1	ENA|BAA32018|BAA32018.1	80.00	5	1	0	9	13	2	6	7.7	16.2
Seq5576_158_bp_-1_0_1	ENA|CAA36714|CAA36714.1	66.67	3	1	0	14	16	433	435	7.8	15.7
Seq5576_158_bp_-1_0_1	ENA|AAB66912|AAB66912.1	37.50	8	5	0	10	17	450	457	8.5	16.6
Seq5576_158_bp_-1_0_1	ENA|AAR31603|AAR31603.1	25.00	16	12	0	1	16	112	127	9.7	14.9
Seq5576_158_bp_-1_0_1	ENA|CCP43727|CCP43727.1	50.00	4	2	0	14	17	136	139	9.7	14.9
Seq5576_158_bp_-1_0_1	ENA|AAB96524|AAB96524.1	21.43	14	11	0	1	14	121	134	10	14.0
Seq5576_158_bp_-1_1_0	ENA|ABD33854|ABD33854.1	33.33	15	10	0	5	19	47	61	1.1	15.9
Seq5576_158_bp_-1_1_0	ENA|AAR37016|AAR37016.1	28.57	14	10	0	4	17	74	87	3.2	19.6
Seq5576_158_bp_-1_1_0	ENA|AAC26660|AAC26660.1	66.67	6	2	0	2	7	129	134	5.4	15.6
Seq5576_158_bp_-1_1_0	ENA|ACT10338|ACT10338.1	46.15	14	7	1	7	19	119	132	6.5	15.9
Seq5576_158_bp_-1_1_0	ENA|AAA72732|AAA72732.1	41.67	12	7	0	5	16	283	294	7.9	15.3
Seq5576_158_bp_-1_1_0	ENA|ABK71357|ABK71357.1	50.00	10	5	0	8	17	19	28	9.3	15.3
Seq5576_158_bp_-1_1_0	ENA|AAA36539|AAA36539.1	29.41	19	12	2	1	17	72	90	9.6	15.6
Seq5576_158_bp_-1_1_1	ENA|BAA32956|BAA32956.1	35.00	21	13	1	2	22	117	136	1.5	18.0
Seq5576_158_bp_-1_1_1	ENA|BAA36759|BAA36759.1	28.57	21	15	0	4	24	27	47	2	18.0
Seq5576_158_bp_-1_1_1	ENA|BAA32991|BAA32991.1	38.46	13	8	0	17	29	28	40	2.7	15.5
Seq5576_158_bp_-1_1_1	ENA|AAA25966|AAA25966.1	53.33	16	7	1	17	32	444	458	3.9	18.3
Seq5576_158_bp_-1_1_1	ENA|AAC17860|AAC17860.1	23.81	21	16	0	7	27	355	375	4.3	17.4
Seq5576_158_bp_-1_1_1	ENA|ABD33854|ABD33854.1	28.57	23	15	2	4	25	30	51	4.8	14.5
Seq5576_158_bp_-1_1_1	ENA|CAA36714|CAA36714.1	44.44	19	10	1	7	24	412	430	9	16.4
Seq5576_158_bp_-1_2_0	ENA|ABN10845|ABN10845.1	15.79	38	32	0	1	38	71	108	1.3	19.0
Seq5576_158_bp_-1_2_0	ENA|AAC17860|AAC17860.1	35.71	43	27	1	2	43	9	51	2.4	19.0
Seq5576_158_bp_-1_2_0	ENA|AAA72732|AAA72732.1	31.71	46	28	5	6	51	272	312	2.7	18.4
Seq5576_158_bp_-1_2_0	ENA|AAA18786|AAA18786.1	33.33	30	20	0	23	52	8	37	3.4	17.8
Seq5576_158_bp_-1_2_0	ENA|AAC78721|AAC78721.1	31.25	48	33	0	3	50	523	570	9.8	17.5
