Seq5939_134_bp_1_0_0	ENA|CAA26023|CAA26023.1	54.55	11	5	0	19	29	126	136	0.3	21.6
Seq5939_134_bp_1_0_0	ENA|BAB79260|BAB79260.1	55.56	9	4	0	18	26	141	149	1	20.1
Seq5939_134_bp_1_0_0	ENA|ACH70901|ACH70901.1	35.71	14	9	0	1	14	284	297	2.2	18.6
Seq5939_134_bp_1_0_0	ENA|AAB96524|AAB96524.1	66.67	6	2	0	5	10	176	181	2.2	17.7
Seq5939_134_bp_1_0_0	ENA|BAA32956|BAA32956.1	41.67	12	7	0	18	29	124	135	3.5	17.2
Seq5939_134_bp_1_0_0	ENA|AAC97205|AAC97205.1	33.33	9	6	0	36	44	654	662	3.7	19.6
Seq5939_134_bp_1_0_0	ENA|AAR31603|AAR31603.1	66.67	6	2	0	18	23	176	181	3.9	17.7
Seq5939_134_bp_1_0_0	ENA|ABN10845|ABN10845.1	100.00	3	0	0	35	37	108	110	9.6	15.7
Seq5939_134_bp_1_1_0	ENA|AAR37016|AAR37016.1	100.00	44	0	0	1	44	1768	1811	1.4e-37	144.9
Seq5939_134_bp_1_1_0	ENA|AAQ92751|AAQ92751.2	50.00	17	8	1	23	38	909	925	0.028	26.9
Seq5939_134_bp_1_1_0	ENA|AAQ92751|AAQ92751.2	24.14	32	22	3	1	30	421	451	0.51	22.7
Seq5939_134_bp_1_1_0	ENA|AAA36114|AAA36114.1	25.00	12	9	0	29	40	210	221	0.12	23.3
Seq5939_134_bp_1_1_0	ENA|AAC97205|AAC97205.1	41.18	17	10	0	24	40	210	226	0.2	23.9
Seq5939_134_bp_1_1_0	ENA|EDO47375|EDO47375.1	44.44	9	5	0	19	27	167	175	0.24	20.9
Seq5939_134_bp_1_1_0	ENA|CAA26023|CAA26023.1	41.67	12	7	0	24	35	332	343	0.49	20.9
Seq5939_134_bp_1_1_0	ENA|AAB66912|AAB66912.1	31.25	16	11	0	1	16	815	830	0.52	22.1
Seq5939_134_bp_1_1_0	ENA|AAB26998|AAB26998.1	25.00	12	9	0	17	28	54	65	1.8	16.7
Seq5939_134_bp_1_1_0	ENA|BAA36759|BAA36759.1	60.00	5	2	0	19	23	41	45	1.9	18.5
Seq5939_134_bp_1_1_0	ENA|AAA25966|AAA25966.1	54.55	11	5	0	29	39	575	585	2.1	19.7
Seq5939_134_bp_1_1_0	ENA|CCP43727|CCP43727.1	45.45	11	6	0	5	15	155	165	2.2	18.5
Seq5939_134_bp_1_1_0	ENA|AAA42531|AAA42531.1	46.15	13	7	0	11	23	120	132	2.5	18.5
Seq5939_134_bp_1_1_0	ENA|AAA18786|AAA18786.1	41.18	17	10	0	28	44	131	147	4	17.3
Seq5939_134_bp_1_1_0	ENA|BAA05866|BAA05866.1	62.50	8	3	0	2	9	283	290	4.5	17.3
Seq5939_134_bp_1_1_0	ENA|CAA45199|CAA45199.1	37.50	8	5	0	11	18	120	127	4.6	17.9
Seq5939_134_bp_1_1_0	ENA|ACH70901|ACH70901.1	44.44	9	5	0	7	15	187	195	5.3	17.3
Seq5939_134_bp_1_1_0	ENA|CAA11507|CAA11507.1	66.67	9	3	0	24	32	257	265	5.7	19.1
Seq5939_134_bp_1_1_0	ENA|AAF79734|AAF79734.1	43.75	20	9	4	19	38	938	953	6.1	19.1
Seq5939_134_bp_1_1_0	ENA|CAA45708|CAA45708.1	37.50	31	15	7	11	39	234	259	6.4	19.1
Seq5939_134_bp_1_1_0	ENA|AAA24145|AAA24145.1	46.67	16	8	1	1	16	98	112	6.7	17.3
Seq5939_134_bp_1_1_0	ENA|CAA24711|CAA24711.1	50.00	6	3	0	33	38	71	76	8.5	15.5
Seq5939_134_bp_1_1_0	ENA|AAB03707|AAB03707.1	85.71	7	1	0	24	30	241	247	8.6	18.5
Seq5939_134_bp_1_1_0	ENA|CAA73529|CAA73529.1	33.33	9	6	0	13	21	185	193	8.9	16.1
Seq5939_134_bp_1_1_0	ENA|AAS77176|AAS77176.1	36.36	11	7	0	30	40	220	230	9.3	16.1
Seq5939_134_bp_1_1_0	ENA|CAA36714|CAA36714.1	30.77	13	9	0	26	38	298	310	9.9	16.7
Seq5939_134_bp_1_2_0	ENA|BAA32956|BAA32956.1	36.36	11	7	0	27	37	106	116	0.42	20.3
Seq5939_134_bp_1_2_0	ENA|AAC08817|AAC08817.1	46.15	13	7	0	14	26	132	144	0.73	19.0
Seq5939_134_bp_1_2_0	ENA|CAA45708|CAA45708.1	31.25	16	11	0	4	19	1181	1196	0.83	22.1
Seq5939_134_bp_1_2_0	ENA|AAS77176|AAS77176.1	71.43	7	2	0	21	27	120	126	1.3	19.0
Seq5939_134_bp_1_2_0	ENA|AAA18786|AAA18786.1	50.00	10	5	0	35	44	76	85	1.9	18.4
Seq5939_134_bp_1_2_0	ENA|BAB79260|BAB79260.1	44.44	9	5	0	18	26	289	297	2.1	19.0
Seq5939_134_bp_1_2_0	ENA|ABD49687|ABD49687.1	60.00	10	4	0	25	34	814	823	2.2	20.9
Seq5939_134_bp_1_2_0	ENA|AAR31603|AAR31603.1	25.00	24	18	0	19	42	243	266	2.3	18.4
Seq5939_134_bp_1_2_0	ENA|CCP43727|CCP43727.1	30.77	13	9	0	8	20	254	266	2.3	18.4
Seq5939_134_bp_1_2_0	ENA|BAA05866|BAA05866.1	36.36	11	7	0	4	14	202	212	3.3	17.8
Seq5939_134_bp_1_2_0	ENA|ACH70901|ACH70901.1	31.25	16	11	0	19	34	113	128	3.9	17.8
Seq5939_134_bp_1_2_0	ENA|AAI27517|AAI27517.1	44.44	9	5	0	19	27	13	21	4.1	18.4
Seq5939_134_bp_1_2_0	ENA|AAB66912|AAB66912.1	44.44	9	5	0	34	42	60	68	4.2	19.0
Seq5939_134_bp_1_2_0	ENA|AAA24145|AAA24145.1	53.85	14	6	1	3	15	395	408	4.9	17.8
Seq5939_134_bp_1_2_0	ENA|CAL82360|CAL82360.1	53.33	15	7	0	30	44	1274	1288	5.8	19.0
Seq5939_134_bp_1_2_0	ENA|ABK71357|ABK71357.1	42.86	7	4	0	34	40	36	42	6	17.2
Seq5939_134_bp_1_2_0	ENA|BAA32991|BAA32991.1	40.00	10	6	0	17	26	49	58	6.2	14.7
Seq5939_134_bp_1_2_0	ENA|AAB96524|AAB96524.1	66.67	6	2	0	30	35	7	12	7.1	15.9
Seq5939_134_bp_1_2_0	ENA|CAB75732|CAB75732.1	83.33	6	1	0	1	6	1113	1118	7.8	18.4
Seq5939_134_bp_1_2_0	ENA|CAD53387|CAD53387.1	41.67	12	7	0	18	29	456	467	8	17.2
Seq5939_134_bp_1_2_0	ENA|AAA32624|AAA32624.1	71.43	7	2	0	34	40	371	377	8.3	17.2
Seq5939_134_bp_1_2_0	ENA|AAB03707|AAB03707.1	40.00	10	6	0	32	41	834	843	9.2	18.4
Seq5939_134_bp_1_2_0	ENA|CAA26023|CAA26023.1	36.36	11	7	0	1	11	301	311	9.3	16.5
Seq5939_134_bp_-1_0_0	ENA|BAA32956|BAA32956.1	43.75	16	9	0	21	36	180	195	0.08	22.7
Seq5939_134_bp_-1_0_0	ENA|AAC08817|AAC08817.1	44.44	9	5	0	27	35	77	85	0.32	20.2
Seq5939_134_bp_-1_0_0	ENA|CAD53387|CAD53387.1	62.50	8	3	0	35	42	44	51	0.53	21.2
Seq5939_134_bp_-1_0_0	ENA|CAD53387|CAD53387.1	62.50	8	3	0	35	42	110	117	0.53	21.2
Seq5939_134_bp_-1_0_0	ENA|CAD53387|CAD53387.1	62.50	8	3	0	35	42	176	183	0.53	21.2
Seq5939_134_bp_-1_0_0	ENA|CAD53387|CAD53387.1	62.50	8	3	0	35	42	242	249	0.53	21.2
Seq5939_134_bp_-1_0_0	ENA|CAD53387|CAD53387.1	62.50	8	3	0	35	42	308	315	0.53	21.2
Seq5939_134_bp_-1_0_0	ENA|CAD53387|CAD53387.1	62.50	8	3	0	35	42	374	381	0.53	21.2
Seq5939_134_bp_-1_0_0	ENA|CAD53387|CAD53387.1	62.50	8	3	0	35	42	440	447	0.53	21.2
Seq5939_134_bp_-1_0_0	ENA|ABD33854|ABD33854.1	60.00	5	2	0	40	44	4	8	2.7	15.8
Seq5939_134_bp_-1_0_0	ENA|AAA18786|AAA18786.1	50.00	8	4	0	10	17	182	189	2.9	17.8
Seq5939_134_bp_-1_0_0	ENA|CAA45199|CAA45199.1	42.86	7	4	0	10	16	209	215	3.6	18.3
Seq5939_134_bp_-1_0_0	ENA|CAA36714|CAA36714.1	50.00	8	4	0	27	34	449	456	5	17.8
Seq5939_134_bp_-1_0_0	ENA|ACH70901|ACH70901.1	40.00	10	6	0	35	44	56	65	5.4	17.3
Seq5939_134_bp_-1_0_0	ENA|AAA32624|AAA32624.1	80.00	5	1	0	7	11	118	122	5.6	17.8
Seq5939_134_bp_-1_0_0	ENA|ABN10845|ABN10845.1	75.00	4	1	0	23	26	107	110	6.3	16.3
Seq5939_134_bp_-1_0_0	ENA|AAA25966|AAA25966.1	75.00	4	1	0	22	25	321	324	7.6	17.8
Seq5939_134_bp_-1_0_0	ENA|CAA26023|CAA26023.1	40.00	5	3	0	21	25	161	165	7.9	16.8
Seq5939_134_bp_-1_0_0	ENA|AAI27517|AAI27517.1	40.00	10	6	0	31	40	179	188	8.6	17.3
Seq5939_134_bp_-1_1_0	ENA|AAB66912|AAB66912.1	41.18	18	10	1	15	32	5	21	0.094	24.6
Seq5939_134_bp_-1_1_0	ENA|ABD33854|ABD33854.1	60.00	11	4	1	6	15	36	46	0.15	20.0
Seq5939_134_bp_-1_1_0	ENA|BAA05866|BAA05866.1	44.44	9	5	0	7	15	226	234	0.33	21.2
Seq5939_134_bp_-1_1_0	ENA|AAC97205|AAC97205.1	42.86	14	8	0	17	30	663	676	0.41	22.9
Seq5939_134_bp_-1_1_0	ENA|AAS77176|AAS77176.1	33.33	12	8	0	1	12	156	167	0.46	20.6
Seq5939_134_bp_-1_1_0	ENA|CAA26939|CAA26939.1	25.00	21	15	1	14	33	243	263	0.62	21.2
Seq5939_134_bp_-1_1_0	ENA|AAB03707|AAB03707.1	46.67	20	8	5	1	17	630	647	0.67	22.3
Seq5939_134_bp_-1_1_0	ENA|AAC40132|AAC40132.1	57.14	7	3	0	32	38	372	378	0.76	20.6
Seq5939_134_bp_-1_1_0	ENA|AAB96524|AAB96524.1	33.33	13	8	1	8	19	52	64	0.97	18.9
Seq5939_134_bp_-1_1_0	ENA|BAA32018|BAA32018.1	37.50	8	5	0	5	12	355	362	1	20.6
Seq5939_134_bp_-1_1_0	ENA|AAQ92751|AAQ92751.2	50.00	10	5	0	3	12	281	290	1	21.7
Seq5939_134_bp_-1_1_0	ENA|AAF79734|AAF79734.1	38.46	14	8	1	2	15	741	753	1.6	21.2
Seq5939_134_bp_-1_1_0	ENA|AAC78721|AAC78721.1	37.50	8	5	0	7	14	499	506	2.3	19.4
Seq5939_134_bp_-1_1_0	ENA|ABK71357|ABK71357.1	38.89	19	11	1	7	24	192	210	2.8	18.3
Seq5939_134_bp_-1_1_0	ENA|CAA29956|CAA29956.1	80.00	5	1	0	15	19	282	286	2.9	18.3
Seq5939_134_bp_-1_1_0	ENA|BAA36759|BAA36759.1	38.89	20	11	2	9	27	267	285	3.3	17.7
Seq5939_134_bp_-1_1_0	ENA|AAA24145|AAA24145.1	66.67	6	2	0	34	39	362	367	3.5	18.3
Seq5939_134_bp_-1_1_0	ENA|AAC49865|AAC49865.1	26.32	19	14	0	9	27	273	291	3.7	17.7
Seq5939_134_bp_-1_1_0	ENA|AAC08817|AAC08817.1	50.00	8	4	0	30	37	86	93	3.9	16.6
Seq5939_134_bp_-1_1_0	ENA|CAA73529|CAA73529.1	50.00	10	5	0	2	11	50	59	4.6	17.2
Seq5939_134_bp_-1_1_0	ENA|AAA72732|AAA72732.1	42.86	7	4	0	17	23	225	231	5.2	17.2
Seq5939_134_bp_-1_1_0	ENA|BAA32991|BAA32991.1	66.67	3	1	0	40	42	31	33	5.5	14.9
Seq5939_134_bp_-1_1_0	ENA|AAA32624|AAA32624.1	28.57	22	15	1	14	34	195	216	5.8	17.7
Seq5939_134_bp_-1_1_0	ENA|CAL82360|CAL82360.1	55.56	9	4	0	1	9	985	993	6.4	18.9
Seq5939_134_bp_-1_1_0	ENA|CAA36214|CAA36214.1	55.56	9	4	0	20	28	62	70	7.3	16.6
Seq5939_134_bp_-1_1_0	ENA|BAB79260|BAB79260.1	31.25	16	11	0	25	40	306	321	7.3	17.2
Seq5939_134_bp_-1_1_0	ENA|AAA36539|AAA36539.1	40.00	10	6	0	6	15	431	440	7.7	17.2
Seq5939_134_bp_-1_1_0	ENA|ABN10845|ABN10845.1	30.77	13	9	0	8	20	14	26	7.7	16.0
Seq5939_134_bp_-1_1_0	ENA|AAC26660|AAC26660.1	75.00	4	1	0	10	13	214	217	9	16.0
Seq5939_134_bp_-1_1_0	ENA|AAB26998|AAB26998.1	100.00	3	0	0	42	44	52	54	9	14.3
Seq5939_134_bp_-1_1_0	ENA|AAA42531|AAA42531.1	75.00	4	1	0	1	4	61	64	9.2	16.6
Seq5939_134_bp_-1_2_0	ENA|CCP43727|CCP43727.1	50.00	12	6	0	31	42	297	308	0.42	20.9
Seq5939_134_bp_-1_2_0	ENA|CAD53387|CAD53387.1	45.45	24	12	2	18	39	20	43	0.64	20.9
Seq5939_134_bp_-1_2_0	ENA|CAD53387|CAD53387.1	45.45	24	12	2	18	39	86	109	0.64	20.9
Seq5939_134_bp_-1_2_0	ENA|CAD53387|CAD53387.1	45.45	24	12	2	18	39	152	175	0.64	20.9
Seq5939_134_bp_-1_2_0	ENA|CAD53387|CAD53387.1	45.45	24	12	2	18	39	218	241	0.64	20.9
Seq5939_134_bp_-1_2_0	ENA|CAD53387|CAD53387.1	45.45	24	12	2	18	39	284	307	0.64	20.9
Seq5939_134_bp_-1_2_0	ENA|CAD53387|CAD53387.1	45.45	24	12	2	18	39	350	373	0.64	20.9
Seq5939_134_bp_-1_2_0	ENA|CAD53387|CAD53387.1	45.45	24	12	2	18	39	416	439	0.64	20.9
Seq5939_134_bp_-1_2_0	ENA|AAR31603|AAR31603.1	37.50	16	10	0	9	24	296	311	1.5	19.1
Seq5939_134_bp_-1_2_0	ENA|CAA36214|CAA36214.1	66.67	9	3	0	34	42	227	235	2.1	18.5
Seq5939_134_bp_-1_2_0	ENA|AAC08817|AAC08817.1	29.17	24	17	0	15	38	44	67	2.5	17.2
Seq5939_134_bp_-1_2_0	ENA|AAA18786|AAA18786.1	50.00	8	4	0	5	12	156	163	2.8	17.9
Seq5939_134_bp_-1_2_0	ENA|BAB17681|BAB17681.1	40.00	15	9	0	14	28	158	172	2.8	17.9
Seq5939_134_bp_-1_2_0	ENA|BAA32956|BAA32956.1	55.56	9	4	0	16	24	106	114	3.3	17.2
Seq5939_134_bp_-1_2_0	ENA|AAC97205|AAC97205.1	25.81	31	23	0	4	34	388	418	3.6	19.7
Seq5939_134_bp_-1_2_0	ENA|CAA43419|CAA43419.1	50.00	8	4	0	37	44	209	216	3.8	17.9
Seq5939_134_bp_-1_2_0	ENA|CAA26023|CAA26023.1	25.00	28	21	0	14	41	228	255	3.9	17.9
Seq5939_134_bp_-1_2_0	ENA|AAC17860|AAC17860.1	37.50	16	10	0	22	37	196	211	4.2	17.9
Seq5939_134_bp_-1_2_0	ENA|CAA45708|CAA45708.1	33.33	12	8	0	12	23	929	940	4.4	19.7
Seq5939_134_bp_-1_2_0	ENA|AAR37016|AAR37016.1	35.00	22	13	2	7	26	204	225	4.4	20.3
Seq5939_134_bp_-1_2_0	ENA|EDO47375|EDO47375.1	23.08	26	20	0	9	34	12	37	4.5	16.6
Seq5939_134_bp_-1_2_0	ENA|BAA36759|BAA36759.1	55.56	9	4	0	36	44	150	158	4.5	17.2
Seq5939_134_bp_-1_2_0	ENA|AAA36539|AAA36539.1	50.00	12	6	0	19	30	40	51	4.9	17.9
Seq5939_134_bp_-1_2_0	ENA|CAB75732|CAB75732.1	53.85	13	6	0	30	42	332	344	5.1	19.1
Seq5939_134_bp_-1_2_0	ENA|AAI27517|AAI27517.1	46.67	16	8	1	24	39	350	364	6	17.9
Seq5939_134_bp_-1_2_0	ENA|AAF79734|AAF79734.1	35.29	17	11	0	7	23	140	156	6.3	19.1
Seq5939_134_bp_-1_2_0	ENA|AAA24145|AAA24145.1	55.56	9	4	0	23	31	374	382	7	17.2
Seq5939_134_bp_-1_2_0	ENA|CAA26939|CAA26939.1	28.57	7	5	0	1	7	569	575	8.6	17.2
Seq5939_134_bp_-1_2_0	ENA|AAB66912|AAB66912.1	25.00	24	18	0	13	36	277	300	9.1	17.9
