Seq7703_262_bp_1_0_0	ABD49687.1	100.00	87	0	0	1	87	901	987	2e-37	145.0
Seq7703_262_bp_1_0_0	CAD53387.1	46.43	35	15	7	34	61	444	478	1.2	21.0
Seq7703_262_bp_1_0_0	AAR37016.1	38.10	83	39	20	2	83	468	531	2.7	22.1
Seq7703_262_bp_1_0_0	AAB64315.2	17.86	56	46	0	9	64	147	202	3.3	18.9
Seq7703_262_bp_1_0_0	CAA74140.1	31.25	55	33	7	1	51	612	663	3.9	20.1
Seq7703_262_bp_1_0_0	BAB79260.1	23.46	85	62	4	4	87	187	268	6	18.4
Seq7703_262_bp_1_0_0	AAA24142.1	32.69	68	35	16	25	84	7	66	6.9	18.2
Seq7703_262_bp_1_0_0	AAA25966.1	32.79	73	41	12	20	83	479	548	7.1	18.9
Seq7703_262_bp_1_0_0	AAX84812.1	22.06	80	53	12	6	83	137	206	7.3	17.2
Seq7703_262_bp_1_0_0	AAI27517.1	33.33	63	34	12	6	60	144	202	7.7	18.4
Seq7703_262_bp_1_0_0	AAA32376.1	22.50	85	62	5	3	83	9	92	8.4	16.5
Seq7703_262_bp_1_1_0	BAA32956.1	47.06	17	9	0	4	20	182	198	0.13	21.2
Seq7703_262_bp_1_1_0	CAD53387.1	61.54	16	5	3	7	22	465	477	0.95	19.5
Seq7703_262_bp_1_1_0	AAB26998.1	70.00	11	3	1	5	14	33	43	1.8	15.9
Seq7703_262_bp_1_1_0	AAA45888.1	36.84	19	12	0	7	25	10	28	1.8	18.2
Seq7703_262_bp_1_1_0	AAA26915.1	50.00	13	6	1	14	25	447	459	3.3	17.6
Seq7703_262_bp_1_1_0	AAI27517.1	47.06	21	9	4	7	23	521	541	3.4	17.9
Seq7703_262_bp_1_1_0	AAA42531.1	24.00	25	19	0	1	25	104	128	3.5	17.2
Seq7703_262_bp_1_1_0	AAA18786.1	40.00	24	12	4	2	25	73	92	3.7	16.6
Seq7703_262_bp_1_1_0	AAX84812.1	50.00	11	5	1	13	22	182	192	9.5	15.0
Seq7703_262_bp_1_1_1	AAF01122.1	54.55	11	5	0	5	15	282	292	0.06	23.2
Seq7703_262_bp_1_1_1	AAA23282.1	66.67	9	3	0	13	21	373	381	0.6	20.4
Seq7703_262_bp_1_1_1	AAA25966.1	36.36	26	14	4	2	23	479	504	1.2	19.8
Seq7703_262_bp_1_1_1	ABK71357.1	62.50	21	6	5	4	24	190	205	1.7	18.3
Seq7703_262_bp_1_1_1	CAA74140.1	56.25	19	7	3	8	24	583	600	3.4	18.6
Seq7703_262_bp_1_1_1	AAB96524.1	47.83	32	12	9	4	26	121	152	4.4	15.9
Seq7703_262_bp_1_1_1	AAX84812.1	55.56	9	4	0	7	15	161	169	4.5	16.2
Seq7703_262_bp_1_1_1	CAA73529.1	31.82	24	15	2	1	22	25	48	6.4	15.9
Seq7703_262_bp_1_1_1	BAA32956.1	40.91	24	13	2	1	22	180	203	7.4	15.3
Seq7703_262_bp_1_1_1	CAA43372.1	31.25	16	11	0	10	25	31	46	7.7	16.2
Seq7703_262_bp_1_1_2	AAI27517.1	52.17	26	11	3	1	24	402	426	0.02	25.4
Seq7703_262_bp_1_1_2	BAA32956.1	46.67	16	8	1	2	16	85	100	1.8	17.4
Seq7703_262_bp_1_1_2	CAA73529.1	28.00	27	18	2	2	26	241	267	2.3	17.4
Seq7703_262_bp_1_1_2	AAA36565.1	45.45	15	6	4	14	24	69	83	2.8	16.4
Seq7703_262_bp_1_1_2	AAR37016.1	36.84	19	12	0	6	24	1758	1776	3.6	19.9
Seq7703_262_bp_1_1_2	CAA45199.1	53.85	16	6	3	13	25	162	177	4.9	17.1
Seq7703_262_bp_1_1_2	ABD49687.1	34.78	24	15	1	3	26	688	710	5.3	18.8
Seq7703_262_bp_1_1_2	CAA26230.1	37.50	19	10	3	2	20	327	342	5.7	17.1
Seq7703_262_bp_1_1_2	CAA11507.1	24.00	25	19	0	2	26	8	32	6.7	18.1
Seq7703_262_bp_1_1_2	CAA43372.1	36.36	24	14	2	1	24	264	285	6.8	16.4
Seq7703_262_bp_1_1_2	CAA74140.1	46.15	35	14	9	1	26	488	522	7.4	17.4
Seq7703_262_bp_1_1_2	AAC97205.1	41.67	12	7	0	14	25	557	568	7.7	17.8
Seq7703_262_bp_1_1_2	AAH69556.1	58.33	12	5	0	2	13	84	95	8	15.7
Seq7703_262_bp_1_1_2	ACH70904.1	31.58	21	13	2	2	22	134	152	9.3	15.7
Seq7703_262_bp_1_1_2	ABK71357.1	27.27	22	16	0	2	23	338	359	9.6	15.7
Seq7703_262_bp_1_1_2	BAA32018.1	46.67	17	8	2	7	23	161	175	10	16.4
Seq7703_262_bp_1_1_2	ACT10338.1	33.33	24	14	3	2	22	10	33	10	15.7
Seq7703_262_bp_1_2_0	AAA45888.1	32.05	93	53	15	1	82	217	305	0.53	21.8
Seq7703_262_bp_1_2_0	CAD53387.1	24.66	77	55	4	3	79	10	82	1.2	20.9
Seq7703_262_bp_1_2_0	AAI27517.1	28.00	85	54	10	3	79	373	455	1.4	20.9
Seq7703_262_bp_1_2_0	ABK71357.1	40.54	97	44	23	6	84	12	103	2.8	19.3
Seq7703_262_bp_1_2_0	AEE27845.1	34.38	73	42	9	2	65	108	180	3.8	20.7
Seq7703_262_bp_1_2_0	AAQ92751.2	32.73	58	37	3	4	59	787	843	5	20.3
Seq7703_262_bp_1_2_0	AAF01122.1	27.08	49	35	1	8	56	29	76	5.6	18.3
Seq7703_262_bp_1_2_0	AAA23282.1	40.74	30	16	3	58	85	468	496	9.4	18.1
Seq7703_262_bp_1_2_0	BAA32991.1	35.71	31	18	3	58	86	1	30	9.5	15.0
Seq7703_262_bp_-1_0_0	AAI27517.1	29.31	69	41	11	7	73	483	542	0.96	21.5
Seq7703_262_bp_-1_0_0	AAR31603.1	33.33	68	38	11	10	74	249	308	1.4	20.1
Seq7703_262_bp_-1_0_0	ACT10338.1	23.91	50	35	4	7	52	91	140	1.9	19.9
Seq7703_262_bp_-1_0_0	ABK71357.1	33.33	71	40	11	14	83	149	209	2	19.7
Seq7703_262_bp_-1_0_0	AIR13712.1	34.38	76	42	12	14	79	73	146	3.1	18.9
Seq7703_262_bp_-1_0_0	AAA32624.1	23.44	69	49	5	8	71	51	119	4.2	19.1
Seq7703_262_bp_-1_0_0	AAQ92751.2	24.64	78	52	9	8	82	1175	1246	4.3	20.5
Seq7703_262_bp_-1_0_0	AAC97205.1	28.85	58	37	6	26	79	616	671	4.4	20.3
Seq7703_262_bp_-1_0_0	AAB03707.1	33.33	62	38	5	6	65	365	423	4.9	20.3
Seq7703_262_bp_-1_0_0	ABD49687.1	34.09	46	29	2	21	65	106	150	6	20.3
Seq7703_262_bp_-1_0_0	BAB79260.1	46.43	30	15	2	41	68	154	183	7	18.1
Seq7703_262_bp_-1_0_0	BAB17681.1	36.54	64	33	12	18	71	60	121	7.2	17.4
Seq7703_262_bp_-1_1_0	BAB70780.1	47.62	26	11	5	3	26	295	317	0.12	22.6
Seq7703_262_bp_-1_1_0	BAA32991.1	36.36	23	14	1	3	24	37	59	0.12	19.7
Seq7703_262_bp_-1_1_0	BAA32991.1	42.86	19	8	5	10	24	6	23	0.54	17.5
Seq7703_262_bp_-1_1_0	AAA36565.1	54.55	13	5	2	1	13	154	164	0.29	19.7
Seq7703_262_bp_-1_1_0	AAA36565.1	71.43	8	2	1	11	18	77	83	0.79	18.3
Seq7703_262_bp_-1_1_0	AAA45888.1	38.89	18	11	0	9	26	274	291	0.32	20.8
Seq7703_262_bp_-1_1_0	AAA45888.1	36.84	19	12	0	8	26	246	264	0.53	20.1
Seq7703_262_bp_-1_1_0	AEE27845.1	32.00	26	17	1	1	25	1316	1341	0.33	22.6
Seq7703_262_bp_-1_1_0	BAB17681.1	33.33	12	8	0	10	21	174	185	0.48	19.7
Seq7703_262_bp_-1_1_0	ABL74574.1	29.41	19	12	2	1	18	106	123	0.51	19.7
Seq7703_262_bp_-1_1_0	AAA42531.1	58.33	14	5	2	2	13	293	306	0.53	20.1
Seq7703_262_bp_-1_1_0	CAA73529.1	53.33	17	7	2	4	20	237	251	0.79	19.0
Seq7703_262_bp_-1_1_0	AAI27517.1	33.33	26	14	5	1	26	380	400	0.81	20.1
Seq7703_262_bp_-1_1_0	AAR37016.1	71.43	7	2	0	7	13	1257	1263	0.92	21.9
Seq7703_262_bp_-1_1_0	AAB26998.1	33.33	20	12	2	6	25	20	37	1	16.8
Seq7703_262_bp_-1_1_0	ACH70904.1	37.50	16	10	0	1	16	134	149	1	19.0
Seq7703_262_bp_-1_1_0	ACT10338.1	87.50	11	1	3	4	11	157	167	1.1	19.0
Seq7703_262_bp_-1_1_0	CAA26230.1	33.33	21	14	0	3	23	107	127	1.3	19.3
Seq7703_262_bp_-1_1_0	ABD33854.1	87.50	16	1	8	10	25	47	54	1.3	16.1
Seq7703_262_bp_-1_1_0	ABD49687.1	41.18	26	10	9	10	26	502	527	1.4	20.8
Seq7703_262_bp_-1_1_0	CAA04196.1	23.53	17	13	0	6	22	370	386	2	18.3
Seq7703_262_bp_-1_1_0	AAA23282.1	45.45	11	6	0	12	22	350	360	2.1	18.6
Seq7703_262_bp_-1_1_0	ABN10845.1	33.33	27	16	3	3	26	146	172	2.2	17.2
Seq7703_262_bp_-1_1_0	BAA32018.1	36.00	27	16	2	1	25	539	565	2.3	18.6
Seq7703_262_bp_-1_1_0	AAB64315.2	30.77	13	9	0	1	13	57	69	2.5	17.5
Seq7703_262_bp_-1_1_0	CAA45199.1	54.55	12	5	1	13	24	449	459	2.8	17.9
Seq7703_262_bp_-1_1_0	AAH69556.1	38.10	23	13	2	5	25	140	162	3	17.2
Seq7703_262_bp_-1_1_0	AAC97205.1	40.00	16	9	1	7	21	279	294	3.5	19.0
Seq7703_262_bp_-1_1_0	BAA32956.1	50.00	8	4	0	19	26	72	79	4.3	16.1
Seq7703_262_bp_-1_1_0	AAX12058.1	23.81	21	16	0	1	21	88	108	5.6	16.1
Seq7703_262_bp_-1_1_0	AAA32624.1	33.33	18	12	0	4	21	26	43	6.4	16.8
Seq7703_262_bp_-1_1_0	AAR31603.1	62.50	9	3	1	11	19	86	93	6.6	16.1
Seq7703_262_bp_-1_1_0	ABG75784.1	46.15	14	7	1	5	18	118	130	8	15.7
Seq7703_262_bp_-1_1_0	CAA74140.1	23.08	28	20	2	1	26	486	513	8.8	17.2
Seq7703_262_bp_-1_1_0	ABK71357.1	66.67	11	3	2	15	25	303	311	9.4	15.7
Seq7703_262_bp_-1_1_0	EDO47375.1	60.00	5	2	0	7	11	173	177	10	14.6
Seq7703_262_bp_-1_1_1	AAA65607.1	52.63	20	9	1	2	21	179	197	1.7	18.2
Seq7703_262_bp_-1_1_1	AAR31603.1	37.50	27	15	3	1	26	49	73	2.5	17.6
Seq7703_262_bp_-1_1_1	CAA26230.1	38.10	21	13	0	6	26	282	302	3.3	17.9
Seq7703_262_bp_-1_1_1	BAA32018.1	41.18	17	10	0	4	20	611	627	4.6	17.6
Seq7703_262_bp_-1_1_1	BAA32956.1	54.55	14	5	3	10	23	79	89	4.9	15.9
Seq7703_262_bp_-1_1_1	AAA24142.1	60.00	19	6	4	1	18	395	410	5.3	16.9
Seq7703_262_bp_-1_1_1	ACT10338.1	23.08	26	20	0	1	26	9	34	5.7	16.6
Seq7703_262_bp_-1_1_1	AAA32624.1	46.15	13	7	0	14	26	98	110	6.1	16.9
Seq7703_262_bp_-1_1_1	AAC78721.1	44.44	18	10	0	3	20	574	591	6.2	17.2
Seq7703_262_bp_-1_1_1	CAA73529.1	31.58	19	13	0	3	21	27	45	6.3	15.9
Seq7703_262_bp_-1_1_1	AAX12058.1	40.00	10	6	0	5	14	162	171	7.9	15.6
Seq7703_262_bp_-1_1_1	AAA45888.1	53.85	14	6	1	11	23	224	237	8.7	15.9
Seq7703_262_bp_-1_1_1	AIR13712.1	26.32	19	14	0	7	25	93	111	9.3	15.6
Seq7703_262_bp_-1_1_1	CAA04196.1	58.33	12	5	0	13	24	286	297	9.4	15.9
Seq7703_262_bp_-1_1_2	ABD49687.1	42.86	21	12	0	3	23	527	547	0.38	22.6
Seq7703_262_bp_-1_1_2	AII71783.1	50.00	16	8	0	7	22	159	174	1	18.7
Seq7703_262_bp_-1_1_2	ABL74574.1	55.56	9	4	0	15	23	146	154	1.9	17.7
Seq7703_262_bp_-1_1_2	BAB17681.1	42.86	24	12	3	1	24	251	271	4.3	16.4
Seq7703_262_bp_-1_1_2	AAA25966.1	50.00	10	5	0	13	22	146	155	4.6	17.7
Seq7703_262_bp_-1_1_2	AIR13712.1	62.50	8	3	0	14	21	183	190	5.1	16.4
Seq7703_262_bp_-1_1_2	AAA45888.1	50.00	20	9	2	8	25	237	256	5.9	16.4
Seq7703_262_bp_-1_1_2	AAA36565.1	17.65	17	14	0	2	18	7	23	6.3	15.1
Seq7703_262_bp_-1_1_2	AAA42531.1	37.50	17	10	1	3	18	280	296	7.4	16.1
Seq7703_262_bp_-1_1_2	CAA04196.1	30.00	20	14	0	4	23	57	76	7.9	16.1
Seq7703_262_bp_-1_1_2	AAC78721.1	28.57	21	15	0	3	23	166	186	8.1	16.8
Seq7703_262_bp_-1_2_0	AAH69556.1	35.71	72	36	16	11	78	241	300	0.3	22.3
Seq7703_262_bp_-1_2_0	ABK71357.1	27.78	78	52	6	8	85	126	197	0.31	22.5
Seq7703_262_bp_-1_2_0	ABK71357.1	28.57	68	40	12	26	85	303	366	0.83	21.1
Seq7703_262_bp_-1_2_0	AAA42531.1	24.66	79	55	6	12	86	230	306	0.73	21.3
Seq7703_262_bp_-1_2_0	AAF01122.1	23.94	79	54	8	4	82	71	141	0.98	20.8
Seq7703_262_bp_-1_2_0	AAA65607.1	29.85	81	47	14	5	81	118	188	1.8	19.9
Seq7703_262_bp_-1_2_0	AAA36565.1	38.24	45	21	11	20	56	40	81	1.9	18.7
Seq7703_262_bp_-1_2_0	AEE27845.1	33.33	64	32	16	13	64	1003	1062	1.9	21.8
Seq7703_262_bp_-1_2_0	AAR37016.1	28.57	60	40	4	23	82	1106	1161	2	22.5
Seq7703_262_bp_-1_2_0	CAA73529.1	24.53	58	40	5	1	55	217	272	2.2	19.2
Seq7703_262_bp_-1_2_0	ABS38337.1	21.82	55	43	0	16	70	1230	1284	2.4	21.3
Seq7703_262_bp_-1_2_0	AII71783.1	32.10	98	55	17	1	84	81	175	2.5	19.2
Seq7703_262_bp_-1_2_0	BAA32018.1	25.00	61	45	1	1	61	333	392	2.6	20.1
Seq7703_262_bp_-1_2_0	ABN10845.1	37.78	57	28	12	24	77	68	115	2.9	18.5
Seq7703_262_bp_-1_2_0	AAI27517.1	27.94	82	49	14	4	85	509	576	2.9	19.9
Seq7703_262_bp_-1_2_0	BAA32956.1	29.23	78	46	13	11	84	118	186	3.3	18.2
Seq7703_262_bp_-1_2_0	CAA74140.1	29.17	87	51	15	2	84	446	521	3.3	20.4
Seq7703_262_bp_-1_2_0	ACH70904.1	36.36	40	21	7	4	36	304	343	4	18.7
Seq7703_262_bp_-1_2_0	AAC97205.1	45.71	48	19	13	27	61	410	457	4.4	20.4
Seq7703_262_bp_-1_2_0	ABD33854.1	22.73	46	34	2	11	56	20	63	5	15.9
Seq7703_262_bp_-1_2_0	ABD49687.1	35.29	65	33	14	32	84	893	955	6	20.4
Seq7703_262_bp_-1_2_0	CAA43372.1	26.09	80	51	11	5	81	236	307	6.2	18.2
Seq7703_262_bp_-1_2_0	BAA32991.1	42.31	37	15	11	31	66	34	60	7.3	15.4
Seq7703_262_bp_-1_2_0	AAC08817.1	45.45	25	12	3	58	79	95	119	7.6	16.6
Seq7703_262_bp_-1_2_0	CAA04196.1	32.50	46	27	6	41	84	342	383	8.5	17.8
