Seq7714_213_bp_1_0_0	ENA|ABG75784|ABG75784.1	43.75	16	9	0	1	16	229	244	2.6	16.9
Seq7714_213_bp_1_0_0	ENA|AAA36114|AAA36114.1	37.50	16	10	0	1	16	228	243	6.7	16.2
Seq7714_213_bp_1_0_0	ENA|AAA25966|AAA25966.1	41.67	12	7	0	3	14	431	442	7.3	16.5
Seq7714_213_bp_1_0_1	ENA|BAA32956|BAA32956.1	34.62	26	17	0	17	42	183	208	0.98	19.2
Seq7714_213_bp_1_0_1	ENA|AAR31603|AAR31603.1	32.50	44	27	4	4	47	230	269	3	18.2
Seq7714_213_bp_1_0_1	ENA|AAI27517|AAI27517.1	40.74	30	16	3	5	32	439	467	3.8	18.7
Seq7714_213_bp_1_0_1	ENA|AAC78721|AAC78721.1	46.15	30	14	4	7	35	566	592	7	18.0
Seq7714_213_bp_1_0_1	ENA|AAC17860|AAC17860.1	35.71	49	27	7	2	43	116	164	7.1	17.3
Seq7714_213_bp_1_0_1	ENA|AAR37016|AAR37016.1	38.24	49	21	15	12	48	1262	1307	7.3	19.7
Seq7714_213_bp_1_0_1	ENA|CAA26023|CAA26023.1	40.91	22	13	0	16	37	6	27	7.8	17.0
Seq7714_213_bp_1_1_0	ENA|ABD49687|ABD49687.1	100.00	70	0	0	1	70	1267	1336	5.9e-31	123.1
Seq7714_213_bp_1_1_0	ENA|EDO47375|EDO47375.1	28.30	57	38	4	8	62	60	114	0.84	19.8
Seq7714_213_bp_1_1_0	ENA|BAA32956|BAA32956.1	30.61	61	34	12	6	54	58	118	1.1	19.5
Seq7714_213_bp_1_1_0	ENA|AAS77176|AAS77176.1	30.00	56	35	6	12	67	71	120	1.8	19.3
Seq7714_213_bp_1_1_0	ENA|CAA45199|CAA45199.1	32.56	47	29	4	27	70	408	453	2.1	19.8
Seq7714_213_bp_1_1_0	ENA|AAC08817|AAC08817.1	32.00	26	17	1	16	40	87	112	3.6	17.4
Seq7714_213_bp_1_1_0	ENA|AAC49865|AAC49865.1	30.00	63	42	3	7	68	114	174	6.3	17.6
Seq7714_213_bp_1_1_0	ENA|CAA26939|CAA26939.1	42.42	39	19	6	1	33	532	570	6.6	18.3
Seq7714_213_bp_1_1_0	ENA|BAB17681|BAB17681.1	30.43	48	32	2	11	56	96	143	7.2	17.1
Seq7714_213_bp_1_1_0	ENA|CAA24711|CAA24711.1	20.63	67	50	4	3	67	103	167	8.7	16.2
Seq7714_213_bp_1_1_0	ENA|AAI27517|AAI27517.1	22.95	68	47	7	10	70	291	358	9.3	17.8
Seq7714_213_bp_1_1_0	ENA|AAC97205|AAC97205.1	26.42	60	39	7	2	61	324	376	9.9	18.8
Seq7714_213_bp_1_2_0	ENA|CAA26939|CAA26939.1	100.00	3	0	0	8	10	351	353	1.1	18.1
Seq7714_213_bp_1_2_0	ENA|ABK71357|ABK71357.1	80.00	7	1	2	6	10	350	356	1.6	17.0
Seq7714_213_bp_1_2_0	ENA|ABN10845|ABN10845.1	62.50	8	3	0	1	8	101	108	3.1	15.2
Seq7714_213_bp_1_2_0	ENA|AAB26998|AAB26998.1	44.44	9	5	0	2	10	28	36	3.9	13.4
Seq7714_213_bp_1_2_0	ENA|BAA32991|BAA32991.1	60.00	6	2	1	5	10	25	29	4.4	13.1
Seq7714_213_bp_1_2_0	ENA|ABG75784|ABG75784.1	60.00	5	2	0	4	8	83	87	4.5	15.2
Seq7714_213_bp_1_2_0	ENA|AAB66912|AAB66912.1	85.71	8	1	1	3	9	306	313	4.9	16.7
Seq7714_213_bp_1_2_0	ENA|AAI27517|AAI27517.1	40.00	10	6	0	1	10	297	306	6.5	15.6
Seq7714_213_bp_1_2_0	ENA|AAF79734|AAF79734.1	42.86	7	4	0	2	8	62	68	7.4	16.7
Seq7714_213_bp_1_2_0	ENA|AAC26660|AAC26660.1	37.50	8	5	0	1	8	179	186	7.5	14.2
Seq7714_213_bp_1_2_0	ENA|AAA32624|AAA32624.1	42.86	7	4	0	4	10	299	305	9.2	14.9
Seq7714_213_bp_1_2_0	ENA|BAA32956|BAA32956.1	50.00	8	4	0	1	8	124	131	9.9	13.4
Seq7714_213_bp_1_2_1	ENA|CAA73529|CAA73529.1	83.33	6	1	0	1	6	267	272	0.23	19.4
Seq7714_213_bp_1_2_1	ENA|CAA29968|CAA29968.1	100.00	4	0	0	4	7	106	109	0.37	18.2
Seq7714_213_bp_1_2_1	ENA|BAA32956|BAA32956.1	62.50	8	3	0	2	9	45	52	0.92	17.0
Seq7714_213_bp_1_2_1	ENA|AAA72732|AAA72732.1	66.67	6	2	0	3	8	281	286	1.8	16.6
Seq7714_213_bp_1_2_1	ENA|CAA28033|CAA28033.1	50.00	6	3	0	1	6	195	200	5.5	17.0
Seq7714_213_bp_1_2_1	ENA|ABD33854|ABD33854.1	40.00	5	3	0	2	6	58	62	7.2	12.2
Seq7714_213_bp_1_2_2	ENA|AAB96524|AAB96524.1	31.03	29	20	0	4	32	64	92	0.038	23.1
Seq7714_213_bp_1_2_2	ENA|AAI27517|AAI27517.1	60.00	10	4	0	23	32	250	259	0.15	22.8
Seq7714_213_bp_1_2_2	ENA|CAA73529|CAA73529.1	29.41	17	12	0	11	27	32	48	0.4	20.3
Seq7714_213_bp_1_2_2	ENA|AAA25966|AAA25966.1	22.22	28	21	1	4	31	481	507	0.85	20.6
Seq7714_213_bp_1_2_2	ENA|CAA26023|CAA26023.1	46.15	13	7	0	9	21	128	140	1.1	19.3
Seq7714_213_bp_1_2_2	ENA|BAB17681|BAB17681.1	54.55	11	5	0	16	26	34	44	1.5	18.4
Seq7714_213_bp_1_2_2	ENA|AAB03707|AAB03707.1	33.33	29	18	2	1	27	1129	1157	1.6	20.6
Seq7714_213_bp_1_2_2	ENA|BAA32956|BAA32956.1	43.75	18	9	2	14	31	173	188	1.8	17.7
Seq7714_213_bp_1_2_2	ENA|AAA32624|AAA32624.1	22.22	27	21	0	3	29	498	524	1.8	19.0
Seq7714_213_bp_1_2_2	ENA|AAA36539|AAA36539.1	34.62	30	17	4	1	29	73	99	2.1	18.7
Seq7714_213_bp_1_2_2	ENA|AAR31603|AAR31603.1	27.59	32	21	3	1	32	97	125	2.2	18.0
Seq7714_213_bp_1_2_2	ENA|AAC17860|AAC17860.1	22.22	28	21	1	1	28	332	358	2.2	18.4
Seq7714_213_bp_1_2_2	ENA|ABD49687|ABD49687.1	25.00	33	21	5	3	30	734	766	3.1	19.9
Seq7714_213_bp_1_2_2	ENA|CAA36714|CAA36714.1	27.78	18	13	0	15	32	264	281	3.8	17.7
Seq7714_213_bp_1_2_2	ENA|CAA45708|CAA45708.1	27.59	30	21	1	3	31	1119	1148	4.2	19.3
Seq7714_213_bp_1_2_2	ENA|CAA29956|CAA29956.1	40.00	11	6	1	22	31	369	379	4.7	17.1
Seq7714_213_bp_1_2_2	ENA|BAA05866|BAA05866.1	31.82	22	15	0	9	30	241	262	4.8	16.8
Seq7714_213_bp_1_2_2	ENA|AAB66912|AAB66912.1	34.62	27	17	1	1	26	840	866	4.9	18.4
Seq7714_213_bp_1_2_2	ENA|CAD53387|CAD53387.1	33.33	15	10	0	14	28	20	34	5	17.4
Seq7714_213_bp_1_2_2	ENA|AAC97205|AAC97205.1	25.00	30	21	2	3	32	742	769	5.2	18.7
Seq7714_213_bp_1_2_2	ENA|CAA45199|CAA45199.1	40.00	35	15	10	4	32	435	465	5.8	17.1
Seq7714_213_bp_1_2_2	ENA|AAC78721|AAC78721.1	53.85	15	6	2	7	19	196	210	6.7	17.4
Seq7714_213_bp_1_2_2	ENA|BAB79260|BAB79260.1	37.50	18	10	2	17	32	408	425	6.9	16.8
Seq7714_213_bp_1_2_2	ENA|CAA11507|CAA11507.1	29.17	25	17	1	6	29	1238	1262	7	18.4
Seq7714_213_bp_1_2_2	ENA|AAF79734|AAF79734.1	33.33	24	16	0	1	24	171	194	7.4	18.4
Seq7714_213_bp_1_2_2	ENA|AAC49865|AAC49865.1	23.08	26	20	0	4	29	97	122	9.4	15.8
Seq7714_213_bp_-1_0_0	ENA|CAA26023|CAA26023.1	36.36	50	28	6	26	69	96	145	0.28	22.4
Seq7714_213_bp_-1_0_0	ENA|AAQ92751|AAQ92751.2	33.33	82	40	22	1	60	264	345	0.35	23.9
Seq7714_213_bp_-1_0_0	ENA|AAA72732|AAA72732.1	38.30	60	29	13	6	65	251	297	0.38	21.7
Seq7714_213_bp_-1_0_0	ENA|AAB03707|AAB03707.1	30.51	68	41	9	8	69	1126	1190	0.83	22.7
Seq7714_213_bp_-1_0_0	ENA|AAR31603|AAR31603.1	54.55	24	10	2	20	41	134	157	1.9	19.4
Seq7714_213_bp_-1_0_0	ENA|AAA36539|AAA36539.1	26.92	58	38	6	11	67	200	252	2	19.9
Seq7714_213_bp_-1_0_0	ENA|CAA29968|CAA29968.1	40.91	22	13	0	6	27	157	178	2.7	18.1
Seq7714_213_bp_-1_0_0	ENA|AAA25966|AAA25966.1	19.57	49	37	3	24	69	110	158	3	19.9
Seq7714_213_bp_-1_0_0	ENA|AAC08817|AAC08817.1	22.73	45	34	1	2	45	42	86	3.1	17.6
Seq7714_213_bp_-1_0_0	ENA|AAR37016|AAR37016.1	33.33	72	42	9	1	69	802	867	4.7	20.9
Seq7714_213_bp_-1_0_0	ENA|AAB66912|AAB66912.1	26.98	73	46	10	1	65	425	495	5.3	19.4
Seq7714_213_bp_-1_0_0	ENA|AAI27517|AAI27517.1	28.26	54	33	8	24	69	508	561	6.7	18.4
Seq7714_213_bp_-1_0_0	ENA|AAF79734|AAF79734.1	38.46	46	24	7	20	58	1331	1376	6.8	19.6
Seq7714_213_bp_-1_0_0	ENA|AAB96524|AAB96524.1	26.23	71	45	10	5	71	32	96	7.1	16.6
Seq7714_213_bp_-1_0_0	ENA|AAA32624|AAA32624.1	23.81	45	32	3	6	50	443	484	8.3	17.9
Seq7714_213_bp_-1_0_0	ENA|BAA32991|BAA32991.1	38.89	21	11	3	43	63	28	45	8.8	14.8
Seq7714_213_bp_-1_0_0	ENA|BAA32956|BAA32956.1	46.67	43	16	13	24	61	150	184	9.4	16.3
Seq7714_213_bp_-1_0_0	ENA|ACH70901|ACH70901.1	42.86	32	16	4	33	64	1	28	9.5	17.1
Seq7714_213_bp_-1_0_0	ENA|ABK71357|ABK71357.1	70.00	10	3	0	23	32	136	145	9.8	17.1
Seq7714_213_bp_-1_0_0	ENA|AAA18786|AAA18786.1	24.00	59	38	9	10	59	140	198	10	16.6
Seq7714_213_bp_-1_1_0	ENA|AAC97205|AAC97205.1	45.45	12	6	1	1	11	887	898	0.025	25.1
Seq7714_213_bp_-1_1_0	ENA|AAI27517|AAI27517.1	57.14	7	3	0	6	12	444	450	0.072	22.4
Seq7714_213_bp_-1_1_0	ENA|AAI27517|AAI27517.1	71.43	10	2	3	6	12	13	22	0.63	19.3
Seq7714_213_bp_-1_1_0	ENA|AAB26998|AAB26998.1	57.14	7	3	0	5	11	9	15	0.085	19.3
Seq7714_213_bp_-1_1_0	ENA|AAC17860|AAC17860.1	44.44	9	5	0	3	11	309	317	0.1	21.4
Seq7714_213_bp_-1_1_0	ENA|CAA36214|CAA36214.1	66.67	6	2	0	5	10	169	174	0.11	20.9
Seq7714_213_bp_-1_1_0	ENA|CAA11507|CAA11507.1	44.44	9	5	0	3	11	1173	1181	0.24	21.9
Seq7714_213_bp_-1_1_0	ENA|ACT10338|ACT10338.1	41.67	12	7	0	1	12	361	372	0.29	19.8
Seq7714_213_bp_-1_1_0	ENA|BAA32956|BAA32956.1	57.14	7	3	0	6	12	24	30	0.33	18.8
Seq7714_213_bp_-1_1_0	ENA|AAQ92751|AAQ92751.2	80.00	5	1	0	8	12	1224	1228	0.35	21.4
Seq7714_213_bp_-1_1_0	ENA|CAL82360|CAL82360.1	75.00	4	1	0	8	11	116	119	0.47	20.9
Seq7714_213_bp_-1_1_0	ENA|AAR31603|AAR31603.1	42.86	7	4	0	6	12	118	124	0.51	18.8
Seq7714_213_bp_-1_1_0	ENA|AAA25966|AAA25966.1	75.00	4	1	0	8	11	322	325	0.78	19.3
Seq7714_213_bp_-1_1_0	ENA|CAA29968|CAA29968.1	55.56	9	4	0	1	9	64	72	0.89	17.2
Seq7714_213_bp_-1_1_0	ENA|AAR37016|AAR37016.1	50.00	8	4	0	5	12	300	307	1.2	20.3
Seq7714_213_bp_-1_1_0	ENA|CAA36714|CAA36714.1	57.14	7	3	0	4	10	429	435	1.5	17.7
Seq7714_213_bp_-1_1_0	ENA|CCP43727|CCP43727.1	100.00	3	0	0	9	11	137	139	1.5	17.2
Seq7714_213_bp_-1_1_0	ENA|BAB17681|BAB17681.1	62.50	8	3	0	2	9	183	190	1.8	16.7
Seq7714_213_bp_-1_1_0	ENA|CAA28033|CAA28033.1	40.00	10	6	0	2	11	1110	1119	2	18.8
Seq7714_213_bp_-1_1_0	ENA|AAB03707|AAB03707.1	50.00	8	4	0	5	12	1267	1274	2.1	18.8
Seq7714_213_bp_-1_1_0	ENA|ACH70901|ACH70901.1	50.00	8	4	0	5	12	112	119	2.3	16.7
Seq7714_213_bp_-1_1_0	ENA|AAA18786|AAA18786.1	50.00	8	4	0	5	12	136	143	2.5	16.1
Seq7714_213_bp_-1_1_0	ENA|AAS77176|AAS77176.1	50.00	6	3	0	6	11	1	6	2.7	16.1
Seq7714_213_bp_-1_1_0	ENA|CAA45708|CAA45708.1	50.00	8	4	0	5	12	1417	1424	3.3	18.2
Seq7714_213_bp_-1_1_0	ENA|AAB66912|AAB66912.1	44.44	9	5	0	4	12	637	645	4.2	17.2
Seq7714_213_bp_-1_1_0	ENA|AAA24145|AAA24145.1	44.44	9	5	0	1	9	64	72	4.2	16.1
Seq7714_213_bp_-1_1_0	ENA|AAC08817|AAC08817.1	66.67	3	1	0	8	10	82	84	4.3	14.6
Seq7714_213_bp_-1_1_0	ENA|AAA42531|AAA42531.1	28.57	7	5	0	6	12	121	127	5.1	15.6
Seq7714_213_bp_-1_1_0	ENA|ABD49687|ABD49687.1	60.00	5	2	0	6	10	1670	1674	5.3	17.7
Seq7714_213_bp_-1_1_0	ENA|BAA36759|BAA36759.1	42.86	7	4	0	2	8	64	70	5.4	15.1
Seq7714_213_bp_-1_1_0	ENA|AAA72732|AAA72732.1	36.36	11	7	0	2	12	135	145	5.9	15.1
Seq7714_213_bp_-1_1_0	ENA|CAA45199|CAA45199.1	40.00	11	6	1	1	10	60	70	6.1	15.6
Seq7714_213_bp_-1_1_0	ENA|CAA26023|CAA26023.1	42.86	7	4	0	6	12	94	100	7.1	15.1
Seq7714_213_bp_-1_1_0	ENA|BAB79260|BAB79260.1	30.00	10	7	0	1	10	413	422	8.3	15.1
Seq7714_213_bp_-1_1_0	ENA|AAA36539|AAA36539.1	66.67	3	1	0	10	12	333	335	8.7	15.1
Seq7714_213_bp_-1_1_0	ENA|AAA32624|AAA32624.1	71.43	10	2	3	3	10	516	524	9.5	15.1
Seq7714_213_bp_-1_1_0	ENA|CAA29956|CAA29956.1	60.00	5	2	0	4	8	46	50	9.7	14.6
Seq7714_213_bp_-1_1_1	ENA|CAA45199|CAA45199.1	40.91	27	13	5	8	33	451	473	0.17	22.5
Seq7714_213_bp_-1_1_1	ENA|AAI27517|AAI27517.1	42.86	34	16	6	6	36	414	444	0.26	22.2
Seq7714_213_bp_-1_1_1	ENA|AAB66912|AAB66912.1	37.14	48	22	13	2	36	512	559	0.85	21.1
Seq7714_213_bp_-1_1_1	ENA|AAC49865|AAC49865.1	46.15	16	7	3	20	32	27	42	1.1	19.3
Seq7714_213_bp_-1_1_1	ENA|AAC08817|AAC08817.1	35.29	17	11	0	5	21	81	97	1.1	18.2
Seq7714_213_bp_-1_1_1	ENA|AAS77176|AAS77176.1	43.48	23	13	0	11	33	257	279	1.4	18.7
Seq7714_213_bp_-1_1_1	ENA|AAA36539|AAA36539.1	32.14	33	19	5	8	35	332	364	1.6	19.3
Seq7714_213_bp_-1_1_1	ENA|AAR37016|AAR37016.1	33.33	31	18	4	8	34	59	89	1.8	21.4
Seq7714_213_bp_-1_1_1	ENA|CAA29968|CAA29968.1	43.33	41	17	11	3	34	53	91	2	17.6
Seq7714_213_bp_-1_1_1	ENA|CAA28033|CAA28033.1	37.50	16	10	0	7	22	1288	1303	3.6	19.5
Seq7714_213_bp_-1_1_1	ENA|ABK71357|ABK71357.1	22.22	36	28	0	1	36	57	92	3.8	17.6
Seq7714_213_bp_-1_1_1	ENA|BAB79260|BAB79260.1	30.30	34	23	1	3	35	86	119	3.8	17.9
Seq7714_213_bp_-1_1_1	ENA|CAA26023|CAA26023.1	42.86	29	12	8	9	32	105	130	3.9	17.6
Seq7714_213_bp_-1_1_1	ENA|BAB17681|BAB17681.1	31.43	38	24	3	2	37	92	128	4.8	16.8
Seq7714_213_bp_-1_1_1	ENA|AAB26998|AAB26998.1	23.33	32	23	2	1	30	25	56	5.1	14.9
Seq7714_213_bp_-1_1_1	ENA|ABN10845|ABN10845.1	38.89	23	11	5	2	19	102	124	5.5	16.3
Seq7714_213_bp_-1_1_1	ENA|ABD49687|ABD49687.1	30.00	33	21	3	7	36	1138	1170	6.6	19.0
Seq7714_213_bp_-1_1_1	ENA|BAA36759|BAA36759.1	35.00	22	13	2	11	32	32	51	7.2	16.3
Seq7714_213_bp_-1_1_1	ENA|EDO47375|EDO47375.1	27.27	11	8	0	19	29	175	185	8.2	15.5
Seq7714_213_bp_-1_1_2	ENA|ABK71357|ABK71357.1	37.50	16	10	0	2	17	341	356	4.6	16.3
Seq7714_213_bp_-1_1_2	ENA|AAC97205|AAC97205.1	38.46	15	8	2	3	15	19	33	9.4	16.9
Seq7714_213_bp_-1_1_2	ENA|AAC17860|AAC17860.1	55.56	9	4	0	3	11	403	411	9.6	15.3
Seq7714_213_bp_-1_1_2	ENA|CAL82360|CAL82360.1	26.67	15	11	0	3	17	1266	1280	9.7	16.9
Seq7714_213_bp_-1_2_0	ENA|AAB26998|AAB26998.1	100.00	4	0	0	10	13	71	74	2.8	14.5
Seq7714_213_bp_-1_2_0	ENA|ACH70901|ACH70901.1	57.14	7	3	0	2	8	99	105	4	16.2
Seq7714_213_bp_-1_2_0	ENA|AAC08817|AAC08817.1	33.33	15	10	0	1	15	79	93	6.8	14.2
Seq7714_213_bp_-1_2_0	ENA|CAD53387|CAD53387.1	50.00	8	4	0	1	8	472	479	6.9	15.8
Seq7714_213_bp_-1_2_0	ENA|BAA32991|BAA32991.1	55.56	9	4	0	4	12	36	44	7.5	12.8
Seq7714_213_bp_-1_2_0	ENA|ABD33854|ABD33854.1	57.14	9	3	2	4	12	41	47	8.6	12.5
Seq7714_213_bp_-1_2_1	ENA|BAA32956|BAA32956.1	27.78	36	26	0	3	38	4	39	0.51	20.0
Seq7714_213_bp_-1_2_1	ENA|BAA32991|BAA32991.1	37.04	38	17	11	6	43	16	42	3.4	15.6
Seq7714_213_bp_-1_2_1	ENA|AAA36114|AAA36114.1	26.47	35	25	1	4	38	325	358	7.9	17.2
Seq7714_213_bp_-1_2_2	ENA|AAR31603|AAR31603.1	71.43	7	2	0	4	10	173	179	0.59	18.3
Seq7714_213_bp_-1_2_2	ENA|CAA36714|CAA36714.1	55.56	9	4	0	1	9	400	408	1.5	17.4
Seq7714_213_bp_-1_2_2	ENA|AAA24145|AAA24145.1	50.00	8	4	0	3	10	152	159	2.1	16.9
Seq7714_213_bp_-1_2_2	ENA|AAS77176|AAS77176.1	50.00	8	4	0	2	9	274	281	2.4	16.1
Seq7714_213_bp_-1_2_2	ENA|EDO47375|EDO47375.1	100.00	5	0	0	5	9	112	116	2.8	15.2
Seq7714_213_bp_-1_2_2	ENA|AAA72732|AAA72732.1	71.43	7	2	0	2	8	237	243	6.2	14.7
Seq7714_213_bp_-1_2_2	ENA|CAA24711|CAA24711.1	100.00	4	0	0	7	10	113	116	6.3	13.9
Seq7714_213_bp_-1_2_2	ENA|AAC40132|AAC40132.1	33.33	9	6	0	1	9	437	445	6.9	15.2
Seq7714_213_bp_-1_2_2	ENA|CAA73529|CAA73529.1	50.00	6	3	0	5	10	29	34	7.3	14.3
Seq7714_213_bp_-1_2_2	ENA|BAA36759|BAA36759.1	55.56	9	4	0	2	10	275	283	7.6	14.3
Seq7714_213_bp_-1_2_2	ENA|CAA11507|CAA11507.1	50.00	10	5	0	1	10	910	919	7.8	16.5
Seq7714_213_bp_-1_2_2	ENA|BAA05866|BAA05866.1	42.86	7	4	0	3	9	175	181	8.1	14.3
Seq7714_213_bp_-1_2_2	ENA|BAA32991|BAA32991.1	37.50	8	5	0	1	8	18	25	8.3	12.1
Seq7714_213_bp_-1_2_2	ENA|CAA45199|CAA45199.1	62.50	8	3	0	2	9	395	402	9	14.7
