Seq8551_478_bp_1_0_0	ENA|ABN10845|ABN10845.1	100.00	159	0	0	1	159	51	209	1.4e-56	206.5
Seq8551_478_bp_1_0_0	ENA|CAA26939|CAA26939.1	26.36	118	81	8	39	154	9	120	0.13	25.3
Seq8551_478_bp_1_0_0	ENA|BAA36759|BAA36759.1	17.50	125	99	5	5	127	15	136	0.68	21.9
Seq8551_478_bp_1_0_0	ENA|AAC97205|AAC97205.1	28.68	161	92	32	3	145	1027	1173	0.78	23.8
Seq8551_478_bp_1_0_0	ENA|AAR37016|AAR37016.1	27.86	169	101	29	2	142	1607	1774	1.1	24.2
Seq8551_478_bp_1_0_0	ENA|AAB03707|AAB03707.1	22.06	154	106	18	11	156	1	144	2.5	22.3
Seq8551_478_bp_1_0_0	ENA|AAA18786|AAA18786.1	20.00	166	120	16	2	159	87	244	3	19.6
Seq8551_478_bp_1_0_0	ENA|AAB66912|AAB66912.1	24.49	162	111	15	6	154	396	555	3.2	21.3
Seq8551_478_bp_1_0_0	ENA|ACT10338|ACT10338.1	21.28	158	111	17	5	145	189	346	3.9	19.8
Seq8551_478_bp_1_0_0	ENA|ABG75784|ABG75784.1	23.08	117	80	13	4	110	195	308	4	19.4
Seq8551_478_bp_1_0_0	ENA|CAA26023|CAA26023.1	19.05	111	85	6	1	106	125	234	4.3	19.6
Seq8551_478_bp_1_0_0	ENA|AAA36114|AAA36114.1	23.33	132	92	12	27	156	298	419	4.4	20.0
Seq8551_478_bp_1_0_0	ENA|BAB79260|BAB79260.1	23.26	141	99	12	5	137	173	309	4.5	19.8
Seq8551_478_bp_1_0_0	ENA|ABD49687|ABD49687.1	22.78	172	122	14	1	159	685	855	4.5	21.7
Seq8551_478_bp_1_0_0	ENA|ACH70901|ACH70901.1	23.81	120	80	15	31	141	29	142	4.6	19.4
Seq8551_478_bp_1_0_0	ENA|AAA36539|AAA36539.1	25.44	133	85	19	36	156	223	348	4.7	19.8
Seq8551_478_bp_1_0_0	ENA|CAA43419|CAA43419.1	24.22	158	97	30	2	157	69	198	4.7	19.4
Seq8551_478_bp_1_0_0	ENA|AAC78721|AAC78721.1	24.79	132	88	15	15	140	61	183	5.1	20.1
Seq8551_478_bp_1_0_0	ENA|CAA36214|CAA36214.1	22.97	167	114	19	2	155	117	277	5.1	19.0
Seq8551_478_bp_1_0_0	ENA|AAA32624|AAA32624.1	19.05	93	68	9	10	95	135	225	5.8	19.6
Seq8551_478_bp_1_0_0	ENA|CAL82360|CAL82360.1	18.03	130	100	8	29	155	431	555	6.4	20.7
Seq8551_478_bp_1_0_0	ENA|CAA45199|CAA45199.1	18.55	133	101	9	8	136	91	218	6.8	19.2
Seq8551_478_bp_1_0_0	ENA|BAA32956|BAA32956.1	25.00	77	51	9	8	80	108	179	7.6	17.9
Seq8551_478_bp_1_0_0	ENA|AAC17860|AAC17860.1	13.76	110	94	1	45	154	5	113	8.6	18.6
Seq8551_478_bp_1_0_0	ENA|CAA11507|CAA11507.1	21.64	147	105	13	9	148	526	666	8.7	20.3
Seq8551_478_bp_1_0_0	ENA|AAA24145|AAA24145.1	23.61	169	110	25	8	159	105	265	9.6	18.6
Seq8551_478_bp_1_1_0	ENA|BAB17681|BAB17681.1	33.33	21	14	0	8	28	148	168	0.039	23.6
Seq8551_478_bp_1_1_0	ENA|CAA26023|CAA26023.1	29.17	24	17	0	2	25	164	187	0.043	24.0
Seq8551_478_bp_1_1_0	ENA|CAA26023|CAA26023.1	42.31	28	15	2	5	32	72	97	0.64	20.1
Seq8551_478_bp_1_1_0	ENA|BAA32018|BAA32018.1	33.33	25	16	1	7	30	166	190	0.15	22.9
Seq8551_478_bp_1_1_0	ENA|BAA32956|BAA32956.1	50.00	36	12	12	6	29	126	161	0.93	18.7
Seq8551_478_bp_1_1_0	ENA|ABD33854|ABD33854.1	60.00	5	2	0	10	14	58	62	1.6	16.2
Seq8551_478_bp_1_1_0	ENA|AAR31603|AAR31603.1	33.33	15	10	0	9	23	83	97	2.3	17.9
Seq8551_478_bp_1_1_0	ENA|CAA45199|CAA45199.1	35.71	14	9	0	7	20	381	394	2.6	18.3
Seq8551_478_bp_1_1_0	ENA|AAA25966|AAA25966.1	28.00	25	18	0	3	27	256	280	3.1	18.7
Seq8551_478_bp_1_1_0	ENA|AAC26660|AAC26660.1	26.67	15	11	0	16	30	9	23	3.8	16.9
Seq8551_478_bp_1_1_0	ENA|AAR37016|AAR37016.1	30.00	21	14	1	11	30	1567	1587	3.8	20.1
Seq8551_478_bp_1_1_0	ENA|CAL82360|CAL82360.1	39.13	27	14	4	5	30	1100	1123	4.3	19.0
Seq8551_478_bp_1_1_0	ENA|ABN10845|ABN10845.1	29.41	17	12	0	8	24	20	36	5.1	16.2
Seq8551_478_bp_1_1_0	ENA|AAB96524|AAB96524.1	38.89	20	11	2	15	32	73	92	7	15.5
Seq8551_478_bp_1_1_0	ENA|AAA24145|AAA24145.1	37.50	16	10	0	2	17	119	134	8.3	16.5
Seq8551_478_bp_1_1_0	ENA|AAC97205|AAC97205.1	41.67	12	7	0	3	14	333	344	8.3	17.9
Seq8551_478_bp_1_1_0	ENA|AAA42531|AAA42531.1	30.00	33	21	3	2	31	158	190	8.8	16.2
Seq8551_478_bp_1_1_1	ENA|CAA26023|CAA26023.1	32.76	63	39	5	4	66	116	173	0.31	22.2
Seq8551_478_bp_1_1_1	ENA|AAR37016|AAR37016.1	28.12	71	46	7	3	69	1871	1938	0.59	23.9
Seq8551_478_bp_1_1_1	ENA|ABD49687|ABD49687.1	31.91	48	32	1	20	67	1031	1077	0.71	23.2
Seq8551_478_bp_1_1_1	ENA|BAB79260|BAB79260.1	32.26	71	42	9	1	65	63	130	0.87	21.0
Seq8551_478_bp_1_1_1	ENA|ABN10845|ABN10845.1	23.91	50	35	4	20	66	6	54	3.1	18.0
Seq8551_478_bp_1_1_1	ENA|AAA42531|AAA42531.1	20.90	74	53	7	2	68	145	218	5.5	18.0
Seq8551_478_bp_1_1_1	ENA|EDO47375|EDO47375.1	23.08	52	40	0	5	56	27	78	7.3	16.5
Seq8551_478_bp_1_1_1	ENA|AAC49865|AAC49865.1	26.23	69	45	8	1	69	24	84	7.6	17.3
Seq8551_478_bp_1_1_2	ENA|AAC49865|AAC49865.1	46.67	15	8	0	3	17	173	187	0.0061	26.6
Seq8551_478_bp_1_1_2	ENA|AAC49865|AAC49865.1	38.10	21	13	0	5	25	63	83	0.22	21.4
Seq8551_478_bp_1_1_2	ENA|BAB79260|BAB79260.1	37.50	26	15	2	1	26	273	296	0.53	20.6
Seq8551_478_bp_1_1_2	ENA|ABK71357|ABK71357.1	29.63	27	19	0	3	29	211	237	0.75	19.8
Seq8551_478_bp_1_1_2	ENA|CAA29956|CAA29956.1	25.00	29	21	1	4	32	292	319	0.76	19.8
Seq8551_478_bp_1_1_2	ENA|CAB75732|CAB75732.1	12.90	31	27	0	3	33	13	43	1	21.0
Seq8551_478_bp_1_1_2	ENA|ABN10845|ABN10845.1	31.03	30	20	1	2	31	55	83	1.3	18.2
Seq8551_478_bp_1_1_2	ENA|AAS77176|AAS77176.1	33.33	30	18	3	1	30	176	202	1.3	18.6
Seq8551_478_bp_1_1_2	ENA|AAB66912|AAB66912.1	31.25	16	11	0	3	18	341	356	1.4	20.2
Seq8551_478_bp_1_1_2	ENA|ABG75784|ABG75784.1	23.33	31	23	1	3	32	200	230	1.4	18.6
Seq8551_478_bp_1_1_2	ENA|CAA11507|CAA11507.1	23.08	26	20	0	4	29	866	891	1.6	20.6
Seq8551_478_bp_1_1_2	ENA|CAA26023|CAA26023.1	31.58	19	13	0	14	32	52	70	1.8	18.6
Seq8551_478_bp_1_1_2	ENA|ABD49687|ABD49687.1	23.81	21	16	0	4	24	1696	1716	2	20.6
Seq8551_478_bp_1_1_2	ENA|CAA28033|CAA28033.1	24.00	25	19	0	5	29	503	527	2.6	19.8
Seq8551_478_bp_1_1_2	ENA|BAA36759|BAA36759.1	25.00	24	18	0	8	31	264	287	3	17.4
Seq8551_478_bp_1_1_2	ENA|AAA36539|AAA36539.1	24.00	25	19	0	2	26	213	237	3.8	17.8
Seq8551_478_bp_1_1_2	ENA|BAB17681|BAB17681.1	24.14	30	22	1	4	33	79	107	3.8	17.0
Seq8551_478_bp_1_1_2	ENA|AAC17860|AAC17860.1	25.00	25	18	1	4	27	99	123	4.2	17.4
Seq8551_478_bp_1_1_2	ENA|AAA25966|AAA25966.1	30.00	21	14	1	5	24	396	416	5.6	17.8
Seq8551_478_bp_1_1_2	ENA|AAA32624|AAA32624.1	40.00	10	6	0	10	19	508	517	7	17.0
Seq8551_478_bp_1_1_2	ENA|AAB26998|AAB26998.1	26.09	23	17	0	1	23	3	25	7.2	14.2
Seq8551_478_bp_1_1_2	ENA|CAL82360|CAL82360.1	25.00	29	21	1	1	29	880	907	7.4	18.2
Seq8551_478_bp_1_1_2	ENA|CAA26939|CAA26939.1	40.00	27	15	2	3	29	529	553	7.6	17.0
Seq8551_478_bp_1_1_2	ENA|BAA32991|BAA32991.1	31.25	16	11	0	4	19	28	43	8.2	13.8
Seq8551_478_bp_1_1_2	ENA|BAA32956|BAA32956.1	16.67	30	25	0	2	31	24	53	8.3	15.4
Seq8551_478_bp_1_1_2	ENA|CAA45708|CAA45708.1	28.57	22	15	1	5	25	80	101	8.7	18.2
Seq8551_478_bp_1_1_2	ENA|AAC97205|AAC97205.1	26.67	15	11	0	1	15	631	645	9.2	17.8
Seq8551_478_bp_1_1_2	ENA|EDO47375|EDO47375.1	44.44	9	5	0	4	12	129	137	9.7	15.0
Seq8551_478_bp_1_2_0	ENA|AAA25966|AAA25966.1	36.36	11	7	0	5	15	612	622	0.33	20.8
Seq8551_478_bp_1_2_0	ENA|CAA36714|CAA36714.1	41.67	12	7	0	1	12	367	378	0.44	19.8
Seq8551_478_bp_1_2_0	ENA|CAA45199|CAA45199.1	36.36	11	7	0	4	14	143	153	1.3	18.3
Seq8551_478_bp_1_2_0	ENA|CAA43419|CAA43419.1	28.57	14	10	0	1	14	230	243	2	17.2
Seq8551_478_bp_1_2_0	ENA|ABK71357|ABK71357.1	28.57	14	10	0	1	14	94	107	2	17.2
Seq8551_478_bp_1_2_0	ENA|AAA42531|AAA42531.1	45.45	11	6	0	3	13	186	196	2.1	17.2
Seq8551_478_bp_1_2_0	ENA|AAA36114|AAA36114.1	45.45	12	6	1	3	14	82	92	2.8	17.2
Seq8551_478_bp_1_2_0	ENA|EDO47375|EDO47375.1	25.00	12	9	0	2	13	93	104	4.2	15.2
Seq8551_478_bp_1_2_0	ENA|CAA26023|CAA26023.1	33.33	9	6	0	2	10	140	148	5.9	15.7
Seq8551_478_bp_1_2_0	ENA|CAA73529|CAA73529.1	33.33	9	6	0	1	9	109	117	6.1	15.2
Seq8551_478_bp_1_2_0	ENA|ABD49687|ABD49687.1	33.33	12	8	0	2	13	1466	1477	6.3	17.7
Seq8551_478_bp_1_2_0	ENA|CAA36214|CAA36214.1	21.43	14	11	0	1	14	146	159	6.7	15.2
Seq8551_478_bp_1_2_0	ENA|AAB03707|AAB03707.1	44.44	9	5	0	7	15	785	793	7.2	17.2
Seq8551_478_bp_1_2_0	ENA|AAA32624|AAA32624.1	100.00	4	0	0	9	12	109	112	7.9	15.7
Seq8551_478_bp_1_2_0	ENA|AAB96524|AAB96524.1	38.46	14	8	1	1	13	65	78	8.2	14.1
Seq8551_478_bp_1_2_0	ENA|AAS77176|AAS77176.1	33.33	9	6	0	5	13	43	51	8.9	14.7
Seq8551_478_bp_1_2_1	ENA|AAR37016|AAR37016.1	34.38	36	21	4	6	37	1560	1595	3.2	20.6
Seq8551_478_bp_1_2_1	ENA|AAC97205|AAC97205.1	35.00	20	13	0	14	33	739	758	9.4	18.0
Seq8551_478_bp_1_2_2	ENA|AAB26998|AAB26998.1	33.33	12	8	0	2	13	49	60	1.8	15.0
Seq8551_478_bp_1_2_2	ENA|AAA32624|AAA32624.1	38.46	13	8	0	1	13	418	430	1.8	17.7
Seq8551_478_bp_1_2_2	ENA|ABD33854|ABD33854.1	75.00	4	1	0	5	8	61	64	6.7	12.7
Seq8551_478_bp_1_2_2	ENA|ABN10845|ABN10845.1	44.44	9	5	0	1	9	83	91	7.8	14.2
Seq8551_478_bp_1_2_2	ENA|BAA32991|BAA32991.1	60.00	5	2	0	2	6	45	49	9.1	12.3
Seq8551_478_bp_1_2_3	ENA|CAA29968|CAA29968.1	60.00	5	2	0	1	5	189	193	5	14.4
Seq8551_478_bp_1_2_3	ENA|BAA36759|BAA36759.1	100.00	3	0	0	3	5	115	117	6	14.7
Seq8551_478_bp_1_2_4	ENA|ABN10845|ABN10845.1	50.00	8	4	0	3	10	50	57	0.059	21.3
Seq8551_478_bp_1_2_4	ENA|CAA29956|CAA29956.1	45.45	12	6	1	1	11	282	293	0.27	19.9
Seq8551_478_bp_1_2_4	ENA|CAA29968|CAA29968.1	40.00	10	6	0	1	10	49	58	0.51	18.0
Seq8551_478_bp_1_2_4	ENA|BAB17681|BAB17681.1	40.00	10	6	0	1	10	119	128	0.98	17.5
Seq8551_478_bp_1_2_4	ENA|CAA26023|CAA26023.1	50.00	12	5	2	2	11	163	174	0.99	18.0
Seq8551_478_bp_1_2_4	ENA|BAA32956|BAA32956.1	66.67	8	2	2	2	9	25	30	1	17.1
Seq8551_478_bp_1_2_4	ENA|CAA45199|CAA45199.1	33.33	9	6	0	3	11	66	74	1.2	18.0
Seq8551_478_bp_1_2_4	ENA|AAA25966|AAA25966.1	37.50	8	5	0	3	10	122	129	1.4	18.5
Seq8551_478_bp_1_2_4	ENA|AAR31603|AAR31603.1	40.00	10	6	0	3	12	152	161	1.6	17.1
Seq8551_478_bp_1_2_4	ENA|AAQ92751|AAQ92751.2	42.86	7	4	0	1	7	315	321	1.9	18.9
Seq8551_478_bp_1_2_4	ENA|AAB26998|AAB26998.1	42.86	7	4	0	2	8	9	15	2	14.7
Seq8551_478_bp_1_2_4	ENA|AAA32624|AAA32624.1	50.00	4	2	0	7	10	356	359	2.6	17.1
Seq8551_478_bp_1_2_4	ENA|BAA36759|BAA36759.1	50.00	6	3	0	1	6	274	279	2.7	16.1
Seq8551_478_bp_1_2_4	ENA|CAA26939|CAA26939.1	50.00	4	2	0	7	10	404	407	2.8	17.1
Seq8551_478_bp_1_2_4	ENA|AAB96524|AAB96524.1	40.00	5	3	0	3	7	58	62	3.3	15.2
Seq8551_478_bp_1_2_4	ENA|AAA18786|AAA18786.1	44.44	9	5	0	1	9	22	30	3.4	15.7
Seq8551_478_bp_1_2_4	ENA|ABK71357|ABK71357.1	57.14	8	3	1	5	12	139	145	3.5	16.1
Seq8551_478_bp_1_2_4	ENA|AAI27517|AAI27517.1	50.00	8	4	0	5	12	18	25	4	16.6
Seq8551_478_bp_1_2_4	ENA|ABG75784|ABG75784.1	44.44	9	5	0	4	12	192	200	4	15.7
Seq8551_478_bp_1_2_4	ENA|AAC49865|AAC49865.1	50.00	10	5	0	3	12	29	38	4.2	15.7
Seq8551_478_bp_1_2_4	ENA|CCP43727|CCP43727.1	80.00	7	1	2	2	8	135	139	4.2	15.7
Seq8551_478_bp_1_2_4	ENA|AAR37016|AAR37016.1	45.45	11	6	0	2	12	1230	1240	4.3	18.5
Seq8551_478_bp_1_2_4	ENA|CAA36714|CAA36714.1	50.00	4	2	0	7	10	433	436	4.3	16.1
Seq8551_478_bp_1_2_4	ENA|AAB66912|AAB66912.1	50.00	8	4	0	5	12	750	757	4.5	17.1
Seq8551_478_bp_1_2_4	ENA|CAA28033|CAA28033.1	80.00	5	1	0	8	12	953	957	4.5	17.5
Seq8551_478_bp_1_2_4	ENA|BAA32991|BAA32991.1	33.33	6	4	0	2	7	27	32	6	12.9
Seq8551_478_bp_1_2_4	ENA|CAA45708|CAA45708.1	40.00	14	6	4	1	10	309	322	9.7	16.6
Seq8551_478_bp_1_2_4	ENA|CAA36214|CAA36214.1	42.86	7	4	0	1	7	168	174	9.8	14.3
Seq8551_478_bp_1_2_4	ENA|BAA05866|BAA05866.1	37.50	8	5	0	2	9	155	162	9.9	14.3
Seq8551_478_bp_1_2_5	ENA|CAA45708|CAA45708.1	43.75	17	9	1	1	16	1238	1254	6.9	17.5
Seq8551_478_bp_1_2_6	ENA|ABD33854|ABD33854.1	44.44	11	5	2	4	14	43	51	1.4	15.1
Seq8551_478_bp_1_2_6	ENA|BAA32991|BAA32991.1	50.00	6	3	0	5	10	28	33	1.5	15.1
Seq8551_478_bp_1_2_6	ENA|AAB96524|AAB96524.1	30.77	13	9	0	1	13	54	66	2.7	15.7
Seq8551_478_bp_1_2_6	ENA|AAA36539|AAA36539.1	25.00	12	9	0	3	14	337	348	6.7	15.7
Seq8551_478_bp_1_2_6	ENA|AAB26998|AAB26998.1	30.00	10	7	0	1	10	18	27	8.6	12.7
Seq8551_478_bp_1_2_6	ENA|CAA26939|CAA26939.1	54.55	14	5	3	1	11	7	20	9.5	15.4
Seq8551_478_bp_1_2_6	ENA|AAC26660|AAC26660.1	57.14	7	3	0	8	14	113	119	9.8	14.2
Seq8551_478_bp_-1_0_0	ENA|CAA73529|CAA73529.1	28.57	21	15	0	2	22	198	218	0.57	19.3
Seq8551_478_bp_-1_0_0	ENA|AAA36539|AAA36539.1	21.43	14	11	0	2	15	402	415	0.75	19.7
Seq8551_478_bp_-1_0_0	ENA|AAA25966|AAA25966.1	36.84	19	12	0	5	23	170	188	0.85	20.2
Seq8551_478_bp_-1_0_0	ENA|CAA24711|CAA24711.1	38.46	13	8	0	12	24	114	126	1.5	17.2
Seq8551_478_bp_-1_0_0	ENA|AAC49865|AAC49865.1	36.84	20	12	1	4	23	121	139	1.6	18.1
Seq8551_478_bp_-1_0_0	ENA|CAB75732|CAB75732.1	37.50	18	10	2	2	17	710	727	1.8	19.7
Seq8551_478_bp_-1_0_0	ENA|BAA32956|BAA32956.1	42.86	7	4	0	7	13	148	154	1.8	17.2
Seq8551_478_bp_-1_0_0	ENA|CAA29956|CAA29956.1	33.33	12	8	0	7	18	99	110	1.8	18.1
Seq8551_478_bp_-1_0_0	ENA|CAA45199|CAA45199.1	31.82	22	15	0	3	24	353	374	2.3	18.1
Seq8551_478_bp_-1_0_0	ENA|ABD33854|ABD33854.1	60.00	5	2	0	9	13	40	44	2.3	15.2
Seq8551_478_bp_-1_0_0	ENA|CAA26023|CAA26023.1	38.46	13	8	0	1	13	111	123	2.5	17.7
Seq8551_478_bp_-1_0_0	ENA|BAA32018|BAA32018.1	29.17	26	17	2	1	24	156	181	3	18.1
Seq8551_478_bp_-1_0_0	ENA|CAA45708|CAA45708.1	41.67	12	7	0	8	19	314	325	3.1	19.3
Seq8551_478_bp_-1_0_0	ENA|AAB66912|AAB66912.1	29.17	24	17	0	1	24	858	881	4.5	18.1
Seq8551_478_bp_-1_0_0	ENA|AAA32624|AAA32624.1	75.00	11	2	3	9	16	112	122	5.9	16.8
Seq8551_478_bp_-1_0_0	ENA|AAC17860|AAC17860.1	35.71	14	9	0	1	14	337	350	6.1	16.4
Seq8551_478_bp_-1_0_0	ENA|ABG75784|ABG75784.1	27.78	18	13	0	6	23	222	239	6.2	16.0
Seq8551_478_bp_-1_0_0	ENA|AAC40132|AAC40132.1	35.71	14	9	0	5	18	414	427	7	16.4
Seq8551_478_bp_-1_0_0	ENA|BAB17681|BAB17681.1	37.50	8	5	0	10	17	20	27	7.2	15.6
Seq8551_478_bp_-1_0_0	ENA|BAA36759|BAA36759.1	41.67	12	7	0	1	12	79	90	7.6	15.6
Seq8551_478_bp_-1_0_0	ENA|AAF79734|AAF79734.1	20.00	15	12	0	8	22	13	27	8.9	17.7
Seq8551_478_bp_-1_0_0	ENA|AAC78721|AAC78721.1	37.50	16	10	0	7	22	178	193	9.7	16.4
Seq8551_478_bp_-1_0_1	ENA|AAC08817|AAC08817.1	50.00	8	4	0	3	10	79	86	0.37	17.9
Seq8551_478_bp_-1_0_1	ENA|BAB17681|BAB17681.1	50.00	8	4	0	1	8	212	219	0.63	17.9
Seq8551_478_bp_-1_0_1	ENA|ABN10845|ABN10845.1	75.00	4	1	0	5	8	54	57	0.93	17.0
Seq8551_478_bp_-1_0_1	ENA|AAC26660|AAC26660.1	50.00	6	3	0	5	10	217	222	1.1	17.0
Seq8551_478_bp_-1_0_1	ENA|AAB66912|AAB66912.1	57.14	7	3	0	3	9	580	586	1.2	18.8
Seq8551_478_bp_-1_0_1	ENA|CAA36714|CAA36714.1	60.00	5	2	0	4	8	432	436	1.5	17.5
Seq8551_478_bp_-1_0_1	ENA|AAA25966|AAA25966.1	66.67	6	2	0	4	9	270	275	1.7	17.9
Seq8551_478_bp_-1_0_1	ENA|ABK71357|ABK71357.1	57.14	7	3	0	1	7	139	145	2.1	16.6
Seq8551_478_bp_-1_0_1	ENA|BAA32956|BAA32956.1	50.00	6	3	0	5	10	154	159	4.1	14.8
Seq8551_478_bp_-1_0_1	ENA|AAR31603|AAR31603.1	50.00	6	3	0	5	10	152	157	4.6	15.3
Seq8551_478_bp_-1_0_1	ENA|CAA29968|CAA29968.1	50.00	4	2	0	7	10	98	101	5.1	14.4
Seq8551_478_bp_-1_0_1	ENA|ABD49687|ABD49687.1	37.50	8	5	0	3	10	1567	1574	6.9	17.0
Seq8551_478_bp_-1_0_1	ENA|CAA29956|CAA29956.1	66.67	11	2	5	5	10	284	294	7.1	14.8
Seq8551_478_bp_-1_0_1	ENA|AAA72732|AAA72732.1	57.14	7	3	0	3	9	178	184	7.9	14.4
Seq8551_478_bp_-1_0_1	ENA|ABG75784|ABG75784.1	60.00	5	2	0	2	6	84	88	7.9	14.4
Seq8551_478_bp_-1_0_1	ENA|CAA45199|CAA45199.1	37.50	8	5	0	3	10	446	453	8.7	14.8
Seq8551_478_bp_-1_0_1	ENA|AAR37016|AAR37016.1	62.50	10	3	2	1	8	957	966	9.3	17.0
Seq8551_478_bp_-1_0_2	ENA|AAI27517|AAI27517.1	35.71	14	9	0	2	15	168	181	0.095	22.4
Seq8551_478_bp_-1_0_2	ENA|CAA24711|CAA24711.1	38.46	13	8	0	3	15	152	164	2.1	16.1
Seq8551_478_bp_-1_0_2	ENA|AAR31603|AAR31603.1	62.50	8	3	0	4	11	161	168	2.9	16.5
Seq8551_478_bp_-1_0_2	ENA|CAA11507|CAA11507.1	41.67	13	7	1	3	14	1234	1246	3.5	18.3
Seq8551_478_bp_-1_0_2	ENA|AAA36539|AAA36539.1	41.67	12	7	0	4	15	466	477	4.1	16.5
Seq8551_478_bp_-1_0_2	ENA|CAA29956|CAA29956.1	40.00	10	6	0	5	14	236	245	4.4	16.1
Seq8551_478_bp_-1_0_2	ENA|AAC97205|AAC97205.1	35.71	14	9	0	1	14	651	664	5.7	17.4
Seq8551_478_bp_-1_0_2	ENA|AAA36114|AAA36114.1	53.85	15	6	2	1	13	269	283	5.9	16.1
Seq8551_478_bp_-1_0_2	ENA|AAA18786|AAA18786.1	30.77	13	9	0	3	15	230	242	7.7	14.8
Seq8551_478_bp_-1_0_2	ENA|ACT10338|ACT10338.1	57.14	7	3	0	2	8	267	273	8.2	15.2
Seq8551_478_bp_-1_0_2	ENA|AAA25966|AAA25966.1	28.57	14	10	0	1	14	487	500	8.2	16.1
Seq8551_478_bp_-1_0_2	ENA|AAF79734|AAF79734.1	46.15	13	7	0	1	13	692	704	8.8	17.0
Seq8551_478_bp_-1_0_3	ENA|ABN10845|ABN10845.1	50.00	8	4	0	3	10	101	108	0.17	19.9
Seq8551_478_bp_-1_0_3	ENA|CAA36214|CAA36214.1	57.14	7	3	0	4	10	275	281	0.62	18.5
Seq8551_478_bp_-1_0_3	ENA|AAC26660|AAC26660.1	40.00	10	6	0	1	10	177	186	0.72	18.0
Seq8551_478_bp_-1_0_3	ENA|ABD49687|ABD49687.1	100.00	4	0	0	8	11	509	512	0.97	20.3
Seq8551_478_bp_-1_0_3	ENA|AAB26998|AAB26998.1	45.45	11	6	0	2	12	6	16	1.1	15.7
Seq8551_478_bp_-1_0_3	ENA|BAA32018|BAA32018.1	45.45	11	6	0	2	12	152	162	1.3	18.5
Seq8551_478_bp_-1_0_3	ENA|AAR37016|AAR37016.1	60.00	10	4	0	3	12	1540	1549	1.3	20.3
Seq8551_478_bp_-1_0_3	ENA|ABK71357|ABK71357.1	50.00	8	4	0	5	12	174	181	1.9	17.1
Seq8551_478_bp_-1_0_3	ENA|AAC40132|AAC40132.1	44.44	10	5	1	1	10	64	72	2.5	17.1
Seq8551_478_bp_-1_0_3	ENA|CAA45199|CAA45199.1	50.00	8	4	0	2	9	291	298	3.4	16.6
Seq8551_478_bp_-1_0_3	ENA|CAA28033|CAA28033.1	62.50	8	3	0	2	9	230	237	3.6	18.0
Seq8551_478_bp_-1_0_3	ENA|BAB17681|BAB17681.1	75.00	4	1	0	7	10	108	111	3.7	15.7
Seq8551_478_bp_-1_0_3	ENA|AAA25966|AAA25966.1	60.00	5	2	0	5	9	66	70	3.7	17.1
Seq8551_478_bp_-1_0_3	ENA|AAC08817|AAC08817.1	100.00	2	0	0	9	10	1	2	4	14.8
Seq8551_478_bp_-1_0_3	ENA|ABG75784|ABG75784.1	33.33	12	8	0	1	12	40	51	4.2	15.7
Seq8551_478_bp_-1_0_3	ENA|AAS77176|AAS77176.1	42.86	7	4	0	7	13	140	146	5.3	15.3
Seq8551_478_bp_-1_0_3	ENA|CAA45708|CAA45708.1	42.86	7	4	0	4	10	1367	1373	5.6	17.6
Seq8551_478_bp_-1_0_3	ENA|BAB79260|BAB79260.1	37.50	10	5	2	3	10	386	395	6	15.7
Seq8551_478_bp_-1_0_3	ENA|AAB96524|AAB96524.1	75.00	4	1	0	2	5	99	102	6.3	14.3
Seq8551_478_bp_-1_0_3	ENA|CAA26023|CAA26023.1	37.50	8	5	0	3	10	40	47	6.9	15.3
Seq8551_478_bp_-1_0_3	ENA|AAA42531|AAA42531.1	60.00	5	2	0	1	5	150	154	6.9	15.3
Seq8551_478_bp_-1_0_3	ENA|AAA24145|AAA24145.1	40.00	10	6	0	4	13	140	149	8.2	15.3
Seq8551_478_bp_-1_0_3	ENA|AAA36539|AAA36539.1	28.57	7	5	0	1	7	401	407	8.4	15.3
Seq8551_478_bp_-1_0_3	ENA|ACH70901|ACH70901.1	55.56	11	4	2	1	11	289	297	8.7	14.8
Seq8551_478_bp_-1_0_3	ENA|AAA32624|AAA32624.1	40.00	10	6	0	4	13	113	122	9.2	15.3
Seq8551_478_bp_-1_0_3	ENA|BAA36759|BAA36759.1	60.00	5	2	0	7	11	94	98	9.5	14.3
Seq8551_478_bp_-1_0_3	ENA|AAF79734|AAF79734.1	41.67	13	7	1	2	13	1434	1446	9.7	16.6
Seq8551_478_bp_-1_0_4	ENA|CAA26023|CAA26023.1	71.43	7	2	0	1	7	156	162	2.2	16.9
Seq8551_478_bp_-1_0_4	ENA|CCP43727|CCP43727.1	36.36	11	7	0	1	11	68	78	2.7	16.3
Seq8551_478_bp_-1_0_4	ENA|BAA05866|BAA05866.1	36.36	11	7	0	2	12	188	198	3.7	15.8
Seq8551_478_bp_-1_0_4	ENA|AAA18786|AAA18786.1	33.33	12	8	0	1	12	25	36	4.7	15.2
Seq8551_478_bp_-1_0_4	ENA|CAA11507|CAA11507.1	40.00	10	6	0	1	10	81	90	7.3	16.9
Seq8551_478_bp_-1_0_5	ENA|AAC97205|AAC97205.1	50.00	10	5	0	1	10	1060	1069	4.3	17.3
Seq8551_478_bp_-1_0_5	ENA|AAR31603|AAR31603.1	44.44	9	5	0	2	10	179	187	9.7	14.1
Seq8551_478_bp_-1_1_0	ENA|ABN10845|ABN10845.1	20.27	83	59	9	6	79	64	146	2	19.3
Seq8551_478_bp_-1_1_0	ENA|BAA32956|BAA32956.1	18.06	79	59	7	19	97	20	91	2.3	19.1
Seq8551_478_bp_-1_1_0	ENA|AAC97205|AAC97205.1	24.69	87	61	6	22	104	415	499	2.4	21.6
Seq8551_478_bp_-1_1_0	ENA|AAB96524|AAB96524.1	21.95	42	32	1	48	89	23	63	5.2	17.7
Seq8551_478_bp_-1_1_0	ENA|BAB17681|BAB17681.1	23.29	82	56	9	8	86	104	179	5.7	18.1
Seq8551_478_bp_-1_1_0	ENA|ABD49687|ABD49687.1	26.53	116	72	18	7	108	655	766	8.6	20.1
Seq8551_478_bp_-1_1_0	ENA|CAA26939|CAA26939.1	29.03	31	22	0	78	108	499	529	8.8	18.5
Seq8551_478_bp_-1_1_1	ENA|ACH70901|ACH70901.1	53.85	15	6	2	4	16	282	296	0.25	20.4
Seq8551_478_bp_-1_1_1	ENA|AAR37016|AAR37016.1	30.77	13	9	0	4	16	1252	1264	0.99	21.1
Seq8551_478_bp_-1_1_1	ENA|AAB26998|AAB26998.1	40.00	10	6	0	8	17	32	41	1.2	16.0
Seq8551_478_bp_-1_1_1	ENA|AAC97205|AAC97205.1	60.00	10	4	0	4	13	541	550	1.9	19.3
Seq8551_478_bp_-1_1_1	ENA|AAB96524|AAB96524.1	50.00	8	4	0	5	12	171	178	4.6	15.2
Seq8551_478_bp_-1_1_1	ENA|EDO47375|EDO47375.1	60.00	5	2	0	12	16	125	129	7.5	14.5
Seq8551_478_bp_-1_1_1	ENA|CAA29968|CAA29968.1	40.00	10	6	0	3	12	150	159	9.8	14.1
Seq8551_478_bp_-1_2_0	ENA|AAA25966|AAA25966.1	38.10	22	13	1	6	26	91	112	0.075	24.5
Seq8551_478_bp_-1_2_0	ENA|ABN10845|ABN10845.1	32.43	42	25	5	1	42	48	84	0.12	22.0
Seq8551_478_bp_-1_2_0	ENA|CAA29968|CAA29968.1	41.18	37	20	3	4	40	55	88	0.14	21.7
Seq8551_478_bp_-1_2_0	ENA|AAC97205|AAC97205.1	46.15	31	14	5	3	33	754	779	0.21	23.8
Seq8551_478_bp_-1_2_0	ENA|ABK71357|ABK71357.1	23.81	44	32	2	1	42	170	213	0.27	21.7
Seq8551_478_bp_-1_2_0	ENA|CAA11507|CAA11507.1	24.32	37	28	0	6	42	94	130	0.48	22.7
Seq8551_478_bp_-1_2_0	ENA|AAA18786|AAA18786.1	17.14	36	29	1	4	38	25	60	0.52	20.3
Seq8551_478_bp_-1_2_0	ENA|CAA26023|CAA26023.1	29.63	27	19	0	1	27	155	181	0.74	20.3
Seq8551_478_bp_-1_2_0	ENA|ABD49687|ABD49687.1	38.10	21	13	0	4	24	233	253	0.97	22.0
Seq8551_478_bp_-1_2_0	ENA|BAA32956|BAA32956.1	19.35	31	25	0	5	35	26	56	1.1	18.8
Seq8551_478_bp_-1_2_0	ENA|BAB79260|BAB79260.1	18.18	34	27	1	2	35	158	190	1.4	19.5
Seq8551_478_bp_-1_2_0	ENA|AAR37016|AAR37016.1	26.19	48	31	6	1	42	475	522	1.7	21.7
Seq8551_478_bp_-1_2_0	ENA|AAB26998|AAB26998.1	22.22	19	14	1	1	19	40	57	1.7	16.7
Seq8551_478_bp_-1_2_0	ENA|CAA43419|CAA43419.1	35.00	20	13	0	23	42	159	178	1.8	18.8
Seq8551_478_bp_-1_2_0	ENA|EDO47375|EDO47375.1	26.92	26	19	0	15	40	84	109	2.5	17.4
Seq8551_478_bp_-1_2_0	ENA|AAA24145|AAA24145.1	25.71	35	26	0	1	35	314	348	2.9	18.5
Seq8551_478_bp_-1_2_0	ENA|AAA36539|AAA36539.1	27.78	41	26	5	3	38	409	449	3	18.5
Seq8551_478_bp_-1_2_0	ENA|CAA73529|CAA73529.1	33.33	9	6	0	5	13	38	46	3.6	17.4
Seq8551_478_bp_-1_2_0	ENA|AAI27517|AAI27517.1	30.00	41	28	1	2	41	400	440	3.7	18.5
Seq8551_478_bp_-1_2_0	ENA|CAA36214|CAA36214.1	33.33	28	18	1	11	37	49	76	4	17.4
Seq8551_478_bp_-1_2_0	ENA|AAQ92751|AAQ92751.2	25.00	43	30	3	3	42	204	246	4.2	19.5
Seq8551_478_bp_-1_2_0	ENA|AAC17860|AAC17860.1	34.38	39	21	7	5	36	314	352	4.2	17.8
Seq8551_478_bp_-1_2_0	ENA|AAC78721|AAC78721.1	22.22	36	28	0	4	39	240	275	4.2	18.5
Seq8551_478_bp_-1_2_0	ENA|CAA24711|CAA24711.1	19.35	31	25	0	6	36	131	161	4.7	16.4
Seq8551_478_bp_-1_2_0	ENA|AAS77176|AAS77176.1	28.12	36	23	4	5	39	242	274	4.8	17.1
Seq8551_478_bp_-1_2_0	ENA|CAA28033|CAA28033.1	28.57	37	25	2	1	35	239	275	5	19.2
Seq8551_478_bp_-1_2_0	ENA|ACT10338|ACT10338.1	44.44	18	10	0	23	40	9	26	6.4	17.1
Seq8551_478_bp_-1_2_0	ENA|BAA05866|BAA05866.1	20.00	25	20	0	14	38	110	134	6.4	16.7
Seq8551_478_bp_-1_2_0	ENA|AAB96524|AAB96524.1	31.58	19	13	0	18	36	61	79	7.9	15.7
Seq8551_478_bp_-1_2_0	ENA|AAA36114|AAA36114.1	20.00	30	24	0	13	42	164	193	8.2	17.1
Seq8551_478_bp_-1_2_0	ENA|AAF79734|AAF79734.1	19.35	31	25	0	6	36	212	242	8.8	18.5
Seq8551_478_bp_-1_2_0	ENA|CAA26939|CAA26939.1	24.14	29	22	0	3	31	347	375	9.1	17.1
Seq8551_478_bp_-1_2_0	ENA|BAA36759|BAA36759.1	33.33	25	14	4	1	24	260	281	9.5	16.0
Seq8551_478_bp_-1_2_0	ENA|CAA45199|CAA45199.1	29.03	40	22	9	7	40	368	404	9.5	16.7
Seq8551_478_bp_-1_2_1	ENA|CAA11507|CAA11507.1	26.58	91	58	12	1	89	30	110	0.17	25.3
Seq8551_478_bp_-1_2_1	ENA|BAB79260|BAB79260.1	20.25	88	63	9	3	89	230	309	0.27	23.0
Seq8551_478_bp_-1_2_1	ENA|BAB79260|BAB79260.1	25.71	75	52	5	7	81	49	118	0.32	22.8
Seq8551_478_bp_-1_2_1	ENA|ABN10845|ABN10845.1	19.18	77	59	4	13	88	108	181	0.85	20.3
Seq8551_478_bp_-1_2_1	ENA|CAB75732|CAB75732.1	25.00	50	36	2	14	63	676	723	1.1	22.3
Seq8551_478_bp_-1_2_1	ENA|CAA36714|CAA36714.1	21.74	74	54	5	9	77	91	164	1.3	20.8
Seq8551_478_bp_-1_2_1	ENA|AAR37016|AAR37016.1	17.86	86	69	2	4	89	1636	1719	1.6	22.8
Seq8551_478_bp_-1_2_1	ENA|AAR31603|AAR31603.1	19.23	88	63	10	6	88	66	148	2.5	19.3
Seq8551_478_bp_-1_2_1	ENA|BAA36759|BAA36759.1	19.77	93	69	7	1	88	152	242	2.6	19.1
Seq8551_478_bp_-1_2_1	ENA|AAQ92751|AAQ92751.2	20.00	72	56	2	13	82	1201	1272	3.2	21.0
Seq8551_478_bp_-1_2_1	ENA|ABD49687|ABD49687.1	19.18	78	59	5	8	82	1057	1132	3.3	21.3
Seq8551_478_bp_-1_2_1	ENA|AAA72732|AAA72732.1	26.67	66	44	6	17	82	125	184	3.4	18.8
Seq8551_478_bp_-1_2_1	ENA|AAA24145|AAA24145.1	24.56	61	43	4	11	67	183	243	3.5	19.3
Seq8551_478_bp_-1_2_1	ENA|CAD53387|CAD53387.1	25.49	55	38	4	8	59	439	492	4.5	19.1
Seq8551_478_bp_-1_2_1	ENA|AAC08817|AAC08817.1	22.22	80	56	8	7	79	33	111	4.7	17.3
Seq8551_478_bp_-1_2_1	ENA|ABK71357|ABK71357.1	22.39	75	52	8	15	82	20	93	4.7	18.6
Seq8551_478_bp_-1_2_1	ENA|AAI27517|AAI27517.1	20.90	70	53	3	2	71	529	595	5.3	19.1
Seq8551_478_bp_-1_2_1	ENA|AAA36539|AAA36539.1	27.27	45	32	1	8	51	424	468	6	18.6
Seq8551_478_bp_-1_2_1	ENA|AAA36114|AAA36114.1	25.00	66	45	6	22	81	1	66	6.4	18.6
Seq8551_478_bp_-1_2_1	ENA|AAB03707|AAB03707.1	19.51	85	66	3	2	85	694	776	7.2	19.8
Seq8551_478_bp_-1_2_1	ENA|AAA25966|AAA25966.1	21.31	63	48	2	20	81	453	514	7.5	18.8
Seq8551_478_bp_-1_2_1	ENA|AAF79734|AAF79734.1	23.19	74	53	5	14	86	505	574	7.6	19.8
Seq8551_478_bp_-1_2_1	ENA|ABG75784|ABG75784.1	18.67	77	61	2	13	87	87	163	7.7	17.6
Seq8551_478_bp_-1_2_1	ENA|CAA73529|CAA73529.1	23.53	34	26	0	56	89	220	253	8	17.3
Seq8551_478_bp_-1_2_1	ENA|CCP43727|CCP43727.1	18.57	73	57	3	20	89	11	83	8	17.6
Seq8551_478_bp_-1_2_1	ENA|AAS77176|AAS77176.1	29.63	27	19	0	63	89	5	31	8.4	17.3
Seq8551_478_bp_-1_2_1	ENA|AAC17860|AAC17860.1	19.12	68	55	0	1	68	304	371	8.4	17.8
Seq8551_478_bp_-1_2_1	ENA|CAA26939|CAA26939.1	27.27	90	56	13	4	89	38	118	9.7	18.1
Seq8551_478_bp_-1_2_2	ENA|CAA43419|CAA43419.1	27.78	18	13	0	1	18	208	225	0.12	21.5
Seq8551_478_bp_-1_2_2	ENA|AAB03707|AAB03707.1	46.15	13	7	0	1	13	15	27	1.3	20.0
Seq8551_478_bp_-1_2_2	ENA|ACH70901|ACH70901.1	42.86	15	8	1	3	16	228	242	1.4	18.0
Seq8551_478_bp_-1_2_2	ENA|ACT10338|ACT10338.1	55.56	10	4	1	4	13	252	260	1.5	18.0
Seq8551_478_bp_-1_2_2	ENA|AAQ92751|AAQ92751.2	46.15	13	7	0	6	18	629	641	1.9	19.5
Seq8551_478_bp_-1_2_2	ENA|ABD33854|ABD33854.1	33.33	14	8	2	1	14	20	31	2	15.0
Seq8551_478_bp_-1_2_2	ENA|AAA42531|AAA42531.1	27.27	11	8	0	6	16	260	270	2.1	17.5
Seq8551_478_bp_-1_2_2	ENA|AAR37016|AAR37016.1	50.00	10	5	0	6	15	688	697	2.2	20.0
Seq8551_478_bp_-1_2_2	ENA|ABD49687|ABD49687.1	33.33	15	10	0	2	16	1687	1701	2.3	19.5
Seq8551_478_bp_-1_2_2	ENA|BAB79260|BAB79260.1	28.57	14	10	0	1	14	288	301	2.5	17.5
Seq8551_478_bp_-1_2_2	ENA|BAB17681|BAB17681.1	38.46	13	8	0	1	13	182	194	3	16.5
Seq8551_478_bp_-1_2_2	ENA|CAA36714|CAA36714.1	26.67	15	11	0	1	15	11	25	3.6	17.0
Seq8551_478_bp_-1_2_2	ENA|CAA11507|CAA11507.1	31.25	16	11	0	3	18	1211	1226	3.7	18.5
Seq8551_478_bp_-1_2_2	ENA|CAA45708|CAA45708.1	50.00	10	5	0	3	12	688	697	4.1	18.5
Seq8551_478_bp_-1_2_2	ENA|CAA26939|CAA26939.1	29.41	17	12	0	1	17	107	123	4.4	17.0
Seq8551_478_bp_-1_2_2	ENA|CAB75732|CAB75732.1	40.00	10	6	0	3	12	310	319	4.4	18.0
Seq8551_478_bp_-1_2_2	ENA|AAI27517|AAI27517.1	38.46	13	8	0	1	13	160	172	4.5	17.0
Seq8551_478_bp_-1_2_2	ENA|CCP43727|CCP43727.1	30.00	10	7	0	7	16	51	60	5	16.0
Seq8551_478_bp_-1_2_2	ENA|AAC49865|AAC49865.1	44.44	9	5	0	6	14	172	180	5	16.0
Seq8551_478_bp_-1_2_2	ENA|AAC78721|AAC78721.1	26.67	15	11	0	3	17	116	130	5.1	17.0
Seq8551_478_bp_-1_2_2	ENA|CAA24711|CAA24711.1	23.53	17	13	0	2	18	3	19	5.3	15.0
Seq8551_478_bp_-1_2_2	ENA|AAA36114|AAA36114.1	50.00	13	6	1	5	16	495	507	5.5	16.5
Seq8551_478_bp_-1_2_2	ENA|CAA29956|CAA29956.1	23.08	13	10	0	4	16	358	370	5.7	16.0
Seq8551_478_bp_-1_2_2	ENA|BAA05866|BAA05866.1	18.18	11	9	0	5	15	23	33	6.6	15.5
Seq8551_478_bp_-1_2_2	ENA|AAA32624|AAA32624.1	31.25	16	11	0	2	17	440	455	7.8	16.0
Seq8551_478_bp_-1_2_2	ENA|CAA73529|CAA73529.1	33.33	12	8	0	5	16	190	201	8.2	15.0
