Seq8295_457_bp_1_0_0	AAA45888.1	100.00	152	0	0	1	152	201	352	4.7e-109	381.5
Seq8295_457_bp_1_0_0	CAA74140.1	52.94	17	8	0	122	138	402	418	0.73	23.4
Seq8295_457_bp_1_0_0	BAE97662.1	40.62	35	19	3	64	96	181	214	0.76	23.6
Seq8295_457_bp_1_0_0	ABD49687.1	69.23	13	4	0	115	127	294	306	2.6	22.4
Seq8295_457_bp_1_0_0	ABD33854.1	40.74	35	16	8	10	41	27	56	6.2	16.4
Seq8295_457_bp_1_0_0	AAA18786.1	66.67	14	4	2	116	129	161	172	6.7	18.3
Seq8295_457_bp_1_1_0	AAC97205.1	69.23	16	4	3	8	20	834	849	0.067	25.4
Seq8295_457_bp_1_1_0	AAA18786.1	56.25	17	7	1	5	21	194	209	0.089	22.7
Seq8295_457_bp_1_1_0	AII71783.1	76.92	19	3	6	2	14	208	226	0.25	21.4
Seq8295_457_bp_1_1_0	AAX84812.1	46.67	15	8	0	5	19	18	32	2.9	17.5
Seq8295_457_bp_1_1_0	ABG75784.1	62.50	8	3	0	5	12	102	109	3.8	17.5
Seq8295_457_bp_1_1_0	AAA26915.1	100.00	5	0	0	10	14	10	14	4.5	17.8
Seq8295_457_bp_1_1_0	AAC08817.1	50.00	12	6	0	11	22	62	73	4.9	16.2
Seq8295_457_bp_1_1_0	AAA65607.1	35.29	17	11	0	8	24	34	50	6.9	16.9
Seq8295_457_bp_1_1_0	AAI27517.1	37.04	30	17	3	11	37	337	366	7	17.5
Seq8295_457_bp_1_1_0	ACT10338.1	41.18	39	20	5	4	40	79	114	7.2	16.9
Seq8295_457_bp_1_1_0	AAR31603.1	58.33	20	5	8	11	30	73	84	7.7	16.5
Seq8295_457_bp_1_1_0	ABD49687.1	55.00	28	9	8	15	35	1683	1709	8.1	18.8
Seq8295_457_bp_1_1_0	BAB79260.1	46.67	15	8	0	3	17	344	358	8.4	16.9
Seq8295_457_bp_1_1_0	ABK71357.1	57.14	20	6	6	20	39	149	162	8.6	16.5
Seq8295_457_bp_1_1_0	AAA24969.1	64.71	24	6	7	18	34	1162	1185	9	18.5
Seq8295_457_bp_1_1_0	AIR13712.1	50.00	10	5	0	25	34	240	249	9.4	16.2
Seq8295_457_bp_1_1_1	AAA72732.1	40.00	56	27	11	10	60	118	167	0.23	23.0
Seq8295_457_bp_1_1_1	BAB79260.1	62.50	19	6	3	55	72	318	334	0.61	22.2
Seq8295_457_bp_1_1_1	AAA32376.1	52.94	19	8	2	70	86	82	100	0.78	20.4
Seq8295_457_bp_1_1_1	AAA45888.1	64.29	22	5	8	64	82	116	132	1.2	21.0
Seq8295_457_bp_1_1_1	BAA32018.1	53.57	36	13	8	63	95	510	540	1.3	21.6
Seq8295_457_bp_1_1_1	BAB17681.1	45.83	31	13	7	84	108	200	229	2.7	19.2
Seq8295_457_bp_1_1_1	AEE27845.1	66.67	19	5	4	72	90	1136	1150	2.8	21.6
Seq8295_457_bp_1_1_1	AAC97205.1	47.06	19	9	2	37	53	789	807	3.6	21.0
Seq8295_457_bp_1_1_1	CAA04196.1	42.86	26	12	5	3	28	86	106	4.1	19.2
Seq8295_457_bp_1_1_1	AAR31603.1	45.45	29	12	7	55	83	1	22	4.8	18.7
Seq8295_457_bp_1_1_1	AAB64315.2	50.00	17	8	1	71	86	48	64	4.8	18.7
Seq8295_457_bp_1_1_1	AAB03707.1	45.95	51	20	14	15	53	831	879	4.9	20.7
Seq8295_457_bp_1_1_1	EDO47375.1	55.56	9	4	0	86	94	5	13	5	17.8
Seq8295_457_bp_1_1_1	AAR37016.1	61.54	17	5	4	92	104	1763	1779	5.6	21.3
Seq8295_457_bp_1_1_1	AAA42531.1	40.00	17	9	2	56	70	194	210	6.8	18.4
Seq8295_457_bp_1_1_1	AAC08817.1	55.56	9	4	0	69	77	81	89	7.7	16.9
Seq8295_457_bp_1_1_1	BAB70780.1	62.50	8	3	0	78	85	481	488	8.3	18.4
Seq8295_457_bp_1_1_1	AAB96524.1	50.00	15	7	1	97	110	101	115	8.7	16.9
Seq8295_457_bp_1_1_1	ABK71357.1	57.89	27	8	8	2	23	146	169	9.4	17.8
Seq8295_457_bp_1_1_1	AAA36565.1	90.00	18	1	8	86	95	134	151	9.5	16.6
Seq8295_457_bp_1_1_1	AAF01122.1	50.00	15	7	1	77	91	263	276	9.5	17.8
Seq8295_457_bp_1_2_0	AAB26998.1	57.14	7	3	0	3	9	41	47	0.43	17.3
Seq8295_457_bp_1_2_0	ABK71357.1	100.00	5	0	0	2	6	156	160	0.79	18.7
Seq8295_457_bp_1_2_0	AAC08817.1	66.67	7	2	1	7	13	3	8	1.8	16.3
Seq8295_457_bp_1_2_0	AAA32624.1	83.33	12	1	6	11	16	514	525	3.6	17.0
Seq8295_457_bp_1_2_0	AAX84812.1	80.00	6	1	1	5	10	189	193	4.1	15.6
Seq8295_457_bp_1_2_0	CAA73529.1	75.00	4	1	0	8	11	37	40	4.8	15.6
Seq8295_457_bp_1_2_0	AAA24142.1	100.00	4	0	0	5	8	28	31	4.9	16.3
Seq8295_457_bp_1_2_0	AAC17860.1	100.00	3	0	0	7	9	314	316	5.6	16.0
Seq8295_457_bp_1_2_0	ABD49687.1	40.00	10	6	0	1	10	1170	1179	5.6	18.0
Seq8295_457_bp_1_2_0	AAR31603.1	62.50	10	3	2	2	11	136	143	5.7	15.6
Seq8295_457_bp_1_2_0	BAA32956.1	66.67	3	1	0	13	15	26	28	5.9	14.9
Seq8295_457_bp_1_2_0	CAA26230.1	62.50	9	3	1	1	9	512	519	6	16.3
Seq8295_457_bp_1_2_0	AAI27517.1	80.00	5	1	0	1	5	116	120	6.3	16.3
Seq8295_457_bp_1_2_0	AIR13712.1	66.67	3	1	0	13	15	136	138	8.9	14.9
Seq8295_457_bp_1_2_0	AAC78721.1	71.43	10	2	3	3	9	629	638	8.9	16.0
Seq8295_457_bp_1_2_0	ABN10845.1	75.00	5	1	1	9	12	54	58	9.4	14.2
Seq8295_457_bp_1_2_0	AAA24969.1	80.00	5	1	0	1	5	1028	1032	9.8	17.0
Seq8295_457_bp_1_2_1	BAA32956.1	75.00	33	5	13	3	35	181	200	0.0081	27.0
Seq8295_457_bp_1_2_1	AAI27517.1	52.78	50	17	14	18	66	504	540	0.68	22.1
Seq8295_457_bp_1_2_1	AAC97205.1	56.25	21	7	5	10	27	17	35	0.98	22.6
Seq8295_457_bp_1_2_1	CAA45199.1	45.45	24	12	2	51	73	366	388	2.4	19.9
Seq8295_457_bp_1_2_1	AAR37016.1	54.17	37	11	13	6	37	955	983	2.7	22.1
Seq8295_457_bp_1_2_1	CAD53387.1	100.00	9	0	3	7	12	469	477	3.1	19.6
Seq8295_457_bp_1_2_1	ABL74574.1	71.43	7	2	0	1	7	147	153	3.8	18.5
Seq8295_457_bp_1_2_1	AAA65607.1	60.00	10	4	0	21	30	110	119	4	18.8
Seq8295_457_bp_1_2_1	ABK71357.1	100.00	7	0	1	3	9	44	49	4.1	18.8
Seq8295_457_bp_1_2_1	CAA26230.1	75.00	10	2	2	60	69	512	519	4.2	19.3
Seq8295_457_bp_1_2_1	AAA45888.1	64.71	24	6	7	1	22	5	23	5	18.5
Seq8295_457_bp_1_2_1	ABN10845.1	57.14	7	3	0	56	62	54	60	7.2	17.2
Seq8295_457_bp_1_2_1	AAB96524.1	54.55	12	5	1	17	27	76	87	7.4	16.9
Seq8295_457_bp_1_2_1	AAA32624.1	77.78	11	2	2	34	42	514	524	8	18.3
Seq8295_457_bp_1_2_2	BAA32956.1	68.75	22	5	6	14	35	182	197	0.038	23.4
Seq8295_457_bp_1_2_2	AAA26915.1	71.43	7	2	0	2	8	431	437	0.068	23.7
Seq8295_457_bp_1_2_2	AAQ92751.2	70.00	10	3	0	9	18	1116	1125	2.5	20.1
Seq8295_457_bp_1_2_2	AAC17860.1	100.00	4	0	0	17	20	403	406	3.2	17.9
Seq8295_457_bp_1_2_2	AAA32624.1	57.14	7	3	0	16	22	476	482	3.3	18.2
Seq8295_457_bp_1_2_2	ABG75784.1	85.71	10	1	3	11	20	167	173	3.8	17.3
Seq8295_457_bp_1_2_2	AAA25966.1	80.00	5	1	0	6	10	323	327	4.6	18.2
Seq8295_457_bp_1_2_2	AAA32376.1	66.67	7	2	1	16	21	21	27	5.9	15.8
Seq8295_457_bp_1_2_2	AAB96524.1	40.00	10	6	0	24	33	117	126	7.7	15.5
Seq8295_457_bp_1_2_2	ABL74574.1	55.56	9	4	0	10	18	269	277	9.5	15.8
Seq8295_457_bp_1_2_2	AAA24142.1	50.00	6	3	0	17	22	442	447	9.7	16.4
Seq8295_457_bp_-1_0_0	AAA32376.1	50.00	38	15	8	9	41	96	130	0.13	21.7
Seq8295_457_bp_-1_0_0	AAA36565.1	75.00	24	4	8	6	25	37	56	0.35	20.1
Seq8295_457_bp_-1_0_0	BAB79260.1	50.00	17	8	1	19	35	138	153	0.5	21.1
Seq8295_457_bp_-1_0_0	AAA45888.1	61.90	27	8	6	2	28	222	242	0.79	20.1
Seq8295_457_bp_-1_0_0	BAA32018.1	46.15	31	14	5	12	41	361	387	0.85	20.8
Seq8295_457_bp_-1_0_0	BAB70780.1	50.00	22	9	4	3	24	204	221	1.2	19.8
Seq8295_457_bp_-1_0_0	CAA73529.1	50.00	18	7	4	17	34	184	197	2.9	17.7
Seq8295_457_bp_-1_0_0	AAQ92751.2	50.00	18	9	0	10	27	858	875	3.4	19.8
Seq8295_457_bp_-1_0_0	AAB64315.2	83.33	6	1	0	11	16	298	303	3.5	17.7
Seq8295_457_bp_-1_0_0	ABN10845.1	87.50	10	1	2	1	9	154	162	4.3	16.8
Seq8295_457_bp_-1_0_0	ABG75784.1	71.43	7	2	0	10	16	105	111	6.1	16.8
Seq8295_457_bp_-1_0_0	AAA18786.1	42.86	15	8	1	29	42	164	178	6.4	16.5
Seq8295_457_bp_-1_0_0	AAC17860.1	57.14	7	3	0	16	22	370	376	6.5	17.1
Seq8295_457_bp_-1_0_0	AAB26998.1	100.00	4	0	0	20	23	2	5	6.5	14.7
Seq8295_457_bp_-1_0_0	AAA24969.1	68.42	31	6	12	4	34	441	459	8.3	18.6
Seq8295_457_bp_-1_0_0	ABD33854.1	66.67	7	2	1	4	10	29	34	9.6	13.8
Seq8295_457_bp_-1_0_0	AAA32624.1	50.00	18	7	4	10	27	174	187	9.8	16.8
Seq8295_457_bp_-1_0_1	ABD33854.1	53.85	16	6	3	51	65	46	59	0.0083	25.3
Seq8295_457_bp_-1_0_1	AAR37016.1	41.82	70	32	15	29	83	250	319	0.054	27.8
Seq8295_457_bp_-1_0_1	ABK71357.1	81.25	26	3	10	69	84	126	151	0.43	22.1
Seq8295_457_bp_-1_0_1	AAC97205.1	45.00	25	11	5	40	64	1176	1195	2.2	21.5
Seq8295_457_bp_-1_0_1	CAA04196.1	46.67	16	8	1	1	15	246	261	2.2	19.9
Seq8295_457_bp_-1_0_1	EDO47375.1	42.86	45	20	10	15	52	141	182	4.4	17.7
Seq8295_457_bp_-1_0_1	AAA26915.1	46.15	15	7	2	59	71	156	170	4.5	19.0
Seq8295_457_bp_-1_0_1	CAA74140.1	50.00	34	13	8	54	79	696	729	4.7	19.9
Seq8295_457_bp_-1_0_1	BAA32956.1	75.00	9	2	1	71	79	174	181	6	17.4
Seq8295_457_bp_-1_0_1	AAA24142.1	50.00	8	4	0	8	15	401	408	6.6	18.4
Seq8295_457_bp_-1_0_1	AAF01122.1	55.56	21	8	3	67	85	12	31	6.9	18.1
Seq8295_457_bp_-1_0_1	AAA72732.1	50.00	15	7	1	59	72	236	250	7.1	17.7
Seq8295_457_bp_-1_0_1	AAA18786.1	83.33	6	1	0	74	79	264	269	9.1	17.1
Seq8295_457_bp_-1_1_0	BAA32956.1	62.50	21	6	5	17	32	111	131	0.41	21.6
Seq8295_457_bp_-1_1_0	AAA72732.1	36.84	44	24	6	2	45	143	180	0.6	21.6
Seq8295_457_bp_-1_1_0	ABN10845.1	27.42	71	45	9	17	79	41	110	1.1	20.2
Seq8295_457_bp_-1_1_0	CAA74140.1	51.72	41	14	12	27	57	787	825	1.2	22.2
Seq8295_457_bp_-1_1_0	AAX84812.1	75.00	8	2	0	21	28	189	196	1.2	20.2
Seq8295_457_bp_-1_1_0	AAA18786.1	47.62	23	11	2	33	53	210	232	1.4	20.2
Seq8295_457_bp_-1_1_0	CAA73529.1	41.18	19	10	2	14	32	24	40	1.8	19.9
Seq8295_457_bp_-1_1_0	AAA24142.1	61.54	20	5	7	3	15	242	261	3.5	19.6
Seq8295_457_bp_-1_1_0	AIR13712.1	41.86	53	25	10	8	53	30	79	4.6	18.7
Seq8295_457_bp_-1_1_0	BAA32018.1	58.82	21	7	4	61	77	169	189	5.8	19.3
Seq8295_457_bp_-1_1_0	EDO47375.1	46.15	29	14	3	19	47	112	137	7.1	17.3
Seq8295_457_bp_-1_1_0	BAB79260.1	59.26	40	11	13	6	41	268	298	7.6	18.4
Seq8295_457_bp_-1_1_0	AAF01122.1	85.71	8	1	1	42	48	261	268	7.7	18.1
Seq8295_457_bp_-1_1_0	AAR37016.1	40.00	22	12	2	32	51	1076	1097	7.8	20.8
Seq8295_457_bp_-1_1_0	ABD33854.1	38.10	23	13	2	45	67	1	21	8.1	15.5
Seq8295_457_bp_-1_1_0	AAA65607.1	55.56	9	4	0	40	48	356	364	9.1	17.8
Seq8295_457_bp_-1_1_0	CAA11507.1	41.67	12	7	0	25	36	918	929	9.9	19.6
Seq8295_457_bp_-1_1_1	AAA72732.1	40.74	31	16	4	7	35	287	315	1.7	18.7
Seq8295_457_bp_-1_1_1	CAA74140.1	57.89	24	8	5	17	38	133	153	2.7	19.6
Seq8295_457_bp_-1_1_1	AAR31603.1	66.67	25	6	7	19	38	34	56	3.2	17.8
Seq8295_457_bp_-1_1_1	AAB64315.2	55.56	9	4	0	27	35	146	154	3.2	17.8
Seq8295_457_bp_-1_1_1	AAA32376.1	100.00	5	0	0	7	11	8	12	4.6	16.4
Seq8295_457_bp_-1_1_1	ACH70904.1	52.94	20	8	3	10	26	90	109	5.2	17.3
Seq8295_457_bp_-1_1_1	AAA24142.1	47.83	29	12	6	3	30	224	247	6.4	17.3
Seq8295_457_bp_-1_1_1	BAB79260.1	61.54	42	10	16	9	40	262	297	6.4	17.3
Seq8295_457_bp_-1_1_1	AAQ92751.2	58.33	14	5	2	2	13	1149	1162	7	18.7
Seq8295_457_bp_-1_2_0	AAI27517.1	60.71	39	11	11	106	144	106	133	0.029	27.4
Seq8295_457_bp_-1_2_0	AAA45888.1	50.00	41	17	7	15	48	330	370	0.095	25.1
Seq8295_457_bp_-1_2_0	AAA45888.1	55.00	23	9	3	18	40	307	326	0.33	23.3
Seq8295_457_bp_-1_2_0	CAA04196.1	56.25	17	7	1	91	106	284	300	0.44	23.0
Seq8295_457_bp_-1_2_0	AEE27845.1	58.82	20	7	3	9	25	667	686	0.64	24.2
Seq8295_457_bp_-1_2_0	AAF01122.1	76.47	27	4	10	122	146	119	137	0.72	22.1
Seq8295_457_bp_-1_2_0	ABG75784.1	66.67	21	5	6	124	142	241	257	0.73	21.8
Seq8295_457_bp_-1_2_0	AAR31603.1	51.85	33	13	6	74	106	283	309	0.94	21.5
Seq8295_457_bp_-1_2_0	ABD49687.1	51.85	74	26	20	8	69	93	158	0.96	23.9
Seq8295_457_bp_-1_2_0	AAC17860.1	68.42	23	6	4	54	76	136	154	0.96	21.8
Seq8295_457_bp_-1_2_0	AAA24142.1	75.00	8	2	0	106	113	199	206	1.1	21.8
Seq8295_457_bp_-1_2_0	CAD53387.1	58.82	19	7	2	103	121	60	76	1.2	21.8
Seq8295_457_bp_-1_2_0	AAR37016.1	58.70	76	19	30	6	70	1468	1524	1.3	23.9
Seq8295_457_bp_-1_2_0	CAA26230.1	85.71	7	1	0	49	55	509	515	2	21.2
Seq8295_457_bp_-1_2_0	AIR13712.1	46.15	29	14	3	76	104	93	118	2.1	20.3
Seq8295_457_bp_-1_2_0	AAQ92751.2	52.38	25	10	4	109	133	1138	1158	2.1	22.4
Seq8295_457_bp_-1_2_0	ABL74574.1	71.43	7	2	0	118	124	150	156	3.4	19.4
Seq8295_457_bp_-1_2_0	AAA18786.1	54.55	29	10	7	20	45	65	89	3.8	19.2
Seq8295_457_bp_-1_2_0	AAB64315.2	72.73	12	3	1	96	106	212	223	4.7	19.2
Seq8295_457_bp_-1_2_0	AAA72732.1	54.05	54	17	17	39	87	216	257	5.4	18.9
Seq8295_457_bp_-1_2_0	AAH69556.1	42.86	42	20	7	75	111	45	84	6.4	18.6
Seq8295_457_bp_-1_2_0	AAA26915.1	56.52	30	10	7	122	145	95	123	6.6	19.2
Seq8295_457_bp_-1_2_0	AII71783.1	40.91	23	13	1	130	151	162	184	9.5	18.0
