Seq10026_210_bp_1_0_0	AAB03707.1	36.36	11	7	0	1	11	1346	1356	2.1	18.8
Seq10026_210_bp_1_0_0	BAB79260.1	50.00	12	6	0	1	12	438	449	2.3	17.0
Seq10026_210_bp_1_0_0	AAA25966.1	80.00	5	1	0	1	5	486	490	2.5	17.6
Seq10026_210_bp_1_0_0	ABK71357.1	50.00	11	5	1	2	12	172	181	2.8	16.4
Seq10026_210_bp_1_0_0	AAC08817.1	36.36	11	7	0	2	12	95	105	4.2	14.7
Seq10026_210_bp_1_0_0	AAB26998.1	60.00	5	2	0	3	7	43	47	4.5	13.5
Seq10026_210_bp_1_0_0	CAA73529.1	66.67	8	2	2	1	8	36	41	4.6	15.2
Seq10026_210_bp_1_0_0	AAC78721.1	42.86	7	4	0	1	7	187	193	5	16.4
Seq10026_210_bp_1_0_0	AAR31603.1	42.86	7	4	0	5	11	141	147	5.5	15.2
Seq10026_210_bp_1_0_0	AAB96524.1	60.00	5	2	0	7	11	62	66	7	14.1
Seq10026_210_bp_1_0_0	BAA32956.1	57.14	7	3	0	6	12	27	33	7.8	14.1
Seq10026_210_bp_1_0_1	ABN10845.1	80.00	5	1	0	3	7	102	106	2.1	16.8
Seq10026_210_bp_1_0_1	ABK71357.1	83.33	6	1	0	5	10	311	316	2.5	17.4
Seq10026_210_bp_1_0_1	EDO47375.1	37.50	8	5	0	12	19	36	43	2.7	16.2
Seq10026_210_bp_1_0_1	AAH69556.1	80.00	5	1	0	15	19	71	75	3	16.8
Seq10026_210_bp_1_0_1	AAA23282.1	71.43	7	2	0	14	20	423	429	3.7	17.4
Seq10026_210_bp_1_0_1	AAA45888.1	50.00	6	3	0	7	12	108	113	7.9	15.7
Seq10026_210_bp_1_0_1	BAB70780.1	57.14	7	3	0	13	19	483	489	9.8	15.7
Seq10026_210_bp_1_0_1	AAR31603.1	36.36	11	7	0	6	16	129	139	9.8	15.1
Seq10026_210_bp_1_0_2	AAB64315.2	52.94	17	8	0	6	22	100	116	0.17	21.6
Seq10026_210_bp_1_0_2	BAE97662.1	36.00	27	16	2	1	25	673	699	1.6	20.1
Seq10026_210_bp_1_0_2	AEE27845.1	29.17	24	17	0	4	27	283	306	2	20.1
Seq10026_210_bp_1_0_2	AAA65607.1	83.33	6	1	0	4	9	270	275	2.1	18.1
Seq10026_210_bp_1_0_2	AAF01122.1	47.06	17	9	0	11	27	130	146	3	17.6
Seq10026_210_bp_1_0_2	BAB79260.1	50.00	16	8	0	9	24	38	53	3.6	17.6
Seq10026_210_bp_1_0_2	AAC17860.1	40.00	15	9	0	13	27	71	85	4.6	17.1
Seq10026_210_bp_1_0_2	AAQ92751.2	38.10	21	13	0	7	27	125	145	5.5	18.6
Seq10026_210_bp_1_0_2	ACH70904.1	100.00	5	0	0	5	9	117	121	7.9	16.1
Seq10026_210_bp_1_0_2	AAR31603.1	50.00	10	5	0	10	19	277	286	10	15.6
Seq10026_210_bp_1_1_0	AAA32624.1	100.00	6	0	0	17	22	335	340	0.43	22.0
Seq10026_210_bp_1_1_0	AAA24142.1	35.71	14	9	0	16	29	197	210	0.77	20.9
Seq10026_210_bp_1_1_0	BAB70780.1	31.82	22	15	0	32	53	133	154	1.7	19.9
Seq10026_210_bp_1_1_0	AEE27845.1	31.03	29	20	0	32	60	8	36	2.4	20.9
Seq10026_210_bp_1_1_0	AAB64315.2	62.50	8	3	0	14	21	194	201	2.4	18.8
Seq10026_210_bp_1_1_0	AAB26998.1	57.14	7	3	0	19	25	41	47	3.5	16.2
Seq10026_210_bp_1_1_0	AAB03707.1	83.33	6	1	0	52	57	689	694	4.7	19.9
Seq10026_210_bp_1_1_0	ABD33854.1	45.45	11	6	0	2	12	6	16	5.8	15.1
Seq10026_210_bp_1_1_0	CAA11507.1	40.00	15	9	0	11	25	1238	1252	9.3	18.8
Seq10026_210_bp_1_1_0	AIR13712.1	46.15	13	7	0	46	58	62	74	9.6	16.7
Seq10026_210_bp_1_1_0	AAR31603.1	37.50	16	10	0	45	60	185	200	9.6	16.7
Seq10026_210_bp_1_2_0	AAX12058.1	55.56	9	4	0	5	13	240	248	0.85	18.2
Seq10026_210_bp_1_2_0	EDO47375.1	71.43	7	2	0	5	11	166	172	1.4	17.0
Seq10026_210_bp_1_2_0	BAA32018.1	60.00	10	4	0	6	15	453	462	1.9	18.2
Seq10026_210_bp_1_2_0	AAA26915.1	55.56	9	4	0	1	9	20	28	2.2	17.6
Seq10026_210_bp_1_2_0	ABD49687.1	50.00	12	6	0	3	14	611	622	2.2	19.5
Seq10026_210_bp_1_2_0	AAI27517.1	55.56	9	4	0	8	16	421	429	2.8	17.6
Seq10026_210_bp_1_2_0	AAB26998.1	75.00	4	1	0	10	13	27	30	3.1	14.5
Seq10026_210_bp_1_2_0	AAA23282.1	55.56	9	4	0	5	13	270	278	4.1	17.0
Seq10026_210_bp_1_2_0	AAR31603.1	66.67	6	2	0	9	14	65	70	5.5	15.8
Seq10026_210_bp_1_2_0	AAQ92751.2	54.55	11	5	0	1	11	1062	1072	6.3	17.6
Seq10026_210_bp_1_2_0	CAA04196.1	80.00	5	1	0	12	16	45	49	6.9	15.8
Seq10026_210_bp_1_2_0	BAB17681.1	30.77	13	9	0	5	17	60	72	6.9	15.1
Seq10026_210_bp_1_2_0	AAC78721.1	57.14	7	3	0	1	7	448	454	7.2	16.4
Seq10026_210_bp_1_2_0	ABK71357.1	66.67	6	2	0	10	15	323	328	9.2	15.1
Seq10026_210_bp_1_2_1	AAB64315.2	46.15	13	7	0	2	14	65	77	0.017	24.0
Seq10026_210_bp_1_2_1	AAR31603.1	66.67	6	2	0	9	14	291	296	2.3	16.9
Seq10026_210_bp_1_2_1	BAA32956.1	66.67	6	2	0	8	13	45	50	2.4	16.2
Seq10026_210_bp_1_2_1	AAA36565.1	45.45	11	6	0	2	12	58	68	4.5	14.9
Seq10026_210_bp_1_2_1	CAA43372.1	36.36	11	7	0	4	14	405	415	4.5	16.2
Seq10026_210_bp_1_2_1	CAA73529.1	66.67	6	2	0	1	6	160	165	4.7	15.5
Seq10026_210_bp_1_2_1	ABD49687.1	62.50	8	3	0	8	15	793	800	4.9	18.2
Seq10026_210_bp_1_2_1	BAB70780.1	71.43	7	2	0	3	9	145	151	5.3	16.2
Seq10026_210_bp_1_2_1	ABK71357.1	60.00	5	2	0	1	5	24	28	6.3	15.5
Seq10026_210_bp_1_2_1	AAF01122.1	57.14	7	3	0	6	12	329	335	6.4	15.5
Seq10026_210_bp_1_2_1	ACT10338.1	62.50	8	3	0	4	11	260	267	6.6	15.5
Seq10026_210_bp_1_2_1	AAA18786.1	60.00	5	2	0	9	13	75	79	7.1	14.9
Seq10026_210_bp_1_2_1	EDO47375.1	57.14	7	3	0	3	9	91	97	7.8	14.2
Seq10026_210_bp_1_2_1	CAA45199.1	83.33	6	1	0	3	8	72	77	7.9	15.5
Seq10026_210_bp_1_2_1	AAH69556.1	100.00	4	0	0	10	13	271	274	8	14.9
Seq10026_210_bp_1_2_1	AAC97205.1	60.00	10	4	0	1	10	701	710	8.3	16.9
Seq10026_210_bp_1_2_1	AAI27517.1	60.00	5	2	0	11	15	297	301	9.7	15.5
Seq10026_210_bp_1_2_2	AAB96524.1	66.67	6	2	0	1	6	59	64	0.73	17.8
Seq10026_210_bp_1_2_2	AAA24142.1	45.45	11	6	0	3	13	133	143	1.2	18.4
Seq10026_210_bp_1_2_2	CAA11507.1	83.33	6	1	0	11	16	624	629	1.6	19.6
Seq10026_210_bp_1_2_2	AAA72732.1	66.67	6	2	0	4	9	225	230	1.8	17.2
Seq10026_210_bp_1_2_2	AAC78721.1	50.00	8	4	0	5	12	650	657	3.9	17.2
Seq10026_210_bp_1_2_2	AAA24969.1	55.56	9	4	0	1	9	1309	1317	3.9	18.4
Seq10026_210_bp_1_2_2	ABD49687.1	40.00	10	6	0	4	13	842	851	4.3	18.4
Seq10026_210_bp_-1_0_0	ABK71357.1	35.00	20	13	0	17	36	134	153	1.3	19.5
Seq10026_210_bp_-1_0_0	CAA45199.1	66.67	6	2	0	10	15	80	85	1.6	19.5
Seq10026_210_bp_-1_0_0	AAA24969.1	52.94	17	8	0	20	36	1228	1244	1.8	21.1
Seq10026_210_bp_-1_0_0	AAF01122.1	42.86	14	8	0	26	39	174	187	1.9	19.0
Seq10026_210_bp_-1_0_0	AAA26915.1	25.00	20	15	0	26	45	435	454	3.3	18.5
Seq10026_210_bp_-1_0_0	ABN10845.1	54.55	11	5	0	22	32	66	76	4.5	16.9
Seq10026_210_bp_-1_0_0	AAR37016.1	57.14	7	3	0	9	15	271	277	5.5	20.1
Seq10026_210_bp_-1_0_0	CAA73529.1	45.45	11	6	0	35	45	77	87	5.6	16.9
Seq10026_210_bp_-1_0_0	CAA11507.1	37.50	16	10	0	31	46	649	664	6.5	19.0
Seq10026_210_bp_-1_0_0	AAQ92751.2	32.00	25	17	0	21	45	782	806	6.6	19.0
Seq10026_210_bp_-1_0_0	AAA36565.1	42.86	14	8	0	24	37	28	41	6.9	15.9
Seq10026_210_bp_-1_0_0	AAB96524.1	57.14	7	3	0	22	28	58	64	7.7	15.9
Seq10026_210_bp_-1_0_0	AAC78721.1	62.50	8	3	0	6	13	587	594	9.3	17.5
Seq10026_210_bp_-1_0_1	AAA65607.1	55.56	9	4	0	2	10	146	154	0.35	19.2
Seq10026_210_bp_-1_0_1	BAA32956.1	62.50	8	3	0	2	9	115	122	0.53	17.8
Seq10026_210_bp_-1_0_1	AAC97205.1	71.43	7	2	0	4	10	270	276	0.72	19.9
Seq10026_210_bp_-1_0_1	AAX12058.1	57.14	7	3	0	4	10	99	105	4.6	15.0
Seq10026_210_bp_-1_0_1	AAQ92751.2	66.67	6	2	0	1	6	406	411	5.4	17.1
Seq10026_210_bp_-1_0_1	ACH70904.1	50.00	6	3	0	1	6	283	288	6	15.0
Seq10026_210_bp_-1_0_1	AAA32376.1	37.50	8	5	0	2	9	76	83	7.4	13.6
Seq10026_210_bp_-1_0_1	ABS38337.1	42.86	7	4	0	3	9	872	878	7.9	16.4
Seq10026_210_bp_-1_0_1	AAB03707.1	33.33	9	6	0	2	10	329	337	8.5	16.4
Seq10026_210_bp_-1_0_1	AAA24969.1	55.56	9	4	0	1	9	954	962	9.3	16.4
Seq10026_210_bp_-1_1_0	AAR37016.1	35.71	28	18	0	2	29	509	536	0.083	25.5
Seq10026_210_bp_-1_1_0	AAI27517.1	39.13	23	14	0	4	26	90	112	0.33	21.5
Seq10026_210_bp_-1_1_0	AAR31603.1	39.13	24	14	1	1	23	288	311	0.4	20.4
Seq10026_210_bp_-1_1_0	BAE97662.1	31.82	22	15	0	3	24	1077	1098	1.4	20.4
Seq10026_210_bp_-1_1_0	AAA18786.1	55.56	9	4	0	13	21	70	78	1.6	18.1
Seq10026_210_bp_-1_1_0	ABK71357.1	45.45	11	6	0	19	29	38	48	2.2	18.1
Seq10026_210_bp_-1_1_0	BAB70780.1	50.00	10	5	0	15	24	424	433	2.8	18.1
Seq10026_210_bp_-1_1_0	AAB64315.2	71.43	7	2	0	2	8	312	318	2.8	17.5
Seq10026_210_bp_-1_1_0	AIR13712.1	45.45	11	6	0	12	22	87	97	6	16.4
Seq10026_210_bp_-1_1_0	AAX84812.1	66.67	6	2	0	19	24	201	206	6.3	15.8
Seq10026_210_bp_-1_1_0	AAA36565.1	100.00	4	0	0	2	5	61	64	6.7	15.2
Seq10026_210_bp_-1_1_0	CAA73529.1	40.00	15	9	0	10	24	143	157	7.4	15.8
Seq10026_210_bp_-1_1_0	AAH69556.1	44.44	9	5	0	3	11	196	204	8.2	15.8
Seq10026_210_bp_-1_1_0	AAA72732.1	26.67	15	11	0	4	18	156	170	8.4	15.8
Seq10026_210_bp_-1_1_0	AAA24969.1	62.50	8	3	0	21	28	1008	1015	8.4	18.1
Seq10026_210_bp_-1_1_0	CAA45199.1	35.71	14	9	0	6	19	222	235	8.5	16.4
Seq10026_210_bp_-1_1_0	BAA32991.1	60.00	5	2	0	24	28	17	21	8.8	13.5
Seq10026_210_bp_-1_1_1	AII71783.1	55.56	9	4	0	4	12	170	178	0.57	18.6
Seq10026_210_bp_-1_1_1	AAA18786.1	45.45	11	6	0	3	13	176	186	0.76	18.0
Seq10026_210_bp_-1_1_1	AIR13712.1	50.00	10	5	0	4	13	93	102	1.4	17.4
Seq10026_210_bp_-1_1_1	AAI27517.1	57.14	7	3	0	5	11	347	353	2.5	17.4
Seq10026_210_bp_-1_1_1	EDO47375.1	66.67	6	2	0	1	6	9	14	4.3	14.9
Seq10026_210_bp_-1_1_1	AAC08817.1	66.67	6	2	0	8	13	155	160	5.7	14.3
Seq10026_210_bp_-1_1_1	AAX12058.1	80.00	5	1	0	3	7	23	27	6.2	14.9
Seq10026_210_bp_-1_1_1	AAB64315.2	66.67	6	2	0	2	7	12	17	7.3	14.9
Seq10026_210_bp_-1_1_1	AAB96524.1	44.44	9	5	0	4	12	33	41	9.5	13.7
Seq10026_210_bp_-1_2_0	AAB96524.1	46.15	13	7	0	2	14	10	22	0.057	21.5
Seq10026_210_bp_-1_2_0	AAC08817.1	41.67	12	7	0	2	13	138	149	0.18	19.6
Seq10026_210_bp_-1_2_0	AAA32624.1	100.00	6	0	0	6	11	255	260	0.25	20.9
Seq10026_210_bp_-1_2_0	BAB79260.1	50.00	8	4	0	3	10	13	20	2.8	17.2
Seq10026_210_bp_-1_2_0	CAD53387.1	83.33	6	1	0	8	13	479	484	3.1	17.2
Seq10026_210_bp_-1_2_0	AAQ92751.2	53.85	13	6	0	3	15	295	307	3.6	18.4
Seq10026_210_bp_-1_2_0	BAA32956.1	57.14	7	3	0	1	7	102	108	4.6	15.3
Seq10026_210_bp_-1_2_0	ABN10845.1	44.44	9	5	0	7	15	206	214	4.8	15.3
Seq10026_210_bp_-1_2_0	AAA26915.1	55.56	9	4	0	8	16	75	83	6.6	15.9
Seq10026_210_bp_-1_2_0	AAA65607.1	50.00	8	4	0	4	11	31	38	7.8	15.3
Seq10026_210_bp_-1_2_0	AAH69556.1	60.00	5	2	0	4	8	229	233	9.8	14.7
Seq10026_210_bp_-1_2_1	AAA42531.1	53.85	13	6	0	6	18	319	331	2.8	18.0
Seq10026_210_bp_-1_2_1	CAA73529.1	62.50	8	3	0	18	25	250	257	5.2	16.5
Seq10026_210_bp_-1_2_1	AAA18786.1	35.71	14	9	0	4	17	81	94	7	16.0
Seq10026_210_bp_-1_2_1	AAC97205.1	37.50	24	15	0	4	27	1156	1179	8.3	18.0
Seq10026_210_bp_-1_2_1	AIR13712.1	57.14	7	3	0	15	21	216	222	8.5	16.0
Seq10026_210_bp_-1_2_2	ABS38337.1	50.00	12	6	0	1	12	499	510	2.8	18.4
Seq10026_210_bp_-1_2_2	AAA26915.1	60.00	5	2	0	1	5	372	376	6.9	15.5
Seq10026_210_bp_-1_2_2	BAE97662.1	62.50	8	3	0	2	9	510	517	7.6	16.7
Seq10026_210_bp_-1_2_2	AAA24142.1	80.00	5	1	0	6	10	172	176	9.6	15.0
