Seq1085_58_bp_1_0_0	ENA|AAC17860|AAC17860.1	84.21	19	3	0	1	19	51	69	2.9e-09	47.1
Seq1085_58_bp_1_0_0	ENA|AAC17860|AAC17860.1	47.37	19	10	0	1	19	181	199	0.037	23.5
Seq1085_58_bp_1_0_0	ENA|AAC17860|AAC17860.1	64.29	14	5	0	5	18	253	266	0.037	23.5
Seq1085_58_bp_1_0_0	ENA|AAC17860|AAC17860.1	47.37	19	10	0	1	19	112	130	0.24	20.8
Seq1085_58_bp_1_0_0	ENA|CAA28033|CAA28033.1	26.67	15	11	0	5	19	637	651	2.3	19.2
Seq1085_58_bp_1_0_0	ENA|BAA32018|BAA32018.1	38.46	13	8	0	1	13	98	110	2.3	18.2
Seq1085_58_bp_1_0_0	ENA|CAA26023|CAA26023.1	38.46	13	8	0	6	18	99	111	4.2	16.5
Seq1085_58_bp_1_0_0	ENA|CAA26939|CAA26939.1	41.67	12	7	0	1	12	505	516	4.3	17.1
Seq1085_58_bp_1_0_0	ENA|ABG75784|ABG75784.1	33.33	15	10	0	5	19	61	75	4.9	16.0
Seq1085_58_bp_1_0_0	ENA|BAB79260|BAB79260.1	41.67	12	7	0	7	18	429	440	4.9	16.5
Seq1085_58_bp_1_0_0	ENA|CAL82360|CAL82360.1	31.25	16	11	0	3	18	1020	1035	6.6	17.6
Seq1085_58_bp_1_0_0	ENA|CAA29956|CAA29956.1	36.36	11	7	0	1	11	321	331	8.3	15.5
Seq1085_58_bp_1_0_0	ENA|AAQ92751|AAQ92751.2	36.36	11	7	0	3	13	466	476	9.9	17.1
Seq1085_58_bp_1_1_0	ENA|CAA36714|CAA36714.1	57.14	7	3	0	3	9	274	280	1.8	18.1
Seq1085_58_bp_1_1_0	ENA|AAC17860|AAC17860.1	57.14	7	3	0	4	10	400	406	2.2	17.6
Seq1085_58_bp_1_1_0	ENA|AAC40132|AAC40132.1	45.45	11	6	0	9	19	433	443	2.5	17.6
Seq1085_58_bp_1_1_0	ENA|AAB03707|AAB03707.1	36.36	11	7	0	6	16	646	656	2.6	19.1
Seq1085_58_bp_1_1_0	ENA|AAC78721|AAC78721.1	62.50	8	3	0	12	19	308	315	3.6	17.6
Seq1085_58_bp_1_1_0	ENA|AAA24145|AAA24145.1	35.71	14	9	0	2	15	425	438	4.8	16.6
Seq1085_58_bp_1_1_0	ENA|AAA36539|AAA36539.1	42.86	7	4	0	7	13	22	28	5	16.6
Seq1085_58_bp_1_1_0	ENA|ABD33854|ABD33854.1	40.00	5	3	0	7	11	44	48	7.5	13.1
Seq1085_58_bp_1_1_0	ENA|CAA11507|CAA11507.1	42.86	7	4	0	6	12	694	700	9.6	17.1
Seq1085_58_bp_1_2_0	ENA|CAA43419|CAA43419.1	38.46	13	8	0	1	13	288	300	0.59	19.2
Seq1085_58_bp_1_2_0	ENA|BAA32956|BAA32956.1	30.77	13	9	0	2	14	56	68	1.4	17.2
Seq1085_58_bp_1_2_0	ENA|BAA05866|BAA05866.1	55.56	9	4	0	2	10	138	146	4.1	16.1
Seq1085_58_bp_1_2_0	ENA|AAA36114|AAA36114.1	30.77	13	9	0	2	14	45	57	4.7	16.6
Seq1085_58_bp_1_2_0	ENA|AAA42531|AAA42531.1	44.44	9	5	0	5	13	213	221	5.1	16.1
Seq1085_58_bp_1_2_0	ENA|BAB17681|BAB17681.1	55.56	9	4	0	4	12	160	168	7.2	15.1
Seq1085_58_bp_1_2_0	ENA|CAA29968|CAA29968.1	25.00	16	12	0	1	16	120	135	7.3	14.6
Seq1085_58_bp_1_2_0	ENA|AAC49865|AAC49865.1	66.67	6	2	0	8	13	22	27	8.5	15.1
Seq1085_58_bp_-1_0_0	ENA|AAA25966|AAA25966.1	62.50	8	3	0	5	12	400	407	1	19.4
Seq1085_58_bp_-1_0_0	ENA|AAR31603|AAR31603.1	45.45	12	6	1	3	13	55	66	2.2	17.2
Seq1085_58_bp_-1_0_0	ENA|CAA26939|CAA26939.1	50.00	8	4	0	3	10	73	80	3.7	17.2
Seq1085_58_bp_-1_0_0	ENA|CAA28033|CAA28033.1	54.55	11	5	0	2	12	275	285	3.9	18.3
Seq1085_58_bp_-1_0_0	ENA|AAC97205|AAC97205.1	57.14	7	3	0	4	10	454	460	5.3	17.7
Seq1085_58_bp_-1_0_0	ENA|CAA29968|CAA29968.1	37.50	8	5	0	9	16	79	86	5.9	14.9
Seq1085_58_bp_-1_0_0	ENA|AAA18786|AAA18786.1	50.00	11	5	1	3	12	133	143	8	14.9
Seq1085_58_bp_-1_0_0	ENA|BAA32991|BAA32991.1	66.67	3	1	0	12	14	22	24	9.6	12.6
Seq1085_58_bp_-1_1_0	ENA|CAA26939|CAA26939.1	41.67	13	7	1	5	17	144	155	1.5	18.7
Seq1085_58_bp_-1_1_0	ENA|BAB17681|BAB17681.1	40.00	10	6	0	2	11	210	219	1.5	17.6
Seq1085_58_bp_-1_1_0	ENA|CAL82360|CAL82360.1	57.14	7	3	0	13	19	191	197	1.5	19.8
Seq1085_58_bp_-1_1_0	ENA|AAA24145|AAA24145.1	60.00	5	2	0	11	15	55	59	2.6	17.6
Seq1085_58_bp_-1_1_0	ENA|CAA29968|CAA29968.1	33.33	9	6	0	3	11	91	99	3.4	15.9
Seq1085_58_bp_-1_1_0	ENA|AAB66912|AAB66912.1	75.00	4	1	0	10	13	584	587	3.5	18.1
Seq1085_58_bp_-1_1_0	ENA|ABK71357|ABK71357.1	100.00	3	0	0	9	11	174	176	4.4	16.4
Seq1085_58_bp_-1_1_0	ENA|ABG75784|ABG75784.1	50.00	6	3	0	12	17	308	313	5.3	15.9
Seq1085_58_bp_-1_1_0	ENA|CAA36714|CAA36714.1	50.00	8	4	0	3	10	219	226	5.4	16.4
Seq1085_58_bp_-1_1_0	ENA|CAA45199|CAA45199.1	100.00	4	0	0	15	18	124	127	5.5	16.4
Seq1085_58_bp_-1_1_0	ENA|AAC40132|AAC40132.1	33.33	12	8	0	4	15	112	123	5.5	16.4
Seq1085_58_bp_-1_1_0	ENA|BAB79260|BAB79260.1	46.15	14	7	1	4	17	168	180	7.6	15.9
Seq1085_58_bp_-1_1_0	ENA|BAA32956|BAA32956.1	66.67	3	1	0	11	13	131	133	7.6	14.8
Seq1085_58_bp_-1_1_0	ENA|AAA32624|AAA32624.1	42.86	7	4	0	3	9	218	224	8.7	15.9
Seq1085_58_bp_-1_1_0	ENA|CAA43419|CAA43419.1	83.33	6	1	0	1	6	91	96	8.9	15.3
Seq1085_58_bp_-1_1_0	ENA|ABD49687|ABD49687.1	57.14	7	3	0	8	14	32	38	8.9	17.6
Seq1085_58_bp_-1_1_0	ENA|CAA26023|CAA26023.1	75.00	4	1	0	14	17	112	115	9.3	15.3
Seq1085_58_bp_-1_1_0	ENA|AAC17860|AAC17860.1	57.14	7	3	0	1	7	181	187	9.9	15.3
Seq1085_58_bp_-1_2_0	ENA|CAA45708|CAA45708.1	55.56	9	4	0	3	11	32	40	0.1	23.2
Seq1085_58_bp_-1_2_0	ENA|CAA11507|CAA11507.1	44.44	9	5	0	3	11	59	67	0.51	20.7
Seq1085_58_bp_-1_2_0	ENA|AAC26660|AAC26660.1	75.00	4	1	0	5	8	218	221	2	16.3
Seq1085_58_bp_-1_2_0	ENA|BAA32018|BAA32018.1	100.00	5	0	0	6	10	174	178	2	17.6
Seq1085_58_bp_-1_2_0	ENA|AAC78721|AAC78721.1	100.00	4	0	0	5	8	211	214	2.2	17.6
Seq1085_58_bp_-1_2_0	ENA|AAA72732|AAA72732.1	57.14	7	3	0	5	11	111	117	2.4	16.3
Seq1085_58_bp_-1_2_0	ENA|AAA42531|AAA42531.1	100.00	4	0	0	8	11	37	40	3	16.3
Seq1085_58_bp_-1_2_0	ENA|AAC17860|AAC17860.1	36.36	11	7	0	1	11	359	369	3.1	16.3
Seq1085_58_bp_-1_2_0	ENA|BAA05866|BAA05866.1	66.67	6	2	0	6	11	155	160	3.6	15.7
Seq1085_58_bp_-1_2_0	ENA|CAL82360|CAL82360.1	100.00	4	0	0	5	8	1072	1075	4.1	17.6
Seq1085_58_bp_-1_2_0	ENA|ABD33854|ABD33854.1	50.00	4	2	0	5	8	7	10	4.2	13.2
Seq1085_58_bp_-1_2_0	ENA|ABD49687|ABD49687.1	66.67	6	2	0	5	10	1022	1027	5.4	17.6
Seq1085_58_bp_-1_2_0	ENA|ABG75784|ABG75784.1	66.67	6	2	0	6	11	287	292	5.6	15.0
Seq1085_58_bp_-1_2_0	ENA|CAA28033|CAA28033.1	57.14	7	3	0	1	7	133	139	6.3	16.9
Seq1085_58_bp_-1_2_0	ENA|CAA26939|CAA26939.1	60.00	5	2	0	6	10	141	145	6.5	15.7
Seq1085_58_bp_-1_2_0	ENA|AAB03707|AAB03707.1	33.33	9	6	0	3	11	32	40	6.6	16.9
Seq1085_58_bp_-1_2_0	ENA|BAB17681|BAB17681.1	42.86	7	4	0	4	10	245	251	7.4	14.4
Seq1085_58_bp_-1_2_0	ENA|ABN10845|ABN10845.1	50.00	4	2	0	5	8	48	51	9	13.8
