Seq5141_171_bp_1_0_0	AAA25966.1	43.75	16	9	0	5	20	122	137	0.56	21.2
Seq5141_171_bp_1_0_0	AAA32624.1	55.56	9	4	0	2	10	474	482	2	18.9
Seq5141_171_bp_1_0_0	BAA32991.1	55.56	9	4	0	3	11	30	38	5.9	14.3
Seq5141_171_bp_1_0_0	ABN10845.1	83.33	6	1	0	25	30	185	190	6.5	15.9
Seq5141_171_bp_1_0_1	AAR31603.1	70.00	10	3	0	1	10	296	305	0.36	19.0
Seq5141_171_bp_1_0_1	AAB64315.2	60.00	10	4	0	1	10	8	17	0.36	19.0
Seq5141_171_bp_1_0_1	ABD33854.1	80.00	5	1	0	2	6	28	32	2.1	14.1
Seq5141_171_bp_1_0_1	AAA24969.1	62.50	8	3	0	3	10	1212	1219	3.5	17.9
Seq5141_171_bp_1_0_1	ABL74574.1	50.00	10	5	0	1	10	2	11	4.3	15.2
Seq5141_171_bp_1_0_1	AEE27845.1	66.67	9	3	0	1	9	284	292	4.6	17.3
Seq5141_171_bp_1_0_1	BAE97662.1	71.43	7	2	0	1	7	184	190	5.5	16.8
Seq5141_171_bp_1_0_1	AAC17860.1	71.43	7	2	0	2	8	149	155	6.1	15.2
Seq5141_171_bp_1_0_1	AAC78721.1	62.50	8	3	0	2	9	531	538	6.8	15.7
Seq5141_171_bp_1_0_1	ACH70904.1	57.14	7	3	0	1	7	46	52	7.7	14.6
Seq5141_171_bp_1_1_0	AAA24969.1	87.50	56	7	0	1	56	1068	1123	5.6e-25	102.8
Seq5141_171_bp_1_1_0	BAE97662.1	33.33	40	26	1	12	51	97	135	0.046	26.3
Seq5141_171_bp_1_1_0	AAQ92751.2	39.47	40	23	2	5	44	168	205	1.2	21.8
Seq5141_171_bp_1_1_0	EDO47375.1	45.45	24	12	2	12	35	3	24	2.7	17.7
Seq5141_171_bp_1_1_0	AEE27845.1	35.48	32	20	1	21	51	516	547	4.8	19.8
Seq5141_171_bp_1_1_0	AIR13712.1	44.44	18	10	0	3	20	26	43	7.3	17.0
Seq5141_171_bp_1_2_0	ACH70904.1	71.43	7	2	0	9	15	283	289	3.5	16.8
Seq5141_171_bp_1_2_0	AAA25966.1	50.00	12	6	0	2	13	640	651	5	17.3
Seq5141_171_bp_1_2_0	EDO47375.1	53.33	17	7	2	4	18	8	24	6.7	14.9
Seq5141_171_bp_1_2_0	AAA23282.1	55.56	9	4	0	10	18	332	340	7.4	16.3
Seq5141_171_bp_1_2_0	AAA24142.1	47.37	20	10	1	1	19	365	384	8.1	15.8
Seq5141_171_bp_-1_0_0	AAC97205.1	55.00	21	9	1	18	37	690	710	0.21	24.2
Seq5141_171_bp_-1_0_0	ABS38337.1	47.37	19	10	0	6	24	242	260	0.63	22.7
Seq5141_171_bp_-1_0_0	ABN10845.1	31.25	16	11	0	5	20	54	69	2.4	18.1
Seq5141_171_bp_-1_0_0	EDO47375.1	54.55	11	5	0	18	28	94	104	3	17.6
Seq5141_171_bp_-1_0_0	AAR37016.1	66.67	25	7	4	19	41	1450	1472	3.2	21.2
Seq5141_171_bp_-1_0_0	AAA36565.1	55.56	9	4	0	33	41	25	33	3.7	17.1
Seq5141_171_bp_-1_0_0	AAA45888.1	47.06	18	9	1	29	46	165	181	5.9	17.6
Seq5141_171_bp_-1_0_0	AAA42531.1	66.67	6	2	0	37	42	124	129	6	17.6
Seq5141_171_bp_-1_0_0	AAA72732.1	46.15	13	7	0	6	18	5	17	6.8	17.1
Seq5141_171_bp_-1_0_0	AAB26998.1	80.00	5	1	0	35	39	11	15	6.9	15.1
Seq5141_171_bp_-1_0_0	BAB79260.1	54.55	11	5	0	32	42	97	107	6.9	17.6
Seq5141_171_bp_-1_0_0	ABD33854.1	55.56	9	4	0	18	26	16	24	7.8	14.6
Seq5141_171_bp_-1_0_0	ABK71357.1	50.00	12	6	0	45	56	117	128	8	17.1
Seq5141_171_bp_-1_0_0	BAA32956.1	43.48	25	13	2	7	30	132	155	9	16.1
Seq5141_171_bp_-1_0_0	AAB64315.2	66.67	11	3	2	27	37	45	53	9.8	16.6
Seq5141_171_bp_-1_1_0	ABD33854.1	66.67	6	2	0	5	10	7	12	0.079	18.8
Seq5141_171_bp_-1_1_0	AAB03707.1	66.67	9	3	0	2	10	1069	1077	1.7	18.8
Seq5141_171_bp_-1_1_0	AAA42531.1	100.00	4	0	0	3	6	383	386	2.9	16.2
Seq5141_171_bp_-1_1_0	AAC97205.1	71.43	7	2	0	3	9	846	852	3.7	17.5
Seq5141_171_bp_-1_1_0	ABN10845.1	50.00	6	3	0	5	10	48	53	4.1	14.8
Seq5141_171_bp_-1_1_0	AAA23282.1	100.00	4	0	0	2	5	75	78	4.3	16.2
Seq5141_171_bp_-1_1_0	AAR37016.1	66.67	6	2	0	5	10	1928	1933	4.5	18.1
Seq5141_171_bp_-1_1_0	BAA32991.1	100.00	3	0	0	3	5	40	42	5	12.9
Seq5141_171_bp_-1_1_0	ABS38337.1	80.00	5	1	0	1	5	421	425	6	16.8
Seq5141_171_bp_-1_1_0	AAC08817.1	60.00	5	2	0	5	9	97	101	7.4	13.5
Seq5141_171_bp_-1_1_0	CAA73529.1	57.14	7	3	0	3	9	225	231	7.8	14.2
Seq5141_171_bp_-1_1_0	AAA24142.1	57.14	7	3	0	4	10	359	365	8.1	14.8
Seq5141_171_bp_-1_1_0	AII71783.1	80.00	5	1	0	6	10	130	134	8.7	14.2
Seq5141_171_bp_-1_1_0	AAB64315.2	57.14	7	3	0	1	7	251	257	9.3	14.2
Seq5141_171_bp_-1_1_1	AAX12058.1	66.67	9	3	0	17	25	59	67	0.85	18.8
Seq5141_171_bp_-1_1_1	AAA24142.1	80.00	5	1	0	11	15	48	52	0.96	19.4
Seq5141_171_bp_-1_1_1	BAA32018.1	54.55	11	5	0	7	17	499	509	1.3	19.4
Seq5141_171_bp_-1_1_1	BAA32956.1	100.00	3	0	0	12	14	131	133	2.9	16.6
Seq5141_171_bp_-1_1_1	BAB79260.1	66.67	6	2	0	2	7	140	145	2.9	17.7
Seq5141_171_bp_-1_1_1	ABG75784.1	66.67	6	2	0	1	6	295	300	2.9	17.2
Seq5141_171_bp_-1_1_1	AAC78721.1	42.86	7	4	0	10	16	106	112	4.3	17.7
Seq5141_171_bp_-1_1_1	AAA42531.1	80.00	5	1	0	13	17	301	305	5.2	16.6
Seq5141_171_bp_-1_1_1	AEE27845.1	57.14	7	3	0	6	12	829	835	8.6	17.7
Seq5141_171_bp_-1_1_1	AAB26998.1	50.00	6	3	0	7	12	42	47	9.7	13.4
Seq5141_171_bp_-1_2_0	AAA72732.1	60.00	23	8	3	17	38	111	131	0.22	22.1
Seq5141_171_bp_-1_2_0	CAA04196.1	66.67	9	3	0	15	23	44	52	0.43	21.6
Seq5141_171_bp_-1_2_0	BAB17681.1	66.67	9	3	0	32	40	84	92	0.59	20.5
Seq5141_171_bp_-1_2_0	AAA42531.1	71.43	7	2	0	30	36	158	164	1.7	19.4
Seq5141_171_bp_-1_2_0	CAA11507.1	50.00	19	9	1	33	51	562	579	2	21.0
Seq5141_171_bp_-1_2_0	AAA36565.1	28.57	21	15	0	25	45	38	58	3.3	17.3
Seq5141_171_bp_-1_2_0	AAA32376.1	66.67	6	2	0	29	34	122	127	3.4	17.3
Seq5141_171_bp_-1_2_0	ABS38337.1	57.14	7	3	0	48	54	1066	1072	3.9	20.0
Seq5141_171_bp_-1_2_0	ABN10845.1	50.00	21	8	5	37	53	92	111	4.2	17.3
Seq5141_171_bp_-1_2_0	AAX84812.1	83.33	6	1	0	31	36	138	143	4.5	17.3
Seq5141_171_bp_-1_2_0	AAA45888.1	33.33	15	10	0	4	18	27	41	5.1	17.8
Seq5141_171_bp_-1_2_0	AAA18786.1	80.00	5	1	0	48	52	101	105	5.1	17.3
Seq5141_171_bp_-1_2_0	AAA24142.1	54.55	11	5	0	32	42	398	408	6	17.8
Seq5141_171_bp_-1_2_0	ACT10338.1	54.55	11	5	0	26	36	124	134	7.3	17.3
Seq5141_171_bp_-1_2_0	CAA43372.1	40.74	29	16	2	13	39	172	200	7.8	17.3
Seq5141_171_bp_-1_2_0	ABL74574.1	80.00	5	1	0	29	33	64	68	7.9	16.7
Seq5141_171_bp_-1_2_0	AAH69556.1	57.14	7	3	0	22	28	286	292	8.3	16.7
