Seq7461_276_bp_1_0_0	AAA42531.1	33.33	18	12	0	10	27	204	221	1.2	19.0
Seq7461_276_bp_1_0_0	AAB26998.1	50.00	8	4	0	15	22	42	49	1.7	16.2
Seq7461_276_bp_1_0_0	CAA26230.1	35.71	14	9	0	15	28	230	243	3.7	17.8
Seq7461_276_bp_1_0_0	AAA18786.1	35.71	14	9	0	2	15	92	105	3.8	16.7
Seq7461_276_bp_1_0_0	AAX84812.1	30.00	10	7	0	5	14	184	193	4.9	16.2
Seq7461_276_bp_1_0_0	AEE27845.1	71.43	7	2	0	20	26	1024	1030	6.1	18.4
Seq7461_276_bp_1_0_0	AAH69556.1	44.44	9	5	0	19	27	280	288	9.1	15.6
Seq7461_276_bp_1_0_0	ABN10845.1	35.71	14	9	0	13	26	108	121	9.6	15.0
Seq7461_276_bp_1_0_0	AAA25966.1	37.50	8	5	0	13	20	122	129	9.8	16.7
Seq7461_276_bp_1_0_1	AAX12058.1	36.36	11	7	0	5	15	135	145	1.6	17.2
Seq7461_276_bp_1_0_1	CAA73529.1	100.00	4	0	0	8	11	206	209	2.2	16.7
Seq7461_276_bp_1_0_1	AAC08817.1	50.00	10	5	0	1	10	47	56	3.9	15.1
Seq7461_276_bp_1_0_1	ABD33854.1	50.00	11	5	1	2	12	36	45	4.4	13.5
Seq7461_276_bp_1_0_1	AAH69556.1	42.86	7	4	0	9	15	279	285	9.8	14.6
Seq7461_276_bp_1_0_2	BAA32956.1	66.67	6	2	0	9	14	131	136	0.4	19.4
Seq7461_276_bp_1_0_2	BAA32991.1	80.00	5	1	0	14	18	6	10	0.41	17.7
Seq7461_276_bp_1_0_2	AAQ92751.2	66.67	6	2	0	16	21	1290	1295	2.6	19.4
Seq7461_276_bp_1_0_2	ABD49687.1	100.00	4	0	0	16	19	1042	1045	4.6	18.8
Seq7461_276_bp_1_0_2	ABN10845.1	75.00	4	1	0	9	12	54	57	5.9	15.4
Seq7461_276_bp_1_0_2	ABK71357.1	45.45	11	6	0	7	17	103	113	6.8	16.0
Seq7461_276_bp_1_0_2	AAF01122.1	50.00	6	3	0	2	7	145	150	6.9	16.0
Seq7461_276_bp_1_0_2	AIR13712.1	60.00	5	2	0	17	21	134	138	8.7	15.4
Seq7461_276_bp_1_1_0	AAC78721.1	90.11	91	9	0	1	91	168	258	3.9e-61	222.4
Seq7461_276_bp_1_1_0	CAA43372.1	29.41	17	12	0	70	86	344	360	3.4	19.3
Seq7461_276_bp_1_1_0	AAA32376.1	35.71	14	9	0	78	91	155	168	3.8	17.8
Seq7461_276_bp_1_1_0	BAB17681.1	62.50	8	3	0	63	70	269	276	4.3	18.3
Seq7461_276_bp_1_1_0	BAA32991.1	28.57	14	10	0	77	90	1	14	7.6	15.4
Seq7461_276_bp_1_1_0	AAX84812.1	45.45	11	6	0	37	47	186	196	9.3	16.9
Seq7461_276_bp_1_2_0	BAA32018.1	50.00	13	6	1	1	12	411	423	2.7	17.4
Seq7461_276_bp_1_2_0	AAB64315.2	66.67	6	2	0	5	10	317	322	5.5	15.4
Seq7461_276_bp_1_2_0	ABD33854.1	42.86	7	4	0	2	8	22	28	6.9	12.7
Seq7461_276_bp_1_2_0	AAA18786.1	42.86	7	4	0	7	13	183	189	7	14.7
Seq7461_276_bp_1_2_0	CAA73529.1	100.00	3	0	0	1	3	70	72	7.2	14.7
Seq7461_276_bp_1_2_0	AAA24142.1	55.56	9	4	0	2	10	11	19	7.4	15.4
Seq7461_276_bp_1_2_0	AAR31603.1	66.67	6	2	0	8	13	40	45	8.5	14.7
Seq7461_276_bp_1_2_0	ABN10845.1	50.00	8	4	0	2	9	111	118	9	14.0
Seq7461_276_bp_1_2_0	AAA65607.1	62.50	8	3	0	3	10	135	142	9.5	14.7
Seq7461_276_bp_1_2_0	AAI27517.1	45.45	11	6	0	3	13	129	139	9.5	15.4
Seq7461_276_bp_1_2_1	BAA32956.1	53.85	14	6	1	1	13	33	46	0.86	17.8
Seq7461_276_bp_1_2_1	AAA36565.1	44.44	9	5	0	6	14	159	167	1.6	16.5
Seq7461_276_bp_1_2_1	AAB03707.1	83.33	6	1	0	4	9	727	732	2.3	19.0
Seq7461_276_bp_1_2_1	BAA32991.1	50.00	8	4	0	9	16	57	64	2.5	14.6
Seq7461_276_bp_1_2_1	AAR37016.1	30.77	13	9	0	2	14	1349	1361	5.9	18.4
Seq7461_276_bp_1_2_1	CAA43372.1	36.36	11	7	0	2	12	388	398	6	15.9
Seq7461_276_bp_1_2_1	AAB64315.2	46.15	13	7	0	1	13	106	118	7.3	15.2
Seq7461_276_bp_1_2_1	AAA42531.1	40.00	10	6	0	1	10	243	252	8.6	15.2
Seq7461_276_bp_1_2_1	AAC78721.1	85.71	8	1	1	1	8	667	673	9.5	15.9
Seq7461_276_bp_1_2_2	AAC17860.1	41.67	27	14	3	4	27	83	109	1.3	19.8
Seq7461_276_bp_1_2_2	CAA11507.1	36.00	27	16	2	7	33	206	230	1.5	21.4
Seq7461_276_bp_1_2_2	AAC97205.1	53.85	13	6	0	35	47	765	777	2.7	20.3
Seq7461_276_bp_1_2_2	AEE27845.1	85.71	7	1	0	29	35	1041	1047	3.1	20.3
Seq7461_276_bp_1_2_2	AAQ92751.2	54.55	11	5	0	9	19	527	537	4.3	19.8
Seq7461_276_bp_1_2_2	AAB26998.1	71.43	7	2	0	11	17	8	14	4.5	15.6
Seq7461_276_bp_1_2_2	ACT10338.1	61.54	14	5	1	13	25	126	139	5.2	17.7
Seq7461_276_bp_1_2_2	AAX12058.1	57.14	7	3	0	15	21	131	137	5.2	17.2
Seq7461_276_bp_1_2_2	AAA23282.1	29.41	17	12	0	18	34	447	463	5.2	18.2
Seq7461_276_bp_1_2_2	AAH69556.1	66.67	9	3	0	9	17	166	174	5.8	17.2
Seq7461_276_bp_1_2_2	BAB79260.1	46.67	15	8	0	35	49	421	435	6	17.7
Seq7461_276_bp_1_2_2	AAR31603.1	45.45	11	6	0	3	13	20	30	6.2	17.2
Seq7461_276_bp_1_2_2	BAB70780.1	53.85	13	6	0	22	34	242	254	8.9	17.2
Seq7461_276_bp_1_2_2	AAA32624.1	31.82	22	15	0	19	40	201	222	9.6	17.2
Seq7461_276_bp_-1_0_0	AAB64315.2	46.67	15	8	0	9	23	65	79	0.99	20.3
Seq7461_276_bp_-1_0_0	BAA32956.1	50.00	10	5	0	12	21	11	20	1.9	18.7
Seq7461_276_bp_-1_0_0	AAA24142.1	75.00	8	2	0	46	53	382	389	1.9	19.8
Seq7461_276_bp_-1_0_0	BAE97662.1	34.62	26	17	0	42	67	833	858	2.4	20.8
Seq7461_276_bp_-1_0_0	ABL74574.1	42.86	14	8	0	21	34	38	51	2.6	18.7
Seq7461_276_bp_-1_0_0	AAA24969.1	46.15	14	7	1	43	55	1297	1310	3.1	20.8
Seq7461_276_bp_-1_0_0	AAA45888.1	53.85	13	6	0	53	65	22	34	3.4	18.7
Seq7461_276_bp_-1_0_0	AAB26998.1	50.00	14	7	0	29	42	1	14	4.3	16.1
Seq7461_276_bp_-1_0_0	CAA26230.1	30.77	13	9	0	14	26	234	246	4.9	18.7
Seq7461_276_bp_-1_0_0	BAB79260.1	60.00	10	4	0	38	47	206	215	5.7	18.2
Seq7461_276_bp_-1_0_0	AAA32624.1	50.00	8	4	0	21	28	449	456	9.1	17.7
Seq7461_276_bp_-1_0_1	BAA32956.1	71.43	7	2	0	5	11	29	35	0.4	19.3
Seq7461_276_bp_-1_0_1	ABD49687.1	54.55	11	5	0	8	18	787	797	1.5	20.4
Seq7461_276_bp_-1_0_1	AAB96524.1	33.33	18	12	0	2	19	12	29	3.2	16.1
Seq7461_276_bp_-1_0_1	ABL74574.1	26.67	15	11	0	2	16	267	281	3.4	16.7
Seq7461_276_bp_-1_0_1	CAA26230.1	80.00	5	1	0	6	10	308	312	4.6	17.2
Seq7461_276_bp_-1_0_1	AAA45888.1	66.67	6	2	0	7	12	304	309	6.4	16.1
Seq7461_276_bp_-1_0_1	AAA23282.1	45.45	11	6	0	12	22	368	378	6.6	16.7
Seq7461_276_bp_-1_0_1	CAA73529.1	31.25	16	11	0	1	16	87	102	9.4	15.0
Seq7461_276_bp_-1_1_0	AAX84812.1	66.67	6	2	0	4	9	191	196	0.57	18.6
Seq7461_276_bp_-1_1_0	AAC97205.1	42.86	14	8	0	3	16	386	399	0.59	21.0
Seq7461_276_bp_-1_1_0	AAA26915.1	62.50	8	3	0	5	12	379	386	1.7	18.0
Seq7461_276_bp_-1_1_0	AAI27517.1	100.00	4	0	0	14	17	284	287	2.2	18.0
Seq7461_276_bp_-1_1_0	AAC17860.1	55.56	9	4	0	9	17	366	374	2.3	17.4
Seq7461_276_bp_-1_1_0	AAR37016.1	54.55	11	5	0	1	11	1461	1471	2.5	19.8
Seq7461_276_bp_-1_1_0	AAA25966.1	50.00	8	4	0	9	16	362	369	2.7	18.0
Seq7461_276_bp_-1_1_0	ACT10338.1	46.15	14	7	1	5	17	298	311	3.2	16.8
Seq7461_276_bp_-1_1_0	AAH69556.1	60.00	5	2	0	11	15	145	149	3.8	16.2
Seq7461_276_bp_-1_1_0	AAR31603.1	44.44	9	5	0	1	9	148	156	4.1	16.2
Seq7461_276_bp_-1_1_0	AAA32624.1	57.14	7	3	0	3	9	522	528	4.3	16.8
Seq7461_276_bp_-1_1_0	CAA26230.1	57.14	7	3	0	3	9	559	565	4.6	16.8
Seq7461_276_bp_-1_1_0	AAA23282.1	57.14	7	3	0	2	8	210	216	4.6	16.8
Seq7461_276_bp_-1_1_0	ABL74574.1	55.56	9	4	0	4	12	75	83	5.3	15.6
Seq7461_276_bp_-1_1_0	AAC78721.1	50.00	8	4	0	5	12	210	217	5.5	16.8
Seq7461_276_bp_-1_1_0	AAX12058.1	75.00	4	1	0	3	6	131	134	7.5	15.0
Seq7461_276_bp_-1_1_0	ABD49687.1	100.00	4	0	0	12	15	1249	1252	8.9	17.4
Seq7461_276_bp_-1_1_1	ABL74574.1	71.43	7	2	0	7	13	11	17	0.11	21.0
Seq7461_276_bp_-1_1_1	AAA32624.1	40.00	10	6	0	2	11	230	239	1.3	18.2
Seq7461_276_bp_-1_1_1	AAR31603.1	54.55	11	5	0	3	13	141	151	2.6	16.6
Seq7461_276_bp_-1_1_1	AAX12058.1	33.33	9	6	0	1	9	163	171	4.5	15.5
Seq7461_276_bp_-1_1_1	AAQ92751.2	80.00	5	1	0	4	8	548	552	5	17.7
Seq7461_276_bp_-1_1_1	ACT10338.1	60.00	5	2	0	6	10	82	86	6.2	15.5
Seq7461_276_bp_-1_1_1	AAB96524.1	30.00	10	7	0	3	12	72	81	6.3	14.4
Seq7461_276_bp_-1_1_1	ABN10845.1	50.00	6	3	0	8	13	14	19	7.3	14.4
Seq7461_276_bp_-1_1_1	AAI27517.1	75.00	4	1	0	4	7	512	515	9.2	15.5
Seq7461_276_bp_-1_1_2	AAA23282.1	38.46	13	8	0	2	14	18	30	0.16	21.5
Seq7461_276_bp_-1_1_2	BAB79260.1	40.00	10	6	0	4	13	362	371	0.31	20.2
Seq7461_276_bp_-1_1_2	ABN10845.1	50.00	10	5	0	4	13	69	78	1.4	16.9
Seq7461_276_bp_-1_1_2	AAA42531.1	57.14	7	3	0	2	8	301	307	2.4	16.9
Seq7461_276_bp_-1_1_2	AAA45888.1	50.00	10	5	0	1	10	185	194	3.7	16.3
Seq7461_276_bp_-1_1_2	BAA32956.1	66.67	7	2	1	1	7	131	136	4.9	15.0
Seq7461_276_bp_-1_1_2	AAA32624.1	37.50	8	5	0	1	8	340	347	5	16.3
Seq7461_276_bp_-1_1_2	AEE27845.1	55.56	9	4	0	4	12	639	647	5.4	17.6
Seq7461_276_bp_-1_1_2	AAI27517.1	71.43	7	2	0	8	14	439	445	5.6	16.3
Seq7461_276_bp_-1_1_2	AAA24142.1	75.00	4	1	0	5	8	122	125	6.6	15.7
Seq7461_276_bp_-1_1_2	CAA26230.1	42.86	7	4	0	1	7	377	383	8.1	15.7
Seq7461_276_bp_-1_1_2	ACH70904.1	75.00	4	1	0	5	8	238	241	8.1	15.0
Seq7461_276_bp_-1_1_2	AAR37016.1	55.56	9	4	0	3	11	797	805	8.8	17.6
Seq7461_276_bp_-1_1_2	CAA73529.1	75.00	4	1	0	3	6	109	112	9.5	14.4
Seq7461_276_bp_-1_1_3	AAA25966.1	80.00	5	1	0	16	20	484	488	4.3	18.6
Seq7461_276_bp_-1_1_3	BAA32956.1	66.67	6	2	0	7	12	167	172	7.2	16.0
Seq7461_276_bp_-1_1_3	AAB26998.1	54.55	11	5	0	3	13	1	11	7.8	14.5
Seq7461_276_bp_-1_1_3	AAA32624.1	50.00	6	3	0	16	21	355	360	8.6	17.1
Seq7461_276_bp_-1_1_3	AAF01122.1	55.56	9	4	0	30	38	110	118	8.9	16.6
Seq7461_276_bp_-1_1_3	BAA32991.1	33.33	6	4	0	35	40	20	25	9.6	14.0
Seq7461_276_bp_-1_1_3	ABD49687.1	54.55	11	5	0	7	17	983	993	9.6	18.6
Seq7461_276_bp_-1_1_3	CAA43372.1	66.67	6	2	0	37	42	160	165	9.7	16.6
Seq7461_276_bp_-1_1_3	AAC97205.1	62.50	8	3	0	16	23	307	314	9.9	18.1
Seq7461_276_bp_-1_2_0	BAA32018.1	33.33	27	18	0	18	44	482	508	0.37	22.1
Seq7461_276_bp_-1_2_0	BAE97662.1	36.00	25	16	0	15	39	157	181	1.3	21.1
Seq7461_276_bp_-1_2_0	AEE27845.1	58.33	12	5	0	11	22	792	803	3.1	20.1
Seq7461_276_bp_-1_2_0	AAC08817.1	50.00	10	5	0	22	31	61	70	3.9	16.7
Seq7461_276_bp_-1_2_0	AAI27517.1	38.46	13	8	0	6	18	267	279	7	17.7
Seq7461_276_bp_-1_2_0	ABG75784.1	40.00	15	9	0	15	29	73	87	7.3	16.7
Seq7461_276_bp_-1_2_0	AAR31603.1	35.71	14	9	0	3	16	124	137	7.6	16.7
Seq7461_276_bp_-1_2_0	ACH70904.1	57.14	7	3	0	13	19	7	13	8.3	16.7
Seq7461_276_bp_-1_2_0	EDO47375.1	50.00	12	6	0	24	35	1	12	8.5	15.7
Seq7461_276_bp_-1_2_0	AAA32624.1	35.71	14	9	0	20	33	205	218	8.5	17.2
Seq7461_276_bp_-1_2_0	AAA42531.1	46.15	13	7	0	31	43	111	123	8.9	16.7
Seq7461_276_bp_-1_2_0	CAA26230.1	50.00	17	8	1	13	28	116	132	9.1	17.2
Seq7461_276_bp_-1_2_0	CAA43372.1	33.33	15	10	0	28	42	286	300	9.4	16.7
Seq7461_276_bp_-1_2_1	AAB03707.1	60.00	10	4	0	10	19	24	33	0.45	22.4
Seq7461_276_bp_-1_2_1	AAC97205.1	57.14	7	3	0	25	31	894	900	1.8	20.2
Seq7461_276_bp_-1_2_1	ABD33854.1	100.00	3	0	0	12	14	59	61	2.9	15.2
Seq7461_276_bp_-1_2_1	ABN10845.1	85.71	7	1	0	3	9	172	178	3.2	16.9
Seq7461_276_bp_-1_2_1	AAA45888.1	55.56	9	4	0	5	13	93	101	5.5	16.9
Seq7461_276_bp_-1_2_1	AAX12058.1	50.00	10	5	0	17	26	19	28	5.7	16.3
Seq7461_276_bp_-1_2_1	AAB26998.1	42.86	7	4	0	6	12	10	16	7.4	14.1
Seq7461_276_bp_-1_2_1	AAA18786.1	44.44	9	5	0	23	31	84	92	8	15.8
Seq7461_276_bp_-1_2_1	BAA32991.1	33.33	6	4	0	10	15	2	7	9.3	13.6
Seq7461_276_bp_-1_2_2	AAF01122.1	57.14	7	3	0	1	7	115	121	0.12	20.8
Seq7461_276_bp_-1_2_2	AAC17860.1	55.56	9	4	0	2	10	397	405	0.38	19.2
Seq7461_276_bp_-1_2_2	CAA04196.1	80.00	5	1	0	6	10	4	8	1.1	17.7
Seq7461_276_bp_-1_2_2	AAC97205.1	80.00	5	1	0	3	7	1240	1244	1.1	19.2
Seq7461_276_bp_-1_2_2	AAA24142.1	50.00	8	4	0	1	8	207	214	1.2	17.7
Seq7461_276_bp_-1_2_2	ABL74574.1	66.67	6	2	0	5	10	284	289	2.2	16.2
Seq7461_276_bp_-1_2_2	AAH69556.1	44.44	9	5	0	1	9	269	277	2.3	16.2
Seq7461_276_bp_-1_2_2	ACH70904.1	66.67	9	3	0	1	9	304	312	2.7	16.2
Seq7461_276_bp_-1_2_2	ABG75784.1	44.44	9	5	0	1	9	286	294	4	15.4
Seq7461_276_bp_-1_2_2	AAB64315.2	75.00	4	1	0	1	4	33	36	4.2	15.4
Seq7461_276_bp_-1_2_2	BAA32018.1	80.00	5	1	0	6	10	376	380	4.7	16.2
Seq7461_276_bp_-1_2_2	AAA42531.1	60.00	5	2	0	3	7	28	32	4.9	15.4
Seq7461_276_bp_-1_2_2	AAC78721.1	42.86	7	4	0	4	10	146	152	5	16.2
Seq7461_276_bp_-1_2_2	BAA32991.1	66.67	3	1	0	4	6	33	35	7.2	12.3
Seq7461_276_bp_-1_2_2	AAX12058.1	66.67	6	2	0	1	6	229	234	9.6	13.9
