Seq7262_293_bp_1_0_0	ENA|BAB79260|BAB79260.1	100.00	4	0	0	8	11	278	281	2.5	17.5
Seq7262_293_bp_1_0_0	ENA|CAA26939|CAA26939.1	100.00	4	0	0	10	13	299	302	3.2	17.5
Seq7262_293_bp_1_0_0	ENA|ABD33854|ABD33854.1	100.00	3	0	0	6	8	21	23	3.6	14.2
Seq7262_293_bp_1_0_0	ENA|CAA28033|CAA28033.1	100.00	8	0	2	1	8	1287	1292	5.1	18.0
Seq7262_293_bp_1_0_0	ENA|EDO47375|EDO47375.1	100.00	3	0	0	15	17	170	172	5.4	15.1
Seq7262_293_bp_1_0_0	ENA|CAA24711|CAA24711.1	100.00	3	0	0	5	7	121	123	6.8	14.7
Seq7262_293_bp_1_0_0	ENA|ACH70901|ACH70901.1	100.00	3	0	0	14	16	288	290	7.3	15.6
Seq7262_293_bp_1_0_0	ENA|AAB96524|AAB96524.1	100.00	3	0	0	6	8	156	158	9.9	14.2
Seq7262_293_bp_1_0_1	ENA|ABD49687|ABD49687.1	100.00	4	0	0	5	8	989	992	0.056	24.2
Seq7262_293_bp_1_0_1	ENA|AAA36539|AAA36539.1	80.00	5	1	0	1	5	25	29	0.36	19.7
Seq7262_293_bp_1_0_1	ENA|ABN10845|ABN10845.1	100.00	3	0	0	8	10	109	111	0.4	18.4
Seq7262_293_bp_1_0_1	ENA|AAA24145|AAA24145.1	100.00	3	0	0	7	9	311	313	0.84	18.4
Seq7262_293_bp_1_0_1	ENA|CAA11507|CAA11507.1	100.00	3	0	0	6	8	1260	1262	1	19.7
Seq7262_293_bp_1_0_1	ENA|CAA26939|CAA26939.1	100.00	3	0	0	8	10	27	29	1	18.4
Seq7262_293_bp_1_0_1	ENA|AAR37016|AAR37016.1	100.00	4	0	0	2	5	1891	1894	1.1	20.3
Seq7262_293_bp_1_0_1	ENA|CAA73529|CAA73529.1	100.00	3	0	0	1	3	37	39	1.2	17.1
Seq7262_293_bp_1_0_1	ENA|ABD33854|ABD33854.1	100.00	3	0	0	3	5	10	12	1.7	14.5
Seq7262_293_bp_1_0_1	ENA|AAI27517|AAI27517.1	100.00	3	0	0	1	3	319	321	2.6	17.1
Seq7262_293_bp_1_0_1	ENA|BAA05866|BAA05866.1	100.00	3	0	0	2	4	160	162	3.3	15.8
Seq7262_293_bp_1_0_1	ENA|AAR31603|AAR31603.1	100.00	3	0	0	2	4	133	135	3.5	15.8
Seq7262_293_bp_1_0_1	ENA|CAA26023|CAA26023.1	100.00	3	0	0	2	4	143	145	4.1	15.8
Seq7262_293_bp_1_0_1	ENA|BAA32018|BAA32018.1	100.00	3	0	0	5	7	403	405	6.5	15.8
Seq7262_293_bp_1_0_1	ENA|AAS77176|AAS77176.1	100.00	3	0	0	4	6	252	254	7.3	14.5
Seq7262_293_bp_1_0_1	ENA|ABG75784|ABG75784.1	75.00	4	1	0	3	6	296	299	7.8	14.5
Seq7262_293_bp_1_0_1	ENA|ACH70901|ACH70901.1	100.00	3	0	0	4	6	62	64	8.9	14.5
Seq7262_293_bp_1_0_2	ENA|CAA11507|CAA11507.1	83.33	6	1	0	6	11	324	329	0.33	22.6
Seq7262_293_bp_1_0_2	ENA|AAC17860|AAC17860.1	83.33	6	1	0	9	14	83	88	0.46	20.3
Seq7262_293_bp_1_0_2	ENA|AAA24145|AAA24145.1	83.33	6	1	0	8	13	158	163	0.52	20.3
Seq7262_293_bp_1_0_2	ENA|AAC26660|AAC26660.1	100.00	4	0	0	8	11	140	143	0.91	18.7
Seq7262_293_bp_1_0_2	ENA|ABG75784|ABG75784.1	100.00	4	0	0	13	16	17	20	1.6	18.1
Seq7262_293_bp_1_0_2	ENA|ABD33854|ABD33854.1	100.00	3	0	0	8	10	22	24	3.3	14.8
Seq7262_293_bp_1_0_2	ENA|AAR31603|AAR31603.1	100.00	3	0	0	19	21	80	82	3.6	17.0
Seq7262_293_bp_1_0_2	ENA|CAA73529|CAA73529.1	100.00	3	0	0	7	9	70	72	4.4	16.4
Seq7262_293_bp_1_0_2	ENA|CAA28033|CAA28033.1	100.00	4	0	0	8	11	902	905	4.5	18.7
Seq7262_293_bp_1_0_2	ENA|AAB03707|AAB03707.1	100.00	3	0	0	23	25	1391	1393	4.7	18.7
Seq7262_293_bp_1_0_2	ENA|ABD49687|ABD49687.1	100.00	3	0	0	23	25	594	596	5.8	18.7
Seq7262_293_bp_1_0_2	ENA|BAA32991|BAA32991.1	100.00	2	0	0	6	7	28	29	7.4	13.6
Seq7262_293_bp_1_0_2	ENA|AAR37016|AAR37016.1	100.00	3	0	0	23	25	184	186	7.9	18.7
Seq7262_293_bp_1_0_2	ENA|ABK71357|ABK71357.1	100.00	3	0	0	15	17	321	323	8.5	15.9
Seq7262_293_bp_1_0_2	ENA|AAA42531|AAA42531.1	100.00	3	0	0	17	19	204	206	8.9	15.9
Seq7262_293_bp_1_1_0	ENA|CAA45708|CAA45708.1	92.78	97	7	0	1	97	868	964	4.6e-95	336.4
Seq7262_293_bp_1_1_0	ENA|AAB03707|AAB03707.1	78.57	15	3	1	20	33	876	890	0.0025	31.5
Seq7262_293_bp_1_1_0	ENA|AAB26998|AAB26998.1	100.00	4	0	0	32	35	42	45	0.6	19.5
Seq7262_293_bp_1_1_0	ENA|CAA36714|CAA36714.1	87.50	10	1	2	45	52	338	347	1.8	20.4
Seq7262_293_bp_1_1_0	ENA|CCP43727|CCP43727.1	70.00	10	3	0	42	51	226	235	2.5	19.5
Seq7262_293_bp_1_1_0	ENA|EDO47375|EDO47375.1	100.00	4	0	0	49	52	9	12	5.3	17.5
Seq7262_293_bp_1_1_0	ENA|AAA42531|AAA42531.1	100.00	4	0	0	57	60	245	248	7.7	18.0
Seq7262_293_bp_1_1_0	ENA|AAA24145|AAA24145.1	100.00	4	0	0	55	58	48	51	9	18.0
Seq7262_293_bp_1_1_0	ENA|CAL82360|CAL82360.1	83.33	6	1	0	46	51	1183	1188	9.1	19.5
Seq7262_293_bp_1_2_0	ENA|CAA24711|CAA24711.1	83.33	6	1	0	2	7	128	133	0.039	22.8
Seq7262_293_bp_1_2_0	ENA|BAA32956|BAA32956.1	100.00	3	0	0	15	17	26	28	1	18.3
Seq7262_293_bp_1_2_0	ENA|BAB17681|BAB17681.1	100.00	3	0	0	7	9	35	37	1.3	18.3
Seq7262_293_bp_1_2_0	ENA|CCP43727|CCP43727.1	100.00	3	0	0	15	17	136	138	1.6	18.3
Seq7262_293_bp_1_2_0	ENA|CAA43419|CAA43419.1	100.00	4	0	0	25	28	102	105	2.5	17.8
Seq7262_293_bp_1_2_0	ENA|AAC17860|AAC17860.1	83.33	6	1	0	22	27	244	249	2.8	17.8
Seq7262_293_bp_1_2_0	ENA|ABD33854|ABD33854.1	100.00	3	0	0	12	14	39	41	3.3	14.9
Seq7262_293_bp_1_2_0	ENA|CAA36214|CAA36214.1	100.00	3	0	0	6	8	301	303	5.6	16.4
Seq7262_293_bp_1_2_0	ENA|ACT10338|ACT10338.1	80.00	5	1	0	23	27	20	24	7	16.4
Seq7262_293_bp_1_2_0	ENA|CAA26939|CAA26939.1	100.00	3	0	0	13	15	402	404	7.3	16.8
Seq7262_293_bp_1_2_0	ENA|AAB66912|AAB66912.1	100.00	9	0	4	14	22	584	588	8.4	17.3
Seq7262_293_bp_1_2_0	ENA|AAC40132|AAC40132.1	75.00	4	1	0	12	15	69	72	8.4	16.4
Seq7262_293_bp_1_2_1	ENA|AAC26660|AAC26660.1	100.00	5	0	0	1	5	75	79	0.011	24.0
Seq7262_293_bp_1_2_1	ENA|CAL82360|CAL82360.1	100.00	4	0	0	5	8	777	780	2	18.7
Seq7262_293_bp_1_2_1	ENA|CAA24711|CAA24711.1	100.00	3	0	0	5	7	76	78	3.4	15.0
Seq7262_293_bp_1_2_1	ENA|ABN10845|ABN10845.1	75.00	4	1	0	2	5	69	72	4.3	15.0
Seq7262_293_bp_1_2_1	ENA|CAA73529|CAA73529.1	100.00	3	0	0	1	3	31	33	5.3	15.0
Seq7262_293_bp_1_2_1	ENA|CAA11507|CAA11507.1	83.33	6	1	0	6	11	992	997	6.1	17.1
Seq7262_293_bp_1_2_1	ENA|CAA43419|CAA43419.1	100.00	3	0	0	5	7	134	136	7	15.0
Seq7262_293_bp_1_2_1	ENA|ACT10338|ACT10338.1	100.00	3	0	0	1	3	129	131	7.4	15.0
Seq7262_293_bp_1_2_1	ENA|CAA26939|CAA26939.1	100.00	3	0	0	2	4	36	38	7.6	15.6
Seq7262_293_bp_1_2_1	ENA|AAA24145|AAA24145.1	100.00	3	0	0	1	3	156	158	8.7	15.0
Seq7262_293_bp_1_2_1	ENA|AAC08817|AAC08817.1	100.00	3	0	0	8	10	150	152	8.8	13.5
Seq7262_293_bp_1_2_1	ENA|AAC78721|AAC78721.1	100.00	3	0	0	2	4	627	629	8.8	15.6
Seq7262_293_bp_1_2_2	ENA|CAL82360|CAL82360.1	100.00	8	0	2	32	37	978	985	0.61	22.2
Seq7262_293_bp_1_2_2	ENA|ABN10845|ABN10845.1	100.00	4	0	0	18	21	76	79	1.1	18.7
Seq7262_293_bp_1_2_2	ENA|AAB26998|AAB26998.1	100.00	3	0	0	10	12	45	47	1.6	16.7
Seq7262_293_bp_1_2_2	ENA|CAA26023|CAA26023.1	100.00	3	0	0	36	38	182	184	2	18.7
Seq7262_293_bp_1_2_2	ENA|CAA26939|CAA26939.1	100.00	3	0	0	36	38	10	12	3	18.7
Seq7262_293_bp_1_2_2	ENA|AAA24145|AAA24145.1	100.00	4	0	0	32	35	431	434	3.3	18.2
Seq7262_293_bp_1_2_2	ENA|AAA36539|AAA36539.1	100.00	4	0	0	4	7	427	430	3.5	18.2
Seq7262_293_bp_1_2_2	ENA|AAA18786|AAA18786.1	80.00	5	1	0	11	15	40	44	3.8	17.2
Seq7262_293_bp_1_2_2	ENA|AAB03707|AAB03707.1	100.00	4	0	0	23	26	803	806	5	19.2
Seq7262_293_bp_1_2_2	ENA|AAA32624|AAA32624.1	100.00	4	0	0	5	8	216	219	5.3	17.7
Seq7262_293_bp_1_2_2	ENA|CAA43419|CAA43419.1	100.00	3	0	0	20	22	104	106	7.2	16.7
Seq7262_293_bp_1_2_2	ENA|AAC97205|AAC97205.1	75.00	8	2	0	6	13	553	560	8.5	18.2
Seq7262_293_bp_1_2_2	ENA|AAF79734|AAF79734.1	100.00	4	0	0	3	6	118	121	9.9	18.2
Seq7262_293_bp_-1_0_0	ENA|BAB17681|BAB17681.1	100.00	5	0	0	17	21	148	152	0.45	20.4
Seq7262_293_bp_-1_0_0	ENA|AAA72732|AAA72732.1	80.00	5	1	0	8	12	164	168	2.5	18.1
Seq7262_293_bp_-1_0_0	ENA|CAA45708|CAA45708.1	100.00	4	0	0	23	26	1295	1298	3.4	19.9
Seq7262_293_bp_-1_0_0	ENA|AAA24145|AAA24145.1	100.00	4	0	0	13	16	181	184	5	17.6
Seq7262_293_bp_-1_0_0	ENA|CAA45199|CAA45199.1	100.00	4	0	0	14	17	106	109	7	17.1
Seq7262_293_bp_-1_0_0	ENA|CAA29956|CAA29956.1	100.00	6	0	1	8	13	163	167	7.6	16.7
Seq7262_293_bp_-1_0_0	ENA|CAA24711|CAA24711.1	100.00	3	0	0	26	28	13	15	9.1	15.3
Seq7262_293_bp_-1_0_0	ENA|AAA36539|AAA36539.1	100.00	4	0	0	15	18	357	360	9.5	16.7
Seq7262_293_bp_-1_0_1	ENA|ABN10845|ABN10845.1	100.00	5	0	0	38	42	116	120	0.28	21.1
Seq7262_293_bp_-1_0_1	ENA|AAA42531|AAA42531.1	66.67	9	3	0	27	35	88	96	0.92	20.2
Seq7262_293_bp_-1_0_1	ENA|CAL82360|CAL82360.1	75.00	8	2	0	11	18	1021	1028	1.2	21.5
Seq7262_293_bp_-1_0_1	ENA|AAR37016|AAR37016.1	100.00	5	0	0	19	23	2315	2319	1.6	22.0
Seq7262_293_bp_-1_0_1	ENA|AAQ92751|AAQ92751.2	100.00	5	0	0	15	19	114	118	2.4	20.6
Seq7262_293_bp_-1_0_1	ENA|AAC40132|AAC40132.1	83.33	6	1	0	30	35	314	319	3.9	18.3
Seq7262_293_bp_-1_0_1	ENA|AAS77176|AAS77176.1	100.00	4	0	0	15	18	37	40	8	16.5
Seq7262_293_bp_-1_0_1	ENA|AAC17860|AAC17860.1	77.78	11	2	2	14	22	398	408	8.3	17.0
Seq7262_293_bp_-1_0_1	ENA|AAR31603|AAR31603.1	100.00	3	0	0	9	11	151	153	9	16.5
Seq7262_293_bp_-1_1_0	ENA|CAA26939|CAA26939.1	100.00	5	0	0	3	7	207	211	0.016	25.9
Seq7262_293_bp_-1_1_0	ENA|CAA73529|CAA73529.1	100.00	4	0	0	25	28	96	99	0.14	21.6
Seq7262_293_bp_-1_1_0	ENA|AAC40132|AAC40132.1	100.00	4	0	0	25	28	311	314	0.25	21.6
Seq7262_293_bp_-1_1_0	ENA|AAA32624|AAA32624.1	100.00	4	0	0	5	8	191	194	0.83	20.0
Seq7262_293_bp_-1_1_0	ENA|ABN10845|ABN10845.1	100.00	4	0	0	6	9	72	75	2.1	17.4
Seq7262_293_bp_-1_1_0	ENA|AAR37016|AAR37016.1	80.00	5	1	0	22	26	277	281	2.5	20.6
Seq7262_293_bp_-1_1_0	ENA|AAC26660|AAC26660.1	100.00	3	0	0	9	11	215	217	3.6	16.9
Seq7262_293_bp_-1_1_0	ENA|AAA18786|AAA18786.1	75.00	4	1	0	11	14	41	44	3.7	16.9
Seq7262_293_bp_-1_1_0	ENA|ACT10338|ACT10338.1	100.00	3	0	0	18	20	347	349	3.8	17.4
Seq7262_293_bp_-1_1_0	ENA|BAA05866|BAA05866.1	100.00	3	0	0	27	29	267	269	4.3	16.9
Seq7262_293_bp_-1_1_0	ENA|AAA36539|AAA36539.1	100.00	3	0	0	4	6	445	447	4.6	17.4
Seq7262_293_bp_-1_1_0	ENA|AAF79734|AAF79734.1	83.33	10	1	4	20	29	1	6	4.6	19.0
Seq7262_293_bp_-1_1_0	ENA|CAA26023|CAA26023.1	75.00	4	1	0	19	22	180	183	5.3	16.9
Seq7262_293_bp_-1_1_0	ENA|CAL82360|CAL82360.1	100.00	4	0	0	12	15	776	779	5.8	18.5
Seq7262_293_bp_-1_1_0	ENA|BAB79260|BAB79260.1	100.00	3	0	0	21	23	53	55	6.2	16.9
Seq7262_293_bp_-1_1_0	ENA|AAQ92751|AAQ92751.2	100.00	6	0	1	4	9	938	942	6.3	18.5
Seq7262_293_bp_-1_1_0	ENA|AAR31603|AAR31603.1	100.00	3	0	0	2	4	242	244	6.4	16.3
Seq7262_293_bp_-1_1_0	ENA|CAA36214|CAA36214.1	100.00	3	0	0	28	30	214	216	8.5	15.8
Seq7262_293_bp_-1_1_0	ENA|AAB66912|AAB66912.1	100.00	3	0	0	3	5	649	651	8.6	17.4
Seq7262_293_bp_-1_1_0	ENA|ABG75784|ABG75784.1	100.00	3	0	0	22	24	87	89	8.7	15.8
Seq7262_293_bp_-1_1_0	ENA|CAA24711|CAA24711.1	100.00	3	0	0	13	15	76	78	9.9	14.7
Seq7262_293_bp_-1_1_1	ENA|CAA11507|CAA11507.1	100.00	5	0	0	9	13	1091	1095	0.12	23.8
Seq7262_293_bp_-1_1_1	ENA|AAA42531|AAA42531.1	71.43	7	2	0	8	14	236	242	0.52	19.9
Seq7262_293_bp_-1_1_1	ENA|CAA36214|CAA36214.1	83.33	6	1	0	14	19	126	131	0.57	19.4
Seq7262_293_bp_-1_1_1	ENA|BAA05866|BAA05866.1	80.00	5	1	0	10	14	306	310	1.6	17.9
Seq7262_293_bp_-1_1_1	ENA|CAA28033|CAA28033.1	100.00	4	0	0	9	12	1201	1204	2.4	19.4
Seq7262_293_bp_-1_1_1	ENA|AAB66912|AAB66912.1	100.00	4	0	0	12	15	839	842	3.4	18.4
Seq7262_293_bp_-1_1_1	ENA|ABG75784|ABG75784.1	80.00	5	1	0	10	14	192	196	4.4	16.4
Seq7262_293_bp_-1_1_1	ENA|AAA36539|AAA36539.1	100.00	6	0	1	11	15	53	58	4.8	16.9
Seq7262_293_bp_-1_1_1	ENA|CAA26939|CAA26939.1	80.00	5	1	0	9	13	55	59	5.7	16.9
Seq7262_293_bp_-1_1_1	ENA|AAB26998|AAB26998.1	100.00	3	0	0	5	7	60	62	6	13.9
Seq7262_293_bp_-1_1_1	ENA|AAF79734|AAF79734.1	100.00	4	0	0	17	20	843	846	7.1	17.9
Seq7262_293_bp_-1_1_1	ENA|CAA45708|CAA45708.1	75.00	8	2	0	13	20	1270	1277	7.5	17.9
Seq7262_293_bp_-1_1_1	ENA|CAA24711|CAA24711.1	100.00	3	0	0	17	19	123	125	9.1	14.4
Seq7262_293_bp_-1_1_1	ENA|ACH70901|ACH70901.1	100.00	3	0	0	1	3	168	170	9.6	15.4
Seq7262_293_bp_-1_1_1	ENA|AAC26660|AAC26660.1	100.00	3	0	0	9	11	83	85	9.6	14.9
Seq7262_293_bp_-1_1_2	ENA|BAB79260|BAB79260.1	80.00	5	1	0	15	19	198	202	0.55	19.8
Seq7262_293_bp_-1_1_2	ENA|BAA32956|BAA32956.1	100.00	3	0	0	13	15	153	155	0.58	18.6
Seq7262_293_bp_-1_1_2	ENA|CAL82360|CAL82360.1	80.00	5	1	0	5	9	995	999	0.67	21.0
Seq7262_293_bp_-1_1_2	ENA|ACT10338|ACT10338.1	100.00	3	0	0	14	16	303	305	1.1	18.6
Seq7262_293_bp_-1_1_2	ENA|CAA73529|CAA73529.1	85.71	8	1	1	4	10	239	246	1.1	18.0
Seq7262_293_bp_-1_1_2	ENA|AAA36539|AAA36539.1	100.00	3	0	0	12	14	411	413	1.3	18.6
Seq7262_293_bp_-1_1_2	ENA|CAA26939|CAA26939.1	100.00	3	0	0	13	15	473	475	1.6	18.6
Seq7262_293_bp_-1_1_2	ENA|AAA25966|AAA25966.1	100.00	3	0	0	14	16	311	313	2	18.6
Seq7262_293_bp_-1_1_2	ENA|CAA28033|CAA28033.1	100.00	3	0	0	14	16	44	46	3.5	18.6
Seq7262_293_bp_-1_1_2	ENA|CAA29956|CAA29956.1	100.00	3	0	0	15	17	62	64	3.6	16.8
Seq7262_293_bp_-1_1_2	ENA|AAB03707|AAB03707.1	100.00	3	0	0	12	14	641	643	3.7	18.6
Seq7262_293_bp_-1_1_2	ENA|BAA05866|BAA05866.1	100.00	3	0	0	7	9	179	181	4.4	16.2
Seq7262_293_bp_-1_1_2	ENA|AAA72732|AAA72732.1	100.00	3	0	0	7	9	14	16	4.5	16.2
Seq7262_293_bp_-1_1_2	ENA|AAR31603|AAR31603.1	100.00	3	0	0	5	7	256	258	4.7	16.2
Seq7262_293_bp_-1_1_2	ENA|ACH70901|ACH70901.1	100.00	3	0	0	7	9	77	79	5.1	16.2
Seq7262_293_bp_-1_1_2	ENA|ABK71357|ABK71357.1	100.00	3	0	0	6	8	23	25	5.3	16.2
Seq7262_293_bp_-1_1_2	ENA|AAA42531|AAA42531.1	100.00	3	0	0	2	4	271	273	5.5	16.2
Seq7262_293_bp_-1_1_2	ENA|AAA18786|AAA18786.1	100.00	3	0	0	4	6	224	226	5.7	15.6
Seq7262_293_bp_-1_1_2	ENA|AAA24145|AAA24145.1	100.00	3	0	0	5	7	231	233	6.5	16.2
Seq7262_293_bp_-1_1_2	ENA|ABD33854|ABD33854.1	100.00	2	0	0	13	14	43	44	7.2	13.1
Seq7262_293_bp_-1_1_2	ENA|AAI27517|AAI27517.1	100.00	3	0	0	2	4	65	67	8.2	16.2
Seq7262_293_bp_-1_1_2	ENA|CAA36214|CAA36214.1	75.00	4	1	0	10	13	214	217	9.6	14.9
Seq7262_293_bp_-1_2_0	ENA|CAA11507|CAA11507.1	100.00	4	0	0	10	13	1259	1262	1.9	21.3
Seq7262_293_bp_-1_2_0	ENA|CAA28033|CAA28033.1	100.00	5	0	0	21	25	132	136	2.5	20.8
Seq7262_293_bp_-1_2_0	ENA|AAQ92751|AAQ92751.2	100.00	5	0	0	20	24	1010	1014	2.7	20.8
Seq7262_293_bp_-1_2_0	ENA|CAA43419|CAA43419.1	80.00	5	1	0	8	12	129	133	2.8	18.8
Seq7262_293_bp_-1_2_0	ENA|CAA24711|CAA24711.1	100.00	4	0	0	49	52	80	83	3.7	17.3
Seq7262_293_bp_-1_2_0	ENA|AAC78721|AAC78721.1	100.00	4	0	0	8	11	34	37	5.1	18.8
Seq7262_293_bp_-1_2_0	ENA|AAA25966|AAA25966.1	100.00	4	0	0	25	28	243	246	5.4	18.8
Seq7262_293_bp_-1_2_0	ENA|AAA42531|AAA42531.1	100.00	4	0	0	2	5	83	86	5.8	17.8
Seq7262_293_bp_-1_2_0	ENA|AAB26998|AAB26998.1	100.00	3	0	0	15	17	13	15	6.5	15.3
Seq7262_293_bp_-1_2_0	ENA|CAA26939|CAA26939.1	80.00	5	1	0	6	10	447	451	8.3	17.8
Seq7262_293_bp_-1_2_0	ENA|BAA32956|BAA32956.1	100.00	3	0	0	27	29	130	132	8.6	16.3
Seq7262_293_bp_-1_2_0	ENA|BAA32018|BAA32018.1	100.00	8	0	2	47	52	396	403	9.1	17.8
Seq7262_293_bp_-1_2_0	ENA|BAB79260|BAB79260.1	100.00	4	0	0	19	22	7	10	9.2	17.3
Seq7262_293_bp_-1_2_0	ENA|AAA24145|AAA24145.1	100.00	4	0	0	19	22	64	67	9.4	17.3
Seq7262_293_bp_-1_2_0	ENA|CAA36714|CAA36714.1	100.00	4	0	0	17	20	262	265	9.5	17.3
Seq7262_293_bp_-1_2_1	ENA|AAB03707|AAB03707.1	80.00	11	2	1	1	10	939	949	0.13	24.2
Seq7262_293_bp_-1_2_1	ENA|BAB17681|BAB17681.1	83.33	6	1	0	20	25	246	251	0.47	20.1
Seq7262_293_bp_-1_2_1	ENA|BAB79260|BAB79260.1	85.71	8	1	1	14	20	248	255	1.5	19.2
Seq7262_293_bp_-1_2_1	ENA|AAC26660|AAC26660.1	83.33	6	1	0	6	11	148	153	1.6	18.2
Seq7262_293_bp_-1_2_1	ENA|ABG75784|ABG75784.1	100.00	4	0	0	6	9	293	296	3.5	17.3
Seq7262_293_bp_-1_2_1	ENA|CCP43727|CCP43727.1	100.00	4	0	0	10	13	240	243	3.7	17.3
Seq7262_293_bp_-1_2_1	ENA|AAA42531|AAA42531.1	100.00	4	0	0	23	26	250	253	4.4	17.3
Seq7262_293_bp_-1_2_1	ENA|CAA36714|CAA36714.1	100.00	4	0	0	10	13	201	204	5.2	17.3
Seq7262_293_bp_-1_2_1	ENA|AAA36539|AAA36539.1	100.00	4	0	0	19	22	357	360	5.3	17.3
Seq7262_293_bp_-1_2_1	ENA|AAC78721|AAC78721.1	100.00	4	0	0	16	19	37	40	5.4	17.8
Seq7262_293_bp_-1_2_1	ENA|CAA29956|CAA29956.1	100.00	10	0	4	8	13	13	22	7.8	16.4
Seq7262_293_bp_-1_2_1	ENA|ABN10845|ABN10845.1	100.00	3	0	0	15	17	94	96	8.5	15.5
