Seq7408_200_bp_1_0_0	ENA|CAA26023|CAA26023.1	75.00	8	2	0	33	40	144	151	0.91	20.6
Seq7408_200_bp_1_0_0	ENA|AAC49865|AAC49865.1	35.48	34	20	3	30	63	45	75	1.1	20.1
Seq7408_200_bp_1_0_0	ENA|CAA36714|CAA36714.1	40.00	20	12	0	11	30	240	259	1.1	20.6
Seq7408_200_bp_1_0_0	ENA|CAA29956|CAA29956.1	50.00	12	6	0	22	33	3	14	3.3	18.7
Seq7408_200_bp_1_0_0	ENA|ABG75784|ABG75784.1	25.00	16	12	0	19	34	234	249	5.3	17.7
Seq7408_200_bp_1_0_0	ENA|ACT10338|ACT10338.1	30.77	13	9	0	50	62	125	137	6.6	17.7
Seq7408_200_bp_1_0_0	ENA|ABD33854|ABD33854.1	44.44	9	5	0	30	38	3	11	8	14.8
Seq7408_200_bp_1_0_0	ENA|AAA36114|AAA36114.1	41.67	12	7	0	4	15	241	252	8.5	17.7
Seq7408_200_bp_1_0_0	ENA|CAA43419|CAA43419.1	44.44	9	5	0	36	44	144	152	8.5	17.2
Seq7408_200_bp_1_0_0	ENA|BAA32956|BAA32956.1	62.50	8	3	0	49	56	1	8	9.5	16.2
Seq7408_200_bp_1_0_0	ENA|BAA05866|BAA05866.1	57.14	7	3	0	32	38	156	162	9.9	16.7
Seq7408_200_bp_1_1_0	ENA|AAB26998|AAB26998.1	80.00	5	1	0	6	10	75	79	2.3	15.1
Seq7408_200_bp_1_1_0	ENA|AAC40132|AAC40132.1	50.00	10	5	0	3	12	406	415	6.6	16.1
Seq7408_200_bp_1_1_0	ENA|EDO47375|EDO47375.1	50.00	8	4	0	8	15	125	132	7.4	14.6
Seq7408_200_bp_1_1_0	ENA|CAA36714|CAA36714.1	100.00	5	0	0	1	5	330	334	9	15.6
Seq7408_200_bp_1_1_0	ENA|AAB03707|AAB03707.1	42.86	14	8	0	5	18	80	93	9.3	17.1
Seq7408_200_bp_1_1_1	ENA|AAB03707|AAB03707.1	60.00	12	4	2	6	17	1214	1223	0.66	21.3
Seq7408_200_bp_1_1_1	ENA|AAA42531|AAA42531.1	66.67	6	2	0	7	12	153	158	1.3	18.5
Seq7408_200_bp_1_1_1	ENA|AAA72732|AAA72732.1	71.43	7	2	0	13	19	224	230	1.5	17.9
Seq7408_200_bp_1_1_1	ENA|ACT10338|ACT10338.1	66.67	6	2	0	12	17	368	373	1.9	17.9
Seq7408_200_bp_1_1_1	ENA|EDO47375|EDO47375.1	55.56	9	4	0	2	10	146	154	2	16.8
Seq7408_200_bp_1_1_1	ENA|CAA36714|CAA36714.1	30.00	10	7	0	8	17	373	382	3.3	17.3
Seq7408_200_bp_1_1_1	ENA|AAA32624|AAA32624.1	80.00	5	1	0	13	17	197	201	5.4	16.8
Seq7408_200_bp_1_1_1	ENA|ABD49687|ABD49687.1	100.00	4	0	0	12	15	990	993	5.5	18.5
Seq7408_200_bp_1_1_1	ENA|BAA36759|BAA36759.1	40.00	5	3	0	7	11	42	46	6.4	15.7
Seq7408_200_bp_1_1_1	ENA|BAA32956|BAA32956.1	75.00	4	1	0	14	17	91	94	6.8	15.1
Seq7408_200_bp_1_1_1	ENA|AAB26998|AAB26998.1	25.00	4	3	0	11	14	44	47	8.1	13.4
Seq7408_200_bp_1_1_1	ENA|CAA24711|CAA24711.1	100.00	4	0	0	6	9	125	128	8.1	14.5
Seq7408_200_bp_1_1_1	ENA|AAI27517|AAI27517.1	66.67	6	2	0	15	20	438	443	8.7	16.2
Seq7408_200_bp_1_1_1	ENA|AAB96524|AAB96524.1	50.00	4	2	0	11	14	131	134	8.7	14.5
Seq7408_200_bp_1_1_2	ENA|BAA32991|BAA32991.1	60.00	5	2	0	3	7	29	33	0.32	17.8
Seq7408_200_bp_1_1_2	ENA|AAA25966|AAA25966.1	80.00	5	1	0	14	18	518	522	4.7	17.2
Seq7408_200_bp_1_1_2	ENA|CAA26939|CAA26939.1	30.00	10	7	0	4	13	349	358	5.4	16.7
Seq7408_200_bp_1_1_2	ENA|AAC97205|AAC97205.1	23.08	13	10	0	2	14	1108	1120	7.8	17.2
Seq7408_200_bp_1_1_2	ENA|CAA36714|CAA36714.1	80.00	5	1	0	10	14	346	350	9	15.6
Seq7408_200_bp_1_2_0	ENA|AAB03707|AAB03707.1	96.97	66	2	0	1	66	635	700	5.2e-52	192.7
Seq7408_200_bp_1_2_0	ENA|AAB03707|AAB03707.1	69.23	13	4	0	40	52	391	403	0.44	23.5
Seq7408_200_bp_1_2_0	ENA|CAA45708|CAA45708.1	40.68	62	35	3	6	66	729	788	2.2e-09	51.3
Seq7408_200_bp_1_2_0	ENA|AAA18786|AAA18786.1	50.00	10	5	0	1	10	81	90	0.72	20.4
Seq7408_200_bp_1_2_0	ENA|AAA72732|AAA72732.1	50.00	10	5	0	1	10	291	300	0.85	20.4
Seq7408_200_bp_1_2_0	ENA|CAA11507|CAA11507.1	71.43	7	2	0	3	9	1246	1252	1.3	21.9
Seq7408_200_bp_1_2_0	ENA|AAA36539|AAA36539.1	62.50	8	3	0	14	21	84	91	1.3	20.4
Seq7408_200_bp_1_2_0	ENA|CAA29956|CAA29956.1	38.46	13	8	0	29	41	19	31	2.9	18.9
Seq7408_200_bp_1_2_0	ENA|CAA28033|CAA28033.1	46.15	13	7	0	38	50	986	998	3.5	20.4
Seq7408_200_bp_1_2_0	ENA|AAC40132|AAC40132.1	33.33	12	8	0	14	25	272	283	3.7	18.9
Seq7408_200_bp_1_2_0	ENA|AAC17860|AAC17860.1	22.22	36	28	0	20	55	126	161	4.5	18.3
Seq7408_200_bp_1_2_0	ENA|AAC97205|AAC97205.1	56.25	18	7	2	41	58	802	817	4.6	19.9
Seq7408_200_bp_1_2_0	ENA|AAQ92751|AAQ92751.2	33.33	12	8	0	42	53	222	233	5.1	19.9
Seq7408_200_bp_1_2_0	ENA|AAA32624|AAA32624.1	50.00	25	12	1	25	48	365	389	5.6	18.3
Seq7408_200_bp_1_2_0	ENA|AAS77176|AAS77176.1	50.00	6	3	0	38	43	151	156	6.3	17.3
Seq7408_200_bp_1_2_0	ENA|BAA36759|BAA36759.1	44.44	9	5	0	25	33	126	134	6.3	17.3
Seq7408_200_bp_1_2_0	ENA|CCP43727|CCP43727.1	28.95	41	27	3	25	65	11	48	7.1	17.3
Seq7408_200_bp_1_2_0	ENA|CAA24711|CAA24711.1	66.67	6	2	0	55	60	161	166	7.6	16.3
Seq7408_200_bp_1_2_0	ENA|ABK71357|ABK71357.1	40.00	10	6	0	55	64	273	282	8	17.3
Seq7408_200_bp_1_2_0	ENA|AAB96524|AAB96524.1	60.00	5	2	0	9	13	58	62	8.1	16.3
Seq7408_200_bp_1_2_0	ENA|CAA73529|CAA73529.1	29.41	17	12	0	10	26	53	69	8.4	16.8
Seq7408_200_bp_1_2_0	ENA|AAR37016|AAR37016.1	33.33	15	10	0	43	57	205	219	8.5	19.9
Seq7408_200_bp_1_2_0	ENA|BAA05866|BAA05866.1	23.08	13	10	0	44	56	25	37	9.3	16.8
Seq7408_200_bp_1_2_0	ENA|CAL82360|CAL82360.1	80.00	5	1	0	5	9	981	985	9.4	18.9
Seq7408_200_bp_-1_0_0	ENA|AAA42531|AAA42531.1	38.46	13	8	0	45	57	235	247	0.26	22.4
Seq7408_200_bp_-1_0_0	ENA|CAA73529|CAA73529.1	37.14	35	22	0	2	36	75	109	0.52	20.9
Seq7408_200_bp_-1_0_0	ENA|AAC08817|AAC08817.1	41.67	12	7	0	19	30	3	14	2.3	17.9
Seq7408_200_bp_-1_0_0	ENA|AAB03707|AAB03707.1	55.56	9	4	0	29	37	1148	1156	3.6	20.4
Seq7408_200_bp_-1_0_0	ENA|AAA72732|AAA72732.1	40.00	10	6	0	25	34	221	230	4.6	17.9
Seq7408_200_bp_-1_0_0	ENA|BAA32956|BAA32956.1	37.50	8	5	0	8	15	129	136	6.1	16.9
Seq7408_200_bp_-1_0_0	ENA|AAA18786|AAA18786.1	36.84	20	12	1	26	45	184	202	7.6	16.9
Seq7408_200_bp_-1_0_0	ENA|AAC17860|AAC17860.1	50.00	12	6	0	32	43	101	112	8.2	17.4
Seq7408_200_bp_-1_0_0	ENA|BAB79260|BAB79260.1	80.00	5	1	0	25	29	171	175	9	17.4
Seq7408_200_bp_-1_0_0	ENA|AAB66912|AAB66912.1	40.00	10	6	0	55	64	442	451	9.2	18.4
Seq7408_200_bp_-1_0_0	ENA|CAA45199|CAA45199.1	71.43	7	2	0	2	8	285	291	9.3	17.4
Seq7408_200_bp_-1_0_0	ENA|AAC78721|AAC78721.1	54.55	12	5	1	7	17	240	251	9.4	17.9
Seq7408_200_bp_-1_1_0	ENA|AAC49865|AAC49865.1	29.03	36	22	5	24	59	160	190	0.069	24.1
Seq7408_200_bp_-1_1_0	ENA|AAR31603|AAR31603.1	35.29	17	11	0	26	42	295	311	0.2	22.5
Seq7408_200_bp_-1_1_0	ENA|CAA29956|CAA29956.1	37.93	35	18	6	3	34	171	202	0.69	21.0
Seq7408_200_bp_-1_1_0	ENA|BAA32956|BAA32956.1	42.86	14	8	0	25	38	53	66	1.1	19.4
Seq7408_200_bp_-1_1_0	ENA|AAA72732|AAA72732.1	33.33	18	12	0	1	18	106	123	1.2	19.9
Seq7408_200_bp_-1_1_0	ENA|BAB17681|BAB17681.1	44.44	9	5	0	58	66	60	68	1.5	19.4
Seq7408_200_bp_-1_1_0	ENA|CAA43419|CAA43419.1	46.15	13	7	0	20	32	36	48	2	19.4
Seq7408_200_bp_-1_1_0	ENA|CAA36214|CAA36214.1	85.71	7	1	0	8	14	174	180	2.4	18.9
Seq7408_200_bp_-1_1_0	ENA|AAI27517|AAI27517.1	35.71	14	9	0	27	40	332	345	3.2	19.4
Seq7408_200_bp_-1_1_0	ENA|CAA26023|CAA26023.1	50.00	8	4	0	16	23	57	64	4.2	18.3
Seq7408_200_bp_-1_1_0	ENA|AAA18786|AAA18786.1	57.14	7	3	0	41	47	87	93	4.2	17.8
Seq7408_200_bp_-1_1_0	ENA|BAA36759|BAA36759.1	50.00	10	5	0	32	41	254	263	4.5	17.8
Seq7408_200_bp_-1_1_0	ENA|CAA45708|CAA45708.1	31.58	19	13	0	43	61	1313	1331	5.6	19.9
Seq7408_200_bp_-1_1_0	ENA|AAA32624|AAA32624.1	39.13	23	14	0	10	32	362	384	5.6	18.3
Seq7408_200_bp_-1_1_0	ENA|CAA28033|CAA28033.1	66.67	6	2	0	2	7	194	199	6.7	19.4
Seq7408_200_bp_-1_1_0	ENA|CAA36714|CAA36714.1	50.00	21	10	1	20	39	20	40	7.1	17.8
Seq7408_200_bp_-1_2_0	ENA|CAA28033|CAA28033.1	71.43	7	2	0	1	7	1300	1306	0.052	25.8
Seq7408_200_bp_-1_2_0	ENA|CAA28033|CAA28033.1	66.67	9	3	0	1	9	1286	1294	0.8	21.8
Seq7408_200_bp_-1_2_0	ENA|AAC49865|AAC49865.1	55.56	9	4	0	18	26	67	75	1.6	18.9
Seq7408_200_bp_-1_2_0	ENA|AAA32624|AAA32624.1	44.44	9	5	0	9	17	309	317	1.8	19.4
Seq7408_200_bp_-1_2_0	ENA|AAB03707|AAB03707.1	46.15	13	7	0	3	15	1136	1148	2.3	20.4
Seq7408_200_bp_-1_2_0	ENA|AAR31603|AAR31603.1	42.86	26	12	5	5	26	133	157	3	17.9
Seq7408_200_bp_-1_2_0	ENA|CAA73529|CAA73529.1	57.14	7	3	0	3	9	208	214	3.6	17.4
Seq7408_200_bp_-1_2_0	ENA|CAA29968|CAA29968.1	45.45	11	6	0	26	36	101	111	3.6	16.9
Seq7408_200_bp_-1_2_0	ENA|BAA05866|BAA05866.1	75.00	4	1	0	2	5	154	157	4	17.4
Seq7408_200_bp_-1_2_0	ENA|ABD49687|ABD49687.1	71.43	7	2	0	21	27	681	687	4	19.9
Seq7408_200_bp_-1_2_0	ENA|CAA26023|CAA26023.1	60.00	5	2	0	14	18	97	101	4.9	17.4
Seq7408_200_bp_-1_2_0	ENA|ABN10845|ABN10845.1	57.14	7	3	0	21	27	91	97	5.5	16.4
Seq7408_200_bp_-1_2_0	ENA|BAB17681|BAB17681.1	60.00	5	2	0	14	18	22	26	6.8	16.4
Seq7408_200_bp_-1_2_0	ENA|AAR37016|AAR37016.1	57.14	7	3	0	9	15	1200	1206	7.5	19.4
Seq7408_200_bp_-1_2_1	ENA|ABD49687|ABD49687.1	40.00	10	6	0	1	10	233	242	0.43	22.0
Seq7408_200_bp_-1_2_1	ENA|EDO47375|EDO47375.1	66.67	6	2	0	12	17	38	43	0.48	18.6
Seq7408_200_bp_-1_2_1	ENA|AAR37016|AAR37016.1	60.00	10	4	0	5	14	366	375	0.87	21.4
Seq7408_200_bp_-1_2_1	ENA|AAF79734|AAF79734.1	41.67	12	7	0	5	16	664	675	3.6	18.6
Seq7408_200_bp_-1_2_1	ENA|ABD33854|ABD33854.1	71.43	7	2	0	10	16	8	14	5	13.6
Seq7408_200_bp_-1_2_1	ENA|CAA26939|CAA26939.1	40.00	10	6	0	8	17	567	576	9.2	15.9
Seq7408_200_bp_-1_2_1	ENA|AAC97205|AAC97205.1	40.00	10	6	0	4	13	654	663	9.2	17.0
Seq7408_200_bp_-1_2_1	ENA|AAA18786|AAA18786.1	60.00	5	2	0	14	18	8	12	9.2	14.7
