Seq8353_507_bp_1_0_0	ENA|AAC17860|AAC17860.1	89.35	169	18	0	1	169	51	219	6.5e-53	195.3
Seq8353_507_bp_1_0_0	ENA|AAC17860|AAC17860.1	45.83	72	39	0	33	104	220	291	2.8e-08	47.0
Seq8353_507_bp_1_0_0	ENA|CAA11507|CAA11507.1	22.46	148	107	10	20	159	295	440	0.007	30.8
Seq8353_507_bp_1_0_0	ENA|CAA11507|CAA11507.1	20.38	160	125	3	1	159	690	847	0.02	29.3
Seq8353_507_bp_1_0_0	ENA|CAA11507|CAA11507.1	23.62	138	97	11	33	161	888	1023	0.17	26.2
Seq8353_507_bp_1_0_0	ENA|CAA11507|CAA11507.1	21.09	152	116	5	3	153	1036	1183	0.2	26.0
Seq8353_507_bp_1_0_0	ENA|CAB75732|CAB75732.1	22.22	168	119	15	4	157	659	825	0.023	28.9
Seq8353_507_bp_1_0_0	ENA|CAB75732|CAB75732.1	24.66	161	110	15	1	151	378	533	0.091	26.9
Seq8353_507_bp_1_0_0	ENA|CAB75732|CAB75732.1	20.28	153	114	10	7	159	30	172	0.12	26.4
Seq8353_507_bp_1_0_0	ENA|AAQ92751|AAQ92751.2	22.60	156	113	10	17	168	590	739	0.032	28.6
Seq8353_507_bp_1_0_0	ENA|AAQ92751|AAQ92751.2	23.87	171	118	16	9	168	334	499	0.069	27.5
Seq8353_507_bp_1_0_0	ENA|AAQ92751|AAQ92751.2	20.12	174	135	5	1	169	8	181	0.093	27.1
Seq8353_507_bp_1_0_0	ENA|AAQ92751|AAQ92751.2	18.01	169	132	8	5	167	910	1076	0.17	26.2
Seq8353_507_bp_1_0_0	ENA|AAB03707|AAB03707.1	20.50	170	128	9	2	166	692	857	0.059	27.8
Seq8353_507_bp_1_0_0	ENA|CAA45708|CAA45708.1	20.92	162	121	9	6	162	335	492	0.076	27.5
Seq8353_507_bp_1_0_0	ENA|CAA45708|CAA45708.1	26.71	189	118	28	3	168	830	1013	0.22	26.0
Seq8353_507_bp_1_0_0	ENA|CAA45708|CAA45708.1	18.83	161	125	7	5	162	1327	1483	0.3	25.6
Seq8353_507_bp_1_0_0	ENA|CAA45708|CAA45708.1	20.57	155	112	14	14	168	1183	1323	0.4	25.1
Seq8353_507_bp_1_0_0	ENA|CAA45708|CAA45708.1	20.13	166	123	12	1	156	544	707	0.47	24.9
Seq8353_507_bp_1_0_0	ENA|CAA43419|CAA43419.1	21.37	142	103	11	14	146	190	329	0.097	25.1
Seq8353_507_bp_1_0_0	ENA|AAA32624|AAA32624.1	21.54	141	102	11	8	144	382	515	0.12	25.4
Seq8353_507_bp_1_0_0	ENA|CAA26939|CAA26939.1	24.29	152	106	12	7	147	421	571	0.24	24.5
Seq8353_507_bp_1_0_0	ENA|CCP43727|CCP43727.1	20.14	148	115	4	16	163	62	205	0.39	23.0
Seq8353_507_bp_1_0_0	ENA|CCP43727|CCP43727.1	21.57	104	80	2	1	102	225	328	0.46	22.7
Seq8353_507_bp_1_0_0	ENA|AAA72732|AAA72732.1	19.44	149	116	5	6	154	28	171	0.59	22.3
Seq8353_507_bp_1_0_0	ENA|CAL82360|CAL82360.1	19.38	173	129	13	8	168	280	451	0.62	24.3
Seq8353_507_bp_1_0_0	ENA|CAA28033|CAA28033.1	20.00	166	124	11	7	165	350	511	0.63	24.3
Seq8353_507_bp_1_0_0	ENA|AAC26660|AAC26660.1	21.79	168	122	12	9	164	5	172	0.76	21.6
Seq8353_507_bp_1_0_0	ENA|AAF79734|AAF79734.1	27.16	86	59	5	12	92	578	663	0.94	23.8
Seq8353_507_bp_1_0_0	ENA|CAA24711|CAA24711.1	16.79	141	114	4	8	147	33	170	1.5	20.1
Seq8353_507_bp_1_0_0	ENA|AAR37016|AAR37016.1	22.58	174	120	19	14	169	1629	1801	1.8	23.6
Seq8353_507_bp_1_0_0	ENA|ABG75784|ABG75784.1	20.00	60	48	0	101	160	27	86	2.3	20.3
Seq8353_507_bp_1_0_0	ENA|CAA36714|CAA36714.1	22.70	152	109	11	13	161	32	175	2.5	20.8
Seq8353_507_bp_1_0_0	ENA|AAC49865|AAC49865.1	22.86	112	81	7	49	156	174	282	2.8	20.1
Seq8353_507_bp_1_0_0	ENA|ACT10338|ACT10338.1	18.42	123	93	9	3	119	180	299	2.8	20.3
Seq8353_507_bp_1_0_0	ENA|AAB66912|AAB66912.1	23.62	144	97	17	7	150	389	515	3.1	21.4
Seq8353_507_bp_1_0_0	ENA|AAC08817|AAC08817.1	20.19	107	83	3	49	155	2	105	3.8	18.6
Seq8353_507_bp_1_0_0	ENA|AAA25966|AAA25966.1	15.83	150	117	11	11	158	54	194	5.1	20.3
Seq8353_507_bp_1_0_0	ENA|AAA42531|AAA42531.1	20.00	110	84	5	23	128	36	144	5.8	19.2
Seq8353_507_bp_1_0_0	ENA|AAA18786|AAA18786.1	22.22	75	56	3	5	76	191	265	8.3	18.1
Seq8353_507_bp_1_0_0	ENA|BAA36759|BAA36759.1	21.43	136	99	10	7	132	156	291	8.9	18.1
Seq8353_507_bp_1_1_0	ENA|ABG75784|ABG75784.1	22.81	59	44	2	6	62	194	252	0.082	23.7
Seq8353_507_bp_1_1_0	ENA|BAB79260|BAB79260.1	37.50	57	30	9	13	60	122	178	0.22	22.9
Seq8353_507_bp_1_1_0	ENA|BAB79260|BAB79260.1	26.67	52	33	7	10	58	364	411	0.88	20.8
Seq8353_507_bp_1_1_0	ENA|AAF79734|AAF79734.1	29.41	56	36	5	1	51	956	1011	0.31	24.0
Seq8353_507_bp_1_1_0	ENA|ACT10338|ACT10338.1	25.00	65	45	5	2	63	229	291	0.42	21.7
Seq8353_507_bp_1_1_0	ENA|BAA32956|BAA32956.1	30.95	46	29	4	17	58	56	101	0.75	20.0
Seq8353_507_bp_1_1_0	ENA|AAQ92751|AAQ92751.2	27.45	57	37	6	13	63	593	649	1.2	22.0
Seq8353_507_bp_1_1_0	ENA|AAS77176|AAS77176.1	15.09	53	45	0	1	53	148	200	1.3	19.7
Seq8353_507_bp_1_1_0	ENA|AAA32624|AAA32624.1	30.00	58	35	8	4	59	433	484	1.8	20.0
Seq8353_507_bp_1_1_0	ENA|CAL82360|CAL82360.1	25.49	52	38	1	6	56	459	510	2	21.1
Seq8353_507_bp_1_1_0	ENA|AAA42531|AAA42531.1	34.48	34	19	5	2	32	274	305	2	19.4
Seq8353_507_bp_1_1_0	ENA|AAC40132|AAC40132.1	41.18	17	10	0	9	25	433	449	2.1	19.7
Seq8353_507_bp_1_1_0	ENA|ABD49687|ABD49687.1	28.57	53	35	4	1	53	1062	1110	2.2	21.4
Seq8353_507_bp_1_1_0	ENA|AAA36539|AAA36539.1	21.74	47	36	1	16	62	194	239	2.5	19.4
Seq8353_507_bp_1_1_0	ENA|BAA32991|BAA32991.1	44.44	19	10	1	7	24	28	46	2.7	16.5
Seq8353_507_bp_1_1_0	ENA|AAB03707|AAB03707.1	21.82	58	43	3	1	58	643	697	3.2	20.5
Seq8353_507_bp_1_1_0	ENA|ACH70901|ACH70901.1	20.83	49	38	1	7	54	59	107	3.4	18.5
Seq8353_507_bp_1_1_0	ENA|CCP43727|CCP43727.1	25.93	56	40	2	2	57	226	279	3.8	18.2
Seq8353_507_bp_1_1_0	ENA|AAB96524|AAB96524.1	35.00	21	13	1	1	21	168	187	3.9	17.4
Seq8353_507_bp_1_1_0	ENA|CAA29968|CAA29968.1	35.00	20	13	0	3	22	75	94	4.1	17.4
Seq8353_507_bp_1_1_0	ENA|AAA24145|AAA24145.1	22.58	67	48	5	3	64	94	160	4.4	18.5
Seq8353_507_bp_1_1_0	ENA|BAB17681|BAB17681.1	18.75	51	39	3	7	56	121	169	4.7	17.6
Seq8353_507_bp_1_1_0	ENA|AAC78721|AAC78721.1	18.00	50	41	0	12	61	46	95	5.2	18.8
Seq8353_507_bp_1_1_0	ENA|CAA26023|CAA26023.1	22.73	47	34	3	16	59	139	185	5.4	17.9
Seq8353_507_bp_1_1_0	ENA|CAA24711|CAA24711.1	23.53	34	26	0	14	47	130	163	5.4	16.8
Seq8353_507_bp_1_1_0	ENA|AAB66912|AAB66912.1	27.66	54	34	7	1	50	451	501	5.8	19.1
Seq8353_507_bp_1_1_0	ENA|CAA28033|CAA28033.1	26.47	36	25	2	26	59	919	954	6.6	19.4
Seq8353_507_bp_1_1_0	ENA|AAC49865|AAC49865.1	30.00	30	21	0	15	44	165	194	6.8	17.4
Seq8353_507_bp_1_1_0	ENA|CAA45199|CAA45199.1	33.33	39	22	6	12	46	265	301	7.9	17.6
Seq8353_507_bp_1_1_0	ENA|ABK71357|ABK71357.1	21.05	38	30	0	10	47	78	115	9.2	17.1
Seq8353_507_bp_1_1_0	ENA|CAA26939|CAA26939.1	29.17	54	34	6	2	51	522	573	9.4	17.6
Seq8353_507_bp_1_1_0	ENA|AAR37016|AAR37016.1	21.28	49	37	2	1	49	18	64	9.5	19.7
Seq8353_507_bp_1_1_0	ENA|AAA25966|AAA25966.1	27.59	66	42	8	2	64	638	698	9.7	17.9
Seq8353_507_bp_1_1_0	ENA|AAR31603|AAR31603.1	28.95	41	27	3	12	51	143	181	9.8	16.8
Seq8353_507_bp_1_1_1	ENA|AAA18786|AAA18786.1	27.27	45	32	1	6	49	27	71	0.75	20.2
Seq8353_507_bp_1_1_1	ENA|AAR31603|AAR31603.1	29.79	50	33	3	4	52	40	87	0.93	20.2
Seq8353_507_bp_1_1_1	ENA|CAA11507|CAA11507.1	26.19	45	31	3	5	49	488	529	1.2	21.8
Seq8353_507_bp_1_1_1	ENA|AAC17860|AAC17860.1	25.00	53	36	5	2	54	231	278	2	19.3
Seq8353_507_bp_1_1_1	ENA|AAI27517|AAI27517.1	31.82	49	30	5	4	49	163	209	4.3	18.8
Seq8353_507_bp_1_1_1	ENA|BAB17681|BAB17681.1	19.15	50	38	3	3	52	107	153	5.2	17.4
Seq8353_507_bp_1_1_1	ENA|ABG75784|ABG75784.1	14.89	47	40	0	4	50	244	290	5.8	17.4
Seq8353_507_bp_1_1_1	ENA|AAA36539|AAA36539.1	21.82	61	43	6	3	57	22	82	6	17.9
Seq8353_507_bp_1_1_1	ENA|AAQ92751|AAQ92751.2	33.33	48	26	9	12	58	411	450	9.5	18.8
Seq8353_507_bp_1_1_2	ENA|AAC97205|AAC97205.1	71.43	7	2	0	4	10	423	429	0.63	20.4
Seq8353_507_bp_1_1_2	ENA|AAR37016|AAR37016.1	50.00	10	5	0	1	10	1233	1242	0.86	20.8
Seq8353_507_bp_1_1_2	ENA|ABG75784|ABG75784.1	44.44	9	5	0	2	10	115	123	1.1	17.5
Seq8353_507_bp_1_1_2	ENA|AAC08817|AAC08817.1	42.86	7	4	0	4	10	1	7	2.1	15.6
Seq8353_507_bp_1_1_2	ENA|CAL82360|CAL82360.1	50.00	10	5	0	2	11	783	792	3.3	18.0
Seq8353_507_bp_1_1_2	ENA|BAB17681|BAB17681.1	40.00	10	6	0	1	10	144	153	3.7	15.6
Seq8353_507_bp_1_1_2	ENA|AAA32624|AAA32624.1	50.00	8	4	0	5	12	468	475	5	16.1
Seq8353_507_bp_1_1_2	ENA|CAA73529|CAA73529.1	50.00	6	3	0	5	10	141	146	5	15.1
Seq8353_507_bp_1_1_2	ENA|AAB66912|AAB66912.1	37.50	8	5	0	4	11	537	544	6.3	16.6
Seq8353_507_bp_1_1_2	ENA|AAA42531|AAA42531.1	50.00	8	4	0	1	8	267	274	7	15.1
Seq8353_507_bp_1_1_2	ENA|AAA36114|AAA36114.1	44.44	9	5	0	3	11	88	96	9	15.1
Seq8353_507_bp_1_1_2	ENA|BAA32956|BAA32956.1	44.44	10	5	1	3	11	4	13	9.9	13.7
Seq8353_507_bp_1_1_3	ENA|AAA36539|AAA36539.1	53.33	16	7	1	2	16	191	206	1.1	18.8
Seq8353_507_bp_1_1_3	ENA|CAA24711|CAA24711.1	30.77	13	9	0	1	13	151	163	1.3	17.0
Seq8353_507_bp_1_1_3	ENA|CAA28033|CAA28033.1	35.71	14	9	0	5	18	517	530	2.2	19.2
Seq8353_507_bp_1_1_3	ENA|CAA29968|CAA29968.1	41.18	17	10	0	1	17	164	180	2.8	16.1
Seq8353_507_bp_1_1_3	ENA|AAA25966|AAA25966.1	40.00	10	6	0	4	13	620	629	3	17.9
Seq8353_507_bp_1_1_3	ENA|AAC08817|AAC08817.1	80.00	5	1	0	13	17	124	128	3	15.7
Seq8353_507_bp_1_1_3	ENA|ABD33854|ABD33854.1	25.00	16	12	0	1	16	26	41	3.1	14.3
Seq8353_507_bp_1_1_3	ENA|CAA45708|CAA45708.1	54.55	11	5	0	7	17	1036	1046	3.4	18.8
Seq8353_507_bp_1_1_3	ENA|AAA18786|AAA18786.1	27.78	18	13	0	1	18	195	212	3.7	16.1
Seq8353_507_bp_1_1_3	ENA|AAR37016|AAR37016.1	35.29	17	11	0	2	18	696	712	3.9	19.2
Seq8353_507_bp_1_1_3	ENA|AAB66912|AAB66912.1	40.00	15	9	0	3	17	793	807	5.2	17.4
Seq8353_507_bp_1_1_3	ENA|BAA32956|BAA32956.1	35.71	14	9	0	3	16	98	111	5.4	15.2
Seq8353_507_bp_1_1_3	ENA|AAB03707|AAB03707.1	66.67	9	3	0	10	18	395	403	5.6	17.9
Seq8353_507_bp_1_1_3	ENA|AAC26660|AAC26660.1	83.33	6	1	0	12	17	64	69	6.5	15.2
Seq8353_507_bp_1_1_3	ENA|CAA43419|CAA43419.1	40.00	15	9	0	3	17	43	57	6.8	15.7
Seq8353_507_bp_1_1_3	ENA|AAQ92751|AAQ92751.2	25.00	16	12	0	1	16	205	220	7.5	17.4
Seq8353_507_bp_1_1_3	ENA|AAI27517|AAI27517.1	50.00	10	5	0	7	16	394	403	8	16.1
Seq8353_507_bp_1_1_3	ENA|ACT10338|ACT10338.1	44.44	19	10	1	1	18	109	127	9.5	15.2
Seq8353_507_bp_1_2_0	ENA|CAA43419|CAA43419.1	38.46	13	8	0	1	13	288	300	0.21	20.7
Seq8353_507_bp_1_2_0	ENA|AAA72732|AAA72732.1	38.46	13	8	0	3	15	95	107	3.3	16.4
Seq8353_507_bp_1_2_0	ENA|CAA26023|CAA26023.1	45.45	11	6	0	3	13	74	84	8.7	15.3
Seq8353_507_bp_1_2_1	ENA|AAI27517|AAI27517.1	58.33	13	5	1	2	13	181	193	0.023	24.2
Seq8353_507_bp_1_2_1	ENA|CAA73529|CAA73529.1	60.00	5	2	0	9	13	151	155	0.28	19.5
Seq8353_507_bp_1_2_1	ENA|AAA32624|AAA32624.1	80.00	5	1	0	9	13	34	38	0.39	19.9
Seq8353_507_bp_1_2_1	ENA|AAA32624|AAA32624.1	36.36	11	7	0	3	13	119	129	0.39	19.9
Seq8353_507_bp_1_2_1	ENA|CAA29968|CAA29968.1	45.45	14	6	3	3	13	99	112	0.54	18.0
Seq8353_507_bp_1_2_1	ENA|BAB17681|BAB17681.1	40.00	10	6	0	1	10	21	30	0.75	18.0
Seq8353_507_bp_1_2_1	ENA|BAB79260|BAB79260.1	27.27	11	8	0	3	13	442	452	0.9	18.5
Seq8353_507_bp_1_2_1	ENA|ABD49687|ABD49687.1	41.67	12	7	0	1	12	1361	1372	1.3	19.9
Seq8353_507_bp_1_2_1	ENA|AAC78721|AAC78721.1	40.00	10	6	0	4	13	292	301	1.3	18.5
Seq8353_507_bp_1_2_1	ENA|CAA26939|CAA26939.1	50.00	6	3	0	8	13	74	79	1.6	18.0
Seq8353_507_bp_1_2_1	ENA|CAA24711|CAA24711.1	30.00	10	7	0	2	11	21	30	2.4	15.7
Seq8353_507_bp_1_2_1	ENA|BAA32991|BAA32991.1	75.00	4	1	0	7	10	9	12	2.6	14.3
Seq8353_507_bp_1_2_1	ENA|CAA29956|CAA29956.1	36.36	11	7	0	1	11	103	113	2.7	16.6
Seq8353_507_bp_1_2_1	ENA|AAC17860|AAC17860.1	27.27	11	8	0	3	13	236	246	3	16.6
Seq8353_507_bp_1_2_1	ENA|ABN10845|ABN10845.1	57.14	7	3	0	1	7	106	112	3	15.7
Seq8353_507_bp_1_2_1	ENA|AAQ92751|AAQ92751.2	50.00	11	5	1	2	11	1294	1304	3.7	18.0
Seq8353_507_bp_1_2_1	ENA|ABD33854|ABD33854.1	37.50	8	5	0	1	8	42	49	6.2	12.8
Seq8353_507_bp_1_2_1	ENA|AAA24145|AAA24145.1	62.50	10	3	2	3	12	98	105	6.2	15.7
Seq8353_507_bp_1_2_1	ENA|CAA36714|CAA36714.1	36.36	12	7	1	3	13	436	447	6.3	15.7
Seq8353_507_bp_1_2_1	ENA|BAA36759|BAA36759.1	36.36	11	7	0	2	12	47	57	7.4	14.7
Seq8353_507_bp_1_2_1	ENA|AAC08817|AAC08817.1	33.33	9	6	0	4	12	127	135	7.8	13.8
Seq8353_507_bp_1_2_1	ENA|AAA72732|AAA72732.1	30.00	10	7	0	2	11	148	157	8	14.7
Seq8353_507_bp_1_2_1	ENA|AAR31603|AAR31603.1	40.00	12	6	2	2	13	81	90	8.4	14.7
Seq8353_507_bp_1_2_1	ENA|AAC40132|AAC40132.1	36.36	12	7	1	2	13	376	386	8.7	15.2
Seq8353_507_bp_1_2_1	ENA|ABK71357|ABK71357.1	25.00	12	9	0	1	12	160	171	9.4	14.7
Seq8353_507_bp_1_2_2	ENA|CAA43419|CAA43419.1	33.33	19	12	1	1	18	334	352	0.71	19.1
Seq8353_507_bp_1_2_2	ENA|CAL82360|CAL82360.1	60.00	11	4	1	9	18	1279	1289	0.93	20.5
Seq8353_507_bp_1_2_2	ENA|CAA28033|CAA28033.1	50.00	13	6	1	7	18	1298	1310	1.2	20.2
Seq8353_507_bp_1_2_2	ENA|ABN10845|ABN10845.1	36.84	23	12	4	1	19	95	117	2.3	16.6
Seq8353_507_bp_1_2_2	ENA|BAB79260|BAB79260.1	41.67	12	7	0	5	16	277	288	4.6	16.6
Seq8353_507_bp_1_2_2	ENA|AAA18786|AAA18786.1	25.00	12	9	0	7	18	181	192	5.6	15.6
Seq8353_507_bp_1_2_2	ENA|BAA32956|BAA32956.1	45.45	12	6	1	1	11	126	137	5.7	15.2
Seq8353_507_bp_1_2_2	ENA|CAA73529|CAA73529.1	42.86	7	4	0	13	19	209	215	5.8	15.6
Seq8353_507_bp_1_2_2	ENA|AAA36539|AAA36539.1	33.33	12	8	0	2	13	69	80	6.1	16.3
Seq8353_507_bp_1_2_2	ENA|AAF79734|AAF79734.1	71.43	7	2	0	6	12	1073	1079	7	17.7
Seq8353_507_bp_1_2_2	ENA|AAA42531|AAA42531.1	23.08	13	10	0	7	19	120	132	8	15.6
Seq8353_507_bp_1_2_2	ENA|AAC49865|AAC49865.1	30.00	10	7	0	10	19	27	36	8.6	15.2
Seq8353_507_bp_1_2_2	ENA|CAA26023|CAA26023.1	42.86	7	4	0	12	18	164	170	9.9	15.2
Seq8353_507_bp_1_2_3	ENA|CAA29968|CAA29968.1	66.67	6	2	0	3	8	94	99	0.26	19.4
Seq8353_507_bp_1_2_3	ENA|CAA29968|CAA29968.1	37.50	8	5	0	4	11	70	77	0.7	18.0
Seq8353_507_bp_1_2_3	ENA|CAA26939|CAA26939.1	35.71	14	9	0	3	16	346	359	0.29	20.8
Seq8353_507_bp_1_2_3	ENA|AAI27517|AAI27517.1	46.15	13	7	0	4	16	33	45	0.3	20.8
Seq8353_507_bp_1_2_3	ENA|AAB03707|AAB03707.1	50.00	12	6	0	5	16	1025	1036	0.5	21.3
Seq8353_507_bp_1_2_3	ENA|CAA26023|CAA26023.1	50.00	12	6	0	2	13	201	212	0.52	19.4
Seq8353_507_bp_1_2_3	ENA|BAB79260|BAB79260.1	41.67	12	7	0	2	13	169	180	0.61	19.4
Seq8353_507_bp_1_2_3	ENA|AAA32624|AAA32624.1	35.71	14	9	0	2	15	508	521	0.7	19.4
Seq8353_507_bp_1_2_3	ENA|AAA42531|AAA42531.1	25.00	16	12	0	1	16	54	69	0.72	18.9
Seq8353_507_bp_1_2_3	ENA|AAR37016|AAR37016.1	54.55	11	5	0	6	16	768	778	0.86	21.3
Seq8353_507_bp_1_2_3	ENA|ACH70901|ACH70901.1	50.00	8	4	0	4	11	188	195	0.93	18.4
Seq8353_507_bp_1_2_3	ENA|ABD49687|ABD49687.1	55.56	9	4	0	5	13	143	151	1.2	20.3
Seq8353_507_bp_1_2_3	ENA|AAA24145|AAA24145.1	60.00	11	4	1	3	12	92	102	1.6	18.0
Seq8353_507_bp_1_2_3	ENA|CAA45199|CAA45199.1	45.45	11	6	0	4	14	45	55	2.3	17.5
Seq8353_507_bp_1_2_3	ENA|AAC17860|AAC17860.1	45.45	11	6	0	5	15	282	292	2.8	17.0
Seq8353_507_bp_1_2_3	ENA|AAC08817|AAC08817.1	28.57	14	10	0	2	15	117	130	2.8	15.6
Seq8353_507_bp_1_2_3	ENA|AAB96524|AAB96524.1	50.00	6	3	0	8	13	134	139	3.3	15.6
Seq8353_507_bp_1_2_3	ENA|ABK71357|ABK71357.1	44.44	9	5	0	5	13	294	302	3.5	16.5
Seq8353_507_bp_1_2_3	ENA|AAQ92751|AAQ92751.2	33.33	9	6	0	8	16	223	231	3.5	18.4
Seq8353_507_bp_1_2_3	ENA|AAF79734|AAF79734.1	33.33	15	10	0	1	15	651	665	3.7	18.4
Seq8353_507_bp_1_2_3	ENA|ABN10845|ABN10845.1	75.00	4	1	0	8	11	57	60	3.9	15.6
Seq8353_507_bp_1_2_3	ENA|BAA32018|BAA32018.1	44.44	9	5	0	2	10	519	527	4.2	17.0
Seq8353_507_bp_1_2_3	ENA|CAA36714|CAA36714.1	28.57	15	10	1	1	15	390	403	4.3	16.5
Seq8353_507_bp_1_2_3	ENA|CAA73529|CAA73529.1	50.00	8	4	0	9	16	45	52	4.9	15.6
Seq8353_507_bp_1_2_3	ENA|BAA36759|BAA36759.1	50.00	8	4	0	2	9	254	261	5.1	15.6
Seq8353_507_bp_1_2_3	ENA|BAA05866|BAA05866.1	50.00	6	3	0	8	13	232	237	5.4	15.6
Seq8353_507_bp_1_2_3	ENA|AAR31603|AAR31603.1	42.86	7	4	0	6	12	101	107	5.8	15.6
Seq8353_507_bp_1_2_3	ENA|AAC26660|AAC26660.1	50.00	6	3	0	5	10	119	124	6.2	15.1
Seq8353_507_bp_1_2_3	ENA|CAA11507|CAA11507.1	40.00	10	6	0	3	12	1257	1266	6.5	17.5
Seq8353_507_bp_1_2_3	ENA|AAA25966|AAA25966.1	50.00	6	3	0	8	13	373	378	6.6	16.5
Seq8353_507_bp_1_2_3	ENA|CAA24711|CAA24711.1	71.43	8	2	1	9	16	60	66	8	14.2
Seq8353_507_bp_1_2_3	ENA|AAC97205|AAC97205.1	60.00	5	2	0	4	8	15	19	8	17.0
Seq8353_507_bp_1_2_3	ENA|AAB66912|AAB66912.1	50.00	8	4	0	2	9	61	68	8.3	16.5
Seq8353_507_bp_1_2_3	ENA|EDO47375|EDO47375.1	26.67	15	11	0	1	15	77	91	8.6	14.2
Seq8353_507_bp_1_2_4	ENA|AAA25966|AAA25966.1	34.88	48	28	5	10	57	230	272	0.14	24.2
Seq8353_507_bp_1_2_4	ENA|AAA32624|AAA32624.1	21.15	56	41	4	2	56	387	439	3	19.2
Seq8353_507_bp_1_2_4	ENA|CAL82360|CAL82360.1	28.85	58	37	6	4	55	339	396	9.7	18.8
Seq8353_507_bp_1_2_4	ENA|CAA45708|CAA45708.1	20.69	59	46	1	2	59	1281	1339	9.8	19.0
Seq8353_507_bp_1_2_4	ENA|CAA26939|CAA26939.1	22.03	61	46	2	5	64	39	98	9.8	17.6
Seq8353_507_bp_1_2_5	ENA|CAA24711|CAA24711.1	77.78	9	2	0	1	9	62	70	0.02	22.4
Seq8353_507_bp_1_2_5	ENA|AAA42531|AAA42531.1	100.00	5	0	0	3	7	2	6	3	16.3
Seq8353_507_bp_1_2_5	ENA|AAA72732|AAA72732.1	45.45	11	6	0	1	11	148	158	3.5	15.8
Seq8353_507_bp_1_2_5	ENA|AAC26660|AAC26660.1	80.00	5	1	0	6	10	66	70	4	15.2
Seq8353_507_bp_1_2_5	ENA|AAB26998|AAB26998.1	30.00	10	7	0	1	10	58	67	5	13.2
Seq8353_507_bp_1_2_5	ENA|CAB75732|CAB75732.1	44.44	9	5	0	1	9	1137	1145	6.2	16.8
Seq8353_507_bp_1_2_6	ENA|BAA05866|BAA05866.1	40.00	10	6	0	3	12	88	97	3.3	15.9
Seq8353_507_bp_1_2_6	ENA|ABD33854|ABD33854.1	37.50	8	5	0	3	10	32	39	5	13.0
Seq8353_507_bp_1_2_6	ENA|AAC08817|AAC08817.1	66.67	6	2	0	3	8	125	130	8.6	13.5
Seq8353_507_bp_-1_0_0	ENA|CAA26023|CAA26023.1	23.33	30	23	0	2	31	130	159	0.45	20.6
Seq8353_507_bp_-1_0_0	ENA|BAA32956|BAA32956.1	31.82	22	15	0	3	24	35	56	2	17.6
Seq8353_507_bp_-1_0_0	ENA|AAR31603|AAR31603.1	24.14	31	22	2	3	31	122	152	3	17.6
Seq8353_507_bp_-1_0_0	ENA|BAB17681|BAB17681.1	25.00	26	18	2	1	24	21	46	3.8	17.0
Seq8353_507_bp_-1_0_0	ENA|CAA29968|CAA29968.1	33.33	32	18	5	1	32	166	192	6.1	15.8
Seq8353_507_bp_-1_0_0	ENA|ABG75784|ABG75784.1	41.67	12	7	0	6	17	78	89	9.4	15.8
Seq8353_507_bp_-1_0_0	ENA|ACT10338|ACT10338.1	21.43	14	11	0	10	23	293	306	9.5	16.1
Seq8353_507_bp_-1_0_0	ENA|ABN10845|ABN10845.1	17.24	35	24	6	3	31	23	57	9.9	15.2
Seq8353_507_bp_-1_0_1	ENA|ABN10845|ABN10845.1	25.00	37	27	1	12	47	83	119	1.6	18.8
Seq8353_507_bp_-1_0_1	ENA|AAB03707|AAB03707.1	19.23	53	42	1	7	58	676	728	2.2	20.9
Seq8353_507_bp_-1_0_1	ENA|BAA32991|BAA32991.1	22.22	18	14	0	2	19	15	32	4.5	15.6
Seq8353_507_bp_-1_0_1	ENA|AAB26998|AAB26998.1	30.00	21	14	1	3	22	27	47	5.1	15.6
Seq8353_507_bp_-1_0_1	ENA|AAR31603|AAR31603.1	27.08	57	35	9	2	49	65	121	5.5	17.5
Seq8353_507_bp_-1_0_1	ENA|AAR37016|AAR37016.1	34.55	78	36	23	2	57	1569	1645	6.1	20.2
Seq8353_507_bp_-1_0_1	ENA|ABK71357|ABK71357.1	25.86	61	43	3	1	58	225	285	6.2	17.5
Seq8353_507_bp_-1_0_1	ENA|AAA18786|AAA18786.1	23.08	59	40	7	4	57	162	218	6.2	17.0
Seq8353_507_bp_-1_0_1	ENA|CAA26023|CAA26023.1	31.25	40	22	8	8	47	123	154	7.5	17.3
Seq8353_507_bp_-1_0_1	ENA|CAA26939|CAA26939.1	28.00	57	36	7	2	53	317	371	7.9	17.8
Seq8353_507_bp_-1_0_1	ENA|ABD49687|ABD49687.1	35.71	53	27	11	7	48	800	852	10	19.0
Seq8353_507_bp_-1_0_2	ENA|AAC49865|AAC49865.1	53.85	13	6	0	4	16	63	75	0.011	24.7
Seq8353_507_bp_-1_0_2	ENA|AAB03707|AAB03707.1	62.50	8	3	0	2	9	799	806	0.19	22.6
Seq8353_507_bp_-1_0_2	ENA|CAA43419|CAA43419.1	50.00	8	4	0	8	15	223	230	0.21	20.6
Seq8353_507_bp_-1_0_2	ENA|BAA32018|BAA32018.1	38.46	13	8	0	2	14	181	193	0.36	20.6
Seq8353_507_bp_-1_0_2	ENA|CAA28033|CAA28033.1	31.25	16	11	0	1	16	1264	1279	0.53	21.1
Seq8353_507_bp_-1_0_2	ENA|AAC78721|AAC78721.1	42.86	7	4	0	10	16	312	318	0.55	20.1
Seq8353_507_bp_-1_0_2	ENA|CAA45708|CAA45708.1	38.46	13	8	0	3	15	1387	1399	0.61	21.1
Seq8353_507_bp_-1_0_2	ENA|AAS77176|AAS77176.1	46.15	13	7	0	1	13	111	123	0.96	18.1
Seq8353_507_bp_-1_0_2	ENA|ABN10845|ABN10845.1	37.50	8	5	0	2	9	148	155	1	17.6
Seq8353_507_bp_-1_0_2	ENA|AAA72732|AAA72732.1	41.67	12	7	0	2	13	6	17	1.5	17.6
Seq8353_507_bp_-1_0_2	ENA|AAB66912|AAB66912.1	50.00	8	4	0	2	9	183	190	1.5	19.1
Seq8353_507_bp_-1_0_2	ENA|AAA36539|AAA36539.1	31.25	16	11	0	1	16	193	208	1.6	18.1
Seq8353_507_bp_-1_0_2	ENA|AAC17860|AAC17860.1	28.57	14	10	0	2	15	92	105	1.9	17.6
Seq8353_507_bp_-1_0_2	ENA|ACT10338|ACT10338.1	55.56	11	4	2	6	16	299	307	3.6	16.5
Seq8353_507_bp_-1_0_2	ENA|BAB17681|BAB17681.1	50.00	8	4	0	1	8	135	142	3.6	16.0
Seq8353_507_bp_-1_0_2	ENA|AAA42531|AAA42531.1	50.00	8	4	0	1	8	191	198	5.1	16.0
Seq8353_507_bp_-1_0_2	ENA|BAB79260|BAB79260.1	37.50	8	5	0	8	15	82	89	5.9	16.0
Seq8353_507_bp_-1_0_2	ENA|AAC40132|AAC40132.1	40.00	10	6	0	4	13	276	285	6.2	16.0
Seq8353_507_bp_-1_0_2	ENA|AAA25966|AAA25966.1	50.00	8	4	0	9	16	272	279	6.6	16.5
Seq8353_507_bp_-1_0_2	ENA|AAC26660|AAC26660.1	50.00	6	3	0	7	12	72	77	6.7	15.0
Seq8353_507_bp_-1_0_2	ENA|AAA32624|AAA32624.1	27.27	11	8	0	2	12	99	109	6.7	16.0
Seq8353_507_bp_-1_0_2	ENA|ABD33854|ABD33854.1	20.00	10	8	0	3	12	4	13	6.7	13.0
Seq8353_507_bp_-1_0_2	ENA|AAR37016|AAR37016.1	30.77	13	9	0	2	14	2023	2035	7.4	18.1
Seq8353_507_bp_-1_0_2	ENA|AAC97205|AAC97205.1	25.00	8	6	0	9	16	609	616	7.8	17.1
Seq8353_507_bp_-1_0_2	ENA|BAA05866|BAA05866.1	75.00	4	1	0	13	16	29	32	7.9	15.0
Seq8353_507_bp_-1_0_2	ENA|CAL82360|CAL82360.1	38.46	13	8	0	2	14	390	402	8.1	17.1
Seq8353_507_bp_-1_0_2	ENA|AAC08817|AAC08817.1	31.25	16	11	0	1	16	105	120	8.1	14.0
Seq8353_507_bp_-1_0_2	ENA|CAA45199|CAA45199.1	25.00	8	6	0	6	13	308	315	8.5	15.5
Seq8353_507_bp_-1_0_2	ENA|CAA11507|CAA11507.1	38.46	13	8	0	2	14	705	717	8.5	17.1
Seq8353_507_bp_-1_0_2	ENA|AAQ92751|AAQ92751.2	30.00	10	7	0	5	14	530	539	8.6	17.1
Seq8353_507_bp_-1_0_2	ENA|AAA18786|AAA18786.1	37.50	8	5	0	4	11	257	264	9.6	14.5
Seq8353_507_bp_-1_0_2	ENA|EDO47375|EDO47375.1	35.71	14	9	0	3	16	72	85	9.6	14.0
Seq8353_507_bp_-1_0_3	ENA|BAA32991|BAA32991.1	47.62	28	11	7	1	21	19	46	0.19	19.9
Seq8353_507_bp_-1_0_3	ENA|BAA32956|BAA32956.1	43.75	22	9	6	2	18	9	29	6.5	16.3
Seq8353_507_bp_-1_1_0	ENA|AAC26660|AAC26660.1	50.00	17	8	1	4	20	215	230	0.081	22.2
Seq8353_507_bp_-1_1_0	ENA|AAB26998|AAB26998.1	60.00	10	4	0	17	26	53	62	0.28	18.7
Seq8353_507_bp_-1_1_0	ENA|ABD49687|ABD49687.1	40.00	22	12	2	5	26	1494	1513	0.54	22.2
Seq8353_507_bp_-1_1_0	ENA|CAA36214|CAA36214.1	36.36	24	14	2	2	25	268	289	0.8	19.1
Seq8353_507_bp_-1_1_0	ENA|CAA73529|CAA73529.1	33.33	15	10	0	12	26	134	148	0.97	18.7
Seq8353_507_bp_-1_1_0	ENA|CAA28033|CAA28033.1	28.00	25	18	0	2	26	704	728	1	20.9
Seq8353_507_bp_-1_1_0	ENA|AAA42531|AAA42531.1	31.58	19	13	0	6	24	73	91	1	19.1
Seq8353_507_bp_-1_1_0	ENA|AAA24145|AAA24145.1	75.00	8	2	0	8	15	54	61	1.2	19.1
Seq8353_507_bp_-1_1_0	ENA|AAI27517|AAI27517.1	31.82	24	15	2	4	25	410	433	1.5	19.1
Seq8353_507_bp_-1_1_0	ENA|ABK71357|ABK71357.1	45.45	11	6	0	8	18	204	214	1.8	18.2
Seq8353_507_bp_-1_1_0	ENA|BAA32956|BAA32956.1	41.18	18	10	1	1	17	43	60	1.8	17.4
Seq8353_507_bp_-1_1_0	ENA|AAA25966|AAA25966.1	35.00	21	13	1	5	24	429	449	3.4	18.2
Seq8353_507_bp_-1_1_0	ENA|AAC78721|AAC78721.1	33.33	26	16	2	3	26	60	85	4.2	17.8
Seq8353_507_bp_-1_1_0	ENA|AAR37016|AAR37016.1	42.86	14	8	0	3	16	1509	1522	4.4	19.6
Seq8353_507_bp_-1_1_0	ENA|AAB03707|AAB03707.1	35.00	20	13	0	2	21	259	278	4.7	18.7
Seq8353_507_bp_-1_1_0	ENA|BAA05866|BAA05866.1	41.67	12	7	0	5	16	157	168	4.8	16.5
Seq8353_507_bp_-1_1_0	ENA|CAA45708|CAA45708.1	33.33	21	14	0	3	23	164	184	5.2	18.7
Seq8353_507_bp_-1_1_0	ENA|AAC40132|AAC40132.1	30.43	25	16	2	2	26	342	364	5.4	16.9
Seq8353_507_bp_-1_1_0	ENA|CAA26023|CAA26023.1	66.67	14	4	2	12	25	106	117	5.9	16.5
Seq8353_507_bp_-1_1_0	ENA|AAA32624|AAA32624.1	38.46	13	8	0	2	14	99	111	6	16.9
Seq8353_507_bp_-1_1_0	ENA|BAB79260|BAB79260.1	38.46	13	8	0	4	16	63	75	6.9	16.5
Seq8353_507_bp_-1_1_0	ENA|AAC97205|AAC97205.1	35.00	22	13	2	5	24	408	429	7.5	17.8
Seq8353_507_bp_-1_1_0	ENA|CAL82360|CAL82360.1	27.27	22	16	0	1	22	833	854	7.8	17.8
Seq8353_507_bp_-1_1_1	ENA|ABN10845|ABN10845.1	21.74	128	90	13	5	128	13	131	0.015	26.7
Seq8353_507_bp_-1_1_1	ENA|CAA26023|CAA26023.1	22.03	59	46	0	70	128	21	79	0.019	27.2
Seq8353_507_bp_-1_1_1	ENA|CAA26023|CAA26023.1	29.17	76	51	4	46	119	111	184	0.4	22.8
Seq8353_507_bp_-1_1_1	ENA|CAA29968|CAA29968.1	25.26	104	71	9	2	101	43	141	0.023	25.9
Seq8353_507_bp_-1_1_1	ENA|AAR37016|AAR37016.1	24.73	102	70	9	25	126	1840	1932	0.046	28.5
Seq8353_507_bp_-1_1_1	ENA|AAR37016|AAR37016.1	24.56	122	86	8	7	127	175	289	0.14	26.9
Seq8353_507_bp_-1_1_1	ENA|AAR37016|AAR37016.1	22.34	104	73	10	14	112	626	724	0.48	25.1
Seq8353_507_bp_-1_1_1	ENA|AAC26660|AAC26660.1	27.78	61	39	7	34	94	205	258	0.063	24.8
Seq8353_507_bp_-1_1_1	ENA|BAB79260|BAB79260.1	19.66	125	94	8	8	129	209	328	0.065	25.6
Seq8353_507_bp_-1_1_1	ENA|BAB79260|BAB79260.1	20.00	82	60	7	19	93	125	206	0.56	22.5
Seq8353_507_bp_-1_1_1	ENA|CAA28033|CAA28033.1	22.12	126	88	13	2	119	636	756	0.22	25.4
Seq8353_507_bp_-1_1_1	ENA|AAI27517|AAI27517.1	23.23	106	76	7	9	113	153	252	0.36	23.5
Seq8353_507_bp_-1_1_1	ENA|AAC40132|AAC40132.1	23.42	129	85	18	5	127	48	164	0.41	23.0
Seq8353_507_bp_-1_1_1	ENA|ACT10338|ACT10338.1	26.96	128	84	13	8	125	217	341	0.48	22.5
Seq8353_507_bp_-1_1_1	ENA|CAL82360|CAL82360.1	25.25	107	74	8	25	126	561	664	0.54	24.1
Seq8353_507_bp_-1_1_1	ENA|CAA36214|CAA36214.1	24.56	138	86	24	5	118	150	287	0.54	22.0
Seq8353_507_bp_-1_1_1	ENA|CAA73529|CAA73529.1	14.63	126	105	3	4	127	67	191	0.58	21.7
Seq8353_507_bp_-1_1_1	ENA|AAC78721|AAC78721.1	25.47	122	79	16	2	118	271	381	0.83	22.5
Seq8353_507_bp_-1_1_1	ENA|AAC97205|AAC97205.1	20.33	131	98	8	5	129	721	849	0.89	23.3
Seq8353_507_bp_-1_1_1	ENA|CAA24711|CAA24711.1	22.58	65	48	3	23	87	75	136	0.9	20.4
Seq8353_507_bp_-1_1_1	ENA|AAA24145|AAA24145.1	33.33	66	36	12	9	62	397	462	0.98	21.7
Seq8353_507_bp_-1_1_1	ENA|AAS77176|AAS77176.1	19.61	109	82	7	1	105	57	162	1.1	20.9
Seq8353_507_bp_-1_1_1	ENA|BAA32018|BAA32018.1	19.05	92	68	8	27	112	43	132	1.1	22.0
Seq8353_507_bp_-1_1_1	ENA|AAA36539|AAA36539.1	23.29	75	56	2	37	111	315	387	1.2	21.5
Seq8353_507_bp_-1_1_1	ENA|AAA36114|AAA36114.1	20.43	106	74	13	23	126	91	185	1.3	21.5
Seq8353_507_bp_-1_1_1	ENA|BAA32956|BAA32956.1	17.36	132	100	11	4	128	31	158	1.3	20.2
Seq8353_507_bp_-1_1_1	ENA|CAA26939|CAA26939.1	20.18	125	91	11	1	119	397	516	1.4	21.5
Seq8353_507_bp_-1_1_1	ENA|CAA43419|CAA43419.1	22.34	106	73	12	25	118	1	106	1.6	20.7
Seq8353_507_bp_-1_1_1	ENA|AAB66912|AAB66912.1	26.50	129	86	12	3	122	557	682	1.6	22.0
Seq8353_507_bp_-1_1_1	ENA|AAF79734|AAF79734.1	21.59	95	69	7	2	89	1227	1321	1.8	22.5
Seq8353_507_bp_-1_1_1	ENA|BAB17681|BAB17681.1	16.22	113	93	2	5	117	118	228	2	19.9
Seq8353_507_bp_-1_1_1	ENA|AAB03707|AAB03707.1	21.92	74	57	1	10	83	896	968	2.4	22.0
Seq8353_507_bp_-1_1_1	ENA|AAR31603|AAR31603.1	21.67	67	47	7	51	110	89	155	2.9	19.6
Seq8353_507_bp_-1_1_1	ENA|AAA25966|AAA25966.1	22.45	107	76	9	29	127	548	653	3.1	20.7
Seq8353_507_bp_-1_1_1	ENA|AAA42531|AAA42531.1	19.80	105	81	4	10	113	287	388	3.4	19.6
Seq8353_507_bp_-1_1_1	ENA|ABD49687|ABD49687.1	25.49	112	76	10	2	108	778	884	3.6	21.7
Seq8353_507_bp_-1_1_1	ENA|ABG75784|ABG75784.1	25.00	35	24	3	93	127	275	306	3.9	19.1
Seq8353_507_bp_-1_1_1	ENA|ABK71357|ABK71357.1	25.00	62	45	2	29	89	67	127	4.6	19.1
Seq8353_507_bp_-1_1_1	ENA|BAA05866|BAA05866.1	20.37	118	86	10	2	118	3	111	5.5	18.6
Seq8353_507_bp_-1_1_1	ENA|CAA45708|CAA45708.1	20.21	97	75	3	29	122	565	661	6.3	20.7
Seq8353_507_bp_-1_1_1	ENA|EDO47375|EDO47375.1	27.16	87	59	6	46	127	40	125	6.8	17.6
Seq8353_507_bp_-1_1_1	ENA|BAA36759|BAA36759.1	20.59	114	81	12	26	128	43	155	7.2	18.1
Seq8353_507_bp_-1_1_1	ENA|CAD53387|CAD53387.1	29.82	61	40	4	57	113	446	506	7.3	18.9
Seq8353_507_bp_-1_1_1	ENA|AAA32624|AAA32624.1	15.48	87	71	3	32	115	339	425	7.6	18.9
Seq8353_507_bp_-1_1_1	ENA|AAA72732|AAA72732.1	33.33	28	18	1	10	36	103	130	7.8	18.1
Seq8353_507_bp_-1_1_1	ENA|AAB96524|AAB96524.1	19.15	97	76	3	35	128	78	174	7.9	17.3
Seq8353_507_bp_-1_1_1	ENA|AAB26998|AAB26998.1	27.27	48	32	4	31	78	5	48	8.2	16.0
Seq8353_507_bp_-1_1_1	ENA|ACH70901|ACH70901.1	21.31	62	48	1	9	69	243	304	8.9	18.1
Seq8353_507_bp_-1_1_1	ENA|AAA18786|AAA18786.1	26.09	82	51	13	8	85	143	215	9.4	17.6
Seq8353_507_bp_-1_1_1	ENA|CAA36714|CAA36714.1	29.09	60	39	5	56	115	160	214	9.5	18.3
Seq8353_507_bp_-1_1_1	ENA|CAB75732|CAB75732.1	17.39	122	95	7	1	121	289	404	9.6	19.6
Seq8353_507_bp_-1_1_2	ENA|CAA45708|CAA45708.1	55.56	9	4	0	3	11	32	40	0.13	22.8
Seq8353_507_bp_-1_1_2	ENA|AAQ92751|AAQ92751.2	54.55	11	5	0	1	11	464	474	0.7	20.2
Seq8353_507_bp_-1_1_2	ENA|BAA05866|BAA05866.1	66.67	6	2	0	6	11	155	160	0.93	17.7
Seq8353_507_bp_-1_1_2	ENA|BAA32018|BAA32018.1	83.33	6	1	0	6	11	174	179	1.3	18.2
Seq8353_507_bp_-1_1_2	ENA|ABG75784|ABG75784.1	50.00	10	5	0	2	11	283	292	1.3	17.2
Seq8353_507_bp_-1_1_2	ENA|AAB03707|AAB03707.1	33.33	9	6	0	3	11	32	40	2	18.7
Seq8353_507_bp_-1_1_2	ENA|AAC17860|AAC17860.1	36.36	11	7	0	1	11	359	369	2.5	16.6
Seq8353_507_bp_-1_1_2	ENA|AAA72732|AAA72732.1	57.14	7	3	0	5	11	111	117	2.7	16.1
Seq8353_507_bp_-1_1_2	ENA|AAF79734|AAF79734.1	36.36	11	7	0	1	11	895	905	3	18.2
Seq8353_507_bp_-1_1_2	ENA|AAA42531|AAA42531.1	75.00	10	2	2	4	11	31	40	3.3	16.1
Seq8353_507_bp_-1_1_2	ENA|CAA11507|CAA11507.1	57.14	7	3	0	5	11	61	67	4	17.7
Seq8353_507_bp_-1_1_2	ENA|AAA18786|AAA18786.1	50.00	6	3	0	5	10	171	176	4.6	15.1
Seq8353_507_bp_-1_1_2	ENA|ABD33854|ABD33854.1	50.00	6	3	0	1	6	18	23	6.5	12.5
Seq8353_507_bp_-1_1_2	ENA|AAA24145|AAA24145.1	36.36	11	7	0	1	11	346	356	7.8	15.1
Seq8353_507_bp_-1_1_2	ENA|CAA36714|CAA36714.1	75.00	4	1	0	3	6	178	181	7.9	15.1
Seq8353_507_bp_-1_1_2	ENA|AAC78721|AAC78721.1	57.14	7	3	0	3	9	52	58	7.9	15.6
Seq8353_507_bp_-1_1_2	ENA|AAC26660|AAC26660.1	37.50	8	5	0	4	11	33	40	8.7	14.1
Seq8353_507_bp_-1_2_0	ENA|AAR37016|AAR37016.1	42.86	7	4	0	6	12	1264	1270	2.8	19.1
Seq8353_507_bp_-1_2_0	ENA|ABD33854|ABD33854.1	40.00	5	3	0	5	9	43	47	3.6	13.5
Seq8353_507_bp_-1_2_0	ENA|CAA45199|CAA45199.1	40.00	10	6	0	1	10	76	85	5.9	15.7
Seq8353_507_bp_-1_2_0	ENA|ABD49687|ABD49687.1	40.00	10	6	0	2	11	1058	1067	6.5	17.4
Seq8353_507_bp_-1_2_0	ENA|AAB96524|AAB96524.1	75.00	4	1	0	6	9	175	178	7.5	14.0
Seq8353_507_bp_-1_2_0	ENA|AAC26660|AAC26660.1	50.00	8	4	0	3	10	214	221	7.7	14.4
Seq8353_507_bp_-1_2_1	ENA|BAA32991|BAA32991.1	33.33	6	4	0	3	8	23	28	1.3	15.0
Seq8353_507_bp_-1_2_1	ENA|AAB26998|AAB26998.1	37.50	8	5	0	4	11	10	17	2.1	14.5
Seq8353_507_bp_-1_2_1	ENA|CAA26023|CAA26023.1	100.00	4	0	0	5	8	36	39	5.2	15.4
Seq8353_507_bp_-1_2_1	ENA|AAA42531|AAA42531.1	60.00	5	2	0	2	6	155	159	5.3	15.4
Seq8353_507_bp_-1_2_1	ENA|BAA32956|BAA32956.1	33.33	6	4	0	3	8	23	28	5.3	14.5
Seq8353_507_bp_-1_2_1	ENA|AAA36539|AAA36539.1	42.86	7	4	0	3	9	224	230	8.6	15.0
Seq8353_507_bp_-1_2_1	ENA|CAA73529|CAA73529.1	44.44	9	5	0	1	9	68	76	9.2	14.1
Seq8353_507_bp_-1_2_1	ENA|AAA25966|AAA25966.1	37.50	8	5	0	3	10	319	326	9.4	15.4
Seq8353_507_bp_-1_2_1	ENA|AAC08817|AAC08817.1	42.86	7	4	0	5	11	81	87	9.8	13.2
Seq8353_507_bp_-1_2_2	ENA|AAC49865|AAC49865.1	27.27	33	24	0	22	54	36	68	2.3	19.0
Seq8353_507_bp_-1_2_2	ENA|AAB03707|AAB03707.1	27.03	38	27	1	13	50	5	41	5.9	19.6
Seq8353_507_bp_-1_2_2	ENA|AAB26998|AAB26998.1	31.58	46	26	8	22	61	36	79	9	14.8
Seq8353_507_bp_-1_2_3	ENA|ACH70901|ACH70901.1	42.86	14	8	0	3	16	66	79	1.9	17.4
Seq8353_507_bp_-1_2_3	ENA|CAA26023|CAA26023.1	66.67	9	3	0	3	11	207	215	3.4	16.6
Seq8353_507_bp_-1_2_3	ENA|AAC49865|AAC49865.1	50.00	12	6	0	5	16	185	196	3.7	16.3
Seq8353_507_bp_-1_2_4	ENA|ABD33854|ABD33854.1	57.14	7	3	0	6	12	55	61	1.7	15.3
Seq8353_507_bp_-1_2_4	ENA|BAA32956|BAA32956.1	30.77	13	9	0	7	19	80	92	4.4	15.6
Seq8353_507_bp_-1_2_4	ENA|BAA32991|BAA32991.1	33.33	9	6	0	4	12	8	16	5.6	13.6
Seq8353_507_bp_-1_2_4	ENA|ACH70901|ACH70901.1	23.53	17	13	0	3	19	216	232	9.1	15.3
Seq8353_507_bp_-1_2_5	ENA|AAC40132|AAC40132.1	66.67	6	2	0	5	10	311	316	0.6	19.2
Seq8353_507_bp_-1_2_5	ENA|CAA29968|CAA29968.1	50.00	6	3	0	4	9	188	193	1.8	16.3
Seq8353_507_bp_-1_2_5	ENA|CAA73529|CAA73529.1	66.67	6	2	0	5	10	96	101	3.1	16.0
Seq8353_507_bp_-1_2_5	ENA|AAA24145|AAA24145.1	54.55	12	5	1	1	12	411	421	7.8	15.3
Seq8353_507_bp_-1_2_5	ENA|BAA36759|BAA36759.1	37.50	8	5	0	3	10	39	46	9.4	14.4
Seq8353_507_bp_-1_2_6	ENA|AAB96524|AAB96524.1	30.77	13	9	0	2	14	99	111	2.6	16.0
Seq8353_507_bp_-1_2_6	ENA|AAR31603|AAR31603.1	45.45	12	6	1	3	13	55	66	5.9	15.6
Seq8353_507_bp_-1_2_6	ENA|AAB26998|AAB26998.1	62.50	9	3	1	8	15	30	38	7.3	13.3
Seq8353_507_bp_-1_2_6	ENA|CAA26939|CAA26939.1	50.00	8	4	0	3	10	73	80	7.7	16.0
Seq8353_507_bp_-1_2_6	ENA|AAA25966|AAA25966.1	62.50	8	3	0	5	12	400	407	9.6	16.0
