Seq9101_784_bp_1_0_0	AAR37016.1	98.85	261	3	0	1	261	1	261	6.1e-143	497.5
Seq9101_784_bp_1_0_0	AAR37016.1	31.05	228	131	38	50	252	453	667	0.31	26.8
Seq9101_784_bp_1_0_0	AAI27517.1	29.57	130	81	15	138	261	266	386	0.037	27.8
Seq9101_784_bp_1_0_0	ABK71357.1	30.83	177	92	44	53	208	48	201	1.3	22.0
Seq9101_784_bp_1_0_0	AAA26915.1	27.12	62	43	3	181	239	353	414	1.4	22.3
Seq9101_784_bp_1_0_0	ABD49687.1	27.94	162	98	26	37	187	722	868	1.4	24.1
Seq9101_784_bp_1_0_0	AAA65607.1	38.89	39	22	3	35	71	94	131	1.6	21.7
Seq9101_784_bp_1_0_0	AAA24142.1	33.33	24	16	0	174	197	408	431	1.6	22.0
Seq9101_784_bp_1_0_0	AAQ92751.2	20.93	88	68	2	128	215	1201	1286	4	22.3
Seq9101_784_bp_1_0_0	ACT10338.1	24.14	228	132	54	37	244	105	298	4	20.4
Seq9101_784_bp_1_0_0	AAX12058.1	38.10	22	13	1	141	161	209	230	4.1	19.9
Seq9101_784_bp_1_0_0	AAX84812.1	23.68	38	29	0	92	129	73	110	4.1	19.6
Seq9101_784_bp_1_0_0	AAA45888.1	31.37	55	35	4	207	260	307	358	5.6	19.9
Seq9101_784_bp_1_0_0	AAA42531.1	20.25	84	63	5	124	204	175	256	5.7	19.9
Seq9101_784_bp_1_0_0	AEE27845.1	55.00	21	9	1	36	55	128	148	5.7	21.7
Seq9101_784_bp_1_0_0	AAA36565.1	36.96	55	29	9	17	69	29	76	6.1	18.6
Seq9101_784_bp_1_0_0	BAA32956.1	38.89	18	11	0	98	115	59	76	7.6	18.6
Seq9101_784_bp_1_0_0	AIR13712.1	36.11	40	23	4	125	164	264	299	9.6	18.8
Seq9101_784_bp_1_0_0	AAC17860.1	29.09	64	39	9	59	116	316	376	10	19.1
Seq9101_784_bp_1_1_0	AAR37016.1	52.63	23	9	4	4	22	666	688	0.43	23.8
Seq9101_784_bp_1_1_0	AAB26998.1	27.27	11	8	0	7	17	34	44	1.7	16.8
Seq9101_784_bp_1_1_0	ACT10338.1	30.00	20	14	0	15	34	198	217	3.2	18.2
Seq9101_784_bp_1_1_0	CAA43372.1	41.18	17	10	0	12	28	304	320	3.4	18.2
Seq9101_784_bp_1_1_0	ABK71357.1	42.42	37	19	4	10	45	39	72	3.9	17.9
Seq9101_784_bp_1_1_0	AAI27517.1	43.75	16	9	0	3	18	452	467	6.1	17.9
Seq9101_784_bp_1_1_0	CAA45199.1	54.55	11	5	0	3	13	412	422	6.2	17.5
Seq9101_784_bp_1_1_0	AAH69556.1	35.29	17	11	0	3	19	45	61	8.1	16.5
Seq9101_784_bp_1_1_0	CAA74140.1	43.48	25	13	2	18	40	429	453	9.4	17.9
Seq9101_784_bp_1_1_1	AAR31603.1	30.56	37	25	1	82	118	52	87	0.37	23.1
Seq9101_784_bp_1_1_1	AAB64315.2	35.29	58	33	7	69	126	10	60	0.37	23.1
Seq9101_784_bp_1_1_1	AAF01122.1	60.00	10	4	0	160	169	368	377	0.82	22.1
Seq9101_784_bp_1_1_1	ABN10845.1	28.85	58	37	6	8	65	40	91	1.2	20.8
Seq9101_784_bp_1_1_1	AAA24142.1	35.29	17	11	0	103	119	154	170	2.4	20.8
Seq9101_784_bp_1_1_1	AAR37016.1	33.72	113	57	27	75	172	1470	1570	2.6	23.1
Seq9101_784_bp_1_1_1	BAA32956.1	42.11	27	11	8	93	119	6	24	2.7	19.5
Seq9101_784_bp_1_1_1	ABL74574.1	66.67	9	3	0	86	94	149	157	3	19.9
Seq9101_784_bp_1_1_1	ABG75784.1	61.54	13	5	0	71	83	15	27	3.2	19.9
Seq9101_784_bp_1_1_1	ABD49687.1	40.00	27	15	2	141	167	799	823	3.6	22.1
Seq9101_784_bp_1_1_1	AAA25966.1	32.14	30	19	2	9	38	219	246	3.8	20.8
Seq9101_784_bp_1_1_1	AAB26998.1	35.00	52	26	12	134	174	4	54	3.9	17.6
Seq9101_784_bp_1_1_1	ABD33854.1	41.67	13	7	1	162	173	37	49	3.9	17.3
Seq9101_784_bp_1_1_1	AAA45888.1	41.67	29	14	5	37	65	160	183	4.8	19.5
Seq9101_784_bp_1_1_1	BAA32991.1	36.36	11	7	0	156	166	31	41	5.2	16.9
Seq9101_784_bp_1_1_1	AAC97205.1	22.14	146	102	15	32	173	657	791	6.3	20.8
Seq9101_784_bp_1_1_1	CAA11507.1	25.00	28	21	0	115	142	941	968	6.9	20.8
Seq9101_784_bp_1_1_1	AAA24969.1	27.66	53	34	6	121	169	1276	1326	7.7	20.8
Seq9101_784_bp_1_1_1	AAA32624.1	26.92	27	19	1	134	159	75	101	8	19.2
Seq9101_784_bp_1_1_1	CAA26230.1	25.88	98	63	13	35	126	428	518	8.6	19.2
Seq9101_784_bp_1_1_1	AAC17860.1	40.91	22	13	0	123	144	147	168	9.7	18.6
Seq9101_784_bp_1_1_2	AAA24142.1	44.44	9	5	0	6	14	59	67	2.8	17.3
Seq9101_784_bp_1_1_2	AAA45888.1	58.33	12	5	0	5	16	22	33	3.2	16.9
Seq9101_784_bp_1_1_2	ABN10845.1	38.89	18	11	0	1	18	120	137	3.3	16.0
Seq9101_784_bp_1_1_2	BAA32018.1	41.67	12	7	0	1	12	244	255	3.8	17.3
Seq9101_784_bp_1_1_2	ABD33854.1	44.44	9	5	0	10	18	9	17	4.3	13.8
Seq9101_784_bp_1_1_2	AAB96524.1	54.55	11	5	0	3	13	6	16	5	15.2
Seq9101_784_bp_1_1_2	AAF01122.1	40.00	15	9	0	2	16	129	143	5.5	16.0
Seq9101_784_bp_1_1_2	CAA74140.1	35.29	17	11	0	2	18	469	485	5.6	17.3
Seq9101_784_bp_1_1_2	AAA72732.1	50.00	13	6	1	6	18	44	55	6.2	15.6
Seq9101_784_bp_1_1_2	AAA32376.1	30.77	13	9	0	2	14	102	114	6.3	14.7
Seq9101_784_bp_1_1_2	ACT10338.1	30.00	10	7	0	2	11	191	200	7.6	15.6
Seq9101_784_bp_1_1_2	AAA25966.1	50.00	19	8	3	2	17	390	408	7.7	16.5
Seq9101_784_bp_1_1_2	AII71783.1	43.75	16	9	0	3	18	26	41	8.1	15.2
Seq9101_784_bp_1_1_2	AAI27517.1	100.00	4	0	0	9	12	559	562	8.5	16.0
Seq9101_784_bp_1_1_2	AAR37016.1	35.71	14	9	0	4	17	1523	1536	10	17.8
Seq9101_784_bp_1_1_3	AAA24969.1	44.44	18	10	0	1	18	688	705	0.48	21.8
Seq9101_784_bp_1_1_3	AAA32624.1	42.86	14	8	0	3	16	362	375	1.4	18.7
Seq9101_784_bp_1_1_3	AAA18786.1	50.00	12	6	0	9	20	130	141	2.5	16.9
Seq9101_784_bp_1_1_3	ABN10845.1	52.94	20	8	3	2	19	105	123	2.7	16.4
Seq9101_784_bp_1_1_3	CAA26230.1	35.71	14	9	0	3	16	399	412	2.8	17.8
Seq9101_784_bp_1_1_3	AAR37016.1	85.71	7	1	0	14	20	29	35	3.4	19.6
Seq9101_784_bp_1_1_3	AAQ92751.2	46.67	15	8	0	3	17	260	274	5	18.2
Seq9101_784_bp_1_1_3	AIR13712.1	35.71	15	9	1	2	15	263	277	5.5	16.0
Seq9101_784_bp_1_1_3	AAA42531.1	62.50	8	3	0	9	16	82	89	6.5	16.0
Seq9101_784_bp_1_1_3	AAB03707.1	33.33	18	12	0	1	18	601	618	6.6	17.8
Seq9101_784_bp_1_1_3	AAB96524.1	54.55	11	5	0	1	11	4	14	7.7	14.6
Seq9101_784_bp_1_1_3	AEE27845.1	35.71	14	9	0	3	16	866	879	9	17.3
Seq9101_784_bp_1_2_0	ACT10338.1	36.36	33	21	0	2	34	298	330	0.0082	27.1
Seq9101_784_bp_1_2_0	AAB26998.1	33.33	42	24	6	5	44	29	66	0.13	20.8
Seq9101_784_bp_1_2_0	CAA74140.1	37.14	44	22	9	9	52	213	247	0.45	22.6
Seq9101_784_bp_1_2_0	AAI27517.1	41.18	38	20	4	4	41	560	593	0.75	21.2
Seq9101_784_bp_1_2_0	ABD49687.1	46.15	32	14	6	15	45	489	515	1	22.2
Seq9101_784_bp_1_2_0	AAA25966.1	43.48	25	13	2	19	43	8	30	1.2	20.8
Seq9101_784_bp_1_2_0	BAA32991.1	37.50	16	10	0	30	45	44	59	1.2	17.3
Seq9101_784_bp_1_2_0	AAA42531.1	44.44	19	10	1	16	33	338	356	2.6	18.7
Seq9101_784_bp_1_2_0	CAA04196.1	21.21	35	26	2	1	35	281	313	2.8	18.7
Seq9101_784_bp_1_2_0	ABD33854.1	50.00	8	4	0	38	45	40	47	2.9	16.0
Seq9101_784_bp_1_2_0	AAR37016.1	37.93	33	18	4	21	52	407	436	2.9	21.2
Seq9101_784_bp_1_2_0	CAD53387.1	43.75	16	9	0	6	21	8	23	3.3	18.7
Seq9101_784_bp_1_2_0	AAC97205.1	42.11	21	11	2	27	45	409	429	4	19.8
Seq9101_784_bp_1_2_0	ABN10845.1	31.25	16	11	0	2	17	160	175	4.8	17.0
Seq9101_784_bp_1_2_0	CAA45199.1	27.27	34	24	1	5	37	289	322	5	18.0
Seq9101_784_bp_1_2_0	AAC17860.1	45.83	30	13	6	13	42	326	349	5.5	17.7
Seq9101_784_bp_1_2_0	AAA32624.1	35.71	14	9	0	35	48	470	483	5.5	18.0
Seq9101_784_bp_1_2_0	ABK71357.1	62.50	8	3	0	5	12	269	276	6.3	17.3
Seq9101_784_bp_1_2_0	BAE97662.1	20.69	29	23	0	14	42	737	765	7.3	18.7
Seq9101_784_bp_1_2_0	AAA18786.1	33.33	24	16	0	20	43	240	263	9.1	16.3
Seq9101_784_bp_1_2_0	ACH70904.1	28.57	14	10	0	33	46	123	136	9.6	16.6
Seq9101_784_bp_1_2_1	AAB03707.1	29.41	34	24	0	1	34	309	342	0.38	22.8
Seq9101_784_bp_1_2_1	BAB70780.1	42.86	14	8	0	3	16	104	117	1.9	19.0
Seq9101_784_bp_1_2_1	AAA25966.1	50.00	18	9	0	12	29	327	344	3.6	18.6
Seq9101_784_bp_1_2_1	AAF01122.1	42.11	22	11	3	13	31	101	122	4.1	17.5
Seq9101_784_bp_1_2_1	AAA72732.1	41.67	25	14	1	1	25	237	260	7.4	16.3
Seq9101_784_bp_1_2_1	BAB17681.1	35.71	15	9	1	4	17	38	52	8.4	15.9
Seq9101_784_bp_1_2_2	BAB79260.1	54.55	11	5	0	5	15	391	401	0.24	21.4
Seq9101_784_bp_1_2_2	CAA26230.1	41.18	17	10	0	6	22	4	20	0.4	21.0
Seq9101_784_bp_1_2_2	ABK71357.1	38.89	18	11	0	6	23	173	190	0.45	20.2
Seq9101_784_bp_1_2_2	BAA32991.1	50.00	6	3	0	4	9	23	28	0.74	17.1
Seq9101_784_bp_1_2_2	AAF01122.1	100.00	4	0	0	15	18	374	377	1.4	18.6
Seq9101_784_bp_1_2_2	AAC78721.1	42.11	19	11	0	8	26	349	367	1.4	19.4
Seq9101_784_bp_1_2_2	AAR37016.1	39.13	23	14	0	1	23	1218	1240	1.6	21.0
Seq9101_784_bp_1_2_2	AAA45888.1	42.86	16	8	2	1	14	121	136	1.8	18.2
Seq9101_784_bp_1_2_2	AAA32624.1	35.71	14	9	0	9	22	397	410	1.9	18.6
Seq9101_784_bp_1_2_2	ABD49687.1	35.71	15	9	1	5	18	82	96	2.7	19.8
Seq9101_784_bp_1_2_2	BAA32956.1	40.00	10	6	0	9	18	26	35	2.9	16.7
Seq9101_784_bp_1_2_2	AAA25966.1	66.67	6	2	0	13	18	368	373	3.4	18.2
Seq9101_784_bp_1_2_2	AAI27517.1	40.00	15	9	0	9	23	512	526	3.6	17.9
Seq9101_784_bp_1_2_2	AAR31603.1	62.50	8	3	0	14	21	260	267	4.5	16.7
Seq9101_784_bp_1_2_2	AAC97205.1	21.43	14	11	0	7	20	967	980	5.6	18.2
Seq9101_784_bp_1_2_2	AAA32376.1	83.33	6	1	0	11	16	55	60	7	15.1
Seq9101_784_bp_1_2_2	AAA18786.1	44.44	22	10	4	6	23	25	46	8.1	15.5
Seq9101_784_bp_1_2_2	CAA45199.1	57.14	7	3	0	18	24	451	457	8.2	16.3
Seq9101_784_bp_1_2_2	BAB17681.1	40.00	15	9	0	4	18	65	79	8.3	15.5
Seq9101_784_bp_1_2_2	AII71783.1	71.43	7	2	0	11	17	168	174	9.2	15.5
Seq9101_784_bp_1_2_2	CAA43372.1	37.50	8	5	0	15	22	359	366	9.4	15.9
Seq9101_784_bp_1_2_2	AAA23282.1	83.33	7	1	1	1	6	558	564	9.8	16.3
Seq9101_784_bp_1_2_3	AAC97205.1	38.89	19	11	1	14	31	267	285	0.49	22.2
Seq9101_784_bp_1_2_3	ABK71357.1	44.44	20	10	2	8	25	336	355	0.61	20.1
Seq9101_784_bp_1_2_3	AAR37016.1	35.00	20	13	0	9	28	397	416	1.6	21.4
Seq9101_784_bp_1_2_3	ACH70904.1	29.17	25	17	1	1	25	164	187	1.8	18.5
Seq9101_784_bp_1_2_3	AAA25966.1	36.36	22	14	0	11	32	610	631	2	19.3
Seq9101_784_bp_1_2_3	AAB26998.1	42.11	23	11	4	1	23	17	35	2.1	16.1
Seq9101_784_bp_1_2_3	BAA32991.1	33.33	15	8	3	14	28	22	33	3.3	15.2
Seq9101_784_bp_1_2_3	ABL74574.1	30.43	23	16	0	7	29	136	158	3.3	17.3
Seq9101_784_bp_1_2_3	AAC17860.1	50.00	15	7	1	2	15	312	326	4.7	17.3
Seq9101_784_bp_1_2_3	ABS38337.1	31.82	26	15	4	2	26	24	46	4.7	18.9
Seq9101_784_bp_1_2_3	ABD49687.1	31.58	19	13	0	12	30	59	77	4.7	19.3
Seq9101_784_bp_1_2_3	AAI27517.1	27.27	22	16	0	5	26	308	329	5	17.7
Seq9101_784_bp_1_2_3	AAQ92751.2	40.00	15	9	0	11	25	358	372	5.1	18.9
Seq9101_784_bp_1_2_3	AAA24142.1	30.00	20	14	0	13	32	406	425	6.7	16.9
Seq9101_784_bp_1_2_3	ABN10845.1	33.33	28	16	4	1	24	32	59	7.5	15.7
Seq9101_784_bp_1_2_3	AAX84812.1	37.50	8	5	0	25	32	85	92	7.9	15.7
Seq9101_784_bp_1_2_3	AAA26915.1	50.00	12	6	0	3	14	296	307	9	16.5
Seq9101_784_bp_1_2_4	AAR31603.1	32.47	90	52	13	10	92	9	92	0.12	23.9
Seq9101_784_bp_1_2_4	AAA36565.1	35.71	28	18	0	72	99	56	83	0.52	20.8
Seq9101_784_bp_1_2_4	AAC17860.1	26.51	91	61	8	1	88	15	100	1.1	21.1
Seq9101_784_bp_1_2_4	AAA24969.1	32.50	44	27	4	44	83	694	737	4.6	20.8
Seq9101_784_bp_1_2_4	AAA23282.1	27.03	38	27	1	50	87	213	249	5.5	19.1
Seq9101_784_bp_1_2_4	CAA45199.1	44.00	29	14	4	31	55	345	373	5.6	18.8
Seq9101_784_bp_1_2_4	ABD49687.1	38.64	46	27	2	7	52	641	684	7.5	20.2
Seq9101_784_bp_1_2_4	AAH69556.1	23.33	71	46	11	5	64	19	89	7.7	17.7
Seq9101_784_bp_1_2_4	AAC78721.1	30.43	47	32	1	36	81	558	604	7.8	18.8
Seq9101_784_bp_1_2_4	AIR13712.1	66.67	19	5	4	55	69	203	221	8.3	17.7
Seq9101_784_bp_1_2_4	AAA26915.1	50.00	15	7	1	13	27	453	466	9.6	18.0
Seq9101_784_bp_-1_0_0	AAB26998.1	27.78	18	13	0	3	20	34	51	1.5	16.1
Seq9101_784_bp_-1_0_0	ABS38337.1	31.82	24	15	2	2	23	1268	1291	2.4	19.4
Seq9101_784_bp_-1_0_0	ABD33854.1	44.44	9	5	0	1	9	49	57	2.5	15.0
Seq9101_784_bp_-1_0_0	AAF01122.1	41.67	12	7	0	10	21	286	297	4.1	16.8
Seq9101_784_bp_-1_0_0	AAA32624.1	54.55	13	5	2	5	17	430	440	5.6	16.8
Seq9101_784_bp_-1_0_0	AAA23282.1	45.45	13	6	2	13	23	558	570	6.1	16.8
Seq9101_784_bp_-1_0_0	AIR13712.1	38.10	21	13	0	2	22	133	153	7.5	15.7
Seq9101_784_bp_-1_0_0	BAB17681.1	35.29	18	11	1	5	22	177	193	8	15.4
Seq9101_784_bp_-1_0_0	AAA24969.1	50.00	25	10	5	1	23	1305	1326	9.4	17.6
Seq9101_784_bp_-1_0_1	ABL74574.1	40.00	21	12	1	25	45	106	125	0.82	19.8
Seq9101_784_bp_-1_0_1	AAR31603.1	52.38	27	10	6	19	45	285	305	2.4	18.4
Seq9101_784_bp_-1_0_1	CAA45199.1	38.89	46	22	10	2	37	203	248	3.3	18.4
Seq9101_784_bp_-1_0_1	CAA26230.1	53.85	13	6	0	1	13	155	167	4	18.4
Seq9101_784_bp_-1_0_1	AAC97205.1	27.03	42	27	5	9	45	19	60	4.3	19.4
Seq9101_784_bp_-1_0_1	AAB64315.2	21.88	35	25	3	4	35	169	203	5.8	17.1
Seq9101_784_bp_-1_0_1	ABD49687.1	42.11	19	11	0	25	43	1386	1404	5.9	19.4
Seq9101_784_bp_-1_0_1	AAR37016.1	28.57	45	30	3	1	45	730	771	6.4	19.8
Seq9101_784_bp_-1_0_1	AAA65607.1	46.15	13	7	0	9	21	347	359	6.4	17.1
Seq9101_784_bp_-1_0_1	AAC17860.1	32.26	35	21	4	6	36	292	326	7.2	17.1
Seq9101_784_bp_-1_0_1	AAC08817.1	46.67	17	8	2	16	32	128	142	7.3	15.7
Seq9101_784_bp_-1_0_1	ACH70904.1	25.93	29	20	2	9	37	314	340	7.9	16.7
Seq9101_784_bp_-1_0_1	AIR13712.1	26.09	23	17	0	13	35	8	30	9	16.4
Seq9101_784_bp_-1_0_1	AAQ92751.2	37.50	24	15	0	4	27	787	810	9.3	18.4
Seq9101_784_bp_-1_0_2	AAA24142.1	42.86	21	12	0	2	22	372	392	0.25	21.6
Seq9101_784_bp_-1_0_2	AIR13712.1	53.33	15	7	0	12	26	5	19	1.6	18.4
Seq9101_784_bp_-1_0_2	AAC17860.1	54.55	11	5	0	19	29	17	27	4.6	17.2
Seq9101_784_bp_-1_0_2	AAR31603.1	40.00	21	12	1	10	30	236	255	4.9	16.8
Seq9101_784_bp_-1_0_2	CAA04196.1	35.29	17	11	0	1	17	395	411	6.1	16.8
Seq9101_784_bp_-1_0_2	AAQ92751.2	32.26	33	21	2	1	31	49	81	6.6	18.4
Seq9101_784_bp_-1_0_2	EDO47375.1	40.00	21	12	1	1	20	11	31	8.3	15.2
Seq9101_784_bp_-1_0_2	AEE27845.1	37.50	16	10	0	4	19	53	68	8.7	18.0
Seq9101_784_bp_-1_0_2	AAA24969.1	30.00	30	21	0	1	30	1043	1072	9.4	18.0
Seq9101_784_bp_-1_0_2	AAA42531.1	20.83	24	19	0	8	31	353	376	9.6	16.0
Seq9101_784_bp_-1_0_3	AAA23282.1	26.09	23	17	0	4	26	248	270	3.4	18.0
Seq9101_784_bp_-1_0_3	AAC08817.1	45.45	11	6	0	5	15	106	116	4.4	15.8
Seq9101_784_bp_-1_0_3	AAA32624.1	38.46	13	8	0	8	20	111	123	8.2	16.5
Seq9101_784_bp_-1_0_3	ABD49687.1	42.86	15	8	1	5	18	585	599	9.7	18.0
Seq9101_784_bp_-1_0_4	AAA45888.1	41.67	29	14	5	8	31	239	267	1.1	19.3
Seq9101_784_bp_-1_0_4	CAA45199.1	26.92	26	19	0	4	29	184	209	6.3	16.9
Seq9101_784_bp_-1_0_4	ABN10845.1	20.00	25	20	0	7	31	182	206	7.2	15.6
Seq9101_784_bp_-1_0_4	AAC78721.1	31.03	30	20	1	2	31	575	603	8.7	16.9
Seq9101_784_bp_-1_0_4	AAA32376.1	29.41	17	12	0	14	30	54	70	9	14.9
Seq9101_784_bp_-1_0_5	AAB64315.2	31.82	23	15	1	11	33	292	313	0.98	19.4
Seq9101_784_bp_-1_0_5	AAA18786.1	34.62	26	17	0	2	27	232	257	1	19.0
Seq9101_784_bp_-1_0_5	AAC97205.1	21.43	28	22	0	6	33	156	183	1.7	20.5
Seq9101_784_bp_-1_0_5	AAI27517.1	46.15	13	7	0	11	23	396	408	1.7	19.4
Seq9101_784_bp_-1_0_5	AAF01122.1	55.56	9	4	0	10	18	115	123	1.9	18.6
Seq9101_784_bp_-1_0_5	AAB26998.1	28.00	26	18	1	11	36	50	74	2.4	16.0
Seq9101_784_bp_-1_0_5	AII71783.1	25.00	33	24	1	2	34	273	304	2.6	17.9
Seq9101_784_bp_-1_0_5	ABN10845.1	57.14	7	3	0	5	11	156	162	3	17.1
Seq9101_784_bp_-1_0_5	AAB96524.1	50.00	8	4	0	29	36	172	179	3.4	16.8
Seq9101_784_bp_-1_0_5	AAA26915.1	31.82	22	15	0	1	22	301	322	3.9	17.9
Seq9101_784_bp_-1_0_5	BAA32956.1	19.35	31	25	0	5	35	182	212	4.9	16.4
Seq9101_784_bp_-1_0_5	BAB17681.1	46.67	18	8	3	7	24	174	188	4.9	16.8
Seq9101_784_bp_-1_0_5	CAA45199.1	30.00	20	14	0	14	33	9	28	5	17.5
Seq9101_784_bp_-1_0_5	AAA42531.1	34.78	28	15	5	12	35	327	353	5.3	17.1
Seq9101_784_bp_-1_0_5	AAX84812.1	55.56	9	4	0	1	9	102	110	5.3	16.4
Seq9101_784_bp_-1_0_5	EDO47375.1	44.44	9	5	0	5	13	174	182	7.2	15.6
Seq9101_784_bp_-1_0_5	CAA74140.1	39.13	24	14	1	8	31	311	333	9.5	17.5
Seq9101_784_bp_-1_0_6	BAA32991.1	34.15	49	27	8	8	52	11	55	0.29	19.4
Seq9101_784_bp_-1_0_6	ABD33854.1	38.46	13	8	0	24	36	44	56	1.8	16.7
Seq9101_784_bp_-1_0_6	ABD49687.1	33.33	33	20	3	6	38	496	525	2.1	21.2
Seq9101_784_bp_-1_0_6	AAC97205.1	46.43	32	15	4	14	42	180	210	3.9	19.8
Seq9101_784_bp_-1_0_6	CAA04196.1	25.00	40	30	0	1	40	99	138	4.4	18.1
Seq9101_784_bp_-1_0_6	AAA36565.1	80.00	5	1	0	12	16	79	83	4.6	16.7
Seq9101_784_bp_-1_0_6	CAA74140.1	31.25	17	11	1	12	27	806	822	4.8	19.1
Seq9101_784_bp_-1_0_6	ACH70904.1	42.11	20	11	1	33	51	258	277	4.8	17.7
Seq9101_784_bp_-1_0_6	ABK71357.1	35.00	21	13	1	21	40	349	369	5	17.7
Seq9101_784_bp_-1_0_6	AAC17860.1	58.33	12	5	0	7	18	62	73	5.4	17.7
Seq9101_784_bp_-1_0_6	AAB03707.1	26.92	26	19	0	23	48	676	701	5.5	19.4
Seq9101_784_bp_-1_0_6	BAA32956.1	38.46	13	8	0	12	24	14	26	5.7	16.7
Seq9101_784_bp_-1_0_6	AAA72732.1	40.00	15	9	0	38	52	123	137	6.6	17.0
Seq9101_784_bp_-1_0_6	AAR37016.1	38.71	36	19	5	8	43	2219	2249	7.3	19.8
Seq9101_784_bp_-1_0_6	CAD53387.1	58.33	14	5	2	31	42	1	14	8.2	17.4
Seq9101_784_bp_-1_0_6	AEE27845.1	23.53	39	26	5	3	41	434	467	8.7	18.7
Seq9101_784_bp_-1_1_0	CAA43372.1	55.56	9	4	0	6	14	312	320	4.6	16.6
Seq9101_784_bp_-1_1_0	AAI27517.1	54.55	11	5	0	4	14	75	85	4.7	17.1
Seq9101_784_bp_-1_1_0	AAC78721.1	58.33	12	5	0	5	16	440	451	5.3	17.1
Seq9101_784_bp_-1_1_0	AAA65607.1	36.36	11	7	0	3	13	54	64	5.7	16.1
Seq9101_784_bp_-1_1_0	CAA04196.1	46.67	15	8	0	6	20	130	144	6.4	16.1
Seq9101_784_bp_-1_1_0	ABD33854.1	36.36	11	7	0	4	14	33	43	7.4	13.2
Seq9101_784_bp_-1_1_0	AAA23282.1	31.25	16	11	0	2	17	87	102	8.6	16.1
Seq9101_784_bp_-1_1_0	BAA32956.1	37.50	16	10	0	4	19	162	177	8.7	14.6
Seq9101_784_bp_-1_1_1	BAB79260.1	35.71	14	9	0	1	14	31	44	0.44	20.0
Seq9101_784_bp_-1_1_1	AAB96524.1	66.67	9	3	0	1	9	111	119	0.64	18.2
Seq9101_784_bp_-1_1_1	AAQ92751.2	37.50	16	10	0	2	17	946	961	1.8	19.6
Seq9101_784_bp_-1_1_1	AAA72732.1	62.50	8	3	0	11	18	216	223	2.7	16.8
Seq9101_784_bp_-1_1_1	AAA23282.1	50.00	8	4	0	7	14	534	541	4.9	16.8
Seq9101_784_bp_-1_1_1	AAA24969.1	41.67	12	7	0	5	16	856	867	6.8	17.7
Seq9101_784_bp_-1_1_1	BAA32018.1	38.46	13	8	0	3	15	24	36	7.3	16.4
Seq9101_784_bp_-1_1_2	CAA26230.1	23.38	84	59	7	66	145	39	119	2.6	21.4
Seq9101_784_bp_-1_1_2	AAA24969.1	23.72	172	119	16	21	185	808	970	4.3	22.0
Seq9101_784_bp_-1_1_2	AAI27517.1	27.18	118	75	15	57	164	383	495	7.7	19.8
Seq9101_784_bp_-1_1_2	AAC08817.1	34.04	56	31	9	92	138	5	60	8.7	17.8
Seq9101_784_bp_-1_2_0	AAQ92751.2	37.29	65	37	6	2	60	783	847	0.17	25.1
Seq9101_784_bp_-1_2_0	AAA24969.1	37.78	53	28	8	1	52	321	366	1.5	22.0
Seq9101_784_bp_-1_2_0	AAC17860.1	23.81	64	48	1	14	77	114	176	5.1	18.4
Seq9101_784_bp_-1_2_0	AAR37016.1	34.55	59	36	4	11	66	1793	1850	7.3	20.4
Seq9101_784_bp_-1_2_0	AIR13712.1	27.66	52	34	5	9	55	115	166	8.6	17.3
Seq9101_784_bp_-1_2_1	CAA26230.1	43.33	34	17	4	24	55	4	35	0.13	23.9
Seq9101_784_bp_-1_2_1	AAA32624.1	34.78	23	15	0	18	40	397	419	0.15	23.6
Seq9101_784_bp_-1_2_1	AAA25966.1	35.71	30	18	2	1	29	111	139	0.77	21.6
Seq9101_784_bp_-1_2_1	AIR13712.1	31.37	57	35	6	4	54	136	192	1.3	19.7
Seq9101_784_bp_-1_2_1	AAR37016.1	31.37	60	35	9	10	60	107	166	2	22.0
Seq9101_784_bp_-1_2_1	CAA74140.1	33.33	40	24	4	18	53	237	276	4.5	19.4
Seq9101_784_bp_-1_2_1	BAA32956.1	52.38	25	10	4	14	36	85	107	5.9	16.9
Seq9101_784_bp_-1_2_1	ACH70904.1	44.44	9	5	0	10	18	140	148	6.4	17.5
Seq9101_784_bp_-1_2_1	ABK71357.1	34.15	48	27	7	14	59	172	214	6.6	17.5
Seq9101_784_bp_-1_2_1	ABL74574.1	32.00	27	17	2	35	59	113	139	7.9	16.9
Seq9101_784_bp_-1_2_1	AAI27517.1	60.00	10	4	0	47	56	460	469	8.3	17.8
Seq9101_784_bp_-1_2_1	ABD49687.1	27.27	49	32	5	2	50	583	626	9.8	19.1
Seq9101_784_bp_-1_2_2	AAC17860.1	32.56	48	29	5	9	53	212	257	2.7	19.2
Seq9101_784_bp_-1_2_2	BAB79260.1	34.43	65	40	4	6	69	376	437	2.9	19.2
Seq9101_784_bp_-1_2_2	AAA24142.1	24.00	53	38	3	6	55	154	206	5.1	18.4
Seq9101_784_bp_-1_2_2	AII71783.1	42.86	22	12	1	38	58	274	295	6.1	17.5
Seq9101_784_bp_-1_2_2	CAA26230.1	53.85	14	6	1	17	30	384	396	6.3	18.4
Seq9101_784_bp_-1_2_3	ACH70904.1	37.50	24	15	0	6	29	291	314	0.57	20.8
Seq9101_784_bp_-1_2_3	ACT10338.1	30.56	36	25	0	14	49	294	329	1.2	19.8
Seq9101_784_bp_-1_2_3	AAA25966.1	27.27	50	32	6	4	48	107	155	2.8	19.4
Seq9101_784_bp_-1_2_3	AAA45888.1	25.00	20	15	0	29	48	183	202	3	18.4
Seq9101_784_bp_-1_2_3	ABN10845.1	46.67	15	8	0	12	26	185	199	4.3	17.1
Seq9101_784_bp_-1_2_3	ABK71357.1	30.43	23	16	0	15	37	129	151	7.2	17.1
Seq9101_784_bp_-1_2_3	BAB17681.1	40.91	29	13	7	28	49	120	148	8.4	16.4
