Seq10039_367_bp_1_0_0	ENA|ABD49687|ABD49687.1	27.27	11	8	0	2	12	1462	1472	5.8	17.9
Seq10039_367_bp_1_0_0	ENA|AAC26660|AAC26660.1	16.67	12	10	0	3	14	232	243	7.3	14.8
Seq10039_367_bp_1_0_0	ENA|CAA26023|CAA26023.1	80.00	5	1	0	6	10	38	42	7.6	15.3
Seq10039_367_bp_1_0_0	ENA|CAL82360|CAL82360.1	50.00	8	4	0	7	14	1028	1035	8.6	16.9
Seq10039_367_bp_1_0_0	ENA|AAC78721|AAC78721.1	18.18	11	9	0	4	14	188	198	9.2	15.8
Seq10039_367_bp_1_0_0	ENA|AAB03707|AAB03707.1	27.27	11	8	0	3	13	34	44	9.2	16.9
Seq10039_367_bp_1_0_1	ENA|CAA28033|CAA28033.1	45.45	11	6	0	2	12	855	865	0.74	20.2
Seq10039_367_bp_1_0_1	ENA|AAC40132|AAC40132.1	80.00	5	1	0	7	11	234	238	3.1	16.7
Seq10039_367_bp_1_0_1	ENA|AAA18786|AAA18786.1	50.00	10	5	0	3	12	259	268	3.9	15.5
Seq10039_367_bp_1_0_1	ENA|AAB26998|AAB26998.1	66.67	3	1	0	10	12	26	28	3.9	13.7
Seq10039_367_bp_1_0_1	ENA|CCP43727|CCP43727.1	57.14	7	3	0	3	9	296	302	4.7	15.5
Seq10039_367_bp_1_0_1	ENA|ABK71357|ABK71357.1	44.44	9	5	0	2	10	95	103	5.3	15.5
Seq10039_367_bp_1_0_1	ENA|CAA45199|CAA45199.1	100.00	3	0	0	10	12	283	285	6.7	15.5
Seq10039_367_bp_1_0_1	ENA|CAL82360|CAL82360.1	37.50	8	5	0	3	10	65	72	7.9	16.7
Seq10039_367_bp_1_0_1	ENA|CAA73529|CAA73529.1	40.00	5	3	0	8	12	243	247	8.6	14.3
Seq10039_367_bp_1_0_1	ENA|CAA36214|CAA36214.1	30.00	10	7	0	2	11	216	225	9.5	14.3
Seq10039_367_bp_1_0_2	ENA|AAR37016|AAR37016.1	61.54	13	5	0	72	84	1948	1960	0.73	24.0
Seq10039_367_bp_1_0_2	ENA|ACT10338|ACT10338.1	36.84	19	12	0	48	66	22	40	0.93	21.1
Seq10039_367_bp_1_0_2	ENA|CAA36214|CAA36214.1	85.71	7	1	0	21	27	270	276	2	19.6
Seq10039_367_bp_1_0_2	ENA|CAA36714|CAA36714.1	30.77	46	27	7	19	64	337	375	2.2	20.1
Seq10039_367_bp_1_0_2	ENA|CAA24711|CAA24711.1	55.56	9	4	0	16	24	101	109	4.4	17.6
Seq10039_367_bp_1_0_2	ENA|AAA18786|AAA18786.1	46.15	13	7	0	13	25	67	79	4.8	18.1
Seq10039_367_bp_1_0_2	ENA|CAL82360|CAL82360.1	41.67	12	7	0	37	48	1114	1125	5.8	20.1
Seq10039_367_bp_1_0_2	ENA|ABK71357|ABK71357.1	50.00	10	5	0	49	58	100	109	6.6	18.1
Seq10039_367_bp_1_0_2	ENA|ABG75784|ABG75784.1	27.27	22	16	0	71	92	196	217	7.7	17.6
Seq10039_367_bp_1_0_2	ENA|AAR31603|AAR31603.1	31.25	16	11	0	6	21	38	53	8	17.6
Seq10039_367_bp_1_0_2	ENA|CAA26023|CAA26023.1	43.75	16	9	0	48	63	174	189	9.3	17.6
Seq10039_367_bp_1_1_0	ENA|AAB66912|AAB66912.1	42.86	14	8	0	51	64	585	598	0.16	25.3
Seq10039_367_bp_1_1_0	ENA|BAB17681|BAB17681.1	33.33	15	10	0	16	30	71	85	0.51	21.8
Seq10039_367_bp_1_1_0	ENA|AAB96524|AAB96524.1	34.78	23	15	0	70	92	87	109	0.68	20.9
Seq10039_367_bp_1_1_0	ENA|AAA32624|AAA32624.1	29.17	24	17	0	55	78	86	109	0.69	22.3
Seq10039_367_bp_1_1_0	ENA|AAC78721|AAC78721.1	46.67	15	8	0	42	56	201	215	0.89	22.3
Seq10039_367_bp_1_1_0	ENA|AAC26660|AAC26660.1	30.00	20	14	0	51	70	217	236	1.8	19.9
Seq10039_367_bp_1_1_0	ENA|BAB79260|BAB79260.1	26.67	15	11	0	104	118	378	392	3.2	19.9
Seq10039_367_bp_1_1_0	ENA|BAA32991|BAA32991.1	50.00	10	5	0	68	77	7	16	5.1	16.5
Seq10039_367_bp_1_1_0	ENA|CAA29968|CAA29968.1	62.50	8	3	0	22	29	56	63	5.2	17.9
Seq10039_367_bp_1_1_0	ENA|AAC49865|AAC49865.1	45.00	21	11	1	79	99	278	297	6.2	18.4
Seq10039_367_bp_1_1_0	ENA|AAA18786|AAA18786.1	38.89	18	11	0	80	97	226	243	7	17.9
Seq10039_367_bp_1_1_0	ENA|CAA36714|CAA36714.1	46.67	15	8	0	2	16	191	205	8.6	18.4
Seq10039_367_bp_1_2_0	ENA|EDO47375|EDO47375.1	29.63	27	19	0	1	27	59	85	0.79	19.7
Seq10039_367_bp_1_2_0	ENA|ABN10845|ABN10845.1	36.00	28	16	3	2	26	63	90	0.91	19.7
Seq10039_367_bp_1_2_0	ENA|AAC26660|AAC26660.1	40.00	15	9	0	33	47	220	234	2.1	18.7
Seq10039_367_bp_1_2_0	ENA|AAA42531|AAA42531.1	22.22	27	21	0	6	32	233	259	2.3	19.2
Seq10039_367_bp_1_2_0	ENA|AAI27517|AAI27517.1	19.05	21	17	0	35	55	262	282	2.4	19.7
Seq10039_367_bp_1_2_0	ENA|AAC97205|AAC97205.1	50.00	18	8	2	26	43	881	896	6.9	19.2
Seq10039_367_bp_1_2_0	ENA|CAA36714|CAA36714.1	50.00	15	7	1	32	46	438	451	7.5	17.6
Seq10039_367_bp_1_2_0	ENA|AAB03707|AAB03707.1	55.56	9	4	0	48	56	212	220	7.7	19.2
Seq10039_367_bp_1_2_0	ENA|CAA24711|CAA24711.1	27.27	11	8	0	33	43	114	124	7.9	16.1
Seq10039_367_bp_1_2_0	ENA|ACH70901|ACH70901.1	46.15	13	7	0	45	57	291	303	8.1	17.1
Seq10039_367_bp_1_2_0	ENA|BAA32991|BAA32991.1	26.67	15	11	0	9	23	2	16	8.8	14.6
Seq10039_367_bp_1_2_1	ENA|CAA28033|CAA28033.1	46.15	26	14	0	8	33	1001	1026	0.13	25.1
Seq10039_367_bp_1_2_1	ENA|AAA36114|AAA36114.1	66.67	9	3	0	37	45	24	32	0.97	20.8
Seq10039_367_bp_1_2_1	ENA|BAA32956|BAA32956.1	36.84	19	12	0	21	39	149	167	1.2	19.1
Seq10039_367_bp_1_2_1	ENA|AAC08817|AAC08817.1	71.43	7	2	0	1	7	112	118	1.3	18.6
Seq10039_367_bp_1_2_1	ENA|AAI27517|AAI27517.1	42.11	19	11	0	28	46	403	421	1.6	20.2
Seq10039_367_bp_1_2_1	ENA|CAA29968|CAA29968.1	45.45	11	6	0	49	59	100	110	1.6	18.6
Seq10039_367_bp_1_2_1	ENA|CAA36714|CAA36714.1	25.93	27	20	0	8	34	113	139	1.9	19.7
Seq10039_367_bp_1_2_1	ENA|AAS77176|AAS77176.1	27.27	33	24	0	13	45	222	254	2.4	18.6
Seq10039_367_bp_1_2_1	ENA|AAA72732|AAA72732.1	41.67	12	7	0	11	22	282	293	2.6	18.6
Seq10039_367_bp_1_2_1	ENA|AAA24145|AAA24145.1	44.44	9	5	0	48	56	167	175	2.6	19.1
Seq10039_367_bp_1_2_1	ENA|AAB66912|AAB66912.1	36.84	19	12	0	7	25	34	52	3.6	19.7
Seq10039_367_bp_1_2_1	ENA|BAA05866|BAA05866.1	29.17	24	17	0	27	50	207	230	3.7	18.1
Seq10039_367_bp_1_2_1	ENA|AAC49865|AAC49865.1	57.14	7	3	0	51	57	64	70	3.9	18.1
Seq10039_367_bp_1_2_1	ENA|CAA45199|CAA45199.1	28.57	14	10	0	17	30	305	318	5.5	18.1
Seq10039_367_bp_1_2_1	ENA|AAR37016|AAR37016.1	44.44	18	10	0	6	23	331	348	6.2	20.2
Seq10039_367_bp_1_2_1	ENA|CAA36214|CAA36214.1	25.00	20	15	0	31	50	152	171	7.4	17.0
Seq10039_367_bp_1_2_1	ENA|ABK71357|ABK71357.1	23.33	31	23	1	24	54	146	175	8.9	17.0
Seq10039_367_bp_1_2_1	ENA|ABD49687|ABD49687.1	30.30	33	23	0	16	48	62	94	9.2	19.1
Seq10039_367_bp_1_2_1	ENA|CAA73529|CAA73529.1	41.67	12	7	0	45	56	260	271	9.4	16.5
Seq10039_367_bp_1_2_1	ENA|BAA36759|BAA36759.1	50.00	12	6	0	42	53	78	89	9.9	16.5
Seq10039_367_bp_-1_0_0	ENA|CAA26939|CAA26939.1	35.71	29	18	1	67	95	418	445	0.25	23.9
Seq10039_367_bp_-1_0_0	ENA|AAC26660|AAC26660.1	16.22	40	31	3	74	110	41	80	1	20.7
Seq10039_367_bp_-1_0_0	ENA|ABK71357|ABK71357.1	50.00	8	4	0	26	33	348	355	3	19.6
Seq10039_367_bp_-1_0_0	ENA|AAA18786|AAA18786.1	35.71	14	9	0	95	108	89	102	3.1	19.1
Seq10039_367_bp_-1_0_0	ENA|CAA73529|CAA73529.1	46.67	15	8	0	7	21	99	113	3.2	19.1
Seq10039_367_bp_-1_0_0	ENA|BAA36759|BAA36759.1	26.32	22	14	3	12	33	261	279	3.4	19.1
Seq10039_367_bp_-1_0_0	ENA|AAB66912|AAB66912.1	53.85	13	6	0	57	69	616	628	3.6	20.7
Seq10039_367_bp_-1_0_0	ENA|AAR31603|AAR31603.1	11.11	18	16	0	95	112	122	139	3.8	19.1
Seq10039_367_bp_-1_0_0	ENA|AAR37016|AAR37016.1	30.77	13	9	0	43	55	964	976	6.1	21.2
Seq10039_367_bp_-1_0_0	ENA|BAA05866|BAA05866.1	50.00	12	6	0	81	92	56	67	7.2	18.0
Seq10039_367_bp_-1_0_0	ENA|BAB17681|BAB17681.1	56.25	17	7	1	38	54	30	45	9.1	17.5
Seq10039_367_bp_-1_0_0	ENA|BAA32991|BAA32991.1	44.44	9	5	0	53	61	4	12	9.8	15.4
Seq10039_367_bp_-1_0_0	ENA|BAA32018|BAA32018.1	35.00	20	13	0	2	21	277	296	9.9	18.5
Seq10039_367_bp_-1_1_0	ENA|AAC97205|AAC97205.1	44.44	9	5	0	17	25	10	18	7.2	19.2
Seq10039_367_bp_-1_1_0	ENA|ACH70901|ACH70901.1	62.50	8	3	0	8	15	57	64	8.1	17.2
Seq10039_367_bp_-1_1_0	ENA|AAA36114|AAA36114.1	57.14	7	3	0	46	52	322	328	8.2	17.7
Seq10039_367_bp_-1_1_0	ENA|BAA32991|BAA32991.1	41.67	12	7	0	41	52	34	45	8.5	14.7
Seq10039_367_bp_-1_1_0	ENA|BAA32956|BAA32956.1	16.67	24	20	0	21	44	35	58	9.3	16.2
Seq10039_367_bp_-1_1_0	ENA|CAB75732|CAB75732.1	25.00	16	12	0	1	16	594	609	9.3	18.7
Seq10039_367_bp_-1_1_0	ENA|BAA32018|BAA32018.1	31.25	17	11	1	2	18	377	392	9.9	17.7
Seq10039_367_bp_-1_1_1	ENA|CAA26939|CAA26939.1	54.55	11	5	0	23	33	377	387	1.8	19.4
Seq10039_367_bp_-1_1_1	ENA|AAB03707|AAB03707.1	38.46	13	8	0	4	16	346	358	3.1	19.9
Seq10039_367_bp_-1_1_1	ENA|AAA18786|AAA18786.1	75.00	8	2	0	26	33	100	107	3.2	17.5
Seq10039_367_bp_-1_1_1	ENA|BAA32956|BAA32956.1	50.00	8	4	0	6	13	154	161	3.6	17.0
Seq10039_367_bp_-1_1_1	ENA|AAB66912|AAB66912.1	22.22	18	14	0	5	22	906	923	5.7	18.4
Seq10039_367_bp_-1_1_2	ENA|BAA32991|BAA32991.1	42.86	7	4	0	2	8	53	59	4	14.1
Seq10039_367_bp_-1_1_2	ENA|CAA11507|CAA11507.1	33.33	12	8	0	5	16	696	707	5.8	17.8
Seq10039_367_bp_-1_1_2	ENA|AAC26660|AAC26660.1	27.27	11	8	0	8	18	132	142	6.9	15.1
Seq10039_367_bp_-1_1_2	ENA|AAF79734|AAF79734.1	36.36	11	7	0	2	12	44	54	8.6	17.3
Seq10039_367_bp_-1_2_0	ENA|EDO47375|EDO47375.1	40.00	10	6	0	9	18	69	78	4.7	16.0
Seq10039_367_bp_-1_2_0	ENA|AAA18786|AAA18786.1	50.00	10	5	0	1	10	15	24	4.9	16.5
Seq10039_367_bp_-1_2_1	ENA|CAA29968|CAA29968.1	33.33	15	10	0	19	33	132	146	3.2	18.1
Seq10039_367_bp_-1_2_1	ENA|CAA43419|CAA43419.1	30.77	13	9	0	51	63	184	196	4.3	18.5
Seq10039_367_bp_-1_2_1	ENA|AAA25966|AAA25966.1	62.50	8	3	0	56	63	141	148	4.3	19.5
Seq10039_367_bp_-1_2_1	ENA|AAA18786|AAA18786.1	53.33	16	7	1	23	38	130	144	6.1	17.6
Seq10039_367_bp_-1_2_1	ENA|ACT10338|ACT10338.1	63.64	11	4	0	19	29	2	12	6.3	18.1
Seq10039_367_bp_-1_2_1	ENA|AAC08817|AAC08817.1	33.33	21	14	0	52	72	114	134	6.9	16.6
Seq10039_367_bp_-1_2_1	ENA|CAA36714|CAA36714.1	23.81	21	16	0	10	30	191	211	7.4	18.1
Seq10039_367_bp_-1_2_1	ENA|AAC78721|AAC78721.1	14.29	21	18	0	47	67	143	163	7.6	18.5
Seq10039_367_bp_-1_2_1	ENA|AAQ92751|AAQ92751.2	27.03	37	27	0	19	55	717	753	7.9	19.5
