Seq1026_61_bp_1_0_0	ENA|AAC49865|AAC49865.1	100.00	20	0	0	1	20	201	220	5.9e-13	59.1
Seq1026_61_bp_1_0_0	ENA|ABK71357|ABK71357.1	50.00	8	4	0	2	9	250	257	0.66	19.3
Seq1026_61_bp_1_0_0	ENA|CAL82360|CAL82360.1	62.50	8	3	0	5	12	652	659	3.2	18.8
Seq1026_61_bp_1_0_0	ENA|CAA29956|CAA29956.1	26.67	15	11	0	6	20	169	183	3.8	16.8
Seq1026_61_bp_1_0_0	ENA|ABN10845|ABN10845.1	50.00	12	5	2	3	14	64	73	6.2	15.2
Seq1026_61_bp_1_0_0	ENA|AAA36539|AAA36539.1	50.00	8	4	0	7	14	233	240	6.6	16.2
Seq1026_61_bp_1_0_0	ENA|AAA18786|AAA18786.1	57.14	7	3	0	8	14	86	92	7.5	15.2
Seq1026_61_bp_1_0_0	ENA|BAA36759|BAA36759.1	40.00	10	6	0	3	12	73	82	8.1	15.2
Seq1026_61_bp_1_0_0	ENA|CAA24711|CAA24711.1	33.33	9	6	0	6	14	72	80	9.6	14.2
Seq1026_61_bp_1_1_0	ENA|CAA45199|CAA45199.1	50.00	10	5	0	1	10	100	109	0.022	23.7
Seq1026_61_bp_1_1_0	ENA|CAA26939|CAA26939.1	50.00	6	3	0	4	9	41	46	0.44	19.6
Seq1026_61_bp_1_1_0	ENA|BAA32018|BAA32018.1	66.67	6	2	0	1	6	303	308	0.48	19.6
Seq1026_61_bp_1_1_0	ENA|EDO47375|EDO47375.1	50.00	8	4	0	2	9	36	43	0.59	17.6
Seq1026_61_bp_1_1_0	ENA|AAA25966|AAA25966.1	80.00	5	1	0	3	7	573	577	0.88	19.0
Seq1026_61_bp_1_1_0	ENA|CAA36214|CAA36214.1	37.50	8	5	0	1	8	158	165	0.94	17.6
Seq1026_61_bp_1_1_0	ENA|CAA45708|CAA45708.1	37.50	8	5	0	2	9	15	22	1.2	19.6
Seq1026_61_bp_1_1_0	ENA|AAC08817|AAC08817.1	60.00	5	2	0	1	5	116	120	1.2	16.3
Seq1026_61_bp_1_1_0	ENA|CAA73529|CAA73529.1	100.00	4	0	0	5	8	154	157	1.4	17.0
Seq1026_61_bp_1_1_0	ENA|AAA24145|AAA24145.1	75.00	4	1	0	4	7	70	73	2.3	17.0
Seq1026_61_bp_1_1_0	ENA|ABD33854|ABD33854.1	75.00	4	1	0	6	9	19	22	5	12.9
Seq1026_61_bp_1_1_0	ENA|CAL82360|CAL82360.1	75.00	4	1	0	7	10	849	852	6.1	17.0
Seq1026_61_bp_1_1_0	ENA|AAA36114|AAA36114.1	57.14	7	3	0	1	7	114	120	6.1	15.6
Seq1026_61_bp_1_1_0	ENA|ABK71357|ABK71357.1	60.00	5	2	0	5	9	204	208	7.1	14.9
Seq1026_61_bp_1_1_0	ENA|AAC26660|AAC26660.1	100.00	3	0	0	7	9	227	229	7.7	14.3
Seq1026_61_bp_1_1_0	ENA|AAA18786|AAA18786.1	42.86	7	4	0	1	7	101	107	8	14.3
Seq1026_61_bp_1_1_0	ENA|CAA24711|CAA24711.1	80.00	5	1	0	6	10	161	165	8.3	13.6
Seq1026_61_bp_1_1_0	ENA|BAA32991|BAA32991.1	66.67	3	1	0	3	5	67	69	8.4	12.2
Seq1026_61_bp_1_1_0	ENA|CAB75732|CAB75732.1	30.00	10	7	0	1	10	576	585	8.5	16.3
Seq1026_61_bp_1_1_0	ENA|AAB96524|AAB96524.1	50.00	4	2	0	1	4	172	175	8.8	13.6
Seq1026_61_bp_1_1_0	ENA|AAC97205|AAC97205.1	50.00	6	3	0	2	7	581	586	9.1	16.3
Seq1026_61_bp_1_1_0	ENA|CAA28033|CAA28033.1	75.00	4	1	0	2	5	907	910	9.5	16.3
Seq1026_61_bp_1_2_0	ENA|BAB17681|BAB17681.1	71.43	7	2	0	9	15	105	111	0.092	21.6
Seq1026_61_bp_1_2_0	ENA|AAF79734|AAF79734.1	80.00	5	1	0	7	11	546	550	1.5	20.0
Seq1026_61_bp_1_2_0	ENA|AAB26998|AAB26998.1	75.00	4	1	0	12	15	11	14	2.3	15.1
Seq1026_61_bp_1_2_0	ENA|AAA36539|AAA36539.1	42.86	7	4	0	7	13	69	75	3.1	17.3
Seq1026_61_bp_1_2_0	ENA|ABD33854|ABD33854.1	42.86	7	4	0	1	7	28	34	3.9	14.1
Seq1026_61_bp_1_2_0	ENA|CAA28033|CAA28033.1	31.25	16	11	0	2	17	251	266	4	18.4
Seq1026_61_bp_1_2_0	ENA|ABN10845|ABN10845.1	80.00	5	1	0	6	10	204	208	4.3	15.7
Seq1026_61_bp_1_2_0	ENA|AAA24145|AAA24145.1	50.00	6	3	0	13	18	53	58	4.4	16.8
Seq1026_61_bp_1_2_0	ENA|AAC08817|AAC08817.1	50.00	6	3	0	7	12	112	117	4.6	15.1
Seq1026_61_bp_1_2_0	ENA|ABD49687|ABD49687.1	71.43	7	2	0	6	12	1045	1051	5.2	18.4
Seq1026_61_bp_1_2_0	ENA|CAA26023|CAA26023.1	83.33	8	1	2	10	15	124	131	5.2	16.2
Seq1026_61_bp_1_2_0	ENA|CAA73529|CAA73529.1	44.44	9	5	0	5	13	24	32	5.4	15.7
Seq1026_61_bp_1_2_0	ENA|AAC49865|AAC49865.1	30.00	10	7	0	6	15	38	47	6.4	15.7
Seq1026_61_bp_1_2_0	ENA|AAA25966|AAA25966.1	100.00	3	0	0	14	16	245	247	6.7	16.8
Seq1026_61_bp_1_2_0	ENA|AAA18786|AAA18786.1	40.00	10	6	0	5	14	121	130	7.5	15.1
Seq1026_61_bp_1_2_0	ENA|CAA29968|CAA29968.1	50.00	4	2	0	8	11	31	34	8	14.6
Seq1026_61_bp_1_2_0	ENA|AAB66912|AAB66912.1	100.00	3	0	0	14	16	751	753	8.5	16.8
Seq1026_61_bp_1_2_0	ENA|BAA32956|BAA32956.1	50.00	4	2	0	13	16	129	132	8.6	14.6
Seq1026_61_bp_1_2_0	ENA|AAB03707|AAB03707.1	41.18	18	10	1	3	19	1245	1262	8.6	17.3
Seq1026_61_bp_1_2_0	ENA|AAA72732|AAA72732.1	100.00	3	0	0	13	15	297	299	8.7	15.1
Seq1026_61_bp_1_2_0	ENA|AAA32624|AAA32624.1	75.00	4	1	0	12	15	511	514	9.9	15.7
Seq1026_61_bp_-1_0_0	ENA|BAA32991|BAA32991.1	44.44	9	5	0	4	12	1	9	0.98	15.9
Seq1026_61_bp_-1_0_0	ENA|EDO47375|EDO47375.1	44.44	9	5	0	7	15	55	63	1.8	16.4
Seq1026_61_bp_-1_0_0	ENA|CAA36714|CAA36714.1	50.00	8	4	0	8	15	329	336	2.9	17.0
Seq1026_61_bp_-1_0_0	ENA|AAC26660|AAC26660.1	22.22	9	7	0	5	13	17	25	3.6	15.9
Seq1026_61_bp_-1_0_0	ENA|AAA24145|AAA24145.1	66.67	6	2	0	10	15	333	338	4.3	16.4
Seq1026_61_bp_-1_0_0	ENA|ABD49687|ABD49687.1	41.67	12	7	0	1	12	1379	1390	4.8	18.2
Seq1026_61_bp_-1_0_0	ENA|AAR31603|AAR31603.1	30.00	10	7	0	1	10	174	183	6.6	15.3
Seq1026_61_bp_-1_0_0	ENA|AAA32624|AAA32624.1	66.67	6	2	0	7	12	167	172	7.1	15.9
Seq1026_61_bp_-1_0_0	ENA|CAA28033|CAA28033.1	66.67	6	2	0	10	15	1047	1052	7.8	17.0
Seq1026_61_bp_-1_0_0	ENA|AAB96524|AAB96524.1	50.00	8	4	0	8	15	93	100	8.2	14.1
Seq1026_61_bp_-1_0_0	ENA|BAA05866|BAA05866.1	25.00	8	6	0	5	12	294	301	9.1	14.7
Seq1026_61_bp_-1_0_0	ENA|ABN10845|ABN10845.1	80.00	5	1	0	11	15	79	83	9.5	14.1
Seq1026_61_bp_-1_1_0	ENA|BAB17681|BAB17681.1	80.00	5	1	0	13	17	174	178	0.37	19.5
Seq1026_61_bp_-1_1_0	ENA|AAA36114|AAA36114.1	58.33	13	5	1	5	17	344	355	4.2	16.8
Seq1026_61_bp_-1_1_0	ENA|AAC49865|AAC49865.1	60.00	10	4	0	4	13	206	215	5.5	15.8
Seq1026_61_bp_-1_1_0	ENA|ABN10845|ABN10845.1	66.67	6	2	0	7	12	68	73	7.4	14.7
Seq1026_61_bp_-1_2_0	ENA|BAA05866|BAA05866.1	45.45	11	6	0	9	19	214	224	0.54	19.3
Seq1026_61_bp_-1_2_0	ENA|CAB75732|CAB75732.1	66.67	6	2	0	5	10	598	603	1.4	19.8
Seq1026_61_bp_-1_2_0	ENA|BAB17681|BAB17681.1	37.50	8	5	0	4	11	67	74	1.4	17.7
Seq1026_61_bp_-1_2_0	ENA|AAC78721|AAC78721.1	42.86	7	4	0	4	10	184	190	1.7	18.7
Seq1026_61_bp_-1_2_0	ENA|AAC26660|AAC26660.1	44.44	9	5	0	8	16	52	60	1.9	17.1
Seq1026_61_bp_-1_2_0	ENA|AAA24145|AAA24145.1	21.43	14	11	0	6	19	323	336	2.4	17.7
Seq1026_61_bp_-1_2_0	ENA|CAA28033|CAA28033.1	36.36	11	7	0	1	11	1038	1048	3.2	18.7
Seq1026_61_bp_-1_2_0	ENA|CAA36214|CAA36214.1	66.67	6	2	0	13	18	231	236	3.3	16.6
Seq1026_61_bp_-1_2_0	ENA|AAA72732|AAA72732.1	38.46	13	8	0	4	16	93	105	3.4	16.6
Seq1026_61_bp_-1_2_0	ENA|AAC08817|AAC08817.1	35.71	14	9	0	1	14	107	120	3.5	15.5
Seq1026_61_bp_-1_2_0	ENA|AAA36114|AAA36114.1	44.44	9	5	0	11	19	66	74	7.6	16.1
Seq1026_61_bp_-1_2_0	ENA|ABN10845|ABN10845.1	50.00	8	4	0	10	17	160	167	9.7	14.4
