Seq5612_185_bp_1_0_0	AAC97205.1	57.14	15	6	1	2	15	16	30	0.05	24.8
Seq5612_185_bp_1_0_0	ABS38337.1	62.50	8	3	0	10	17	1105	1112	2.5	19.2
Seq5612_185_bp_1_0_0	AAI27517.1	50.00	17	8	1	2	18	414	429	4.6	17.2
Seq5612_185_bp_1_0_0	AAH69556.1	33.33	12	8	0	10	21	147	158	4.8	16.2
Seq5612_185_bp_1_0_0	AII71783.1	50.00	10	5	0	1	10	284	293	4.8	16.2
Seq5612_185_bp_1_0_0	AAA26915.1	66.67	6	2	0	2	7	394	399	7.2	16.2
Seq5612_185_bp_1_0_0	BAE97662.1	46.15	13	7	0	9	21	641	653	8.5	17.2
Seq5612_185_bp_1_0_0	AAA24142.1	29.41	17	12	0	5	21	106	122	9.7	15.7
Seq5612_185_bp_1_0_1	ACT10338.1	62.50	8	3	0	4	11	32	39	2.1	16.8
Seq5612_185_bp_1_0_1	ABN10845.1	50.00	8	4	0	4	11	64	71	2.8	15.5
Seq5612_185_bp_1_0_1	AAA24969.1	55.56	9	4	0	1	9	750	758	3.3	18.1
Seq5612_185_bp_1_0_1	AAI27517.1	33.33	9	6	0	1	9	150	158	4.8	16.2
Seq5612_185_bp_1_0_1	AAA36565.1	50.00	8	4	0	3	10	148	155	5.2	14.2
Seq5612_185_bp_1_0_1	AAA26915.1	66.67	6	2	0	5	10	370	375	5.9	15.5
Seq5612_185_bp_1_0_1	CAA43372.1	40.00	10	6	0	2	11	136	145	8	14.9
Seq5612_185_bp_1_0_1	AAX12058.1	66.67	10	3	1	1	9	69	78	8.3	14.2
Seq5612_185_bp_1_0_2	BAA32018.1	66.67	9	3	0	2	10	198	206	0.28	20.9
Seq5612_185_bp_1_0_2	AAA36565.1	55.56	9	4	0	5	13	31	39	2.8	15.6
Seq5612_185_bp_1_0_2	AAX12058.1	66.67	6	2	0	9	14	126	131	6.7	15.0
Seq5612_185_bp_1_0_3	CAA11507.1	66.67	9	3	0	2	10	905	913	0.15	22.3
Seq5612_185_bp_1_0_3	ABD49687.1	55.56	9	4	0	1	9	1540	1548	2.6	18.5
Seq5612_185_bp_1_0_3	AAC97205.1	50.00	8	4	0	2	9	500	507	4.5	17.2
Seq5612_185_bp_1_0_3	AAI27517.1	55.56	9	4	0	1	9	188	196	5.1	15.9
Seq5612_185_bp_1_0_3	CAA73529.1	42.86	7	4	0	3	9	114	120	5.7	14.7
Seq5612_185_bp_1_0_3	AAA24142.1	50.00	6	3	0	2	7	180	185	6.1	15.3
Seq5612_185_bp_1_0_3	AAA26915.1	57.14	7	3	0	3	9	110	116	6.3	15.3
Seq5612_185_bp_1_0_3	AAB64315.2	37.50	8	5	0	2	9	312	319	6.8	14.7
Seq5612_185_bp_1_0_3	CAA74140.1	80.00	5	1	0	2	6	930	934	7.9	15.9
Seq5612_185_bp_1_0_3	AAC08817.1	57.14	7	3	0	4	10	56	62	8.1	13.4
Seq5612_185_bp_1_0_3	AAA25966.1	33.33	9	6	0	1	9	628	636	9.4	15.3
Seq5612_185_bp_1_1_0	AAC97205.1	100.00	61	0	0	1	61	468	528	3.6e-43	163.1
Seq5612_185_bp_1_1_0	AAB64315.2	37.50	24	15	0	26	49	234	257	0.84	20.4
Seq5612_185_bp_1_1_0	ACH70904.1	25.00	28	21	0	12	39	245	272	1.7	19.5
Seq5612_185_bp_1_1_0	AII71783.1	29.73	37	26	0	9	45	186	222	2.8	18.5
Seq5612_185_bp_1_1_0	BAE97662.1	40.00	28	15	3	9	33	169	196	2.9	20.4
Seq5612_185_bp_1_1_0	ABS38337.1	36.36	22	14	0	2	23	62	83	3.2	20.4
Seq5612_185_bp_1_1_0	AAI27517.1	83.33	6	1	0	28	33	275	280	3.8	19.0
Seq5612_185_bp_1_1_0	AAA32376.1	38.46	13	8	0	22	34	49	61	4	17.2
Seq5612_185_bp_1_1_0	CAA74140.1	55.56	9	4	0	30	38	927	935	4.4	19.5
Seq5612_185_bp_1_1_0	AAB03707.1	36.67	32	19	2	30	59	1025	1056	4.7	19.9
Seq5612_185_bp_1_1_0	CAA45199.1	50.00	12	6	0	13	24	239	250	5.6	18.1
Seq5612_185_bp_1_1_0	BAB17681.1	41.18	17	10	0	41	57	222	238	6.2	17.2
Seq5612_185_bp_1_1_0	AAA32624.1	47.83	25	12	2	26	50	33	55	6.2	18.1
Seq5612_185_bp_1_1_0	CAA43372.1	50.00	12	6	0	37	48	217	228	6.7	17.6
Seq5612_185_bp_1_1_0	AAF01122.1	50.00	10	5	0	23	32	34	43	8.3	17.2
Seq5612_185_bp_1_2_0	CAA74140.1	46.67	15	8	0	7	21	737	751	0.067	24.8
Seq5612_185_bp_1_2_0	AAR37016.1	50.00	14	7	0	9	22	783	796	0.25	24.3
Seq5612_185_bp_1_2_0	AAX84812.1	35.00	20	13	0	6	25	57	76	0.54	19.8
Seq5612_185_bp_1_2_0	AAC97205.1	57.14	15	6	1	5	19	47	60	0.61	22.0
Seq5612_185_bp_1_2_0	AAB96524.1	37.50	27	15	3	11	37	140	163	0.63	19.2
Seq5612_185_bp_1_2_0	ACT10338.1	26.67	30	22	0	8	37	42	71	1.9	18.7
Seq5612_185_bp_1_2_0	AAX12058.1	53.85	14	6	1	2	15	37	49	2	18.1
Seq5612_185_bp_1_2_0	AAC78721.1	57.14	7	3	0	16	22	358	364	2.3	19.2
Seq5612_185_bp_1_2_0	BAA32956.1	28.57	21	15	0	1	21	110	130	3.3	17.0
Seq5612_185_bp_1_2_0	AAI27517.1	71.43	7	2	0	16	22	528	534	4.2	18.1
Seq5612_185_bp_1_2_0	AAR31603.1	80.00	5	1	0	24	28	62	66	5.1	17.0
Seq5612_185_bp_1_2_0	AEE27845.1	42.86	14	8	0	12	25	330	343	6.7	18.7
Seq5612_185_bp_1_2_0	AAA36565.1	26.32	20	14	1	14	33	66	84	8	15.3
Seq5612_185_bp_1_2_0	CAA26230.1	40.00	15	9	0	17	31	184	198	8.4	17.0
Seq5612_185_bp_1_2_0	AAA23282.1	31.58	19	13	0	9	27	483	501	8.5	17.0
Seq5612_185_bp_1_2_0	CAA04196.1	45.45	11	6	0	21	31	103	113	9.2	16.4
Seq5612_185_bp_1_2_0	AAQ92751.2	36.84	21	12	2	7	27	707	725	9.5	18.1
Seq5612_185_bp_1_2_0	ABD33854.1	100.00	3	0	0	28	30	53	55	9.6	13.6
Seq5612_185_bp_1_2_0	AAA72732.1	50.00	8	4	0	2	9	155	162	10	15.9
Seq5612_185_bp_1_2_1	AAC17860.1	71.43	7	2	0	13	19	41	47	1.5	18.4
Seq5612_185_bp_1_2_1	ABD33854.1	37.50	17	10	1	1	17	30	45	5.1	13.9
Seq5612_185_bp_-1_0_0	AAB96524.1	55.56	9	4	0	3	11	109	117	0.42	18.4
Seq5612_185_bp_-1_0_0	BAA32956.1	44.44	9	5	0	2	10	5	13	2	16.4
Seq5612_185_bp_-1_0_0	AAA26915.1	50.00	10	5	0	2	11	407	416	2.7	17.1
Seq5612_185_bp_-1_0_0	AAA72732.1	57.14	7	3	0	5	11	126	132	2.9	16.4
Seq5612_185_bp_-1_0_0	AAR31603.1	40.00	5	3	0	2	6	62	66	3.1	16.4
Seq5612_185_bp_-1_0_0	AAX84812.1	75.00	4	1	0	5	8	90	93	3.5	15.7
Seq5612_185_bp_-1_0_0	BAB17681.1	50.00	8	4	0	1	8	44	51	4.1	15.7
Seq5612_185_bp_-1_0_0	EDO47375.1	37.50	8	5	0	6	13	182	189	4.5	15.0
Seq5612_185_bp_-1_0_0	ABK71357.1	33.33	12	8	0	1	12	216	227	5.5	15.7
Seq5612_185_bp_-1_0_0	AAF01122.1	36.36	11	7	0	3	13	63	73	5.5	15.7
Seq5612_185_bp_-1_0_0	ACT10338.1	28.57	14	10	0	1	14	59	72	5.7	15.7
Seq5612_185_bp_-1_0_0	BAE97662.1	71.43	7	2	0	8	14	494	500	6.4	17.1
Seq5612_185_bp_-1_0_0	AAA36565.1	50.00	4	2	0	1	4	76	79	6.4	14.3
Seq5612_185_bp_-1_0_0	AII71783.1	33.33	9	6	0	3	11	267	275	7.2	15.0
Seq5612_185_bp_-1_0_0	AIR13712.1	66.67	6	2	0	9	14	111	116	7.7	15.0
Seq5612_185_bp_-1_0_0	AAB26998.1	66.67	3	1	0	5	7	76	78	7.8	12.9
Seq5612_185_bp_-1_0_0	AAI27517.1	75.00	4	1	0	1	4	25	28	8.5	15.7
Seq5612_185_bp_-1_0_0	AAA65607.1	80.00	5	1	0	10	14	140	144	8.5	15.0
Seq5612_185_bp_-1_0_0	CAA04196.1	57.14	7	3	0	6	12	293	299	9.6	15.0
Seq5612_185_bp_-1_0_1	ACH70904.1	57.14	14	6	0	6	19	333	346	0.26	21.8
Seq5612_185_bp_-1_0_1	AAB26998.1	31.58	19	13	0	23	41	13	31	1.1	17.5
Seq5612_185_bp_-1_0_1	ABN10845.1	37.50	16	10	0	4	19	70	85	1.5	18.5
Seq5612_185_bp_-1_0_1	AAC97205.1	33.33	15	10	0	23	37	888	902	1.9	20.7
Seq5612_185_bp_-1_0_1	BAB79260.1	40.00	20	12	0	4	23	242	261	2.1	19.1
Seq5612_185_bp_-1_0_1	BAB17681.1	50.00	10	5	0	32	41	208	217	2.7	18.0
Seq5612_185_bp_-1_0_1	AIR13712.1	43.48	23	13	0	3	25	74	96	4.6	17.5
Seq5612_185_bp_-1_0_1	AAA32624.1	60.00	5	2	0	27	31	355	359	5	18.0
Seq5612_185_bp_-1_0_1	AAR37016.1	57.14	7	3	0	33	39	2245	2251	5.1	20.2
Seq5612_185_bp_-1_0_1	AAF01122.1	60.00	10	4	0	8	17	331	340	5.2	17.5
Seq5612_185_bp_-1_0_1	ABD49687.1	100.00	4	0	0	26	29	224	227	5.4	19.6
Seq5612_185_bp_-1_0_1	BAA32956.1	28.00	25	18	0	4	28	4	28	6.1	16.4
Seq5612_185_bp_-1_0_1	AEE27845.1	40.00	15	9	0	16	30	876	890	6.3	19.1
Seq5612_185_bp_-1_0_1	BAB70780.1	27.27	23	16	1	6	27	78	100	6.6	17.5
Seq5612_185_bp_-1_0_1	AAA32376.1	38.89	18	11	0	7	24	98	115	7.2	15.9
Seq5612_185_bp_-1_0_1	CAA26230.1	37.50	8	5	0	23	30	25	32	7.6	17.5
Seq5612_185_bp_-1_0_1	AII71783.1	42.86	7	4	0	39	45	265	271	8.7	16.4
Seq5612_185_bp_-1_0_1	AAA24142.1	44.44	9	5	0	28	36	113	121	8.8	16.9
Seq5612_185_bp_-1_1_0	ABD33854.1	42.86	7	4	0	26	32	38	44	0.65	18.4
Seq5612_185_bp_-1_1_0	BAB79260.1	25.58	43	32	0	19	61	214	256	1.5	20.0
Seq5612_185_bp_-1_1_0	AAA72732.1	41.18	17	10	0	5	21	255	271	1.5	19.5
Seq5612_185_bp_-1_1_0	AAC97205.1	19.44	36	29	0	4	39	730	765	1.9	21.1
Seq5612_185_bp_-1_1_0	ABS38337.1	100.00	7	0	0	2	8	678	684	2	21.1
Seq5612_185_bp_-1_1_0	ABN10845.1	31.58	19	13	0	35	53	153	171	2.2	18.4
Seq5612_185_bp_-1_1_0	CAA45199.1	40.00	15	9	0	22	36	280	294	3.2	18.9
Seq5612_185_bp_-1_1_0	EDO47375.1	23.81	21	16	0	1	21	36	56	4	17.3
Seq5612_185_bp_-1_1_0	CAA04196.1	21.74	23	18	0	23	45	213	235	4.1	18.4
Seq5612_185_bp_-1_1_0	AAC78721.1	60.00	10	4	0	1	10	328	337	4.5	18.9
Seq5612_185_bp_-1_1_0	AAB64315.2	55.56	9	4	0	34	42	193	201	4.7	17.8
Seq5612_185_bp_-1_1_0	AAC08817.1	53.33	15	7	0	6	20	58	72	5	16.7
Seq5612_185_bp_-1_1_0	CAA73529.1	46.15	14	7	1	21	34	189	201	5.7	17.3
Seq5612_185_bp_-1_1_0	AAH69556.1	23.53	17	13	0	17	33	159	175	6.3	17.3
Seq5612_185_bp_-1_1_0	BAA32956.1	40.00	10	6	0	5	14	3	12	6.3	16.7
Seq5612_185_bp_-1_1_0	AAR37016.1	62.50	8	3	0	38	45	1253	1260	7.3	20.0
Seq5612_185_bp_-1_1_0	ABL74574.1	50.00	12	6	0	48	59	186	197	8.5	16.7
Seq5612_185_bp_-1_2_0	ABN10845.1	35.29	35	22	1	9	42	56	90	0.0047	27.3
Seq5612_185_bp_-1_2_0	AAA32624.1	29.03	31	22	0	6	36	355	385	0.38	22.2
Seq5612_185_bp_-1_2_0	AAH69556.1	41.18	17	10	0	24	40	72	88	0.45	21.2
Seq5612_185_bp_-1_2_0	CAA26230.1	25.71	35	26	0	9	43	395	429	0.83	21.2
Seq5612_185_bp_-1_2_0	AAB64315.2	62.50	8	3	0	54	61	14	21	1.4	19.6
Seq5612_185_bp_-1_2_0	BAA32991.1	42.86	7	4	0	53	59	54	60	2.4	16.6
Seq5612_185_bp_-1_2_0	AAC17860.1	41.67	25	14	1	36	60	338	361	2.5	19.1
Seq5612_185_bp_-1_2_0	AAX12058.1	71.43	7	2	0	4	10	127	133	3.3	18.1
Seq5612_185_bp_-1_2_0	AAC97205.1	30.00	31	21	1	6	35	683	713	3.6	20.2
Seq5612_185_bp_-1_2_0	AAA42531.1	35.00	20	13	0	8	27	164	183	4.6	18.1
Seq5612_185_bp_-1_2_0	AAB26998.1	45.45	11	6	0	22	32	52	62	5.4	15.6
Seq5612_185_bp_-1_2_0	AIR13712.1	35.71	28	18	0	24	51	50	77	5.5	17.6
Seq5612_185_bp_-1_2_0	AAR31603.1	37.04	27	17	0	31	57	282	308	5.5	17.6
Seq5612_185_bp_-1_2_0	CAA11507.1	50.00	14	7	0	27	40	214	227	5.6	19.6
Seq5612_185_bp_-1_2_0	AAA36565.1	35.29	17	11	0	43	59	149	165	5.6	16.6
Seq5612_185_bp_-1_2_0	ACH70904.1	50.00	14	7	0	5	18	257	270	6	17.6
Seq5612_185_bp_-1_2_0	ABK71357.1	31.58	19	13	0	38	56	244	262	6.2	17.6
Seq5612_185_bp_-1_2_0	ABD49687.1	66.67	9	3	0	11	19	1678	1686	6.9	19.6
Seq5612_185_bp_-1_2_0	AAA24142.1	62.50	8	3	0	53	60	402	409	7.4	17.6
Seq5612_185_bp_-1_2_0	BAB70780.1	45.45	11	6	0	24	34	412	422	7.9	17.6
Seq5612_185_bp_-1_2_0	AAA18786.1	60.00	10	4	0	46	55	25	34	8.8	16.6
Seq5612_185_bp_-1_2_0	ABL74574.1	36.84	19	12	0	33	51	262	280	9.4	16.6
Seq5612_185_bp_-1_2_0	CAA04196.1	60.00	5	2	0	21	25	260	264	9.6	17.1
