Seq7488_273_bp_1_0_0	AAA24969.1	75.00	8	2	0	1	8	977	984	2.3	19.7
Seq7488_273_bp_1_0_0	CAA45199.1	61.54	14	5	1	3	16	106	118	3.7	17.3
Seq7488_273_bp_1_0_0	AAF01122.1	36.84	19	12	0	5	23	54	72	3.9	16.9
Seq7488_273_bp_1_0_0	CAA04196.1	71.43	7	2	0	17	23	126	132	4.4	16.9
Seq7488_273_bp_1_0_0	AAB64315.2	46.67	20	8	5	4	18	53	72	6	16.1
Seq7488_273_bp_1_0_0	AAQ92751.2	46.15	13	7	0	1	13	341	353	7.9	17.7
Seq7488_273_bp_1_0_0	BAB70780.1	38.89	18	11	0	3	20	43	60	8.6	16.1
Seq7488_273_bp_1_0_0	BAE97662.1	33.33	12	8	0	1	12	325	336	8.6	17.3
Seq7488_273_bp_1_0_1	AAB96524.1	34.62	29	17	3	17	45	138	163	0.37	20.3
Seq7488_273_bp_1_0_1	CAA74140.1	37.04	28	17	1	2	29	725	751	0.57	22.0
Seq7488_273_bp_1_0_1	AAC97205.1	48.28	36	15	7	4	33	33	67	0.95	21.7
Seq7488_273_bp_1_0_1	AAR31603.1	35.29	17	11	0	8	24	250	266	1.3	19.3
Seq7488_273_bp_1_0_1	AAR37016.1	34.48	30	19	1	2	30	767	796	2.3	21.3
Seq7488_273_bp_1_0_1	ACT10338.1	26.67	30	22	0	16	45	42	71	2.5	18.6
Seq7488_273_bp_1_0_1	AAX84812.1	35.00	20	13	0	14	33	57	76	3	17.6
Seq7488_273_bp_1_0_1	ABK71357.1	38.10	23	13	2	3	25	152	172	3	18.3
Seq7488_273_bp_1_0_1	AAX12058.1	53.85	14	6	1	10	23	37	49	3.5	17.6
Seq7488_273_bp_1_0_1	AAA23282.1	31.58	19	13	0	1	19	227	245	4.5	18.3
Seq7488_273_bp_1_0_1	AII71783.1	31.03	33	20	4	11	39	239	271	4.9	17.2
Seq7488_273_bp_1_0_1	AAA72732.1	41.67	29	14	5	4	28	23	50	5	17.2
Seq7488_273_bp_1_0_1	AAQ92751.2	36.84	21	12	2	15	35	707	725	6.7	18.9
Seq7488_273_bp_1_0_1	BAA32956.1	36.36	23	14	1	8	29	108	130	6.8	16.2
Seq7488_273_bp_1_0_1	BAB79260.1	37.50	16	10	0	4	19	147	162	7.1	17.2
Seq7488_273_bp_1_0_1	AAA18786.1	41.67	12	7	0	2	13	146	157	8.4	16.2
Seq7488_273_bp_1_0_2	AAC17860.1	71.43	7	2	0	13	19	41	47	0.93	18.9
Seq7488_273_bp_1_0_2	ABD33854.1	37.50	17	10	1	1	17	30	45	3.3	14.3
Seq7488_273_bp_1_0_2	BAB70780.1	29.41	17	12	0	2	18	56	72	3.4	17.2
Seq7488_273_bp_1_0_2	CAA43372.1	37.50	16	10	0	1	16	175	190	5	16.4
Seq7488_273_bp_1_0_2	AAC08817.1	40.00	10	6	0	1	10	149	158	6.2	14.7
Seq7488_273_bp_1_0_2	AAB64315.2	60.00	10	4	0	3	12	262	271	9.1	15.1
Seq7488_273_bp_1_1_0	AAA25966.1	41.03	49	23	10	14	52	365	413	0.23	23.2
Seq7488_273_bp_1_1_0	AAC97205.1	38.46	31	16	5	19	48	4	30	0.4	23.2
Seq7488_273_bp_1_1_0	CAA43372.1	26.92	57	38	5	1	54	45	99	1.4	19.8
Seq7488_273_bp_1_1_0	AAI27517.1	34.78	53	30	7	7	52	485	537	1.6	20.1
Seq7488_273_bp_1_1_0	AAA72732.1	32.35	41	23	7	4	43	270	304	2.5	18.5
Seq7488_273_bp_1_1_0	AAA18786.1	39.47	45	23	7	3	45	191	230	2.7	18.2
Seq7488_273_bp_1_1_0	ABD33854.1	77.78	14	2	5	6	18	53	62	2.9	16.0
Seq7488_273_bp_1_1_0	AAH69556.1	60.00	11	4	1	12	22	144	153	3.1	18.2
Seq7488_273_bp_1_1_0	AAR31603.1	29.17	24	17	0	13	36	241	264	4.1	17.9
Seq7488_273_bp_1_1_0	AAQ92751.2	30.30	33	23	0	12	44	59	91	4.6	19.8
Seq7488_273_bp_1_1_0	AEE27845.1	36.00	25	16	0	27	51	1120	1144	4.7	19.8
Seq7488_273_bp_1_1_0	AAA26915.1	63.64	12	4	1	29	40	389	399	5.7	17.9
Seq7488_273_bp_1_1_0	CAA74140.1	52.63	25	9	6	8	32	362	380	7.3	18.5
Seq7488_273_bp_1_1_0	AAB96524.1	28.57	29	20	1	24	51	59	87	8.1	16.0
Seq7488_273_bp_1_1_0	CAA45199.1	36.36	24	14	2	6	29	284	305	8.6	17.3
Seq7488_273_bp_1_1_0	BAE97662.1	38.10	23	13	2	16	36	1093	1115	8.7	18.5
Seq7488_273_bp_1_1_0	AAA36565.1	54.55	11	5	0	26	36	39	49	9	15.7
Seq7488_273_bp_1_1_1	AAX12058.1	66.67	10	3	1	1	9	69	78	2	16.3
Seq7488_273_bp_1_1_1	AAA24969.1	55.56	9	4	0	1	9	750	758	2.8	18.4
Seq7488_273_bp_1_1_1	ACT10338.1	62.50	8	3	0	4	11	32	39	2.9	16.3
Seq7488_273_bp_1_1_1	CAA43372.1	40.00	10	6	0	2	11	136	145	3.1	16.3
Seq7488_273_bp_1_1_1	AAI27517.1	33.33	9	6	0	1	9	150	158	3.1	16.9
Seq7488_273_bp_1_1_1	AAA36565.1	50.00	8	4	0	3	10	148	155	3.6	14.8
Seq7488_273_bp_1_1_1	ABN10845.1	50.00	8	4	0	4	11	64	71	4.6	14.8
Seq7488_273_bp_1_1_1	AAA26915.1	66.67	6	2	0	5	10	370	375	9.4	14.8
Seq7488_273_bp_1_1_1	AAB03707.1	60.00	12	4	2	2	11	163	174	9.6	16.3
Seq7488_273_bp_1_1_2	BAA32018.1	66.67	9	3	0	2	10	198	206	0.47	20.1
Seq7488_273_bp_1_1_2	AAA36565.1	55.56	9	4	0	5	13	31	39	4	15.1
Seq7488_273_bp_1_1_2	AAX12058.1	66.67	6	2	0	9	14	126	131	6.4	15.1
Seq7488_273_bp_1_2_0	AAC97205.1	100.00	90	0	0	1	90	435	524	6.5e-56	205.9
Seq7488_273_bp_1_2_0	AAB64315.2	34.15	46	27	5	41	82	213	257	1.7	19.9
Seq7488_273_bp_1_2_0	ABD49687.1	25.81	65	46	3	22	85	160	222	3.1	21.4
Seq7488_273_bp_1_2_0	ACH70904.1	33.33	33	20	3	43	72	240	272	3.4	19.0
Seq7488_273_bp_1_2_0	AII71783.1	29.73	37	26	0	42	78	186	222	3.6	18.7
Seq7488_273_bp_1_2_0	CAA45199.1	31.25	38	22	6	1	32	270	307	4.4	19.0
Seq7488_273_bp_1_2_0	BAE97662.1	40.00	28	15	3	42	66	169	196	4.7	20.2
Seq7488_273_bp_1_2_0	AAB03707.1	32.35	83	46	15	21	90	974	1054	6.8	19.9
Seq7488_273_bp_1_2_0	AAC78721.1	23.08	53	40	1	32	84	129	180	7.6	18.7
Seq7488_273_bp_1_2_0	BAB79260.1	33.33	18	12	0	6	23	212	229	9.3	17.8
Seq7488_273_bp_-1_0_0	EDO47375.1	37.50	8	5	0	2	9	182	189	1.2	16.5
Seq7488_273_bp_-1_0_0	AAX84812.1	75.00	4	1	0	1	4	90	93	1.5	16.5
Seq7488_273_bp_-1_0_0	CAA04196.1	57.14	7	3	0	2	8	293	299	1.8	17.0
Seq7488_273_bp_-1_0_0	AAA72732.1	57.14	7	3	0	1	7	126	132	2	16.5
Seq7488_273_bp_-1_0_0	AIR13712.1	66.67	6	2	0	5	10	111	116	2.1	16.5
Seq7488_273_bp_-1_0_0	CAA73529.1	60.00	5	2	0	2	6	99	103	3.7	15.3
Seq7488_273_bp_-1_0_0	BAA32956.1	40.00	5	3	0	2	6	7	11	4.1	14.8
Seq7488_273_bp_-1_0_0	BAE97662.1	71.43	7	2	0	4	10	494	500	4.7	17.0
Seq7488_273_bp_-1_0_0	AAB26998.1	66.67	3	1	0	1	3	76	78	4.9	13.1
Seq7488_273_bp_-1_0_0	AAA65607.1	80.00	5	1	0	6	10	140	144	7	14.8
Seq7488_273_bp_-1_0_0	AAA45888.1	75.00	4	1	0	2	5	84	87	7.3	14.8
Seq7488_273_bp_-1_0_0	AAI27517.1	55.56	10	4	1	1	10	397	405	7.6	15.3
Seq7488_273_bp_-1_0_0	AAB96524.1	66.67	8	2	2	2	7	110	117	7.7	13.7
Seq7488_273_bp_-1_0_0	AAB03707.1	80.00	5	1	0	6	10	181	185	8.2	16.5
Seq7488_273_bp_-1_0_0	AAB64315.2	44.44	9	5	0	2	10	27	35	9.1	14.2
Seq7488_273_bp_-1_0_0	AAR37016.1	66.67	6	2	0	5	10	1522	1527	9.4	17.0
Seq7488_273_bp_-1_0_0	AAA36565.1	37.50	8	5	0	3	10	18	25	10	13.1
Seq7488_273_bp_-1_0_1	BAB79260.1	43.90	49	23	8	4	52	242	282	1.3	20.4
Seq7488_273_bp_-1_0_1	AAC97205.1	36.11	43	23	7	12	53	876	912	1.4	21.7
Seq7488_273_bp_-1_0_1	ACH70904.1	57.14	14	6	0	6	19	333	346	1.5	19.8
Seq7488_273_bp_-1_0_1	ABN10845.1	23.21	66	43	10	6	67	28	87	1.8	18.8
Seq7488_273_bp_-1_0_1	EDO47375.1	22.22	57	42	3	9	65	95	148	3	17.9
Seq7488_273_bp_-1_0_1	AAI27517.1	29.09	58	39	3	5	62	400	454	3.1	19.5
Seq7488_273_bp_-1_0_1	AAR37016.1	27.91	47	31	4	1	47	1559	1601	4.1	21.0
Seq7488_273_bp_-1_0_1	AIR13712.1	44.44	19	10	1	46	63	168	186	4.1	18.2
Seq7488_273_bp_-1_0_1	CAA26230.1	33.33	31	18	4	28	54	393	423	4.5	18.8
Seq7488_273_bp_-1_0_1	AAB26998.1	31.58	19	13	0	23	41	13	31	4.5	16.0
Seq7488_273_bp_-1_0_1	AAA24969.1	32.26	31	21	0	33	63	215	245	5.1	20.1
Seq7488_273_bp_-1_0_1	AAA32624.1	40.74	38	16	11	27	62	355	383	5.2	18.5
Seq7488_273_bp_-1_0_1	AAA45888.1	42.86	31	16	3	5	33	20	49	5.9	17.9
Seq7488_273_bp_-1_0_1	AAR31603.1	39.29	33	17	5	38	68	38	67	6.3	17.6
Seq7488_273_bp_-1_0_1	BAA32956.1	28.00	25	18	0	4	28	4	28	7.6	16.6
Seq7488_273_bp_-1_0_1	AAA32376.1	38.89	18	11	0	7	24	98	115	9.5	16.0
Seq7488_273_bp_-1_0_2	ABD49687.1	36.36	11	7	0	1	11	811	821	0.0087	26.9
Seq7488_273_bp_-1_0_2	AAC97205.1	66.67	6	2	0	4	9	782	787	0.18	22.1
Seq7488_273_bp_-1_0_2	CAA43372.1	37.50	8	5	0	1	8	111	118	0.8	18.3
Seq7488_273_bp_-1_0_2	BAA32991.1	44.44	9	5	0	2	10	42	50	0.85	15.6
Seq7488_273_bp_-1_0_2	AAA45888.1	57.14	7	3	0	2	8	114	120	1.1	17.8
Seq7488_273_bp_-1_0_2	CAA26230.1	45.45	12	6	1	1	11	191	202	1.6	17.8
Seq7488_273_bp_-1_0_2	CAA04196.1	80.00	5	1	0	3	7	183	187	1.7	17.2
Seq7488_273_bp_-1_0_2	AAA24142.1	75.00	4	1	0	3	6	168	171	1.8	17.2
Seq7488_273_bp_-1_0_2	BAA32956.1	66.67	6	2	0	5	10	45	50	2.6	15.6
Seq7488_273_bp_-1_0_2	AAB26998.1	71.43	10	2	3	3	9	26	35	2.9	14.0
Seq7488_273_bp_-1_0_2	AAR37016.1	55.56	10	4	1	1	10	469	477	3.1	18.8
Seq7488_273_bp_-1_0_2	ABK71357.1	71.43	8	2	1	5	11	244	251	3.1	16.2
Seq7488_273_bp_-1_0_2	AAC78721.1	60.00	5	2	0	4	8	75	79	3.9	16.7
Seq7488_273_bp_-1_0_2	AAC08817.1	60.00	11	4	1	1	11	117	126	4.2	14.5
Seq7488_273_bp_-1_0_2	AAX84812.1	62.50	11	3	3	2	11	88	96	5.8	14.5
Seq7488_273_bp_-1_0_2	EDO47375.1	50.00	4	2	0	4	7	121	124	6.8	14.0
Seq7488_273_bp_-1_0_2	AAI27517.1	57.14	7	3	0	2	8	155	161	6.9	15.6
Seq7488_273_bp_-1_0_2	AAH69556.1	42.86	7	4	0	2	8	286	292	7.5	14.5
Seq7488_273_bp_-1_0_2	AAA36565.1	40.00	5	3	0	4	8	164	168	8.5	13.5
Seq7488_273_bp_-1_0_2	AAA65607.1	50.00	6	3	0	3	8	243	248	8.9	14.5
Seq7488_273_bp_-1_0_2	AAX12058.1	44.44	9	5	0	1	9	57	65	9.6	14.0
Seq7488_273_bp_-1_1_0	CAA73529.1	31.94	86	49	14	4	86	180	254	0.019	26.2
Seq7488_273_bp_-1_1_0	BAA32956.1	45.00	20	11	0	56	75	100	119	0.24	22.1
Seq7488_273_bp_-1_1_0	BAB79260.1	28.57	57	40	1	15	70	214	270	0.53	22.1
Seq7488_273_bp_-1_1_0	EDO47375.1	32.56	47	29	4	35	81	43	85	0.73	20.3
Seq7488_273_bp_-1_1_0	CAA45199.1	30.56	37	25	1	1	37	280	315	2.2	20.0
Seq7488_273_bp_-1_1_0	CAA43372.1	27.59	32	21	3	44	72	338	369	2.4	19.7
Seq7488_273_bp_-1_1_0	AAA72732.1	29.51	67	43	6	7	70	250	313	2.7	19.2
Seq7488_273_bp_-1_1_0	ABD33854.1	42.86	7	4	0	22	28	38	44	3.4	16.5
Seq7488_273_bp_-1_1_0	BAB70780.1	35.48	34	20	3	36	69	458	488	4.1	19.2
Seq7488_273_bp_-1_1_0	AAR31603.1	30.00	30	21	0	53	82	40	69	5.1	18.3
Seq7488_273_bp_-1_1_0	BAA32018.1	40.00	20	12	0	55	74	169	188	6.4	18.9
Seq7488_273_bp_-1_1_0	AAR37016.1	32.73	75	37	20	12	74	1882	1948	7.1	20.6
Seq7488_273_bp_-1_1_0	ABN10845.1	77.78	14	2	5	31	44	153	161	7.4	17.1
Seq7488_273_bp_-1_1_0	CAA04196.1	21.74	23	18	0	19	41	213	235	7.7	18.0
Seq7488_273_bp_-1_1_0	ACT10338.1	37.84	42	23	5	29	67	125	164	8.7	17.7
Seq7488_273_bp_-1_1_0	ABL74574.1	34.21	42	25	4	18	55	156	197	9.6	17.1
Seq7488_273_bp_-1_1_0	AAC97205.1	26.19	48	31	6	45	88	888	933	9.9	19.2
Seq7488_273_bp_-1_2_0	ABN10845.1	38.64	50	27	6	5	52	56	101	0.00017	32.0
Seq7488_273_bp_-1_2_0	AAC97205.1	26.92	61	38	9	2	55	683	741	0.095	25.4
Seq7488_273_bp_-1_2_0	AAA32624.1	29.03	31	22	0	2	32	355	385	0.24	22.8
Seq7488_273_bp_-1_2_0	AAA42531.1	31.82	56	30	12	2	45	183	238	0.5	21.3
Seq7488_273_bp_-1_2_0	CAA26230.1	22.92	49	37	1	5	53	395	442	0.56	21.7
Seq7488_273_bp_-1_2_0	BAA32991.1	32.00	28	17	3	31	55	33	60	0.68	18.3
Seq7488_273_bp_-1_2_0	AAH69556.1	41.18	17	10	0	20	36	72	88	0.84	20.2
Seq7488_273_bp_-1_2_0	AAH69556.1	30.19	60	37	7	1	55	197	254	0.84	20.2
Seq7488_273_bp_-1_2_0	AAC17860.1	41.67	25	14	1	32	56	338	361	0.88	20.6
Seq7488_273_bp_-1_2_0	CAA11507.1	39.39	42	20	9	23	56	214	254	1.4	21.7
Seq7488_273_bp_-1_2_0	AAR37016.1	45.71	43	19	8	21	57	1438	1478	1.4	22.4
Seq7488_273_bp_-1_2_0	ABL74574.1	55.56	24	8	6	17	39	116	134	1.7	19.1
Seq7488_273_bp_-1_2_0	AAA24142.1	60.00	10	4	0	49	58	402	411	2.1	19.4
Seq7488_273_bp_-1_2_0	AAB64315.2	62.50	8	3	0	50	57	14	21	2.5	18.7
Seq7488_273_bp_-1_2_0	BAB79260.1	33.33	30	18	3	26	52	35	64	2.7	19.1
Seq7488_273_bp_-1_2_0	AAR31603.1	34.88	47	28	4	7	53	266	308	3.2	18.3
Seq7488_273_bp_-1_2_0	AIR13712.1	35.71	28	18	0	20	47	50	77	3.2	18.3
Seq7488_273_bp_-1_2_0	AAA36565.1	28.57	21	15	0	35	55	145	165	3.5	17.2
Seq7488_273_bp_-1_2_0	AAX84812.1	29.17	30	17	6	1	27	88	114	3.7	17.6
Seq7488_273_bp_-1_2_0	ABD49687.1	30.43	51	32	5	6	53	1675	1723	4.6	20.2
Seq7488_273_bp_-1_2_0	ABK71357.1	31.58	19	13	0	34	52	244	262	4.6	18.0
Seq7488_273_bp_-1_2_0	AAQ92751.2	27.27	33	24	0	20	52	719	751	4.8	19.8
Seq7488_273_bp_-1_2_0	CAA04196.1	24.24	34	25	1	19	52	281	313	5.2	18.0
Seq7488_273_bp_-1_2_0	AAB26998.1	45.45	11	6	0	18	28	52	62	5.8	15.4
Seq7488_273_bp_-1_2_0	ACH70904.1	50.00	14	7	0	1	14	257	270	7.3	17.2
Seq7488_273_bp_-1_2_0	AAA65607.1	28.00	29	18	4	12	40	194	218	7.4	17.2
Seq7488_273_bp_-1_2_0	BAB70780.1	45.45	11	6	0	20	30	412	422	9.6	17.2
Seq7488_273_bp_-1_2_0	AAA45888.1	20.00	25	20	0	28	52	81	105	9.8	16.9
Seq7488_273_bp_-1_2_1	AAI27517.1	77.78	9	2	0	3	11	404	412	0.075	23.0
Seq7488_273_bp_-1_2_1	CAA11507.1	42.86	14	8	0	1	14	385	398	0.3	22.2
Seq7488_273_bp_-1_2_1	ABN10845.1	80.00	5	1	0	9	13	106	110	0.31	19.4
Seq7488_273_bp_-1_2_1	AAB03707.1	38.89	19	11	1	1	18	393	411	0.88	20.6
Seq7488_273_bp_-1_2_1	AAF01122.1	71.43	7	2	0	7	13	101	107	1.6	17.9
Seq7488_273_bp_-1_2_1	AAR31603.1	33.33	15	10	0	2	16	133	147	2.4	17.1
Seq7488_273_bp_-1_2_1	ABD33854.1	40.00	10	6	0	6	15	39	48	3	14.4
Seq7488_273_bp_-1_2_1	ABL74574.1	66.67	6	2	0	5	10	125	130	4.6	15.9
Seq7488_273_bp_-1_2_1	AAR37016.1	53.33	17	7	2	1	16	1065	1080	5.6	18.7
Seq7488_273_bp_-1_2_1	AAQ92751.2	43.75	18	9	2	2	17	1077	1094	5.6	17.9
Seq7488_273_bp_-1_2_1	AAA36565.1	60.00	5	2	0	13	17	159	163	5.9	14.8
Seq7488_273_bp_-1_2_1	AAB26998.1	50.00	6	3	0	5	10	19	24	6.2	13.6
Seq7488_273_bp_-1_2_1	AAC08817.1	57.14	7	3	0	8	14	31	37	7.4	14.4
Seq7488_273_bp_-1_2_1	ABD49687.1	37.50	16	10	0	3	18	1688	1703	8.8	17.5
Seq7488_273_bp_-1_2_1	AAA45888.1	35.29	17	11	0	2	18	38	54	9.9	15.2
Seq7488_273_bp_-1_2_2	AAA26915.1	62.50	8	3	0	4	11	82	89	0.58	19.1
Seq7488_273_bp_-1_2_2	AAA18786.1	75.00	8	2	0	1	8	87	94	3.3	15.7
Seq7488_273_bp_-1_2_2	AAB26998.1	80.00	5	1	0	1	5	4	8	3.6	13.8
Seq7488_273_bp_-1_2_2	AAA25966.1	57.14	7	3	0	5	11	340	346	4.5	16.7
Seq7488_273_bp_-1_2_2	BAA32956.1	54.55	12	5	1	1	11	6	17	4.9	14.8
Seq7488_273_bp_-1_2_2	ABD33854.1	42.86	7	4	0	1	7	11	17	5.6	12.9
Seq7488_273_bp_-1_2_2	BAB79260.1	50.00	13	6	1	1	12	92	104	7.4	15.3
Seq7488_273_bp_-1_2_2	BAA32991.1	42.86	7	4	0	6	12	46	52	8.1	12.4
Seq7488_273_bp_-1_2_2	AAA45888.1	66.67	6	2	0	1	6	30	35	8.7	14.8
