Seq7921_297_bp_1_0_0	ENA|AAA25966|AAA25966.1	47.06	17	9	0	4	20	491	507	0.0087	26.7
Seq7921_297_bp_1_0_0	ENA|AAA25966|AAA25966.1	55.56	9	4	0	13	21	657	665	0.77	20.2
Seq7921_297_bp_1_0_0	ENA|AAI27517|AAI27517.1	100.00	5	0	0	2	6	500	504	0.011	26.0
Seq7921_297_bp_1_0_0	ENA|AAI27517|AAI27517.1	70.00	11	3	1	9	19	448	457	0.067	23.4
Seq7921_297_bp_1_0_0	ENA|CAD53387|CAD53387.1	58.33	12	5	0	10	21	65	76	0.036	24.1
Seq7921_297_bp_1_0_0	ENA|CAD53387|CAD53387.1	58.33	12	5	0	10	21	131	142	0.036	24.1
Seq7921_297_bp_1_0_0	ENA|CAD53387|CAD53387.1	58.33	12	5	0	10	21	197	208	0.036	24.1
Seq7921_297_bp_1_0_0	ENA|CAD53387|CAD53387.1	58.33	12	5	0	10	21	263	274	0.036	24.1
Seq7921_297_bp_1_0_0	ENA|CAD53387|CAD53387.1	58.33	12	5	0	10	21	329	340	0.036	24.1
Seq7921_297_bp_1_0_0	ENA|CAD53387|CAD53387.1	58.33	12	5	0	10	21	395	406	0.036	24.1
Seq7921_297_bp_1_0_0	ENA|ABD49687|ABD49687.1	66.67	9	3	0	13	21	535	543	0.051	25.4
Seq7921_297_bp_1_0_0	ENA|CCP43727|CCP43727.1	46.15	13	7	0	7	19	139	151	0.092	22.1
Seq7921_297_bp_1_0_0	ENA|CAA24711|CAA24711.1	80.00	5	1	0	17	21	163	167	0.19	20.2
Seq7921_297_bp_1_0_0	ENA|BAA05866|BAA05866.1	71.43	7	2	0	1	7	281	287	0.21	20.8
Seq7921_297_bp_1_0_0	ENA|CAA26023|CAA26023.1	44.44	19	10	1	4	22	278	295	0.26	20.8
Seq7921_297_bp_1_0_0	ENA|CAA11507|CAA11507.1	77.78	10	2	1	9	17	253	262	0.38	22.1
Seq7921_297_bp_1_0_0	ENA|AAR37016|AAR37016.1	100.00	4	0	0	6	9	1121	1124	0.42	22.8
Seq7921_297_bp_1_0_0	ENA|AAC26660|AAC26660.1	66.67	6	2	0	17	22	119	124	0.67	18.9
Seq7921_297_bp_1_0_0	ENA|CAL82360|CAL82360.1	100.00	4	0	0	9	12	1291	1294	0.87	20.8
Seq7921_297_bp_1_0_0	ENA|AAQ92751|AAQ92751.2	50.00	10	5	0	13	22	652	661	0.94	20.8
Seq7921_297_bp_1_0_0	ENA|AAF79734|AAF79734.1	100.00	4	0	0	2	5	116	119	0.99	20.8
Seq7921_297_bp_1_0_0	ENA|AAC08817|AAC08817.1	100.00	3	0	0	3	5	120	122	1	17.6
Seq7921_297_bp_1_0_0	ENA|CAA45708|CAA45708.1	100.00	4	0	0	2	5	1025	1028	1	20.8
Seq7921_297_bp_1_0_0	ENA|CAA36214|CAA36214.1	66.67	6	2	0	14	19	242	247	1.2	18.2
Seq7921_297_bp_1_0_0	ENA|AAC17860|AAC17860.1	66.67	6	2	0	12	17	201	206	1.7	18.2
Seq7921_297_bp_1_0_0	ENA|AAS77176|AAS77176.1	100.00	3	0	0	7	9	154	156	1.8	17.6
Seq7921_297_bp_1_0_0	ENA|BAA32956|BAA32956.1	100.00	3	0	0	9	11	91	93	2.1	16.9
Seq7921_297_bp_1_0_0	ENA|ACH70901|ACH70901.1	55.56	9	4	0	7	15	347	355	2.3	17.6
Seq7921_297_bp_1_0_0	ENA|BAA32018|BAA32018.1	60.00	11	4	1	12	22	27	36	2.5	18.2
Seq7921_297_bp_1_0_0	ENA|BAA36759|BAA36759.1	75.00	4	1	0	19	22	137	140	2.9	16.9
Seq7921_297_bp_1_0_0	ENA|AAA72732|AAA72732.1	100.00	4	0	0	13	16	132	135	3.1	16.9
Seq7921_297_bp_1_0_0	ENA|AAB03707|AAB03707.1	75.00	9	2	1	10	17	238	246	3.5	18.9
Seq7921_297_bp_1_0_0	ENA|CAA26939|CAA26939.1	100.00	3	0	0	3	5	296	298	3.6	17.6
Seq7921_297_bp_1_0_0	ENA|ABK71357|ABK71357.1	75.00	4	1	0	5	8	47	50	3.7	16.9
Seq7921_297_bp_1_0_0	ENA|AAB66912|AAB66912.1	66.67	6	2	0	1	6	16	21	3.7	18.2
Seq7921_297_bp_1_0_0	ENA|BAA32991|BAA32991.1	100.00	3	0	0	18	20	19	21	4.1	14.3
Seq7921_297_bp_1_0_0	ENA|CAA45199|CAA45199.1	66.67	6	2	0	2	7	42	47	4.6	16.9
Seq7921_297_bp_1_0_0	ENA|CAA29968|CAA29968.1	100.00	3	0	0	19	21	136	138	4.7	15.6
Seq7921_297_bp_1_0_0	ENA|CAA29956|CAA29956.1	100.00	3	0	0	5	7	40	42	5.7	16.3
Seq7921_297_bp_1_0_0	ENA|AAC78721|AAC78721.1	60.00	10	4	0	12	21	366	375	6.5	16.9
Seq7921_297_bp_1_0_0	ENA|AAA24145|AAA24145.1	100.00	3	0	0	5	7	208	210	6.9	16.3
Seq7921_297_bp_1_0_0	ENA|CAB75732|CAB75732.1	57.14	7	3	0	16	22	550	556	7.1	17.6
Seq7921_297_bp_1_0_0	ENA|AAC40132|AAC40132.1	75.00	4	1	0	1	4	194	197	7.1	16.3
Seq7921_297_bp_1_0_0	ENA|ABG75784|ABG75784.1	60.00	5	2	0	8	12	169	173	7.3	15.6
Seq7921_297_bp_1_0_0	ENA|AAA42531|AAA42531.1	60.00	5	2	0	5	9	57	61	8.9	15.6
Seq7921_297_bp_1_0_0	ENA|ACT10338|ACT10338.1	60.00	5	2	0	18	22	227	231	8.9	15.6
Seq7921_297_bp_1_0_0	ENA|AAA18786|AAA18786.1	75.00	4	1	0	4	7	78	81	9.5	15.0
Seq7921_297_bp_1_0_1	ENA|CAA45199|CAA45199.1	60.00	10	4	0	8	17	285	294	0.4	21.2
Seq7921_297_bp_1_0_1	ENA|ABD49687|ABD49687.1	41.18	17	10	0	5	21	1431	1447	0.67	22.3
Seq7921_297_bp_1_0_1	ENA|AAC26660|AAC26660.1	62.50	8	3	0	29	36	130	137	1	19.0
Seq7921_297_bp_1_0_1	ENA|AAQ92751|AAQ92751.2	71.43	7	2	0	21	27	779	785	3.7	19.5
Seq7921_297_bp_1_0_1	ENA|AAA25966|AAA25966.1	71.43	18	4	4	12	29	533	546	4.2	18.4
Seq7921_297_bp_1_0_1	ENA|BAB17681|BAB17681.1	57.14	7	3	0	16	22	109	115	5	16.7
Seq7921_297_bp_1_0_1	ENA|CAA29956|CAA29956.1	54.55	11	5	0	19	29	41	51	6.8	16.7
Seq7921_297_bp_1_0_1	ENA|BAA32018|BAA32018.1	57.14	7	3	0	14	20	225	231	7.6	17.3
Seq7921_297_bp_1_0_1	ENA|CAA43419|CAA43419.1	55.56	9	4	0	6	14	83	91	9.5	16.2
Seq7921_297_bp_1_0_2	ENA|CAD53387|CAD53387.1	70.00	10	3	0	18	27	67	76	0.0025	28.7
Seq7921_297_bp_1_0_2	ENA|CAD53387|CAD53387.1	70.00	10	3	0	18	27	133	142	0.0025	28.7
Seq7921_297_bp_1_0_2	ENA|CAD53387|CAD53387.1	70.00	10	3	0	18	27	199	208	0.0025	28.7
Seq7921_297_bp_1_0_2	ENA|CAD53387|CAD53387.1	70.00	10	3	0	18	27	265	274	0.0025	28.7
Seq7921_297_bp_1_0_2	ENA|CAD53387|CAD53387.1	70.00	10	3	0	18	27	331	340	0.0025	28.7
Seq7921_297_bp_1_0_2	ENA|CAD53387|CAD53387.1	70.00	10	3	0	18	27	397	406	0.0025	28.7
Seq7921_297_bp_1_0_2	ENA|CAD53387|CAD53387.1	66.67	9	3	0	19	27	2	10	0.029	25.2
Seq7921_297_bp_1_0_2	ENA|ABD49687|ABD49687.1	54.55	11	5	0	13	23	828	838	0.1	25.2
Seq7921_297_bp_1_0_2	ENA|AAI27517|AAI27517.1	50.00	14	7	0	24	37	413	426	0.12	23.4
Seq7921_297_bp_1_0_2	ENA|AAI27517|AAI27517.1	50.00	12	6	0	12	23	319	330	0.39	21.7
Seq7921_297_bp_1_0_2	ENA|CAA26023|CAA26023.1	71.43	7	2	0	31	37	196	202	0.38	21.1
Seq7921_297_bp_1_0_2	ENA|CAA36214|CAA36214.1	100.00	5	0	0	35	39	77	81	0.68	19.9
Seq7921_297_bp_1_0_2	ENA|CAA11507|CAA11507.1	55.56	9	4	0	26	34	864	872	1.3	21.1
Seq7921_297_bp_1_0_2	ENA|ABN10845|ABN10845.1	33.33	9	6	0	1	9	86	94	1.6	18.2
Seq7921_297_bp_1_0_2	ENA|AAA32624|AAA32624.1	66.67	6	2	0	28	33	315	320	2.6	18.8
Seq7921_297_bp_1_0_2	ENA|CAA26939|CAA26939.1	50.00	10	5	0	11	20	402	411	2.8	18.8
Seq7921_297_bp_1_0_2	ENA|AAC78721|AAC78721.1	83.33	6	1	0	18	23	577	582	3.3	18.8
Seq7921_297_bp_1_0_2	ENA|AAA25966|AAA25966.1	50.00	8	4	0	6	13	122	129	3.6	18.8
Seq7921_297_bp_1_0_2	ENA|ABD33854|ABD33854.1	100.00	3	0	0	2	4	61	63	3.6	15.2
Seq7921_297_bp_1_0_2	ENA|AAQ92751|AAQ92751.2	62.50	8	3	0	29	36	1092	1099	4.5	19.3
Seq7921_297_bp_1_0_2	ENA|EDO47375|EDO47375.1	62.50	8	3	0	30	37	78	85	4.7	16.4
Seq7921_297_bp_1_0_2	ENA|AAC40132|AAC40132.1	80.00	5	1	0	9	13	68	72	5.2	17.6
Seq7921_297_bp_1_0_2	ENA|BAA32991|BAA32991.1	66.67	3	1	0	6	8	32	34	5.7	14.6
Seq7921_297_bp_1_0_2	ENA|ACH70901|ACH70901.1	75.00	4	1	0	27	30	295	298	5.9	17.0
Seq7921_297_bp_1_0_2	ENA|CAA29956|CAA29956.1	60.00	5	2	0	14	18	369	373	6.1	17.0
Seq7921_297_bp_1_0_2	ENA|CAA28033|CAA28033.1	100.00	4	0	0	24	27	161	164	6.2	18.8
Seq7921_297_bp_1_0_2	ENA|CAA24711|CAA24711.1	75.00	4	1	0	34	37	4	7	6.3	15.8
Seq7921_297_bp_1_0_2	ENA|CAA73529|CAA73529.1	100.00	4	0	0	36	39	182	185	6.6	16.4
Seq7921_297_bp_1_0_2	ENA|BAB79260|BAB79260.1	80.00	5	1	0	35	39	398	402	7.3	17.0
Seq7921_297_bp_1_0_2	ENA|AAA72732|AAA72732.1	60.00	5	2	0	7	11	264	268	7.5	16.4
Seq7921_297_bp_1_0_2	ENA|AAC97205|AAC97205.1	45.45	11	6	0	4	14	314	324	8.7	18.2
Seq7921_297_bp_1_0_2	ENA|CAA43419|CAA43419.1	66.67	6	2	0	26	31	74	79	8.7	16.4
Seq7921_297_bp_1_0_2	ENA|ABK71357|ABK71357.1	80.00	5	1	0	21	25	44	48	8.8	16.4
Seq7921_297_bp_1_0_2	ENA|AAA42531|AAA42531.1	100.00	4	0	0	35	38	368	371	9.2	16.4
Seq7921_297_bp_1_0_2	ENA|BAB17681|BAB17681.1	66.67	6	2	0	34	39	257	262	9.7	15.8
Seq7921_297_bp_1_0_2	ENA|BAA32018|BAA32018.1	80.00	5	1	0	21	25	27	31	9.8	17.0
Seq7921_297_bp_1_1_0	ENA|AAA36114|AAA36114.1	100.00	98	0	0	1	98	293	390	1.9e-79	283.0
Seq7921_297_bp_1_1_0	ENA|CAA45199|CAA45199.1	57.14	14	6	0	57	70	252	265	0.1	24.6
Seq7921_297_bp_1_1_0	ENA|ABK71357|ABK71357.1	60.00	10	4	0	62	71	109	118	2.1	19.9
Seq7921_297_bp_1_1_0	ENA|AAA25966|AAA25966.1	60.00	15	6	0	68	82	41	55	2.2	20.8
Seq7921_297_bp_1_1_0	ENA|AAA42531|AAA42531.1	66.67	9	3	0	50	58	330	338	3.1	19.4
Seq7921_297_bp_1_1_0	ENA|BAA36759|BAA36759.1	42.11	19	11	0	25	43	84	102	3.2	18.9
Seq7921_297_bp_1_1_0	ENA|CAA43419|CAA43419.1	43.75	16	9	0	16	31	263	278	4	18.9
Seq7921_297_bp_1_1_0	ENA|CAA26023|CAA26023.1	55.56	9	4	0	66	74	335	343	5.8	18.4
Seq7921_297_bp_1_1_0	ENA|BAA32018|BAA32018.1	62.50	8	3	0	39	46	411	418	6.7	18.9
Seq7921_297_bp_1_1_0	ENA|CCP43727|CCP43727.1	55.56	9	4	0	57	65	67	75	6.8	18.0
Seq7921_297_bp_1_1_0	ENA|AAQ92751|AAQ92751.2	29.17	24	17	0	1	24	23	46	7.6	19.9
Seq7921_297_bp_1_1_0	ENA|BAA32956|BAA32956.1	60.00	10	4	0	58	67	144	153	8.3	17.0
Seq7921_297_bp_1_1_0	ENA|AAR37016|AAR37016.1	53.85	13	6	0	67	79	2005	2017	9.2	20.3
Seq7921_297_bp_1_1_0	ENA|AAR31603|AAR31603.1	54.55	11	5	0	78	88	27	37	9.3	17.5
Seq7921_297_bp_1_2_0	ENA|CCP43727|CCP43727.1	45.00	20	11	0	1	20	77	96	0.015	24.7
Seq7921_297_bp_1_2_0	ENA|CAA36714|CAA36714.1	71.43	7	2	0	6	12	429	435	0.048	23.6
Seq7921_297_bp_1_2_0	ENA|AAC08817|AAC08817.1	85.71	7	1	0	13	19	52	58	0.13	20.6
Seq7921_297_bp_1_2_0	ENA|AAC08817|AAC08817.1	60.00	10	4	0	13	22	69	78	0.66	18.2
Seq7921_297_bp_1_2_0	ENA|ABK71357|ABK71357.1	100.00	4	0	0	9	12	140	143	0.2	21.2
Seq7921_297_bp_1_2_0	ENA|AAI27517|AAI27517.1	71.43	7	2	0	14	20	477	483	1.1	19.4
Seq7921_297_bp_1_2_0	ENA|AAR37016|AAR37016.1	80.00	5	1	0	8	12	1558	1562	1.3	21.2
Seq7921_297_bp_1_2_0	ENA|AAA32624|AAA32624.1	50.00	8	4	0	7	14	472	479	1.4	18.8
Seq7921_297_bp_1_2_0	ENA|BAA32956|BAA32956.1	66.67	6	2	0	17	22	197	202	2	17.0
Seq7921_297_bp_1_2_0	ENA|ABD49687|ABD49687.1	50.00	10	5	0	12	21	164	173	2.1	20.0
Seq7921_297_bp_1_2_0	ENA|CAA45199|CAA45199.1	57.14	7	3	0	12	18	411	417	2.9	17.6
Seq7921_297_bp_1_2_0	ENA|AAR31603|AAR31603.1	50.00	10	5	0	11	20	245	254	3.1	17.0
Seq7921_297_bp_1_2_0	ENA|BAA32991|BAA32991.1	75.00	11	2	3	7	17	43	50	3.4	14.6
Seq7921_297_bp_1_2_0	ENA|ABN10845|ABN10845.1	57.14	7	3	0	8	14	87	93	4.6	15.8
Seq7921_297_bp_1_2_0	ENA|ABD33854|ABD33854.1	60.00	5	2	0	4	8	43	47	4.6	14.0
Seq7921_297_bp_1_2_0	ENA|CAL82360|CAL82360.1	75.00	4	1	0	7	10	1279	1282	5.2	18.2
Seq7921_297_bp_1_2_0	ENA|CAA26023|CAA26023.1	80.00	5	1	0	5	9	47	51	5.3	16.4
Seq7921_297_bp_1_2_0	ENA|AAB03707|AAB03707.1	33.33	12	8	0	11	22	848	859	5.6	18.2
Seq7921_297_bp_1_2_0	ENA|AAC17860|AAC17860.1	80.00	5	1	0	13	17	20	24	5.7	16.4
Seq7921_297_bp_1_2_0	ENA|AAF79734|AAF79734.1	62.50	8	3	0	15	22	84	91	5.8	18.2
Seq7921_297_bp_1_2_0	ENA|ACH70901|ACH70901.1	50.00	6	3	0	11	16	313	318	7.4	15.8
Seq7921_297_bp_1_2_0	ENA|CAA43419|CAA43419.1	80.00	5	1	0	16	20	30	34	7.6	15.8
Seq7921_297_bp_1_2_0	ENA|AAQ92751|AAQ92751.2	60.00	10	4	0	13	22	168	177	8.2	17.6
Seq7921_297_bp_1_2_0	ENA|BAA05866|BAA05866.1	55.56	9	4	0	11	19	122	130	9.4	15.2
Seq7921_297_bp_1_2_1	ENA|AAI27517|AAI27517.1	61.11	23	7	5	24	46	504	521	0.00032	32.2
Seq7921_297_bp_1_2_1	ENA|CAA45199|CAA45199.1	75.00	8	2	0	14	21	368	375	0.037	25.0
Seq7921_297_bp_1_2_1	ENA|AAR37016|AAR37016.1	77.78	9	2	0	3	11	1213	1221	0.13	25.6
Seq7921_297_bp_1_2_1	ENA|BAA32956|BAA32956.1	30.00	20	14	0	14	33	154	173	1.1	19.0
Seq7921_297_bp_1_2_1	ENA|AAA25966|AAA25966.1	60.00	10	4	0	38	47	668	677	2.6	19.5
Seq7921_297_bp_1_2_1	ENA|ACH70901|ACH70901.1	80.00	5	1	0	39	43	294	298	2.7	18.4
Seq7921_297_bp_1_2_1	ENA|ABK71357|ABK71357.1	100.00	4	0	0	1	4	352	355	2.8	18.4
Seq7921_297_bp_1_2_1	ENA|AAA24145|AAA24145.1	40.00	10	6	0	25	34	4	13	3.5	18.4
Seq7921_297_bp_1_2_1	ENA|BAA32991|BAA32991.1	66.67	6	2	0	20	25	45	50	3.5	15.6
Seq7921_297_bp_1_2_1	ENA|AAC17860|AAC17860.1	41.67	12	7	0	24	35	276	287	4.5	17.9
Seq7921_297_bp_1_2_1	ENA|AAR31603|AAR31603.1	47.62	24	11	3	13	33	257	280	5.2	17.3
Seq7921_297_bp_1_2_1	ENA|CAA29956|CAA29956.1	41.67	12	7	0	15	26	56	67	6	17.3
Seq7921_297_bp_1_2_1	ENA|CAA26023|CAA26023.1	50.00	10	5	0	10	19	237	246	6.1	17.3
Seq7921_297_bp_1_2_1	ENA|CAA29968|CAA29968.1	41.18	17	10	0	7	23	176	192	6.6	16.2
Seq7921_297_bp_1_2_1	ENA|AAB66912|AAB66912.1	80.00	5	1	0	40	44	19	23	6.8	18.4
Seq7921_297_bp_1_2_1	ENA|AAQ92751|AAQ92751.2	100.00	4	0	0	31	34	1026	1029	6.9	19.0
Seq7921_297_bp_1_2_1	ENA|ACT10338|ACT10338.1	100.00	4	0	0	17	20	139	142	8.8	16.7
Seq7921_297_bp_1_2_1	ENA|AAA18786|AAA18786.1	66.67	6	2	0	39	44	240	245	8.8	16.2
Seq7921_297_bp_-1_0_0	ENA|AAC08817|AAC08817.1	72.73	12	3	1	67	78	23	33	0.64	20.4
Seq7921_297_bp_-1_0_0	ENA|CAB75732|CAB75732.1	38.89	19	11	1	52	70	181	198	1.1	22.5
Seq7921_297_bp_-1_0_0	ENA|ABD49687|ABD49687.1	43.75	16	9	0	64	79	703	718	1.2	23.0
Seq7921_297_bp_-1_0_0	ENA|AAA24145|AAA24145.1	37.93	32	18	3	53	81	8	39	1.3	20.9
Seq7921_297_bp_-1_0_0	ENA|AAA25966|AAA25966.1	66.67	9	3	0	16	24	339	347	1.4	21.4
Seq7921_297_bp_-1_0_0	ENA|AAI27517|AAI27517.1	39.13	26	14	3	26	51	520	542	1.7	20.9
Seq7921_297_bp_-1_0_0	ENA|BAA32991|BAA32991.1	80.00	5	1	0	19	23	47	51	1.7	17.8
Seq7921_297_bp_-1_0_0	ENA|CAD53387|CAD53387.1	42.86	14	8	0	66	79	34	47	2	20.4
Seq7921_297_bp_-1_0_0	ENA|ACH70901|ACH70901.1	54.55	11	5	0	36	46	56	66	2.1	19.9
Seq7921_297_bp_-1_0_0	ENA|AAS77176|AAS77176.1	66.67	9	3	0	87	95	117	125	2.4	19.4
Seq7921_297_bp_-1_0_0	ENA|AAR31603|AAR31603.1	41.18	17	10	0	12	28	280	296	2.7	19.4
Seq7921_297_bp_-1_0_0	ENA|CAA45708|CAA45708.1	45.45	11	6	0	66	76	1024	1034	3	21.4
Seq7921_297_bp_-1_0_0	ENA|EDO47375|EDO47375.1	57.14	15	6	1	31	45	51	64	3.2	18.3
Seq7921_297_bp_-1_0_0	ENA|BAA32956|BAA32956.1	80.00	5	1	0	19	23	13	17	5	17.8
Seq7921_297_bp_-1_0_0	ENA|CAA36214|CAA36214.1	40.00	15	9	0	43	57	74	88	5	18.3
Seq7921_297_bp_-1_0_0	ENA|AAA18786|AAA18786.1	46.67	15	8	0	80	94	14	28	6.3	17.8
Seq7921_297_bp_-1_0_0	ENA|AAA36539|AAA36539.1	71.43	7	2	0	93	99	21	27	7.7	18.3
Seq7921_297_bp_-1_0_0	ENA|CAA43419|CAA43419.1	57.14	7	3	0	72	78	42	48	8.4	17.8
Seq7921_297_bp_-1_0_0	ENA|ABK71357|ABK71357.1	54.55	11	5	0	49	59	176	186	8.5	17.8
Seq7921_297_bp_-1_1_0	ENA|CAD53387|CAD53387.1	60.00	17	6	2	2	16	60	76	0.04	23.4
Seq7921_297_bp_-1_1_0	ENA|CAD53387|CAD53387.1	60.00	17	6	2	2	16	126	142	0.04	23.4
Seq7921_297_bp_-1_1_0	ENA|CAD53387|CAD53387.1	60.00	17	6	2	2	16	192	208	0.04	23.4
Seq7921_297_bp_-1_1_0	ENA|CAD53387|CAD53387.1	60.00	17	6	2	2	16	258	274	0.04	23.4
Seq7921_297_bp_-1_1_0	ENA|CAD53387|CAD53387.1	60.00	17	6	2	2	16	324	340	0.04	23.4
Seq7921_297_bp_-1_1_0	ENA|CAD53387|CAD53387.1	60.00	17	6	2	2	16	390	406	0.04	23.4
Seq7921_297_bp_-1_1_0	ENA|CAD53387|CAD53387.1	71.43	7	2	0	10	16	4	10	0.093	22.2
Seq7921_297_bp_-1_1_0	ENA|AAI27517|AAI27517.1	54.55	11	5	0	6	16	445	455	0.11	22.2
Seq7921_297_bp_-1_1_0	ENA|AAA18786|AAA18786.1	80.00	5	1	0	9	13	28	32	0.4	19.2
Seq7921_297_bp_-1_1_0	ENA|AAA18786|AAA18786.1	83.33	6	1	0	2	7	63	68	0.6	18.6
Seq7921_297_bp_-1_1_0	ENA|AAC17860|AAC17860.1	62.50	8	3	0	4	11	33	40	0.4	19.8
Seq7921_297_bp_-1_1_0	ENA|CAA26023|CAA26023.1	57.14	7	3	0	7	13	96	102	0.57	19.2
Seq7921_297_bp_-1_1_0	ENA|BAB17681|BAB17681.1	60.00	5	2	0	8	12	22	26	0.62	18.6
Seq7921_297_bp_-1_1_0	ENA|AAA25966|AAA25966.1	83.33	6	1	0	6	11	243	248	1.1	19.2
Seq7921_297_bp_-1_1_0	ENA|BAA36759|BAA36759.1	66.67	6	2	0	11	16	254	259	1.5	17.4
Seq7921_297_bp_-1_1_0	ENA|AAR37016|AAR37016.1	66.67	6	2	0	8	13	1894	1899	1.5	20.4
Seq7921_297_bp_-1_1_0	ENA|AAA24145|AAA24145.1	100.00	4	0	0	11	14	205	208	1.6	18.0
Seq7921_297_bp_-1_1_0	ENA|CAA28033|CAA28033.1	100.00	4	0	0	13	16	161	164	1.9	19.2
Seq7921_297_bp_-1_1_0	ENA|AAA36539|AAA36539.1	80.00	5	1	0	2	6	122	126	2.4	17.4
Seq7921_297_bp_-1_1_0	ENA|ABD49687|ABD49687.1	80.00	5	1	0	12	16	573	577	2.5	19.2
Seq7921_297_bp_-1_1_0	ENA|AAC08817|AAC08817.1	57.14	7	3	0	1	7	120	126	2.8	15.6
Seq7921_297_bp_-1_1_0	ENA|CAA43419|CAA43419.1	100.00	4	0	0	1	4	270	273	2.8	16.8
Seq7921_297_bp_-1_1_0	ENA|CAA29968|CAA29968.1	80.00	5	1	0	4	8	88	92	3.4	15.6
Seq7921_297_bp_-1_1_0	ENA|AAC49865|AAC49865.1	100.00	4	0	0	5	8	75	78	3.8	16.2
Seq7921_297_bp_-1_1_0	ENA|AAA32624|AAA32624.1	42.86	7	4	0	3	9	518	524	4	16.8
Seq7921_297_bp_-1_1_0	ENA|CAA26939|CAA26939.1	42.86	7	4	0	3	9	566	572	4.3	16.8
Seq7921_297_bp_-1_1_0	ENA|CAA36714|CAA36714.1	80.00	5	1	0	3	7	294	298	5.3	16.2
Seq7921_297_bp_-1_1_0	ENA|AAQ92751|AAQ92751.2	57.14	7	3	0	3	9	297	303	6.8	17.4
Seq7921_297_bp_-1_1_0	ENA|EDO47375|EDO47375.1	44.44	9	5	0	3	11	52	60	7.4	14.4
Seq7921_297_bp_-1_1_0	ENA|BAA05866|BAA05866.1	100.00	3	0	0	7	9	230	232	7.9	15.0
Seq7921_297_bp_-1_1_0	ENA|ABK71357|ABK71357.1	57.14	7	3	0	2	8	300	306	9.4	15.0
Seq7921_297_bp_-1_1_0	ENA|CAA11507|CAA11507.1	100.00	4	0	0	10	13	1254	1257	9.8	16.8
Seq7921_297_bp_-1_1_0	ENA|AAB03707|AAB03707.1	50.00	12	6	0	4	15	397	408	9.9	16.8
Seq7921_297_bp_-1_1_1	ENA|AAI27517|AAI27517.1	71.43	7	2	0	1	7	107	113	1	18.6
Seq7921_297_bp_-1_1_1	ENA|BAB17681|BAB17681.1	60.00	5	2	0	3	7	228	232	3.3	15.7
Seq7921_297_bp_-1_1_1	ENA|ABK71357|ABK71357.1	71.43	7	2	0	1	7	171	177	4.5	15.7
Seq7921_297_bp_-1_1_1	ENA|AAB26998|AAB26998.1	100.00	3	0	0	6	8	58	60	4.6	13.4
Seq7921_297_bp_-1_1_1	ENA|AAC08817|AAC08817.1	66.67	6	2	0	2	7	109	114	6.2	14.0
Seq7921_297_bp_-1_1_1	ENA|BAA32956|BAA32956.1	55.56	9	4	0	1	9	200	208	8.1	14.0
Seq7921_297_bp_-1_1_1	ENA|CAA36714|CAA36714.1	66.67	6	2	0	4	9	296	301	8.1	15.2
Seq7921_297_bp_-1_1_2	ENA|AAA32624|AAA32624.1	100.00	5	0	0	1	5	119	123	0.37	21.1
Seq7921_297_bp_-1_1_2	ENA|BAA32991|BAA32991.1	80.00	5	1	0	14	18	13	17	0.59	17.5
Seq7921_297_bp_-1_1_2	ENA|AAC97205|AAC97205.1	55.56	9	4	0	9	17	278	286	0.87	21.1
Seq7921_297_bp_-1_1_2	ENA|ABD33854|ABD33854.1	75.00	4	1	0	15	18	59	62	2.3	15.4
Seq7921_297_bp_-1_1_2	ENA|AAB26998|AAB26998.1	42.86	7	4	0	12	18	35	41	3.9	14.9
Seq7921_297_bp_-1_1_2	ENA|AAA36539|AAA36539.1	28.57	14	10	0	14	27	457	470	4	17.5
Seq7921_297_bp_-1_1_2	ENA|AAA25966|AAA25966.1	45.00	21	11	1	4	23	459	479	4.2	18.0
Seq7921_297_bp_-1_1_2	ENA|AAI27517|AAI27517.1	47.62	23	11	2	5	27	386	406	4.9	17.5
Seq7921_297_bp_-1_1_2	ENA|AAB66912|AAB66912.1	55.56	9	4	0	3	11	39	47	5.4	18.0
Seq7921_297_bp_-1_1_2	ENA|CAA36714|CAA36714.1	85.71	8	1	1	20	27	322	328	5.5	17.0
Seq7921_297_bp_-1_1_2	ENA|AAC49865|AAC49865.1	100.00	4	0	0	7	10	188	191	5.5	16.5
Seq7921_297_bp_-1_1_2	ENA|ACH70901|ACH70901.1	85.71	9	1	2	16	24	289	295	6	16.5
Seq7921_297_bp_-1_1_2	ENA|ACT10338|ACT10338.1	80.00	5	1	0	18	22	140	144	6.5	16.5
Seq7921_297_bp_-1_1_2	ENA|CAA73529|CAA73529.1	50.00	8	4	0	15	22	144	151	6.5	16.0
Seq7921_297_bp_-1_1_2	ENA|AAR31603|AAR31603.1	100.00	4	0	0	24	27	263	266	7.8	16.0
Seq7921_297_bp_-1_1_2	ENA|AAQ92751|AAQ92751.2	35.71	14	9	0	9	22	1354	1367	7.8	18.0
Seq7921_297_bp_-1_1_2	ENA|AAC40132|AAC40132.1	45.45	11	6	0	3	13	301	311	7.9	16.5
Seq7921_297_bp_-1_1_3	ENA|AAR31603|AAR31603.1	34.62	26	17	0	14	39	254	279	0.06	23.5
Seq7921_297_bp_-1_1_3	ENA|AAC08817|AAC08817.1	60.00	10	4	0	26	35	19	28	0.13	21.3
Seq7921_297_bp_-1_1_3	ENA|AAC08817|AAC08817.1	100.00	5	0	0	10	14	51	55	0.6	19.1
Seq7921_297_bp_-1_1_3	ENA|BAA32956|BAA32956.1	40.00	20	12	0	2	21	180	199	0.26	20.8
Seq7921_297_bp_-1_1_3	ENA|AAI27517|AAI27517.1	50.00	10	5	0	1	10	96	105	0.5	21.3
Seq7921_297_bp_-1_1_3	ENA|CAD53387|CAD53387.1	60.00	16	6	1	19	34	456	470	0.9	20.2
Seq7921_297_bp_-1_1_3	ENA|AAR37016|AAR37016.1	54.55	11	5	0	25	35	1112	1122	0.92	22.4
Seq7921_297_bp_-1_1_3	ENA|AAC49865|AAC49865.1	100.00	4	0	0	22	25	29	32	1.3	19.1
Seq7921_297_bp_-1_1_3	ENA|CAA43419|CAA43419.1	41.67	12	7	0	23	34	34	45	3	18.0
Seq7921_297_bp_-1_1_3	ENA|AAC97205|AAC97205.1	62.50	8	3	0	7	14	30	37	3.2	19.7
Seq7921_297_bp_-1_1_3	ENA|AAB66912|AAB66912.1	100.00	5	0	0	10	14	591	595	3.5	19.1
Seq7921_297_bp_-1_1_3	ENA|CAA26023|CAA26023.1	80.00	5	1	0	33	37	244	248	4.5	17.5
Seq7921_297_bp_-1_1_3	ENA|CAA45199|CAA45199.1	75.00	4	1	0	1	4	449	452	5.4	17.5
Seq7921_297_bp_-1_1_3	ENA|AAA36114|AAA36114.1	71.43	7	2	0	30	36	496	502	5.8	17.5
Seq7921_297_bp_-1_1_3	ENA|BAB17681|BAB17681.1	100.00	3	0	0	22	24	111	113	6.7	16.4
Seq7921_297_bp_-1_1_3	ENA|BAA36759|BAA36759.1	44.44	9	5	0	1	9	117	125	7	16.4
Seq7921_297_bp_-1_1_3	ENA|BAA32991|BAA32991.1	50.00	6	3	0	14	19	10	15	7.6	14.2
Seq7921_297_bp_-1_1_3	ENA|ABN10845|ABN10845.1	60.00	5	2	0	18	22	104	108	7.7	15.8
Seq7921_297_bp_-1_1_3	ENA|AAA36539|AAA36539.1	50.00	14	7	0	24	37	382	395	7.8	16.9
Seq7921_297_bp_-1_1_3	ENA|AAB26998|AAB26998.1	75.00	4	1	0	7	10	35	38	8.6	14.2
Seq7921_297_bp_-1_1_3	ENA|ABD49687|ABD49687.1	57.14	7	3	0	28	34	519	525	8.9	18.6
Seq7921_297_bp_-1_1_3	ENA|ACT10338|ACT10338.1	80.00	5	1	0	23	27	275	279	9.2	16.4
Seq7921_297_bp_-1_2_0	ENA|CAA43419|CAA43419.1	70.00	10	3	0	59	68	213	222	0.29	22.8
Seq7921_297_bp_-1_2_0	ENA|AAA72732|AAA72732.1	69.23	18	4	5	75	87	250	267	0.54	21.6
Seq7921_297_bp_-1_2_0	ENA|AAC26660|AAC26660.1	77.78	10	2	1	76	85	125	133	0.65	21.1
Seq7921_297_bp_-1_2_0	ENA|BAA32956|BAA32956.1	45.45	11	6	0	68	78	76	86	0.79	20.5
Seq7921_297_bp_-1_2_0	ENA|AAR31603|AAR31603.1	50.00	12	6	0	69	80	248	259	0.84	21.1
Seq7921_297_bp_-1_2_0	ENA|ACT10338|ACT10338.1	36.67	33	19	3	21	50	260	292	1.5	20.5
Seq7921_297_bp_-1_2_0	ENA|AAA18786|AAA18786.1	54.55	12	5	1	71	81	180	191	1.5	19.9
Seq7921_297_bp_-1_2_0	ENA|AAA36114|AAA36114.1	50.00	12	6	0	41	52	372	383	1.9	20.5
Seq7921_297_bp_-1_2_0	ENA|ABN10845|ABN10845.1	55.56	9	4	0	30	38	145	153	2.6	18.8
Seq7921_297_bp_-1_2_0	ENA|AAA25966|AAA25966.1	62.50	8	3	0	44	51	171	178	2.7	20.5
Seq7921_297_bp_-1_2_0	ENA|CAA26023|CAA26023.1	50.00	8	4	0	61	68	341	348	3.1	19.4
Seq7921_297_bp_-1_2_0	ENA|AAQ92751|AAQ92751.2	60.00	10	4	0	55	64	1043	1052	3.4	21.1
Seq7921_297_bp_-1_2_0	ENA|CAA45199|CAA45199.1	56.25	17	7	1	49	65	404	419	3.8	19.4
Seq7921_297_bp_-1_2_0	ENA|CCP43727|CCP43727.1	50.00	14	7	0	24	37	119	132	3.9	18.8
Seq7921_297_bp_-1_2_0	ENA|BAA32991|BAA32991.1	37.50	16	10	0	74	89	34	49	4	16.5
Seq7921_297_bp_-1_2_0	ENA|AAC08817|AAC08817.1	60.00	10	4	0	19	28	25	34	8.7	16.5
