Seq8117_200_bp_1_0_0	ABS38337.1	34.38	32	21	0	35	66	511	542	0.043	26.8
Seq8117_200_bp_1_0_0	AAB64315.2	50.00	10	5	0	49	58	68	77	0.29	22.0
Seq8117_200_bp_1_0_0	AAA32624.1	66.67	9	3	0	8	16	108	116	0.47	22.0
Seq8117_200_bp_1_0_0	AAX12058.1	38.46	13	8	0	1	13	20	32	1.9	19.1
Seq8117_200_bp_1_0_0	AII71783.1	25.00	12	9	0	36	47	285	296	2.1	19.1
Seq8117_200_bp_1_0_0	AAA36565.1	29.41	17	12	0	12	28	45	61	2.6	17.9
Seq8117_200_bp_1_0_0	AAA32376.1	100.00	5	0	0	52	56	108	112	2.7	17.9
Seq8117_200_bp_1_0_0	AAC97205.1	83.33	6	1	0	6	11	997	1002	3.7	20.2
Seq8117_200_bp_1_0_0	CAA74140.1	58.33	13	5	1	52	64	361	372	4.2	19.6
Seq8117_200_bp_1_0_0	AAA24969.1	30.43	23	16	0	31	53	1231	1253	4.5	20.2
Seq8117_200_bp_1_0_0	AAH69556.1	42.86	7	4	0	28	34	250	256	4.6	17.9
Seq8117_200_bp_1_0_0	AAR31603.1	41.67	12	7	0	30	41	288	299	5	17.9
Seq8117_200_bp_1_0_0	ABD49687.1	36.00	25	16	0	7	31	123	147	5	20.2
Seq8117_200_bp_1_0_0	AAQ92751.2	16.67	42	35	0	6	47	24	65	6	19.6
Seq8117_200_bp_1_0_0	EDO47375.1	30.77	13	9	0	26	38	70	82	6.4	16.7
Seq8117_200_bp_1_0_0	AAR37016.1	57.14	7	3	0	45	51	5	11	6.8	20.2
Seq8117_200_bp_1_0_0	AAI27517.1	44.44	20	10	2	44	63	266	283	8.6	17.9
Seq8117_200_bp_1_0_0	AAB26998.1	50.00	6	3	0	49	54	26	31	8.9	14.9
Seq8117_200_bp_1_0_0	AEE27845.1	35.71	14	9	0	33	46	463	476	9	19.1
Seq8117_200_bp_1_0_0	AAB96524.1	75.00	4	1	0	45	48	175	178	9.3	16.1
Seq8117_200_bp_1_0_0	AAA24142.1	30.77	28	18	2	6	31	134	161	9.8	17.3
Seq8117_200_bp_1_1_0	AAA45888.1	57.14	7	3	0	6	12	335	341	0.35	19.5
Seq8117_200_bp_1_1_0	AAA24969.1	45.45	11	6	0	2	12	950	960	0.86	20.2
Seq8117_200_bp_1_1_0	AAC97205.1	62.50	8	3	0	4	11	454	461	1.1	19.5
Seq8117_200_bp_1_1_0	ABD49687.1	62.50	8	3	0	3	10	1388	1395	1.5	19.5
Seq8117_200_bp_1_1_0	ABK71357.1	66.67	6	2	0	6	11	97	102	2.1	16.9
Seq8117_200_bp_1_1_0	AAI27517.1	44.44	9	5	0	3	11	563	571	2.1	17.5
Seq8117_200_bp_1_1_0	AAX84812.1	57.14	7	3	0	5	11	30	36	3.3	15.5
Seq8117_200_bp_1_1_0	AAB96524.1	44.44	9	5	0	1	9	8	16	4.1	14.9
Seq8117_200_bp_1_1_0	AII71783.1	60.00	5	2	0	4	8	215	219	4.3	15.5
Seq8117_200_bp_1_1_0	AIR13712.1	36.36	11	7	0	2	12	109	119	4.6	15.5
Seq8117_200_bp_1_1_0	CAA43372.1	80.00	5	1	0	5	9	358	362	5.7	15.5
Seq8117_200_bp_1_1_0	AAA26915.1	50.00	12	6	0	1	12	406	417	6.4	15.5
Seq8117_200_bp_1_1_0	AAH69556.1	60.00	5	2	0	6	10	178	182	6.6	14.9
Seq8117_200_bp_1_1_0	AAR31603.1	100.00	4	0	0	6	9	304	307	7.1	14.9
Seq8117_200_bp_1_1_0	AAA18786.1	75.00	4	1	0	8	11	139	142	9	14.2
Seq8117_200_bp_1_1_1	AAI27517.1	43.75	16	9	0	33	48	494	509	0.52	21.6
Seq8117_200_bp_1_1_1	AAR37016.1	58.33	12	5	0	15	26	22	33	2	21.6
Seq8117_200_bp_1_1_1	AAC08817.1	100.00	3	0	0	36	38	106	108	2.1	17.7
Seq8117_200_bp_1_1_1	AAA45888.1	62.50	8	3	0	17	24	237	244	2.3	18.8
Seq8117_200_bp_1_1_1	AAA36565.1	75.00	4	1	0	37	40	77	80	3.1	17.2
Seq8117_200_bp_1_1_1	CAA74140.1	45.45	11	6	0	6	16	513	523	3.7	19.4
Seq8117_200_bp_1_1_1	CAA73529.1	75.00	4	1	0	37	40	269	272	5.1	17.2
Seq8117_200_bp_1_1_1	ABD33854.1	75.00	4	1	0	45	48	61	64	5.5	15.0
Seq8117_200_bp_1_1_1	AAA72732.1	45.45	11	6	0	4	14	131	141	5.7	17.2
Seq8117_200_bp_1_1_1	CAD53387.1	62.50	8	3	0	14	21	48	55	6.2	17.7
Seq8117_200_bp_1_1_1	AAA65607.1	36.84	19	12	0	8	26	27	45	6.7	17.2
Seq8117_200_bp_1_2_0	CAA74140.1	100.00	66	0	0	1	66	635	700	9.2e-45	168.0
Seq8117_200_bp_1_2_0	CAA04196.1	38.89	18	11	0	33	50	47	64	0.9	20.7
Seq8117_200_bp_1_2_0	AAA23282.1	62.50	8	3	0	7	14	370	377	1.2	20.7
Seq8117_200_bp_1_2_0	AAI27517.1	38.89	18	11	0	43	60	64	81	1.8	20.3
Seq8117_200_bp_1_2_0	AAR37016.1	46.67	15	8	0	35	49	461	475	2.5	21.7
Seq8117_200_bp_1_2_0	ABK71357.1	55.56	9	4	0	9	17	194	202	3	18.8
Seq8117_200_bp_1_2_0	AAX12058.1	41.67	12	7	0	24	35	24	35	3.1	18.3
Seq8117_200_bp_1_2_0	CAA45199.1	37.50	25	15	1	15	39	7	30	3.8	18.8
Seq8117_200_bp_1_2_0	AAA72732.1	58.33	14	5	2	12	23	298	311	4.9	17.8
Seq8117_200_bp_1_2_0	CAA11507.1	32.14	28	19	0	25	52	184	211	5.5	19.8
Seq8117_200_bp_1_2_0	CAA26230.1	50.00	10	5	0	32	41	177	186	6.2	18.3
Seq8117_200_bp_1_2_0	ABD49687.1	28.21	40	28	1	10	48	594	633	6.9	19.8
Seq8117_200_bp_1_2_0	AAA25966.1	25.00	12	9	0	32	43	568	579	7.9	18.3
Seq8117_200_bp_1_2_0	BAB17681.1	41.67	12	7	0	50	61	194	205	8.2	16.8
Seq8117_200_bp_1_2_0	ACT10338.1	36.36	11	7	0	38	48	268	278	8.3	17.3
Seq8117_200_bp_1_2_0	AAB26998.1	44.44	9	5	0	25	33	37	45	9	14.9
Seq8117_200_bp_1_2_0	AAA24142.1	38.46	13	8	0	20	32	18	30	9.5	17.3
Seq8117_200_bp_1_2_0	BAB79260.1	33.33	18	12	0	30	47	132	149	9.6	17.3
Seq8117_200_bp_1_2_0	AAA36565.1	66.67	6	2	0	12	17	29	34	9.7	15.9
Seq8117_200_bp_-1_0_0	AAA65607.1	28.00	25	18	0	39	63	151	175	1.4	19.9
Seq8117_200_bp_-1_0_0	AAI27517.1	50.00	15	7	1	52	66	305	318	1.6	20.4
Seq8117_200_bp_-1_0_0	AAR37016.1	53.33	15	7	0	1	15	641	655	2.2	21.9
Seq8117_200_bp_-1_0_0	AAA23282.1	29.17	24	17	0	9	32	291	314	3.1	19.4
Seq8117_200_bp_-1_0_0	ABS38337.1	33.33	21	14	0	9	29	1016	1036	4.8	19.9
Seq8117_200_bp_-1_0_0	AAA32624.1	33.33	12	8	0	52	63	403	414	5.7	18.3
Seq8117_200_bp_-1_0_0	ABD49687.1	38.10	21	13	0	10	30	726	746	6.3	19.9
Seq8117_200_bp_-1_0_0	CAA74140.1	50.00	10	5	0	26	35	540	549	7	18.9
Seq8117_200_bp_-1_0_0	AAA26915.1	31.25	16	11	0	6	21	211	226	7.1	17.8
Seq8117_200_bp_-1_0_0	CAD53387.1	45.45	11	6	0	17	27	492	502	7.6	17.8
Seq8117_200_bp_-1_0_0	ACH70904.1	33.33	21	14	0	26	46	341	361	7.8	17.3
Seq8117_200_bp_-1_0_0	AAA45888.1	29.41	17	12	0	10	26	214	230	8.2	17.3
Seq8117_200_bp_-1_0_0	AAA42531.1	42.86	14	8	0	3	16	86	99	8.3	17.3
Seq8117_200_bp_-1_0_0	CAA43372.1	50.00	12	6	0	11	22	318	329	8.8	17.3
Seq8117_200_bp_-1_1_0	BAA32956.1	50.00	16	8	0	10	25	187	202	0.015	24.4
Seq8117_200_bp_-1_1_0	AAH69556.1	37.50	16	10	0	9	24	292	307	0.047	23.3
Seq8117_200_bp_-1_1_0	AAI27517.1	40.00	20	12	0	1	20	517	536	0.2	22.1
Seq8117_200_bp_-1_1_0	AAR37016.1	33.33	18	12	0	5	22	499	516	0.25	23.8
Seq8117_200_bp_-1_1_0	EDO47375.1	36.36	11	7	0	14	24	1	11	0.99	18.2
Seq8117_200_bp_-1_1_0	ABK71357.1	30.77	13	9	0	10	22	344	356	1.9	18.2
Seq8117_200_bp_-1_1_0	CAA43372.1	44.44	9	5	0	5	13	18	26	2.2	18.2
Seq8117_200_bp_-1_1_0	CAA04196.1	44.44	9	5	0	14	22	205	213	2.2	18.2
Seq8117_200_bp_-1_1_0	AAF01122.1	42.86	7	4	0	2	8	14	20	2.9	17.6
Seq8117_200_bp_-1_1_0	AAA18786.1	42.86	14	8	0	14	27	206	219	3	17.0
Seq8117_200_bp_-1_1_0	ABD33854.1	40.00	10	6	0	17	26	33	42	3.5	14.8
Seq8117_200_bp_-1_1_0	ACH70904.1	55.56	9	4	0	7	15	255	263	4.1	17.0
Seq8117_200_bp_-1_1_0	AAX12058.1	80.00	5	1	0	10	14	4	8	4.5	16.5
Seq8117_200_bp_-1_1_0	AAB64315.2	46.15	13	7	0	6	18	318	330	5.4	16.5
Seq8117_200_bp_-1_1_0	BAA32991.1	60.00	5	2	0	22	26	33	37	5.4	14.2
Seq8117_200_bp_-1_1_0	CAA74140.1	36.36	11	7	0	14	24	519	529	6.9	17.6
Seq8117_200_bp_-1_1_0	CAD53387.1	45.45	11	6	0	13	23	27	37	8.1	16.5
Seq8117_200_bp_-1_1_0	ABD49687.1	71.43	7	2	0	3	9	749	755	8.5	18.2
Seq8117_200_bp_-1_1_0	AAC08817.1	26.67	15	11	0	1	15	7	21	8.5	14.8
Seq8117_200_bp_-1_1_0	AAA65607.1	21.43	14	11	0	7	20	103	116	8.7	15.9
Seq8117_200_bp_-1_1_0	AAA32376.1	100.00	4	0	0	12	15	109	112	8.9	14.8
Seq8117_200_bp_-1_1_0	AAA45888.1	42.86	7	4	0	8	14	71	77	9	15.9
Seq8117_200_bp_-1_1_0	CAA73529.1	37.50	8	5	0	14	21	44	51	9.5	15.3
Seq8117_200_bp_-1_1_0	AAB03707.1	100.00	5	0	0	15	19	857	861	9.9	17.6
Seq8117_200_bp_-1_1_1	CAA45199.1	50.00	8	4	0	4	11	22	29	1.4	18.4
Seq8117_200_bp_-1_1_1	ABD33854.1	35.29	17	11	0	1	17	10	26	2.4	14.7
Seq8117_200_bp_-1_1_1	AAC17860.1	66.67	6	2	0	7	12	90	95	5	16.3
Seq8117_200_bp_-1_1_1	ABS38337.1	50.00	8	4	0	4	11	70	77	5.2	17.9
Seq8117_200_bp_-1_1_1	CAA74140.1	100.00	5	0	0	14	18	519	523	5.5	17.4
Seq8117_200_bp_-1_1_1	AAB64315.2	33.33	12	8	0	3	14	82	93	5.8	15.8
Seq8117_200_bp_-1_1_2	AAR37016.1	31.25	16	11	0	4	19	337	352	1.1	21.1
Seq8117_200_bp_-1_1_2	ABK71357.1	36.36	11	7	0	7	17	174	184	1.2	18.4
Seq8117_200_bp_-1_1_2	AAB03707.1	15.79	19	16	0	1	19	1344	1362	1.4	20.0
Seq8117_200_bp_-1_1_2	AAB26998.1	50.00	10	5	0	3	12	41	50	1.6	15.7
Seq8117_200_bp_-1_1_2	AAA24142.1	37.50	8	5	0	3	10	200	207	2.9	17.3
Seq8117_200_bp_-1_1_2	CAA45199.1	41.67	12	7	0	8	19	450	461	3.1	17.3
Seq8117_200_bp_-1_1_2	ABD49687.1	83.33	6	1	0	9	14	1045	1050	3.6	18.9
Seq8117_200_bp_-1_1_2	AAR31603.1	40.00	10	6	0	1	10	135	144	4.5	16.2
Seq8117_200_bp_-1_1_2	AAA25966.1	80.00	5	1	0	9	13	444	448	4.7	17.3
Seq8117_200_bp_-1_1_2	ABL74574.1	40.00	10	6	0	3	12	11	20	5.7	15.7
Seq8117_200_bp_-1_1_2	AAA26915.1	40.00	10	6	0	4	13	430	439	6.3	16.2
Seq8117_200_bp_-1_1_2	AAA36565.1	33.33	6	4	0	4	9	66	71	6.8	14.6
Seq8117_200_bp_-1_1_2	ACH70904.1	100.00	3	0	0	8	10	147	149	9.9	15.1
Seq8117_200_bp_-1_2_0	ABD49687.1	54.55	11	5	0	19	29	663	673	0.24	24.5
Seq8117_200_bp_-1_2_0	ACH70904.1	36.84	19	12	0	6	24	275	293	0.29	22.0
Seq8117_200_bp_-1_2_0	CAA26230.1	55.56	9	4	0	44	52	512	520	0.45	22.0
Seq8117_200_bp_-1_2_0	AAI27517.1	66.67	9	3	0	40	48	402	410	1.9	20.0
Seq8117_200_bp_-1_2_0	CAA74140.1	37.50	37	20	5	4	37	632	666	2.1	20.5
Seq8117_200_bp_-1_2_0	BAA32956.1	100.00	3	0	0	51	53	26	28	2.7	17.9
Seq8117_200_bp_-1_2_0	AAC97205.1	33.33	25	14	4	1	21	898	922	2.7	20.5
Seq8117_200_bp_-1_2_0	BAB79260.1	62.50	8	3	0	48	55	437	444	2.9	18.9
Seq8117_200_bp_-1_2_0	AIR13712.1	50.00	8	4	0	46	53	131	138	2.9	18.4
Seq8117_200_bp_-1_2_0	AAA45888.1	66.67	6	2	0	52	57	172	177	3.4	18.4
Seq8117_200_bp_-1_2_0	AAC17860.1	25.00	28	21	0	23	50	246	273	3.7	18.4
Seq8117_200_bp_-1_2_0	ACT10338.1	25.00	16	12	0	37	52	144	159	4.9	17.9
Seq8117_200_bp_-1_2_0	ABK71357.1	66.67	6	2	0	35	40	319	324	6.5	17.4
Seq8117_200_bp_-1_2_0	CAA45199.1	36.36	11	7	0	43	53	375	385	8.1	17.4
