Seq9142_984_bp_1_0_0	ABG75784.1	100.00	215	0	0	1	215	101	315	9.4e-155	533.6
Seq9142_984_bp_1_0_0	AAC78721.1	58.33	42	15	6	48	87	451	488	1.2	22.7
Seq9142_984_bp_1_0_0	AAA23282.1	36.36	11	7	0	176	186	474	484	4.3	20.6
Seq9142_984_bp_1_0_0	AAR31603.1	50.00	22	10	2	176	197	169	188	4.5	19.7
Seq9142_984_bp_1_0_0	AAA25966.1	23.53	17	13	0	150	166	35	51	5.5	20.6
Seq9142_984_bp_1_0_0	ABD33854.1	50.00	6	3	0	4	9	3	8	8.6	16.4
Seq9142_984_bp_1_0_0	AAX12058.1	50.00	18	8	2	172	189	228	243	8.6	18.5
Seq9142_984_bp_1_0_0	CAA74140.1	46.67	15	8	0	75	89	284	298	9.1	20.2
Seq9142_984_bp_1_0_0	ABS38337.1	47.06	18	9	1	136	153	1256	1272	9.3	20.6
Seq9142_984_bp_1_0_0	AAH69556.1	60.00	10	4	0	34	43	184	193	9.5	18.5
Seq9142_984_bp_1_1_0	AAR37016.1	57.14	7	3	0	1	7	289	295	0.85	20.6
Seq9142_984_bp_1_1_0	BAB79260.1	57.14	7	3	0	3	9	230	236	1.5	17.4
Seq9142_984_bp_1_1_0	EDO47375.1	40.00	10	6	0	1	10	154	163	1.5	16.1
Seq9142_984_bp_1_1_0	AAB03707.1	57.14	7	3	0	4	10	1106	1112	1.9	18.7
Seq9142_984_bp_1_1_0	AAA32376.1	80.00	5	1	0	6	10	74	78	2.2	15.4
Seq9142_984_bp_1_1_0	AAX12058.1	33.33	6	4	0	2	7	160	165	3.5	15.4
Seq9142_984_bp_1_1_0	ABS38337.1	57.14	7	3	0	4	10	724	730	4.2	17.4
Seq9142_984_bp_1_1_0	ACH70904.1	57.14	7	3	0	4	10	325	331	4.5	15.4
Seq9142_984_bp_1_1_0	AAX84812.1	42.86	7	4	0	2	8	196	202	4.5	14.8
Seq9142_984_bp_1_1_0	AAQ92751.2	62.50	9	3	1	1	9	322	329	6.9	16.7
Seq9142_984_bp_1_1_0	BAA32991.1	100.00	2	0	0	1	2	6	7	7.8	12.2
Seq9142_984_bp_1_1_1	ACH70904.1	43.75	17	9	1	6	22	211	226	0.79	19.2
Seq9142_984_bp_1_1_1	AAA24142.1	50.00	8	4	0	2	9	316	323	3.8	17.3
Seq9142_984_bp_1_1_1	ABS38337.1	50.00	8	4	0	12	19	856	863	3.9	18.8
Seq9142_984_bp_1_1_1	AAB03707.1	40.00	15	9	0	8	22	583	597	4.2	18.8
Seq9142_984_bp_1_1_1	BAA32956.1	41.67	12	7	0	4	15	62	73	4.9	15.8
Seq9142_984_bp_1_1_1	AAB26998.1	100.00	4	0	0	17	20	3	6	5.1	14.3
Seq9142_984_bp_1_1_1	AAA65607.1	30.00	10	7	0	3	12	280	289	6	16.3
Seq9142_984_bp_1_1_1	AAA42531.1	46.15	15	7	2	8	22	278	290	6.3	16.3
Seq9142_984_bp_1_1_1	AAA25966.1	83.33	6	1	0	2	7	362	367	8.2	16.8
Seq9142_984_bp_1_1_1	AAA45888.1	57.14	7	3	0	16	22	224	230	8.6	15.8
Seq9142_984_bp_1_1_1	CAA43372.1	38.46	14	8	1	8	21	208	220	9.2	15.8
Seq9142_984_bp_1_1_2	AAA18786.1	80.00	5	1	0	10	14	185	189	0.82	19.5
Seq9142_984_bp_1_1_2	AAA26915.1	37.50	16	10	0	24	39	445	460	1	20.0
Seq9142_984_bp_1_1_2	AAA25966.1	61.54	16	5	3	23	38	401	413	2.2	19.5
Seq9142_984_bp_1_1_2	AAA45888.1	57.14	7	3	0	32	38	44	50	2.3	18.6
Seq9142_984_bp_1_1_2	AAA23282.1	41.67	12	7	0	19	30	287	298	2.4	19.0
Seq9142_984_bp_1_1_2	BAB17681.1	50.00	8	4	0	8	15	215	222	3.2	17.6
Seq9142_984_bp_1_1_2	AAF01122.1	75.00	4	1	0	15	18	290	293	4.3	17.6
Seq9142_984_bp_1_1_2	AAA36565.1	75.00	4	1	0	22	25	70	73	5.3	16.1
Seq9142_984_bp_1_1_2	ABS38337.1	33.33	20	12	2	13	30	1004	1023	5.3	19.0
Seq9142_984_bp_1_1_2	BAB79260.1	60.00	5	2	0	31	35	406	410	7.1	17.1
Seq9142_984_bp_1_1_2	AAB96524.1	42.86	7	4	0	6	12	52	58	8	15.6
Seq9142_984_bp_1_1_2	ABN10845.1	50.00	6	3	0	13	18	50	55	9.2	15.6
Seq9142_984_bp_1_1_2	AAR37016.1	45.45	15	6	4	12	22	961	975	9.4	19.0
Seq9142_984_bp_1_1_2	BAA32018.1	60.00	5	2	0	31	35	18	22	9.6	17.1
Seq9142_984_bp_1_1_3	AAH69556.1	45.45	11	6	0	2	12	179	189	0.017	23.6
Seq9142_984_bp_1_1_3	BAB79260.1	44.44	9	5	0	3	11	128	136	0.58	19.0
Seq9142_984_bp_1_1_3	ABS38337.1	83.33	6	1	0	4	9	869	874	0.74	20.2
Seq9142_984_bp_1_1_3	AAA23282.1	50.00	8	4	0	5	12	552	559	1.1	18.5
Seq9142_984_bp_1_1_3	AAA42531.1	33.33	9	6	0	2	10	280	288	3.4	16.2
Seq9142_984_bp_1_1_3	AAA18786.1	66.67	6	2	0	5	10	1	6	3.5	15.6
Seq9142_984_bp_1_1_3	ABL74574.1	57.14	7	3	0	3	9	141	147	3.8	15.6
Seq9142_984_bp_1_1_3	AAC78721.1	25.00	8	6	0	4	11	308	315	4	16.8
Seq9142_984_bp_1_1_3	BAA32018.1	80.00	5	1	0	5	9	484	488	5.4	16.2
Seq9142_984_bp_1_1_3	BAA32956.1	60.00	5	2	0	8	12	8	12	5.9	14.5
Seq9142_984_bp_1_1_3	AAA72732.1	80.00	5	1	0	5	9	1	5	5.9	15.1
Seq9142_984_bp_1_1_3	AAR37016.1	50.00	10	5	0	2	11	2002	2011	6.2	17.9
Seq9142_984_bp_1_1_3	AAX84812.1	50.00	6	3	0	1	6	177	182	9.3	13.9
Seq9142_984_bp_1_1_3	AAC08817.1	40.00	5	3	0	4	8	100	104	9.7	13.4
Seq9142_984_bp_1_1_4	AAH69556.1	64.29	16	5	2	67	80	181	196	0.064	24.5
Seq9142_984_bp_1_1_4	ABG75784.1	31.25	16	11	0	35	50	180	195	2.4	19.2
Seq9142_984_bp_1_1_4	AAC97205.1	50.00	23	10	3	51	70	501	523	2.5	21.1
Seq9142_984_bp_1_1_4	ABS38337.1	40.00	31	18	1	33	63	335	364	5	20.2
Seq9142_984_bp_1_1_4	BAA32956.1	71.43	7	2	0	54	60	124	130	5.9	17.3
Seq9142_984_bp_1_1_4	AAX12058.1	46.67	15	8	0	55	69	226	240	7.5	17.3
Seq9142_984_bp_1_1_4	AAA45888.1	50.00	10	5	0	3	12	83	92	7.6	17.8
Seq9142_984_bp_1_1_4	ACT10338.1	27.27	11	8	0	10	20	65	75	7.7	17.8
Seq9142_984_bp_1_1_4	EDO47375.1	50.00	6	3	0	68	73	177	182	9.8	16.4
Seq9142_984_bp_1_1_5	BAA32018.1	66.67	6	2	0	14	19	238	243	1.2	19.7
Seq9142_984_bp_1_1_5	AAA32624.1	41.67	12	7	0	16	27	153	164	1.4	19.1
Seq9142_984_bp_1_1_5	AAB64315.2	83.33	6	1	0	10	15	85	90	2.6	17.6
Seq9142_984_bp_1_1_5	AAF01122.1	100.00	4	0	0	13	16	365	368	2.9	17.6
Seq9142_984_bp_1_1_5	AAB96524.1	36.36	11	7	0	9	19	16	26	3	16.5
Seq9142_984_bp_1_1_5	CAA45199.1	37.50	16	10	0	3	18	174	189	3.6	17.6
Seq9142_984_bp_1_1_5	AAH69556.1	83.33	6	1	0	16	21	183	188	4.8	16.5
Seq9142_984_bp_1_1_5	BAB70780.1	62.50	8	3	0	6	13	207	214	5.3	17.0
Seq9142_984_bp_1_1_5	AAA25966.1	38.46	13	8	0	14	26	612	624	5.5	17.6
Seq9142_984_bp_1_1_5	CAA43372.1	42.86	7	4	0	4	10	227	233	6.4	16.5
Seq9142_984_bp_1_1_5	AAA72732.1	40.00	10	6	0	18	27	14	23	7	16.0
Seq9142_984_bp_1_1_5	AAA45888.1	33.33	6	4	0	1	6	41	46	8.4	16.0
Seq9142_984_bp_1_1_5	AAA23282.1	83.33	6	1	0	22	27	181	186	8.7	16.5
Seq9142_984_bp_1_1_5	AAA24142.1	40.00	18	9	3	8	22	20	37	9.8	16.0
Seq9142_984_bp_1_1_5	CAA74140.1	50.00	10	5	0	13	22	816	825	9.8	17.0
Seq9142_984_bp_1_2_0	AAC08817.1	20.00	10	8	0	2	11	156	165	1.7	16.0
Seq9142_984_bp_1_2_0	ABN10845.1	50.00	6	3	0	3	8	8	13	2.2	16.0
Seq9142_984_bp_1_2_0	ABS38337.1	45.45	11	6	0	2	12	693	703	2.5	18.4
Seq9142_984_bp_1_2_0	CAA43372.1	33.33	9	6	0	4	12	119	127	2.8	16.6
Seq9142_984_bp_1_2_0	AAA23282.1	57.14	7	3	0	6	12	136	142	5.6	16.0
Seq9142_984_bp_1_2_0	BAE97662.1	62.50	8	3	0	3	10	161	168	7.3	16.6
Seq9142_984_bp_1_2_0	AAA32376.1	40.00	10	6	0	1	10	69	78	8.7	13.6
Seq9142_984_bp_1_2_0	AAB03707.1	80.00	5	1	0	8	12	123	127	8.8	16.6
Seq9142_984_bp_1_2_1	AAC97205.1	83.33	6	1	0	19	24	679	684	0.28	22.9
Seq9142_984_bp_1_2_1	AAB26998.1	45.45	11	6	0	17	27	38	48	1.3	16.7
Seq9142_984_bp_1_2_1	BAA32018.1	53.33	17	7	2	6	20	82	98	2.4	18.7
Seq9142_984_bp_1_2_1	AAA24969.1	57.14	7	3	0	23	29	165	171	2.9	19.8
Seq9142_984_bp_1_2_1	EDO47375.1	66.67	6	2	0	7	12	162	167	3	16.7
Seq9142_984_bp_1_2_1	AAH69556.1	28.57	7	5	0	16	22	280	286	3.4	17.2
Seq9142_984_bp_1_2_1	ACT10338.1	50.00	14	6	2	3	16	55	66	4.3	17.2
Seq9142_984_bp_1_2_1	AAI27517.1	38.89	19	11	1	3	21	243	260	4.5	17.7
Seq9142_984_bp_1_2_1	AAC17860.1	37.50	8	5	0	21	28	330	337	6.3	16.7
Seq9142_984_bp_1_2_1	AAA72732.1	80.00	5	1	0	18	22	2	6	6.8	16.2
Seq9142_984_bp_1_2_1	AAA24142.1	60.00	5	2	0	19	23	66	70	6.9	16.7
Seq9142_984_bp_1_2_1	AAA25966.1	80.00	5	1	0	20	24	154	158	7.7	17.2
Seq9142_984_bp_1_2_1	ABD33854.1	60.00	5	2	0	11	15	52	56	8.2	13.6
Seq9142_984_bp_1_2_1	CAA26230.1	75.00	4	1	0	21	24	175	178	8.4	16.7
Seq9142_984_bp_1_2_1	ABN10845.1	60.00	5	2	0	16	20	22	26	9.5	15.1
Seq9142_984_bp_1_2_2	AAC17860.1	100.00	4	0	0	2	5	330	333	0.89	18.4
Seq9142_984_bp_1_2_2	AAA26915.1	54.55	12	5	1	2	12	198	209	2.1	17.3
Seq9142_984_bp_1_2_2	AAA18786.1	37.50	8	5	0	2	9	102	109	2.6	16.2
Seq9142_984_bp_1_2_2	BAA32018.1	50.00	11	5	1	2	12	108	117	4.1	16.7
Seq9142_984_bp_1_2_2	ABS38337.1	30.00	10	7	0	4	13	77	86	5.7	17.3
Seq9142_984_bp_1_2_2	AAA23282.1	75.00	4	1	0	1	4	421	424	7.8	15.6
Seq9142_984_bp_1_2_2	AAB64315.2	50.00	8	4	0	5	12	257	264	9.4	14.5
Seq9142_984_bp_1_2_2	AAA24969.1	60.00	5	2	0	4	8	1374	1378	9.6	16.7
Seq9142_984_bp_1_2_3	BAB17681.1	50.00	8	4	0	9	16	45	52	1.9	17.1
Seq9142_984_bp_1_2_3	AAH69556.1	66.67	6	2	0	8	13	214	219	2.1	17.1
Seq9142_984_bp_1_2_3	AAA72732.1	83.33	6	1	0	11	16	30	35	2.2	17.1
Seq9142_984_bp_1_2_3	AAA42531.1	41.67	12	7	0	3	14	160	171	2.7	17.1
Seq9142_984_bp_1_2_3	EDO47375.1	44.44	9	5	0	6	14	74	82	3	15.9
Seq9142_984_bp_1_2_3	AAA25966.1	80.00	5	1	0	1	5	97	101	4.9	17.1
Seq9142_984_bp_1_2_3	BAA32991.1	22.22	9	7	0	3	11	1	9	5.5	13.5
Seq9142_984_bp_1_2_3	AAA23282.1	37.50	8	5	0	10	17	409	416	5.7	16.5
Seq9142_984_bp_1_2_3	AAC17860.1	57.14	7	3	0	11	17	85	91	6.2	15.9
Seq9142_984_bp_1_2_3	ACH70904.1	44.44	9	5	0	7	15	149	157	8.1	15.3
Seq9142_984_bp_1_2_3	CAA73529.1	50.00	6	3	0	2	7	111	116	9.2	14.7
Seq9142_984_bp_1_2_3	CAA43372.1	75.00	4	1	0	1	4	151	154	9.2	15.3
Seq9142_984_bp_1_2_4	ABG75784.1	40.00	10	6	0	1	10	242	251	1.4	16.9
Seq9142_984_bp_1_2_4	CAA74140.1	44.44	9	5	0	1	9	136	144	1.9	18.1
Seq9142_984_bp_1_2_4	BAA32991.1	100.00	3	0	0	7	9	2	4	3.8	13.3
Seq9142_984_bp_1_2_4	AAR31603.1	50.00	10	5	0	1	10	203	212	5.2	15.1
Seq9142_984_bp_1_2_4	CAA26230.1	50.00	8	4	0	1	8	39	46	5.8	15.7
Seq9142_984_bp_1_2_4	AAA26915.1	100.00	3	0	0	5	7	374	376	7.2	15.1
Seq9142_984_bp_1_2_5	AAC08817.1	66.67	6	2	0	4	9	3	8	0.078	20.5
Seq9142_984_bp_1_2_5	ABS38337.1	62.50	8	3	0	3	10	1065	1072	0.15	22.5
Seq9142_984_bp_1_2_5	AAC78721.1	44.44	9	5	0	1	9	103	111	0.16	21.5
Seq9142_984_bp_1_2_5	ABN10845.1	60.00	5	2	0	6	10	91	95	0.59	18.0
Seq9142_984_bp_1_2_5	AAX84812.1	60.00	5	2	0	7	11	85	89	0.62	18.0
Seq9142_984_bp_1_2_5	BAA32018.1	33.33	6	4	0	5	10	21	26	1.7	18.0
Seq9142_984_bp_1_2_5	AAA24142.1	100.00	4	0	0	9	12	436	439	1.7	17.5
Seq9142_984_bp_1_2_5	AII71783.1	57.14	7	3	0	5	11	155	161	2.3	16.4
Seq9142_984_bp_1_2_5	AAB03707.1	66.67	6	2	0	1	6	1215	1220	2.6	18.5
Seq9142_984_bp_1_2_5	AAA25966.1	60.00	5	2	0	7	11	154	158	2.7	17.5
Seq9142_984_bp_1_2_5	AAB26998.1	66.67	3	1	0	4	6	45	47	4.7	13.4
Seq9142_984_bp_1_2_5	AAA36565.1	50.00	4	2	0	5	8	70	73	6.9	13.9
Seq9142_984_bp_1_2_5	CAA26230.1	75.00	4	1	0	8	11	114	117	8	15.4
Seq9142_984_bp_1_2_5	CAA11507.1	80.00	5	1	0	1	5	1360	1364	9.6	16.4
Seq9142_984_bp_1_2_5	BAB70780.1	100.00	3	0	0	9	11	375	377	9.7	14.9
Seq9142_984_bp_1_2_5	AEE27845.1	75.00	4	1	0	4	7	953	956	9.8	16.4
Seq9142_984_bp_1_2_6	ABS38337.1	100.00	5	0	0	2	6	373	377	1.3	19.1
Seq9142_984_bp_1_2_6	AAC78721.1	66.67	6	2	0	2	7	122	127	3.9	16.5
Seq9142_984_bp_1_2_6	AAH69556.1	50.00	6	3	0	5	10	147	152	4.3	15.3
Seq9142_984_bp_1_2_6	AAR31603.1	100.00	3	0	0	1	3	176	178	7	14.6
Seq9142_984_bp_1_2_6	AAA32624.1	66.67	6	2	0	2	7	483	488	7.2	15.3
Seq9142_984_bp_1_2_6	ABD33854.1	66.67	3	1	0	1	3	5	7	7.9	12.1
Seq9142_984_bp_1_2_6	AAR37016.1	66.67	6	2	0	2	7	1701	1706	8.5	17.2
Seq9142_984_bp_1_2_6	AAC17860.1	66.67	6	2	0	2	7	197	202	8.6	14.6
Seq9142_984_bp_1_2_6	AAA24142.1	42.86	7	4	0	2	8	271	277	9.4	14.6
Seq9142_984_bp_1_2_7	AAA24142.1	57.14	7	3	0	2	8	400	406	0.24	20.0
Seq9142_984_bp_1_2_7	ACT10338.1	80.00	5	1	0	5	9	205	209	2.2	16.6
Seq9142_984_bp_1_2_7	CAA45199.1	57.14	7	3	0	1	7	138	144	3.8	16.1
Seq9142_984_bp_1_2_7	CAA11507.1	57.14	7	3	0	4	10	1192	1198	5	17.2
Seq9142_984_bp_1_2_7	AAB03707.1	66.67	6	2	0	5	10	27	32	5	17.2
Seq9142_984_bp_1_2_7	ABG75784.1	30.00	10	7	0	1	10	117	126	7.8	14.4
Seq9142_984_bp_1_2_7	AAB64315.2	80.00	5	1	0	1	5	298	302	8.2	14.4
Seq9142_984_bp_1_2_8	AAA45888.1	44.44	9	5	0	13	21	176	184	0.093	22.4
Seq9142_984_bp_1_2_8	AAC08817.1	44.44	9	5	0	12	20	98	106	1.6	17.0
Seq9142_984_bp_1_2_8	AAR31603.1	50.00	10	5	0	12	21	74	83	2.3	17.5
Seq9142_984_bp_1_2_8	AAA23282.1	33.33	14	8	2	12	23	203	216	2.8	18.0
Seq9142_984_bp_1_2_8	BAA32956.1	55.56	10	4	1	14	22	147	156	2.9	16.5
Seq9142_984_bp_1_2_8	ABN10845.1	83.33	6	1	0	13	18	61	66	3	16.5
Seq9142_984_bp_1_2_8	ACT10338.1	50.00	10	5	0	9	18	191	200	3.8	17.0
Seq9142_984_bp_1_2_8	ABK71357.1	33.33	12	8	0	6	17	58	69	5	16.5
Seq9142_984_bp_1_2_8	AAX12058.1	45.45	11	6	0	5	15	75	85	5.2	16.0
Seq9142_984_bp_1_2_8	ABS38337.1	36.84	19	12	0	5	23	1001	1019	6.2	18.0
Seq9142_984_bp_1_2_8	AIR13712.1	50.00	8	4	0	1	8	67	74	8.5	15.5
Seq9142_984_bp_-1_0_0	AAA45888.1	62.50	8	3	0	1	8	152	159	1.1	19.1
Seq9142_984_bp_-1_0_0	CAA45199.1	66.67	6	2	0	22	27	20	25	1.8	18.6
Seq9142_984_bp_-1_0_0	AAB26998.1	41.67	12	7	0	4	15	40	51	2.1	15.8
Seq9142_984_bp_-1_0_0	CAA26230.1	66.67	6	2	0	4	9	172	177	3	18.1
Seq9142_984_bp_-1_0_0	AAA23282.1	50.00	8	4	0	20	27	380	387	3	18.1
Seq9142_984_bp_-1_0_0	AAC08817.1	50.00	6	3	0	5	10	142	147	7.8	14.9
Seq9142_984_bp_-1_0_0	ABL74574.1	30.77	13	9	0	4	16	207	219	9.7	15.4
Seq9142_984_bp_-1_0_1	AAC17860.1	35.71	14	9	0	1	14	331	344	0.53	19.3
Seq9142_984_bp_-1_0_1	CAA43372.1	37.50	8	5	0	2	9	11	18	0.53	19.3
Seq9142_984_bp_-1_0_1	AAC08817.1	37.50	8	5	0	4	11	101	108	0.93	17.1
Seq9142_984_bp_-1_0_1	AAA45888.1	100.00	3	0	0	9	11	123	125	3.1	16.6
Seq9142_984_bp_-1_0_1	BAB79260.1	50.00	6	3	0	1	6	209	214	5.2	16.0
Seq9142_984_bp_-1_0_1	AAA72732.1	71.43	7	2	0	1	7	12	18	5.2	15.5
Seq9142_984_bp_-1_0_1	AAA25966.1	42.86	7	4	0	4	10	109	115	5.7	16.6
Seq9142_984_bp_-1_0_1	CAA11507.1	57.14	7	3	0	6	12	487	493	7.3	17.1
Seq9142_984_bp_-1_0_1	CAD53387.1	50.00	6	3	0	8	13	476	481	8.2	15.5
Seq9142_984_bp_-1_0_1	AAF01122.1	42.86	7	4	0	2	8	305	311	8.8	14.9
Seq9142_984_bp_-1_0_2	BAA32018.1	37.50	8	5	0	5	12	233	240	0.34	20.7
Seq9142_984_bp_-1_0_2	BAA32956.1	66.67	6	2	0	4	9	3	8	0.37	19.0
Seq9142_984_bp_-1_0_2	AAA45888.1	46.15	14	7	1	3	16	175	187	1.5	17.9
Seq9142_984_bp_-1_0_2	ACT10338.1	100.00	4	0	0	10	13	42	45	1.5	17.9
Seq9142_984_bp_-1_0_2	AAA42531.1	42.86	7	4	0	4	10	152	158	4.7	16.2
Seq9142_984_bp_-1_0_2	AAA24142.1	33.33	9	6	0	4	12	63	71	5.4	16.2
Seq9142_984_bp_-1_0_2	BAB79260.1	50.00	8	4	0	3	10	248	255	5.4	16.2
Seq9142_984_bp_-1_0_2	AII71783.1	80.00	5	1	0	1	5	59	63	5.5	15.6
Seq9142_984_bp_-1_0_2	ABS38337.1	60.00	5	2	0	11	15	282	286	6.9	17.3
Seq9142_984_bp_-1_0_2	CAA73529.1	66.67	6	2	0	1	6	29	34	7.1	15.0
Seq9142_984_bp_-1_0_3	AAB96524.1	50.00	15	7	1	1	15	171	184	0.22	21.7
Seq9142_984_bp_-1_0_3	ABN10845.1	36.36	22	14	0	10	31	17	38	1	19.6
Seq9142_984_bp_-1_0_3	AAB64315.2	66.67	6	2	0	17	22	193	198	1.1	20.1
Seq9142_984_bp_-1_0_3	AAA72732.1	57.14	7	3	0	18	24	9	15	1.4	19.6
Seq9142_984_bp_-1_0_3	ABL74574.1	36.36	11	7	0	12	22	73	83	2.6	18.6
Seq9142_984_bp_-1_0_3	AAC97205.1	66.67	9	3	0	27	35	262	270	5.5	19.6
Seq9142_984_bp_-1_0_3	AAA26915.1	42.86	14	8	0	27	40	327	340	5.9	18.1
Seq9142_984_bp_-1_0_3	AAA32376.1	62.50	8	3	0	23	30	51	58	6.2	16.6
Seq9142_984_bp_-1_0_3	AAA45888.1	57.14	7	3	0	57	63	66	72	6.8	17.6
Seq9142_984_bp_-1_0_3	CAA26230.1	71.43	7	2	0	3	9	216	222	7	18.1
Seq9142_984_bp_-1_0_3	AAH69556.1	50.00	8	4	0	48	55	284	291	7.6	17.1
Seq9142_984_bp_-1_0_3	BAB70780.1	71.43	7	2	0	60	66	35	41	8.4	17.6
Seq9142_984_bp_-1_0_3	AAA24969.1	50.00	14	7	0	2	15	198	211	9.3	19.1
Seq9142_984_bp_-1_0_3	AAA42531.1	37.50	8	5	0	46	53	85	92	9.5	17.1
Seq9142_984_bp_-1_0_4	BAB79260.1	35.00	23	13	3	4	24	93	114	5.1	16.9
Seq9142_984_bp_-1_0_4	AAA45888.1	62.50	8	3	0	3	10	28	35	6	16.4
Seq9142_984_bp_-1_0_4	AAI27517.1	40.00	10	6	0	4	13	565	574	6.5	16.9
Seq9142_984_bp_-1_0_4	AAC97205.1	83.33	6	1	0	5	10	767	772	6.8	17.9
Seq9142_984_bp_-1_0_4	ABS38337.1	66.67	11	3	2	5	13	528	538	7.1	17.9
Seq9142_984_bp_-1_0_4	CAA45199.1	31.25	16	11	0	5	20	297	312	7.3	16.4
Seq9142_984_bp_-1_0_4	AAC78721.1	66.67	6	2	0	20	25	397	402	7.4	16.9
Seq9142_984_bp_-1_0_4	AAB26998.1	80.00	5	1	0	4	8	4	8	9.5	13.4
Seq9142_984_bp_-1_0_4	AAC08817.1	57.14	7	3	0	10	16	25	31	9.9	14.4
Seq9142_984_bp_-1_0_5	AAC78721.1	28.57	14	10	0	2	15	99	112	0.86	19.9
Seq9142_984_bp_-1_0_5	AAB64315.2	66.67	10	3	1	12	21	65	73	2.5	17.3
Seq9142_984_bp_-1_0_5	AAB03707.1	55.56	9	4	0	8	16	889	897	3.6	18.9
Seq9142_984_bp_-1_0_5	AAX12058.1	66.67	6	2	0	3	8	151	156	4.3	16.2
Seq9142_984_bp_-1_0_5	CAA45199.1	36.36	11	7	0	2	12	465	475	5.1	16.8
Seq9142_984_bp_-1_0_5	AAA24142.1	41.18	19	10	2	3	19	345	363	6.9	16.2
Seq9142_984_bp_-1_0_6	BAA32991.1	50.00	10	5	0	7	16	2	11	2.8	14.9
Seq9142_984_bp_-1_0_6	AAA18786.1	66.67	6	2	0	5	10	13	18	3.7	16.4
Seq9142_984_bp_-1_0_6	AAX12058.1	71.43	7	2	0	2	8	150	156	3.8	16.4
Seq9142_984_bp_-1_0_6	AAC08817.1	100.00	6	0	1	2	7	117	121	6.4	14.9
Seq9142_984_bp_-1_0_6	CAA45199.1	38.46	14	8	1	3	16	217	229	6.4	16.4
Seq9142_984_bp_-1_0_6	CAA04196.1	50.00	6	3	0	6	11	303	308	8	15.9
Seq9142_984_bp_-1_1_0	AAC97205.1	56.25	17	7	1	68	83	596	612	0.14	25.3
Seq9142_984_bp_-1_1_0	AAC17860.1	46.67	15	8	0	21	35	128	142	2.5	19.6
Seq9142_984_bp_-1_1_0	AAB64315.2	43.75	16	9	0	4	19	298	313	2.7	19.1
Seq9142_984_bp_-1_1_0	AAA65607.1	31.82	22	15	0	6	27	163	184	3.1	19.1
Seq9142_984_bp_-1_1_0	BAA32991.1	33.33	15	10	0	32	46	47	61	4.1	16.2
Seq9142_984_bp_-1_1_0	AAA26915.1	35.29	17	11	0	48	64	167	183	5.3	18.6
Seq9142_984_bp_-1_1_0	AII71783.1	55.56	9	4	0	8	16	258	266	6.7	17.7
Seq9142_984_bp_-1_1_0	AAB96524.1	31.82	24	15	2	4	27	109	130	7.7	16.7
Seq9142_984_bp_-1_1_0	AAB03707.1	38.46	13	8	0	6	18	553	565	7.9	19.6
Seq9142_984_bp_-1_1_0	AAB26998.1	44.44	9	5	0	60	68	66	74	8.7	15.3
Seq9142_984_bp_-1_1_0	CAA43372.1	42.86	14	8	0	9	22	201	214	8.8	17.7
Seq9142_984_bp_-1_1_0	ABG75784.1	50.00	10	5	0	6	15	272	281	9.2	17.2
Seq9142_984_bp_-1_1_1	AAA72732.1	34.78	23	15	0	4	26	8	30	0.065	24.6
Seq9142_984_bp_-1_1_1	AAA42531.1	50.00	27	12	3	24	49	213	237	0.28	22.8
Seq9142_984_bp_-1_1_1	AAA32376.1	66.67	9	3	0	10	18	113	121	2.9	18.3
Seq9142_984_bp_-1_1_1	AAA24142.1	44.44	18	10	0	36	53	70	87	2.9	19.6
Seq9142_984_bp_-1_1_1	ACT10338.1	45.45	11	6	0	38	48	336	346	4.7	18.7
Seq9142_984_bp_-1_1_1	AEE27845.1	45.00	20	11	0	44	63	284	303	4.8	20.5
Seq9142_984_bp_-1_1_1	AAB03707.1	47.37	22	10	3	12	30	491	512	6.3	20.1
Seq9142_984_bp_-1_1_1	BAA32018.1	20.00	20	16	0	47	66	190	209	7.3	18.7
Seq9142_984_bp_-1_1_1	AAC78721.1	21.62	37	29	0	40	76	521	557	7.8	18.7
Seq9142_984_bp_-1_1_1	AAA18786.1	58.33	13	5	1	4	15	5	17	8	17.4
Seq9142_984_bp_-1_1_1	ABL74574.1	33.33	18	12	0	9	26	65	82	8.6	17.4
Seq9142_984_bp_-1_1_1	ABN10845.1	33.33	28	18	1	59	85	2	29	8.8	16.9
Seq9142_984_bp_-1_1_2	AAC97205.1	57.14	7	3	0	3	9	980	986	0.96	19.9
Seq9142_984_bp_-1_1_2	BAB79260.1	54.55	13	5	2	2	12	84	96	1.1	18.2
Seq9142_984_bp_-1_1_2	CAA26230.1	44.44	9	5	0	5	13	523	531	1.4	18.2
Seq9142_984_bp_-1_1_2	AAA23282.1	62.50	8	3	0	5	12	325	332	1.4	18.2
Seq9142_984_bp_-1_1_2	AAF01122.1	50.00	8	4	0	1	8	274	281	2.9	16.5
Seq9142_984_bp_-1_1_2	CAA45199.1	30.00	10	7	0	4	13	108	117	3.7	16.5
Seq9142_984_bp_-1_1_2	AAB26998.1	75.00	4	1	0	2	5	53	56	6.1	13.1
Seq9142_984_bp_-1_1_2	AAC78721.1	37.50	8	5	0	4	11	308	315	7.5	15.9
Seq9142_984_bp_-1_1_2	AAA45888.1	66.67	6	2	0	8	13	65	70	9.1	14.8
Seq9142_984_bp_-1_1_2	ABS38337.1	50.00	8	4	0	5	12	491	498	9.5	16.5
Seq9142_984_bp_-1_1_2	BAA32018.1	62.50	8	3	0	5	12	217	224	10	15.4
Seq9142_984_bp_-1_2_0	BAA32956.1	66.67	6	2	0	5	10	30	35	1.1	17.3
Seq9142_984_bp_-1_2_0	AAB96524.1	33.33	15	10	0	1	15	12	26	2.1	16.3
Seq9142_984_bp_-1_2_0	ABS38337.1	60.00	11	4	1	3	12	1002	1012	2.2	19.0
Seq9142_984_bp_-1_2_0	BAB70780.1	26.67	15	11	0	1	15	422	436	3.8	16.8
Seq9142_984_bp_-1_2_0	CAA26230.1	50.00	12	6	0	1	12	484	495	4.3	16.8
Seq9142_984_bp_-1_2_1	AAA24142.1	35.00	20	13	0	14	33	289	308	0.064	25.1
Seq9142_984_bp_-1_2_1	AAF01122.1	46.67	15	8	0	46	60	293	307	0.52	21.8
Seq9142_984_bp_-1_2_1	AAR31603.1	47.62	22	11	1	25	46	75	95	0.63	21.3
Seq9142_984_bp_-1_2_1	ABN10845.1	63.64	12	4	1	31	42	92	102	1.1	19.9
Seq9142_984_bp_-1_2_1	AAA45888.1	44.44	22	10	4	29	50	139	156	2.6	19.4
Seq9142_984_bp_-1_2_1	AAA24969.1	35.71	14	9	0	3	16	272	285	2.9	21.3
Seq9142_984_bp_-1_2_1	ACT10338.1	50.00	10	5	0	47	56	310	319	5	18.5
Seq9142_984_bp_-1_2_1	AAB26998.1	100.00	4	0	0	37	40	51	54	5.2	16.1
Seq9142_984_bp_-1_2_1	BAA32956.1	33.33	25	16	1	16	39	113	137	5.2	17.5
Seq9142_984_bp_-1_2_1	AAH69556.1	45.45	11	6	0	40	50	266	276	5.5	18.0
Seq9142_984_bp_-1_2_1	BAB79260.1	58.33	12	5	0	34	45	135	146	5.8	18.5
Seq9142_984_bp_-1_2_1	ABK71357.1	35.29	17	11	0	8	24	15	31	6.6	18.0
Seq9142_984_bp_-1_2_1	CAA26230.1	53.33	15	7	0	69	83	175	189	7.1	18.5
Seq9142_984_bp_-1_2_1	AAB64315.2	33.33	12	8	0	60	71	194	205	8	17.5
Seq9142_984_bp_-1_2_1	AAA32376.1	50.00	8	4	0	44	51	109	116	8	16.6
Seq9142_984_bp_-1_2_2	ABD33854.1	50.00	8	4	0	79	86	5	12	1.7	17.5
Seq9142_984_bp_-1_2_2	AAA45888.1	62.50	8	3	0	6	13	142	149	2	19.8
Seq9142_984_bp_-1_2_2	CAA43372.1	47.06	19	9	2	17	33	8	26	2.2	19.8
Seq9142_984_bp_-1_2_2	AAA23282.1	43.75	16	9	0	61	76	409	424	3	19.8
Seq9142_984_bp_-1_2_2	BAB17681.1	36.84	21	12	2	55	75	158	176	5.1	18.0
Seq9142_984_bp_-1_2_2	AAA25966.1	40.00	16	9	1	4	19	481	495	5.2	19.3
Seq9142_984_bp_-1_2_2	AII71783.1	25.93	29	20	2	29	57	141	167	5.7	18.0
Seq9142_984_bp_-1_2_2	ABN10845.1	55.56	11	4	2	78	86	43	53	7.4	17.1
Seq9142_984_bp_-1_2_2	AAA32376.1	44.44	9	5	0	27	35	84	92	8.1	16.6
Seq9142_984_bp_-1_2_2	AAR37016.1	37.50	16	10	0	21	36	1890	1905	8.6	20.3
Seq9142_984_bp_-1_2_2	AAX12058.1	28.57	14	10	0	8	21	239	252	9.2	17.1
Seq9142_984_bp_-1_2_3	AAA45888.1	63.64	11	4	0	13	23	87	97	0.13	21.9
Seq9142_984_bp_-1_2_3	AAA45888.1	53.33	16	7	1	6	20	145	160	0.13	21.9
Seq9142_984_bp_-1_2_3	ABD33854.1	50.00	15	6	3	2	16	3	14	0.38	17.7
Seq9142_984_bp_-1_2_3	AAA24142.1	62.50	8	3	0	1	8	32	39	1	19.1
Seq9142_984_bp_-1_2_3	BAB79260.1	35.71	14	9	0	8	21	249	262	2.7	17.7
Seq9142_984_bp_-1_2_3	AAA72732.1	83.33	6	1	0	13	18	60	65	3.5	16.8
Seq9142_984_bp_-1_2_3	CAA43372.1	42.86	7	4	0	5	11	283	289	4.6	16.8
Seq9142_984_bp_-1_2_3	AAA18786.1	66.67	6	2	0	6	11	12	17	5.6	15.9
Seq9142_984_bp_-1_2_3	AAI27517.1	50.00	8	4	0	8	15	259	266	6.4	16.8
Seq9142_984_bp_-1_2_3	CAA74140.1	37.50	8	5	0	5	12	902	909	7.3	17.3
Seq9142_984_bp_-1_2_3	AAB96524.1	44.44	9	5	0	12	20	92	100	9.8	14.5
