Seq1256_72_bp_1_0_0	ABK71357.1	55.56	9	4	0	5	13	168	176	0.32	20.6
Seq1256_72_bp_1_0_0	ABK71357.1	75.00	8	2	0	3	10	57	64	0.81	19.3
Seq1256_72_bp_1_0_0	AAR31603.1	38.89	18	11	0	5	22	144	161	0.45	19.9
Seq1256_72_bp_1_0_0	CAD53387.1	60.00	10	4	0	3	12	29	38	0.68	19.9
Seq1256_72_bp_1_0_0	CAD53387.1	60.00	10	4	0	3	12	95	104	0.68	19.9
Seq1256_72_bp_1_0_0	CAD53387.1	60.00	10	4	0	3	12	161	170	0.68	19.9
Seq1256_72_bp_1_0_0	CAD53387.1	60.00	10	4	0	3	12	227	236	0.68	19.9
Seq1256_72_bp_1_0_0	CAD53387.1	60.00	10	4	0	3	12	293	302	0.68	19.9
Seq1256_72_bp_1_0_0	CAD53387.1	60.00	10	4	0	3	12	359	368	0.68	19.9
Seq1256_72_bp_1_0_0	CAD53387.1	60.00	10	4	0	3	12	425	434	0.68	19.9
Seq1256_72_bp_1_0_0	CAA43372.1	40.00	15	9	0	4	18	341	355	2.3	17.9
Seq1256_72_bp_1_0_0	BAA32956.1	54.55	11	5	0	1	11	199	209	2.3	16.9
Seq1256_72_bp_1_0_0	AAB64315.2	45.45	11	6	0	7	17	116	126	2.8	17.2
Seq1256_72_bp_1_0_0	ABS38337.1	45.45	11	6	0	11	21	704	714	3.4	18.9
Seq1256_72_bp_1_0_0	ABD33854.1	33.33	12	8	0	3	14	34	45	3.5	14.5
Seq1256_72_bp_1_0_0	AAI27517.1	50.00	10	5	0	8	17	507	516	5	17.2
Seq1256_72_bp_1_0_0	AAA32376.1	23.53	17	13	0	8	24	141	157	5.9	15.2
Seq1256_72_bp_1_0_0	AAA32624.1	47.06	27	9	10	4	24	104	126	7	16.6
Seq1256_72_bp_1_0_0	CAA73529.1	36.84	21	12	2	4	22	200	220	7.3	15.6
Seq1256_72_bp_1_0_0	AAA18786.1	42.86	16	8	2	3	16	175	190	8.9	15.2
Seq1256_72_bp_1_0_0	AEE27845.1	50.00	16	6	4	9	20	1237	1252	9	17.6
Seq1256_72_bp_1_0_0	BAB79260.1	66.67	6	2	0	3	8	80	85	9.4	15.9
Seq1256_72_bp_1_1_0	AAA42531.1	30.00	20	14	0	1	20	264	283	0.9	19.1
Seq1256_72_bp_1_1_0	AAB64315.2	35.00	21	13	1	3	23	127	146	0.95	18.8
Seq1256_72_bp_1_1_0	CAA04196.1	25.00	20	15	0	3	22	259	278	5.4	16.6
Seq1256_72_bp_1_1_0	AAA45888.1	55.56	9	4	0	1	9	189	197	7.4	16.0
Seq1256_72_bp_1_1_0	AAA18786.1	35.71	14	9	0	10	23	146	159	8	15.3
Seq1256_72_bp_1_1_0	CAA73529.1	33.33	23	14	2	1	23	27	47	10	15.0
Seq1256_72_bp_1_2_0	AAC97205.1	100.00	23	0	0	1	23	410	432	2.9e-16	72.2
Seq1256_72_bp_1_2_0	CAA73529.1	35.00	22	13	2	1	22	254	273	0.28	20.3
Seq1256_72_bp_1_2_0	BAA32991.1	36.84	20	12	1	3	21	30	49	0.43	17.7
Seq1256_72_bp_1_2_0	BAB70780.1	40.00	20	12	0	4	23	163	182	0.64	19.9
Seq1256_72_bp_1_2_0	ABK71357.1	27.78	18	13	0	6	23	323	340	0.83	19.2
Seq1256_72_bp_1_2_0	ABD49687.1	37.50	17	10	1	6	22	502	517	1	21.0
Seq1256_72_bp_1_2_0	CAA04196.1	80.00	5	1	0	19	23	380	384	1.2	18.8
Seq1256_72_bp_1_2_0	AAB64315.2	38.10	23	13	2	2	22	240	262	2.6	17.3
Seq1256_72_bp_1_2_0	ABL74574.1	27.27	22	16	0	2	23	120	141	3	16.9
Seq1256_72_bp_1_2_0	AAA45888.1	66.67	12	3	3	15	23	70	81	3	17.3
Seq1256_72_bp_1_2_0	AAA42531.1	27.78	18	13	0	4	21	326	343	3.1	17.3
Seq1256_72_bp_1_2_0	CAA45199.1	38.46	13	8	0	1	13	167	179	3.7	17.3
Seq1256_72_bp_1_2_0	AAA36565.1	38.46	17	8	4	5	21	68	80	6.1	15.1
Seq1256_72_bp_1_2_0	AAB26998.1	60.00	5	2	0	13	17	2	6	7.9	13.6
Seq1256_72_bp_1_2_0	AAR37016.1	53.33	22	7	7	6	20	1221	1242	8.2	18.4
Seq1256_72_bp_1_2_0	ABD33854.1	40.00	5	3	0	17	21	58	62	8.3	13.2
Seq1256_72_bp_1_2_0	AIR13712.1	60.00	10	4	0	10	19	169	178	9	15.4
Seq1256_72_bp_1_2_0	CAA74140.1	44.44	9	5	0	12	20	539	547	9.1	16.9
Seq1256_72_bp_1_2_0	AAA18786.1	27.78	18	13	0	4	21	163	180	9.4	15.1
Seq1256_72_bp_1_2_0	ABN10845.1	80.00	7	1	2	14	20	154	158	9.9	14.7
Seq1256_72_bp_1_2_0	AAA65607.1	60.00	5	2	0	4	8	74	78	10	15.4
Seq1256_72_bp_-1_0_0	AAA26915.1	42.86	14	8	0	1	14	76	89	0.038	23.3
Seq1256_72_bp_-1_0_0	ABK71357.1	57.14	16	6	2	2	15	52	67	0.26	20.2
Seq1256_72_bp_-1_0_0	AAA23282.1	30.77	13	9	0	2	14	403	415	1.3	18.5
Seq1256_72_bp_-1_0_0	CAA74140.1	38.46	14	8	1	2	14	322	335	1.6	18.9
Seq1256_72_bp_-1_0_0	AAA32624.1	33.33	9	6	0	7	15	32	40	2.2	17.6
Seq1256_72_bp_-1_0_0	AAH69556.1	25.00	12	9	0	1	12	202	213	2.4	16.7
Seq1256_72_bp_-1_0_0	AAC78721.1	46.15	13	7	0	1	13	56	68	2.9	17.6
Seq1256_72_bp_-1_0_0	AAA65607.1	33.33	15	10	0	1	15	31	45	2.9	16.7
Seq1256_72_bp_-1_0_0	CAA43372.1	41.67	12	7	0	4	15	396	407	3.2	16.7
Seq1256_72_bp_-1_0_0	AAX12058.1	36.36	11	7	0	4	14	142	152	5.2	15.4
Seq1256_72_bp_-1_0_0	CAA73529.1	36.36	11	7	0	4	14	250	260	5.2	15.4
Seq1256_72_bp_-1_0_0	ABS38337.1	46.67	19	8	4	1	15	520	538	5.3	17.6
Seq1256_72_bp_-1_0_0	AAA36565.1	60.00	5	2	0	8	12	64	68	5.8	14.5
Seq1256_72_bp_-1_0_0	AAB64315.2	45.45	11	6	0	2	12	213	223	6.2	15.4
Seq1256_72_bp_-1_0_0	AAB26998.1	75.00	4	1	0	11	14	40	43	6.8	13.2
Seq1256_72_bp_-1_0_0	AAB03707.1	27.27	11	8	0	2	12	714	724	7.6	17.2
Seq1256_72_bp_-1_0_0	ABD33854.1	55.56	9	4	0	6	14	14	22	9.8	12.3
Seq1256_72_bp_-1_1_0	CAA73529.1	50.00	14	7	0	2	15	14	27	0.02	23.9
Seq1256_72_bp_-1_1_0	AAA42531.1	40.00	15	9	0	2	16	347	361	0.31	20.5
Seq1256_72_bp_-1_1_0	AAC97205.1	58.33	15	5	3	5	19	316	327	0.75	20.9
Seq1256_72_bp_-1_1_0	ACH70904.1	33.33	9	6	0	5	13	239	247	1.8	17.8
Seq1256_72_bp_-1_1_0	CAA04196.1	35.71	14	9	0	3	16	126	139	4.6	16.6
Seq1256_72_bp_-1_1_0	ABD33854.1	20.00	15	12	0	6	20	47	61	5.8	13.5
Seq1256_72_bp_-1_1_0	CAA45199.1	47.06	19	9	2	3	19	421	439	6.6	16.2
Seq1256_72_bp_-1_1_0	ABL74574.1	31.58	21	13	2	2	20	97	117	6.9	15.5
Seq1256_72_bp_-1_1_0	EDO47375.1	25.00	20	15	0	1	20	57	76	7.6	14.7
Seq1256_72_bp_-1_1_0	BAA32956.1	23.53	18	13	1	3	20	196	212	8.5	14.7
Seq1256_72_bp_-1_1_0	AAR37016.1	41.67	12	7	0	1	12	1734	1745	8.6	18.2
Seq1256_72_bp_-1_2_0	AAA36565.1	50.00	8	4	0	10	17	79	86	0.24	19.8
Seq1256_72_bp_-1_2_0	AAQ92751.2	66.67	17	4	5	2	13	901	917	0.47	21.9
Seq1256_72_bp_-1_2_0	CAA73529.1	61.54	15	5	2	11	23	154	168	0.83	18.7
Seq1256_72_bp_-1_2_0	AAC97205.1	42.86	14	8	0	5	18	410	423	0.86	20.8
Seq1256_72_bp_-1_2_0	ABL74574.1	31.58	19	13	0	4	22	148	166	1.1	18.4
Seq1256_72_bp_-1_2_0	AAI27517.1	26.32	19	14	0	4	22	97	115	1.4	19.1
Seq1256_72_bp_-1_2_0	AAR31603.1	40.91	25	13	3	2	23	125	149	1.6	18.0
Seq1256_72_bp_-1_2_0	BAA32991.1	60.00	12	4	2	2	13	42	51	3	14.8
Seq1256_72_bp_-1_2_0	CAA26230.1	40.00	22	12	2	1	22	287	306	3.5	17.7
Seq1256_72_bp_-1_2_0	AAA25966.1	38.89	21	11	3	3	23	509	526	3.5	18.0
Seq1256_72_bp_-1_2_0	AAA72732.1	26.32	19	14	0	5	23	43	61	4	16.6
Seq1256_72_bp_-1_2_0	AAR37016.1	38.10	22	13	1	1	22	163	183	4.3	19.4
Seq1256_72_bp_-1_2_0	AAB96524.1	50.00	11	5	1	6	16	106	115	4.9	15.5
Seq1256_72_bp_-1_2_0	AAA24142.1	47.06	19	9	2	3	21	56	72	5.7	16.6
Seq1256_72_bp_-1_2_0	BAB70780.1	35.00	21	13	1	4	23	86	106	6.1	16.6
Seq1256_72_bp_-1_2_0	AAA42531.1	45.45	14	6	3	10	23	91	101	6.2	16.3
Seq1256_72_bp_-1_2_0	AAC78721.1	43.75	17	9	1	2	17	153	169	6.6	17.0
Seq1256_72_bp_-1_2_0	CAA04196.1	40.00	10	6	0	10	19	257	266	6.7	16.3
Seq1256_72_bp_-1_2_0	AAC08817.1	33.33	18	12	0	4	21	131	148	6.9	14.8
Seq1256_72_bp_-1_2_0	AAA45888.1	36.36	11	7	0	2	12	70	80	7.7	15.9
Seq1256_72_bp_-1_2_0	AAH69556.1	25.00	12	9	0	8	19	212	223	7.8	15.5
Seq1256_72_bp_-1_2_0	BAB79260.1	36.36	11	7	0	13	23	84	94	9	15.9
Seq1256_72_bp_-1_2_0	ACT10338.1	42.86	14	8	0	8	21	130	143	9.8	15.5
Seq1256_72_bp_-1_2_0	CAD53387.1	35.71	14	9	0	1	14	66	79	9.9	15.9
Seq1256_72_bp_-1_2_0	ABD49687.1	33.33	20	12	2	3	22	2	19	10	17.7
