Seq10016_81_bp_1_0_0	ENA|AAC26660|AAC26660.1	38.10	21	13	0	7	27	115	135	0.8	18.9
Seq10016_81_bp_1_0_0	ENA|AAA42531|AAA42531.1	52.94	23	8	6	7	26	164	183	5.2	16.7
Seq10016_81_bp_1_0_0	ENA|BAB79260|BAB79260.1	40.91	22	13	0	3	24	290	311	7.2	16.5
Seq10016_81_bp_1_0_0	ENA|BAA32991|BAA32991.1	40.00	17	9	2	5	19	45	61	10	13.2
Seq10016_81_bp_1_1_0	ENA|AAC08817|AAC08817.1	53.33	16	7	1	5	20	122	136	0.48	18.9
Seq10016_81_bp_1_1_0	ENA|CAA24711|CAA24711.1	28.00	26	18	1	1	26	38	62	0.52	18.9
Seq10016_81_bp_1_1_0	ENA|CAA26939|CAA26939.1	30.77	28	18	2	1	26	229	256	0.83	20.0
Seq10016_81_bp_1_1_0	ENA|CAL82360|CAL82360.1	20.83	24	19	0	1	24	612	635	0.89	21.0
Seq10016_81_bp_1_1_0	ENA|CAA36214|CAA36214.1	41.18	17	10	0	3	19	75	91	0.92	18.9
Seq10016_81_bp_1_1_0	ENA|AAA25966|AAA25966.1	45.45	29	12	7	3	24	489	517	1.3	19.6
Seq10016_81_bp_1_1_0	ENA|CAA45199|CAA45199.1	28.57	21	15	0	1	21	85	105	1.8	18.6
Seq10016_81_bp_1_1_0	ENA|AAI27517|AAI27517.1	35.29	17	11	0	4	20	357	373	2.2	18.6
Seq10016_81_bp_1_1_0	ENA|BAA32018|BAA32018.1	46.15	14	7	1	3	15	303	316	3	18.2
Seq10016_81_bp_1_1_0	ENA|BAA05866|BAA05866.1	46.67	16	8	1	4	19	217	231	3.1	17.1
Seq10016_81_bp_1_1_0	ENA|AAA18786|AAA18786.1	80.00	5	1	0	3	7	239	243	3.4	16.8
Seq10016_81_bp_1_1_0	ENA|CAB75732|CAB75732.1	31.82	22	15	0	5	26	248	269	3.4	18.9
Seq10016_81_bp_1_1_0	ENA|EDO47375|EDO47375.1	38.46	13	8	0	4	16	5	17	3.9	16.1
Seq10016_81_bp_1_1_0	ENA|ABD49687|ABD49687.1	35.00	20	13	0	1	20	826	845	3.9	19.3
Seq10016_81_bp_1_1_0	ENA|BAA32956|BAA32956.1	33.33	15	10	0	4	18	187	201	4.3	16.1
Seq10016_81_bp_1_1_0	ENA|ABD33854|ABD33854.1	44.44	9	5	0	12	20	54	62	4.4	14.3
Seq10016_81_bp_1_1_0	ENA|AAC49865|AAC49865.1	46.15	13	7	0	2	14	109	121	5.3	16.4
Seq10016_81_bp_1_1_0	ENA|CAA45708|CAA45708.1	40.00	23	12	3	6	25	1007	1029	5.6	18.6
Seq10016_81_bp_1_1_0	ENA|AAA36114|AAA36114.1	38.89	24	11	6	5	22	189	212	6.3	16.8
Seq10016_81_bp_1_1_0	ENA|AAB03707|AAB03707.1	35.00	24	13	4	1	20	614	637	6.4	18.2
Seq10016_81_bp_1_1_0	ENA|AAA32624|AAA32624.1	29.41	17	12	0	5	21	40	56	6.5	16.8
Seq10016_81_bp_1_1_0	ENA|AAB66912|AAB66912.1	44.44	21	10	3	4	21	298	318	7.1	17.5
Seq10016_81_bp_1_1_0	ENA|BAB79260|BAB79260.1	40.00	23	12	3	4	26	228	247	7.1	16.4
Seq10016_81_bp_1_1_0	ENA|AAB96524|AAB96524.1	50.00	22	9	4	1	22	73	90	7.7	15.0
Seq10016_81_bp_1_1_0	ENA|CAA29968|CAA29968.1	42.86	15	8	1	13	26	63	77	8.1	15.0
Seq10016_81_bp_1_1_0	ENA|CAA36714|CAA36714.1	31.58	21	13	2	6	24	393	413	9.2	16.1
Seq10016_81_bp_1_1_0	ENA|ABK71357|ABK71357.1	50.00	10	5	0	15	24	68	77	9.3	15.7
Seq10016_81_bp_1_2_0	ENA|AAA42531|AAA42531.1	46.67	15	8	0	4	18	300	314	1.1	19.0
Seq10016_81_bp_1_2_0	ENA|BAA32991|BAA32991.1	66.67	23	4	11	4	23	19	33	1.4	16.1
Seq10016_81_bp_1_2_0	ENA|AAB26998|AAB26998.1	40.00	18	9	3	10	24	36	53	1.6	16.1
Seq10016_81_bp_1_2_0	ENA|ABD33854|ABD33854.1	50.00	6	3	0	5	10	56	61	2	15.5
Seq10016_81_bp_1_2_0	ENA|ABK71357|ABK71357.1	41.18	17	10	0	10	26	310	326	3.4	17.3
Seq10016_81_bp_1_2_0	ENA|ABN10845|ABN10845.1	41.67	14	7	2	15	26	100	113	3.7	16.4
Seq10016_81_bp_1_2_0	ENA|AAC97205|AAC97205.1	29.41	20	12	3	8	24	884	903	4.1	18.7
Seq10016_81_bp_1_2_0	ENA|CAA26023|CAA26023.1	75.00	11	2	3	18	25	158	168	5.2	16.7
Seq10016_81_bp_1_2_0	ENA|AAC26660|AAC26660.1	19.23	26	21	0	1	26	94	119	5.2	16.1
Seq10016_81_bp_1_2_0	ENA|AAC49865|AAC49865.1	29.41	17	12	0	10	26	36	52	5.4	16.4
Seq10016_81_bp_1_2_0	ENA|BAB17681|BAB17681.1	50.00	17	6	5	1	12	139	155	6.7	15.8
Seq10016_81_bp_-1_0_0	ENA|AAA18786|AAA18786.1	35.71	14	9	0	1	14	244	257	1.1	17.6
Seq10016_81_bp_-1_0_0	ENA|AAC78721|AAC78721.1	55.56	9	4	0	1	9	562	570	2	18.1
Seq10016_81_bp_-1_0_0	ENA|AAC08817|AAC08817.1	62.50	8	3	0	4	11	45	52	2.1	15.9
Seq10016_81_bp_-1_0_0	ENA|BAA05866|BAA05866.1	46.15	13	7	0	2	14	103	115	4	15.9
Seq10016_81_bp_-1_0_0	ENA|CAA24711|CAA24711.1	44.44	9	5	0	6	14	30	38	4.1	15.0
Seq10016_81_bp_-1_0_0	ENA|CAA45199|CAA45199.1	38.46	13	8	0	1	13	326	338	4.5	16.3
Seq10016_81_bp_-1_0_0	ENA|CAB75732|CAB75732.1	45.45	11	6	0	2	12	679	689	6	17.2
Seq10016_81_bp_-1_0_0	ENA|AAA25966|AAA25966.1	55.56	9	4	0	4	12	505	513	6.8	16.3
Seq10016_81_bp_-1_0_0	ENA|AAI27517|AAI27517.1	57.14	7	3	0	2	8	457	463	9.9	15.4
Seq10016_81_bp_-1_0_1	ENA|CAA11507|CAA11507.1	45.45	11	6	0	1	11	708	718	0.18	22.3
Seq10016_81_bp_-1_0_1	ENA|EDO47375|EDO47375.1	54.55	12	5	1	1	12	48	58	1.5	16.4
Seq10016_81_bp_-1_0_1	ENA|AAA42531|AAA42531.1	60.00	10	4	0	3	12	229	238	4.1	16.0
Seq10016_81_bp_-1_0_1	ENA|AAA72732|AAA72732.1	44.44	9	5	0	4	12	64	72	4.4	15.5
Seq10016_81_bp_-1_0_1	ENA|AAQ92751|AAQ92751.2	71.43	7	2	0	1	7	626	632	4.5	17.6
Seq10016_81_bp_-1_0_1	ENA|ACH70901|ACH70901.1	36.36	11	7	0	2	12	194	204	5	15.5
Seq10016_81_bp_-1_0_1	ENA|AAC78721|AAC78721.1	45.45	11	6	0	1	11	574	584	5.2	16.4
Seq10016_81_bp_-1_0_1	ENA|CAB75732|CAB75732.1	100.00	5	0	0	2	6	1109	1113	6.6	16.8
Seq10016_81_bp_-1_0_1	ENA|CAA26023|CAA26023.1	44.44	9	5	0	2	10	216	224	7	15.1
Seq10016_81_bp_-1_0_1	ENA|AAA25966|AAA25966.1	62.50	8	3	0	1	8	655	662	7.4	16.0
Seq10016_81_bp_-1_1_0	ENA|ABD49687|ABD49687.1	30.77	27	18	1	1	26	841	867	0.046	25.7
Seq10016_81_bp_-1_1_0	ENA|ABD49687|ABD49687.1	36.36	23	14	1	1	22	236	258	0.4	22.6
Seq10016_81_bp_-1_1_0	ENA|BAA32956|BAA32956.1	36.36	25	14	3	1	25	154	175	0.062	22.3
Seq10016_81_bp_-1_1_0	ENA|CAA45199|CAA45199.1	36.00	26	16	1	1	26	411	435	0.22	21.6
Seq10016_81_bp_-1_1_0	ENA|AAI27517|AAI27517.1	24.00	26	19	1	1	26	182	206	0.28	21.6
Seq10016_81_bp_-1_1_0	ENA|AAB66912|AAB66912.1	38.10	23	13	2	4	26	321	341	1.1	20.2
Seq10016_81_bp_-1_1_0	ENA|AAA36539|AAA36539.1	34.62	30	17	4	1	26	38	67	2.4	18.1
Seq10016_81_bp_-1_1_0	ENA|AAC08817|AAC08817.1	50.00	8	4	0	1	8	84	91	3.3	16.1
Seq10016_81_bp_-1_1_0	ENA|AAC26660|AAC26660.1	15.38	26	22	0	1	26	217	242	4.3	16.4
Seq10016_81_bp_-1_1_0	ENA|AAF79734|AAF79734.1	38.10	21	13	0	3	23	735	755	4.5	18.8
Seq10016_81_bp_-1_1_0	ENA|CAA45708|CAA45708.1	36.84	19	12	0	2	20	931	949	4.7	18.8
Seq10016_81_bp_-1_1_0	ENA|AAR31603|AAR31603.1	39.13	28	14	5	3	25	260	287	5.4	16.4
Seq10016_81_bp_-1_1_0	ENA|CAL82360|CAL82360.1	30.00	22	14	2	5	24	62	83	6.3	18.1
Seq10016_81_bp_-1_1_0	ENA|BAA05866|BAA05866.1	20.83	25	19	1	1	24	232	256	6.4	16.1
Seq10016_81_bp_-1_1_0	ENA|AAA24145|AAA24145.1	50.00	8	4	0	8	15	359	366	7.4	16.4
Seq10016_81_bp_-1_1_0	ENA|CAA29968|CAA29968.1	44.44	9	5	0	2	10	135	143	8.1	15.0
Seq10016_81_bp_-1_1_0	ENA|AAA32624|AAA32624.1	18.75	16	13	0	5	20	249	264	8.4	16.4
Seq10016_81_bp_-1_1_0	ENA|CAA24711|CAA24711.1	26.92	27	19	1	1	26	22	48	9.1	14.7
Seq10016_81_bp_-1_1_0	ENA|BAA36759|BAA36759.1	35.71	14	9	0	2	15	8	21	9.4	15.4
Seq10016_81_bp_-1_2_0	ENA|ABD33854|ABD33854.1	57.14	15	6	1	2	16	28	41	0.053	20.2
Seq10016_81_bp_-1_2_0	ENA|AAB96524|AAB96524.1	46.67	20	8	5	3	17	64	83	1.5	16.9
Seq10016_81_bp_-1_2_0	ENA|AAF79734|AAF79734.1	45.45	11	6	0	5	15	1198	1208	6.6	17.6
Seq10016_81_bp_-1_2_0	ENA|ABK71357|ABK71357.1	45.45	12	6	1	2	12	144	155	7.6	15.4
Seq10016_81_bp_-1_2_0	ENA|AAB03707|AAB03707.1	45.45	11	6	0	1	11	206	216	8	17.3
Seq10016_81_bp_-1_2_0	ENA|AAR31603|AAR31603.1	30.77	13	9	0	3	15	165	177	8.6	15.1
