Seq1071_75_bp_1_0_0	AAB96524.1	57.14	7	3	0	5	11	117	123	2.3	16.0
Seq1071_75_bp_1_0_0	CAA04196.1	60.00	12	4	2	1	10	360	371	3.4	16.6
Seq1071_75_bp_1_0_0	AAA72732.1	66.67	6	2	0	7	12	192	197	3.8	16.0
Seq1071_75_bp_1_0_0	AAA32624.1	50.00	8	4	0	1	8	484	491	4.2	16.6
Seq1071_75_bp_1_0_0	BAA32018.1	42.86	14	8	0	1	14	144	157	5	16.6
Seq1071_75_bp_1_0_0	AAF01122.1	66.67	6	2	0	4	9	239	244	6.6	15.4
Seq1071_75_bp_1_0_0	AAR37016.1	54.55	11	5	0	4	14	2263	2273	8.2	17.7
Seq1071_75_bp_1_0_1	AAX12058.1	33.33	9	6	0	1	9	57	65	0.14	20.1
Seq1071_75_bp_1_0_1	AAR37016.1	55.56	9	4	0	1	9	80	88	0.28	22.2
Seq1071_75_bp_1_0_1	AAQ92751.2	83.33	6	1	0	3	8	636	641	0.44	20.8
Seq1071_75_bp_1_0_1	AAB03707.1	83.33	6	1	0	1	6	4	9	0.72	20.1
Seq1071_75_bp_1_0_1	ABS38337.1	57.14	7	3	0	2	8	998	1004	1.8	18.6
Seq1071_75_bp_1_0_1	AAA24969.1	75.00	8	2	0	3	10	6	13	2.1	18.6
Seq1071_75_bp_1_0_1	AAA18786.1	66.67	6	2	0	5	10	185	190	2.7	15.8
Seq1071_75_bp_1_0_1	ABN10845.1	75.00	4	1	0	2	5	47	50	3.5	15.1
Seq1071_75_bp_1_0_1	AAC17860.1	60.00	5	2	0	4	8	298	302	4	15.8
Seq1071_75_bp_1_0_1	AAA25966.1	83.33	6	1	0	1	6	350	355	4.3	16.5
Seq1071_75_bp_1_0_1	CAA11507.1	37.50	8	5	0	3	10	700	707	5	17.2
Seq1071_75_bp_1_0_1	AEE27845.1	80.00	5	1	0	6	10	547	551	5.1	17.2
Seq1071_75_bp_1_1_0	AAC08817.1	100.00	24	0	0	1	24	84	107	8.5e-17	71.2
Seq1071_75_bp_1_1_0	AAA36565.1	50.00	10	5	0	13	22	10	19	0.68	18.4
Seq1071_75_bp_1_1_0	CAA43372.1	50.00	10	5	0	9	18	290	299	2.4	17.8
Seq1071_75_bp_1_1_0	BAA32018.1	45.45	11	6	0	5	15	316	326	2.5	18.4
Seq1071_75_bp_1_1_0	AAB64315.2	45.45	11	6	0	3	13	151	161	2.7	17.3
Seq1071_75_bp_1_1_0	CAA45199.1	55.56	9	4	0	4	12	297	305	3.8	17.3
Seq1071_75_bp_1_1_0	CAA11507.1	41.18	17	10	0	1	17	1157	1173	3.8	18.9
Seq1071_75_bp_1_1_0	AEE27845.1	41.18	17	10	0	8	24	1343	1359	3.9	18.9
Seq1071_75_bp_1_1_0	ABG75784.1	80.00	5	1	0	19	23	243	247	5	16.3
Seq1071_75_bp_1_1_0	BAB70780.1	30.77	13	9	0	4	16	70	82	5.5	16.8
Seq1071_75_bp_1_1_0	AAA32376.1	30.00	10	7	0	3	12	136	145	7.8	14.8
Seq1071_75_bp_1_1_0	AAF01122.1	26.67	15	11	0	2	16	79	93	8.3	15.8
Seq1071_75_bp_1_2_0	CAA73529.1	50.00	10	5	0	4	13	182	191	0.49	19.3
Seq1071_75_bp_1_2_0	AAF01122.1	33.33	15	10	0	3	17	332	346	1	18.7
Seq1071_75_bp_1_2_0	ABD49687.1	42.11	21	11	2	3	21	1142	1162	2	20.0
Seq1071_75_bp_1_2_0	CAA26230.1	30.77	13	9	0	9	21	191	203	2.3	18.1
Seq1071_75_bp_1_2_0	AAC08817.1	66.67	6	2	0	10	15	100	105	2.4	16.3
Seq1071_75_bp_1_2_0	AAA26915.1	35.29	18	11	1	4	21	106	122	4.4	16.9
Seq1071_75_bp_1_2_0	AII71783.1	45.45	11	6	0	3	13	258	268	4.4	16.3
Seq1071_75_bp_1_2_0	BAA32991.1	44.44	9	5	0	10	18	7	15	5.3	13.8
Seq1071_75_bp_1_2_0	CAA43372.1	15.38	13	11	0	5	17	389	401	5.9	16.3
Seq1071_75_bp_1_2_0	CAA04196.1	75.00	4	1	0	10	13	23	26	6	16.3
Seq1071_75_bp_1_2_0	AAA24969.1	44.44	9	5	0	2	10	1444	1452	6.1	18.1
Seq1071_75_bp_1_2_0	CAA45199.1	11.11	18	16	0	3	20	417	434	6.7	16.3
Seq1071_75_bp_1_2_0	AAI27517.1	80.00	5	1	0	2	6	295	299	8.2	16.3
Seq1071_75_bp_1_2_0	BAB17681.1	75.00	4	1	0	1	4	187	190	8.9	15.1
Seq1071_75_bp_1_2_0	AAA72732.1	80.00	5	1	0	8	12	101	105	10	15.1
Seq1071_75_bp_-1_0_0	BAB79260.1	61.54	13	5	0	13	25	93	105	0.05	23.6
Seq1071_75_bp_-1_0_0	AAA23282.1	42.86	14	8	0	11	24	142	155	0.55	20.5
Seq1071_75_bp_-1_0_0	CAA11507.1	26.32	19	14	0	7	25	1040	1058	1.9	20.0
Seq1071_75_bp_-1_0_0	CAA26230.1	50.00	10	5	0	7	16	521	530	4.5	17.4
Seq1071_75_bp_-1_0_0	ABS38337.1	45.45	11	6	0	3	13	995	1005	5	18.4
Seq1071_75_bp_-1_0_0	BAA32018.1	71.43	7	2	0	9	15	93	99	5	17.4
Seq1071_75_bp_-1_0_0	ABN10845.1	35.71	14	9	0	11	24	67	80	5.1	15.8
Seq1071_75_bp_-1_0_0	AAB64315.2	23.53	17	13	0	8	24	146	162	5.4	16.4
Seq1071_75_bp_-1_0_0	CAA45199.1	30.00	20	14	0	3	22	307	326	5.4	16.9
Seq1071_75_bp_-1_0_0	ABL74574.1	30.00	10	7	0	6	15	189	198	6.7	15.8
Seq1071_75_bp_-1_0_0	AII71783.1	50.00	12	6	0	11	22	7	18	7.1	15.8
Seq1071_75_bp_-1_0_0	AAR31603.1	62.50	8	3	0	7	14	125	132	7.5	15.8
Seq1071_75_bp_-1_0_0	AIR13712.1	46.15	13	7	0	13	25	76	88	7.5	15.8
Seq1071_75_bp_-1_0_0	AAB26998.1	33.33	9	6	0	3	11	51	59	7.6	13.8
Seq1071_75_bp_-1_0_0	AAF01122.1	63.64	11	4	0	15	25	19	29	8.5	15.8
Seq1071_75_bp_-1_0_0	AAH69556.1	46.67	16	8	1	10	25	114	128	9.8	15.3
Seq1071_75_bp_-1_1_0	AEE27845.1	44.44	19	10	1	1	19	97	114	0.33	22.5
Seq1071_75_bp_-1_1_0	BAA32956.1	58.33	12	5	0	9	20	16	27	2.1	17.1
Seq1071_75_bp_-1_1_0	ABG75784.1	30.77	13	9	0	10	22	119	131	3.1	17.1
Seq1071_75_bp_-1_1_0	AAA32624.1	60.00	5	2	0	16	20	305	309	3.2	17.7
Seq1071_75_bp_-1_1_0	AAC78721.1	62.50	8	3	0	17	24	349	356	4.1	17.7
Seq1071_75_bp_-1_1_0	BAB70780.1	35.71	14	9	0	6	19	391	404	4.7	17.1
Seq1071_75_bp_-1_1_0	AAB26998.1	42.86	7	4	0	16	22	36	42	5	14.3
Seq1071_75_bp_-1_1_0	CAA43372.1	66.67	6	2	0	15	20	176	181	6.3	16.4
Seq1071_75_bp_-1_1_0	CAA04196.1	71.43	7	2	0	17	23	138	144	6.4	16.4
Seq1071_75_bp_-1_1_0	AAC97205.1	71.43	7	2	0	4	10	50	56	7.3	17.7
Seq1071_75_bp_-1_1_0	AAB64315.2	60.00	5	2	0	10	14	290	294	7.9	15.7
Seq1071_75_bp_-1_1_0	ABN10845.1	50.00	8	4	0	2	9	98	105	8.3	15.0
Seq1071_75_bp_-1_1_0	BAA32018.1	18.18	11	9	0	4	14	597	607	9.3	16.4
Seq1071_75_bp_-1_2_0	AAB96524.1	41.67	12	7	0	7	18	112	123	0.78	18.0
Seq1071_75_bp_-1_2_0	AAA24142.1	36.36	11	7	0	6	16	390	400	3.9	16.9
Seq1071_75_bp_-1_2_0	AAA65607.1	50.00	8	4	0	7	14	4	11	6.5	15.8
Seq1071_75_bp_-1_2_0	AAQ92751.2	40.00	10	6	0	9	18	1377	1386	7.9	17.4
