Seq10045_239_bp_1_0_0	ENA|CAA45199|CAA45199.1	24.56	60	43	3	2	58	320	379	0.18	23.1
Seq10045_239_bp_1_0_0	ENA|ABD49687|ABD49687.1	25.45	57	41	2	1	55	1074	1130	0.43	23.7
Seq10045_239_bp_1_0_0	ENA|BAA32018|BAA32018.1	25.86	59	43	1	1	59	407	464	0.55	21.9
Seq10045_239_bp_1_0_0	ENA|ABG75784|ABG75784.1	25.53	49	35	2	1	49	197	243	0.78	20.4
Seq10045_239_bp_1_0_0	ENA|AAR31603|AAR31603.1	26.83	44	30	3	7	49	167	208	0.82	20.4
Seq10045_239_bp_1_0_0	ENA|BAA32956|BAA32956.1	29.27	42	29	1	18	58	41	82	0.99	19.5
Seq10045_239_bp_1_0_0	ENA|CAA28033|CAA28033.1	23.08	52	40	0	2	53	522	573	1.7	21.3
Seq10045_239_bp_1_0_0	ENA|AAB66912|AAB66912.1	32.73	65	37	10	5	59	262	326	1.9	20.7
Seq10045_239_bp_1_0_0	ENA|CAA36214|CAA36214.1	38.46	27	16	1	1	27	192	217	2.2	18.9
Seq10045_239_bp_1_0_0	ENA|AAA72732|AAA72732.1	29.55	45	31	1	2	46	172	215	2.2	18.9
Seq10045_239_bp_1_0_0	ENA|AAB96524|AAB96524.1	35.29	17	11	0	17	33	70	86	2.5	18.0
Seq10045_239_bp_1_0_0	ENA|CAA73529|CAA73529.1	22.73	46	34	2	16	59	142	187	2.9	18.3
Seq10045_239_bp_1_0_0	ENA|BAB17681|BAB17681.1	22.81	63	44	6	3	60	138	199	2.9	18.3
Seq10045_239_bp_1_0_0	ENA|AAQ92751|AAQ92751.2	26.42	55	39	2	6	60	8	60	4.2	20.1
Seq10045_239_bp_1_0_0	ENA|ABN10845|ABN10845.1	20.59	34	27	0	20	53	161	194	4.3	17.3
Seq10045_239_bp_1_0_0	ENA|CAL82360|CAL82360.1	37.25	58	32	7	1	57	107	158	4.7	19.8
Seq10045_239_bp_1_0_0	ENA|CAA11507|CAA11507.1	29.82	65	40	8	2	58	655	719	5	19.8
Seq10045_239_bp_1_0_0	ENA|CAA29968|CAA29968.1	21.28	47	37	0	13	59	21	67	5.8	16.7
Seq10045_239_bp_1_0_0	ENA|CAA43419|CAA43419.1	27.66	49	34	2	14	60	136	184	5.8	17.6
Seq10045_239_bp_1_0_0	ENA|AAA36114|AAA36114.1	20.69	62	46	4	1	58	65	126	6.5	18.0
Seq10045_239_bp_1_0_0	ENA|CAA36714|CAA36714.1	20.83	48	38	0	10	57	27	74	8.9	17.3
Seq10045_239_bp_1_0_0	ENA|CAD53387|CAD53387.1	16.67	48	40	0	13	60	24	71	9.5	17.3
Seq10045_239_bp_1_0_1	ENA|AAC97205|AAC97205.1	55.56	9	4	0	8	16	1196	1204	0.49	21.2
Seq10045_239_bp_1_0_1	ENA|AAB26998|AAB26998.1	50.00	10	5	0	3	12	33	42	0.83	16.4
Seq10045_239_bp_1_0_1	ENA|AAB96524|AAB96524.1	46.15	13	7	0	1	13	5	17	1.4	16.9
Seq10045_239_bp_1_0_1	ENA|AAC17860|AAC17860.1	50.00	11	5	1	3	13	64	73	1.4	18.0
Seq10045_239_bp_1_0_1	ENA|AAA72732|AAA72732.1	36.36	11	7	0	4	14	226	236	1.6	17.4
Seq10045_239_bp_1_0_1	ENA|AAA24145|AAA24145.1	40.00	10	6	0	4	13	26	35	1.6	18.0
Seq10045_239_bp_1_0_1	ENA|CAA24711|CAA24711.1	50.00	8	4	0	5	12	157	164	1.8	16.4
Seq10045_239_bp_1_0_1	ENA|AAF79734|AAF79734.1	36.36	11	7	0	4	14	450	460	2.4	19.0
Seq10045_239_bp_1_0_1	ENA|AAA25966|AAA25966.1	30.77	13	9	0	1	13	464	476	2.5	18.0
Seq10045_239_bp_1_0_1	ENA|CAA43419|CAA43419.1	36.36	11	7	0	4	14	272	282	2.7	16.9
Seq10045_239_bp_1_0_1	ENA|ACT10338|ACT10338.1	30.77	13	9	0	1	13	20	32	2.8	16.9
Seq10045_239_bp_1_0_1	ENA|AAI27517|AAI27517.1	21.43	14	11	0	2	15	487	500	3	17.4
Seq10045_239_bp_1_0_1	ENA|CCP43727|CCP43727.1	45.45	11	6	0	1	11	210	220	3.4	16.4
Seq10045_239_bp_1_0_1	ENA|AAA36114|AAA36114.1	35.71	14	9	0	1	14	275	288	3.7	16.9
Seq10045_239_bp_1_0_1	ENA|ABK71357|ABK71357.1	23.08	13	10	0	3	15	206	218	3.9	16.4
Seq10045_239_bp_1_0_1	ENA|ABN10845|ABN10845.1	33.33	9	6	0	8	16	119	127	4.7	15.3
Seq10045_239_bp_1_0_1	ENA|BAB79260|BAB79260.1	20.00	15	12	0	1	15	390	404	4.7	16.4
Seq10045_239_bp_1_0_1	ENA|AAC49865|AAC49865.1	62.50	8	3	0	6	13	70	77	4.9	15.9
Seq10045_239_bp_1_0_1	ENA|AAA18786|AAA18786.1	33.33	12	8	0	4	15	251	262	5.7	15.3
Seq10045_239_bp_1_0_1	ENA|CAA11507|CAA11507.1	28.57	14	10	0	3	16	924	937	6.6	17.4
Seq10045_239_bp_1_0_1	ENA|EDO47375|EDO47375.1	18.18	11	9	0	1	11	44	54	8.1	14.3
Seq10045_239_bp_1_0_1	ENA|AAB66912|AAB66912.1	28.57	7	5	0	8	14	832	838	9.2	16.4
Seq10045_239_bp_1_0_1	ENA|AAQ92751|AAQ92751.2	23.08	13	10	0	4	16	340	352	9.4	16.9
Seq10045_239_bp_1_1_0	ENA|ABD33854|ABD33854.1	30.00	20	14	0	27	46	11	30	5.2	14.9
Seq10045_239_bp_1_1_0	ENA|ABK71357|ABK71357.1	30.43	23	16	0	22	44	31	53	6.6	17.1
Seq10045_239_bp_1_1_0	ENA|AAA18786|AAA18786.1	31.43	39	24	4	3	40	209	244	7.3	16.5
Seq10045_239_bp_1_1_0	ENA|AAI27517|AAI27517.1	43.75	16	9	0	30	45	287	302	8.4	17.4
Seq10045_239_bp_1_1_0	ENA|AAB66912|AAB66912.1	29.27	45	29	4	3	43	69	113	8.6	18.0
Seq10045_239_bp_1_1_1	ENA|CAD53387|CAD53387.1	47.06	18	9	1	1	18	472	488	0.043	23.9
Seq10045_239_bp_1_1_1	ENA|CAA28033|CAA28033.1	33.33	18	12	0	6	23	44	61	0.26	22.6
Seq10045_239_bp_1_1_1	ENA|ABK71357|ABK71357.1	42.11	21	11	2	5	23	53	73	0.31	20.6
Seq10045_239_bp_1_1_1	ENA|AAR37016|AAR37016.1	41.67	12	7	0	5	16	58	69	0.63	22.2
Seq10045_239_bp_1_1_1	ENA|AAQ92751|AAQ92751.2	27.78	18	13	0	6	23	1058	1075	0.65	21.4
Seq10045_239_bp_1_1_1	ENA|AAA42531|AAA42531.1	30.00	20	14	0	4	23	356	375	1.3	18.5
Seq10045_239_bp_1_1_1	ENA|BAA05866|BAA05866.1	22.73	22	17	0	2	23	152	173	1.4	18.1
Seq10045_239_bp_1_1_1	ENA|CAA29968|CAA29968.1	62.50	8	3	0	12	19	95	102	1.6	17.3
Seq10045_239_bp_1_1_1	ENA|BAA32018|BAA32018.1	60.00	10	4	0	13	22	577	586	2.1	18.5
Seq10045_239_bp_1_1_1	ENA|BAA36759|BAA36759.1	31.25	17	11	1	1	16	175	191	2.3	17.3
Seq10045_239_bp_1_1_1	ENA|ABD49687|ABD49687.1	53.85	13	6	0	10	22	1140	1152	2.5	19.8
Seq10045_239_bp_1_1_1	ENA|AAC26660|AAC26660.1	33.33	13	8	1	5	17	185	196	2.7	16.9
Seq10045_239_bp_1_1_1	ENA|ACH70901|ACH70901.1	23.08	13	10	0	6	18	103	115	2.9	17.3
Seq10045_239_bp_1_1_1	ENA|AAC78721|AAC78721.1	18.18	22	18	0	2	23	608	629	3	18.1
Seq10045_239_bp_1_1_1	ENA|AAS77176|AAS77176.1	50.00	15	7	1	7	20	73	87	3.1	16.9
Seq10045_239_bp_1_1_1	ENA|AAC49865|AAC49865.1	38.10	22	13	1	1	21	150	171	3.5	16.9
Seq10045_239_bp_1_1_1	ENA|AAA36539|AAA36539.1	71.43	7	2	0	13	19	313	319	3.8	17.3
Seq10045_239_bp_1_1_1	ENA|BAA32956|BAA32956.1	57.14	7	3	0	17	23	48	54	3.9	16.1
Seq10045_239_bp_1_1_1	ENA|AAC97205|AAC97205.1	33.33	18	12	0	4	21	385	402	4.2	18.5
Seq10045_239_bp_1_1_1	ENA|AAA25966|AAA25966.1	41.67	12	7	0	6	17	683	694	4.3	17.7
Seq10045_239_bp_1_1_1	ENA|ABG75784|ABG75784.1	57.14	7	3	0	5	11	194	200	4.3	16.5
Seq10045_239_bp_1_1_1	ENA|BAB79260|BAB79260.1	55.56	9	4	0	2	10	391	399	4.7	16.9
Seq10045_239_bp_1_1_1	ENA|AAC08817|AAC08817.1	66.67	3	1	0	5	7	1	3	5.1	15.2
Seq10045_239_bp_1_1_1	ENA|AAA32624|AAA32624.1	31.25	17	11	1	1	17	299	314	5.4	16.9
Seq10045_239_bp_1_1_1	ENA|CAA11507|CAA11507.1	40.00	24	12	4	4	23	1009	1032	6	18.1
Seq10045_239_bp_1_1_1	ENA|AAI27517|AAI27517.1	25.00	22	15	2	4	23	171	192	6.1	16.9
Seq10045_239_bp_1_1_1	ENA|AAB03707|AAB03707.1	33.33	15	10	0	6	20	630	644	7.9	17.7
Seq10045_239_bp_1_1_1	ENA|EDO47375|EDO47375.1	80.00	5	1	0	17	21	84	88	7.9	14.8
Seq10045_239_bp_1_1_1	ENA|CAA36714|CAA36714.1	40.00	16	9	1	1	16	451	465	8.3	16.1
Seq10045_239_bp_1_1_1	ENA|CAA45199|CAA45199.1	23.53	17	13	0	3	19	17	33	8.4	16.1
Seq10045_239_bp_1_1_1	ENA|CAA73529|CAA73529.1	36.36	11	7	0	1	11	37	47	8.6	15.2
Seq10045_239_bp_1_1_1	ENA|CAA43419|CAA43419.1	40.00	15	9	0	6	20	87	101	8.6	15.7
Seq10045_239_bp_1_1_1	ENA|CAA24711|CAA24711.1	26.67	15	11	0	5	19	155	169	9.5	14.4
Seq10045_239_bp_1_1_1	ENA|AAC17860|AAC17860.1	28.57	14	10	0	10	23	68	81	9.6	15.7
Seq10045_239_bp_1_1_1	ENA|CAL82360|CAL82360.1	41.67	12	7	0	7	18	663	674	9.6	17.3
Seq10045_239_bp_1_2_0	ENA|CAA29968|CAA29968.1	54.55	11	5	0	13	23	102	112	0.068	22.0
Seq10045_239_bp_1_2_0	ENA|BAA32956|BAA32956.1	32.00	25	17	0	1	25	164	188	0.31	20.0
Seq10045_239_bp_1_2_0	ENA|AAC49865|AAC49865.1	31.58	19	13	0	1	19	52	70	0.76	19.3
Seq10045_239_bp_1_2_0	ENA|AAC78721|AAC78721.1	35.29	17	11	0	2	18	59	75	1.2	19.6
Seq10045_239_bp_1_2_0	ENA|BAB17681|BAB17681.1	33.33	18	12	0	1	18	157	174	1.3	18.3
Seq10045_239_bp_1_2_0	ENA|CAA73529|CAA73529.1	62.50	8	3	0	11	18	264	271	2.1	17.6
Seq10045_239_bp_1_2_0	ENA|AAA42531|AAA42531.1	50.00	12	6	0	15	26	7	18	2.9	17.6
Seq10045_239_bp_1_2_0	ENA|AAB26998|AAB26998.1	31.25	17	11	1	7	23	16	31	3.1	15.2
Seq10045_239_bp_1_2_0	ENA|AAA24145|AAA24145.1	44.44	9	5	0	10	18	167	175	4.3	17.2
Seq10045_239_bp_1_2_0	ENA|AAC97205|AAC97205.1	50.00	12	6	0	12	23	157	168	4.5	18.6
Seq10045_239_bp_1_2_0	ENA|ACT10338|ACT10338.1	42.86	16	8	2	10	23	122	137	5.8	16.5
Seq10045_239_bp_1_2_0	ENA|AAC26660|AAC26660.1	47.37	21	10	2	2	22	93	111	6.1	15.9
Seq10045_239_bp_1_2_0	ENA|AAA18786|AAA18786.1	70.00	12	3	2	15	26	260	269	6.3	15.9
Seq10045_239_bp_1_2_0	ENA|BAA32991|BAA32991.1	39.13	29	14	6	1	25	10	36	6.7	13.8
Seq10045_239_bp_1_2_0	ENA|ABK71357|ABK71357.1	40.91	24	13	2	1	22	303	326	8.6	15.9
Seq10045_239_bp_1_2_0	ENA|CAD53387|CAD53387.1	36.00	26	16	1	1	26	470	494	9.1	16.2
Seq10045_239_bp_1_2_0	ENA|AAA36114|AAA36114.1	50.00	20	8	4	10	25	234	253	9.3	16.2
Seq10045_239_bp_1_2_1	ENA|BAB79260|BAB79260.1	30.00	52	35	2	1	50	349	400	0.044	24.9
Seq10045_239_bp_1_2_1	ENA|ACH70901|ACH70901.1	37.93	34	18	5	9	42	57	85	0.53	20.9
Seq10045_239_bp_1_2_1	ENA|AAC17860|AAC17860.1	15.79	38	32	0	11	48	329	366	1.2	20.0
Seq10045_239_bp_1_2_1	ENA|CAA73529|CAA73529.1	32.56	52	29	9	7	51	35	84	1.5	19.0
Seq10045_239_bp_1_2_1	ENA|ABK71357|ABK71357.1	16.67	42	35	0	11	52	1	42	2.1	19.0
Seq10045_239_bp_1_2_1	ENA|CAA28033|CAA28033.1	18.18	45	36	1	8	52	221	264	2.4	20.6
Seq10045_239_bp_1_2_1	ENA|CAA29968|CAA29968.1	27.59	29	21	0	5	33	129	157	2.7	17.7
Seq10045_239_bp_1_2_1	ENA|BAA05866|BAA05866.1	29.79	51	33	4	2	49	26	75	2.7	18.3
Seq10045_239_bp_1_2_1	ENA|AAA72732|AAA72732.1	31.11	50	31	5	1	45	186	235	2.7	18.3
Seq10045_239_bp_1_2_1	ENA|CAL82360|CAL82360.1	26.32	42	28	4	11	52	290	327	2.9	20.3
Seq10045_239_bp_1_2_1	ENA|CAA29956|CAA29956.1	35.29	41	22	7	10	47	173	209	3.3	18.3
Seq10045_239_bp_1_2_1	ENA|AAA32624|AAA32624.1	28.57	28	20	0	13	40	96	123	3.6	18.7
Seq10045_239_bp_1_2_1	ENA|ABN10845|ABN10845.1	21.62	37	29	0	9	45	162	198	3.7	17.4
Seq10045_239_bp_1_2_1	ENA|EDO47375|EDO47375.1	22.58	31	24	0	12	42	13	43	4	17.0
Seq10045_239_bp_1_2_1	ENA|AAC78721|AAC78721.1	28.57	30	20	2	24	51	288	317	4.7	18.7
Seq10045_239_bp_1_2_1	ENA|CAA24711|CAA24711.1	28.57	46	30	4	6	49	79	122	5.7	16.4
Seq10045_239_bp_1_2_1	ENA|CAA11507|CAA11507.1	38.71	34	19	3	14	44	475	508	5.9	19.3
Seq10045_239_bp_1_2_1	ENA|AAB03707|AAB03707.1	21.62	39	29	2	12	48	183	221	6	19.3
Seq10045_239_bp_1_2_1	ENA|ABD33854|ABD33854.1	38.46	13	8	0	32	44	19	31	6.5	14.7
Seq10045_239_bp_1_2_1	ENA|AAA36114|AAA36114.1	29.55	47	31	3	1	44	131	177	6.8	17.7
Seq10045_239_bp_1_2_1	ENA|AAR31603|AAR31603.1	26.19	44	31	2	1	44	43	84	6.9	17.0
Seq10045_239_bp_1_2_1	ENA|AAS77176|AAS77176.1	18.60	45	35	2	7	51	142	184	7.5	16.7
Seq10045_239_bp_1_2_1	ENA|AAB66912|AAB66912.1	66.67	9	3	0	7	15	84	92	7.8	18.3
Seq10045_239_bp_1_2_1	ENA|AAA36539|AAA36539.1	25.00	28	21	0	7	34	354	381	7.9	17.4
Seq10045_239_bp_1_2_1	ENA|AAA42531|AAA42531.1	23.68	39	29	1	3	40	12	50	9.9	16.7
Seq10045_239_bp_-1_0_0	ENA|ABD33854|ABD33854.1	36.36	12	7	1	3	14	52	62	5	14.0
Seq10045_239_bp_-1_0_0	ENA|EDO47375|EDO47375.1	30.00	22	14	2	2	21	169	190	6	15.3
Seq10045_239_bp_-1_0_0	ENA|ABD49687|ABD49687.1	46.15	14	7	1	4	16	505	518	7.2	18.2
Seq10045_239_bp_-1_0_0	ENA|AAR37016|AAR37016.1	30.00	20	14	0	4	23	280	299	9.6	18.2
Seq10045_239_bp_-1_0_1	ENA|AAA42531|AAA42531.1	33.33	19	12	1	1	19	342	359	2.5	17.4
Seq10045_239_bp_-1_0_1	ENA|CAA36214|CAA36214.1	44.44	23	10	5	2	19	179	201	2.5	17.0
Seq10045_239_bp_-1_0_1	ENA|ABG75784|ABG75784.1	33.33	12	8	0	5	16	300	311	3.4	16.6
Seq10045_239_bp_-1_0_1	ENA|ABD33854|ABD33854.1	40.00	10	6	0	5	14	41	50	4.6	13.8
Seq10045_239_bp_-1_0_1	ENA|AAI27517|AAI27517.1	36.36	11	7	0	1	11	388	398	8	16.2
Seq10045_239_bp_-1_0_1	ENA|CAA45708|CAA45708.1	58.33	14	5	2	3	16	1242	1253	9.1	17.4
Seq10045_239_bp_-1_0_1	ENA|CAL82360|CAL82360.1	23.53	17	13	0	1	17	1225	1241	9.9	17.0
Seq10045_239_bp_-1_0_2	ENA|BAA32991|BAA32991.1	34.62	30	17	4	6	32	23	51	4.4	14.8
Seq10045_239_bp_-1_1_0	ENA|AAC40132|AAC40132.1	27.50	41	29	1	9	49	233	272	2.9	19.1
Seq10045_239_bp_-1_1_0	ENA|CAA26939|CAA26939.1	22.00	52	39	2	3	54	482	531	3.5	19.1
Seq10045_239_bp_-1_1_0	ENA|AAA36539|AAA36539.1	33.33	35	20	5	4	37	76	106	4.1	18.6
Seq10045_239_bp_-1_1_0	ENA|AAR31603|AAR31603.1	26.00	53	37	3	7	59	201	250	4.8	17.8
Seq10045_239_bp_-1_1_0	ENA|BAA32956|BAA32956.1	26.53	56	36	7	4	55	36	88	6.2	16.8
Seq10045_239_bp_-1_1_0	ENA|AAI27517|AAI27517.1	32.43	39	25	2	19	55	101	139	7.1	18.1
Seq10045_239_bp_-1_1_0	ENA|ABG75784|ABG75784.1	28.57	46	30	4	11	52	142	187	7.7	17.0
Seq10045_239_bp_-1_1_0	ENA|AAB66912|AAB66912.1	27.45	54	37	3	8	59	607	659	7.8	18.6
Seq10045_239_bp_-1_1_0	ENA|AAB96524|AAB96524.1	24.39	43	31	2	3	43	124	166	9.2	16.0
Seq10045_239_bp_-1_1_1	ENA|BAA32991|BAA32991.1	35.71	14	9	0	2	15	39	52	2	14.9
Seq10045_239_bp_-1_1_1	ENA|ABG75784|ABG75784.1	58.33	12	5	0	3	14	147	158	3.9	16.0
Seq10045_239_bp_-1_1_1	ENA|AAA72732|AAA72732.1	30.77	13	9	0	3	15	93	105	6.6	15.2
Seq10045_239_bp_-1_1_1	ENA|CAA73529|CAA73529.1	44.44	9	5	0	7	15	99	107	7.4	14.9
Seq10045_239_bp_-1_2_0	ENA|ABD33854|ABD33854.1	28.57	31	20	3	4	34	26	53	1.8	16.1
Seq10045_239_bp_-1_2_0	ENA|AAB66912|AAB66912.1	34.48	31	19	2	4	32	762	792	1.9	19.9
Seq10045_239_bp_-1_2_1	ENA|AAB96524|AAB96524.1	27.50	41	29	1	1	40	43	83	0.94	18.9
Seq10045_239_bp_-1_2_1	ENA|CAA29956|CAA29956.1	20.51	39	31	0	1	39	241	279	3.5	18.0
Seq10045_239_bp_-1_2_1	ENA|AAR31603|AAR31603.1	33.33	21	14	0	23	43	174	194	5.7	17.0
Seq10045_239_bp_-1_2_1	ENA|CAA29968|CAA29968.1	26.19	43	31	1	1	42	127	169	6.4	16.1
Seq10045_239_bp_-1_2_1	ENA|ABK71357|ABK71357.1	37.93	31	18	2	6	34	2	32	6.4	17.0
Seq10045_239_bp_-1_2_1	ENA|ABG75784|ABG75784.1	22.58	31	24	0	13	43	146	176	8.1	16.4
Seq10045_239_bp_-1_2_1	ENA|CAA73529|CAA73529.1	33.33	37	24	1	8	43	42	78	8.8	16.1
Seq10045_239_bp_-1_2_1	ENA|BAA36759|BAA36759.1	29.41	36	24	2	4	38	140	174	9.2	16.1
