Seq10005_495_bp_1_0_0	ENA|AAA36539|AAA36539.1	25.00	32	24	0	21	52	224	255	1	20.5
Seq10005_495_bp_1_0_0	ENA|BAA32018|BAA32018.1	26.19	44	31	2	9	52	365	406	1.1	20.8
Seq10005_495_bp_1_0_0	ENA|AAC97205|AAC97205.1	31.25	57	33	9	1	53	974	1025	1.3	21.4
Seq10005_495_bp_1_0_0	ENA|AAA25966|AAA25966.1	33.33	46	26	7	5	49	496	535	3.7	19.2
Seq10005_495_bp_1_0_0	ENA|CAA36214|CAA36214.1	62.50	8	3	0	45	52	70	77	3.7	17.9
Seq10005_495_bp_1_0_0	ENA|AAB66912|AAB66912.1	29.73	42	26	5	10	50	58	95	4.7	19.2
Seq10005_495_bp_1_0_0	ENA|BAA05866|BAA05866.1	30.23	47	30	4	8	53	17	60	5.8	17.3
Seq10005_495_bp_1_0_0	ENA|CAA11507|CAA11507.1	30.23	58	30	15	5	51	490	543	6.7	19.2
Seq10005_495_bp_1_0_0	ENA|AAI27517|AAI27517.1	37.04	28	17	1	27	53	384	411	7	17.9
Seq10005_495_bp_1_0_0	ENA|AAS77176|AAS77176.1	71.43	7	2	0	23	29	172	178	8.3	16.6
Seq10005_495_bp_1_0_0	ENA|CAA29968|CAA29968.1	45.45	11	6	0	27	37	68	78	8.7	16.0
Seq10005_495_bp_1_0_1	ENA|AAA42531|AAA42531.1	32.43	42	25	5	8	44	160	201	0.47	21.1
Seq10005_495_bp_1_0_1	ENA|CAA29956|CAA29956.1	45.00	20	11	0	9	28	196	215	0.74	20.4
Seq10005_495_bp_1_0_1	ENA|AAB66912|AAB66912.1	29.63	29	19	2	9	35	784	812	1.4	20.8
Seq10005_495_bp_1_0_1	ENA|AAA18786|AAA18786.1	40.91	23	13	1	18	40	202	223	2.2	18.4
Seq10005_495_bp_1_0_1	ENA|AAB26998|AAB26998.1	36.00	27	16	2	1	25	34	60	2.7	16.3
Seq10005_495_bp_1_0_1	ENA|AAS77176|AAS77176.1	25.71	36	26	1	4	39	39	73	3.8	17.7
Seq10005_495_bp_1_0_1	ENA|CAA29968|CAA29968.1	28.57	21	15	0	12	32	3	23	4.1	17.0
Seq10005_495_bp_1_0_1	ENA|CAA36214|CAA36214.1	45.45	24	12	2	11	33	200	222	5	17.3
Seq10005_495_bp_1_0_1	ENA|AAQ92751|AAQ92751.2	22.58	33	24	2	11	41	1104	1136	5.4	19.4
Seq10005_495_bp_1_0_1	ENA|AAC49865|AAC49865.1	22.22	27	21	0	11	37	267	293	5.4	17.3
Seq10005_495_bp_1_0_1	ENA|BAA32991|BAA32991.1	46.15	14	7	1	14	26	36	49	6.1	14.9
Seq10005_495_bp_1_0_1	ENA|ABK71357|ABK71357.1	26.09	23	17	0	2	24	77	99	6.1	17.3
Seq10005_495_bp_1_0_1	ENA|BAA05866|BAA05866.1	20.00	35	28	0	9	43	157	191	6.4	17.0
Seq10005_495_bp_1_0_1	ENA|AAR37016|AAR37016.1	37.04	29	17	2	14	42	390	416	7.1	19.7
Seq10005_495_bp_1_0_1	ENA|CAA26023|CAA26023.1	29.17	24	17	0	23	46	9	32	7.8	17.0
Seq10005_495_bp_1_0_1	ENA|AAA25966|AAA25966.1	41.67	12	7	0	7	18	326	337	9.1	17.7
Seq10005_495_bp_1_0_1	ENA|AAA36539|AAA36539.1	33.33	15	10	0	9	23	438	452	9.6	17.0
Seq10005_495_bp_1_0_2	ENA|CCP43727|CCP43727.1	31.58	19	13	0	3	21	55	73	0.47	19.8
Seq10005_495_bp_1_0_2	ENA|CAA24711|CAA24711.1	66.67	9	3	0	1	9	7	15	0.61	18.5
Seq10005_495_bp_1_0_2	ENA|AAA18786|AAA18786.1	41.18	17	10	0	1	17	242	258	0.7	18.9
Seq10005_495_bp_1_0_2	ENA|AAC40132|AAC40132.1	33.33	18	12	0	3	20	320	337	1.2	18.9
Seq10005_495_bp_1_0_2	ENA|CAA28033|CAA28033.1	33.33	12	8	0	7	18	1200	1211	1.4	20.2
Seq10005_495_bp_1_0_2	ENA|ACT10338|ACT10338.1	25.00	16	12	0	4	19	332	347	1.8	18.1
Seq10005_495_bp_1_0_2	ENA|CAA43419|CAA43419.1	58.33	12	5	0	3	14	330	341	2.3	17.6
Seq10005_495_bp_1_0_2	ENA|BAA36759|BAA36759.1	25.00	16	12	0	7	22	161	176	3.3	16.8
Seq10005_495_bp_1_0_2	ENA|AAA25966|AAA25966.1	41.67	15	7	3	6	20	139	150	3.4	18.1
Seq10005_495_bp_1_0_2	ENA|ABN10845|ABN10845.1	66.67	6	2	0	5	10	151	156	3.4	16.3
Seq10005_495_bp_1_0_2	ENA|BAA05866|BAA05866.1	28.57	21	15	0	1	21	173	193	3.5	16.8
Seq10005_495_bp_1_0_2	ENA|BAB17681|BAB17681.1	38.46	13	8	0	4	16	260	272	4.2	16.3
Seq10005_495_bp_1_0_2	ENA|CAA29956|CAA29956.1	42.86	7	4	0	14	20	28	34	4.3	16.8
Seq10005_495_bp_1_0_2	ENA|AAC49865|AAC49865.1	35.71	14	9	0	3	16	192	205	5	16.3
Seq10005_495_bp_1_0_2	ENA|AAA24145|AAA24145.1	57.14	7	3	0	15	21	72	78	5.2	16.8
Seq10005_495_bp_1_0_2	ENA|AAC97205|AAC97205.1	20.00	20	16	0	4	23	597	616	5.6	18.1
Seq10005_495_bp_1_0_2	ENA|AAR37016|AAR37016.1	37.50	19	10	3	3	18	861	879	5.9	18.9
Seq10005_495_bp_1_0_2	ENA|BAB79260|BAB79260.1	38.46	13	8	0	6	18	152	164	6.8	16.3
Seq10005_495_bp_1_0_2	ENA|ABD33854|ABD33854.1	20.00	10	8	0	12	21	16	25	7.8	13.3
Seq10005_495_bp_1_0_2	ENA|CAA11507|CAA11507.1	26.09	23	17	0	1	23	1032	1054	8.2	17.6
Seq10005_495_bp_1_0_2	ENA|AAB03707|AAB03707.1	54.55	11	5	0	5	15	407	417	8.3	17.6
Seq10005_495_bp_1_0_2	ENA|AAQ92751|AAQ92751.2	20.00	15	12	0	1	15	893	907	8.3	17.6
Seq10005_495_bp_1_0_2	ENA|CAA36714|CAA36714.1	31.25	16	11	0	6	21	182	197	9.3	15.9
Seq10005_495_bp_1_0_2	ENA|CAA73529|CAA73529.1	41.18	19	10	2	5	21	195	213	9.9	15.0
Seq10005_495_bp_1_0_3	ENA|ABK71357|ABK71357.1	40.00	10	6	0	3	12	351	360	0.41	20.0
Seq10005_495_bp_1_0_3	ENA|AAC97205|AAC97205.1	30.77	13	9	0	3	15	977	989	0.74	20.9
Seq10005_495_bp_1_0_3	ENA|CAA28033|CAA28033.1	57.14	7	3	0	5	11	24	30	1.4	20.0
Seq10005_495_bp_1_0_3	ENA|AAA42531|AAA42531.1	53.85	13	6	0	7	19	201	213	1.9	17.8
Seq10005_495_bp_1_0_3	ENA|CAA29968|CAA29968.1	54.55	15	5	4	4	14	99	113	2.4	16.5
Seq10005_495_bp_1_0_3	ENA|ABD33854|ABD33854.1	44.44	9	5	0	1	9	41	49	2.6	14.7
Seq10005_495_bp_1_0_3	ENA|ABD49687|ABD49687.1	30.00	10	7	0	1	10	32	41	3.4	19.1
Seq10005_495_bp_1_0_3	ENA|BAB17681|BAB17681.1	54.55	11	5	0	10	20	224	234	4.5	16.0
Seq10005_495_bp_1_0_3	ENA|AAA25966|AAA25966.1	37.50	10	5	2	1	8	308	317	6.3	16.9
Seq10005_495_bp_1_0_3	ENA|AAR37016|AAR37016.1	66.67	6	2	0	1	6	202	207	8.2	18.2
Seq10005_495_bp_1_0_3	ENA|ABN10845|ABN10845.1	33.33	6	4	0	1	6	54	59	8.5	14.7
Seq10005_495_bp_1_1_0	ENA|AAB96524|AAB96524.1	40.00	20	12	0	7	26	95	114	0.53	19.0
Seq10005_495_bp_1_1_0	ENA|CAA28033|CAA28033.1	26.67	15	11	0	3	17	322	336	0.62	21.6
Seq10005_495_bp_1_1_0	ENA|AAC26660|AAC26660.1	50.00	15	6	3	6	20	107	118	5.4	16.0
Seq10005_495_bp_1_1_0	ENA|ACH70901|ACH70901.1	46.15	13	7	0	4	16	76	88	5.9	16.4
Seq10005_495_bp_1_1_0	ENA|AAA24145|AAA24145.1	37.50	8	5	0	7	14	238	245	9.4	16.0
Seq10005_495_bp_1_1_1	ENA|BAA36759|BAA36759.1	23.81	45	32	3	1	42	122	166	0.91	19.7
Seq10005_495_bp_1_1_1	ENA|CAA73529|CAA73529.1	45.83	29	13	5	22	45	43	71	2.7	18.0
Seq10005_495_bp_1_1_1	ENA|AAC26660|AAC26660.1	38.46	13	8	0	10	22	13	25	3.2	17.7
Seq10005_495_bp_1_1_1	ENA|CAA29968|CAA29968.1	29.17	24	17	0	5	28	25	48	3.8	17.0
Seq10005_495_bp_1_1_1	ENA|CAA24711|CAA24711.1	33.33	24	16	0	8	31	150	173	6.7	16.0
Seq10005_495_bp_1_1_1	ENA|AAC97205|AAC97205.1	20.83	24	19	0	19	42	125	148	7.4	18.7
Seq10005_495_bp_1_1_1	ENA|CAA36714|CAA36714.1	57.14	15	6	1	15	28	232	246	8.8	17.0
Seq10005_495_bp_1_1_1	ENA|AAA72732|AAA72732.1	28.00	26	18	1	1	26	82	106	9.3	16.3
Seq10005_495_bp_1_1_1	ENA|CAA28033|CAA28033.1	20.51	40	31	1	1	40	226	264	9.6	18.3
Seq10005_495_bp_1_1_2	ENA|BAB79260|BAB79260.1	23.26	46	33	3	5	50	176	218	0.29	22.8
Seq10005_495_bp_1_1_2	ENA|AAR31603|AAR31603.1	30.00	30	21	0	46	75	210	239	0.67	21.1
Seq10005_495_bp_1_1_2	ENA|ABD49687|ABD49687.1	25.00	64	42	8	2	63	1151	1208	0.89	23.1
Seq10005_495_bp_1_1_2	ENA|AAC08817|AAC08817.1	34.09	53	29	9	32	80	84	131	1.5	18.9
Seq10005_495_bp_1_1_2	ENA|CAA26939|CAA26939.1	25.00	46	33	2	6	49	419	464	2.5	20.0
Seq10005_495_bp_1_1_2	ENA|AAB66912|AAB66912.1	34.62	33	17	7	32	63	585	611	2.8	20.6
Seq10005_495_bp_1_1_2	ENA|BAA36759|BAA36759.1	43.75	16	9	0	58	73	274	289	2.8	18.9
Seq10005_495_bp_1_1_2	ENA|AAA32624|AAA32624.1	28.21	44	28	5	23	64	488	528	3.4	19.4
Seq10005_495_bp_1_1_2	ENA|AAA36539|AAA36539.1	27.78	36	26	0	39	74	78	113	3.8	19.1
Seq10005_495_bp_1_1_2	ENA|AAA18786|AAA18786.1	20.00	36	28	1	25	60	7	41	4.6	18.0
Seq10005_495_bp_1_1_2	ENA|CAA28033|CAA28033.1	26.32	40	28	2	16	54	112	150	4.7	20.3
Seq10005_495_bp_1_1_2	ENA|CAA43419|CAA43419.1	33.33	31	18	4	34	64	97	123	5.2	18.3
Seq10005_495_bp_1_1_2	ENA|AAC26660|AAC26660.1	50.00	13	5	3	32	41	217	229	5.3	17.7
Seq10005_495_bp_1_1_2	ENA|ACT10338|ACT10338.1	33.33	41	24	5	41	77	347	386	5.5	18.3
Seq10005_495_bp_1_1_2	ENA|AAC17860|AAC17860.1	31.25	34	22	2	22	53	155	188	5.8	18.3
Seq10005_495_bp_1_1_2	ENA|AAA25966|AAA25966.1	25.00	37	27	1	30	65	689	725	6.8	18.9
Seq10005_495_bp_1_1_2	ENA|CAA45708|CAA45708.1	21.88	33	25	1	29	60	1294	1326	7.8	19.7
Seq10005_495_bp_1_1_2	ENA|CAA73529|CAA73529.1	42.86	16	8	2	27	40	204	219	8.2	17.1
Seq10005_495_bp_1_1_2	ENA|AAF79734|AAF79734.1	25.00	28	21	0	1	28	1233	1260	9	19.4
Seq10005_495_bp_1_1_2	ENA|BAA05866|BAA05866.1	27.03	46	27	9	25	70	150	186	9.2	17.1
Seq10005_495_bp_1_1_2	ENA|AAB26998|AAB26998.1	28.57	22	15	1	20	41	35	55	9.2	15.2
Seq10005_495_bp_1_1_2	ENA|AAA42531|AAA42531.1	46.15	13	7	0	33	45	245	257	9.5	17.4
Seq10005_495_bp_1_2_0	ENA|CAA28033|CAA28033.1	25.58	46	32	3	15	57	404	449	3.7	20.4
Seq10005_495_bp_1_2_0	ENA|AAA36539|AAA36539.1	23.64	66	42	11	2	61	356	416	4.4	18.7
Seq10005_495_bp_1_2_0	ENA|ABG75784|ABG75784.1	23.91	50	35	4	21	70	213	258	5.2	17.8
Seq10005_495_bp_1_2_0	ENA|AAQ92751|AAQ92751.2	30.77	26	18	0	2	27	1371	1396	5.7	19.8
Seq10005_495_bp_1_2_0	ENA|ABD33854|ABD33854.1	26.09	24	17	1	2	25	4	26	6.3	15.3
Seq10005_495_bp_1_2_0	ENA|CAA26023|CAA26023.1	27.78	18	13	0	3	20	61	78	6.3	17.8
Seq10005_495_bp_1_2_0	ENA|AAR37016|AAR37016.1	32.43	43	25	6	1	43	1996	2032	9.4	19.8
Seq10005_495_bp_1_2_0	ENA|CAA73529|CAA73529.1	30.00	46	28	6	4	44	225	269	9.7	16.7
Seq10005_495_bp_1_2_0	ENA|AAB96524|AAB96524.1	25.00	47	33	3	14	60	21	64	9.7	16.1
Seq10005_495_bp_1_2_1	ENA|AAS77176|AAS77176.1	28.57	46	25	11	17	52	115	159	5	17.4
Seq10005_495_bp_1_2_1	ENA|ABK71357|ABK71357.1	27.59	31	21	2	1	31	313	341	6.3	17.4
Seq10005_495_bp_1_2_1	ENA|BAA32956|BAA32956.1	80.00	5	1	0	48	52	90	94	6.5	16.5
Seq10005_495_bp_1_2_1	ENA|CAA28033|CAA28033.1	27.27	24	16	2	20	41	357	380	6.6	19.1
Seq10005_495_bp_1_2_1	ENA|ABD49687|ABD49687.1	18.18	35	27	2	19	51	718	752	7.1	19.4
Seq10005_495_bp_1_2_2	ENA|ABD33854|ABD33854.1	35.00	20	13	0	13	32	15	34	1	17.1
Seq10005_495_bp_1_2_2	ENA|AAR37016|AAR37016.1	56.25	17	7	1	5	21	547	562	1.5	21.7
Seq10005_495_bp_1_2_2	ENA|AAB96524|AAB96524.1	33.33	27	14	6	16	36	127	153	1.8	17.8
Seq10005_495_bp_1_2_2	ENA|ACT10338|ACT10338.1	25.81	34	23	3	5	35	302	335	2.9	18.1
Seq10005_495_bp_1_2_2	ENA|BAA32956|BAA32956.1	35.71	32	18	4	3	34	33	60	4.2	16.7
Seq10005_495_bp_1_2_2	ENA|BAA36759|BAA36759.1	45.45	29	12	7	8	36	260	281	5.6	16.7
Seq10005_495_bp_1_2_2	ENA|AAA42531|AAA42531.1	38.46	34	16	8	5	30	110	143	5.9	17.1
Seq10005_495_bp_1_2_2	ENA|ACH70901|ACH70901.1	27.78	18	13	0	10	27	121	138	6.9	16.7
Seq10005_495_bp_1_2_2	ENA|CAA28033|CAA28033.1	41.67	12	7	0	13	24	700	711	9.1	18.1
Seq10005_495_bp_1_2_2	ENA|ABD49687|ABD49687.1	43.75	16	9	0	5	20	1362	1377	9.3	18.5
Seq10005_495_bp_1_2_2	ENA|CAA36214|CAA36214.1	38.46	28	16	2	6	33	116	141	9.4	16.0
Seq10005_495_bp_1_2_2	ENA|AAA32624|AAA32624.1	29.63	27	19	0	12	38	133	159	9.8	16.7
Seq10005_495_bp_-1_0_0	ENA|AAC49865|AAC49865.1	20.39	113	82	10	7	113	84	192	0.035	26.2
Seq10005_495_bp_-1_0_0	ENA|AAC49865|AAC49865.1	22.22	63	49	0	14	76	268	330	0.054	25.6
Seq10005_495_bp_-1_0_0	ENA|CAA45708|CAA45708.1	24.44	93	68	3	23	115	73	162	0.046	28.0
Seq10005_495_bp_-1_0_0	ENA|AAC97205|AAC97205.1	20.27	77	59	3	62	138	172	245	0.16	25.9
Seq10005_495_bp_-1_0_0	ENA|AAA25966|AAA25966.1	22.22	64	42	10	79	139	257	313	0.53	23.4
Seq10005_495_bp_-1_0_0	ENA|ACH70901|ACH70901.1	20.93	43	34	0	79	121	87	129	0.75	21.9
Seq10005_495_bp_-1_0_0	ENA|CAA29956|CAA29956.1	20.18	129	91	15	4	119	163	289	1.2	21.3
Seq10005_495_bp_-1_0_0	ENA|AAC08817|AAC08817.1	17.72	85	65	6	20	102	12	92	1.4	19.7
Seq10005_495_bp_-1_0_0	ENA|CAA11507|CAA11507.1	19.23	53	42	1	86	138	264	315	1.5	22.8
Seq10005_495_bp_-1_0_0	ENA|AAQ92751|AAQ92751.2	20.88	108	72	17	24	116	955	1060	1.5	22.8
Seq10005_495_bp_-1_0_0	ENA|AAB66912|AAB66912.1	18.39	99	71	12	16	103	362	459	1.6	22.2
Seq10005_495_bp_-1_0_0	ENA|CAA43419|CAA43419.1	25.58	44	32	1	82	125	22	64	1.8	20.7
Seq10005_495_bp_-1_0_0	ENA|ABG75784|ABG75784.1	21.74	48	36	2	63	110	55	100	1.9	20.3
Seq10005_495_bp_-1_0_0	ENA|ACT10338|ACT10338.1	28.57	48	30	6	67	108	322	369	1.9	20.7
Seq10005_495_bp_-1_0_0	ENA|AAR37016|AAR37016.1	40.74	30	16	3	18	47	913	939	2.1	23.1
Seq10005_495_bp_-1_0_0	ENA|AAB96524|AAB96524.1	25.00	54	39	2	20	72	33	85	2.1	19.4
Seq10005_495_bp_-1_0_0	ENA|BAA32018|BAA32018.1	22.22	69	49	6	28	91	519	586	3	20.7
Seq10005_495_bp_-1_0_0	ENA|BAA36759|BAA36759.1	31.25	33	22	1	83	115	246	277	3.2	19.4
Seq10005_495_bp_-1_0_0	ENA|CAA45199|CAA45199.1	23.21	67	43	11	85	141	401	466	3.4	20.0
Seq10005_495_bp_-1_0_0	ENA|AAC78721|AAC78721.1	14.49	70	59	1	31	100	542	610	4	20.3
Seq10005_495_bp_-1_0_0	ENA|AAC40132|AAC40132.1	19.61	111	82	9	2	111	169	271	4.3	19.7
Seq10005_495_bp_-1_0_0	ENA|ABD49687|ABD49687.1	25.00	63	42	7	79	141	1663	1718	5.3	21.3
Seq10005_495_bp_-1_0_0	ENA|CAA73529|CAA73529.1	22.86	37	27	2	79	115	26	60	5.7	18.5
Seq10005_495_bp_-1_0_0	ENA|CAB75732|CAB75732.1	20.20	105	79	6	31	134	68	167	6.6	20.3
Seq10005_495_bp_-1_0_0	ENA|AAF79734|AAF79734.1	19.81	113	85	7	27	137	1027	1134	6.7	20.7
Seq10005_495_bp_-1_0_0	ENA|AAA18786|AAA18786.1	19.61	53	41	2	10	60	168	220	6.7	18.2
Seq10005_495_bp_-1_0_0	ENA|ABN10845|ABN10845.1	37.50	43	25	3	27	69	118	157	6.8	17.9
Seq10005_495_bp_-1_0_0	ENA|CAD53387|CAD53387.1	30.77	46	27	7	17	58	464	506	8.2	18.8
Seq10005_495_bp_-1_0_0	ENA|EDO47375|EDO47375.1	30.43	23	16	0	47	69	13	35	8.8	17.3
Seq10005_495_bp_-1_0_0	ENA|CCP43727|CCP43727.1	16.54	135	106	8	3	137	52	178	9.9	17.9
Seq10005_495_bp_-1_0_1	ENA|CAA29956|CAA29956.1	44.44	9	5	0	1	9	100	108	1.7	18.0
Seq10005_495_bp_-1_0_1	ENA|AAA25966|AAA25966.1	28.57	23	15	2	1	21	249	271	1.9	18.8
Seq10005_495_bp_-1_0_1	ENA|AAC26660|AAC26660.1	23.08	13	10	0	1	13	181	193	2.7	16.8
Seq10005_495_bp_-1_0_1	ENA|AAA24145|AAA24145.1	33.33	9	6	0	1	9	452	460	2.8	17.6
Seq10005_495_bp_-1_0_1	ENA|AAA18786|AAA18786.1	22.22	9	7	0	1	9	23	31	3.7	16.4
Seq10005_495_bp_-1_0_1	ENA|CAA45708|CAA45708.1	25.00	20	15	0	2	21	433	452	3.9	18.8
Seq10005_495_bp_-1_0_1	ENA|ABD33854|ABD33854.1	33.33	9	6	0	9	17	54	62	4.7	13.9
Seq10005_495_bp_-1_0_1	ENA|ACH70901|ACH70901.1	30.77	13	9	0	9	21	161	173	4.9	16.4
Seq10005_495_bp_-1_0_1	ENA|AAC97205|AAC97205.1	40.00	10	6	0	1	10	14	23	7.2	17.6
Seq10005_495_bp_-1_0_1	ENA|AAC17860|AAC17860.1	37.50	8	5	0	1	8	94	101	7.3	16.0
Seq10005_495_bp_-1_0_1	ENA|ABG75784|ABG75784.1	44.44	9	5	0	6	14	170	178	7.3	15.5
Seq10005_495_bp_-1_0_1	ENA|AAR31603|AAR31603.1	36.36	11	7	0	3	13	215	225	7.7	15.5
Seq10005_495_bp_-1_0_1	ENA|ABN10845|ABN10845.1	46.15	14	7	1	1	14	198	210	8.8	14.7
Seq10005_495_bp_-1_0_1	ENA|AAB26998|AAB26998.1	66.67	9	2	3	1	9	45	50	9.7	13.1
Seq10005_495_bp_-1_1_0	ENA|AAA24145|AAA24145.1	17.95	40	32	1	2	41	285	323	0.06	24.1
Seq10005_495_bp_-1_1_0	ENA|AAA18786|AAA18786.1	17.86	28	23	0	3	30	160	187	0.23	21.4
Seq10005_495_bp_-1_1_0	ENA|ABK71357|ABK71357.1	34.78	24	15	1	1	24	13	35	0.55	20.6
Seq10005_495_bp_-1_1_0	ENA|CAA24711|CAA24711.1	36.84	19	12	0	3	21	88	106	0.74	19.1
Seq10005_495_bp_-1_1_0	ENA|AAB66912|AAB66912.1	40.00	20	12	0	21	40	303	322	1.4	20.6
Seq10005_495_bp_-1_1_0	ENA|AAR37016|AAR37016.1	53.85	36	12	10	9	35	98	132	1.5	21.8
Seq10005_495_bp_-1_1_0	ENA|ABG75784|ABG75784.1	37.93	34	18	5	1	30	55	87	1.7	18.7
Seq10005_495_bp_-1_1_0	ENA|AAC78721|AAC78721.1	42.86	23	12	2	4	24	154	176	2.2	19.5
Seq10005_495_bp_-1_1_0	ENA|AAC97205|AAC97205.1	21.62	37	29	0	5	41	219	255	2.3	20.2
Seq10005_495_bp_-1_1_0	ENA|CAA11507|CAA11507.1	25.00	20	15	0	11	30	273	292	2.6	20.2
Seq10005_495_bp_-1_1_0	ENA|BAB17681|BAB17681.1	20.69	32	23	3	10	38	221	252	2.6	17.9
Seq10005_495_bp_-1_1_0	ENA|CAA45199|CAA45199.1	26.67	15	11	0	16	30	437	451	3.4	18.3
Seq10005_495_bp_-1_1_0	ENA|ABN10845|ABN10845.1	33.33	9	6	0	24	32	103	111	3.5	17.1
Seq10005_495_bp_-1_1_0	ENA|CAL82360|CAL82360.1	35.00	23	13	3	17	39	1271	1290	4.1	19.5
Seq10005_495_bp_-1_1_0	ENA|CAA43419|CAA43419.1	23.53	37	26	3	6	39	307	343	4.5	17.5
Seq10005_495_bp_-1_1_0	ENA|AAA32624|AAA32624.1	15.62	32	27	0	1	32	485	516	4.8	17.9
Seq10005_495_bp_-1_1_0	ENA|ABD33854|ABD33854.1	23.08	14	10	1	18	31	33	45	5.1	14.8
Seq10005_495_bp_-1_1_0	ENA|AAR31603|AAR31603.1	33.33	22	14	1	8	29	40	60	5.2	17.1
Seq10005_495_bp_-1_1_0	ENA|CAA26939|CAA26939.1	31.25	19	11	3	17	35	1	16	5.3	17.9
Seq10005_495_bp_-1_1_0	ENA|AAQ92751|AAQ92751.2	33.33	12	8	0	19	30	1190	1201	5.7	19.1
Seq10005_495_bp_-1_1_0	ENA|ACT10338|ACT10338.1	22.86	35	27	0	7	41	170	204	6.1	17.1
Seq10005_495_bp_-1_1_0	ENA|CAB75732|CAB75732.1	26.09	23	17	0	2	24	732	754	6.2	18.7
Seq10005_495_bp_-1_1_0	ENA|ACH70901|ACH70901.1	31.58	20	13	1	8	26	182	201	7.3	16.7
Seq10005_495_bp_-1_1_0	ENA|AAS77176|AAS77176.1	40.00	15	9	0	11	25	61	75	7.6	16.3
Seq10005_495_bp_-1_1_0	ENA|CAA28033|CAA28033.1	20.83	26	19	2	13	38	976	999	8.9	18.3
Seq10005_495_bp_-1_1_0	ENA|BAA32991|BAA32991.1	36.36	11	7	0	20	30	18	28	9	14.0
Seq10005_495_bp_-1_1_0	ENA|AAA36539|AAA36539.1	30.77	13	9	0	10	22	275	287	9.4	16.7
Seq10005_495_bp_-1_1_0	ENA|CAA26023|CAA26023.1	23.81	21	16	0	1	21	348	368	9.9	16.3
Seq10005_495_bp_-1_1_1	ENA|BAA32991|BAA32991.1	54.55	11	5	0	1	11	13	23	0.0016	25.1
Seq10005_495_bp_-1_1_1	ENA|AAC97205|AAC97205.1	50.00	11	5	1	2	12	344	353	1.9	19.0
Seq10005_495_bp_-1_1_1	ENA|AAC08817|AAC08817.1	30.77	13	9	0	1	13	4	16	3.9	14.9
Seq10005_495_bp_-1_1_1	ENA|AAA24145|AAA24145.1	28.57	7	5	0	8	14	385	391	4	16.4
Seq10005_495_bp_-1_1_1	ENA|CAA29956|CAA29956.1	66.67	6	2	0	6	11	59	64	4.6	15.9
Seq10005_495_bp_-1_1_1	ENA|AAB03707|AAB03707.1	62.50	8	3	0	7	14	705	712	8.2	16.9
Seq10005_495_bp_-1_1_1	ENA|BAA36759|BAA36759.1	25.00	8	6	0	5	12	151	158	9.7	14.4
Seq10005_495_bp_-1_1_2	ENA|BAA32956|BAA32956.1	32.35	40	23	6	24	63	170	203	0.089	23.1
Seq10005_495_bp_-1_1_2	ENA|AAC97205|AAC97205.1	34.62	28	17	2	31	56	297	324	0.24	24.3
Seq10005_495_bp_-1_1_2	ENA|AAC08817|AAC08817.1	31.03	29	20	0	39	67	113	141	0.25	21.2
Seq10005_495_bp_-1_1_2	ENA|AAC08817|AAC08817.1	26.92	26	19	0	15	40	3	28	0.43	20.4
Seq10005_495_bp_-1_1_2	ENA|CAA36214|CAA36214.1	30.30	33	23	0	6	38	116	148	0.63	20.8
Seq10005_495_bp_-1_1_2	ENA|CAA36214|CAA36214.1	29.03	32	22	1	5	36	215	245	0.82	20.4
Seq10005_495_bp_-1_1_2	ENA|AAB66912|AAB66912.1	40.00	25	15	0	43	67	287	311	0.67	22.3
Seq10005_495_bp_-1_1_2	ENA|AAQ92751|AAQ92751.2	18.60	45	35	2	1	45	640	682	0.76	22.7
Seq10005_495_bp_-1_1_2	ENA|CAA43419|CAA43419.1	22.50	44	31	4	2	41	89	132	0.76	20.8
Seq10005_495_bp_-1_1_2	ENA|ABN10845|ABN10845.1	25.00	28	21	0	10	37	187	214	1	19.7
Seq10005_495_bp_-1_1_2	ENA|ABK71357|ABK71357.1	22.92	49	37	1	16	64	300	347	1	20.4
Seq10005_495_bp_-1_1_2	ENA|CAA29956|CAA29956.1	36.67	36	19	6	28	61	324	355	1.3	20.0
Seq10005_495_bp_-1_1_2	ENA|AAC78721|AAC78721.1	27.45	54	37	3	6	56	16	69	1.8	20.4
Seq10005_495_bp_-1_1_2	ENA|AAC17860|AAC17860.1	27.27	33	24	0	29	61	49	81	1.9	19.7
Seq10005_495_bp_-1_1_2	ENA|AAA24145|AAA24145.1	30.00	20	14	0	30	49	192	211	2.7	19.3
Seq10005_495_bp_-1_1_2	ENA|CAA45199|CAA45199.1	30.00	42	28	2	15	55	320	360	2.8	19.3
Seq10005_495_bp_-1_1_2	ENA|AAA25966|AAA25966.1	31.03	31	20	2	27	57	8	36	3.3	19.7
Seq10005_495_bp_-1_1_2	ENA|ABD49687|ABD49687.1	26.09	23	17	0	36	58	1083	1105	3.5	20.8
Seq10005_495_bp_-1_1_2	ENA|CAA26023|CAA26023.1	50.00	12	6	0	50	61	9	20	3.8	18.5
Seq10005_495_bp_-1_1_2	ENA|AAA36114|AAA36114.1	26.32	38	28	0	15	52	362	399	3.9	18.9
Seq10005_495_bp_-1_1_2	ENA|AAI27517|AAI27517.1	35.71	31	18	3	33	63	284	311	4.5	18.9
Seq10005_495_bp_-1_1_2	ENA|AAA42531|AAA42531.1	42.86	14	8	0	45	58	8	21	5	18.1
Seq10005_495_bp_-1_1_2	ENA|ACT10338|ACT10338.1	20.59	34	27	0	21	54	151	184	5	18.1
Seq10005_495_bp_-1_1_2	ENA|CCP43727|CCP43727.1	36.36	22	14	0	8	29	158	179	5.5	17.7
Seq10005_495_bp_-1_1_2	ENA|CAD53387|CAD53387.1	20.69	64	46	6	1	62	45	104	6.4	18.1
Seq10005_495_bp_-1_1_2	ENA|AAA72732|AAA72732.1	19.51	42	33	1	8	48	127	168	6.7	17.4
Seq10005_495_bp_-1_1_2	ENA|ABD33854|ABD33854.1	34.78	25	15	2	41	63	10	34	6.8	15.1
Seq10005_495_bp_-1_1_2	ENA|CAA36714|CAA36714.1	23.81	43	32	1	15	56	237	279	7.7	17.7
Seq10005_495_bp_-1_1_2	ENA|ACH70901|ACH70901.1	66.67	9	3	0	2	10	229	237	7.7	17.4
Seq10005_495_bp_-1_1_2	ENA|AAF79734|AAF79734.1	46.15	13	7	0	44	56	83	95	8.2	19.3
Seq10005_495_bp_-1_1_2	ENA|CAA45708|CAA45708.1	43.75	16	9	0	1	16	1507	1522	8.6	19.3
Seq10005_495_bp_-1_1_2	ENA|AAR31603|AAR31603.1	29.17	24	17	0	4	27	290	313	9	17.0
Seq10005_495_bp_-1_1_2	ENA|BAB79260|BAB79260.1	20.00	53	40	3	7	56	31	83	9.5	17.4
Seq10005_495_bp_-1_1_2	ENA|AAA18786|AAA18786.1	25.81	32	23	1	32	63	239	269	9.5	16.6
Seq10005_495_bp_-1_1_3	ENA|AAC08817|AAC08817.1	44.44	9	5	0	3	11	124	132	1.1	16.4
Seq10005_495_bp_-1_1_3	ENA|AAF79734|AAF79734.1	27.27	11	8	0	1	11	1026	1036	2.5	18.5
Seq10005_495_bp_-1_1_3	ENA|AAB96524|AAB96524.1	57.14	7	3	0	5	11	80	86	3.9	14.8
Seq10005_495_bp_-1_1_3	ENA|AAI27517|AAI27517.1	30.00	10	7	0	2	11	179	188	4.2	16.4
Seq10005_495_bp_-1_1_3	ENA|AAA36539|AAA36539.1	66.67	6	2	0	4	9	109	114	6.8	15.3
Seq10005_495_bp_-1_1_3	ENA|AAA36114|AAA36114.1	50.00	10	5	0	2	11	503	512	7.2	15.3
Seq10005_495_bp_-1_1_3	ENA|AAC49865|AAC49865.1	42.86	7	4	0	4	10	320	326	9.4	14.3
Seq10005_495_bp_-1_1_3	ENA|AAC78721|AAC78721.1	40.00	10	6	0	1	10	671	680	9.4	15.3
Seq10005_495_bp_-1_1_4	ENA|ACT10338|ACT10338.1	18.75	16	13	0	6	21	24	39	1.4	18.7
Seq10005_495_bp_-1_1_4	ENA|CAA11507|CAA11507.1	19.05	21	17	0	5	25	119	139	1.5	20.4
Seq10005_495_bp_-1_1_4	ENA|AAA32624|AAA32624.1	33.33	15	10	0	1	15	326	340	1.8	18.7
Seq10005_495_bp_-1_1_4	ENA|AAC97205|AAC97205.1	27.78	18	13	0	3	20	739	756	2.4	19.6
Seq10005_495_bp_-1_1_4	ENA|BAA05866|BAA05866.1	40.91	25	13	3	2	26	19	40	2.5	17.5
Seq10005_495_bp_-1_1_4	ENA|BAB79260|BAB79260.1	58.33	12	5	0	2	13	27	38	2.8	17.9
Seq10005_495_bp_-1_1_4	ENA|AAS77176|AAS77176.1	25.00	12	9	0	14	25	180	191	3.1	17.1
Seq10005_495_bp_-1_1_4	ENA|CAA36214|CAA36214.1	55.56	11	4	2	5	15	240	248	3.3	17.1
Seq10005_495_bp_-1_1_4	ENA|BAA32991|BAA32991.1	25.00	8	6	0	1	8	20	27	4	14.6
Seq10005_495_bp_-1_1_4	ENA|AAA72732|AAA72732.1	55.56	9	4	0	15	23	112	120	4.4	16.7
Seq10005_495_bp_-1_1_4	ENA|CAA26939|CAA26939.1	33.33	15	10	0	1	15	374	388	4.6	17.5
Seq10005_495_bp_-1_1_4	ENA|AAC40132|AAC40132.1	21.05	19	15	0	2	20	323	341	5	17.1
Seq10005_495_bp_-1_1_4	ENA|CAA73529|CAA73529.1	50.00	17	7	3	3	19	190	203	5.1	16.3
Seq10005_495_bp_-1_1_4	ENA|AAR31603|AAR31603.1	38.10	25	13	4	3	27	227	247	6	16.3
Seq10005_495_bp_-1_1_4	ENA|CAL82360|CAL82360.1	15.00	20	17	0	7	26	741	760	7.5	17.9
Seq10005_495_bp_-1_1_4	ENA|AAR37016|AAR37016.1	31.58	22	13	3	3	21	2090	2111	7.8	18.7
Seq10005_495_bp_-1_1_4	ENA|CAA29968|CAA29968.1	55.56	10	4	1	3	11	82	91	8.2	15.1
Seq10005_495_bp_-1_1_4	ENA|CAA45199|CAA45199.1	18.18	11	9	0	5	15	353	363	8.5	16.3
Seq10005_495_bp_-1_1_4	ENA|AAA25966|AAA25966.1	46.15	13	7	0	15	27	569	581	9.7	16.7
Seq10005_495_bp_-1_2_0	ENA|CCP43727|CCP43727.1	33.33	12	8	0	1	12	108	119	1.1	17.6
Seq10005_495_bp_-1_2_0	ENA|AAF79734|AAF79734.1	36.36	11	7	0	2	12	281	291	1.9	19.0
Seq10005_495_bp_-1_2_0	ENA|ACH70901|ACH70901.1	62.50	8	3	0	3	10	52	59	4.2	15.8
Seq10005_495_bp_-1_2_0	ENA|CAA73529|CAA73529.1	50.00	8	4	0	2	9	236	243	4.3	15.3
Seq10005_495_bp_-1_2_0	ENA|ACT10338|ACT10338.1	37.50	8	5	0	3	10	66	73	4.5	15.8
Seq10005_495_bp_-1_2_0	ENA|AAC40132|AAC40132.1	50.00	8	4	0	2	9	180	187	5.5	15.8
Seq10005_495_bp_-1_2_0	ENA|AAC26660|AAC26660.1	55.56	9	4	0	2	10	62	70	7.4	14.4
Seq10005_495_bp_-1_2_0	ENA|ABK71357|ABK71357.1	37.50	8	5	0	4	11	333	340	7.8	14.9
Seq10005_495_bp_-1_2_1	ENA|CAA45708|CAA45708.1	27.78	36	26	0	5	40	1118	1153	0.049	26.3
Seq10005_495_bp_-1_2_1	ENA|CAB75732|CAB75732.1	27.59	29	21	0	6	34	168	196	0.15	24.3
Seq10005_495_bp_-1_2_1	ENA|AAF79734|AAF79734.1	25.00	34	24	2	5	38	79	110	0.18	24.3
Seq10005_495_bp_-1_2_1	ENA|AAC08817|AAC08817.1	26.67	32	22	2	3	32	106	137	1.2	18.4
Seq10005_495_bp_-1_2_1	ENA|BAA32018|BAA32018.1	21.21	33	26	0	4	36	547	579	1.2	20.3
Seq10005_495_bp_-1_2_1	ENA|ABG75784|ABG75784.1	26.67	15	11	0	31	45	127	141	1.4	19.2
Seq10005_495_bp_-1_2_1	ENA|CAD53387|CAD53387.1	24.24	34	25	1	6	38	53	86	2.9	18.8
Seq10005_495_bp_-1_2_1	ENA|CAA26023|CAA26023.1	16.67	30	25	0	7	36	333	362	2.9	18.4
Seq10005_495_bp_-1_2_1	ENA|AAB66912|AAB66912.1	35.29	37	22	3	1	34	10	46	4	19.2
Seq10005_495_bp_-1_2_1	ENA|BAA32956|BAA32956.1	24.14	33	22	4	4	32	161	193	4.6	16.8
Seq10005_495_bp_-1_2_1	ENA|AAA36114|AAA36114.1	35.71	14	9	0	1	14	488	501	4.9	18.0
Seq10005_495_bp_-1_2_1	ENA|AAC97205|AAC97205.1	57.14	25	9	4	15	39	457	477	5.2	19.2
Seq10005_495_bp_-1_2_1	ENA|AAI27517|AAI27517.1	31.25	35	22	3	10	41	106	140	9.4	17.2
Seq10005_495_bp_-1_2_2	ENA|AAB03707|AAB03707.1	25.53	108	70	14	5	102	658	761	0.073	26.8
Seq10005_495_bp_-1_2_2	ENA|CAA26939|CAA26939.1	23.53	34	26	0	36	69	241	274	1.3	21.3
Seq10005_495_bp_-1_2_2	ENA|AAC49865|AAC49865.1	19.44	36	29	0	51	86	185	220	4.1	18.8
Seq10005_495_bp_-1_2_2	ENA|AAR37016|AAR37016.1	19.51	89	66	7	1	84	389	475	4.4	21.6
Seq10005_495_bp_-1_2_2	ENA|CAA45199|CAA45199.1	30.19	57	37	4	25	81	397	449	5.8	18.8
Seq10005_495_bp_-1_2_2	ENA|AAC97205|AAC97205.1	25.00	28	21	0	54	81	1082	1109	5.9	20.2
Seq10005_495_bp_-1_2_2	ENA|AAA32624|AAA32624.1	18.00	51	41	1	36	85	193	243	6.4	18.8
Seq10005_495_bp_-1_2_2	ENA|AAA72732|AAA72732.1	24.07	60	41	6	4	62	225	279	6.7	18.0
Seq10005_495_bp_-1_2_2	ENA|BAA32956|BAA32956.1	21.15	52	41	0	30	81	161	212	7.9	17.2
Seq10005_495_bp_-1_2_2	ENA|CAA36214|CAA36214.1	18.18	22	18	0	79	100	187	208	9.3	17.5
