Seq10050_71_bp_1_0_0	ENA|CAA45199|CAA45199.1	25.00	20	15	0	3	22	361	380	2.7	17.8
Seq10050_71_bp_1_0_0	ENA|BAA32018|BAA32018.1	23.53	17	13	0	3	19	282	298	5.1	17.2
Seq10050_71_bp_1_0_0	ENA|CAA26023|CAA26023.1	31.25	16	11	0	4	19	54	69	6.5	16.2
Seq10050_71_bp_1_0_0	ENA|AAB96524|AAB96524.1	20.00	10	8	0	4	13	93	102	6.6	15.1
Seq10050_71_bp_1_0_0	ENA|BAB79260|BAB79260.1	75.00	8	2	0	9	16	91	98	7.6	16.2
Seq10050_71_bp_1_0_0	ENA|AAC78721|AAC78721.1	43.75	17	9	1	4	19	109	125	7.8	16.7
Seq10050_71_bp_1_1_0	ENA|BAA32018|BAA32018.1	46.15	13	7	0	11	23	171	183	0.23	21.8
Seq10050_71_bp_1_1_0	ENA|AAA72732|AAA72732.1	44.44	18	10	0	3	20	123	140	2.4	17.4
Seq10050_71_bp_1_1_0	ENA|AAC97205|AAC97205.1	36.84	19	12	0	1	19	832	850	3.4	18.8
Seq10050_71_bp_1_2_0	ENA|EDO47375|EDO47375.1	42.86	7	4	0	14	20	166	172	1.2	17.6
Seq10050_71_bp_1_2_0	ENA|ABD33854|ABD33854.1	75.00	4	1	0	16	19	58	61	4	14.3
Seq10050_71_bp_1_2_0	ENA|CAA29968|CAA29968.1	33.33	15	10	0	5	19	69	83	5.6	15.4
Seq10050_71_bp_1_2_0	ENA|AAR31603|AAR31603.1	40.00	10	6	0	1	10	174	183	6.4	16.0
Seq10050_71_bp_-1_0_0	ENA|BAB17681|BAB17681.1	37.50	8	5	0	12	19	153	160	1.3	18.0
Seq10050_71_bp_-1_0_0	ENA|AAC49865|AAC49865.1	45.45	11	6	0	1	11	178	188	1.6	18.0
Seq10050_71_bp_-1_0_0	ENA|AAI27517|AAI27517.1	45.45	11	6	0	8	18	99	109	5.8	17.0
Seq10050_71_bp_-1_0_0	ENA|ABK71357|ABK71357.1	40.00	10	6	0	10	19	308	317	7.6	15.9
Seq10050_71_bp_-1_0_0	ENA|CAA29968|CAA29968.1	55.56	9	4	0	3	11	54	62	8.3	14.8
Seq10050_71_bp_-1_0_0	ENA|BAA32018|BAA32018.1	42.11	21	11	2	1	19	525	545	8.7	16.4
Seq10050_71_bp_-1_0_0	ENA|AAA24145|AAA24145.1	35.29	18	11	1	4	21	335	351	9.2	15.9
Seq10050_71_bp_-1_1_0	ENA|BAA32991|BAA32991.1	50.00	6	3	0	10	15	32	37	0.055	20.1
Seq10050_71_bp_-1_1_0	ENA|BAA32991|BAA32991.1	75.00	4	1	0	10	13	28	31	0.41	17.2
Seq10050_71_bp_-1_1_0	ENA|AAB96524|AAB96524.1	28.57	7	5	0	9	15	176	182	5.2	14.9
Seq10050_71_bp_-1_1_0	ENA|AAA25966|AAA25966.1	57.14	7	3	0	4	10	212	218	6.1	16.7
Seq10050_71_bp_-1_1_0	ENA|AAC97205|AAC97205.1	50.00	8	4	0	6	13	347	354	6.9	17.2
Seq10050_71_bp_-1_1_0	ENA|BAB17681|BAB17681.1	66.67	3	1	0	8	10	109	111	7.5	14.9
Seq10050_71_bp_-1_1_0	ENA|EDO47375|EDO47375.1	30.77	13	9	0	2	14	132	144	7.7	14.3
Seq10050_71_bp_-1_2_0	ENA|AAR37016|AAR37016.1	47.06	17	9	0	3	19	31	47	0.34	23.1
Seq10050_71_bp_-1_2_0	ENA|BAA32018|BAA32018.1	57.14	7	3	0	4	10	466	472	2.1	18.6
Seq10050_71_bp_-1_2_0	ENA|ABG75784|ABG75784.1	16.67	12	10	0	12	23	8	19	2.3	17.4
Seq10050_71_bp_-1_2_0	ENA|AAC78721|AAC78721.1	38.46	13	8	0	4	16	87	99	3.3	18.0
Seq10050_71_bp_-1_2_0	ENA|AAC97205|AAC97205.1	46.15	13	7	0	11	23	1029	1041	4.1	18.6
Seq10050_71_bp_-1_2_0	ENA|CAA29956|CAA29956.1	37.50	16	10	0	1	16	213	228	4.1	16.8
Seq10050_71_bp_-1_2_0	ENA|CAA28033|CAA28033.1	30.00	10	7	0	2	11	937	946	4.3	18.6
Seq10050_71_bp_-1_2_0	ENA|BAB17681|BAB17681.1	50.00	12	6	0	10	21	247	258	4.4	16.3
Seq10050_71_bp_-1_2_0	ENA|ACT10338|ACT10338.1	30.00	10	7	0	13	22	194	203	6.2	16.3
Seq10050_71_bp_-1_2_0	ENA|CAA73529|CAA73529.1	42.86	7	4	0	5	11	224	230	9.3	15.1
Seq10050_71_bp_-1_2_0	ENA|AAB03707|AAB03707.1	40.00	10	6	0	3	12	97	106	9.6	17.4
