Seq5156_142_bp_1_0_0	ENA|ABD33854|ABD33854.1	33.33	9	6	0	12	20	56	64	2	15.8
Seq5156_142_bp_1_0_0	ENA|CAD53387|CAD53387.1	61.54	14	5	1	19	32	46	58	3.1	18.1
Seq5156_142_bp_1_0_0	ENA|AAA25966|AAA25966.1	54.55	11	5	0	14	24	225	235	3.3	18.6
Seq5156_142_bp_1_0_0	ENA|ABN10845|ABN10845.1	50.00	8	4	0	17	24	87	94	3.6	16.7
Seq5156_142_bp_1_0_0	ENA|AAC40132|AAC40132.1	50.00	12	6	0	3	14	8	19	7.6	16.7
Seq5156_142_bp_1_0_1	ENA|BAA05866|BAA05866.1	50.00	10	5	0	4	13	296	305	0.24	20.0
Seq5156_142_bp_1_0_1	ENA|CAA36214|CAA36214.1	50.00	8	4	0	7	14	96	103	1.8	17.0
Seq5156_142_bp_1_0_1	ENA|CAA73529|CAA73529.1	50.00	8	4	0	6	13	220	227	3.7	15.8
Seq5156_142_bp_1_0_1	ENA|BAA36759|BAA36759.1	75.00	10	2	2	5	14	59	66	3.9	15.8
Seq5156_142_bp_1_0_1	ENA|AAA32624|AAA32624.1	57.14	7	3	0	8	14	92	98	6.9	15.8
Seq5156_142_bp_1_0_1	ENA|CAA11507|CAA11507.1	28.57	7	5	0	7	13	562	568	7.8	17.0
Seq5156_142_bp_1_0_1	ENA|AAS77176|AAS77176.1	50.00	8	4	0	5	12	88	95	8.6	14.6
Seq5156_142_bp_1_0_1	ENA|AAA36539|AAA36539.1	37.50	8	5	0	7	14	309	316	9.3	15.2
Seq5156_142_bp_1_1_0	ENA|CAA45708|CAA45708.1	100.00	47	0	0	1	47	1318	1364	5.5e-33	129.1
Seq5156_142_bp_1_1_0	ENA|AAB03707|AAB03707.1	28.21	40	28	1	1	40	1169	1207	0.03	26.9
Seq5156_142_bp_1_1_0	ENA|BAA32018|BAA32018.1	42.86	14	8	0	34	47	271	284	1.3	20.3
Seq5156_142_bp_1_1_0	ENA|AAC97205|AAC97205.1	40.00	15	9	0	5	19	1213	1227	1.8	20.8
Seq5156_142_bp_1_1_0	ENA|BAB17681|BAB17681.1	37.50	16	10	0	32	47	92	107	2.3	18.3
Seq5156_142_bp_1_1_0	ENA|BAB79260|BAB79260.1	54.55	11	5	0	9	19	442	452	2.7	18.8
Seq5156_142_bp_1_1_0	ENA|AAC49865|AAC49865.1	33.33	12	8	0	36	47	186	197	2.7	18.3
Seq5156_142_bp_1_1_0	ENA|CAA11507|CAA11507.1	33.33	18	12	0	1	18	708	725	3.9	19.8
Seq5156_142_bp_1_1_0	ENA|AAA25966|AAA25966.1	36.84	19	12	0	27	45	292	310	4.2	18.8
Seq5156_142_bp_1_1_0	ENA|CAL82360|CAL82360.1	56.25	17	7	1	31	46	368	384	5.2	19.3
Seq5156_142_bp_1_1_0	ENA|AAC78721|AAC78721.1	66.67	9	3	0	11	19	438	446	5.5	18.3
Seq5156_142_bp_1_1_0	ENA|AAA36114|AAA36114.1	40.00	10	6	0	26	35	104	113	8.2	17.3
Seq5156_142_bp_1_1_0	ENA|AAC26660|AAC26660.1	37.50	16	10	0	27	42	160	175	8.3	16.2
Seq5156_142_bp_1_1_0	ENA|AAA42531|AAA42531.1	41.67	12	7	0	21	32	234	245	8.8	16.7
Seq5156_142_bp_1_1_0	ENA|ABG75784|ABG75784.1	55.56	9	4	0	25	33	43	51	10	16.2
Seq5156_142_bp_1_2_0	ENA|BAB79260|BAB79260.1	47.37	19	10	0	23	41	206	224	0.042	24.8
Seq5156_142_bp_1_2_0	ENA|BAB79260|BAB79260.1	42.86	14	8	0	27	40	329	342	0.62	20.9
Seq5156_142_bp_1_2_0	ENA|ABN10845|ABN10845.1	47.37	20	10	1	19	37	114	133	1.1	18.9
Seq5156_142_bp_1_2_0	ENA|CAB75732|CAB75732.1	33.33	12	8	0	16	27	1153	1164	2.2	20.4
Seq5156_142_bp_1_2_0	ENA|AAR31603|AAR31603.1	42.86	7	4	0	23	29	94	100	6.2	17.0
Seq5156_142_bp_1_2_0	ENA|AAQ92751|AAQ92751.2	27.78	18	13	0	29	46	3	20	6.8	18.9
Seq5156_142_bp_1_2_0	ENA|ABK71357|ABK71357.1	50.00	8	4	0	25	32	65	72	7	17.0
Seq5156_142_bp_1_2_0	ENA|CAA26023|CAA26023.1	50.00	8	4	0	21	28	115	122	7.2	17.0
Seq5156_142_bp_1_2_0	ENA|AAA42531|AAA42531.1	50.00	10	5	0	30	39	62	71	7.3	17.0
Seq5156_142_bp_1_2_0	ENA|CAA36214|CAA36214.1	47.06	20	9	3	21	37	24	43	8	16.5
Seq5156_142_bp_1_2_0	ENA|ABD49687|ABD49687.1	31.58	19	13	0	21	39	1064	1082	8.3	18.9
Seq5156_142_bp_1_2_0	ENA|AAB96524|AAB96524.1	50.00	6	3	0	2	7	53	58	9.4	15.6
Seq5156_142_bp_1_2_0	ENA|AAA36114|AAA36114.1	33.33	18	12	0	3	20	161	178	9.4	17.0
Seq5156_142_bp_1_2_0	ENA|EDO47375|EDO47375.1	57.14	7	3	0	23	29	113	119	9.5	15.6
Seq5156_142_bp_-1_0_0	ENA|ABD49687|ABD49687.1	40.00	20	12	0	13	32	1065	1084	0.3	23.4
Seq5156_142_bp_-1_0_0	ENA|CAA36214|CAA36214.1	44.44	9	5	0	13	21	25	33	7.8	16.1
Seq5156_142_bp_-1_0_0	ENA|AAC40132|AAC40132.1	50.00	6	3	0	10	15	312	317	8.4	16.6
Seq5156_142_bp_-1_0_0	ENA|CAA43419|CAA43419.1	31.25	16	11	0	14	29	168	183	9.2	16.1
Seq5156_142_bp_-1_0_1	ENA|AAC40132|AAC40132.1	50.00	8	4	0	6	13	113	120	1.2	18.2
Seq5156_142_bp_-1_0_1	ENA|AAR37016|AAR37016.1	50.00	10	5	0	1	10	2331	2340	7.8	17.7
Seq5156_142_bp_-1_1_0	ENA|ABD33854|ABD33854.1	62.50	8	3	0	8	15	9	16	0.34	18.3
Seq5156_142_bp_-1_1_0	ENA|BAB79260|BAB79260.1	54.55	11	5	0	10	20	348	358	3.2	17.8
Seq5156_142_bp_-1_1_0	ENA|CAA29968|CAA29968.1	38.46	13	8	0	4	16	15	27	3.6	16.4
Seq5156_142_bp_-1_1_0	ENA|CAA26023|CAA26023.1	58.33	12	5	0	11	22	80	91	3.7	17.3
Seq5156_142_bp_-1_1_0	ENA|AAB26998|AAB26998.1	50.00	15	7	1	10	24	4	17	3.8	15.0
Seq5156_142_bp_-1_1_0	ENA|ABN10845|ABN10845.1	42.86	7	4	0	8	14	26	32	7.5	15.5
Seq5156_142_bp_-1_2_0	ENA|ABK71357|ABK71357.1	58.33	12	5	0	33	44	85	96	3.5	18.1
Seq5156_142_bp_-1_2_0	ENA|AAC97205|AAC97205.1	23.53	17	13	0	24	40	441	457	4.2	19.5
Seq5156_142_bp_-1_2_0	ENA|AAA24145|AAA24145.1	71.43	7	2	0	2	8	80	86	5.9	17.6
Seq5156_142_bp_-1_2_0	ENA|AAC78721|AAC78721.1	54.55	11	5	0	33	43	44	54	6.1	18.1
