Seq5533_137_bp_1_0_0	BAA32956.1	33.33	28	18	1	15	42	170	196	0.55	19.9
Seq5533_137_bp_1_0_0	CAA26230.1	40.00	51	24	11	4	44	211	260	0.66	21.1
Seq5533_137_bp_1_0_0	ABD49687.1	28.57	29	20	1	12	39	500	528	1.1	21.9
Seq5533_137_bp_1_0_0	AAA36565.1	26.19	45	31	3	1	44	76	118	1.4	18.2
Seq5533_137_bp_1_0_0	AAC97205.1	30.30	34	23	1	8	40	423	456	1.4	21.1
Seq5533_137_bp_1_0_0	BAB70780.1	30.30	36	23	3	10	45	186	218	2.8	18.8
Seq5533_137_bp_1_0_0	AAA18786.1	21.95	41	32	0	5	45	182	222	2.8	17.9
Seq5533_137_bp_1_0_0	AAI27517.1	30.77	27	18	1	19	45	507	532	3.4	18.8
Seq5533_137_bp_1_0_0	AAA42531.1	29.41	37	24	3	5	38	267	303	4.8	17.6
Seq5533_137_bp_1_0_0	AAC78721.1	34.48	31	19	2	7	35	396	426	5.6	18.2
Seq5533_137_bp_1_0_0	CAA45199.1	29.63	28	19	1	5	31	307	334	5.8	17.6
Seq5533_137_bp_1_0_0	AAR37016.1	21.88	32	25	0	6	37	612	643	5.9	19.9
Seq5533_137_bp_1_0_0	AEE27845.1	28.21	45	28	6	3	43	183	225	6.3	19.0
Seq5533_137_bp_1_0_0	ABL74574.1	30.30	33	23	0	6	38	227	259	6.5	16.7
Seq5533_137_bp_1_0_0	AAA65607.1	24.14	29	22	0	11	39	15	43	6.7	17.0
Seq5533_137_bp_1_0_0	AAA26915.1	27.27	33	24	0	1	33	19	51	8.4	17.0
Seq5533_137_bp_1_0_0	CAA43372.1	21.88	33	25	1	9	41	11	42	9	16.7
Seq5533_137_bp_1_0_0	CAA74140.1	27.03	41	27	4	2	42	348	384	9.2	17.9
Seq5533_137_bp_1_0_0	AAA24142.1	25.93	27	20	0	14	40	169	195	9.8	16.7
Seq5533_137_bp_1_1_0	AAA25966.1	25.58	48	32	5	2	44	5	52	7.2	17.9
Seq5533_137_bp_1_2_0	AAC17860.1	100.00	45	0	0	1	45	185	229	3.3e-20	84.7
Seq5533_137_bp_1_2_0	AAC17860.1	56.82	47	19	3	1	45	116	161	4.5e-06	37.8
Seq5533_137_bp_1_2_0	AAC17860.1	37.78	47	28	2	1	45	253	299	0.0053	27.6
Seq5533_137_bp_1_2_0	AAC17860.1	50.00	45	19	7	1	45	55	92	0.019	25.7
Seq5533_137_bp_1_2_0	AAA24969.1	30.00	46	28	6	1	40	1162	1207	1.1	21.7
Seq5533_137_bp_1_2_0	AAA32376.1	27.27	33	24	0	3	35	41	73	2.1	17.7
Seq5533_137_bp_1_2_0	CAA11507.1	28.57	44	30	2	3	45	528	570	4.4	19.5
Seq5533_137_bp_1_2_0	AAA45888.1	39.13	24	14	1	6	28	199	222	6.8	17.1
Seq5533_137_bp_-1_0_0	AAF01122.1	72.73	13	3	2	1	11	12	24	0.36	19.3
Seq5533_137_bp_-1_0_0	AAX12058.1	30.00	10	7	0	1	10	207	216	0.78	17.7
Seq5533_137_bp_-1_0_0	AAQ92751.2	71.43	7	2	0	1	7	764	770	1.9	18.8
Seq5533_137_bp_-1_0_0	BAA32956.1	50.00	8	4	0	3	10	38	45	2.6	15.6
Seq5533_137_bp_-1_0_0	ACT10338.1	45.45	11	6	0	1	11	148	158	4.7	15.6
Seq5533_137_bp_-1_0_0	ABS38337.1	45.45	11	6	0	1	11	231	241	5.1	17.2
Seq5533_137_bp_-1_0_0	AAB03707.1	30.00	10	7	0	2	11	29	38	5.5	17.2
Seq5533_137_bp_-1_0_0	ABK71357.1	62.50	8	3	0	4	11	16	23	6.3	15.1
Seq5533_137_bp_-1_0_0	AII71783.1	40.00	10	6	0	2	11	131	140	7.5	14.6
Seq5533_137_bp_-1_0_0	ABG75784.1	60.00	5	2	0	3	7	78	82	7.6	14.6
Seq5533_137_bp_-1_0_0	AAC17860.1	36.36	11	7	0	1	11	42	52	9.8	14.6
Seq5533_137_bp_-1_0_1	AAX84812.1	42.86	15	8	1	1	15	188	201	1.9	16.6
Seq5533_137_bp_-1_0_1	AAA23282.1	35.71	16	9	2	1	14	544	559	2.1	17.8
Seq5533_137_bp_-1_0_1	BAA32956.1	33.33	12	8	0	4	15	126	137	2.3	16.2
Seq5533_137_bp_-1_0_1	AAA42531.1	25.00	12	9	0	4	15	194	205	2.5	17.0
Seq5533_137_bp_-1_0_1	AAA65607.1	41.67	12	7	0	1	12	236	247	3.1	16.6
Seq5533_137_bp_-1_0_1	AAX12058.1	60.00	5	2	0	4	8	17	21	4	15.8
Seq5533_137_bp_-1_0_1	CAA73529.1	41.67	13	7	1	3	14	58	70	5.2	15.4
Seq5533_137_bp_-1_0_1	AAF01122.1	44.44	9	5	0	3	11	193	201	5.4	15.8
Seq5533_137_bp_-1_0_1	CAA43372.1	33.33	15	10	0	1	15	370	384	5.9	15.8
Seq5533_137_bp_-1_0_1	AAA25966.1	60.00	5	2	0	6	10	64	68	5.9	16.6
Seq5533_137_bp_-1_0_1	AAB26998.1	38.46	14	8	1	2	14	23	36	5.9	13.4
Seq5533_137_bp_-1_0_1	AAR37016.1	27.27	11	8	0	5	15	1587	1597	6.3	18.2
Seq5533_137_bp_-1_0_1	AAQ92751.2	38.46	13	8	0	1	13	571	583	6.4	17.4
Seq5533_137_bp_-1_0_1	AAA45888.1	35.71	14	9	0	2	15	104	117	7.1	15.4
Seq5533_137_bp_-1_0_1	CAA04196.1	62.50	8	3	0	3	10	4	11	7.7	15.4
Seq5533_137_bp_-1_0_1	AAB64315.2	80.00	5	1	0	3	7	195	199	8	15.0
Seq5533_137_bp_-1_0_1	BAA32018.1	23.08	13	10	0	3	15	118	130	8.6	15.8
Seq5533_137_bp_-1_1_0	AAB26998.1	42.11	22	11	3	18	36	41	62	0.7	18.1
Seq5533_137_bp_-1_1_0	AAX84812.1	26.92	28	19	2	1	28	69	94	0.88	19.4
Seq5533_137_bp_-1_1_0	AAA42531.1	14.71	34	29	0	2	35	100	133	2.2	18.7
Seq5533_137_bp_-1_1_0	CAA73529.1	27.50	43	29	3	3	43	113	154	2.4	18.1
Seq5533_137_bp_-1_1_0	AAB96524.1	27.50	43	29	3	3	45	75	114	2.5	17.5
Seq5533_137_bp_-1_1_0	AAA25966.1	31.03	30	20	1	6	34	420	449	2.7	19.4
Seq5533_137_bp_-1_1_0	BAA32956.1	41.18	38	20	4	3	40	117	150	2.8	17.5
Seq5533_137_bp_-1_1_0	AAF01122.1	37.50	35	20	3	2	36	35	66	3.3	18.1
Seq5533_137_bp_-1_1_0	CAA04196.1	25.81	33	23	2	12	44	288	318	3.6	18.1
Seq5533_137_bp_-1_1_0	AAA24142.1	44.44	32	15	5	7	34	348	378	3.9	18.1
Seq5533_137_bp_-1_1_0	AAC78721.1	33.33	35	22	2	5	37	52	86	4.7	18.4
Seq5533_137_bp_-1_1_0	AAH69556.1	32.35	36	23	2	1	35	255	289	4.9	17.2
Seq5533_137_bp_-1_1_0	ABD49687.1	25.00	43	30	3	3	44	82	122	6.2	19.4
Seq5533_137_bp_-1_1_0	AAA32624.1	29.41	17	12	0	10	26	97	113	6.8	17.5
Seq5533_137_bp_-1_1_0	ACH70904.1	18.75	32	26	0	12	43	128	159	7.1	16.9
Seq5533_137_bp_-1_1_0	EDO47375.1	28.12	32	23	0	1	32	37	68	8.6	15.7
Seq5533_137_bp_-1_1_0	CAA26230.1	29.41	37	24	3	9	45	15	48	8.8	17.2
Seq5533_137_bp_-1_1_0	AAI27517.1	23.33	32	23	2	14	43	410	441	9.2	17.2
Seq5533_137_bp_-1_2_0	ABN10845.1	52.63	24	9	5	5	28	101	119	0.17	21.1
Seq5533_137_bp_-1_2_0	AAR31603.1	29.17	24	17	0	1	24	137	160	0.58	19.9
Seq5533_137_bp_-1_2_0	AAB26998.1	27.27	30	16	8	1	26	35	60	0.73	17.5
Seq5533_137_bp_-1_2_0	AAH69556.1	35.71	29	18	1	2	29	189	217	1	19.0
Seq5533_137_bp_-1_2_0	AAA45888.1	27.59	29	21	0	2	30	84	112	1	19.3
Seq5533_137_bp_-1_2_0	EDO47375.1	25.00	25	18	1	2	26	125	148	1.2	18.1
Seq5533_137_bp_-1_2_0	ACH70904.1	28.57	23	15	2	2	24	290	310	1.2	19.0
Seq5533_137_bp_-1_2_0	AAB96524.1	33.33	16	10	1	5	19	163	178	1.4	17.8
Seq5533_137_bp_-1_2_0	BAA32991.1	36.36	31	14	9	2	27	16	42	1.8	16.0
Seq5533_137_bp_-1_2_0	CAA73529.1	28.00	25	18	0	6	30	57	81	2	17.8
Seq5533_137_bp_-1_2_0	AAA42531.1	40.00	31	15	6	2	29	132	159	2.4	18.1
Seq5533_137_bp_-1_2_0	CAA04196.1	35.71	14	9	0	10	23	17	30	2.5	18.1
Seq5533_137_bp_-1_2_0	AAA24969.1	37.50	24	15	0	2	25	797	820	3.3	19.6
Seq5533_137_bp_-1_2_0	CAA26230.1	28.57	32	20	4	1	30	341	370	3.4	18.1
Seq5533_137_bp_-1_2_0	ABD33854.1	27.27	12	8	1	15	26	43	53	3.7	14.8
Seq5533_137_bp_-1_2_0	AAA32624.1	30.77	28	18	2	2	27	430	457	3.9	17.8
Seq5533_137_bp_-1_2_0	ACT10338.1	44.44	10	5	1	7	16	295	303	4.3	17.2
Seq5533_137_bp_-1_2_0	AAX84812.1	37.50	17	10	1	13	28	189	205	4.7	16.3
Seq5533_137_bp_-1_2_0	AAC97205.1	32.00	34	17	9	1	25	875	908	4.8	18.7
Seq5533_137_bp_-1_2_0	AAC78721.1	30.00	30	21	0	1	30	629	658	4.9	17.8
Seq5533_137_bp_-1_2_0	AAR37016.1	39.13	29	14	6	2	26	1570	1596	5	19.6
Seq5533_137_bp_-1_2_0	AAA23282.1	36.36	27	14	5	3	29	368	389	6.2	17.2
Seq5533_137_bp_-1_2_0	AAA26915.1	46.67	15	8	0	3	17	332	346	6.3	16.9
Seq5533_137_bp_-1_2_0	AAA25966.1	35.00	24	13	4	10	29	246	269	6.4	17.5
Seq5533_137_bp_-1_2_0	AAI27517.1	29.17	27	17	3	1	26	4	28	6.4	17.2
Seq5533_137_bp_-1_2_0	BAA32018.1	31.03	32	20	3	1	29	392	423	8.2	16.9
Seq5533_137_bp_-1_2_0	AAC17860.1	30.00	23	14	3	11	30	344	366	9.9	16.0
Seq5533_137_bp_-1_2_1	BAB70780.1	45.45	11	6	0	3	13	90	100	3	17.0
Seq5533_137_bp_-1_2_1	AAX84812.1	57.14	7	3	0	2	8	53	59	3.7	15.6
Seq5533_137_bp_-1_2_1	AEE27845.1	54.55	12	5	1	3	13	1371	1382	4.4	17.9
Seq5533_137_bp_-1_2_1	AAA42531.1	23.08	13	10	0	1	13	56	68	4.5	16.0
Seq5533_137_bp_-1_2_1	CAA04196.1	62.50	8	3	0	3	10	169	176	6.5	15.6
Seq5533_137_bp_-1_2_1	AAB64315.2	30.77	13	9	0	1	13	83	95	7	15.1
Seq5533_137_bp_-1_2_1	ABS38337.1	50.00	10	5	0	5	14	339	348	7.5	17.0
Seq5533_137_bp_-1_2_1	AAI27517.1	66.67	6	2	0	1	6	348	353	9	15.6
Seq5533_137_bp_-1_2_1	ABG75784.1	50.00	10	5	0	5	14	293	302	9	14.6
Seq5533_137_bp_-1_2_1	AIR13712.1	50.00	8	4	0	2	9	312	319	9.4	14.6
Seq5533_137_bp_-1_2_1	ABD49687.1	25.00	12	9	0	1	12	1169	1180	9.8	17.0
