Seq5039_181_bp_1_0_0	ENA|CAA28033|CAA28033.1	100.00	60	0	0	1	60	1093	1152	1e-44	168.2
Seq5039_181_bp_1_0_0	ENA|CAL82360|CAL82360.1	44.83	60	32	2	2	59	1077	1136	5.2e-13	62.9
Seq5039_181_bp_1_0_0	ENA|AAB03707|AAB03707.1	34.78	23	15	0	25	47	220	242	1.1	22.1
Seq5039_181_bp_1_0_0	ENA|CAA29956|CAA29956.1	46.15	13	7	0	35	47	337	349	2.8	18.8
Seq5039_181_bp_1_0_0	ENA|BAB17681|BAB17681.1	29.63	30	19	3	30	56	217	246	3	18.2
Seq5039_181_bp_1_0_0	ENA|CAA29968|CAA29968.1	42.31	28	15	2	29	55	71	97	4.6	17.1
Seq5039_181_bp_1_0_0	ENA|BAA05866|BAA05866.1	40.00	25	15	0	7	31	238	262	4.9	17.7
Seq5039_181_bp_1_0_0	ENA|CAB75732|CAB75732.1	37.50	24	15	0	33	56	486	509	5.8	19.3
Seq5039_181_bp_1_0_0	ENA|AAB66912|AAB66912.1	53.85	13	6	0	14	26	631	643	6.8	18.8
Seq5039_181_bp_1_0_0	ENA|AAF79734|AAF79734.1	30.00	20	14	0	4	23	1181	1200	7.2	19.3
Seq5039_181_bp_1_0_0	ENA|CAA36714|CAA36714.1	27.50	42	29	2	17	58	161	200	7.3	17.7
Seq5039_181_bp_1_0_0	ENA|AAA25966|AAA25966.1	62.50	8	3	0	21	28	612	619	7.7	18.2
Seq5039_181_bp_1_0_0	ENA|BAA36759|BAA36759.1	35.29	17	11	0	42	58	176	192	9.5	16.6
Seq5039_181_bp_1_1_0	ENA|AAA36114|AAA36114.1	44.44	18	10	0	8	25	407	424	0.42	21.7
Seq5039_181_bp_1_1_0	ENA|BAA32018|BAA32018.1	36.84	19	12	0	19	37	71	89	0.74	21.2
Seq5039_181_bp_1_1_0	ENA|CAA45199|CAA45199.1	30.00	31	21	1	18	47	105	135	0.8	20.6
Seq5039_181_bp_1_1_0	ENA|AAR37016|AAR37016.1	24.14	29	22	0	2	30	2233	2261	1.3	22.2
Seq5039_181_bp_1_1_0	ENA|CAA28033|CAA28033.1	53.33	15	7	0	25	39	103	117	1.5	21.2
Seq5039_181_bp_1_1_0	ENA|BAA32991|BAA32991.1	45.45	11	6	0	12	22	2	12	2.2	16.4
Seq5039_181_bp_1_1_0	ENA|AAA42531|AAA42531.1	26.09	23	17	0	9	31	180	202	4.1	18.0
Seq5039_181_bp_1_1_0	ENA|CAA29968|CAA29968.1	22.22	27	21	0	23	49	59	85	4.3	16.9
Seq5039_181_bp_1_1_0	ENA|CAA36714|CAA36714.1	38.46	13	8	0	26	38	457	469	4.9	18.0
Seq5039_181_bp_1_1_0	ENA|ABG75784|ABG75784.1	26.67	15	11	0	33	47	209	223	6.7	16.9
Seq5039_181_bp_1_1_0	ENA|ACH70901|ACH70901.1	31.58	19	13	0	20	38	115	133	7.6	16.9
Seq5039_181_bp_1_1_0	ENA|ACT10338|ACT10338.1	16.00	25	21	0	15	39	225	249	8.2	16.9
Seq5039_181_bp_1_1_0	ENA|ABD49687|ABD49687.1	35.29	17	11	0	18	34	407	423	8.3	19.0
Seq5039_181_bp_1_1_0	ENA|CAA73529|CAA73529.1	55.56	9	4	0	37	45	225	233	8.3	16.4
Seq5039_181_bp_1_1_0	ENA|AAS77176|AAS77176.1	54.55	11	5	0	33	43	243	253	8.8	16.4
Seq5039_181_bp_1_1_0	ENA|AAB03707|AAB03707.1	70.00	10	3	0	25	34	361	370	9.5	18.5
Seq5039_181_bp_1_1_0	ENA|AAC78721|AAC78721.1	40.00	10	6	0	31	40	468	477	9.7	17.4
Seq5039_181_bp_1_1_0	ENA|AAA36539|AAA36539.1	35.71	14	9	0	20	33	348	361	9.9	16.9
Seq5039_181_bp_1_2_0	ENA|AAF79734|AAF79734.1	55.56	9	4	0	9	17	1021	1029	0.72	21.3
Seq5039_181_bp_1_2_0	ENA|CAA45199|CAA45199.1	38.46	13	8	0	8	20	113	125	0.85	19.4
Seq5039_181_bp_1_2_0	ENA|CAA28033|CAA28033.1	31.82	22	15	0	1	22	348	369	0.99	20.7
Seq5039_181_bp_1_2_0	ENA|AAA42531|AAA42531.1	28.57	14	10	0	1	14	276	289	1.1	18.8
Seq5039_181_bp_1_2_0	ENA|CAL82360|CAL82360.1	45.45	11	6	0	5	15	283	293	1.5	20.0
Seq5039_181_bp_1_2_0	ENA|AAA32624|AAA32624.1	50.00	14	7	0	4	17	17	30	2.2	18.2
Seq5039_181_bp_1_2_0	ENA|AAA18786|AAA18786.1	50.00	6	3	0	8	13	170	175	4.1	16.3
Seq5039_181_bp_1_2_0	ENA|CAA73529|CAA73529.1	42.86	14	8	0	6	19	125	138	4.2	16.3
Seq5039_181_bp_1_2_0	ENA|ABG75784|ABG75784.1	62.50	8	3	0	15	22	63	70	4.7	16.3
Seq5039_181_bp_1_2_0	ENA|BAA32018|BAA32018.1	35.71	15	9	1	8	22	295	308	6.1	16.9
Seq5039_181_bp_1_2_0	ENA|AAA24145|AAA24145.1	62.50	8	3	0	15	22	404	411	6.9	16.3
Seq5039_181_bp_1_2_0	ENA|AAC26660|AAC26660.1	35.71	14	9	0	7	20	216	229	8.9	15.0
Seq5039_181_bp_1_2_0	ENA|AAR37016|AAR37016.1	26.32	19	14	0	3	21	1885	1903	9.3	18.2
Seq5039_181_bp_1_2_0	ENA|EDO47375|EDO47375.1	21.43	14	11	0	1	14	35	48	9.9	14.4
Seq5039_181_bp_1_2_1	ENA|ABG75784|ABG75784.1	50.00	12	6	0	16	27	268	279	2.6	17.5
Seq5039_181_bp_1_2_1	ENA|AAB96524|AAB96524.1	31.25	16	11	0	5	20	168	183	3.1	16.5
Seq5039_181_bp_1_2_1	ENA|BAA32991|BAA32991.1	45.45	11	6	0	11	21	56	66	3.3	14.9
Seq5039_181_bp_1_2_1	ENA|BAB17681|BAB17681.1	50.00	12	6	0	2	13	236	247	8.8	15.4
Seq5039_181_bp_-1_0_0	ENA|ACT10338|ACT10338.1	38.89	18	11	0	26	43	266	283	2.1	19.2
Seq5039_181_bp_-1_0_0	ENA|CAA28033|CAA28033.1	32.14	28	19	0	7	34	373	400	2.5	20.8
Seq5039_181_bp_-1_0_0	ENA|AAC40132|AAC40132.1	33.33	45	28	3	1	43	133	176	2.6	19.2
Seq5039_181_bp_-1_0_0	ENA|EDO47375|EDO47375.1	25.00	24	18	0	37	60	102	125	4.1	17.2
Seq5039_181_bp_-1_0_0	ENA|AAR37016|AAR37016.1	40.00	20	12	0	34	53	1280	1299	8.5	19.8
Seq5039_181_bp_-1_0_0	ENA|AAQ92751|AAQ92751.2	28.00	25	18	0	9	33	290	314	9.9	18.7
Seq5039_181_bp_-1_1_0	ENA|CAA28033|CAA28033.1	30.00	30	21	0	26	55	1089	1118	0.92	22.2
Seq5039_181_bp_-1_1_0	ENA|ABN10845|ABN10845.1	31.58	19	13	0	12	30	13	31	2.1	18.4
Seq5039_181_bp_-1_1_0	ENA|AAA36539|AAA36539.1	50.00	14	7	0	26	39	309	322	2.4	19.4
Seq5039_181_bp_-1_1_0	ENA|EDO47375|EDO47375.1	23.08	13	10	0	45	57	119	131	2.5	17.9
Seq5039_181_bp_-1_1_0	ENA|AAB66912|AAB66912.1	37.04	30	17	3	8	34	607	636	3.3	19.8
Seq5039_181_bp_-1_1_0	ENA|AAB96524|AAB96524.1	46.15	29	14	3	33	59	111	138	3.4	17.5
Seq5039_181_bp_-1_1_0	ENA|BAB79260|BAB79260.1	26.67	32	22	2	27	56	365	396	4.3	18.4
Seq5039_181_bp_-1_1_0	ENA|AAA25966|AAA25966.1	35.71	14	9	0	9	22	234	247	6.7	18.4
Seq5039_181_bp_-1_1_0	ENA|AAA32624|AAA32624.1	37.50	25	15	1	28	52	268	291	6.8	17.9
Seq5039_181_bp_-1_1_0	ENA|AAA42531|AAA42531.1	21.74	23	18	0	28	50	363	385	7	17.5
Seq5039_181_bp_-1_2_0	ENA|AAA18786|AAA18786.1	66.67	9	3	0	2	10	3	11	0.35	18.9
Seq5039_181_bp_-1_2_0	ENA|BAB79260|BAB79260.1	55.56	9	4	0	1	9	127	135	0.58	18.9
Seq5039_181_bp_-1_2_0	ENA|ACH70901|ACH70901.1	62.50	8	3	0	4	11	74	81	1.2	17.5
Seq5039_181_bp_-1_2_0	ENA|ABD33854|ABD33854.1	50.00	6	3	0	6	11	18	23	2.3	14.0
Seq5039_181_bp_-1_2_0	ENA|AAR31603|AAR31603.1	37.50	8	5	0	3	10	127	134	4.5	15.4
Seq5039_181_bp_-1_2_0	ENA|AAC26660|AAC26660.1	40.00	10	6	0	2	11	247	256	5.6	14.7
Seq5039_181_bp_-1_2_0	ENA|AAA25966|AAA25966.1	40.00	10	6	0	1	10	140	149	6.1	16.1
Seq5039_181_bp_-1_2_0	ENA|CAA36714|CAA36714.1	57.14	7	3	0	3	9	236	242	6.3	15.4
Seq5039_181_bp_-1_2_0	ENA|BAA05866|BAA05866.1	45.45	11	6	0	1	11	297	307	6.7	14.7
Seq5039_181_bp_-1_2_0	ENA|ABG75784|ABG75784.1	80.00	5	1	0	4	8	281	285	6.8	14.7
Seq5039_181_bp_-1_2_0	ENA|AAQ92751|AAQ92751.2	42.86	7	4	0	1	7	745	751	7.1	16.8
Seq5039_181_bp_-1_2_0	ENA|ABN10845|ABN10845.1	25.00	8	6	0	3	10	95	102	7.6	14.0
Seq5039_181_bp_-1_2_0	ENA|BAA32018|BAA32018.1	60.00	5	2	0	6	10	106	110	8.3	15.4
Seq5039_181_bp_-1_2_0	ENA|AAA24145|AAA24145.1	75.00	4	1	0	8	11	264	267	9.7	14.7
Seq5039_181_bp_-1_2_0	ENA|AAS77176|AAS77176.1	50.00	6	3	0	2	7	241	246	9.8	14.0
Seq5039_181_bp_-1_2_1	ENA|BAA32956|BAA32956.1	41.67	12	7	0	32	43	141	152	3.1	17.5
Seq5039_181_bp_-1_2_1	ENA|AAC78721|AAC78721.1	38.46	13	8	0	33	45	92	104	4.9	18.4
Seq5039_181_bp_-1_2_1	ENA|BAA36759|BAA36759.1	44.44	9	5	0	33	41	209	217	5.7	17.0
Seq5039_181_bp_-1_2_1	ENA|BAA05866|BAA05866.1	45.00	22	11	2	22	43	45	64	6.1	17.0
Seq5039_181_bp_-1_2_1	ENA|CAA36714|CAA36714.1	38.46	13	8	0	31	43	231	243	6.6	17.5
Seq5039_181_bp_-1_2_1	ENA|CAA24711|CAA24711.1	36.36	11	7	0	20	30	125	135	9	15.5
Seq5039_181_bp_-1_2_1	ENA|CAA45199|CAA45199.1	44.44	9	5	0	9	17	16	24	9	17.0
Seq5039_181_bp_-1_2_1	ENA|AAA36539|AAA36539.1	36.36	25	14	3	1	22	101	125	9.1	17.0
Seq5039_181_bp_-1_2_1	ENA|AAA18786|AAA18786.1	50.00	8	4	0	32	39	85	92	9.9	16.0
Seq5039_181_bp_-1_2_1	ENA|AAA32624|AAA32624.1	36.84	19	12	0	2	20	63	81	9.9	17.0
