Seq6340_140_bp_1_0_0	AEE27845.1	100.00	46	0	0	1	46	251	296	4.7e-22	92.7
Seq6340_140_bp_1_0_0	BAE97662.1	28.26	46	33	0	1	46	935	980	0.27	23.4
Seq6340_140_bp_1_0_0	BAE97662.1	28.89	45	32	0	2	46	982	1026	0.46	22.7
Seq6340_140_bp_1_0_0	BAE97662.1	28.89	45	32	0	2	46	1028	1072	0.46	22.7
Seq6340_140_bp_1_0_0	AAA45888.1	23.08	39	30	0	5	43	277	315	0.93	20.0
Seq6340_140_bp_1_0_0	AAQ92751.2	23.91	46	35	0	1	46	53	98	1.5	21.2
Seq6340_140_bp_1_0_0	AAC17860.1	35.48	31	20	0	16	46	54	84	2.1	18.9
Seq6340_140_bp_1_0_0	AAC78721.1	28.57	44	30	2	5	46	498	541	5.7	18.2
Seq6340_140_bp_1_0_0	CAA04196.1	25.64	39	29	0	7	45	242	280	7.5	17.1
Seq6340_140_bp_1_0_0	AAR31603.1	31.58	19	13	0	28	46	269	287	7.6	16.7
Seq6340_140_bp_1_0_0	AAA32376.1	27.59	29	21	0	3	31	61	89	8.6	15.6
Seq6340_140_bp_1_0_0	CAA11507.1	26.32	39	28	1	2	39	937	975	8.6	18.6
Seq6340_140_bp_1_0_0	CAA43372.1	29.27	42	29	1	3	44	29	69	9.4	16.7
Seq6340_140_bp_1_1_0	AAB64315.2	29.17	25	17	1	16	40	113	136	0.067	23.6
Seq6340_140_bp_1_1_0	ABK71357.1	25.00	36	27	0	5	40	76	111	0.24	22.0
Seq6340_140_bp_1_1_0	AAX12058.1	36.00	27	16	2	16	41	144	169	0.44	20.7
Seq6340_140_bp_1_1_0	AAB03707.1	31.03	29	20	0	17	45	119	147	0.44	23.0
Seq6340_140_bp_1_1_0	BAA32018.1	17.50	40	33	0	5	44	351	390	0.5	21.6
Seq6340_140_bp_1_1_0	ABD49687.1	26.19	43	31	1	4	46	576	617	0.69	22.6
Seq6340_140_bp_1_1_0	AAC78721.1	27.27	33	24	0	13	45	270	302	0.85	21.0
Seq6340_140_bp_1_1_0	AAA24142.1	38.89	19	11	1	15	32	196	214	0.9	20.3
Seq6340_140_bp_1_1_0	AAR31603.1	30.00	21	14	1	21	41	148	167	1	19.7
Seq6340_140_bp_1_1_0	ABD33854.1	23.53	17	13	0	25	41	44	60	1.3	17.0
Seq6340_140_bp_1_1_0	AAA45888.1	38.10	24	13	3	25	45	173	196	1.5	19.3
Seq6340_140_bp_1_1_0	AEE27845.1	33.33	30	20	0	6	35	1078	1107	2.2	20.7
Seq6340_140_bp_1_1_0	AAC97205.1	61.11	23	7	5	13	30	248	270	2.4	20.3
Seq6340_140_bp_1_1_0	AAA72732.1	20.59	34	27	0	11	44	241	274	3.1	18.0
Seq6340_140_bp_1_1_0	BAB17681.1	17.95	39	32	0	7	45	114	152	5.3	17.0
Seq6340_140_bp_1_1_0	AAA65607.1	44.44	9	5	0	28	36	215	223	5.6	17.3
Seq6340_140_bp_1_1_0	CAA74140.1	35.00	21	13	1	25	45	756	775	5.7	18.7
Seq6340_140_bp_1_1_0	CAA73529.1	28.57	14	10	0	28	41	96	109	6.5	16.7
Seq6340_140_bp_1_1_0	CAA45199.1	47.06	18	9	1	29	45	290	307	7.1	17.3
Seq6340_140_bp_1_1_0	ACT10338.1	23.33	32	23	2	4	33	275	306	7.3	17.0
Seq6340_140_bp_1_1_0	AAB26998.1	29.17	26	17	2	6	29	28	53	7.4	14.7
Seq6340_140_bp_1_1_0	AAA25966.1	26.47	34	25	0	2	35	39	72	8.5	17.7
Seq6340_140_bp_1_2_0	ACH70904.1	35.71	14	9	0	2	15	67	80	0.16	20.9
Seq6340_140_bp_1_2_0	AAB26998.1	55.56	9	4	0	2	10	71	79	0.31	17.7
Seq6340_140_bp_1_2_0	CAA43372.1	50.00	20	7	6	2	15	155	174	0.33	20.0
Seq6340_140_bp_1_2_0	ABD33854.1	37.50	8	5	0	1	8	54	61	0.34	17.3
Seq6340_140_bp_1_2_0	AEE27845.1	26.67	15	11	0	1	15	651	665	0.44	21.4
Seq6340_140_bp_1_2_0	BAB17681.1	38.46	13	8	0	3	15	234	246	1.5	17.3
Seq6340_140_bp_1_2_0	AAA26915.1	80.00	5	1	0	6	10	426	430	2.5	17.3
Seq6340_140_bp_1_2_0	BAA32991.1	100.00	3	0	0	6	8	4	6	3.3	14.1
Seq6340_140_bp_1_2_0	EDO47375.1	50.00	6	3	0	5	10	138	143	3.5	15.5
Seq6340_140_bp_1_2_0	ABK71357.1	66.67	6	2	0	1	6	190	195	3.6	16.4
Seq6340_140_bp_1_2_0	AAX12058.1	57.14	7	3	0	1	7	158	164	3.7	15.9
Seq6340_140_bp_1_2_0	AAA25966.1	33.33	9	6	0	1	9	259	267	3.8	17.3
Seq6340_140_bp_1_2_0	BAB79260.1	41.67	12	7	0	4	15	273	284	4.4	16.4
Seq6340_140_bp_1_2_0	ACT10338.1	36.36	11	7	0	5	15	163	173	5.2	15.9
Seq6340_140_bp_1_2_0	AAH69556.1	28.57	14	10	0	1	14	40	53	5.5	15.5
Seq6340_140_bp_1_2_0	AAI27517.1	37.50	8	5	0	5	12	93	100	5.7	16.4
Seq6340_140_bp_1_2_0	AAA24142.1	40.00	10	6	0	1	10	400	409	5.9	15.9
Seq6340_140_bp_1_2_0	AAC78721.1	60.00	5	2	0	4	8	245	249	6.4	16.4
Seq6340_140_bp_1_2_0	ABN10845.1	57.14	7	3	0	9	15	189	195	7.3	14.6
Seq6340_140_bp_1_2_0	CAA04196.1	71.43	7	2	0	1	7	28	34	7.4	15.5
Seq6340_140_bp_1_2_0	CAA73529.1	27.27	11	8	0	4	14	201	211	9	14.6
Seq6340_140_bp_1_2_0	AAQ92751.2	36.36	11	7	0	3	13	773	783	9.4	16.8
Seq6340_140_bp_1_2_1	AAA45888.1	46.15	13	7	0	4	16	60	72	0.00083	28.7
Seq6340_140_bp_1_2_1	AAA45888.1	50.00	10	5	0	7	16	105	114	0.76	18.8
Seq6340_140_bp_1_2_1	ABD33854.1	20.00	15	12	0	2	16	8	22	0.09	19.3
Seq6340_140_bp_1_2_1	AAA72732.1	45.45	11	6	0	6	16	3	13	0.32	19.8
Seq6340_140_bp_1_2_1	ABN10845.1	33.33	15	10	0	2	16	22	36	0.85	17.8
Seq6340_140_bp_1_2_1	BAB79260.1	18.75	16	13	0	1	16	91	106	1.3	18.3
Seq6340_140_bp_1_2_1	CAA11507.1	36.36	11	7	0	4	14	36	46	1.9	19.3
Seq6340_140_bp_1_2_1	EDO47375.1	26.67	15	11	0	2	16	102	116	2	16.3
Seq6340_140_bp_1_2_1	AAA18786.1	27.27	11	8	0	4	14	4	14	2.1	16.8
Seq6340_140_bp_1_2_1	CAA26230.1	54.55	11	5	0	2	12	270	280	2.2	17.8
Seq6340_140_bp_1_2_1	AAC97205.1	12.50	16	14	0	1	16	1223	1238	3.4	18.3
Seq6340_140_bp_1_2_1	AAB96524.1	26.67	15	11	0	2	16	87	101	3.9	15.4
Seq6340_140_bp_1_2_1	AAR37016.1	30.77	13	9	0	2	14	1528	1540	4.5	18.8
Seq6340_140_bp_1_2_1	AAR31603.1	20.00	10	8	0	1	10	322	331	9.2	14.9
Seq6340_140_bp_1_2_1	ABS38337.1	33.33	15	10	0	1	15	654	668	9.2	16.8
Seq6340_140_bp_-1_0_0	AEE27845.1	30.30	33	23	0	1	33	248	280	0.073	25.2
Seq6340_140_bp_-1_0_0	BAE97662.1	52.38	22	10	1	2	22	937	958	0.075	24.9
Seq6340_140_bp_-1_0_0	BAE97662.1	52.38	22	10	1	2	22	959	980	0.075	24.9
Seq6340_140_bp_-1_0_0	BAE97662.1	52.38	22	10	1	2	22	981	1002	0.075	24.9
Seq6340_140_bp_-1_0_0	BAE97662.1	52.38	22	10	1	2	22	1003	1024	0.075	24.9
Seq6340_140_bp_-1_0_0	BAE97662.1	52.38	22	10	1	2	22	1025	1046	0.075	24.9
Seq6340_140_bp_-1_0_0	BAE97662.1	52.38	22	10	1	2	22	1047	1068	0.075	24.9
Seq6340_140_bp_-1_0_0	BAE97662.1	55.00	21	9	1	2	22	1069	1088	0.12	24.2
Seq6340_140_bp_-1_0_0	AAA45888.1	37.50	16	10	0	8	23	255	270	1.6	18.8
Seq6340_140_bp_-1_0_0	BAA32018.1	22.22	27	21	0	7	33	29	55	1.7	19.5
Seq6340_140_bp_-1_0_0	AAC78721.1	66.67	9	3	0	1	9	659	667	3.5	18.5
Seq6340_140_bp_-1_0_0	AAF01122.1	21.88	32	25	0	1	32	219	250	6.1	16.8
Seq6340_140_bp_-1_0_1	AAA24969.1	50.00	10	5	0	1	10	1315	1324	1.8	18.9
Seq6340_140_bp_-1_0_1	AEE27845.1	87.50	8	1	0	2	9	284	291	2.7	18.2
Seq6340_140_bp_-1_0_1	AIR13712.1	50.00	8	4	0	1	8	236	243	2.8	16.0
Seq6340_140_bp_-1_0_1	AAB96524.1	50.00	8	4	0	1	8	4	11	4.2	14.6
Seq6340_140_bp_-1_0_1	AAA26915.1	30.00	10	7	0	1	10	53	62	6.3	15.3
Seq6340_140_bp_-1_0_1	AAA23282.1	50.00	10	5	0	1	10	391	400	7.6	15.3
Seq6340_140_bp_-1_0_1	AAC78721.1	71.43	7	2	0	1	7	638	644	8.8	15.3
Seq6340_140_bp_-1_1_0	AAB26998.1	34.78	27	15	4	12	34	31	57	0.14	20.5
Seq6340_140_bp_-1_1_0	AII71783.1	43.75	18	9	2	23	40	148	163	0.68	20.2
Seq6340_140_bp_-1_1_0	BAA32991.1	35.29	17	11	0	14	30	8	24	0.85	17.7
Seq6340_140_bp_-1_1_0	ABG75784.1	26.67	36	22	6	9	44	249	278	1.3	19.2
Seq6340_140_bp_-1_1_0	AAR31603.1	32.00	28	17	3	22	46	137	164	1.7	18.9
Seq6340_140_bp_-1_1_0	AAA32376.1	21.88	35	25	3	5	39	130	161	2.1	17.7
Seq6340_140_bp_-1_1_0	AAR37016.1	29.41	35	24	1	7	40	1564	1598	2.7	21.1
Seq6340_140_bp_-1_1_0	AAC97205.1	36.36	25	14	3	10	31	835	859	2.7	20.2
Seq6340_140_bp_-1_1_0	AAA25966.1	27.27	25	16	3	12	33	297	321	3	19.2
Seq6340_140_bp_-1_1_0	ABD49687.1	32.14	29	19	1	19	46	1101	1129	3	20.5
Seq6340_140_bp_-1_1_0	AAB96524.1	21.88	34	25	2	5	38	156	187	3.5	17.1
Seq6340_140_bp_-1_1_0	AAI27517.1	20.00	41	32	1	1	40	283	323	3.8	18.6
Seq6340_140_bp_-1_1_0	AAC17860.1	26.67	50	33	5	1	45	56	105	4	18.0
Seq6340_140_bp_-1_1_0	AAC78721.1	21.88	34	25	2	9	42	286	317	4.3	18.6
Seq6340_140_bp_-1_1_0	ACH70904.1	41.67	12	7	0	23	34	291	302	4.4	17.7
Seq6340_140_bp_-1_1_0	AAA24142.1	26.09	25	17	2	18	40	156	180	4.4	18.0
Seq6340_140_bp_-1_1_0	AAA45888.1	15.00	41	34	1	6	45	151	191	7	17.1
Seq6340_140_bp_-1_1_0	BAB79260.1	15.79	39	32	1	3	41	251	288	8.1	17.1
Seq6340_140_bp_-1_1_0	ACT10338.1	32.00	29	17	4	19	46	26	51	8.6	16.7
Seq6340_140_bp_-1_2_0	AAA72732.1	43.75	16	9	0	17	32	3	18	0.16	21.8
Seq6340_140_bp_-1_2_0	AAA45888.1	38.46	29	16	3	2	30	123	148	0.25	21.5
Seq6340_140_bp_-1_2_0	AAA32376.1	32.14	32	19	4	6	33	96	127	2	17.3
Seq6340_140_bp_-1_2_0	AAR37016.1	25.93	28	20	1	2	29	2021	2047	2.4	20.8
Seq6340_140_bp_-1_2_0	ABD33854.1	21.05	19	15	0	8	26	4	22	3.5	15.0
Seq6340_140_bp_-1_2_0	AAB64315.2	25.93	28	20	1	2	28	29	56	3.8	17.3
Seq6340_140_bp_-1_2_0	BAB79260.1	28.12	39	23	7	2	33	175	213	5.2	17.3
Seq6340_140_bp_-1_2_0	BAA32956.1	41.18	17	10	0	5	21	141	157	5.9	16.0
Seq6340_140_bp_-1_2_0	AAA32624.1	32.14	31	19	3	1	31	118	145	5.9	17.3
Seq6340_140_bp_-1_2_0	AAB96524.1	28.57	21	15	0	3	23	80	100	7.9	15.3
Seq6340_140_bp_-1_2_0	CAA74140.1	38.89	18	11	0	5	22	262	279	8.3	17.6
Seq6340_140_bp_-1_2_0	AAA42531.1	23.33	31	23	1	3	33	133	162	8.4	16.3
