Seq7967_238_bp_1_0_0	ENA|AAA25966|AAA25966.1	33.33	15	10	0	1	15	109	123	0.015	25.4
Seq7967_238_bp_1_0_0	ENA|ABG75784|ABG75784.1	41.67	12	7	0	1	12	82	93	0.037	22.9
Seq7967_238_bp_1_0_0	ENA|BAA32956|BAA32956.1	57.14	7	3	0	4	10	98	104	0.53	18.5
Seq7967_238_bp_1_0_0	ENA|CAA45708|CAA45708.1	36.36	11	7	0	6	16	311	321	0.67	21.0
Seq7967_238_bp_1_0_0	ENA|AAC97205|AAC97205.1	44.44	9	5	0	3	11	631	639	0.83	20.4
Seq7967_238_bp_1_0_0	ENA|ABN10845|ABN10845.1	50.00	6	3	0	1	6	103	108	2	16.6
Seq7967_238_bp_1_0_0	ENA|EDO47375|EDO47375.1	80.00	5	1	0	3	7	126	130	2.6	16.0
Seq7967_238_bp_1_0_0	ENA|ABD49687|ABD49687.1	60.00	5	2	0	10	14	31	35	4.1	18.5
Seq7967_238_bp_1_0_0	ENA|AAA72732|AAA72732.1	40.00	10	6	0	7	16	292	301	4.3	16.0
Seq7967_238_bp_1_0_0	ENA|AAC08817|AAC08817.1	50.00	4	2	0	6	9	2	5	5.1	14.7
Seq7967_238_bp_1_0_0	ENA|AAC26660|AAC26660.1	28.57	7	5	0	6	12	186	192	5.4	15.3
Seq7967_238_bp_1_0_0	ENA|AAA18786|AAA18786.1	37.50	8	5	0	8	15	35	42	5.6	15.3
Seq7967_238_bp_1_0_0	ENA|AAB96524|AAB96524.1	100.00	3	0	0	13	15	167	169	6	14.7
Seq7967_238_bp_1_0_0	ENA|AAB26998|AAB26998.1	50.00	8	4	0	6	13	32	39	6	13.5
Seq7967_238_bp_1_0_0	ENA|AAA24145|AAA24145.1	42.86	7	4	0	10	16	453	459	6.2	16.0
Seq7967_238_bp_1_0_0	ENA|BAA05866|BAA05866.1	30.77	13	9	0	1	13	37	49	6.4	15.3
Seq7967_238_bp_1_0_0	ENA|AAC49865|AAC49865.1	33.33	6	4	0	10	15	118	123	6.8	15.3
Seq7967_238_bp_1_0_0	ENA|AAB03707|AAB03707.1	50.00	6	3	0	9	14	252	257	7.7	17.2
Seq7967_238_bp_1_0_0	ENA|AAS77176|AAS77176.1	30.00	10	7	0	6	15	148	157	9	14.7
Seq7967_238_bp_1_0_1	ENA|AAA25966|AAA25966.1	50.00	8	4	0	7	14	316	323	0.41	20.6
Seq7967_238_bp_1_0_1	ENA|AAB96524|AAB96524.1	60.00	5	2	0	12	16	60	64	1.6	16.7
Seq7967_238_bp_1_0_1	ENA|CAL82360|CAL82360.1	40.00	10	6	0	5	14	1282	1291	2	19.1
Seq7967_238_bp_1_0_1	ENA|BAB17681|BAB17681.1	75.00	4	1	0	3	6	217	220	8.6	14.7
Seq7967_238_bp_1_0_2	ENA|AAI27517|AAI27517.1	50.00	10	5	0	5	14	165	174	0.011	25.5
Seq7967_238_bp_1_0_2	ENA|BAA05866|BAA05866.1	44.44	9	5	0	1	9	151	159	0.24	20.2
Seq7967_238_bp_1_0_2	ENA|ABG75784|ABG75784.1	71.43	7	2	0	8	14	147	153	0.83	18.4
Seq7967_238_bp_1_0_2	ENA|CAA29956|CAA29956.1	50.00	6	3	0	11	16	279	284	1.5	17.8
Seq7967_238_bp_1_0_2	ENA|CAA24711|CAA24711.1	28.57	7	5	0	10	16	16	22	1.6	16.6
Seq7967_238_bp_1_0_2	ENA|AAC26660|AAC26660.1	100.00	3	0	0	4	6	184	186	2.3	16.6
Seq7967_238_bp_1_0_2	ENA|CAA45708|CAA45708.1	75.00	4	1	0	5	8	1372	1375	4	18.4
Seq7967_238_bp_1_0_2	ENA|BAA32956|BAA32956.1	80.00	7	1	2	3	7	126	132	4.2	15.4
Seq7967_238_bp_1_0_2	ENA|AAA25966|AAA25966.1	80.00	5	1	0	6	10	428	432	4.2	17.2
Seq7967_238_bp_1_0_2	ENA|ABN10845|ABN10845.1	50.00	8	4	0	1	8	46	53	4.4	15.4
Seq7967_238_bp_1_0_2	ENA|CAA43419|CAA43419.1	40.00	10	6	0	4	13	142	151	4.9	16.0
Seq7967_238_bp_1_0_2	ENA|BAB17681|BAB17681.1	50.00	4	2	0	13	16	118	121	5.4	15.4
Seq7967_238_bp_1_0_2	ENA|AAR37016|AAR37016.1	25.00	8	6	0	9	16	967	974	6	18.4
Seq7967_238_bp_1_0_2	ENA|AAA24145|AAA24145.1	42.86	7	4	0	1	7	350	356	6	16.0
Seq7967_238_bp_1_0_2	ENA|AAA36539|AAA36539.1	45.45	12	6	1	6	16	11	22	6.2	16.0
Seq7967_238_bp_1_0_2	ENA|AAR31603|AAR31603.1	75.00	4	1	0	13	16	100	103	6.5	15.4
Seq7967_238_bp_1_0_2	ENA|AAA42531|AAA42531.1	37.50	8	5	0	3	10	37	44	7.6	15.4
Seq7967_238_bp_1_0_2	ENA|AAB96524|AAB96524.1	33.33	6	4	0	7	12	131	136	8.2	14.2
Seq7967_238_bp_1_0_2	ENA|AAC78721|AAC78721.1	50.00	6	3	0	4	9	305	310	8.6	16.0
Seq7967_238_bp_1_0_2	ENA|AAA72732|AAA72732.1	50.00	6	3	0	7	12	103	108	9	14.8
Seq7967_238_bp_1_0_2	ENA|CAD53387|CAD53387.1	60.00	5	2	0	4	8	475	479	9.6	15.4
Seq7967_238_bp_1_0_3	ENA|AAA32624|AAA32624.1	57.14	7	3	0	1	7	268	274	4.5	16.5
Seq7967_238_bp_1_0_3	ENA|AAB66912|AAB66912.1	71.43	7	2	0	5	11	580	586	5.5	17.1
Seq7967_238_bp_1_0_3	ENA|BAA32956|BAA32956.1	60.00	5	2	0	1	5	22	26	8	14.4
Seq7967_238_bp_1_0_4	ENA|ACH70901|ACH70901.1	57.14	7	3	0	3	9	132	138	0.55	18.5
Seq7967_238_bp_1_0_4	ENA|EDO47375|EDO47375.1	75.00	4	1	0	3	6	145	148	2.8	15.2
Seq7967_238_bp_1_0_4	ENA|CAA29956|CAA29956.1	80.00	5	1	0	6	10	64	68	3.7	15.8
Seq7967_238_bp_1_0_4	ENA|AAB96524|AAB96524.1	75.00	4	1	0	3	6	175	178	3.9	14.7
Seq7967_238_bp_1_0_4	ENA|ABG75784|ABG75784.1	75.00	4	1	0	2	5	247	250	4.5	15.2
Seq7967_238_bp_1_0_4	ENA|AAA42531|AAA42531.1	42.86	7	4	0	3	9	134	140	5.5	15.2
Seq7967_238_bp_1_0_4	ENA|AAC40132|AAC40132.1	100.00	3	0	0	1	3	421	423	6.7	15.2
Seq7967_238_bp_1_0_4	ENA|AAA25966|AAA25966.1	100.00	3	0	0	2	4	92	94	7	15.8
Seq7967_238_bp_1_0_4	ENA|CAL82360|CAL82360.1	75.00	4	1	0	2	5	1266	1269	8.3	16.3
Seq7967_238_bp_1_0_4	ENA|AAB66912|AAB66912.1	100.00	3	0	0	2	4	585	587	8.8	15.8
Seq7967_238_bp_1_0_4	ENA|BAA32991|BAA32991.1	33.33	6	4	0	4	9	63	68	9.2	11.9
Seq7967_238_bp_1_1_0	ENA|CAB75732|CAB75732.1	100.00	79	0	0	1	79	668	746	1.7e-61	224.2
Seq7967_238_bp_1_1_0	ENA|CAB75732|CAB75732.1	65.38	79	27	1	1	79	779	856	7.9e-34	132.3
Seq7967_238_bp_1_1_0	ENA|CAB75732|CAB75732.1	44.44	46	25	1	1	46	889	933	6e-11	56.3
Seq7967_238_bp_1_1_0	ENA|CAB75732|CAB75732.1	54.84	33	14	2	49	79	603	635	6.5e-08	46.2
Seq7967_238_bp_1_1_0	ENA|CAB75732|CAB75732.1	25.93	59	40	5	12	70	54	107	0.16	24.9
Seq7967_238_bp_1_1_0	ENA|AAA32624|AAA32624.1	53.85	13	6	0	28	40	276	288	0.051	25.5
Seq7967_238_bp_1_1_0	ENA|CAA36714|CAA36714.1	50.00	23	11	1	57	78	251	273	0.42	22.3
Seq7967_238_bp_1_1_0	ENA|BAA32018|BAA32018.1	36.36	11	7	0	46	56	160	170	1.7	20.7
Seq7967_238_bp_1_1_0	ENA|BAB79260|BAB79260.1	28.57	14	10	0	18	31	303	316	1.7	20.2
Seq7967_238_bp_1_1_0	ENA|AAA25966|AAA25966.1	35.71	14	9	0	44	57	93	106	1.9	20.7
Seq7967_238_bp_1_1_0	ENA|ABD33854|ABD33854.1	50.00	8	4	0	55	62	43	50	2.2	17.0
Seq7967_238_bp_1_1_0	ENA|CAA45708|CAA45708.1	25.93	27	20	0	12	38	1110	1136	2.8	21.2
Seq7967_238_bp_1_1_0	ENA|AAB66912|AAB66912.1	44.44	9	5	0	29	37	702	710	3.5	20.2
Seq7967_238_bp_1_1_0	ENA|CAA45199|CAA45199.1	32.26	31	21	0	3	33	43	73	3.7	19.1
Seq7967_238_bp_1_1_0	ENA|AAF79734|AAF79734.1	13.33	30	26	0	12	41	303	332	3.8	20.7
Seq7967_238_bp_1_1_0	ENA|CAA26023|CAA26023.1	30.77	13	9	0	57	69	257	269	4.3	18.6
Seq7967_238_bp_1_1_0	ENA|CAA73529|CAA73529.1	55.56	9	4	0	37	45	1	9	4.5	18.0
Seq7967_238_bp_1_1_0	ENA|CAL82360|CAL82360.1	31.25	32	22	0	9	40	466	497	4.8	20.2
Seq7967_238_bp_1_1_0	ENA|AAA24145|AAA24145.1	75.00	8	2	0	63	70	87	94	5.2	18.6
Seq7967_238_bp_1_1_0	ENA|AAC49865|AAC49865.1	40.00	15	9	0	57	71	97	111	5.3	18.0
Seq7967_238_bp_1_1_0	ENA|CAA24711|CAA24711.1	23.08	13	10	0	56	68	22	34	5.8	17.0
Seq7967_238_bp_1_1_0	ENA|CAA43419|CAA43419.1	66.67	9	3	0	31	39	62	70	5.9	18.0
Seq7967_238_bp_1_1_0	ENA|AAC97205|AAC97205.1	30.00	10	7	0	49	58	751	760	6.5	19.6
Seq7967_238_bp_1_1_0	ENA|AAI27517|AAI27517.1	44.44	9	5	0	1	9	493	501	9.2	18.0
Seq7967_238_bp_1_1_0	ENA|AAC17860|AAC17860.1	45.45	11	6	0	50	60	162	172	9.2	17.5
Seq7967_238_bp_1_1_0	ENA|AAS77176|AAS77176.1	30.00	10	7	0	35	44	96	105	9.4	17.0
Seq7967_238_bp_1_2_0	ENA|CAA26023|CAA26023.1	28.26	48	33	2	23	70	52	97	0.28	22.5
Seq7967_238_bp_1_2_0	ENA|AAC26660|AAC26660.1	35.29	17	11	0	38	54	4	20	3.7	18.2
Seq7967_238_bp_1_2_0	ENA|AAA36539|AAA36539.1	35.71	14	9	0	7	20	271	284	3.8	19.1
Seq7967_238_bp_1_2_0	ENA|CAA36714|CAA36714.1	85.71	7	1	0	13	19	158	164	6.6	18.2
Seq7967_238_bp_1_2_0	ENA|CAA24711|CAA24711.1	36.36	11	7	0	44	54	76	86	8	16.5
Seq7967_238_bp_1_2_0	ENA|ABD33854|ABD33854.1	30.77	13	9	0	41	53	5	17	9.6	14.7
Seq7967_238_bp_-1_0_0	ENA|AAA42531|AAA42531.1	50.00	14	7	0	14	27	81	94	0.22	22.5
Seq7967_238_bp_-1_0_0	ENA|AAA24145|AAA24145.1	70.00	10	3	0	9	18	141	150	0.26	22.5
Seq7967_238_bp_-1_0_0	ENA|AAC26660|AAC26660.1	41.67	12	7	0	42	53	73	84	0.29	21.5
Seq7967_238_bp_-1_0_0	ENA|AAA72732|AAA72732.1	50.00	33	12	9	30	55	4	34	0.5	21.0
Seq7967_238_bp_-1_0_0	ENA|AAA18786|AAA18786.1	50.00	8	4	0	25	32	4	11	2.3	18.5
Seq7967_238_bp_-1_0_0	ENA|CAB75732|CAB75732.1	55.56	9	4	0	43	51	303	311	2.5	20.5
Seq7967_238_bp_-1_0_0	ENA|AAB03707|AAB03707.1	41.67	12	7	0	43	54	27	38	4.2	20.0
Seq7967_238_bp_-1_0_0	ENA|BAA32991|BAA32991.1	60.00	10	4	0	1	10	5	14	4.4	15.6
Seq7967_238_bp_-1_0_0	ENA|CCP43727|CCP43727.1	28.57	14	10	0	44	57	273	286	5.4	17.5
Seq7967_238_bp_-1_0_0	ENA|AAB96524|AAB96524.1	66.67	6	2	0	32	37	92	97	6	16.6
Seq7967_238_bp_-1_0_0	ENA|EDO47375|EDO47375.1	25.00	16	12	0	27	42	33	48	6.1	16.6
Seq7967_238_bp_-1_0_0	ENA|CAA26023|CAA26023.1	55.56	9	4	0	26	34	64	72	6.2	17.5
Seq7967_238_bp_-1_0_0	ENA|CAA36214|CAA36214.1	44.44	9	5	0	46	54	154	162	6.9	17.0
Seq7967_238_bp_-1_0_0	ENA|ABG75784|ABG75784.1	44.44	9	5	0	36	44	258	266	7.1	17.0
Seq7967_238_bp_-1_0_0	ENA|BAB79260|BAB79260.1	57.14	7	3	0	6	12	106	112	7.3	17.5
Seq7967_238_bp_-1_0_0	ENA|CAA28033|CAA28033.1	36.36	11	7	0	7	17	657	667	7.5	19.0
Seq7967_238_bp_-1_0_0	ENA|AAI27517|AAI27517.1	55.56	9	4	0	7	15	224	232	9.3	17.5
Seq7967_238_bp_-1_0_1	ENA|BAA32956|BAA32956.1	62.50	8	3	0	3	10	132	139	1.8	17.1
Seq7967_238_bp_-1_0_1	ENA|AAR37016|AAR37016.1	43.75	18	9	2	1	18	1552	1567	2.7	20.0
Seq7967_238_bp_-1_0_1	ENA|AAA25966|AAA25966.1	66.67	6	2	0	14	19	440	445	2.7	18.3
Seq7967_238_bp_-1_0_1	ENA|AAC17860|AAC17860.1	50.00	6	3	0	13	18	236	241	5	16.5
Seq7967_238_bp_-1_0_1	ENA|EDO47375|EDO47375.1	33.33	9	6	0	2	10	100	108	5.1	15.4
Seq7967_238_bp_-1_0_1	ENA|BAB79260|BAB79260.1	33.33	9	6	0	3	11	242	250	5.5	16.5
Seq7967_238_bp_-1_0_1	ENA|AAA36539|AAA36539.1	60.00	5	2	0	15	19	19	23	5.7	16.5
Seq7967_238_bp_-1_0_1	ENA|AAC40132|AAC40132.1	42.86	7	4	0	1	7	356	362	5.7	16.5
Seq7967_238_bp_-1_0_1	ENA|ABN10845|ABN10845.1	60.00	5	2	0	11	15	21	25	5.8	15.4
Seq7967_238_bp_-1_0_1	ENA|AAA32624|AAA32624.1	62.50	8	3	0	14	21	267	274	6.3	16.5
Seq7967_238_bp_-1_0_1	ENA|AAB26998|AAB26998.1	42.86	7	4	0	8	14	42	48	6.8	13.7
Seq7967_238_bp_-1_0_1	ENA|ACT10338|ACT10338.1	100.00	4	0	0	8	11	344	347	6.9	16.0
Seq7967_238_bp_-1_1_0	ENA|ABD33854|ABD33854.1	42.86	14	8	0	46	59	11	24	0.32	19.8
Seq7967_238_bp_-1_1_0	ENA|CAA36714|CAA36714.1	54.55	11	5	0	25	35	65	75	1.1	20.9
Seq7967_238_bp_-1_1_0	ENA|ACH70901|ACH70901.1	36.36	22	14	0	10	31	38	59	1.2	20.3
Seq7967_238_bp_-1_1_0	ENA|CAA29956|CAA29956.1	50.00	8	4	0	15	22	292	299	1.3	20.3
Seq7967_238_bp_-1_1_0	ENA|CAA11507|CAA11507.1	46.67	15	8	0	35	49	1015	1029	1.5	22.0
Seq7967_238_bp_-1_1_0	ENA|ABG75784|ABG75784.1	29.17	24	17	0	23	46	218	241	1.5	19.8
Seq7967_238_bp_-1_1_0	ENA|ABN10845|ABN10845.1	29.03	32	22	1	2	32	72	103	1.6	19.2
Seq7967_238_bp_-1_1_0	ENA|CAA45708|CAA45708.1	38.89	18	11	0	19	36	292	309	1.7	22.0
Seq7967_238_bp_-1_1_0	ENA|CAA36214|CAA36214.1	50.00	10	5	0	12	21	278	287	2.2	19.2
Seq7967_238_bp_-1_1_0	ENA|BAA32956|BAA32956.1	40.00	15	9	0	56	70	34	48	2.2	18.7
Seq7967_238_bp_-1_1_0	ENA|BAA32018|BAA32018.1	25.00	16	12	0	1	16	8	23	3.1	19.8
Seq7967_238_bp_-1_1_0	ENA|AAC78721|AAC78721.1	71.43	18	4	4	57	72	373	388	3.3	19.8
Seq7967_238_bp_-1_1_0	ENA|AAR31603|AAR31603.1	50.00	8	4	0	65	72	225	232	3.4	18.7
Seq7967_238_bp_-1_1_0	ENA|AAR37016|AAR37016.1	47.06	17	9	0	39	55	1506	1522	3.7	21.4
Seq7967_238_bp_-1_1_0	ENA|ABD49687|ABD49687.1	30.77	26	18	0	3	28	1684	1709	3.9	20.9
Seq7967_238_bp_-1_1_0	ENA|AAC17860|AAC17860.1	44.44	18	10	0	62	79	358	375	4.2	18.7
Seq7967_238_bp_-1_1_0	ENA|ABK71357|ABK71357.1	83.33	6	1	0	43	48	69	74	5.5	18.1
Seq7967_238_bp_-1_1_0	ENA|AAC26660|AAC26660.1	44.44	9	5	0	65	73	230	238	5.6	17.6
Seq7967_238_bp_-1_1_0	ENA|AAB26998|AAB26998.1	75.00	4	1	0	55	58	53	56	7.6	15.4
Seq7967_238_bp_-1_1_0	ENA|CAB75732|CAB75732.1	25.00	32	24	0	20	51	403	434	7.9	19.2
Seq7967_238_bp_-1_1_0	ENA|AAI27517|AAI27517.1	35.29	17	11	0	36	52	36	52	8.5	18.1
Seq7967_238_bp_-1_1_0	ENA|AAQ92751|AAQ92751.2	19.44	37	29	1	15	51	1029	1064	9.3	19.2
Seq7967_238_bp_-1_2_0	ENA|AAA36539|AAA36539.1	37.50	16	10	0	54	69	354	369	0.088	24.4
Seq7967_238_bp_-1_2_0	ENA|AAR37016|AAR37016.1	50.00	14	7	0	25	38	103	116	1.1	23.0
Seq7967_238_bp_-1_2_0	ENA|AAC78721|AAC78721.1	46.15	13	7	0	58	70	13	25	2.2	20.2
Seq7967_238_bp_-1_2_0	ENA|CAA43419|CAA43419.1	46.15	13	7	0	40	52	79	91	2.3	19.3
Seq7967_238_bp_-1_2_0	ENA|CAA11507|CAA11507.1	50.00	10	5	0	3	12	55	64	2.3	21.2
Seq7967_238_bp_-1_2_0	ENA|AAS77176|AAS77176.1	46.15	13	7	0	15	27	234	246	2.4	18.8
Seq7967_238_bp_-1_2_0	ENA|AAF79734|AAF79734.1	64.29	15	5	1	48	61	13	27	3.4	20.7
Seq7967_238_bp_-1_2_0	ENA|AAC40132|AAC40132.1	55.56	9	4	0	58	66	120	128	5.4	18.4
Seq7967_238_bp_-1_2_0	ENA|CAA36214|CAA36214.1	50.00	12	6	0	2	13	8	19	6.5	17.5
Seq7967_238_bp_-1_2_0	ENA|AAC17860|AAC17860.1	66.67	9	3	0	26	34	61	69	8.6	17.5
