Seq7970_272_bp_1_0_0	AAC08817.1	55.56	10	4	1	3	12	3	11	1.1	16.7
Seq7970_272_bp_1_0_0	AAA32624.1	42.86	7	4	0	4	10	437	443	1.5	17.8
Seq7970_272_bp_1_0_0	ABG75784.1	30.00	10	7	0	2	11	191	200	2	16.7
Seq7970_272_bp_1_0_0	CAA26230.1	42.86	7	4	0	4	10	474	480	2.1	17.4
Seq7970_272_bp_1_0_0	AAX84812.1	50.00	6	3	0	1	6	156	161	3.3	15.5
Seq7970_272_bp_1_0_0	AAA18786.1	37.50	8	5	0	1	8	23	30	3.8	15.5
Seq7970_272_bp_1_0_0	ABS38337.1	25.00	8	6	0	2	9	456	463	6.2	17.1
Seq7970_272_bp_1_0_0	AAR31603.1	10.00	10	9	0	1	10	117	126	7.6	14.8
Seq7970_272_bp_1_0_0	BAB17681.1	18.18	12	9	1	2	12	116	127	8.2	14.4
Seq7970_272_bp_1_0_0	ACH70904.1	62.50	11	3	3	4	11	294	304	8.3	14.8
Seq7970_272_bp_1_0_0	CAD53387.1	66.67	6	2	0	3	8	474	479	8.8	15.1
Seq7970_272_bp_1_0_0	AAA24969.1	50.00	6	3	0	4	9	320	325	9.3	16.7
Seq7970_272_bp_1_0_0	AAB64315.2	40.00	5	3	0	4	8	120	124	9.7	14.4
Seq7970_272_bp_1_0_1	ABK71357.1	30.00	10	7	0	2	11	144	153	6.3	15.5
Seq7970_272_bp_1_0_1	BAB17681.1	45.45	11	6	0	1	11	197	207	6.6	14.9
Seq7970_272_bp_1_0_1	AAH69556.1	57.14	7	3	0	4	10	40	46	7.3	14.9
Seq7970_272_bp_1_0_1	AAA25966.1	33.33	9	6	0	5	13	663	671	8.4	16.0
Seq7970_272_bp_1_0_1	CAA26230.1	16.67	12	10	0	3	14	129	140	9.2	15.5
Seq7970_272_bp_1_0_2	AAB96524.1	41.67	12	7	0	6	17	168	179	1.2	18.2
Seq7970_272_bp_1_0_2	AAI27517.1	38.89	19	11	1	16	33	157	175	1.5	19.5
Seq7970_272_bp_1_0_2	AAX84812.1	47.06	20	9	3	17	33	152	171	2.3	17.6
Seq7970_272_bp_1_0_2	AAA25966.1	34.48	34	19	5	4	33	68	100	2.9	18.8
Seq7970_272_bp_1_0_2	AAC78721.1	33.33	15	10	0	18	32	477	491	5.2	17.9
Seq7970_272_bp_1_0_2	ABG75784.1	32.00	31	17	6	2	32	179	203	7.3	16.3
Seq7970_272_bp_1_0_2	BAA32991.1	20.00	10	8	0	7	16	24	33	7.7	14.0
Seq7970_272_bp_1_0_2	EDO47375.1	44.44	12	5	3	8	16	137	148	8.5	15.3
Seq7970_272_bp_1_0_2	AAA32624.1	37.50	18	10	2	15	30	304	321	9.5	16.6
Seq7970_272_bp_1_0_3	AAR31603.1	33.33	15	10	0	1	15	12	26	0.28	19.9
Seq7970_272_bp_1_0_3	AAA26915.1	41.67	12	7	0	3	14	21	32	2	17.6
Seq7970_272_bp_1_0_3	AAB64315.2	36.36	11	7	0	4	14	321	331	3.7	16.2
Seq7970_272_bp_1_0_3	CAA26230.1	36.36	11	7	0	2	12	493	503	4.5	16.7
Seq7970_272_bp_1_0_3	AAA72732.1	41.67	12	7	0	4	15	76	87	4.8	15.7
Seq7970_272_bp_1_0_3	BAA32956.1	75.00	4	1	0	1	4	6	9	6.1	14.8
Seq7970_272_bp_1_0_3	CAA04196.1	30.77	13	9	0	1	13	156	168	8.5	15.3
Seq7970_272_bp_1_0_3	ABD33854.1	42.86	7	4	0	6	12	30	36	9	12.4
Seq7970_272_bp_1_0_3	BAA32018.1	28.57	15	10	1	1	14	375	389	9.2	15.7
Seq7970_272_bp_1_0_3	AAC78721.1	30.77	13	9	0	3	15	200	212	9.8	15.7
Seq7970_272_bp_1_0_4	ACH70904.1	71.43	7	2	0	3	9	132	138	0.009	24.6
Seq7970_272_bp_1_0_4	BAA32991.1	33.33	6	4	0	4	9	63	68	0.049	19.8
Seq7970_272_bp_1_0_4	AAB96524.1	75.00	10	2	2	3	10	175	184	0.091	20.3
Seq7970_272_bp_1_0_4	EDO47375.1	50.00	6	3	0	3	8	145	150	0.59	17.6
Seq7970_272_bp_1_0_4	ABN10845.1	60.00	5	2	0	3	7	155	159	0.99	17.1
Seq7970_272_bp_1_0_4	AAF01122.1	50.00	8	4	0	1	8	210	217	1.7	17.1
Seq7970_272_bp_1_0_4	AAA42531.1	57.14	7	3	0	3	9	134	140	1.8	17.1
Seq7970_272_bp_1_0_4	AAC17860.1	37.50	9	5	1	2	10	323	330	1.9	17.1
Seq7970_272_bp_1_0_4	AAA25966.1	25.00	8	6	0	2	9	163	170	3.2	17.1
Seq7970_272_bp_1_0_4	AAA65607.1	66.67	6	2	0	1	6	239	244	3.4	16.0
Seq7970_272_bp_1_0_4	CAA73529.1	25.00	8	6	0	4	11	129	136	5.3	14.9
Seq7970_272_bp_1_0_4	CAA04196.1	28.57	7	5	0	2	8	231	237	7.9	14.9
Seq7970_272_bp_1_0_4	AII71783.1	28.57	7	5	0	3	9	151	157	8.4	14.4
Seq7970_272_bp_1_0_4	AAR37016.1	71.43	8	2	1	3	9	122	129	9.9	17.1
Seq7970_272_bp_1_1_0	BAE97662.1	100.00	90	0	0	1	90	768	857	4e-34	133.4
Seq7970_272_bp_1_1_0	BAE97662.1	62.50	90	33	2	3	90	658	747	4.5e-19	83.4
Seq7970_272_bp_1_1_0	BAE97662.1	49.06	53	27	0	2	54	879	931	3.5e-07	43.9
Seq7970_272_bp_1_1_0	BAE97662.1	50.00	81	31	19	11	89	572	635	0.0014	31.9
Seq7970_272_bp_1_1_0	AAA25966.1	25.49	62	38	11	31	90	469	521	4.2	19.7
Seq7970_272_bp_1_1_0	AAB64315.2	22.92	53	37	5	18	67	147	197	5.5	18.2
Seq7970_272_bp_1_1_0	ABS38337.1	23.38	90	59	13	6	87	1102	1186	6.2	20.0
Seq7970_272_bp_1_1_0	AAC17860.1	26.32	41	28	3	33	73	335	372	6.7	18.2
Seq7970_272_bp_1_1_0	AII71783.1	23.88	76	51	9	16	89	15	83	9.9	17.2
Seq7970_272_bp_1_2_0	AAA65607.1	32.73	60	37	5	23	82	136	190	0.079	24.4
Seq7970_272_bp_1_2_0	CAA74140.1	25.49	54	38	3	14	64	40	93	0.43	23.3
Seq7970_272_bp_1_2_0	AAA23282.1	20.00	74	56	4	10	81	34	105	1.7	20.6
Seq7970_272_bp_1_2_0	ACH70904.1	30.91	62	38	7	3	59	190	249	1.9	19.8
Seq7970_272_bp_1_2_0	AAA36565.1	23.08	55	40	3	28	79	40	94	2.7	18.2
Seq7970_272_bp_1_2_0	AAA32376.1	18.07	89	68	6	2	84	13	101	2.8	18.2
Seq7970_272_bp_1_2_0	AAH69556.1	28.57	39	25	4	41	78	39	74	3.3	18.7
Seq7970_272_bp_1_2_0	AII71783.1	21.13	76	56	5	9	82	39	111	3.4	18.7
Seq7970_272_bp_1_2_0	ABK71357.1	22.58	73	48	11	8	69	52	124	4	18.7
Seq7970_272_bp_1_2_0	CAA73529.1	21.95	43	32	2	11	52	51	92	4.3	18.2
Seq7970_272_bp_1_2_0	ABG75784.1	26.67	63	44	3	3	63	211	272	4.9	18.2
Seq7970_272_bp_1_2_0	BAE97662.1	20.51	83	62	5	3	81	413	494	6.8	19.5
Seq7970_272_bp_1_2_0	AAA26915.1	17.07	86	68	4	1	82	197	282	7.2	18.2
Seq7970_272_bp_1_2_0	AAA72732.1	26.56	68	47	4	4	67	183	250	9.9	17.1
Seq7970_272_bp_-1_0_0	AAA45888.1	30.16	75	44	12	12	86	125	187	0.015	27.0
Seq7970_272_bp_-1_0_0	AAA45888.1	39.13	56	28	10	33	80	69	122	0.74	21.3
Seq7970_272_bp_-1_0_0	AAF01122.1	37.93	29	18	0	34	62	172	200	0.11	24.0
Seq7970_272_bp_-1_0_0	CAA43372.1	22.73	48	34	4	16	62	146	190	0.35	22.5
Seq7970_272_bp_-1_0_0	ACT10338.1	33.33	68	38	11	20	80	41	104	1.1	20.7
Seq7970_272_bp_-1_0_0	AAH69556.1	30.00	40	21	10	36	75	267	296	1.6	19.8
Seq7970_272_bp_-1_0_0	AAC97205.1	27.03	45	27	8	7	46	580	621	1.9	21.6
Seq7970_272_bp_-1_0_0	CAA73529.1	28.57	21	15	0	60	80	63	83	2.2	19.2
Seq7970_272_bp_-1_0_0	BAB79260.1	32.35	40	23	6	53	89	331	367	3.6	19.2
Seq7970_272_bp_-1_0_0	BAA32018.1	28.81	65	42	6	29	87	492	556	5	19.2
Seq7970_272_bp_-1_0_0	EDO47375.1	27.27	24	16	2	3	26	51	72	5.2	17.5
Seq7970_272_bp_-1_0_0	AAA72732.1	46.15	13	7	0	40	52	155	167	5.6	18.1
Seq7970_272_bp_-1_0_0	BAA32956.1	24.00	27	19	2	42	68	113	137	8.5	16.9
Seq7970_272_bp_-1_0_0	ABN10845.1	45.45	11	6	0	75	85	28	38	8.7	16.9
Seq7970_272_bp_-1_0_0	CAA04196.1	20.59	35	27	1	42	76	85	118	9	17.8
Seq7970_272_bp_-1_1_0	AAC97205.1	25.00	12	9	0	2	13	883	894	0.23	21.9
Seq7970_272_bp_-1_1_0	AAH69556.1	33.33	9	6	0	5	13	214	222	1.7	17.1
Seq7970_272_bp_-1_1_0	AII71783.1	37.50	8	5	0	5	12	154	161	2.4	16.5
Seq7970_272_bp_-1_1_0	ABN10845.1	28.57	7	5	0	7	13	65	71	3.6	15.4
Seq7970_272_bp_-1_1_0	AAA42531.1	50.00	8	4	0	1	8	87	94	4.3	16.0
Seq7970_272_bp_-1_1_0	BAA32018.1	20.00	10	8	0	1	10	86	95	4.8	16.5
Seq7970_272_bp_-1_1_0	AAA65607.1	36.36	11	7	0	1	11	138	148	5.9	15.4
Seq7970_272_bp_-1_1_0	BAB17681.1	33.33	6	4	0	8	13	124	129	6.3	14.9
Seq7970_272_bp_-1_1_0	BAA32956.1	40.00	5	3	0	1	5	10	14	7	14.4
Seq7970_272_bp_-1_1_0	ABG75784.1	50.00	6	3	0	6	11	276	281	7.2	14.9
Seq7970_272_bp_-1_1_0	BAE97662.1	42.86	7	4	0	7	13	1127	1133	8.4	16.5
Seq7970_272_bp_-1_1_0	AAI27517.1	33.33	6	4	0	4	9	317	322	9.2	15.4
Seq7970_272_bp_-1_1_0	BAA32991.1	20.00	5	4	0	4	8	64	68	9.9	12.2
Seq7970_272_bp_-1_1_1	ABN10845.1	28.33	70	43	10	2	65	47	112	0.0094	26.6
Seq7970_272_bp_-1_1_1	BAA32991.1	31.25	40	22	8	21	52	6	45	0.03	23.2
Seq7970_272_bp_-1_1_1	CAA26230.1	22.73	50	34	6	3	46	264	313	0.15	24.0
Seq7970_272_bp_-1_1_1	AAA45888.1	50.00	15	7	1	44	57	109	123	0.47	21.8
Seq7970_272_bp_-1_1_1	AAA32624.1	44.44	20	10	2	46	65	468	485	0.5	22.1
Seq7970_272_bp_-1_1_1	AAC97205.1	25.00	35	24	3	16	47	762	796	0.54	23.2
Seq7970_272_bp_-1_1_1	ABL74574.1	36.36	11	7	0	35	45	111	121	0.76	20.7
Seq7970_272_bp_-1_1_1	ACH70904.1	25.64	42	29	3	33	74	150	188	0.95	20.7
Seq7970_272_bp_-1_1_1	AAB26998.1	23.08	14	10	1	54	66	44	57	0.96	18.4
Seq7970_272_bp_-1_1_1	ABD33854.1	40.00	10	6	0	1	10	5	14	1.7	17.3
Seq7970_272_bp_-1_1_1	EDO47375.1	30.00	32	21	2	2	33	96	125	2.3	18.4
Seq7970_272_bp_-1_1_1	AAA24142.1	17.65	73	56	5	1	71	150	219	2.5	19.5
Seq7970_272_bp_-1_1_1	AAR37016.1	28.57	25	15	4	42	64	1549	1571	3.6	21.4
Seq7970_272_bp_-1_1_1	BAB70780.1	18.18	63	45	8	3	57	269	331	4.5	18.8
Seq7970_272_bp_-1_1_1	AAA42531.1	28.21	54	28	15	1	52	108	148	5.9	18.1
Seq7970_272_bp_-1_1_1	BAB79260.1	11.11	18	16	0	3	20	425	442	6.8	18.1
Seq7970_272_bp_-1_1_1	CAA11507.1	20.00	25	20	0	4	28	474	498	7.3	19.5
Seq7970_272_bp_-1_1_1	ABG75784.1	24.24	35	25	2	3	35	278	312	7.8	17.3
Seq7970_272_bp_-1_1_1	BAA32956.1	30.77	14	9	1	32	45	6	18	8.7	16.6
Seq7970_272_bp_-1_1_1	CAA45199.1	80.00	5	1	0	54	58	211	215	9	17.7
Seq7970_272_bp_-1_1_1	ABK71357.1	60.00	11	4	1	52	61	346	356	9.2	17.3
Seq7970_272_bp_-1_1_1	AAA32376.1	22.22	18	14	0	6	23	107	124	9.2	16.2
Seq7970_272_bp_-1_1_1	AAB96524.1	66.67	6	2	0	31	36	25	30	9.8	16.2
Seq7970_272_bp_-1_2_0	ABS38337.1	27.45	61	37	10	1	53	791	849	1.4	22.1
Seq7970_272_bp_-1_2_0	ABN10845.1	30.43	50	32	4	20	65	90	139	1.6	19.4
Seq7970_272_bp_-1_2_0	BAB79260.1	28.17	78	51	7	20	90	206	283	1.8	20.3
Seq7970_272_bp_-1_2_0	AAA26915.1	30.16	69	44	6	26	88	65	133	1.8	20.3
Seq7970_272_bp_-1_2_0	AAA72732.1	31.03	33	20	4	17	45	228	260	1.9	19.7
Seq7970_272_bp_-1_2_0	AAA32624.1	22.50	81	62	1	3	82	177	257	2.1	20.3
Seq7970_272_bp_-1_2_0	AAC97205.1	20.41	52	39	3	2	50	800	851	2.1	21.5
Seq7970_272_bp_-1_2_0	BAB70780.1	23.26	43	33	0	48	90	60	102	2.3	20.0
Seq7970_272_bp_-1_2_0	AAH69556.1	30.43	52	32	6	6	53	50	99	2.8	19.1
Seq7970_272_bp_-1_2_0	AAR37016.1	30.00	42	28	2	33	72	1841	1882	3.2	21.8
Seq7970_272_bp_-1_2_0	CAA43372.1	22.95	66	47	5	10	73	153	215	3.7	19.1
Seq7970_272_bp_-1_2_0	ABK71357.1	19.61	51	41	0	22	72	221	271	5	18.5
Seq7970_272_bp_-1_2_0	ACT10338.1	50.00	12	6	0	24	35	34	45	5.2	18.5
Seq7970_272_bp_-1_2_0	CAA74140.1	32.14	29	19	1	40	67	53	81	5.4	19.7
Seq7970_272_bp_-1_2_0	AAF01122.1	26.42	58	39	5	17	74	293	345	6.2	18.2
Seq7970_272_bp_-1_2_0	AIR13712.1	25.00	51	36	3	34	82	264	313	6.6	17.9
Seq7970_272_bp_-1_2_0	AAA23282.1	28.57	47	30	5	8	53	75	117	7.5	18.5
Seq7970_272_bp_-1_2_0	AAC17860.1	26.83	43	30	2	26	67	152	193	8.2	17.9
Seq7970_272_bp_-1_2_0	AAI27517.1	26.19	44	31	2	12	55	99	140	9.4	18.2
