Seq10001_122_bp_1_0_0	ABS38337.1	40.00	10	6	0	5	14	134	143	0.061	24.3
Seq10001_122_bp_1_0_0	AAA45888.1	50.00	8	4	0	2	9	81	88	0.37	20.0
Seq10001_122_bp_1_0_0	BAE97662.1	60.00	10	4	0	6	15	633	642	0.52	21.0
Seq10001_122_bp_1_0_0	CAA73529.1	40.00	10	6	0	4	13	98	107	0.81	18.3
Seq10001_122_bp_1_0_0	CAA43372.1	30.77	13	9	0	1	13	157	169	1.8	17.8
Seq10001_122_bp_1_0_0	EDO47375.1	33.33	9	6	0	4	12	120	128	2.5	16.2
Seq10001_122_bp_1_0_0	AAA36565.1	20.00	10	8	0	4	13	54	63	3.2	15.6
Seq10001_122_bp_1_0_0	AAC17860.1	44.44	9	5	0	3	11	117	125	3.7	16.7
Seq10001_122_bp_1_0_0	CAA04196.1	50.00	6	3	0	3	8	372	377	3.7	16.7
Seq10001_122_bp_1_0_0	AAR31603.1	23.08	13	10	0	1	13	222	234	4.2	16.2
Seq10001_122_bp_1_0_0	AAR37016.1	50.00	8	4	0	1	8	1217	1224	4.6	18.9
Seq10001_122_bp_1_0_0	ACT10338.1	37.50	8	5	0	8	15	304	311	5	16.2
Seq10001_122_bp_1_0_0	AAQ92751.2	33.33	12	8	0	6	17	1134	1145	5.7	17.8
Seq10001_122_bp_1_0_0	AIR13712.1	33.33	12	8	0	6	17	241	252	6.1	15.6
Seq10001_122_bp_1_0_0	BAB70780.1	50.00	6	3	0	2	7	303	308	6.1	16.2
Seq10001_122_bp_1_0_0	AAA32624.1	60.00	5	2	0	2	6	414	418	6.6	16.2
Seq10001_122_bp_1_0_0	AAC97205.1	36.36	11	7	0	5	15	477	487	7.3	17.2
Seq10001_122_bp_1_0_0	ABL74574.1	28.57	7	5	0	4	10	156	162	7.6	15.1
Seq10001_122_bp_1_0_0	BAA32956.1	40.00	5	3	0	4	8	6	10	8.1	14.5
Seq10001_122_bp_1_0_0	AAB64315.2	60.00	5	2	0	2	6	24	28	8.6	15.1
Seq10001_122_bp_1_0_0	AAA65607.1	37.50	16	10	0	2	17	192	207	9.5	15.1
Seq10001_122_bp_1_0_0	CAA26230.1	33.33	12	8	0	6	17	408	419	10	15.6
Seq10001_122_bp_1_0_1	AAR37016.1	40.00	10	6	0	2	11	134	143	0.32	22.1
Seq10001_122_bp_1_0_1	ACH70904.1	27.27	11	8	0	1	11	263	273	0.37	19.2
Seq10001_122_bp_1_0_1	ABD49687.1	36.36	11	7	0	1	11	106	116	0.78	20.4
Seq10001_122_bp_1_0_1	CAA74140.1	66.67	6	2	0	4	9	333	338	0.94	19.2
Seq10001_122_bp_1_0_1	AAB64315.2	57.14	7	3	0	3	9	161	167	1.1	17.5
Seq10001_122_bp_1_0_1	AAX84812.1	36.36	11	7	0	1	11	32	42	1.1	16.9
Seq10001_122_bp_1_0_1	ABS38337.1	55.56	9	4	0	2	10	672	680	1.3	19.2
Seq10001_122_bp_1_0_1	BAA32956.1	40.00	10	6	0	1	10	164	173	1.6	16.4
Seq10001_122_bp_1_0_1	AAR31603.1	37.50	8	5	0	1	8	305	312	1.6	16.9
Seq10001_122_bp_1_0_1	AII71783.1	44.44	9	5	0	3	11	162	170	2.3	16.4
Seq10001_122_bp_1_0_1	AAF01122.1	45.45	11	6	0	1	11	40	50	2.7	16.4
Seq10001_122_bp_1_0_1	AAA45888.1	62.50	8	3	0	2	9	79	86	2.8	16.4
Seq10001_122_bp_1_0_1	AAB26998.1	60.00	5	2	0	6	10	8	12	2.8	14.1
Seq10001_122_bp_1_0_1	AAI27517.1	66.67	6	2	0	1	6	520	525	2.9	16.9
Seq10001_122_bp_1_0_1	BAB79260.1	37.50	8	5	0	2	9	99	106	3.3	16.4
Seq10001_122_bp_1_0_1	AAH69556.1	60.00	5	2	0	4	8	11	15	4.9	15.2
Seq10001_122_bp_1_0_1	ABN10845.1	36.36	11	7	0	1	11	58	68	5.2	14.6
Seq10001_122_bp_1_0_1	AAA32624.1	22.22	9	7	0	1	9	235	243	5.6	15.8
Seq10001_122_bp_1_0_1	ABK71357.1	36.36	11	7	0	1	11	157	167	5.9	15.2
Seq10001_122_bp_1_0_1	AAA18786.1	80.00	5	1	0	4	8	139	143	6.3	14.6
Seq10001_122_bp_1_0_1	ABL74574.1	60.00	5	2	0	2	6	259	263	6.7	14.6
Seq10001_122_bp_1_0_1	ACT10338.1	80.00	5	1	0	3	7	104	108	8.9	14.6
Seq10001_122_bp_1_0_1	BAB17681.1	50.00	6	3	0	3	8	15	20	9.3	14.1
Seq10001_122_bp_1_1_0	AAR31603.1	21.05	19	15	0	3	21	134	152	0.3	21.0
Seq10001_122_bp_1_1_0	CAA04196.1	56.25	18	7	2	1	18	131	146	1.6	18.9
Seq10001_122_bp_1_1_0	AAA25966.1	40.00	22	12	2	11	30	398	419	1.7	19.6
Seq10001_122_bp_1_1_0	AAB03707.1	23.08	26	20	0	5	30	884	909	2	20.3
Seq10001_122_bp_1_1_0	AAA36565.1	31.25	16	11	0	18	33	27	42	2.1	17.2
Seq10001_122_bp_1_1_0	AAI27517.1	25.00	20	15	0	7	26	6	25	2.9	18.6
Seq10001_122_bp_1_1_0	ACT10338.1	22.58	32	24	1	1	32	70	100	3	17.9
Seq10001_122_bp_1_1_0	AAB26998.1	50.00	6	3	0	17	22	10	15	3.3	15.4
Seq10001_122_bp_1_1_0	AAR37016.1	37.93	34	18	5	5	34	2201	2233	3.4	20.3
Seq10001_122_bp_1_1_0	ABK71357.1	36.84	24	12	5	3	26	185	203	4.7	17.2
Seq10001_122_bp_1_1_0	BAB17681.1	20.83	24	19	0	8	31	98	121	5.5	16.5
Seq10001_122_bp_1_1_0	AAX12058.1	54.55	11	5	0	2	12	151	161	5.5	16.5
Seq10001_122_bp_1_1_0	CAA74140.1	25.00	24	18	0	9	32	807	830	5.6	18.2
Seq10001_122_bp_1_1_0	BAA32018.1	46.67	15	8	0	19	33	168	182	6.1	17.5
Seq10001_122_bp_1_1_0	AAA32624.1	19.05	21	17	0	13	33	295	315	6.5	17.2
Seq10001_122_bp_1_1_0	AEE27845.1	29.41	17	12	0	8	24	888	904	6.5	18.6
Seq10001_122_bp_1_1_0	BAA32956.1	40.00	15	9	0	10	24	37	51	6.8	15.8
Seq10001_122_bp_1_1_0	ABD49687.1	37.50	17	10	1	14	29	1600	1616	7.9	18.6
Seq10001_122_bp_1_1_0	ABN10845.1	41.67	12	7	0	17	28	53	64	8.8	15.4
Seq10001_122_bp_1_1_0	BAB79260.1	26.09	24	17	1	3	26	210	232	8.9	16.5
Seq10001_122_bp_1_2_0	AAA25966.1	45.45	11	6	0	11	21	6	16	3.3	18.5
Seq10001_122_bp_1_2_0	EDO47375.1	45.45	11	6	0	16	26	61	71	5.7	15.7
Seq10001_122_bp_1_2_0	ABN10845.1	55.56	9	4	0	17	25	33	41	6.5	15.7
Seq10001_122_bp_1_2_0	AAC08817.1	31.25	16	11	0	2	17	23	38	7.9	15.0
Seq10001_122_bp_1_2_0	AAA18786.1	36.84	20	12	1	11	29	144	163	7.9	15.7
Seq10001_122_bp_1_2_0	AAA42531.1	55.56	9	4	0	10	18	280	288	8.9	16.0
Seq10001_122_bp_-1_0_0	AAA25966.1	33.33	25	16	1	2	25	396	420	0.73	20.7
Seq10001_122_bp_-1_0_0	CAA73529.1	85.71	7	1	0	24	30	152	158	1.4	18.4
Seq10001_122_bp_-1_0_0	AAA65607.1	50.00	16	8	0	16	31	12	27	1.9	18.4
Seq10001_122_bp_-1_0_0	ABK71357.1	27.27	22	16	0	10	31	242	263	1.9	18.4
Seq10001_122_bp_-1_0_0	AIR13712.1	30.00	30	21	0	2	31	174	203	2.9	17.6
Seq10001_122_bp_-1_0_0	BAB17681.1	23.81	21	16	0	2	22	1	21	3.2	17.2
Seq10001_122_bp_-1_0_0	AAA32376.1	46.15	13	7	0	16	28	1	13	3.5	16.4
Seq10001_122_bp_-1_0_0	AAQ92751.2	43.48	28	13	5	2	27	492	516	4.1	19.2
Seq10001_122_bp_-1_0_0	BAA32956.1	33.33	15	10	0	4	18	172	186	4.2	16.4
Seq10001_122_bp_-1_0_0	CAD53387.1	25.93	27	20	0	4	30	1	27	4.4	17.6
Seq10001_122_bp_-1_0_0	AAA32624.1	33.33	12	8	0	18	29	29	40	4.6	17.6
Seq10001_122_bp_-1_0_0	AAB26998.1	33.33	15	10	0	1	15	60	74	4.7	14.8
Seq10001_122_bp_-1_0_0	CAA11507.1	45.45	11	6	0	6	16	1325	1335	5.2	18.8
Seq10001_122_bp_-1_0_0	AAF01122.1	23.08	13	10	0	4	16	1	13	5.6	16.8
Seq10001_122_bp_-1_0_0	AAC17860.1	18.18	22	18	0	4	25	238	259	6.1	16.8
Seq10001_122_bp_-1_0_0	AAI27517.1	28.57	21	15	0	4	24	518	538	6.7	17.2
Seq10001_122_bp_-1_0_0	ABN10845.1	38.46	13	8	0	9	21	141	153	7.3	15.6
Seq10001_122_bp_-1_0_0	BAB70780.1	36.00	27	16	2	5	31	99	123	9.2	16.4
Seq10001_122_bp_-1_1_0	ACH70904.1	50.00	17	8	1	14	29	95	111	0.18	21.9
Seq10001_122_bp_-1_1_0	ACH70904.1	40.00	16	9	1	15	29	289	304	0.3	21.2
Seq10001_122_bp_-1_1_0	AAA23282.1	21.05	19	15	0	12	30	240	258	1.3	19.7
Seq10001_122_bp_-1_1_0	ABK71357.1	35.29	17	11	0	5	21	182	198	1.5	18.9
Seq10001_122_bp_-1_1_0	CAD53387.1	33.33	18	12	0	9	26	465	482	1.5	19.3
Seq10001_122_bp_-1_1_0	ABG75784.1	40.00	16	9	1	18	32	84	99	1.6	18.5
Seq10001_122_bp_-1_1_0	ABD33854.1	42.86	7	4	0	10	16	47	53	2.6	15.5
Seq10001_122_bp_-1_1_0	BAA32991.1	50.00	10	5	0	16	25	33	42	2.8	15.5
Seq10001_122_bp_-1_1_0	AAB26998.1	31.25	16	11	0	9	24	35	50	3.2	15.5
Seq10001_122_bp_-1_1_0	ABS38337.1	27.27	24	16	2	11	33	1005	1027	4.9	18.9
Seq10001_122_bp_-1_1_0	ABD49687.1	50.00	10	5	0	20	29	1476	1485	5	19.3
Seq10001_122_bp_-1_1_0	AAA32624.1	45.00	21	11	1	2	21	377	397	5.6	17.4
Seq10001_122_bp_-1_1_0	AAB64315.2	33.33	33	16	9	7	30	24	56	5.9	16.7
Seq10001_122_bp_-1_1_0	AAI27517.1	38.89	19	11	1	2	20	419	436	6.3	17.4
Seq10001_122_bp_-1_1_0	CAA11507.1	35.00	22	13	2	11	31	1058	1078	6.6	18.5
Seq10001_122_bp_-1_1_0	AAA25966.1	30.00	33	21	3	2	32	19	50	7.6	17.4
Seq10001_122_bp_-1_1_0	AAQ92751.2	23.08	26	20	0	1	26	283	308	8.5	18.2
Seq10001_122_bp_-1_1_0	AEE27845.1	27.78	18	13	0	9	26	889	906	8.6	18.2
Seq10001_122_bp_-1_2_0	AAR31603.1	44.44	9	5	0	7	15	38	46	2.9	16.7
Seq10001_122_bp_-1_2_0	AAC08817.1	45.45	11	6	0	6	16	11	21	3.9	15.3
Seq10001_122_bp_-1_2_0	AAA25966.1	47.06	17	9	0	1	17	391	407	4.4	17.2
Seq10001_122_bp_-1_2_0	BAB17681.1	37.50	8	5	0	8	15	1	8	6.4	15.3
Seq10001_122_bp_-1_2_0	AAH69556.1	33.33	12	8	0	6	17	139	150	7.1	15.3
Seq10001_122_bp_-1_2_0	AAA36565.1	27.27	11	8	0	3	13	22	32	7.7	14.3
Seq10001_122_bp_-1_2_0	BAB70780.1	23.53	17	13	0	1	17	101	117	8	15.8
Seq10001_122_bp_-1_2_0	ACT10338.1	26.67	15	11	0	3	17	279	293	8.9	15.3
