Seq10043_400_bp_1_0_0	ENA|AAB66912|AAB66912.1	50.00	12	6	0	3	14	34	45	0.82	19.9
Seq10043_400_bp_1_0_0	ENA|AAB96524|AAB96524.1	35.71	14	9	0	1	14	95	108	2.8	15.8
Seq10043_400_bp_1_0_0	ENA|CAA28033|CAA28033.1	50.00	12	6	0	2	13	791	802	4.6	17.8
Seq10043_400_bp_1_0_0	ENA|CAA73529|CAA73529.1	36.36	11	7	0	1	11	80	90	5.7	15.3
Seq10043_400_bp_1_0_0	ENA|CAL82360|CAL82360.1	62.50	8	3	0	7	14	891	898	6.4	17.3
Seq10043_400_bp_1_0_0	ENA|CAA45708|CAA45708.1	60.00	10	4	0	6	15	838	847	7.5	17.3
Seq10043_400_bp_1_0_0	ENA|CAA29956|CAA29956.1	57.14	7	3	0	6	12	173	179	7.7	15.3
Seq10043_400_bp_1_0_0	ENA|CAA36214|CAA36214.1	33.33	15	10	0	1	15	286	300	8.8	14.7
Seq10043_400_bp_1_0_1	ENA|CAA28033|CAA28033.1	71.43	7	2	0	2	8	200	206	0.14	22.9
Seq10043_400_bp_1_0_1	ENA|BAA32956|BAA32956.1	55.56	9	4	0	2	10	159	167	0.24	19.6
Seq10043_400_bp_1_0_1	ENA|CAL82360|CAL82360.1	40.00	15	9	0	1	15	949	963	0.37	21.5
Seq10043_400_bp_1_0_1	ENA|AAI27517|AAI27517.1	66.67	10	3	1	1	10	475	483	0.47	20.0
Seq10043_400_bp_1_0_1	ENA|CAA73529|CAA73529.1	46.67	15	8	0	1	15	44	58	0.6	18.6
Seq10043_400_bp_1_0_1	ENA|CAA45708|CAA45708.1	50.00	12	6	0	3	14	719	730	0.62	21.0
Seq10043_400_bp_1_0_1	ENA|AAC08817|AAC08817.1	50.00	6	3	0	1	6	81	86	1.3	16.6
Seq10043_400_bp_1_0_1	ENA|AAA36539|AAA36539.1	50.00	8	4	0	3	10	420	427	1.4	18.1
Seq10043_400_bp_1_0_1	ENA|AAB03707|AAB03707.1	44.44	9	5	0	7	15	1310	1318	1.5	19.6
Seq10043_400_bp_1_0_1	ENA|AAC26660|AAC26660.1	36.36	11	7	0	1	11	118	128	2.1	16.6
Seq10043_400_bp_1_0_1	ENA|ACH70901|ACH70901.1	23.08	13	10	0	1	13	1	13	2.1	17.1
Seq10043_400_bp_1_0_1	ENA|AAA36114|AAA36114.1	62.50	8	3	0	8	15	24	31	2.1	17.6
Seq10043_400_bp_1_0_1	ENA|ABN10845|ABN10845.1	44.44	9	5	0	6	14	206	214	2.5	16.2
Seq10043_400_bp_1_0_1	ENA|BAA05866|BAA05866.1	50.00	8	4	0	4	11	157	164	2.5	16.6
Seq10043_400_bp_1_0_1	ENA|BAA32018|BAA32018.1	42.86	7	4	0	4	10	552	558	2.6	17.6
Seq10043_400_bp_1_0_1	ENA|AAC49865|AAC49865.1	36.36	11	7	0	3	13	254	264	2.7	16.6
Seq10043_400_bp_1_0_1	ENA|AAA24145|AAA24145.1	57.14	7	3	0	7	13	317	323	2.7	17.1
Seq10043_400_bp_1_0_1	ENA|CAA45199|CAA45199.1	57.14	7	3	0	2	8	142	148	2.8	17.1
Seq10043_400_bp_1_0_1	ENA|AAB66912|AAB66912.1	50.00	10	5	0	1	10	931	940	2.8	18.1
Seq10043_400_bp_1_0_1	ENA|CAA43419|CAA43419.1	57.14	7	3	0	5	11	4	10	3	16.6
Seq10043_400_bp_1_0_1	ENA|ABK71357|ABK71357.1	57.14	7	3	0	5	11	7	13	3	16.6
Seq10043_400_bp_1_0_1	ENA|ACT10338|ACT10338.1	44.44	9	5	0	5	13	246	254	3.2	16.6
Seq10043_400_bp_1_0_1	ENA|CAA36214|CAA36214.1	42.86	7	4	0	2	8	152	158	3.5	16.2
Seq10043_400_bp_1_0_1	ENA|AAA72732|AAA72732.1	42.86	7	4	0	6	12	280	286	3.6	16.2
Seq10043_400_bp_1_0_1	ENA|CAA26023|CAA26023.1	36.36	11	7	0	2	12	245	255	4.3	16.2
Seq10043_400_bp_1_0_1	ENA|AAR31603|AAR31603.1	60.00	5	2	0	2	6	250	254	5.2	15.7
Seq10043_400_bp_1_0_1	ENA|AAA25966|AAA25966.1	42.86	7	4	0	2	8	322	328	5.8	16.6
Seq10043_400_bp_1_0_1	ENA|CAA29968|CAA29968.1	50.00	8	4	0	4	11	34	41	5.9	14.7
Seq10043_400_bp_1_0_1	ENA|BAA36759|BAA36759.1	60.00	5	2	0	8	12	68	72	6.3	15.2
Seq10043_400_bp_1_0_1	ENA|ABD49687|ABD49687.1	40.00	15	9	0	1	15	970	984	6.9	17.6
Seq10043_400_bp_1_0_1	ENA|AAB96524|AAB96524.1	30.00	10	7	0	1	10	165	174	7.8	14.2
Seq10043_400_bp_1_0_1	ENA|BAA32991|BAA32991.1	50.00	6	3	0	10	15	10	15	7.9	12.8
Seq10043_400_bp_1_0_1	ENA|AAS77176|AAS77176.1	33.33	12	8	0	3	14	241	252	8.6	14.7
Seq10043_400_bp_1_0_1	ENA|CAB75732|CAB75732.1	46.15	13	7	0	3	15	155	167	9	16.6
Seq10043_400_bp_1_0_2	ENA|CAA29968|CAA29968.1	54.55	11	5	0	6	16	102	112	0.011	24.2
Seq10043_400_bp_1_0_2	ENA|AAA24145|AAA24145.1	44.44	9	5	0	3	11	167	175	0.48	20.0
Seq10043_400_bp_1_0_2	ENA|AAC49865|AAC49865.1	66.67	6	2	0	6	11	64	69	0.61	19.2
Seq10043_400_bp_1_0_2	ENA|AAC97205|AAC97205.1	50.00	12	6	0	5	16	157	168	0.95	20.4
Seq10043_400_bp_1_0_2	ENA|CAA73529|CAA73529.1	62.50	8	3	0	4	11	264	271	1.2	17.9
Seq10043_400_bp_1_0_2	ENA|AAA18786|AAA18786.1	70.00	12	3	2	8	19	260	269	2.1	17.1
Seq10043_400_bp_1_0_2	ENA|AAA42531|AAA42531.1	50.00	12	6	0	8	19	7	18	2.3	17.5
Seq10043_400_bp_1_0_2	ENA|ACT10338|ACT10338.1	50.00	12	5	2	2	11	121	132	2.3	17.5
Seq10043_400_bp_1_0_2	ENA|AAA36114|AAA36114.1	47.06	21	9	4	2	18	233	253	3	17.5
Seq10043_400_bp_1_0_2	ENA|AAB96524|AAB96524.1	44.44	9	5	0	1	9	13	21	3.5	15.8
Seq10043_400_bp_1_0_2	ENA|AAB26998|AAB26998.1	33.33	9	6	0	3	11	19	27	3.5	14.5
Seq10043_400_bp_1_0_2	ENA|CAA11507|CAA11507.1	38.46	13	8	0	2	14	1148	1160	7.6	17.5
Seq10043_400_bp_1_0_2	ENA|AAR31603|AAR31603.1	38.46	13	8	0	3	15	268	280	7.9	15.4
Seq10043_400_bp_1_0_2	ENA|BAB17681|BAB17681.1	40.00	10	6	0	2	11	165	174	8.7	14.9
Seq10043_400_bp_1_0_3	ENA|ABD33854|ABD33854.1	60.00	10	4	0	2	11	9	18	0.18	18.5
Seq10043_400_bp_1_0_3	ENA|ACH70901|ACH70901.1	35.71	14	9	0	1	14	57	70	1	18.5
Seq10043_400_bp_1_0_3	ENA|AAS77176|AAS77176.1	55.56	9	4	0	2	10	253	261	1.2	18.0
Seq10043_400_bp_1_0_3	ENA|CCP43727|CCP43727.1	42.86	14	8	0	6	19	10	23	1.8	17.6
Seq10043_400_bp_1_0_3	ENA|BAB79260|BAB79260.1	100.00	5	0	0	1	5	236	240	4.7	16.6
Seq10043_400_bp_1_0_3	ENA|AAA36539|AAA36539.1	27.78	18	13	0	1	18	356	373	4.9	16.6
Seq10043_400_bp_1_0_3	ENA|EDO47375|EDO47375.1	33.33	9	6	0	3	11	38	46	5.2	15.2
Seq10043_400_bp_1_0_3	ENA|AAR37016|AAR37016.1	25.00	16	12	0	1	16	185	200	6.5	18.5
Seq10043_400_bp_1_0_3	ENA|AAA36114|AAA36114.1	40.00	10	6	0	4	13	208	217	7.1	16.2
Seq10043_400_bp_1_0_3	ENA|CAA11507|CAA11507.1	40.00	15	9	0	5	19	1160	1174	7.1	17.6
Seq10043_400_bp_1_0_3	ENA|AAC49865|AAC49865.1	50.00	8	4	0	6	13	166	173	8.7	15.2
Seq10043_400_bp_1_0_3	ENA|AAB66912|AAB66912.1	71.43	7	2	0	1	7	86	92	9.2	16.6
Seq10043_400_bp_1_0_3	ENA|AAC78721|AAC78721.1	50.00	8	4	0	3	10	13	20	9.2	16.2
Seq10043_400_bp_1_0_3	ENA|CAA29956|CAA29956.1	28.57	14	10	0	5	18	339	352	9.8	15.2
Seq10043_400_bp_1_0_4	ENA|BAB79260|BAB79260.1	36.36	22	14	0	1	22	379	400	0.11	22.5
Seq10043_400_bp_1_0_4	ENA|CAA29956|CAA29956.1	36.84	22	12	3	1	19	188	209	0.82	19.4
Seq10043_400_bp_1_0_4	ENA|AAR31603|AAR31603.1	40.00	15	9	0	2	16	70	84	1.3	18.5
Seq10043_400_bp_1_0_4	ENA|AAQ92751|AAQ92751.2	28.00	25	18	0	2	26	991	1015	1.6	20.3
Seq10043_400_bp_1_0_4	ENA|AAC78721|AAC78721.1	35.71	14	9	0	7	20	294	307	2	18.9
Seq10043_400_bp_1_0_4	ENA|ABN10845|ABN10845.1	32.00	27	17	2	2	26	36	62	2.2	17.1
Seq10043_400_bp_1_0_4	ENA|BAA05866|BAA05866.1	36.84	20	12	1	2	21	115	133	2.3	17.6
Seq10043_400_bp_1_0_4	ENA|AAF79734|AAF79734.1	45.45	11	6	0	5	15	15	25	2.3	19.8
Seq10043_400_bp_1_0_4	ENA|CAL82360|CAL82360.1	31.25	16	11	0	6	21	309	324	5	18.5
Seq10043_400_bp_1_0_4	ENA|BAA36759|BAA36759.1	26.32	19	14	0	1	19	67	85	5.3	16.3
Seq10043_400_bp_1_0_4	ENA|CAA11507|CAA11507.1	43.75	18	9	2	1	16	491	508	5.3	18.5
Seq10043_400_bp_1_0_4	ENA|CAA24711|CAA24711.1	44.44	9	5	0	13	21	114	122	5.8	15.4
Seq10043_400_bp_1_0_4	ENA|ABK71357|ABK71357.1	35.71	14	9	0	11	24	29	42	6.7	16.3
Seq10043_400_bp_1_0_4	ENA|ABD33854|ABD33854.1	41.67	12	7	0	5	16	20	31	7.3	13.6
Seq10043_400_bp_1_0_4	ENA|ACH70901|ACH70901.1	37.50	8	5	0	9	16	80	87	8.6	15.8
Seq10043_400_bp_1_0_4	ENA|AAS77176|AAS77176.1	20.00	15	12	0	11	25	172	186	9.4	15.4
Seq10043_400_bp_1_0_5	ENA|AAC97205|AAC97205.1	62.50	8	3	0	5	12	720	727	2.1	19.1
Seq10043_400_bp_1_0_5	ENA|ABK71357|ABK71357.1	54.55	11	5	0	1	11	306	316	5.2	16.0
Seq10043_400_bp_1_0_5	ENA|ACH70901|ACH70901.1	35.29	17	11	0	1	17	228	244	6.7	15.6
Seq10043_400_bp_1_0_5	ENA|AAR37016|AAR37016.1	33.33	15	10	0	2	16	1682	1696	9.3	17.8
Seq10043_400_bp_1_0_5	ENA|AAA32624|AAA32624.1	42.86	14	8	0	2	15	335	348	9.5	15.6
Seq10043_400_bp_1_0_5	ENA|AAC17860|AAC17860.1	40.00	10	6	0	7	16	320	329	10	15.2
Seq10043_400_bp_1_1_0	ENA|ABG75784|ABG75784.1	31.03	31	20	2	26	56	196	224	0.28	22.1
Seq10043_400_bp_1_1_0	ENA|CAA45199|CAA45199.1	24.00	51	38	1	18	67	310	360	0.43	22.1
Seq10043_400_bp_1_1_0	ENA|BAA32018|BAA32018.1	31.25	32	22	0	27	58	407	438	0.73	21.7
Seq10043_400_bp_1_1_0	ENA|CAA36214|CAA36214.1	28.57	56	35	7	4	53	163	217	0.79	20.5
Seq10043_400_bp_1_1_0	ENA|CAA36714|CAA36714.1	34.15	48	27	7	20	67	84	124	1.2	20.5
Seq10043_400_bp_1_1_0	ENA|AAA72732|AAA72732.1	24.56	59	43	2	3	61	157	213	1.4	19.8
Seq10043_400_bp_1_1_0	ENA|CAL82360|CAL82360.1	28.85	55	37	3	14	68	851	902	1.9	21.3
Seq10043_400_bp_1_1_0	ENA|ACT10338|ACT10338.1	35.29	38	22	4	3	40	22	55	2.8	19.0
Seq10043_400_bp_1_1_0	ENA|AAB96524|AAB96524.1	35.29	17	11	0	43	59	70	86	3	17.9
Seq10043_400_bp_1_1_0	ENA|CAA11507|CAA11507.1	27.91	48	31	5	23	65	157	204	3.4	20.5
Seq10043_400_bp_1_1_0	ENA|AAA32624|AAA32624.1	29.17	24	17	0	1	24	95	118	3.8	19.0
Seq10043_400_bp_1_1_0	ENA|EDO47375|EDO47375.1	42.31	27	15	1	24	49	59	85	3.9	17.5
Seq10043_400_bp_1_1_0	ENA|CAA26023|CAA26023.1	41.18	17	10	0	11	27	348	364	4.6	18.3
Seq10043_400_bp_1_1_0	ENA|AAB66912|AAB66912.1	24.53	59	40	6	5	57	765	823	5.1	19.4
Seq10043_400_bp_1_1_0	ENA|ABD33854|ABD33854.1	50.00	8	4	0	16	23	55	62	6.2	15.2
Seq10043_400_bp_1_1_0	ENA|CAA26939|CAA26939.1	81.82	14	2	3	38	51	555	565	6.8	18.3
Seq10043_400_bp_1_1_0	ENA|BAB79260|BAB79260.1	25.00	24	18	0	5	28	217	240	7	17.9
Seq10043_400_bp_1_1_0	ENA|CAA28033|CAA28033.1	42.86	14	8	0	28	41	976	989	7	19.4
Seq10043_400_bp_1_1_0	ENA|ABD49687|ABD49687.1	36.36	39	21	6	22	54	1371	1409	9	19.4
Seq10043_400_bp_1_1_0	ENA|CAA73529|CAA73529.1	42.11	19	11	0	45	63	195	213	9.1	16.7
Seq10043_400_bp_1_1_0	ENA|ABK71357|ABK71357.1	42.86	14	8	0	4	17	100	113	9.4	17.1
Seq10043_400_bp_1_1_1	ENA|ABD49687|ABD49687.1	58.33	12	5	0	1	12	3	14	0.14	23.4
Seq10043_400_bp_1_1_1	ENA|AAB26998|AAB26998.1	66.67	6	2	0	6	11	30	35	0.16	18.8
Seq10043_400_bp_1_1_1	ENA|CAA11507|CAA11507.1	53.85	13	6	0	2	14	1023	1035	0.23	22.4
Seq10043_400_bp_1_1_1	ENA|AAA36539|AAA36539.1	62.50	8	3	0	6	13	369	376	0.23	20.9
Seq10043_400_bp_1_1_1	ENA|AAA36114|AAA36114.1	41.67	12	7	0	3	14	115	126	0.35	20.4
Seq10043_400_bp_1_1_1	ENA|AAA36114|AAA36114.1	46.15	13	7	0	2	14	60	72	0.5	19.8
Seq10043_400_bp_1_1_1	ENA|CAA26023|CAA26023.1	50.00	10	5	0	6	15	278	287	0.76	18.8
Seq10043_400_bp_1_1_1	ENA|BAA36759|BAA36759.1	44.44	9	5	0	7	15	66	74	1.2	17.8
Seq10043_400_bp_1_1_1	ENA|BAB17681|BAB17681.1	41.67	12	7	0	5	16	188	199	1.6	17.3
Seq10043_400_bp_1_1_1	ENA|AAR37016|AAR37016.1	83.33	6	1	0	6	11	702	707	2.3	19.8
Seq10043_400_bp_1_1_1	ENA|BAA32956|BAA32956.1	35.71	14	9	0	1	14	69	82	2.4	16.2
Seq10043_400_bp_1_1_1	ENA|CAA43419|CAA43419.1	42.86	14	8	0	3	16	171	184	3	16.8
Seq10043_400_bp_1_1_1	ENA|ABK71357|ABK71357.1	62.50	8	3	0	3	10	95	102	3	16.8
Seq10043_400_bp_1_1_1	ENA|CCP43727|CCP43727.1	40.00	10	6	0	5	14	297	306	3.8	16.2
Seq10043_400_bp_1_1_1	ENA|CAD53387|CAD53387.1	36.36	11	7	0	2	12	11	21	4	16.8
Seq10043_400_bp_1_1_1	ENA|CAB75732|CAB75732.1	31.25	16	11	0	1	16	191	206	4.5	17.8
Seq10043_400_bp_1_1_1	ENA|CAA26939|CAA26939.1	28.57	14	10	0	1	14	513	526	4.6	16.8
Seq10043_400_bp_1_1_1	ENA|AAC97205|AAC97205.1	50.00	10	5	0	5	14	722	731	4.8	17.8
Seq10043_400_bp_1_1_1	ENA|CAA36214|CAA36214.1	37.50	8	5	0	1	8	16	23	4.9	15.7
Seq10043_400_bp_1_1_1	ENA|BAA32018|BAA32018.1	66.67	6	2	0	11	16	197	202	5	16.8
Seq10043_400_bp_1_1_1	ENA|BAA05866|BAA05866.1	38.46	13	8	0	1	13	208	220	5	15.7
Seq10043_400_bp_1_1_1	ENA|CAA24711|CAA24711.1	41.67	13	7	1	3	15	57	68	5.7	14.7
Seq10043_400_bp_1_1_1	ENA|AAR31603|AAR31603.1	30.77	13	9	0	4	16	287	299	7.4	15.2
Seq10043_400_bp_1_1_1	ENA|AAQ92751|AAQ92751.2	42.86	14	8	0	3	16	47	60	7.5	17.3
Seq10043_400_bp_1_1_1	ENA|AAA18786|AAA18786.1	66.67	6	2	0	5	10	242	247	8.5	14.7
Seq10043_400_bp_1_1_1	ENA|BAA32991|BAA32991.1	37.50	8	5	0	9	16	8	15	9	12.6
Seq10043_400_bp_1_1_1	ENA|AAI27517|AAI27517.1	57.14	7	3	0	6	12	574	580	9.2	15.7
Seq10043_400_bp_1_1_1	ENA|ABN10845|ABN10845.1	42.86	7	4	0	6	12	71	77	9.8	14.2
Seq10043_400_bp_1_1_2	ENA|AAI27517|AAI27517.1	27.59	31	21	2	2	32	487	515	0.09	23.7
Seq10043_400_bp_1_1_2	ENA|ACT10338|ACT10338.1	32.00	26	17	1	1	25	20	45	0.63	20.3
Seq10043_400_bp_1_1_2	ENA|AAA42531|AAA42531.1	35.00	20	13	0	7	26	268	287	0.81	19.9
Seq10043_400_bp_1_1_2	ENA|AAB96524|AAB96524.1	46.67	18	8	3	22	36	161	178	1.9	17.7
Seq10043_400_bp_1_1_2	ENA|AAC17860|AAC17860.1	50.00	10	5	0	16	25	191	200	2.4	18.4
Seq10043_400_bp_1_1_2	ENA|AAB66912|AAB66912.1	25.00	20	15	0	2	21	248	267	2.5	19.6
Seq10043_400_bp_1_1_2	ENA|ABN10845|ABN10845.1	20.00	20	16	0	12	31	2	21	2.8	17.3
Seq10043_400_bp_1_1_2	ENA|CAD53387|CAD53387.1	36.84	19	12	0	11	29	459	477	2.9	18.4
Seq10043_400_bp_1_1_2	ENA|AAA36539|AAA36539.1	63.64	13	4	2	19	30	70	81	3.6	18.1
Seq10043_400_bp_1_1_2	ENA|AAC97205|AAC97205.1	31.82	22	15	0	8	29	1196	1217	5.4	18.8
Seq10043_400_bp_1_1_2	ENA|CAA45199|CAA45199.1	50.00	8	4	0	26	33	382	389	5.9	17.3
Seq10043_400_bp_1_1_2	ENA|CAA36214|CAA36214.1	26.32	19	14	0	8	26	241	259	6.4	16.5
Seq10043_400_bp_1_1_2	ENA|CAL82360|CAL82360.1	33.33	15	10	0	10	24	379	393	7.2	18.4
Seq10043_400_bp_1_1_2	ENA|CAA36714|CAA36714.1	31.03	29	20	0	5	33	345	373	7.5	16.9
Seq10043_400_bp_1_1_2	ENA|AAR37016|AAR37016.1	30.00	31	21	1	1	31	1047	1076	7.8	19.2
Seq10043_400_bp_1_1_2	ENA|AAB26998|AAB26998.1	50.00	10	5	0	3	12	33	42	7.8	14.3
Seq10043_400_bp_1_1_2	ENA|BAA36759|BAA36759.1	25.00	16	12	0	21	36	142	157	9.9	15.8
Seq10043_400_bp_1_2_0	ENA|BAA32991|BAA32991.1	34.62	36	17	10	1	34	7	34	0.28	18.9
Seq10043_400_bp_1_2_0	ENA|BAA36759|BAA36759.1	57.14	7	3	0	4	10	151	157	1.9	18.2
Seq10043_400_bp_1_2_0	ENA|AAC49865|AAC49865.1	45.00	21	11	1	12	32	278	297	2.7	17.8
Seq10043_400_bp_1_2_0	ENA|CAA29968|CAA29968.1	34.78	28	15	5	9	31	82	109	4	16.5
Seq10043_400_bp_1_2_0	ENA|AAB96524|AAB96524.1	34.78	23	15	0	3	25	87	109	4.8	16.2
Seq10043_400_bp_1_2_0	ENA|CAA28033|CAA28033.1	30.77	26	18	0	3	28	497	522	5.1	18.9
Seq10043_400_bp_1_2_0	ENA|AAA18786|AAA18786.1	38.89	18	11	0	13	30	226	243	5.4	16.5
Seq10043_400_bp_1_2_0	ENA|ABD33854|ABD33854.1	30.77	13	9	0	8	20	51	63	6.5	14.1
Seq10043_400_bp_1_2_0	ENA|AAR37016|AAR37016.1	29.63	28	19	1	4	31	1325	1351	7.2	19.2
Seq10043_400_bp_1_2_0	ENA|AAA42531|AAA42531.1	26.09	25	17	2	5	29	329	351	7.7	16.5
Seq10043_400_bp_1_2_0	ENA|ABG75784|ABG75784.1	47.06	20	9	3	10	29	123	139	7.8	16.2
Seq10043_400_bp_1_2_1	ENA|CAA43419|CAA43419.1	57.14	7	3	0	2	8	107	113	0.96	17.7
Seq10043_400_bp_1_2_1	ENA|CAA36214|CAA36214.1	60.00	5	2	0	4	8	240	244	2.3	16.2
Seq10043_400_bp_1_2_1	ENA|BAA32991|BAA32991.1	50.00	6	3	0	1	6	4	9	3.2	13.5
Seq10043_400_bp_1_2_1	ENA|AAA72732|AAA72732.1	57.14	7	3	0	2	8	43	49	4.8	15.1
Seq10043_400_bp_1_2_1	ENA|AAB03707|AAB03707.1	66.67	6	2	0	5	10	1291	1296	7	16.7
Seq10043_400_bp_1_2_1	ENA|AAC08817|AAC08817.1	57.14	7	3	0	3	9	35	41	7.1	13.5
Seq10043_400_bp_1_2_1	ENA|AAC78721|AAC78721.1	57.14	7	3	0	4	10	669	675	7.1	15.6
Seq10043_400_bp_1_2_1	ENA|ABD49687|ABD49687.1	80.00	5	1	0	6	10	1615	1619	8.6	16.7
Seq10043_400_bp_1_2_1	ENA|CAL82360|CAL82360.1	57.14	7	3	0	3	9	20	26	9.2	16.2
Seq10043_400_bp_1_2_1	ENA|AAB66912|AAB66912.1	80.00	5	1	0	6	10	327	331	9.6	15.6
Seq10043_400_bp_1_2_1	ENA|AAA24145|AAA24145.1	60.00	5	2	0	1	5	2	6	9.8	14.6
Seq10043_400_bp_1_2_2	ENA|AAI27517|AAI27517.1	43.75	16	9	0	14	29	287	302	1.2	19.6
Seq10043_400_bp_1_2_2	ENA|AAA72732|AAA72732.1	40.00	15	9	0	11	25	14	28	2.1	18.0
Seq10043_400_bp_1_2_2	ENA|BAA32018|BAA32018.1	35.71	14	9	0	17	30	370	383	2.3	18.8
Seq10043_400_bp_1_2_2	ENA|ABD33854|ABD33854.1	30.00	20	14	0	11	30	11	30	5.4	14.2
Seq10043_400_bp_1_2_2	ENA|ABK71357|ABK71357.1	30.43	23	16	0	6	28	31	53	5.7	16.7
Seq10043_400_bp_1_2_2	ENA|AAA36114|AAA36114.1	33.33	18	12	0	3	20	474	491	5.8	17.1
Seq10043_400_bp_1_2_2	ENA|CAA28033|CAA28033.1	40.00	20	12	0	3	22	737	756	6.2	18.4
Seq10043_400_bp_1_2_2	ENA|AAC49865|AAC49865.1	40.00	21	12	1	2	22	37	56	8.6	15.9
Seq10043_400_bp_1_2_3	ENA|CAD53387|CAD53387.1	47.06	18	9	1	1	18	472	488	0.013	25.6
Seq10043_400_bp_1_2_3	ENA|ACH70901|ACH70901.1	28.57	14	10	0	6	19	103	116	0.53	19.8
Seq10043_400_bp_1_2_3	ENA|ABK71357|ABK71357.1	46.15	14	7	1	11	23	60	73	0.55	19.8
Seq10043_400_bp_1_2_3	ENA|AAI27517|AAI27517.1	72.73	13	3	2	13	23	414	426	0.62	20.3
Seq10043_400_bp_1_2_3	ENA|ABD49687|ABD49687.1	53.85	13	6	0	10	22	1140	1152	0.65	21.7
Seq10043_400_bp_1_2_3	ENA|AAR37016|AAR37016.1	41.67	12	7	0	5	16	58	69	0.89	21.7
Seq10043_400_bp_1_2_3	ENA|ABG75784|ABG75784.1	50.00	8	4	0	4	11	193	200	0.9	18.8
Seq10043_400_bp_1_2_3	ENA|BAB79260|BAB79260.1	62.50	8	3	0	3	10	392	399	0.93	19.3
Seq10043_400_bp_1_2_3	ENA|CAL82360|CAL82360.1	66.67	12	3	3	4	15	944	952	1.3	20.3
Seq10043_400_bp_1_2_3	ENA|AAS77176|AAS77176.1	60.00	11	4	1	7	16	73	83	1.6	17.8
Seq10043_400_bp_1_2_3	ENA|CAA11507|CAA11507.1	45.00	24	11	4	4	23	1009	1032	2	19.8
Seq10043_400_bp_1_2_3	ENA|AAA36114|AAA36114.1	26.67	15	11	0	8	22	59	73	2	18.3
Seq10043_400_bp_1_2_3	ENA|AAC97205|AAC97205.1	41.18	19	10	2	4	21	385	402	2.5	19.3
Seq10043_400_bp_1_2_3	ENA|BAA36759|BAA36759.1	27.27	23	16	1	1	22	175	197	3.2	16.8
Seq10043_400_bp_1_2_3	ENA|AAC08817|AAC08817.1	66.67	3	1	0	5	7	1	3	3.4	15.9
Seq10043_400_bp_1_2_3	ENA|CAA28033|CAA28033.1	62.50	8	3	0	12	19	677	684	3.7	18.8
Seq10043_400_bp_1_2_3	ENA|AAB66912|AAB66912.1	37.50	16	10	0	8	23	911	926	3.7	18.3
Seq10043_400_bp_1_2_3	ENA|CAA24711|CAA24711.1	80.00	5	1	0	19	23	137	141	3.7	15.9
Seq10043_400_bp_1_2_3	ENA|AAQ92751|AAQ92751.2	42.86	14	8	0	10	23	344	357	3.9	18.8
Seq10043_400_bp_1_2_3	ENA|BAA32018|BAA32018.1	50.00	10	5	0	13	22	577	586	4.8	17.3
Seq10043_400_bp_1_2_3	ENA|AAC49865|AAC49865.1	38.10	22	13	1	1	21	150	171	5	16.4
Seq10043_400_bp_1_2_3	ENA|AAA42531|AAA42531.1	30.00	20	14	0	4	23	356	375	5.8	16.4
Seq10043_400_bp_1_2_3	ENA|BAA32956|BAA32956.1	57.14	7	3	0	17	23	48	54	6.2	15.4
Seq10043_400_bp_1_2_3	ENA|AAC26660|AAC26660.1	40.00	5	3	0	5	9	185	189	7.4	15.4
Seq10043_400_bp_1_2_3	ENA|AAA25966|AAA25966.1	41.67	12	7	0	6	17	683	694	7.6	16.8
Seq10043_400_bp_1_2_3	ENA|CAA26023|CAA26023.1	66.67	6	2	0	18	23	275	280	7.9	15.9
Seq10043_400_bp_1_2_3	ENA|CAA29968|CAA29968.1	57.14	7	3	0	12	18	95	101	7.9	14.9
Seq10043_400_bp_1_2_3	ENA|AAB26998|AAB26998.1	75.00	4	1	0	17	20	53	56	8.7	13.4
Seq10043_400_bp_1_2_3	ENA|AAR31603|AAR31603.1	44.44	9	5	0	11	19	219	227	9.4	15.4
Seq10043_400_bp_1_2_3	ENA|AAA36539|AAA36539.1	66.67	6	2	0	13	18	313	318	9.6	15.9
Seq10043_400_bp_1_2_4	ENA|BAA05866|BAA05866.1	45.45	11	6	0	4	14	265	275	2	17.5
Seq10043_400_bp_1_2_4	ENA|CAA29956|CAA29956.1	45.45	11	6	0	4	14	93	103	2.4	17.5
Seq10043_400_bp_1_2_4	ENA|AAR31603|AAR31603.1	33.33	23	14	2	1	21	307	329	3.8	16.6
Seq10043_400_bp_1_2_4	ENA|ACT10338|ACT10338.1	77.78	12	2	3	4	15	129	137	7.8	15.8
Seq10043_400_bp_1_2_4	ENA|CAA36214|CAA36214.1	33.33	15	10	0	2	16	184	198	8.1	15.4
Seq10043_400_bp_-1_0_0	ENA|BAB17681|BAB17681.1	42.86	7	4	0	5	11	153	159	0.28	19.3
Seq10043_400_bp_-1_0_0	ENA|AAA18786|AAA18786.1	50.00	10	5	0	1	10	235	244	2.7	15.9
Seq10043_400_bp_-1_0_0	ENA|BAA32991|BAA32991.1	37.50	8	5	0	2	9	3	10	3.6	13.5
Seq10043_400_bp_-1_0_0	ENA|AAC78721|AAC78721.1	60.00	5	2	0	5	9	249	253	6.6	15.9
Seq10043_400_bp_-1_0_1	ENA|CAA45708|CAA45708.1	30.43	23	16	0	3	25	99	121	0.22	23.3
Seq10043_400_bp_-1_0_1	ENA|AAI27517|AAI27517.1	47.06	17	9	0	9	25	457	473	0.65	20.3
Seq10043_400_bp_-1_0_1	ENA|AAA72732|AAA72732.1	71.43	7	2	0	19	25	244	250	0.84	19.0
Seq10043_400_bp_-1_0_1	ENA|AAR31603|AAR31603.1	35.29	17	11	0	1	17	209	225	0.88	19.0
Seq10043_400_bp_-1_0_1	ENA|BAA36759|BAA36759.1	25.00	16	12	0	10	25	217	232	1.4	18.2
Seq10043_400_bp_-1_0_1	ENA|AAA36114|AAA36114.1	41.18	17	10	0	7	23	493	509	1.8	18.6
Seq10043_400_bp_-1_0_1	ENA|CAA43419|CAA43419.1	45.45	11	6	0	6	16	313	323	2.3	17.7
Seq10043_400_bp_-1_0_1	ENA|ACT10338|ACT10338.1	42.86	14	8	0	5	18	188	201	2.5	17.7
Seq10043_400_bp_-1_0_1	ENA|CAA28033|CAA28033.1	53.85	13	6	0	13	25	365	377	4.5	18.6
Seq10043_400_bp_-1_0_1	ENA|AAC78721|AAC78721.1	38.46	13	8	0	4	16	22	34	5.6	17.3
Seq10043_400_bp_-1_0_1	ENA|AAA25966|AAA25966.1	36.36	11	7	0	8	18	39	49	6	17.3
Seq10043_400_bp_-1_0_1	ENA|ABK71357|ABK71357.1	30.77	13	9	0	2	14	18	30	7.4	16.0
Seq10043_400_bp_-1_0_1	ENA|ABD33854|ABD33854.1	33.33	9	6	0	7	15	34	42	7.4	13.5
Seq10043_400_bp_-1_0_1	ENA|AAA42531|AAA42531.1	66.67	6	2	0	13	18	297	302	7.7	16.0
Seq10043_400_bp_-1_0_1	ENA|CAA26939|CAA26939.1	44.44	9	5	0	17	25	63	71	8.4	16.5
Seq10043_400_bp_-1_0_1	ENA|AAA36539|AAA36539.1	41.67	12	7	0	12	23	7	18	9.3	16.0
Seq10043_400_bp_-1_0_2	ENA|ABD33854|ABD33854.1	30.77	13	9	0	3	15	41	53	3.5	14.0
Seq10043_400_bp_-1_0_2	ENA|EDO47375|EDO47375.1	57.14	21	6	7	3	16	163	183	3.7	15.5
Seq10043_400_bp_-1_0_2	ENA|AAB66912|AAB66912.1	38.46	13	8	0	1	13	332	344	5	17.3
Seq10043_400_bp_-1_0_3	ENA|AAA32624|AAA32624.1	62.50	8	3	0	1	8	323	330	0.42	19.9
Seq10043_400_bp_-1_0_3	ENA|CAA26939|CAA26939.1	62.50	8	3	0	1	8	371	378	0.46	19.9
Seq10043_400_bp_-1_0_3	ENA|AAS77176|AAS77176.1	35.71	14	9	0	1	14	221	234	0.9	18.0
Seq10043_400_bp_-1_0_3	ENA|EDO47375|EDO47375.1	45.45	11	6	0	2	12	140	150	2.3	16.0
Seq10043_400_bp_-1_0_3	ENA|CAA36714|CAA36714.1	50.00	10	5	0	5	14	139	148	2.8	17.0
Seq10043_400_bp_-1_0_3	ENA|CAL82360|CAL82360.1	53.85	14	6	1	1	13	1174	1187	3.9	18.0
Seq10043_400_bp_-1_0_3	ENA|AAC78721|AAC78721.1	50.00	12	6	0	2	13	576	587	4.1	17.0
Seq10043_400_bp_-1_0_3	ENA|AAB96524|AAB96524.1	45.45	12	6	1	1	11	43	54	4.4	15.0
Seq10043_400_bp_-1_0_3	ENA|AAA18786|AAA18786.1	62.50	8	3	0	1	8	133	140	4.5	15.5
Seq10043_400_bp_-1_0_3	ENA|BAA32991|BAA32991.1	66.67	6	2	0	3	8	35	40	4.5	13.5
Seq10043_400_bp_-1_0_3	ENA|AAA42531|AAA42531.1	36.36	11	7	0	4	14	141	151	4.6	16.0
Seq10043_400_bp_-1_0_3	ENA|AAA72732|AAA72732.1	44.44	9	5	0	3	11	285	293	5.2	15.5
Seq10043_400_bp_-1_0_3	ENA|CAA28033|CAA28033.1	40.00	10	6	0	5	14	364	373	5.5	17.5
Seq10043_400_bp_-1_0_3	ENA|CAA45199|CAA45199.1	44.44	9	5	0	2	10	285	293	5.6	16.0
Seq10043_400_bp_-1_0_3	ENA|AAQ92751|AAQ92751.2	57.14	7	3	0	1	7	576	582	8	17.0
Seq10043_400_bp_-1_0_3	ENA|CAA29956|CAA29956.1	37.50	8	5	0	1	8	7	14	8.5	15.0
Seq10043_400_bp_-1_0_3	ENA|CAA29968|CAA29968.1	50.00	11	5	1	1	10	139	149	8.7	14.0
Seq10043_400_bp_-1_0_3	ENA|BAB17681|BAB17681.1	22.22	9	7	0	1	9	237	245	8.7	14.5
Seq10043_400_bp_-1_0_4	ENA|AAR31603|AAR31603.1	35.29	18	11	1	1	17	46	63	3.6	16.4
Seq10043_400_bp_-1_0_4	ENA|AAA32624|AAA32624.1	36.36	11	7	0	4	14	386	396	4.2	16.9
Seq10043_400_bp_-1_0_4	ENA|AAC49865|AAC49865.1	30.77	13	9	0	2	14	166	178	4.9	15.9
Seq10043_400_bp_-1_0_4	ENA|ABD33854|ABD33854.1	33.33	12	8	0	5	16	33	44	6.2	13.2
Seq10043_400_bp_-1_0_4	ENA|ABK71357|ABK71357.1	50.00	12	6	0	3	14	21	32	7.4	15.5
Seq10043_400_bp_-1_0_4	ENA|AAC08817|AAC08817.1	50.00	6	3	0	12	17	112	117	8	14.1
Seq10043_400_bp_-1_0_4	ENA|AAB96524|AAB96524.1	62.50	8	3	0	2	9	78	85	9.4	14.1
Seq10043_400_bp_-1_0_4	ENA|ACH70901|ACH70901.1	50.00	10	5	0	7	16	55	64	9.6	15.0
Seq10043_400_bp_-1_0_4	ENA|CAA28033|CAA28033.1	71.43	7	2	0	8	14	1222	1228	9.8	16.9
Seq10043_400_bp_-1_0_5	ENA|AAB26998|AAB26998.1	57.14	7	3	0	8	14	1	7	0.56	17.4
Seq10043_400_bp_-1_0_5	ENA|CAA24711|CAA24711.1	41.18	17	10	0	1	17	98	114	0.9	17.8
Seq10043_400_bp_-1_0_5	ENA|AAA18786|AAA18786.1	46.15	13	7	0	1	13	252	264	3.5	16.5
Seq10043_400_bp_-1_0_5	ENA|CAA26939|CAA26939.1	55.56	9	4	0	3	11	160	168	4	17.4
Seq10043_400_bp_-1_0_5	ENA|AAB03707|AAB03707.1	23.53	17	13	0	4	20	368	384	5.1	18.3
Seq10043_400_bp_-1_0_5	ENA|BAB79260|BAB79260.1	27.27	11	8	0	11	21	18	28	5.8	16.5
Seq10043_400_bp_-1_0_5	ENA|AAA72732|AAA72732.1	50.00	12	6	0	4	15	204	215	7.3	15.5
Seq10043_400_bp_-1_0_5	ENA|AAI27517|AAI27517.1	66.67	14	4	2	2	15	200	211	7.4	16.5
Seq10043_400_bp_-1_0_5	ENA|BAA05866|BAA05866.1	100.00	4	0	0	7	10	28	31	9.7	15.1
Seq10043_400_bp_-1_0_6	ENA|AAA36114|AAA36114.1	44.44	9	5	0	7	15	322	330	0.14	21.6
Seq10043_400_bp_-1_0_6	ENA|BAB79260|BAB79260.1	80.00	5	1	0	9	13	189	193	1.4	18.1
Seq10043_400_bp_-1_0_6	ENA|BAA32991|BAA32991.1	45.45	11	6	0	2	12	34	44	1.7	15.1
Seq10043_400_bp_-1_0_6	ENA|AAB26998|AAB26998.1	100.00	3	0	0	11	13	59	61	3.5	14.2
Seq10043_400_bp_-1_0_6	ENA|CAA29968|CAA29968.1	41.67	15	7	3	2	13	3	17	4.7	15.1
Seq10043_400_bp_-1_0_6	ENA|ABK71357|ABK71357.1	45.45	11	6	0	4	14	78	88	8.6	15.1
Seq10043_400_bp_-1_0_6	ENA|AAF79734|AAF79734.1	66.67	6	2	0	10	15	804	809	10	16.8
Seq10043_400_bp_-1_1_0	ENA|CAA73529|CAA73529.1	28.57	21	15	0	1	21	64	84	0.31	20.4
Seq10043_400_bp_-1_1_0	ENA|CAA26939|CAA26939.1	34.78	24	15	1	2	24	463	486	1.8	18.9
Seq10043_400_bp_-1_1_0	ENA|ABD33854|ABD33854.1	36.36	12	7	1	6	17	52	62	3.1	14.9
Seq10043_400_bp_-1_1_0	ENA|AAR31603|AAR31603.1	33.33	15	10	0	2	16	52	66	3.5	17.1
Seq10043_400_bp_-1_1_0	ENA|EDO47375|EDO47375.1	36.84	21	12	2	6	24	170	190	4.3	16.0
Seq10043_400_bp_-1_1_0	ENA|AAA24145|AAA24145.1	40.00	15	9	0	2	16	255	269	4.9	17.1
Seq10043_400_bp_-1_1_0	ENA|CAA24711|CAA24711.1	71.43	7	2	0	20	26	154	160	5	15.6
Seq10043_400_bp_-1_1_0	ENA|ABD49687|ABD49687.1	54.55	12	5	1	7	17	505	516	6.5	18.5
Seq10043_400_bp_-1_1_0	ENA|CAA36214|CAA36214.1	50.00	10	5	0	15	24	253	262	6.8	16.0
Seq10043_400_bp_-1_1_0	ENA|AAC40132|AAC40132.1	62.50	8	3	0	3	10	431	438	8.1	16.4
Seq10043_400_bp_-1_1_1	ENA|ABG75784|ABG75784.1	33.33	12	8	0	5	16	300	311	1.1	18.3
Seq10043_400_bp_-1_1_1	ENA|AAA42531|AAA42531.1	35.29	18	11	1	2	19	343	359	2.4	17.4
Seq10043_400_bp_-1_1_1	ENA|AAA36539|AAA36539.1	55.56	9	4	0	1	9	373	381	2.9	17.4
Seq10043_400_bp_-1_1_1	ENA|CAA11507|CAA11507.1	50.00	10	5	0	4	13	13	22	3.4	18.7
Seq10043_400_bp_-1_1_1	ENA|AAI27517|AAI27517.1	36.36	11	7	0	1	11	388	398	4.7	17.0
Seq10043_400_bp_-1_1_1	ENA|ABK71357|ABK71357.1	53.85	15	6	2	1	15	302	314	7.1	15.7
Seq10043_400_bp_-1_1_1	ENA|CAL82360|CAL82360.1	23.53	17	13	0	3	19	1227	1243	7.5	17.4
Seq10043_400_bp_-1_1_1	ENA|ABN10845|ABN10845.1	75.00	4	1	0	11	14	158	161	7.5	14.9
Seq10043_400_bp_-1_1_1	ENA|CAA36214|CAA36214.1	44.44	23	10	5	2	19	179	201	7.8	15.3
Seq10043_400_bp_-1_1_1	ENA|AAB96524|AAB96524.1	33.33	6	4	0	10	15	26	31	8.5	14.4
Seq10043_400_bp_-1_1_1	ENA|ABD33854|ABD33854.1	40.00	10	6	0	5	14	41	50	9.5	12.7
Seq10043_400_bp_-1_1_2	ENA|BAA32991|BAA32991.1	57.14	7	3	0	3	9	29	35	3.8	15.0
Seq10043_400_bp_-1_1_3	ENA|BAA32956|BAA32956.1	57.14	7	3	0	9	15	30	36	0.59	18.2
Seq10043_400_bp_-1_1_3	ENA|CAA28033|CAA28033.1	71.43	7	2	0	9	15	317	323	0.71	20.6
Seq10043_400_bp_-1_1_3	ENA|ABK71357|ABK71357.1	40.00	15	9	0	1	15	308	322	2.8	16.8
Seq10043_400_bp_-1_1_3	ENA|AAA24145|AAA24145.1	50.00	16	7	2	2	15	140	155	3.4	16.8
Seq10043_400_bp_-1_1_3	ENA|CAA36714|CAA36714.1	27.27	11	8	0	2	12	169	179	4.7	16.3
Seq10043_400_bp_-1_1_3	ENA|CAA73529|CAA73529.1	35.71	15	9	1	2	15	7	21	7.3	14.9
Seq10043_400_bp_-1_1_3	ENA|CAA29956|CAA29956.1	50.00	14	6	2	2	13	212	225	9.7	14.9
Seq10043_400_bp_-1_2_0	ENA|AAR37016|AAR37016.1	60.00	10	4	0	3	12	38	47	0.6	22.2
Seq10043_400_bp_-1_2_0	ENA|CAA11507|CAA11507.1	63.64	12	4	1	10	21	175	185	0.91	20.8
Seq10043_400_bp_-1_2_0	ENA|ABD33854|ABD33854.1	57.14	7	3	0	15	21	21	27	1.5	15.6
Seq10043_400_bp_-1_2_0	ENA|CAA36714|CAA36714.1	29.41	17	12	0	1	17	112	128	1.6	18.4
Seq10043_400_bp_-1_2_0	ENA|CAA28033|CAA28033.1	40.00	15	9	0	4	18	231	245	1.7	19.8
Seq10043_400_bp_-1_2_0	ENA|CAA29956|CAA29956.1	35.29	17	11	0	3	19	128	144	2.4	17.5
Seq10043_400_bp_-1_2_0	ENA|AAS77176|AAS77176.1	50.00	15	7	1	7	21	210	223	2.5	17.0
Seq10043_400_bp_-1_2_0	ENA|AAC97205|AAC97205.1	42.86	14	8	0	4	17	1029	1042	4.1	18.4
Seq10043_400_bp_-1_2_0	ENA|AAB96524|AAB96524.1	40.00	10	6	0	3	12	42	51	4.2	15.6
Seq10043_400_bp_-1_2_0	ENA|AAA18786|AAA18786.1	50.00	6	3	0	10	15	247	252	4.4	16.1
Seq10043_400_bp_-1_2_0	ENA|BAB79260|BAB79260.1	30.00	10	7	0	4	13	122	131	5.4	16.6
Seq10043_400_bp_-1_2_0	ENA|EDO47375|EDO47375.1	33.33	21	14	0	1	21	67	87	5.8	15.2
Seq10043_400_bp_-1_2_0	ENA|AAF79734|AAF79734.1	60.00	19	6	4	1	18	1008	1023	6.4	18.0
Seq10043_400_bp_-1_2_0	ENA|AAA72732|AAA72732.1	33.33	12	8	0	8	19	17	28	6.9	15.6
Seq10043_400_bp_-1_2_0	ENA|AAC49865|AAC49865.1	36.84	20	12	1	2	20	141	160	7.3	15.6
Seq10043_400_bp_-1_2_0	ENA|AAA36114|AAA36114.1	27.27	11	8	0	10	20	501	511	8.1	16.1
Seq10043_400_bp_-1_2_0	ENA|BAB17681|BAB17681.1	50.00	12	6	0	3	14	247	258	8.3	15.2
Seq10043_400_bp_-1_2_0	ENA|BAA32018|BAA32018.1	58.33	14	5	2	5	18	287	298	9.8	16.1
Seq10043_400_bp_-1_2_1	ENA|CAA26023|CAA26023.1	54.55	11	5	0	12	22	277	287	0.018	24.8
Seq10043_400_bp_-1_2_1	ENA|CAA26023|CAA26023.1	57.14	7	3	0	12	18	304	310	0.81	19.2
Seq10043_400_bp_-1_2_1	ENA|AAC40132|AAC40132.1	35.29	17	11	0	6	22	120	136	0.031	24.3
Seq10043_400_bp_-1_2_1	ENA|BAA36759|BAA36759.1	42.86	15	8	1	5	19	143	156	0.13	21.5
Seq10043_400_bp_-1_2_1	ENA|AAA36114|AAA36114.1	46.15	13	7	0	7	19	58	70	0.3	21.1
Seq10043_400_bp_-1_2_1	ENA|AAB03707|AAB03707.1	37.50	16	10	0	7	22	970	985	0.32	22.5
Seq10043_400_bp_-1_2_1	ENA|CAA43419|CAA43419.1	45.45	11	6	0	3	13	116	126	0.57	19.7
Seq10043_400_bp_-1_2_1	ENA|AAB66912|AAB66912.1	83.33	6	1	0	13	18	921	926	0.76	20.6
Seq10043_400_bp_-1_2_1	ENA|CAA45708|CAA45708.1	71.43	7	2	0	6	12	967	973	0.9	21.1
Seq10043_400_bp_-1_2_1	ENA|AAI27517|AAI27517.1	28.57	14	10	0	8	21	291	304	1.2	19.2
Seq10043_400_bp_-1_2_1	ENA|CAA24711|CAA24711.1	28.57	14	10	0	8	21	134	147	1.3	17.4
Seq10043_400_bp_-1_2_1	ENA|AAA18786|AAA18786.1	55.56	9	4	0	13	21	78	86	1.5	17.9
Seq10043_400_bp_-1_2_1	ENA|ACT10338|ACT10338.1	33.33	6	4	0	1	6	298	303	2.1	17.9
Seq10043_400_bp_-1_2_1	ENA|ABD49687|ABD49687.1	71.43	7	2	0	15	21	382	388	2.6	19.7
Seq10043_400_bp_-1_2_1	ENA|CAA29968|CAA29968.1	33.33	9	6	0	14	22	134	142	2.7	16.5
Seq10043_400_bp_-1_2_1	ENA|AAB96524|AAB96524.1	44.44	9	5	0	8	16	138	146	3.5	16.0
Seq10043_400_bp_-1_2_1	ENA|CAA36714|CAA36714.1	71.43	7	2	0	6	12	278	284	4.7	17.0
Seq10043_400_bp_-1_2_1	ENA|EDO47375|EDO47375.1	100.00	4	0	0	14	17	84	87	4.9	15.6
Seq10043_400_bp_-1_2_1	ENA|CAD53387|CAD53387.1	50.00	8	4	0	13	20	465	472	5	17.0
Seq10043_400_bp_-1_2_1	ENA|AAF79734|AAF79734.1	44.44	9	5	0	14	22	540	548	5.6	18.3
Seq10043_400_bp_-1_2_1	ENA|ABN10845|ABN10845.1	66.67	6	2	0	18	23	131	136	5.6	15.6
Seq10043_400_bp_-1_2_1	ENA|CAA26939|CAA26939.1	50.00	12	6	0	7	18	557	568	5.7	17.0
Seq10043_400_bp_-1_2_1	ENA|CAA45199|CAA45199.1	37.50	8	5	0	1	8	462	469	6.4	16.5
Seq10043_400_bp_-1_2_1	ENA|AAR37016|AAR37016.1	45.45	11	6	0	13	23	1044	1054	6.5	18.8
Seq10043_400_bp_-1_2_1	ENA|AAC78721|AAC78721.1	45.45	11	6	0	7	17	384	394	6.6	17.0
Seq10043_400_bp_-1_2_1	ENA|CAA29956|CAA29956.1	36.36	11	7	0	11	21	369	379	7	16.0
Seq10043_400_bp_-1_2_1	ENA|CAA11507|CAA11507.1	26.67	15	11	0	5	19	1010	1024	7.1	17.9
Seq10043_400_bp_-1_2_1	ENA|AAA42531|AAA42531.1	44.44	9	5	0	5	13	335	343	7.2	16.0
Seq10043_400_bp_-1_2_1	ENA|AAC08817|AAC08817.1	50.00	8	4	0	8	15	106	113	7.5	14.7
Seq10043_400_bp_-1_2_1	ENA|BAA05866|BAA05866.1	33.33	9	6	0	7	15	252	260	7.8	15.6
Seq10043_400_bp_-1_2_1	ENA|AAA36539|AAA36539.1	26.67	17	11	2	4	18	411	427	8.7	16.0
Seq10043_400_bp_-1_2_1	ENA|BAB17681|BAB17681.1	33.33	12	8	0	12	23	188	199	9.3	15.1
Seq10043_400_bp_-1_2_1	ENA|AAA32624|AAA32624.1	33.33	6	4	0	2	7	299	304	9.4	16.0
Seq10043_400_bp_-1_2_1	ENA|AAB26998|AAB26998.1	50.00	12	5	2	6	17	47	56	9.5	13.3
Seq10043_400_bp_-1_2_1	ENA|BAA32956|BAA32956.1	60.00	5	2	0	17	21	33	37	9.8	14.7
Seq10043_400_bp_-1_2_2	ENA|AAC40132|AAC40132.1	38.46	13	8	0	1	13	262	274	2.7	17.8
Seq10043_400_bp_-1_2_2	ENA|AAB66912|AAB66912.1	44.44	18	10	0	3	20	275	292	6.7	17.4
Seq10043_400_bp_-1_2_2	ENA|AAQ92751|AAQ92751.2	31.25	16	11	0	3	18	402	417	9.7	17.4
Seq10043_400_bp_-1_2_3	ENA|CAA73529|CAA73529.1	46.67	15	8	0	7	21	99	113	1	19.5
Seq10043_400_bp_-1_2_3	ENA|AAC08817|AAC08817.1	30.77	26	18	0	10	35	25	50	1.5	18.1
Seq10043_400_bp_-1_2_3	ENA|AAB03707|AAB03707.1	36.36	24	14	2	9	30	1370	1393	2.4	20.6
Seq10043_400_bp_-1_2_3	ENA|AAA24145|AAA24145.1	30.00	20	14	0	27	46	309	328	3.5	18.4
Seq10043_400_bp_-1_2_3	ENA|BAB79260|BAB79260.1	46.67	15	8	0	13	27	289	303	4.4	18.1
Seq10043_400_bp_-1_2_3	ENA|ABD49687|ABD49687.1	44.00	29	14	4	7	32	1424	1451	4.8	19.9
Seq10043_400_bp_-1_2_3	ENA|ABG75784|ABG75784.1	31.43	45	24	10	8	46	68	108	6.2	17.0
Seq10043_400_bp_-1_2_3	ENA|CAA36214|CAA36214.1	100.00	8	0	1	26	33	278	284	7.7	16.6
Seq10043_400_bp_-1_2_3	ENA|AAC49865|AAC49865.1	31.58	19	13	0	25	43	304	322	8.2	16.6
Seq10043_400_bp_-1_2_3	ENA|CAA36714|CAA36714.1	41.18	17	10	0	23	39	36	52	9.1	17.0
Seq10043_400_bp_-1_2_3	ENA|AAS77176|AAS77176.1	27.27	22	16	0	14	35	212	233	9.2	16.3
Seq10043_400_bp_-1_2_3	ENA|AAC40132|AAC40132.1	40.00	20	12	0	2	21	159	178	9.2	17.0
Seq10043_400_bp_-1_2_3	ENA|BAA32991|BAA32991.1	41.67	12	7	0	3	14	40	51	9.6	14.1
