Seq5572_130_bp_1_0_0	AAC78721.1	100.00	43	0	0	1	43	451	493	2.8e-29	115.5
Seq5572_130_bp_1_0_0	ABG75784.1	58.33	42	15	6	1	38	148	187	0.00035	31.1
Seq5572_130_bp_1_0_0	AAA24969.1	66.67	21	5	6	12	32	1106	1120	0.46	23.0
Seq5572_130_bp_1_0_0	AAA26915.1	52.00	37	12	12	7	37	5	35	2.3	18.9
Seq5572_130_bp_1_0_0	AAH69556.1	57.14	15	6	1	22	36	191	204	2.6	18.1
Seq5572_130_bp_1_0_0	AAB03707.1	60.00	38	10	13	6	38	1078	1107	3.8	19.7
Seq5572_130_bp_1_0_0	AAX12058.1	53.33	16	7	1	7	21	257	272	4.1	17.3
Seq5572_130_bp_1_0_0	BAA32018.1	48.48	44	17	11	7	43	476	515	4.4	18.4
Seq5572_130_bp_1_0_0	AAA23282.1	50.00	34	12	10	13	37	25	57	6.8	17.6
Seq5572_130_bp_1_0_0	ABL74574.1	77.78	10	2	1	6	15	240	248	7.3	16.5
Seq5572_130_bp_1_0_0	ACT10338.1	60.00	12	4	2	29	40	63	72	8	16.8
Seq5572_130_bp_1_0_0	BAB17681.1	71.43	7	2	0	20	26	146	152	8.2	16.2
Seq5572_130_bp_1_1_0	AAA32376.1	62.50	8	3	0	2	9	20	27	0.51	18.8
Seq5572_130_bp_1_1_0	ABD49687.1	55.56	26	8	8	1	20	582	605	0.76	21.5
Seq5572_130_bp_1_1_0	AAF01122.1	53.33	22	7	7	2	23	282	296	1.1	18.8
Seq5572_130_bp_1_1_0	AAB26998.1	80.00	5	1	0	17	21	28	32	1.9	15.7
Seq5572_130_bp_1_1_0	ABG75784.1	54.55	13	5	2	7	18	191	202	2.6	17.2
Seq5572_130_bp_1_1_0	AAA25966.1	54.55	17	5	6	4	14	271	287	3.2	18.2
Seq5572_130_bp_1_1_0	BAA32991.1	38.46	13	8	0	4	16	24	36	5.6	13.9
Seq5572_130_bp_1_1_0	AAB64315.2	66.67	6	2	0	18	23	51	56	9.1	15.4
Seq5572_130_bp_1_1_0	AAC78721.1	71.43	23	4	9	2	15	430	452	9.8	16.3
Seq5572_130_bp_1_1_1	AAA32624.1	61.54	14	5	1	6	18	502	515	1.6	18.4
Seq5572_130_bp_1_1_1	ABL74574.1	66.67	13	3	4	4	12	276	288	2.6	16.9
Seq5572_130_bp_1_1_1	AAA23282.1	71.43	7	2	0	2	8	236	242	2.7	17.8
Seq5572_130_bp_1_1_1	CAA26230.1	53.85	14	6	1	6	18	539	552	3.2	17.5
Seq5572_130_bp_1_1_1	ABG75784.1	85.71	9	1	2	7	15	207	213	3.4	16.6
Seq5572_130_bp_1_1_1	AAA65607.1	61.54	15	5	2	5	17	92	106	4	16.6
Seq5572_130_bp_1_1_1	AAA24142.1	36.36	11	7	0	9	19	238	248	6	16.2
Seq5572_130_bp_1_1_1	CAA43372.1	71.43	9	2	2	7	15	202	208	6.8	15.9
Seq5572_130_bp_1_1_1	AAA24969.1	80.00	5	1	0	1	5	419	423	6.9	17.8
Seq5572_130_bp_1_1_1	AAH69556.1	71.43	7	2	0	10	16	202	208	7.6	15.3
Seq5572_130_bp_1_1_1	BAB17681.1	50.00	8	4	0	11	18	9	16	8.4	15.0
Seq5572_130_bp_1_1_1	AAA26915.1	53.33	17	7	2	2	16	276	292	9.3	15.6
Seq5572_130_bp_1_1_1	AAI27517.1	46.15	16	7	3	4	19	256	268	9.4	15.9
Seq5572_130_bp_1_1_1	AAA36565.1	80.00	5	1	0	13	17	50	54	9.7	14.1
Seq5572_130_bp_1_2_0	AAR37016.1	50.00	12	6	0	1	12	1082	1093	0.2	23.2
Seq5572_130_bp_1_2_0	ABD49687.1	100.00	5	0	0	8	12	488	492	0.47	21.5
Seq5572_130_bp_1_2_0	AAC97205.1	62.50	9	3	1	6	14	346	353	1.4	19.4
Seq5572_130_bp_1_2_0	BAA32991.1	41.67	12	7	0	3	14	13	24	1.4	15.2
Seq5572_130_bp_1_2_0	AAB64315.2	62.50	8	3	0	1	8	18	25	1.6	17.3
Seq5572_130_bp_1_2_0	AAQ92751.2	63.64	13	4	2	3	13	897	909	2.8	18.6
Seq5572_130_bp_1_2_0	AAC08817.1	57.14	7	3	0	4	10	26	32	3.4	15.2
Seq5572_130_bp_1_2_0	AEE27845.1	44.44	9	5	0	1	9	1278	1286	3.8	18.1
Seq5572_130_bp_1_2_0	AAI27517.1	60.00	5	2	0	3	7	555	559	5	16.5
Seq5572_130_bp_1_2_0	ACH70904.1	100.00	10	0	4	8	13	126	135	5.4	15.6
Seq5572_130_bp_1_2_0	AAA42531.1	75.00	4	1	0	3	6	348	351	5.8	15.6
Seq5572_130_bp_1_2_0	CAA11507.1	57.14	7	3	0	1	7	1042	1048	6.4	17.3
Seq5572_130_bp_1_2_0	AAC78721.1	50.00	8	4	0	1	8	642	649	7.5	16.1
Seq5572_130_bp_1_2_0	CAA04196.1	100.00	3	0	0	11	13	379	381	8.2	15.2
Seq5572_130_bp_1_2_1	CAA74140.1	66.67	9	3	0	1	9	884	892	0.83	19.8
Seq5572_130_bp_1_2_1	AAA65607.1	77.78	11	2	2	1	10	193	202	2.1	17.1
Seq5572_130_bp_1_2_1	ACT10338.1	60.00	11	4	1	4	13	103	113	2.8	16.7
Seq5572_130_bp_1_2_1	ABG75784.1	62.50	9	3	1	5	13	129	136	7	15.0
Seq5572_130_bp_1_2_1	AAI27517.1	58.33	16	5	4	3	14	133	148	8.2	15.7
Seq5572_130_bp_-1_0_0	AAR37016.1	87.50	10	1	2	2	9	783	792	0.56	21.2
Seq5572_130_bp_-1_0_0	BAB79260.1	71.43	7	2	0	2	8	103	109	1.1	17.9
Seq5572_130_bp_-1_0_0	BAA32956.1	75.00	4	1	0	5	8	52	55	1.5	16.2
Seq5572_130_bp_-1_0_0	AAI27517.1	50.00	8	4	0	1	8	174	181	1.8	17.5
Seq5572_130_bp_-1_0_0	AAH69556.1	71.43	9	2	2	2	8	126	134	2.2	16.2
Seq5572_130_bp_-1_0_0	AAA18786.1	60.00	5	2	0	6	10	262	266	2.6	15.8
Seq5572_130_bp_-1_0_0	CAA43372.1	100.00	6	0	1	5	10	344	348	3	16.2
Seq5572_130_bp_-1_0_0	AII71783.1	75.00	4	1	0	7	10	285	288	3.9	15.4
Seq5572_130_bp_-1_0_0	AAC17860.1	80.00	5	1	0	4	8	364	368	3.9	15.8
Seq5572_130_bp_-1_0_0	AIR13712.1	75.00	4	1	0	7	10	305	308	4.2	15.4
Seq5572_130_bp_-1_0_0	AAB64315.2	50.00	6	3	0	2	7	194	199	5.5	15.0
Seq5572_130_bp_-1_0_0	AAX12058.1	100.00	3	0	0	6	8	104	106	6.1	14.6
Seq5572_130_bp_-1_0_0	AAA36565.1	60.00	5	2	0	4	8	5	9	6.5	13.8
Seq5572_130_bp_-1_0_0	AAA65607.1	55.56	11	4	2	1	9	189	199	8	14.6
Seq5572_130_bp_-1_0_0	CAA11507.1	75.00	4	1	0	5	8	578	581	9.3	16.2
Seq5572_130_bp_-1_0_1	AAA36565.1	60.00	21	6	6	2	16	67	87	0.11	21.0
Seq5572_130_bp_-1_0_1	CAA43372.1	75.00	9	2	1	7	14	358	366	0.21	21.3
Seq5572_130_bp_-1_0_1	AAR31603.1	55.56	9	4	0	8	16	304	312	0.44	19.9
Seq5572_130_bp_-1_0_1	AAA42531.1	58.33	14	5	2	12	23	280	293	0.52	19.9
Seq5572_130_bp_-1_0_1	AAI27517.1	100.00	4	0	0	10	13	102	105	0.62	20.3
Seq5572_130_bp_-1_0_1	AEE27845.1	75.00	8	2	0	15	22	1159	1166	0.69	21.3
Seq5572_130_bp_-1_0_1	CAA73529.1	66.67	6	2	0	5	10	40	45	0.78	18.8
Seq5572_130_bp_-1_0_1	ABD49687.1	71.43	7	2	0	9	15	140	146	1.1	21.0
Seq5572_130_bp_-1_0_1	CAA04196.1	75.00	11	2	3	11	18	381	391	1.9	18.1
Seq5572_130_bp_-1_0_1	CAA26230.1	41.67	12	7	0	9	20	286	297	3.3	17.7
Seq5572_130_bp_-1_0_1	AAA24142.1	40.00	10	6	0	4	13	91	100	3.4	17.4
Seq5572_130_bp_-1_0_1	ACT10338.1	45.45	11	6	0	12	22	83	93	3.8	17.0
Seq5572_130_bp_-1_0_1	AAA26915.1	50.00	6	3	0	1	6	130	135	4.5	17.0
Seq5572_130_bp_-1_0_1	AAX84812.1	60.00	5	2	0	6	10	29	33	4.7	15.9
Seq5572_130_bp_-1_0_1	AII71783.1	55.56	10	4	1	6	15	215	223	4.9	16.3
Seq5572_130_bp_-1_0_1	AAA25966.1	50.00	12	5	2	2	11	306	317	5.4	17.4
Seq5572_130_bp_-1_0_1	AAC97205.1	62.50	8	3	0	16	23	844	851	5.6	18.1
Seq5572_130_bp_-1_0_1	ABN10845.1	70.00	15	3	5	14	23	52	66	5.7	15.6
Seq5572_130_bp_-1_0_1	AAA18786.1	83.33	8	1	2	1	8	87	92	6.9	15.6
Seq5572_130_bp_-1_0_1	BAA32018.1	100.00	4	0	0	1	4	435	438	7.6	16.6
Seq5572_130_bp_-1_0_1	AAR37016.1	62.50	23	6	7	1	17	1018	1039	8.1	18.5
Seq5572_130_bp_-1_0_1	BAB17681.1	80.00	5	1	0	18	22	164	168	8.9	15.2
Seq5572_130_bp_-1_0_1	AAH69556.1	75.00	4	1	0	19	22	10	13	9.8	15.2
Seq5572_130_bp_-1_1_0	CAA04196.1	45.45	11	6	0	3	13	364	374	1.3	18.5
Seq5572_130_bp_-1_1_0	AAR31603.1	66.67	14	4	2	1	12	222	235	2.6	17.1
Seq5572_130_bp_-1_1_0	BAA32956.1	61.54	19	5	6	3	20	120	133	3.2	16.1
Seq5572_130_bp_-1_1_0	CAA74140.1	50.00	8	4	0	5	12	785	792	5.6	17.5
Seq5572_130_bp_-1_1_0	AAH69556.1	54.55	14	5	3	4	17	282	292	8.8	15.2
Seq5572_130_bp_-1_1_0	AAA42531.1	50.00	8	4	0	13	20	147	154	8.9	15.5
Seq5572_130_bp_-1_1_0	AAX12058.1	55.56	10	4	1	1	9	11	20	9.9	14.8
Seq5572_130_bp_-1_1_1	ABD33854.1	66.67	6	2	0	5	10	9	14	2.2	15.1
Seq5572_130_bp_-1_1_1	AAR37016.1	60.00	11	4	1	7	16	1586	1596	2.8	20.0
Seq5572_130_bp_-1_1_1	AAB96524.1	46.15	16	7	3	6	21	92	104	3.9	15.8
Seq5572_130_bp_-1_1_1	CAA43372.1	77.78	14	2	5	11	19	144	157	4.2	16.9
Seq5572_130_bp_-1_1_1	AIR13712.1	80.00	5	1	0	18	22	213	217	4.3	16.5
Seq5572_130_bp_-1_1_1	ABN10845.1	61.54	19	5	6	5	21	26	40	4.6	15.8
Seq5572_130_bp_-1_1_1	AAR31603.1	55.56	10	4	1	14	22	61	70	5.4	16.2
Seq5572_130_bp_-1_1_1	AAA25966.1	75.00	13	2	5	15	22	316	328	5.7	17.2
Seq5572_130_bp_-1_1_1	CAA45199.1	55.56	10	4	1	3	12	287	295	6	16.5
Seq5572_130_bp_-1_1_1	AII71783.1	75.00	4	1	0	19	22	31	34	6.4	15.8
Seq5572_130_bp_-1_1_1	AAB26998.1	100.00	3	0	0	20	22	41	43	6.9	13.7
Seq5572_130_bp_-1_1_1	AEE27845.1	60.00	13	4	3	5	17	875	884	8.5	17.6
Seq5572_130_bp_-1_1_1	CAA04196.1	75.00	9	2	1	8	16	19	26	8.5	15.8
Seq5572_130_bp_-1_2_0	AAA23282.1	70.00	12	3	2	5	14	538	549	0.057	23.2
Seq5572_130_bp_-1_2_0	CAA04196.1	83.33	6	1	0	2	7	376	381	1.1	18.5
Seq5572_130_bp_-1_2_0	ABS38337.1	83.33	6	1	0	8	13	1262	1267	1.6	19.5
Seq5572_130_bp_-1_2_0	ABG75784.1	71.43	11	2	4	2	12	81	87	2.5	16.8
Seq5572_130_bp_-1_2_1	AAA26915.1	88.89	13	1	4	6	14	52	64	0.39	19.9
Seq5572_130_bp_-1_2_1	AAA18786.1	100.00	5	0	0	7	11	91	95	0.79	18.0
Seq5572_130_bp_-1_2_1	AAA42531.1	62.50	8	3	0	5	12	218	225	0.89	18.4
Seq5572_130_bp_-1_2_1	AAB64315.2	71.43	7	2	0	5	11	8	14	1.2	17.7
Seq5572_130_bp_-1_2_1	AAC17860.1	62.50	8	3	0	2	9	338	345	5.3	15.9
Seq5572_130_bp_-1_2_1	AAC97205.1	54.55	11	5	0	2	12	703	713	7.3	17.0
Seq5572_130_bp_-1_2_1	CAA04196.1	45.45	11	6	0	4	14	227	237	8.7	15.1
Seq5572_130_bp_-1_2_1	AAA24142.1	63.64	15	4	4	1	12	246	259	9.3	15.1
