Seq5292_181_bp_1_0_0	ENA|BAB17681|BAB17681.1	57.14	7	3	0	1	7	79	85	0.61	18.3
Seq5292_181_bp_1_0_0	ENA|AAB96524|AAB96524.1	75.00	4	1	0	1	4	58	61	1.4	16.6
Seq5292_181_bp_1_0_0	ENA|AAA18786|AAA18786.1	62.50	8	3	0	2	9	258	265	1.4	17.1
Seq5292_181_bp_1_0_0	ENA|AAR37016|AAR37016.1	80.00	5	1	0	1	5	460	464	1.6	20.1
Seq5292_181_bp_1_0_0	ENA|AAA24145|AAA24145.1	100.00	4	0	0	10	13	263	266	1.8	17.5
Seq5292_181_bp_1_0_0	ENA|AAA32624|AAA32624.1	50.00	8	4	0	2	9	94	101	2.8	17.1
Seq5292_181_bp_1_0_0	ENA|AAC17860|AAC17860.1	100.00	4	0	0	6	9	308	311	3	16.6
Seq5292_181_bp_1_0_0	ENA|AAB03707|AAB03707.1	62.50	9	3	1	1	9	24	31	3	18.3
Seq5292_181_bp_1_0_0	ENA|CAA45708|CAA45708.1	44.44	9	5	0	1	9	1368	1376	4.4	17.9
Seq5292_181_bp_1_0_0	ENA|AAA36539|AAA36539.1	33.33	9	6	0	5	13	405	413	4.5	16.2
Seq5292_181_bp_1_0_0	ENA|AAC40132|AAC40132.1	60.00	5	2	0	2	6	303	307	4.5	16.2
Seq5292_181_bp_1_0_0	ENA|ACH70901|ACH70901.1	62.50	9	3	1	3	10	218	226	4.6	15.8
Seq5292_181_bp_1_0_0	ENA|BAA36759|BAA36759.1	75.00	4	1	0	4	7	189	192	5	15.3
Seq5292_181_bp_1_0_0	ENA|ABN10845|ABN10845.1	50.00	6	3	0	5	10	196	201	5	14.9
Seq5292_181_bp_1_0_0	ENA|AAA25966|AAA25966.1	42.86	7	4	0	1	7	92	98	5.1	16.6
Seq5292_181_bp_1_0_0	ENA|CCP43727|CCP43727.1	100.00	4	0	0	8	11	190	193	5.6	15.3
Seq5292_181_bp_1_0_0	ENA|CAA73529|CAA73529.1	66.67	6	2	0	4	9	23	28	6.3	14.9
Seq5292_181_bp_1_0_0	ENA|AAB66912|AAB66912.1	75.00	4	1	0	1	4	643	646	6.5	16.6
Seq5292_181_bp_1_0_0	ENA|CAA24711|CAA24711.1	50.00	6	3	0	8	13	10	15	7.1	14.1
Seq5292_181_bp_1_0_0	ENA|BAA32018|BAA32018.1	33.33	12	8	0	2	13	99	110	7.8	15.8
Seq5292_181_bp_1_0_0	ENA|CAB75732|CAB75732.1	71.43	7	2	0	2	8	68	74	8	16.6
Seq5292_181_bp_1_0_0	ENA|ABD49687|ABD49687.1	50.00	6	3	0	1	6	596	601	8.7	17.1
Seq5292_181_bp_1_0_0	ENA|AAQ92751|AAQ92751.2	60.00	5	2	0	1	5	1226	1230	9.4	16.6
Seq5292_181_bp_1_0_0	ENA|AAC49865|AAC49865.1	80.00	7	1	2	4	10	135	139	9.8	14.5
Seq5292_181_bp_1_0_1	ENA|AAC17860|AAC17860.1	52.38	26	10	5	4	27	321	343	0.64	19.9
Seq5292_181_bp_1_0_1	ENA|CAA73529|CAA73529.1	60.00	5	2	0	11	15	38	42	1.1	18.5
Seq5292_181_bp_1_0_1	ENA|BAA32956|BAA32956.1	62.50	8	3	0	1	8	46	53	1.8	17.4
Seq5292_181_bp_1_0_1	ENA|ABN10845|ABN10845.1	53.33	19	7	4	9	27	87	101	1.9	17.4
Seq5292_181_bp_1_0_1	ENA|AAA36539|AAA36539.1	50.00	11	5	1	7	16	407	417	2.5	18.1
Seq5292_181_bp_1_0_1	ENA|AAB66912|AAB66912.1	71.43	7	2	0	3	9	623	629	3	18.9
Seq5292_181_bp_1_0_1	ENA|AAB96524|AAB96524.1	38.46	14	8	1	2	14	89	102	4.2	16.0
Seq5292_181_bp_1_0_1	ENA|BAB79260|BAB79260.1	60.00	19	6	4	12	27	200	217	6.2	16.7
Seq5292_181_bp_1_0_1	ENA|BAA32018|BAA32018.1	62.50	8	3	0	4	11	365	372	6.7	17.1
Seq5292_181_bp_1_0_1	ENA|CAA36714|CAA36714.1	50.00	12	5	2	13	24	134	143	8	16.4
Seq5292_181_bp_1_1_0	ENA|AAA42531|AAA42531.1	100.00	60	0	0	1	60	118	177	3e-39	148.3
Seq5292_181_bp_1_1_0	ENA|BAA32991|BAA32991.1	51.85	35	13	8	22	54	34	62	2.2	16.7
Seq5292_181_bp_1_1_0	ENA|ACH70901|ACH70901.1	37.50	28	15	4	1	28	71	94	2.6	18.8
Seq5292_181_bp_1_1_0	ENA|AAS77176|AAS77176.1	36.00	26	16	1	31	55	248	273	4.3	17.8
Seq5292_181_bp_1_2_0	ENA|AAC97205|AAC97205.1	38.24	35	21	1	6	40	766	799	0.013	28.0
Seq5292_181_bp_1_2_0	ENA|AAR37016|AAR37016.1	37.14	45	22	10	1	38	1521	1562	0.49	23.7
Seq5292_181_bp_1_2_0	ENA|CAA26023|CAA26023.1	35.00	43	26	3	7	47	66	107	0.61	20.8
Seq5292_181_bp_1_2_0	ENA|CAA29968|CAA29968.1	72.73	12	3	1	3	14	16	26	0.77	19.5
Seq5292_181_bp_1_2_0	ENA|CAA11507|CAA11507.1	61.11	19	7	1	1	18	33	51	1.7	21.1
Seq5292_181_bp_1_2_0	ENA|BAB79260|BAB79260.1	34.62	26	17	0	4	29	420	445	8.3	17.2
Seq5292_181_bp_1_2_0	ENA|EDO47375|EDO47375.1	43.33	36	17	6	21	50	98	133	8.6	15.8
Seq5292_181_bp_-1_0_0	ENA|BAA05866|BAA05866.1	40.00	25	15	0	15	39	20	44	2.1	18.7
Seq5292_181_bp_-1_0_0	ENA|CAA28033|CAA28033.1	31.25	32	22	0	12	43	822	853	3.1	20.3
Seq5292_181_bp_-1_0_0	ENA|AAC97205|AAC97205.1	38.24	37	21	3	11	47	65	98	4.9	19.5
Seq5292_181_bp_-1_0_0	ENA|BAA32018|BAA32018.1	37.14	37	22	2	6	40	570	606	6	18.2
Seq5292_181_bp_-1_0_0	ENA|AAC17860|AAC17860.1	42.31	30	15	4	10	38	102	128	9.3	16.9
Seq5292_181_bp_-1_0_0	ENA|ABG75784|ABG75784.1	26.92	26	19	0	18	43	113	138	10	16.4
Seq5292_181_bp_-1_1_0	ENA|AAF79734|AAF79734.1	28.57	22	15	1	4	25	531	551	0.58	21.9
Seq5292_181_bp_-1_1_0	ENA|AAC17860|AAC17860.1	83.33	6	1	0	15	20	279	284	0.89	19.4
Seq5292_181_bp_-1_1_0	ENA|CAB75732|CAB75732.1	83.33	6	1	0	13	18	1115	1120	1.2	20.5
Seq5292_181_bp_-1_1_0	ENA|CAA24711|CAA24711.1	70.00	12	3	2	8	17	35	46	1.2	17.7
Seq5292_181_bp_-1_1_0	ENA|BAA05866|BAA05866.1	46.15	14	7	1	2	15	207	219	1.7	18.1
Seq5292_181_bp_-1_1_0	ENA|ABG75784|ABG75784.1	40.00	15	9	0	3	17	118	132	1.8	18.1
Seq5292_181_bp_-1_1_0	ENA|AAA24145|AAA24145.1	66.67	10	3	1	18	26	451	460	2	18.4
Seq5292_181_bp_-1_1_0	ENA|ABD49687|ABD49687.1	53.33	16	7	1	3	18	772	786	2.3	20.1
Seq5292_181_bp_-1_1_0	ENA|AAC97205|AAC97205.1	88.89	14	1	5	14	22	56	69	2.6	19.4
Seq5292_181_bp_-1_1_0	ENA|BAA32018|BAA32018.1	66.67	14	4	2	15	27	317	329	2.7	18.4
Seq5292_181_bp_-1_1_0	ENA|AAB03707|AAB03707.1	41.18	17	10	0	7	23	1079	1095	2.9	19.4
Seq5292_181_bp_-1_1_0	ENA|AAB26998|AAB26998.1	26.32	21	14	2	5	23	20	40	3	15.3
Seq5292_181_bp_-1_1_0	ENA|AAI27517|AAI27517.1	31.58	21	13	2	8	26	494	514	3.3	18.1
Seq5292_181_bp_-1_1_0	ENA|CAA36714|CAA36714.1	47.83	27	12	4	5	27	259	285	3.3	17.7
Seq5292_181_bp_-1_1_0	ENA|AAC08817|AAC08817.1	27.27	25	16	3	2	24	61	84	3.7	16.0
Seq5292_181_bp_-1_1_0	ENA|AAA18786|AAA18786.1	36.36	11	7	0	15	25	80	90	3.8	16.7
Seq5292_181_bp_-1_1_0	ENA|BAB79260|BAB79260.1	41.18	17	10	0	7	23	218	234	4	17.4
Seq5292_181_bp_-1_1_0	ENA|CAA45708|CAA45708.1	54.55	12	5	1	17	27	1318	1329	5.1	18.7
Seq5292_181_bp_-1_1_0	ENA|AAQ92751|AAQ92751.2	50.00	12	6	0	4	15	1105	1116	5.9	18.4
Seq5292_181_bp_-1_1_0	ENA|CAA26939|CAA26939.1	41.18	19	10	2	3	20	66	83	6.3	17.0
Seq5292_181_bp_-1_1_0	ENA|CAA43419|CAA43419.1	35.29	18	11	1	2	19	30	46	6.6	16.3
Seq5292_181_bp_-1_1_0	ENA|AAB66912|AAB66912.1	35.71	14	9	0	3	16	380	393	8	17.4
Seq5292_181_bp_-1_1_1	ENA|CAA43419|CAA43419.1	54.55	12	5	1	2	13	65	75	0.13	21.0
Seq5292_181_bp_-1_1_1	ENA|AAC97205|AAC97205.1	80.00	13	2	3	1	13	964	973	0.44	21.0
Seq5292_181_bp_-1_1_1	ENA|AAA36539|AAA36539.1	50.00	10	5	0	4	13	443	452	0.6	19.2
Seq5292_181_bp_-1_1_1	ENA|CAA11507|CAA11507.1	41.67	12	7	0	2	13	1021	1032	0.91	20.1
Seq5292_181_bp_-1_1_1	ENA|BAA32018|BAA32018.1	50.00	8	4	0	3	10	120	127	1.5	18.3
Seq5292_181_bp_-1_1_1	ENA|AAR37016|AAR37016.1	83.33	6	1	0	8	13	788	793	1.6	20.1
Seq5292_181_bp_-1_1_1	ENA|BAB17681|BAB17681.1	66.67	6	2	0	3	8	47	52	2.2	16.5
Seq5292_181_bp_-1_1_1	ENA|BAA05866|BAA05866.1	33.33	12	8	0	1	12	3	14	3.4	16.0
Seq5292_181_bp_-1_1_1	ENA|AAC78721|AAC78721.1	57.14	7	3	0	2	8	393	399	3.9	16.9
Seq5292_181_bp_-1_1_1	ENA|AAA25966|AAA25966.1	20.00	10	8	0	1	10	48	57	4.2	16.9
Seq5292_181_bp_-1_1_1	ENA|ACT10338|ACT10338.1	60.00	5	2	0	3	7	329	333	5.7	15.6
Seq5292_181_bp_-1_1_1	ENA|CAA36214|CAA36214.1	40.00	10	6	0	3	12	97	106	6.1	15.1
Seq5292_181_bp_-1_1_1	ENA|BAB79260|BAB79260.1	57.14	7	3	0	2	8	381	387	6.6	15.6
Seq5292_181_bp_-1_1_1	ENA|AAA24145|AAA24145.1	60.00	5	2	0	6	10	280	284	6.7	15.6
Seq5292_181_bp_-1_1_1	ENA|AAB26998|AAB26998.1	22.22	9	7	0	4	12	1	9	7.5	12.8
Seq5292_181_bp_-1_1_1	ENA|AAA42531|AAA42531.1	27.27	11	8	0	1	11	247	257	7.7	15.1
Seq5292_181_bp_-1_1_1	ENA|CAB75732|CAB75732.1	57.14	7	3	0	1	7	423	429	8.8	16.5
Seq5292_181_bp_-1_1_1	ENA|CAA36714|CAA36714.1	55.56	10	4	1	4	13	405	413	9.1	15.1
Seq5292_181_bp_-1_1_1	ENA|AAB96524|AAB96524.1	60.00	5	2	0	1	5	43	47	9.3	13.7
Seq5292_181_bp_-1_1_1	ENA|CAL82360|CAL82360.1	80.00	5	1	0	9	13	152	156	9.7	16.5
Seq5292_181_bp_-1_1_1	ENA|CAA73529|CAA73529.1	75.00	4	1	0	7	10	140	143	9.9	14.2
Seq5292_181_bp_-1_2_0	ENA|ABD49687|ABD49687.1	71.43	7	2	0	2	8	626	632	2.8	18.4
Seq5292_181_bp_-1_2_0	ENA|AAA42531|AAA42531.1	85.71	8	1	1	1	8	344	350	2.8	16.2
Seq5292_181_bp_-1_2_0	ENA|AAC40132|AAC40132.1	50.00	10	5	0	1	10	82	91	3.5	16.2
Seq5292_181_bp_-1_2_0	ENA|ACH70901|ACH70901.1	55.56	9	4	0	1	9	55	63	6.2	14.9
Seq5292_181_bp_-1_2_0	ENA|AAC78721|AAC78721.1	66.67	6	2	0	2	7	520	525	6.4	15.8
Seq5292_181_bp_-1_2_0	ENA|AAA36539|AAA36539.1	55.56	9	4	0	2	10	377	385	8.1	14.9
Seq5292_181_bp_-1_2_0	ENA|CAA73529|CAA73529.1	57.14	7	3	0	1	7	53	59	8.4	14.1
Seq5292_181_bp_-1_2_0	ENA|AAR37016|AAR37016.1	50.00	10	5	0	1	10	91	100	8.9	17.1
Seq5292_181_bp_-1_2_1	ENA|AAA32624|AAA32624.1	70.00	11	3	1	5	15	454	463	1.6	18.1
Seq5292_181_bp_-1_2_1	ENA|CAA45708|CAA45708.1	50.00	14	7	0	1	14	1498	1511	1.8	19.5
Seq5292_181_bp_-1_2_1	ENA|AAC78721|AAC78721.1	50.00	8	4	0	8	15	291	298	3.4	17.3
Seq5292_181_bp_-1_2_1	ENA|AAC17860|AAC17860.1	40.00	10	6	0	1	10	205	214	4.3	16.3
Seq5292_181_bp_-1_2_1	ENA|CAA26939|CAA26939.1	75.00	10	2	2	2	9	497	506	4.7	16.6
Seq5292_181_bp_-1_2_1	ENA|AAC26660|AAC26660.1	83.33	6	1	0	4	9	41	46	5.6	15.2
Seq5292_181_bp_-1_2_1	ENA|AAB03707|AAB03707.1	53.85	14	6	1	2	15	548	560	6.8	17.3
Seq5292_181_bp_-1_2_1	ENA|ABN10845|ABN10845.1	66.67	7	2	1	1	7	112	117	7.7	14.5
Seq5292_181_bp_-1_2_2	ENA|ABD33854|ABD33854.1	50.00	11	5	1	6	15	49	59	1.1	15.6
Seq5292_181_bp_-1_2_2	ENA|AAI27517|AAI27517.1	66.67	6	2	0	4	9	301	306	6.2	16.2
Seq5292_181_bp_-1_2_2	ENA|BAA32991|BAA32991.1	37.50	8	5	0	2	9	22	29	9.6	12.4
