Seq7408_200_bp_1_0_0	BAB70780.1	45.45	11	6	0	4	14	216	226	0.28	20.4
Seq7408_200_bp_1_0_0	AAI27517.1	80.00	5	1	0	7	11	556	560	0.85	19.1
Seq7408_200_bp_1_0_0	AAB96524.1	35.71	14	9	0	1	14	19	32	1.1	17.1
Seq7408_200_bp_1_0_0	ACT10338.1	50.00	10	5	0	3	12	144	153	1.4	17.8
Seq7408_200_bp_1_0_0	AAB26998.1	80.00	5	1	0	5	9	48	52	1.8	15.1
Seq7408_200_bp_1_0_0	AAA32624.1	37.50	8	5	0	2	9	262	269	2.9	17.1
Seq7408_200_bp_1_0_0	AAR37016.1	66.67	6	2	0	9	14	725	730	3.3	19.1
Seq7408_200_bp_1_0_0	AAA18786.1	71.43	7	2	0	8	14	140	146	3.7	15.8
Seq7408_200_bp_1_0_0	AAA32376.1	36.36	11	7	0	2	12	13	23	3.8	15.1
Seq7408_200_bp_1_0_0	AAA24142.1	28.57	14	10	0	1	14	400	413	4	16.4
Seq7408_200_bp_1_0_0	AAH69556.1	57.14	7	3	0	8	14	118	124	4.2	15.8
Seq7408_200_bp_1_0_0	AAQ92751.2	75.00	8	2	0	6	13	643	650	4.8	17.8
Seq7408_200_bp_1_0_0	CAA04196.1	62.50	8	3	0	4	11	252	259	5.7	15.8
Seq7408_200_bp_1_0_0	ABD49687.1	66.67	9	3	0	6	14	350	358	5.9	17.8
Seq7408_200_bp_1_0_0	EDO47375.1	62.50	8	3	0	1	8	158	165	6.4	14.4
Seq7408_200_bp_1_0_0	AAC97205.1	40.00	10	6	0	1	10	115	124	6.7	17.1
Seq7408_200_bp_1_0_0	AAA24969.1	66.67	6	2	0	3	8	1510	1515	8.1	17.1
Seq7408_200_bp_1_0_0	ABL74574.1	66.67	6	2	0	1	6	171	176	9.5	14.4
Seq7408_200_bp_1_0_1	CAA74140.1	36.36	11	7	0	8	18	580	590	1.2	20.4
Seq7408_200_bp_1_0_1	ABG75784.1	31.25	16	11	0	4	19	234	249	1.8	18.2
Seq7408_200_bp_1_0_1	AAA26915.1	50.00	14	7	0	2	15	246	259	1.8	18.7
Seq7408_200_bp_1_0_1	AAA45888.1	66.67	9	3	0	17	25	143	151	2.2	18.2
Seq7408_200_bp_1_0_1	AAA36565.1	25.00	12	9	0	3	14	98	109	6.2	15.4
Seq7408_200_bp_1_0_1	ABD33854.1	44.44	9	5	0	15	23	3	11	7.4	13.8
Seq7408_200_bp_1_0_1	CAA26230.1	54.55	11	5	0	9	19	468	478	9.4	16.5
Seq7408_200_bp_1_0_2	ACT10338.1	30.77	13	9	0	4	16	125	137	0.28	20.6
Seq7408_200_bp_1_0_2	AAR37016.1	31.58	19	13	0	1	19	1367	1385	0.51	22.4
Seq7408_200_bp_1_0_2	AAI27517.1	41.67	12	7	0	6	17	563	574	0.97	19.4
Seq7408_200_bp_1_0_2	CAA74140.1	33.33	12	8	0	4	15	626	637	1.5	19.4
Seq7408_200_bp_1_0_2	BAA32956.1	62.50	8	3	0	3	10	1	8	1.8	17.1
Seq7408_200_bp_1_0_2	AAA26915.1	50.00	6	3	0	12	17	140	145	2.6	17.6
Seq7408_200_bp_1_0_2	ABN10845.1	27.27	11	8	0	7	17	154	164	2.7	16.5
Seq7408_200_bp_1_0_2	AAX84812.1	35.71	14	9	0	2	15	82	95	2.9	16.5
Seq7408_200_bp_1_0_2	AAA32376.1	60.00	5	2	0	2	6	40	44	3.2	15.9
Seq7408_200_bp_1_0_2	CAA45199.1	50.00	8	4	0	13	20	206	213	3.9	17.1
Seq7408_200_bp_1_0_2	ABD49687.1	50.00	10	5	0	3	12	869	878	4.1	18.8
Seq7408_200_bp_1_0_2	BAB79260.1	80.00	5	1	0	14	18	82	86	5.5	16.5
Seq7408_200_bp_1_0_2	AAB64315.2	42.86	7	4	0	11	17	69	75	6	15.9
Seq7408_200_bp_1_0_2	ABL74574.1	75.00	4	1	0	10	13	156	159	7.7	15.3
Seq7408_200_bp_1_0_2	ACH70904.1	100.00	3	0	0	5	7	1	3	9.5	15.3
Seq7408_200_bp_1_0_2	AAA65607.1	41.67	12	7	0	6	17	34	45	9.7	15.3
Seq7408_200_bp_1_1_0	AAB26998.1	83.33	6	1	0	5	10	74	79	0.013	21.7
Seq7408_200_bp_1_1_0	BAA32018.1	71.43	7	2	0	1	7	421	427	0.18	21.0
Seq7408_200_bp_1_1_0	AAA36565.1	33.33	9	6	0	1	9	154	162	0.87	16.7
Seq7408_200_bp_1_1_0	AAX12058.1	80.00	5	1	0	2	6	154	158	0.88	17.4
Seq7408_200_bp_1_1_0	CAA04196.1	66.67	6	2	0	4	9	353	358	3.5	16.0
Seq7408_200_bp_1_1_0	AAC97205.1	60.00	5	2	0	5	9	717	721	6.2	16.7
Seq7408_200_bp_1_1_0	AAA72732.1	44.44	9	5	0	2	10	136	144	6.7	14.6
Seq7408_200_bp_1_1_0	AAR31603.1	50.00	6	3	0	1	6	42	47	7.1	14.6
Seq7408_200_bp_1_1_0	AAB64315.2	44.44	9	5	0	2	10	243	251	7.1	14.6
Seq7408_200_bp_1_1_0	AAX84812.1	57.14	7	3	0	3	9	143	149	8	13.9
Seq7408_200_bp_1_1_0	AAC78721.1	50.00	6	3	0	5	10	80	85	8.7	15.3
Seq7408_200_bp_1_1_0	AAA26915.1	60.00	5	2	0	6	10	426	430	9.8	14.6
Seq7408_200_bp_1_1_1	EDO47375.1	55.56	9	4	0	2	10	146	154	0.088	20.6
Seq7408_200_bp_1_1_1	EDO47375.1	44.44	9	5	0	4	12	176	184	0.14	19.9
Seq7408_200_bp_1_1_1	AAB26998.1	66.67	6	2	0	1	6	74	79	0.62	16.5
Seq7408_200_bp_1_1_1	AAA42531.1	66.67	6	2	0	7	12	153	158	0.74	18.6
Seq7408_200_bp_1_1_1	AAR37016.1	62.50	8	3	0	6	13	1782	1789	1.1	20.6
Seq7408_200_bp_1_1_1	AAC97205.1	50.00	8	4	0	3	10	869	876	1.5	19.2
Seq7408_200_bp_1_1_1	BAA32956.1	50.00	10	5	0	1	10	203	212	1.6	16.5
Seq7408_200_bp_1_1_1	AAA32376.1	100.00	4	0	0	6	9	125	128	2.1	15.9
Seq7408_200_bp_1_1_1	BAA32991.1	40.00	5	3	0	9	13	5	9	2.2	14.5
Seq7408_200_bp_1_1_1	BAA32018.1	45.45	11	6	0	2	12	228	238	3	17.2
Seq7408_200_bp_1_1_1	AAI27517.1	45.45	11	6	0	2	12	310	320	4.5	16.5
Seq7408_200_bp_1_1_1	AAA25966.1	36.36	11	7	0	1	11	446	456	5.4	16.5
Seq7408_200_bp_1_1_1	ABL74574.1	40.00	5	3	0	7	11	42	46	5.6	15.2
Seq7408_200_bp_1_1_1	AAC17860.1	75.00	4	1	0	4	7	326	329	7.7	15.2
Seq7408_200_bp_1_1_1	AAC78721.1	50.00	8	4	0	4	11	146	153	7.9	15.9
Seq7408_200_bp_1_1_1	AAA26915.1	42.86	7	4	0	2	8	426	432	8.7	15.2
Seq7408_200_bp_1_1_1	AAB96524.1	36.36	11	7	0	1	11	147	157	8.9	13.8
Seq7408_200_bp_1_1_2	BAA32991.1	37.50	8	5	0	3	10	29	36	0.00094	25.3
Seq7408_200_bp_1_1_2	BAA32991.1	60.00	5	2	0	5	9	57	61	0.21	17.5
Seq7408_200_bp_1_1_2	ABL74574.1	75.00	4	1	0	7	10	115	118	0.17	19.9
Seq7408_200_bp_1_1_2	ABL74574.1	50.00	6	3	0	2	7	40	45	0.51	18.3
Seq7408_200_bp_1_1_2	EDO47375.1	37.50	8	5	0	1	8	148	155	0.19	19.1
Seq7408_200_bp_1_1_2	EDO47375.1	75.00	4	1	0	1	4	76	79	0.33	18.3
Seq7408_200_bp_1_1_2	AAC97205.1	50.00	6	3	0	5	10	738	743	0.43	20.6
Seq7408_200_bp_1_1_2	AAC97205.1	100.00	3	0	0	1	3	525	527	0.74	19.9
Seq7408_200_bp_1_1_2	AAC97205.1	75.00	4	1	0	7	10	788	791	0.74	19.9
Seq7408_200_bp_1_1_2	AAX12058.1	66.67	3	1	0	4	6	131	133	0.48	18.3
Seq7408_200_bp_1_1_2	CAA45199.1	50.00	4	2	0	3	6	459	462	0.49	19.1
Seq7408_200_bp_1_1_2	ABD33854.1	100.00	2	0	0	7	8	47	48	0.57	16.0
Seq7408_200_bp_1_1_2	BAA32018.1	40.00	5	3	0	5	9	169	173	0.64	19.1
Seq7408_200_bp_1_1_2	AAA24142.1	50.00	4	2	0	7	10	210	213	1.4	17.5
Seq7408_200_bp_1_1_2	AAQ92751.2	66.67	3	1	0	5	7	320	322	1.4	19.1
Seq7408_200_bp_1_1_2	AAA36565.1	42.86	7	4	0	4	10	128	134	1.5	16.0
Seq7408_200_bp_1_1_2	AAH69556.1	66.67	3	1	0	3	5	214	216	1.6	16.8
Seq7408_200_bp_1_1_2	BAA32956.1	66.67	3	1	0	1	3	12	14	1.8	16.0
Seq7408_200_bp_1_1_2	AAA42531.1	50.00	6	3	0	3	8	221	226	2	16.8
Seq7408_200_bp_1_1_2	AAC78721.1	44.44	9	5	0	1	9	139	147	2	17.5
Seq7408_200_bp_1_1_2	AAX84812.1	100.00	2	0	0	7	8	107	108	2	16.0
Seq7408_200_bp_1_1_2	CAA04196.1	60.00	5	2	0	3	7	257	261	2.1	16.8
Seq7408_200_bp_1_1_2	AAR37016.1	75.00	4	1	0	3	6	2249	2252	2.4	19.1
Seq7408_200_bp_1_1_2	CAA74140.1	66.67	3	1	0	4	6	645	647	2.8	17.5
Seq7408_200_bp_1_1_2	CAA26230.1	40.00	5	3	0	4	8	338	342	2.8	16.8
Seq7408_200_bp_1_1_2	ABD49687.1	50.00	4	2	0	3	6	967	970	3	18.3
Seq7408_200_bp_1_1_2	ACT10338.1	100.00	3	0	0	8	10	146	148	3.4	16.0
Seq7408_200_bp_1_1_2	AAC17860.1	50.00	6	3	0	5	10	98	103	3.5	16.0
Seq7408_200_bp_1_1_2	AAA25966.1	66.67	7	2	1	1	6	317	323	3.6	16.8
Seq7408_200_bp_1_1_2	AII71783.1	100.00	2	0	0	3	4	268	269	4.5	15.2
Seq7408_200_bp_1_1_2	AAA72732.1	100.00	2	0	0	3	4	264	265	4.6	15.2
Seq7408_200_bp_1_1_2	AAA23282.1	50.00	8	4	0	2	9	346	353	4.8	16.0
Seq7408_200_bp_1_1_2	AAB26998.1	100.00	2	0	0	1	2	27	28	5.7	12.9
Seq7408_200_bp_1_1_2	AAA32624.1	50.00	4	2	0	5	8	302	305	7.5	15.2
Seq7408_200_bp_1_1_2	AAB64315.2	50.00	4	2	0	4	7	241	244	8	14.4
Seq7408_200_bp_1_1_2	ACH70904.1	37.50	8	5	0	1	8	143	150	8.7	14.4
Seq7408_200_bp_1_1_2	AAA65607.1	50.00	4	2	0	1	4	76	79	8.9	14.4
Seq7408_200_bp_1_1_2	ABK71357.1	40.00	5	3	0	2	6	172	176	9	14.4
Seq7408_200_bp_1_2_0	AAB03707.1	100.00	37	0	0	1	37	635	671	2.9e-23	96.4
Seq7408_200_bp_1_2_0	AAA24969.1	46.88	33	17	1	6	37	729	761	2.3e-05	37.0
Seq7408_200_bp_1_2_0	CAA11507.1	30.77	26	18	0	12	37	694	719	0.3	23.2
Seq7408_200_bp_1_2_0	AAA18786.1	50.00	10	5	0	1	10	81	90	1	19.1
Seq7408_200_bp_1_2_0	CAA04196.1	37.50	16	10	0	10	25	214	229	2.2	18.6
Seq7408_200_bp_1_2_0	ABL74574.1	55.56	9	4	0	25	33	126	134	2.8	17.7
Seq7408_200_bp_1_2_0	CAA73529.1	35.29	17	11	0	10	26	53	69	3.6	17.3
Seq7408_200_bp_1_2_0	AAA72732.1	50.00	10	5	0	1	10	291	300	4.1	17.3
Seq7408_200_bp_1_2_0	AAA32376.1	71.43	7	2	0	25	31	30	36	5.8	15.9
Seq7408_200_bp_1_2_0	ABG75784.1	60.00	10	4	0	26	35	77	86	7.5	16.3
Seq7408_200_bp_1_2_0	BAA32991.1	25.71	36	26	1	3	37	17	52	8.1	14.0
Seq7408_200_bp_1_2_0	AAC08817.1	21.43	14	11	0	24	37	50	63	10	15.0
Seq7408_200_bp_1_2_1	AAB03707.1	100.00	28	0	0	1	28	673	700	4.1e-17	75.5
Seq7408_200_bp_1_2_1	AAB03707.1	64.29	14	5	0	2	15	391	404	0.1	24.4
Seq7408_200_bp_1_2_1	AIR13712.1	34.78	23	15	0	3	25	229	251	1.2	18.8
Seq7408_200_bp_1_2_1	AAA24969.1	38.46	28	16	2	1	28	763	788	3.9	19.2
Seq7408_200_bp_1_2_1	AAA24142.1	37.50	16	10	0	6	21	101	116	7.7	16.4
Seq7408_200_bp_1_2_1	AAA65607.1	29.41	17	12	0	10	26	284	300	8.6	15.9
Seq7408_200_bp_-1_0_0	CAA73529.1	40.91	22	13	0	2	23	75	96	0.075	22.5
Seq7408_200_bp_-1_0_0	CAA45199.1	60.00	10	4	0	2	11	285	294	1.3	19.1
Seq7408_200_bp_-1_0_0	AAA36565.1	45.45	11	6	0	17	27	54	64	1.5	17.4
Seq7408_200_bp_-1_0_0	AAB26998.1	50.00	6	3	0	5	10	9	14	2.3	15.7
Seq7408_200_bp_-1_0_0	BAA32956.1	42.86	7	4	0	17	23	6	12	2.8	16.8
Seq7408_200_bp_-1_0_0	AAF01122.1	50.00	8	4	0	1	8	157	164	3.4	17.4
Seq7408_200_bp_-1_0_0	AAC97205.1	27.27	11	8	0	18	28	1079	1089	3.5	19.1
Seq7408_200_bp_-1_0_0	CAA04196.1	55.56	9	4	0	12	20	254	262	3.8	17.4
Seq7408_200_bp_-1_0_0	AAB64315.2	50.00	10	5	0	18	27	69	78	4.4	16.8
Seq7408_200_bp_-1_0_0	AAR37016.1	44.44	9	5	0	19	27	886	894	4.4	19.7
Seq7408_200_bp_-1_0_0	CAA26230.1	36.36	23	14	1	2	23	361	383	5	17.4
Seq7408_200_bp_-1_0_0	AAA24969.1	38.46	13	8	0	5	17	1505	1517	6.2	18.5
Seq7408_200_bp_-1_0_0	ABN10845.1	38.46	13	8	0	4	16	189	201	6.2	15.7
Seq7408_200_bp_-1_0_0	BAA32991.1	75.00	4	1	0	21	24	46	49	6.3	14.0
Seq7408_200_bp_-1_0_0	AAA42531.1	27.27	11	8	0	18	28	199	209	7.4	16.3
Seq7408_200_bp_-1_0_0	AAB03707.1	44.44	9	5	0	5	13	523	531	8.1	18.0
Seq7408_200_bp_-1_0_0	AAH69556.1	30.77	13	9	0	14	26	38	50	8.5	15.7
Seq7408_200_bp_-1_0_0	AAC78721.1	54.55	12	5	1	7	17	240	251	8.6	16.8
Seq7408_200_bp_-1_0_0	AAA26915.1	50.00	8	4	0	4	11	128	135	8.8	16.3
Seq7408_200_bp_-1_0_0	BAB70780.1	71.43	7	2	0	16	22	333	339	9.1	16.3
Seq7408_200_bp_-1_0_0	ABD49687.1	50.00	8	4	0	20	27	617	624	9.9	18.0
Seq7408_200_bp_-1_0_1	AAC17860.1	46.15	13	7	0	3	15	101	113	1.7	18.9
Seq7408_200_bp_-1_0_1	AAA72732.1	28.12	32	23	0	1	32	194	225	1.9	18.4
Seq7408_200_bp_-1_0_1	AAA42531.1	31.58	19	13	0	10	28	229	247	2.3	18.4
Seq7408_200_bp_-1_0_1	CAA73529.1	34.78	23	15	0	2	24	51	73	3.4	17.4
Seq7408_200_bp_-1_0_1	AAA18786.1	36.36	23	14	1	5	26	159	181	4.6	16.8
Seq7408_200_bp_-1_0_1	AAA24969.1	38.46	28	16	2	6	31	545	572	6.2	18.9
Seq7408_200_bp_-1_0_1	ABK71357.1	37.50	17	10	1	14	30	316	331	6.3	16.8
Seq7408_200_bp_-1_0_1	BAB17681.1	31.25	16	11	0	13	28	240	255	6.7	16.3
Seq7408_200_bp_-1_0_1	ABD33854.1	35.00	20	13	0	6	25	32	51	9.1	13.7
Seq7408_200_bp_-1_0_1	ABD49687.1	60.00	10	4	0	23	32	1646	1655	9.7	18.4
Seq7408_200_bp_-1_1_0	AAH69556.1	41.67	12	7	0	2	13	176	187	0.096	21.6
Seq7408_200_bp_-1_1_0	AAR37016.1	40.00	15	9	0	4	18	622	636	1.8	20.4
Seq7408_200_bp_-1_1_0	EDO47375.1	40.00	10	6	0	7	16	114	123	1.9	16.6
Seq7408_200_bp_-1_1_0	AAA65607.1	71.43	7	2	0	12	18	36	42	3.7	16.6
Seq7408_200_bp_-1_1_0	CAA26230.1	38.89	18	11	0	1	18	10	27	5.6	16.6
Seq7408_200_bp_-1_1_0	AAA42531.1	50.00	8	4	0	5	12	106	113	5.9	16.0
Seq7408_200_bp_-1_1_0	AAB64315.2	55.56	9	4	0	3	11	249	257	7.7	15.3
Seq7408_200_bp_-1_1_0	AAA32624.1	40.00	15	9	0	2	16	362	376	7.9	16.0
Seq7408_200_bp_-1_1_0	AAB03707.1	66.67	6	2	0	1	6	687	692	8.6	17.2
Seq7408_200_bp_-1_1_0	AAA45888.1	50.00	8	4	0	8	15	57	64	8.8	15.3
Seq7408_200_bp_-1_1_0	AAA36565.1	50.00	8	4	0	5	12	80	87	9.2	14.1
Seq7408_200_bp_-1_1_1	AAR31603.1	35.29	17	11	0	1	17	297	313	0.052	22.6
Seq7408_200_bp_-1_1_1	AAA25966.1	54.55	11	5	0	3	13	31	41	0.6	20.3
Seq7408_200_bp_-1_1_1	AEE27845.1	85.71	7	1	0	12	18	668	674	0.76	20.9
Seq7408_200_bp_-1_1_1	ABG75784.1	35.71	14	9	0	1	14	262	275	2	17.3
Seq7408_200_bp_-1_1_1	BAA32956.1	54.55	11	5	0	1	11	168	178	3.1	16.1
Seq7408_200_bp_-1_1_1	ABN10845.1	50.00	8	4	0	8	15	126	133	3.2	16.1
Seq7408_200_bp_-1_1_1	BAB17681.1	41.67	12	7	0	1	12	146	157	5.9	15.5
Seq7408_200_bp_-1_1_1	AAA32376.1	57.14	7	3	0	10	16	109	115	8.4	14.3
Seq7408_200_bp_-1_1_1	ABL74574.1	50.00	10	5	0	5	14	254	263	9.2	14.9
Seq7408_200_bp_-1_1_1	AAA26915.1	38.46	13	8	0	5	17	425	437	9.7	15.5
Seq7408_200_bp_-1_1_2	BAB17681.1	57.14	7	3	0	4	10	62	68	0.04	21.9
Seq7408_200_bp_-1_1_2	AAB26998.1	75.00	4	1	0	4	7	33	36	0.79	15.8
Seq7408_200_bp_-1_1_2	AAA65607.1	50.00	6	3	0	4	9	73	78	0.9	17.8
Seq7408_200_bp_-1_1_2	ABK71357.1	60.00	5	2	0	6	10	73	77	0.92	17.8
Seq7408_200_bp_-1_1_2	AAC97205.1	40.00	10	6	0	1	10	271	280	1.2	19.2
Seq7408_200_bp_-1_1_2	CAA74140.1	62.50	8	3	0	3	10	933	940	2.3	17.8
Seq7408_200_bp_-1_1_2	AAI27517.1	100.00	3	0	0	6	8	4	6	2.3	17.1
Seq7408_200_bp_-1_1_2	CAA43372.1	75.00	4	1	0	7	10	247	250	2.6	16.5
Seq7408_200_bp_-1_1_2	CAA11507.1	66.67	6	2	0	1	6	853	858	3.3	17.8
Seq7408_200_bp_-1_1_2	AAR37016.1	80.00	5	1	0	6	10	62	66	3.5	18.5
Seq7408_200_bp_-1_1_2	AAA24969.1	62.50	8	3	0	3	10	66	73	3.7	17.8
Seq7408_200_bp_-1_1_2	BAB70780.1	33.33	6	4	0	4	9	162	167	4.7	15.8
Seq7408_200_bp_-1_1_2	ACT10338.1	50.00	6	3	0	4	9	290	295	6	15.1
Seq7408_200_bp_-1_1_2	AAA18786.1	66.67	6	2	0	1	6	212	217	6.6	14.4
Seq7408_200_bp_-1_1_2	AAA24142.1	37.50	8	5	0	2	9	403	410	6.9	15.1
Seq7408_200_bp_-1_1_2	ABD49687.1	30.00	10	7	0	1	10	644	653	10	16.5
Seq7408_200_bp_-1_2_0	AAA23282.1	83.33	6	1	0	2	7	559	564	0.098	22.7
Seq7408_200_bp_-1_2_0	AAB03707.1	60.00	10	4	0	6	15	1139	1148	0.55	21.5
Seq7408_200_bp_-1_2_0	AAR31603.1	33.33	12	8	0	5	16	133	144	1.1	18.4
Seq7408_200_bp_-1_2_0	CAA73529.1	50.00	8	4	0	4	11	209	216	1.4	17.8
Seq7408_200_bp_-1_2_0	CAA45199.1	100.00	4	0	0	1	4	448	451	1.5	18.4
Seq7408_200_bp_-1_2_0	ABD33854.1	40.00	5	3	0	16	20	57	61	2.6	14.7
Seq7408_200_bp_-1_2_0	AAA42531.1	50.00	6	3	0	15	20	301	306	2.9	17.2
Seq7408_200_bp_-1_2_0	AAA24969.1	45.45	11	6	0	7	17	846	856	3.2	19.0
Seq7408_200_bp_-1_2_0	AAA24142.1	30.77	13	9	0	3	15	435	447	3.4	17.2
Seq7408_200_bp_-1_2_0	AAA32624.1	44.44	9	5	0	9	17	309	317	3.9	17.2
Seq7408_200_bp_-1_2_0	ABS38337.1	35.71	14	9	0	6	19	273	286	4.1	18.4
Seq7408_200_bp_-1_2_0	AAA45888.1	60.00	5	2	0	14	18	97	101	4.3	16.6
Seq7408_200_bp_-1_2_0	CAA04196.1	50.00	8	4	0	4	11	368	375	4.7	16.6
Seq7408_200_bp_-1_2_0	AAR37016.1	35.71	14	9	0	2	15	1193	1206	4.9	19.0
Seq7408_200_bp_-1_2_0	ABK71357.1	36.36	11	7	0	8	18	164	174	9.3	15.4
Seq7408_200_bp_-1_2_1	BAB17681.1	50.00	10	5	0	6	15	148	157	0.42	19.4
Seq7408_200_bp_-1_2_1	AAR31603.1	53.85	15	6	2	1	15	77	89	0.51	19.4
Seq7408_200_bp_-1_2_1	CAA45199.1	41.67	12	7	0	5	16	142	153	0.72	19.4
Seq7408_200_bp_-1_2_1	AAA36565.1	36.36	11	7	0	5	15	73	83	0.8	17.8
Seq7408_200_bp_-1_2_1	AAF01122.1	36.36	11	7	0	8	18	368	378	2.6	17.2
Seq7408_200_bp_-1_2_1	CAA43372.1	66.67	6	2	0	12	17	401	406	2.8	17.2
Seq7408_200_bp_-1_2_1	AAH69556.1	50.00	10	5	0	4	13	289	298	3.1	16.7
Seq7408_200_bp_-1_2_1	AAR37016.1	35.71	14	9	0	1	14	159	172	3.5	19.4
Seq7408_200_bp_-1_2_1	AAB26998.1	50.00	6	3	0	9	14	25	30	3.6	14.5
Seq7408_200_bp_-1_2_1	ABD49687.1	100.00	4	0	0	14	17	1337	1340	3.8	18.9
Seq7408_200_bp_-1_2_1	ABD33854.1	50.00	8	4	0	11	18	47	54	4.2	13.9
Seq7408_200_bp_-1_2_1	AAQ92751.2	40.00	15	9	0	5	19	1065	1079	4.4	18.3
Seq7408_200_bp_-1_2_1	AAC78721.1	38.46	15	8	2	7	19	79	93	4.6	17.2
Seq7408_200_bp_-1_2_1	AAI27517.1	57.14	7	3	0	1	7	570	576	5.8	16.7
Seq7408_200_bp_-1_2_1	BAA32956.1	60.00	5	2	0	14	18	158	162	6.4	15.0
Seq7408_200_bp_-1_2_1	BAA32991.1	37.50	8	5	0	9	16	4	11	6.5	13.4
Seq7408_200_bp_-1_2_1	AAA42531.1	45.45	11	6	0	1	11	189	199	8	15.6
Seq7408_200_bp_-1_2_1	ACT10338.1	50.00	8	4	0	6	13	57	64	8	15.6
Seq7408_200_bp_-1_2_2	AAR37016.1	60.00	10	4	0	1	10	366	375	0.16	23.5
Seq7408_200_bp_-1_2_2	EDO47375.1	66.67	6	2	0	8	13	38	43	2.8	15.7
Seq7408_200_bp_-1_2_2	ABD33854.1	71.43	7	2	0	6	12	8	14	3.2	13.9
Seq7408_200_bp_-1_2_2	AAA18786.1	33.33	9	6	0	2	10	194	202	3.9	15.7
Seq7408_200_bp_-1_2_2	CAA04196.1	80.00	5	1	0	3	7	36	40	4	16.3
Seq7408_200_bp_-1_2_2	AAH69556.1	50.00	8	4	0	1	8	260	267	4.4	15.7
Seq7408_200_bp_-1_2_2	AEE27845.1	41.67	12	7	0	1	12	609	620	5.7	17.5
Seq7408_200_bp_-1_2_2	CAA26230.1	30.00	10	7	0	4	13	542	551	7.8	15.7
