Seq7527_245_bp_1_0_0	ABD49687.1	35.29	17	11	0	8	24	316	332	0.39	22.8
Seq7527_245_bp_1_0_0	BAB70780.1	33.33	15	10	0	8	22	205	219	2.1	18.4
Seq7527_245_bp_1_0_0	AAA72732.1	40.00	10	6	0	17	26	263	272	2.9	17.4
Seq7527_245_bp_1_0_0	BAA32991.1	50.00	6	3	0	14	19	61	66	5.8	14.1
Seq7527_245_bp_1_0_0	AAC78721.1	45.45	11	6	0	7	17	432	442	6.1	17.4
Seq7527_245_bp_1_0_0	AAA25966.1	26.67	15	11	0	12	26	478	492	6.5	17.4
Seq7527_245_bp_1_0_0	ABD33854.1	16.67	18	15	0	8	25	25	42	7.7	13.6
Seq7527_245_bp_1_0_0	ABL74574.1	33.33	9	6	0	20	28	27	35	7.8	15.8
Seq7527_245_bp_1_0_0	CAA11507.1	37.50	16	10	0	13	28	453	468	8.3	17.9
Seq7527_245_bp_1_0_0	CAA45199.1	28.57	14	10	0	10	23	198	211	8.7	16.3
Seq7527_245_bp_1_0_1	BAB17681.1	57.14	7	3	0	2	8	169	175	2	16.7
Seq7527_245_bp_1_0_1	AAA24142.1	42.86	7	4	0	5	11	376	382	3.2	16.7
Seq7527_245_bp_1_0_1	AEE27845.1	71.43	7	2	0	8	14	1307	1313	3.8	18.1
Seq7527_245_bp_1_0_1	ACT10338.1	44.44	9	5	0	6	14	61	69	4.4	16.1
Seq7527_245_bp_1_0_1	ABD49687.1	50.00	14	7	0	1	14	724	737	4.6	18.1
Seq7527_245_bp_1_0_1	CAA04196.1	37.50	8	5	0	7	14	213	220	4.7	16.1
Seq7527_245_bp_1_0_1	BAB70780.1	50.00	8	4	0	6	13	141	148	5.4	16.1
Seq7527_245_bp_1_0_1	CAA11507.1	100.00	5	0	0	2	6	437	441	5.9	17.4
Seq7527_245_bp_1_0_1	ABD33854.1	50.00	4	2	0	11	14	38	41	7.6	12.6
Seq7527_245_bp_1_0_1	AAQ92751.2	62.50	8	3	0	7	14	1215	1222	9.3	16.7
Seq7527_245_bp_1_0_2	AAB26998.1	31.25	16	11	0	3	18	29	44	1.4	16.5
Seq7527_245_bp_1_0_2	AAC08817.1	75.00	4	1	0	10	13	3	6	2	17.1
Seq7527_245_bp_1_0_2	AAI27517.1	50.00	10	5	0	1	10	403	412	2.3	18.7
Seq7527_245_bp_1_0_2	AAA23282.1	54.55	11	5	0	12	22	481	491	3.2	18.2
Seq7527_245_bp_1_0_2	ABK71357.1	83.33	6	1	0	2	7	71	76	4.5	17.1
Seq7527_245_bp_1_0_2	AAC17860.1	75.00	4	1	0	9	12	313	316	4.9	17.1
Seq7527_245_bp_1_0_2	ABL74574.1	60.00	10	4	0	13	22	253	262	5.1	16.5
Seq7527_245_bp_1_0_2	AAA25966.1	66.67	6	2	0	12	17	683	688	5.8	17.6
Seq7527_245_bp_1_0_2	AAR37016.1	37.50	16	10	0	14	29	543	558	6	19.3
Seq7527_245_bp_1_0_2	AAA32624.1	50.00	6	3	0	11	16	481	486	6.2	17.1
Seq7527_245_bp_1_0_2	CAA73529.1	66.67	6	2	0	18	23	180	185	6.9	16.0
Seq7527_245_bp_1_0_2	BAA32018.1	37.50	16	10	0	4	19	45	60	7.3	17.1
Seq7527_245_bp_1_0_2	AAA24142.1	27.27	11	8	0	20	30	246	256	7.7	16.5
Seq7527_245_bp_1_0_2	CAA45199.1	42.86	7	4	0	13	19	348	354	8	16.5
Seq7527_245_bp_1_0_2	BAB17681.1	28.57	7	5	0	12	18	37	43	9.9	15.4
Seq7527_245_bp_1_1_0	AAH69556.1	100.00	81	0	0	1	81	168	248	1.4e-62	226.0
Seq7527_245_bp_1_1_0	AAH69556.1	25.00	72	54	0	1	72	69	140	0.12	23.5
Seq7527_245_bp_1_1_0	ABN10845.1	25.00	20	15	0	40	59	69	88	1	19.9
Seq7527_245_bp_1_1_0	CAA26230.1	46.67	16	8	1	12	27	186	200	1.9	20.4
Seq7527_245_bp_1_1_0	AAA72732.1	50.00	16	7	2	6	19	298	313	2.1	19.4
Seq7527_245_bp_1_1_0	ABG75784.1	60.00	10	4	0	17	26	134	143	2.1	19.4
Seq7527_245_bp_1_1_0	AAI27517.1	29.63	27	19	0	15	41	135	161	2.8	19.9
Seq7527_245_bp_1_1_0	AAB26998.1	54.55	11	5	0	2	12	9	19	3.2	16.7
Seq7527_245_bp_1_1_0	ACH70904.1	40.00	16	9	1	33	48	326	340	3.5	18.8
Seq7527_245_bp_1_1_0	AAC78721.1	53.33	16	7	1	24	38	472	487	4.5	19.4
Seq7527_245_bp_1_1_0	BAB70780.1	36.36	11	7	0	17	27	185	195	4.6	18.8
Seq7527_245_bp_1_1_0	CAA73529.1	66.67	9	3	0	1	9	120	128	5.4	17.8
Seq7527_245_bp_1_1_0	AAA23282.1	32.14	29	19	1	37	65	141	168	5.4	18.8
Seq7527_245_bp_1_1_0	AAC97205.1	40.91	22	13	0	25	46	128	149	8	19.4
Seq7527_245_bp_1_1_0	ABS38337.1	31.25	16	11	0	31	46	313	328	8.3	19.4
Seq7527_245_bp_1_1_0	AII71783.1	41.67	12	7	0	27	38	33	44	8.4	17.3
Seq7527_245_bp_1_1_0	BAB79260.1	35.71	14	9	0	56	69	29	42	8.6	17.8
Seq7527_245_bp_1_1_0	AAQ92751.2	53.33	17	7	2	35	49	233	249	8.9	19.4
Seq7527_245_bp_1_1_0	AAX84812.1	54.55	14	5	3	62	72	30	43	9	16.7
Seq7527_245_bp_1_2_0	AAH69556.1	71.43	7	2	0	3	9	267	273	1.2	17.1
Seq7527_245_bp_1_2_0	AAA23282.1	55.56	9	4	0	1	9	348	356	1.5	17.7
Seq7527_245_bp_1_2_0	BAB79260.1	71.43	7	2	0	2	8	59	65	1.8	17.1
Seq7527_245_bp_1_2_0	AAA42531.1	44.44	9	5	0	2	10	200	208	3.7	15.8
Seq7527_245_bp_1_2_0	AAX12058.1	50.00	8	4	0	3	10	266	273	4	15.2
Seq7527_245_bp_1_2_0	AAA24142.1	37.50	8	5	0	1	8	284	291	4.2	15.8
Seq7527_245_bp_1_2_0	CAA45199.1	57.14	7	3	0	1	7	312	318	4.4	15.8
Seq7527_245_bp_1_2_0	BAB70780.1	83.33	6	1	0	5	10	181	186	4.5	15.8
Seq7527_245_bp_1_2_0	AAR31603.1	42.86	7	4	0	1	7	200	206	4.8	15.2
Seq7527_245_bp_1_2_0	ACH70904.1	66.67	6	2	0	4	9	27	32	5.2	15.2
Seq7527_245_bp_1_2_0	CAA43372.1	66.67	6	2	0	3	8	99	104	5.9	15.2
Seq7527_245_bp_1_2_0	AAQ92751.2	57.14	7	3	0	1	7	764	770	8.1	16.5
Seq7527_245_bp_1_2_0	ACT10338.1	80.00	5	1	0	3	7	376	380	8.4	14.6
Seq7527_245_bp_1_2_0	AAB96524.1	66.67	6	2	0	3	8	95	100	9.5	13.3
Seq7527_245_bp_1_2_0	ABL74574.1	66.67	6	2	0	3	8	46	51	9.6	14.0
Seq7527_245_bp_1_2_1	EDO47375.1	50.00	8	4	0	24	31	123	130	0.15	21.1
Seq7527_245_bp_1_2_1	AAF01122.1	55.56	9	4	0	16	24	191	199	0.31	21.1
Seq7527_245_bp_1_2_1	AAC78721.1	50.00	10	5	0	16	25	545	554	1.2	20.0
Seq7527_245_bp_1_2_1	ABD33854.1	66.67	6	2	0	24	29	59	64	1.3	16.5
Seq7527_245_bp_1_2_1	CAA11507.1	55.56	9	4	0	10	18	1116	1124	1.6	20.5
Seq7527_245_bp_1_2_1	AAR37016.1	28.57	14	10	0	7	20	336	349	1.9	21.1
Seq7527_245_bp_1_2_1	AAC08817.1	100.00	3	0	0	29	31	4	6	2.1	17.1
Seq7527_245_bp_1_2_1	AAA32376.1	44.44	9	5	0	16	24	110	118	2.3	17.1
Seq7527_245_bp_1_2_1	BAA32991.1	66.67	3	1	0	12	14	27	29	3	15.3
Seq7527_245_bp_1_2_1	ABG75784.1	30.00	10	7	0	16	25	1	10	4	17.1
Seq7527_245_bp_1_2_1	CAA73529.1	50.00	8	4	0	18	25	224	231	5.2	16.5
Seq7527_245_bp_1_2_1	AAQ92751.2	50.00	10	5	0	8	17	1053	1062	5.3	18.8
Seq7527_245_bp_1_2_1	AAA72732.1	50.00	8	4	0	2	9	159	166	5.9	16.5
Seq7527_245_bp_1_2_1	AAR31603.1	50.00	11	5	1	4	13	72	82	6.2	16.5
Seq7527_245_bp_1_2_1	AAB64315.2	40.00	10	6	0	23	32	33	42	6.2	16.5
Seq7527_245_bp_1_2_1	AAC97205.1	36.36	11	7	0	2	12	478	488	7	18.2
Seq7527_245_bp_1_2_1	CAA26230.1	100.00	3	0	0	29	31	518	520	7	17.1
Seq7527_245_bp_1_2_1	AAB26998.1	30.00	10	7	0	7	16	20	29	7.2	14.2
Seq7527_245_bp_1_2_1	BAB79260.1	47.37	21	10	2	7	25	319	339	8.3	16.5
Seq7527_245_bp_1_2_1	AII71783.1	57.14	7	3	0	5	11	214	220	8.4	15.9
Seq7527_245_bp_1_2_1	ABN10845.1	28.57	7	5	0	25	31	86	92	8.9	15.3
Seq7527_245_bp_1_2_1	AAA32624.1	33.33	12	8	0	2	13	466	477	9.5	16.5
Seq7527_245_bp_1_2_2	AEE27845.1	41.67	12	7	0	1	12	1004	1015	0.83	20.1
Seq7527_245_bp_1_2_2	AAC78721.1	30.00	10	7	0	3	12	212	221	1.4	18.3
Seq7527_245_bp_1_2_2	ABN10845.1	66.67	6	2	0	1	6	171	176	2.5	15.9
Seq7527_245_bp_1_2_2	ABD49687.1	57.14	7	3	0	2	8	872	878	5.3	17.7
Seq7527_245_bp_1_2_2	CAA73529.1	55.56	9	4	0	4	12	80	88	7	14.6
Seq7527_245_bp_1_2_2	AAB64315.2	42.86	7	4	0	6	12	93	99	8.3	14.6
Seq7527_245_bp_1_2_2	AAF01122.1	60.00	5	2	0	2	6	294	298	9.4	14.6
Seq7527_245_bp_-1_0_0	AAB64315.2	83.33	6	1	0	14	19	321	326	0.32	20.1
Seq7527_245_bp_-1_0_0	AAC78721.1	42.86	14	8	0	4	17	286	299	0.98	19.5
Seq7527_245_bp_-1_0_0	CAA04196.1	55.56	9	4	0	6	14	13	21	2.1	17.7
Seq7527_245_bp_-1_0_0	AAA72732.1	55.56	9	4	0	11	19	190	198	2.4	17.1
Seq7527_245_bp_-1_0_0	CAD53387.1	57.14	7	3	0	6	12	468	474	2.5	17.7
Seq7527_245_bp_-1_0_0	AAB96524.1	66.67	6	2	0	8	13	36	41	4.8	15.3
Seq7527_245_bp_-1_0_0	AAX84812.1	66.67	6	2	0	2	7	192	197	6	15.3
Seq7527_245_bp_-1_0_0	ACT10338.1	40.00	10	6	0	4	13	304	313	6.6	15.9
Seq7527_245_bp_-1_0_0	AAI27517.1	100.00	3	0	0	2	4	166	168	6.6	16.5
Seq7527_245_bp_-1_0_0	BAB17681.1	50.00	8	4	0	3	10	107	114	7	15.3
Seq7527_245_bp_-1_0_0	BAA32956.1	36.36	11	7	0	4	14	105	115	8.1	14.7
Seq7527_245_bp_-1_0_0	ABN10845.1	28.57	7	5	0	8	14	39	45	8.3	14.7
Seq7527_245_bp_-1_0_0	AAA32624.1	55.56	9	4	0	6	14	462	470	8.7	15.9
Seq7527_245_bp_-1_0_0	AAA45888.1	60.00	5	2	0	1	5	172	176	9.5	15.3
Seq7527_245_bp_-1_0_0	AAB03707.1	40.00	10	6	0	9	18	509	518	9.8	17.1
Seq7527_245_bp_-1_0_0	AAQ92751.2	41.67	12	7	0	1	12	1059	1070	9.8	17.1
Seq7527_245_bp_-1_0_1	ACT10338.1	45.45	11	6	0	4	14	122	132	0.4	19.8
Seq7527_245_bp_-1_0_1	AAA42531.1	100.00	3	0	0	14	16	225	227	0.99	18.4
Seq7527_245_bp_-1_0_1	ABK71357.1	62.50	8	3	0	4	11	187	194	1.5	17.8
Seq7527_245_bp_-1_0_1	CAA45199.1	71.43	7	2	0	8	14	166	172	1.9	17.8
Seq7527_245_bp_-1_0_1	CAA04196.1	100.00	3	0	0	13	15	259	261	2.7	17.1
Seq7527_245_bp_-1_0_1	BAA32991.1	45.45	11	6	0	5	15	34	44	2.8	14.4
Seq7527_245_bp_-1_0_1	AAC78721.1	62.50	8	3	0	2	9	565	572	4.2	17.1
Seq7527_245_bp_-1_0_1	AAX12058.1	60.00	5	2	0	9	13	5	9	4.4	15.8
Seq7527_245_bp_-1_0_1	AAA25966.1	41.67	12	7	0	2	13	190	201	4.5	17.1
Seq7527_245_bp_-1_0_1	AAB96524.1	60.00	5	2	0	12	16	25	29	4.7	15.1
Seq7527_245_bp_-1_0_1	AAC97205.1	80.00	5	1	0	11	15	785	789	4.9	17.8
Seq7527_245_bp_-1_0_1	BAA32956.1	60.00	5	2	0	11	15	8	12	5.3	15.1
Seq7527_245_bp_-1_0_1	ABD33854.1	100.00	2	0	0	14	15	47	48	6.4	13.1
Seq7527_245_bp_-1_0_1	AAA36565.1	44.44	9	5	0	1	9	109	117	6.6	14.4
Seq7527_245_bp_-1_0_1	AAB26998.1	75.00	4	1	0	10	13	3	6	7.7	13.1
Seq7527_245_bp_-1_0_1	AAA23282.1	36.36	11	7	0	2	12	174	184	8.7	15.8
Seq7527_245_bp_-1_0_1	AAR37016.1	44.44	9	5	0	1	9	194	202	8.9	17.8
Seq7527_245_bp_-1_0_1	AAA45888.1	66.67	6	2	0	8	13	222	227	9.2	15.1
Seq7527_245_bp_-1_0_1	BAA32018.1	41.67	12	7	0	1	12	254	265	9.5	15.8
Seq7527_245_bp_-1_0_2	CAA11507.1	44.44	9	5	0	2	10	911	919	0.34	21.1
Seq7527_245_bp_-1_0_2	CAA11507.1	40.00	10	6	0	1	10	852	861	0.54	20.5
Seq7527_245_bp_-1_0_2	AAB26998.1	66.67	6	2	0	3	8	3	8	0.74	15.9
Seq7527_245_bp_-1_0_2	AAA45888.1	66.67	6	2	0	5	10	52	57	1.4	17.2
Seq7527_245_bp_-1_0_2	ABD33854.1	14.29	7	6	0	3	9	4	10	1.5	14.6
Seq7527_245_bp_-1_0_2	AAA18786.1	40.00	10	6	0	1	10	185	194	2.5	15.9
Seq7527_245_bp_-1_0_2	ABS38337.1	57.14	7	3	0	1	7	103	109	3	17.9
Seq7527_245_bp_-1_0_2	AAB64315.2	42.86	7	4	0	2	8	224	230	4.7	15.2
Seq7527_245_bp_-1_0_2	AAB03707.1	62.50	8	3	0	1	8	1070	1077	5	17.2
Seq7527_245_bp_-1_0_2	CAA43372.1	33.33	6	4	0	1	6	214	219	5.9	15.2
Seq7527_245_bp_-1_0_2	BAA32018.1	40.00	5	3	0	1	5	261	265	8.7	15.2
Seq7527_245_bp_-1_0_2	AAA32376.1	100.00	4	0	0	5	8	107	110	9.3	13.3
Seq7527_245_bp_-1_0_2	BAB79260.1	80.00	5	1	0	4	8	203	207	9.8	14.6
Seq7527_245_bp_-1_0_3	AAB96524.1	55.56	9	4	0	1	9	61	69	0.15	19.4
Seq7527_245_bp_-1_0_3	AAR37016.1	80.00	5	1	0	1	5	243	247	1.2	20.1
Seq7527_245_bp_-1_0_3	AAF01122.1	100.00	4	0	0	2	5	127	130	1.2	17.4
Seq7527_245_bp_-1_0_3	CAA73529.1	50.00	6	3	0	2	7	40	45	1.4	16.8
Seq7527_245_bp_-1_0_3	AAC97205.1	42.86	7	4	0	1	7	259	265	2.5	18.1
Seq7527_245_bp_-1_0_3	AAB64315.2	40.00	5	3	0	1	5	121	125	4.1	15.4
Seq7527_245_bp_-1_0_3	ABN10845.1	60.00	5	2	0	1	5	18	22	4.3	14.8
Seq7527_245_bp_-1_0_3	ACH70904.1	50.00	6	3	0	2	7	296	301	4.5	15.4
Seq7527_245_bp_-1_0_3	AAA18786.1	75.00	4	1	0	2	5	89	92	5.2	14.8
Seq7527_245_bp_-1_0_3	AAA24142.1	28.57	7	5	0	1	7	301	307	5.5	15.4
Seq7527_245_bp_-1_0_3	AAX12058.1	66.67	3	1	0	1	3	140	142	8.2	14.1
Seq7527_245_bp_-1_0_3	BAB79260.1	50.00	6	3	0	2	7	395	400	8.5	14.8
Seq7527_245_bp_-1_1_0	AAF01122.1	35.00	20	13	0	18	37	59	78	0.64	20.4
Seq7527_245_bp_-1_1_0	ACT10338.1	50.00	10	5	0	23	32	62	71	1.4	19.3
Seq7527_245_bp_-1_1_0	ABN10845.1	66.67	6	2	0	3	8	107	112	1.6	18.2
Seq7527_245_bp_-1_1_0	AAB26998.1	60.00	5	2	0	10	14	41	45	2.5	16.1
Seq7527_245_bp_-1_1_0	AAA18786.1	36.36	11	7	0	6	16	144	154	2.8	17.7
Seq7527_245_bp_-1_1_0	AAA26915.1	100.00	3	0	0	4	6	435	437	3.4	18.2
Seq7527_245_bp_-1_1_0	AAB96524.1	33.33	15	10	0	26	40	13	27	4.1	16.6
Seq7527_245_bp_-1_1_0	ABK71357.1	32.00	25	17	0	15	39	28	52	5.6	17.2
Seq7527_245_bp_-1_1_0	CAA73529.1	80.00	5	1	0	13	17	198	202	5.9	16.6
Seq7527_245_bp_-1_1_0	ACH70904.1	62.50	8	3	0	18	25	236	243	7.7	16.6
Seq7527_245_bp_-1_1_0	AAH69556.1	45.45	11	6	0	27	37	36	46	9.2	16.1
Seq7527_245_bp_-1_1_0	AAB03707.1	55.56	9	4	0	12	20	496	504	9.5	18.2
Seq7527_245_bp_-1_1_1	AAA18786.1	62.50	8	3	0	27	34	256	263	2.4	17.9
Seq7527_245_bp_-1_1_1	BAA32991.1	75.00	4	1	0	13	16	22	25	4.5	15.0
Seq7527_245_bp_-1_1_1	ABG75784.1	45.45	11	6	0	20	30	258	268	6.1	16.8
Seq7527_245_bp_-1_1_1	ABK71357.1	50.00	10	5	0	26	35	59	68	7.2	16.8
Seq7527_245_bp_-1_1_1	ACT10338.1	80.00	5	1	0	10	14	128	132	7.5	16.8
Seq7527_245_bp_-1_1_1	BAB70780.1	37.50	16	10	0	25	40	99	114	9.2	16.8
Seq7527_245_bp_-1_2_0	EDO47375.1	33.33	15	10	0	10	24	41	55	0.47	19.7
Seq7527_245_bp_-1_2_0	AEE27845.1	33.33	18	12	0	11	28	514	531	0.48	22.6
Seq7527_245_bp_-1_2_0	AAC78721.1	54.55	11	5	0	18	28	310	320	2.3	19.2
Seq7527_245_bp_-1_2_0	ACT10338.1	27.27	22	16	0	3	24	122	143	2.5	18.3
Seq7527_245_bp_-1_2_0	AAX84812.1	29.41	17	12	0	9	25	137	153	2.9	17.3
Seq7527_245_bp_-1_2_0	BAA32991.1	57.14	7	3	0	2	8	16	22	4.3	15.0
Seq7527_245_bp_-1_2_0	AAA25966.1	42.86	14	8	0	22	35	473	486	4.6	18.3
Seq7527_245_bp_-1_2_0	AIR13712.1	33.33	21	14	0	7	27	243	263	5.5	16.9
Seq7527_245_bp_-1_2_0	AAC97205.1	33.33	24	16	0	3	26	37	60	5.6	18.8
Seq7527_245_bp_-1_2_0	CAA45199.1	38.89	18	11	0	17	34	434	451	5.7	17.3
Seq7527_245_bp_-1_2_0	AAA18786.1	27.27	11	8	0	24	34	31	41	6.2	16.4
Seq7527_245_bp_-1_2_0	BAE97662.1	31.03	33	20	4	8	36	399	431	7.1	18.3
Seq7527_245_bp_-1_2_0	AAA36565.1	16.67	18	15	0	3	20	47	64	10	15.0
Seq7527_245_bp_-1_2_1	AEE27845.1	44.44	9	5	0	3	11	698	706	4.8	17.8
Seq7527_245_bp_-1_2_1	ABD33854.1	66.67	3	1	0	4	6	5	7	7.4	12.7
Seq7527_245_bp_-1_2_1	AAR31603.1	50.00	6	3	0	2	7	129	134	7.8	14.9
Seq7527_245_bp_-1_2_1	AAC08817.1	46.15	14	7	1	2	14	63	76	8.5	13.8
Seq7527_245_bp_-1_2_1	AAC17860.1	42.86	7	4	0	2	8	361	367	9.6	14.9
Seq7527_245_bp_-1_2_1	AAB03707.1	41.67	12	7	0	2	13	1360	1371	9.9	16.6
Seq7527_245_bp_-1_2_2	CAA74140.1	61.11	21	7	3	1	18	667	687	0.03	25.6
Seq7527_245_bp_-1_2_2	BAB17681.1	25.00	24	18	0	1	24	208	231	0.09	22.2
Seq7527_245_bp_-1_2_2	AAA45888.1	41.67	12	7	0	8	19	32	43	1.3	18.9
Seq7527_245_bp_-1_2_2	ABD33854.1	58.33	14	5	2	10	21	9	22	3.1	15.0
Seq7527_245_bp_-1_2_2	BAB79260.1	23.08	13	10	0	8	20	92	104	3.2	17.8
Seq7527_245_bp_-1_2_2	CAA26230.1	54.55	11	5	0	11	21	292	302	3.9	17.8
Seq7527_245_bp_-1_2_2	AAA32376.1	50.00	8	4	0	5	12	130	137	5.6	15.5
Seq7527_245_bp_-1_2_2	ABN10845.1	57.14	7	3	0	17	23	191	197	6.9	15.5
Seq7527_245_bp_-1_2_2	CAA43372.1	33.33	15	10	0	13	27	297	311	8.8	16.1
Seq7527_245_bp_-1_2_2	CAA04196.1	15.38	26	22	0	1	26	340	365	8.9	16.1
Seq7527_245_bp_-1_2_2	BAA32018.1	42.86	14	8	0	2	15	397	410	9	16.6
Seq7527_245_bp_-1_2_2	AAH69556.1	27.27	11	8	0	4	14	177	187	9.5	15.5
Seq7527_245_bp_-1_2_2	AAA72732.1	37.50	8	5	0	14	21	241	248	9.7	15.5
