Seq7905_288_bp_1_0_0	BAA32991.1	100.00	49	0	0	1	49	1	49	6e-49	177.8
Seq7905_288_bp_1_0_0	CAA74140.1	46.67	15	8	0	35	49	793	807	0.34	22.9
Seq7905_288_bp_1_0_0	AAI27517.1	42.86	14	8	0	11	24	301	314	0.67	21.2
Seq7905_288_bp_1_0_0	EDO47375.1	80.00	5	1	0	10	14	85	89	6	16.3
Seq7905_288_bp_1_0_0	ABD33854.1	60.00	5	2	0	14	18	59	63	6.3	14.7
Seq7905_288_bp_1_0_0	CAA04196.1	57.14	7	3	0	16	22	381	387	6.3	17.4
Seq7905_288_bp_1_0_0	AAA26915.1	40.00	10	6	0	19	28	388	397	7	17.4
Seq7905_288_bp_1_0_0	AAX84812.1	57.14	7	3	0	5	11	227	233	7.3	16.3
Seq7905_288_bp_1_0_0	AAA25966.1	80.00	5	1	0	9	13	547	551	7.4	18.0
Seq7905_288_bp_1_0_0	AAA32624.1	57.14	7	3	0	30	36	475	481	7.7	17.4
Seq7905_288_bp_1_0_0	AAC97205.1	38.46	13	8	0	21	33	1176	1188	8.5	18.5
Seq7905_288_bp_1_0_1	BAA32991.1	100.00	10	0	0	1	10	51	60	6.1e-09	42.5
Seq7905_288_bp_1_0_1	CAA73529.1	66.67	6	2	0	4	9	65	70	0.45	18.4
Seq7905_288_bp_1_0_1	AAR37016.1	62.50	8	3	0	1	8	2165	2172	1.5	19.8
Seq7905_288_bp_1_0_1	AAA36565.1	75.00	4	1	0	7	10	162	165	1.7	15.7
Seq7905_288_bp_1_0_1	AAC97205.1	75.00	4	1	0	7	10	868	871	2	18.4
Seq7905_288_bp_1_0_1	AAA18786.1	71.43	7	2	0	1	7	71	77	2.7	15.7
Seq7905_288_bp_1_0_1	BAE97662.1	50.00	8	4	0	1	8	483	490	2.9	17.7
Seq7905_288_bp_1_0_1	AAA65607.1	66.67	6	2	0	1	6	15	20	3.7	15.7
Seq7905_288_bp_1_0_1	AAB03707.1	71.43	7	2	0	1	7	1227	1233	5.5	17.1
Seq7905_288_bp_1_0_1	AAA24969.1	57.14	7	3	0	1	7	1189	1195	6	17.1
Seq7905_288_bp_1_0_1	ABD33854.1	100.00	2	0	0	9	10	47	48	6.4	12.4
Seq7905_288_bp_1_0_1	AEE27845.1	66.67	6	2	0	4	9	122	127	8.6	16.4
Seq7905_288_bp_1_1_0	AAA72732.1	66.67	6	2	0	11	16	209	214	2.2	17.0
Seq7905_288_bp_1_1_0	AAC78721.1	80.00	5	1	0	12	16	80	84	3	17.6
Seq7905_288_bp_1_1_0	BAB17681.1	55.56	9	4	0	6	14	200	208	4.5	15.7
Seq7905_288_bp_1_1_0	ABN10845.1	37.50	8	5	0	1	8	174	181	5.6	15.1
Seq7905_288_bp_1_1_0	ACT10338.1	57.14	7	3	0	10	16	107	113	9.6	15.1
Seq7905_288_bp_1_1_1	ABL74574.1	66.67	6	2	0	11	16	58	63	1.7	17.9
Seq7905_288_bp_1_1_1	AAH69556.1	36.84	19	12	0	5	23	1	19	1.8	17.9
Seq7905_288_bp_1_1_1	ABK71357.1	35.29	17	11	0	3	19	255	271	3.1	17.3
Seq7905_288_bp_1_1_1	AAA72732.1	54.55	12	5	1	7	17	78	89	5.4	16.3
Seq7905_288_bp_1_1_1	ABN10845.1	50.00	14	7	0	1	14	185	198	5.4	15.8
Seq7905_288_bp_1_1_1	AAR31603.1	50.00	10	5	0	10	19	18	27	5.6	16.3
Seq7905_288_bp_1_1_1	ACH70904.1	46.15	13	7	0	7	19	274	286	8.7	15.8
Seq7905_288_bp_1_1_2	AAX84812.1	41.67	12	7	0	2	13	2	13	1.3	17.5
Seq7905_288_bp_1_1_2	ABG75784.1	50.00	10	5	0	2	11	256	265	1.8	17.5
Seq7905_288_bp_1_1_2	ABL74574.1	100.00	4	0	0	1	4	152	155	3.5	16.4
Seq7905_288_bp_1_1_2	AAB64315.2	50.00	15	7	1	3	17	260	273	3.9	16.4
Seq7905_288_bp_1_1_2	AAI27517.1	35.29	18	11	1	2	18	32	49	4.8	16.9
Seq7905_288_bp_1_1_2	AIR13712.1	62.50	8	3	0	8	15	88	95	5.7	15.8
Seq7905_288_bp_1_2_0	AAC78721.1	46.15	13	7	0	1	13	239	251	0.35	20.7
Seq7905_288_bp_1_2_0	AAA36565.1	100.00	4	0	0	11	14	165	168	1.8	16.3
Seq7905_288_bp_1_2_0	AAB26998.1	60.00	5	2	0	2	6	11	15	1.8	15.2
Seq7905_288_bp_1_2_0	CAA74140.1	50.00	8	4	0	1	8	451	458	3.2	17.9
Seq7905_288_bp_1_2_0	AAA25966.1	62.50	8	3	0	1	8	693	700	3.6	17.4
Seq7905_288_bp_1_2_0	ABS38337.1	83.33	6	1	0	7	12	644	649	4.3	17.9
Seq7905_288_bp_1_2_0	AAC17860.1	75.00	4	1	0	5	8	316	319	4.3	16.3
Seq7905_288_bp_1_2_0	BAA32956.1	40.00	10	6	0	1	10	96	105	4.7	15.2
Seq7905_288_bp_1_2_0	AAF01122.1	30.77	13	9	0	1	13	288	300	8.2	15.2
Seq7905_288_bp_1_2_0	ABL74574.1	60.00	5	2	0	10	14	156	160	9.1	14.6
Seq7905_288_bp_1_2_0	CAA11507.1	50.00	6	3	0	4	9	924	929	9.4	16.8
Seq7905_288_bp_1_2_1	AAB96524.1	33.33	15	10	0	13	27	168	182	0.54	19.0
Seq7905_288_bp_1_2_1	BAA32018.1	52.94	18	8	1	9	26	166	182	0.87	20.1
Seq7905_288_bp_1_2_1	AAA32624.1	44.44	9	5	0	6	14	419	427	1	19.6
Seq7905_288_bp_1_2_1	ABD49687.1	50.00	19	9	1	9	27	1566	1583	1.2	21.1
Seq7905_288_bp_1_2_1	CAA43372.1	71.43	7	2	0	14	20	280	286	1.2	19.0
Seq7905_288_bp_1_2_1	ABD33854.1	66.67	6	2	0	21	26	28	33	2.3	15.3
Seq7905_288_bp_1_2_1	AAC08817.1	100.00	4	0	0	24	27	44	47	2.9	16.4
Seq7905_288_bp_1_2_1	AAF01122.1	50.00	8	4	0	7	14	286	293	3.2	17.4
Seq7905_288_bp_1_2_1	CAA73529.1	55.56	9	4	0	2	10	42	50	3.3	16.9
Seq7905_288_bp_1_2_1	AAQ92751.2	46.67	17	8	2	9	25	1025	1039	3.9	19.0
Seq7905_288_bp_1_2_1	BAA32991.1	62.50	8	3	0	9	16	54	61	5	14.3
Seq7905_288_bp_1_2_1	ABG75784.1	100.00	4	0	0	24	27	83	86	5.3	16.4
Seq7905_288_bp_1_2_1	AAX84812.1	44.44	9	5	0	17	25	180	188	5.7	15.9
Seq7905_288_bp_1_2_1	AAC97205.1	54.55	11	5	0	16	26	313	323	7	18.0
Seq7905_288_bp_1_2_1	BAA32956.1	36.36	11	7	0	9	19	39	49	7.3	15.3
Seq7905_288_bp_1_2_1	CAA26230.1	50.00	8	4	0	4	11	256	263	9.2	16.4
Seq7905_288_bp_1_2_1	AAI27517.1	66.67	6	2	0	21	26	299	304	9.7	16.4
Seq7905_288_bp_1_2_1	CAA04196.1	57.14	7	3	0	4	10	205	211	9.8	15.9
Seq7905_288_bp_1_2_2	AAI27517.1	50.00	10	5	0	2	11	586	595	1.2	18.3
Seq7905_288_bp_1_2_2	ABG75784.1	44.44	9	5	0	3	11	213	221	2.7	16.2
Seq7905_288_bp_1_2_2	AAA32624.1	83.33	6	1	0	3	8	201	206	4.5	16.2
Seq7905_288_bp_1_2_2	AAA25966.1	50.00	6	3	0	7	12	51	56	6.1	16.2
Seq7905_288_bp_1_2_2	BAB79260.1	33.33	9	6	0	4	12	214	222	6.1	15.6
Seq7905_288_bp_1_2_2	AAA72732.1	75.00	4	1	0	5	8	194	197	6.7	14.9
Seq7905_288_bp_1_2_2	AAA24969.1	100.00	4	0	0	8	11	1281	1284	7.8	16.9
Seq7905_288_bp_1_2_2	AAC17860.1	100.00	4	0	0	3	6	40	43	8.7	14.9
Seq7905_288_bp_-1_0_0	AIR13712.1	100.00	5	0	0	4	8	235	239	0.23	19.6
Seq7905_288_bp_-1_0_0	ABL74574.1	60.00	5	2	0	2	6	80	84	3.6	15.4
Seq7905_288_bp_-1_0_0	ACT10338.1	66.67	6	2	0	3	8	374	379	4.9	15.4
Seq7905_288_bp_-1_0_0	AAA65607.1	44.44	9	5	0	2	10	131	139	6.8	14.8
Seq7905_288_bp_-1_0_0	ABS38337.1	100.00	4	0	0	2	5	505	508	6.8	16.6
Seq7905_288_bp_-1_0_1	AAC97205.1	28.57	28	20	0	1	28	918	945	0.16	24.4
Seq7905_288_bp_-1_0_1	AAF01122.1	75.00	8	2	0	33	40	17	24	0.22	22.2
Seq7905_288_bp_-1_0_1	AAR37016.1	50.00	14	7	0	7	20	2132	2145	0.65	23.3
Seq7905_288_bp_-1_0_1	BAA32018.1	30.77	27	18	1	21	47	428	453	2.4	19.4
Seq7905_288_bp_-1_0_1	ABN10845.1	60.00	10	4	0	39	48	165	174	2.6	17.8
Seq7905_288_bp_-1_0_1	AAA23282.1	33.33	21	14	0	8	28	346	366	3.2	18.9
Seq7905_288_bp_-1_0_1	AAA72732.1	50.00	8	4	0	42	49	119	126	3.7	17.8
Seq7905_288_bp_-1_0_1	AAB64315.2	35.29	17	11	0	4	20	268	284	3.9	17.8
Seq7905_288_bp_-1_0_1	AAX12058.1	71.43	7	2	0	9	15	90	96	4.7	17.3
Seq7905_288_bp_-1_0_1	BAA32991.1	37.50	19	10	3	5	20	33	51	5.3	15.1
Seq7905_288_bp_-1_0_1	AAC78721.1	50.00	10	5	0	32	41	637	646	5.4	18.4
Seq7905_288_bp_-1_0_1	AAA42531.1	46.15	13	7	0	5	17	221	233	6.5	17.3
Seq7905_288_bp_-1_0_1	AAI27517.1	50.00	8	4	0	26	33	175	182	6.8	17.8
Seq7905_288_bp_-1_0_1	AAR31603.1	60.00	12	4	2	13	22	283	294	8	16.7
Seq7905_288_bp_-1_0_1	BAB70780.1	83.33	6	1	0	35	40	450	455	8	17.3
Seq7905_288_bp_-1_1_0	BAA32991.1	66.67	6	2	0	50	55	15	20	1.1	17.6
Seq7905_288_bp_-1_1_0	AAA32376.1	39.13	23	14	0	10	32	37	59	1.4	18.6
Seq7905_288_bp_-1_1_0	ABD49687.1	45.00	21	11	1	34	53	853	873	1.7	21.6
Seq7905_288_bp_-1_1_0	AAC78721.1	71.43	7	2	0	14	20	118	124	1.9	20.1
Seq7905_288_bp_-1_1_0	AAB96524.1	60.00	10	4	0	8	17	6	15	2.1	18.1
Seq7905_288_bp_-1_1_0	AAH69556.1	40.00	20	12	0	16	35	15	34	2.4	18.6
Seq7905_288_bp_-1_1_0	ACT10338.1	50.00	10	5	0	20	29	75	84	4.2	18.1
Seq7905_288_bp_-1_1_0	CAA26230.1	58.33	12	5	0	26	37	284	295	4.3	18.6
Seq7905_288_bp_-1_1_0	AAB64315.2	30.43	24	16	1	10	32	180	203	5	17.6
Seq7905_288_bp_-1_1_0	BAA32956.1	100.00	4	0	0	48	51	133	136	6.3	16.6
Seq7905_288_bp_-1_1_0	CAA74140.1	45.45	11	6	0	15	25	527	537	7	18.6
Seq7905_288_bp_-1_1_0	AAA32624.1	50.00	10	5	0	28	37	250	259	7.8	17.6
Seq7905_288_bp_-1_1_0	ABK71357.1	45.45	11	6	0	2	12	207	217	7.8	17.1
Seq7905_288_bp_-1_1_0	AAC17860.1	43.75	16	9	0	1	16	94	109	8.6	17.1
Seq7905_288_bp_-1_2_0	AAA42531.1	80.00	5	1	0	1	5	222	226	0.022	23.5
Seq7905_288_bp_-1_2_0	AAA24142.1	60.00	5	2	0	2	6	208	212	0.081	21.9
Seq7905_288_bp_-1_2_0	ABD33854.1	75.00	4	1	0	2	5	45	48	0.11	18.5
Seq7905_288_bp_-1_2_0	AAC97205.1	80.00	5	1	0	1	5	1105	1109	0.22	21.9
Seq7905_288_bp_-1_2_0	AAC97205.1	80.00	5	1	0	7	11	268	272	0.4	21.0
Seq7905_288_bp_-1_2_0	BAA32991.1	66.67	3	1	0	4	6	59	61	0.69	16.0
Seq7905_288_bp_-1_2_0	AAA32624.1	33.33	12	8	0	1	12	414	425	0.94	18.5
Seq7905_288_bp_-1_2_0	AAA36565.1	60.00	5	2	0	4	8	164	168	0.95	16.9
Seq7905_288_bp_-1_2_0	AAB64315.2	50.00	6	3	0	7	12	69	74	1.9	16.9
Seq7905_288_bp_-1_2_0	BAA32956.1	66.67	3	1	0	5	7	12	14	2.1	16.0
Seq7905_288_bp_-1_2_0	BAB79260.1	57.14	7	3	0	4	10	326	332	2.5	16.9
Seq7905_288_bp_-1_2_0	ABD49687.1	50.00	6	3	0	2	7	500	505	3	18.5
Seq7905_288_bp_-1_2_0	EDO47375.1	100.00	2	0	0	4	5	154	155	3.3	15.2
Seq7905_288_bp_-1_2_0	AAA65607.1	75.00	4	1	0	1	4	341	344	3.6	16.0
Seq7905_288_bp_-1_2_0	AAX84812.1	100.00	2	0	0	4	5	107	108	4	15.2
Seq7905_288_bp_-1_2_0	CAA04196.1	66.67	3	1	0	3	5	259	261	4.1	16.0
Seq7905_288_bp_-1_2_0	CAA73529.1	66.67	3	1	0	2	4	213	215	4.8	15.2
Seq7905_288_bp_-1_2_0	BAB17681.1	40.00	10	6	0	3	12	173	182	4.8	15.2
Seq7905_288_bp_-1_2_0	ABL74574.1	100.00	2	0	0	4	5	115	116	5	15.2
Seq7905_288_bp_-1_2_0	BAA32018.1	42.86	7	4	0	2	8	83	89	6.1	16.0
Seq7905_288_bp_-1_2_0	AAF01122.1	66.67	3	1	0	2	4	116	118	6.4	15.2
Seq7905_288_bp_-1_2_0	ABN10845.1	100.00	3	0	0	7	9	117	119	6.6	14.4
Seq7905_288_bp_-1_2_0	AAQ92751.2	66.67	6	2	0	6	11	28	33	7.4	16.9
Seq7905_288_bp_-1_2_0	AEE27845.1	75.00	4	1	0	6	9	155	158	7.5	16.9
Seq7905_288_bp_-1_2_0	BAB70780.1	57.14	7	3	0	6	12	147	153	8.2	15.2
Seq7905_288_bp_-1_2_0	CAA26230.1	60.00	5	2	0	7	11	454	458	9.3	15.2
Seq7905_288_bp_-1_2_0	AAR31603.1	66.67	3	1	0	5	7	64	66	9.7	14.4
Seq7905_288_bp_-1_2_0	AAI27517.1	75.00	4	1	0	1	4	100	103	9.8	15.2
Seq7905_288_bp_-1_2_1	EDO47375.1	55.56	9	4	0	16	24	154	162	0.8	19.1
Seq7905_288_bp_-1_2_1	AAC97205.1	54.55	11	5	0	16	26	285	295	1.6	20.8
Seq7905_288_bp_-1_2_1	AAB03707.1	60.00	10	4	0	1	10	1358	1367	1.8	20.8
Seq7905_288_bp_-1_2_1	CAA73529.1	45.45	11	6	0	17	27	259	269	2.5	18.0
Seq7905_288_bp_-1_2_1	CAA04196.1	50.00	8	4	0	14	21	258	265	2.6	18.5
Seq7905_288_bp_-1_2_1	AII71783.1	54.55	11	5	0	24	34	212	222	4.1	17.4
Seq7905_288_bp_-1_2_1	BAA32991.1	50.00	6	3	0	17	22	23	28	4.4	15.1
Seq7905_288_bp_-1_2_1	ABD49687.1	57.14	7	3	0	33	39	496	502	4.7	19.7
Seq7905_288_bp_-1_2_1	AAB96524.1	28.57	14	10	0	13	26	174	187	5.4	16.3
Seq7905_288_bp_-1_2_1	CAA43372.1	55.56	9	4	0	31	39	389	397	5.5	17.4
Seq7905_288_bp_-1_2_1	ABL74574.1	54.55	11	5	0	2	12	22	32	5.7	16.8
Seq7905_288_bp_-1_2_1	AAA42531.1	80.00	5	1	0	14	18	179	183	7.5	16.8
Seq7905_288_bp_-1_2_1	AAQ92751.2	50.00	10	5	0	18	27	1034	1043	8.1	18.5
Seq7905_288_bp_-1_2_1	AAA24142.1	57.14	17	6	3	28	42	157	172	8.6	16.8
