Seq8056_276_bp_1_0_0	ENA|AAC78721|AAC78721.1	100.00	7	0	1	3	9	161	166	0.95	19.8
Seq8056_276_bp_1_0_0	ENA|AAF79734|AAF79734.1	83.33	6	1	0	13	18	139	144	1.5	20.3
Seq8056_276_bp_1_0_0	ENA|CAA29956|CAA29956.1	100.00	4	0	0	19	22	295	298	2.6	17.5
Seq8056_276_bp_1_0_0	ENA|ABG75784|ABG75784.1	85.71	9	1	2	13	19	68	76	3	17.0
Seq8056_276_bp_1_0_0	ENA|CAA36214|CAA36214.1	100.00	3	0	0	12	14	283	285	4	16.6
Seq8056_276_bp_1_0_0	ENA|AAA72732|AAA72732.1	100.00	3	0	0	14	16	62	64	4.1	16.6
Seq8056_276_bp_1_0_0	ENA|CAB75732|CAB75732.1	100.00	4	0	0	2	5	310	313	4.2	18.4
Seq8056_276_bp_1_0_0	ENA|CAL82360|CAL82360.1	80.00	5	1	0	2	6	374	378	4.6	18.4
Seq8056_276_bp_1_0_0	ENA|CAA43419|CAA43419.1	100.00	3	0	0	14	16	277	279	4.7	16.6
Seq8056_276_bp_1_0_0	ENA|ABD33854|ABD33854.1	100.00	3	0	0	10	12	12	14	5.6	13.8
Seq8056_276_bp_1_0_0	ENA|AAA42531|AAA42531.1	80.00	5	1	0	4	8	269	273	6.8	16.1
Seq8056_276_bp_1_0_0	ENA|AAI27517|AAI27517.1	80.00	5	1	0	6	10	65	69	7.4	16.6
Seq8056_276_bp_1_0_0	ENA|EDO47375|EDO47375.1	100.00	3	0	0	11	13	103	105	8.5	14.7
Seq8056_276_bp_1_0_0	ENA|CAA26939|CAA26939.1	100.00	3	0	0	1	3	531	533	9.7	16.1
Seq8056_276_bp_1_0_1	ENA|CAA26939|CAA26939.1	88.89	12	1	3	16	27	90	98	0.13	23.1
Seq8056_276_bp_1_0_1	ENA|AAQ92751|AAQ92751.2	100.00	5	0	0	30	34	1085	1089	0.43	22.6
Seq8056_276_bp_1_0_1	ENA|CCP43727|CCP43727.1	100.00	12	0	4	16	27	73	80	1.4	18.8
Seq8056_276_bp_1_0_1	ENA|ABK71357|ABK71357.1	100.00	4	0	0	10	13	27	30	1.6	18.8
Seq8056_276_bp_1_0_1	ENA|AAB66912|AAB66912.1	100.00	4	0	0	9	12	188	191	5.3	18.4
Seq8056_276_bp_1_0_1	ENA|BAB79260|BAB79260.1	66.67	9	3	0	22	30	348	356	6.8	16.9
Seq8056_276_bp_1_0_1	ENA|AAA25966|AAA25966.1	100.00	4	0	0	11	14	706	709	7.7	17.4
Seq8056_276_bp_1_0_1	ENA|CAA26023|CAA26023.1	77.78	12	2	3	21	32	166	174	7.9	16.5
Seq8056_276_bp_1_0_1	ENA|ABN10845|ABN10845.1	80.00	5	1	0	22	26	174	178	8.5	15.5
Seq8056_276_bp_1_0_2	ENA|CAA45199|CAA45199.1	100.00	5	0	0	15	19	257	261	1.5	18.9
Seq8056_276_bp_1_0_2	ENA|CAA26939|CAA26939.1	100.00	7	0	1	6	12	508	513	1.8	18.9
Seq8056_276_bp_1_0_2	ENA|AAS77176|AAS77176.1	80.00	5	1	0	8	12	219	223	5.8	16.2
Seq8056_276_bp_1_0_2	ENA|AAI27517|AAI27517.1	100.00	4	0	0	9	12	198	201	6.9	16.9
Seq8056_276_bp_1_0_2	ENA|AAC40132|AAC40132.1	80.00	5	1	0	10	14	431	435	7.2	16.5
Seq8056_276_bp_1_0_2	ENA|ACT10338|ACT10338.1	100.00	4	0	0	20	23	363	366	7.7	16.2
Seq8056_276_bp_1_0_2	ENA|AAC49865|AAC49865.1	100.00	4	0	0	21	24	206	209	8.5	15.8
Seq8056_276_bp_1_0_2	ENA|ABD49687|ABD49687.1	83.33	6	1	0	16	21	1350	1355	8.7	18.1
Seq8056_276_bp_1_1_0	ENA|BAA36759|BAA36759.1	100.00	4	0	0	5	8	30	33	1.6	18.1
Seq8056_276_bp_1_1_0	ENA|ABD49687|ABD49687.1	100.00	4	0	0	22	25	223	226	1.9	20.4
Seq8056_276_bp_1_1_0	ENA|AAA42531|AAA42531.1	100.00	4	0	0	1	4	319	322	5.5	16.7
Seq8056_276_bp_1_1_0	ENA|CAD53387|CAD53387.1	100.00	4	0	0	12	15	37	40	7	16.7
Seq8056_276_bp_1_1_0	ENA|ABD33854|ABD33854.1	100.00	3	0	0	12	14	40	42	8.2	13.4
Seq8056_276_bp_1_1_0	ENA|AAR31603|AAR31603.1	75.00	4	1	0	22	25	149	152	8.5	15.7
Seq8056_276_bp_1_1_0	ENA|CAA26023|CAA26023.1	75.00	9	2	1	19	26	157	165	9.8	15.7
Seq8056_276_bp_1_1_1	ENA|AAA42531|AAA42531.1	100.00	4	0	0	15	18	31	34	1.2	18.7
Seq8056_276_bp_1_1_1	ENA|AAA36539|AAA36539.1	100.00	4	0	0	15	18	119	122	1.5	18.7
Seq8056_276_bp_1_1_1	ENA|AAB03707|AAB03707.1	100.00	4	0	0	10	13	133	136	3	19.2
Seq8056_276_bp_1_1_1	ENA|AAC17860|AAC17860.1	100.00	4	0	0	3	6	146	149	3.6	17.2
Seq8056_276_bp_1_1_1	ENA|BAA32956|BAA32956.1	85.71	11	1	4	6	16	46	52	3.7	16.2
Seq8056_276_bp_1_1_1	ENA|AAB26998|AAB26998.1	100.00	3	0	0	20	22	39	41	5.4	14.2
Seq8056_276_bp_1_1_1	ENA|CAA28033|CAA28033.1	87.50	10	1	2	2	11	132	139	5.6	18.2
Seq8056_276_bp_1_1_1	ENA|AAC78721|AAC78721.1	100.00	4	0	0	18	21	643	646	5.8	17.2
Seq8056_276_bp_1_1_1	ENA|AAB96524|AAB96524.1	100.00	3	0	0	7	9	99	101	6.3	15.2
Seq8056_276_bp_1_1_1	ENA|ACT10338|ACT10338.1	80.00	5	1	0	10	14	80	84	6.6	16.2
Seq8056_276_bp_1_1_1	ENA|AAA18786|AAA18786.1	100.00	3	0	0	15	17	22	24	8.8	15.2
Seq8056_276_bp_1_1_1	ENA|BAB17681|BAB17681.1	100.00	3	0	0	14	16	274	276	9	15.2
Seq8056_276_bp_1_1_1	ENA|CAA26939|CAA26939.1	85.71	9	1	2	8	14	561	569	9.4	16.2
Seq8056_276_bp_1_1_2	ENA|AAC97205|AAC97205.1	83.33	6	1	0	2	7	324	329	0.18	22.6
Seq8056_276_bp_1_1_2	ENA|AAB03707|AAB03707.1	100.00	4	0	0	13	16	697	700	0.46	21.4
Seq8056_276_bp_1_1_2	ENA|ACH70901|ACH70901.1	80.00	5	1	0	9	13	187	191	0.6	19.1
Seq8056_276_bp_1_1_2	ENA|ABD33854|ABD33854.1	100.00	3	0	0	5	7	30	32	0.79	16.2
Seq8056_276_bp_1_1_2	ENA|BAA32991|BAA32991.1	100.00	3	0	0	12	14	21	23	0.85	16.2
Seq8056_276_bp_1_1_2	ENA|CAA11507|CAA11507.1	100.00	4	0	0	1	4	715	718	2.2	19.1
Seq8056_276_bp_1_1_2	ENA|AAI27517|AAI27517.1	100.00	6	0	1	8	13	9	13	3.2	17.3
Seq8056_276_bp_1_1_2	ENA|AAA42531|AAA42531.1	100.00	3	0	0	12	14	27	29	4.7	16.2
Seq8056_276_bp_1_1_2	ENA|AAB66912|AAB66912.1	85.71	9	1	2	6	12	909	917	5	17.3
Seq8056_276_bp_1_1_2	ENA|AAF79734|AAF79734.1	100.00	6	0	1	7	11	1446	1451	7.6	17.3
Seq8056_276_bp_1_1_2	ENA|AAC78721|AAC78721.1	100.00	3	0	0	5	7	63	65	7.8	16.2
Seq8056_276_bp_1_1_2	ENA|BAA05866|BAA05866.1	100.00	3	0	0	9	11	282	284	8	15.0
Seq8056_276_bp_1_1_2	ENA|ABG75784|ABG75784.1	100.00	3	0	0	11	13	256	258	8.1	15.0
Seq8056_276_bp_1_1_2	ENA|CAD53387|CAD53387.1	80.00	5	1	0	8	12	51	55	8.7	15.6
Seq8056_276_bp_1_2_0	ENA|CAA26939|CAA26939.1	100.00	38	0	0	1	38	146	183	4.3e-35	134.4
Seq8056_276_bp_1_2_0	ENA|CAA29968|CAA29968.1	100.00	4	0	0	13	16	66	69	1.9	17.7
Seq8056_276_bp_1_2_0	ENA|ABN10845|ABN10845.1	100.00	4	0	0	13	16	160	163	2.1	17.7
Seq8056_276_bp_1_2_0	ENA|AAC26660|AAC26660.1	71.43	7	2	0	25	31	92	98	4.4	16.9
Seq8056_276_bp_1_2_0	ENA|AAA32624|AAA32624.1	100.00	8	0	2	14	19	307	314	5	17.7
Seq8056_276_bp_1_2_0	ENA|CCP43727|CCP43727.1	100.00	4	0	0	30	33	259	262	7.4	16.5
Seq8056_276_bp_1_2_0	ENA|ABG75784|ABG75784.1	66.67	6	2	0	13	18	174	179	9.3	16.0
Seq8056_276_bp_1_2_0	ENA|AAC49865|AAC49865.1	100.00	4	0	0	20	23	250	253	9.8	16.0
Seq8056_276_bp_1_2_1	ENA|CAA26939|CAA26939.1	100.00	26	0	0	1	26	185	210	2.1e-26	105.0
Seq8056_276_bp_1_2_1	ENA|AAB66912|AAB66912.1	100.00	4	0	0	22	25	648	651	0.6	21.2
Seq8056_276_bp_1_2_1	ENA|AAA32624|AAA32624.1	60.00	10	4	0	16	25	152	161	0.64	20.2
Seq8056_276_bp_1_2_1	ENA|AAC97205|AAC97205.1	100.00	4	0	0	2	5	681	684	2.1	19.7
Seq8056_276_bp_1_2_1	ENA|CAL82360|CAL82360.1	100.00	4	0	0	2	5	284	287	2.1	19.7
Seq8056_276_bp_1_2_1	ENA|AAB96524|AAB96524.1	100.00	3	0	0	20	22	25	27	5.6	15.5
Seq8056_276_bp_1_2_1	ENA|ACH70901|ACH70901.1	100.00	13	0	5	15	25	171	180	5.6	16.5
Seq8056_276_bp_1_2_1	ENA|EDO47375|EDO47375.1	100.00	3	0	0	22	24	121	123	5.7	15.5
Seq8056_276_bp_1_2_1	ENA|CAA26023|CAA26023.1	100.00	4	0	0	12	15	359	362	6	16.5
Seq8056_276_bp_1_2_1	ENA|AAA36539|AAA36539.1	83.33	7	1	1	19	24	73	79	7.3	16.5
Seq8056_276_bp_1_2_1	ENA|CAA11507|CAA11507.1	100.00	8	0	2	5	10	214	221	7.9	17.9
Seq8056_276_bp_1_2_2	ENA|CAA26939|CAA26939.1	100.00	25	0	0	1	25	212	236	4.2e-25	100.6
Seq8056_276_bp_1_2_2	ENA|AAA32624|AAA32624.1	87.50	8	1	0	1	8	164	171	0.0042	27.4
Seq8056_276_bp_1_2_2	ENA|AAB66912|AAB66912.1	83.33	6	1	0	20	25	297	302	2.3	19.1
Seq8056_276_bp_1_2_2	ENA|AAC97205|AAC97205.1	100.00	4	0	0	18	21	10	13	3	19.1
Seq8056_276_bp_1_2_2	ENA|ABD33854|ABD33854.1	100.00	3	0	0	19	21	32	34	3.8	14.5
Seq8056_276_bp_1_2_2	ENA|AAC08817|AAC08817.1	66.67	6	2	0	19	24	130	135	4.9	15.4
Seq8056_276_bp_1_2_2	ENA|ABN10845|ABN10845.1	100.00	3	0	0	12	14	103	105	6.6	15.4
Seq8056_276_bp_1_2_2	ENA|AAR37016|AAR37016.1	100.00	4	0	0	6	9	2104	2107	7.6	18.7
Seq8056_276_bp_1_2_2	ENA|AAB96524|AAB96524.1	100.00	3	0	0	18	20	175	177	7.7	15.0
Seq8056_276_bp_-1_0_0	ENA|CAA11507|CAA11507.1	100.00	4	0	0	7	10	117	120	0.5	21.3
Seq8056_276_bp_-1_0_0	ENA|AAB26998|AAB26998.1	100.00	4	0	0	13	16	4	7	0.66	16.8
Seq8056_276_bp_-1_0_0	ENA|CAA26023|CAA26023.1	100.00	4	0	0	12	15	85	88	1.5	17.9
Seq8056_276_bp_-1_0_0	ENA|AAR37016|AAR37016.1	100.00	4	0	0	6	9	450	453	1.9	20.2
Seq8056_276_bp_-1_0_0	ENA|AAI27517|AAI27517.1	100.00	4	0	0	11	14	159	162	2.2	17.9
Seq8056_276_bp_-1_0_0	ENA|CAA73529|CAA73529.1	100.00	4	0	0	14	17	79	82	2.3	16.8
Seq8056_276_bp_-1_0_0	ENA|AAB96524|AAB96524.1	100.00	3	0	0	3	5	27	29	3.3	15.7
Seq8056_276_bp_-1_0_0	ENA|BAB79260|BAB79260.1	80.00	5	1	0	12	16	202	206	3.7	16.8
Seq8056_276_bp_-1_0_0	ENA|CAA43419|CAA43419.1	100.00	3	0	0	7	9	165	167	4.4	16.2
Seq8056_276_bp_-1_0_0	ENA|CAA26939|CAA26939.1	100.00	3	0	0	8	10	217	219	4.6	16.8
Seq8056_276_bp_-1_0_0	ENA|BAA05866|BAA05866.1	100.00	3	0	0	9	11	17	19	5.4	15.7
Seq8056_276_bp_-1_0_0	ENA|AAC49865|AAC49865.1	80.00	5	1	0	10	14	164	168	5.8	15.7
Seq8056_276_bp_-1_0_0	ENA|BAA32991|BAA32991.1	75.00	4	1	0	1	4	42	45	5.8	13.4
Seq8056_276_bp_-1_0_0	ENA|BAA32956|BAA32956.1	100.00	3	0	0	5	7	47	49	8	14.5
Seq8056_276_bp_-1_0_0	ENA|ACT10338|ACT10338.1	100.00	3	0	0	10	12	197	199	9.8	15.1
Seq8056_276_bp_-1_0_0	ENA|CAL82360|CAL82360.1	100.00	3	0	0	8	10	184	186	9.9	16.8
Seq8056_276_bp_-1_0_1	ENA|AAA18786|AAA18786.1	100.00	4	0	0	26	29	260	263	1.2	18.7
Seq8056_276_bp_-1_0_1	ENA|AAA36539|AAA36539.1	100.00	4	0	0	30	33	435	438	1.5	19.2
Seq8056_276_bp_-1_0_1	ENA|AAA32624|AAA32624.1	100.00	4	0	0	1	4	223	226	3.2	18.3
Seq8056_276_bp_-1_0_1	ENA|CAA43419|CAA43419.1	100.00	4	0	0	18	21	88	91	7.6	16.4
Seq8056_276_bp_-1_0_1	ENA|AAI27517|AAI27517.1	100.00	4	0	0	22	25	106	109	8.8	16.9
Seq8056_276_bp_-1_0_1	ENA|CAA45199|CAA45199.1	100.00	4	0	0	17	20	128	131	9.6	16.4
Seq8056_276_bp_-1_0_1	ENA|CAL82360|CAL82360.1	100.00	4	0	0	2	5	510	513	10	17.8
Seq8056_276_bp_-1_0_2	ENA|ABG75784|ABG75784.1	80.00	5	1	0	7	11	224	228	1.7	17.9
Seq8056_276_bp_-1_0_2	ENA|AAQ92751|AAQ92751.2	80.00	5	1	0	8	12	1002	1006	4	18.8
Seq8056_276_bp_-1_0_2	ENA|BAA05866|BAA05866.1	100.00	3	0	0	15	17	139	141	5.8	16.0
Seq8056_276_bp_-1_0_2	ENA|CAA73529|CAA73529.1	83.33	8	1	2	14	21	240	245	7	15.6
Seq8056_276_bp_-1_0_2	ENA|AAC40132|AAC40132.1	100.00	3	0	0	15	17	185	187	8.7	16.0
Seq8056_276_bp_-1_0_2	ENA|AAA32624|AAA32624.1	75.00	9	2	1	6	13	287	295	9.5	16.0
Seq8056_276_bp_-1_0_2	ENA|AAS77176|AAS77176.1	77.78	12	2	3	12	23	175	183	9.8	15.1
Seq8056_276_bp_-1_1_0	ENA|CAA26939|CAA26939.1	100.00	5	0	0	6	10	308	312	0.15	22.4
Seq8056_276_bp_-1_1_0	ENA|AAA42531|AAA42531.1	100.00	4	0	0	22	25	224	227	0.58	19.9
Seq8056_276_bp_-1_1_0	ENA|AAC08817|AAC08817.1	100.00	4	0	0	9	12	124	127	0.66	18.4
Seq8056_276_bp_-1_1_0	ENA|CAA73529|CAA73529.1	100.00	4	0	0	6	9	154	157	1.6	17.9
Seq8056_276_bp_-1_1_0	ENA|AAR31603|AAR31603.1	100.00	4	0	0	19	22	213	216	2.7	17.4
Seq8056_276_bp_-1_1_0	ENA|AAB03707|AAB03707.1	100.00	4	0	0	7	10	689	692	5.6	18.4
Seq8056_276_bp_-1_1_0	ENA|BAA32991|BAA32991.1	75.00	4	1	0	2	5	32	35	6.3	13.9
Seq8056_276_bp_-1_1_0	ENA|EDO47375|EDO47375.1	80.00	5	1	0	8	12	9	13	8.4	14.9
Seq8056_276_bp_-1_1_0	ENA|BAA36759|BAA36759.1	100.00	3	0	0	22	24	114	116	9.1	15.4
Seq8056_276_bp_-1_1_1	ENA|AAC26660|AAC26660.1	100.00	5	0	0	20	24	5	9	0.12	21.6
Seq8056_276_bp_-1_1_1	ENA|AAC17860|AAC17860.1	100.00	4	0	0	14	17	38	41	1.8	18.4
Seq8056_276_bp_-1_1_1	ENA|BAA36759|BAA36759.1	100.00	4	0	0	20	23	130	133	2.3	17.5
Seq8056_276_bp_-1_1_1	ENA|CAA36214|CAA36214.1	80.00	5	1	0	19	23	49	53	4.5	16.6
Seq8056_276_bp_-1_1_1	ENA|AAR37016|AAR37016.1	100.00	4	0	0	11	14	339	342	5.2	19.3
Seq8056_276_bp_-1_1_1	ENA|CAA28033|CAA28033.1	100.00	4	0	0	23	26	1176	1179	5.4	18.4
Seq8056_276_bp_-1_1_1	ENA|AAA32624|AAA32624.1	100.00	4	0	0	10	13	13	16	5.6	17.0
Seq8056_276_bp_-1_1_1	ENA|CCP43727|CCP43727.1	80.00	5	1	0	18	22	247	251	6.6	16.1
Seq8056_276_bp_-1_1_1	ENA|BAB17681|BAB17681.1	83.33	6	1	0	12	17	5	10	7.4	15.6
Seq8056_276_bp_-1_1_1	ENA|CAA26023|CAA26023.1	66.67	6	2	0	14	19	131	136	7.6	16.1
Seq8056_276_bp_-1_1_1	ENA|AAA25966|AAA25966.1	100.00	4	0	0	3	6	596	599	7.6	17.0
Seq8056_276_bp_-1_1_2	ENA|CAA43419|CAA43419.1	83.33	6	1	0	26	31	235	240	1.9	18.6
Seq8056_276_bp_-1_1_2	ENA|ABD33854|ABD33854.1	100.00	3	0	0	16	18	38	40	4	15.0
Seq8056_276_bp_-1_1_2	ENA|AAC97205|AAC97205.1	77.78	10	2	1	27	36	635	643	8.3	18.2
Seq8056_276_bp_-1_1_2	ENA|CAL82360|CAL82360.1	87.50	13	1	5	26	38	873	880	8.6	18.2
Seq8056_276_bp_-1_1_2	ENA|BAA32956|BAA32956.1	100.00	3	0	0	4	6	129	131	9.1	15.5
Seq8056_276_bp_-1_1_2	ENA|ABN10845|ABN10845.1	100.00	3	0	0	4	6	55	57	9.4	15.5
Seq8056_276_bp_-1_1_2	ENA|BAA05866|BAA05866.1	100.00	9	0	3	19	24	48	56	9.7	15.9
Seq8056_276_bp_-1_2_0	ENA|BAB17681|BAB17681.1	100.00	4	0	0	7	10	106	109	0.74	18.4
Seq8056_276_bp_-1_2_0	ENA|AAS77176|AAS77176.1	100.00	4	0	0	9	12	257	260	1.5	17.4
Seq8056_276_bp_-1_2_0	ENA|CAA29968|CAA29968.1	100.00	3	0	0	12	14	149	151	5.3	15.0
Seq8056_276_bp_-1_2_0	ENA|AAB26998|AAB26998.1	75.00	4	1	0	13	16	32	35	8	13.0
Seq8056_276_bp_-1_2_0	ENA|BAA05866|BAA05866.1	100.00	3	0	0	12	14	136	138	8.2	15.0
Seq8056_276_bp_-1_2_0	ENA|AAC49865|AAC49865.1	100.00	3	0	0	12	14	181	183	8.7	15.0
Seq8056_276_bp_-1_2_0	ENA|ACH70901|ACH70901.1	100.00	3	0	0	6	8	57	59	9.4	15.0
Seq8056_276_bp_-1_2_0	ENA|CAA43419|CAA43419.1	100.00	3	0	0	12	14	23	25	9.6	15.0
Seq8056_276_bp_-1_2_1	ENA|AAA18786|AAA18786.1	100.00	5	0	0	7	11	211	215	0.19	20.9
Seq8056_276_bp_-1_2_1	ENA|AAB66912|AAB66912.1	100.00	5	0	0	18	22	461	465	0.48	21.4
Seq8056_276_bp_-1_2_1	ENA|AAB96524|AAB96524.1	100.00	4	0	0	8	11	23	26	1.1	17.8
Seq8056_276_bp_-1_2_1	ENA|CAL82360|CAL82360.1	100.00	4	0	0	9	12	982	985	1.2	20.5
Seq8056_276_bp_-1_2_1	ENA|CAA26023|CAA26023.1	100.00	3	0	0	11	13	182	184	1.7	18.2
Seq8056_276_bp_-1_2_1	ENA|CAA26939|CAA26939.1	100.00	3	0	0	11	13	10	12	2.5	18.2
Seq8056_276_bp_-1_2_1	ENA|AAR31603|AAR31603.1	100.00	3	0	0	2	4	151	153	2.7	17.3
Seq8056_276_bp_-1_2_1	ENA|AAS77176|AAS77176.1	83.33	6	1	0	4	9	245	250	3.2	16.9
Seq8056_276_bp_-1_2_1	ENA|AAC17860|AAC17860.1	100.00	3	0	0	2	4	348	350	3.4	17.3
Seq8056_276_bp_-1_2_1	ENA|AAA72732|AAA72732.1	100.00	3	0	0	13	15	150	152	4.7	16.4
Seq8056_276_bp_-1_2_1	ENA|ABK71357|ABK71357.1	100.00	4	0	0	4	7	164	167	5.6	16.4
Seq8056_276_bp_-1_2_1	ENA|AAB03707|AAB03707.1	71.43	7	2	0	18	24	175	181	5.9	18.2
Seq8056_276_bp_-1_2_1	ENA|AAI27517|AAI27517.1	100.00	4	0	0	17	20	548	551	6.4	16.9
Seq8056_276_bp_-1_2_1	ENA|AAC49865|AAC49865.1	100.00	3	0	0	3	5	122	124	6.7	16.0
Seq8056_276_bp_-1_2_1	ENA|CCP43727|CCP43727.1	80.00	5	1	0	20	24	19	23	6.7	16.0
Seq8056_276_bp_-1_2_1	ENA|ABN10845|ABN10845.1	100.00	3	0	0	14	16	77	79	8.1	15.1
Seq8056_276_bp_-1_2_1	ENA|BAB79260|BAB79260.1	100.00	7	0	2	6	12	50	54	9	16.0
Seq8056_276_bp_-1_2_2	ENA|AAC17860|AAC17860.1	100.00	5	0	0	5	9	388	392	0.57	19.9
Seq8056_276_bp_-1_2_2	ENA|ABN10845|ABN10845.1	100.00	4	0	0	14	17	64	67	0.83	18.4
Seq8056_276_bp_-1_2_2	ENA|CAA11507|CAA11507.1	71.43	7	2	0	13	19	2	8	2.6	19.4
Seq8056_276_bp_-1_2_2	ENA|AAB66912|AAB66912.1	100.00	4	0	0	15	18	273	276	3.5	18.4
Seq8056_276_bp_-1_2_2	ENA|CAA45708|CAA45708.1	100.00	4	0	0	12	15	510	513	4.1	18.9
Seq8056_276_bp_-1_2_2	ENA|CAB75732|CAB75732.1	100.00	4	0	0	14	17	431	434	4.3	18.4
Seq8056_276_bp_-1_2_2	ENA|AAA32624|AAA32624.1	100.00	8	0	2	1	8	374	379	5.3	17.0
Seq8056_276_bp_-1_2_2	ENA|CAA28033|CAA28033.1	100.00	4	0	0	1	4	1055	1058	6.7	18.0
Seq8056_276_bp_-1_2_2	ENA|AAQ92751|AAQ92751.2	85.71	8	1	1	2	8	78	85	7	18.0
Seq8056_276_bp_-1_2_2	ENA|AAS77176|AAS77176.1	80.00	5	1	0	2	6	14	18	7.9	15.5
Seq8056_276_bp_-1_2_2	ENA|AAC08817|AAC08817.1	100.00	3	0	0	19	21	80	82	8.4	14.5
Seq8056_276_bp_-1_2_3	ENA|AAA72732|AAA72732.1	100.00	6	0	1	6	10	109	114	0.67	18.0
Seq8056_276_bp_-1_2_3	ENA|BAA36759|BAA36759.1	100.00	3	0	0	7	9	29	31	4.5	15.1
Seq8056_276_bp_-1_2_3	ENA|CCP43727|CCP43727.1	100.00	3	0	0	6	8	230	232	5.1	15.1
Seq8056_276_bp_-1_2_3	ENA|AAA32624|AAA32624.1	80.00	5	1	0	2	6	249	253	5.7	15.6
Seq8056_276_bp_-1_2_3	ENA|BAA32018|BAA32018.1	100.00	3	0	0	8	10	51	53	6.8	15.6
Seq8056_276_bp_-1_2_3	ENA|AAA24145|AAA24145.1	100.00	3	0	0	6	8	331	333	7	15.1
Seq8056_276_bp_-1_2_3	ENA|CAA24711|CAA24711.1	100.00	3	0	0	5	7	17	19	7.2	13.7
Seq8056_276_bp_-1_2_3	ENA|AAA36539|AAA36539.1	100.00	3	0	0	7	9	271	273	7.2	15.1
Seq8056_276_bp_-1_2_3	ENA|CAA26939|CAA26939.1	100.00	3	0	0	7	9	291	293	8.5	15.1
Seq8056_276_bp_-1_2_3	ENA|AAC08817|AAC08817.1	100.00	3	0	0	4	6	145	147	8.9	13.2
