Seq8117_200_bp_1_0_0	ENA|AAA32624|AAA32624.1	66.67	9	3	0	8	16	108	116	1.6	20.0
Seq8117_200_bp_1_0_0	ENA|AAC49865|AAC49865.1	44.44	9	5	0	49	57	68	76	3	18.4
Seq8117_200_bp_1_0_0	ENA|AAS77176|AAS77176.1	38.46	13	8	0	1	13	35	47	3.7	17.9
Seq8117_200_bp_1_0_0	ENA|BAA05866|BAA05866.1	25.00	12	9	0	36	47	285	296	5.6	17.4
Seq8117_200_bp_1_0_0	ENA|CAA24711|CAA24711.1	100.00	5	0	0	52	56	108	112	6.4	16.3
Seq8117_200_bp_1_0_0	ENA|CAA29968|CAA29968.1	29.41	17	12	0	12	28	73	89	7.2	16.3
Seq8117_200_bp_1_0_0	ENA|ABD49687|ABD49687.1	53.85	13	6	0	3	15	1346	1358	7.3	19.5
Seq8117_200_bp_1_1_0	ENA|CAA26023|CAA26023.1	57.14	7	3	0	6	12	335	341	0.12	21.1
Seq8117_200_bp_1_1_0	ENA|CAA26023|CAA26023.1	33.33	12	8	0	1	12	355	366	0.33	19.6
Seq8117_200_bp_1_1_0	ENA|CAA45708|CAA45708.1	45.45	11	6	0	2	12	950	960	0.29	21.8
Seq8117_200_bp_1_1_0	ENA|AAC97205|AAC97205.1	62.50	8	3	0	4	11	454	461	0.39	21.1
Seq8117_200_bp_1_1_0	ENA|ABD49687|ABD49687.1	62.50	8	3	0	3	10	1387	1394	0.54	21.1
Seq8117_200_bp_1_1_0	ENA|AAI27517|AAI27517.1	44.44	9	5	0	3	11	563	571	0.85	18.9
Seq8117_200_bp_1_1_0	ENA|ABK71357|ABK71357.1	66.67	6	2	0	6	11	97	102	0.89	18.1
Seq8117_200_bp_1_1_0	ENA|BAA05866|BAA05866.1	60.00	5	2	0	4	8	215	219	2	16.6
Seq8117_200_bp_1_1_0	ENA|AAB96524|AAB96524.1	44.44	9	5	0	1	9	8	16	2	15.9
Seq8117_200_bp_1_1_0	ENA|CCP43727|CCP43727.1	36.36	11	7	0	2	12	109	119	2.2	16.6
Seq8117_200_bp_1_1_0	ENA|CAA36714|CAA36714.1	50.00	12	6	0	1	12	406	417	3	16.6
Seq8117_200_bp_1_1_0	ENA|AAA36539|AAA36539.1	80.00	5	1	0	5	9	421	425	3.1	16.6
Seq8117_200_bp_1_1_0	ENA|CAA36214|CAA36214.1	60.00	5	2	0	6	10	178	182	3.3	15.9
Seq8117_200_bp_1_1_0	ENA|AAR31603|AAR31603.1	100.00	4	0	0	6	9	304	307	3.6	15.9
Seq8117_200_bp_1_1_0	ENA|AAA18786|AAA18786.1	75.00	4	1	0	8	11	139	142	4.8	15.2
Seq8117_200_bp_1_1_0	ENA|AAB03707|AAB03707.1	36.36	11	7	0	2	12	803	813	5.3	17.4
Seq8117_200_bp_1_1_0	ENA|CAD53387|CAD53387.1	42.86	7	4	0	2	8	482	488	5.3	15.9
Seq8117_200_bp_1_1_0	ENA|AAA42531|AAA42531.1	44.44	9	5	0	2	10	270	278	6.8	15.2
Seq8117_200_bp_1_1_0	ENA|AAC26660|AAC26660.1	66.67	6	2	0	6	11	56	61	7.4	14.4
Seq8117_200_bp_1_1_0	ENA|CAA45199|CAA45199.1	75.00	4	1	0	8	11	168	171	8.1	15.2
Seq8117_200_bp_1_1_0	ENA|AAC40132|AAC40132.1	16.67	12	10	0	1	12	191	202	8.2	15.2
Seq8117_200_bp_1_1_0	ENA|AAA36114|AAA36114.1	75.00	4	1	0	8	11	83	86	8.7	15.2
Seq8117_200_bp_1_1_0	ENA|AAA72732|AAA72732.1	50.00	8	4	0	3	10	302	309	8.9	14.4
Seq8117_200_bp_1_1_0	ENA|AAB66912|AAB66912.1	44.44	9	5	0	1	9	766	774	9.5	15.9
Seq8117_200_bp_1_1_0	ENA|CAA26939|CAA26939.1	44.44	9	5	0	1	9	99	107	9.7	15.2
Seq8117_200_bp_1_1_1	ENA|CAD53387|CAD53387.1	62.50	8	3	0	5	12	48	55	5.8	15.9
Seq8117_200_bp_1_1_1	ENA|CAA26023|CAA26023.1	66.67	6	2	0	8	13	237	242	8.7	14.9
Seq8117_200_bp_1_1_1	ENA|BAB17681|BAB17681.1	37.50	8	5	0	3	10	168	175	8.8	14.4
Seq8117_200_bp_1_1_2	ENA|AAI27517|AAI27517.1	60.00	13	4	3	1	13	531	540	2.4	17.6
Seq8117_200_bp_1_1_2	ENA|ABK71357|ABK71357.1	57.14	7	3	0	7	13	135	141	3.5	16.3
Seq8117_200_bp_1_1_2	ENA|AAR37016|AAR37016.1	42.86	14	8	0	1	14	6	19	3.9	18.9
Seq8117_200_bp_1_1_2	ENA|EDO47375|EDO47375.1	33.33	9	6	0	3	11	74	82	9.6	13.8
Seq8117_200_bp_1_1_2	ENA|AAA25966|AAA25966.1	40.00	10	6	0	4	13	401	410	9.9	15.7
Seq8117_200_bp_1_1_3	ENA|ABD33854|ABD33854.1	75.00	4	1	0	7	10	61	64	1.7	14.6
Seq8117_200_bp_1_1_3	ENA|BAA32956|BAA32956.1	33.33	6	4	0	1	6	77	82	3.6	15.2
Seq8117_200_bp_1_1_3	ENA|AAI27517|AAI27517.1	44.44	9	5	0	2	10	501	509	4.4	16.4
Seq8117_200_bp_1_1_3	ENA|BAA32991|BAA32991.1	50.00	6	3	0	1	6	48	53	6	12.9
Seq8117_200_bp_1_1_3	ENA|AAB66912|AAB66912.1	33.33	9	6	0	2	10	299	307	6.8	16.4
Seq8117_200_bp_1_1_3	ENA|EDO47375|EDO47375.1	27.27	11	8	0	1	11	148	158	7.2	14.1
Seq8117_200_bp_1_1_3	ENA|AAA36114|AAA36114.1	36.36	11	7	0	2	12	419	429	8.4	15.2
Seq8117_200_bp_1_1_3	ENA|AAC08817|AAC08817.1	27.27	11	8	0	2	12	135	145	8.8	13.5
Seq8117_200_bp_1_2_0	ENA|AAB66912|AAB66912.1	100.00	66	0	0	1	66	631	696	5.8e-46	172.0
Seq8117_200_bp_1_2_0	ENA|AAC08817|AAC08817.1	53.33	17	7	2	13	27	2	18	1.3	18.7
Seq8117_200_bp_1_2_0	ENA|AAI27517|AAI27517.1	38.89	18	11	0	43	60	64	81	1.8	20.2
Seq8117_200_bp_1_2_0	ENA|AAR37016|AAR37016.1	46.67	15	8	0	35	49	461	475	2.5	21.7
Seq8117_200_bp_1_2_0	ENA|CAA28033|CAA28033.1	62.50	8	3	0	7	14	1112	1119	2.7	20.7
Seq8117_200_bp_1_2_0	ENA|ABK71357|ABK71357.1	55.56	9	4	0	9	17	194	202	3.1	18.7
Seq8117_200_bp_1_2_0	ENA|CAA29968|CAA29968.1	33.33	18	12	0	18	35	20	37	3.3	17.7
Seq8117_200_bp_1_2_0	ENA|AAS77176|AAS77176.1	41.67	12	7	0	24	35	39	50	3.4	18.2
Seq8117_200_bp_1_2_0	ENA|CAA45199|CAA45199.1	37.50	25	15	1	15	39	7	30	3.9	18.7
Seq8117_200_bp_1_2_0	ENA|AAA72732|AAA72732.1	58.33	14	5	2	12	23	298	311	5.2	17.7
Seq8117_200_bp_1_2_0	ENA|AAC40132|AAC40132.1	66.67	9	3	0	43	51	40	48	5.5	18.2
Seq8117_200_bp_1_2_0	ENA|CAA11507|CAA11507.1	32.14	28	19	0	25	52	184	211	5.6	19.7
Seq8117_200_bp_1_2_0	ENA|CAA26939|CAA26939.1	50.00	10	5	0	32	41	188	197	6.6	18.2
Seq8117_200_bp_1_2_0	ENA|ABD49687|ABD49687.1	28.21	40	28	1	10	48	593	632	7	19.7
Seq8117_200_bp_1_2_0	ENA|AAA25966|AAA25966.1	25.00	12	9	0	32	43	568	579	8.2	18.2
Seq8117_200_bp_1_2_0	ENA|BAB17681|BAB17681.1	41.67	12	7	0	50	61	194	205	8.7	16.7
Seq8117_200_bp_1_2_0	ENA|ACT10338|ACT10338.1	36.36	11	7	0	38	48	268	278	8.8	17.2
Seq8117_200_bp_1_2_0	ENA|AAB26998|AAB26998.1	44.44	9	5	0	25	33	37	45	9.9	14.7
Seq8117_200_bp_-1_0_0	ENA|AAC08817|AAC08817.1	66.67	12	4	0	11	22	70	81	0.069	22.7
Seq8117_200_bp_-1_0_0	ENA|AAR37016|AAR37016.1	53.33	15	7	0	1	15	641	655	1.5	22.2
Seq8117_200_bp_-1_0_0	ENA|CAL82360|CAL82360.1	33.33	21	14	0	9	29	1016	1036	3.5	20.1
Seq8117_200_bp_-1_0_0	ENA|ABD49687|ABD49687.1	38.10	21	13	0	10	30	725	745	4.6	20.1
Seq8117_200_bp_-1_0_0	ENA|CAA28033|CAA28033.1	29.17	24	17	0	9	32	1033	1056	5	19.6
Seq8117_200_bp_-1_0_0	ENA|AAB66912|AAB66912.1	50.00	10	5	0	26	35	536	545	5.2	19.0
Seq8117_200_bp_-1_0_0	ENA|CAA36714|CAA36714.1	31.25	16	11	0	6	21	211	226	5.4	18.0
Seq8117_200_bp_-1_0_0	ENA|CAD53387|CAD53387.1	45.45	11	6	0	17	27	492	502	5.8	18.0
Seq8117_200_bp_-1_0_0	ENA|ACH70901|ACH70901.1	33.33	21	14	0	26	46	341	361	6	17.4
Seq8117_200_bp_-1_0_0	ENA|CAA26023|CAA26023.1	29.41	17	12	0	10	26	214	230	6.3	17.4
Seq8117_200_bp_-1_0_0	ENA|AAA42531|AAA42531.1	42.86	14	8	0	3	16	86	99	6.4	17.4
Seq8117_200_bp_-1_0_0	ENA|AAA36539|AAA36539.1	50.00	12	6	0	11	22	381	392	7.8	17.4
Seq8117_200_bp_-1_0_0	ENA|AAF79734|AAF79734.1	42.86	14	8	0	17	30	1228	1241	7.9	19.0
Seq8117_200_bp_-1_0_0	ENA|CAA26939|CAA26939.1	32.00	26	17	1	4	28	198	223	9.2	17.4
Seq8117_200_bp_-1_0_1	ENA|AAQ92751|AAQ92751.2	80.00	5	1	0	7	11	1329	1333	2.6	18.3
Seq8117_200_bp_-1_0_1	ENA|ABD49687|ABD49687.1	62.50	8	3	0	1	8	1026	1033	3.2	18.3
Seq8117_200_bp_-1_0_1	ENA|AAI27517|AAI27517.1	60.00	5	2	0	7	11	314	318	4.2	16.4
Seq8117_200_bp_-1_0_1	ENA|CAB75732|CAB75732.1	57.14	7	3	0	1	7	468	474	5.2	17.0
Seq8117_200_bp_-1_0_1	ENA|ABG75784|ABG75784.1	60.00	5	2	0	7	11	310	314	8	14.5
Seq8117_200_bp_-1_0_1	ENA|CAA26023|CAA26023.1	66.67	6	2	0	1	6	327	332	9.7	14.5
Seq8117_200_bp_-1_1_0	ENA|BAA32956|BAA32956.1	50.00	16	8	0	10	25	187	202	0.07	22.2
Seq8117_200_bp_-1_1_0	ENA|CAA36214|CAA36214.1	37.50	16	10	0	9	24	292	307	0.2	21.1
Seq8117_200_bp_-1_1_0	ENA|AAB66912|AAB66912.1	50.00	15	7	1	14	27	295	309	0.22	22.7
Seq8117_200_bp_-1_1_0	ENA|AAI27517|AAI27517.1	40.00	20	12	0	1	20	517	536	0.8	20.1
Seq8117_200_bp_-1_1_0	ENA|AAR37016|AAR37016.1	33.33	18	12	0	5	22	499	516	1.1	21.7
Seq8117_200_bp_-1_1_0	ENA|EDO47375|EDO47375.1	36.36	11	7	0	14	24	1	11	3	16.5
Seq8117_200_bp_-1_1_0	ENA|ABK71357|ABK71357.1	30.77	13	9	0	10	22	344	356	5.7	16.5
Seq8117_200_bp_-1_1_0	ENA|AAA36539|AAA36539.1	44.44	9	5	0	5	13	80	88	7.2	16.5
Seq8117_200_bp_-1_1_0	ENA|AAC40132|AAC40132.1	44.44	9	5	0	14	22	259	267	7.2	16.5
Seq8117_200_bp_-1_1_0	ENA|ABD33854|ABD33854.1	40.00	10	6	0	17	26	33	42	8	13.5
Seq8117_200_bp_-1_1_0	ENA|CAA29956|CAA29956.1	42.86	7	4	0	2	8	14	20	8.1	16.0
Seq8117_200_bp_-1_1_0	ENA|AAA18786|AAA18786.1	42.86	14	8	0	14	27	206	219	8.1	15.5
Seq8117_200_bp_-1_1_1	ENA|ABD33854|ABD33854.1	41.18	17	10	0	1	17	10	26	0.042	20.6
Seq8117_200_bp_-1_1_1	ENA|CAA26023|CAA26023.1	71.43	7	2	0	1	7	153	159	0.39	19.9
Seq8117_200_bp_-1_1_1	ENA|AAB26998|AAB26998.1	62.50	8	3	0	1	8	5	12	1	16.2
Seq8117_200_bp_-1_1_1	ENA|AAB66912|AAB66912.1	100.00	5	0	0	14	18	515	519	2.2	18.7
Seq8117_200_bp_-1_1_1	ENA|CAA36214|CAA36214.1	38.46	13	8	0	2	14	91	103	2.6	16.9
Seq8117_200_bp_-1_1_1	ENA|BAA32956|BAA32956.1	80.00	5	1	0	11	15	45	49	2.8	16.2
Seq8117_200_bp_-1_1_1	ENA|CAA11507|CAA11507.1	50.00	10	5	0	1	10	40	49	3.2	18.7
Seq8117_200_bp_-1_1_1	ENA|BAB79260|BAB79260.1	28.57	14	10	0	1	14	18	31	3.8	16.9
Seq8117_200_bp_-1_1_1	ENA|AAA25966|AAA25966.1	21.43	14	11	0	3	16	138	151	4	17.5
Seq8117_200_bp_-1_1_1	ENA|AAR31603|AAR31603.1	71.43	7	2	0	6	12	316	322	4.2	16.2
Seq8117_200_bp_-1_1_1	ENA|AAA36114|AAA36114.1	40.00	10	6	0	6	15	5	14	4.3	16.9
Seq8117_200_bp_-1_1_1	ENA|AAA32624|AAA32624.1	83.33	6	1	0	5	10	440	445	4.4	16.9
Seq8117_200_bp_-1_1_1	ENA|ABK71357|ABK71357.1	50.00	10	5	0	3	12	359	368	4.8	16.2
Seq8117_200_bp_-1_1_1	ENA|CAA73529|CAA73529.1	36.36	11	7	0	3	13	217	227	5.4	15.6
Seq8117_200_bp_-1_1_1	ENA|ABD49687|ABD49687.1	66.67	6	2	0	13	18	1281	1286	6	18.1
Seq8117_200_bp_-1_1_1	ENA|ACH70901|ACH70901.1	50.00	8	4	0	2	9	209	216	7	15.6
Seq8117_200_bp_-1_1_1	ENA|CAA26939|CAA26939.1	40.00	10	6	0	6	15	438	447	7.2	16.2
Seq8117_200_bp_-1_1_1	ENA|AAC78721|AAC78721.1	70.00	12	3	2	4	15	176	185	8.4	16.2
Seq8117_200_bp_-1_1_1	ENA|BAA36759|BAA36759.1	55.56	9	4	0	2	10	25	33	8.4	15.0
Seq8117_200_bp_-1_1_2	ENA|ABK71357|ABK71357.1	40.00	10	6	0	3	12	174	183	0.6	18.7
Seq8117_200_bp_-1_1_2	ENA|ABD49687|ABD49687.1	83.33	6	1	0	5	10	1044	1049	1.2	19.9
Seq8117_200_bp_-1_1_2	ENA|AAA25966|AAA25966.1	80.00	5	1	0	5	9	444	448	1.8	18.1
Seq8117_200_bp_-1_1_2	ENA|AAB26998|AAB26998.1	60.00	5	2	0	4	8	46	50	2.3	14.5
Seq8117_200_bp_-1_1_2	ENA|CAA36714|CAA36714.1	60.00	5	2	0	5	9	435	439	3.9	16.3
Seq8117_200_bp_-1_1_2	ENA|ACH70901|ACH70901.1	100.00	3	0	0	4	6	147	149	4.5	15.7
Seq8117_200_bp_-1_1_2	ENA|AAR37016|AAR37016.1	100.00	4	0	0	2	5	380	383	5.5	18.1
Seq8117_200_bp_-1_1_2	ENA|CAA29968|CAA29968.1	40.00	5	3	0	1	5	95	99	5.6	14.5
Seq8117_200_bp_-1_1_2	ENA|AAA24145|AAA24145.1	42.86	7	4	0	3	9	455	461	5.7	15.7
Seq8117_200_bp_-1_1_2	ENA|AAA32624|AAA32624.1	27.27	11	8	0	2	12	120	130	6.5	15.7
Seq8117_200_bp_-1_1_2	ENA|CAA73529|CAA73529.1	60.00	11	4	1	1	11	22	31	7.7	14.5
Seq8117_200_bp_-1_1_2	ENA|AAB96524|AAB96524.1	50.00	6	3	0	5	10	62	67	7.9	13.9
Seq8117_200_bp_-1_2_0	ENA|ABD49687|ABD49687.1	54.55	11	5	0	15	25	662	672	0.36	23.8
Seq8117_200_bp_-1_2_0	ENA|ACH70901|ACH70901.1	36.84	19	12	0	2	20	275	293	0.43	21.3
Seq8117_200_bp_-1_2_0	ENA|CAA26939|CAA26939.1	55.56	9	4	0	40	48	523	531	0.67	21.3
Seq8117_200_bp_-1_2_0	ENA|AAI27517|AAI27517.1	66.67	9	3	0	36	44	402	410	2.7	19.3
Seq8117_200_bp_-1_2_0	ENA|BAA32956|BAA32956.1	100.00	3	0	0	47	49	26	28	3.9	17.3
Seq8117_200_bp_-1_2_0	ENA|BAB79260|BAB79260.1	62.50	8	3	0	44	51	437	444	4.1	18.3
Seq8117_200_bp_-1_2_0	ENA|CCP43727|CCP43727.1	50.00	8	4	0	42	49	131	138	4.2	17.8
Seq8117_200_bp_-1_2_0	ENA|CAA26023|CAA26023.1	66.67	6	2	0	48	53	172	177	4.9	17.8
Seq8117_200_bp_-1_2_0	ENA|AAC17860|AAC17860.1	25.00	28	21	0	19	46	246	273	5.3	17.8
Seq8117_200_bp_-1_2_0	ENA|ACT10338|ACT10338.1	25.00	16	12	0	33	48	144	159	6.9	17.3
Seq8117_200_bp_-1_2_0	ENA|ABK71357|ABK71357.1	66.67	6	2	0	31	36	319	324	9.2	16.8
