Seq8081_272_bp_1_0_0	ENA|CAA45199|CAA45199.1	100.00	90	0	0	1	90	101	190	1.4e-67	243.3
Seq8081_272_bp_1_0_0	ENA|CAA26939|CAA26939.1	31.25	16	11	0	9	24	534	549	1.2	21.2
Seq8081_272_bp_1_0_0	ENA|AAA36539|AAA36539.1	60.00	10	4	0	80	89	321	330	2.1	20.1
Seq8081_272_bp_1_0_0	ENA|AAA18786|AAA18786.1	100.00	6	0	0	66	71	137	142	2.4	19.1
Seq8081_272_bp_1_0_0	ENA|CAA29968|CAA29968.1	25.00	24	18	0	1	24	23	46	2.5	18.6
Seq8081_272_bp_1_0_0	ENA|CAA11507|CAA11507.1	50.00	12	6	0	54	65	1352	1363	2.9	21.2
Seq8081_272_bp_1_0_0	ENA|ACH70901|ACH70901.1	41.67	12	7	0	65	76	302	313	3.2	19.1
Seq8081_272_bp_1_0_0	ENA|AAC26660|AAC26660.1	35.29	34	22	0	11	44	48	81	3.3	18.6
Seq8081_272_bp_1_0_0	ENA|AAS77176|AAS77176.1	29.63	27	19	0	12	38	53	79	3.7	18.6
Seq8081_272_bp_1_0_0	ENA|BAA32956|BAA32956.1	71.43	7	2	0	38	44	155	161	3.8	18.1
Seq8081_272_bp_1_0_0	ENA|AAA24145|AAA24145.1	33.33	18	12	0	63	80	121	138	4.1	19.1
Seq8081_272_bp_1_0_0	ENA|CAA36714|CAA36714.1	54.55	11	5	0	80	90	237	247	4.2	19.1
Seq8081_272_bp_1_0_0	ENA|AAB03707|AAB03707.1	50.00	14	7	0	57	70	424	437	4.2	20.6
Seq8081_272_bp_1_0_0	ENA|AAA36114|AAA36114.1	45.45	11	6	0	3	13	258	268	6.4	18.6
Seq8081_272_bp_1_0_0	ENA|AAA32624|AAA32624.1	31.25	16	11	0	9	24	486	501	6.5	18.6
Seq8081_272_bp_1_0_0	ENA|AAB66912|AAB66912.1	25.93	27	20	0	10	36	556	582	8	19.1
Seq8081_272_bp_1_0_0	ENA|AAF79734|AAF79734.1	33.33	15	10	0	52	66	466	480	8.7	19.6
Seq8081_272_bp_1_0_0	ENA|CAA24711|CAA24711.1	50.00	8	4	0	59	66	146	153	8.8	16.5
Seq8081_272_bp_1_0_0	ENA|AAA25966|AAA25966.1	29.03	31	22	0	7	37	57	87	8.8	18.6
Seq8081_272_bp_1_0_0	ENA|CAA73529|CAA73529.1	33.33	12	8	0	53	64	48	59	9.7	17.0
Seq8081_272_bp_1_1_0	ENA|CAL82360|CAL82360.1	37.50	16	10	0	1	16	652	667	1.6	19.4
Seq8081_272_bp_1_1_0	ENA|AAA24145|AAA24145.1	38.46	13	8	0	1	13	193	205	1.9	17.8
Seq8081_272_bp_1_1_0	ENA|CAA29968|CAA29968.1	30.77	13	9	0	2	14	69	81	3.7	15.5
Seq8081_272_bp_1_1_0	ENA|BAA32956|BAA32956.1	44.44	9	5	0	5	13	137	145	4	15.5
Seq8081_272_bp_1_1_0	ENA|CAA24711|CAA24711.1	57.14	7	3	0	2	8	110	116	4.8	14.9
Seq8081_272_bp_1_1_0	ENA|CAA28033|CAA28033.1	83.33	6	1	0	11	16	671	676	7.5	17.2
Seq8081_272_bp_1_1_0	ENA|BAB79260|BAB79260.1	28.57	14	10	0	3	16	196	209	8.3	15.5
Seq8081_272_bp_1_1_0	ENA|CAA36714|CAA36714.1	40.00	10	6	0	4	13	12	21	8.5	15.5
Seq8081_272_bp_1_1_0	ENA|AAA36539|AAA36539.1	46.15	13	7	0	1	13	155	167	8.7	15.5
Seq8081_272_bp_1_1_0	ENA|AAR31603|AAR31603.1	62.50	8	3	0	4	11	199	206	8.8	14.9
Seq8081_272_bp_1_1_1	ENA|EDO47375|EDO47375.1	42.86	15	8	1	13	27	101	114	1.5	17.9
Seq8081_272_bp_1_1_1	ENA|AAR37016|AAR37016.1	60.00	10	4	0	8	17	1567	1576	1.5	21.5
Seq8081_272_bp_1_1_1	ENA|CAA11507|CAA11507.1	71.43	17	4	3	7	21	31	46	2.6	19.9
Seq8081_272_bp_1_1_1	ENA|ABD33854|ABD33854.1	60.00	5	2	0	7	11	43	47	6	14.3
Seq8081_272_bp_1_1_1	ENA|ABG75784|ABG75784.1	57.14	7	3	0	22	28	103	109	7	16.3
Seq8081_272_bp_1_1_1	ENA|BAB79260|BAB79260.1	30.77	13	9	0	14	26	104	116	7	16.8
Seq8081_272_bp_1_1_1	ENA|AAA36539|AAA36539.1	62.50	8	3	0	19	26	356	363	7.4	16.8
Seq8081_272_bp_1_1_2	ENA|BAA32956|BAA32956.1	66.67	6	2	0	6	11	89	94	0.51	18.0
Seq8081_272_bp_1_1_2	ENA|CAA29968|CAA29968.1	30.00	10	7	0	1	10	77	86	1	16.8
Seq8081_272_bp_1_1_2	ENA|EDO47375|EDO47375.1	80.00	5	1	0	3	7	117	121	1.5	16.2
Seq8081_272_bp_1_1_2	ENA|BAB17681|BAB17681.1	42.86	7	4	0	4	10	215	221	2.2	16.2
Seq8081_272_bp_1_1_2	ENA|AAR31603|AAR31603.1	75.00	4	1	0	8	11	122	125	5.6	15.1
Seq8081_272_bp_1_1_2	ENA|AAS77176|AAS77176.1	75.00	4	1	0	8	11	156	159	7.3	14.5
Seq8081_272_bp_1_1_2	ENA|ABD33854|ABD33854.1	80.00	5	1	0	1	5	16	20	7.9	12.2
Seq8081_272_bp_1_1_2	ENA|AAC40132|AAC40132.1	75.00	4	1	0	8	11	72	75	8	15.1
Seq8081_272_bp_1_1_2	ENA|ACT10338|ACT10338.1	75.00	4	1	0	8	11	370	373	9.6	14.5
Seq8081_272_bp_1_1_3	ENA|ABG75784|ABG75784.1	54.55	11	5	0	3	13	194	204	0.22	20.3
Seq8081_272_bp_1_1_3	ENA|AAS77176|AAS77176.1	55.56	9	4	0	6	14	175	183	0.44	19.2
Seq8081_272_bp_1_1_3	ENA|AAA25966|AAA25966.1	38.46	13	8	0	2	14	3	15	1.1	19.2
Seq8081_272_bp_1_1_3	ENA|BAA32018|BAA32018.1	55.56	9	4	0	7	15	539	547	2.9	17.6
Seq8081_272_bp_1_1_3	ENA|BAA05866|BAA05866.1	57.14	7	3	0	7	13	137	143	3	16.5
Seq8081_272_bp_1_1_3	ENA|CAA45708|CAA45708.1	66.67	6	2	0	1	6	623	628	3.3	18.7
Seq8081_272_bp_1_1_3	ENA|AAA32624|AAA32624.1	42.86	7	4	0	1	7	479	485	3.5	17.0
Seq8081_272_bp_1_1_3	ENA|ABD33854|ABD33854.1	33.33	9	6	0	8	16	3	11	4.1	13.7
Seq8081_272_bp_1_1_3	ENA|CAD53387|CAD53387.1	37.50	8	5	0	2	9	475	482	7	15.9
Seq8081_272_bp_1_2_0	ENA|AAA24145|AAA24145.1	50.00	8	4	0	6	13	351	358	0.63	19.1
Seq8081_272_bp_1_2_0	ENA|AAR37016|AAR37016.1	50.00	12	6	0	1	12	163	174	0.99	20.8
Seq8081_272_bp_1_2_0	ENA|AAB26998|AAB26998.1	100.00	4	0	0	2	5	29	32	3.6	13.9
Seq8081_272_bp_1_2_0	ENA|AAC49865|AAC49865.1	50.00	8	4	0	1	8	50	57	4.6	15.6
Seq8081_272_bp_1_2_0	ENA|AAA42531|AAA42531.1	50.00	6	3	0	7	12	301	306	7.8	15.1
Seq8081_272_bp_1_2_0	ENA|BAA05866|BAA05866.1	80.00	5	1	0	1	5	258	262	9.1	14.5
Seq8081_272_bp_1_2_0	ENA|AAC40132|AAC40132.1	57.14	7	3	0	2	8	115	121	9.4	15.1
Seq8081_272_bp_1_2_0	ENA|AAA25966|AAA25966.1	100.00	4	0	0	7	10	7	10	9.6	15.6
Seq8081_272_bp_1_2_1	ENA|ABD49687|ABD49687.1	62.50	8	3	0	3	10	584	591	0.55	22.1
Seq8081_272_bp_1_2_1	ENA|BAA36759|BAA36759.1	62.50	8	3	0	9	16	91	98	1.8	17.8
Seq8081_272_bp_1_2_1	ENA|BAA32956|BAA32956.1	50.00	6	3	0	2	7	153	158	2.8	16.7
Seq8081_272_bp_1_2_1	ENA|AAA72732|AAA72732.1	60.00	10	4	0	8	17	107	116	2.8	17.2
Seq8081_272_bp_1_2_1	ENA|AAC40132|AAC40132.1	38.46	13	8	0	1	13	315	327	3	17.8
Seq8081_272_bp_1_2_1	ENA|AAC97205|AAC97205.1	35.71	14	9	0	3	16	188	201	5.2	18.3
Seq8081_272_bp_1_2_1	ENA|AAA32624|AAA32624.1	21.43	14	11	0	5	18	10	23	6.6	16.7
Seq8081_272_bp_1_2_1	ENA|AAC49865|AAC49865.1	66.67	3	1	0	1	3	27	29	8.6	15.6
Seq8081_272_bp_1_2_2	ENA|CAA36714|CAA36714.1	40.00	10	6	0	6	15	369	378	2.8	17.6
Seq8081_272_bp_1_2_2	ENA|AAA36539|AAA36539.1	62.50	8	3	0	10	17	173	180	2.9	17.6
Seq8081_272_bp_1_2_2	ENA|CAA26023|CAA26023.1	75.00	4	1	0	11	14	184	187	3.4	17.0
Seq8081_272_bp_1_2_2	ENA|BAB17681|BAB17681.1	26.32	19	14	0	3	21	119	137	3.5	16.5
Seq8081_272_bp_1_2_2	ENA|CAA24711|CAA24711.1	18.75	16	13	0	2	17	4	19	4.7	15.4
Seq8081_272_bp_1_2_2	ENA|AAB26998|AAB26998.1	50.00	10	5	0	1	10	70	79	6.6	13.7
Seq8081_272_bp_1_2_2	ENA|CAA29968|CAA29968.1	30.00	10	7	0	2	11	125	134	7.6	14.8
Seq8081_272_bp_1_2_2	ENA|CAA36214|CAA36214.1	28.57	14	10	0	4	17	150	163	8	15.4
Seq8081_272_bp_1_2_2	ENA|ABG75784|ABG75784.1	71.43	7	2	0	14	20	235	241	8.2	15.4
Seq8081_272_bp_1_2_2	ENA|AAR37016|AAR37016.1	50.00	8	4	0	9	16	47	54	9.2	18.1
Seq8081_272_bp_-1_0_0	ENA|AAB66912|AAB66912.1	38.46	13	8	0	4	16	322	334	0.61	21.4
Seq8081_272_bp_-1_0_0	ENA|CAA43419|CAA43419.1	53.85	13	6	0	4	16	165	177	0.8	19.6
Seq8081_272_bp_-1_0_0	ENA|AAC26660|AAC26660.1	26.67	15	11	0	7	21	157	171	2.7	17.3
Seq8081_272_bp_-1_0_0	ENA|AAA42531|AAA42531.1	30.77	13	9	0	4	16	244	256	2.8	17.9
Seq8081_272_bp_-1_0_0	ENA|ACT10338|ACT10338.1	37.50	16	10	0	4	19	292	307	2.8	17.9
Seq8081_272_bp_-1_0_0	ENA|CAA45708|CAA45708.1	71.43	7	2	0	5	11	699	705	3.2	19.6
Seq8081_272_bp_-1_0_0	ENA|BAA05866|BAA05866.1	44.44	9	5	0	8	16	29	37	3.3	17.3
Seq8081_272_bp_-1_0_0	ENA|CCP43727|CCP43727.1	35.29	17	11	0	14	30	307	323	3.5	17.3
Seq8081_272_bp_-1_0_0	ENA|BAA32956|BAA32956.1	66.67	6	2	0	26	31	3	8	4.9	16.2
Seq8081_272_bp_-1_0_0	ENA|AAC49865|AAC49865.1	40.00	10	6	0	12	21	254	263	5.1	16.7
Seq8081_272_bp_-1_0_0	ENA|AAA32624|AAA32624.1	54.55	11	5	0	2	12	241	251	5.4	17.3
Seq8081_272_bp_-1_0_0	ENA|CAA24711|CAA24711.1	21.43	14	11	0	3	16	111	124	5.9	15.6
Seq8081_272_bp_-1_0_0	ENA|CAL82360|CAL82360.1	29.41	17	12	0	5	21	225	241	5.9	18.5
Seq8081_272_bp_-1_0_0	ENA|AAA18786|AAA18786.1	40.00	10	6	0	7	16	110	119	6.1	16.2
Seq8081_272_bp_-1_0_0	ENA|BAA36759|BAA36759.1	60.00	5	2	0	25	29	142	146	6.6	16.2
Seq8081_272_bp_-1_0_0	ENA|ABD49687|ABD49687.1	46.15	13	7	0	5	17	1120	1132	7.8	18.5
Seq8081_272_bp_-1_0_0	ENA|ABK71357|ABK71357.1	38.89	18	11	0	8	25	49	66	8.4	16.2
Seq8081_272_bp_-1_0_0	ENA|CAA26939|CAA26939.1	33.33	9	6	0	11	19	300	308	8.6	16.7
Seq8081_272_bp_-1_0_0	ENA|AAB03707|AAB03707.1	23.81	21	16	0	6	26	10	30	9.2	17.9
Seq8081_272_bp_-1_0_0	ENA|BAA32018|BAA32018.1	26.09	23	17	0	3	25	281	303	9.3	16.7
Seq8081_272_bp_-1_0_1	ENA|AAC08817|AAC08817.1	28.95	39	27	1	1	39	41	78	0.44	19.6
Seq8081_272_bp_-1_0_1	ENA|AAB03707|AAB03707.1	55.00	20	9	0	3	22	1010	1029	0.49	22.6
Seq8081_272_bp_-1_0_1	ENA|AAA72732|AAA72732.1	26.09	23	17	0	2	24	143	165	1.2	19.1
Seq8081_272_bp_-1_0_1	ENA|ABK71357|ABK71357.1	57.14	15	6	1	11	25	150	163	2.1	18.6
Seq8081_272_bp_-1_0_1	ENA|BAA32956|BAA32956.1	35.71	14	9	0	5	18	187	200	2.3	17.6
Seq8081_272_bp_-1_0_1	ENA|AAF79734|AAF79734.1	38.24	35	21	1	4	37	59	93	2.8	20.1
Seq8081_272_bp_-1_0_1	ENA|CAL82360|CAL82360.1	30.00	20	14	0	15	34	199	218	3.5	19.6
Seq8081_272_bp_-1_0_1	ENA|AAB96524|AAB96524.1	30.43	25	16	2	7	29	32	56	4.1	16.6
Seq8081_272_bp_-1_0_1	ENA|ACT10338|ACT10338.1	50.00	12	6	0	10	21	10	21	5.9	17.1
Seq8081_272_bp_-1_0_1	ENA|AAC40132|AAC40132.1	39.13	27	14	4	5	27	180	206	7.2	17.1
Seq8081_272_bp_-1_0_1	ENA|AAR37016|AAR37016.1	46.15	13	7	0	26	38	573	585	8.7	19.1
Seq8081_272_bp_-1_0_1	ENA|AAI27517|AAI27517.1	24.24	33	25	0	5	37	183	215	8.8	17.1
Seq8081_272_bp_-1_0_1	ENA|BAA05866|BAA05866.1	35.71	14	9	0	9	22	135	148	9.1	16.1
Seq8081_272_bp_-1_1_0	ENA|AAB96524|AAB96524.1	66.67	6	2	0	3	8	99	104	0.56	18.2
Seq8081_272_bp_-1_1_0	ENA|CAA26023|CAA26023.1	62.50	8	3	0	6	13	276	283	0.74	18.9
Seq8081_272_bp_-1_1_0	ENA|CAA36714|CAA36714.1	33.33	15	10	0	2	16	19	33	2.2	17.6
Seq8081_272_bp_-1_1_0	ENA|ABD49687|ABD49687.1	44.44	9	5	0	7	15	106	114	3.2	18.9
Seq8081_272_bp_-1_1_0	ENA|AAA24145|AAA24145.1	33.33	12	8	0	2	13	155	166	3.3	16.9
Seq8081_272_bp_-1_1_0	ENA|AAR31603|AAR31603.1	50.00	10	5	0	7	16	303	312	3.7	16.3
Seq8081_272_bp_-1_1_0	ENA|CAA43419|CAA43419.1	30.77	13	9	0	4	16	148	160	6.2	15.6
Seq8081_272_bp_-1_1_0	ENA|AAI27517|AAI27517.1	55.56	9	4	0	5	13	471	479	6.4	16.3
Seq8081_272_bp_-1_1_0	ENA|AAC26660|AAC26660.1	42.86	15	8	1	1	15	18	31	6.8	15.0
Seq8081_272_bp_-1_1_0	ENA|BAB17681|BAB17681.1	44.44	9	5	0	1	9	165	173	7.2	15.0
Seq8081_272_bp_-1_1_0	ENA|BAB79260|BAB79260.1	25.00	12	9	0	4	15	237	248	7.6	15.6
Seq8081_272_bp_-1_1_0	ENA|AAC40132|AAC40132.1	66.67	6	2	0	3	8	65	70	8	15.6
Seq8081_272_bp_-1_1_0	ENA|BAA32956|BAA32956.1	66.67	6	2	0	10	15	164	169	8.5	14.4
Seq8081_272_bp_-1_1_0	ENA|ACH70901|ACH70901.1	37.50	8	5	0	1	8	81	88	9.3	15.0
Seq8081_272_bp_-1_1_0	ENA|ACT10338|ACT10338.1	75.00	4	1	0	3	6	266	269	10	15.0
Seq8081_272_bp_-1_1_1	ENA|AAB03707|AAB03707.1	55.56	9	4	0	1	9	583	591	0.75	20.1
Seq8081_272_bp_-1_1_1	ENA|CAA43419|CAA43419.1	62.50	8	3	0	3	10	62	69	1.1	17.7
Seq8081_272_bp_-1_1_1	ENA|CAB75732|CAB75732.1	57.14	7	3	0	2	8	674	680	1.5	18.9
Seq8081_272_bp_-1_1_1	ENA|AAC40132|AAC40132.1	57.14	7	3	0	3	9	452	458	3.2	16.5
Seq8081_272_bp_-1_1_1	ENA|BAA32991|BAA32991.1	30.00	10	7	0	2	11	7	16	3.8	13.4
Seq8081_272_bp_-1_1_1	ENA|CAA29968|CAA29968.1	60.00	5	2	0	1	5	33	37	4.6	14.7
Seq8081_272_bp_-1_1_1	ENA|CAA24711|CAA24711.1	60.00	5	2	0	3	7	43	47	9	13.4
Seq8081_272_bp_-1_1_2	ENA|AAA18786|AAA18786.1	64.71	21	6	4	8	24	15	35	0.071	22.8
Seq8081_272_bp_-1_1_2	ENA|ABD49687|ABD49687.1	22.22	27	21	0	6	32	1603	1629	0.14	24.5
Seq8081_272_bp_-1_1_2	ENA|AAR31603|AAR31603.1	35.00	20	13	0	5	24	180	199	0.95	19.4
Seq8081_272_bp_-1_1_2	ENA|AAA32624|AAA32624.1	25.00	16	12	0	3	18	289	304	1	19.9
Seq8081_272_bp_-1_1_2	ENA|AAC97205|AAC97205.1	38.89	19	11	1	15	33	1049	1066	1.1	21.1
Seq8081_272_bp_-1_1_2	ENA|AAA24145|AAA24145.1	54.55	11	5	0	6	16	316	326	1.3	19.4
Seq8081_272_bp_-1_1_2	ENA|AAI27517|AAI27517.1	42.86	14	8	0	6	19	281	294	1.7	19.4
Seq8081_272_bp_-1_1_2	ENA|AAB03707|AAB03707.1	38.46	13	8	0	4	16	137	149	1.8	20.5
Seq8081_272_bp_-1_1_2	ENA|AAA25966|AAA25966.1	50.00	10	5	0	3	12	351	360	3.1	18.8
Seq8081_272_bp_-1_1_2	ENA|CAL82360|CAL82360.1	25.00	24	18	0	3	26	1074	1097	3.6	19.4
Seq8081_272_bp_-1_1_2	ENA|BAA36759|BAA36759.1	30.77	13	9	0	3	15	25	37	4	17.1
Seq8081_272_bp_-1_1_2	ENA|BAB79260|BAB79260.1	66.67	6	2	0	3	8	237	242	4.2	17.6
Seq8081_272_bp_-1_1_2	ENA|CAA24711|CAA24711.1	36.84	19	12	0	13	31	149	167	5.2	15.9
Seq8081_272_bp_-1_1_2	ENA|CAA11507|CAA11507.1	57.14	15	6	1	17	31	866	879	5.6	18.8
Seq8081_272_bp_-1_1_2	ENA|CAA26023|CAA26023.1	36.36	11	7	0	13	23	94	104	7.6	16.5
Seq8081_272_bp_-1_1_2	ENA|ACT10338|ACT10338.1	43.75	17	9	1	16	31	302	318	7.7	16.5
Seq8081_272_bp_-1_1_2	ENA|CAA29968|CAA29968.1	37.50	8	5	0	6	13	72	79	8.5	15.3
Seq8081_272_bp_-1_1_2	ENA|CAA45199|CAA45199.1	30.77	13	9	0	22	34	367	379	9.2	16.5
Seq8081_272_bp_-1_1_3	ENA|AAA36114|AAA36114.1	36.36	11	7	0	2	12	199	209	5.1	16.0
Seq8081_272_bp_-1_1_3	ENA|AAA32624|AAA32624.1	66.67	9	3	0	4	12	24	32	5.3	16.0
Seq8081_272_bp_-1_1_3	ENA|AAB66912|AAB66912.1	50.00	10	5	0	3	12	678	687	6.1	16.6
Seq8081_272_bp_-1_1_3	ENA|BAA36759|BAA36759.1	80.00	5	1	0	2	6	49	53	6.7	14.8
Seq8081_272_bp_-1_1_3	ENA|AAC49865|AAC49865.1	80.00	5	1	0	4	8	37	41	7.6	14.8
Seq8081_272_bp_-1_1_3	ENA|AAR31603|AAR31603.1	33.33	9	6	0	1	9	46	54	7.6	14.8
Seq8081_272_bp_-1_1_3	ENA|AAA42531|AAA42531.1	80.00	5	1	0	8	12	288	292	8.8	14.8
Seq8081_272_bp_-1_1_3	ENA|CAA24711|CAA24711.1	66.67	6	2	0	2	7	100	105	9.1	13.5
Seq8081_272_bp_-1_2_0	ENA|AAC26660|AAC26660.1	33.33	24	16	0	12	35	214	237	0.36	21.5
Seq8081_272_bp_-1_2_0	ENA|AAB96524|AAB96524.1	46.15	13	7	0	21	33	83	95	0.76	20.0
Seq8081_272_bp_-1_2_0	ENA|CAA29968|CAA29968.1	30.43	23	16	0	50	72	166	188	1.1	19.5
Seq8081_272_bp_-1_2_0	ENA|CAA43419|CAA43419.1	38.10	24	13	3	43	63	130	153	2.1	19.5
Seq8081_272_bp_-1_2_0	ENA|ABD33854|ABD33854.1	29.17	24	17	0	30	53	7	30	3.1	16.4
Seq8081_272_bp_-1_2_0	ENA|ABN10845|ABN10845.1	37.50	16	10	0	54	69	65	80	3.6	17.9
Seq8081_272_bp_-1_2_0	ENA|ABD49687|ABD49687.1	50.00	14	7	0	49	62	894	907	4.7	20.5
Seq8081_272_bp_-1_2_0	ENA|CAA24711|CAA24711.1	19.05	42	34	0	6	47	113	154	5.7	16.9
Seq8081_272_bp_-1_2_0	ENA|AAS77176|AAS77176.1	29.63	28	19	1	13	39	146	173	6.6	17.4
Seq8081_272_bp_-1_2_0	ENA|AAI27517|AAI27517.1	42.86	14	8	0	15	28	166	179	6.6	18.4
Seq8081_272_bp_-1_2_0	ENA|CAA36214|CAA36214.1	24.00	28	19	3	11	35	170	197	7	17.4
Seq8081_272_bp_-1_2_0	ENA|BAA05866|BAA05866.1	31.25	16	11	0	50	65	275	290	7	17.4
Seq8081_272_bp_-1_2_0	ENA|CAA45199|CAA45199.1	30.00	10	7	0	27	36	97	106	7.5	17.9
Seq8081_272_bp_-1_2_1	ENA|ACT10338|ACT10338.1	40.00	10	6	0	1	10	234	243	1.2	17.5
Seq8081_272_bp_-1_2_1	ENA|CAA43419|CAA43419.1	50.00	6	3	0	4	9	107	112	4.3	15.5
Seq8081_272_bp_-1_2_1	ENA|BAA36759|BAA36759.1	75.00	4	1	0	6	9	172	175	5.3	14.9
Seq8081_272_bp_-1_2_1	ENA|CAA36714|CAA36714.1	40.00	10	6	0	1	10	144	153	5.4	15.5
Seq8081_272_bp_-1_2_1	ENA|AAC17860|AAC17860.1	28.57	7	5	0	1	7	408	414	7.3	14.9
Seq8081_272_bp_-1_2_1	ENA|AAA18786|AAA18786.1	42.86	7	4	0	1	7	145	151	7.5	14.2
Seq8081_272_bp_-1_2_1	ENA|AAA36539|AAA36539.1	66.67	6	2	0	1	6	83	88	8.4	14.9
