Seq8295_457_bp_1_0_0	ENA|CAA26023|CAA26023.1	100.00	152	0	0	1	152	201	352	7.1e-98	344.4
Seq8295_457_bp_1_0_0	ENA|CAA26023|CAA26023.1	42.31	27	15	1	31	56	353	379	0.024	27.1
Seq8295_457_bp_1_0_0	ENA|CAB75732|CAB75732.1	16.79	131	109	0	6	136	987	1117	3.9e-08	47.9
Seq8295_457_bp_1_0_0	ENA|CAB75732|CAB75732.1	15.46	98	82	1	40	136	115	212	3e-06	41.6
Seq8295_457_bp_1_0_0	ENA|CAB75732|CAB75732.1	16.85	91	74	2	45	135	892	980	7.1e-05	37.1
Seq8295_457_bp_1_0_0	ENA|CAB75732|CAB75732.1	15.71	71	59	1	27	97	41	110	0.03	28.3
Seq8295_457_bp_1_0_0	ENA|CAA45708|CAA45708.1	13.48	147	122	6	3	149	1081	1221	3.9e-05	38.3
Seq8295_457_bp_1_0_0	ENA|CAA45708|CAA45708.1	26.53	53	36	4	83	135	1000	1048	0.0094	30.4
Seq8295_457_bp_1_0_0	ENA|CAA45708|CAA45708.1	18.75	48	39	0	28	75	534	581	0.3	25.4
Seq8295_457_bp_1_0_0	ENA|AAR37016|AAR37016.1	21.85	128	93	9	6	124	688	815	0.00014	37.1
Seq8295_457_bp_1_0_0	ENA|AAQ92751|AAQ92751.2	10.85	131	115	2	8	136	60	190	0.00015	36.2
Seq8295_457_bp_1_0_0	ENA|AAF79734|AAF79734.1	18.18	67	54	1	39	104	293	359	0.00038	35.0
Seq8295_457_bp_1_0_0	ENA|AAF79734|AAF79734.1	15.25	60	50	1	71	129	686	745	0.09	27.1
Seq8295_457_bp_1_0_0	ENA|AAF79734|AAF79734.1	43.75	16	9	0	25	40	1382	1397	0.21	25.8
Seq8295_457_bp_1_0_0	ENA|AAF79734|AAF79734.1	14.29	107	84	9	43	141	496	601	0.68	24.2
Seq8295_457_bp_1_0_0	ENA|CCP43727|CCP43727.1	24.79	124	88	7	28	151	88	204	0.0011	31.2
Seq8295_457_bp_1_0_0	ENA|CAD53387|CAD53387.1	28.09	110	64	21	27	123	58	159	0.0017	31.2
Seq8295_457_bp_1_0_0	ENA|CAD53387|CAD53387.1	28.09	110	64	21	27	123	190	291	0.0017	31.2
Seq8295_457_bp_1_0_0	ENA|CAD53387|CAD53387.1	28.09	110	64	21	27	123	322	423	0.0017	31.2
Seq8295_457_bp_1_0_0	ENA|CAD53387|CAD53387.1	32.43	42	25	5	57	94	3	43	0.74	22.5
Seq8295_457_bp_1_0_0	ENA|ABD49687|ABD49687.1	23.16	101	73	6	26	122	113	211	0.0045	31.6
Seq8295_457_bp_1_0_0	ENA|ABD49687|ABD49687.1	29.79	49	33	2	101	147	521	569	0.014	30.0
Seq8295_457_bp_1_0_0	ENA|ABD49687|ABD49687.1	43.48	23	13	0	106	128	285	307	0.45	25.0
Seq8295_457_bp_1_0_0	ENA|AAI27517|AAI27517.1	24.00	52	38	2	92	143	94	143	0.015	28.3
Seq8295_457_bp_1_0_0	ENA|AAI27517|AAI27517.1	24.59	64	46	3	49	109	358	421	0.015	28.3
Seq8295_457_bp_1_0_0	ENA|AAR31603|AAR31603.1	15.04	115	96	2	14	127	215	328	0.036	26.2
Seq8295_457_bp_1_0_0	ENA|AAB66912|AAB66912.1	50.00	18	9	0	121	138	397	414	0.077	26.6
Seq8295_457_bp_1_0_0	ENA|AAB66912|AAB66912.1	45.45	23	12	1	72	93	915	937	0.44	24.2
Seq8295_457_bp_1_0_0	ENA|BAA32018|BAA32018.1	18.18	22	18	0	51	72	29	50	0.093	25.8
Seq8295_457_bp_1_0_0	ENA|AAB03707|AAB03707.1	16.81	124	99	5	15	133	920	1043	0.27	25.4
Seq8295_457_bp_1_0_0	ENA|AAB03707|AAB03707.1	29.17	24	17	0	14	37	570	593	0.86	23.7
Seq8295_457_bp_1_0_0	ENA|AAC78721|AAC78721.1	16.47	86	71	1	68	152	495	580	0.56	23.3
Seq8295_457_bp_1_0_0	ENA|CAA24711|CAA24711.1	27.27	22	16	0	122	143	85	106	0.61	21.2
Seq8295_457_bp_1_0_0	ENA|CAA36214|CAA36214.1	25.00	28	21	0	21	48	97	124	0.8	21.7
Seq8295_457_bp_1_0_0	ENA|ABK71357|ABK71357.1	23.81	21	16	0	103	123	286	306	2.3	20.4
Seq8295_457_bp_1_0_0	ENA|AAC97205|AAC97205.1	18.92	37	30	0	64	100	57	93	2.4	22.1
Seq8295_457_bp_1_0_0	ENA|AAA25966|AAA25966.1	19.61	53	41	2	78	129	543	594	2.5	21.2
Seq8295_457_bp_1_0_0	ENA|CAA29956|CAA29956.1	24.00	25	19	0	113	137	352	376	3.1	20.0
Seq8295_457_bp_1_0_0	ENA|AAA36114|AAA36114.1	18.18	44	36	0	1	44	209	252	3.1	20.4
Seq8295_457_bp_1_0_0	ENA|AAC17860|AAC17860.1	24.44	45	34	0	1	45	122	166	3.4	20.0
Seq8295_457_bp_1_0_0	ENA|AAA18786|AAA18786.1	27.91	48	31	5	14	56	31	78	3.9	19.2
Seq8295_457_bp_1_0_0	ENA|AAS77176|AAS77176.1	15.00	20	17	0	14	33	10	29	4.2	19.2
Seq8295_457_bp_1_0_0	ENA|CAA45199|CAA45199.1	33.33	21	14	0	119	139	150	170	5.1	19.6
Seq8295_457_bp_1_0_0	ENA|ACH70901|ACH70901.1	36.00	25	16	0	34	58	303	327	5.1	19.2
Seq8295_457_bp_1_0_0	ENA|AAA72732|AAA72732.1	23.81	21	16	0	127	147	50	70	5.9	18.7
Seq8295_457_bp_1_0_0	ENA|AAC08817|AAC08817.1	16.90	72	59	1	36	107	18	88	7	17.5
Seq8295_457_bp_1_0_0	ENA|CAA11507|CAA11507.1	30.56	36	25	0	114	149	256	291	8	20.4
Seq8295_457_bp_1_0_0	ENA|CAA29968|CAA29968.1	37.50	16	10	0	23	38	5	20	8.5	17.5
Seq8295_457_bp_1_1_0	ENA|BAA32018|BAA32018.1	29.41	17	12	0	2	18	276	292	0.22	22.1
Seq8295_457_bp_1_1_0	ENA|AAA18786|AAA18786.1	47.37	19	10	0	4	22	193	211	0.58	19.4
Seq8295_457_bp_1_1_0	ENA|AAC97205|AAC97205.1	69.23	16	4	3	8	20	834	849	1.2	20.6
Seq8295_457_bp_1_1_0	ENA|CAA43419|CAA43419.1	33.33	18	12	0	8	25	34	51	6.2	16.4
Seq8295_457_bp_1_1_0	ENA|ABD33854|ABD33854.1	38.46	13	8	0	6	18	6	18	6.6	13.8
Seq8295_457_bp_1_1_0	ENA|ABG75784|ABG75784.1	55.56	9	4	0	4	12	101	109	6.8	16.0
Seq8295_457_bp_1_1_0	ENA|AAC26660|AAC26660.1	18.75	16	13	0	2	17	2	17	7.2	15.7
Seq8295_457_bp_1_1_0	ENA|BAB79260|BAB79260.1	46.15	13	7	0	5	17	346	358	9.6	16.0
Seq8295_457_bp_1_1_1	ENA|CAA24711|CAA24711.1	25.53	52	35	5	1	48	90	140	0.54	20.7
Seq8295_457_bp_1_1_1	ENA|AAC40132|AAC40132.1	32.35	40	23	6	14	52	137	171	5.5	18.8
Seq8295_457_bp_1_1_1	ENA|BAB79260|BAB79260.1	20.00	69	52	4	18	86	347	411	7.2	18.3
Seq8295_457_bp_1_1_1	ENA|AAB66912|AAB66912.1	25.64	41	29	2	31	69	359	399	7.5	19.3
Seq8295_457_bp_1_1_1	ENA|AAA72732|AAA72732.1	16.13	64	52	2	14	77	86	147	9.6	17.3
Seq8295_457_bp_1_1_2	ENA|CAA29968|CAA29968.1	35.71	14	9	0	1	14	118	131	1.5	16.7
Seq8295_457_bp_1_1_2	ENA|AAF79734|AAF79734.1	46.15	13	7	0	1	13	1188	1200	5.5	17.6
Seq8295_457_bp_1_1_2	ENA|EDO47375|EDO47375.1	55.56	9	4	0	5	13	5	13	6.8	14.4
Seq8295_457_bp_1_1_2	ENA|BAA32956|BAA32956.1	50.00	8	4	0	1	8	202	209	7.5	14.4
Seq8295_457_bp_1_1_2	ENA|BAA32018|BAA32018.1	30.77	13	9	0	2	14	266	278	8.4	15.8
Seq8295_457_bp_1_1_2	ENA|ACH70901|ACH70901.1	45.45	11	6	0	4	14	152	162	9.1	14.8
Seq8295_457_bp_1_1_3	ENA|AAB03707|AAB03707.1	58.33	12	5	0	2	13	151	162	0.57	20.8
Seq8295_457_bp_1_1_3	ENA|AAB96524|AAB96524.1	41.67	12	7	0	2	13	104	115	0.87	17.3
Seq8295_457_bp_1_1_3	ENA|CAA11507|CAA11507.1	33.33	9	6	0	5	13	37	45	1.3	19.6
Seq8295_457_bp_1_1_3	ENA|CAA29968|CAA29968.1	42.86	7	4	0	3	9	76	82	1.4	16.7
Seq8295_457_bp_1_1_3	ENA|CAA24711|CAA24711.1	30.00	10	7	0	4	13	81	90	1.8	16.1
Seq8295_457_bp_1_1_3	ENA|CAA73529|CAA73529.1	41.67	12	7	0	1	12	173	184	1.9	16.7
Seq8295_457_bp_1_1_3	ENA|BAB17681|BAB17681.1	50.00	6	3	0	8	13	13	18	1.9	16.7
Seq8295_457_bp_1_1_3	ENA|BAA32018|BAA32018.1	27.27	11	8	0	1	11	427	437	1.9	17.9
Seq8295_457_bp_1_1_3	ENA|ABG75784|ABG75784.1	45.45	11	6	0	3	13	20	30	2.2	16.7
Seq8295_457_bp_1_1_3	ENA|AAC26660|AAC26660.1	28.57	7	5	0	4	10	6	12	2.7	16.1
Seq8295_457_bp_1_1_3	ENA|AAA32624|AAA32624.1	44.44	9	5	0	1	9	186	194	3.6	16.7
Seq8295_457_bp_1_1_3	ENA|CAA28033|CAA28033.1	30.00	10	7	0	3	12	16	25	4	17.9
Seq8295_457_bp_1_1_3	ENA|AAR31603|AAR31603.1	37.50	8	5	0	3	10	321	328	5	15.5
Seq8295_457_bp_1_1_3	ENA|CAA26939|CAA26939.1	37.50	8	5	0	6	13	280	287	5.8	16.1
Seq8295_457_bp_1_1_3	ENA|CAA26023|CAA26023.1	40.00	5	3	0	6	10	64	68	5.8	15.5
Seq8295_457_bp_1_1_3	ENA|ACT10338|ACT10338.1	27.27	11	8	0	3	13	97	107	5.9	15.5
Seq8295_457_bp_1_1_3	ENA|AAB66912|AAB66912.1	30.00	10	7	0	1	10	852	861	6.3	16.7
Seq8295_457_bp_1_1_3	ENA|EDO47375|EDO47375.1	44.44	9	5	0	4	12	102	110	6.4	14.3
Seq8295_457_bp_1_1_3	ENA|BAB79260|BAB79260.1	44.44	9	5	0	5	13	95	103	6.8	15.5
Seq8295_457_bp_1_1_3	ENA|AAA24145|AAA24145.1	60.00	5	2	0	9	13	164	168	6.9	15.5
Seq8295_457_bp_1_1_3	ENA|AAA36114|AAA36114.1	33.33	12	8	0	2	13	74	85	7.6	15.5
Seq8295_457_bp_1_1_3	ENA|ABK71357|ABK71357.1	36.36	11	7	0	1	11	30	40	8.3	14.9
Seq8295_457_bp_1_1_3	ENA|CAL82360|CAL82360.1	37.50	8	5	0	4	11	628	635	8.4	16.7
Seq8295_457_bp_1_1_3	ENA|AAF79734|AAF79734.1	50.00	10	5	0	2	11	532	541	9.5	16.7
Seq8295_457_bp_1_2_0	ENA|BAA36759|BAA36759.1	36.36	11	7	0	11	21	16	26	0.49	19.4
Seq8295_457_bp_1_2_0	ENA|BAA32956|BAA32956.1	38.89	18	11	0	2	19	180	197	0.85	18.2
Seq8295_457_bp_1_2_0	ENA|CAA26023|CAA26023.1	47.06	20	9	3	1	20	5	21	1.1	18.6
Seq8295_457_bp_1_2_0	ENA|AAB66912|AAB66912.1	35.71	14	9	0	1	14	596	609	1.6	19.4
Seq8295_457_bp_1_2_0	ENA|AAB96524|AAB96524.1	30.00	10	7	0	11	20	61	70	1.8	16.9
Seq8295_457_bp_1_2_0	ENA|ABK71357|ABK71357.1	30.00	10	7	0	6	15	137	146	2	17.8
Seq8295_457_bp_1_2_0	ENA|AAR37016|AAR37016.1	71.43	7	2	0	6	12	955	961	2.2	20.3
Seq8295_457_bp_1_2_0	ENA|CAA26939|CAA26939.1	22.22	18	14	0	3	20	354	371	2.3	18.2
Seq8295_457_bp_1_2_0	ENA|CAD53387|CAD53387.1	40.00	10	6	0	3	12	468	477	3.5	17.3
Seq8295_457_bp_1_2_0	ENA|CAA29956|CAA29956.1	50.00	14	5	4	12	21	284	297	3.5	16.9
Seq8295_457_bp_1_2_0	ENA|AAC97205|AAC97205.1	44.44	9	5	0	9	17	16	24	3.6	18.6
Seq8295_457_bp_1_2_0	ENA|ACT10338|ACT10338.1	25.00	8	6	0	10	17	117	124	3.6	16.9
Seq8295_457_bp_1_2_0	ENA|AAI27517|AAI27517.1	50.00	18	7	4	1	14	525	542	4.1	17.3
Seq8295_457_bp_1_2_0	ENA|BAA32991|BAA32991.1	33.33	9	6	0	12	20	32	40	4.9	14.0
Seq8295_457_bp_1_2_0	ENA|CAA24711|CAA24711.1	9.09	11	10	0	10	20	20	30	5.1	15.2
Seq8295_457_bp_1_2_0	ENA|AAA24145|AAA24145.1	45.45	12	6	1	1	12	420	430	5.7	16.5
Seq8295_457_bp_1_2_0	ENA|AAC08817|AAC08817.1	38.46	13	8	0	6	18	123	135	6.2	14.8
Seq8295_457_bp_1_2_0	ENA|ABN10845|ABN10845.1	16.67	12	10	0	10	21	17	28	6.4	15.2
Seq8295_457_bp_1_2_0	ENA|ABD49687|ABD49687.1	50.00	6	3	0	7	12	796	801	6.5	18.2
Seq8295_457_bp_1_2_0	ENA|AAR31603|AAR31603.1	44.44	9	5	0	12	20	82	90	7.1	15.7
Seq8295_457_bp_1_2_0	ENA|CAA36714|CAA36714.1	35.71	15	9	1	1	14	266	280	7.6	16.1
Seq8295_457_bp_1_2_0	ENA|AAA36539|AAA36539.1	55.56	10	4	1	5	13	91	100	7.7	16.1
Seq8295_457_bp_1_2_0	ENA|AAB26998|AAB26998.1	28.57	7	5	0	14	20	37	43	9.5	13.1
Seq8295_457_bp_1_2_1	ENA|AAQ92751|AAQ92751.2	50.00	8	4	0	1	8	786	793	0.063	23.6
Seq8295_457_bp_1_2_1	ENA|AAR31603|AAR31603.1	42.86	7	4	0	1	7	20	26	0.071	21.3
Seq8295_457_bp_1_2_1	ENA|AAA36539|AAA36539.1	100.00	3	0	0	1	3	22	24	0.17	20.6
Seq8295_457_bp_1_2_1	ENA|AAI27517|AAI27517.1	50.00	8	4	0	1	8	417	424	0.21	20.6
Seq8295_457_bp_1_2_1	ENA|AAI27517|AAI27517.1	71.43	7	2	0	2	8	136	142	0.6	19.1
Seq8295_457_bp_1_2_1	ENA|AAC08817|AAC08817.1	66.67	3	1	0	1	3	84	86	0.27	18.3
Seq8295_457_bp_1_2_1	ENA|ABD49687|ABD49687.1	44.44	9	5	0	1	9	317	325	0.37	21.3
Seq8295_457_bp_1_2_1	ENA|CAA29956|CAA29956.1	28.57	7	5	0	1	7	105	111	0.39	19.1
Seq8295_457_bp_1_2_1	ENA|AAC26660|AAC26660.1	37.50	8	5	0	3	10	56	63	0.44	18.3
Seq8295_457_bp_1_2_1	ENA|AAC17860|AAC17860.1	20.00	10	8	0	1	10	403	412	0.7	18.3
Seq8295_457_bp_1_2_1	ENA|CAL82360|CAL82360.1	71.43	7	2	0	1	7	118	124	1.3	19.1
Seq8295_457_bp_1_2_1	ENA|CAA73529|CAA73529.1	30.00	10	7	0	1	10	40	49	1.3	16.8
Seq8295_457_bp_1_2_1	ENA|CAA36214|CAA36214.1	40.00	5	3	0	1	5	174	178	1.5	16.8
Seq8295_457_bp_1_2_1	ENA|ABN10845|ABN10845.1	42.86	7	4	0	1	7	204	210	1.8	16.1
Seq8295_457_bp_1_2_1	ENA|BAB79260|BAB79260.1	50.00	10	5	0	1	10	54	63	2.2	16.8
Seq8295_457_bp_1_2_1	ENA|BAA36759|BAA36759.1	28.57	7	5	0	1	7	276	282	2.3	16.1
Seq8295_457_bp_1_2_1	ENA|AAB03707|AAB03707.1	14.29	7	6	0	1	7	419	425	2.3	18.3
Seq8295_457_bp_1_2_1	ENA|AAA72732|AAA72732.1	37.50	8	5	0	1	8	299	306	2.5	16.1
Seq8295_457_bp_1_2_1	ENA|ABK71357|ABK71357.1	83.33	9	1	3	1	9	198	203	3	16.1
Seq8295_457_bp_1_2_1	ENA|AAB26998|AAB26998.1	33.33	3	2	0	1	3	47	49	3	13.8
Seq8295_457_bp_1_2_1	ENA|AAC40132|AAC40132.1	37.50	8	5	0	2	9	185	192	3.8	16.1
Seq8295_457_bp_1_2_1	ENA|CAA11507|CAA11507.1	25.00	8	6	0	1	8	411	418	3.8	17.6
Seq8295_457_bp_1_2_1	ENA|AAR37016|AAR37016.1	37.50	8	5	0	1	8	205	212	3.9	18.3
Seq8295_457_bp_1_2_1	ENA|AAA32624|AAA32624.1	50.00	6	3	0	1	6	359	364	4.1	16.1
Seq8295_457_bp_1_2_1	ENA|AAB66912|AAB66912.1	57.14	7	3	0	2	8	214	220	4.4	16.8
Seq8295_457_bp_1_2_1	ENA|CAA26939|CAA26939.1	50.00	6	3	0	1	6	407	412	4.5	16.1
Seq8295_457_bp_1_2_1	ENA|ACH70901|ACH70901.1	100.00	2	0	0	1	2	148	149	4.8	15.3
Seq8295_457_bp_1_2_1	ENA|CAA26023|CAA26023.1	100.00	2	0	0	1	2	131	132	5	15.3
Seq8295_457_bp_1_2_1	ENA|AAA25966|AAA25966.1	50.00	4	2	0	1	4	444	447	5.6	16.1
Seq8295_457_bp_1_2_1	ENA|AAC97205|AAC97205.1	14.29	7	6	0	1	7	188	194	5.7	16.8
Seq8295_457_bp_1_2_1	ENA|BAB17681|BAB17681.1	66.67	3	1	0	1	3	187	189	6	14.6
Seq8295_457_bp_1_2_1	ENA|AAA24145|AAA24145.1	44.44	9	5	0	2	10	400	408	6	15.3
Seq8295_457_bp_1_2_1	ENA|CAA36714|CAA36714.1	100.00	2	0	0	1	2	436	437	6.1	15.3
Seq8295_457_bp_1_2_1	ENA|CAA45199|CAA45199.1	100.00	2	0	0	1	2	214	215	6.1	15.3
Seq8295_457_bp_1_2_1	ENA|CAA45708|CAA45708.1	57.14	7	3	0	4	10	836	842	7	16.8
Seq8295_457_bp_1_2_1	ENA|CCP43727|CCP43727.1	50.00	8	4	0	3	10	121	128	7.1	14.6
Seq8295_457_bp_1_2_1	ENA|CAB75732|CAB75732.1	44.44	9	5	0	1	9	833	841	8.8	16.1
Seq8295_457_bp_1_2_1	ENA|CAA28033|CAA28033.1	42.86	7	4	0	1	7	615	621	9.7	16.1
Seq8295_457_bp_1_2_2	ENA|AAB96524|AAB96524.1	36.36	11	7	0	1	11	116	126	0.18	19.4
Seq8295_457_bp_1_2_2	ENA|AAC08817|AAC08817.1	41.67	12	7	0	1	12	120	131	1	16.7
Seq8295_457_bp_1_2_2	ENA|AAI27517|AAI27517.1	33.33	12	8	0	1	12	521	532	1.1	18.5
Seq8295_457_bp_1_2_2	ENA|AAR37016|AAR37016.1	41.67	12	7	0	1	12	2209	2220	1.2	20.4
Seq8295_457_bp_1_2_2	ENA|AAC40132|AAC40132.1	40.00	10	6	0	1	10	466	475	3.1	16.7
Seq8295_457_bp_1_2_2	ENA|BAA32956|BAA32956.1	57.14	7	3	0	6	12	198	204	3.6	15.3
Seq8295_457_bp_1_2_2	ENA|CAA29956|CAA29956.1	44.44	9	5	0	4	12	66	74	4.6	15.7
Seq8295_457_bp_1_2_2	ENA|ABD49687|ABD49687.1	83.33	6	1	0	7	12	465	470	5.7	17.6
Seq8295_457_bp_1_2_2	ENA|AAB66912|AAB66912.1	37.50	8	5	0	3	10	2	9	5.9	16.7
Seq8295_457_bp_-1_0_0	ENA|AAA36114|AAA36114.1	57.14	7	3	0	5	11	507	513	0.88	18.7
Seq8295_457_bp_-1_0_0	ENA|AAA36539|AAA36539.1	33.33	9	6	0	3	11	413	421	2	17.4
Seq8295_457_bp_-1_0_0	ENA|AAC40132|AAC40132.1	50.00	8	4	0	2	9	173	180	4.7	16.1
Seq8295_457_bp_-1_0_0	ENA|CAA29968|CAA29968.1	75.00	9	2	1	4	12	63	70	6.2	14.4
Seq8295_457_bp_-1_0_0	ENA|AAB96524|AAB96524.1	11.11	9	8	0	3	11	179	187	7.8	14.0
Seq8295_457_bp_-1_0_0	ENA|CAA43419|CAA43419.1	37.50	8	5	0	5	12	85	92	8.5	14.9
Seq8295_457_bp_-1_0_1	ENA|CAA73529|CAA73529.1	44.44	9	5	0	2	10	184	192	0.78	18.1
Seq8295_457_bp_-1_0_1	ENA|CAA36214|CAA36214.1	42.86	7	4	0	7	13	286	292	1.6	17.2
Seq8295_457_bp_-1_0_1	ENA|CAA29968|CAA29968.1	75.00	4	1	0	7	10	81	84	2.5	15.9
Seq8295_457_bp_-1_0_1	ENA|CAA26023|CAA26023.1	58.33	12	5	0	2	13	231	242	2.6	16.8
Seq8295_457_bp_-1_0_1	ENA|AAB26998|AAB26998.1	80.00	5	1	0	4	8	1	5	3.3	14.2
Seq8295_457_bp_-1_0_1	ENA|AAA42531|AAA42531.1	42.86	7	4	0	7	13	180	186	3.6	16.4
Seq8295_457_bp_-1_0_1	ENA|BAB79260|BAB79260.1	63.64	12	4	1	2	13	136	146	4.2	16.4
Seq8295_457_bp_-1_0_1	ENA|AAA36114|AAA36114.1	44.44	9	5	0	1	9	238	246	4.7	16.4
Seq8295_457_bp_-1_0_1	ENA|AAC17860|AAC17860.1	57.14	7	3	0	1	7	370	376	5.1	15.9
Seq8295_457_bp_-1_0_1	ENA|BAA32991|BAA32991.1	28.57	7	5	0	4	10	18	24	5.2	13.3
Seq8295_457_bp_-1_0_1	ENA|AAI27517|AAI27517.1	18.18	11	9	0	1	11	215	225	5.4	16.4
Seq8295_457_bp_-1_0_1	ENA|BAA32956|BAA32956.1	36.36	11	7	0	2	12	39	49	6.4	14.6
Seq8295_457_bp_-1_0_1	ENA|AAR37016|AAR37016.1	46.15	13	7	0	2	14	153	165	6.4	18.1
Seq8295_457_bp_-1_0_1	ENA|BAA05866|BAA05866.1	30.00	10	7	0	4	13	219	228	6.8	15.1
Seq8295_457_bp_-1_0_1	ENA|CAA24711|CAA24711.1	55.56	9	4	0	5	13	105	113	7	14.2
Seq8295_457_bp_-1_0_1	ENA|CAA43419|CAA43419.1	33.33	9	6	0	6	14	24	32	8.1	15.1
Seq8295_457_bp_-1_0_1	ENA|AAQ92751|AAQ92751.2	36.36	11	7	0	2	12	919	929	9	16.8
Seq8295_457_bp_-1_0_2	ENA|ABD33854|ABD33854.1	42.11	24	11	5	53	76	46	64	0.2	20.7
Seq8295_457_bp_-1_0_2	ENA|EDO47375|EDO47375.1	34.21	42	25	4	28	65	141	182	0.4	21.3
Seq8295_457_bp_-1_0_2	ENA|AAR37016|AAR37016.1	38.18	70	34	15	40	94	248	317	1.7	22.8
Seq8295_457_bp_-1_0_2	ENA|AAC40132|AAC40132.1	46.67	16	8	1	14	28	300	315	5.1	18.9
Seq8295_457_bp_-1_0_2	ENA|AAC97205|AAC97205.1	33.33	24	12	6	48	71	340	357	8.4	19.5
Seq8295_457_bp_-1_0_2	ENA|CAA36214|CAA36214.1	30.43	24	16	1	70	92	130	153	8.9	17.4
Seq8295_457_bp_-1_0_2	ENA|CAA45199|CAA45199.1	25.93	28	20	1	67	94	241	267	9	18.0
Seq8295_457_bp_-1_0_3	ENA|CAA26023|CAA26023.1	50.00	16	8	0	12	27	217	232	0.41	20.5
Seq8295_457_bp_-1_0_3	ENA|CAA11507|CAA11507.1	30.43	23	16	0	4	26	406	428	0.63	21.7
Seq8295_457_bp_-1_0_3	ENA|CAA29956|CAA29956.1	60.00	10	4	0	4	13	122	131	0.92	19.3
Seq8295_457_bp_-1_0_3	ENA|ABD49687|ABD49687.1	37.50	16	10	0	7	22	315	330	1.8	20.5
Seq8295_457_bp_-1_0_3	ENA|CAL82360|CAL82360.1	21.43	14	11	0	9	22	985	998	2.3	19.7
Seq8295_457_bp_-1_0_3	ENA|AAF79734|AAF79734.1	35.29	17	11	0	6	22	1077	1093	2.6	19.7
Seq8295_457_bp_-1_0_3	ENA|ABK71357|ABK71357.1	29.17	27	17	3	4	27	134	160	2.7	17.6
Seq8295_457_bp_-1_0_3	ENA|AAC49865|AAC49865.1	33.33	12	8	0	9	20	122	133	3.2	17.2
Seq8295_457_bp_-1_0_3	ENA|CAA45199|CAA45199.1	33.33	28	16	4	2	26	379	405	4.5	17.2
Seq8295_457_bp_-1_0_3	ENA|AAC08817|AAC08817.1	100.00	3	0	0	7	9	82	84	6	15.2
Seq8295_457_bp_-1_0_3	ENA|CAA43419|CAA43419.1	50.00	10	5	0	14	23	62	71	6.1	16.4
Seq8295_457_bp_-1_0_3	ENA|AAI27517|AAI27517.1	37.50	8	5	0	9	16	20	27	9.5	16.4
Seq8295_457_bp_-1_0_3	ENA|AAQ92751|AAQ92751.2	42.86	7	4	0	7	13	1224	1230	9.6	17.6
Seq8295_457_bp_-1_0_3	ENA|AAA18786|AAA18786.1	38.10	26	13	5	7	27	39	64	9.8	15.2
Seq8295_457_bp_-1_0_3	ENA|BAA32018|BAA32018.1	41.67	12	7	0	11	22	141	152	10	16.4
Seq8295_457_bp_-1_1_0	ENA|ABN10845|ABN10845.1	21.90	113	82	8	17	122	41	152	6.5e-07	41.4
Seq8295_457_bp_-1_1_0	ENA|CAA26023|CAA26023.1	18.18	82	54	16	19	100	118	183	0.019	27.4
Seq8295_457_bp_-1_1_0	ENA|CAA26023|CAA26023.1	17.11	86	63	10	18	102	24	100	0.32	23.3
Seq8295_457_bp_-1_1_0	ENA|BAA32956|BAA32956.1	22.97	85	57	11	17	100	57	131	0.12	23.9
Seq8295_457_bp_-1_1_0	ENA|AAR37016|AAR37016.1	22.34	113	73	19	51	148	1567	1675	0.23	26.4
Seq8295_457_bp_-1_1_0	ENA|AAR37016|AAR37016.1	24.00	87	57	12	44	128	1199	1275	0.83	24.5
Seq8295_457_bp_-1_1_0	ENA|CAA73529|CAA73529.1	27.78	38	26	2	14	51	24	59	0.36	22.7
Seq8295_457_bp_-1_1_0	ENA|AAC49865|AAC49865.1	24.24	36	25	3	114	146	119	154	0.66	22.0
Seq8295_457_bp_-1_1_0	ENA|CAA11507|CAA11507.1	24.14	30	22	1	24	53	917	945	0.92	23.6
Seq8295_457_bp_-1_1_0	ENA|AAF79734|AAF79734.1	20.00	40	32	0	7	46	1332	1371	1.9	22.7
Seq8295_457_bp_-1_1_0	ENA|AAB66912|AAB66912.1	25.45	60	41	5	61	120	450	504	2.3	21.7
Seq8295_457_bp_-1_1_0	ENA|AAA72732|AAA72732.1	19.44	39	29	3	13	51	264	299	2.8	19.9
Seq8295_457_bp_-1_1_0	ENA|AAA32624|AAA32624.1	27.27	45	32	1	90	133	349	393	3	20.5
Seq8295_457_bp_-1_1_0	ENA|AAA36539|AAA36539.1	34.48	33	19	4	57	85	74	106	4.2	19.9
Seq8295_457_bp_-1_1_0	ENA|CAA28033|CAA28033.1	18.82	93	69	8	67	152	975	1066	4.8	21.1
Seq8295_457_bp_-1_1_0	ENA|CAL82360|CAL82360.1	19.42	113	83	10	16	122	1140	1248	5.8	20.8
Seq8295_457_bp_-1_1_0	ENA|BAB79260|BAB79260.1	19.44	83	58	11	1	78	366	442	7.4	18.9
Seq8295_457_bp_-1_1_0	ENA|ABK71357|ABK71357.1	22.73	71	51	5	20	86	17	86	7.5	18.6
Seq8295_457_bp_-1_1_0	ENA|AAA25966|AAA25966.1	25.40	68	47	5	78	145	373	435	7.7	19.6
Seq8295_457_bp_-1_1_0	ENA|AAR31603|AAR31603.1	34.62	29	17	3	91	117	95	122	8.2	18.3
Seq8295_457_bp_-1_1_0	ENA|AAS77176|AAS77176.1	19.23	33	21	7	18	43	134	166	8.9	18.0
Seq8295_457_bp_-1_1_0	ENA|CAA43419|CAA43419.1	27.59	29	21	0	76	104	334	362	9.1	18.3
Seq8295_457_bp_-1_1_0	ENA|AAQ92751|AAQ92751.2	25.00	99	69	7	33	125	1066	1163	9.3	20.2
Seq8295_457_bp_-1_1_0	ENA|CAA45199|CAA45199.1	24.14	65	44	7	79	141	329	388	9.4	18.6
Seq8295_457_bp_-1_1_0	ENA|ABG75784|ABG75784.1	15.91	44	37	0	5	48	106	149	9.6	18.0
Seq8295_457_bp_-1_2_0	ENA|AAI27517|AAI27517.1	54.55	11	5	0	1	11	104	114	9.8e-06	35.3
Seq8295_457_bp_-1_2_0	ENA|AAI27517|AAI27517.1	40.00	10	6	0	3	12	531	540	2.5e-05	33.9
Seq8295_457_bp_-1_2_0	ENA|AAI27517|AAI27517.1	33.33	12	8	0	1	12	519	530	0.0011	28.4
Seq8295_457_bp_-1_2_0	ENA|AAI27517|AAI27517.1	80.00	5	1	0	1	5	501	505	0.0029	27.0
Seq8295_457_bp_-1_2_0	ENA|AAI27517|AAI27517.1	37.50	8	5	0	1	8	344	351	0.34	20.2
Seq8295_457_bp_-1_2_0	ENA|CAA29956|CAA29956.1	44.44	9	5	0	4	12	97	105	1.6e-05	33.9
Seq8295_457_bp_-1_2_0	ENA|CAA29956|CAA29956.1	60.00	5	2	0	8	12	373	377	0.0019	27.0
Seq8295_457_bp_-1_2_0	ENA|CAA36214|CAA36214.1	44.44	9	5	0	4	12	273	281	8.7e-05	31.2
Seq8295_457_bp_-1_2_0	ENA|CAA36214|CAA36214.1	57.14	7	3	0	2	8	48	54	0.17	20.2
Seq8295_457_bp_-1_2_0	ENA|CAD53387|CAD53387.1	45.45	11	6	0	1	11	13	23	0.00014	31.2
Seq8295_457_bp_-1_2_0	ENA|CAD53387|CAD53387.1	45.45	11	6	0	1	11	79	89	0.00014	31.2
Seq8295_457_bp_-1_2_0	ENA|CAD53387|CAD53387.1	45.45	11	6	0	1	11	145	155	0.00014	31.2
Seq8295_457_bp_-1_2_0	ENA|CAD53387|CAD53387.1	45.45	11	6	0	1	11	211	221	0.00014	31.2
Seq8295_457_bp_-1_2_0	ENA|CAD53387|CAD53387.1	45.45	11	6	0	1	11	277	287	0.00014	31.2
Seq8295_457_bp_-1_2_0	ENA|CAD53387|CAD53387.1	45.45	11	6	0	1	11	343	353	0.00014	31.2
Seq8295_457_bp_-1_2_0	ENA|CAD53387|CAD53387.1	45.45	11	6	0	1	11	409	419	0.00014	31.2
Seq8295_457_bp_-1_2_0	ENA|CAA26939|CAA26939.1	50.00	13	6	1	1	12	234	246	0.00016	31.2
Seq8295_457_bp_-1_2_0	ENA|AAR31603|AAR31603.1	62.50	8	3	0	1	8	306	313	0.00024	29.8
Seq8295_457_bp_-1_2_0	ENA|AAR31603|AAR31603.1	66.67	6	2	0	2	7	288	293	0.073	21.6
Seq8295_457_bp_-1_2_0	ENA|AAR31603|AAR31603.1	25.00	8	6	0	5	12	13	20	0.49	18.8
Seq8295_457_bp_-1_2_0	ENA|CAA28033|CAA28033.1	50.00	10	5	0	2	11	61	70	0.00037	31.2
Seq8295_457_bp_-1_2_0	ENA|CAA28033|CAA28033.1	18.18	11	9	0	2	12	1279	1289	0.017	25.7
Seq8295_457_bp_-1_2_0	ENA|ABN10845|ABN10845.1	33.33	6	4	0	7	12	103	108	0.00042	28.4
Seq8295_457_bp_-1_2_0	ENA|AAQ92751|AAQ92751.2	75.00	4	1	0	9	12	691	694	0.001	29.8
Seq8295_457_bp_-1_2_0	ENA|AAQ92751|AAQ92751.2	80.00	5	1	0	6	10	948	952	0.12	22.9
Seq8295_457_bp_-1_2_0	ENA|AAQ92751|AAQ92751.2	25.00	8	6	0	5	12	1194	1201	0.12	22.9
Seq8295_457_bp_-1_2_0	ENA|ABD49687|ABD49687.1	80.00	5	1	0	8	12	1040	1044	0.0013	29.8
Seq8295_457_bp_-1_2_0	ENA|ABD49687|ABD49687.1	63.64	13	4	2	1	11	140	152	0.0085	27.0
Seq8295_457_bp_-1_2_0	ENA|ABD49687|ABD49687.1	44.44	9	5	0	4	12	673	681	0.0085	27.0
Seq8295_457_bp_-1_2_0	ENA|ABD49687|ABD49687.1	50.00	8	4	0	1	8	188	195	0.15	22.9
Seq8295_457_bp_-1_2_0	ENA|ABD49687|ABD49687.1	66.67	3	1	0	10	12	748	750	0.38	21.6
Seq8295_457_bp_-1_2_0	ENA|ABD49687|ABD49687.1	40.00	10	6	0	2	11	109	118	0.38	21.6
Seq8295_457_bp_-1_2_0	ENA|AAR37016|AAR37016.1	44.44	9	5	0	4	12	269	277	0.0018	29.8
Seq8295_457_bp_-1_2_0	ENA|AAR37016|AAR37016.1	27.27	11	8	0	2	12	1114	1124	0.03	25.7
Seq8295_457_bp_-1_2_0	ENA|AAR37016|AAR37016.1	57.14	7	3	0	2	8	1044	1050	0.2	22.9
Seq8295_457_bp_-1_2_0	ENA|AAR37016|AAR37016.1	42.86	7	4	0	2	8	1372	1378	0.2	22.9
Seq8295_457_bp_-1_2_0	ENA|AAR37016|AAR37016.1	50.00	4	2	0	9	12	1481	1484	0.52	21.6
Seq8295_457_bp_-1_2_0	ENA|AAR37016|AAR37016.1	50.00	4	2	0	9	12	1936	1939	0.52	21.6
Seq8295_457_bp_-1_2_0	ENA|AAR37016|AAR37016.1	30.00	10	7	0	3	12	2209	2218	0.52	21.6
Seq8295_457_bp_-1_2_0	ENA|AAA25966|AAA25966.1	37.50	8	5	0	5	12	403	410	0.0036	27.0
Seq8295_457_bp_-1_2_0	ENA|AAA25966|AAA25966.1	66.67	3	1	0	10	12	442	444	0.16	21.6
Seq8295_457_bp_-1_2_0	ENA|AAA25966|AAA25966.1	100.00	2	0	0	11	12	322	323	0.42	20.2
Seq8295_457_bp_-1_2_0	ENA|AAA25966|AAA25966.1	100.00	2	0	0	11	12	372	373	0.42	20.2
Seq8295_457_bp_-1_2_0	ENA|BAA36759|BAA36759.1	50.00	8	4	0	4	11	123	130	0.0037	25.7
Seq8295_457_bp_-1_2_0	ENA|CAL82360|CAL82360.1	50.00	9	4	1	5	12	110	118	0.0064	27.0
Seq8295_457_bp_-1_2_0	ENA|CAL82360|CAL82360.1	50.00	6	3	0	7	12	455	460	0.11	22.9
Seq8295_457_bp_-1_2_0	ENA|AAA18786|AAA18786.1	30.00	10	7	0	1	10	65	74	0.0089	24.3
Seq8295_457_bp_-1_2_0	ENA|AAA18786|AAA18786.1	25.00	12	9	0	1	12	78	89	0.0089	24.3
Seq8295_457_bp_-1_2_0	ENA|ACH70901|ACH70901.1	33.33	9	6	0	4	12	95	103	0.012	24.3
Seq8295_457_bp_-1_2_0	ENA|ACH70901|ACH70901.1	100.00	2	0	0	11	12	295	296	0.21	20.2
Seq8295_457_bp_-1_2_0	ENA|CAA45199|CAA45199.1	75.00	4	1	0	9	12	408	411	0.016	24.3
Seq8295_457_bp_-1_2_0	ENA|CCP43727|CCP43727.1	30.00	10	7	0	2	11	246	255	0.028	22.9
Seq8295_457_bp_-1_2_0	ENA|CCP43727|CCP43727.1	30.00	10	7	0	2	11	289	298	0.073	21.6
Seq8295_457_bp_-1_2_0	ENA|AAB66912|AAB66912.1	27.27	11	8	0	2	12	742	752	0.031	24.3
Seq8295_457_bp_-1_2_0	ENA|AAB66912|AAB66912.1	33.33	9	6	0	4	12	577	585	0.08	22.9
Seq8295_457_bp_-1_2_0	ENA|AAA24145|AAA24145.1	40.00	5	3	0	8	12	308	312	0.04	22.9
Seq8295_457_bp_-1_2_0	ENA|AAA24145|AAA24145.1	100.00	2	0	0	11	12	12	13	0.26	20.2
Seq8295_457_bp_-1_2_0	ENA|AAA24145|AAA24145.1	100.00	2	0	0	11	12	54	55	0.26	20.2
Seq8295_457_bp_-1_2_0	ENA|AAA36539|AAA36539.1	42.86	8	4	1	5	12	5	11	0.041	22.9
Seq8295_457_bp_-1_2_0	ENA|AAA36539|AAA36539.1	33.33	13	8	1	1	12	68	80	0.11	21.6
Seq8295_457_bp_-1_2_0	ENA|ABD33854|ABD33854.1	50.00	6	3	0	7	12	39	44	0.094	18.8
Seq8295_457_bp_-1_2_0	ENA|CAA11507|CAA11507.1	40.00	5	3	0	8	12	288	292	0.12	22.9
Seq8295_457_bp_-1_2_0	ENA|CAA11507|CAA11507.1	40.00	5	3	0	8	12	392	396	0.3	21.6
Seq8295_457_bp_-1_2_0	ENA|CAA11507|CAA11507.1	50.00	4	2	0	9	12	863	866	0.3	21.6
Seq8295_457_bp_-1_2_0	ENA|CAA73529|CAA73529.1	66.67	3	1	0	10	12	207	209	0.16	20.2
Seq8295_457_bp_-1_2_0	ENA|ABG75784|ABG75784.1	37.50	8	5	0	5	12	80	87	0.18	20.2
Seq8295_457_bp_-1_2_0	ENA|AAC08817|AAC08817.1	37.50	8	5	0	1	8	121	128	0.23	18.8
Seq8295_457_bp_-1_2_0	ENA|AAF79734|AAF79734.1	33.33	6	4	0	7	12	63	68	0.32	21.6
Seq8295_457_bp_-1_2_0	ENA|AAC78721|AAC78721.1	100.00	2	0	0	11	12	107	108	0.39	20.2
Seq8295_457_bp_-1_2_0	ENA|AAS77176|AAS77176.1	28.57	7	5	0	6	12	150	156	0.43	18.8
Seq8295_457_bp_-1_2_0	ENA|AAC49865|AAC49865.1	37.50	8	5	0	1	8	282	289	0.49	18.8
Seq8295_457_bp_-1_2_0	ENA|CAA26023|CAA26023.1	50.00	8	4	0	3	10	336	343	0.57	18.8
Seq8295_457_bp_-1_2_0	ENA|BAB79260|BAB79260.1	37.50	8	5	0	1	8	229	236	0.67	18.8
Seq8295_457_bp_-1_2_0	ENA|AAC40132|AAC40132.1	66.67	3	1	0	10	12	420	422	0.7	18.8
Seq8295_457_bp_-1_2_0	ENA|AAC97205|AAC97205.1	100.00	2	0	0	11	12	18	19	0.71	20.2
Seq8295_457_bp_-1_2_0	ENA|AAB03707|AAB03707.1	80.00	5	1	0	7	11	659	663	0.79	20.2
Seq8295_457_bp_-1_2_0	ENA|BAA32956|BAA32956.1	27.27	11	8	0	1	11	163	173	0.8	17.5
Seq8295_457_bp_-1_2_0	ENA|CAA45708|CAA45708.1	66.67	3	1	0	10	12	965	967	0.87	20.2
Seq8295_457_bp_-1_2_0	ENA|ABK71357|ABK71357.1	44.44	9	5	0	2	10	47	55	1.4	17.5
Seq8295_457_bp_-1_2_0	ENA|CAA24711|CAA24711.1	75.00	4	1	0	7	10	30	33	1.7	16.1
Seq8295_457_bp_-1_2_0	ENA|CAB75732|CAB75732.1	50.00	9	4	1	5	12	806	814	1.7	18.8
Seq8295_457_bp_-1_2_0	ENA|CAA36714|CAA36714.1	33.33	9	6	0	2	10	118	126	1.8	17.5
Seq8295_457_bp_-1_2_0	ENA|BAA05866|BAA05866.1	33.33	6	4	0	2	7	218	223	3	16.1
Seq8295_457_bp_-1_2_0	ENA|CAA43419|CAA43419.1	40.00	5	3	0	6	10	247	251	3.5	16.1
Seq8295_457_bp_-1_2_0	ENA|AAA32624|AAA32624.1	57.14	7	3	0	4	10	275	281	5	16.1
Seq8295_457_bp_-1_2_0	ENA|BAB17681|BAB17681.1	66.67	3	1	0	10	12	21	23	6.6	14.7
Seq8295_457_bp_-1_2_0	ENA|AAA42531|AAA42531.1	66.67	6	2	0	6	11	101	106	9.1	14.7
Seq8295_457_bp_-1_2_0	ENA|ACT10338|ACT10338.1	22.22	9	7	0	1	9	307	315	9.2	14.7
Seq8295_457_bp_-1_2_1	ENA|AAB26998|AAB26998.1	100.00	3	0	0	6	8	60	62	1.6	14.7
Seq8295_457_bp_-1_2_1	ENA|CAA26023|CAA26023.1	100.00	4	0	0	7	10	318	321	3.1	16.1
Seq8295_457_bp_-1_2_1	ENA|CAA26939|CAA26939.1	60.00	5	2	0	6	10	294	298	4.6	16.1
Seq8295_457_bp_-1_2_1	ENA|AAC08817|AAC08817.1	28.57	7	5	0	1	7	151	157	5	14.1
Seq8295_457_bp_-1_2_1	ENA|BAB17681|BAB17681.1	60.00	5	2	0	5	9	64	68	5.5	14.7
Seq8295_457_bp_-1_2_1	ENA|BAB79260|BAB79260.1	50.00	6	3	0	2	7	188	193	5.7	15.4
Seq8295_457_bp_-1_2_1	ENA|AAB96524|AAB96524.1	33.33	9	6	0	1	9	105	113	5.9	14.1
Seq8295_457_bp_-1_2_1	ENA|AAA36539|AAA36539.1	75.00	4	1	0	6	9	310	313	6	15.4
Seq8295_457_bp_-1_2_1	ENA|AAC97205|AAC97205.1	33.33	9	6	0	2	10	273	281	9.5	16.1
Seq8295_457_bp_-1_2_1	ENA|AAC49865|AAC49865.1	60.00	5	2	0	3	7	212	216	10	14.1
Seq8295_457_bp_-1_2_2	ENA|ABG75784|ABG75784.1	55.56	9	4	0	15	23	247	255	0.097	22.0
Seq8295_457_bp_-1_2_2	ENA|AAQ92751|AAQ92751.2	31.58	19	13	0	2	20	1140	1158	0.24	22.9
Seq8295_457_bp_-1_2_2	ENA|AAC40132|AAC40132.1	36.36	11	7	0	10	20	417	427	1.9	18.3
Seq8295_457_bp_-1_2_2	ENA|BAA36759|BAA36759.1	71.43	7	2	0	5	11	150	156	2.1	17.5
Seq8295_457_bp_-1_2_2	ENA|BAA32991|BAA32991.1	100.00	2	0	0	15	16	28	29	2.7	15.0
Seq8295_457_bp_-1_2_2	ENA|AAB26998|AAB26998.1	80.00	9	1	4	14	18	46	54	3.1	15.0
Seq8295_457_bp_-1_2_2	ENA|CAA29956|CAA29956.1	40.00	15	9	0	7	21	119	133	3.6	17.0
Seq8295_457_bp_-1_2_2	ENA|BAA32956|BAA32956.1	33.33	15	10	0	6	20	13	27	4.7	15.8
Seq8295_457_bp_-1_2_2	ENA|ACH70901|ACH70901.1	50.00	8	4	0	10	17	291	298	5.9	16.2
Seq8295_457_bp_-1_2_2	ENA|BAB17681|BAB17681.1	36.36	11	7	0	5	15	209	219	6	15.8
Seq8295_457_bp_-1_2_2	ENA|CAA45199|CAA45199.1	50.00	6	3	0	15	20	385	390	7.6	16.2
Seq8295_457_bp_-1_2_2	ENA|CAD53387|CAD53387.1	35.71	14	9	0	1	14	453	466	8.1	16.2
Seq8295_457_bp_-1_2_2	ENA|AAR31603|AAR31603.1	40.00	5	3	0	11	15	118	122	9.3	15.4
