Seq9087_743_bp_1_0_0	AAQ92751.2	100.00	66	0	0	1	66	1	66	3.7e-35	136.7
Seq9087_743_bp_1_0_0	AAQ92751.2	40.43	54	28	7	13	66	139	185	0.015	28.3
Seq9087_743_bp_1_0_0	AAQ92751.2	38.24	34	21	0	31	64	80	113	0.74	22.7
Seq9087_743_bp_1_0_0	AAA32624.1	61.90	24	8	3	26	46	50	73	3.9	18.9
Seq9087_743_bp_1_0_0	AIR13712.1	30.77	26	18	0	34	59	12	37	4.1	18.2
Seq9087_743_bp_1_0_0	AAC17860.1	36.36	23	14	1	43	64	11	33	7.1	17.7
Seq9087_743_bp_1_0_0	BAB70780.1	27.27	36	24	3	15	47	47	82	8.3	17.7
Seq9087_743_bp_1_0_0	ABN10845.1	52.38	25	10	4	18	41	64	85	8.9	16.4
Seq9087_743_bp_1_0_0	AAF01122.1	57.14	30	9	9	11	39	297	318	9	17.1
Seq9087_743_bp_1_0_1	AAQ92751.2	100.00	55	0	0	1	55	68	122	4e-25	103.1
Seq9087_743_bp_1_0_1	AAQ92751.2	53.85	52	24	0	4	55	141	192	2.1e-09	50.9
Seq9087_743_bp_1_0_1	AAQ92751.2	37.84	37	23	0	13	49	31	67	0.68	22.6
Seq9087_743_bp_1_0_1	AAA24969.1	40.43	54	28	7	4	51	1031	1083	0.33	23.8
Seq9087_743_bp_1_0_1	AEE27845.1	28.21	42	28	3	3	44	268	306	0.36	23.6
Seq9087_743_bp_1_0_1	AAC78721.1	28.00	51	36	1	3	52	511	561	0.87	21.2
Seq9087_743_bp_1_0_1	BAE97662.1	42.86	39	20	4	15	51	50	86	0.9	21.9
Seq9087_743_bp_1_0_1	AAC17860.1	32.26	33	21	2	12	44	130	160	3.7	18.4
Seq9087_743_bp_1_0_1	AIR13712.1	40.00	27	15	2	29	55	12	36	4.7	17.7
Seq9087_743_bp_1_0_2	AAQ92751.2	100.00	35	0	0	1	35	130	164	1.1e-17	77.8
Seq9087_743_bp_1_0_2	AAQ92751.2	66.67	33	11	0	1	33	88	120	3.7e-09	49.4
Seq9087_743_bp_1_0_2	AAQ92751.2	75.00	24	6	0	10	33	167	190	1.2e-05	37.8
Seq9087_743_bp_1_0_2	AAQ92751.2	42.86	39	20	4	1	35	36	74	0.22	23.6
Seq9087_743_bp_1_0_2	ABD49687.1	46.88	40	17	8	3	34	1180	1219	0.18	24.2
Seq9087_743_bp_1_0_2	AIR13712.1	47.83	25	12	2	9	33	12	34	0.2	21.7
Seq9087_743_bp_1_0_2	AAA24969.1	33.33	30	20	0	2	31	1031	1060	0.35	23.1
Seq9087_743_bp_1_0_2	AAC17860.1	54.17	30	11	6	1	29	12	36	1.1	19.4
Seq9087_743_bp_1_0_2	BAE97662.1	43.48	24	13	1	9	31	50	73	2.1	20.0
Seq9087_743_bp_1_0_2	BAA32018.1	50.00	17	8	1	12	28	199	214	7.7	17.2
Seq9087_743_bp_1_0_2	AAA18786.1	42.31	28	15	2	2	29	211	236	8.5	15.8
Seq9087_743_bp_1_0_2	AEE27845.1	31.58	19	13	0	1	19	284	302	9.4	18.1
Seq9087_743_bp_1_0_3	AAQ92751.2	100.00	13	0	0	1	13	166	178	1.9e-07	42.3
Seq9087_743_bp_1_0_3	AAQ92751.2	83.33	12	2	0	2	13	97	108	0.00013	32.9
Seq9087_743_bp_1_0_3	AAQ92751.2	83.33	12	2	0	2	13	139	150	0.00058	30.7
Seq9087_743_bp_1_0_3	AAQ92751.2	61.54	13	5	0	1	13	110	122	0.067	23.9
Seq9087_743_bp_1_0_3	AAQ92751.2	61.54	13	5	0	1	13	180	192	0.067	23.9
Seq9087_743_bp_1_0_3	AAQ92751.2	63.64	11	4	0	1	11	152	162	0.4	21.3
Seq9087_743_bp_1_0_3	AAQ92751.2	46.15	13	7	0	1	13	124	136	0.72	20.4
Seq9087_743_bp_1_0_3	AIR13712.1	66.67	9	3	0	5	13	28	36	0.23	20.0
Seq9087_743_bp_1_0_3	AAC17860.1	30.77	13	9	0	1	13	145	157	1.3	17.9
Seq9087_743_bp_1_0_3	AAA24969.1	46.15	13	7	0	1	13	1038	1050	2.6	18.7
Seq9087_743_bp_1_0_3	AAR31603.1	45.45	11	6	0	3	13	276	286	4.3	15.7
Seq9087_743_bp_1_0_3	ABG75784.1	55.56	9	4	0	3	11	21	29	7.2	14.9
Seq9087_743_bp_1_0_3	AAC97205.1	53.85	13	6	0	1	13	743	755	8.6	16.6
Seq9087_743_bp_1_0_3	CAA74140.1	58.33	13	5	1	2	13	292	304	8.8	16.2
Seq9087_743_bp_1_0_4	AAQ92751.2	100.00	20	0	0	1	20	180	199	1e-10	53.8
Seq9087_743_bp_1_0_4	AAQ92751.2	70.00	20	6	0	1	20	110	129	4.3e-06	38.4
Seq9087_743_bp_1_0_4	AAQ92751.2	70.59	17	5	0	2	18	139	155	0.0014	30.1
Seq9087_743_bp_1_0_4	AAQ92751.2	68.75	16	5	0	4	19	57	72	0.0089	27.4
Seq9087_743_bp_1_0_4	AAQ92751.2	58.82	17	7	0	4	20	162	178	0.11	23.7
Seq9087_743_bp_1_0_4	AAB03707.1	47.06	17	9	0	4	20	1039	1055	0.14	23.4
Seq9087_743_bp_1_0_4	AAA24969.1	36.84	19	12	0	2	20	1032	1050	1.6	20.1
Seq9087_743_bp_1_0_4	AAC17860.1	38.89	19	11	1	3	20	73	91	2.6	17.4
Seq9087_743_bp_1_0_4	AAA26915.1	46.15	13	7	0	6	18	249	261	4.7	16.7
Seq9087_743_bp_1_0_4	AAC08817.1	43.75	16	9	0	5	20	76	91	5.2	15.1
Seq9087_743_bp_1_0_4	BAE97662.1	50.00	28	10	8	1	20	95	122	7	17.4
Seq9087_743_bp_1_0_4	EDO47375.1	50.00	10	5	0	2	11	18	27	7.4	14.7
Seq9087_743_bp_1_0_4	AAA36565.1	62.50	8	3	0	8	15	130	137	8.1	14.4
Seq9087_743_bp_1_0_5	AAQ92751.2	100.00	47	0	0	1	47	201	247	1.7e-29	117.4
Seq9087_743_bp_1_0_5	AAA18786.1	60.00	29	8	9	11	32	211	237	1.8	18.6
Seq9087_743_bp_1_0_5	ABN10845.1	42.11	21	11	2	14	34	29	47	3.9	17.2
Seq9087_743_bp_1_0_5	ABD49687.1	39.39	42	20	9	7	42	974	1012	4.3	20.0
Seq9087_743_bp_1_0_5	AAA23282.1	63.64	11	4	0	28	38	336	346	4.6	18.3
Seq9087_743_bp_1_0_5	AAX12058.1	36.36	25	14	3	9	30	116	140	5.9	16.9
Seq9087_743_bp_1_0_5	BAA32018.1	56.25	22	7	6	28	44	115	135	8.8	17.4
Seq9087_743_bp_1_0_5	CAA45199.1	36.36	24	14	2	11	32	257	280	9.7	16.9
Seq9087_743_bp_1_1_0	EDO47375.1	71.43	7	2	0	5	11	119	125	0.17	20.5
Seq9087_743_bp_1_1_0	AAR37016.1	50.00	14	7	0	8	21	1239	1252	1.1	21.4
Seq9087_743_bp_1_1_0	BAB79260.1	50.00	10	5	0	14	23	100	109	1.3	18.8
Seq9087_743_bp_1_1_0	AAA18786.1	57.14	7	3	0	3	9	55	61	1.4	17.9
Seq9087_743_bp_1_1_0	AAA45888.1	100.00	6	0	0	16	21	27	32	2	17.9
Seq9087_743_bp_1_1_0	CAA11507.1	60.00	12	4	2	9	20	33	42	2.9	19.2
Seq9087_743_bp_1_1_0	CAA43372.1	44.44	9	5	0	9	17	159	167	2.9	17.5
Seq9087_743_bp_1_1_0	AAA23282.1	66.67	6	2	0	12	17	387	392	3	17.9
Seq9087_743_bp_1_1_0	BAA32991.1	60.00	5	2	0	11	15	6	10	3.9	14.4
Seq9087_743_bp_1_1_0	AII71783.1	80.00	5	1	0	2	6	94	98	3.9	16.6
Seq9087_743_bp_1_1_0	BAA32018.1	75.00	11	2	3	12	19	368	378	4.4	17.5
Seq9087_743_bp_1_1_0	CAA74140.1	66.67	10	3	1	14	23	627	635	4.8	17.9
Seq9087_743_bp_1_1_0	ABD49687.1	83.33	6	1	0	13	18	1573	1578	4.9	18.8
Seq9087_743_bp_1_1_0	AAF01122.1	60.00	5	2	0	12	16	339	343	6.3	16.2
Seq9087_743_bp_1_1_0	AAC97205.1	75.00	10	2	2	8	17	767	774	8.3	17.5
Seq9087_743_bp_1_1_0	AAA36565.1	60.00	5	2	0	8	12	52	56	9.1	14.4
Seq9087_743_bp_1_1_0	AAX84812.1	50.00	6	3	0	4	9	147	152	9.3	14.9
Seq9087_743_bp_1_1_1	CAA04196.1	46.15	13	7	0	12	24	61	73	0.37	20.6
Seq9087_743_bp_1_1_1	ABN10845.1	40.91	25	13	3	1	25	164	185	0.64	18.9
Seq9087_743_bp_1_1_1	AAA32624.1	30.43	23	16	0	1	23	226	248	0.75	19.9
Seq9087_743_bp_1_1_1	ACH70904.1	75.00	8	2	0	11	18	305	312	2.2	17.8
Seq9087_743_bp_1_1_1	AAB64315.2	46.15	13	7	0	10	22	223	235	4.1	16.8
Seq9087_743_bp_1_1_1	ABG75784.1	36.36	11	7	0	14	24	101	111	4.9	16.4
Seq9087_743_bp_1_1_1	BAB79260.1	38.89	19	11	1	4	22	153	170	5.5	16.8
Seq9087_743_bp_1_1_1	AEE27845.1	50.00	18	8	2	3	19	1156	1172	6.4	18.2
Seq9087_743_bp_1_1_1	AAF01122.1	33.33	18	12	0	7	24	307	324	7.3	16.1
Seq9087_743_bp_1_1_1	AII71783.1	55.56	9	4	0	2	10	37	45	7.6	15.7
Seq9087_743_bp_1_1_1	CAA11507.1	45.45	11	6	0	3	13	654	664	7.8	17.8
Seq9087_743_bp_1_1_1	AAA25966.1	50.00	15	7	1	3	17	9	22	8.6	16.8
Seq9087_743_bp_1_1_1	ABD49687.1	46.15	13	7	0	1	13	1284	1296	9.7	17.8
Seq9087_743_bp_1_1_2	AAC97205.1	34.83	109	58	20	51	143	12	116	3.9e-05	38.0
Seq9087_743_bp_1_1_2	BAA32956.1	27.66	50	34	3	75	123	164	211	0.025	26.1
Seq9087_743_bp_1_1_2	AEE27845.1	40.74	29	16	2	50	76	16	44	0.71	24.0
Seq9087_743_bp_1_1_2	BAE97662.1	28.57	44	30	2	97	138	93	136	0.84	23.4
Seq9087_743_bp_1_1_2	AAC08817.1	43.33	41	17	11	109	138	121	161	1.1	20.3
Seq9087_743_bp_1_1_2	ABK71357.1	40.74	36	16	9	78	104	214	249	1.7	20.8
Seq9087_743_bp_1_1_2	AAB03707.1	40.00	20	12	0	104	123	1087	1106	2.1	22.4
Seq9087_743_bp_1_1_2	AAB64315.2	61.54	15	5	2	12	24	223	237	2.1	20.3
Seq9087_743_bp_1_1_2	AAA24969.1	25.81	31	23	0	96	126	1115	1145	2.3	22.4
Seq9087_743_bp_1_1_2	BAA32018.1	28.89	113	64	23	44	136	430	539	2.4	21.0
Seq9087_743_bp_1_1_2	CAA74140.1	33.33	18	12	0	127	144	441	458	2.9	21.3
Seq9087_743_bp_1_1_2	CAD53387.1	52.17	29	11	6	67	95	462	484	3.2	20.3
Seq9087_743_bp_1_1_2	ABG75784.1	39.13	25	14	2	92	114	200	224	3.5	19.5
Seq9087_743_bp_1_1_2	AAA32624.1	69.23	16	4	3	64	79	120	132	4.8	19.7
Seq9087_743_bp_1_1_2	ABD49687.1	32.94	98	57	13	38	127	1546	1638	5.2	21.3
Seq9087_743_bp_1_1_2	AAA26915.1	55.56	9	4	0	133	141	448	456	6.1	19.2
Seq9087_743_bp_1_1_2	AAA25966.1	50.00	12	6	0	101	112	501	512	6.6	19.7
Seq9087_743_bp_1_1_2	AAR37016.1	38.71	37	19	6	104	134	1321	1357	7.1	21.3
Seq9087_743_bp_1_1_2	AAB26998.1	58.82	19	7	2	27	45	4	20	7.6	16.3
Seq9087_743_bp_1_1_2	AAA32376.1	34.38	40	21	8	42	74	110	148	8	17.3
Seq9087_743_bp_1_1_2	BAB70780.1	29.55	45	31	1	62	105	196	240	8.9	18.7
Seq9087_743_bp_1_1_3	BAA32991.1	71.43	7	2	0	4	10	47	53	2.3	14.6
Seq9087_743_bp_1_1_3	AAB64315.2	57.14	7	3	0	6	12	282	288	4.1	16.0
Seq9087_743_bp_1_1_3	BAE97662.1	77.78	12	2	3	3	11	166	177	4.3	17.7
Seq9087_743_bp_1_1_3	AAF01122.1	38.46	13	8	0	1	13	73	85	4.7	16.0
Seq9087_743_bp_1_1_3	AAR31603.1	66.67	6	2	0	1	6	194	199	5.2	15.7
Seq9087_743_bp_1_1_3	AAA32624.1	62.50	8	3	0	7	14	178	185	6.4	16.0
Seq9087_743_bp_1_1_3	AAB03707.1	35.71	14	9	0	2	15	1329	1342	6.5	17.4
Seq9087_743_bp_1_1_3	AAC17860.1	57.14	7	3	0	1	7	76	82	8	15.3
Seq9087_743_bp_1_1_3	ABD49687.1	83.33	6	1	0	1	6	1582	1587	8	17.4
Seq9087_743_bp_1_1_3	CAA26230.1	70.00	11	3	1	2	12	438	447	8.5	15.7
Seq9087_743_bp_1_1_3	AAA42531.1	41.67	12	7	0	4	15	162	173	9.4	15.0
Seq9087_743_bp_1_1_4	ABN10845.1	83.33	6	1	0	2	7	118	123	0.14	19.8
Seq9087_743_bp_1_1_4	CAA26230.1	80.00	5	1	0	6	10	253	257	0.94	18.4
Seq9087_743_bp_1_1_4	BAB79260.1	66.67	6	2	0	2	7	168	173	1	17.9
Seq9087_743_bp_1_1_4	AIR13712.1	50.00	6	3	0	3	8	104	109	2.6	16.1
Seq9087_743_bp_1_1_4	AAB64315.2	42.86	7	4	0	2	8	48	54	3.6	15.6
Seq9087_743_bp_1_1_4	AAA36565.1	75.00	4	1	0	4	7	81	84	4.7	14.3
Seq9087_743_bp_1_1_4	EDO47375.1	57.14	7	3	0	4	10	83	89	5.3	14.3
Seq9087_743_bp_1_1_4	AAB26998.1	40.00	5	3	0	5	9	29	33	7.6	12.4
Seq9087_743_bp_1_1_4	AAA26915.1	42.86	7	4	0	4	10	143	149	9.2	14.7
Seq9087_743_bp_1_1_4	CAA74140.1	60.00	5	2	0	3	7	393	397	9.7	15.6
Seq9087_743_bp_1_2_0	AAB96524.1	70.00	13	3	3	6	17	169	179	1.7	16.7
Seq9087_743_bp_1_2_0	BAB17681.1	83.33	7	1	1	7	12	262	268	1.9	17.1
Seq9087_743_bp_1_2_0	BAE97662.1	100.00	5	0	0	5	9	649	653	2.1	19.0
Seq9087_743_bp_1_2_0	AAC97205.1	69.23	19	4	6	2	14	669	687	2.9	18.6
Seq9087_743_bp_1_2_0	AAA25966.1	50.00	10	5	0	5	14	598	607	6.3	16.7
Seq9087_743_bp_1_2_0	AAI27517.1	55.56	9	4	0	7	15	282	290	6.7	16.3
Seq9087_743_bp_1_2_0	CAA45199.1	44.44	9	5	0	8	16	184	192	7	15.9
Seq9087_743_bp_1_2_0	AAA24969.1	75.00	10	2	2	6	15	975	982	9.9	17.1
Seq9087_743_bp_1_2_1	AAA24142.1	75.00	4	1	0	5	8	405	408	0.45	19.9
Seq9087_743_bp_1_2_1	BAA32991.1	37.50	8	5	0	7	14	59	66	0.56	16.9
Seq9087_743_bp_1_2_1	ABD33854.1	75.00	4	1	0	8	11	53	56	0.93	16.0
Seq9087_743_bp_1_2_1	AAB26998.1	80.00	6	1	1	8	13	73	77	1.1	16.0
Seq9087_743_bp_1_2_1	CAA04196.1	42.86	7	4	0	10	16	107	113	1.4	18.2
Seq9087_743_bp_1_2_1	AAC08817.1	75.00	4	1	0	14	17	94	97	1.8	16.4
Seq9087_743_bp_1_2_1	AAB64315.2	66.67	6	2	0	6	11	243	248	1.9	17.3
Seq9087_743_bp_1_2_1	AII71783.1	66.67	11	3	2	9	17	262	272	2.4	16.9
Seq9087_743_bp_1_2_1	AAR31603.1	71.43	11	2	4	4	14	61	67	2.6	16.9
Seq9087_743_bp_1_2_1	BAA32018.1	45.45	11	6	0	6	16	422	432	2.7	17.7
Seq9087_743_bp_1_2_1	AAX12058.1	100.00	4	0	0	9	12	4	7	2.9	16.4
Seq9087_743_bp_1_2_1	AAR37016.1	80.00	5	1	0	11	15	1292	1296	4.1	19.0
Seq9087_743_bp_1_2_1	CAA45199.1	62.50	9	3	1	3	11	280	287	4.9	16.4
Seq9087_743_bp_1_2_1	ABS38337.1	66.67	6	2	0	1	6	282	287	5.5	17.7
Seq9087_743_bp_1_2_1	AAA36565.1	66.67	3	1	0	7	9	164	166	5.7	14.7
Seq9087_743_bp_1_2_1	BAB17681.1	42.86	7	4	0	6	12	176	182	6.9	15.1
Seq9087_743_bp_1_2_1	AAA25966.1	75.00	4	1	0	8	11	653	656	7.4	16.4
Seq9087_743_bp_1_2_1	ABG75784.1	62.50	11	3	3	10	17	286	296	7.8	15.1
Seq9087_743_bp_1_2_1	AAA18786.1	71.43	9	2	2	9	17	122	128	8.9	14.7
Seq9087_743_bp_1_2_1	AAF01122.1	75.00	4	1	0	10	13	115	118	9.3	15.1
Seq9087_743_bp_1_2_1	BAA32956.1	100.00	3	0	0	1	3	4	6	9.4	14.3
Seq9087_743_bp_1_2_1	AAA45888.1	45.45	12	6	1	3	13	67	78	9.4	15.1
Seq9087_743_bp_1_2_1	ABL74574.1	66.67	3	1	0	7	9	116	118	9.6	14.7
Seq9087_743_bp_1_2_2	EDO47375.1	40.00	33	15	8	1	29	153	181	0.22	20.7
Seq9087_743_bp_1_2_2	AAC78721.1	77.78	10	2	1	25	33	502	511	1.3	20.0
Seq9087_743_bp_1_2_2	AAR31603.1	33.33	22	14	1	10	31	204	224	2.6	17.9
Seq9087_743_bp_1_2_2	ABD33854.1	60.00	5	2	0	1	5	46	50	2.7	15.5
Seq9087_743_bp_1_2_2	ABL74574.1	45.45	11	6	0	9	19	36	46	2.9	17.5
Seq9087_743_bp_1_2_2	CAA74140.1	33.33	18	12	0	7	24	84	101	4.5	18.6
Seq9087_743_bp_1_2_2	BAA32956.1	62.50	8	3	0	22	29	121	128	5.4	16.2
Seq9087_743_bp_1_2_2	AAA65607.1	66.67	6	2	0	4	9	287	292	5.8	16.8
Seq9087_743_bp_1_2_2	BAA32991.1	100.00	3	0	0	1	3	58	60	5.8	14.4
Seq9087_743_bp_1_2_2	CAA11507.1	52.63	20	9	1	15	34	63	81	6.4	18.6
Seq9087_743_bp_1_2_2	AAQ92751.2	35.71	14	9	0	11	24	244	257	6.5	18.6
Seq9087_743_bp_1_2_2	AAH69556.1	28.57	22	15	1	10	30	249	270	7.6	16.2
Seq9087_743_bp_1_2_2	AAB96524.1	40.00	10	6	0	7	16	123	132	9.4	15.1
Seq9087_743_bp_1_2_3	BAA32956.1	36.36	23	14	1	15	37	191	212	0.77	19.3
Seq9087_743_bp_1_2_3	AAA32376.1	66.67	14	4	2	22	33	65	78	0.94	18.7
Seq9087_743_bp_1_2_3	EDO47375.1	47.06	20	9	3	21	37	152	171	1	18.7
Seq9087_743_bp_1_2_3	AAX84812.1	40.00	21	12	1	2	22	105	124	4.9	16.7
Seq9087_743_bp_1_2_3	AAC97205.1	38.24	40	21	6	5	42	541	576	5.3	19.0
Seq9087_743_bp_1_2_3	AAC08817.1	40.00	15	9	0	19	33	38	52	6.2	15.9
Seq9087_743_bp_1_2_3	AAA65607.1	54.55	11	5	0	14	24	284	294	6.3	17.0
Seq9087_743_bp_1_2_3	AAB26998.1	44.83	33	16	4	8	37	21	52	6.6	14.7
Seq9087_743_bp_1_2_3	CAA04196.1	54.17	33	11	9	11	37	155	184	7.1	17.0
Seq9087_743_bp_1_2_3	BAA32018.1	44.00	28	14	3	8	35	258	282	7.2	17.6
Seq9087_743_bp_1_2_3	AAC17860.1	50.00	16	8	0	3	18	142	157	8.4	16.7
Seq9087_743_bp_1_2_3	CAA26230.1	40.00	52	24	12	2	42	452	502	9.3	17.0
Seq9087_743_bp_1_2_4	AAR31603.1	55.56	20	8	2	7	24	40	59	0.21	21.1
Seq9087_743_bp_1_2_4	AAB03707.1	55.56	21	8	3	2	22	1157	1174	2.2	19.7
Seq9087_743_bp_1_2_4	AAC97205.1	38.89	22	11	4	2	23	58	75	4	18.6
Seq9087_743_bp_1_2_4	AAC17860.1	57.14	7	3	0	1	7	213	219	4.4	16.9
Seq9087_743_bp_1_2_4	CAA73529.1	53.85	15	6	2	2	14	47	61	4.7	16.2
Seq9087_743_bp_1_2_4	AAA23282.1	38.10	23	13	2	3	23	496	518	9.3	16.2
Seq9087_743_bp_-1_0_0	AAQ92751.2	66.67	9	3	0	1	9	238	246	0.25	22.1
Seq9087_743_bp_-1_0_0	AAH69556.1	75.00	14	3	2	3	14	109	122	0.67	18.5
Seq9087_743_bp_-1_0_0	ABN10845.1	40.00	10	6	0	5	14	58	67	0.84	17.7
Seq9087_743_bp_-1_0_0	AAA32376.1	80.00	5	1	0	5	9	7	11	1.2	16.8
Seq9087_743_bp_-1_0_0	AAC78721.1	50.00	12	6	0	3	14	439	450	1.5	18.5
Seq9087_743_bp_-1_0_0	AIR13712.1	83.33	6	1	0	6	11	172	177	1.7	17.3
Seq9087_743_bp_-1_0_0	CAA45199.1	66.67	6	2	0	4	9	414	419	1.8	17.7
Seq9087_743_bp_-1_0_0	BAE97662.1	71.43	7	2	0	3	9	246	252	3.3	18.1
Seq9087_743_bp_-1_0_0	AAC97205.1	58.33	14	5	2	1	12	251	264	3.5	18.1
Seq9087_743_bp_-1_0_0	AAR37016.1	50.00	10	5	0	3	12	1270	1279	3.8	18.9
Seq9087_743_bp_-1_0_0	CAA11507.1	50.00	8	4	0	5	12	76	83	3.9	18.1
Seq9087_743_bp_-1_0_0	AAA72732.1	25.00	12	9	0	1	12	119	130	4.7	15.6
Seq9087_743_bp_-1_0_0	AAA18786.1	44.44	9	5	0	6	14	112	120	5.3	15.2
Seq9087_743_bp_-1_0_0	BAA32018.1	44.44	9	5	0	6	14	7	15	5.4	16.4
Seq9087_743_bp_-1_0_0	AAA32624.1	100.00	4	0	0	4	7	336	339	5.9	16.0
Seq9087_743_bp_-1_0_0	AAR31603.1	50.00	10	5	0	1	10	32	41	6.5	15.2
Seq9087_743_bp_-1_0_0	BAB79260.1	60.00	11	4	1	2	11	261	271	6.8	15.6
Seq9087_743_bp_-1_0_0	BAB70780.1	44.44	9	5	0	2	10	161	169	7.2	15.6
Seq9087_743_bp_-1_0_0	AAI27517.1	41.67	12	7	0	1	12	396	407	8.6	15.6
Seq9087_743_bp_-1_0_0	AAA42531.1	44.44	10	5	1	5	14	106	114	9.8	14.8
Seq9087_743_bp_-1_0_1	BAA32991.1	57.14	7	3	0	7	13	17	23	0.36	17.7
Seq9087_743_bp_-1_0_1	AAX12058.1	40.00	18	9	3	2	19	243	257	1.4	17.7
Seq9087_743_bp_-1_0_1	AAR37016.1	100.00	5	0	0	5	9	788	792	3.2	19.6
Seq9087_743_bp_-1_0_1	AAA72732.1	50.00	8	4	0	8	15	208	215	4.6	16.1
Seq9087_743_bp_-1_0_1	AAA23282.1	50.00	8	4	0	5	12	563	570	4.9	16.9
Seq9087_743_bp_-1_0_1	AAI27517.1	50.00	10	5	0	7	16	400	409	5.1	16.9
Seq9087_743_bp_-1_0_1	BAB79260.1	50.00	17	7	3	3	19	396	409	5.1	16.5
Seq9087_743_bp_-1_0_1	AAH69556.1	37.50	8	5	0	12	19	224	231	5.9	15.7
Seq9087_743_bp_-1_0_1	AAA24142.1	100.00	4	0	0	9	12	118	121	8.5	15.7
Seq9087_743_bp_-1_0_1	BAA32956.1	57.14	7	3	0	2	8	44	50	8.8	14.6
Seq9087_743_bp_-1_0_1	AAA36565.1	60.00	5	2	0	4	8	5	9	9.1	14.2
Seq9087_743_bp_-1_0_1	AAB96524.1	57.14	7	3	0	6	12	114	120	10	14.2
Seq9087_743_bp_-1_0_2	BAB79260.1	58.82	43	14	9	9	47	247	284	0.024	25.8
Seq9087_743_bp_-1_0_2	BAA32956.1	40.00	28	15	3	23	47	40	67	0.48	20.3
Seq9087_743_bp_-1_0_2	ABN10845.1	40.62	43	19	11	6	39	46	86	0.49	20.3
Seq9087_743_bp_-1_0_2	CAA11507.1	50.00	18	9	0	26	43	6	23	0.66	22.6
Seq9087_743_bp_-1_0_2	AAA45888.1	41.18	17	10	0	6	22	56	72	0.69	20.6
Seq9087_743_bp_-1_0_2	CAA73529.1	41.18	18	10	1	3	19	218	235	0.96	19.7
Seq9087_743_bp_-1_0_2	AAA72732.1	39.29	34	17	6	20	52	4	32	1.1	19.7
Seq9087_743_bp_-1_0_2	AAA32376.1	47.37	21	10	2	4	22	95	115	1.2	18.7
Seq9087_743_bp_-1_0_2	EDO47375.1	50.00	18	8	2	28	43	100	117	1.3	18.7
Seq9087_743_bp_-1_0_2	AAR37016.1	46.43	33	15	5	14	43	1531	1561	1.4	22.2
Seq9087_743_bp_-1_0_2	CAA43372.1	43.59	44	22	5	5	45	151	192	2.2	19.1
Seq9087_743_bp_-1_0_2	AAB03707.1	47.06	17	9	0	3	19	1110	1126	3.1	20.3
Seq9087_743_bp_-1_0_2	AIR13712.1	75.00	17	3	5	38	49	87	103	3.4	18.1
Seq9087_743_bp_-1_0_2	ABG75784.1	46.15	13	7	0	40	52	17	29	5	17.5
Seq9087_743_bp_-1_0_2	AAC17860.1	44.44	18	10	0	2	19	339	356	5.2	17.8
Seq9087_743_bp_-1_0_2	AAX12058.1	66.67	6	2	0	3	8	149	154	6.7	16.8
Seq9087_743_bp_-1_0_2	CAA45199.1	35.71	14	9	0	23	36	112	125	7.3	17.5
Seq9087_743_bp_-1_0_2	AAC08817.1	37.93	37	18	8	23	52	81	116	7.6	15.9
Seq9087_743_bp_-1_0_2	BAA32018.1	50.00	14	7	0	19	32	395	408	7.8	17.8
Seq9087_743_bp_-1_0_2	AAC97205.1	64.29	15	5	1	14	27	694	708	7.9	18.7
Seq9087_743_bp_-1_0_2	ABK71357.1	37.93	33	18	4	23	52	260	291	8.8	16.8
Seq9087_743_bp_-1_0_2	AAA32624.1	38.46	13	8	0	29	41	340	352	9.9	17.1
Seq9087_743_bp_-1_0_3	EDO47375.1	53.12	40	15	8	10	41	80	119	0.16	22.0
Seq9087_743_bp_-1_0_3	AAB03707.1	44.44	34	15	7	4	33	1116	1146	0.74	22.6
Seq9087_743_bp_-1_0_3	BAB79260.1	58.33	27	10	3	24	47	246	272	1.1	20.4
Seq9087_743_bp_-1_0_3	AAC78721.1	75.00	16	3	4	17	28	136	151	2.5	19.8
Seq9087_743_bp_-1_0_3	ABL74574.1	46.67	17	8	2	1	17	89	103	2.6	18.5
Seq9087_743_bp_-1_0_3	AAC08817.1	43.75	16	9	0	11	26	18	33	2.9	17.6
Seq9087_743_bp_-1_0_3	AIR13712.1	35.00	20	13	0	5	24	87	106	3	18.5
Seq9087_743_bp_-1_0_3	AAQ92751.2	36.36	58	35	3	3	57	137	194	4.1	20.1
Seq9087_743_bp_-1_0_3	AAA18786.1	50.00	30	12	6	7	34	149	174	4.6	17.6
Seq9087_743_bp_-1_0_3	AAH69556.1	44.44	32	15	5	1	27	8	39	5.2	17.6
Seq9087_743_bp_-1_0_3	ACH70904.1	43.75	16	9	0	13	28	344	359	6.1	17.6
Seq9087_743_bp_-1_0_3	ABN10845.1	36.84	23	12	4	30	48	47	69	7	16.6
Seq9087_743_bp_-1_0_3	AAB96524.1	41.18	25	10	8	10	34	13	29	7.4	16.3
Seq9087_743_bp_-1_0_3	ABD33854.1	42.86	15	8	1	30	44	6	19	7.6	14.7
Seq9087_743_bp_-1_0_3	AAA45888.1	70.00	10	3	0	32	41	28	37	7.9	17.2
Seq9087_743_bp_-1_0_3	CAA74140.1	47.06	17	9	0	4	20	136	152	8.1	18.5
Seq9087_743_bp_-1_0_3	AAB26998.1	42.11	20	11	1	35	54	5	23	9.2	14.7
Seq9087_743_bp_-1_0_3	ABK71357.1	63.64	12	4	1	21	31	261	272	9.4	16.9
Seq9087_743_bp_-1_0_3	BAB70780.1	53.33	15	7	0	41	55	345	359	9.8	17.2
Seq9087_743_bp_-1_0_4	ABD33854.1	66.67	6	2	0	3	8	20	25	0.12	18.5
Seq9087_743_bp_-1_0_4	ABN10845.1	71.43	9	2	2	4	10	110	118	1.5	16.7
Seq9087_743_bp_-1_0_4	AAB03707.1	100.00	5	0	0	2	6	1295	1299	2.6	18.5
Seq9087_743_bp_-1_0_4	AAA25966.1	71.43	7	2	0	6	12	263	269	3.5	17.2
Seq9087_743_bp_-1_0_4	CAA26230.1	66.67	7	2	1	5	10	302	308	3.7	16.7
Seq9087_743_bp_-1_0_4	AAX84812.1	80.00	5	1	0	3	7	113	117	3.9	15.4
Seq9087_743_bp_-1_0_4	AAI27517.1	50.00	11	5	1	1	10	423	433	5.3	16.3
Seq9087_743_bp_-1_0_4	AAA18786.1	50.00	8	4	0	6	13	160	167	6.1	14.9
Seq9087_743_bp_-1_0_4	AAA45888.1	54.55	11	5	0	3	13	145	155	6.4	15.4
Seq9087_743_bp_-1_0_4	AAA42531.1	66.67	6	2	0	3	8	383	388	6.5	15.4
Seq9087_743_bp_-1_0_4	CAA04196.1	75.00	4	1	0	6	9	254	257	9.3	14.9
Seq9087_743_bp_-1_0_4	AIR13712.1	33.33	9	6	0	5	13	279	287	9.9	14.5
Seq9087_743_bp_-1_0_5	BAB70780.1	39.13	23	14	0	18	40	344	366	0.31	22.3
Seq9087_743_bp_-1_0_5	BAB79260.1	42.86	23	12	2	22	42	112	134	0.45	21.7
Seq9087_743_bp_-1_0_5	AAA25966.1	36.84	39	24	1	3	41	37	74	0.9	21.4
Seq9087_743_bp_-1_0_5	AAC17860.1	46.67	15	8	0	27	41	56	70	1.6	19.7
Seq9087_743_bp_-1_0_5	AAC78721.1	77.78	9	2	0	8	16	491	499	1.6	20.4
Seq9087_743_bp_-1_0_5	ABG75784.1	39.13	23	14	0	8	30	145	167	1.9	19.1
Seq9087_743_bp_-1_0_5	AAC97205.1	52.63	24	9	5	19	38	833	855	2.4	20.7
Seq9087_743_bp_-1_0_5	AAA36565.1	50.00	16	7	2	2	16	55	69	3	17.5
Seq9087_743_bp_-1_0_5	CAA73529.1	41.18	18	10	1	8	25	166	182	3.1	18.1
Seq9087_743_bp_-1_0_5	EDO47375.1	43.75	18	9	2	44	59	100	117	3.4	17.5
Seq9087_743_bp_-1_0_5	AAI27517.1	35.29	17	11	0	1	17	431	447	3.5	19.1
Seq9087_743_bp_-1_0_5	AAA42531.1	57.89	24	8	5	7	26	244	266	3.5	18.5
Seq9087_743_bp_-1_0_5	AAQ92751.2	38.89	18	11	0	10	27	31	48	4.1	20.1
Seq9087_743_bp_-1_0_5	CAA43372.1	38.89	20	11	2	15	34	192	209	4.7	18.1
Seq9087_743_bp_-1_0_5	CAA04196.1	50.00	14	7	0	6	19	273	286	4.7	18.1
Seq9087_743_bp_-1_0_5	ABN10845.1	41.67	12	7	0	45	56	23	34	4.8	17.2
Seq9087_743_bp_-1_0_5	CAA74140.1	47.37	21	10	2	14	34	800	818	6.7	18.8
Seq9087_743_bp_-1_0_5	ABD49687.1	100.00	6	0	0	34	39	925	930	7.7	19.4
Seq9087_743_bp_-1_0_5	AAA45888.1	62.50	8	3	0	38	45	32	39	8.2	17.2
Seq9087_743_bp_-1_0_5	AAB64315.2	44.00	27	14	2	13	39	70	94	8.8	16.8
Seq9087_743_bp_-1_0_5	AAA32376.1	45.83	27	13	3	8	33	138	162	9	15.9
Seq9087_743_bp_-1_0_5	AAB96524.1	50.00	12	6	0	24	35	69	80	9.6	15.9
Seq9087_743_bp_-1_1_0	ABG75784.1	36.67	69	38	9	99	161	171	236	0.08	25.2
Seq9087_743_bp_-1_1_0	ACT10338.1	28.79	73	47	7	73	142	29	97	0.48	22.9
Seq9087_743_bp_-1_1_0	AAB26998.1	33.33	32	20	2	93	122	17	48	0.98	19.6
Seq9087_743_bp_-1_1_0	AAR37016.1	42.86	22	12	1	68	89	561	581	1.3	24.1
Seq9087_743_bp_-1_1_0	ABN10845.1	38.71	39	19	8	49	86	21	52	1.8	20.1
Seq9087_743_bp_-1_1_0	CAA74140.1	42.42	42	19	9	76	112	588	625	2.4	21.8
Seq9087_743_bp_-1_1_0	CAA73529.1	60.00	10	4	0	158	167	35	44	2.8	19.8
Seq9087_743_bp_-1_1_0	CAD53387.1	45.45	44	18	11	64	103	463	499	3.4	20.4
Seq9087_743_bp_-1_1_0	AII71783.1	34.48	35	19	6	15	45	130	162	3.8	19.6
Seq9087_743_bp_-1_1_0	AAC17860.1	27.78	39	26	3	121	159	38	73	4.1	19.8
Seq9087_743_bp_-1_1_0	BAB79260.1	45.00	22	11	2	129	150	438	457	4.5	19.8
Seq9087_743_bp_-1_1_0	AAF01122.1	50.00	13	6	1	26	37	115	127	4.6	19.6
Seq9087_743_bp_-1_1_0	AAA45888.1	47.37	26	10	7	38	61	163	183	4.6	19.6
Seq9087_743_bp_-1_1_0	AAA23282.1	35.29	21	11	4	21	37	193	213	4.7	20.1
Seq9087_743_bp_-1_1_0	AAA32376.1	42.86	14	8	0	62	75	129	142	5.5	18.2
Seq9087_743_bp_-1_1_0	BAA32018.1	43.33	36	17	6	137	170	572	603	6.2	19.8
Seq9087_743_bp_-1_1_0	ABD49687.1	50.00	12	6	0	28	39	5	16	7.6	21.0
Seq9087_743_bp_-1_1_0	AAA42531.1	52.94	18	8	1	147	163	108	125	8.2	18.7
Seq9087_743_bp_-1_1_1	ABG75784.1	46.15	15	7	2	9	21	105	119	1.2	18.3
Seq9087_743_bp_-1_1_1	AIR13712.1	53.33	16	7	1	2	17	67	81	2.1	17.6
Seq9087_743_bp_-1_1_1	CAA43372.1	53.33	16	7	1	4	19	315	329	5.6	16.5
Seq9087_743_bp_-1_1_1	AAA72732.1	42.86	26	12	5	3	23	170	195	6.9	15.8
Seq9087_743_bp_-1_1_1	AAA23282.1	60.00	10	4	0	12	21	506	515	7.6	16.5
Seq9087_743_bp_-1_1_1	AAA18786.1	46.67	15	8	0	9	23	85	99	7.6	15.4
Seq9087_743_bp_-1_1_1	ABS38337.1	62.50	8	3	0	8	15	104	111	8	17.6
Seq9087_743_bp_-1_1_1	AAA26915.1	38.89	21	11	3	1	20	408	426	8	16.1
Seq9087_743_bp_-1_1_1	AII71783.1	60.00	10	4	0	9	18	208	217	8.7	15.4
Seq9087_743_bp_-1_1_1	AAC78721.1	60.00	10	4	0	14	23	39	48	8.9	16.5
Seq9087_743_bp_-1_1_1	AAC97205.1	41.67	12	7	0	9	20	50	61	9.7	17.2
Seq9087_743_bp_-1_1_1	AAC08817.1	66.67	6	2	0	14	19	57	62	9.8	14.3
Seq9087_743_bp_-1_1_2	AAA45888.1	41.18	17	10	0	1	17	98	114	2.2	17.7
Seq9087_743_bp_-1_1_2	AII71783.1	63.64	12	4	1	11	22	249	259	2.8	17.0
Seq9087_743_bp_-1_1_2	AAA23282.1	53.85	16	6	3	8	20	415	430	4	17.4
Seq9087_743_bp_-1_1_2	AAC17860.1	42.86	25	12	4	1	21	349	373	4.7	16.7
Seq9087_743_bp_-1_1_2	AAA18786.1	35.29	19	11	2	1	19	89	105	4.9	16.0
Seq9087_743_bp_-1_1_2	BAA32991.1	57.14	7	3	0	8	14	2	8	6.7	13.6
Seq9087_743_bp_-1_1_2	AAA24969.1	54.55	13	5	2	1	12	322	333	8.2	17.7
Seq9087_743_bp_-1_1_2	AAA72732.1	50.00	10	5	0	2	11	19	28	9	15.3
Seq9087_743_bp_-1_1_3	BAA32956.1	55.56	9	4	0	3	11	41	49	0.35	18.5
Seq9087_743_bp_-1_1_3	AAA18786.1	55.56	9	4	0	3	11	124	132	0.83	17.6
Seq9087_743_bp_-1_1_3	BAB70780.1	80.00	5	1	0	7	11	35	39	1.1	18.1
Seq9087_743_bp_-1_1_3	BAB79260.1	62.50	8	3	0	2	9	135	142	1.4	17.6
Seq9087_743_bp_-1_1_3	ABL74574.1	80.00	5	1	0	2	6	75	79	2.3	16.2
Seq9087_743_bp_-1_1_3	AAB96524.1	66.67	6	2	0	3	8	127	132	2.8	15.3
Seq9087_743_bp_-1_1_3	CAA74140.1	83.33	6	1	0	1	6	48	53	2.9	17.6
Seq9087_743_bp_-1_1_3	ABD33854.1	60.00	5	2	0	6	10	9	13	3.4	13.5
Seq9087_743_bp_-1_1_3	AAR31603.1	66.67	6	2	0	6	11	132	137	3.6	15.8
Seq9087_743_bp_-1_1_3	BAA32018.1	42.86	7	4	0	1	7	305	311	3.6	16.7
Seq9087_743_bp_-1_1_3	AAX12058.1	100.00	3	0	0	1	3	27	29	5.5	14.9
Seq9087_743_bp_-1_1_3	AAA23282.1	40.00	10	6	0	2	11	208	217	6	15.8
Seq9087_743_bp_-1_1_3	AAR37016.1	36.36	11	7	0	1	11	1383	1393	6.9	17.6
Seq9087_743_bp_-1_1_3	ABD49687.1	45.45	11	6	0	1	11	1094	1104	6.9	17.2
Seq9087_743_bp_-1_1_3	AAC78721.1	75.00	4	1	0	1	4	375	378	7.1	15.8
Seq9087_743_bp_-1_1_3	AAB26998.1	80.00	5	1	0	6	10	4	8	7.7	12.5
Seq9087_743_bp_-1_1_3	AEE27845.1	71.43	7	2	0	4	10	613	619	7.7	16.7
Seq9087_743_bp_-1_1_3	EDO47375.1	80.00	5	1	0	2	6	116	120	9.6	13.5
Seq9087_743_bp_-1_2_0	AAA42531.1	55.56	22	8	4	24	44	118	136	0.029	25.1
Seq9087_743_bp_-1_2_0	AAA36565.1	46.67	17	8	2	11	25	45	61	0.22	21.0
Seq9087_743_bp_-1_2_0	AAB03707.1	45.71	42	19	7	11	45	1326	1367	0.34	23.4
Seq9087_743_bp_-1_2_0	AAR31603.1	62.50	8	3	0	24	31	145	152	0.68	20.3
Seq9087_743_bp_-1_2_0	AAA25966.1	66.67	6	2	0	29	34	494	499	1.5	20.3
Seq9087_743_bp_-1_2_0	AAA72732.1	44.44	22	10	4	7	28	243	260	1.7	18.9
Seq9087_743_bp_-1_2_0	AAF01122.1	46.15	14	7	1	9	22	53	65	2.5	18.6
Seq9087_743_bp_-1_2_0	AAI27517.1	46.67	16	8	1	19	34	221	235	3.9	18.6
Seq9087_743_bp_-1_2_0	ABN10845.1	53.85	15	6	2	31	44	91	104	5.9	16.5
Seq9087_743_bp_-1_2_0	AAA45888.1	62.50	8	3	0	24	31	378	385	6.4	17.2
Seq9087_743_bp_-1_2_0	AII71783.1	56.25	21	7	5	12	29	244	262	6.5	16.9
Seq9087_743_bp_-1_2_0	AAB96524.1	40.00	21	12	1	7	27	96	115	7.9	15.9
Seq9087_743_bp_-1_2_1	AAA24142.1	60.00	10	4	0	2	11	399	408	0.0043	26.8
Seq9087_743_bp_-1_2_1	AAA24142.1	66.67	11	3	2	11	19	210	220	0.46	20.1
Seq9087_743_bp_-1_2_1	CAA04196.1	66.67	6	2	0	8	13	257	262	0.015	24.9
Seq9087_743_bp_-1_2_1	AAC97205.1	66.67	11	3	2	10	18	788	798	0.032	25.4
Seq9087_743_bp_-1_2_1	AAA36565.1	41.67	12	7	0	1	12	154	165	0.088	21.1
Seq9087_743_bp_-1_2_1	AAR37016.1	70.00	11	3	1	3	12	1780	1790	0.23	23.5
Seq9087_743_bp_-1_2_1	ABL74574.1	100.00	3	0	0	10	12	115	117	0.3	20.1
Seq9087_743_bp_-1_2_1	BAA32991.1	57.14	7	3	0	11	17	59	65	0.73	16.7
Seq9087_743_bp_-1_2_1	CAA73529.1	60.00	12	4	2	8	19	96	105	0.76	18.6
Seq9087_743_bp_-1_2_1	AAC78721.1	60.00	11	4	1	11	20	139	149	1.3	19.1
Seq9087_743_bp_-1_2_1	AAA45888.1	62.50	8	3	0	11	18	78	85	1.5	18.2
Seq9087_743_bp_-1_2_1	AAH69556.1	66.67	6	2	0	4	9	284	289	1.6	17.7
Seq9087_743_bp_-1_2_1	AAQ92751.2	50.00	8	4	0	2	9	1327	1334	2.7	19.1
Seq9087_743_bp_-1_2_1	AAB26998.1	75.00	4	1	0	12	15	52	55	3.1	14.8
Seq9087_743_bp_-1_2_1	BAB70780.1	40.00	10	6	0	1	10	297	306	3.6	17.2
Seq9087_743_bp_-1_2_1	BAA32956.1	75.00	4	1	0	16	19	22	25	4.2	15.8
Seq9087_743_bp_-1_2_1	BAB79260.1	75.00	4	1	0	2	5	60	63	4.6	16.7
Seq9087_743_bp_-1_2_1	ABD33854.1	100.00	2	0	0	10	11	47	48	4.8	13.8
Seq9087_743_bp_-1_2_1	AAC17860.1	66.67	6	2	0	15	20	324	329	5.8	16.2
Seq9087_743_bp_-1_2_1	ABG75784.1	100.00	3	0	0	7	9	122	124	6.1	15.8
Seq9087_743_bp_-1_2_1	AAX84812.1	66.67	3	1	0	11	13	107	109	6.3	15.3
Seq9087_743_bp_-1_2_1	AAA32376.1	75.00	4	1	0	4	7	124	127	6.6	14.8
Seq9087_743_bp_-1_2_1	CAA74140.1	50.00	8	4	0	2	9	270	277	6.7	17.2
Seq9087_743_bp_-1_2_1	ABK71357.1	75.00	4	1	0	5	8	320	323	7.2	15.8
Seq9087_743_bp_-1_2_1	AAA42531.1	44.44	9	5	0	2	10	157	165	7.5	15.8
Seq9087_743_bp_-1_2_1	ACH70904.1	100.00	3	0	0	17	19	73	75	9.6	15.3
Seq9087_743_bp_-1_2_1	AAA65607.1	100.00	3	0	0	17	19	344	346	9.7	15.3
Seq9087_743_bp_-1_2_2	CAA04196.1	80.00	5	1	0	1	5	257	261	0.0023	27.0
Seq9087_743_bp_-1_2_2	ABL74574.1	100.00	3	0	0	3	5	115	117	0.034	22.6
Seq9087_743_bp_-1_2_2	AAR37016.1	71.43	8	2	1	6	12	21	28	0.088	24.3
Seq9087_743_bp_-1_2_2	AAR37016.1	66.67	6	2	0	1	6	1786	1791	0.41	22.0
Seq9087_743_bp_-1_2_2	BAB70780.1	60.00	5	2	0	5	9	302	306	0.12	21.5
Seq9087_743_bp_-1_2_2	AAC97205.1	62.50	10	3	2	3	12	713	720	0.15	22.6
Seq9087_743_bp_-1_2_2	AAC97205.1	100.00	3	0	0	3	5	788	790	0.15	22.6
Seq9087_743_bp_-1_2_2	AAC97205.1	100.00	3	0	0	1	3	902	904	0.47	20.9
Seq9087_743_bp_-1_2_2	AAC97205.1	100.00	3	0	0	4	6	870	872	0.68	20.4
Seq9087_743_bp_-1_2_2	AAA24142.1	100.00	3	0	0	2	4	406	408	0.17	20.9
Seq9087_743_bp_-1_2_2	AAA24142.1	60.00	5	2	0	4	8	210	214	0.54	19.2
Seq9087_743_bp_-1_2_2	BAA32991.1	37.50	8	5	0	3	10	59	66	0.18	18.1
Seq9087_743_bp_-1_2_2	AAA36565.1	60.00	5	2	0	1	5	161	165	0.2	19.2
Seq9087_743_bp_-1_2_2	AAB26998.1	60.00	5	2	0	5	9	73	77	0.2	18.1
Seq9087_743_bp_-1_2_2	CAA73529.1	75.00	4	1	0	1	4	96	99	0.22	19.8
Seq9087_743_bp_-1_2_2	ABG75784.1	57.14	7	3	0	7	13	118	124	0.26	19.8
Seq9087_743_bp_-1_2_2	ABK71357.1	71.43	7	2	0	7	13	60	66	0.45	19.2
Seq9087_743_bp_-1_2_2	AAA42531.1	41.67	13	7	1	2	13	145	157	0.68	18.7
Seq9087_743_bp_-1_2_2	CAA43372.1	75.00	4	1	0	5	8	281	284	0.73	18.7
Seq9087_743_bp_-1_2_2	AAB64315.2	100.00	3	0	0	5	7	244	246	0.85	18.1
Seq9087_743_bp_-1_2_2	EDO47375.1	100.00	3	0	0	10	12	74	76	1	17.0
Seq9087_743_bp_-1_2_2	ABD33854.1	100.00	2	0	0	3	4	47	48	1.1	15.4
Seq9087_743_bp_-1_2_2	AEE27845.1	75.00	9	2	1	4	11	3	11	1.1	19.8
Seq9087_743_bp_-1_2_2	AAI27517.1	50.00	8	4	0	3	10	306	313	1.5	18.1
Seq9087_743_bp_-1_2_2	AAF01122.1	50.00	8	4	0	4	11	64	71	2.1	17.0
Seq9087_743_bp_-1_2_2	BAB17681.1	42.86	7	4	0	6	12	59	65	2.2	16.5
Seq9087_743_bp_-1_2_2	AAA25966.1	66.67	3	1	0	1	3	317	319	2.7	17.6
Seq9087_743_bp_-1_2_2	ACT10338.1	40.00	5	3	0	7	11	60	64	3.1	16.5
Seq9087_743_bp_-1_2_2	AAX84812.1	100.00	2	0	0	3	4	107	108	4	15.4
Seq9087_743_bp_-1_2_2	CAA74140.1	83.33	7	1	1	7	13	468	473	5	17.0
Seq9087_743_bp_-1_2_2	AAA32624.1	50.00	4	2	0	7	10	267	270	6	15.9
Seq9087_743_bp_-1_2_2	ACH70904.1	60.00	5	2	0	6	10	237	241	6.1	15.4
Seq9087_743_bp_-1_2_2	AAA23282.1	57.14	7	3	0	7	13	56	62	6.5	15.9
Seq9087_743_bp_-1_2_2	AAA18786.1	100.00	3	0	0	6	8	112	114	6.6	14.8
Seq9087_743_bp_-1_2_2	BAA32018.1	66.67	6	2	0	6	11	149	154	7.1	15.9
Seq9087_743_bp_-1_2_2	BAA32956.1	66.67	3	1	0	3	5	12	14	7.6	14.2
Seq9087_743_bp_-1_2_2	AAA72732.1	100.00	3	0	0	6	8	287	289	7.6	14.8
Seq9087_743_bp_-1_2_2	CAA45199.1	66.67	3	1	0	11	13	83	85	7.8	15.4
Seq9087_743_bp_-1_2_2	AAR31603.1	66.67	3	1	0	1	3	64	66	8	14.8
Seq9087_743_bp_-1_2_2	AAB96524.1	66.67	3	1	0	10	12	176	178	9.6	13.7
Seq9087_743_bp_-1_2_3	AAR37016.1	71.43	22	4	8	14	27	7	28	0.0091	29.0
Seq9087_743_bp_-1_2_3	AAR37016.1	43.75	17	9	1	6	22	1288	1303	0.075	25.9
Seq9087_743_bp_-1_2_3	AAR37016.1	50.00	8	4	0	24	31	1260	1267	0.82	22.4
Seq9087_743_bp_-1_2_3	AAR37016.1	60.00	12	4	2	5	16	2083	2092	0.82	22.4
Seq9087_743_bp_-1_2_3	ABD49687.1	47.06	18	9	1	5	21	58	75	0.1	25.0
Seq9087_743_bp_-1_2_3	AIR13712.1	37.50	16	10	0	7	22	208	223	0.21	21.6
Seq9087_743_bp_-1_2_3	AAA42531.1	66.67	16	4	4	3	14	18	33	0.61	20.3
Seq9087_743_bp_-1_2_3	CAA45199.1	83.33	6	1	0	26	31	79	84	0.74	20.3
Seq9087_743_bp_-1_2_3	AAB26998.1	83.33	7	1	1	24	29	73	79	0.75	17.7
Seq9087_743_bp_-1_2_3	AAH69556.1	46.15	13	7	0	4	16	277	289	0.87	19.4
Seq9087_743_bp_-1_2_3	EDO47375.1	36.36	14	7	3	25	35	139	152	0.98	18.5
Seq9087_743_bp_-1_2_3	AAB96524.1	80.00	5	1	0	26	30	177	181	1.3	18.1
Seq9087_743_bp_-1_2_3	AAA23282.1	60.00	13	4	3	13	22	347	359	1.6	19.4
Seq9087_743_bp_-1_2_3	AAF01122.1	41.67	12	7	0	14	25	115	126	1.9	18.5
Seq9087_743_bp_-1_2_3	CAD53387.1	100.00	4	0	0	18	21	65	68	2.6	18.5
Seq9087_743_bp_-1_2_3	AAA32624.1	44.44	9	5	0	26	34	324	332	2.7	18.5
Seq9087_743_bp_-1_2_3	CAA26230.1	44.44	9	5	0	26	34	361	369	2.9	18.5
Seq9087_743_bp_-1_2_3	BAA32991.1	38.46	14	8	1	8	21	25	37	2.9	15.5
Seq9087_743_bp_-1_2_3	AAA24142.1	50.00	15	7	1	19	33	199	212	3.1	18.1
Seq9087_743_bp_-1_2_3	AAA18786.1	55.56	9	4	0	2	10	208	216	3.4	17.2
Seq9087_743_bp_-1_2_3	CAA04196.1	36.36	11	7	0	19	29	300	310	3.9	17.7
Seq9087_743_bp_-1_2_3	CAA73529.1	50.00	10	5	0	6	15	90	99	4.6	16.8
Seq9087_743_bp_-1_2_3	AAC97205.1	80.00	5	1	0	28	32	1133	1137	4.6	19.0
Seq9087_743_bp_-1_2_3	AAA25966.1	66.67	6	2	0	18	23	608	613	4.9	18.1
Seq9087_743_bp_-1_2_3	ABK71357.1	62.50	10	3	2	18	25	302	311	6.1	16.8
Seq9087_743_bp_-1_2_3	BAA32956.1	66.67	12	3	3	19	30	200	208	6.3	15.9
Seq9087_743_bp_-1_2_3	ABD33854.1	44.44	9	5	0	20	28	41	49	6.4	14.2
Seq9087_743_bp_-1_2_3	ABS38337.1	100.00	4	0	0	18	21	1138	1141	6.4	18.5
Seq9087_743_bp_-1_2_3	AAR31603.1	60.00	5	2	0	15	19	64	68	7.2	16.4
Seq9087_743_bp_-1_2_3	ACH70904.1	58.33	15	5	3	24	35	143	157	7.9	16.4
Seq9087_743_bp_-1_2_3	AAC08817.1	41.67	12	7	0	3	14	153	164	8.8	15.1
Seq9087_743_bp_-1_2_3	BAB79260.1	45.45	14	6	3	1	14	326	336	9.8	16.4
Seq9087_743_bp_-1_2_4	AAQ92751.2	36.36	22	14	0	12	33	130	151	1.5	21.4
Seq9087_743_bp_-1_2_4	CAD53387.1	47.06	17	9	0	23	39	33	49	2.1	19.4
Seq9087_743_bp_-1_2_4	AAA42531.1	52.63	24	9	5	16	34	305	328	3.2	18.5
Seq9087_743_bp_-1_2_4	AAA72732.1	44.44	30	15	3	1	27	247	276	4	17.8
Seq9087_743_bp_-1_2_4	AAB64315.2	61.90	29	8	8	20	41	9	36	4.2	17.8
Seq9087_743_bp_-1_2_4	AAC17860.1	60.00	10	4	0	20	29	338	347	6.5	17.5
Seq9087_743_bp_-1_2_4	AAB26998.1	71.43	9	2	2	34	42	73	79	7.4	14.9
Seq9087_743_bp_-1_2_4	ABD33854.1	33.33	28	16	4	18	41	21	48	7.5	14.6
Seq9087_743_bp_-1_2_4	AAA32624.1	54.55	11	5	0	23	33	375	385	8.1	17.5
Seq9087_743_bp_-1_2_4	CAA26230.1	39.13	28	14	5	6	33	35	57	8.6	17.5
Seq9087_743_bp_-1_2_4	AAB03707.1	36.84	19	12	0	10	28	1226	1244	8.6	18.8
Seq9087_743_bp_-1_2_4	AAA25966.1	83.33	6	1	0	30	35	649	654	8.9	17.8
Seq9087_743_bp_-1_2_5	AAA42531.1	38.46	13	8	0	42	54	143	155	0.48	21.5
Seq9087_743_bp_-1_2_5	AAX12058.1	40.91	23	13	1	33	54	16	38	1.6	19.3
Seq9087_743_bp_-1_2_5	ACH70904.1	46.67	15	8	0	17	31	56	70	1.7	19.6
Seq9087_743_bp_-1_2_5	AAA72732.1	47.83	30	12	7	5	34	88	110	1.8	19.3
Seq9087_743_bp_-1_2_5	AAH69556.1	50.00	8	4	0	38	45	253	260	3.4	18.3
Seq9087_743_bp_-1_2_5	AAA24142.1	31.82	23	15	1	13	34	110	132	5	18.3
Seq9087_743_bp_-1_2_5	AAC97205.1	53.33	16	7	1	49	63	608	623	5.6	19.6
Seq9087_743_bp_-1_2_5	AAA36565.1	36.36	11	7	0	26	36	131	141	6.9	16.4
