Seq150_71_bp_1_0_0	ENA|AAA24145|AAA24145.1	100.00	4	0	0	3	6	263	266	0.77	19.6
Seq150_71_bp_1_0_0	ENA|AAI27517|AAI27517.1	100.00	4	0	0	6	9	314	317	1.9	18.6
Seq150_71_bp_1_0_0	ENA|AAA25966|AAA25966.1	100.00	4	0	0	12	15	619	622	2.4	18.6
Seq150_71_bp_1_0_0	ENA|AAB03707|AAB03707.1	83.33	6	1	0	9	14	130	135	3.2	19.1
Seq150_71_bp_1_0_0	ENA|AAC08817|AAC08817.1	100.00	7	0	2	3	9	114	118	4	15.6
Seq150_71_bp_1_0_0	ENA|CAA11507|CAA11507.1	88.89	13	1	4	10	20	1218	1228	4.4	18.6
Seq150_71_bp_1_0_0	ENA|CAB75732|CAB75732.1	100.00	4	0	0	9	12	1167	1170	5.2	18.1
Seq150_71_bp_1_0_0	ENA|AAB26998|AAB26998.1	100.00	3	0	0	14	16	3	5	5.5	14.1
Seq150_71_bp_1_0_0	ENA|CAA24711|CAA24711.1	100.00	3	0	0	6	8	152	154	6.1	15.1
Seq150_71_bp_1_0_0	ENA|AAA18786|AAA18786.1	80.00	5	1	0	16	20	12	16	9.1	15.1
Seq150_71_bp_1_0_0	ENA|BAB17681|BAB17681.1	100.00	6	0	1	18	22	127	132	9.3	15.1
Seq150_71_bp_1_1_0	ENA|BAB79260|BAB79260.1	100.00	4	0	0	3	6	389	392	0.32	20.2
Seq150_71_bp_1_1_0	ENA|CAA73529|CAA73529.1	100.00	6	0	1	5	10	97	101	0.41	19.1
Seq150_71_bp_1_1_0	ENA|AAI27517|AAI27517.1	100.00	4	0	0	7	10	558	561	0.6	19.7
Seq150_71_bp_1_1_0	ENA|AAC49865|AAC49865.1	100.00	4	0	0	12	15	261	264	0.71	18.6
Seq150_71_bp_1_1_0	ENA|BAB17681|BAB17681.1	100.00	3	0	0	9	11	271	273	1.8	17.0
Seq150_71_bp_1_1_0	ENA|BAA32018|BAA32018.1	80.00	5	1	0	11	15	530	534	2.8	17.5
Seq150_71_bp_1_1_0	ENA|AAB96524|AAB96524.1	66.67	6	2	0	1	6	179	184	3.7	15.3
Seq150_71_bp_1_1_0	ENA|AAC40132|AAC40132.1	100.00	3	0	0	5	7	312	314	4.5	16.4
Seq150_71_bp_1_1_0	ENA|CAA43419|CAA43419.1	100.00	3	0	0	11	13	12	14	5	15.9
Seq150_71_bp_1_1_0	ENA|AAR31603|AAR31603.1	100.00	3	0	0	3	5	200	202	6.5	15.3
Seq150_71_bp_1_1_0	ENA|EDO47375|EDO47375.1	100.00	3	0	0	13	15	22	24	7.8	14.2
Seq150_71_bp_1_1_0	ENA|AAF79734|AAF79734.1	100.00	3	0	0	10	12	10	12	9	17.0
Seq150_71_bp_1_1_0	ENA|AAA36539|AAA36539.1	100.00	3	0	0	4	6	34	36	9.1	15.3
Seq150_71_bp_1_2_0	ENA|AAA24145|AAA24145.1	100.00	23	0	0	1	23	370	392	8.2e-22	89.3
Seq150_71_bp_1_2_0	ENA|AAA25966|AAA25966.1	100.00	4	0	0	1	4	272	275	2.1	18.8
Seq150_71_bp_1_2_0	ENA|AAC40132|AAC40132.1	100.00	4	0	0	17	20	426	429	3.6	17.4
Seq150_71_bp_1_2_0	ENA|BAB17681|BAB17681.1	83.33	6	1	0	5	10	167	172	3.9	16.5
Seq150_71_bp_1_2_0	ENA|BAA36759|BAA36759.1	80.00	5	1	0	16	20	154	158	5.6	16.0
Seq150_71_bp_1_2_0	ENA|AAQ92751|AAQ92751.2	85.71	8	1	1	12	18	357	364	9.8	17.4
Seq150_71_bp_1_2_0	ENA|AAB26998|AAB26998.1	100.00	3	0	0	12	14	41	43	9.8	13.2
Seq150_71_bp_-1_0_0	ENA|AAC40132|AAC40132.1	100.00	4	0	0	9	12	357	360	0.13	21.3
Seq150_71_bp_-1_0_0	ENA|AAC78721|AAC78721.1	100.00	4	0	0	3	6	567	570	0.9	19.0
Seq150_71_bp_-1_0_0	ENA|CAB75732|CAB75732.1	100.00	4	0	0	1	4	19	22	1.5	19.0
Seq150_71_bp_-1_0_0	ENA|AAC97205|AAC97205.1	100.00	4	0	0	3	6	219	222	1.6	19.0
Seq150_71_bp_-1_0_0	ENA|AAA42531|AAA42531.1	100.00	3	0	0	8	10	156	158	2.6	16.6
Seq150_71_bp_-1_0_0	ENA|CAL82360|CAL82360.1	100.00	4	0	0	2	5	475	478	3.8	17.8
Seq150_71_bp_-1_0_0	ENA|ACT10338|ACT10338.1	100.00	3	0	0	9	11	346	348	3.8	16.0
Seq150_71_bp_-1_0_0	ENA|CAA11507|CAA11507.1	100.00	4	0	0	2	5	818	821	4	17.8
Seq150_71_bp_-1_0_0	ENA|AAB03707|AAB03707.1	80.00	5	1	0	3	7	43	47	4	17.8
Seq150_71_bp_-1_0_0	ENA|CAA45708|CAA45708.1	80.00	5	1	0	3	7	43	47	4.4	17.8
Seq150_71_bp_-1_0_0	ENA|AAA24145|AAA24145.1	100.00	3	0	0	10	12	247	249	4.5	16.0
Seq150_71_bp_-1_0_0	ENA|CAA45199|CAA45199.1	100.00	6	0	1	2	6	162	167	4.6	16.0
Seq150_71_bp_-1_0_0	ENA|AAA72732|AAA72732.1	100.00	3	0	0	5	7	84	86	6.8	14.9
Seq150_71_bp_-1_1_0	ENA|CAA36214|CAA36214.1	85.71	8	1	1	9	15	260	267	0.53	19.5
Seq150_71_bp_-1_1_0	ENA|CAA73529|CAA73529.1	100.00	3	0	0	3	5	39	41	0.97	18.5
Seq150_71_bp_-1_1_0	ENA|AAR31603|AAR31603.1	100.00	3	0	0	3	5	142	144	1.2	18.5
Seq150_71_bp_-1_1_0	ENA|AAC26660|AAC26660.1	100.00	4	0	0	12	15	198	201	1.8	17.5
Seq150_71_bp_-1_1_0	ENA|AAS77176|AAS77176.1	100.00	3	0	0	21	23	254	256	5.9	15.9
Seq150_71_bp_-1_1_0	ENA|ABN10845|ABN10845.1	75.00	4	1	0	1	4	51	54	6.3	15.4
Seq150_71_bp_-1_1_0	ENA|CAA43419|CAA43419.1	100.00	3	0	0	21	23	289	291	7.4	15.9
Seq150_71_bp_-1_1_0	ENA|CAA26023|CAA26023.1	100.00	3	0	0	1	3	70	72	7.7	15.9
Seq150_71_bp_-1_1_0	ENA|EDO47375|EDO47375.1	100.00	3	0	0	9	11	6	8	7.7	14.9
Seq150_71_bp_-1_1_0	ENA|AAR37016|AAR37016.1	100.00	4	0	0	15	18	1173	1176	7.8	18.5
Seq150_71_bp_-1_1_0	ENA|CAB75732|CAB75732.1	100.00	4	0	0	6	9	747	750	7.9	17.5
Seq150_71_bp_-1_1_0	ENA|ABD49687|ABD49687.1	85.71	8	1	1	10	16	360	367	8.1	18.0
Seq150_71_bp_-1_1_0	ENA|BAA32956|BAA32956.1	100.00	3	0	0	20	22	125	127	8.6	14.9
Seq150_71_bp_-1_1_0	ENA|AAA24145|AAA24145.1	100.00	3	0	0	21	23	370	372	9.1	15.9
Seq150_71_bp_-1_1_0	ENA|AAQ92751|AAQ92751.2	83.33	6	1	0	6	11	72	77	9.3	17.5
Seq150_71_bp_-1_2_0	ENA|ABG75784|ABG75784.1	100.00	4	0	0	7	10	7	10	0.39	20.0
Seq150_71_bp_-1_2_0	ENA|AAI27517|AAI27517.1	100.00	4	0	0	9	12	49	52	1.4	19.1
Seq150_71_bp_-1_2_0	ENA|BAB79260|BAB79260.1	100.00	4	0	0	13	16	207	210	2.8	17.7
Seq150_71_bp_-1_2_0	ENA|BAA32991|BAA32991.1	83.33	7	1	1	17	23	50	55	5.6	13.9
Seq150_71_bp_-1_2_0	ENA|AAC17860|AAC17860.1	100.00	4	0	0	19	22	145	148	6.5	16.3
Seq150_71_bp_-1_2_0	ENA|CAA26939|CAA26939.1	100.00	4	0	0	20	23	427	430	6.5	16.7
