Seq10056_386_bp_1_0_0	CAA04196.1	37.50	16	10	0	17	32	327	342	0.35	21.1
Seq10056_386_bp_1_0_0	AII71783.1	44.44	18	10	0	14	31	17	34	2.2	18.0
Seq10056_386_bp_1_0_0	AAA26915.1	66.67	9	3	0	4	12	111	119	2.3	18.5
Seq10056_386_bp_1_0_0	AAC17860.1	55.56	9	4	0	21	29	267	275	5.8	16.9
Seq10056_386_bp_1_0_0	CAA74140.1	66.67	9	3	0	1	9	132	140	6.4	18.0
Seq10056_386_bp_1_0_0	BAA32991.1	75.00	4	1	0	29	32	66	69	8.2	13.8
Seq10056_386_bp_1_0_0	AAQ92751.2	54.55	11	5	0	2	12	134	144	9.1	18.0
Seq10056_386_bp_1_0_1	CAA11507.1	36.36	22	14	0	8	29	258	279	1.2	21.3
Seq10056_386_bp_1_0_1	ABD49687.1	70.00	10	3	0	15	24	1606	1615	1.5	21.3
Seq10056_386_bp_1_0_1	ABS38337.1	42.86	14	8	0	1	14	220	233	1.7	20.8
Seq10056_386_bp_1_0_1	BAA32956.1	50.00	10	5	0	16	25	106	115	2	17.8
Seq10056_386_bp_1_0_1	AAA45888.1	83.33	6	1	0	9	14	101	106	2.5	18.4
Seq10056_386_bp_1_0_1	BAB79260.1	83.33	6	1	0	34	39	389	394	2.9	18.4
Seq10056_386_bp_1_0_1	BAB70780.1	42.86	14	8	0	18	31	209	222	4.6	17.8
Seq10056_386_bp_1_0_1	AAC08817.1	50.00	10	5	0	13	22	144	153	5.2	16.1
Seq10056_386_bp_1_0_1	CAA26230.1	60.00	10	4	0	29	38	153	162	5.3	17.8
Seq10056_386_bp_1_0_1	AAB03707.1	45.45	11	6	0	7	17	359	369	5.8	19.0
Seq10056_386_bp_1_0_1	AAA24142.1	80.00	5	1	0	14	18	437	441	6.3	17.2
Seq10056_386_bp_1_0_1	AAR37016.1	47.06	17	9	0	18	34	1141	1157	6.5	19.6
Seq10056_386_bp_1_0_1	CAA74140.1	33.33	27	18	0	1	27	669	695	8.5	17.8
Seq10056_386_bp_1_1_0	AAB26998.1	57.14	7	3	0	17	23	47	53	0.12	20.7
Seq10056_386_bp_1_1_0	AAF01122.1	50.00	12	6	0	31	42	367	378	0.28	21.8
Seq10056_386_bp_1_1_0	ABD49687.1	66.67	9	3	0	34	42	129	137	0.41	23.5
Seq10056_386_bp_1_1_0	CAA74140.1	60.00	10	4	0	28	37	915	924	0.69	21.8
Seq10056_386_bp_1_1_0	AAC97205.1	53.85	13	6	0	26	38	679	691	0.91	21.8
Seq10056_386_bp_1_1_0	BAE97662.1	41.18	17	10	0	30	46	115	131	2.6	20.2
Seq10056_386_bp_1_1_0	AAB96524.1	57.14	14	6	0	4	17	49	62	2.7	17.5
Seq10056_386_bp_1_1_0	AAI27517.1	45.00	20	11	0	28	47	576	595	2.8	19.1
Seq10056_386_bp_1_1_0	AAA32376.1	50.00	8	4	0	39	46	163	170	3.6	16.9
Seq10056_386_bp_1_1_0	CAA43372.1	57.14	7	3	0	38	44	359	365	4.1	18.0
Seq10056_386_bp_1_1_0	AAA26915.1	80.00	5	1	0	18	22	424	428	4.6	18.0
Seq10056_386_bp_1_1_0	AAR37016.1	42.86	7	4	0	20	26	514	520	5.2	20.2
Seq10056_386_bp_1_1_0	BAB17681.1	60.00	5	2	0	16	20	22	26	5.7	16.9
Seq10056_386_bp_1_1_0	AAH69556.1	54.55	11	5	0	9	19	76	86	6.3	16.9
Seq10056_386_bp_1_1_0	AAC78721.1	53.33	16	7	1	2	16	364	379	6.5	18.0
Seq10056_386_bp_1_1_0	BAA32991.1	80.00	5	1	0	36	40	46	50	9	14.2
Seq10056_386_bp_1_1_0	AAB64315.2	62.50	8	3	0	8	15	71	78	9.5	16.4
Seq10056_386_bp_1_1_0	AAA25966.1	71.43	7	2	0	9	15	392	398	9.9	17.5
Seq10056_386_bp_1_1_1	AAB03707.1	55.56	9	4	0	3	11	683	691	0.95	20.2
Seq10056_386_bp_1_1_1	AAC08817.1	50.00	10	5	0	3	12	116	125	1.2	16.8
Seq10056_386_bp_1_1_1	BAE97662.1	54.55	11	5	0	2	12	529	539	1.7	19.1
Seq10056_386_bp_1_1_1	AII71783.1	62.50	8	3	0	6	13	224	231	3.4	16.2
Seq10056_386_bp_1_1_1	ABD49687.1	50.00	12	6	0	4	15	240	251	3.8	18.5
Seq10056_386_bp_1_1_1	AAB64315.2	55.56	9	4	0	6	14	70	78	5.3	15.6
Seq10056_386_bp_1_1_1	AAA42531.1	36.36	11	7	0	2	12	42	52	6.2	15.6
Seq10056_386_bp_1_1_1	ACT10338.1	55.56	9	4	0	2	10	1	9	6.2	15.6
Seq10056_386_bp_1_1_1	ABN10845.1	55.56	9	4	0	2	10	61	69	7.7	14.5
Seq10056_386_bp_1_1_1	AAB26998.1	75.00	4	1	0	9	12	39	42	9	12.7
Seq10056_386_bp_1_1_2	EDO47375.1	66.67	6	2	0	4	9	183	188	1.2	17.2
Seq10056_386_bp_1_1_2	AAH69556.1	80.00	5	1	0	6	10	154	158	2.9	16.6
Seq10056_386_bp_1_1_2	AAC17860.1	57.14	7	3	0	2	8	59	65	5.6	16.0
Seq10056_386_bp_1_1_2	BAA32018.1	62.50	8	3	0	5	12	291	298	5.8	16.6
Seq10056_386_bp_1_1_2	AAA32624.1	62.50	8	3	0	3	10	106	113	7.1	16.0
Seq10056_386_bp_1_1_2	AAQ92751.2	66.67	6	2	0	3	8	1172	1177	8.4	17.2
Seq10056_386_bp_1_1_2	AII71783.1	60.00	5	2	0	6	10	17	21	9.1	14.9
Seq10056_386_bp_1_1_2	AAR31603.1	44.44	9	5	0	8	16	37	45	9.6	14.9
Seq10056_386_bp_1_2_0	AAB96524.1	50.00	8	4	0	6	13	94	101	2.3	16.0
Seq10056_386_bp_1_2_0	AAA72732.1	62.50	8	3	0	1	8	132	139	3.8	16.0
Seq10056_386_bp_1_2_0	AAR37016.1	75.00	8	2	0	2	9	1445	1452	4	18.8
Seq10056_386_bp_1_2_0	CAA26230.1	66.67	6	2	0	1	6	111	116	4.5	16.5
Seq10056_386_bp_1_2_0	ABS38337.1	57.14	7	3	0	4	10	249	255	4.7	17.7
Seq10056_386_bp_1_2_0	CAA11507.1	50.00	8	4	0	6	13	607	614	7.2	17.1
Seq10056_386_bp_1_2_1	AAR31603.1	47.37	19	10	0	21	39	250	268	0.00034	31.3
Seq10056_386_bp_1_2_1	BAA32956.1	46.67	15	8	0	31	45	184	198	0.99	19.1
Seq10056_386_bp_1_2_1	AAC08817.1	32.26	34	21	3	12	45	119	149	2.4	17.5
Seq10056_386_bp_1_2_1	AAA26915.1	31.58	19	13	0	15	33	86	104	4.6	18.0
Seq10056_386_bp_1_2_1	CAA11507.1	46.67	15	8	0	30	44	1029	1043	6.2	19.1
Seq10056_386_bp_1_2_1	AAR37016.1	100.00	5	0	0	37	41	2209	2213	7.2	19.7
Seq10056_386_bp_1_2_1	AAA45888.1	45.45	11	6	0	20	30	15	25	7.9	16.9
Seq10056_386_bp_1_2_1	ACT10338.1	33.33	18	12	0	29	46	112	129	8	16.9
Seq10056_386_bp_1_2_1	AAI27517.1	35.00	20	13	0	20	39	502	521	8.2	17.5
Seq10056_386_bp_1_2_1	ABS38337.1	57.14	7	3	0	9	15	282	288	8.3	18.6
Seq10056_386_bp_1_2_1	CAA74140.1	33.33	12	8	0	19	30	46	57	8.9	18.0
Seq10056_386_bp_1_2_2	BAA32018.1	44.44	9	5	0	11	19	451	459	2.3	18.1
Seq10056_386_bp_1_2_2	ABD49687.1	57.14	7	3	0	9	15	1335	1341	2.9	19.3
Seq10056_386_bp_1_2_2	CAA43372.1	60.00	5	2	0	5	9	14	18	3.3	17.0
Seq10056_386_bp_1_2_2	BAB79260.1	66.67	6	2	0	14	19	387	392	5.2	16.5
Seq10056_386_bp_1_2_2	AII71783.1	60.00	5	2	0	15	19	269	273	5.3	15.9
Seq10056_386_bp_1_2_2	CAA45199.1	57.14	7	3	0	5	11	83	89	5.4	16.5
Seq10056_386_bp_1_2_2	AAA65607.1	57.14	7	3	0	6	12	344	350	6.2	15.9
Seq10056_386_bp_1_2_2	AAC78721.1	57.14	7	3	0	1	7	315	321	7.6	16.5
Seq10056_386_bp_1_2_2	AAC97205.1	100.00	7	0	2	3	9	893	897	9.3	17.0
Seq10056_386_bp_-1_0_0	ABG75784.1	40.00	15	9	0	4	18	123	137	0.13	22.5
Seq10056_386_bp_-1_0_0	AAX12058.1	44.44	18	10	0	6	23	148	165	1.2	19.0
Seq10056_386_bp_-1_0_0	ABD49687.1	100.00	5	0	0	27	31	31	35	2.7	20.5
Seq10056_386_bp_-1_0_0	ABN10845.1	46.15	13	7	0	28	40	182	194	3.7	17.0
Seq10056_386_bp_-1_0_0	AAR31603.1	66.67	9	3	0	12	20	6	14	3.9	17.5
Seq10056_386_bp_-1_0_0	AAC17860.1	55.56	9	4	0	28	36	404	412	4.9	17.5
Seq10056_386_bp_-1_0_0	AAB64315.2	80.00	5	1	0	31	35	29	33	5.5	17.0
Seq10056_386_bp_-1_0_0	AAF01122.1	71.43	7	2	0	8	14	368	374	6.2	17.0
Seq10056_386_bp_-1_0_0	AAA42531.1	66.67	13	4	1	12	24	357	368	6.4	17.0
Seq10056_386_bp_-1_0_0	BAA32956.1	41.67	12	7	0	24	35	182	193	6.8	16.1
Seq10056_386_bp_-1_0_0	AAA24142.1	30.77	13	9	0	1	13	256	268	7.4	17.0
Seq10056_386_bp_-1_0_0	ACT10338.1	35.29	17	11	0	13	29	109	125	8.8	16.5
Seq10056_386_bp_-1_0_0	AAH69556.1	50.00	8	4	0	10	17	32	39	9.6	16.1
Seq10056_386_bp_-1_0_1	ABL74574.1	50.00	12	6	0	2	13	277	288	0.85	18.0
Seq10056_386_bp_-1_0_1	AAB03707.1	40.00	10	6	0	1	10	182	191	1.8	19.2
Seq10056_386_bp_-1_0_1	AAQ92751.2	42.86	7	4	0	5	11	1295	1301	2.7	18.6
Seq10056_386_bp_-1_0_1	BAE97662.1	75.00	8	2	0	7	14	538	545	3.3	18.0
Seq10056_386_bp_-1_0_1	BAA32991.1	100.00	4	0	0	1	4	37	40	3.5	13.9
Seq10056_386_bp_-1_0_1	CAA04196.1	100.00	4	0	0	7	10	343	346	4.1	16.3
Seq10056_386_bp_-1_0_1	AAR37016.1	50.00	10	5	0	5	14	1749	1758	4.5	18.6
Seq10056_386_bp_-1_0_1	AAA72732.1	75.00	4	1	0	2	5	296	299	4.6	15.7
Seq10056_386_bp_-1_0_1	EDO47375.1	44.44	9	5	0	6	14	48	56	6.3	14.5
Seq10056_386_bp_-1_0_1	AII71783.1	42.86	7	4	0	7	13	93	99	6.8	15.1
Seq10056_386_bp_-1_0_1	CAA45199.1	100.00	3	0	0	5	7	214	216	6.9	15.7
Seq10056_386_bp_-1_0_1	BAB70780.1	57.14	7	3	0	8	14	408	414	7	15.7
Seq10056_386_bp_-1_0_1	CAA11507.1	50.00	10	5	0	1	10	446	455	8.6	16.9
Seq10056_386_bp_-1_0_1	AAC17860.1	57.14	7	3	0	8	14	25	31	8.8	15.1
Seq10056_386_bp_-1_0_1	BAA32018.1	57.14	7	3	0	1	7	149	155	8.9	15.7
Seq10056_386_bp_-1_0_1	AAC78721.1	60.00	5	2	0	7	11	619	623	9.6	15.7
Seq10056_386_bp_-1_0_1	AAA24142.1	44.44	9	5	0	5	13	92	100	9.6	15.1
Seq10056_386_bp_-1_0_2	AAI27517.1	75.00	8	2	0	6	13	544	551	1.9	17.9
Seq10056_386_bp_-1_0_2	AAA24969.1	55.56	9	4	0	4	12	1102	1110	2.2	19.1
Seq10056_386_bp_-1_0_2	AAB03707.1	60.00	10	4	0	4	13	1091	1100	3	18.5
Seq10056_386_bp_-1_0_2	AAC08817.1	57.14	7	3	0	8	14	20	26	3.9	15.0
Seq10056_386_bp_-1_0_2	BAB17681.1	30.77	13	9	0	1	13	45	57	4.4	15.6
Seq10056_386_bp_-1_0_2	AEE27845.1	41.67	12	7	0	3	14	644	655	6.5	17.3
Seq10056_386_bp_-1_0_2	BAA32956.1	40.00	10	6	0	2	11	60	69	7.3	14.4
Seq10056_386_bp_-1_0_2	AIR13712.1	55.56	9	4	0	6	14	12	20	7.6	15.0
Seq10056_386_bp_-1_0_2	EDO47375.1	57.14	7	3	0	6	12	44	50	9.6	13.8
Seq10056_386_bp_-1_1_0	AAA24969.1	63.64	11	4	0	4	14	1275	1285	0.096	23.8
Seq10056_386_bp_-1_1_0	ACH70904.1	50.00	12	6	0	5	16	91	102	0.12	21.4
Seq10056_386_bp_-1_1_0	AEE27845.1	44.44	9	5	0	7	15	3	11	1.1	20.2
Seq10056_386_bp_-1_1_0	AAA23282.1	46.15	13	7	0	4	16	216	228	1.6	18.3
Seq10056_386_bp_-1_1_0	CAA04196.1	62.50	8	3	0	1	8	351	358	1.8	17.7
Seq10056_386_bp_-1_1_0	AAR31603.1	57.14	7	3	0	8	14	160	166	2.1	17.1
Seq10056_386_bp_-1_1_0	AAA26915.1	80.00	5	1	0	12	16	223	227	4.4	16.5
Seq10056_386_bp_-1_1_0	AAB26998.1	100.00	3	0	0	7	9	77	79	6	13.5
Seq10056_386_bp_-1_1_0	AAC08817.1	50.00	10	5	0	6	15	52	61	8.1	14.1
Seq10056_386_bp_-1_1_0	ABG75784.1	42.86	7	4	0	2	8	62	68	10	14.7
Seq10056_386_bp_-1_1_1	CAA45199.1	80.00	5	1	0	21	25	80	84	2.1	18.7
Seq10056_386_bp_-1_1_1	AAA26915.1	57.14	7	3	0	4	10	222	228	3	18.1
Seq10056_386_bp_-1_1_1	AAR37016.1	66.67	6	2	0	20	25	842	847	3.4	20.3
Seq10056_386_bp_-1_1_1	BAA32956.1	50.00	8	4	0	18	25	129	136	4.1	16.5
Seq10056_386_bp_-1_1_1	AAA72732.1	50.00	10	5	0	4	13	286	295	4.2	17.1
Seq10056_386_bp_-1_1_1	BAB79260.1	83.33	6	1	0	10	15	298	303	4.2	17.6
Seq10056_386_bp_-1_1_1	ABD33854.1	60.00	5	2	0	28	32	2	6	5.4	14.4
Seq10056_386_bp_-1_1_1	AAA32624.1	62.50	8	3	0	3	10	198	205	6.8	17.1
Seq10056_386_bp_-1_1_1	CAA73529.1	57.14	7	3	0	4	10	23	29	7.5	16.0
Seq10056_386_bp_-1_1_1	ABL74574.1	57.14	7	3	0	26	32	45	51	7.8	16.0
Seq10056_386_bp_-1_1_1	AAB26998.1	100.00	3	0	0	26	28	60	62	9.3	13.8
Seq10056_386_bp_-1_1_2	ABD49687.1	60.00	10	4	0	3	12	788	797	1.4	19.7
Seq10056_386_bp_-1_1_2	AAA42531.1	57.14	7	3	0	4	10	237	243	2.8	16.6
Seq10056_386_bp_-1_1_2	AAX84812.1	80.00	5	1	0	2	6	56	60	3.4	15.6
Seq10056_386_bp_-1_1_2	AAA36565.1	40.00	10	6	0	3	12	59	68	7.1	14.0
Seq10056_386_bp_-1_2_0	CAA04196.1	71.43	7	2	0	7	13	213	219	0.082	22.1
Seq10056_386_bp_-1_2_0	ABN10845.1	42.86	14	8	0	2	15	204	217	0.16	20.1
Seq10056_386_bp_-1_2_0	AAA32624.1	80.00	5	1	0	3	7	282	286	0.39	20.1
Seq10056_386_bp_-1_2_0	AAA45888.1	42.86	14	8	0	2	15	73	86	1.1	18.2
Seq10056_386_bp_-1_2_0	ACT10338.1	100.00	4	0	0	6	9	61	64	1.1	18.2
Seq10056_386_bp_-1_2_0	BAA32018.1	57.14	7	3	0	8	14	413	419	1.7	18.2
Seq10056_386_bp_-1_2_0	AAA25966.1	100.00	4	0	0	2	5	654	657	3.1	17.6
Seq10056_386_bp_-1_2_0	AAB64315.2	50.00	12	6	0	4	15	313	324	3.4	16.3
Seq10056_386_bp_-1_2_0	AAA65607.1	50.00	8	4	0	4	11	297	304	3.8	16.3
Seq10056_386_bp_-1_2_0	AAA32376.1	45.45	11	6	0	1	11	149	159	4.3	15.0
Seq10056_386_bp_-1_2_0	CAA26230.1	60.00	5	2	0	3	7	319	323	5.7	16.3
Seq10056_386_bp_-1_2_0	AAA23282.1	62.50	8	3	0	8	15	42	49	5.7	16.3
Seq10056_386_bp_-1_2_0	AEE27845.1	55.56	9	4	0	6	14	1172	1180	5.8	17.6
Seq10056_386_bp_-1_2_0	CAA45199.1	50.00	10	5	0	1	10	348	357	7.3	15.7
Seq10056_386_bp_-1_2_0	AAF01122.1	80.00	5	1	0	1	5	7	11	8.9	15.0
Seq10056_386_bp_-1_2_1	AAB26998.1	55.56	9	4	0	12	20	20	28	0.24	19.8
Seq10056_386_bp_-1_2_1	AAA25966.1	45.45	11	6	0	29	39	182	192	0.49	22.0
Seq10056_386_bp_-1_2_1	AAA24142.1	71.43	7	2	0	4	10	407	413	0.65	20.9
Seq10056_386_bp_-1_2_1	AIR13712.1	38.89	18	11	0	10	27	197	214	1	19.8
Seq10056_386_bp_-1_2_1	AAC78721.1	50.00	10	5	0	29	38	259	268	2	19.8
Seq10056_386_bp_-1_2_1	AAB96524.1	41.67	12	7	0	23	34	93	104	2.5	17.6
Seq10056_386_bp_-1_2_1	AAA18786.1	50.00	10	5	0	30	39	57	66	3.6	17.6
Seq10056_386_bp_-1_2_1	AAA23282.1	62.50	8	3	0	37	44	377	384	5.2	18.1
Seq10056_386_bp_-1_2_1	BAB17681.1	100.00	4	0	0	18	21	176	179	5.3	17.0
Seq10056_386_bp_-1_2_1	ABS38337.1	54.55	11	5	0	26	36	38	48	5.5	19.2
Seq10056_386_bp_-1_2_1	AAA26915.1	50.00	12	6	0	37	48	326	337	6.2	17.6
Seq10056_386_bp_-1_2_1	AAA32376.1	44.44	9	5	0	39	47	112	120	7	16.0
Seq10056_386_bp_-1_2_1	CAA04196.1	55.00	23	9	3	3	22	259	281	7.9	17.0
Seq10056_386_bp_-1_2_1	BAA32956.1	100.00	4	0	0	31	34	132	135	8.4	16.0
Seq10056_386_bp_-1_2_1	BAA32991.1	60.00	5	2	0	1	5	56	60	8.5	14.3
Seq10056_386_bp_-1_2_1	BAB70780.1	57.14	7	3	0	12	18	6	12	9.1	17.0
