Seq421_75_bp_1_0_0	ENA|AAC08817|AAC08817.1	36.84	19	12	0	4	22	136	154	0.054	22.0
Seq421_75_bp_1_0_0	ENA|ABK71357|ABK71357.1	33.33	24	16	0	2	25	41	64	0.087	22.6
Seq421_75_bp_1_0_0	ENA|AAC97205|AAC97205.1	42.11	21	11	2	3	21	17	37	0.43	22.0
Seq421_75_bp_1_0_0	ENA|AAA18786|AAA18786.1	57.14	17	6	3	7	20	240	256	0.45	19.7
Seq421_75_bp_1_0_0	ENA|AAQ92751|AAQ92751.2	46.15	13	7	0	4	16	1111	1123	0.48	22.0
Seq421_75_bp_1_0_0	ENA|BAA32956|BAA32956.1	35.29	17	11	0	4	20	190	206	0.52	19.1
Seq421_75_bp_1_0_0	ENA|AAB66912|AAB66912.1	83.33	6	1	0	16	21	28	33	1	20.3
Seq421_75_bp_1_0_0	ENA|AAC78721|AAC78721.1	100.00	5	0	0	14	18	573	577	1.1	19.7
Seq421_75_bp_1_0_0	ENA|CAD53387|CAD53387.1	62.50	8	3	0	3	10	464	471	1.2	19.1
Seq421_75_bp_1_0_0	ENA|CAA45199|CAA45199.1	30.77	13	9	0	5	17	149	161	2.5	18.0
Seq421_75_bp_1_0_0	ENA|AAB96524|AAB96524.1	37.50	8	5	0	15	22	121	128	3.2	16.3
Seq421_75_bp_1_0_0	ENA|ABD33854|ABD33854.1	28.57	14	10	0	3	16	29	42	3.5	14.6
Seq421_75_bp_1_0_0	ENA|ABD49687|ABD49687.1	71.43	7	2	0	15	21	197	203	4.1	19.1
Seq421_75_bp_1_0_0	ENA|CAA43419|CAA43419.1	100.00	4	0	0	15	18	53	56	4.2	16.9
Seq421_75_bp_1_0_0	ENA|AAF79734|AAF79734.1	75.00	8	2	0	1	8	731	738	5.1	18.6
Seq421_75_bp_1_0_0	ENA|AAR37016|AAR37016.1	35.29	17	11	0	5	21	1750	1766	5.6	19.1
Seq421_75_bp_1_0_0	ENA|CAA29956|CAA29956.1	57.14	7	3	0	11	17	154	160	9.1	15.7
Seq421_75_bp_1_0_0	ENA|CAA26939|CAA26939.1	55.56	9	4	0	11	19	60	68	9.3	16.3
Seq421_75_bp_1_0_0	ENA|AAI27517|AAI27517.1	37.50	16	10	0	2	17	527	542	9.6	16.3
Seq421_75_bp_1_1_0	ENA|AAA25966|AAA25966.1	100.00	24	0	0	1	24	643	666	3.2e-17	74.7
Seq421_75_bp_1_1_0	ENA|AAC97205|AAC97205.1	50.00	10	5	0	1	10	619	628	1.3	20.3
Seq421_75_bp_1_1_0	ENA|BAA32956|BAA32956.1	54.55	11	5	0	3	13	178	188	1.9	17.2
Seq421_75_bp_1_1_0	ENA|AAB26998|AAB26998.1	75.00	4	1	0	10	13	35	38	4.2	14.6
Seq421_75_bp_1_1_0	ENA|CAA73529|CAA73529.1	50.00	10	5	0	9	18	44	53	7	15.6
Seq421_75_bp_1_1_0	ENA|CAA11507|CAA11507.1	54.55	11	5	0	14	24	1165	1175	8.1	17.7
Seq421_75_bp_1_2_0	ENA|BAA32991|BAA32991.1	80.00	5	1	0	20	24	1	5	0.72	17.0
Seq421_75_bp_1_2_0	ENA|AAA72732|AAA72732.1	33.33	12	8	0	11	22	126	137	0.96	18.8
Seq421_75_bp_1_2_0	ENA|ABK71357|ABK71357.1	38.46	13	8	0	1	13	302	314	1.7	18.2
Seq421_75_bp_1_2_0	ENA|CCP43727|CCP43727.1	36.84	19	12	0	1	19	237	255	5	16.4
Seq421_75_bp_1_2_0	ENA|AAC97205|AAC97205.1	57.14	7	3	0	17	23	1091	1097	5.5	18.2
Seq421_75_bp_1_2_0	ENA|AAB03707|AAB03707.1	50.00	10	5	0	13	22	94	103	6.1	18.2
Seq421_75_bp_1_2_0	ENA|ACT10338|ACT10338.1	50.00	8	4	0	8	15	165	172	8.7	15.8
Seq421_75_bp_1_2_0	ENA|AAC17860|AAC17860.1	83.33	6	1	0	10	15	241	246	9.1	15.8
Seq421_75_bp_-1_0_0	ENA|BAA32956|BAA32956.1	54.55	31	10	9	1	22	158	188	0.1	21.5
Seq421_75_bp_-1_0_0	ENA|ABD49687|ABD49687.1	61.54	13	5	0	6	18	188	200	0.28	23.1
Seq421_75_bp_-1_0_0	ENA|CAA36214|CAA36214.1	54.55	11	5	0	10	20	143	153	0.3	20.5
Seq421_75_bp_-1_0_0	ENA|AAC08817|AAC08817.1	46.67	16	8	1	4	19	119	133	1.9	16.8
Seq421_75_bp_-1_0_0	ENA|AAR37016|AAR37016.1	53.85	13	6	0	2	14	1492	1504	2.3	20.5
Seq421_75_bp_-1_0_0	ENA|ACH70901|ACH70901.1	71.43	7	2	0	8	14	156	162	4.3	16.8
Seq421_75_bp_-1_0_0	ENA|CAA26939|CAA26939.1	50.00	8	4	0	3	10	118	125	4.8	17.3
Seq421_75_bp_-1_0_0	ENA|AAC97205|AAC97205.1	62.50	8	3	0	16	23	99	106	5	18.4
Seq421_75_bp_-1_0_0	ENA|BAA32018|BAA32018.1	38.46	13	8	0	1	13	553	565	5.2	17.3
Seq421_75_bp_-1_0_0	ENA|AAA36539|AAA36539.1	44.44	9	5	0	17	25	465	473	5.7	16.8
Seq421_75_bp_-1_0_0	ENA|CAD53387|CAD53387.1	47.37	21	10	2	5	23	30	50	6	16.8
Seq421_75_bp_-1_0_0	ENA|ABK71357|ABK71357.1	33.33	28	16	4	1	24	39	66	6.3	16.3
Seq421_75_bp_-1_0_0	ENA|AAA24145|AAA24145.1	42.86	14	8	0	3	16	250	263	7.7	16.3
Seq421_75_bp_-1_0_0	ENA|CAA29956|CAA29956.1	50.00	8	4	0	14	21	264	271	9	15.8
Seq421_75_bp_-1_1_0	ENA|CAD53387|CAD53387.1	50.00	15	7	1	7	20	28	42	1.9	18.4
Seq421_75_bp_-1_1_0	ENA|ACT10338|ACT10338.1	46.15	13	7	0	6	18	158	170	3	17.4
Seq421_75_bp_-1_1_0	ENA|AAA72732|AAA72732.1	71.43	7	2	0	2	8	284	290	4.9	16.4
Seq421_75_bp_-1_1_0	ENA|AAI27517|AAI27517.1	37.50	8	5	0	12	19	396	403	8.9	16.4
Seq421_75_bp_-1_1_0	ENA|BAA32956|BAA32956.1	50.00	10	5	0	1	10	172	181	9.2	14.8
Seq421_75_bp_-1_1_0	ENA|AAR31603|AAR31603.1	50.00	8	4	0	6	13	163	170	10	15.3
Seq421_75_bp_-1_2_0	ENA|CAD53387|CAD53387.1	46.15	13	7	0	6	18	489	501	0.33	20.7
Seq421_75_bp_-1_2_0	ENA|AAA18786|AAA18786.1	62.50	8	3	0	9	16	207	214	0.57	19.0
Seq421_75_bp_-1_2_0	ENA|ABG75784|ABG75784.1	45.45	11	6	0	10	20	214	224	0.67	19.0
Seq421_75_bp_-1_2_0	ENA|AAA25966|AAA25966.1	35.29	17	11	0	4	20	36	52	1	19.6
Seq421_75_bp_-1_2_0	ENA|AAA32624|AAA32624.1	42.86	14	8	0	5	18	217	230	1.1	19.0
Seq421_75_bp_-1_2_0	ENA|BAB79260|BAB79260.1	50.00	14	7	0	1	14	263	276	1.4	18.5
Seq421_75_bp_-1_2_0	ENA|AAR37016|AAR37016.1	33.33	15	10	0	2	16	2136	2150	1.5	20.7
Seq421_75_bp_-1_2_0	ENA|AAB03707|AAB03707.1	38.89	18	11	0	3	20	1225	1242	2	19.6
Seq421_75_bp_-1_2_0	ENA|AAR31603|AAR31603.1	57.14	7	3	0	6	12	107	113	3.3	16.7
Seq421_75_bp_-1_2_0	ENA|CAA29956|CAA29956.1	71.43	7	2	0	1	7	119	125	3.8	16.7
Seq421_75_bp_-1_2_0	ENA|CAA24711|CAA24711.1	30.00	10	7	0	7	16	161	170	3.8	15.6
Seq421_75_bp_-1_2_0	ENA|CAL82360|CAL82360.1	33.33	9	6	0	3	11	233	241	4	18.5
Seq421_75_bp_-1_2_0	ENA|AAC17860|AAC17860.1	55.56	9	4	0	4	12	243	251	4.1	16.7
Seq421_75_bp_-1_2_0	ENA|CAA36714|CAA36714.1	14.29	14	12	0	3	16	200	213	4.7	16.7
Seq421_75_bp_-1_2_0	ENA|AAA36539|AAA36539.1	50.00	8	4	0	5	12	447	454	4.8	16.7
Seq421_75_bp_-1_2_0	ENA|CCP43727|CCP43727.1	66.67	6	2	0	4	9	264	269	4.9	16.2
Seq421_75_bp_-1_2_0	ENA|CAA43419|CAA43419.1	50.00	6	3	0	3	8	336	341	5.4	16.2
Seq421_75_bp_-1_2_0	ENA|AAB66912|AAB66912.1	71.43	7	2	0	3	9	571	577	6.2	17.3
Seq421_75_bp_-1_2_0	ENA|CAB75732|CAB75732.1	26.67	15	11	0	6	20	177	191	7.6	17.3
Seq421_75_bp_-1_2_0	ENA|AAC26660|AAC26660.1	23.53	17	13	0	4	20	164	180	8.1	15.0
Seq421_75_bp_-1_2_0	ENA|AAA42531|AAA42531.1	57.14	7	3	0	1	7	190	196	8.3	15.6
Seq421_75_bp_-1_2_0	ENA|AAB96524|AAB96524.1	50.00	10	5	0	9	18	36	45	8.7	14.5
Seq421_75_bp_-1_2_0	ENA|AAF79734|AAF79734.1	30.77	13	9	0	6	18	499	511	9.4	17.3
Seq421_75_bp_-1_2_0	ENA|BAA05866|BAA05866.1	55.56	9	4	0	3	11	115	123	9.6	15.0
Seq421_75_bp_-1_2_0	ENA|CAA45199|CAA45199.1	40.00	15	9	0	1	15	38	52	9.9	15.6
