Seq5405_166_bp_1_0_0	AAI27517.1	85.71	9	1	2	1	7	271	279	2	17.9
Seq5405_166_bp_1_0_0	ABD49687.1	80.00	5	1	0	7	11	810	814	2.7	18.9
Seq5405_166_bp_1_0_0	AAB64315.2	100.00	3	0	0	10	12	68	70	4.6	15.7
Seq5405_166_bp_1_0_0	AAA42531.1	100.00	3	0	0	10	12	305	307	5.4	15.7
Seq5405_166_bp_1_0_0	ACT10338.1	100.00	3	0	0	10	12	131	133	5.4	15.7
Seq5405_166_bp_1_0_0	AAA36565.1	100.00	3	0	0	4	6	60	62	6.9	14.2
Seq5405_166_bp_1_0_0	AAR37016.1	66.67	6	2	0	4	9	249	254	7.4	17.9
Seq5405_166_bp_1_0_0	CAA73529.1	100.00	3	0	0	7	9	5	7	7.8	14.7
Seq5405_166_bp_1_0_0	ABN10845.1	100.00	3	0	0	12	14	138	140	8.8	14.2
Seq5405_166_bp_1_0_1	AAB64315.2	80.00	5	1	0	10	14	242	246	1.1	18.0
Seq5405_166_bp_1_0_1	ABD49687.1	80.00	5	1	0	12	16	893	897	2.7	19.1
Seq5405_166_bp_1_0_1	ABL74574.1	100.00	4	0	0	5	8	249	252	3.2	16.3
Seq5405_166_bp_1_0_1	BAA32956.1	100.00	3	0	0	1	3	180	182	7.1	14.6
Seq5405_166_bp_1_0_1	AAA25966.1	100.00	3	0	0	11	13	318	320	7.6	16.3
Seq5405_166_bp_1_0_1	CAA73529.1	100.00	3	0	0	1	3	26	28	9.1	14.6
Seq5405_166_bp_1_0_1	CAA04196.1	100.00	3	0	0	9	11	280	282	9.4	15.2
Seq5405_166_bp_1_0_2	BAA32991.1	100.00	7	0	2	9	13	32	38	0.28	18.2
Seq5405_166_bp_1_0_2	ACT10338.1	100.00	4	0	0	18	21	31	34	0.77	19.3
Seq5405_166_bp_1_0_2	ACH70904.1	80.00	5	1	0	1	5	56	60	1	18.8
Seq5405_166_bp_1_0_2	AAB26998.1	100.00	3	0	0	19	21	42	44	2.8	15.1
Seq5405_166_bp_1_0_2	CAA73529.1	80.00	5	1	0	10	14	146	150	4.7	16.1
Seq5405_166_bp_1_0_2	BAB79260.1	100.00	3	0	0	7	9	420	422	5.3	16.6
Seq5405_166_bp_1_0_2	AAB96524.1	100.00	3	0	0	14	16	83	85	6.5	15.1
Seq5405_166_bp_1_0_2	CAA26230.1	100.00	3	0	0	4	6	281	283	6.5	16.6
Seq5405_166_bp_1_0_2	ABS38337.1	100.00	4	0	0	17	20	942	945	7.2	17.7
Seq5405_166_bp_1_0_2	AAR31603.1	100.00	3	0	0	1	3	218	220	7.8	15.6
Seq5405_166_bp_1_0_2	AAB64315.2	100.00	3	0	0	1	3	322	324	7.8	15.6
Seq5405_166_bp_1_0_2	AAA18786.1	100.00	3	0	0	19	21	13	15	9	15.1
Seq5405_166_bp_1_0_2	EDO47375.1	100.00	5	0	1	2	5	35	39	9.2	14.5
Seq5405_166_bp_1_1_0	AAB03707.1	100.00	55	0	0	1	55	68	122	1.4e-54	201.0
Seq5405_166_bp_1_1_0	CAA11507.1	64.10	40	14	1	3	41	96	135	5.7e-08	46.1
Seq5405_166_bp_1_1_0	AAA24969.1	100.00	8	0	0	5	12	73	80	0.00052	33.1
Seq5405_166_bp_1_1_0	CAA43372.1	100.00	4	0	0	49	52	341	344	2	19.3
Seq5405_166_bp_1_1_0	AAA65607.1	80.00	5	1	0	6	10	277	281	3.2	18.4
Seq5405_166_bp_1_1_0	EDO47375.1	100.00	4	0	0	9	12	101	104	4.1	17.1
Seq5405_166_bp_1_1_0	AAF01122.1	66.67	9	3	0	10	18	227	235	4.4	18.0
Seq5405_166_bp_1_1_0	AAC08817.1	100.00	4	0	0	40	43	111	114	4.7	16.7
Seq5405_166_bp_1_1_0	AAA18786.1	100.00	4	0	0	19	22	165	168	9.9	16.2
Seq5405_166_bp_1_2_0	CAA04196.1	100.00	8	0	2	3	8	179	186	0.61	18.6
Seq5405_166_bp_1_2_0	BAA32018.1	100.00	4	0	0	7	10	59	62	1.3	18.1
Seq5405_166_bp_1_2_0	AAC97205.1	100.00	4	0	0	2	5	58	61	1.8	18.6
Seq5405_166_bp_1_2_0	CAA73529.1	100.00	7	0	2	5	9	27	33	2.8	15.8
Seq5405_166_bp_1_2_0	ABN10845.1	100.00	3	0	0	8	10	26	28	4.2	14.8
Seq5405_166_bp_1_2_0	AAX84812.1	100.00	3	0	0	7	9	50	52	4.4	14.8
Seq5405_166_bp_1_2_0	ABD49687.1	100.00	4	0	0	3	6	518	521	4.7	17.6
Seq5405_166_bp_1_2_0	CAD53387.1	80.00	5	1	0	1	5	40	44	6.8	15.3
Seq5405_166_bp_1_2_0	AAA65607.1	100.00	12	0	6	3	8	112	123	6.8	14.8
Seq5405_166_bp_1_2_0	ACT10338.1	100.00	3	0	0	7	9	129	131	7.2	14.8
Seq5405_166_bp_1_2_0	AAH69556.1	100.00	3	0	0	3	5	151	153	7.8	14.4
Seq5405_166_bp_1_2_0	AAA24142.1	100.00	3	0	0	7	9	150	152	8.3	14.8
Seq5405_166_bp_1_2_0	ABK71357.1	100.00	3	0	0	4	6	43	45	9.4	14.4
Seq5405_166_bp_1_2_0	AAA45888.1	100.00	3	0	0	4	6	16	18	9.6	14.4
Seq5405_166_bp_1_2_1	BAB17681.1	100.00	4	0	0	3	6	184	187	0.33	19.9
Seq5405_166_bp_1_2_1	ABS38337.1	100.00	4	0	0	11	14	375	378	3.1	18.9
Seq5405_166_bp_1_2_1	AAA24969.1	100.00	4	0	0	15	18	964	967	3.7	18.9
Seq5405_166_bp_1_2_1	AAA72732.1	100.00	6	0	1	12	16	251	256	4.5	16.3
Seq5405_166_bp_1_2_1	AAA24142.1	100.00	3	0	0	7	9	5	7	4.5	16.8
Seq5405_166_bp_1_2_1	CAA73529.1	75.00	4	1	0	18	21	40	43	7.8	15.3
Seq5405_166_bp_1_2_2	AAC08817.1	100.00	4	0	0	16	19	160	163	0.69	18.1
Seq5405_166_bp_1_2_2	AAX12058.1	100.00	4	0	0	5	8	242	245	2.3	17.1
Seq5405_166_bp_1_2_2	ABS38337.1	100.00	4	0	0	15	18	376	379	2.6	19.1
Seq5405_166_bp_1_2_2	AAA24969.1	83.33	6	1	0	12	17	998	1003	4.4	18.6
Seq5405_166_bp_1_2_2	ABN10845.1	80.00	5	1	0	15	19	30	34	5.2	15.6
Seq5405_166_bp_1_2_2	AAA32624.1	100.00	3	0	0	2	4	159	161	6.1	16.6
Seq5405_166_bp_1_2_2	CAA26230.1	100.00	3	0	0	2	4	196	198	6.5	16.6
Seq5405_166_bp_1_2_2	AAB64315.2	100.00	3	0	0	3	5	225	227	7.7	15.6
Seq5405_166_bp_1_2_2	AAB03707.1	100.00	4	0	0	11	14	865	868	7.8	17.6
Seq5405_166_bp_1_2_2	AAA45888.1	100.00	3	0	0	4	6	61	63	8.8	15.6
Seq5405_166_bp_-1_0_0	ACT10338.1	100.00	5	0	0	36	40	164	168	0.1	23.5
Seq5405_166_bp_-1_0_0	AAA72732.1	100.00	4	0	0	22	25	211	214	0.66	20.5
Seq5405_166_bp_-1_0_0	AAA32624.1	100.00	4	0	0	22	25	339	342	1.1	20.5
Seq5405_166_bp_-1_0_0	CAA73529.1	100.00	4	0	0	32	35	31	34	1.6	19.0
Seq5405_166_bp_-1_0_0	AII71783.1	83.33	6	1	0	30	35	221	226	2.6	18.5
Seq5405_166_bp_-1_0_0	AAA24142.1	100.00	4	0	0	32	35	150	153	2.6	19.0
Seq5405_166_bp_-1_0_0	AAC97205.1	85.71	8	1	1	38	44	549	556	5	19.5
Seq5405_166_bp_-1_0_0	AAA32376.1	100.00	3	0	0	44	46	14	16	5.6	16.5
Seq5405_166_bp_-1_0_0	ABS38337.1	100.00	4	0	0	16	19	375	378	7.2	19.0
Seq5405_166_bp_-1_0_0	AAB26998.1	100.00	3	0	0	46	48	38	40	9.7	14.5
Seq5405_166_bp_-1_1_0	AAA25966.1	100.00	5	0	0	6	10	26	30	1.2	20.8
Seq5405_166_bp_-1_1_0	AAR37016.1	100.00	5	0	0	37	41	1433	1437	2	21.7
Seq5405_166_bp_-1_1_0	AEE27845.1	83.33	6	1	0	42	47	476	481	3.2	20.3
Seq5405_166_bp_-1_1_0	BAB17681.1	100.00	4	0	0	44	47	93	96	4.4	17.5
Seq5405_166_bp_-1_1_0	CAA26230.1	71.43	7	2	0	26	32	367	373	4.7	18.4
Seq5405_166_bp_-1_1_0	ABN10845.1	100.00	4	0	0	15	18	136	139	4.9	17.0
Seq5405_166_bp_-1_1_0	AII71783.1	100.00	9	0	3	44	49	5	13	5	17.5
Seq5405_166_bp_-1_1_0	BAE97662.1	71.43	7	2	0	41	47	843	849	6.7	18.9
Seq5405_166_bp_-1_1_0	BAA32018.1	100.00	4	0	0	39	42	215	218	7.1	17.9
Seq5405_166_bp_-1_1_0	AAR31603.1	100.00	4	0	0	35	38	277	280	7.2	17.0
Seq5405_166_bp_-1_1_0	AIR13712.1	100.00	4	0	0	36	39	94	97	7.2	17.0
Seq5405_166_bp_-1_1_0	AAX84812.1	80.00	5	1	0	26	30	210	214	9.6	16.0
Seq5405_166_bp_-1_2_0	AEE27845.1	100.00	5	0	0	25	29	1222	1226	0.71	22.4
Seq5405_166_bp_-1_2_0	AAB96524.1	85.71	9	1	2	33	39	82	90	4.3	16.9
