Seq7689_276_bp_1_0_0	ENA|CAA36714|CAA36714.1	44.44	9	5	0	4	12	224	232	1.8	17.4
Seq7689_276_bp_1_0_0	ENA|CAB75732|CAB75732.1	71.43	7	2	0	1	7	91	97	8.8	16.4
Seq7689_276_bp_1_0_0	ENA|AAI27517|AAI27517.1	36.36	11	7	0	1	11	326	336	9.5	15.3
Seq7689_276_bp_1_0_1	ENA|BAB17681|BAB17681.1	83.33	6	1	0	19	24	249	254	3	17.3
Seq7689_276_bp_1_0_1	ENA|AAA36114|AAA36114.1	31.82	22	15	0	8	29	405	426	5.5	17.3
Seq7689_276_bp_1_0_1	ENA|ABD33854|ABD33854.1	35.29	17	11	0	10	26	26	42	6.7	14.0
Seq7689_276_bp_1_0_1	ENA|AAA24145|AAA24145.1	38.46	13	8	0	2	14	389	401	6.9	16.8
Seq7689_276_bp_1_0_1	ENA|AAC40132|AAC40132.1	60.00	10	4	0	13	22	47	56	7.1	16.8
Seq7689_276_bp_1_0_1	ENA|CAA29956|CAA29956.1	83.33	6	1	0	17	22	232	237	7.7	16.4
Seq7689_276_bp_1_0_1	ENA|AAF79734|AAF79734.1	50.00	10	5	0	8	17	822	831	8	18.2
Seq7689_276_bp_1_0_1	ENA|BAA32956|BAA32956.1	31.25	16	11	0	1	16	194	209	8.2	15.4
Seq7689_276_bp_1_0_1	ENA|AAA72732|AAA72732.1	66.67	6	2	0	19	24	215	220	8.8	15.9
Seq7689_276_bp_1_0_1	ENA|BAB79260|BAB79260.1	35.71	14	9	0	7	20	298	311	9.1	16.4
Seq7689_276_bp_1_0_1	ENA|AAC78721|AAC78721.1	42.86	14	8	0	13	26	402	415	9.7	16.8
Seq7689_276_bp_1_0_2	ENA|ABG75784|ABG75784.1	60.00	10	4	0	2	11	142	151	0.13	22.6
Seq7689_276_bp_1_0_2	ENA|CCP43727|CCP43727.1	33.33	21	14	0	16	36	8	28	1.5	19.1
Seq7689_276_bp_1_0_2	ENA|AAQ92751|AAQ92751.2	33.33	18	12	0	20	37	177	194	1.6	21.1
Seq7689_276_bp_1_0_2	ENA|CAA26023|CAA26023.1	54.55	11	5	0	8	18	349	359	1.8	19.1
Seq7689_276_bp_1_0_2	ENA|ACT10338|ACT10338.1	42.86	14	8	0	16	29	83	96	2.5	18.6
Seq7689_276_bp_1_0_2	ENA|BAA32018|BAA32018.1	62.50	8	3	0	37	44	39	46	4	18.6
Seq7689_276_bp_1_0_2	ENA|AAC08817|AAC08817.1	44.44	9	5	0	20	28	137	145	5.6	16.1
Seq7689_276_bp_1_0_2	ENA|ABD49687|ABD49687.1	43.75	16	9	0	15	30	1676	1691	7.5	19.1
Seq7689_276_bp_1_0_2	ENA|CAA36214|CAA36214.1	66.67	6	2	0	16	21	179	184	7.5	16.6
Seq7689_276_bp_1_0_2	ENA|AAA36539|AAA36539.1	50.00	14	7	0	20	33	370	383	8.3	17.1
Seq7689_276_bp_1_0_2	ENA|BAA36759|BAA36759.1	100.00	4	0	0	42	45	69	72	9.8	16.1
Seq7689_276_bp_1_1_0	ENA|AAA32624|AAA32624.1	85.71	7	1	0	7	13	44	50	0.7	19.6
Seq7689_276_bp_1_1_0	ENA|BAA32956|BAA32956.1	41.18	17	10	0	1	17	192	208	1	17.7
Seq7689_276_bp_1_1_0	ENA|ABD33854|ABD33854.1	50.00	10	5	0	9	18	26	35	1.2	15.8
Seq7689_276_bp_1_1_0	ENA|ABD49687|ABD49687.1	50.00	14	7	0	6	19	482	495	1.6	20.1
Seq7689_276_bp_1_1_0	ENA|CAA73529|CAA73529.1	42.86	14	8	0	4	17	47	60	3.5	16.3
Seq7689_276_bp_1_1_0	ENA|CAA26939|CAA26939.1	38.89	18	11	0	2	19	247	264	3.8	17.3
Seq7689_276_bp_1_1_0	ENA|AAC40132|AAC40132.1	66.67	6	2	0	11	16	459	464	8.2	15.8
Seq7689_276_bp_1_1_0	ENA|AAA42531|AAA42531.1	50.00	8	4	0	2	9	295	302	9.2	15.4
Seq7689_276_bp_1_1_0	ENA|CAA45708|CAA45708.1	50.00	8	4	0	6	13	190	197	9.7	17.3
Seq7689_276_bp_1_1_0	ENA|AAC08817|AAC08817.1	80.00	5	1	0	15	19	78	82	9.8	14.0
Seq7689_276_bp_1_1_1	ENA|AAC78721|AAC78721.1	85.71	7	1	0	5	11	347	353	0.54	20.0
Seq7689_276_bp_1_1_1	ENA|BAA32018|BAA32018.1	40.00	10	6	0	4	13	37	46	1.6	18.3
Seq7689_276_bp_1_1_1	ENA|CAA29956|CAA29956.1	57.14	7	3	0	9	15	368	374	2.1	17.2
Seq7689_276_bp_1_1_1	ENA|CAB75732|CAB75732.1	50.00	8	4	0	8	15	154	161	4.3	17.8
Seq7689_276_bp_1_1_1	ENA|ABK71357|ABK71357.1	71.43	7	2	0	5	11	334	340	4.5	16.1
Seq7689_276_bp_1_1_1	ENA|AAB66912|AAB66912.1	44.44	9	5	0	7	15	888	896	5.1	17.2
Seq7689_276_bp_1_1_1	ENA|BAB79260|BAB79260.1	55.56	9	4	0	4	12	77	85	5.4	16.1
Seq7689_276_bp_1_1_1	ENA|CAD53387|CAD53387.1	62.50	8	3	0	2	9	38	45	6	16.1
Seq7689_276_bp_1_1_1	ENA|AAB03707|AAB03707.1	66.67	6	2	0	5	10	1100	1105	7.4	17.2
Seq7689_276_bp_1_1_1	ENA|ABD33854|ABD33854.1	75.00	4	1	0	10	13	49	52	7.9	12.7
Seq7689_276_bp_1_1_1	ENA|BAA05866|BAA05866.1	40.00	10	6	0	6	15	39	48	7.9	14.9
Seq7689_276_bp_1_1_1	ENA|ABD49687|ABD49687.1	70.00	12	3	2	2	13	487	496	9.1	17.2
Seq7689_276_bp_1_1_1	ENA|CAA26023|CAA26023.1	41.67	12	7	0	1	12	368	379	9.7	14.9
Seq7689_276_bp_1_1_2	ENA|BAB79260|BAB79260.1	50.00	10	5	0	3	12	413	422	1.2	18.4
Seq7689_276_bp_1_1_2	ENA|AAI27517|AAI27517.1	100.00	4	0	0	11	14	511	514	1.5	18.4
Seq7689_276_bp_1_1_2	ENA|BAB17681|BAB17681.1	57.14	7	3	0	3	9	147	153	3.1	16.2
Seq7689_276_bp_1_1_2	ENA|AAB26998|AAB26998.1	44.44	9	5	0	6	14	8	16	4.1	14.1
Seq7689_276_bp_1_1_2	ENA|ABD49687|ABD49687.1	80.00	5	1	0	12	16	689	693	4.3	18.4
Seq7689_276_bp_1_1_2	ENA|CAA11507|CAA11507.1	80.00	5	1	0	12	16	544	548	4.9	17.9
Seq7689_276_bp_1_1_2	ENA|EDO47375|EDO47375.1	36.36	11	7	0	1	11	48	58	6.5	14.6
Seq7689_276_bp_1_1_2	ENA|AAC17860|AAC17860.1	60.00	5	2	0	10	14	401	405	6.7	15.7
Seq7689_276_bp_1_1_2	ENA|ABN10845|ABN10845.1	75.00	4	1	0	10	13	107	110	7.5	14.6
Seq7689_276_bp_1_1_2	ENA|BAA36759|BAA36759.1	80.00	5	1	0	3	7	174	178	9.7	14.6
Seq7689_276_bp_1_1_3	ENA|CAB75732|CAB75732.1	83.33	6	1	0	5	10	104	109	0.24	21.5
Seq7689_276_bp_1_1_3	ENA|ACH70901|ACH70901.1	57.14	7	3	0	1	7	272	278	0.31	19.5
Seq7689_276_bp_1_1_3	ENA|BAA36759|BAA36759.1	44.44	9	5	0	1	9	3	11	0.64	18.1
Seq7689_276_bp_1_1_3	ENA|CCP43727|CCP43727.1	100.00	4	0	0	8	11	304	307	0.73	18.1
Seq7689_276_bp_1_1_3	ENA|ABD49687|ABD49687.1	50.00	8	4	0	2	9	537	544	0.92	20.2
Seq7689_276_bp_1_1_3	ENA|CAA24711|CAA24711.1	57.14	7	3	0	1	7	62	68	0.99	16.7
Seq7689_276_bp_1_1_3	ENA|CAA73529|CAA73529.1	100.00	4	0	0	4	7	75	78	1.6	16.7
Seq7689_276_bp_1_1_3	ENA|AAR31603|AAR31603.1	44.44	9	5	0	1	9	246	254	1.9	16.7
Seq7689_276_bp_1_1_3	ENA|AAB66912|AAB66912.1	100.00	4	0	0	6	9	15	18	2.1	18.1
Seq7689_276_bp_1_1_3	ENA|AAC49865|AAC49865.1	80.00	5	1	0	2	6	138	142	3	16.0
Seq7689_276_bp_1_1_3	ENA|CAA45708|CAA45708.1	66.67	6	2	0	4	9	1019	1024	3.3	18.1
Seq7689_276_bp_1_1_3	ENA|AAA25966|AAA25966.1	85.71	9	1	2	3	11	188	194	4	16.7
Seq7689_276_bp_1_1_3	ENA|AAA24145|AAA24145.1	44.44	9	5	0	3	11	60	68	4.1	16.0
Seq7689_276_bp_1_1_3	ENA|AAA36539|AAA36539.1	57.14	7	3	0	2	8	393	399	4.3	16.0
Seq7689_276_bp_1_1_3	ENA|CAA36214|CAA36214.1	55.56	10	4	1	1	10	104	112	4.4	15.4
Seq7689_276_bp_1_1_3	ENA|BAA05866|BAA05866.1	60.00	5	2	0	7	11	283	287	4.4	15.4
Seq7689_276_bp_1_1_3	ENA|AAB03707|AAB03707.1	80.00	5	1	0	4	8	988	992	4.8	17.4
Seq7689_276_bp_1_1_3	ENA|BAA32018|BAA32018.1	80.00	5	1	0	6	10	76	80	5.6	16.0
Seq7689_276_bp_1_1_3	ENA|AAC08817|AAC08817.1	44.44	9	5	0	3	11	34	42	5.8	14.0
Seq7689_276_bp_1_1_3	ENA|CAA45199|CAA45199.1	57.14	7	3	0	5	11	58	64	6.6	15.4
Seq7689_276_bp_1_1_3	ENA|AAC40132|AAC40132.1	50.00	8	4	0	3	10	191	198	6.7	15.4
Seq7689_276_bp_1_1_3	ENA|AAI27517|AAI27517.1	44.44	9	5	0	2	10	453	461	8.2	15.4
Seq7689_276_bp_1_1_3	ENA|BAB17681|BAB17681.1	57.14	7	3	0	2	8	28	34	9.7	14.0
Seq7689_276_bp_1_1_3	ENA|BAB79260|BAB79260.1	100.00	3	0	0	9	11	400	402	9.9	14.7
Seq7689_276_bp_1_1_4	ENA|BAA36759|BAA36759.1	57.14	7	3	0	3	9	179	185	1.2	17.4
Seq7689_276_bp_1_1_4	ENA|AAC26660|AAC26660.1	80.00	5	1	0	9	13	44	48	2.4	16.3
Seq7689_276_bp_1_1_4	ENA|ABN10845|ABN10845.1	44.44	9	5	0	3	11	99	107	4.4	15.1
Seq7689_276_bp_1_1_4	ENA|CCP43727|CCP43727.1	62.50	8	3	0	6	13	176	183	4.5	15.7
Seq7689_276_bp_1_1_4	ENA|ABD49687|ABD49687.1	66.67	9	3	0	5	13	899	907	4.7	18.0
Seq7689_276_bp_1_1_4	ENA|CAA26939|CAA26939.1	40.00	10	6	0	2	11	264	273	5.2	16.3
Seq7689_276_bp_1_1_4	ENA|CAA29956|CAA29956.1	100.00	4	0	0	8	11	231	234	7.4	15.1
Seq7689_276_bp_1_1_4	ENA|CAA24711|CAA24711.1	40.00	10	6	0	3	12	99	108	7.6	13.9
Seq7689_276_bp_1_1_4	ENA|CAA73529|CAA73529.1	57.14	7	3	0	5	11	44	50	8	14.5
Seq7689_276_bp_1_1_4	ENA|AAA36539|AAA36539.1	80.00	5	1	0	9	13	158	162	9.2	15.1
Seq7689_276_bp_1_1_4	ENA|AAC40132|AAC40132.1	100.00	4	0	0	8	11	262	265	9.2	15.1
Seq7689_276_bp_1_1_5	ENA|BAA32956|BAA32956.1	44.44	9	5	0	3	11	185	193	1.8	16.3
Seq7689_276_bp_1_1_5	ENA|AAA36539|AAA36539.1	62.50	8	3	0	5	12	364	371	1.9	17.4
Seq7689_276_bp_1_1_5	ENA|AAR37016|AAR37016.1	66.67	9	3	0	1	9	534	542	1.9	19.7
Seq7689_276_bp_1_1_5	ENA|AAR31603|AAR31603.1	66.67	6	2	0	7	12	196	201	2.8	16.3
Seq7689_276_bp_1_1_5	ENA|AAC08817|AAC08817.1	44.44	9	5	0	1	9	6	14	2.9	15.1
Seq7689_276_bp_1_1_5	ENA|CAA24711|CAA24711.1	57.14	7	3	0	3	9	92	98	3.2	15.1
Seq7689_276_bp_1_1_5	ENA|BAA05866|BAA05866.1	62.50	8	3	0	5	12	202	209	3.8	15.7
Seq7689_276_bp_1_1_5	ENA|CAA45199|CAA45199.1	57.14	7	3	0	3	9	3	9	4	16.3
Seq7689_276_bp_1_1_5	ENA|ABN10845|ABN10845.1	62.50	8	3	0	2	9	163	170	4	15.1
Seq7689_276_bp_1_1_5	ENA|CAB75732|CAB75732.1	55.56	9	4	0	4	12	102	110	4.4	17.4
Seq7689_276_bp_1_1_5	ENA|AAI27517|AAI27517.1	58.33	14	5	2	1	12	453	466	4.9	16.3
Seq7689_276_bp_1_1_5	ENA|EDO47375|EDO47375.1	50.00	8	4	0	1	8	52	59	5.1	14.6
Seq7689_276_bp_1_1_5	ENA|CAA29968|CAA29968.1	100.00	4	0	0	6	9	174	177	5.3	14.6
Seq7689_276_bp_1_1_5	ENA|AAC40132|AAC40132.1	66.67	6	2	0	1	6	370	375	5.8	15.7
Seq7689_276_bp_1_1_5	ENA|CAA29956|CAA29956.1	45.45	11	6	0	1	11	326	336	6.8	15.1
Seq7689_276_bp_1_1_5	ENA|BAB17681|BAB17681.1	60.00	5	2	0	1	5	66	70	7.3	14.6
Seq7689_276_bp_1_1_5	ENA|BAB79260|BAB79260.1	66.67	6	2	0	3	8	231	236	8.1	15.1
Seq7689_276_bp_1_1_5	ENA|AAA24145|AAA24145.1	100.00	4	0	0	4	7	400	403	8.2	15.1
Seq7689_276_bp_1_1_5	ENA|CAA36714|CAA36714.1	80.00	5	1	0	8	12	94	98	8.3	15.1
Seq7689_276_bp_1_1_5	ENA|AAC49865|AAC49865.1	50.00	8	4	0	2	9	311	318	8.6	14.6
Seq7689_276_bp_1_1_5	ENA|CAA43419|CAA43419.1	75.00	4	1	0	1	4	11	14	9.6	14.6
Seq7689_276_bp_1_1_5	ENA|CAA26023|CAA26023.1	60.00	5	2	0	3	7	204	208	9.9	14.6
Seq7689_276_bp_1_2_0	ENA|ABD49687|ABD49687.1	100.00	91	0	0	1	91	435	525	9.7e-70	252.4
Seq7689_276_bp_1_2_0	ENA|BAA32956|BAA32956.1	39.13	23	14	0	18	40	186	208	0.29	21.9
Seq7689_276_bp_1_2_0	ENA|AAF79734|AAF79734.1	63.16	24	7	5	1	20	407	429	0.8	23.2
Seq7689_276_bp_1_2_0	ENA|AAA36539|AAA36539.1	100.00	6	0	0	1	6	93	98	2.8	19.7
Seq7689_276_bp_1_2_0	ENA|BAB17681|BAB17681.1	71.43	7	2	0	68	74	174	180	2.9	18.9
Seq7689_276_bp_1_2_0	ENA|BAA32018|BAA32018.1	37.50	16	10	0	6	21	262	277	3.7	19.7
Seq7689_276_bp_1_2_0	ENA|CAA29956|CAA29956.1	47.06	17	9	0	12	28	254	270	4	18.9
Seq7689_276_bp_1_2_0	ENA|CAA26939|CAA26939.1	55.56	9	4	0	60	68	496	504	4.5	19.3
Seq7689_276_bp_1_2_0	ENA|ABD33854|ABD33854.1	42.11	20	11	1	42	60	15	34	5.4	15.8
Seq7689_276_bp_1_2_0	ENA|AAB03707|AAB03707.1	34.38	35	21	3	14	45	1091	1125	5.9	20.2
Seq7689_276_bp_1_2_0	ENA|AAI27517|AAI27517.1	60.00	10	4	0	81	90	103	112	6.1	18.9
Seq7689_276_bp_1_2_0	ENA|CAA26023|CAA26023.1	75.00	10	2	2	82	91	12	19	7.2	18.0
Seq7689_276_bp_1_2_0	ENA|AAC97205|AAC97205.1	22.58	31	24	0	10	40	54	84	9.2	19.3
Seq7689_276_bp_-1_0_0	ENA|BAB79260|BAB79260.1	58.33	12	5	0	1	12	256	267	0.06	22.4
Seq7689_276_bp_-1_0_0	ENA|CAB75732|CAB75732.1	50.00	12	6	0	1	12	1148	1159	0.24	21.8
Seq7689_276_bp_-1_0_0	ENA|AAA18786|AAA18786.1	50.00	10	5	0	4	13	74	83	1.1	17.4
Seq7689_276_bp_-1_0_0	ENA|BAB17681|BAB17681.1	50.00	10	5	0	4	13	59	68	1.2	17.4
Seq7689_276_bp_-1_0_0	ENA|AAI27517|AAI27517.1	71.43	7	2	0	1	7	80	86	1.6	18.0
Seq7689_276_bp_-1_0_0	ENA|AAQ92751|AAQ92751.2	71.43	7	2	0	7	13	293	299	3.7	18.0
Seq7689_276_bp_-1_0_0	ENA|CAA36214|CAA36214.1	57.14	7	3	0	3	9	1	7	4.5	15.6
Seq7689_276_bp_-1_0_0	ENA|AAA72732|AAA72732.1	55.56	9	4	0	4	12	249	257	4.7	15.6
Seq7689_276_bp_-1_0_0	ENA|ABD33854|ABD33854.1	45.45	11	6	0	2	12	14	24	5.3	13.1
Seq7689_276_bp_-1_0_0	ENA|AAB66912|AAB66912.1	66.67	6	2	0	1	6	55	60	5.8	16.8
Seq7689_276_bp_-1_0_0	ENA|AAC40132|AAC40132.1	50.00	12	6	0	1	12	5	16	6.9	15.6
Seq7689_276_bp_-1_0_0	ENA|AAA36114|AAA36114.1	50.00	10	5	0	3	12	379	388	7.4	15.6
Seq7689_276_bp_-1_0_0	ENA|ABN10845|ABN10845.1	83.33	6	1	0	1	6	173	178	7.5	14.3
Seq7689_276_bp_-1_0_0	ENA|AAA32624|AAA32624.1	50.00	10	5	0	2	11	372	381	7.6	15.6
Seq7689_276_bp_-1_0_0	ENA|CAA11507|CAA11507.1	83.33	6	1	0	2	7	632	637	8.3	16.8
Seq7689_276_bp_-1_0_0	ENA|CAA26023|CAA26023.1	100.00	4	0	0	3	6	80	83	8.5	14.9
Seq7689_276_bp_-1_0_1	ENA|AAA25966|AAA25966.1	60.00	10	4	0	13	22	517	526	0.89	20.4
Seq7689_276_bp_-1_0_1	ENA|AAC97205|AAC97205.1	38.89	20	11	2	6	23	714	733	1	21.0
Seq7689_276_bp_-1_0_1	ENA|ABN10845|ABN10845.1	41.67	12	7	0	18	29	62	73	1.2	18.2
Seq7689_276_bp_-1_0_1	ENA|AAR31603|AAR31603.1	45.45	11	6	0	15	25	300	310	1.3	18.8
Seq7689_276_bp_-1_0_1	ENA|CAA26023|CAA26023.1	55.56	9	4	0	4	12	235	243	1.5	18.8
Seq7689_276_bp_-1_0_1	ENA|AAI27517|AAI27517.1	55.56	9	4	0	23	31	345	353	1.6	19.3
Seq7689_276_bp_-1_0_1	ENA|AAB26998|AAB26998.1	100.00	4	0	0	10	13	32	35	2.1	16.0
Seq7689_276_bp_-1_0_1	ENA|ABK71357|ABK71357.1	41.67	12	7	0	4	15	353	364	3.1	17.7
Seq7689_276_bp_-1_0_1	ENA|BAA32991|BAA32991.1	31.58	19	13	0	7	25	33	51	3.8	14.9
Seq7689_276_bp_-1_0_1	ENA|BAA32956|BAA32956.1	58.33	13	5	1	11	22	32	44	5.4	16.0
Seq7689_276_bp_-1_0_1	ENA|ABG75784|ABG75784.1	71.43	7	2	0	16	22	24	30	5.4	16.6
Seq7689_276_bp_-1_0_1	ENA|CAA36714|CAA36714.1	50.00	12	6	0	15	26	225	236	5.5	17.1
Seq7689_276_bp_-1_0_1	ENA|AAC40132|AAC40132.1	57.14	7	3	0	10	16	97	103	5.6	17.1
Seq7689_276_bp_-1_0_2	ENA|AAC40132|AAC40132.1	66.67	9	3	0	26	34	100	108	0.38	21.7
Seq7689_276_bp_-1_0_2	ENA|AAC49865|AAC49865.1	55.56	9	4	0	14	22	294	302	0.38	21.1
Seq7689_276_bp_-1_0_2	ENA|CAA36214|CAA36214.1	60.00	10	4	0	35	44	267	276	0.75	20.0
Seq7689_276_bp_-1_0_2	ENA|AAF79734|AAF79734.1	100.00	9	0	1	16	23	12	20	0.78	22.2
Seq7689_276_bp_-1_0_2	ENA|ABD49687|ABD49687.1	44.44	18	10	0	16	33	99	116	0.92	22.2
Seq7689_276_bp_-1_0_2	ENA|BAA32018|BAA32018.1	66.67	9	3	0	34	42	367	375	1.1	20.6
Seq7689_276_bp_-1_0_2	ENA|BAA36759|BAA36759.1	60.00	5	2	0	1	5	15	19	3.2	17.8
Seq7689_276_bp_-1_0_2	ENA|AAI27517|AAI27517.1	66.67	6	2	0	23	28	304	309	4.5	18.4
Seq7689_276_bp_-1_0_2	ENA|ABD33854|ABD33854.1	42.86	7	4	0	30	36	5	11	4.8	15.0
Seq7689_276_bp_-1_0_2	ENA|ABN10845|ABN10845.1	40.91	24	13	2	1	23	55	77	5.2	16.7
Seq7689_276_bp_-1_0_2	ENA|CCP43727|CCP43727.1	50.00	10	5	0	16	25	107	116	5.3	17.3
Seq7689_276_bp_-1_0_2	ENA|AAA36114|AAA36114.1	80.00	5	1	0	37	41	10	14	5.6	17.8
Seq7689_276_bp_-1_0_2	ENA|ABK71357|ABK71357.1	50.00	8	4	0	3	10	352	359	6	17.3
Seq7689_276_bp_-1_0_2	ENA|CAA29956|CAA29956.1	100.00	4	0	0	26	29	120	123	6	17.3
Seq7689_276_bp_-1_0_2	ENA|AAC26660|AAC26660.1	66.67	6	2	0	35	40	201	206	8.6	16.1
Seq7689_276_bp_-1_1_0	ENA|CAA26939|CAA26939.1	38.46	26	16	0	16	41	280	305	0.0045	29.3
Seq7689_276_bp_-1_1_0	ENA|AAB26998|AAB26998.1	77.78	9	2	0	9	17	13	21	0.012	25.1
Seq7689_276_bp_-1_1_0	ENA|ABN10845|ABN10845.1	43.75	16	9	0	7	22	54	69	0.033	25.1
Seq7689_276_bp_-1_1_0	ENA|CAA26023|CAA26023.1	47.62	24	11	3	57	80	21	41	0.25	22.9
Seq7689_276_bp_-1_1_0	ENA|CAA24711|CAA24711.1	30.00	20	14	0	40	59	40	59	1	19.7
Seq7689_276_bp_-1_1_0	ENA|CAA36214|CAA36214.1	100.00	5	0	0	72	76	264	268	1.2	20.3
Seq7689_276_bp_-1_1_0	ENA|AAA18786|AAA18786.1	36.00	25	16	0	50	74	195	219	1.6	19.7
Seq7689_276_bp_-1_1_0	ENA|AAC97205|AAC97205.1	53.85	13	6	0	16	28	1225	1237	1.7	21.9
Seq7689_276_bp_-1_1_0	ENA|AAA32624|AAA32624.1	52.17	25	11	2	21	43	238	262	2.1	20.3
Seq7689_276_bp_-1_1_0	ENA|AAA72732|AAA72732.1	71.43	7	2	0	76	82	11	17	2.6	19.2
Seq7689_276_bp_-1_1_0	ENA|AAF79734|AAF79734.1	100.00	6	0	0	62	67	12	17	2.8	21.3
Seq7689_276_bp_-1_1_0	ENA|BAA32956|BAA32956.1	46.15	13	7	0	64	76	41	53	3.7	18.1
Seq7689_276_bp_-1_1_0	ENA|AAB66912|AAB66912.1	53.33	17	7	2	60	76	66	80	3.7	20.3
Seq7689_276_bp_-1_1_0	ENA|ACT10338|ACT10338.1	62.50	8	3	0	13	20	340	347	4.7	18.7
Seq7689_276_bp_-1_1_0	ENA|CAL82360|CAL82360.1	45.45	11	6	0	56	66	844	854	5.1	20.3
Seq7689_276_bp_-1_1_0	ENA|BAA32991|BAA32991.1	80.00	5	1	0	48	52	18	22	5.2	16.0
Seq7689_276_bp_-1_1_0	ENA|ACH70901|ACH70901.1	41.67	12	7	0	42	53	239	250	6.2	18.1
Seq7689_276_bp_-1_1_0	ENA|AAA42531|AAA42531.1	37.50	16	10	0	42	57	240	255	6.6	18.1
Seq7689_276_bp_-1_1_0	ENA|BAA36759|BAA36759.1	62.50	8	3	0	27	34	146	153	7.1	17.6
Seq7689_276_bp_-1_1_0	ENA|BAB79260|BAB79260.1	66.67	9	3	0	27	35	11	19	7.6	18.1
Seq7689_276_bp_-1_1_0	ENA|AAC08817|AAC08817.1	71.43	7	2	0	33	39	120	126	8	16.5
Seq7689_276_bp_-1_1_0	ENA|AAC49865|AAC49865.1	62.50	8	3	0	44	51	240	247	8	17.6
Seq7689_276_bp_-1_1_0	ENA|AAR31603|AAR31603.1	50.00	8	4	0	33	40	305	312	8	17.6
Seq7689_276_bp_-1_1_0	ENA|AAC40132|AAC40132.1	38.89	18	11	0	39	56	334	351	8	18.1
Seq7689_276_bp_-1_1_0	ENA|AAC26660|AAC26660.1	80.00	5	1	0	43	47	96	100	8.9	17.1
Seq7689_276_bp_-1_1_0	ENA|CAB75732|CAB75732.1	60.00	10	4	0	18	27	1153	1162	9.2	19.2
Seq7689_276_bp_-1_1_0	ENA|ABD49687|ABD49687.1	50.00	33	14	5	32	61	1599	1629	9.4	19.7
Seq7689_276_bp_-1_1_0	ENA|AAS77176|AAS77176.1	41.67	12	7	0	39	50	50	61	9.9	17.1
Seq7689_276_bp_-1_2_0	ENA|ABD49687|ABD49687.1	100.00	6	0	0	2	7	519	524	0.16	23.6
Seq7689_276_bp_-1_2_0	ENA|CAD53387|CAD53387.1	83.33	6	1	0	2	7	63	68	0.63	19.9
Seq7689_276_bp_-1_2_0	ENA|CAD53387|CAD53387.1	83.33	6	1	0	2	7	129	134	0.63	19.9
Seq7689_276_bp_-1_2_0	ENA|CAD53387|CAD53387.1	83.33	6	1	0	2	7	195	200	0.63	19.9
Seq7689_276_bp_-1_2_0	ENA|CAD53387|CAD53387.1	83.33	6	1	0	2	7	261	266	0.63	19.9
Seq7689_276_bp_-1_2_0	ENA|CAD53387|CAD53387.1	83.33	6	1	0	2	7	327	332	0.63	19.9
Seq7689_276_bp_-1_2_0	ENA|CAD53387|CAD53387.1	83.33	6	1	0	2	7	393	398	0.63	19.9
Seq7689_276_bp_-1_2_0	ENA|AAA25966|AAA25966.1	83.33	6	1	0	4	9	608	613	0.9	19.9
Seq7689_276_bp_-1_2_0	ENA|AAA32624|AAA32624.1	54.55	11	5	0	11	21	122	132	0.95	19.3
Seq7689_276_bp_-1_2_0	ENA|CAA26023|CAA26023.1	83.33	6	1	0	1	6	8	13	1	18.8
Seq7689_276_bp_-1_2_0	ENA|AAQ92751|AAQ92751.2	35.71	14	9	0	8	21	981	994	2.5	19.3
Seq7689_276_bp_-1_2_0	ENA|AAA42531|AAA42531.1	80.00	5	1	0	17	21	244	248	3	17.2
Seq7689_276_bp_-1_2_0	ENA|CAA36214|CAA36214.1	66.67	6	2	0	4	9	263	268	4.9	16.1
Seq7689_276_bp_-1_2_0	ENA|AAB96524|AAB96524.1	55.56	9	4	0	11	19	9	17	6.2	15.1
Seq7689_276_bp_-1_2_0	ENA|BAA32991|BAA32991.1	75.00	4	1	0	14	17	46	49	6.9	13.5
Seq7689_276_bp_-1_2_0	ENA|AAC78721|AAC78721.1	58.33	12	5	0	3	14	574	585	7.3	16.7
Seq7689_276_bp_-1_2_0	ENA|AAA36539|AAA36539.1	80.00	5	1	0	12	16	56	60	7.5	16.1
Seq7689_276_bp_-1_2_0	ENA|AAC97205|AAC97205.1	80.00	5	1	0	13	17	340	344	9.1	17.2
Seq7689_276_bp_-1_2_0	ENA|CAL82360|CAL82360.1	80.00	5	1	0	3	7	1137	1141	9.5	17.2
Seq7689_276_bp_-1_2_1	ENA|AAC97205|AAC97205.1	45.83	26	13	2	22	45	688	713	2.6	20.8
Seq7689_276_bp_-1_2_1	ENA|AAR37016|AAR37016.1	50.00	14	7	0	31	44	1238	1251	3.6	21.3
Seq7689_276_bp_-1_2_1	ENA|ABN10845|ABN10845.1	52.94	18	8	1	25	41	168	185	3.9	17.7
Seq7689_276_bp_-1_2_1	ENA|AAC08817|AAC08817.1	36.36	22	14	0	47	68	46	67	7	16.3
Seq7689_276_bp_-1_2_1	ENA|CAA36214|CAA36214.1	60.00	10	4	0	20	29	59	68	7.3	17.2
Seq7689_276_bp_-1_2_1	ENA|ABD49687|ABD49687.1	40.00	15	9	0	14	28	1063	1077	8.6	19.5
Seq7689_276_bp_-1_2_1	ENA|BAA32956|BAA32956.1	61.54	14	5	1	15	28	167	179	9.2	16.3
