Seq7334_273_bp_1_0_0	ENA|AAC08817|AAC08817.1	32.86	72	47	2	10	81	14	83	0.014	25.8
Seq7334_273_bp_1_0_0	ENA|AAI27517|AAI27517.1	25.29	91	65	4	3	91	451	539	0.8	21.9
Seq7334_273_bp_1_0_0	ENA|ACH70901|ACH70901.1	25.00	90	60	10	2	86	95	179	2	19.8
Seq7334_273_bp_1_0_0	ENA|AAB26998|AAB26998.1	25.45	64	41	9	31	86	12	74	3.2	16.9
Seq7334_273_bp_1_0_0	ENA|AAB66912|AAB66912.1	25.93	89	60	8	2	90	265	345	3.3	20.4
Seq7334_273_bp_1_0_0	ENA|AAC17860|AAC17860.1	28.21	39	28	0	4	42	203	241	3.5	19.2
Seq7334_273_bp_1_0_0	ENA|BAA32956|BAA32956.1	38.10	48	26	6	44	91	159	200	5.5	17.5
Seq7334_273_bp_1_0_0	ENA|AAR37016|AAR37016.1	36.00	68	32	18	16	83	126	175	7.1	20.6
Seq7334_273_bp_1_0_0	ENA|BAA32991|BAA32991.1	22.03	64	46	5	25	88	4	62	7.4	15.5
Seq7334_273_bp_1_0_0	ENA|CAD53387|CAD53387.1	25.61	86	61	4	3	86	32	115	8.3	18.2
Seq7334_273_bp_1_0_0	ENA|ABD49687|ABD49687.1	33.33	50	28	8	3	51	1029	1071	9	19.8
Seq7334_273_bp_1_1_0	ENA|ACH70901|ACH70901.1	26.03	80	54	7	11	90	286	358	0.089	24.3
Seq7334_273_bp_1_1_0	ENA|CAD53387|CAD53387.1	32.14	58	38	2	5	60	418	475	0.15	24.1
Seq7334_273_bp_1_1_0	ENA|CAD53387|CAD53387.1	31.51	83	50	10	5	86	65	138	0.46	22.4
Seq7334_273_bp_1_1_0	ENA|CAD53387|CAD53387.1	31.51	83	50	10	5	86	197	270	0.46	22.4
Seq7334_273_bp_1_1_0	ENA|CAD53387|CAD53387.1	31.51	83	50	10	5	86	329	402	0.46	22.4
Seq7334_273_bp_1_1_0	ENA|ABK71357|ABK71357.1	33.73	107	55	24	1	83	90	196	0.4	22.2
Seq7334_273_bp_1_1_0	ENA|AAA25966|AAA25966.1	36.14	111	53	28	1	83	560	670	0.92	21.9
Seq7334_273_bp_1_1_0	ENA|AAC97205|AAC97205.1	27.78	59	39	5	4	57	418	476	0.96	22.7
Seq7334_273_bp_1_1_0	ENA|AAI27517|AAI27517.1	40.91	53	26	9	19	65	373	422	1.2	21.2
Seq7334_273_bp_1_1_0	ENA|BAA32956|BAA32956.1	36.00	56	32	6	26	79	159	210	2.2	18.9
Seq7334_273_bp_1_1_0	ENA|AAC08817|AAC08817.1	25.42	60	44	1	4	63	25	83	2.7	18.1
Seq7334_273_bp_1_1_0	ENA|ABD33854|ABD33854.1	37.50	29	15	5	7	35	41	64	3.5	16.5
Seq7334_273_bp_1_1_0	ENA|AAR37016|AAR37016.1	32.86	78	47	8	14	88	471	543	4.7	21.2
Seq7334_273_bp_1_1_0	ENA|BAA32991|BAA32991.1	26.32	19	14	0	14	32	5	23	5.1	16.0
Seq7334_273_bp_1_1_0	ENA|AAA36539|AAA36539.1	52.17	29	11	6	1	29	369	391	5.8	18.6
Seq7334_273_bp_1_1_0	ENA|ABD49687|ABD49687.1	33.33	57	34	6	22	74	459	513	6.5	20.3
Seq7334_273_bp_1_1_0	ENA|AAB66912|AAB66912.1	26.25	82	59	2	9	89	529	609	8	19.1
Seq7334_273_bp_1_1_0	ENA|CAA26939|CAA26939.1	24.10	94	63	11	6	88	285	378	8	18.4
Seq7334_273_bp_1_1_0	ENA|AAA72732|AAA72732.1	39.13	27	14	4	10	33	259	284	9.8	17.2
Seq7334_273_bp_1_2_0	ENA|CAA29968|CAA29968.1	100.00	90	0	0	1	90	96	185	6.1e-34	130.3
Seq7334_273_bp_1_2_0	ENA|AAB66912|AAB66912.1	32.39	83	48	12	14	87	684	763	2.6	20.8
Seq7334_273_bp_1_2_0	ENA|AAI27517|AAI27517.1	28.57	90	55	13	4	85	166	250	4.5	19.3
Seq7334_273_bp_1_2_0	ENA|CAA73529|CAA73529.1	26.03	81	54	8	10	90	151	223	6.5	17.6
Seq7334_273_bp_1_2_0	ENA|BAA32018|BAA32018.1	27.78	59	39	5	27	85	538	591	9.4	18.3
Seq7334_273_bp_-1_0_0	ENA|AAC08817|AAC08817.1	35.29	108	55	23	1	90	42	144	0.37	21.1
Seq7334_273_bp_-1_0_0	ENA|ABD49687|ABD49687.1	34.72	83	47	11	9	91	453	524	1	23.1
Seq7334_273_bp_-1_0_0	ENA|ABK71357|ABK71357.1	35.94	75	41	11	2	74	137	202	1.3	20.5
Seq7334_273_bp_-1_0_0	ENA|BAA32991|BAA32991.1	37.14	45	22	10	23	64	28	65	1.7	17.7
Seq7334_273_bp_-1_0_0	ENA|AAB26998|AAB26998.1	23.64	60	42	5	23	81	14	69	2.2	17.5
Seq7334_273_bp_-1_0_0	ENA|AAA42531|AAA42531.1	21.92	76	57	3	17	90	275	349	2.4	19.7
Seq7334_273_bp_-1_0_0	ENA|CAA26023|CAA26023.1	29.23	69	46	4	21	87	201	267	3.5	19.1
Seq7334_273_bp_-1_0_0	ENA|AAI27517|AAI27517.1	28.00	92	54	17	3	85	247	330	3.6	19.7
Seq7334_273_bp_-1_0_0	ENA|BAA32956|BAA32956.1	40.62	35	19	3	3	36	180	212	3.9	18.1
Seq7334_273_bp_-1_0_0	ENA|AAB66912|AAB66912.1	30.43	78	48	9	7	79	432	505	4.9	19.9
Seq7334_273_bp_-1_0_0	ENA|BAB17681|BAB17681.1	30.00	30	21	0	25	54	37	66	5	18.1
Seq7334_273_bp_-1_0_0	ENA|AAC97205|AAC97205.1	23.73	69	45	10	9	69	61	127	8.3	19.5
Seq7334_273_bp_-1_1_0	ENA|BAA32018|BAA32018.1	28.57	89	55	12	8	87	145	230	0.26	23.6
Seq7334_273_bp_-1_1_0	ENA|AAA32624|AAA32624.1	40.00	40	21	5	9	48	111	145	0.26	23.3
Seq7334_273_bp_-1_1_0	ENA|AAA25966|AAA25966.1	34.43	67	40	6	24	85	584	649	0.3	23.6
Seq7334_273_bp_-1_1_0	ENA|BAB79260|BAB79260.1	33.90	62	39	3	13	71	239	300	0.48	22.2
Seq7334_273_bp_-1_1_0	ENA|CAA43419|CAA43419.1	21.95	85	64	3	6	90	48	129	0.68	21.4
Seq7334_273_bp_-1_1_0	ENA|CAA28033|CAA28033.1	23.19	81	53	12	1	81	219	287	0.94	22.8
Seq7334_273_bp_-1_1_0	ENA|AAA36539|AAA36539.1	28.21	93	56	15	3	85	153	240	1.3	20.9
Seq7334_273_bp_-1_1_0	ENA|CAA26023|CAA26023.1	31.88	84	47	15	3	84	156	226	1.5	20.3
Seq7334_273_bp_-1_1_0	ENA|AAA18786|AAA18786.1	32.84	76	45	9	20	86	117	192	1.5	19.8
Seq7334_273_bp_-1_1_0	ENA|CAA73529|CAA73529.1	21.88	71	50	7	7	77	47	110	1.6	19.8
Seq7334_273_bp_-1_1_0	ENA|AAA72732|AAA72732.1	21.88	73	50	9	6	71	196	266	1.8	19.8
Seq7334_273_bp_-1_1_0	ENA|ABN10845|ABN10845.1	19.70	69	53	3	20	85	88	156	2.2	18.9
Seq7334_273_bp_-1_1_0	ENA|CAA45199|CAA45199.1	24.66	87	55	14	5	81	250	332	2.2	20.0
Seq7334_273_bp_-1_1_0	ENA|CCP43727|CCP43727.1	28.41	98	63	10	1	90	23	118	2.7	19.2
Seq7334_273_bp_-1_1_0	ENA|AAR37016|AAR37016.1	33.33	36	24	0	8	43	2128	2163	3.5	21.7
Seq7334_273_bp_-1_1_0	ENA|AAS77176|AAS77176.1	38.10	22	13	1	56	77	127	147	4.1	18.4
Seq7334_273_bp_-1_1_0	ENA|ACT10338|ACT10338.1	21.54	72	51	7	21	85	149	220	4.6	18.7
Seq7334_273_bp_-1_1_0	ENA|AAI27517|AAI27517.1	34.38	35	21	3	40	73	142	174	4.8	19.2
Seq7334_273_bp_-1_1_0	ENA|ABK71357|ABK71357.1	35.53	103	49	27	13	90	2	102	5.3	18.4
Seq7334_273_bp_-1_1_0	ENA|BAA36759|BAA36759.1	39.47	45	23	7	6	43	50	94	5.9	17.9
Seq7334_273_bp_-1_1_0	ENA|AAB66912|AAB66912.1	31.94	89	49	17	4	87	759	835	6.2	19.5
Seq7334_273_bp_-1_1_0	ENA|CAA11507|CAA11507.1	30.00	74	42	14	14	73	978	1051	6.2	20.0
Seq7334_273_bp_-1_1_0	ENA|AAC26660|AAC26660.1	25.00	28	21	0	48	75	137	164	6.3	17.6
Seq7334_273_bp_-1_1_0	ENA|AAC97205|AAC97205.1	24.68	85	58	8	12	90	379	461	6.8	19.8
Seq7334_273_bp_-1_1_0	ENA|CAA45708|CAA45708.1	28.12	75	46	11	20	87	200	270	6.9	20.0
Seq7334_273_bp_-1_1_0	ENA|CAA26939|CAA26939.1	30.36	64	39	8	9	67	156	216	9.4	18.1
Seq7334_273_bp_-1_2_0	ENA|ABN10845|ABN10845.1	30.00	20	14	0	3	22	158	177	1.5	17.7
Seq7334_273_bp_-1_2_0	ENA|BAB17681|BAB17681.1	28.00	25	18	0	2	26	176	200	3.1	17.0
Seq7334_273_bp_-1_2_0	ENA|ACH70901|ACH70901.1	38.89	18	11	0	8	25	222	239	6.3	16.3
Seq7334_273_bp_-1_2_0	ENA|CAA36714|CAA36714.1	40.91	23	13	1	4	26	298	319	9.9	16.0
