Seq7408_200_bp_1_0_0	AAB64315.2	39.02	47	25	6	18	63	34	75	0.034	25.1
Seq7408_200_bp_1_0_0	ACT10338.1	31.82	23	15	1	40	62	116	137	0.73	20.9
Seq7408_200_bp_1_0_0	AAA26915.1	27.27	45	32	1	8	51	237	281	0.88	20.9
Seq7408_200_bp_1_0_0	AAA45888.1	30.00	30	21	0	9	38	116	145	1.5	19.9
Seq7408_200_bp_1_0_0	BAB70780.1	29.41	57	36	6	4	54	216	272	3.8	18.8
Seq7408_200_bp_1_0_0	AAA18786.1	30.19	61	37	8	8	63	140	197	4.3	17.8
Seq7408_200_bp_1_0_0	CAA74140.1	23.26	43	33	0	10	52	779	821	4.5	19.5
Seq7408_200_bp_1_0_0	AAA42531.1	36.11	41	23	5	2	37	152	192	6.2	17.8
Seq7408_200_bp_1_0_0	ABG75784.1	31.25	16	11	0	19	34	234	249	6.4	17.4
Seq7408_200_bp_1_0_0	ABD49687.1	28.57	21	15	0	43	63	1085	1105	6.4	19.9
Seq7408_200_bp_1_1_0	AAB26998.1	83.33	6	1	0	5	10	74	79	0.097	19.7
Seq7408_200_bp_1_1_0	CAA73529.1	45.45	11	6	0	8	18	146	156	0.46	19.2
Seq7408_200_bp_1_1_0	AAC78721.1	50.00	8	4	0	5	12	80	87	2.1	18.3
Seq7408_200_bp_1_1_0	CAA04196.1	55.56	9	4	0	4	12	353	361	2.4	17.4
Seq7408_200_bp_1_1_0	AAA36565.1	33.33	9	6	0	1	9	154	162	2.4	16.1
Seq7408_200_bp_1_1_0	BAA32018.1	71.43	7	2	0	1	7	421	427	3.5	17.4
Seq7408_200_bp_1_1_0	BAB70780.1	55.56	9	4	0	9	17	225	233	3.7	17.0
Seq7408_200_bp_1_1_0	AAR37016.1	42.86	14	8	0	3	16	738	751	5.2	18.8
Seq7408_200_bp_1_1_0	BAA32956.1	62.50	8	3	0	9	16	101	108	5.5	15.2
Seq7408_200_bp_1_1_0	AAC17860.1	42.86	7	4	0	9	15	295	301	7.7	15.6
Seq7408_200_bp_1_1_0	AAB64315.2	37.50	18	10	2	1	18	146	161	8.4	15.2
Seq7408_200_bp_1_1_0	ABD49687.1	71.43	7	2	0	12	18	1645	1651	9.2	17.4
Seq7408_200_bp_1_1_0	ABS38337.1	38.46	14	8	1	1	14	893	905	9.4	17.0
Seq7408_200_bp_1_1_1	EDO47375.1	41.67	12	7	0	4	15	176	187	0.095	21.2
Seq7408_200_bp_1_1_1	EDO47375.1	55.56	9	4	0	2	10	146	154	0.81	18.1
Seq7408_200_bp_1_1_1	AAA42531.1	62.50	8	3	0	7	14	153	160	0.9	19.0
Seq7408_200_bp_1_1_1	AAR37016.1	60.00	10	4	0	6	15	1782	1791	2.2	20.3
Seq7408_200_bp_1_1_1	AAA25966.1	35.00	20	13	0	1	20	446	465	2.3	18.5
Seq7408_200_bp_1_1_1	AII71783.1	35.29	18	11	1	4	20	154	171	2.4	17.2
Seq7408_200_bp_1_1_1	ABL74574.1	63.64	15	4	4	3	17	40	50	3	16.8
Seq7408_200_bp_1_1_1	CAA43372.1	50.00	16	7	2	2	17	159	172	4.3	16.8
Seq7408_200_bp_1_1_1	AAB26998.1	50.00	8	4	0	4	11	60	67	5.1	14.1
Seq7408_200_bp_1_1_1	AAB03707.1	71.43	7	2	0	12	18	500	506	5.7	18.1
Seq7408_200_bp_1_1_1	BAA32991.1	37.50	9	5	1	6	13	1	9	6	13.7
Seq7408_200_bp_1_1_1	AAA24969.1	71.43	7	2	0	12	18	517	523	6.2	18.1
Seq7408_200_bp_1_1_1	AAC97205.1	50.00	8	4	0	3	10	869	876	6.8	17.7
Seq7408_200_bp_1_1_1	AAI27517.1	50.00	13	6	1	9	20	431	443	8	16.3
Seq7408_200_bp_1_1_1	AAA65607.1	54.55	13	5	2	6	16	240	252	9.1	15.4
Seq7408_200_bp_1_1_2	BAA32991.1	37.50	8	5	0	3	10	29	36	0.0039	24.1
Seq7408_200_bp_1_1_2	BAA32991.1	60.00	5	2	0	5	9	57	61	0.82	16.4
Seq7408_200_bp_1_1_2	AAC97205.1	44.44	9	5	0	5	13	738	746	0.14	23.1
Seq7408_200_bp_1_1_2	AAC97205.1	35.71	16	9	2	1	14	780	795	0.14	23.1
Seq7408_200_bp_1_1_2	ABL74574.1	57.14	7	3	0	7	13	115	121	0.29	20.0
Seq7408_200_bp_1_1_2	ABD33854.1	75.00	6	1	2	5	8	43	48	0.37	17.4
Seq7408_200_bp_1_1_2	EDO47375.1	37.50	8	5	0	1	8	148	155	0.38	19.0
Seq7408_200_bp_1_1_2	CAA74140.1	40.00	10	6	0	8	17	260	269	0.92	20.0
Seq7408_200_bp_1_1_2	AAA42531.1	27.27	11	8	0	5	15	144	154	1.1	18.4
Seq7408_200_bp_1_1_2	ACT10338.1	60.00	12	4	2	8	17	62	73	1.1	18.4
Seq7408_200_bp_1_1_2	AAA25966.1	66.67	7	2	1	1	6	317	323	1.4	19.0
Seq7408_200_bp_1_1_2	CAA43372.1	20.00	15	12	0	2	16	14	28	1.7	17.9
Seq7408_200_bp_1_1_2	CAA04196.1	62.50	9	3	1	3	11	257	264	1.7	17.9
Seq7408_200_bp_1_1_2	CAA45199.1	50.00	4	2	0	3	6	459	462	1.9	17.9
Seq7408_200_bp_1_1_2	CAA26230.1	33.33	9	6	0	4	12	338	346	2.3	17.9
Seq7408_200_bp_1_1_2	AAQ92751.2	50.00	13	5	3	5	14	1152	1164	2.7	19.0
Seq7408_200_bp_1_1_2	AAA36565.1	80.00	6	1	1	3	8	161	165	2.8	15.9
Seq7408_200_bp_1_1_2	AAA65607.1	44.44	9	5	0	9	17	179	187	3	16.9
Seq7408_200_bp_1_1_2	AAX12058.1	66.67	3	1	0	4	6	131	133	3.2	16.4
Seq7408_200_bp_1_1_2	CAA73529.1	31.25	16	11	0	2	17	254	269	3.2	16.4
Seq7408_200_bp_1_1_2	ACH70904.1	37.50	8	5	0	1	8	143	150	4.2	16.4
Seq7408_200_bp_1_1_2	AAC17860.1	44.44	9	5	0	5	13	98	106	4.7	16.4
Seq7408_200_bp_1_1_2	BAA32018.1	40.00	5	3	0	5	9	169	173	5	16.9
Seq7408_200_bp_1_1_2	AAA24142.1	50.00	4	2	0	7	10	210	213	5.2	16.4
Seq7408_200_bp_1_1_2	BAB79260.1	33.33	12	8	0	6	17	442	453	5.2	16.4
Seq7408_200_bp_1_1_2	AAB64315.2	36.36	11	7	0	7	17	85	95	5.4	15.9
Seq7408_200_bp_1_1_2	AAA32376.1	50.00	6	3	0	12	17	150	155	5.7	14.8
Seq7408_200_bp_1_1_2	AAR37016.1	75.00	4	1	0	3	6	2249	2252	6.4	18.4
Seq7408_200_bp_1_1_2	ABD49687.1	57.14	7	3	0	8	14	919	925	6.7	17.9
Seq7408_200_bp_1_1_2	BAA32956.1	66.67	3	1	0	1	3	12	14	6.9	14.8
Seq7408_200_bp_1_1_2	AAX84812.1	100.00	2	0	0	7	8	107	108	7.6	14.8
Seq7408_200_bp_1_1_2	AAC78721.1	44.44	9	5	0	1	9	139	147	7.6	16.4
Seq7408_200_bp_1_1_2	AAA23282.1	41.67	12	7	0	2	13	346	357	9	15.9
Seq7408_200_bp_1_2_0	AAB03707.1	100.00	66	0	0	1	66	635	700	1.3e-34	134.9
Seq7408_200_bp_1_2_0	AAA24969.1	42.37	62	34	3	6	66	729	788	5.6e-08	46.6
Seq7408_200_bp_1_2_0	CAA11507.1	32.50	44	27	4	12	54	694	734	1.1	22.2
Seq7408_200_bp_1_2_0	AAF01122.1	25.53	51	35	4	17	63	6	56	4	18.4
Seq7408_200_bp_1_2_0	AAA32624.1	28.57	48	30	6	8	50	358	404	4.6	18.7
Seq7408_200_bp_1_2_0	CAA26230.1	20.00	51	40	1	10	59	22	72	5.9	18.4
Seq7408_200_bp_1_2_0	ABG75784.1	23.73	66	45	7	5	66	79	141	8.8	16.9
Seq7408_200_bp_1_2_0	AAA18786.1	50.00	10	5	0	1	10	81	90	9.1	16.6
Seq7408_200_bp_1_2_0	CAA04196.1	22.73	45	34	1	10	53	214	258	9.5	17.2
Seq7408_200_bp_-1_0_0	AAI27517.1	45.45	26	12	4	24	49	137	158	0.33	22.7
Seq7408_200_bp_-1_0_0	ABK71357.1	32.56	47	29	4	16	62	292	334	0.42	21.7
Seq7408_200_bp_-1_0_0	AAR37016.1	38.10	45	26	3	14	55	1262	1306	0.51	24.1
Seq7408_200_bp_-1_0_0	CAA73529.1	34.29	35	23	0	2	36	75	109	1.3	19.6
Seq7408_200_bp_-1_0_0	AAA42531.1	32.50	46	27	6	16	57	163	206	1.4	19.9
Seq7408_200_bp_-1_0_0	ABD49687.1	46.15	13	7	0	20	32	617	629	2.4	21.3
Seq7408_200_bp_-1_0_0	AAA18786.1	36.36	23	14	1	34	55	159	181	2.5	18.6
Seq7408_200_bp_-1_0_0	AAA72732.1	35.71	30	18	2	37	64	270	299	3	18.6
Seq7408_200_bp_-1_0_0	CAA11507.1	29.17	54	34	6	4	54	919	969	3.9	20.3
Seq7408_200_bp_-1_0_0	AAB03707.1	36.84	43	24	5	5	42	523	565	4.9	19.9
Seq7408_200_bp_-1_0_0	BAB17681.1	25.93	59	40	5	3	61	212	265	6.5	17.2
Seq7408_200_bp_-1_0_0	AAA24969.1	27.27	34	24	1	28	60	539	572	6.8	19.6
Seq7408_200_bp_-1_0_0	AAA23282.1	28.00	25	18	0	25	49	251	275	8.2	17.9
Seq7408_200_bp_-1_0_0	AAC97205.1	27.27	35	24	2	18	52	1079	1111	8.7	18.9
Seq7408_200_bp_-1_0_0	AAC17860.1	46.15	13	7	0	32	44	101	113	9.4	17.2
Seq7408_200_bp_-1_0_0	AAA36565.1	38.89	44	22	8	17	60	54	89	9.9	15.8
Seq7408_200_bp_-1_1_0	AAB64315.2	29.03	36	22	5	24	59	160	190	0.34	21.8
Seq7408_200_bp_-1_1_0	AAI27517.1	36.17	57	30	10	10	65	113	160	0.6	21.8
Seq7408_200_bp_-1_1_0	AAR31603.1	38.89	18	11	0	27	44	296	313	0.88	20.4
Seq7408_200_bp_-1_1_0	BAB17681.1	38.46	13	8	0	54	66	56	68	1.2	19.7
Seq7408_200_bp_-1_1_0	BAA32956.1	31.03	30	20	1	9	38	38	66	1.9	18.7
Seq7408_200_bp_-1_1_0	ABL74574.1	47.37	20	10	1	6	25	65	83	2	19.0
Seq7408_200_bp_-1_1_0	CAA26230.1	35.48	32	20	1	6	37	8	38	3	19.4
Seq7408_200_bp_-1_1_0	CAA74140.1	37.50	67	35	11	1	66	468	524	5	19.4
Seq7408_200_bp_-1_1_0	EDO47375.1	40.00	20	12	0	13	32	54	73	5.5	16.9
Seq7408_200_bp_-1_1_0	CAA11507.1	31.25	34	22	2	29	60	650	683	5.7	19.7
Seq7408_200_bp_-1_1_0	AAA24142.1	37.50	28	15	4	7	30	408	435	6.3	18.0
Seq7408_200_bp_-1_1_0	AAA23282.1	30.30	35	23	2	25	57	476	510	7.8	18.0
Seq7408_200_bp_-1_1_0	AAA65607.1	39.13	24	14	1	9	32	26	48	8.1	17.3
Seq7408_200_bp_-1_1_0	AAA18786.1	37.93	37	18	8	10	46	64	92	9.5	16.6
Seq7408_200_bp_-1_1_0	BAB79260.1	20.51	39	31	0	8	46	38	76	9.9	17.3
Seq7408_200_bp_-1_2_0	AAB64315.2	55.56	9	4	0	18	26	67	75	0.14	22.3
Seq7408_200_bp_-1_2_0	BAB17681.1	56.25	21	7	5	21	36	137	157	0.27	21.1
Seq7408_200_bp_-1_2_0	AAA23282.1	83.33	6	1	0	2	7	559	564	0.56	21.1
Seq7408_200_bp_-1_2_0	AAR31603.1	53.85	15	6	2	22	36	77	89	0.56	20.4
Seq7408_200_bp_-1_2_0	AAA26915.1	26.09	23	17	0	15	37	134	156	1.4	19.6
Seq7408_200_bp_-1_2_0	CAA45199.1	40.00	15	9	0	1	15	448	462	1.8	19.2
Seq7408_200_bp_-1_2_0	AAC78721.1	40.00	26	12	6	17	40	72	93	2	19.6
Seq7408_200_bp_-1_2_0	AAB03707.1	60.00	10	4	0	6	15	1139	1148	3	20.0
Seq7408_200_bp_-1_2_0	AAA36565.1	36.36	11	7	0	26	36	73	83	3.3	16.8
Seq7408_200_bp_-1_2_0	AAA24969.1	45.00	22	11	2	7	28	846	865	3.3	20.0
Seq7408_200_bp_-1_2_0	AAA42531.1	35.00	21	13	1	15	34	301	321	3.3	18.0
Seq7408_200_bp_-1_2_0	ACT10338.1	25.00	26	18	2	11	34	123	148	5.7	17.2
Seq7408_200_bp_-1_2_0	AAA32624.1	42.86	15	8	1	4	17	303	317	5.8	17.6
Seq7408_200_bp_-1_2_0	ABD33854.1	50.00	8	4	0	32	39	47	54	6.3	14.4
Seq7408_200_bp_-1_2_0	AAR37016.1	35.71	14	9	0	2	15	1193	1206	6.6	19.6
Seq7408_200_bp_-1_2_0	AAC97205.1	58.82	27	7	10	15	36	260	281	7.8	18.4
Seq7408_200_bp_-1_2_0	AAI27517.1	33.33	29	16	5	8	36	84	107	8.4	17.2
Seq7408_200_bp_-1_2_0	AAA45888.1	30.43	24	16	1	4	27	183	205	9.3	16.4
Seq7408_200_bp_-1_2_0	AAA32376.1	26.09	25	17	2	6	30	123	145	9.6	15.2
Seq7408_200_bp_-1_2_1	AAR37016.1	60.00	10	4	0	5	14	366	375	2.4	19.9
Seq7408_200_bp_-1_2_1	AEE27845.1	37.50	16	10	0	1	16	605	620	2.5	19.1
Seq7408_200_bp_-1_2_1	AAA18786.1	28.57	14	10	0	1	14	189	202	3.4	16.3
Seq7408_200_bp_-1_2_1	BAA32956.1	61.54	14	5	1	4	16	102	115	3.5	15.9
Seq7408_200_bp_-1_2_1	AAB96524.1	33.33	18	12	0	1	18	115	132	5.3	15.1
Seq7408_200_bp_-1_2_1	EDO47375.1	35.71	14	9	0	4	17	30	43	5.4	15.1
Seq7408_200_bp_-1_2_1	AAA45888.1	57.14	7	3	0	3	9	370	376	6.2	15.9
Seq7408_200_bp_-1_2_1	AAC78721.1	43.75	17	9	1	1	16	178	194	6.2	16.7
Seq7408_200_bp_-1_2_1	AAB26998.1	21.43	14	11	0	2	15	57	70	6.8	13.4
Seq7408_200_bp_-1_2_1	AIR13712.1	57.14	7	3	0	3	9	183	189	7	15.5
Seq7408_200_bp_-1_2_1	AAA65607.1	57.14	7	3	0	2	8	282	288	7.8	15.5
Seq7408_200_bp_-1_2_1	AAX84812.1	100.00	4	0	0	1	4	109	112	8.5	14.7
