Seq7473_211_bp_1_0_0	BAA32956.1	36.00	25	16	0	4	28	186	210	0.075	22.2
Seq7473_211_bp_1_0_0	AAI27517.1	42.86	22	12	1	1	21	529	550	0.078	23.6
Seq7473_211_bp_1_0_0	AAB03707.1	38.89	18	11	0	1	18	1049	1066	2.5	19.8
Seq7473_211_bp_1_0_0	CAA73529.1	44.44	9	5	0	19	27	234	242	2.6	17.4
Seq7473_211_bp_1_0_0	AAC78721.1	39.13	23	14	0	4	26	570	592	3.3	18.3
Seq7473_211_bp_1_0_0	ABD49687.1	41.67	12	7	0	1	12	459	470	5.9	18.8
Seq7473_211_bp_1_0_0	BAA32018.1	38.46	13	8	0	15	27	554	566	7.9	16.9
Seq7473_211_bp_1_0_0	ABK71357.1	50.00	8	4	0	8	15	172	179	9	16.0
Seq7473_211_bp_1_0_1	ABN10845.1	50.00	6	3	0	7	12	155	160	0.78	17.5
Seq7473_211_bp_1_0_1	BAB70780.1	33.33	9	6	0	1	9	322	330	1.1	18.2
Seq7473_211_bp_1_0_1	ABS38337.1	33.33	12	8	0	1	12	373	384	4.5	17.5
Seq7473_211_bp_1_0_1	AAF01122.1	80.00	5	1	0	4	8	135	139	4.8	15.7
Seq7473_211_bp_1_0_1	BAA32018.1	50.00	6	3	0	2	7	495	500	5.2	16.3
Seq7473_211_bp_1_0_1	ABL74574.1	60.00	5	2	0	1	5	235	239	5.7	15.0
Seq7473_211_bp_1_0_1	ABG75784.1	50.00	4	2	0	9	12	305	308	6.1	15.0
Seq7473_211_bp_1_0_1	AAQ92751.2	100.00	4	0	0	1	4	1358	1361	7.3	16.9
Seq7473_211_bp_1_0_1	AII71783.1	44.44	9	5	0	4	12	291	299	9	14.4
Seq7473_211_bp_1_0_2	BAA32018.1	55.56	9	4	0	1	9	142	150	0.82	20.2
Seq7473_211_bp_1_0_2	AAA24142.1	66.67	6	2	0	15	20	343	348	2.6	18.0
Seq7473_211_bp_1_0_2	AAB96524.1	42.86	7	4	0	12	18	177	183	6.8	15.3
Seq7473_211_bp_1_0_2	CAA73529.1	80.00	5	1	0	2	6	125	129	6.8	15.8
Seq7473_211_bp_1_0_2	ABL74574.1	55.56	9	4	0	5	13	33	41	7.2	15.8
Seq7473_211_bp_1_0_2	AAC78721.1	75.00	8	2	0	8	15	573	580	7.9	16.9
Seq7473_211_bp_1_0_2	AIR13712.1	71.43	7	2	0	5	11	118	124	8.1	15.8
Seq7473_211_bp_1_0_2	AAA36565.1	50.00	8	4	0	4	11	112	119	8.7	14.7
Seq7473_211_bp_1_0_2	AAA42531.1	50.00	8	4	0	14	21	295	302	9.5	15.8
Seq7473_211_bp_1_1_0	AAC78721.1	100.00	70	0	0	1	70	568	637	1.1e-43	164.1
Seq7473_211_bp_1_1_0	AAA36565.1	57.14	14	6	0	44	57	13	26	1.3	19.0
Seq7473_211_bp_1_1_0	BAA32956.1	33.33	27	18	0	13	39	181	207	2.2	18.6
Seq7473_211_bp_1_1_0	AAX84812.1	29.41	18	12	1	43	59	57	74	3.2	18.1
Seq7473_211_bp_1_1_0	ABG75784.1	60.00	10	4	0	49	58	152	161	7.5	17.2
Seq7473_211_bp_1_1_0	AAC17860.1	32.14	29	19	1	40	67	343	371	9.7	17.2
Seq7473_211_bp_1_2_0	AAC78721.1	40.00	25	15	0	20	44	341	365	0.71	21.4
Seq7473_211_bp_1_2_0	AAA72732.1	75.00	8	2	0	43	50	194	201	1.7	19.0
Seq7473_211_bp_1_2_0	AEE27845.1	33.33	29	18	2	2	28	255	283	2	20.9
Seq7473_211_bp_1_2_0	BAB17681.1	33.33	21	14	0	30	50	24	44	2	18.5
Seq7473_211_bp_1_2_0	BAA32956.1	41.18	17	10	0	34	50	170	186	2.2	18.1
Seq7473_211_bp_1_2_0	AAA32376.1	24.00	25	19	0	13	37	20	44	2.4	17.6
Seq7473_211_bp_1_2_0	AII71783.1	40.91	23	13	1	23	44	245	267	3.1	18.1
Seq7473_211_bp_1_2_0	AAB64315.2	47.37	20	10	1	29	48	309	327	3.3	18.1
Seq7473_211_bp_1_2_0	ABD49687.1	52.94	17	8	0	4	20	455	471	3.4	20.4
Seq7473_211_bp_1_2_0	AAA25966.1	36.36	11	7	0	30	40	300	310	5.2	18.5
Seq7473_211_bp_1_2_0	CAA43372.1	45.00	22	11	2	16	35	41	62	5.7	17.6
Seq7473_211_bp_1_2_0	BAA32018.1	55.56	9	4	0	9	17	440	448	8.4	17.6
Seq7473_211_bp_1_2_0	AAR37016.1	62.50	8	3	0	24	31	747	754	8.6	19.5
Seq7473_211_bp_1_2_1	AAH69556.1	100.00	5	0	0	13	17	82	86	0.93	18.4
Seq7473_211_bp_1_2_1	AII71783.1	62.50	8	3	0	5	12	156	163	1.9	17.3
Seq7473_211_bp_1_2_1	CAA74140.1	50.00	8	4	0	10	17	516	523	2.8	18.4
Seq7473_211_bp_1_2_1	AAB96524.1	57.14	7	3	0	5	11	134	140	4.8	15.2
Seq7473_211_bp_1_2_1	AAB64315.2	25.00	12	9	0	5	16	122	133	5.9	15.7
Seq7473_211_bp_1_2_1	AAA45888.1	66.67	6	2	0	8	13	146	151	6.8	15.7
Seq7473_211_bp_1_2_1	BAB17681.1	100.00	3	0	0	4	6	22	24	7	15.2
Seq7473_211_bp_-1_0_0	AEE27845.1	76.92	13	3	0	57	69	283	295	1.6	21.7
Seq7473_211_bp_-1_0_0	AAC78721.1	50.00	12	6	0	41	52	669	680	2.1	20.3
Seq7473_211_bp_-1_0_0	AAB96524.1	45.45	11	6	0	10	20	91	101	2.3	18.3
Seq7473_211_bp_-1_0_0	AAQ92751.2	53.85	13	6	0	58	70	125	137	5.9	19.8
Seq7473_211_bp_-1_0_0	AAF01122.1	31.25	16	11	0	25	40	161	176	6.2	17.8
Seq7473_211_bp_-1_0_0	AAA65607.1	26.67	15	11	0	18	32	145	159	8.4	17.3
Seq7473_211_bp_-1_0_0	AAA24969.1	37.50	16	10	0	10	25	1449	1464	8.9	19.3
Seq7473_211_bp_-1_0_0	CAA43372.1	38.46	13	8	0	24	36	272	284	9.3	17.3
Seq7473_211_bp_-1_0_0	ABN10845.1	35.71	14	9	0	36	49	118	131	9.6	16.3
Seq7473_211_bp_-1_1_0	AAB64315.2	53.85	13	6	0	7	19	3	15	0.25	20.8
Seq7473_211_bp_-1_1_0	AAA26915.1	40.00	15	9	0	11	25	53	67	0.53	20.3
Seq7473_211_bp_-1_1_0	ACT10338.1	21.74	23	18	0	3	25	344	366	3	17.5
Seq7473_211_bp_-1_1_0	EDO47375.1	71.43	7	2	0	5	11	101	107	3.1	16.4
Seq7473_211_bp_-1_1_0	AEE27845.1	57.14	14	6	0	12	25	290	303	4.9	18.6
Seq7473_211_bp_-1_1_0	AAR31603.1	33.33	12	8	0	13	24	2	13	5.4	16.4
Seq7473_211_bp_-1_1_0	AAA32376.1	26.67	15	11	0	6	20	50	64	6.1	15.2
Seq7473_211_bp_-1_1_0	CAA26230.1	23.08	13	10	0	11	23	410	422	6.2	16.9
Seq7473_211_bp_-1_1_0	AAC78721.1	21.05	19	15	0	6	24	549	567	7.3	16.9
Seq7473_211_bp_-1_1_0	AAX12058.1	20.00	10	8	0	2	11	210	219	9.3	15.2
Seq7473_211_bp_-1_1_0	CAA11507.1	44.44	9	5	0	2	10	1193	1201	9.8	17.5
Seq7473_211_bp_-1_1_1	CAD53387.1	87.50	8	1	0	34	41	462	469	0.06	24.3
Seq7473_211_bp_-1_1_1	AAA18786.1	54.55	11	5	0	32	42	130	140	0.88	19.5
Seq7473_211_bp_-1_1_1	CAA26230.1	38.46	13	8	0	20	32	163	175	0.88	20.6
Seq7473_211_bp_-1_1_1	AAI27517.1	75.00	8	2	0	30	37	103	110	0.93	20.6
Seq7473_211_bp_-1_1_1	AAH69556.1	50.00	10	5	0	11	20	25	34	1	19.5
Seq7473_211_bp_-1_1_1	AAR31603.1	31.25	16	11	0	23	38	295	310	1.1	19.5
Seq7473_211_bp_-1_1_1	AAB64315.2	35.71	14	9	0	25	38	22	35	1.1	19.5
Seq7473_211_bp_-1_1_1	AAB26998.1	66.67	10	3	1	27	36	24	32	2.4	16.3
Seq7473_211_bp_-1_1_1	ABD49687.1	52.94	17	8	0	12	28	410	426	2.7	20.6
Seq7473_211_bp_-1_1_1	AAA36565.1	71.43	7	2	0	35	41	41	47	3.4	16.9
Seq7473_211_bp_-1_1_1	ACH70904.1	62.50	8	3	0	37	44	291	298	3.5	17.9
Seq7473_211_bp_-1_1_1	BAB79260.1	71.43	7	2	0	2	8	331	337	4.4	17.9
Seq7473_211_bp_-1_1_1	AAX84812.1	75.00	4	1	0	9	12	106	109	4.7	16.9
Seq7473_211_bp_-1_1_1	AAF01122.1	41.67	12	7	0	18	29	185	196	5.2	17.4
Seq7473_211_bp_-1_1_1	ABD33854.1	40.00	5	3	0	7	11	44	48	5.6	14.7
Seq7473_211_bp_-1_1_1	BAA32991.1	50.00	8	4	0	24	31	10	17	6	14.7
Seq7473_211_bp_-1_1_1	BAB70780.1	71.43	7	2	0	15	21	349	355	6.7	17.4
Seq7473_211_bp_-1_1_1	AAA32624.1	57.14	7	3	0	3	9	75	81	7.2	17.4
Seq7473_211_bp_-1_1_1	AAA32376.1	28.57	14	10	0	12	25	107	120	7.2	15.8
Seq7473_211_bp_-1_1_1	AAR37016.1	57.14	7	3	0	4	10	104	110	7.3	19.5
Seq7473_211_bp_-1_1_1	ABK71357.1	71.43	7	2	0	17	23	71	77	7.4	16.9
Seq7473_211_bp_-1_1_1	AAA45888.1	66.67	6	2	0	30	35	78	83	7.6	16.9
Seq7473_211_bp_-1_1_1	AAA23282.1	60.00	5	2	0	4	8	272	276	7.7	17.4
Seq7473_211_bp_-1_1_1	CAA73529.1	80.00	5	1	0	29	33	270	274	7.8	16.3
Seq7473_211_bp_-1_1_1	AAA24142.1	28.57	22	15	1	8	28	166	187	8.8	16.9
Seq7473_211_bp_-1_1_1	AAA26915.1	37.50	16	10	0	13	28	101	116	9.1	16.9
Seq7473_211_bp_-1_1_1	CAA45199.1	62.50	8	3	0	15	22	130	137	9.2	16.9
Seq7473_211_bp_-1_2_0	ABK71357.1	36.36	11	7	0	6	16	90	100	0.82	18.9
Seq7473_211_bp_-1_2_0	AAA25966.1	55.56	9	4	0	6	14	468	476	1.1	19.5
Seq7473_211_bp_-1_2_0	CAA74140.1	83.33	6	1	0	4	9	538	543	2	18.9
Seq7473_211_bp_-1_2_0	AAX12058.1	57.14	7	3	0	7	13	60	66	2.9	16.6
Seq7473_211_bp_-1_2_0	AII71783.1	57.14	7	3	0	5	11	162	168	3.3	16.6
Seq7473_211_bp_-1_2_0	BAA32956.1	45.45	11	6	0	6	16	79	89	3.4	16.0
Seq7473_211_bp_-1_2_0	AAA45888.1	80.00	5	1	0	11	15	306	310	6	16.0
Seq7473_211_bp_-1_2_0	AAA42531.1	45.45	11	6	0	5	15	265	275	6	16.0
Seq7473_211_bp_-1_2_0	EDO47375.1	33.33	12	8	0	2	13	75	86	6.5	14.9
Seq7473_211_bp_-1_2_0	AAA24969.1	62.50	8	3	0	11	18	274	281	7.1	17.7
Seq7473_211_bp_-1_2_0	AAR37016.1	55.56	9	4	0	11	19	1430	1438	7.3	18.3
Seq7473_211_bp_-1_2_0	ABN10845.1	75.00	4	1	0	2	5	116	119	7.4	14.9
Seq7473_211_bp_-1_2_0	ACH70904.1	36.36	11	7	0	7	17	283	293	8.2	15.4
Seq7473_211_bp_-1_2_0	CAA26230.1	36.36	11	7	0	9	19	161	171	8.5	16.0
Seq7473_211_bp_-1_2_0	ABS38337.1	57.14	7	3	0	7	13	887	893	8.8	17.2
Seq7473_211_bp_-1_2_0	AAI27517.1	80.00	5	1	0	12	16	104	108	8.9	16.0
Seq7473_211_bp_-1_2_0	BAB17681.1	80.00	5	1	0	8	12	108	112	9.2	14.9
Seq7473_211_bp_-1_2_0	AAB03707.1	46.15	13	7	0	7	19	792	804	9.4	17.2
Seq7473_211_bp_-1_2_0	CAA04196.1	60.00	5	2	0	3	7	261	265	9.4	15.4
Seq7473_211_bp_-1_2_1	AAA45888.1	33.33	28	18	1	1	28	123	149	0.00069	29.7
Seq7473_211_bp_-1_2_1	AAA45888.1	42.86	23	12	2	8	28	89	111	0.51	20.2
Seq7473_211_bp_-1_2_1	AAA32376.1	21.43	14	11	0	8	21	75	88	0.92	18.2
Seq7473_211_bp_-1_2_1	AAC08817.1	42.86	7	4	0	18	24	95	101	1.7	17.2
Seq7473_211_bp_-1_2_1	ABD33854.1	50.00	6	3	0	19	24	6	11	1.9	15.7
Seq7473_211_bp_-1_2_1	CAA74140.1	42.11	20	11	1	5	24	174	192	3.5	18.7
Seq7473_211_bp_-1_2_1	CAA43372.1	66.67	6	2	0	19	24	294	299	4.3	17.2
Seq7473_211_bp_-1_2_1	BAA32956.1	60.00	10	4	0	8	17	44	53	4.4	16.2
Seq7473_211_bp_-1_2_1	CAA11507.1	38.46	13	8	0	9	21	907	919	5	18.7
Seq7473_211_bp_-1_2_1	EDO47375.1	25.00	20	15	0	5	24	101	120	5.5	15.7
Seq7473_211_bp_-1_2_1	AAB26998.1	75.00	9	2	1	18	26	3	10	6.4	14.2
Seq7473_211_bp_-1_2_1	BAB79260.1	36.84	19	12	0	4	22	222	240	6.5	16.7
Seq7473_211_bp_-1_2_1	AAX84812.1	100.00	4	0	0	20	23	193	196	6.7	15.7
Seq7473_211_bp_-1_2_1	AAR37016.1	45.00	21	11	1	4	24	1913	1932	8.3	18.7
Seq7473_211_bp_-1_2_1	AAH69556.1	26.67	15	11	0	1	15	92	106	8.6	15.7
Seq7473_211_bp_-1_2_1	ABN10845.1	44.44	9	5	0	16	24	47	55	8.7	15.2
Seq7473_211_bp_-1_2_1	AAC78721.1	50.00	8	4	0	11	18	56	63	9.4	16.7
