Seq10035_370_bp_1_0_0	BAA32956.1	60.00	10	4	0	9	18	71	80	0.14	21.1
Seq10035_370_bp_1_0_0	ABL74574.1	37.50	16	10	0	9	24	15	30	1.4	18.3
Seq10035_370_bp_1_0_0	ABK71357.1	31.58	19	13	0	7	25	80	98	1.8	18.3
Seq10035_370_bp_1_0_0	CAA04196.1	62.50	8	3	0	7	14	33	40	2	18.3
Seq10035_370_bp_1_0_0	AAB26998.1	23.53	17	13	0	1	17	19	35	2.7	15.4
Seq10035_370_bp_1_0_0	AAA42531.1	60.00	10	4	0	18	27	264	273	2.8	17.7
Seq10035_370_bp_1_0_0	BAA32018.1	45.45	11	6	0	7	17	548	558	3	18.3
Seq10035_370_bp_1_0_0	CAA45199.1	33.33	15	10	0	11	25	90	104	3.4	17.7
Seq10035_370_bp_1_0_0	ACT10338.1	26.32	19	14	0	3	21	113	131	4.1	17.1
Seq10035_370_bp_1_0_0	AAX84812.1	63.64	12	4	1	13	23	43	54	5.3	16.0
Seq10035_370_bp_1_0_0	ABN10845.1	31.25	16	11	0	12	27	58	73	7.3	15.4
Seq10035_370_bp_1_0_0	AAB64315.2	33.33	15	10	0	7	21	182	196	7.4	16.0
Seq10035_370_bp_1_0_0	AAF01122.1	71.43	7	2	0	17	23	294	300	8.4	16.0
Seq10035_370_bp_1_0_0	AAA23282.1	45.45	11	6	0	9	19	214	224	8.5	16.5
Seq10035_370_bp_1_0_0	AAI27517.1	44.44	9	5	0	12	20	414	422	8.8	16.5
Seq10035_370_bp_1_1_0	AAA42531.1	33.33	21	14	0	2	22	165	185	0.13	22.1
Seq10035_370_bp_1_1_0	AAC97205.1	50.00	10	5	0	18	27	448	457	0.9	21.0
Seq10035_370_bp_1_1_0	CAA73529.1	55.56	9	4	0	13	21	185	193	0.93	18.8
Seq10035_370_bp_1_1_0	AAA45888.1	31.58	19	13	0	3	21	39	57	1.3	18.8
Seq10035_370_bp_1_1_0	AAC78721.1	60.00	10	4	0	13	22	267	276	1.6	19.3
Seq10035_370_bp_1_1_0	BAA32956.1	40.00	16	9	1	2	16	90	105	2.3	17.1
Seq10035_370_bp_1_1_0	AAA65607.1	45.45	11	6	0	12	22	155	165	3.9	17.1
Seq10035_370_bp_1_1_0	AAB96524.1	66.67	6	2	0	18	23	170	175	4.2	16.0
Seq10035_370_bp_1_1_0	AAR37016.1	35.71	14	9	0	9	22	1102	1115	5.3	19.3
Seq10035_370_bp_1_1_0	ACH70904.1	50.00	8	4	0	18	25	239	246	5.5	16.6
Seq10035_370_bp_1_1_0	AII71783.1	60.00	5	2	0	22	26	148	152	6.8	16.0
Seq10035_370_bp_1_1_0	AAF01122.1	38.89	18	11	0	1	18	176	193	8.2	16.0
Seq10035_370_bp_1_2_0	ABK71357.1	41.67	12	7	0	13	24	160	171	0.77	19.4
Seq10035_370_bp_1_2_0	ACT10338.1	40.00	15	9	0	4	18	102	116	0.81	19.4
Seq10035_370_bp_1_2_0	ABS38337.1	41.18	17	10	0	3	19	670	686	1.2	20.6
Seq10035_370_bp_1_2_0	BAE97662.1	30.00	20	14	0	2	21	416	435	1.6	20.0
Seq10035_370_bp_1_2_0	ABD49687.1	57.14	14	6	0	6	19	852	865	2.4	20.0
Seq10035_370_bp_1_2_0	AAX12058.1	21.74	23	18	0	4	26	228	250	2.7	17.2
Seq10035_370_bp_1_2_0	AAA32376.1	35.71	14	9	0	7	20	44	57	3.6	16.1
Seq10035_370_bp_1_2_0	AAB96524.1	35.71	14	9	0	4	17	1	14	3.9	16.1
Seq10035_370_bp_1_2_0	ACH70904.1	36.36	11	7	0	13	23	212	222	5.1	16.6
Seq10035_370_bp_1_2_0	AAA18786.1	20.83	24	19	0	1	24	74	97	5.5	16.1
Seq10035_370_bp_1_2_0	CAA04196.1	41.18	17	10	0	2	18	90	106	5.8	16.6
Seq10035_370_bp_1_2_0	AAA72732.1	45.45	11	6	0	10	20	250	260	6.4	16.1
Seq10035_370_bp_1_2_0	CAD53387.1	50.00	8	4	0	5	12	486	493	6.9	16.6
Seq10035_370_bp_1_2_0	AAR31603.1	54.55	11	5	0	8	18	5	15	9.7	15.5
Seq10035_370_bp_-1_0_0	AAA18786.1	29.63	27	19	0	1	27	41	67	0.012	25.1
Seq10035_370_bp_-1_0_0	AAX84812.1	60.00	10	4	0	16	25	8	17	3.4	16.7
Seq10035_370_bp_-1_0_0	ABG75784.1	36.36	11	7	0	7	17	87	97	4.5	16.7
Seq10035_370_bp_-1_0_0	ABN10845.1	44.44	9	5	0	4	12	106	114	6.4	15.6
Seq10035_370_bp_-1_0_0	CAA74140.1	50.00	10	5	0	18	27	511	520	6.4	17.7
Seq10035_370_bp_-1_0_0	AAQ92751.2	43.75	16	9	0	2	17	416	431	6.5	18.2
Seq10035_370_bp_-1_0_0	AAA24142.1	57.14	7	3	0	21	27	42	48	8.9	16.1
Seq10035_370_bp_-1_0_0	AAB03707.1	83.33	6	1	0	22	27	1308	1313	9.1	17.7
Seq10035_370_bp_-1_0_0	AAC78721.1	29.41	17	12	0	11	27	405	421	9.2	16.7
Seq10035_370_bp_-1_1_0	AAA36565.1	60.00	10	4	0	7	16	96	105	0.62	18.7
Seq10035_370_bp_-1_1_0	AAH69556.1	55.56	9	4	0	8	16	290	298	1.6	18.1
Seq10035_370_bp_-1_1_0	ABD49687.1	62.50	8	3	0	7	14	439	446	2.9	19.8
Seq10035_370_bp_-1_1_0	AAA45888.1	41.67	12	7	0	1	12	121	132	3	17.6
Seq10035_370_bp_-1_1_0	BAA32018.1	83.33	6	1	0	2	7	3	8	3.3	18.1
Seq10035_370_bp_-1_1_0	AAA26915.1	85.71	7	1	0	17	23	247	253	3.6	17.6
Seq10035_370_bp_-1_1_0	CAA04196.1	57.14	7	3	0	12	18	39	45	4.7	17.0
Seq10035_370_bp_-1_1_0	AAA65607.1	62.50	8	3	0	7	14	183	190	5.9	16.5
Seq10035_370_bp_-1_1_0	AAB96524.1	30.00	21	14	1	7	27	63	82	8.9	14.9
Seq10035_370_bp_-1_1_0	CAA74140.1	55.56	9	4	0	9	17	582	590	9.9	17.0
Seq10035_370_bp_-1_2_0	AAC17860.1	42.86	14	8	0	7	20	400	413	0.86	19.4
Seq10035_370_bp_-1_2_0	AEE27845.1	50.00	14	7	0	5	18	619	632	2	20.0
Seq10035_370_bp_-1_2_0	CAA11507.1	40.91	23	13	1	3	24	1338	1360	5.7	18.4
Seq10035_370_bp_-1_2_0	AAQ92751.2	31.25	16	11	0	3	18	1330	1345	5.8	18.4
Seq10035_370_bp_-1_2_0	AAC08817.1	23.81	21	16	0	4	24	100	120	6.3	15.2
Seq10035_370_bp_-1_2_0	CAA26230.1	50.00	8	4	0	12	19	491	498	9.9	16.2
