Seq10017_374_bp_1_0_0	AAC97205.1	22.52	121	86	10	7	124	285	398	0.14	25.9
Seq10017_374_bp_1_0_0	AAR37016.1	27.84	117	70	20	2	103	1559	1670	0.82	24.3
Seq10017_374_bp_1_0_0	AAI27517.1	27.59	98	63	11	13	108	305	393	0.94	22.1
Seq10017_374_bp_1_0_0	ABK71357.1	32.97	119	61	28	18	114	64	176	1.4	20.9
Seq10017_374_bp_1_0_0	AAA18786.1	21.90	113	82	8	9	114	76	187	1.5	20.3
Seq10017_374_bp_1_0_0	CAA74140.1	22.22	120	84	12	1	114	643	756	1.7	21.9
Seq10017_374_bp_1_0_0	AAA24142.1	22.61	128	89	13	6	123	92	216	2.1	20.5
Seq10017_374_bp_1_0_0	AAR31603.1	31.33	95	57	12	28	114	13	103	2.4	19.9
Seq10017_374_bp_1_0_0	AAA72732.1	17.89	104	78	9	6	105	212	310	4.4	18.9
Seq10017_374_bp_1_0_0	ABN10845.1	26.09	87	51	18	5	73	108	194	5.3	18.1
Seq10017_374_bp_1_0_0	CAA43372.1	21.43	113	77	15	2	111	266	366	5.8	18.9
Seq10017_374_bp_1_0_0	AAA36565.1	20.83	77	57	5	26	99	2	76	6.9	17.3
Seq10017_374_bp_1_0_0	AII71783.1	22.92	108	74	12	27	124	28	133	7.3	18.1
Seq10017_374_bp_1_0_0	BAB17681.1	19.63	115	86	8	14	123	65	176	7.5	17.9
Seq10017_374_bp_1_0_0	ABD49687.1	22.33	117	80	14	6	112	842	954	7.8	20.5
Seq10017_374_bp_1_0_0	AEE27845.1	17.86	122	92	10	10	124	727	845	8.3	20.1
Seq10017_374_bp_1_0_0	AAA42531.1	20.00	98	76	3	6	102	125	220	9.1	18.1
Seq10017_374_bp_1_1_0	CAA43372.1	29.67	101	64	10	13	112	143	234	0.019	27.2
Seq10017_374_bp_1_1_0	ABD49687.1	28.42	110	68	15	11	110	359	463	0.15	26.2
Seq10017_374_bp_1_1_0	ABD49687.1	22.94	128	84	19	9	124	667	787	0.33	25.1
Seq10017_374_bp_1_1_0	BAA32018.1	24.47	102	71	8	24	118	422	522	0.16	24.8
Seq10017_374_bp_1_1_0	BAB17681.1	30.88	75	47	7	31	102	16	86	1	20.9
Seq10017_374_bp_1_1_0	AAA25966.1	16.50	110	86	7	19	124	303	409	1.2	22.0
Seq10017_374_bp_1_1_0	AAA45888.1	24.05	83	60	4	39	118	164	245	1.2	21.0
Seq10017_374_bp_1_1_0	AAI27517.1	27.88	129	75	25	9	124	210	326	1.3	21.6
Seq10017_374_bp_1_1_0	AAR37016.1	20.41	105	78	7	11	115	582	679	2.1	22.9
Seq10017_374_bp_1_1_0	AAC78721.1	20.56	120	85	13	4	119	57	167	2.2	21.0
Seq10017_374_bp_1_1_0	EDO47375.1	15.22	102	78	10	2	98	94	190	2.2	19.2
Seq10017_374_bp_1_1_0	BAA32956.1	25.29	99	65	12	12	107	105	194	2.5	19.2
Seq10017_374_bp_1_1_0	ABN10845.1	21.05	127	90	13	1	122	80	198	2.5	19.2
Seq10017_374_bp_1_1_0	AAR31603.1	25.00	119	81	11	7	115	115	232	2.9	19.6
Seq10017_374_bp_1_1_0	CAA45199.1	25.69	131	81	22	8	120	172	298	3.7	19.7
Seq10017_374_bp_1_1_0	AAA24142.1	22.12	119	81	15	13	119	19	134	4	19.6
Seq10017_374_bp_1_1_0	AAA36565.1	18.89	106	73	16	8	104	1	99	4.7	17.9
Seq10017_374_bp_1_1_0	CAA73529.1	27.68	128	81	16	4	122	38	158	5.2	18.4
Seq10017_374_bp_1_1_0	CAA04196.1	27.00	122	73	22	10	119	13	124	6.9	18.6
Seq10017_374_bp_1_1_0	CAD53387.1	26.21	130	76	27	10	121	345	465	7.2	18.8
Seq10017_374_bp_1_1_0	ACH70904.1	22.73	121	85	11	6	120	106	221	7.6	18.3
Seq10017_374_bp_1_1_0	AAA32624.1	22.22	142	91	25	4	123	99	237	8.5	18.6
Seq10017_374_bp_1_2_0	ABD49687.1	25.51	111	73	13	2	112	129	226	0.39	24.9
Seq10017_374_bp_1_2_0	AAI27517.1	31.19	138	75	29	1	117	347	476	0.47	23.1
Seq10017_374_bp_1_2_0	CAA26230.1	24.07	121	82	13	2	119	273	383	0.51	22.9
Seq10017_374_bp_1_2_0	AII71783.1	23.08	124	90	7	3	120	20	142	0.56	21.9
Seq10017_374_bp_1_2_0	AAC97205.1	28.26	114	66	22	3	105	834	936	1.5	22.5
Seq10017_374_bp_1_2_0	AAA18786.1	25.62	140	90	19	3	124	66	204	1.6	20.1
Seq10017_374_bp_1_2_0	AAC17860.1	23.23	106	76	7	17	118	3	105	1.7	20.7
Seq10017_374_bp_1_2_0	AAA65607.1	29.11	89	56	10	30	117	13	92	3	19.7
Seq10017_374_bp_1_2_0	CAD53387.1	26.13	125	82	14	3	113	36	160	3.5	19.9
Seq10017_374_bp_1_2_0	ABK71357.1	25.81	65	46	3	3	67	275	336	3.9	19.3
Seq10017_374_bp_1_2_0	AAA32624.1	29.85	79	47	12	3	81	226	292	4.8	19.5
Seq10017_374_bp_1_2_0	AEE27845.1	25.66	129	84	16	2	117	50	175	4.8	20.9
Seq10017_374_bp_1_2_0	AAA36565.1	18.26	123	94	8	3	120	43	162	5.2	17.7
Seq10017_374_bp_1_2_0	CAA45199.1	20.00	136	96	16	1	124	139	270	6.4	18.9
Seq10017_374_bp_1_2_0	AAR31603.1	19.78	101	73	10	32	124	66	164	6.7	18.3
Seq10017_374_bp_1_2_0	AAQ92751.2	19.64	120	90	8	10	123	331	448	8.1	20.1
Seq10017_374_bp_1_2_0	AAA45888.1	17.27	113	91	3	14	123	196	308	10	17.9
Seq10017_374_bp_-1_0_0	AAI27517.1	20.95	113	83	8	15	124	461	568	0.58	22.8
Seq10017_374_bp_-1_0_0	AAA25966.1	25.00	122	78	18	4	113	596	711	0.93	22.4
Seq10017_374_bp_-1_0_0	CAA74140.1	32.08	135	72	29	2	112	395	524	1.4	22.2
Seq10017_374_bp_-1_0_0	AAC97205.1	20.95	114	83	9	14	121	346	456	1.6	22.4
Seq10017_374_bp_-1_0_0	BAA32956.1	29.06	155	83	38	4	124	60	210	1.6	19.8
Seq10017_374_bp_-1_0_0	BAB79260.1	21.57	113	80	11	1	104	293	403	2	20.6
Seq10017_374_bp_-1_0_0	BAA32991.1	20.69	62	46	4	10	67	2	63	2.3	17.6
Seq10017_374_bp_-1_0_0	AAR31603.1	21.51	100	73	7	17	114	52	146	2.8	19.6
Seq10017_374_bp_-1_0_0	AAA24142.1	22.33	125	80	22	7	119	117	231	3	20.0
Seq10017_374_bp_-1_0_0	AAA45888.1	20.87	143	91	28	2	124	66	200	3.3	19.6
Seq10017_374_bp_-1_0_0	AAB96524.1	22.22	79	56	7	50	122	9	86	3.6	18.4
Seq10017_374_bp_-1_0_0	AEE27845.1	27.37	110	69	15	18	124	1164	1261	4.5	21.0
Seq10017_374_bp_-1_0_0	AAR37016.1	26.37	112	67	21	14	119	1137	1233	5	21.6
Seq10017_374_bp_-1_0_0	AAB26998.1	32.00	69	34	19	48	116	13	62	5.2	16.6
Seq10017_374_bp_-1_0_0	AAF01122.1	31.25	69	44	5	46	109	301	369	5.5	18.8
Seq10017_374_bp_-1_0_0	CAA73529.1	21.05	128	90	14	3	124	85	204	6	18.2
Seq10017_374_bp_-1_0_0	ABD49687.1	21.59	93	69	5	11	99	882	973	6.3	20.8
Seq10017_374_bp_-1_0_0	CAA11507.1	23.08	106	70	15	24	121	1228	1326	7.5	20.2
Seq10017_374_bp_-1_0_0	ABK71357.1	22.22	104	77	5	1	103	260	359	9.1	18.0
Seq10017_374_bp_-1_0_0	AAA23282.1	25.00	88	57	12	40	124	324	402	9.2	18.6
Seq10017_374_bp_-1_0_0	ABN10845.1	26.60	110	69	16	6	108	62	162	9.2	17.2
Seq10017_374_bp_-1_0_0	BAB17681.1	15.79	120	96	6	7	121	146	264	10	17.4
Seq10017_374_bp_-1_1_0	BAA32956.1	23.85	127	83	18	1	124	85	196	0.38	21.9
Seq10017_374_bp_-1_1_0	BAA32956.1	35.29	65	33	14	2	60	23	79	0.51	21.5
Seq10017_374_bp_-1_1_0	ABN10845.1	16.81	119	94	6	4	120	54	168	0.79	20.9
Seq10017_374_bp_-1_1_0	AAA36565.1	20.37	115	86	7	7	119	30	139	0.8	20.5
Seq10017_374_bp_-1_1_0	AII71783.1	23.01	130	87	17	2	120	154	277	2.2	19.9
Seq10017_374_bp_-1_1_0	CAA26230.1	26.61	140	80	31	3	124	392	518	2.7	20.5
Seq10017_374_bp_-1_1_0	CAA45199.1	29.00	117	71	17	15	116	138	252	3	20.1
Seq10017_374_bp_-1_1_0	AAX12058.1	26.47	78	50	10	6	82	208	276	3	19.3
Seq10017_374_bp_-1_1_0	BAB70780.1	18.81	108	82	7	15	122	153	253	3.5	19.9
Seq10017_374_bp_-1_1_0	AAA25966.1	23.76	118	77	17	5	115	112	219	3.9	20.3
Seq10017_374_bp_-1_1_0	AAA42531.1	26.80	105	71	8	12	113	285	384	4.8	19.1
Seq10017_374_bp_-1_1_0	CAA73529.1	26.88	103	68	10	10	110	13	107	5.1	18.5
Seq10017_374_bp_-1_1_0	AAA24142.1	21.43	125	88	13	2	121	300	416	6.3	18.9
Seq10017_374_bp_-1_1_0	AAA32624.1	23.15	122	83	14	4	113	356	475	6.4	19.1
Seq10017_374_bp_-1_1_0	CAA74140.1	26.09	123	85	8	4	124	611	727	6.5	19.9
Seq10017_374_bp_-1_1_0	AAA18786.1	28.57	128	75	23	4	124	142	253	6.5	18.1
Seq10017_374_bp_-1_1_0	AAF01122.1	26.67	120	77	15	6	122	104	211	6.9	18.5
Seq10017_374_bp_-1_1_0	ACH70904.1	18.56	113	79	16	2	112	143	241	7.6	18.3
Seq10017_374_bp_-1_1_0	AAA72732.1	21.50	114	84	7	8	115	149	261	9.8	17.7
Seq10017_374_bp_-1_1_0	BAB17681.1	18.58	118	92	5	10	124	149	264	9.8	17.5
Seq10017_374_bp_-1_2_0	BAA32956.1	19.64	120	90	8	2	119	87	200	0.029	25.6
Seq10017_374_bp_-1_2_0	AAA25966.1	27.27	126	80	16	9	122	284	405	0.033	27.2
Seq10017_374_bp_-1_2_0	CAA43372.1	23.21	129	86	17	5	121	233	356	0.48	22.6
Seq10017_374_bp_-1_2_0	AAR37016.1	24.00	110	76	10	19	123	944	1048	0.87	24.2
Seq10017_374_bp_-1_2_0	ABK71357.1	33.33	111	58	24	1	104	134	227	0.99	21.3
Seq10017_374_bp_-1_2_0	AAA24142.1	20.79	108	80	7	18	124	209	310	1.2	21.3
Seq10017_374_bp_-1_2_0	AAH69556.1	23.53	128	91	9	1	122	57	181	1.2	20.7
Seq10017_374_bp_-1_2_0	AEE27845.1	23.53	135	91	16	2	124	557	687	2.4	21.9
Seq10017_374_bp_-1_2_0	CAA26230.1	24.58	138	89	20	6	124	154	290	3	20.3
Seq10017_374_bp_-1_2_0	AAR31603.1	24.14	106	66	19	12	115	55	143	3.1	19.5
Seq10017_374_bp_-1_2_0	AAB96524.1	20.35	122	90	9	5	123	27	142	4	18.3
Seq10017_374_bp_-1_2_0	AAI27517.1	18.10	121	95	5	9	124	447	567	4.1	19.9
Seq10017_374_bp_-1_2_0	AAA32624.1	25.71	129	78	24	1	116	281	398	4.2	19.7
Seq10017_374_bp_-1_2_0	CAA73529.1	25.93	91	60	10	31	119	176	258	4.4	18.7
Seq10017_374_bp_-1_2_0	AAF01122.1	27.54	75	50	6	47	117	214	286	5.2	18.9
Seq10017_374_bp_-1_2_0	AAB64315.2	22.73	122	85	12	7	119	44	162	5.3	18.7
Seq10017_374_bp_-1_2_0	BAB79260.1	20.00	82	64	2	6	85	50	131	5.5	19.1
Seq10017_374_bp_-1_2_0	AAA45888.1	25.00	104	63	20	2	93	113	208	7	18.5
Seq10017_374_bp_-1_2_0	CAA74140.1	30.77	73	45	8	57	124	441	510	8.3	19.5
Seq10017_374_bp_-1_2_0	ABD49687.1	19.79	109	77	13	24	119	293	401	8.6	20.3
Seq10017_374_bp_-1_2_0	CAA11507.1	24.75	112	76	11	13	117	1147	1254	9	19.9
Seq10017_374_bp_-1_2_0	AAA26915.1	32.35	41	23	7	40	80	430	463	9.5	18.3
Seq10017_374_bp_-1_2_0	AAC17860.1	25.71	124	78	19	6	117	289	405	9.6	18.1
Seq10017_374_bp_-1_2_0	AAX12058.1	22.67	85	58	10	36	115	124	203	9.8	17.5
Seq10017_374_bp_-1_2_0	BAB70780.1	25.74	115	75	14	7	114	340	447	9.9	18.3
