Seq5487_145_bp_1_0_0	ENA|ABN10845|ABN10845.1	20.00	42	32	2	1	41	51	91	0.43	20.4
Seq5487_145_bp_1_0_0	ENA|ACH70901|ACH70901.1	33.33	37	22	4	3	39	145	177	0.71	20.4
Seq5487_145_bp_1_0_0	ENA|EDO47375|EDO47375.1	22.50	42	31	2	5	44	91	132	1.1	18.9
Seq5487_145_bp_1_0_0	ENA|AAB96524|AAB96524.1	20.51	41	31	2	4	42	19	59	1.3	18.6
Seq5487_145_bp_1_0_0	ENA|CAA36714|CAA36714.1	30.56	37	25	1	5	41	398	433	2.2	19.1
Seq5487_145_bp_1_0_0	ENA|AAC49865|AAC49865.1	24.44	46	34	1	1	46	205	249	3.8	17.8
Seq5487_145_bp_1_0_0	ENA|BAA32956|BAA32956.1	19.44	41	29	5	6	41	91	131	5.8	16.5
Seq5487_145_bp_1_0_0	ENA|AAA18786|AAA18786.1	26.32	40	28	2	11	48	86	125	6.1	16.8
Seq5487_145_bp_1_0_0	ENA|AAA42531|AAA42531.1	21.95	48	32	7	4	44	59	106	6.2	17.3
Seq5487_145_bp_1_0_0	ENA|AAR31603|AAR31603.1	25.00	36	24	4	6	40	143	175	6.3	17.1
Seq5487_145_bp_1_0_0	ENA|AAC97205|AAC97205.1	20.83	24	19	0	6	29	758	781	6.7	18.9
Seq5487_145_bp_1_0_0	ENA|BAB17681|BAB17681.1	27.27	46	32	2	2	45	195	240	7.4	16.5
Seq5487_145_bp_1_0_0	ENA|BAA32991|BAA32991.1	44.44	13	5	4	2	14	24	32	7.7	14.5
Seq5487_145_bp_1_0_0	ENA|ABD49687|ABD49687.1	32.26	36	21	5	6	36	681	716	9.1	18.9
Seq5487_145_bp_1_0_0	ENA|AAA32624|AAA32624.1	21.95	42	32	1	6	47	281	321	9.7	17.1
Seq5487_145_bp_1_1_0	ENA|AAC49865|AAC49865.1	100.00	48	0	0	1	48	18	65	1.9e-19	82.0
Seq5487_145_bp_1_1_0	ENA|BAA32991|BAA32991.1	27.78	40	26	4	8	47	14	49	0.76	17.9
Seq5487_145_bp_1_1_0	ENA|AAB26998|AAB26998.1	27.27	22	16	0	9	30	26	47	2.3	16.5
Seq5487_145_bp_1_1_0	ENA|AAR37016|AAR37016.1	34.38	38	21	6	5	39	1553	1587	4.4	20.5
Seq5487_145_bp_1_1_0	ENA|AAI27517|AAI27517.1	26.47	34	25	0	8	41	430	463	7.3	17.7
Seq5487_145_bp_1_1_0	ENA|BAA32956|BAA32956.1	26.32	46	28	8	2	46	7	45	7.9	16.1
Seq5487_145_bp_1_2_0	ENA|ABD33854|ABD33854.1	33.33	21	12	3	22	39	41	61	0.58	18.2
Seq5487_145_bp_1_2_0	ENA|AAI27517|AAI27517.1	37.50	24	15	0	12	35	541	564	1.3	20.2
Seq5487_145_bp_1_2_0	ENA|AAA42531|AAA42531.1	31.25	44	22	12	9	40	157	200	3.4	18.2
Seq5487_145_bp_1_2_0	ENA|BAA32991|BAA32991.1	23.33	33	23	3	4	33	37	69	3.8	15.5
Seq5487_145_bp_1_2_0	ENA|BAA32956|BAA32956.1	24.44	48	34	3	3	47	38	85	4.6	16.8
Seq5487_145_bp_1_2_0	ENA|CAA26939|CAA26939.1	30.30	35	23	2	4	38	536	568	7.7	17.5
Seq5487_145_bp_1_2_0	ENA|CAA26023|CAA26023.1	17.07	45	34	4	2	42	85	129	9.3	16.6
Seq5487_145_bp_1_2_0	ENA|AAA36539|AAA36539.1	30.00	33	21	3	15	46	332	362	9.9	16.8
Seq5487_145_bp_-1_0_0	ENA|AAI27517|AAI27517.1	25.00	50	36	2	1	48	151	200	0.094	24.0
Seq5487_145_bp_-1_0_0	ENA|AAR31603|AAR31603.1	29.73	38	26	1	2	39	132	168	0.13	22.7
Seq5487_145_bp_-1_0_0	ENA|CAA26023|CAA26023.1	21.21	33	26	0	13	45	189	221	0.59	20.8
Seq5487_145_bp_-1_0_0	ENA|BAA32956|BAA32956.1	22.86	40	27	5	14	48	154	193	1.5	18.6
Seq5487_145_bp_-1_0_0	ENA|AAA25966|AAA25966.1	30.30	35	23	2	13	47	615	647	1.6	20.2
Seq5487_145_bp_-1_0_0	ENA|ABN10845|ABN10845.1	21.43	46	33	4	2	43	92	137	2.2	18.0
Seq5487_145_bp_-1_0_0	ENA|ABD49687|ABD49687.1	28.57	40	25	5	11	45	813	852	3.1	20.5
Seq5487_145_bp_-1_0_0	ENA|AAC97205|AAC97205.1	31.82	57	30	13	1	45	885	940	3.3	20.0
Seq5487_145_bp_-1_0_0	ENA|AAF79734|AAF79734.1	21.88	32	25	0	10	41	1409	1440	3.8	20.0
Seq5487_145_bp_-1_0_0	ENA|CAA73529|CAA73529.1	30.30	35	23	2	11	43	99	133	3.9	17.5
Seq5487_145_bp_-1_0_0	ENA|ABK71357|ABK71357.1	25.58	45	32	2	2	46	262	304	4.4	17.8
Seq5487_145_bp_-1_0_0	ENA|AAA36539|AAA36539.1	22.86	35	27	0	12	46	35	69	4.7	18.0
Seq5487_145_bp_-1_0_0	ENA|BAA32018|BAA32018.1	30.77	45	27	6	5	43	493	537	6.1	18.0
Seq5487_145_bp_-1_0_0	ENA|AAB66912|AAB66912.1	15.56	46	38	1	2	47	1	45	6.2	18.6
Seq5487_145_bp_-1_0_0	ENA|CAA24711|CAA24711.1	33.33	32	20	2	16	47	33	62	7.5	15.9
Seq5487_145_bp_-1_0_0	ENA|AAC78721|AAC78721.1	25.00	33	24	1	15	47	297	328	7.7	17.8
Seq5487_145_bp_-1_0_0	ENA|ACH70901|ACH70901.1	29.63	29	19	2	8	36	175	201	8.7	16.7
Seq5487_145_bp_-1_0_0	ENA|AAQ92751|AAQ92751.2	27.78	40	26	4	2	40	1324	1360	8.9	18.6
Seq5487_145_bp_-1_0_0	ENA|BAB17681|BAB17681.1	25.00	16	12	0	14	29	111	126	9.6	16.1
Seq5487_145_bp_-1_0_0	ENA|CAA29968|CAA29968.1	22.22	37	28	1	11	46	83	119	9.9	15.6
Seq5487_145_bp_-1_1_0	ENA|AAR37016|AAR37016.1	37.50	52	25	12	4	44	81	131	0.11	25.8
Seq5487_145_bp_-1_1_0	ENA|ACT10338|ACT10338.1	27.50	46	29	6	8	48	39	83	0.36	21.5
Seq5487_145_bp_-1_1_0	ENA|CAA73529|CAA73529.1	23.68	40	29	2	11	48	125	164	0.54	20.4
Seq5487_145_bp_-1_1_0	ENA|CAA26939|CAA26939.1	40.62	41	19	9	10	45	540	576	1.1	20.4
Seq5487_145_bp_-1_1_0	ENA|CAA29956|CAA29956.1	30.56	44	25	8	5	43	339	379	1.3	19.6
Seq5487_145_bp_-1_1_0	ENA|ABD49687|ABD49687.1	36.59	50	26	9	2	48	765	808	1.3	21.8
Seq5487_145_bp_-1_1_0	ENA|BAA32018|BAA32018.1	38.46	27	16	1	11	36	108	134	1.8	19.9
Seq5487_145_bp_-1_1_0	ENA|AAR31603|AAR31603.1	24.44	48	34	3	4	48	133	180	2	18.8
Seq5487_145_bp_-1_1_0	ENA|AAA24145|AAA24145.1	25.71	35	26	0	12	46	143	177	2.3	19.1
Seq5487_145_bp_-1_1_0	ENA|ABG75784|ABG75784.1	40.74	35	16	8	6	32	272	306	2.7	18.2
Seq5487_145_bp_-1_1_0	ENA|AAA42531|AAA42531.1	21.62	47	29	10	1	37	50	96	2.8	18.5
Seq5487_145_bp_-1_1_0	ENA|AAC49865|AAC49865.1	29.63	27	19	0	13	39	8	34	2.8	18.2
Seq5487_145_bp_-1_1_0	ENA|AAC97205|AAC97205.1	30.95	50	29	8	5	48	133	180	2.9	20.1
Seq5487_145_bp_-1_1_0	ENA|CAA45708|CAA45708.1	24.44	46	34	1	3	48	209	253	2.9	20.4
Seq5487_145_bp_-1_1_0	ENA|ABD33854|ABD33854.1	26.19	52	31	10	1	42	11	62	3	15.8
Seq5487_145_bp_-1_1_0	ENA|AAC40132|AAC40132.1	30.30	34	23	1	16	48	94	127	3.4	18.5
Seq5487_145_bp_-1_1_0	ENA|AAA18786|AAA18786.1	24.32	39	28	2	4	41	150	187	4	17.4
Seq5487_145_bp_-1_1_0	ENA|AAA32624|AAA32624.1	22.22	40	28	4	2	41	447	482	4.5	18.2
Seq5487_145_bp_-1_1_0	ENA|CAA36214|CAA36214.1	22.50	42	31	2	1	42	136	175	4.5	17.4
Seq5487_145_bp_-1_1_0	ENA|CAD53387|CAD53387.1	42.86	14	8	0	35	48	8	21	5.1	18.0
Seq5487_145_bp_-1_1_0	ENA|CAL82360|CAL82360.1	26.47	36	25	2	6	41	1035	1068	5.1	19.3
Seq5487_145_bp_-1_1_0	ENA|BAA32991|BAA32991.1	35.29	18	11	1	30	46	4	21	5.5	15.0
Seq5487_145_bp_-1_1_0	ENA|AAB03707|AAB03707.1	22.86	37	27	2	11	47	376	410	5.5	19.3
Seq5487_145_bp_-1_1_0	ENA|CAA43419|CAA43419.1	17.65	40	28	6	8	47	197	230	6.5	17.2
Seq5487_145_bp_-1_1_0	ENA|BAB17681|BAB17681.1	20.93	46	34	3	5	47	149	194	7	16.6
Seq5487_145_bp_-1_1_0	ENA|CAA11507|CAA11507.1	37.93	31	18	2	17	45	1093	1123	7.7	18.8
Seq5487_145_bp_-1_1_0	ENA|AAC78721|AAC78721.1	18.60	43	35	0	1	43	189	231	8.1	17.7
Seq5487_145_bp_-1_1_0	ENA|AAF79734|AAF79734.1	34.29	47	23	12	2	48	1052	1086	8.2	18.8
Seq5487_145_bp_-1_1_0	ENA|AAB96524|AAB96524.1	43.48	24	13	1	6	29	159	181	8.2	15.8
Seq5487_145_bp_-1_1_0	ENA|AAA25966|AAA25966.1	21.74	49	36	3	2	48	74	121	8.6	17.7
Seq5487_145_bp_-1_1_0	ENA|ACH70901|ACH70901.1	20.45	49	35	5	3	48	201	247	9	16.6
Seq5487_145_bp_-1_1_0	ENA|AAC08817|AAC08817.1	28.57	37	25	2	8	43	86	121	9.9	15.3
Seq5487_145_bp_-1_2_0	ENA|ABG75784|ABG75784.1	30.30	34	23	1	15	47	195	228	0.44	20.9
Seq5487_145_bp_-1_2_0	ENA|AAA72732|AAA72732.1	20.00	36	28	1	7	41	204	239	0.78	20.0
Seq5487_145_bp_-1_2_0	ENA|ABN10845|ABN10845.1	25.00	28	21	0	2	29	10	37	1.2	18.9
Seq5487_145_bp_-1_2_0	ENA|BAB79260|BAB79260.1	31.43	35	24	0	9	43	271	305	1.4	19.8
Seq5487_145_bp_-1_2_0	ENA|AAS77176|AAS77176.1	30.00	20	14	0	24	43	1	20	1.9	18.7
Seq5487_145_bp_-1_2_0	ENA|ABD33854|ABD33854.1	19.44	37	29	1	7	43	3	38	1.9	16.4
Seq5487_145_bp_-1_2_0	ENA|CAA45199|CAA45199.1	22.50	43	31	3	7	46	390	432	2.5	18.9
Seq5487_145_bp_-1_2_0	ENA|BAA32956|BAA32956.1	44.44	19	10	1	19	37	82	99	2.9	17.5
Seq5487_145_bp_-1_2_0	ENA|BAB17681|BAB17681.1	18.92	39	30	2	9	47	31	67	3.1	17.8
Seq5487_145_bp_-1_2_0	ENA|CAA73529|CAA73529.1	27.03	41	27	4	1	41	17	53	3.1	17.8
Seq5487_145_bp_-1_2_0	ENA|CAL82360|CAL82360.1	25.81	32	23	1	16	47	107	137	3.1	20.0
Seq5487_145_bp_-1_2_0	ENA|AAA25966|AAA25966.1	27.78	18	13	0	13	30	309	326	3.1	19.2
Seq5487_145_bp_-1_2_0	ENA|CAA28033|CAA28033.1	18.75	32	26	0	2	33	713	744	3.8	19.8
Seq5487_145_bp_-1_2_0	ENA|EDO47375|EDO47375.1	25.00	33	21	5	1	28	97	129	4.6	16.7
Seq5487_145_bp_-1_2_0	ENA|AAC78721|AAC78721.1	25.00	41	30	1	2	41	625	665	5.1	18.4
Seq5487_145_bp_-1_2_0	ENA|AAC49865|AAC49865.1	23.08	29	20	3	10	38	42	67	5.4	17.3
Seq5487_145_bp_-1_2_0	ENA|AAA42531|AAA42531.1	20.59	35	27	1	1	34	89	123	6.3	17.3
Seq5487_145_bp_-1_2_0	ENA|AAI27517|AAI27517.1	22.50	43	31	3	2	41	153	195	6.5	17.8
Seq5487_145_bp_-1_2_0	ENA|CAB75732|CAB75732.1	25.00	49	33	5	4	47	583	631	7.1	18.7
Seq5487_145_bp_-1_2_0	ENA|CAA26023|CAA26023.1	28.57	29	20	1	4	32	37	64	7.4	17.0
Seq5487_145_bp_-1_2_0	ENA|AAB66912|AAB66912.1	41.18	17	10	0	6	22	769	785	8.3	18.1
Seq5487_145_bp_-1_2_0	ENA|BAA32018|BAA32018.1	22.86	40	27	5	2	41	167	201	9.8	17.3
Seq5487_145_bp_-1_2_0	ENA|ACH70901|ACH70901.1	33.33	13	8	1	5	17	94	105	10	16.4
