Seq7960_291_bp_1_0_0	ENA|AAC26660|AAC26660.1	53.33	15	7	0	73	87	165	179	0.16	23.1
Seq7960_291_bp_1_0_0	ENA|AAC40132|AAC40132.1	41.67	12	7	0	12	23	43	54	1.6	20.7
Seq7960_291_bp_1_0_0	ENA|ABG75784|ABG75784.1	21.74	23	18	0	19	41	98	120	2.8	19.2
Seq7960_291_bp_1_0_0	ENA|AAA36114|AAA36114.1	22.64	55	41	2	28	80	174	228	3.2	19.7
Seq7960_291_bp_1_0_0	ENA|AAC49865|AAC49865.1	35.71	14	9	0	1	14	163	176	4	18.7
Seq7960_291_bp_1_0_0	ENA|ABN10845|ABN10845.1	45.45	11	6	0	39	49	25	35	5.1	17.8
Seq7960_291_bp_1_0_0	ENA|EDO47375|EDO47375.1	36.36	23	14	1	72	94	99	120	6.1	17.3
Seq7960_291_bp_1_0_0	ENA|CAA24711|CAA24711.1	29.63	27	19	0	18	44	65	91	7.7	16.8
Seq7960_291_bp_1_0_0	ENA|CAA73529|CAA73529.1	60.00	10	4	0	82	91	74	83	8.7	17.3
Seq7960_291_bp_1_1_0	ENA|BAA32991|BAA32991.1	77.78	12	2	3	27	35	23	34	0.23	20.7
Seq7960_291_bp_1_1_0	ENA|AAR37016|AAR37016.1	20.00	25	20	0	55	79	942	966	0.57	24.4
Seq7960_291_bp_1_1_0	ENA|AAA25966|AAA25966.1	53.33	16	7	1	79	93	232	247	0.65	22.6
Seq7960_291_bp_1_1_0	ENA|AAS77176|AAS77176.1	31.25	16	11	0	44	59	172	187	1.8	19.7
Seq7960_291_bp_1_1_0	ENA|ACH70901|ACH70901.1	45.45	11	6	0	24	34	140	150	3.1	19.3
Seq7960_291_bp_1_1_0	ENA|AAB26998|AAB26998.1	75.00	4	1	0	47	50	44	47	4.7	16.4
Seq7960_291_bp_1_1_0	ENA|CAA29956|CAA29956.1	29.17	24	17	0	67	90	285	308	6	18.3
Seq7960_291_bp_1_1_0	ENA|AAC40132|AAC40132.1	44.44	9	5	0	14	22	427	435	7.5	18.3
Seq7960_291_bp_1_1_0	ENA|CAA36714|CAA36714.1	36.36	11	7	0	3	13	374	384	10	17.8
Seq7960_291_bp_1_2_0	ENA|CAB75732|CAB75732.1	100.00	96	0	0	1	96	435	530	9.9e-65	235.2
Seq7960_291_bp_1_2_0	ENA|AAC17860|AAC17860.1	36.67	30	19	0	45	74	16	45	0.072	24.9
Seq7960_291_bp_1_2_0	ENA|CAA26939|CAA26939.1	29.17	24	17	0	1	24	248	271	0.43	22.8
Seq7960_291_bp_1_2_0	ENA|AAQ92751|AAQ92751.2	18.42	38	31	0	30	67	930	967	1.5	22.3
Seq7960_291_bp_1_2_0	ENA|AAF79734|AAF79734.1	54.55	11	5	0	14	24	1279	1289	2.2	21.8
Seq7960_291_bp_1_2_0	ENA|BAA32018|BAA32018.1	43.75	16	9	0	31	46	16	31	2.8	20.2
Seq7960_291_bp_1_2_0	ENA|CAA45708|CAA45708.1	27.27	34	24	1	61	94	1278	1310	3.3	21.2
Seq7960_291_bp_1_2_0	ENA|BAA36759|BAA36759.1	33.33	28	18	1	39	66	218	244	3.8	18.6
Seq7960_291_bp_1_2_0	ENA|CAL82360|CAL82360.1	20.00	20	16	0	71	90	283	302	4	20.7
Seq7960_291_bp_1_2_0	ENA|CAA36214|CAA36214.1	17.65	52	42	1	46	96	63	114	4	18.6
Seq7960_291_bp_1_2_0	ENA|CAA11507|CAA11507.1	18.18	44	36	0	19	62	627	670	4.2	20.7
Seq7960_291_bp_1_2_0	ENA|CAA36714|CAA36714.1	50.00	14	7	0	17	30	413	426	4.3	19.1
Seq7960_291_bp_1_2_0	ENA|ABG75784|ABG75784.1	40.74	29	16	2	47	75	13	39	5.9	18.1
Seq7960_291_bp_1_2_0	ENA|ABN10845|ABN10845.1	20.00	47	36	2	45	89	125	171	5.9	17.6
Seq7960_291_bp_1_2_0	ENA|CCP43727|CCP43727.1	18.42	38	31	0	12	49	293	330	6.1	18.1
Seq7960_291_bp_1_2_0	ENA|EDO47375|EDO47375.1	35.00	20	13	0	16	35	15	34	7.2	17.0
Seq7960_291_bp_1_2_0	ENA|BAA32991|BAA32991.1	50.00	8	4	0	49	56	51	58	7.8	15.5
Seq7960_291_bp_1_2_0	ENA|AAC49865|AAC49865.1	27.27	22	16	0	66	87	83	104	8.6	17.6
Seq7960_291_bp_1_2_0	ENA|AAA36114|AAA36114.1	25.81	32	23	1	15	45	374	405	9.3	18.1
Seq7960_291_bp_1_2_0	ENA|AAC26660|AAC26660.1	27.27	24	16	2	60	81	64	87	9.6	17.0
Seq7960_291_bp_-1_0_0	ENA|AAA25966|AAA25966.1	60.00	10	4	0	40	49	151	160	0.93	22.0
Seq7960_291_bp_-1_0_0	ENA|AAS77176|AAS77176.1	31.58	19	13	0	28	46	104	122	1.6	20.0
Seq7960_291_bp_-1_0_0	ENA|CAL82360|CAL82360.1	21.43	30	22	2	20	49	226	253	1.6	22.0
Seq7960_291_bp_-1_0_0	ENA|BAB79260|BAB79260.1	55.56	9	4	0	36	44	235	243	1.7	20.5
Seq7960_291_bp_-1_0_0	ENA|CAA45199|CAA45199.1	50.00	10	5	0	47	56	20	29	2.5	20.0
Seq7960_291_bp_-1_0_0	ENA|AAR37016|AAR37016.1	50.00	12	6	0	8	19	1571	1582	3	22.0
Seq7960_291_bp_-1_0_0	ENA|CAA28033|CAA28033.1	29.41	17	12	0	46	62	72	88	3.4	21.0
Seq7960_291_bp_-1_0_0	ENA|AAA72732|AAA72732.1	26.67	30	22	0	25	54	85	114	3.4	18.9
Seq7960_291_bp_-1_0_0	ENA|AAB66912|AAB66912.1	22.22	27	21	0	67	93	901	927	3.5	20.5
Seq7960_291_bp_-1_0_0	ENA|CAA11507|CAA11507.1	28.00	25	18	0	38	62	555	579	3.5	21.0
Seq7960_291_bp_-1_0_0	ENA|ACT10338|ACT10338.1	30.77	13	9	0	35	47	30	42	4.2	18.9
Seq7960_291_bp_-1_0_0	ENA|BAA36759|BAA36759.1	35.71	14	9	0	39	52	75	88	4.5	18.4
Seq7960_291_bp_-1_0_0	ENA|CAA26023|CAA26023.1	30.77	13	9	0	81	93	194	206	8.3	17.9
Seq7960_291_bp_-1_0_0	ENA|CAA73529|CAA73529.1	29.41	17	12	0	26	42	7	23	8.5	17.3
Seq7960_291_bp_-1_0_0	ENA|CAA36214|CAA36214.1	66.67	6	2	0	72	77	287	292	9.3	17.3
Seq7960_291_bp_-1_0_0	ENA|AAC49865|AAC49865.1	33.33	12	8	0	61	72	126	137	10	17.3
Seq7960_291_bp_-1_1_0	ENA|CAA26023|CAA26023.1	40.91	22	13	0	12	33	56	77	0.042	25.6
Seq7960_291_bp_-1_1_0	ENA|AAR37016|AAR37016.1	37.50	16	10	0	71	86	1569	1584	0.53	24.5
Seq7960_291_bp_-1_1_0	ENA|ABG75784|ABG75784.1	35.29	18	11	1	26	43	296	312	0.59	21.5
Seq7960_291_bp_-1_1_0	ENA|ACH70901|ACH70901.1	39.13	23	14	0	50	72	156	178	0.97	21.0
Seq7960_291_bp_-1_1_0	ENA|EDO47375|EDO47375.1	23.81	21	16	0	18	38	58	78	1.5	19.4
Seq7960_291_bp_-1_1_0	ENA|ACT10338|ACT10338.1	36.67	30	19	0	37	66	37	66	1.5	20.4
Seq7960_291_bp_-1_1_0	ENA|BAA36759|BAA36759.1	46.67	15	8	0	53	67	32	46	2.2	19.4
Seq7960_291_bp_-1_1_0	ENA|BAA32991|BAA32991.1	33.33	12	8	0	61	72	22	33	6.1	15.8
Seq7960_291_bp_-1_1_0	ENA|BAA32956|BAA32956.1	57.14	7	3	0	80	86	131	137	6.5	17.4
Seq7960_291_bp_-1_1_0	ENA|CAL82360|CAL82360.1	34.78	26	15	3	25	47	353	378	6.7	19.9
Seq7960_291_bp_-1_1_0	ENA|CAA26939|CAA26939.1	31.58	21	13	2	16	36	276	294	8.5	18.4
Seq7960_291_bp_-1_1_0	ENA|ABN10845|ABN10845.1	46.15	13	7	0	49	61	70	82	9.3	16.9
Seq7960_291_bp_-1_1_0	ENA|CAA28033|CAA28033.1	24.00	52	38	2	39	89	514	564	9.4	19.4
Seq7960_291_bp_-1_1_0	ENA|BAB79260|BAB79260.1	26.67	15	11	0	73	87	168	182	9.5	17.9
Seq7960_291_bp_-1_1_0	ENA|CAA36714|CAA36714.1	71.43	7	2	0	61	67	329	335	9.8	17.9
Seq7960_291_bp_-1_2_0	ENA|AAR31603|AAR31603.1	62.50	17	6	1	50	66	292	307	0.095	24.2
Seq7960_291_bp_-1_2_0	ENA|AAR31603|AAR31603.1	66.67	17	5	2	51	65	265	281	0.29	22.6
Seq7960_291_bp_-1_2_0	ENA|BAA05866|BAA05866.1	30.61	49	34	0	33	81	232	280	0.19	23.1
Seq7960_291_bp_-1_2_0	ENA|ABD33854|ABD33854.1	50.00	10	5	0	2	11	5	14	1	18.4
Seq7960_291_bp_-1_2_0	ENA|AAA36114|AAA36114.1	36.36	22	14	0	41	62	51	72	1.3	21.0
Seq7960_291_bp_-1_2_0	ENA|AAS77176|AAS77176.1	33.33	24	16	0	56	79	12	35	1.6	19.9
Seq7960_291_bp_-1_2_0	ENA|CAA26023|CAA26023.1	31.82	22	15	0	7	28	86	107	2.1	19.9
Seq7960_291_bp_-1_2_0	ENA|ABN10845|ABN10845.1	25.00	16	12	0	18	33	93	108	2.4	18.9
Seq7960_291_bp_-1_2_0	ENA|AAC49865|AAC49865.1	36.84	19	12	0	34	52	219	237	2.5	19.4
Seq7960_291_bp_-1_2_0	ENA|CAA29968|CAA29968.1	37.50	8	5	0	86	93	16	23	3.1	18.4
Seq7960_291_bp_-1_2_0	ENA|AAC17860|AAC17860.1	40.00	10	6	0	11	20	340	349	3.2	19.4
Seq7960_291_bp_-1_2_0	ENA|BAA32018|BAA32018.1	25.00	28	21	0	45	72	432	459	3.3	19.9
Seq7960_291_bp_-1_2_0	ENA|AAA24145|AAA24145.1	45.45	11	6	0	74	84	43	53	3.5	19.4
Seq7960_291_bp_-1_2_0	ENA|AAA72732|AAA72732.1	38.89	18	11	0	68	85	3	20	4.9	18.4
Seq7960_291_bp_-1_2_0	ENA|CAA36714|CAA36714.1	40.00	15	9	0	55	69	78	92	5.1	18.9
Seq7960_291_bp_-1_2_0	ENA|CCP43727|CCP43727.1	21.43	28	22	0	35	62	288	315	5.2	18.4
Seq7960_291_bp_-1_2_0	ENA|CAA26939|CAA26939.1	50.00	10	5	0	42	51	280	289	6.2	18.9
Seq7960_291_bp_-1_2_0	ENA|AAI27517|AAI27517.1	60.00	10	4	0	21	30	440	449	6.4	18.9
Seq7960_291_bp_-1_2_0	ENA|BAA32991|BAA32991.1	33.33	12	8	0	83	94	41	52	6.7	15.7
Seq7960_291_bp_-1_2_0	ENA|AAB66912|AAB66912.1	40.00	15	9	0	51	65	922	936	6.9	19.4
Seq7960_291_bp_-1_2_0	ENA|ABG75784|ABG75784.1	23.81	21	16	0	46	66	10	30	7	17.8
Seq7960_291_bp_-1_2_0	ENA|AAB26998|AAB26998.1	42.86	7	4	0	74	80	53	59	7.6	15.7
Seq7960_291_bp_-1_2_0	ENA|AAC26660|AAC26660.1	15.62	33	27	1	52	84	56	87	8.1	17.3
Seq7960_291_bp_-1_2_0	ENA|AAA18786|AAA18786.1	50.00	11	5	1	67	76	4	14	8.5	17.3
Seq7960_291_bp_-1_2_0	ENA|EDO47375|EDO47375.1	27.27	22	16	0	1	22	110	131	8.6	16.8
Seq7960_291_bp_-1_2_0	ENA|CAA11507|CAA11507.1	41.18	17	10	0	41	57	41	57	9.8	19.4
