Seq7829_264_bp_1_0_0	ENA|AAF79734|AAF79734.1	100.00	88	0	0	1	88	156	243	9.1e-45	169.1
Seq7829_264_bp_1_0_0	ENA|ABK71357|ABK71357.1	45.00	20	11	0	23	42	61	80	0.33	22.4
Seq7829_264_bp_1_0_0	ENA|BAA36759|BAA36759.1	29.41	58	36	7	16	73	30	80	0.85	20.7
Seq7829_264_bp_1_0_0	ENA|CAA73529|CAA73529.1	24.39	41	31	0	17	57	60	100	1.2	20.1
Seq7829_264_bp_1_0_0	ENA|AAA24145|AAA24145.1	20.69	61	46	3	13	73	342	399	2.5	19.8
Seq7829_264_bp_1_0_0	ENA|AAA18786|AAA18786.1	37.50	24	15	0	18	41	55	78	3.8	18.4
Seq7829_264_bp_1_0_0	ENA|AAC26660|AAC26660.1	43.75	16	9	0	39	54	27	42	4.5	18.1
Seq7829_264_bp_1_0_0	ENA|AAR37016|AAR37016.1	55.00	21	9	1	28	48	36	55	4.5	21.3
Seq7829_264_bp_1_1_0	ENA|CAA26023|CAA26023.1	34.55	64	36	9	15	72	117	177	1.4	20.4
Seq7829_264_bp_1_1_0	ENA|AAC49865|AAC49865.1	25.81	32	23	1	47	77	25	56	5.8	18.0
Seq7829_264_bp_1_1_0	ENA|ABK71357|ABK71357.1	35.29	17	11	0	14	30	134	150	6.6	18.0
Seq7829_264_bp_1_1_0	ENA|AAB96524|AAB96524.1	33.33	28	18	1	24	51	125	151	8.8	16.6
Seq7829_264_bp_1_1_0	ENA|EDO47375|EDO47375.1	32.76	65	39	7	26	86	83	144	9	16.6
Seq7829_264_bp_1_2_0	ENA|BAA32991|BAA32991.1	50.00	19	8	3	33	48	42	60	0.68	18.9
Seq7829_264_bp_1_2_0	ENA|AAB26998|AAB26998.1	25.81	34	23	3	15	48	43	73	0.95	18.6
Seq7829_264_bp_1_2_0	ENA|CAA45199|CAA45199.1	26.09	76	51	7	4	76	384	455	2.1	20.1
Seq7829_264_bp_1_2_0	ENA|AAC78721|AAC78721.1	25.71	36	26	1	13	47	92	127	3.6	19.8
Seq7829_264_bp_1_2_0	ENA|ABD33854|ABD33854.1	66.67	6	2	0	34	39	42	47	4.4	16.1
Seq7829_264_bp_1_2_0	ENA|AAR37016|AAR37016.1	39.13	24	14	1	35	58	276	298	6.7	20.7
Seq7829_264_bp_1_2_0	ENA|AAQ92751|AAQ92751.2	34.29	43	23	8	3	37	1293	1335	7.1	19.8
Seq7829_264_bp_1_2_0	ENA|AAC97205|AAC97205.1	25.93	27	20	0	2	28	558	584	7.7	19.5
Seq7829_264_bp_1_2_0	ENA|AAC26660|AAC26660.1	23.68	39	29	1	30	67	180	218	7.8	17.2
Seq7829_264_bp_1_2_0	ENA|CAA26939|CAA26939.1	41.18	17	10	0	47	63	471	487	9.5	18.1
Seq7829_264_bp_1_2_0	ENA|AAA42531|AAA42531.1	36.84	23	12	4	64	82	155	177	9.6	17.5
Seq7829_264_bp_1_2_0	ENA|AAA25966|AAA25966.1	46.15	29	14	3	20	47	434	460	9.8	18.4
Seq7829_264_bp_-1_0_0	ENA|AAA42531|AAA42531.1	34.00	53	33	3	26	77	297	347	0.64	21.5
Seq7829_264_bp_-1_0_0	ENA|CAA73529|CAA73529.1	53.85	14	6	1	3	15	38	51	3.1	18.7
Seq7829_264_bp_-1_0_0	ENA|AAC49865|AAC49865.1	28.57	35	25	0	25	59	37	71	3.7	18.7
Seq7829_264_bp_-1_0_0	ENA|AAR31603|AAR31603.1	30.23	57	30	14	4	49	142	195	7.7	17.6
Seq7829_264_bp_-1_0_0	ENA|ACH70901|ACH70901.1	35.71	14	9	0	9	22	96	109	10	17.3
Seq7829_264_bp_-1_1_0	ENA|AAA24145|AAA24145.1	32.73	60	37	5	12	67	393	451	0.024	26.5
Seq7829_264_bp_-1_1_0	ENA|AAA42531|AAA42531.1	37.21	53	27	10	36	87	220	263	0.31	22.6
Seq7829_264_bp_-1_1_0	ENA|ABK71357|ABK71357.1	29.17	56	34	8	33	86	278	327	2.8	19.3
Seq7829_264_bp_-1_1_0	ENA|AAA36114|AAA36114.1	32.89	88	51	12	1	85	65	143	3.1	19.6
Seq7829_264_bp_-1_1_0	ENA|AAF79734|AAF79734.1	26.09	47	34	1	37	82	165	211	3.2	21.1
Seq7829_264_bp_-1_1_0	ENA|AAA72732|AAA72732.1	26.76	80	52	9	2	81	130	200	4.4	18.4
Seq7829_264_bp_-1_1_0	ENA|AAC26660|AAC26660.1	31.82	75	45	9	14	82	61	132	4.4	18.1
Seq7829_264_bp_-1_1_0	ENA|AAC17860|AAC17860.1	25.00	91	63	7	1	84	100	190	4.6	18.7
Seq7829_264_bp_-1_1_0	ENA|CAA11507|CAA11507.1	35.56	50	29	5	40	86	748	795	5.4	20.2
Seq7829_264_bp_-1_1_0	ENA|BAA32956|BAA32956.1	22.00	55	39	5	31	82	84	136	6.6	17.2
Seq7829_264_bp_-1_1_0	ENA|ABD33854|ABD33854.1	37.50	24	15	0	34	57	20	43	6.9	15.4
Seq7829_264_bp_-1_1_0	ENA|BAA05866|BAA05866.1	43.33	37	17	7	42	74	160	193	7.8	17.5
Seq7829_264_bp_-1_1_0	ENA|CAA73529|CAA73529.1	34.38	38	21	6	32	67	241	274	8.4	17.2
Seq7829_264_bp_-1_1_0	ENA|ACT10338|ACT10338.1	35.71	14	9	0	31	44	126	139	9.6	17.5
Seq7829_264_bp_-1_2_0	ENA|CAB75732|CAB75732.1	27.42	66	45	4	8	73	165	226	0.093	25.9
Seq7829_264_bp_-1_2_0	ENA|CAA26023|CAA26023.1	28.57	69	45	6	17	83	201	265	0.2	23.2
Seq7829_264_bp_-1_2_0	ENA|AAI27517|AAI27517.1	24.24	68	50	2	20	85	323	390	0.47	22.6
Seq7829_264_bp_-1_2_0	ENA|AAC49865|AAC49865.1	23.40	47	36	0	19	65	239	285	0.73	21.1
Seq7829_264_bp_-1_2_0	ENA|CAA45708|CAA45708.1	23.19	71	53	2	10	78	1173	1243	1.2	22.6
Seq7829_264_bp_-1_2_0	ENA|CAA28033|CAA28033.1	21.31	62	48	1	1	61	726	787	2.3	21.4
Seq7829_264_bp_-1_2_0	ENA|AAC40132|AAC40132.1	36.59	50	26	9	1	48	72	114	2.4	19.9
Seq7829_264_bp_-1_2_0	ENA|AAB03707|AAB03707.1	16.87	85	69	2	4	86	960	1044	3	21.1
Seq7829_264_bp_-1_2_0	ENA|ABD49687|ABD49687.1	44.44	18	10	0	69	86	1606	1623	3	21.4
Seq7829_264_bp_-1_2_0	ENA|AAF79734|AAF79734.1	27.66	48	34	1	18	65	336	382	3.9	20.8
Seq7829_264_bp_-1_2_0	ENA|AAA36539|AAA36539.1	52.94	17	8	0	40	56	194	210	7.9	18.1
Seq7829_264_bp_-1_2_0	ENA|BAA32018|BAA32018.1	33.96	58	35	5	30	83	516	572	8.4	18.4
Seq7829_264_bp_-1_2_0	ENA|CAA24711|CAA24711.1	21.54	68	51	3	19	83	61	128	9.8	16.3
