Seq7651_250_bp_1_0_0	ENA|AAR37016|AAR37016.1	100.00	83	0	0	1	83	1901	1983	6.6e-64	233.3
Seq7651_250_bp_1_0_0	ENA|BAB79260|BAB79260.1	36.84	19	12	0	2	20	54	72	1.1	20.9
Seq7651_250_bp_1_0_0	ENA|AAA18786|AAA18786.1	77.78	9	2	0	64	72	109	117	4.1	18.2
Seq7651_250_bp_1_0_0	ENA|BAA32991|BAA32991.1	22.22	9	7	0	31	39	24	32	4.7	16.0
Seq7651_250_bp_1_0_0	ENA|ABN10845|ABN10845.1	33.33	15	10	0	35	49	19	33	4.9	17.6
Seq7651_250_bp_1_0_0	ENA|AAC08817|AAC08817.1	75.00	8	2	0	70	77	28	35	5.1	17.1
Seq7651_250_bp_1_0_0	ENA|AAB96524|AAB96524.1	27.27	11	8	0	33	43	56	66	6	17.1
Seq7651_250_bp_1_0_0	ENA|CAA26939|CAA26939.1	38.46	27	16	1	29	54	288	314	6	18.7
Seq7651_250_bp_1_0_0	ENA|AAB66912|AAB66912.1	57.14	7	3	0	2	8	815	821	6.7	19.3
Seq7651_250_bp_1_0_0	ENA|CAA36214|CAA36214.1	50.00	16	8	0	17	32	78	93	6.7	17.6
Seq7651_250_bp_1_0_0	ENA|CCP43727|CCP43727.1	55.56	19	8	1	66	83	171	189	7.2	17.6
Seq7651_250_bp_1_0_0	ENA|ABD33854|ABD33854.1	50.00	12	6	0	17	28	11	22	8.9	14.9
Seq7651_250_bp_1_0_0	ENA|CAL82360|CAL82360.1	31.82	22	15	0	9	30	660	681	9	19.3
Seq7651_250_bp_1_0_0	ENA|BAA32018|BAA32018.1	35.71	14	9	0	52	65	99	112	9.3	18.2
Seq7651_250_bp_1_0_0	ENA|AAC78721|AAC78721.1	62.50	8	3	0	50	57	672	679	9.9	18.2
Seq7651_250_bp_1_1_0	ENA|AAI27517|AAI27517.1	66.67	23	5	8	18	40	509	523	0.028	26.6
Seq7651_250_bp_1_1_0	ENA|AAF79734|AAF79734.1	35.29	17	11	0	46	62	1065	1081	0.1	26.0
Seq7651_250_bp_1_1_0	ENA|AAC08817|AAC08817.1	42.86	14	8	0	27	40	111	124	0.16	22.2
Seq7651_250_bp_1_1_0	ENA|BAA32956|BAA32956.1	46.15	13	7	0	1	13	79	91	0.21	22.2
Seq7651_250_bp_1_1_0	ENA|CAA26023|CAA26023.1	83.33	6	1	0	37	42	9	14	0.38	22.2
Seq7651_250_bp_1_1_0	ENA|CAA45199|CAA45199.1	46.15	13	7	0	27	39	142	154	0.68	21.6
Seq7651_250_bp_1_1_0	ENA|AAA36539|AAA36539.1	41.18	17	10	0	36	52	451	467	1	21.1
Seq7651_250_bp_1_1_0	ENA|AAA25966|AAA25966.1	29.41	17	12	0	44	60	113	129	1.5	21.1
Seq7651_250_bp_1_1_0	ENA|AAR37016|AAR37016.1	36.00	25	16	0	13	37	1167	1191	1.6	22.7
Seq7651_250_bp_1_1_0	ENA|ABD49687|ABD49687.1	42.11	20	11	1	4	23	673	691	2.5	21.6
Seq7651_250_bp_1_1_0	ENA|BAB17681|BAB17681.1	44.44	9	5	0	68	76	34	42	2.6	18.9
Seq7651_250_bp_1_1_0	ENA|CAA28033|CAA28033.1	29.41	17	12	0	8	24	1105	1121	2.7	21.1
Seq7651_250_bp_1_1_0	ENA|ABK71357|ABK71357.1	85.71	7	1	0	64	70	111	117	3.5	18.9
Seq7651_250_bp_1_1_0	ENA|AAC17860|AAC17860.1	29.41	17	12	0	53	69	396	412	3.9	18.9
Seq7651_250_bp_1_1_0	ENA|AAA72732|AAA72732.1	46.15	13	7	0	54	66	293	305	4.3	18.3
Seq7651_250_bp_1_1_0	ENA|CAA45708|CAA45708.1	80.00	5	1	0	36	40	1026	1030	6.6	20.0
Seq7651_250_bp_1_1_0	ENA|CAD53387|CAD53387.1	62.50	8	3	0	35	42	457	464	6.8	18.3
Seq7651_250_bp_1_1_0	ENA|AAA32624|AAA32624.1	50.00	10	5	0	46	55	229	238	7	18.3
Seq7651_250_bp_1_1_0	ENA|CAA29956|CAA29956.1	46.15	13	7	0	45	57	67	79	7.4	17.8
Seq7651_250_bp_1_1_0	ENA|CAL82360|CAL82360.1	40.00	10	6	0	11	20	1066	1075	8	19.4
Seq7651_250_bp_1_1_0	ENA|BAA36759|BAA36759.1	50.00	10	5	0	31	40	146	155	8.2	17.2
Seq7651_250_bp_1_1_0	ENA|AAB66912|AAB66912.1	100.00	4	0	0	38	41	835	838	8.5	18.9
Seq7651_250_bp_1_1_0	ENA|BAA05866|BAA05866.1	57.14	7	3	0	29	35	269	275	8.7	17.2
Seq7651_250_bp_1_1_0	ENA|AAA24145|AAA24145.1	57.14	7	3	0	31	37	203	209	8.9	17.8
Seq7651_250_bp_1_1_0	ENA|AAR31603|AAR31603.1	50.00	8	4	0	60	67	20	27	9.3	17.2
Seq7651_250_bp_1_2_0	ENA|ABK71357|ABK71357.1	57.14	16	6	2	48	63	73	86	0.057	24.9
Seq7651_250_bp_1_2_0	ENA|AAF79734|AAF79734.1	40.00	20	12	0	16	35	41	60	0.1	26.0
Seq7651_250_bp_1_2_0	ENA|CAA11507|CAA11507.1	61.54	13	5	0	15	27	728	740	0.21	24.9
Seq7651_250_bp_1_2_0	ENA|CAA26023|CAA26023.1	50.00	10	5	0	41	50	369	378	2	19.7
Seq7651_250_bp_1_2_0	ENA|AAA18786|AAA18786.1	35.71	14	9	0	14	27	89	102	2.1	19.2
Seq7651_250_bp_1_2_0	ENA|BAA32956|BAA32956.1	37.14	36	22	1	38	72	148	183	2.4	18.6
Seq7651_250_bp_1_2_0	ENA|ABN10845|ABN10845.1	57.14	7	3	0	56	62	77	83	2.5	18.6
Seq7651_250_bp_1_2_0	ENA|CCP43727|CCP43727.1	46.15	13	7	0	32	44	110	122	2.6	19.2
Seq7651_250_bp_1_2_0	ENA|AAI27517|AAI27517.1	57.14	7	3	0	31	37	26	32	4.5	19.2
Seq7651_250_bp_1_2_0	ENA|AAA36539|AAA36539.1	33.33	12	8	0	52	63	374	385	5.4	18.6
Seq7651_250_bp_1_2_0	ENA|CAA29956|CAA29956.1	54.55	11	5	0	8	18	11	21	6.2	18.0
Seq7651_250_bp_1_2_0	ENA|CAA36214|CAA36214.1	66.67	6	2	0	69	74	277	282	7.4	17.5
Seq7651_250_bp_1_2_0	ENA|BAB79260|BAB79260.1	42.86	7	4	0	52	58	229	235	7.4	18.0
Seq7651_250_bp_1_2_0	ENA|AAR37016|AAR37016.1	46.67	15	8	0	46	60	60	74	7.9	20.3
Seq7651_250_bp_1_2_0	ENA|AAR31603|AAR31603.1	34.48	29	19	0	38	66	292	320	8	17.5
Seq7651_250_bp_1_2_0	ENA|CAD53387|CAD53387.1	50.00	10	5	0	51	60	52	61	8.2	18.0
Seq7651_250_bp_1_2_0	ENA|AAC08817|AAC08817.1	66.67	6	2	0	68	73	79	84	8.3	16.3
Seq7651_250_bp_1_2_0	ENA|AAC97205|AAC97205.1	55.56	9	4	0	28	36	415	423	9.1	19.2
Seq7651_250_bp_-1_0_0	ENA|AAC97205|AAC97205.1	36.36	22	14	0	6	27	58	79	0.048	26.9
Seq7651_250_bp_-1_0_0	ENA|BAA32956|BAA32956.1	50.00	14	7	0	9	22	181	194	0.57	20.8
Seq7651_250_bp_-1_0_0	ENA|AAC08817|AAC08817.1	42.11	19	11	0	8	26	124	142	1.7	18.7
Seq7651_250_bp_-1_0_0	ENA|AAI27517|AAI27517.1	35.29	17	11	0	8	24	523	539	2.2	20.2
Seq7651_250_bp_-1_0_0	ENA|ABD49687|ABD49687.1	46.15	13	7	0	41	53	713	725	2.2	21.8
Seq7651_250_bp_-1_0_0	ENA|AAA18786|AAA18786.1	54.55	11	5	0	40	50	130	140	2.9	18.7
Seq7651_250_bp_-1_0_0	ENA|BAA32991|BAA32991.1	41.67	12	7	0	18	29	49	60	3.1	16.7
Seq7651_250_bp_-1_0_0	ENA|CAD53387|CAD53387.1	40.91	22	13	0	43	64	46	67	3.8	19.2
Seq7651_250_bp_-1_0_0	ENA|ABK71357|ABK71357.1	31.25	16	11	0	35	50	339	354	5.6	18.2
Seq7651_250_bp_-1_0_0	ENA|CAA29956|CAA29956.1	75.00	10	2	2	15	24	368	375	5.7	18.2
Seq7651_250_bp_-1_0_0	ENA|CAL82360|CAL82360.1	38.46	13	8	0	19	31	1270	1282	6.6	19.7
Seq7651_250_bp_-1_0_0	ENA|ACH70901|ACH70901.1	66.67	6	2	0	43	48	98	103	7.6	17.7
Seq7651_250_bp_-1_0_0	ENA|BAA32018|BAA32018.1	33.33	15	10	0	49	63	437	451	9.1	18.2
Seq7651_250_bp_-1_1_0	ENA|CAA26023|CAA26023.1	31.82	44	30	0	6	49	206	249	0.26	22.7
Seq7651_250_bp_-1_1_0	ENA|AAC97205|AAC97205.1	50.00	16	8	0	50	65	871	886	0.62	23.2
Seq7651_250_bp_-1_1_0	ENA|ABD33854|ABD33854.1	40.00	10	6	0	50	59	48	57	0.97	18.2
Seq7651_250_bp_-1_1_0	ENA|AAB26998|AAB26998.1	83.33	6	1	0	48	53	34	39	1.6	17.8
Seq7651_250_bp_-1_1_0	ENA|AAS77176|AAS77176.1	50.00	10	5	0	66	75	5	14	4.3	18.2
Seq7651_250_bp_-1_1_0	ENA|AAC40132|AAC40132.1	33.33	30	20	0	26	55	282	311	5.1	18.7
Seq7651_250_bp_-1_1_0	ENA|CAA43419|CAA43419.1	35.29	17	11	0	28	44	210	226	5.4	18.2
Seq7651_250_bp_-1_1_0	ENA|AAB66912|AAB66912.1	60.00	18	6	3	1	18	315	329	5.4	19.6
Seq7651_250_bp_-1_1_0	ENA|AAA36539|AAA36539.1	41.67	12	7	0	15	26	455	466	6.9	18.2
Seq7651_250_bp_-1_1_0	ENA|CAD53387|CAD53387.1	50.00	14	7	0	18	31	487	500	7.3	18.2
Seq7651_250_bp_-1_1_0	ENA|CAA11507|CAA11507.1	50.00	16	8	0	57	72	346	361	7.7	19.6
Seq7651_250_bp_-1_1_0	ENA|ABG75784|ABG75784.1	50.00	10	5	0	67	76	210	219	8.3	17.3
Seq7651_250_bp_-1_1_0	ENA|EDO47375|EDO47375.1	53.85	16	6	3	53	68	139	151	9.3	16.4
Seq7651_250_bp_-1_2_0	ENA|CAD53387|CAD53387.1	38.46	26	16	0	7	32	458	483	0.027	26.4
Seq7651_250_bp_-1_2_0	ENA|AAC17860|AAC17860.1	57.14	14	6	0	6	19	69	82	0.26	22.8
Seq7651_250_bp_-1_2_0	ENA|AAR31603|AAR31603.1	71.43	16	4	2	5	20	278	291	0.41	21.8
Seq7651_250_bp_-1_2_0	ENA|AAC08817|AAC08817.1	42.86	14	8	0	62	75	98	111	0.57	20.3
Seq7651_250_bp_-1_2_0	ENA|AAB03707|AAB03707.1	28.85	52	37	0	12	63	998	1049	0.6	23.4
Seq7651_250_bp_-1_2_0	ENA|ABD49687|ABD49687.1	37.50	24	15	0	9	32	1328	1351	1.1	22.8
Seq7651_250_bp_-1_2_0	ENA|AAC26660|AAC26660.1	46.15	13	7	0	19	31	142	154	1.3	19.8
Seq7651_250_bp_-1_2_0	ENA|CAA43419|CAA43419.1	36.36	22	14	0	3	24	31	52	1.3	20.3
Seq7651_250_bp_-1_2_0	ENA|CAA29956|CAA29956.1	41.18	17	10	0	62	78	166	182	1.9	19.8
Seq7651_250_bp_-1_2_0	ENA|ACH70901|ACH70901.1	40.00	15	9	0	5	19	250	264	2.6	19.3
Seq7651_250_bp_-1_2_0	ENA|CAA45708|CAA45708.1	40.00	20	12	0	7	26	1130	1149	2.7	21.3
Seq7651_250_bp_-1_2_0	ENA|AAC40132|AAC40132.1	27.27	22	16	0	54	75	213	234	3.4	19.3
Seq7651_250_bp_-1_2_0	ENA|BAA32956|BAA32956.1	46.15	13	7	0	4	16	163	175	4.3	17.8
Seq7651_250_bp_-1_2_0	ENA|AAC49865|AAC49865.1	37.21	46	27	3	14	57	285	329	4.7	18.3
Seq7651_250_bp_-1_2_0	ENA|CAA36214|CAA36214.1	41.18	17	10	0	59	75	63	79	8.5	17.3
Seq7651_250_bp_-1_2_0	ENA|AAA36539|AAA36539.1	33.33	24	16	0	55	78	188	211	9.2	17.8
