Seq8008_280_bp_1_0_0	ENA|AAA32624|AAA32624.1	20.69	90	69	3	3	89	214	303	0.83	21.7
Seq8008_280_bp_1_0_0	ENA|BAB79260|BAB79260.1	24.05	92	60	13	3	87	138	223	1.3	20.8
Seq8008_280_bp_1_0_0	ENA|CAA26023|CAA26023.1	19.74	77	61	1	1	76	62	138	1.6	20.3
Seq8008_280_bp_1_0_0	ENA|ABK71357|ABK71357.1	30.00	70	42	10	30	90	131	199	2.1	19.9
Seq8008_280_bp_1_0_0	ENA|AAA18786|AAA18786.1	32.14	63	38	7	3	60	83	143	2.8	18.9
Seq8008_280_bp_1_0_0	ENA|ABN10845|ABN10845.1	24.64	81	52	12	6	74	25	105	3.1	18.5
Seq8008_280_bp_1_0_0	ENA|AAF79734|AAF79734.1	22.62	88	65	4	4	89	925	1010	3.6	21.0
Seq8008_280_bp_1_0_0	ENA|CAA29956|CAA29956.1	25.00	49	36	1	39	87	102	149	4.5	18.7
Seq8008_280_bp_1_0_0	ENA|CAA36714|CAA36714.1	33.33	48	28	6	47	93	418	460	5.5	18.7
Seq8008_280_bp_1_0_0	ENA|ACH70901|ACH70901.1	26.19	43	31	1	9	51	282	323	7.8	17.8
Seq8008_280_bp_1_1_0	ENA|BAA32991|BAA32991.1	35.48	35	20	4	14	47	28	59	0.95	18.5
Seq8008_280_bp_1_1_0	ENA|AAB26998|AAB26998.1	31.11	54	31	9	34	78	26	79	1.8	17.8
Seq8008_280_bp_1_1_0	ENA|CAA36214|CAA36214.1	31.03	30	20	1	19	47	276	305	2.8	19.1
Seq8008_280_bp_1_1_0	ENA|CAA73529|CAA73529.1	16.67	71	55	5	7	77	207	272	4.2	18.3
Seq8008_280_bp_1_2_0	ENA|CAA11507|CAA11507.1	100.00	92	0	0	1	92	235	326	2.5e-48	180.9
Seq8008_280_bp_1_2_0	ENA|CAA11507|CAA11507.1	24.32	79	56	5	12	87	918	994	0.019	28.5
Seq8008_280_bp_1_2_0	ENA|CAA11507|CAA11507.1	26.56	67	47	3	27	90	1053	1119	0.12	25.9
Seq8008_280_bp_1_2_0	ENA|CAA11507|CAA11507.1	28.57	50	35	1	2	50	397	446	0.39	24.2
Seq8008_280_bp_1_2_0	ENA|AAB03707|AAB03707.1	31.71	82	56	0	4	85	222	303	7.5e-11	56.4
Seq8008_280_bp_1_2_0	ENA|AAB03707|AAB03707.1	22.06	75	53	7	18	92	354	421	0.14	25.6
Seq8008_280_bp_1_2_0	ENA|CAA45708|CAA45708.1	27.40	77	53	4	16	91	279	352	1.6e-06	42.2
Seq8008_280_bp_1_2_0	ENA|AAC97205|AAC97205.1	35.71	73	36	17	20	92	207	262	0.0093	29.4
Seq8008_280_bp_1_2_0	ENA|AAA32624|AAA32624.1	28.57	75	50	5	1	72	92	164	0.066	25.3
Seq8008_280_bp_1_2_0	ENA|CAA26023|CAA26023.1	32.14	63	38	7	22	77	314	376	0.089	24.4
Seq8008_280_bp_1_2_0	ENA|AAR37016|AAR37016.1	31.03	66	40	8	3	60	1034	1099	0.2	25.9
Seq8008_280_bp_1_2_0	ENA|AAR37016|AAR37016.1	25.00	73	51	5	21	88	804	876	0.55	24.4
Seq8008_280_bp_1_2_0	ENA|CAA28033|CAA28033.1	22.37	79	59	3	4	82	103	178	0.2	25.0
Seq8008_280_bp_1_2_0	ENA|CAA28033|CAA28033.1	22.22	79	56	7	7	85	795	866	0.82	23.0
Seq8008_280_bp_1_2_0	ENA|AAI27517|AAI27517.1	25.81	66	46	4	1	66	439	500	0.2	23.9
Seq8008_280_bp_1_2_0	ENA|AAQ92751|AAQ92751.2	28.00	82	54	7	9	85	379	458	0.21	25.0
Seq8008_280_bp_1_2_0	ENA|AAQ92751|AAQ92751.2	21.88	68	50	4	23	90	1023	1086	0.48	23.9
Seq8008_280_bp_1_2_0	ENA|CAL82360|CAL82360.1	21.52	88	62	9	2	89	659	737	0.3	24.4
Seq8008_280_bp_1_2_0	ENA|AAC78721|AAC78721.1	47.62	21	11	0	53	73	291	311	0.43	23.0
Seq8008_280_bp_1_2_0	ENA|CAA45199|CAA45199.1	26.79	58	41	2	7	64	17	72	0.55	22.1
Seq8008_280_bp_1_2_0	ENA|CCP43727|CCP43727.1	22.22	75	56	3	12	86	193	264	0.57	21.5
Seq8008_280_bp_1_2_0	ENA|CAA43419|CAA43419.1	33.33	33	22	0	3	35	140	172	0.63	21.5
Seq8008_280_bp_1_2_0	ENA|ACT10338|ACT10338.1	28.26	53	33	7	11	61	326	373	1.2	20.7
Seq8008_280_bp_1_2_0	ENA|AAA18786|AAA18786.1	24.00	81	57	6	6	80	87	167	1.3	20.1
Seq8008_280_bp_1_2_0	ENA|AAA36114|AAA36114.1	23.73	60	45	1	22	81	354	412	1.3	21.0
Seq8008_280_bp_1_2_0	ENA|CAA29956|CAA29956.1	26.67	86	55	11	10	84	121	206	1.4	20.4
Seq8008_280_bp_1_2_0	ENA|CAA26939|CAA26939.1	26.56	69	47	5	3	70	211	275	1.5	21.0
Seq8008_280_bp_1_2_0	ENA|BAA32018|BAA32018.1	25.35	81	53	10	8	88	82	152	1.6	21.0
Seq8008_280_bp_1_2_0	ENA|AAA24145|AAA24145.1	30.56	39	25	3	29	65	281	318	1.8	20.4
Seq8008_280_bp_1_2_0	ENA|CAA36714|CAA36714.1	36.73	55	31	6	36	90	387	435	1.8	20.4
Seq8008_280_bp_1_2_0	ENA|CAA36214|CAA36214.1	28.89	48	32	3	41	85	216	263	2.1	19.5
Seq8008_280_bp_1_2_0	ENA|AAA36539|AAA36539.1	18.92	37	30	0	5	41	336	372	2.2	20.1
Seq8008_280_bp_1_2_0	ENA|AAR31603|AAR31603.1	22.64	57	41	4	35	90	90	143	2.3	19.5
Seq8008_280_bp_1_2_0	ENA|CAA73529|CAA73529.1	35.71	65	36	9	29	87	125	186	2.3	19.2
Seq8008_280_bp_1_2_0	ENA|BAB79260|BAB79260.1	23.21	59	43	3	5	61	166	223	2.6	19.8
Seq8008_280_bp_1_2_0	ENA|CAA24711|CAA24711.1	38.89	18	11	0	53	70	103	120	2.7	18.3
Seq8008_280_bp_1_2_0	ENA|AAB96524|AAB96524.1	23.40	48	36	1	30	77	99	145	2.9	18.3
Seq8008_280_bp_1_2_0	ENA|BAA05866|BAA05866.1	28.81	71	42	12	4	65	48	115	3.2	18.9
Seq8008_280_bp_1_2_0	ENA|ABG75784|ABG75784.1	22.81	62	44	5	24	85	56	112	3.9	18.6
Seq8008_280_bp_1_2_0	ENA|AAC40132|AAC40132.1	48.15	29	14	2	63	89	27	55	4	19.2
Seq8008_280_bp_1_2_0	ENA|ABN10845|ABN10845.1	24.69	86	61	5	2	85	105	187	4.1	18.0
Seq8008_280_bp_1_2_0	ENA|CAB75732|CAB75732.1	24.69	93	61	12	9	91	413	503	4.3	20.4
Seq8008_280_bp_1_2_0	ENA|AAA25966|AAA25966.1	23.64	59	42	4	30	84	524	582	4.9	19.5
Seq8008_280_bp_1_2_0	ENA|AAS77176|AAS77176.1	23.53	70	52	2	23	92	37	104	5.4	18.0
Seq8008_280_bp_1_2_0	ENA|AAA42531|AAA42531.1	29.55	45	31	1	35	79	103	146	5.9	18.3
Seq8008_280_bp_1_2_0	ENA|ABD49687|ABD49687.1	23.17	91	63	9	2	92	1490	1571	6.3	20.4
Seq8008_280_bp_1_2_0	ENA|BAA32956|BAA32956.1	14.81	54	46	0	28	81	15	68	7	17.2
Seq8008_280_bp_1_2_0	ENA|AAB26998|AAB26998.1	28.89	52	32	7	17	61	19	70	7.2	15.7
Seq8008_280_bp_1_2_0	ENA|AAC17860|AAC17860.1	23.68	83	58	7	5	86	296	372	9	17.8
Seq8008_280_bp_1_2_0	ENA|ACH70901|ACH70901.1	31.58	41	26	3	51	91	272	309	9.6	17.5
Seq8008_280_bp_-1_0_0	ENA|ABD49687|ABD49687.1	29.41	56	36	5	39	89	107	162	0.0032	31.4
Seq8008_280_bp_-1_0_0	ENA|ABD49687|ABD49687.1	30.77	76	45	11	20	93	960	1026	0.21	25.4
Seq8008_280_bp_-1_0_0	ENA|ABD49687|ABD49687.1	15.79	58	48	1	28	84	604	661	0.5	24.1
Seq8008_280_bp_-1_0_0	ENA|ABD49687|ABD49687.1	26.67	78	55	3	3	78	666	742	0.61	23.8
Seq8008_280_bp_-1_0_0	ENA|BAA32956|BAA32956.1	23.46	82	62	1	1	81	8	89	0.0074	27.2
Seq8008_280_bp_-1_0_0	ENA|CCP43727|CCP43727.1	16.25	81	67	1	4	83	221	301	0.027	26.0
Seq8008_280_bp_-1_0_0	ENA|CAB75732|CAB75732.1	22.62	89	65	5	5	88	144	232	0.062	26.6
Seq8008_280_bp_-1_0_0	ENA|AAB66912|AAB66912.1	27.14	76	51	6	16	88	269	341	0.094	25.7
Seq8008_280_bp_-1_0_0	ENA|AAB66912|AAB66912.1	27.14	77	51	7	3	76	38	110	0.51	23.2
Seq8008_280_bp_-1_0_0	ENA|AAI27517|AAI27517.1	26.25	83	59	3	10	91	445	525	0.11	24.7
Seq8008_280_bp_-1_0_0	ENA|ACT10338|ACT10338.1	21.95	88	64	6	3	88	270	353	0.26	22.9
Seq8008_280_bp_-1_0_0	ENA|AAC08817|AAC08817.1	31.15	75	42	14	26	88	7	79	0.3	21.4
Seq8008_280_bp_-1_0_0	ENA|AAR31603|AAR31603.1	30.56	83	50	11	15	91	230	307	0.34	22.3
Seq8008_280_bp_-1_0_0	ENA|CAA36214|CAA36214.1	28.21	41	28	2	16	56	109	147	0.39	22.0
Seq8008_280_bp_-1_0_0	ENA|AAF79734|AAF79734.1	25.00	107	69	15	1	92	464	570	0.42	24.1
Seq8008_280_bp_-1_0_0	ENA|ABN10845|ABN10845.1	20.00	86	68	1	8	92	58	143	0.52	21.1
Seq8008_280_bp_-1_0_0	ENA|AAC97205|AAC97205.1	20.00	65	48	5	13	77	514	573	0.55	23.5
Seq8008_280_bp_-1_0_0	ENA|AAA18786|AAA18786.1	31.17	95	53	18	3	93	48	128	0.63	21.1
Seq8008_280_bp_-1_0_0	ENA|AAC17860|AAC17860.1	22.37	83	59	7	10	86	171	252	0.79	21.4
Seq8008_280_bp_-1_0_0	ENA|EDO47375|EDO47375.1	27.87	67	44	6	2	67	77	138	0.84	20.2
Seq8008_280_bp_-1_0_0	ENA|CAA11507|CAA11507.1	28.21	85	56	7	12	92	771	852	0.91	22.9
Seq8008_280_bp_-1_0_0	ENA|CAA45708|CAA45708.1	27.27	57	40	2	11	67	993	1047	1	22.9
Seq8008_280_bp_-1_0_0	ENA|AAR37016|AAR37016.1	33.33	73	42	10	17	89	983	1045	1	23.5
Seq8008_280_bp_-1_0_0	ENA|AAA25966|AAA25966.1	31.37	56	35	5	39	92	369	421	1.1	21.7
Seq8008_280_bp_-1_0_0	ENA|CAD53387|CAD53387.1	23.81	46	32	4	39	84	462	503	1.5	20.8
Seq8008_280_bp_-1_0_0	ENA|AAB26998|AAB26998.1	24.07	60	41	6	10	69	2	55	1.9	17.7
Seq8008_280_bp_-1_0_0	ENA|AAC78721|AAC78721.1	22.22	87	63	6	6	92	264	344	2	20.8
Seq8008_280_bp_-1_0_0	ENA|AAA72732|AAA72732.1	24.49	52	37	3	13	61	251	302	2.6	19.3
Seq8008_280_bp_-1_0_0	ENA|AAC49865|AAC49865.1	25.00	82	57	6	15	92	4	83	2.7	19.3
Seq8008_280_bp_-1_0_0	ENA|AAA42531|AAA42531.1	23.53	57	39	6	8	61	75	128	3.9	19.0
Seq8008_280_bp_-1_0_0	ENA|CAA29968|CAA29968.1	38.10	21	13	0	32	52	17	37	4.5	17.7
Seq8008_280_bp_-1_0_0	ENA|AAA36539|AAA36539.1	31.58	65	39	8	31	91	409	469	4.8	19.0
Seq8008_280_bp_-1_0_0	ENA|ACH70901|ACH70901.1	16.46	83	66	4	12	92	154	234	5.5	18.4
Seq8008_280_bp_-1_0_0	ENA|AAC26660|AAC26660.1	22.22	92	63	11	2	82	30	121	5.9	17.7
Seq8008_280_bp_-1_0_0	ENA|CAA43419|CAA43419.1	31.82	47	30	3	45	88	7	53	6.8	18.1
Seq8008_280_bp_-1_0_0	ENA|CAA45199|CAA45199.1	20.51	45	31	6	6	44	47	91	7	18.4
Seq8008_280_bp_-1_0_0	ENA|AAQ92751|AAQ92751.2	35.90	43	25	4	5	43	834	876	7.2	19.9
Seq8008_280_bp_-1_0_0	ENA|BAA32018|BAA32018.1	18.33	60	49	0	29	88	532	591	7.5	18.7
Seq8008_280_bp_-1_0_0	ENA|BAA36759|BAA36759.1	28.57	31	20	3	42	69	257	287	8	17.4
Seq8008_280_bp_-1_0_0	ENA|CAA28033|CAA28033.1	16.67	36	30	0	13	48	650	685	8.3	19.6
Seq8008_280_bp_-1_0_0	ENA|AAA24145|AAA24145.1	52.94	17	8	0	77	93	68	84	8.4	18.1
Seq8008_280_bp_-1_0_0	ENA|AAB03707|AAB03707.1	32.08	60	36	7	9	65	828	883	8.7	19.6
Seq8008_280_bp_-1_1_0	ENA|ACH70901|ACH70901.1	28.99	82	49	13	7	78	220	298	0.042	25.4
Seq8008_280_bp_-1_1_0	ENA|AAI27517|AAI27517.1	31.88	85	47	16	3	87	494	562	0.33	23.2
Seq8008_280_bp_-1_1_0	ENA|BAA32956|BAA32956.1	27.14	73	51	3	15	87	131	200	0.46	21.2
Seq8008_280_bp_-1_1_0	ENA|AAC97205|AAC97205.1	29.41	95	60	10	4	92	253	343	0.57	23.5
Seq8008_280_bp_-1_1_0	ENA|AAA25966|AAA25966.1	24.00	58	38	8	42	91	80	137	0.94	22.0
Seq8008_280_bp_-1_1_0	ENA|AAF79734|AAF79734.1	32.56	47	29	4	23	66	515	560	1.1	22.7
Seq8008_280_bp_-1_1_0	ENA|AAR31603|AAR31603.1	31.37	59	35	8	8	58	242	300	1.2	20.5
Seq8008_280_bp_-1_1_0	ENA|CAA45199|CAA45199.1	27.91	44	31	1	48	90	136	179	1.4	20.7
Seq8008_280_bp_-1_1_0	ENA|AAB26998|AAB26998.1	34.88	49	28	6	21	69	10	52	2.2	17.5
Seq8008_280_bp_-1_1_0	ENA|ABK71357|ABK71357.1	22.03	65	46	6	13	77	141	199	2.2	19.7
Seq8008_280_bp_-1_1_0	ENA|AAC78721|AAC78721.1	25.93	61	40	7	30	90	203	256	3.4	20.0
Seq8008_280_bp_-1_1_0	ENA|CAA26023|CAA26023.1	22.86	73	54	3	18	88	224	295	4.5	18.7
Seq8008_280_bp_-1_1_0	ENA|AAR37016|AAR37016.1	19.23	52	42	0	41	92	1434	1485	4.9	21.2
Seq8008_280_bp_-1_1_0	ENA|ABD33854|ABD33854.1	20.51	40	31	1	44	83	23	61	5.8	15.8
Seq8008_280_bp_-1_1_0	ENA|CAD53387|CAD53387.1	28.57	40	25	5	27	65	12	47	6.8	18.5
Seq8008_280_bp_-1_1_0	ENA|AAB96524|AAB96524.1	20.55	83	58	10	13	91	58	134	7.1	17.0
Seq8008_280_bp_-1_1_0	ENA|ABD49687|ABD49687.1	30.77	46	27	7	9	54	80	118	8.2	20.0
Seq8008_280_bp_-1_1_0	ENA|AAA18786|AAA18786.1	22.73	49	34	5	44	89	154	200	8.5	17.2
Seq8008_280_bp_-1_2_0	ENA|AAR37016|AAR37016.1	44.74	44	21	6	8	49	973	1012	0.16	26.2
Seq8008_280_bp_-1_2_0	ENA|ABD49687|ABD49687.1	27.71	86	60	3	7	92	84	166	0.23	25.2
Seq8008_280_bp_-1_2_0	ENA|AAI27517|AAI27517.1	28.17	85	51	14	8	85	154	231	0.86	21.8
Seq8008_280_bp_-1_2_0	ENA|CAA28033|CAA28033.1	16.44	73	61	0	3	75	24	96	1.1	22.5
Seq8008_280_bp_-1_2_0	ENA|AAC08817|AAC08817.1	20.63	65	50	2	3	65	88	152	2.4	18.3
Seq8008_280_bp_-1_2_0	ENA|AAB66912|AAB66912.1	24.36	87	59	9	3	88	475	553	3.1	20.6
Seq8008_280_bp_-1_2_0	ENA|AAB03707|AAB03707.1	28.79	72	47	6	25	92	338	407	3.3	21.0
Seq8008_280_bp_-1_2_0	ENA|BAA32956|BAA32956.1	30.16	73	44	10	4	67	134	205	3.8	18.1
Seq8008_280_bp_-1_2_0	ENA|AAC26660|AAC26660.1	23.38	84	59	7	8	89	139	217	4.6	18.1
Seq8008_280_bp_-1_2_0	ENA|ABN10845|ABN10845.1	24.59	72	46	11	6	77	87	147	5.5	17.6
Seq8008_280_bp_-1_2_0	ENA|BAA32018|BAA32018.1	22.64	59	41	6	19	77	456	508	5.7	19.1
Seq8008_280_bp_-1_2_0	ENA|AAF79734|AAF79734.1	30.00	63	42	3	10	70	248	309	6.6	20.1
Seq8008_280_bp_-1_2_0	ENA|AAC49865|AAC49865.1	23.21	56	43	0	25	80	16	71	6.9	17.9
Seq8008_280_bp_-1_2_0	ENA|AAA24145|AAA24145.1	16.42	70	56	3	3	69	167	236	6.9	18.3
Seq8008_280_bp_-1_2_0	ENA|ACH70901|ACH70901.1	22.73	75	51	9	11	83	178	245	7.5	17.9
Seq8008_280_bp_-1_2_0	ENA|BAA05866|BAA05866.1	25.64	42	29	3	14	53	175	215	7.6	17.6
Seq8008_280_bp_-1_2_0	ENA|ABK71357|ABK71357.1	23.08	71	50	6	20	88	56	122	7.7	17.9
Seq8008_280_bp_-1_2_0	ENA|AAC97205|AAC97205.1	20.83	83	57	11	4	79	1107	1185	7.8	19.6
Seq8008_280_bp_-1_2_0	ENA|AAC40132|AAC40132.1	16.67	66	55	0	24	89	357	422	8.3	18.1
Seq8008_280_bp_-1_2_0	ENA|AAC78721|AAC78721.1	24.19	69	47	7	21	89	233	294	8.4	18.6
