Seq8348_304_bp_1_0_0	AAB96524.1	100.00	101	0	0	1	101	1	101	2.8e-40	151.4
Seq8348_304_bp_1_0_0	ABL74574.1	26.47	87	50	19	29	101	144	225	1.2	20.4
Seq8348_304_bp_1_0_0	BAB70780.1	26.83	44	30	3	15	55	209	252	2	20.4
Seq8348_304_bp_1_0_0	AII71783.1	26.09	78	51	9	1	72	168	242	2.1	19.7
Seq8348_304_bp_1_0_0	AAC08817.1	17.02	49	39	2	12	58	58	106	2.6	18.4
Seq8348_304_bp_1_0_0	AAA26915.1	31.11	53	31	8	42	94	417	461	2.7	19.9
Seq8348_304_bp_1_0_0	AAX84812.1	34.29	44	23	9	50	92	148	183	3.1	18.7
Seq8348_304_bp_1_0_0	AAA72732.1	25.71	36	26	1	38	73	201	235	4.9	18.4
Seq8348_304_bp_1_0_0	AAF01122.1	19.18	85	59	12	20	92	57	141	5	18.7
Seq8348_304_bp_1_0_0	AAX12058.1	26.92	92	57	14	17	98	24	111	6	17.9
Seq8348_304_bp_1_0_0	AAI27517.1	23.73	68	45	9	11	75	208	269	6.5	18.9
Seq8348_304_bp_1_0_0	ABN10845.1	33.33	30	18	3	50	77	12	40	6.6	17.5
Seq8348_304_bp_1_0_0	ACH70904.1	24.68	88	58	11	14	101	9	85	7.7	17.9
Seq8348_304_bp_1_0_0	CAA45199.1	19.40	75	54	8	23	96	34	101	9.9	17.9
Seq8348_304_bp_1_1_0	AAC78721.1	20.29	76	55	7	19	88	605	679	1.3	21.5
Seq8348_304_bp_1_1_0	BAB17681.1	25.40	70	47	7	16	78	177	246	1.6	19.9
Seq8348_304_bp_1_1_0	CAA45199.1	17.65	80	56	12	24	101	285	354	3.8	19.4
Seq8348_304_bp_1_1_0	AAA23282.1	22.03	62	46	3	10	69	87	147	3.9	19.6
Seq8348_304_bp_1_1_0	CAA11507.1	24.14	70	44	12	11	72	21	86	4.1	20.8
Seq8348_304_bp_1_1_0	ABG75784.1	20.00	43	32	3	1	40	247	289	4.9	18.4
Seq8348_304_bp_1_1_0	AAB03707.1	27.27	45	32	1	7	50	579	623	6.7	20.1
Seq8348_304_bp_1_1_0	AAX84812.1	19.74	81	61	5	2	79	5	83	6.8	17.5
Seq8348_304_bp_1_1_0	AII71783.1	28.07	66	41	9	15	73	208	271	7.6	17.7
Seq8348_304_bp_1_1_0	ABS38337.1	26.98	70	46	7	34	101	806	870	8.5	19.6
Seq8348_304_bp_1_1_0	BAA32956.1	29.63	28	19	1	18	44	30	57	8.5	17.0
Seq8348_304_bp_1_1_0	AAA18786.1	28.17	76	51	5	27	100	79	151	9.1	17.3
Seq8348_304_bp_1_1_0	BAB79260.1	29.63	30	19	3	34	63	381	407	9.4	18.0
Seq8348_304_bp_1_2_0	BAB17681.1	25.76	77	49	11	17	91	69	136	0.025	25.9
Seq8348_304_bp_1_2_0	ABS38337.1	24.69	93	61	12	2	92	1006	1088	2.2	21.7
Seq8348_304_bp_1_2_0	AAX84812.1	27.91	52	31	9	51	93	179	230	3.7	18.4
Seq8348_304_bp_1_2_0	AAB03707.1	26.00	54	37	4	47	97	1248	1300	3.9	20.9
Seq8348_304_bp_1_2_0	AAA24142.1	23.53	56	39	5	41	95	19	70	6.9	18.4
Seq8348_304_bp_1_2_0	CAA45199.1	22.00	51	39	1	23	72	70	120	7.2	18.4
Seq8348_304_bp_1_2_0	EDO47375.1	25.00	56	39	4	5	57	111	165	9.5	16.7
Seq8348_304_bp_-1_0_0	ABS38337.1	40.91	25	13	3	60	84	1096	1117	0.68	23.4
Seq8348_304_bp_-1_0_0	AAA32624.1	25.86	70	43	12	6	67	296	361	1.8	20.7
Seq8348_304_bp_-1_0_0	AAA45888.1	33.33	41	24	5	60	97	93	131	2.2	19.9
Seq8348_304_bp_-1_0_0	BAA32018.1	23.68	87	58	11	4	82	111	194	3.5	19.9
Seq8348_304_bp_-1_0_0	AAB64315.2	24.49	54	37	5	2	53	164	214	3.7	18.9
Seq8348_304_bp_-1_0_0	ABN10845.1	24.53	67	40	14	45	100	31	94	4.1	18.2
Seq8348_304_bp_-1_0_0	BAB17681.1	32.50	46	27	6	36	76	89	133	4.3	18.4
Seq8348_304_bp_-1_0_0	CAA45199.1	33.33	21	14	0	5	25	455	475	5.2	18.9
Seq8348_304_bp_-1_0_0	CAA26230.1	25.00	101	60	21	9	101	393	480	5.2	19.2
Seq8348_304_bp_-1_0_0	ABG75784.1	18.37	51	40	2	2	50	249	299	5.7	18.2
Seq8348_304_bp_-1_0_0	EDO47375.1	18.39	101	71	14	8	98	34	130	5.8	17.5
Seq8348_304_bp_-1_0_0	AAA42531.1	18.60	46	35	3	48	91	108	152	6	18.4
Seq8348_304_bp_-1_0_0	AEE27845.1	21.92	89	57	16	11	97	834	908	6.5	20.2
Seq8348_304_bp_-1_0_0	AII71783.1	25.00	28	21	0	66	93	226	253	9.1	17.5
Seq8348_304_bp_-1_0_0	CAA73529.1	18.06	86	59	14	23	100	166	245	9.6	17.2
Seq8348_304_bp_-1_0_0	AAR31603.1	34.62	32	17	6	47	78	131	156	9.7	17.5
Seq8348_304_bp_-1_1_0	AAX84812.1	25.86	61	43	3	2	60	145	204	0.012	26.8
Seq8348_304_bp_-1_1_0	ABN10845.1	24.14	70	44	12	27	91	50	112	0.065	24.2
Seq8348_304_bp_-1_1_0	AAR31603.1	26.92	34	19	8	31	60	122	151	0.24	22.9
Seq8348_304_bp_-1_1_0	AAA24969.1	19.18	79	59	6	1	76	1377	1452	2.2	21.9
Seq8348_304_bp_-1_1_0	AAR37016.1	25.45	70	41	15	25	93	1889	1944	2.9	22.1
Seq8348_304_bp_-1_1_0	CAA43372.1	28.26	49	33	3	34	82	150	195	3	19.6
Seq8348_304_bp_-1_1_0	CAA26230.1	29.41	34	24	0	34	67	205	238	3.4	19.8
Seq8348_304_bp_-1_1_0	AAB03707.1	19.61	55	41	4	28	82	1278	1328	4.1	20.9
Seq8348_304_bp_-1_1_0	CAA73529.1	55.56	9	4	0	78	86	33	41	4.8	18.3
Seq8348_304_bp_-1_1_0	AAC17860.1	25.53	54	35	7	24	75	325	373	5	18.8
Seq8348_304_bp_-1_1_0	BAB79260.1	38.10	21	13	0	42	62	389	409	6.5	18.5
Seq8348_304_bp_-1_1_0	AAA23282.1	36.00	25	16	0	57	81	75	99	6.8	18.8
Seq8348_304_bp_-1_1_0	AAI27517.1	50.00	19	9	1	36	53	499	517	8.4	18.5
Seq8348_304_bp_-1_1_0	BAA32956.1	36.67	33	19	3	19	48	130	162	8.7	17.0
Seq8348_304_bp_-1_1_0	AAH69556.1	22.22	74	49	11	33	95	221	294	8.8	17.5
Seq8348_304_bp_-1_1_0	AAB96524.1	26.67	33	22	3	51	83	72	101	9.1	16.7
Seq8348_304_bp_-1_1_0	CAA74140.1	42.11	45	22	7	40	79	442	484	9.2	19.0
Seq8348_304_bp_-1_2_0	ABS38337.1	23.60	106	68	17	3	94	359	461	2.8	21.3
Seq8348_304_bp_-1_2_0	AEE27845.1	26.87	80	49	13	27	94	831	909	3.7	21.0
Seq8348_304_bp_-1_2_0	EDO47375.1	32.08	60	36	7	24	83	64	116	3.8	18.1
Seq8348_304_bp_-1_2_0	CAA43372.1	22.97	80	57	6	1	76	252	329	4	19.1
Seq8348_304_bp_-1_2_0	AAA24142.1	25.00	86	60	6	16	95	364	449	4.3	19.1
Seq8348_304_bp_-1_2_0	ACT10338.1	31.11	49	31	4	48	96	329	373	5.4	18.6
Seq8348_304_bp_-1_2_0	BAB70780.1	25.71	81	52	11	20	96	316	389	5.5	18.9
Seq8348_304_bp_-1_2_0	BAB79260.1	29.27	44	29	3	43	84	399	441	6.2	18.6
Seq8348_304_bp_-1_2_0	CAA04196.1	23.33	61	46	1	19	78	39	99	6.9	18.3
Seq8348_304_bp_-1_2_0	ABN10845.1	31.03	68	40	10	5	71	28	86	7.4	17.3
Seq8348_304_bp_-1_2_0	CAA45199.1	19.57	51	37	5	16	65	211	257	7.7	18.3
Seq8348_304_bp_-1_2_0	BAB17681.1	38.10	24	13	3	1	22	92	114	7.8	17.5
Seq8348_304_bp_-1_2_0	AAB26998.1	18.18	11	9	0	19	29	47	57	9.7	15.4
