Seq10045_239_bp_1_0_0	ENA|BAA32956|BAA32956.1	34.09	51	29	7	18	61	41	91	0.092	23.3
Seq10045_239_bp_1_0_0	ENA|ABD49687|ABD49687.1	18.18	67	54	1	9	74	1606	1672	0.092	26.3
Seq10045_239_bp_1_0_0	ENA|CAA45199|CAA45199.1	29.03	66	44	4	2	63	320	385	0.21	23.3
Seq10045_239_bp_1_0_0	ENA|CAA45199|CAA45199.1	20.31	72	51	8	8	72	8	78	0.7	21.5
Seq10045_239_bp_1_0_0	ENA|CAA36714|CAA36714.1	20.27	83	59	9	2	79	331	409	0.29	22.8
Seq10045_239_bp_1_0_0	ENA|AAA72732|AAA72732.1	21.62	79	58	5	1	77	161	236	0.33	22.0
Seq10045_239_bp_1_0_0	ENA|AAB66912|AAB66912.1	29.82	67	40	10	3	59	260	326	0.34	23.6
Seq10045_239_bp_1_0_0	ENA|AAB66912|AAB66912.1	21.05	64	45	7	3	63	526	585	0.69	22.5
Seq10045_239_bp_1_0_0	ENA|AAQ92751|AAQ92751.2	26.87	71	49	4	6	76	8	74	0.61	23.3
Seq10045_239_bp_1_0_0	ENA|CAA26939|CAA26939.1	28.57	62	40	6	19	75	483	543	0.71	21.8
Seq10045_239_bp_1_0_0	ENA|CCP43727|CCP43727.1	20.83	76	57	4	1	74	76	149	0.82	20.8
Seq10045_239_bp_1_0_0	ENA|BAB17681|BAB17681.1	20.00	81	60	6	3	78	138	217	0.97	20.3
Seq10045_239_bp_1_0_0	ENA|AAR31603|AAR31603.1	16.44	77	61	4	3	79	246	318	0.98	20.5
Seq10045_239_bp_1_0_0	ENA|ABK71357|ABK71357.1	20.31	81	51	17	7	78	146	218	1.3	20.3
Seq10045_239_bp_1_0_0	ENA|ACT10338|ACT10338.1	18.33	64	49	4	17	78	261	322	1.4	20.3
Seq10045_239_bp_1_0_0	ENA|AAC49865|AAC49865.1	15.28	75	61	3	5	77	116	189	1.4	20.0
Seq10045_239_bp_1_0_0	ENA|AAA36114|AAA36114.1	24.00	51	38	1	27	77	225	274	1.5	20.5
Seq10045_239_bp_1_0_0	ENA|ACH70901|ACH70901.1	15.15	68	56	2	2	69	174	239	1.5	20.0
Seq10045_239_bp_1_0_0	ENA|ABN10845|ABN10845.1	19.70	70	53	4	12	79	60	127	1.5	19.3
Seq10045_239_bp_1_0_0	ENA|CAA73529|CAA73529.1	22.73	46	34	2	16	59	142	187	2.3	19.0
Seq10045_239_bp_1_0_0	ENA|CAA29968|CAA29968.1	28.07	64	41	7	11	74	55	111	2.3	18.5
Seq10045_239_bp_1_0_0	ENA|CAA11507|CAA11507.1	25.97	81	57	4	1	79	806	884	2.4	21.3
Seq10045_239_bp_1_0_0	ENA|ABG75784|ABG75784.1	25.81	68	46	6	8	73	206	269	3.1	18.8
Seq10045_239_bp_1_0_0	ENA|AAI27517|AAI27517.1	25.00	75	48	11	11	75	407	480	3.5	19.5
Seq10045_239_bp_1_0_0	ENA|CAA36214|CAA36214.1	21.62	77	58	3	1	76	192	266	3.6	18.5
Seq10045_239_bp_1_0_0	ENA|CAA28033|CAA28033.1	19.18	77	59	4	4	79	558	631	3.8	20.5
Seq10045_239_bp_1_0_0	ENA|AAR37016|AAR37016.1	23.81	68	48	5	9	74	1261	1325	4.1	21.3
Seq10045_239_bp_1_0_0	ENA|AAC97205|AAC97205.1	19.72	74	57	3	1	73	609	680	4.3	20.3
Seq10045_239_bp_1_0_0	ENA|AAA32624|AAA32624.1	29.17	80	51	8	1	74	51	128	4.3	19.0
Seq10045_239_bp_1_0_0	ENA|CAA29956|CAA29956.1	17.57	80	61	6	4	78	234	312	4.4	18.5
Seq10045_239_bp_1_0_0	ENA|BAA32018|BAA32018.1	29.09	62	39	7	1	59	407	464	5.2	19.0
Seq10045_239_bp_1_0_0	ENA|AAC08817|AAC08817.1	23.53	51	39	0	2	52	19	69	5.2	17.0
Seq10045_239_bp_1_0_0	ENA|CAA26023|CAA26023.1	30.36	66	39	10	4	59	192	257	5.3	18.2
Seq10045_239_bp_1_0_0	ENA|AAC40132|AAC40132.1	17.86	57	46	1	14	69	374	430	5.5	18.5
Seq10045_239_bp_1_0_0	ENA|AAC17860|AAC17860.1	19.05	67	51	4	12	75	183	248	5.7	18.2
Seq10045_239_bp_1_0_0	ENA|AAA25966|AAA25966.1	22.58	69	48	7	9	72	53	119	5.9	19.0
Seq10045_239_bp_1_0_0	ENA|AAC26660|AAC26660.1	9.21	78	69	2	3	78	155	232	6	17.5
Seq10045_239_bp_1_0_0	ENA|AAB26998|AAB26998.1	24.24	37	25	4	34	66	14	50	7.3	15.5
Seq10045_239_bp_1_0_0	ENA|AAA36539|AAA36539.1	12.16	77	65	3	2	78	215	288	7.7	18.0
Seq10045_239_bp_1_0_0	ENA|CAA24711|CAA24711.1	24.32	86	56	12	2	75	79	164	7.9	16.5
Seq10045_239_bp_1_0_0	ENA|AAA24145|AAA24145.1	14.00	51	43	1	27	76	138	188	8.8	17.7
Seq10045_239_bp_1_1_0	ENA|AAR31603|AAR31603.1	40.00	10	6	0	1	10	256	265	2	16.5
Seq10045_239_bp_1_1_0	ENA|CAA43419|CAA43419.1	57.14	7	3	0	2	8	107	113	2.2	16.5
Seq10045_239_bp_1_1_0	ENA|AAA25966|AAA25966.1	40.00	10	6	0	1	10	34	43	3	17.0
Seq10045_239_bp_1_1_0	ENA|ABD49687|ABD49687.1	33.33	9	6	0	2	10	846	854	3.6	18.0
Seq10045_239_bp_1_1_0	ENA|AAB03707|AAB03707.1	44.44	9	5	0	1	9	1306	1314	5.7	17.0
Seq10045_239_bp_1_1_0	ENA|BAA32991|BAA32991.1	37.50	8	5	0	1	8	4	11	6.2	12.5
Seq10045_239_bp_1_1_0	ENA|AAS77176|AAS77176.1	60.00	5	2	0	1	5	172	176	9.1	14.0
Seq10045_239_bp_1_1_1	ENA|ABK71357|ABK71357.1	37.84	40	23	3	14	52	36	73	0.038	24.8
Seq10045_239_bp_1_1_1	ENA|CAA29968|CAA29968.1	23.26	44	33	1	10	52	68	111	0.77	19.5
Seq10045_239_bp_1_1_1	ENA|AAR31603|AAR31603.1	17.39	47	38	1	2	47	113	159	0.88	20.1
Seq10045_239_bp_1_1_1	ENA|CAD53387|CAD53387.1	25.00	51	36	3	2	52	441	488	0.92	20.6
Seq10045_239_bp_1_1_1	ENA|AAC49865|AAC49865.1	26.32	42	28	4	10	47	146	187	1.1	19.8
Seq10045_239_bp_1_1_1	ENA|AAB66912|AAB66912.1	26.67	49	33	4	5	52	579	624	1.2	21.2
Seq10045_239_bp_1_1_1	ENA|AAR37016|AAR37016.1	34.29	43	23	8	18	52	812	854	1.3	22.3
Seq10045_239_bp_1_1_1	ENA|AAA25966|AAA25966.1	29.63	31	19	4	22	49	93	122	1.9	20.1
Seq10045_239_bp_1_1_1	ENA|AAC40132|AAC40132.1	28.57	56	35	7	2	51	63	117	2.3	19.2
Seq10045_239_bp_1_1_1	ENA|AAC26660|AAC26660.1	20.93	45	34	2	6	50	160	202	2.6	18.1
Seq10045_239_bp_1_1_1	ENA|AAF79734|AAF79734.1	33.33	31	20	1	8	37	631	661	2.6	20.6
Seq10045_239_bp_1_1_1	ENA|CAA36714|CAA36714.1	29.27	46	29	5	5	50	425	465	2.7	19.0
Seq10045_239_bp_1_1_1	ENA|BAB17681|BAB17681.1	29.41	41	24	7	7	40	81	121	2.8	18.1
Seq10045_239_bp_1_1_1	ENA|BAA32018|BAA32018.1	36.00	26	16	1	10	35	361	385	2.9	19.2
Seq10045_239_bp_1_1_1	ENA|AAA32624|AAA32624.1	29.27	46	29	5	4	47	86	128	3	19.0
Seq10045_239_bp_1_1_1	ENA|AAQ92751|AAQ92751.2	24.44	46	34	1	8	52	1071	1116	3	20.4
Seq10045_239_bp_1_1_1	ENA|ABD33854|ABD33854.1	15.79	38	32	0	11	48	15	52	3	15.9
Seq10045_239_bp_1_1_1	ENA|CAA24711|CAA24711.1	27.27	49	32	5	3	50	122	166	3.8	17.0
Seq10045_239_bp_1_1_1	ENA|AAA24145|AAA24145.1	29.41	41	24	7	11	48	70	106	4.6	18.1
Seq10045_239_bp_1_1_1	ENA|ABD49687|ABD49687.1	25.58	43	32	0	10	52	1106	1148	5.4	19.8
Seq10045_239_bp_1_1_1	ENA|CAA26023|CAA26023.1	23.91	46	35	0	6	51	13	58	5.6	17.6
Seq10045_239_bp_1_1_1	ENA|AAI27517|AAI27517.1	13.04	48	40	2	3	48	473	520	5.8	18.1
Seq10045_239_bp_1_1_1	ENA|CAA73529|CAA73529.1	23.26	46	33	3	1	45	4	47	5.9	17.0
Seq10045_239_bp_1_1_1	ENA|CAA11507|CAA11507.1	22.58	32	24	1	9	39	563	594	6.2	19.2
Seq10045_239_bp_1_1_1	ENA|BAB79260|BAB79260.1	50.00	12	6	0	33	44	388	399	6.5	17.6
Seq10045_239_bp_1_1_1	ENA|AAC97205|AAC97205.1	24.49	54	37	5	3	52	599	651	6.8	19.0
Seq10045_239_bp_1_1_1	ENA|CAA28033|CAA28033.1	22.92	49	37	1	3	51	205	252	7.1	19.0
Seq10045_239_bp_1_1_1	ENA|CAL82360|CAL82360.1	19.05	46	34	4	4	45	3	48	8.4	18.7
Seq10045_239_bp_1_1_1	ENA|AAA36114|AAA36114.1	30.77	46	27	7	6	49	474	514	8.7	17.3
Seq10045_239_bp_1_1_1	ENA|BAA36759|BAA36759.1	19.05	44	34	2	3	44	64	107	8.8	16.5
Seq10045_239_bp_1_1_1	ENA|ACH70901|ACH70901.1	20.45	48	35	4	3	50	269	312	9	16.7
Seq10045_239_bp_1_1_1	ENA|CAA45708|CAA45708.1	30.00	46	28	6	3	43	813	857	9.9	18.7
Seq10045_239_bp_1_1_2	ENA|AAC49865|AAC49865.1	71.43	7	2	0	1	7	170	176	0.0074	25.0
Seq10045_239_bp_1_1_2	ENA|ABD49687|ABD49687.1	36.36	11	7	0	1	11	92	102	0.039	25.0
Seq10045_239_bp_1_1_2	ENA|ABD49687|ABD49687.1	66.67	6	2	0	4	9	749	754	0.24	22.4
Seq10045_239_bp_1_1_2	ENA|ABD49687|ABD49687.1	50.00	6	3	0	4	9	1043	1048	0.49	21.3
Seq10045_239_bp_1_1_2	ENA|AAA25966|AAA25966.1	55.56	9	4	0	5	13	5	13	0.07	22.9
Seq10045_239_bp_1_1_2	ENA|AAR37016|AAR37016.1	33.33	9	6	0	1	9	55	63	0.076	24.5
Seq10045_239_bp_1_1_2	ENA|AAR37016|AAR37016.1	50.00	6	3	0	5	10	2021	2026	0.33	22.4
Seq10045_239_bp_1_1_2	ENA|AAB96524|AAB96524.1	63.64	13	4	2	3	13	132	144	0.11	20.3
Seq10045_239_bp_1_1_2	ENA|CAA45708|CAA45708.1	36.36	11	7	0	1	11	963	973	0.3	21.8
Seq10045_239_bp_1_1_2	ENA|CAL82360|CAL82360.1	33.33	9	6	0	5	13	43	51	0.53	20.8
Seq10045_239_bp_1_1_2	ENA|CAA28033|CAA28033.1	33.33	9	6	0	5	13	44	52	0.53	20.8
Seq10045_239_bp_1_1_2	ENA|CAA28033|CAA28033.1	66.67	6	2	0	5	10	1118	1123	0.76	20.3
Seq10045_239_bp_1_1_2	ENA|AAA24145|AAA24145.1	75.00	4	1	0	2	5	52	55	0.8	18.7
Seq10045_239_bp_1_1_2	ENA|AAC08817|AAC08817.1	45.45	13	6	2	3	13	81	93	0.8	17.1
Seq10045_239_bp_1_1_2	ENA|ACH70901|ACH70901.1	33.33	6	4	0	4	9	295	300	0.89	18.2
Seq10045_239_bp_1_1_2	ENA|CAA26939|CAA26939.1	75.00	4	1	0	5	8	530	533	0.98	18.7
Seq10045_239_bp_1_1_2	ENA|ABG75784|ABG75784.1	22.22	9	7	0	1	9	166	174	1.1	17.7
Seq10045_239_bp_1_1_2	ENA|ABK71357|ABK71357.1	75.00	8	2	0	6	13	65	72	1.3	17.7
Seq10045_239_bp_1_1_2	ENA|BAA05866|BAA05866.1	71.43	7	2	0	7	13	259	265	1.6	17.1
Seq10045_239_bp_1_1_2	ENA|CAA45199|CAA45199.1	33.33	9	6	0	5	13	385	393	1.7	17.7
Seq10045_239_bp_1_1_2	ENA|AAA72732|AAA72732.1	50.00	8	4	0	1	8	277	284	2.3	16.6
Seq10045_239_bp_1_1_2	ENA|BAB79260|BAB79260.1	62.50	8	3	0	2	9	281	288	2.3	17.1
Seq10045_239_bp_1_1_2	ENA|AAB03707|AAB03707.1	44.44	9	5	0	5	13	825	833	2.4	18.7
Seq10045_239_bp_1_1_2	ENA|CAD53387|CAD53387.1	28.57	7	5	0	4	10	476	482	2.5	17.1
Seq10045_239_bp_1_1_2	ENA|CAA29956|CAA29956.1	66.67	3	1	0	4	6	376	378	2.7	16.6
Seq10045_239_bp_1_1_2	ENA|ACT10338|ACT10338.1	30.77	15	9	2	1	13	366	380	2.8	16.6
Seq10045_239_bp_1_1_2	ENA|AAC17860|AAC17860.1	41.67	13	7	1	1	13	233	244	3	16.6
Seq10045_239_bp_1_1_2	ENA|BAA36759|BAA36759.1	44.44	9	5	0	1	9	138	146	3	16.1
Seq10045_239_bp_1_1_2	ENA|AAQ92751|AAQ92751.2	40.00	10	6	0	2	11	1026	1035	3.4	18.2
Seq10045_239_bp_1_1_2	ENA|AAA32624|AAA32624.1	33.33	12	8	0	2	13	479	490	3.7	16.6
Seq10045_239_bp_1_1_2	ENA|AAI27517|AAI27517.1	80.00	5	1	0	1	5	423	427	4.2	16.6
Seq10045_239_bp_1_1_2	ENA|ABN10845|ABN10845.1	66.67	3	1	0	5	7	19	21	4.6	15.1
Seq10045_239_bp_1_1_2	ENA|AAC78721|AAC78721.1	66.67	3	1	0	3	5	106	108	4.8	16.6
Seq10045_239_bp_1_1_2	ENA|AAB26998|AAB26998.1	60.00	5	2	0	6	10	28	32	4.9	13.5
Seq10045_239_bp_1_1_2	ENA|CAA36214|CAA36214.1	66.67	6	2	0	7	12	32	37	6.3	15.1
Seq10045_239_bp_1_1_2	ENA|CAA11507|CAA11507.1	50.00	6	3	0	2	7	321	326	6.6	17.1
Seq10045_239_bp_1_1_2	ENA|AAR31603|AAR31603.1	60.00	7	2	2	5	9	152	158	6.8	15.1
Seq10045_239_bp_1_1_2	ENA|AAC26660|AAC26660.1	75.00	6	1	2	5	8	217	222	7.5	14.5
Seq10045_239_bp_1_1_2	ENA|CAA26023|CAA26023.1	60.00	5	2	0	3	7	181	185	7.8	15.1
Seq10045_239_bp_1_2_0	ENA|CAA29968|CAA29968.1	54.55	11	5	0	6	16	102	112	0.073	22.2
Seq10045_239_bp_1_2_0	ENA|CAA29956|CAA29956.1	31.82	22	15	0	10	31	117	138	0.31	21.1
Seq10045_239_bp_1_2_0	ENA|AAA24145|AAA24145.1	22.58	31	24	0	2	32	166	196	0.85	19.9
Seq10045_239_bp_1_2_0	ENA|AAA42531|AAA42531.1	36.00	27	16	2	8	32	7	33	0.87	19.6
Seq10045_239_bp_1_2_0	ENA|ABD49687|ABD49687.1	23.33	31	23	1	2	31	782	812	0.95	21.6
Seq10045_239_bp_1_2_0	ENA|BAB17681|BAB17681.1	32.00	31	17	6	2	27	165	194	3	17.3
Seq10045_239_bp_1_2_0	ENA|AAC97205|AAC97205.1	30.43	23	16	0	5	27	157	179	4	19.1
Seq10045_239_bp_1_2_0	ENA|CAA26939|CAA26939.1	40.00	10	6	0	11	20	521	530	4.1	17.9
Seq10045_239_bp_1_2_0	ENA|AAI27517|AAI27517.1	25.93	31	20	4	1	30	148	175	4.2	17.9
Seq10045_239_bp_1_2_0	ENA|CAA73529|CAA73529.1	62.50	8	3	0	4	11	264	271	4.4	16.8
Seq10045_239_bp_1_2_0	ENA|AAC78721|AAC78721.1	27.78	18	13	0	8	25	626	643	4.8	17.9
Seq10045_239_bp_1_2_0	ENA|AAC49865|AAC49865.1	66.67	6	2	0	6	11	64	69	5.2	16.8
Seq10045_239_bp_1_2_0	ENA|BAB79260|BAB79260.1	25.00	16	12	0	11	26	192	207	7	16.8
Seq10045_239_bp_1_2_0	ENA|ACT10338|ACT10338.1	42.86	16	8	2	3	16	122	137	7.3	16.5
Seq10045_239_bp_1_2_0	ENA|AAA18786|AAA18786.1	70.00	12	3	2	8	19	260	269	7.5	15.9
Seq10045_239_bp_1_2_1	ENA|BAB79260|BAB79260.1	30.30	34	23	1	5	37	367	400	0.073	23.7
Seq10045_239_bp_1_2_1	ENA|BAB79260|BAB79260.1	33.33	38	20	8	1	36	113	144	0.57	20.8
Seq10045_239_bp_1_2_1	ENA|CAA11507|CAA11507.1	40.62	35	19	3	1	32	475	509	0.35	23.1
Seq10045_239_bp_1_2_1	ENA|AAB03707|AAB03707.1	47.83	25	12	2	5	29	492	514	0.35	23.1
Seq10045_239_bp_1_2_1	ENA|CAA73529|CAA73529.1	30.30	35	23	2	4	38	52	84	0.68	19.8
Seq10045_239_bp_1_2_1	ENA|ACH70901|ACH70901.1	31.25	41	22	9	1	38	63	97	1.1	19.4
Seq10045_239_bp_1_2_1	ENA|AAC26660|AAC26660.1	27.27	23	16	1	17	38	163	185	1.6	18.5
Seq10045_239_bp_1_2_1	ENA|AAC17860|AAC17860.1	14.29	35	30	0	2	36	333	367	1.6	19.1
Seq10045_239_bp_1_2_1	ENA|EDO47375|EDO47375.1	22.22	27	21	0	3	29	17	43	1.8	17.8
Seq10045_239_bp_1_2_1	ENA|CAB75732|CAB75732.1	20.00	35	28	0	4	38	1094	1128	2.3	20.1
Seq10045_239_bp_1_2_1	ENA|AAB66912|AAB66912.1	22.22	27	21	0	11	37	890	916	2.3	19.8
Seq10045_239_bp_1_2_1	ENA|AAA72732|AAA72732.1	25.00	29	21	1	11	39	141	168	2.4	18.1
Seq10045_239_bp_1_2_1	ENA|BAA32018|BAA32018.1	40.00	35	18	5	1	34	97	127	2.4	19.1
Seq10045_239_bp_1_2_1	ENA|CCP43727|CCP43727.1	32.00	28	17	3	13	38	195	221	2.5	18.1
Seq10045_239_bp_1_2_1	ENA|AAS77176|AAS77176.1	16.67	38	30	2	1	38	149	184	2.8	17.8
Seq10045_239_bp_1_2_1	ENA|CAA26023|CAA26023.1	38.10	21	13	0	12	32	364	384	2.9	18.1
Seq10045_239_bp_1_2_1	ENA|AAA36114|AAA36114.1	34.38	35	21	3	1	32	144	178	3.1	18.5
Seq10045_239_bp_1_2_1	ENA|AAR31603|AAR31603.1	29.63	27	19	0	5	31	58	84	3.2	17.8
Seq10045_239_bp_1_2_1	ENA|ABN10845|ABN10845.1	30.77	13	9	0	20	32	186	198	3.3	17.1
Seq10045_239_bp_1_2_1	ENA|BAB17681|BAB17681.1	38.46	16	8	3	23	38	140	152	3.3	17.5
Seq10045_239_bp_1_2_1	ENA|ACT10338|ACT10338.1	25.00	24	18	0	3	26	179	202	3.7	17.8
Seq10045_239_bp_1_2_1	ENA|CAL82360|CAL82360.1	17.14	37	29	2	2	38	235	269	3.9	19.4
Seq10045_239_bp_1_2_1	ENA|AAQ92751|AAQ92751.2	33.33	23	14	2	12	32	433	455	4.2	19.4
Seq10045_239_bp_1_2_1	ENA|BAA05866|BAA05866.1	20.51	40	31	1	1	39	1	40	4.6	17.1
Seq10045_239_bp_1_2_1	ENA|AAA42531|AAA42531.1	29.17	24	17	0	6	29	222	245	4.6	17.5
Seq10045_239_bp_1_2_1	ENA|BAA32956|BAA32956.1	33.33	26	16	2	5	28	31	56	5	16.5
Seq10045_239_bp_1_2_1	ENA|ABK71357|ABK71357.1	35.00	21	13	1	16	36	102	121	5.5	17.1
Seq10045_239_bp_1_2_1	ENA|AAC40132|AAC40132.1	17.65	35	28	1	2	35	44	78	5.6	17.5
Seq10045_239_bp_1_2_1	ENA|AAR37016|AAR37016.1	37.50	29	15	5	13	37	1088	1115	5.6	19.8
Seq10045_239_bp_1_2_1	ENA|ABG75784|ABG75784.1	22.22	27	21	0	2	28	277	303	5.8	16.8
Seq10045_239_bp_1_2_1	ENA|AAC97205|AAC97205.1	26.32	19	14	0	21	39	1185	1203	5.8	18.8
Seq10045_239_bp_1_2_1	ENA|AAC78721|AAC78721.1	25.00	30	21	2	11	38	288	317	6.3	17.8
Seq10045_239_bp_1_2_1	ENA|CAA26939|CAA26939.1	26.92	28	19	2	11	36	120	147	6.7	17.5
Seq10045_239_bp_1_2_1	ENA|AAA32624|AAA32624.1	37.50	16	10	0	14	29	94	109	7.6	17.1
Seq10045_239_bp_1_2_1	ENA|AAA25966|AAA25966.1	36.84	21	12	2	19	39	109	127	8.3	17.5
Seq10045_239_bp_1_2_1	ENA|AAF79734|AAF79734.1	45.45	11	6	0	20	30	15	25	8.4	18.5
Seq10045_239_bp_1_2_1	ENA|AAC49865|AAC49865.1	30.30	35	23	2	1	35	166	198	9.3	16.1
Seq10045_239_bp_1_2_1	ENA|ABD49687|ABD49687.1	22.73	22	17	0	15	36	1240	1261	9.8	18.5
Seq10045_239_bp_-1_0_0	ENA|BAA36759|BAA36759.1	18.18	46	36	2	2	45	43	88	5	17.2
Seq10045_239_bp_-1_0_0	ENA|CAA45199|CAA45199.1	34.48	33	19	4	6	38	433	461	5.8	17.6
Seq10045_239_bp_-1_0_0	ENA|AAR37016|AAR37016.1	32.00	29	17	4	2	26	278	306	6.8	19.7
Seq10045_239_bp_-1_0_0	ENA|ABD49687|ABD49687.1	46.15	14	7	1	4	16	505	518	9.2	18.8
Seq10045_239_bp_-1_0_0	ENA|AAB66912|AAB66912.1	37.50	35	20	3	10	41	799	833	9.5	17.9
Seq10045_239_bp_-1_0_1	ENA|BAA32991|BAA32991.1	27.59	33	21	4	1	30	20	51	0.49	18.0
Seq10045_239_bp_-1_0_1	ENA|AAA42531|AAA42531.1	25.81	35	23	4	2	32	175	209	5.2	17.0
Seq10045_239_bp_-1_1_0	ENA|ACT10338|ACT10338.1	23.08	13	10	0	10	22	298	310	0.078	22.6
Seq10045_239_bp_-1_1_0	ENA|CAA45708|CAA45708.1	52.63	23	9	4	2	22	422	442	0.23	23.0
Seq10045_239_bp_-1_1_0	ENA|CAA45708|CAA45708.1	50.00	10	5	0	3	12	344	353	0.69	21.4
Seq10045_239_bp_-1_1_0	ENA|CAA43419|CAA43419.1	36.84	19	12	0	4	22	108	126	0.29	20.6
Seq10045_239_bp_-1_1_0	ENA|AAS77176|AAS77176.1	30.77	13	9	0	2	14	148	160	0.3	20.2
Seq10045_239_bp_-1_1_0	ENA|CAA26023|CAA26023.1	23.53	19	13	2	2	18	123	141	0.3	20.6
Seq10045_239_bp_-1_1_0	ENA|AAC97205|AAC97205.1	31.25	20	11	4	2	21	654	669	0.32	22.2
Seq10045_239_bp_-1_1_0	ENA|AAA25966|AAA25966.1	15.79	19	16	0	2	20	92	110	0.33	21.4
Seq10045_239_bp_-1_1_0	ENA|AAA25966|AAA25966.1	28.57	21	15	0	2	22	324	344	0.33	21.4
Seq10045_239_bp_-1_1_0	ENA|AAA25966|AAA25966.1	36.84	22	12	3	1	19	237	258	0.43	21.0
Seq10045_239_bp_-1_1_0	ENA|AAA25966|AAA25966.1	20.00	15	12	0	2	16	129	143	0.56	20.6
Seq10045_239_bp_-1_1_0	ENA|AAB96524|AAB96524.1	21.43	15	11	1	6	20	54	67	0.57	18.7
Seq10045_239_bp_-1_1_0	ENA|AAA36539|AAA36539.1	31.25	17	11	1	7	22	77	93	0.64	19.8
Seq10045_239_bp_-1_1_0	ENA|AAA32624|AAA32624.1	33.33	9	6	0	10	18	477	485	0.7	19.8
Seq10045_239_bp_-1_1_0	ENA|CAA45199|CAA45199.1	29.41	20	12	3	1	17	450	469	0.83	19.4
Seq10045_239_bp_-1_1_0	ENA|AAI27517|AAI27517.1	30.00	20	14	0	3	22	436	455	1	19.4
Seq10045_239_bp_-1_1_0	ENA|AAR37016|AAR37016.1	28.57	14	10	0	2	15	1554	1567	1.4	21.0
Seq10045_239_bp_-1_1_0	ENA|BAA32991|BAA32991.1	41.67	15	7	3	3	15	19	32	1.4	15.9
Seq10045_239_bp_-1_1_0	ENA|BAB17681|BAB17681.1	33.33	14	8	2	2	13	111	124	1.4	17.9
Seq10045_239_bp_-1_1_0	ENA|ABN10845|ABN10845.1	26.32	19	14	0	2	20	57	75	1.5	17.5
Seq10045_239_bp_-1_1_0	ENA|CAL82360|CAL82360.1	26.32	21	14	2	2	22	1101	1119	1.7	19.8
Seq10045_239_bp_-1_1_0	ENA|BAB79260|BAB79260.1	36.36	11	7	0	7	17	172	182	1.8	18.3
Seq10045_239_bp_-1_1_0	ENA|CAA26939|CAA26939.1	31.58	24	13	5	2	21	11	33	2.2	18.3
Seq10045_239_bp_-1_1_0	ENA|ABD49687|ABD49687.1	33.33	17	10	2	2	16	35	51	2.3	19.8
Seq10045_239_bp_-1_1_0	ENA|BAA36759|BAA36759.1	37.50	17	10	1	3	18	4	20	2.6	17.1
Seq10045_239_bp_-1_1_0	ENA|AAB03707|AAB03707.1	50.00	18	8	2	2	17	404	421	3.1	19.1
Seq10045_239_bp_-1_1_0	ENA|BAA32956|BAA32956.1	40.00	19	9	4	4	22	20	34	3.2	16.3
Seq10045_239_bp_-1_1_0	ENA|BAA32018|BAA32018.1	35.71	14	9	0	2	15	157	170	3.2	17.9
Seq10045_239_bp_-1_1_0	ENA|CAA29956|CAA29956.1	30.77	13	9	0	2	14	284	296	3.3	17.1
Seq10045_239_bp_-1_1_0	ENA|AAB26998|AAB26998.1	60.00	5	2	0	8	12	45	49	3.5	14.7
Seq10045_239_bp_-1_1_0	ENA|AAA24145|AAA24145.1	20.00	15	12	0	2	16	47	61	4	17.1
Seq10045_239_bp_-1_1_0	ENA|CAA36714|CAA36714.1	46.15	14	7	1	3	16	430	442	4.1	17.1
Seq10045_239_bp_-1_1_0	ENA|AAC26660|AAC26660.1	33.33	9	6	0	7	15	178	186	5	15.9
Seq10045_239_bp_-1_1_0	ENA|AAF79734|AAF79734.1	38.46	13	8	0	7	19	887	899	5.5	18.3
Seq10045_239_bp_-1_1_0	ENA|ABK71357|ABK71357.1	35.71	17	9	3	3	19	134	147	7.2	15.9
Seq10045_239_bp_-1_1_0	ENA|BAA05866|BAA05866.1	33.33	17	10	2	7	21	148	164	7.7	15.5
Seq10045_239_bp_-1_1_0	ENA|AAC17860|AAC17860.1	23.53	18	13	1	2	19	349	365	7.9	15.9
Seq10045_239_bp_-1_1_0	ENA|AAR31603|AAR31603.1	30.77	14	9	1	2	14	143	156	8.2	15.5
Seq10045_239_bp_-1_1_0	ENA|CAA28033|CAA28033.1	33.33	21	12	3	2	22	44	61	8.3	17.5
Seq10045_239_bp_-1_1_0	ENA|AAA18786|AAA18786.1	14.29	21	18	0	2	22	187	207	8.7	15.1
Seq10045_239_bp_-1_1_0	ENA|AAQ92751|AAQ92751.2	21.43	14	11	0	2	15	535	548	8.8	17.5
Seq10045_239_bp_-1_1_1	ENA|ABD49687|ABD49687.1	60.00	16	6	1	1	16	382	396	0.068	24.5
Seq10045_239_bp_-1_1_1	ENA|CAA26023|CAA26023.1	50.00	8	4	0	1	8	275	282	0.19	20.8
Seq10045_239_bp_-1_1_1	ENA|CAA26023|CAA26023.1	33.33	15	10	0	1	15	302	316	0.65	19.0
Seq10045_239_bp_-1_1_1	ENA|AAI27517|AAI27517.1	50.00	12	6	0	1	12	323	334	0.39	20.4
Seq10045_239_bp_-1_1_1	ENA|ABN10845|ABN10845.1	30.77	13	9	0	4	16	131	143	0.51	18.6
Seq10045_239_bp_-1_1_1	ENA|BAA32956|BAA32956.1	28.57	14	10	0	3	16	107	120	1.2	17.2
Seq10045_239_bp_-1_1_1	ENA|AAC08817|AAC08817.1	25.00	16	12	0	1	16	18	33	1.7	16.3
Seq10045_239_bp_-1_1_1	ENA|AAF79734|AAF79734.1	26.67	15	11	0	1	15	640	654	1.8	19.5
Seq10045_239_bp_-1_1_1	ENA|CAA29968|CAA29968.1	20.00	15	12	0	1	15	135	149	2.9	15.9
Seq10045_239_bp_-1_1_1	ENA|AAA36114|AAA36114.1	62.50	8	3	0	3	10	418	425	3	17.2
Seq10045_239_bp_-1_1_1	ENA|AAA42531|AAA42531.1	35.71	14	9	0	3	16	74	87	4.2	16.3
Seq10045_239_bp_-1_1_1	ENA|AAB96524|AAB96524.1	46.67	20	8	5	2	16	34	53	5	15.0
Seq10045_239_bp_-1_1_1	ENA|EDO47375|EDO47375.1	35.71	15	9	1	1	15	85	98	5.1	15.0
Seq10045_239_bp_-1_1_1	ENA|ACH70901|ACH70901.1	20.00	15	12	0	2	16	10	24	5.2	15.9
Seq10045_239_bp_-1_1_1	ENA|AAA36539|AAA36539.1	35.71	16	9	2	1	16	93	106	6.8	15.9
Seq10045_239_bp_-1_1_1	ENA|AAR37016|AAR37016.1	26.67	15	11	0	1	15	1390	1404	7	18.1
Seq10045_239_bp_-1_1_1	ENA|AAA18786|AAA18786.1	57.14	7	3	0	1	7	80	86	7.1	15.0
Seq10045_239_bp_-1_1_1	ENA|CAD53387|CAD53387.1	42.86	7	4	0	1	7	459	465	7.2	15.9
Seq10045_239_bp_-1_1_1	ENA|AAB03707|AAB03707.1	31.25	16	11	0	1	16	828	843	7.7	17.2
Seq10045_239_bp_-1_1_1	ENA|CAA45708|CAA45708.1	46.15	15	7	2	1	13	1141	1155	8.4	17.2
Seq10045_239_bp_-1_1_1	ENA|CAA28033|CAA28033.1	21.43	14	11	0	3	16	1120	1133	9.7	16.8
Seq10045_239_bp_-1_1_2	ENA|AAC97205|AAC97205.1	31.03	32	20	3	3	31	873	904	0.96	21.4
Seq10045_239_bp_-1_1_2	ENA|CAA29968|CAA29968.1	34.48	34	19	5	4	32	157	190	3.5	16.9
Seq10045_239_bp_-1_1_2	ENA|CCP43727|CCP43727.1	37.50	25	15	1	16	39	300	324	9.8	16.1
Seq10045_239_bp_-1_2_0	ENA|CAA26939|CAA26939.1	34.78	51	30	5	3	50	371	419	0.73	21.1
Seq10045_239_bp_-1_2_0	ENA|AAA32624|AAA32624.1	32.61	51	31	5	3	50	323	371	1.1	20.3
Seq10045_239_bp_-1_2_0	ENA|BAA36759|BAA36759.1	21.05	42	30	4	2	43	89	126	4.9	17.3
Seq10045_239_bp_-1_2_0	ENA|BAA32991|BAA32991.1	41.18	18	10	1	28	44	23	40	5.5	15.0
Seq10045_239_bp_-1_2_0	ENA|AAC40132|AAC40132.1	23.08	40	30	1	7	45	407	446	5.6	17.8
Seq10045_239_bp_-1_2_0	ENA|ABD33854|ABD33854.1	28.57	31	20	3	4	34	26	53	7.1	14.5
Seq10045_239_bp_-1_2_0	ENA|CAL82360|CAL82360.1	34.62	33	17	7	6	38	1045	1070	8.7	18.6
Seq10045_239_bp_-1_2_0	ENA|BAB17681|BAB17681.1	29.41	37	24	3	3	37	39	74	8.9	16.3
Seq10045_239_bp_-1_2_1	ENA|AAC49865|AAC49865.1	40.00	10	6	0	1	10	322	331	2.4	16.2
Seq10045_239_bp_-1_2_1	ENA|CAL82360|CAL82360.1	50.00	8	4	0	3	10	1173	1180	2.5	18.1
Seq10045_239_bp_-1_2_1	ENA|ACT10338|ACT10338.1	50.00	10	5	0	1	10	70	79	3.8	15.8
Seq10045_239_bp_-1_2_1	ENA|AAA18786|AAA18786.1	42.86	7	4	0	2	8	156	162	5	14.8
Seq10045_239_bp_-1_2_1	ENA|BAA36759|BAA36759.1	50.00	8	4	0	1	8	158	165	5.4	14.8
Seq10045_239_bp_-1_2_1	ENA|CAA29956|CAA29956.1	55.56	9	4	0	2	10	5	13	6.9	14.8
Seq10045_239_bp_-1_2_1	ENA|AAA36539|AAA36539.1	50.00	8	4	0	1	8	25	32	8.6	14.8
Seq10045_239_bp_-1_2_1	ENA|CAA11507|CAA11507.1	50.00	8	4	0	1	8	737	744	9.2	16.2
