Seq5540_152_bp_1_0_0	ENA|AAC17860|AAC17860.1	93.88	49	3	0	2	50	302	350	3.9e-32	124.5
Seq5540_152_bp_1_0_0	ENA|BAA32018|BAA32018.1	53.33	15	7	0	21	35	230	244	0.74	21.2
Seq5540_152_bp_1_0_0	ENA|AAB26998|AAB26998.1	40.00	15	9	0	14	28	45	59	0.81	18.1
Seq5540_152_bp_1_0_0	ENA|ABK71357|ABK71357.1	53.85	17	6	4	14	30	174	186	0.91	20.2
Seq5540_152_bp_1_0_0	ENA|CAA29956|CAA29956.1	33.33	27	18	0	3	29	22	48	1.2	19.8
Seq5540_152_bp_1_0_0	ENA|BAA36759|BAA36759.1	44.44	20	10	2	17	34	128	147	1.4	19.1
Seq5540_152_bp_1_0_0	ENA|CAL82360|CAL82360.1	66.67	10	3	1	11	20	114	122	1.5	21.2
Seq5540_152_bp_1_0_0	ENA|AAC97205|AAC97205.1	58.33	13	5	1	7	18	887	899	1.8	20.9
Seq5540_152_bp_1_0_0	ENA|ABD49687|ABD49687.1	33.33	24	16	0	14	37	234	257	2.5	20.9
Seq5540_152_bp_1_0_0	ENA|CAA11507|CAA11507.1	50.00	24	10	4	6	29	1170	1189	2.6	20.5
Seq5540_152_bp_1_0_0	ENA|AAA24145|AAA24145.1	36.84	19	12	0	23	41	364	382	2.9	18.8
Seq5540_152_bp_1_0_0	ENA|AAS77176|AAS77176.1	34.62	27	17	1	25	50	131	157	2.9	18.1
Seq5540_152_bp_1_0_0	ENA|BAA05866|BAA05866.1	30.00	40	21	10	3	42	141	170	3.9	17.7
Seq5540_152_bp_1_0_0	ENA|AAF79734|AAF79734.1	35.56	48	29	3	4	48	592	639	5.5	19.5
Seq5540_152_bp_1_0_0	ENA|BAB79260|BAB79260.1	27.27	23	16	1	27	49	401	422	5.7	17.7
Seq5540_152_bp_1_0_0	ENA|ACT10338|ACT10338.1	33.33	15	10	0	3	17	357	371	6.2	17.4
Seq5540_152_bp_1_0_0	ENA|AAA36114|AAA36114.1	35.29	17	11	0	28	44	40	56	6.4	17.7
Seq5540_152_bp_1_0_0	ENA|CAA36214|CAA36214.1	31.82	27	15	5	11	32	169	195	7.7	16.7
Seq5540_152_bp_1_0_0	ENA|CCP43727|CCP43727.1	36.11	43	23	7	1	39	242	281	8.3	16.7
Seq5540_152_bp_1_0_0	ENA|EDO47375|EDO47375.1	58.33	15	5	3	4	15	45	59	9.7	15.6
Seq5540_152_bp_1_1_0	ENA|BAA32956|BAA32956.1	38.46	26	16	0	9	34	136	161	0.24	21.2
Seq5540_152_bp_1_1_0	ENA|CAA11507|CAA11507.1	34.48	33	19	4	18	47	42	73	2.3	20.6
Seq5540_152_bp_1_1_0	ENA|CAA26939|CAA26939.1	33.33	21	14	0	1	21	496	516	2.9	19.0
Seq5540_152_bp_1_1_0	ENA|CAA29956|CAA29956.1	50.00	21	10	1	11	30	236	256	4.5	17.7
Seq5540_152_bp_1_1_0	ENA|AAA42531|AAA42531.1	41.67	12	7	0	2	13	321	332	4.6	17.7
Seq5540_152_bp_1_1_0	ENA|AAA32624|AAA32624.1	31.71	51	28	10	1	41	448	498	6.2	17.7
Seq5540_152_bp_1_1_0	ENA|ABN10845|ABN10845.1	25.81	33	23	2	17	47	162	194	9.2	15.8
Seq5540_152_bp_1_1_0	ENA|CAL82360|CAL82360.1	36.84	19	12	0	3	21	729	747	9.5	18.4
Seq5540_152_bp_1_1_0	ENA|AAB96524|AAB96524.1	31.03	31	20	2	10	40	140	168	9.8	15.5
Seq5540_152_bp_1_1_0	ENA|AAS77176|AAS77176.1	44.00	27	14	2	11	36	152	177	9.8	16.1
Seq5540_152_bp_1_1_0	ENA|BAB79260|BAB79260.1	32.14	32	19	4	10	41	149	176	9.9	16.8
Seq5540_152_bp_1_2_0	ENA|AAQ92751|AAQ92751.2	31.03	31	20	2	1	31	1350	1378	1.8	20.4
Seq5540_152_bp_1_2_0	ENA|AAB26998|AAB26998.1	41.18	20	10	3	3	22	21	37	2.9	15.6
Seq5540_152_bp_1_2_0	ENA|AAB96524|AAB96524.1	39.13	25	14	2	2	26	20	42	5.5	15.9
Seq5540_152_bp_1_2_0	ENA|CAA36714|CAA36714.1	30.00	20	14	0	10	29	442	461	7.3	16.8
Seq5540_152_bp_1_2_0	ENA|AAB03707|AAB03707.1	31.03	29	20	0	5	33	1243	1271	7.5	18.3
Seq5540_152_bp_1_2_0	ENA|CAA73529|CAA73529.1	29.17	27	17	3	9	32	246	272	9.7	15.6
Seq5540_152_bp_1_2_1	ENA|BAA32991|BAA32991.1	33.33	9	6	0	7	15	40	48	3.3	14.1
Seq5540_152_bp_1_2_1	ENA|BAA05866|BAA05866.1	41.67	12	7	0	3	14	293	304	3.7	16.1
Seq5540_152_bp_1_2_1	ENA|CAA29968|CAA29968.1	36.36	11	7	0	5	15	149	159	4	15.3
Seq5540_152_bp_1_2_1	ENA|CAA73529|CAA73529.1	83.33	6	1	0	9	14	221	226	5.6	15.3
Seq5540_152_bp_1_2_1	ENA|AAS77176|AAS77176.1	57.14	7	3	0	8	14	223	229	5.9	15.3
Seq5540_152_bp_1_2_1	ENA|AAA42531|AAA42531.1	33.33	16	10	1	1	15	132	147	6	15.7
Seq5540_152_bp_1_2_1	ENA|CAA36714|CAA36714.1	40.00	10	6	0	5	14	161	170	7.1	15.7
Seq5540_152_bp_1_2_1	ENA|ABN10845|ABN10845.1	44.44	9	5	0	2	10	29	37	9.8	14.1
Seq5540_152_bp_-1_0_0	ENA|CAA36714|CAA36714.1	61.54	14	5	1	4	17	71	83	0.3	20.7
Seq5540_152_bp_-1_0_0	ENA|CAA28033|CAA28033.1	36.36	11	7	0	7	17	886	896	2	19.4
Seq5540_152_bp_-1_0_0	ENA|AAA24145|AAA24145.1	42.86	15	8	1	4	17	70	84	2.3	17.7
Seq5540_152_bp_-1_0_0	ENA|ABD49687|ABD49687.1	35.29	17	11	0	3	19	869	885	2.6	19.4
Seq5540_152_bp_-1_0_0	ENA|CAA45199|CAA45199.1	31.25	16	11	0	2	17	385	400	4.1	16.9
Seq5540_152_bp_-1_0_0	ENA|ACT10338|ACT10338.1	80.00	5	1	0	5	9	310	314	6	16.0
Seq5540_152_bp_-1_0_0	ENA|AAA42531|AAA42531.1	28.57	15	10	1	2	15	236	250	7.9	15.6
Seq5540_152_bp_-1_0_0	ENA|AAA25966|AAA25966.1	55.56	9	4	0	8	16	588	596	8.2	16.5
Seq5540_152_bp_-1_0_0	ENA|CAA24711|CAA24711.1	33.33	15	10	0	2	16	126	140	8.5	14.3
Seq5540_152_bp_-1_0_0	ENA|CAA11507|CAA11507.1	37.50	16	10	0	2	17	860	875	8.5	17.3
Seq5540_152_bp_-1_0_0	ENA|CAA73529|CAA73529.1	62.50	8	3	0	7	14	155	162	9.9	14.7
Seq5540_152_bp_-1_0_1	ENA|AAI27517|AAI27517.1	70.00	10	3	0	6	15	555	564	0.00022	31.2
Seq5540_152_bp_-1_0_1	ENA|AAI27517|AAI27517.1	37.50	16	10	0	1	16	199	214	0.074	22.8
Seq5540_152_bp_-1_0_1	ENA|AAC97205|AAC97205.1	66.67	9	3	0	2	10	31	39	0.036	24.9
Seq5540_152_bp_-1_0_1	ENA|CAD53387|CAD53387.1	54.55	14	5	3	3	16	462	472	0.27	20.7
Seq5540_152_bp_-1_0_1	ENA|CAB75732|CAB75732.1	41.67	12	7	0	2	13	242	253	0.3	21.8
Seq5540_152_bp_-1_0_1	ENA|AAR37016|AAR37016.1	61.54	17	5	4	3	16	2205	2220	0.42	22.3
Seq5540_152_bp_-1_0_1	ENA|ACH70901|ACH70901.1	54.55	12	5	1	5	15	86	97	0.57	19.1
Seq5540_152_bp_-1_0_1	ENA|CAA26939|CAA26939.1	28.57	14	10	0	1	14	561	574	0.63	19.7
Seq5540_152_bp_-1_0_1	ENA|ABD49687|ABD49687.1	60.00	12	4	2	3	14	107	116	0.63	21.2
Seq5540_152_bp_-1_0_1	ENA|BAA32956|BAA32956.1	44.44	9	5	0	8	16	49	57	0.99	17.6
Seq5540_152_bp_-1_0_1	ENA|AAQ92751|AAQ92751.2	71.43	7	2	0	4	10	871	877	1.1	20.2
Seq5540_152_bp_-1_0_1	ENA|AAC08817|AAC08817.1	66.67	6	2	0	2	7	85	90	1.5	16.5
Seq5540_152_bp_-1_0_1	ENA|CAA45199|CAA45199.1	40.00	10	6	0	2	11	146	155	1.5	18.1
Seq5540_152_bp_-1_0_1	ENA|AAA42531|AAA42531.1	40.00	10	6	0	4	13	271	280	1.8	17.6
Seq5540_152_bp_-1_0_1	ENA|CAA36214|CAA36214.1	45.45	11	6	0	1	11	72	82	2	17.0
Seq5540_152_bp_-1_0_1	ENA|CAA28033|CAA28033.1	50.00	12	6	0	1	12	844	855	2	19.1
Seq5540_152_bp_-1_0_1	ENA|AAA72732|AAA72732.1	50.00	8	4	0	3	10	49	56	2.1	17.0
Seq5540_152_bp_-1_0_1	ENA|AAC17860|AAC17860.1	50.00	8	4	0	2	9	215	222	2.7	17.0
Seq5540_152_bp_-1_0_1	ENA|BAA32991|BAA32991.1	50.00	6	3	0	5	10	14	19	2.8	14.4
Seq5540_152_bp_-1_0_1	ENA|ABK71357|ABK71357.1	50.00	6	3	0	8	13	62	67	3.5	16.5
Seq5540_152_bp_-1_0_1	ENA|AAB66912|AAB66912.1	44.44	9	5	0	7	15	40	48	4.3	17.6
Seq5540_152_bp_-1_0_1	ENA|AAA24145|AAA24145.1	33.33	9	6	0	5	13	63	71	4.3	16.5
Seq5540_152_bp_-1_0_1	ENA|AAC40132|AAC40132.1	100.00	3	0	0	12	14	478	480	4.5	16.5
Seq5540_152_bp_-1_0_1	ENA|AAA25966|AAA25966.1	60.00	5	2	0	9	13	26	30	4.7	17.0
Seq5540_152_bp_-1_0_1	ENA|AAA36114|AAA36114.1	63.64	14	4	3	1	11	179	192	4.8	16.5
Seq5540_152_bp_-1_0_1	ENA|CAA26023|CAA26023.1	38.46	13	8	0	4	16	5	17	5.2	16.0
Seq5540_152_bp_-1_0_1	ENA|CAL82360|CAL82360.1	36.36	11	7	0	5	15	29	39	5.8	17.6
Seq5540_152_bp_-1_0_1	ENA|BAA32018|BAA32018.1	75.00	4	1	0	11	14	551	554	5.8	16.5
Seq5540_152_bp_-1_0_1	ENA|AAR31603|AAR31603.1	37.50	8	5	0	6	13	287	294	6.3	15.5
Seq5540_152_bp_-1_0_1	ENA|AAA36539|AAA36539.1	75.00	4	1	0	13	16	141	144	6.3	16.0
Seq5540_152_bp_-1_0_1	ENA|CAA11507|CAA11507.1	40.00	10	6	0	4	13	571	580	8.6	17.0
Seq5540_152_bp_-1_0_1	ENA|AAB26998|AAB26998.1	50.00	6	3	0	3	8	30	35	9	12.8
Seq5540_152_bp_-1_0_2	ENA|AAC26660|AAC26660.1	50.00	11	5	1	1	11	109	118	0.09	20.9
Seq5540_152_bp_-1_0_2	ENA|BAA32956|BAA32956.1	62.50	8	3	0	3	10	49	56	0.11	20.4
Seq5540_152_bp_-1_0_2	ENA|CAA36214|CAA36214.1	44.44	9	5	0	3	11	264	272	0.15	20.4
Seq5540_152_bp_-1_0_2	ENA|AAB66912|AAB66912.1	50.00	12	6	0	1	12	875	886	0.16	22.0
Seq5540_152_bp_-1_0_2	ENA|AAA36539|AAA36539.1	45.45	11	6	0	1	11	311	321	0.24	20.4
Seq5540_152_bp_-1_0_2	ENA|CAA45199|CAA45199.1	36.36	11	7	0	1	11	111	121	0.49	19.3
Seq5540_152_bp_-1_0_2	ENA|AAA32624|AAA32624.1	57.14	7	3	0	1	7	81	87	0.54	19.3
Seq5540_152_bp_-1_0_2	ENA|CAA26939|CAA26939.1	57.14	7	3	0	1	7	122	128	0.59	19.3
Seq5540_152_bp_-1_0_2	ENA|AAC40132|AAC40132.1	57.14	7	3	0	1	7	352	358	0.71	18.8
Seq5540_152_bp_-1_0_2	ENA|AAC49865|AAC49865.1	40.00	10	6	0	1	10	221	230	1	17.8
Seq5540_152_bp_-1_0_2	ENA|EDO47375|EDO47375.1	66.67	6	2	0	6	11	100	105	1.2	16.7
Seq5540_152_bp_-1_0_2	ENA|CAA11507|CAA11507.1	40.00	10	6	0	1	10	260	269	2	18.8
Seq5540_152_bp_-1_0_2	ENA|AAA72732|AAA72732.1	75.00	4	1	0	4	7	10	13	2.8	16.2
Seq5540_152_bp_-1_0_2	ENA|AAB26998|AAB26998.1	20.00	5	4	0	3	7	41	45	3	14.1
Seq5540_152_bp_-1_0_2	ENA|AAA36114|AAA36114.1	75.00	4	1	0	5	8	400	403	3.1	16.7
Seq5540_152_bp_-1_0_2	ENA|ACT10338|ACT10338.1	42.86	7	4	0	3	9	30	36	3.4	16.2
Seq5540_152_bp_-1_0_2	ENA|AAA18786|AAA18786.1	36.36	11	7	0	1	11	146	156	4.8	15.2
Seq5540_152_bp_-1_0_2	ENA|BAA05866|BAA05866.1	60.00	5	2	0	1	5	30	34	5.5	15.2
Seq5540_152_bp_-1_0_2	ENA|ABN10845|ABN10845.1	50.00	6	3	0	5	10	94	99	5.6	14.6
Seq5540_152_bp_-1_0_2	ENA|AAA24145|AAA24145.1	100.00	3	0	0	5	7	446	448	5.7	15.7
Seq5540_152_bp_-1_0_2	ENA|AAB03707|AAB03707.1	42.86	7	4	0	5	11	1322	1328	5.8	17.3
Seq5540_152_bp_-1_0_2	ENA|AAR31603|AAR31603.1	60.00	5	2	0	3	7	68	72	5.9	15.2
Seq5540_152_bp_-1_0_2	ENA|CAA45708|CAA45708.1	50.00	12	6	0	1	12	482	493	6.4	17.3
Seq5540_152_bp_-1_0_2	ENA|CAA26023|CAA26023.1	50.00	8	4	0	5	12	56	63	6.8	15.2
Seq5540_152_bp_-1_0_2	ENA|AAA42531|AAA42531.1	27.27	11	8	0	1	11	232	242	6.8	15.2
Seq5540_152_bp_-1_0_2	ENA|AAS77176|AAS77176.1	100.00	3	0	0	3	5	263	265	7.3	14.6
Seq5540_152_bp_-1_0_2	ENA|CAA28033|CAA28033.1	60.00	11	4	1	2	11	590	600	7.7	16.7
Seq5540_152_bp_-1_0_2	ENA|AAC08817|AAC08817.1	75.00	4	1	0	1	4	6	9	8.1	13.6
Seq5540_152_bp_-1_0_2	ENA|CAA73529|CAA73529.1	50.00	6	3	0	1	6	136	141	9.7	14.1
Seq5540_152_bp_-1_0_2	ENA|CAA29968|CAA29968.1	75.00	4	1	0	3	6	36	39	9.9	13.6
Seq5540_152_bp_-1_1_0	ENA|AAA42531|AAA42531.1	50.00	10	5	0	1	10	304	313	0.31	19.6
Seq5540_152_bp_-1_1_0	ENA|CAA26023|CAA26023.1	42.86	7	4	0	1	7	197	203	0.45	19.0
Seq5540_152_bp_-1_1_0	ENA|CAA11507|CAA11507.1	62.50	8	3	0	3	10	876	883	0.75	20.1
Seq5540_152_bp_-1_1_0	ENA|AAA72732|AAA72732.1	54.55	11	5	0	1	11	155	165	0.79	17.9
Seq5540_152_bp_-1_1_0	ENA|AAI27517|AAI27517.1	50.00	9	4	1	1	8	420	428	1	18.5
Seq5540_152_bp_-1_1_0	ENA|ABD49687|ABD49687.1	50.00	6	3	0	6	11	1677	1682	1.4	19.6
Seq5540_152_bp_-1_1_0	ENA|ACT10338|ACT10338.1	57.14	7	3	0	1	7	82	88	1.4	17.4
Seq5540_152_bp_-1_1_0	ENA|AAA25966|AAA25966.1	66.67	6	2	0	1	6	302	307	1.8	17.9
Seq5540_152_bp_-1_1_0	ENA|AAB96524|AAB96524.1	37.50	8	5	0	1	8	169	176	2.2	15.7
Seq5540_152_bp_-1_1_0	ENA|AAC40132|AAC40132.1	50.00	6	3	0	1	6	391	396	2.6	16.8
Seq5540_152_bp_-1_1_0	ENA|AAC78721|AAC78721.1	60.00	5	2	0	6	10	375	379	3.6	16.8
Seq5540_152_bp_-1_1_0	ENA|BAA32991|BAA32991.1	75.00	4	1	0	3	6	66	69	3.6	13.5
Seq5540_152_bp_-1_1_0	ENA|AAC26660|AAC26660.1	50.00	6	3	0	5	10	230	235	4.3	15.1
Seq5540_152_bp_-1_1_0	ENA|BAA32018|BAA32018.1	50.00	10	5	0	2	11	400	409	4.9	16.3
Seq5540_152_bp_-1_1_0	ENA|AAB66912|AAB66912.1	42.86	7	4	0	4	10	544	550	4.9	16.8
Seq5540_152_bp_-1_1_0	ENA|AAF79734|AAF79734.1	33.33	9	6	0	1	9	7	15	5.2	17.4
Seq5540_152_bp_-1_1_0	ENA|CAA45708|CAA45708.1	71.43	8	2	1	3	9	566	573	5.5	17.4
Seq5540_152_bp_-1_1_0	ENA|AAC97205|AAC97205.1	22.22	9	7	0	1	9	811	819	6.4	16.8
Seq5540_152_bp_-1_1_0	ENA|AAA18786|AAA18786.1	50.00	6	3	0	4	9	227	232	6.4	14.6
Seq5540_152_bp_-1_1_0	ENA|CAA28033|CAA28033.1	60.00	5	2	0	3	7	113	117	6.8	16.8
Seq5540_152_bp_-1_1_0	ENA|BAA05866|BAA05866.1	28.57	7	5	0	5	11	147	153	7.3	14.6
Seq5540_152_bp_-1_1_0	ENA|BAA32956|BAA32956.1	33.33	9	6	0	3	11	170	178	7.4	14.0
Seq5540_152_bp_-1_1_0	ENA|AAA32624|AAA32624.1	50.00	6	3	0	2	7	401	406	8.4	15.1
Seq5540_152_bp_-1_1_0	ENA|CAA29956|CAA29956.1	50.00	11	5	1	1	11	145	154	8.8	14.6
Seq5540_152_bp_-1_1_0	ENA|CAA26939|CAA26939.1	50.00	6	3	0	2	7	449	454	9.1	15.1
Seq5540_152_bp_-1_1_0	ENA|AAC17860|AAC17860.1	55.56	10	4	1	2	10	189	198	9.6	14.6
Seq5540_152_bp_-1_1_1	ENA|EDO47375|EDO47375.1	41.67	12	7	0	4	15	144	155	0.84	18.7
Seq5540_152_bp_-1_1_1	ENA|AAA36114|AAA36114.1	42.86	22	12	1	6	26	329	350	4.1	17.8
Seq5540_152_bp_-1_1_1	ENA|CAA28033|CAA28033.1	55.00	24	9	4	4	23	1073	1096	4.6	19.0
Seq5540_152_bp_-1_1_1	ENA|AAA42531|AAA42531.1	83.33	6	1	0	14	19	181	186	5.7	16.9
Seq5540_152_bp_-1_1_1	ENA|AAA32624|AAA32624.1	45.45	27	12	5	4	29	118	140	9.2	16.6
Seq5540_152_bp_-1_2_0	ENA|AAA18786|AAA18786.1	31.03	29	20	0	17	45	212	240	0.084	23.1
Seq5540_152_bp_-1_2_0	ENA|AAC17860|AAC17860.1	37.50	47	25	7	9	50	327	371	0.16	22.8
Seq5540_152_bp_-1_2_0	ENA|AAC78721|AAC78721.1	33.33	27	18	0	16	42	519	545	0.27	22.8
Seq5540_152_bp_-1_2_0	ENA|AAQ92751|AAQ92751.2	29.41	38	24	4	5	38	778	815	0.88	22.1
Seq5540_152_bp_-1_2_0	ENA|AAR37016|AAR37016.1	23.91	47	35	1	3	49	336	381	1.2	22.4
Seq5540_152_bp_-1_2_0	ENA|BAA32991|BAA32991.1	27.59	35	21	6	5	38	23	52	1.2	17.3
Seq5540_152_bp_-1_2_0	ENA|AAS77176|AAS77176.1	28.57	39	25	4	12	50	4	38	1.6	19.0
Seq5540_152_bp_-1_2_0	ENA|AAR31603|AAR31603.1	23.81	43	32	1	4	46	137	178	2.3	18.6
Seq5540_152_bp_-1_2_0	ENA|ABN10845|ABN10845.1	62.50	8	3	0	6	13	104	111	3.1	17.6
Seq5540_152_bp_-1_2_0	ENA|CAA36714|CAA36714.1	45.00	24	11	4	26	45	314	337	4	18.3
Seq5540_152_bp_-1_2_0	ENA|EDO47375|EDO47375.1	47.37	21	10	2	15	33	17	37	4.2	16.9
Seq5540_152_bp_-1_2_0	ENA|AAA36114|AAA36114.1	19.35	31	25	0	14	44	372	402	4.4	18.3
Seq5540_152_bp_-1_2_0	ENA|AAB26998|AAB26998.1	40.00	13	6	3	4	13	35	47	5.8	15.2
Seq5540_152_bp_-1_2_0	ENA|BAA32956|BAA32956.1	37.50	29	15	5	8	36	86	109	5.9	16.6
Seq5540_152_bp_-1_2_0	ENA|BAA05866|BAA05866.1	27.91	49	31	6	2	44	258	306	6.8	16.9
Seq5540_152_bp_-1_2_0	ENA|CAD53387|CAD53387.1	25.00	32	24	0	18	49	453	484	8.5	17.3
Seq5540_152_bp_-1_2_0	ENA|AAA25966|AAA25966.1	41.18	18	10	1	29	46	413	429	9.6	17.6
