Seq7937_207_bp_1_0_0	ENA|ABK71357|ABK71357.1	50.00	10	5	0	2	11	340	349	4.4	15.9
Seq7937_207_bp_1_0_0	ENA|CAA29968|CAA29968.1	60.00	5	2	0	1	5	16	20	5	14.8
Seq7937_207_bp_1_0_0	ENA|AAB26998|AAB26998.1	37.50	8	5	0	5	12	36	43	6.4	13.1
Seq7937_207_bp_1_0_0	ENA|AAB96524|AAB96524.1	50.00	8	4	0	6	13	125	132	9.8	13.6
Seq7937_207_bp_1_0_1	ENA|AAR37016|AAR37016.1	60.00	10	4	0	10	19	1462	1471	0.046	26.7
Seq7937_207_bp_1_0_1	ENA|CAA36714|CAA36714.1	53.33	15	7	0	21	35	69	83	0.32	21.6
Seq7937_207_bp_1_0_1	ENA|BAA05866|BAA05866.1	38.10	22	13	1	8	29	148	168	0.68	19.9
Seq7937_207_bp_1_0_1	ENA|AAB96524|AAB96524.1	41.67	12	7	0	4	15	87	98	0.9	18.7
Seq7937_207_bp_1_0_1	ENA|AAC97205|AAC97205.1	50.00	8	4	0	2	9	993	1000	1.2	21.0
Seq7937_207_bp_1_0_1	ENA|BAB17681|BAB17681.1	38.89	18	11	0	15	32	241	258	2	18.2
Seq7937_207_bp_1_0_1	ENA|AAS77176|AAS77176.1	37.50	16	10	0	5	20	131	146	2.1	18.2
Seq7937_207_bp_1_0_1	ENA|BAA32956|BAA32956.1	53.85	13	6	0	4	16	50	62	2.2	17.6
Seq7937_207_bp_1_0_1	ENA|AAA72732|AAA72732.1	50.00	8	4	0	18	25	117	124	2.2	18.2
Seq7937_207_bp_1_0_1	ENA|ABN10845|ABN10845.1	33.33	27	18	0	3	29	18	44	2.3	17.6
Seq7937_207_bp_1_0_1	ENA|ACT10338|ACT10338.1	30.00	10	7	0	2	11	34	43	2.8	18.2
Seq7937_207_bp_1_0_1	ENA|AAC40132|AAC40132.1	50.00	8	4	0	15	22	420	427	4.9	17.6
Seq7937_207_bp_1_0_1	ENA|BAA32018|BAA32018.1	26.32	19	14	0	14	32	19	37	6.4	17.6
Seq7937_207_bp_1_0_1	ENA|BAA32991|BAA32991.1	50.00	6	3	0	32	37	54	59	7.4	14.2
Seq7937_207_bp_1_0_1	ENA|AAA36114|AAA36114.1	41.67	12	7	0	24	35	397	408	7.6	17.0
Seq7937_207_bp_1_0_1	ENA|ABK71357|ABK71357.1	42.86	14	8	0	19	32	42	55	8.2	16.4
Seq7937_207_bp_1_0_1	ENA|AAC26660|AAC26660.1	27.27	11	8	0	25	35	239	249	8.4	15.9
Seq7937_207_bp_1_0_1	ENA|AAA42531|AAA42531.1	33.33	9	6	0	19	27	52	60	8.5	16.4
Seq7937_207_bp_1_0_1	ENA|AAI27517|AAI27517.1	31.58	19	13	0	6	24	561	579	8.7	17.0
Seq7937_207_bp_1_0_1	ENA|CAA28033|CAA28033.1	42.86	16	8	2	18	31	758	773	8.8	18.2
Seq7937_207_bp_1_0_1	ENA|CAA73529|CAA73529.1	37.50	8	5	0	15	22	207	214	8.9	15.9
Seq7937_207_bp_1_0_1	ENA|BAB79260|BAB79260.1	30.77	26	18	0	8	33	101	126	9.8	16.4
Seq7937_207_bp_1_0_2	ENA|ACH70901|ACH70901.1	54.55	11	5	0	7	17	80	90	0.25	20.5
Seq7937_207_bp_1_0_2	ENA|AAA25966|AAA25966.1	35.71	14	9	0	3	16	166	179	1.2	19.2
Seq7937_207_bp_1_0_2	ENA|AAB66912|AAB66912.1	50.00	10	5	0	7	16	700	709	1.5	19.2
Seq7937_207_bp_1_0_2	ENA|BAB79260|BAB79260.1	50.00	8	4	0	3	10	383	390	2.8	17.2
Seq7937_207_bp_1_0_2	ENA|AAA18786|AAA18786.1	66.67	6	2	0	11	16	110	115	4	16.0
Seq7937_207_bp_1_0_2	ENA|ABN10845|ABN10845.1	50.00	8	4	0	6	13	194	201	5	15.3
Seq7937_207_bp_1_0_2	ENA|AAR37016|AAR37016.1	33.33	15	10	0	1	15	1649	1663	5.8	18.5
Seq7937_207_bp_1_0_2	ENA|CAA45708|CAA45708.1	54.55	11	5	0	6	16	513	523	5.9	17.9
Seq7937_207_bp_1_0_2	ENA|AAA36114|AAA36114.1	60.00	10	4	0	2	11	165	174	7.3	16.0
Seq7937_207_bp_1_0_2	ENA|CAA26939|CAA26939.1	27.27	11	8	0	3	13	183	193	8.2	16.0
Seq7937_207_bp_1_0_2	ENA|BAA36759|BAA36759.1	37.50	8	5	0	5	12	171	178	9.9	14.7
Seq7937_207_bp_1_1_0	ENA|BAB79260|BAB79260.1	100.00	68	0	0	1	68	368	435	3.2e-56	205.1
Seq7937_207_bp_1_1_0	ENA|AAC97205|AAC97205.1	63.16	23	7	4	43	65	758	776	0.013	28.5
Seq7937_207_bp_1_1_0	ENA|AAC97205|AAC97205.1	38.10	21	13	0	28	48	260	280	0.35	23.7
Seq7937_207_bp_1_1_0	ENA|CAA45708|CAA45708.1	45.45	11	6	0	26	36	1371	1381	0.96	22.6
Seq7937_207_bp_1_1_0	ENA|ABN10845|ABN10845.1	54.55	11	5	0	12	22	187	197	1.6	19.0
Seq7937_207_bp_1_1_0	ENA|ACH70901|ACH70901.1	45.00	21	11	1	32	51	192	212	2.6	19.0
Seq7937_207_bp_1_1_0	ENA|CAA43419|CAA43419.1	41.67	12	7	0	24	35	145	156	2.7	19.0
Seq7937_207_bp_1_1_0	ENA|AAR37016|AAR37016.1	42.86	14	8	0	49	62	1161	1174	3.3	21.4
Seq7937_207_bp_1_1_0	ENA|CAA24711|CAA24711.1	27.78	18	13	0	36	53	15	32	4.2	17.2
Seq7937_207_bp_1_1_0	ENA|AAB66912|AAB66912.1	35.71	28	18	0	30	57	513	540	4.4	19.6
Seq7937_207_bp_1_1_0	ENA|AAB96524|AAB96524.1	40.00	15	9	0	54	68	95	109	4.5	17.2
Seq7937_207_bp_1_1_0	ENA|ABG75784|ABG75784.1	45.45	11	6	0	42	52	86	96	5	17.8
Seq7937_207_bp_1_1_0	ENA|AAC49865|AAC49865.1	33.33	12	8	0	28	39	47	58	5.3	17.8
Seq7937_207_bp_1_1_0	ENA|ABD49687|ABD49687.1	52.17	25	11	2	10	34	1460	1482	5.4	20.2
Seq7937_207_bp_1_1_0	ENA|CAA26023|CAA26023.1	31.58	19	13	0	25	43	120	138	6.1	17.8
Seq7937_207_bp_1_1_0	ENA|AAB03707|AAB03707.1	35.71	14	9	0	31	44	635	648	6.4	19.6
Seq7937_207_bp_1_1_0	ENA|AAC78721|AAC78721.1	55.56	9	4	0	39	47	224	232	7.1	18.4
Seq7937_207_bp_1_1_0	ENA|AAA24145|AAA24145.1	45.00	21	11	1	26	46	414	433	7.3	17.8
Seq7937_207_bp_1_1_0	ENA|BAA05866|BAA05866.1	35.71	16	9	2	31	46	146	159	7.3	17.2
Seq7937_207_bp_1_1_0	ENA|AAC40132|AAC40132.1	37.50	16	10	0	27	42	228	243	7.5	17.8
Seq7937_207_bp_1_1_0	ENA|AAA25966|AAA25966.1	42.11	19	11	0	50	68	608	626	7.5	18.4
Seq7937_207_bp_1_1_0	ENA|AAQ92751|AAQ92751.2	28.57	21	15	0	39	59	728	748	9.4	19.0
Seq7937_207_bp_1_2_0	ENA|AAQ92751|AAQ92751.2	50.00	14	7	0	34	47	217	230	0.032	26.8
Seq7937_207_bp_1_2_0	ENA|AAA42531|AAA42531.1	40.00	20	12	0	17	36	264	283	0.18	22.5
Seq7937_207_bp_1_2_0	ENA|ACH70901|ACH70901.1	27.59	29	21	0	11	39	209	237	0.51	20.9
Seq7937_207_bp_1_2_0	ENA|AAA32624|AAA32624.1	42.86	14	8	0	35	48	392	405	1.6	19.8
Seq7937_207_bp_1_2_0	ENA|CAA11507|CAA11507.1	46.15	13	7	0	31	43	483	495	1.9	20.9
Seq7937_207_bp_1_2_0	ENA|ABN10845|ABN10845.1	28.57	14	10	0	29	42	27	40	2.9	17.6
Seq7937_207_bp_1_2_0	ENA|AAC08817|AAC08817.1	37.50	16	10	0	19	34	106	121	3	17.1
Seq7937_207_bp_1_2_0	ENA|AAA24145|AAA24145.1	29.17	24	17	0	17	40	24	47	4.1	18.2
Seq7937_207_bp_1_2_0	ENA|CCP43727|CCP43727.1	53.85	13	6	0	21	33	300	312	4.3	17.6
Seq7937_207_bp_1_2_0	ENA|CAA24711|CAA24711.1	25.00	24	18	0	3	26	89	112	4.7	16.6
Seq7937_207_bp_1_2_0	ENA|BAA32018|BAA32018.1	100.00	5	0	0	30	34	550	554	5.5	18.2
Seq7937_207_bp_1_2_0	ENA|AAA36114|AAA36114.1	38.46	13	8	0	25	37	110	122	6.5	17.6
Seq7937_207_bp_1_2_0	ENA|AAR37016|AAR37016.1	22.50	40	31	0	9	48	1449	1488	6.7	19.8
Seq7937_207_bp_1_2_0	ENA|CAA26023|CAA26023.1	18.92	37	30	0	11	47	156	192	7	17.1
Seq7937_207_bp_1_2_0	ENA|CAL82360|CAL82360.1	27.78	18	13	0	2	19	446	463	7.6	18.7
Seq7937_207_bp_1_2_0	ENA|BAB79260|BAB79260.1	24.14	29	22	0	12	40	136	164	8.2	17.1
Seq7937_207_bp_1_2_0	ENA|ABD49687|ABD49687.1	50.00	8	4	0	41	48	845	852	10	18.7
Seq7937_207_bp_1_2_1	ENA|AAB96524|AAB96524.1	53.33	15	7	0	1	15	50	64	0.27	19.5
Seq7937_207_bp_1_2_1	ENA|AAQ92751|AAQ92751.2	42.86	14	8	0	6	19	1141	1154	1.3	20.1
Seq7937_207_bp_1_2_1	ENA|AAC17860|AAC17860.1	50.00	12	6	0	2	13	129	140	2.7	17.3
Seq7937_207_bp_1_2_1	ENA|CAA29968|CAA29968.1	41.67	12	7	0	1	12	113	124	4	15.6
Seq7937_207_bp_1_2_1	ENA|AAR37016|AAR37016.1	42.86	14	8	0	2	15	727	740	4.8	19.0
Seq7937_207_bp_1_2_1	ENA|AAA32624|AAA32624.1	60.00	10	4	0	1	10	498	507	4.9	16.8
Seq7937_207_bp_1_2_1	ENA|AAC78721|AAC78721.1	41.67	12	7	0	1	12	615	626	6.3	16.8
Seq7937_207_bp_1_2_1	ENA|AAA24145|AAA24145.1	57.14	7	3	0	11	17	89	95	6.3	16.2
Seq7937_207_bp_1_2_1	ENA|AAA36539|AAA36539.1	80.00	5	1	0	14	18	465	469	6.5	16.2
Seq7937_207_bp_1_2_1	ENA|AAA42531|AAA42531.1	75.00	4	1	0	16	19	303	306	7.7	15.6
Seq7937_207_bp_1_2_1	ENA|BAA32991|BAA32991.1	100.00	2	0	0	18	19	28	29	9.1	12.9
Seq7937_207_bp_-1_0_0	ENA|AAC17860|AAC17860.1	45.16	32	17	1	1	32	267	297	0.0078	26.6
Seq7937_207_bp_-1_0_0	ENA|AAR37016|AAR37016.1	61.54	13	5	0	7	19	1319	1331	0.045	26.6
Seq7937_207_bp_-1_0_0	ENA|AAC08817|AAC08817.1	35.00	20	13	0	2	21	3	22	0.28	20.0
Seq7937_207_bp_-1_0_0	ENA|AAI27517|AAI27517.1	60.00	10	4	0	15	24	105	114	1.1	20.0
Seq7937_207_bp_-1_0_0	ENA|AAR31603|AAR31603.1	33.33	18	12	0	2	19	243	260	1.8	18.4
Seq7937_207_bp_-1_0_0	ENA|BAA32991|BAA32991.1	33.33	12	8	0	11	22	8	19	2.5	15.6
Seq7937_207_bp_-1_0_0	ENA|CAA43419|CAA43419.1	35.29	17	11	0	6	22	2	18	2.9	17.8
Seq7937_207_bp_-1_0_0	ENA|AAS77176|AAS77176.1	38.10	21	13	0	12	32	37	57	3.3	17.3
Seq7937_207_bp_-1_0_0	ENA|AAB96524|AAB96524.1	36.36	22	14	0	12	33	35	56	4.5	16.2
Seq7937_207_bp_-1_0_0	ENA|BAA05866|BAA05866.1	41.67	12	7	0	7	18	39	50	5.1	16.7
Seq7937_207_bp_-1_0_0	ENA|CAA24711|CAA24711.1	80.00	5	1	0	13	17	163	167	6.1	15.6
Seq7937_207_bp_-1_0_0	ENA|ABD49687|ABD49687.1	42.11	19	11	0	3	21	124	142	6.2	18.9
Seq7937_207_bp_-1_0_0	ENA|CCP43727|CCP43727.1	32.14	28	19	0	1	28	84	111	7.8	16.2
Seq7937_207_bp_-1_0_0	ENA|ACH70901|ACH70901.1	50.00	8	4	0	9	16	6	13	8.5	16.2
Seq7937_207_bp_-1_0_1	ENA|CAA29956|CAA29956.1	37.50	8	5	0	2	9	123	130	1.2	17.8
Seq7937_207_bp_-1_0_1	ENA|AAA18786|AAA18786.1	44.44	9	5	0	5	13	40	48	2.1	16.5
Seq7937_207_bp_-1_0_1	ENA|BAB17681|BAB17681.1	37.50	8	5	0	1	8	214	221	2.2	16.5
Seq7937_207_bp_-1_0_1	ENA|AAC97205|AAC97205.1	40.00	10	6	0	1	10	255	264	2.4	18.5
Seq7937_207_bp_-1_0_1	ENA|AAC17860|AAC17860.1	100.00	4	0	0	6	9	168	171	3.2	16.5
Seq7937_207_bp_-1_0_1	ENA|CAL82360|CAL82360.1	40.00	10	6	0	1	10	969	978	4	17.8
Seq7937_207_bp_-1_0_1	ENA|AAC08817|AAC08817.1	100.00	3	0	0	5	7	83	85	4.9	14.5
Seq7937_207_bp_-1_0_1	ENA|ABG75784|ABG75784.1	27.27	11	8	0	3	13	244	254	6	15.2
Seq7937_207_bp_-1_0_1	ENA|AAR31603|AAR31603.1	80.00	5	1	0	9	13	10	14	6.3	15.2
Seq7937_207_bp_-1_0_1	ENA|ABN10845|ABN10845.1	37.50	8	5	0	1	8	18	25	6.6	14.5
Seq7937_207_bp_-1_0_1	ENA|AAR37016|AAR37016.1	44.44	9	5	0	4	12	497	505	7.1	17.8
Seq7937_207_bp_-1_0_1	ENA|CAA45708|CAA45708.1	45.45	11	6	0	3	13	419	429	7.3	17.2
Seq7937_207_bp_-1_0_1	ENA|BAA36759|BAA36759.1	33.33	6	4	0	6	11	276	281	8.6	14.5
Seq7937_207_bp_-1_0_1	ENA|CAA29968|CAA29968.1	44.44	9	5	0	3	11	126	134	9.2	13.8
Seq7937_207_bp_-1_0_1	ENA|AAB26998|AAB26998.1	66.67	3	1	0	5	7	46	48	9.3	12.5
Seq7937_207_bp_-1_0_2	ENA|AAQ92751|AAQ92751.2	50.00	8	4	0	3	10	240	247	0.97	19.9
Seq7937_207_bp_-1_0_2	ENA|AAI27517|AAI27517.1	41.67	12	7	0	1	12	34	45	1.1	18.5
Seq7937_207_bp_-1_0_2	ENA|AAB66912|AAB66912.1	54.55	11	5	0	1	11	516	526	2.6	17.9
Seq7937_207_bp_-1_0_2	ENA|AAC26660|AAC26660.1	60.00	5	2	0	1	5	119	123	2.9	15.8
Seq7937_207_bp_-1_0_2	ENA|ABK71357|ABK71357.1	57.14	7	3	0	1	7	43	49	4.2	15.8
Seq7937_207_bp_-1_0_2	ENA|AAA18786|AAA18786.1	62.50	8	3	0	5	12	217	224	4.8	15.2
Seq7937_207_bp_-1_0_2	ENA|AAR31603|AAR31603.1	100.00	4	0	0	4	7	273	276	5.8	15.2
Seq7937_207_bp_-1_0_2	ENA|AAC08817|AAC08817.1	55.56	9	4	0	3	11	134	142	7	13.8
Seq7937_207_bp_-1_0_2	ENA|BAA32991|BAA32991.1	75.00	4	1	0	7	10	45	48	7.8	12.5
Seq7937_207_bp_-1_0_2	ENA|AAA25966|AAA25966.1	100.00	4	0	0	2	5	720	723	7.9	15.8
Seq7937_207_bp_-1_0_2	ENA|CCP43727|CCP43727.1	50.00	8	4	0	4	11	288	295	9	14.5
Seq7937_207_bp_-1_0_2	ENA|BAA32956|BAA32956.1	60.00	5	2	0	3	7	106	110	9.2	13.8
Seq7937_207_bp_-1_1_0	ENA|AAR31603|AAR31603.1	100.00	5	0	0	1	5	106	110	0.11	20.7
Seq7937_207_bp_-1_1_0	ENA|AAR31603|AAR31603.1	57.14	7	3	0	1	7	276	282	0.35	19.1
Seq7937_207_bp_-1_1_0	ENA|AAR31603|AAR31603.1	57.14	7	3	0	1	7	284	290	0.35	19.1
Seq7937_207_bp_-1_1_0	ENA|ABD49687|ABD49687.1	66.67	6	2	0	5	10	796	801	0.18	22.4
Seq7937_207_bp_-1_1_0	ENA|ABD49687|ABD49687.1	50.00	10	5	0	1	10	1098	1107	0.33	21.5
Seq7937_207_bp_-1_1_0	ENA|AAF79734|AAF79734.1	57.14	7	3	0	3	9	464	470	0.28	21.5
Seq7937_207_bp_-1_1_0	ENA|AAF79734|AAF79734.1	71.43	7	2	0	2	8	115	121	0.49	20.7
Seq7937_207_bp_-1_1_0	ENA|CAA11507|CAA11507.1	50.00	8	4	0	3	10	483	490	0.46	20.7
Seq7937_207_bp_-1_1_0	ENA|AAC40132|AAC40132.1	100.00	4	0	0	5	8	196	199	0.5	19.1
Seq7937_207_bp_-1_1_0	ENA|BAA05866|BAA05866.1	60.00	5	2	0	3	7	216	220	0.57	18.2
Seq7937_207_bp_-1_1_0	ENA|BAA32956|BAA32956.1	100.00	4	0	0	6	9	54	57	0.69	17.4
Seq7937_207_bp_-1_1_0	ENA|BAA32956|BAA32956.1	75.00	4	1	0	4	7	162	165	0.69	17.4
Seq7937_207_bp_-1_1_0	ENA|CAA45199|CAA45199.1	60.00	5	2	0	6	10	210	214	0.87	18.2
Seq7937_207_bp_-1_1_0	ENA|CAA29956|CAA29956.1	75.00	4	1	0	7	10	124	127	1.2	17.4
Seq7937_207_bp_-1_1_0	ENA|AAC08817|AAC08817.1	100.00	3	0	0	5	7	121	123	1.6	15.8
Seq7937_207_bp_-1_1_0	ENA|CAD53387|CAD53387.1	75.00	4	1	0	4	7	468	471	1.6	17.4
Seq7937_207_bp_-1_1_0	ENA|CAA26939|CAA26939.1	50.00	8	4	0	2	9	494	501	1.9	17.4
Seq7937_207_bp_-1_1_0	ENA|ACH70901|ACH70901.1	75.00	4	1	0	5	8	262	265	2.1	16.6
Seq7937_207_bp_-1_1_0	ENA|CAA26023|CAA26023.1	100.00	3	0	0	4	6	14	16	2.2	16.6
Seq7937_207_bp_-1_1_0	ENA|ABN10845|ABN10845.1	57.14	7	3	0	2	8	168	174	2.2	15.8
Seq7937_207_bp_-1_1_0	ENA|AAA25966|AAA25966.1	60.00	5	2	0	6	10	307	311	2.3	17.4
Seq7937_207_bp_-1_1_0	ENA|BAB79260|BAB79260.1	50.00	8	4	0	1	8	51	58	2.6	16.6
Seq7937_207_bp_-1_1_0	ENA|AAA24145|AAA24145.1	80.00	5	1	0	2	6	163	167	2.6	16.6
Seq7937_207_bp_-1_1_0	ENA|AAA18786|AAA18786.1	100.00	3	0	0	5	7	66	68	2.7	15.8
Seq7937_207_bp_-1_1_0	ENA|ABK71357|ABK71357.1	50.00	6	3	0	4	9	46	51	3.7	15.8
Seq7937_207_bp_-1_1_0	ENA|BAA32991|BAA32991.1	100.00	3	0	0	6	8	49	51	3.8	13.3
Seq7937_207_bp_-1_1_0	ENA|AAC97205|AAC97205.1	42.86	7	4	0	2	8	1146	1152	3.9	17.4
Seq7937_207_bp_-1_1_0	ENA|AAR37016|AAR37016.1	80.00	5	1	0	2	6	1027	1031	4.2	18.2
Seq7937_207_bp_-1_1_0	ENA|CAA45708|CAA45708.1	57.14	7	3	0	1	7	1023	1029	4.8	17.4
Seq7937_207_bp_-1_1_0	ENA|ABG75784|ABG75784.1	50.00	4	2	0	7	10	244	247	5.4	14.9
Seq7937_207_bp_-1_1_0	ENA|AAB96524|AAB96524.1	57.14	7	3	0	3	9	43	49	5.7	14.1
Seq7937_207_bp_-1_1_0	ENA|AAC17860|AAC17860.1	66.67	6	2	0	3	8	355	360	7	14.9
Seq7937_207_bp_-1_1_0	ENA|AAQ92751|AAQ92751.2	75.00	4	1	0	6	9	521	524	7.5	16.6
Seq7937_207_bp_-1_1_0	ENA|CAA36714|CAA36714.1	40.00	5	3	0	6	10	274	278	7.9	14.9
Seq7937_207_bp_-1_1_0	ENA|AAA36539|AAA36539.1	40.00	5	3	0	2	6	448	452	8.1	14.9
Seq7937_207_bp_-1_1_0	ENA|BAB17681|BAB17681.1	66.67	3	1	0	8	10	217	219	8.2	14.1
Seq7937_207_bp_-1_1_0	ENA|AAA32624|AAA32624.1	75.00	4	1	0	6	9	275	278	8.8	14.9
Seq7937_207_bp_-1_1_0	ENA|CAA24711|CAA24711.1	66.67	6	2	0	2	7	159	164	9	13.3
Seq7937_207_bp_-1_1_0	ENA|AAI27517|AAI27517.1	60.00	5	2	0	4	8	105	109	9.8	14.9
Seq7937_207_bp_-1_1_1	ENA|EDO47375|EDO47375.1	45.45	11	6	0	16	26	3	13	0.77	18.5
Seq7937_207_bp_-1_1_1	ENA|AAA25966|AAA25966.1	42.86	14	8	0	5	18	109	122	0.81	20.3
Seq7937_207_bp_-1_1_1	ENA|ABG75784|ABG75784.1	80.00	5	1	0	15	19	192	196	1.3	18.5
Seq7937_207_bp_-1_1_1	ENA|AAA42531|AAA42531.1	37.50	16	10	0	11	26	12	27	2.4	17.9
Seq7937_207_bp_-1_1_1	ENA|CAA45708|CAA45708.1	41.67	12	7	0	15	26	1294	1305	2.6	19.7
Seq7937_207_bp_-1_1_1	ENA|AAC78721|AAC78721.1	35.29	17	11	0	10	26	638	654	2.7	18.5
Seq7937_207_bp_-1_1_1	ENA|AAA32624|AAA32624.1	38.46	13	8	0	14	26	422	434	3.2	17.9
Seq7937_207_bp_-1_1_1	ENA|AAS77176|AAS77176.1	21.43	14	11	0	13	26	237	250	4.1	16.6
Seq7937_207_bp_-1_1_1	ENA|CAA11507|CAA11507.1	29.41	17	12	0	6	22	150	166	5.3	18.5
Seq7937_207_bp_-1_1_1	ENA|BAB79260|BAB79260.1	30.00	10	7	0	14	23	406	415	6.4	16.6
Seq7937_207_bp_-1_1_1	ENA|CAA29968|CAA29968.1	28.57	21	15	0	5	25	53	73	6.5	15.4
Seq7937_207_bp_-1_1_1	ENA|AAA24145|AAA24145.1	33.33	6	4	0	17	22	429	434	6.5	16.6
Seq7937_207_bp_-1_1_1	ENA|ABD49687|ABD49687.1	40.00	15	9	0	10	24	228	242	6.6	18.5
Seq7937_207_bp_-1_1_1	ENA|CCP43727|CCP43727.1	38.46	13	8	0	12	24	226	238	7	16.0
Seq7937_207_bp_-1_1_1	ENA|CAL82360|CAL82360.1	44.44	9	5	0	14	22	445	453	7.5	17.9
Seq7937_207_bp_-1_1_1	ENA|AAB03707|AAB03707.1	33.33	12	8	0	15	26	564	575	8.1	17.9
Seq7937_207_bp_-1_1_1	ENA|BAA32991|BAA32991.1	44.44	9	5	0	18	26	28	36	8.1	13.5
Seq7937_207_bp_-1_1_1	ENA|CAA36714|CAA36714.1	66.67	6	2	0	19	24	141	146	9.8	16.0
Seq7937_207_bp_-1_1_1	ENA|CAA45199|CAA45199.1	29.41	17	12	0	3	19	173	189	9.8	16.0
Seq7937_207_bp_-1_1_2	ENA|AAA25966|AAA25966.1	37.50	16	10	0	3	18	413	428	0.45	21.0
Seq7937_207_bp_-1_1_2	ENA|CAA26023|CAA26023.1	50.00	14	7	0	4	17	49	62	0.54	19.8
Seq7937_207_bp_-1_1_2	ENA|AAA18786|AAA18786.1	25.00	16	12	0	8	23	149	164	1.3	18.1
Seq7937_207_bp_-1_1_2	ENA|AAA36539|AAA36539.1	37.50	16	10	0	6	21	260	275	1.5	18.6
Seq7937_207_bp_-1_1_2	ENA|ACH70901|ACH70901.1	27.27	22	16	0	1	22	213	234	1.7	18.1
Seq7937_207_bp_-1_1_2	ENA|AAA42531|AAA42531.1	45.45	11	6	0	11	21	282	292	1.9	18.1
Seq7937_207_bp_-1_1_2	ENA|BAA32956|BAA32956.1	50.00	12	6	0	7	18	145	156	2.3	16.9
Seq7937_207_bp_-1_1_2	ENA|CAA24711|CAA24711.1	57.14	7	3	0	3	9	32	38	2.8	16.3
Seq7937_207_bp_-1_1_2	ENA|AAB96524|AAB96524.1	43.75	16	9	0	5	20	68	83	3	16.3
Seq7937_207_bp_-1_1_2	ENA|AAS77176|AAS77176.1	30.77	13	9	0	5	17	138	150	4.6	16.3
Seq7937_207_bp_-1_1_2	ENA|CAA45199|CAA45199.1	30.77	13	9	0	2	14	402	414	5	16.9
Seq7937_207_bp_-1_1_2	ENA|AAR31603|AAR31603.1	31.25	16	11	0	7	22	80	95	5.2	16.3
Seq7937_207_bp_-1_1_2	ENA|AAA36114|AAA36114.1	60.00	10	4	0	3	12	472	481	5.4	16.9
Seq7937_207_bp_-1_1_2	ENA|CAA28033|CAA28033.1	27.27	22	16	0	2	23	657	678	6	18.1
Seq7937_207_bp_-1_1_2	ENA|AAC26660|AAC26660.1	100.00	4	0	0	1	4	134	137	6.1	15.7
Seq7937_207_bp_-1_1_2	ENA|BAB79260|BAB79260.1	83.33	6	1	0	11	16	129	134	7.1	16.3
Seq7937_207_bp_-1_1_2	ENA|BAA05866|BAA05866.1	62.50	8	3	0	4	11	237	244	7.2	15.7
Seq7937_207_bp_-1_1_2	ENA|AAQ92751|AAQ92751.2	71.43	7	2	0	3	9	394	400	9.3	17.5
Seq7937_207_bp_-1_1_2	ENA|BAA36759|BAA36759.1	50.00	8	4	0	16	23	50	57	9.9	15.1
Seq7937_207_bp_-1_2_0	ENA|CAA11507|CAA11507.1	37.50	16	10	0	4	19	301	316	2.1	19.4
Seq7937_207_bp_-1_2_0	ENA|CAA43419|CAA43419.1	71.43	7	2	0	4	10	54	60	7.4	15.6
Seq7937_207_bp_-1_2_0	ENA|AAB03707|AAB03707.1	30.77	13	9	0	6	18	460	472	8.9	17.3
Seq7937_207_bp_-1_2_1	ENA|BAA32018|BAA32018.1	46.67	15	8	0	2	16	152	166	0.034	24.0
Seq7937_207_bp_-1_2_1	ENA|ABD49687|ABD49687.1	50.00	10	5	0	7	16	481	490	0.58	21.4
Seq7937_207_bp_-1_2_1	ENA|AAA25966|AAA25966.1	80.00	5	1	0	8	12	546	550	1.5	18.8
Seq7937_207_bp_-1_2_1	ENA|CAA28033|CAA28033.1	66.67	6	2	0	7	12	1209	1214	1.7	19.4
Seq7937_207_bp_-1_2_1	ENA|AAI27517|AAI27517.1	66.67	6	2	0	3	8	484	489	1.9	18.1
Seq7937_207_bp_-1_2_1	ENA|CAA45708|CAA45708.1	36.36	11	7	0	5	15	704	714	2	19.4
Seq7937_207_bp_-1_2_1	ENA|AAA36539|AAA36539.1	50.00	8	4	0	8	15	123	130	2.4	17.4
Seq7937_207_bp_-1_2_1	ENA|CCP43727|CCP43727.1	62.50	8	3	0	1	8	184	191	2.6	16.8
Seq7937_207_bp_-1_2_1	ENA|AAR37016|AAR37016.1	44.44	9	5	0	3	11	59	67	3	19.4
Seq7937_207_bp_-1_2_1	ENA|CAA26023|CAA26023.1	66.67	6	2	0	9	14	203	208	3	16.8
Seq7937_207_bp_-1_2_1	ENA|AAB96524|AAB96524.1	55.56	9	4	0	2	10	80	88	3.6	15.5
Seq7937_207_bp_-1_2_1	ENA|CAB75732|CAB75732.1	38.46	13	8	0	2	14	888	900	3.7	18.1
Seq7937_207_bp_-1_2_1	ENA|AAC97205|AAC97205.1	50.00	6	3	0	8	13	674	679	3.9	18.1
Seq7937_207_bp_-1_2_1	ENA|AAC49865|AAC49865.1	50.00	8	4	0	9	16	132	139	4.1	16.1
Seq7937_207_bp_-1_2_1	ENA|BAA32956|BAA32956.1	30.00	10	7	0	2	11	66	75	4.1	15.5
Seq7937_207_bp_-1_2_1	ENA|ACT10338|ACT10338.1	50.00	6	3	0	1	6	198	203	4.8	16.1
Seq7937_207_bp_-1_2_1	ENA|BAA32991|BAA32991.1	33.33	12	8	0	1	12	1	12	5.2	13.5
Seq7937_207_bp_-1_2_1	ENA|AAC78721|AAC78721.1	36.36	11	7	0	3	13	385	395	5.2	16.8
Seq7937_207_bp_-1_2_1	ENA|BAB79260|BAB79260.1	57.14	7	3	0	2	8	411	417	5.5	16.1
Seq7937_207_bp_-1_2_1	ENA|CAA36714|CAA36714.1	33.33	12	8	0	4	15	94	105	5.7	16.1
Seq7937_207_bp_-1_2_1	ENA|CAA45199|CAA45199.1	75.00	4	1	0	7	10	407	410	5.7	16.1
Seq7937_207_bp_-1_2_1	ENA|BAA05866|BAA05866.1	100.00	3	0	0	8	10	30	32	5.9	15.5
Seq7937_207_bp_-1_2_1	ENA|AAA36114|AAA36114.1	80.00	5	1	0	5	9	368	372	6.2	16.1
Seq7937_207_bp_-1_2_1	ENA|ABN10845|ABN10845.1	50.00	6	3	0	1	6	201	206	6.5	14.8
Seq7937_207_bp_-1_2_1	ENA|ACH70901|ACH70901.1	35.71	14	9	0	2	15	58	71	6.9	15.5
Seq7937_207_bp_-1_2_1	ENA|ABK71357|ABK71357.1	50.00	6	3	0	8	13	301	306	7.1	15.5
Seq7937_207_bp_-1_2_1	ENA|AAC08817|AAC08817.1	50.00	6	3	0	3	8	37	42	7.4	14.2
Seq7937_207_bp_-1_2_1	ENA|CAA24711|CAA24711.1	37.50	8	5	0	6	13	163	170	8.1	14.2
Seq7937_207_bp_-1_2_1	ENA|BAA36759|BAA36759.1	60.00	5	2	0	2	6	253	257	8.5	14.8
Seq7937_207_bp_-1_2_1	ENA|CAA36214|CAA36214.1	28.57	7	5	0	7	13	130	136	8.9	14.8
Seq7937_207_bp_-1_2_1	ENA|CAA29968|CAA29968.1	33.33	6	4	0	5	10	70	75	9	14.2
Seq7937_207_bp_-1_2_1	ENA|AAB26998|AAB26998.1	50.00	6	3	0	10	15	54	59	9	12.8
Seq7937_207_bp_-1_2_1	ENA|AAA72732|AAA72732.1	33.33	9	6	0	2	10	41	49	9.2	14.8
Seq7937_207_bp_-1_2_2	ENA|AAI27517|AAI27517.1	46.67	15	8	0	4	18	307	321	0.35	21.5
Seq7937_207_bp_-1_2_2	ENA|BAA32991|BAA32991.1	27.27	11	8	0	8	18	58	68	6.1	14.2
Seq7937_207_bp_-1_2_2	ENA|EDO47375|EDO47375.1	50.00	8	4	0	8	15	147	154	8.7	15.1
