Seq7829_264_bp_1_0_0	ENA|AAF79734|AAF79734.1	94.25	87	5	0	1	87	156	242	1.1e-39	152.3
Seq7829_264_bp_1_0_0	ENA|AAA18786|AAA18786.1	38.46	26	16	0	17	42	54	79	1.3	20.0
Seq7829_264_bp_1_0_0	ENA|BAA36759|BAA36759.1	30.36	63	39	7	11	73	25	80	2.4	19.2
Seq7829_264_bp_1_0_0	ENA|ABK71357|ABK71357.1	42.11	19	11	0	23	41	61	79	2.6	19.4
Seq7829_264_bp_1_0_0	ENA|CAA73529|CAA73529.1	23.08	39	30	0	19	57	62	100	4.1	18.3
Seq7829_264_bp_1_0_0	ENA|AAC26660|AAC26660.1	54.55	11	5	0	55	65	115	125	5.5	17.8
Seq7829_264_bp_1_0_0	ENA|AAR37016|AAR37016.1	40.62	33	19	1	16	48	24	55	7.3	20.5
Seq7829_264_bp_1_0_0	ENA|AAB26998|AAB26998.1	27.59	33	21	4	25	57	50	78	7.7	15.5
Seq7829_264_bp_1_1_0	ENA|CAA26023|CAA26023.1	29.63	27	19	0	14	40	106	132	0.068	23.8
Seq7829_264_bp_1_1_0	ENA|BAA32956|BAA32956.1	29.17	28	17	4	20	43	26	53	0.17	21.5
Seq7829_264_bp_1_1_0	ENA|BAB79260|BAB79260.1	31.03	32	20	3	10	38	395	426	0.2	22.4
Seq7829_264_bp_1_1_0	ENA|AAA32624|AAA32624.1	34.38	37	21	5	9	40	358	394	0.23	22.4
Seq7829_264_bp_1_1_0	ENA|AAA32624|AAA32624.1	45.00	22	11	2	20	39	119	140	0.32	22.0
Seq7829_264_bp_1_1_0	ENA|AAA24145|AAA24145.1	36.36	11	7	0	20	30	98	108	0.52	21.1
Seq7829_264_bp_1_1_0	ENA|AAB26998|AAB26998.1	46.67	16	8	1	14	29	7	21	0.55	18.4
Seq7829_264_bp_1_1_0	ENA|ABK71357|ABK71357.1	28.57	14	10	0	13	26	134	147	0.57	20.7
Seq7829_264_bp_1_1_0	ENA|AAR37016|AAR37016.1	40.91	24	13	2	15	38	1928	1949	0.57	23.3
Seq7829_264_bp_1_1_0	ENA|CAA11507|CAA11507.1	100.00	9	0	1	35	42	59	67	0.61	22.4
Seq7829_264_bp_1_1_0	ENA|AAB03707|AAB03707.1	33.33	28	16	4	15	42	17	40	0.61	22.4
Seq7829_264_bp_1_1_0	ENA|ABN10845|ABN10845.1	23.33	31	23	1	1	30	35	65	0.83	19.3
Seq7829_264_bp_1_1_0	ENA|AAC49865|AAC49865.1	31.25	34	22	2	8	39	95	128	0.92	19.8
Seq7829_264_bp_1_1_0	ENA|ABD49687|ABD49687.1	25.93	27	20	0	4	30	578	604	1	22.0
Seq7829_264_bp_1_1_0	ENA|AAA72732|AAA72732.1	29.41	18	12	1	3	19	291	308	1.2	19.3
Seq7829_264_bp_1_1_0	ENA|CAA45199|CAA45199.1	54.55	11	5	0	7	17	67	77	1.3	19.8
Seq7829_264_bp_1_1_0	ENA|AAR31603|AAR31603.1	25.00	24	18	0	15	38	77	100	1.7	18.9
Seq7829_264_bp_1_1_0	ENA|AAA18786|AAA18786.1	38.46	13	8	0	23	35	79	91	1.9	18.4
Seq7829_264_bp_1_1_0	ENA|AAC17860|AAC17860.1	22.58	32	24	1	9	39	235	266	2.1	18.9
Seq7829_264_bp_1_1_0	ENA|CAL82360|CAL82360.1	54.55	12	5	1	10	20	974	985	2.6	20.2
Seq7829_264_bp_1_1_0	ENA|CAA26939|CAA26939.1	37.50	17	10	1	19	35	350	365	2.9	18.9
Seq7829_264_bp_1_1_0	ENA|AAF79734|AAF79734.1	62.50	8	3	0	9	16	678	685	2.9	20.2
Seq7829_264_bp_1_1_0	ENA|BAB17681|BAB17681.1	22.22	28	21	1	14	40	17	44	3.5	17.6
Seq7829_264_bp_1_1_0	ENA|BAA32018|BAA32018.1	42.86	7	4	0	30	36	1	7	4.3	18.4
Seq7829_264_bp_1_1_0	ENA|AAB96524|AAB96524.1	44.44	9	5	0	33	41	134	142	4.3	16.7
Seq7829_264_bp_1_1_0	ENA|BAA36759|BAA36759.1	47.06	18	9	1	25	41	186	203	4.9	17.1
Seq7829_264_bp_1_1_0	ENA|CAA36714|CAA36714.1	47.06	28	9	11	16	33	430	456	5.8	17.6
Seq7829_264_bp_1_1_0	ENA|EDO47375|EDO47375.1	31.82	22	15	0	23	44	81	102	5.9	16.2
Seq7829_264_bp_1_1_0	ENA|ACH70901|ACH70901.1	50.00	12	6	0	4	15	217	228	6	17.1
Seq7829_264_bp_1_1_0	ENA|AAA42531|AAA42531.1	43.75	17	9	1	16	31	232	248	6.5	17.1
Seq7829_264_bp_1_1_0	ENA|AAA25966|AAA25966.1	35.00	23	13	3	21	40	270	292	6.5	18.0
Seq7829_264_bp_1_1_0	ENA|CAA36214|CAA36214.1	54.55	15	5	4	13	27	169	179	6.9	16.7
Seq7829_264_bp_1_1_0	ENA|CAA24711|CAA24711.1	62.50	8	3	0	11	18	104	111	7.2	15.8
Seq7829_264_bp_1_1_0	ENA|AAI27517|AAI27517.1	32.00	26	17	1	1	26	57	81	7.2	17.6
Seq7829_264_bp_1_1_0	ENA|AAA36114|AAA36114.1	28.57	14	10	0	3	16	138	151	8.4	17.1
Seq7829_264_bp_1_1_0	ENA|AAS77176|AAS77176.1	44.44	9	5	0	2	10	140	148	8.7	16.2
Seq7829_264_bp_1_1_0	ENA|BAA32991|BAA32991.1	66.67	8	2	2	20	25	28	35	9.5	14.0
Seq7829_264_bp_1_1_1	ENA|BAA32991|BAA32991.1	46.15	14	7	1	2	14	22	35	0.2	18.9
Seq7829_264_bp_1_1_1	ENA|AAA32624|AAA32624.1	46.67	15	8	0	3	17	456	470	0.66	20.0
Seq7829_264_bp_1_1_1	ENA|CAA26023|CAA26023.1	40.00	20	12	0	4	23	21	40	1.4	18.5
Seq7829_264_bp_1_1_1	ENA|CAA26939|CAA26939.1	53.85	17	6	4	2	14	464	480	2.7	18.1
Seq7829_264_bp_1_1_1	ENA|BAA32956|BAA32956.1	33.33	12	8	0	12	23	90	101	3.8	16.2
Seq7829_264_bp_1_1_1	ENA|AAC49865|AAC49865.1	38.10	22	13	1	1	22	9	29	4.5	16.6
Seq7829_264_bp_1_1_1	ENA|AAA25966|AAA25966.1	35.71	14	9	0	4	17	340	353	7.4	16.9
Seq7829_264_bp_1_1_1	ENA|CAL82360|CAL82360.1	28.57	22	15	1	3	24	967	987	7.7	17.7
Seq7829_264_bp_1_1_1	ENA|CAA11507|CAA11507.1	45.00	22	11	2	3	24	26	45	8.1	17.7
Seq7829_264_bp_1_1_1	ENA|AAA72732|AAA72732.1	47.62	29	11	8	1	21	281	309	9.2	15.4
Seq7829_264_bp_1_1_1	ENA|AAC97205|AAC97205.1	50.00	12	6	0	2	13	267	278	9.5	17.3
Seq7829_264_bp_1_2_0	ENA|AAB66912|AAB66912.1	35.71	14	9	0	2	15	311	324	0.028	24.8
Seq7829_264_bp_1_2_0	ENA|AAA24145|AAA24145.1	44.44	9	5	0	5	13	312	320	0.19	21.0
Seq7829_264_bp_1_2_0	ENA|AAA24145|AAA24145.1	50.00	8	4	0	8	15	167	174	0.81	18.9
Seq7829_264_bp_1_2_0	ENA|BAA32956|BAA32956.1	44.44	12	5	3	3	11	26	37	0.37	18.9
Seq7829_264_bp_1_2_0	ENA|AAQ92751|AAQ92751.2	25.00	12	9	0	3	14	1293	1304	0.38	21.6
Seq7829_264_bp_1_2_0	ENA|ABG75784|ABG75784.1	50.00	13	6	1	1	12	193	205	0.56	18.9
Seq7829_264_bp_1_2_0	ENA|AAB26998|AAB26998.1	71.43	9	2	2	4	10	13	21	0.61	16.7
Seq7829_264_bp_1_2_0	ENA|ABK71357|ABK71357.1	25.00	8	6	0	2	9	140	147	0.95	18.4
Seq7829_264_bp_1_2_0	ENA|CAA45199|CAA45199.1	45.45	12	6	1	4	15	384	394	1.2	18.4
Seq7829_264_bp_1_2_0	ENA|CCP43727|CCP43727.1	66.67	3	1	0	3	5	136	138	1.2	17.8
Seq7829_264_bp_1_2_0	ENA|CAA43419|CAA43419.1	71.43	7	2	0	9	15	1	7	1.4	17.8
Seq7829_264_bp_1_2_0	ENA|AAI27517|AAI27517.1	75.00	4	1	0	5	8	512	515	1.5	18.4
Seq7829_264_bp_1_2_0	ENA|ACT10338|ACT10338.1	50.00	6	3	0	5	10	119	124	2.1	17.3
Seq7829_264_bp_1_2_0	ENA|ABD33854|ABD33854.1	75.00	4	1	0	4	7	43	46	3.1	14.1
Seq7829_264_bp_1_2_0	ENA|CAA28033|CAA28033.1	35.71	14	9	0	1	14	998	1011	3.3	18.4
Seq7829_264_bp_1_2_0	ENA|CAA36714|CAA36714.1	30.00	10	7	0	5	14	278	287	3.6	16.7
Seq7829_264_bp_1_2_0	ENA|AAR37016|AAR37016.1	75.00	4	1	0	2	5	1073	1076	4	18.9
Seq7829_264_bp_1_2_0	ENA|CAA26939|CAA26939.1	18.18	11	9	0	5	15	27	37	4.3	16.7
Seq7829_264_bp_1_2_0	ENA|BAA32991|BAA32991.1	66.67	3	1	0	1	3	30	32	4.8	13.5
Seq7829_264_bp_1_2_0	ENA|BAB79260|BAB79260.1	50.00	10	5	0	1	10	280	289	4.9	16.2
Seq7829_264_bp_1_2_0	ENA|ABN10845|ABN10845.1	40.00	11	6	1	3	12	54	64	5	15.1
Seq7829_264_bp_1_2_0	ENA|AAF79734|AAF79734.1	44.44	9	5	0	7	15	1323	1331	5.2	17.8
Seq7829_264_bp_1_2_0	ENA|AAB96524|AAB96524.1	50.00	6	3	0	8	13	15	20	6.1	14.6
Seq7829_264_bp_1_2_0	ENA|EDO47375|EDO47375.1	30.00	10	7	0	2	11	128	137	6.2	14.6
Seq7829_264_bp_1_2_0	ENA|AAC49865|AAC49865.1	28.57	7	5	0	3	9	47	53	7.3	15.1
Seq7829_264_bp_1_2_0	ENA|AAA25966|AAA25966.1	66.67	6	2	0	1	6	343	348	7.7	16.2
Seq7829_264_bp_1_2_0	ENA|ACH70901|ACH70901.1	37.50	8	5	0	8	15	185	192	8	15.1
Seq7829_264_bp_1_2_0	ENA|ABD49687|ABD49687.1	50.00	8	4	0	1	8	1474	1481	8.6	17.3
Seq7829_264_bp_1_2_0	ENA|AAB03707|AAB03707.1	25.00	12	9	0	4	15	1064	1075	9.9	16.7
Seq7829_264_bp_1_2_1	ENA|AAB26998|AAB26998.1	50.00	17	7	3	1	17	47	60	0.068	20.7
Seq7829_264_bp_1_2_1	ENA|BAA32956|BAA32956.1	50.00	17	8	1	2	18	139	154	0.11	21.4
Seq7829_264_bp_1_2_1	ENA|BAA32991|BAA32991.1	50.00	10	5	0	15	24	42	51	0.13	19.5
Seq7829_264_bp_1_2_1	ENA|ABD33854|ABD33854.1	66.67	6	2	0	16	21	42	47	0.21	18.7
Seq7829_264_bp_1_2_1	ENA|ABG75784|ABG75784.1	71.43	7	2	0	11	17	308	314	0.61	19.5
Seq7829_264_bp_1_2_1	ENA|BAA32018|BAA32018.1	61.54	16	5	3	12	25	162	176	0.93	19.9
Seq7829_264_bp_1_2_1	ENA|AAQ92751|AAQ92751.2	50.00	10	5	0	10	19	1326	1335	2	19.9
Seq7829_264_bp_1_2_1	ENA|CAA45199|CAA45199.1	40.00	15	9	0	2	16	402	416	2.7	17.9
Seq7829_264_bp_1_2_1	ENA|AAB96524|AAB96524.1	33.33	15	10	0	6	20	129	143	3.1	16.4
Seq7829_264_bp_1_2_1	ENA|AAC78721|AAC78721.1	33.33	22	14	1	5	25	102	123	3.8	17.9
Seq7829_264_bp_1_2_1	ENA|AAA25966|AAA25966.1	45.00	22	11	2	2	22	434	454	5.2	17.5
Seq7829_264_bp_1_2_1	ENA|CAA26939|CAA26939.1	28.57	14	10	0	5	18	5	18	5.4	17.1
Seq7829_264_bp_1_2_1	ENA|AAR37016|AAR37016.1	80.00	5	1	0	17	21	276	280	7.4	18.7
Seq7829_264_bp_1_2_1	ENA|CAA29968|CAA29968.1	50.00	6	3	0	16	21	188	193	9.1	14.8
Seq7829_264_bp_1_2_1	ENA|AAC26660|AAC26660.1	21.43	14	11	0	1	14	186	199	9.1	15.2
Seq7829_264_bp_1_2_1	ENA|ABD49687|ABD49687.1	37.50	8	5	0	18	25	265	272	9.1	17.9
Seq7829_264_bp_1_2_2	ENA|BAA32991|BAA32991.1	36.00	26	16	1	18	42	27	52	0.24	19.4
Seq7829_264_bp_1_2_2	ENA|AAA42531|AAA42531.1	36.84	23	12	4	20	38	155	177	2.1	18.8
Seq7829_264_bp_1_2_2	ENA|CAA26939|CAA26939.1	41.18	17	10	0	3	19	471	487	3.8	18.5
Seq7829_264_bp_-1_0_0	ENA|CAL82360|CAL82360.1	56.25	17	7	1	4	20	1263	1278	5.9	18.6
Seq7829_264_bp_-1_0_0	ENA|ACH70901|ACH70901.1	30.77	13	9	0	1	13	97	109	7.1	16.5
Seq7829_264_bp_-1_0_0	ENA|AAC17860|AAC17860.1	46.15	13	7	0	11	23	393	405	8	16.5
Seq7829_264_bp_-1_0_0	ENA|CAA26939|CAA26939.1	45.00	22	11	2	2	21	525	546	8.7	16.8
Seq7829_264_bp_-1_0_1	ENA|ABD49687|ABD49687.1	33.33	24	16	0	15	38	659	682	0.63	22.7
Seq7829_264_bp_-1_0_1	ENA|AAA36114|AAA36114.1	31.82	24	15	2	5	28	291	312	1.8	19.4
Seq7829_264_bp_-1_0_1	ENA|AAB26998|AAB26998.1	36.36	11	7	0	33	43	10	20	2.2	16.5
Seq7829_264_bp_-1_0_1	ENA|EDO47375|EDO47375.1	71.43	7	2	0	11	17	122	128	5.1	16.5
Seq7829_264_bp_-1_0_1	ENA|AAA32624|AAA32624.1	33.33	39	24	3	7	44	233	269	5.1	17.9
Seq7829_264_bp_-1_0_1	ENA|AAC08817|AAC08817.1	38.89	18	11	0	2	19	134	151	5.4	16.1
Seq7829_264_bp_-1_0_1	ENA|AAA42531|AAA42531.1	48.15	31	14	4	14	40	258	288	6.2	17.2
Seq7829_264_bp_-1_0_1	ENA|AAC97205|AAC97205.1	33.33	30	20	0	3	32	31	60	7	18.7
Seq7829_264_bp_-1_0_1	ENA|CAA11507|CAA11507.1	36.00	31	16	6	16	40	246	276	7.7	18.7
Seq7829_264_bp_-1_0_1	ENA|AAR37016|AAR37016.1	41.67	12	7	0	32	43	1573	1584	8	19.4
Seq7829_264_bp_-1_0_1	ENA|AAB03707|AAB03707.1	47.37	19	10	0	16	34	595	613	9.9	18.3
Seq7829_264_bp_-1_1_0	ENA|AAA24145|AAA24145.1	34.55	60	36	5	12	67	393	451	0.0094	27.9
Seq7829_264_bp_-1_1_0	ENA|AAA42531|AAA42531.1	43.64	67	31	12	23	87	207	263	0.043	25.4
Seq7829_264_bp_-1_1_0	ENA|AAA42531|AAA42531.1	26.98	71	46	8	15	79	130	198	0.69	21.4
Seq7829_264_bp_-1_1_0	ENA|CAA11507|CAA11507.1	35.29	82	44	14	13	86	720	795	1.3	22.3
Seq7829_264_bp_-1_1_0	ENA|ABK71357|ABK71357.1	23.29	81	56	8	8	86	253	327	1.5	20.2
Seq7829_264_bp_-1_1_0	ENA|AAF79734|AAF79734.1	36.67	34	19	4	54	87	616	645	1.7	22.0
Seq7829_264_bp_-1_1_0	ENA|AAC26660|AAC26660.1	31.82	75	45	9	14	82	61	132	2	19.3
Seq7829_264_bp_-1_1_0	ENA|CAL82360|CAL82360.1	30.86	89	56	8	1	87	137	219	3.4	20.8
Seq7829_264_bp_-1_1_0	ENA|AAA36114|AAA36114.1	31.25	35	22	3	48	81	9	41	3.9	19.3
Seq7829_264_bp_-1_1_0	ENA|AAB03707|AAB03707.1	20.51	83	62	5	7	84	731	813	4.5	20.5
Seq7829_264_bp_-1_1_0	ENA|ACT10338|ACT10338.1	35.71	14	9	0	31	44	126	139	4.5	18.6
Seq7829_264_bp_-1_1_0	ENA|ACH70901|ACH70901.1	36.36	23	14	1	14	35	341	363	5.2	18.3
Seq7829_264_bp_-1_1_0	ENA|ABD33854|ABD33854.1	37.50	24	15	0	34	57	20	43	6.2	15.6
Seq7829_264_bp_-1_1_0	ENA|BAA05866|BAA05866.1	43.33	37	17	7	42	74	160	193	6.7	17.7
Seq7829_264_bp_-1_1_0	ENA|AAQ92751|AAQ92751.2	37.93	36	18	7	48	81	1353	1383	6.8	19.9
Seq7829_264_bp_-1_1_0	ENA|AAB66912|AAB66912.1	27.91	48	31	5	39	83	426	471	7	19.3
Seq7829_264_bp_-1_1_0	ENA|AAC17860|AAC17860.1	25.00	91	63	7	1	84	100	190	7.2	18.0
Seq7829_264_bp_-1_1_0	ENA|CAA29956|CAA29956.1	27.78	36	26	0	39	74	288	323	9.8	17.4
Seq7829_264_bp_-1_2_0	ENA|CAA26023|CAA26023.1	30.77	26	18	0	17	42	201	226	4.6	17.6
Seq7829_264_bp_-1_2_0	ENA|AAF79734|AAF79734.1	42.11	19	11	0	18	36	336	354	5.3	19.3
Seq7829_264_bp_-1_2_0	ENA|CAA45708|CAA45708.1	36.67	35	19	5	3	32	543	577	7	18.9
Seq7829_264_bp_-1_2_0	ENA|AAC40132|AAC40132.1	38.10	23	13	2	1	21	72	94	7.1	17.2
Seq7829_264_bp_-1_2_1	ENA|ACT10338|ACT10338.1	55.56	9	4	0	4	12	77	85	0.015	24.1
Seq7829_264_bp_-1_2_1	ENA|AAC40132|AAC40132.1	62.50	8	3	0	1	8	107	114	0.93	18.4
Seq7829_264_bp_-1_2_1	ENA|ABD33854|ABD33854.1	44.44	9	5	0	3	11	24	32	1.5	14.8
Seq7829_264_bp_-1_2_1	ENA|AAA36539|AAA36539.1	62.50	8	3	0	5	12	203	210	1.9	17.4
Seq7829_264_bp_-1_2_1	ENA|BAB17681|BAB17681.1	50.00	8	4	0	5	12	161	168	2.2	16.4
Seq7829_264_bp_-1_2_1	ENA|ABD49687|ABD49687.1	80.00	5	1	0	8	12	869	873	2.3	18.9
Seq7829_264_bp_-1_2_1	ENA|AAF79734|AAF79734.1	71.43	7	2	0	6	12	1215	1221	2.8	18.4
Seq7829_264_bp_-1_2_1	ENA|AAB03707|AAB03707.1	55.56	9	4	0	4	12	1201	1209	3.7	17.9
Seq7829_264_bp_-1_2_1	ENA|CAA24711|CAA24711.1	50.00	12	6	0	1	12	46	57	3.9	14.8
Seq7829_264_bp_-1_2_1	ENA|AAI27517|AAI27517.1	30.00	10	7	0	2	11	350	359	4.6	16.4
Seq7829_264_bp_-1_2_1	ENA|AAA25966|AAA25966.1	33.33	12	8	0	1	12	415	426	5.6	16.4
Seq7829_264_bp_-1_2_1	ENA|CAA45708|CAA45708.1	50.00	8	4	0	2	9	1275	1282	5.8	17.4
Seq7829_264_bp_-1_2_1	ENA|AAA42531|AAA42531.1	20.00	10	8	0	3	12	62	71	6.1	15.3
Seq7829_264_bp_-1_2_1	ENA|CAA36714|CAA36714.1	40.00	10	6	0	3	12	318	327	7.2	15.3
Seq7829_264_bp_-1_2_1	ENA|CAA36214|CAA36214.1	75.00	4	1	0	9	12	10	13	9.4	14.3
Seq7829_264_bp_-1_2_1	ENA|AAA24145|AAA24145.1	66.67	6	2	0	3	8	131	136	9.9	14.8
Seq7829_264_bp_-1_2_2	ENA|AAB96524|AAB96524.1	75.00	8	2	0	1	8	8	15	0.21	19.2
Seq7829_264_bp_-1_2_2	ENA|AAA36539|AAA36539.1	100.00	4	0	0	8	11	68	71	0.37	19.8
Seq7829_264_bp_-1_2_2	ENA|AAB03707|AAB03707.1	66.67	9	3	0	4	12	353	361	0.5	20.9
Seq7829_264_bp_-1_2_2	ENA|AAI27517|AAI27517.1	50.00	10	5	0	3	12	382	391	0.66	19.2
Seq7829_264_bp_-1_2_2	ENA|AAA36114|AAA36114.1	54.55	14	5	3	2	12	112	125	0.83	18.7
Seq7829_264_bp_-1_2_2	ENA|AAR37016|AAR37016.1	40.00	10	6	0	3	12	444	453	0.85	20.9
Seq7829_264_bp_-1_2_2	ENA|AAC17860|AAC17860.1	40.00	10	6	0	3	12	209	218	0.97	18.1
Seq7829_264_bp_-1_2_2	ENA|CAA11507|CAA11507.1	60.00	10	4	0	1	10	464	473	1	19.8
Seq7829_264_bp_-1_2_2	ENA|CAA36714|CAA36714.1	55.56	9	4	0	2	10	225	233	1.1	18.1
Seq7829_264_bp_-1_2_2	ENA|CAA26939|CAA26939.1	50.00	8	4	0	1	8	257	264	1.3	18.1
Seq7829_264_bp_-1_2_2	ENA|AAC49865|AAC49865.1	50.00	10	5	0	1	10	190	199	1.6	17.1
Seq7829_264_bp_-1_2_2	ENA|AAC08817|AAC08817.1	100.00	3	0	0	8	10	111	113	1.6	16.0
Seq7829_264_bp_-1_2_2	ENA|AAA32624|AAA32624.1	66.67	6	2	0	3	8	400	405	2.6	17.1
Seq7829_264_bp_-1_2_2	ENA|ABD33854|ABD33854.1	75.00	4	1	0	9	12	54	57	2.9	13.8
Seq7829_264_bp_-1_2_2	ENA|AAA72732|AAA72732.1	40.00	10	6	0	3	12	226	235	3.2	16.0
Seq7829_264_bp_-1_2_2	ENA|CAD53387|CAD53387.1	57.14	7	3	0	3	9	61	67	3.5	16.5
Seq7829_264_bp_-1_2_2	ENA|ABK71357|ABK71357.1	100.00	3	0	0	8	10	77	79	3.8	16.0
Seq7829_264_bp_-1_2_2	ENA|ACT10338|ACT10338.1	80.00	5	1	0	3	7	338	342	4	16.0
Seq7829_264_bp_-1_2_2	ENA|CAA45708|CAA45708.1	75.00	4	1	0	9	12	377	380	5	17.6
Seq7829_264_bp_-1_2_2	ENA|AAA18786|AAA18786.1	44.44	9	5	0	3	11	234	242	5.7	14.9
Seq7829_264_bp_-1_2_2	ENA|AAA24145|AAA24145.1	57.14	7	3	0	5	11	248	254	6.7	15.4
Seq7829_264_bp_-1_2_2	ENA|CAA43419|CAA43419.1	36.36	11	7	0	2	12	120	130	7.7	14.9
Seq7829_264_bp_-1_2_2	ENA|CAB75732|CAB75732.1	44.44	9	5	0	2	10	619	627	7.9	16.5
Seq7829_264_bp_-1_2_2	ENA|CAA26023|CAA26023.1	50.00	8	4	0	1	8	313	320	8	14.9
Seq7829_264_bp_-1_2_2	ENA|ABD49687|ABD49687.1	44.44	9	5	0	2	10	539	547	8	17.1
Seq7829_264_bp_-1_2_2	ENA|CAA73529|CAA73529.1	50.00	4	2	0	8	11	272	275	8.3	14.4
Seq7829_264_bp_-1_2_2	ENA|AAC97205|AAC97205.1	44.44	9	5	0	2	10	576	584	8.3	16.5
Seq7829_264_bp_-1_2_2	ENA|AAQ92751|AAQ92751.2	60.00	11	4	1	2	12	544	553	9.3	16.5
Seq7829_264_bp_-1_2_3	ENA|AAQ92751|AAQ92751.2	45.45	11	6	0	4	14	239	249	2.6	18.8
Seq7829_264_bp_-1_2_3	ENA|AAA36114|AAA36114.1	55.56	9	4	0	3	11	446	454	2.6	17.3
Seq7829_264_bp_-1_2_3	ENA|CAA43419|CAA43419.1	38.46	13	8	0	3	15	77	89	2.6	16.9
Seq7829_264_bp_-1_2_3	ENA|CAA26023|CAA26023.1	30.00	10	7	0	4	13	339	348	2.7	16.9
Seq7829_264_bp_-1_2_3	ENA|CAA36214|CAA36214.1	80.00	5	1	0	10	14	143	147	4.2	15.9
Seq7829_264_bp_-1_2_3	ENA|AAA72732|AAA72732.1	28.57	15	10	1	1	15	201	214	5.9	15.4
Seq7829_264_bp_-1_2_3	ENA|ABD49687|ABD49687.1	38.46	13	8	0	2	14	1611	1623	8.3	17.3
Seq7829_264_bp_-1_2_3	ENA|AAC97205|AAC97205.1	50.00	10	5	0	4	13	666	675	8.3	16.9
Seq7829_264_bp_-1_2_3	ENA|CAA28033|CAA28033.1	66.67	6	2	0	3	8	458	463	8.8	16.9
Seq7829_264_bp_-1_2_3	ENA|BAB17681|BAB17681.1	50.00	14	6	2	2	15	185	196	9.8	14.4
