Seq8008_280_bp_1_0_0	ENA|AAA36539|AAA36539.1	35.00	20	13	0	71	90	62	81	0.56	22.1
Seq8008_280_bp_1_0_0	ENA|CAA26023|CAA26023.1	35.29	17	11	0	24	40	119	135	0.64	21.6
Seq8008_280_bp_1_0_0	ENA|AAR37016|AAR37016.1	25.81	32	23	1	10	40	1868	1899	1.9	22.6
Seq8008_280_bp_1_0_0	ENA|ABD33854|ABD33854.1	60.00	5	2	0	34	38	5	9	3.4	16.5
Seq8008_280_bp_1_0_0	ENA|CAA36214|CAA36214.1	41.18	20	10	3	57	76	170	186	4	18.6
Seq8008_280_bp_1_0_0	ENA|CAD53387|CAD53387.1	33.33	15	10	0	75	89	463	477	4.7	19.1
Seq8008_280_bp_1_0_0	ENA|AAA25966|AAA25966.1	31.25	16	11	0	73	88	287	302	4.7	19.6
Seq8008_280_bp_1_0_0	ENA|ABN10845|ABN10845.1	21.05	40	30	2	8	45	27	66	5.7	17.6
Seq8008_280_bp_1_0_0	ENA|BAA32018|BAA32018.1	28.57	21	15	0	9	29	412	432	5.8	19.1
Seq8008_280_bp_1_0_0	ENA|AAR31603|AAR31603.1	45.00	21	11	1	25	45	106	125	6.1	18.1
Seq8008_280_bp_1_0_0	ENA|ACH70901|ACH70901.1	62.50	8	3	0	12	19	285	292	6.6	18.1
Seq8008_280_bp_1_0_0	ENA|ABK71357|ABK71357.1	33.33	18	12	0	48	65	153	170	6.8	18.1
Seq8008_280_bp_1_0_0	ENA|EDO47375|EDO47375.1	44.44	18	10	0	20	37	51	68	6.9	17.1
Seq8008_280_bp_1_0_0	ENA|AAC08817|AAC08817.1	66.67	6	2	0	63	68	1	6	8.1	16.5
Seq8008_280_bp_1_0_0	ENA|CAL82360|CAL82360.1	54.55	11	5	0	67	77	792	802	8.1	19.6
Seq8008_280_bp_1_0_0	ENA|AAB26998|AAB26998.1	45.45	11	6	0	28	38	3	13	8.2	15.5
Seq8008_280_bp_1_0_0	ENA|BAB79260|BAB79260.1	40.00	15	9	0	19	33	129	143	8.2	18.1
Seq8008_280_bp_1_0_0	ENA|BAB17681|BAB17681.1	50.00	6	3	0	86	91	108	113	9.8	17.1
Seq8008_280_bp_1_1_0	ENA|CAA28033|CAA28033.1	40.00	10	6	0	1	10	948	957	0.014	25.8
Seq8008_280_bp_1_1_0	ENA|CAL82360|CAL82360.1	50.00	8	4	0	3	10	941	948	0.022	25.1
Seq8008_280_bp_1_1_0	ENA|BAB79260|BAB79260.1	100.00	4	0	0	6	9	420	423	0.091	21.6
Seq8008_280_bp_1_1_0	ENA|BAB79260|BAB79260.1	75.00	4	1	0	7	10	441	444	0.39	19.5
Seq8008_280_bp_1_1_0	ENA|ABD33854|ABD33854.1	37.50	8	5	0	1	8	37	44	0.24	17.4
Seq8008_280_bp_1_1_0	ENA|AAC97205|AAC97205.1	100.00	4	0	0	7	10	765	768	0.25	21.6
Seq8008_280_bp_1_1_0	ENA|AAC26660|AAC26660.1	28.57	7	5	0	4	10	213	219	0.36	18.8
Seq8008_280_bp_1_1_0	ENA|EDO47375|EDO47375.1	33.33	9	6	0	2	10	123	131	0.71	17.4
Seq8008_280_bp_1_1_0	ENA|CAA26023|CAA26023.1	100.00	3	0	0	7	9	38	40	0.88	18.1
Seq8008_280_bp_1_1_0	ENA|AAC17860|AAC17860.1	40.00	5	3	0	4	8	345	349	0.94	18.1
Seq8008_280_bp_1_1_0	ENA|AAR37016|AAR37016.1	66.67	6	2	0	1	6	1630	1635	2	19.5
Seq8008_280_bp_1_1_0	ENA|BAA32956|BAA32956.1	50.00	6	3	0	6	11	152	157	2.1	15.9
Seq8008_280_bp_1_1_0	ENA|AAB96524|AAB96524.1	50.00	4	2	0	8	11	134	137	3	15.2
Seq8008_280_bp_1_1_0	ENA|AAQ92751|AAQ92751.2	100.00	3	0	0	6	8	1291	1293	3.1	18.1
Seq8008_280_bp_1_1_0	ENA|ABD49687|ABD49687.1	50.00	4	2	0	7	10	664	667	3.8	18.1
Seq8008_280_bp_1_1_0	ENA|CAA36214|CAA36214.1	50.00	4	2	0	5	8	171	174	4.8	15.2
Seq8008_280_bp_1_1_0	ENA|CAA26939|CAA26939.1	75.00	4	1	0	8	11	445	448	5.5	15.9
Seq8008_280_bp_1_1_0	ENA|ACT10338|ACT10338.1	66.67	3	1	0	7	9	302	304	6	15.2
Seq8008_280_bp_1_1_0	ENA|AAC78721|AAC78721.1	50.00	6	3	0	2	7	368	373	6.4	15.9
Seq8008_280_bp_1_1_0	ENA|CAA73529|CAA73529.1	100.00	2	0	0	7	8	39	40	6.9	14.5
Seq8008_280_bp_1_1_0	ENA|AAA36539|AAA36539.1	66.67	3	1	0	8	10	11	13	7.3	15.2
Seq8008_280_bp_1_1_0	ENA|AAR31603|AAR31603.1	66.67	3	1	0	8	10	82	84	8.1	14.5
Seq8008_280_bp_1_1_0	ENA|CCP43727|CCP43727.1	50.00	6	3	0	4	9	132	137	8.1	14.5
Seq8008_280_bp_1_1_0	ENA|ABN10845|ABN10845.1	66.67	3	1	0	7	9	53	55	8.7	13.8
Seq8008_280_bp_1_1_0	ENA|CAA29956|CAA29956.1	50.00	6	3	0	3	8	100	105	9.2	14.5
Seq8008_280_bp_1_1_1	ENA|CAA36214|CAA36214.1	42.86	14	8	0	6	19	276	289	0.043	23.2
Seq8008_280_bp_1_1_1	ENA|BAA32991|BAA32991.1	100.00	4	0	0	1	4	28	31	0.63	17.2
Seq8008_280_bp_1_1_1	ENA|AAB96524|AAB96524.1	42.86	7	4	0	7	13	58	64	1.2	17.7
Seq8008_280_bp_1_1_1	ENA|AAQ92751|AAQ92751.2	42.86	7	4	0	13	19	1328	1334	2.7	19.4
Seq8008_280_bp_1_1_1	ENA|BAB79260|BAB79260.1	50.00	6	3	0	15	20	390	395	2.8	17.7
Seq8008_280_bp_1_1_1	ENA|CAA26023|CAA26023.1	63.64	14	4	3	6	16	130	143	3.4	17.2
Seq8008_280_bp_1_1_1	ENA|AAA24145|AAA24145.1	57.14	7	3	0	11	17	353	359	4.1	17.2
Seq8008_280_bp_1_1_1	ENA|AAR37016|AAR37016.1	66.67	6	2	0	7	12	1312	1317	4.6	19.4
Seq8008_280_bp_1_1_1	ENA|BAA05866|BAA05866.1	60.00	5	2	0	17	21	153	157	5.7	16.1
Seq8008_280_bp_1_1_1	ENA|CAA45199|CAA45199.1	71.43	8	2	1	10	16	213	220	6	16.6
Seq8008_280_bp_1_1_1	ENA|AAR31603|AAR31603.1	42.86	7	4	0	10	16	121	127	6.1	16.1
Seq8008_280_bp_1_1_1	ENA|ABD33854|ABD33854.1	60.00	5	2	0	8	12	41	45	7.7	13.4
Seq8008_280_bp_1_1_2	ENA|BAA32991|BAA32991.1	41.67	12	7	0	7	18	27	38	0.094	19.5
Seq8008_280_bp_1_1_2	ENA|ABN10845|ABN10845.1	62.50	8	3	0	1	8	153	160	0.94	17.8
Seq8008_280_bp_1_1_2	ENA|ABD49687|ABD49687.1	36.36	11	7	0	1	11	497	507	3.4	19.0
Seq8008_280_bp_1_1_2	ENA|AAR31603|AAR31603.1	57.14	7	3	0	10	16	18	24	4.4	16.2
Seq8008_280_bp_1_1_2	ENA|BAB17681|BAB17681.1	75.00	4	1	0	6	9	174	177	5.4	15.6
Seq8008_280_bp_1_1_2	ENA|EDO47375|EDO47375.1	50.00	8	4	0	1	8	51	58	5.5	15.0
Seq8008_280_bp_1_1_2	ENA|AAB03707|AAB03707.1	57.14	7	3	0	12	18	186	192	8.3	17.3
Seq8008_280_bp_1_1_2	ENA|ABG75784|ABG75784.1	75.00	4	1	0	5	8	305	308	8.8	15.0
Seq8008_280_bp_1_1_3	ENA|CAA36714|CAA36714.1	40.00	10	6	0	4	13	331	340	0.8	18.7
Seq8008_280_bp_1_1_3	ENA|ACT10338|ACT10338.1	50.00	8	4	0	5	12	30	37	1.5	17.6
Seq8008_280_bp_1_1_3	ENA|CAA73529|CAA73529.1	42.86	7	4	0	5	11	4	10	4.8	15.3
Seq8008_280_bp_1_1_3	ENA|CAA11507|CAA11507.1	37.50	8	5	0	4	11	1185	1192	4.9	17.6
Seq8008_280_bp_1_1_3	ENA|ABN10845|ABN10845.1	57.14	7	3	0	4	10	198	204	5.5	14.8
Seq8008_280_bp_1_1_3	ENA|AAA36539|AAA36539.1	83.33	6	1	0	8	13	252	257	8	15.3
Seq8008_280_bp_1_1_3	ENA|CAB75732|CAB75732.1	80.00	5	1	0	6	10	708	712	8.8	16.5
Seq8008_280_bp_1_1_3	ENA|CAA24711|CAA24711.1	60.00	5	2	0	9	13	15	19	9.3	13.6
Seq8008_280_bp_1_1_3	ENA|AAA42531|AAA42531.1	75.00	4	1	0	1	4	180	183	9.5	14.8
Seq8008_280_bp_1_1_4	ENA|BAA32956|BAA32956.1	36.36	11	7	0	5	15	90	100	0.69	18.5
Seq8008_280_bp_1_1_4	ENA|BAA32991|BAA32991.1	60.00	5	2	0	14	18	27	31	0.75	16.7
Seq8008_280_bp_1_1_4	ENA|ACH70901|ACH70901.1	46.15	14	7	1	6	19	95	107	1.7	17.9
Seq8008_280_bp_1_1_4	ENA|BAB17681|BAB17681.1	41.67	13	7	1	3	15	110	121	2.9	16.7
Seq8008_280_bp_1_1_4	ENA|ABD49687|ABD49687.1	40.00	10	6	0	6	15	77	86	3.7	19.1
Seq8008_280_bp_1_1_4	ENA|CAA36214|CAA36214.1	33.33	12	8	0	7	18	145	156	4.8	16.2
Seq8008_280_bp_1_1_4	ENA|AAC78721|AAC78721.1	44.44	9	5	0	5	13	146	154	7	16.7
Seq8008_280_bp_1_1_4	ENA|ABD33854|ABD33854.1	50.00	6	3	0	3	8	59	64	7.3	13.3
Seq8008_280_bp_1_1_4	ENA|AAA25966|AAA25966.1	50.00	6	3	0	10	15	439	444	7.4	16.7
Seq8008_280_bp_1_1_4	ENA|AAC49865|AAC49865.1	80.00	5	1	0	6	10	187	191	7.5	15.6
Seq8008_280_bp_1_1_4	ENA|AAQ92751|AAQ92751.2	75.00	4	1	0	1	4	783	786	9.3	17.3
Seq8008_280_bp_1_2_0	ENA|CAA11507|CAA11507.1	97.83	92	2	0	1	92	235	326	4.2e-69	249.9
Seq8008_280_bp_1_2_0	ENA|AAB03707|AAB03707.1	36.67	60	38	0	14	73	232	291	2e-12	61.7
Seq8008_280_bp_1_2_0	ENA|CAA45708|CAA45708.1	44.83	29	16	0	15	43	278	306	1.8e-06	42.1
Seq8008_280_bp_1_2_0	ENA|ACT10338|ACT10338.1	35.29	17	11	0	45	61	357	373	0.24	23.0
Seq8008_280_bp_1_2_0	ENA|CAA73529|CAA73529.1	37.50	16	10	0	53	68	148	163	0.77	20.8
Seq8008_280_bp_1_2_0	ENA|AAC97205|AAC97205.1	63.64	11	4	0	20	30	207	217	1.1	22.5
Seq8008_280_bp_1_2_0	ENA|CAA29968|CAA29968.1	30.00	10	7	0	31	40	91	100	1.2	19.8
Seq8008_280_bp_1_2_0	ENA|CCP43727|CCP43727.1	54.55	11	5	0	45	55	161	171	1.9	19.8
Seq8008_280_bp_1_2_0	ENA|CAA24711|CAA24711.1	50.00	12	6	0	59	70	109	120	2.2	18.7
Seq8008_280_bp_1_2_0	ENA|ABG75784|ABG75784.1	42.86	14	8	0	24	37	270	283	2.7	19.2
Seq8008_280_bp_1_2_0	ENA|CAA36714|CAA36714.1	35.29	18	11	1	67	83	317	334	2.7	19.8
Seq8008_280_bp_1_2_0	ENA|AAA25966|AAA25966.1	27.78	18	13	0	13	30	539	556	2.9	20.3
Seq8008_280_bp_1_2_0	ENA|ABK71357|ABK71357.1	36.36	11	7	0	58	68	352	362	3.2	19.2
Seq8008_280_bp_1_2_0	ENA|AAA42531|AAA42531.1	21.05	19	15	0	23	41	229	247	3.3	19.2
Seq8008_280_bp_1_2_0	ENA|BAA36759|BAA36759.1	35.29	17	11	0	9	25	189	205	3.6	18.7
Seq8008_280_bp_1_2_0	ENA|AAA24145|AAA24145.1	60.00	11	4	1	55	65	309	318	3.9	19.2
Seq8008_280_bp_1_2_0	ENA|AAR37016|AAR37016.1	77.78	9	2	0	21	29	804	812	4.4	21.4
Seq8008_280_bp_1_2_0	ENA|ACH70901|ACH70901.1	36.36	11	7	0	20	30	347	357	4.4	18.7
Seq8008_280_bp_1_2_0	ENA|CAA29956|CAA29956.1	60.00	10	4	0	43	52	161	170	4.6	18.7
Seq8008_280_bp_1_2_0	ENA|ABD49687|ABD49687.1	55.56	9	4	0	25	33	819	827	4.6	20.8
Seq8008_280_bp_1_2_0	ENA|CAA26023|CAA26023.1	29.41	17	12	0	41	57	359	375	4.7	18.7
Seq8008_280_bp_1_2_0	ENA|CAA28033|CAA28033.1	50.00	8	4	0	37	44	1029	1036	5.1	20.3
Seq8008_280_bp_1_2_0	ENA|AAC78721|AAC78721.1	27.78	18	13	0	11	28	115	132	5.6	19.2
Seq8008_280_bp_1_2_0	ENA|AAA36114|AAA36114.1	34.78	23	15	0	9	31	3	25	6.1	18.7
Seq8008_280_bp_1_2_0	ENA|CAA43419|CAA43419.1	38.46	13	8	0	77	89	197	209	6.4	18.1
Seq8008_280_bp_1_2_0	ENA|BAB17681|BAB17681.1	36.36	11	7	0	4	14	240	250	7	17.6
Seq8008_280_bp_1_2_0	ENA|AAQ92751|AAQ92751.2	40.00	15	9	0	43	57	820	834	7.7	19.8
Seq8008_280_bp_1_2_0	ENA|CAA45199|CAA45199.1	46.15	14	7	1	39	51	368	381	8.1	18.1
Seq8008_280_bp_1_2_0	ENA|AAB26998|AAB26998.1	80.00	5	1	0	6	10	53	57	8.8	15.4
Seq8008_280_bp_1_2_0	ENA|AAA32624|AAA32624.1	50.00	10	5	0	15	24	106	115	8.9	18.1
Seq8008_280_bp_-1_0_0	ENA|CCP43727|CCP43727.1	32.14	28	19	0	5	32	93	120	0.26	22.3
Seq8008_280_bp_-1_0_0	ENA|BAA32956|BAA32956.1	34.48	30	19	1	20	48	27	56	0.49	20.8
Seq8008_280_bp_-1_0_0	ENA|ABD49687|ABD49687.1	42.86	24	12	3	20	40	960	983	0.96	22.9
Seq8008_280_bp_-1_0_0	ENA|AAB96524|AAB96524.1	28.00	25	18	0	8	32	36	60	1.2	19.3
Seq8008_280_bp_-1_0_0	ENA|CAA29968|CAA29968.1	34.78	23	15	0	30	52	15	37	1.3	19.3
Seq8008_280_bp_-1_0_0	ENA|AAC17860|AAC17860.1	43.75	16	9	0	59	74	267	282	1.3	20.3
Seq8008_280_bp_-1_0_0	ENA|AAI27517|AAI27517.1	31.58	19	13	0	4	22	396	414	1.4	20.8
Seq8008_280_bp_-1_0_0	ENA|BAA36759|BAA36759.1	33.33	15	10	0	42	56	257	271	1.9	19.3
Seq8008_280_bp_-1_0_0	ENA|ACT10338|ACT10338.1	23.53	17	13	0	44	60	289	305	2.6	19.3
Seq8008_280_bp_-1_0_0	ENA|CAA73529|CAA73529.1	62.50	8	3	0	23	30	268	275	2.6	18.7
Seq8008_280_bp_-1_0_0	ENA|AAQ92751|AAQ92751.2	50.00	16	8	0	28	43	861	876	4.4	20.3
Seq8008_280_bp_-1_0_0	ENA|AAA42531|AAA42531.1	45.45	11	6	0	24	34	304	314	5.1	18.2
Seq8008_280_bp_-1_0_0	ENA|AAA36539|AAA36539.1	43.75	17	9	1	42	57	422	438	6.2	18.2
Seq8008_280_bp_-1_0_0	ENA|EDO47375|EDO47375.1	45.00	22	11	2	2	23	77	96	7.1	16.7
Seq8008_280_bp_-1_0_0	ENA|CAA26939|CAA26939.1	26.67	15	11	0	50	64	355	369	7.3	18.2
Seq8008_280_bp_-1_0_0	ENA|CAA36214|CAA36214.1	35.00	20	13	0	1	20	72	91	7.9	17.2
Seq8008_280_bp_-1_0_0	ENA|AAR31603|AAR31603.1	33.33	15	10	0	5	19	285	299	8.5	17.2
Seq8008_280_bp_-1_0_0	ENA|AAC49865|AAC49865.1	28.57	23	15	2	19	39	62	84	8.5	17.2
Seq8008_280_bp_-1_0_0	ENA|AAF79734|AAF79734.1	29.41	17	12	0	29	45	870	886	9	19.3
Seq8008_280_bp_-1_0_0	ENA|CAA45708|CAA45708.1	50.00	14	7	0	41	54	1023	1036	9.5	19.3
Seq8008_280_bp_-1_0_0	ENA|CAA29956|CAA29956.1	33.33	22	14	1	4	25	176	196	9.6	17.2
Seq8008_280_bp_-1_1_0	ENA|AAB26998|AAB26998.1	30.00	10	7	0	11	20	44	53	0.049	20.9
Seq8008_280_bp_-1_1_0	ENA|AAQ92751|AAQ92751.2	100.00	4	0	0	11	14	1292	1295	0.096	24.1
Seq8008_280_bp_-1_1_0	ENA|AAR37016|AAR37016.1	50.00	8	4	0	5	12	1581	1588	0.61	22.1
Seq8008_280_bp_-1_1_0	ENA|AAR31603|AAR31603.1	42.86	7	4	0	13	19	81	87	0.78	19.0
Seq8008_280_bp_-1_1_0	ENA|ABK71357|ABK71357.1	50.00	6	3	0	12	17	141	146	0.88	19.0
Seq8008_280_bp_-1_1_0	ENA|AAC97205|AAC97205.1	50.00	6	3	0	7	12	761	766	1.2	20.2
Seq8008_280_bp_-1_1_0	ENA|AAC49865|AAC49865.1	62.50	10	3	2	14	21	29	38	2.9	17.0
Seq8008_280_bp_-1_1_0	ENA|CAA26023|CAA26023.1	60.00	5	2	0	8	12	127	131	3.3	17.0
Seq8008_280_bp_-1_1_0	ENA|BAB17681|BAB17681.1	100.00	3	0	0	14	16	111	113	3.7	16.4
Seq8008_280_bp_-1_1_0	ENA|BAA32956|BAA32956.1	66.67	3	1	0	12	14	26	28	4.4	15.8
Seq8008_280_bp_-1_1_0	ENA|ACH70901|ACH70901.1	57.14	7	3	0	15	21	236	242	4.8	16.4
Seq8008_280_bp_-1_1_0	ENA|AAB03707|AAB03707.1	60.00	5	2	0	13	17	23	27	4.9	18.3
Seq8008_280_bp_-1_1_0	ENA|ABD33854|ABD33854.1	66.67	3	1	0	17	19	59	61	5	13.8
Seq8008_280_bp_-1_1_0	ENA|AAB66912|AAB66912.1	37.50	8	5	0	13	20	311	318	5.1	17.7
Seq8008_280_bp_-1_1_0	ENA|ACT10338|ACT10338.1	50.00	4	2	0	9	12	300	303	5.2	16.4
Seq8008_280_bp_-1_1_0	ENA|AAA18786|AAA18786.1	57.14	7	3	0	1	7	177	183	5.5	15.8
Seq8008_280_bp_-1_1_0	ENA|CAA73529|CAA73529.1	42.86	7	4	0	6	12	34	40	5.6	15.8
Seq8008_280_bp_-1_1_0	ENA|AAA25966|AAA25966.1	40.00	5	3	0	9	13	493	497	6.1	17.0
Seq8008_280_bp_-1_1_0	ENA|CAA36714|CAA36714.1	66.67	3	1	0	12	14	433	435	6.2	16.4
Seq8008_280_bp_-1_1_0	ENA|CCP43727|CCP43727.1	66.67	3	1	0	12	14	136	138	6.7	15.8
Seq8008_280_bp_-1_1_0	ENA|CAL82360|CAL82360.1	50.00	6	3	0	9	14	601	606	6.9	17.7
Seq8008_280_bp_-1_1_1	ENA|AAF79734|AAF79734.1	57.14	7	3	0	5	11	1408	1414	0.42	21.4
Seq8008_280_bp_-1_1_1	ENA|BAA32956|BAA32956.1	42.86	7	4	0	7	13	77	83	0.49	18.4
Seq8008_280_bp_-1_1_1	ENA|CAA28033|CAA28033.1	80.00	5	1	0	3	7	182	186	0.57	20.8
Seq8008_280_bp_-1_1_1	ENA|AAA24145|AAA24145.1	37.50	8	5	0	3	10	126	133	0.7	19.0
Seq8008_280_bp_-1_1_1	ENA|ABD33854|ABD33854.1	75.00	4	1	0	7	10	61	64	1.2	15.4
Seq8008_280_bp_-1_1_1	ENA|CAA26939|CAA26939.1	40.00	10	6	0	5	14	292	301	2	17.8
Seq8008_280_bp_-1_1_1	ENA|AAA32624|AAA32624.1	40.00	10	6	0	5	14	245	254	2.7	17.2
Seq8008_280_bp_-1_1_1	ENA|AAB96524|AAB96524.1	80.00	5	1	0	9	13	84	88	3.4	15.4
Seq8008_280_bp_-1_1_1	ENA|AAR37016|AAR37016.1	83.33	6	1	0	9	14	915	920	3.5	19.0
Seq8008_280_bp_-1_1_1	ENA|CAA26023|CAA26023.1	44.44	9	5	0	6	14	9	17	6.7	15.4
Seq8008_280_bp_-1_1_1	ENA|CAA29968|CAA29968.1	28.57	7	5	0	4	10	156	162	7.8	14.2
Seq8008_280_bp_-1_1_1	ENA|AAC49865|AAC49865.1	100.00	3	0	0	4	6	197	199	8.6	14.8
Seq8008_280_bp_-1_1_1	ENA|AAR31603|AAR31603.1	100.00	3	0	0	7	9	87	89	8.6	14.8
Seq8008_280_bp_-1_1_1	ENA|AAC97205|AAC97205.1	60.00	5	2	0	1	5	304	308	9.2	16.6
Seq8008_280_bp_-1_1_1	ENA|AAC08817|AAC08817.1	60.00	5	2	0	6	10	133	137	9.4	13.6
Seq8008_280_bp_-1_1_1	ENA|BAA32991|BAA32991.1	50.00	4	2	0	7	10	33	36	9.5	12.4
Seq8008_280_bp_-1_1_3	ENA|BAA32991|BAA32991.1	66.67	3	1	0	9	11	27	29	2.3	14.2
Seq8008_280_bp_-1_1_3	ENA|EDO47375|EDO47375.1	75.00	4	1	0	2	5	155	158	8.8	13.6
Seq8008_280_bp_-1_2_0	ENA|AAR37016|AAR37016.1	44.83	31	16	2	8	36	973	1003	0.04	27.7
Seq8008_280_bp_-1_2_0	ENA|ABD49687|ABD49687.1	44.83	30	16	1	34	63	111	139	0.062	26.6
Seq8008_280_bp_-1_2_0	ENA|AAA32624|AAA32624.1	44.44	9	5	0	31	39	359	367	1.7	20.1
Seq8008_280_bp_-1_2_0	ENA|CAA26939|CAA26939.1	44.44	9	5	0	31	39	407	415	1.8	20.1
Seq8008_280_bp_-1_2_0	ENA|ABG75784|ABG75784.1	25.93	27	20	0	10	36	128	154	3.1	18.4
Seq8008_280_bp_-1_2_0	ENA|AAC26660|AAC26660.1	30.43	23	16	0	8	30	139	161	3.7	17.9
Seq8008_280_bp_-1_2_0	ENA|BAA32956|BAA32956.1	35.71	14	9	0	31	44	100	113	4.4	17.4
Seq8008_280_bp_-1_2_0	ENA|AAB03707|AAB03707.1	40.00	15	9	0	47	61	111	125	4.4	20.1
Seq8008_280_bp_-1_2_0	ENA|AAC08817|AAC08817.1	57.14	7	3	0	20	26	115	121	4.7	16.8
Seq8008_280_bp_-1_2_0	ENA|AAI27517|AAI27517.1	35.71	14	9	0	34	47	522	535	5.7	18.4
Seq8008_280_bp_-1_2_0	ENA|AAA72732|AAA72732.1	50.00	8	4	0	27	34	295	302	6.4	17.4
Seq8008_280_bp_-1_2_0	ENA|ABK71357|ABK71357.1	35.71	14	9	0	35	48	67	80	7.5	17.4
Seq8008_280_bp_-1_2_0	ENA|BAA36759|BAA36759.1	28.00	25	18	0	9	33	161	185	8.4	16.8
Seq8008_280_bp_-1_2_0	ENA|AAA36114|AAA36114.1	40.00	10	6	0	21	30	41	50	10	17.4
Seq8008_280_bp_-1_2_1	ENA|CAA45708|CAA45708.1	40.91	22	13	0	7	28	404	425	1.4	20.7
Seq8008_280_bp_-1_2_1	ENA|AAC26660|AAC26660.1	66.67	9	3	0	16	24	206	214	2.8	17.1
Seq8008_280_bp_-1_2_1	ENA|ABN10845|ABN10845.1	45.45	11	6	0	3	13	137	147	3.3	16.6
Seq8008_280_bp_-1_2_1	ENA|AAB03707|AAB03707.1	85.71	7	1	0	22	28	401	407	5	18.7
Seq8008_280_bp_-1_2_1	ENA|CAA36214|CAA36214.1	35.71	14	9	0	8	21	41	54	6.5	16.1
Seq8008_280_bp_-1_2_1	ENA|AAA24145|AAA24145.1	66.67	6	2	0	21	26	453	458	9.5	16.1
