Seq8244_564_bp_1_0_0	AAA24969.1	97.34	188	5	0	1	188	1101	1288	2.9e-120	421.1
Seq8244_564_bp_1_0_0	AAA24969.1	32.84	68	45	1	36	103	1034	1100	0.00062	34.6
Seq8244_564_bp_1_0_0	BAE97662.1	26.12	142	99	8	8	146	105	241	0.00016	36.2
Seq8244_564_bp_1_0_0	AAQ92751.2	27.45	111	74	9	59	168	66	168	0.3	25.6
Seq8244_564_bp_1_0_0	AEE27845.1	45.71	38	19	3	110	147	274	308	0.39	25.2
Seq8244_564_bp_1_0_0	AAC17860.1	36.36	22	14	0	86	107	203	224	1.7	21.3
Seq8244_564_bp_1_0_0	AAR31603.1	32.14	28	19	0	45	72	268	295	6.8	18.9
Seq8244_564_bp_1_1_0	AAA32376.1	35.29	17	11	0	20	36	71	87	2.3	17.4
Seq8244_564_bp_1_1_0	BAA32018.1	30.00	20	14	0	13	32	86	105	4.1	18.4
Seq8244_564_bp_1_1_0	AAB64315.2	62.50	8	3	0	5	12	168	175	6	16.9
Seq8244_564_bp_1_1_0	CAA73529.1	66.67	9	3	0	22	30	231	239	6.9	16.4
Seq8244_564_bp_1_1_0	ABN10845.1	62.50	8	3	0	33	40	96	103	7.7	15.9
Seq8244_564_bp_1_1_0	AAC08817.1	71.43	7	2	0	17	23	44	50	8.2	15.4
Seq8244_564_bp_1_1_0	AAA42531.1	50.00	10	5	0	18	27	340	349	9.6	16.4
Seq8244_564_bp_1_1_1	EDO47375.1	36.00	26	16	1	8	33	1	25	1.4	17.9
Seq8244_564_bp_1_1_1	AAC97205.1	40.91	22	13	0	1	22	68	89	1.8	20.3
Seq8244_564_bp_1_1_1	CAA04196.1	64.29	15	5	1	6	20	409	422	2.2	18.4
Seq8244_564_bp_1_1_1	ACT10338.1	54.55	11	5	0	15	25	281	291	3.9	17.5
Seq8244_564_bp_1_1_1	AAA32376.1	33.33	21	14	0	4	24	67	87	4.6	16.1
Seq8244_564_bp_1_1_1	AAC17860.1	46.67	15	8	0	2	16	173	187	5.6	17.0
Seq8244_564_bp_1_1_1	AAA42531.1	38.46	13	8	0	16	28	113	125	7.3	16.5
Seq8244_564_bp_1_1_1	AEE27845.1	63.64	11	4	0	5	15	1254	1264	9.6	17.9
Seq8244_564_bp_1_1_2	ABG75784.1	35.29	17	11	0	23	39	92	108	2.3	18.6
Seq8244_564_bp_1_1_2	AAX84812.1	54.55	11	5	0	19	29	217	227	2.4	18.1
Seq8244_564_bp_1_1_2	BAB79260.1	38.89	18	11	0	16	33	106	123	3.3	18.6
Seq8244_564_bp_1_1_2	ABD49687.1	42.86	14	8	0	1	14	1715	1728	4.3	20.1
Seq8244_564_bp_1_1_2	CAA74140.1	31.03	29	20	0	14	42	361	389	4.7	19.1
Seq8244_564_bp_1_1_2	AAA32376.1	50.00	10	5	0	4	13	129	138	5.1	16.5
Seq8244_564_bp_1_1_2	AAC97205.1	23.81	21	16	0	21	41	1011	1031	6.2	19.1
Seq8244_564_bp_1_1_2	AAA18786.1	62.50	8	3	0	29	36	168	175	7.6	16.5
Seq8244_564_bp_1_1_3	AEE27845.1	50.00	12	6	0	4	15	1027	1038	3.4	19.1
Seq8244_564_bp_1_1_3	CAA11507.1	54.55	11	5	0	8	18	910	920	7.1	18.0
Seq8244_564_bp_1_1_3	AAQ92751.2	55.56	9	4	0	10	18	306	314	7.2	18.0
Seq8244_564_bp_1_1_3	AAA23282.1	50.00	14	7	0	9	22	80	93	9.4	16.3
Seq8244_564_bp_1_1_3	AAB96524.1	80.00	5	1	0	11	15	161	165	10	14.6
Seq8244_564_bp_1_1_4	AAA32376.1	75.00	4	1	0	2	5	22	25	6.4	14.1
Seq8244_564_bp_1_2_0	AAC17860.1	60.00	10	4	0	1	10	135	144	0.8	18.3
Seq8244_564_bp_1_2_0	ABN10845.1	66.67	6	2	0	3	8	185	190	3.7	15.1
Seq8244_564_bp_1_2_0	AAX84812.1	80.00	5	1	0	7	11	16	20	6	14.5
Seq8244_564_bp_1_2_0	AAI27517.1	80.00	5	1	0	3	7	470	474	6.3	15.8
Seq8244_564_bp_1_2_1	AAR31603.1	70.00	10	3	0	1	10	296	305	0.34	19.1
Seq8244_564_bp_1_2_1	AAB64315.2	60.00	10	4	0	1	10	8	17	0.34	19.1
Seq8244_564_bp_1_2_1	ABD33854.1	80.00	5	1	0	2	6	28	32	1.4	14.6
Seq8244_564_bp_1_2_1	AAA24969.1	62.50	8	3	0	3	10	1212	1219	3.3	18.0
Seq8244_564_bp_1_2_1	ABL74574.1	50.00	10	5	0	1	10	2	11	4.2	15.2
Seq8244_564_bp_1_2_1	AEE27845.1	66.67	9	3	0	1	9	284	292	4.4	17.4
Seq8244_564_bp_1_2_1	BAE97662.1	71.43	7	2	0	1	7	184	190	5.2	16.9
Seq8244_564_bp_1_2_1	AAC17860.1	71.43	7	2	0	2	8	149	155	5.9	15.2
Seq8244_564_bp_1_2_1	AAC78721.1	62.50	8	3	0	2	9	531	538	6.6	15.8
Seq8244_564_bp_1_2_1	ACH70904.1	57.14	7	3	0	1	7	46	52	7.5	14.6
Seq8244_564_bp_1_2_2	AAA18786.1	42.86	14	8	0	13	26	28	41	0.26	20.7
Seq8244_564_bp_1_2_2	AAA18786.1	62.50	8	3	0	12	19	88	95	0.56	19.6
Seq8244_564_bp_1_2_2	AEE27845.1	66.67	9	3	0	6	14	806	814	0.65	21.8
Seq8244_564_bp_1_2_2	ACH70904.1	42.86	14	8	0	14	27	232	245	0.74	19.6
Seq8244_564_bp_1_2_2	AAA72732.1	54.55	11	5	0	1	11	115	125	1.4	18.5
Seq8244_564_bp_1_2_2	AIR13712.1	29.41	17	12	0	5	21	78	94	1.4	18.5
Seq8244_564_bp_1_2_2	AAC78721.1	47.06	18	9	1	3	20	628	644	2	19.1
Seq8244_564_bp_1_2_2	AAA26915.1	34.78	26	15	3	4	26	410	435	2	18.5
Seq8244_564_bp_1_2_2	BAB17681.1	57.14	7	3	0	7	13	31	37	2.5	17.5
Seq8244_564_bp_1_2_2	AAB03707.1	66.67	9	3	0	2	10	75	83	2.8	19.6
Seq8244_564_bp_1_2_2	BAB79260.1	33.33	12	8	0	2	13	43	54	2.8	18.0
Seq8244_564_bp_1_2_2	CAA26230.1	35.71	15	9	1	12	25	380	394	3.5	18.0
Seq8244_564_bp_1_2_2	BAA32991.1	50.00	10	5	0	9	18	53	62	3.9	14.8
Seq8244_564_bp_1_2_2	AAR37016.1	53.85	13	6	0	1	13	1064	1076	4.7	19.6
Seq8244_564_bp_1_2_2	CAA11507.1	38.89	18	11	0	4	21	934	951	5.7	18.5
Seq8244_564_bp_1_2_2	AAQ92751.2	50.00	14	7	0	7	20	123	136	5.8	18.5
Seq8244_564_bp_1_2_2	ABK71357.1	33.33	9	6	0	19	27	136	144	6.8	16.4
Seq8244_564_bp_1_2_2	CAA43372.1	80.00	5	1	0	9	13	346	350	7.5	16.4
Seq8244_564_bp_1_2_2	BAB70780.1	66.67	6	2	0	6	11	119	124	8.7	16.4
Seq8244_564_bp_1_2_2	AAB26998.1	50.00	6	3	0	24	29	47	52	9	13.7
Seq8244_564_bp_1_2_2	AAF01122.1	33.33	12	8	0	14	25	95	106	9.7	15.9
Seq8244_564_bp_1_2_3	AAX84812.1	50.00	10	5	0	10	19	156	165	1	18.1
Seq8244_564_bp_1_2_3	AAC08817.1	50.00	10	5	0	2	11	151	160	3.1	15.9
Seq8244_564_bp_1_2_3	BAE97662.1	55.56	9	4	0	7	15	568	576	3.4	18.6
Seq8244_564_bp_1_2_3	ABD33854.1	33.33	15	10	0	7	21	36	50	5.3	13.7
Seq8244_564_bp_1_2_3	CAA45199.1	27.78	18	13	0	4	21	55	72	6.1	16.4
Seq8244_564_bp_1_2_4	AAA32624.1	31.25	32	22	0	4	35	303	334	1.8	19.1
Seq8244_564_bp_1_2_4	BAB17681.1	46.15	13	7	0	16	28	23	35	3.9	17.1
Seq8244_564_bp_1_2_4	AAA36565.1	57.14	7	3	0	19	25	131	137	6.7	15.5
Seq8244_564_bp_1_2_4	AAA45888.1	53.33	16	7	1	7	21	215	230	7.5	16.6
Seq8244_564_bp_1_2_4	AAC17860.1	45.45	11	6	0	20	30	84	94	8	16.6
Seq8244_564_bp_1_2_4	AAQ92751.2	71.43	7	2	0	8	14	661	667	9	18.1
Seq8244_564_bp_1_2_4	AAA32376.1	57.14	7	3	0	21	27	33	39	9.7	15.0
Seq8244_564_bp_1_2_5	CAA43372.1	41.18	17	10	0	1	17	341	357	0.15	22.7
Seq8244_564_bp_1_2_5	ACH70904.1	71.43	7	2	0	11	17	241	247	0.4	21.1
Seq8244_564_bp_1_2_5	AAB26998.1	37.50	16	10	0	15	30	37	52	1.2	17.3
Seq8244_564_bp_1_2_5	AAC97205.1	66.67	9	3	0	18	26	871	879	1.3	21.1
Seq8244_564_bp_1_2_5	BAB70780.1	50.00	12	6	0	4	15	376	387	1.6	19.4
Seq8244_564_bp_1_2_5	ABL74574.1	62.50	8	3	0	24	31	110	117	2	18.4
Seq8244_564_bp_1_2_5	CAA04196.1	100.00	4	0	0	29	32	259	262	4.2	17.8
Seq8244_564_bp_1_2_5	AAB03707.1	40.00	15	9	0	1	15	116	130	4.5	19.4
Seq8244_564_bp_1_2_5	AAR31603.1	62.50	8	3	0	9	16	160	167	4.8	17.3
Seq8244_564_bp_1_2_5	BAA32991.1	36.36	11	7	0	23	33	16	26	6.4	14.6
Seq8244_564_bp_1_2_5	AAA24142.1	38.46	13	8	0	2	14	224	236	6.4	17.3
Seq8244_564_bp_1_2_5	AAA72732.1	57.14	7	3	0	35	41	132	138	6.5	16.7
Seq8244_564_bp_1_2_5	EDO47375.1	50.00	8	4	0	23	30	141	148	8.1	15.7
Seq8244_564_bp_-1_0_0	AAA42531.1	66.67	6	2	0	5	10	325	330	0.2	20.4
Seq8244_564_bp_-1_0_0	AAA72732.1	55.56	9	4	0	2	10	272	280	0.95	17.8
Seq8244_564_bp_-1_0_0	BAA32956.1	75.00	4	1	0	8	11	77	80	2.4	15.8
Seq8244_564_bp_-1_0_0	CAA04196.1	100.00	3	0	0	9	11	11	13	3.1	16.5
Seq8244_564_bp_-1_0_0	AII71783.1	80.00	5	1	0	2	6	220	224	3.5	15.8
Seq8244_564_bp_-1_0_0	ABN10845.1	100.00	3	0	0	6	8	115	117	3.9	15.2
Seq8244_564_bp_-1_0_0	AAR37016.1	66.67	6	2	0	5	10	645	650	4.4	18.4
Seq8244_564_bp_-1_0_0	AAA24142.1	66.67	6	2	0	2	7	138	143	5.1	15.8
Seq8244_564_bp_-1_0_0	AAA32624.1	60.00	10	4	0	1	10	240	249	5.9	15.8
Seq8244_564_bp_-1_0_0	CAA11507.1	100.00	3	0	0	8	10	35	37	6.2	17.1
Seq8244_564_bp_-1_0_0	AEE27845.1	100.00	3	0	0	8	10	883	885	6.4	17.1
Seq8244_564_bp_-1_0_0	ABK71357.1	57.14	7	3	0	6	12	63	69	6.5	15.2
Seq8244_564_bp_-1_0_0	AAB26998.1	66.67	3	1	0	8	10	52	54	8.2	12.6
Seq8244_564_bp_-1_0_0	ABG75784.1	41.67	12	7	0	1	12	209	220	8.4	14.5
Seq8244_564_bp_-1_0_0	AAB03707.1	100.00	4	0	0	1	4	331	334	9.6	16.5
Seq8244_564_bp_-1_0_1	BAA32956.1	44.44	20	10	2	20	37	7	26	0.37	22.4
Seq8244_564_bp_-1_0_1	CAA04196.1	66.67	9	3	0	164	172	44	52	1.6	21.3
Seq8244_564_bp_-1_0_1	ACT10338.1	29.41	17	12	0	40	56	333	349	2.2	20.7
Seq8244_564_bp_-1_0_1	CAA73529.1	70.00	10	3	0	3	12	267	276	2.3	20.1
Seq8244_564_bp_-1_0_1	ABN10845.1	50.00	19	9	1	39	57	14	31	2.7	19.6
Seq8244_564_bp_-1_0_1	AAA42531.1	46.67	15	8	0	59	73	214	228	3.2	20.1
Seq8244_564_bp_-1_0_1	AAA24142.1	50.00	10	5	0	125	134	373	382	3.7	20.1
Seq8244_564_bp_-1_0_1	ABL74574.1	80.00	5	1	0	105	109	113	117	5.1	19.0
Seq8244_564_bp_-1_0_1	AAC97205.1	62.50	8	3	0	83	90	1182	1189	6.7	20.7
Seq8244_564_bp_-1_0_1	ABS38337.1	45.45	11	6	0	129	139	453	463	6.9	20.7
Seq8244_564_bp_-1_0_1	AAC78721.1	80.00	5	1	0	36	40	209	213	7.9	19.6
Seq8244_564_bp_-1_0_1	AAA25966.1	50.00	19	8	3	36	54	270	285	8.4	19.6
Seq8244_564_bp_-1_0_1	AAR37016.1	71.43	7	2	0	72	78	2019	2025	8.5	21.3
Seq8244_564_bp_-1_0_1	AAA18786.1	60.00	10	4	0	118	127	4	13	10	17.9
Seq8244_564_bp_-1_1_0	EDO47375.1	43.48	23	13	0	86	108	103	125	0.97	21.0
Seq8244_564_bp_-1_1_0	AAX12058.1	62.50	8	3	0	94	101	102	109	2	20.5
Seq8244_564_bp_-1_1_0	AAC17860.1	77.78	9	2	0	117	125	7	15	2.1	21.0
Seq8244_564_bp_-1_1_0	CAA04196.1	35.71	14	9	0	111	124	227	240	3.1	20.5
Seq8244_564_bp_-1_1_0	CAA74140.1	38.71	31	19	0	21	51	173	203	3.3	21.5
Seq8244_564_bp_-1_1_0	AAQ92751.2	46.15	13	7	0	92	104	20	32	3.4	22.0
Seq8244_564_bp_-1_1_0	AAA72732.1	46.67	15	8	0	88	102	114	128	4.6	19.4
Seq8244_564_bp_-1_1_0	AAA65607.1	45.00	23	11	3	142	164	331	350	5.4	19.4
Seq8244_564_bp_-1_1_0	ABN10845.1	31.25	16	11	0	169	184	54	69	6.6	18.4
Seq8244_564_bp_-1_1_0	AIR13712.1	60.00	10	4	0	139	148	175	184	6.9	18.9
Seq8244_564_bp_-1_1_0	AAA42531.1	45.45	11	6	0	10	20	372	382	8	18.9
Seq8244_564_bp_-1_1_0	AAH69556.1	55.56	21	8	3	137	157	272	289	9	18.4
Seq8244_564_bp_-1_1_0	AAB26998.1	64.29	15	5	1	65	78	4	18	9.8	16.3
Seq8244_564_bp_-1_2_0	CAA26230.1	60.00	10	4	0	11	20	545	554	0.035	25.0
Seq8244_564_bp_-1_2_0	ABD49687.1	69.23	14	4	1	16	28	1140	1153	0.36	23.3
Seq8244_564_bp_-1_2_0	AAA42531.1	38.46	13	8	0	4	16	276	288	0.4	21.0
Seq8244_564_bp_-1_2_0	AAB64315.2	57.14	16	6	2	3	18	224	237	0.5	20.4
Seq8244_564_bp_-1_2_0	BAB70780.1	83.33	6	1	0	21	26	267	272	1.1	19.8
Seq8244_564_bp_-1_2_0	AAA25966.1	71.43	7	2	0	30	36	284	290	1.1	20.4
Seq8244_564_bp_-1_2_0	CAA43372.1	50.00	12	6	0	3	14	355	366	2	18.7
Seq8244_564_bp_-1_2_0	AAC78721.1	58.33	13	5	1	2	13	159	171	2.2	19.3
Seq8244_564_bp_-1_2_0	AAH69556.1	30.00	10	7	0	7	16	178	187	2.2	18.1
Seq8244_564_bp_-1_2_0	AAB26998.1	42.86	7	4	0	18	24	35	41	2.8	15.8
Seq8244_564_bp_-1_2_0	BAA32956.1	100.00	4	0	0	25	28	5	8	3.4	17.0
Seq8244_564_bp_-1_2_0	AAA72732.1	57.14	7	3	0	30	36	298	304	5	17.0
Seq8244_564_bp_-1_2_0	AAA32624.1	50.00	8	4	0	11	18	508	515	5.6	17.5
Seq8244_564_bp_-1_2_0	AAA65607.1	62.50	8	3	0	5	12	31	38	5.8	17.0
Seq8244_564_bp_-1_2_0	AAA36565.1	80.00	5	1	0	28	32	27	31	5.8	15.8
Seq8244_564_bp_-1_2_0	ACT10338.1	33.33	18	12	0	9	26	260	277	6.1	17.0
Seq8244_564_bp_-1_2_0	BAB17681.1	55.56	21	8	3	10	29	158	176	6.4	16.4
Seq8244_564_bp_-1_2_0	AAB03707.1	83.33	6	1	0	32	37	590	595	6.5	18.7
Seq8244_564_bp_-1_2_0	BAA32991.1	75.00	4	1	0	6	9	8	11	7.8	14.1
Seq8244_564_bp_-1_2_0	ABS38337.1	83.33	6	1	0	2	7	1202	1207	8.9	18.1
Seq8244_564_bp_-1_2_0	CAA04196.1	44.44	9	5	0	1	9	5	13	9.5	16.4
Seq8244_564_bp_-1_2_1	AAA24142.1	54.55	11	5	0	5	15	308	318	1.6	18.6
Seq8244_564_bp_-1_2_1	AAC08817.1	44.44	9	5	0	6	14	113	121	1.8	16.9
Seq8244_564_bp_-1_2_1	ACT10338.1	50.00	10	5	0	3	12	49	58	2	18.0
Seq8244_564_bp_-1_2_1	CAA43372.1	46.15	13	7	0	2	14	163	175	2.2	18.0
Seq8244_564_bp_-1_2_1	BAA32991.1	75.00	4	1	0	22	25	6	9	2.4	15.3
Seq8244_564_bp_-1_2_1	CAA45199.1	66.67	6	2	0	17	22	279	284	2.4	18.0
Seq8244_564_bp_-1_2_1	ACH70904.1	50.00	10	5	0	5	14	214	223	2.7	17.5
Seq8244_564_bp_-1_2_1	AAR37016.1	62.50	8	3	0	17	24	1988	1995	3.9	19.7
Seq8244_564_bp_-1_2_1	AIR13712.1	57.14	7	3	0	3	9	59	65	5.2	16.4
Seq8244_564_bp_-1_2_1	AAX12058.1	66.67	6	2	0	8	13	85	90	6.3	15.9
Seq8244_564_bp_-1_2_1	AAA26915.1	57.14	7	3	0	14	20	236	242	7.3	16.4
Seq8244_564_bp_-1_2_2	AAA32376.1	50.00	19	9	1	1	18	118	136	0.11	21.3
Seq8244_564_bp_-1_2_2	AAA26915.1	66.67	6	2	0	4	9	99	104	1.1	19.4
Seq8244_564_bp_-1_2_2	CAA73529.1	40.00	10	6	0	19	28	259	268	2.3	17.6
Seq8244_564_bp_-1_2_2	EDO47375.1	30.77	13	9	0	7	19	159	171	2.5	16.9
Seq8244_564_bp_-1_2_2	BAB70780.1	66.67	6	2	0	7	12	207	212	2.7	18.2
Seq8244_564_bp_-1_2_2	AAA42531.1	100.00	4	0	0	19	22	226	229	3.3	17.6
Seq8244_564_bp_-1_2_2	AAA36565.1	60.00	5	2	0	16	20	52	56	3.3	16.3
Seq8244_564_bp_-1_2_2	AAR37016.1	62.50	8	3	0	14	21	275	282	3.5	20.1
Seq8244_564_bp_-1_2_2	CAA04196.1	50.00	8	4	0	15	22	257	264	3.5	17.6
Seq8244_564_bp_-1_2_2	BAB79260.1	34.78	26	15	3	3	25	237	262	3.8	17.6
Seq8244_564_bp_-1_2_2	AIR13712.1	45.45	11	6	0	2	12	100	110	4.2	16.9
Seq8244_564_bp_-1_2_2	AAC97205.1	50.00	6	3	0	4	9	993	998	4.3	18.8
Seq8244_564_bp_-1_2_2	AAI27517.1	66.67	9	3	0	21	29	587	595	4.9	17.6
Seq8244_564_bp_-1_2_2	ACT10338.1	35.00	20	13	0	7	26	138	157	5	16.9
Seq8244_564_bp_-1_2_2	AAA18786.1	50.00	10	5	0	17	26	8	17	5.2	16.3
Seq8244_564_bp_-1_2_2	ABD49687.1	71.43	7	2	0	21	27	9	15	5.9	18.8
Seq8244_564_bp_-1_2_2	AAB64315.2	30.77	13	9	0	2	14	45	57	6.4	16.3
Seq8244_564_bp_-1_2_2	CAA11507.1	83.33	6	1	0	1	6	912	917	7.2	18.2
Seq8244_564_bp_-1_2_2	AAB26998.1	100.00	3	0	0	14	16	51	53	8.5	13.8
Seq8244_564_bp_-1_2_2	AAA24142.1	57.14	7	3	0	2	8	67	73	8.6	16.3
Seq8244_564_bp_-1_2_2	AAA72732.1	60.00	5	2	0	4	8	25	29	9.1	15.7
Seq8244_564_bp_-1_2_3	AAR37016.1	60.00	10	4	0	2	11	466	475	0.23	23.6
Seq8244_564_bp_-1_2_3	ABL74574.1	60.00	5	2	0	12	16	142	146	2.7	17.0
Seq8244_564_bp_-1_2_3	AAC97205.1	60.00	10	4	0	1	10	261	270	2.9	18.9
Seq8244_564_bp_-1_2_3	AAC08817.1	71.43	7	2	0	11	17	99	105	3.7	15.6
Seq8244_564_bp_-1_2_3	BAB79260.1	62.50	8	3	0	13	20	254	261	4.1	17.0
Seq8244_564_bp_-1_2_3	AAB26998.1	100.00	3	0	0	7	9	51	53	4.5	14.3
Seq8244_564_bp_-1_2_3	ABS38337.1	100.00	5	0	0	2	6	1217	1221	4.6	18.3
Seq8244_564_bp_-1_2_3	CAA74140.1	58.33	12	5	0	2	13	674	685	5.3	17.6
Seq8244_564_bp_-1_2_3	AAB03707.1	62.50	8	3	0	13	20	1074	1081	7.7	17.6
Seq8244_564_bp_-1_2_3	ACT10338.1	45.45	11	6	0	2	12	152	162	8.5	15.6
Seq8244_564_bp_-1_2_3	AAA32376.1	37.50	8	5	0	4	11	129	136	9.4	14.3
Seq8244_564_bp_-1_2_4	AAC97205.1	40.00	15	9	0	6	20	455	469	1.4	20.4
Seq8244_564_bp_-1_2_4	ACT10338.1	55.56	9	4	0	21	29	278	286	1.9	18.3
Seq8244_564_bp_-1_2_4	ABD49687.1	70.00	10	3	0	6	15	1623	1632	2	20.4
Seq8244_564_bp_-1_2_4	BAB70780.1	44.44	9	5	0	16	24	114	122	2.4	18.3
Seq8244_564_bp_-1_2_4	BAB17681.1	42.86	14	8	0	2	15	81	94	2.8	17.3
Seq8244_564_bp_-1_2_4	AAA18786.1	100.00	4	0	0	2	5	259	262	3.9	16.8
Seq8244_564_bp_-1_2_4	AAA24969.1	42.86	14	8	0	7	20	1110	1123	7.2	18.3
Seq8244_564_bp_-1_2_4	ABL74574.1	66.67	6	2	0	5	10	172	177	8.3	15.7
Seq8244_564_bp_-1_2_4	AAB03707.1	46.15	13	7	0	2	14	1066	1078	9.1	17.8
Seq8244_564_bp_-1_2_5	ABD33854.1	66.67	6	2	0	5	10	7	12	0.094	18.6
Seq8244_564_bp_-1_2_5	AAA42531.1	100.00	4	0	0	3	6	383	386	2.4	16.5
Seq8244_564_bp_-1_2_5	ABN10845.1	50.00	6	3	0	5	10	48	53	3.4	15.1
Seq8244_564_bp_-1_2_5	BAA32991.1	100.00	3	0	0	3	5	40	42	4.4	13.1
Seq8244_564_bp_-1_2_5	ABS38337.1	80.00	5	1	0	1	5	421	425	4.7	17.2
Seq8244_564_bp_-1_2_5	AAB03707.1	66.67	9	3	0	2	10	1069	1077	5.1	17.2
Seq8244_564_bp_-1_2_5	AAR37016.1	66.67	6	2	0	5	10	1928	1933	5.4	17.9
Seq8244_564_bp_-1_2_5	AAA23282.1	100.00	4	0	0	2	5	75	78	5.4	15.8
Seq8244_564_bp_-1_2_5	AAC97205.1	71.43	7	2	0	3	9	846	852	7.2	16.5
