Seq185_71_bp_1_0_0	AAX84812.1	55.56	9	4	0	1	9	194	202	0.071	21.0
Seq185_71_bp_1_0_0	CAA43372.1	62.50	8	3	0	4	11	118	125	0.13	21.0
Seq185_71_bp_1_0_0	AAQ92751.2	83.33	6	1	0	1	6	1376	1381	2.1	18.7
Seq185_71_bp_1_0_0	BAA32018.1	37.50	8	5	0	1	8	282	289	4.4	16.4
Seq185_71_bp_1_0_0	AAC08817.1	50.00	6	3	0	1	6	65	70	5.6	14.1
Seq185_71_bp_1_0_0	AAA32376.1	50.00	6	3	0	5	10	145	150	5.9	14.1
Seq185_71_bp_1_0_0	AAA23282.1	50.00	10	5	0	1	10	146	155	6.7	15.6
Seq185_71_bp_1_0_0	AAC78721.1	28.57	7	5	0	2	8	192	198	7.8	15.6
Seq185_71_bp_1_0_0	AAC17860.1	50.00	6	3	0	4	9	1	6	8.1	14.9
Seq185_71_bp_1_0_0	BAB79260.1	20.00	10	8	0	2	11	342	351	8.9	14.9
Seq185_71_bp_1_0_0	AAA26915.1	66.67	6	2	0	1	6	30	35	9.1	14.9
Seq185_71_bp_1_0_0	AEE27845.1	50.00	6	3	0	3	8	753	758	9.4	16.4
Seq185_71_bp_1_0_0	AAH69556.1	42.86	7	4	0	3	9	202	208	10	14.1
Seq185_71_bp_1_2_0	AAA24969.1	100.00	23	0	0	1	23	210	232	1.9e-15	69.8
Seq185_71_bp_1_2_0	CAA04196.1	66.67	9	3	0	9	17	183	191	0.23	21.2
Seq185_71_bp_1_2_0	AAB64315.2	38.46	13	8	0	7	19	88	100	0.8	19.0
Seq185_71_bp_1_2_0	AAQ92751.2	38.89	18	11	0	3	20	1006	1023	2.3	19.6
Seq185_71_bp_1_2_0	AAA24142.1	42.86	14	8	0	4	17	297	310	2.3	18.0
Seq185_71_bp_1_2_0	AAA65607.1	83.33	6	1	0	4	9	252	257	3.9	16.9
Seq185_71_bp_1_2_0	AAC17860.1	38.46	13	8	0	6	18	95	107	4.3	16.9
Seq185_71_bp_-1_0_0	AAX12058.1	80.00	5	1	0	6	10	6	10	0.46	18.4
Seq185_71_bp_-1_0_0	ABS38337.1	66.67	6	2	0	1	6	1260	1265	1.3	19.1
Seq185_71_bp_-1_0_0	AAA42531.1	80.00	5	1	0	3	7	216	220	3.2	16.1
Seq185_71_bp_-1_0_0	BAB79260.1	80.00	5	1	0	4	8	8	12	3.7	16.1
Seq185_71_bp_-1_0_0	AAA23282.1	80.00	5	1	0	2	6	542	546	4.6	16.1
Seq185_71_bp_-1_0_0	BAA32956.1	60.00	5	2	0	3	7	101	105	4.9	14.5
Seq185_71_bp_-1_0_0	BAA32018.1	66.67	6	2	0	1	6	96	101	5	16.1
Seq185_71_bp_-1_0_1	AII71783.1	44.44	9	5	0	1	9	266	274	2.1	16.4
Seq185_71_bp_-1_0_1	ABD33854.1	50.00	4	2	0	3	6	19	22	3.3	13.4
Seq185_71_bp_-1_0_1	AAA32624.1	100.00	4	0	0	4	7	138	141	3.5	16.4
Seq185_71_bp_-1_0_1	AAA23282.1	50.00	6	3	0	5	10	61	66	3.7	16.4
Seq185_71_bp_-1_0_1	AAA18786.1	50.00	6	3	0	2	7	10	15	4.8	14.9
Seq185_71_bp_-1_0_1	EDO47375.1	42.86	7	4	0	1	7	102	108	5.7	14.1
Seq185_71_bp_-1_0_1	AAA45888.1	33.33	9	6	0	1	9	142	150	6.8	14.9
Seq185_71_bp_-1_0_1	AAC78721.1	75.00	4	1	0	7	10	193	196	7.2	15.6
Seq185_71_bp_-1_0_1	ABS38337.1	37.50	8	5	0	3	10	681	688	8.1	16.4
Seq185_71_bp_-1_0_1	AAB03707.1	75.00	4	1	0	6	9	1323	1326	8.7	16.4
Seq185_71_bp_-1_0_1	AAH69556.1	50.00	8	4	0	2	9	235	242	8.9	14.1
Seq185_71_bp_-1_0_1	AAB64315.2	75.00	4	1	0	4	7	194	197	9.5	14.1
Seq185_71_bp_-1_2_0	CAA74140.1	77.78	9	2	0	4	12	511	519	0.098	23.5
Seq185_71_bp_-1_2_0	AAA36565.1	50.00	10	5	0	4	13	123	132	0.28	19.5
Seq185_71_bp_-1_2_0	BAA32991.1	80.00	5	1	0	4	8	8	12	0.38	17.7
Seq185_71_bp_-1_2_0	CAA43372.1	55.56	9	4	0	2	10	152	160	1.5	18.3
Seq185_71_bp_-1_2_0	CAA45199.1	100.00	4	0	0	7	10	267	270	3.7	17.2
Seq185_71_bp_-1_2_0	AAB26998.1	83.33	7	1	1	3	9	52	57	4.5	14.3
Seq185_71_bp_-1_2_0	AAA42531.1	57.14	7	3	0	2	8	53	59	4.5	16.6
Seq185_71_bp_-1_2_0	AAA23282.1	31.25	16	11	0	1	16	445	460	6.5	16.6
Seq185_71_bp_-1_2_0	AAA45888.1	62.50	8	3	0	6	13	302	309	6.5	16.0
Seq185_71_bp_-1_2_0	CAA73529.1	50.00	6	3	0	1	6	244	249	6.9	15.5
Seq185_71_bp_-1_2_0	ABG75784.1	100.00	3	0	0	14	16	306	308	7.8	15.5
Seq185_71_bp_-1_2_0	ABS38337.1	35.71	14	9	0	3	16	967	980	9.6	17.2
