Seq6238_191_bp_1_0_0	CAA73529.1	50.00	8	4	0	4	11	263	270	0.1	20.7
Seq6238_191_bp_1_0_0	CAA73529.1	66.67	6	2	0	5	10	79	84	0.7	17.9
Seq6238_191_bp_1_0_0	EDO47375.1	44.44	9	5	0	1	9	99	107	0.79	17.2
Seq6238_191_bp_1_0_0	ABN10845.1	37.50	8	5	0	2	9	43	50	3.8	15.1
Seq6238_191_bp_1_0_0	BAA32018.1	50.00	6	3	0	6	11	504	509	4.1	16.5
Seq6238_191_bp_1_0_0	BAB79260.1	44.44	9	5	0	3	11	202	210	4.8	15.8
Seq6238_191_bp_1_0_0	AAA26915.1	50.00	6	3	0	6	11	10	15	5	15.8
Seq6238_191_bp_1_0_0	AAA72732.1	42.86	7	4	0	5	11	260	266	5.4	15.1
Seq6238_191_bp_1_0_0	AAA45888.1	60.00	5	2	0	3	7	60	64	6.5	15.1
Seq6238_191_bp_1_0_0	ABD33854.1	60.00	5	2	0	3	7	11	15	7.5	12.3
Seq6238_191_bp_1_0_0	AAB96524.1	60.00	5	2	0	7	11	159	163	8.2	13.7
Seq6238_191_bp_1_0_0	AEE27845.1	80.00	5	1	0	6	10	1247	1251	8.8	16.5
Seq6238_191_bp_1_1_0	ABN10845.1	40.00	10	6	0	4	13	42	51	0.42	19.1
Seq6238_191_bp_1_1_0	AEE27845.1	44.44	9	5	0	9	17	1220	1228	1.3	20.2
Seq6238_191_bp_1_1_0	AAA24142.1	50.00	12	6	0	2	13	137	148	1.9	18.0
Seq6238_191_bp_1_1_0	AAA65607.1	100.00	4	0	0	14	17	28	31	3.3	16.9
Seq6238_191_bp_1_1_0	AAA32376.1	33.33	9	6	0	4	12	109	117	3.3	15.8
Seq6238_191_bp_1_1_0	BAA32991.1	100.00	2	0	0	18	19	28	29	6	13.5
Seq6238_191_bp_1_1_0	AAA23282.1	40.00	10	6	0	9	18	204	213	7.1	16.3
Seq6238_191_bp_1_1_0	CAA73529.1	60.00	5	2	0	12	16	12	16	7.4	15.2
Seq6238_191_bp_1_1_0	BAB79260.1	37.50	8	5	0	9	16	222	229	8.3	15.8
Seq6238_191_bp_1_2_0	ABS38337.1	100.00	63	0	0	1	63	785	847	2.5e-49	183.6
Seq6238_191_bp_1_2_0	AAA23282.1	36.51	64	40	1	1	63	52	115	2.1e-09	49.8
Seq6238_191_bp_1_2_0	CAA11507.1	35.71	14	9	0	39	52	83	96	3.7	20.3
Seq6238_191_bp_1_2_0	ABD49687.1	40.00	15	9	0	48	62	1545	1559	6.3	19.8
Seq6238_191_bp_1_2_0	CAA73529.1	50.00	10	5	0	50	59	161	170	7.7	16.9
Seq6238_191_bp_1_2_0	AII71783.1	41.38	30	17	1	10	39	48	76	8.6	16.9
Seq6238_191_bp_1_2_0	AAC08817.1	63.64	12	4	1	1	12	65	75	9	15.9
Seq6238_191_bp_1_2_0	AAX84812.1	55.56	9	4	0	22	30	166	174	9	16.4
Seq6238_191_bp_-1_0_0	ABS38337.1	71.43	7	2	0	2	8	743	749	0.27	21.4
Seq6238_191_bp_-1_0_0	CAA26230.1	100.00	4	0	0	5	8	32	35	2	17.3
Seq6238_191_bp_-1_0_0	AAA45888.1	66.67	6	2	0	5	10	109	114	2.2	16.6
Seq6238_191_bp_-1_0_0	AAA42531.1	75.00	4	1	0	3	6	203	206	2.2	16.6
Seq6238_191_bp_-1_0_0	AAR37016.1	60.00	5	2	0	1	5	25	29	3.2	18.7
Seq6238_191_bp_-1_0_0	AAA26915.1	75.00	4	1	0	5	8	192	195	4.1	15.9
Seq6238_191_bp_-1_0_0	AAA32376.1	50.00	8	4	0	2	9	80	87	6.2	13.9
Seq6238_191_bp_-1_0_0	ABG75784.1	100.00	3	0	0	1	3	139	141	6.9	14.6
Seq6238_191_bp_-1_0_0	BAA32956.1	20.00	5	4	0	5	9	114	118	7.4	13.9
Seq6238_191_bp_-1_0_0	ABN10845.1	33.33	6	4	0	2	7	115	120	7.7	13.9
Seq6238_191_bp_-1_0_0	AAX84812.1	100.00	3	0	0	4	6	91	93	8.1	13.9
Seq6238_191_bp_-1_0_0	BAB79260.1	50.00	8	4	0	2	9	109	116	9.8	14.6
Seq6238_191_bp_-1_0_1	AEE27845.1	55.56	9	4	0	1	9	1022	1030	1	19.6
Seq6238_191_bp_-1_0_1	EDO47375.1	50.00	8	4	0	3	10	101	108	1.4	16.2
Seq6238_191_bp_-1_0_1	ABN10845.1	50.00	8	4	0	3	10	95	102	1.7	16.2
Seq6238_191_bp_-1_0_1	ACT10338.1	80.00	5	1	0	4	8	64	68	2.9	16.2
Seq6238_191_bp_-1_0_1	BAB17681.1	66.67	6	2	0	3	8	92	97	3.3	15.5
Seq6238_191_bp_-1_0_1	CAA74140.1	33.33	9	6	0	2	10	88	96	4.4	16.9
Seq6238_191_bp_-1_0_1	AAB26998.1	100.00	3	0	0	3	5	67	69	6	12.8
Seq6238_191_bp_-1_0_1	AAA26915.1	80.00	5	1	0	3	7	408	412	8.5	14.8
Seq6238_191_bp_-1_0_1	CAA45199.1	50.00	6	3	0	3	8	13	18	8.6	14.8
Seq6238_191_bp_-1_0_2	CAD53387.1	100.00	4	0	0	5	8	481	484	3.5	16.4
Seq6238_191_bp_-1_0_2	CAA26230.1	57.14	7	3	0	5	11	326	332	3.9	16.4
Seq6238_191_bp_-1_0_2	AAA18786.1	50.00	8	4	0	2	9	171	178	4.1	15.3
Seq6238_191_bp_-1_0_2	AAC08817.1	57.14	7	3	0	3	9	40	46	5.4	14.1
Seq6238_191_bp_-1_0_2	ACH70904.1	20.00	10	8	0	2	11	214	223	7.9	14.7
Seq6238_191_bp_-1_0_2	AAB96524.1	42.86	7	4	0	3	9	118	124	8.8	13.6
Seq6238_191_bp_-1_0_2	BAA32956.1	50.00	6	3	0	2	7	53	58	9.9	13.6
Seq6238_191_bp_-1_1_0	AAB96524.1	80.00	5	1	0	9	13	156	160	1.3	16.8
Seq6238_191_bp_-1_1_0	AAA18786.1	40.00	10	6	0	1	10	5	14	2.8	16.2
Seq6238_191_bp_-1_1_0	CAA04196.1	30.77	13	9	0	1	13	387	399	2.8	16.8
Seq6238_191_bp_-1_1_0	AII71783.1	100.00	4	0	0	8	11	223	226	3.2	16.2
Seq6238_191_bp_-1_1_0	CAA11507.1	83.33	6	1	0	9	14	325	330	3.7	18.1
Seq6238_191_bp_-1_1_0	ABD33854.1	100.00	3	0	0	9	11	21	23	3.9	13.6
Seq6238_191_bp_-1_1_0	AAF01122.1	83.33	6	1	0	5	10	191	196	3.9	16.2
Seq6238_191_bp_-1_1_0	AAX84812.1	66.67	6	2	0	8	13	113	118	5.7	14.9
Seq6238_191_bp_-1_1_0	AAA32376.1	57.14	7	3	0	5	11	110	116	6.5	14.3
Seq6238_191_bp_-1_1_0	AAA42531.1	100.00	4	0	0	11	14	324	327	9.2	14.9
Seq6238_191_bp_-1_1_1	ABS38337.1	48.15	32	14	5	2	28	815	846	0.81	21.3
Seq6238_191_bp_-1_1_1	AAB96524.1	41.67	12	7	0	1	12	84	95	1	18.2
Seq6238_191_bp_-1_1_1	AAX84812.1	40.00	10	6	0	4	13	202	211	7.3	15.6
Seq6238_191_bp_-1_1_1	AAA18786.1	100.00	4	0	0	9	12	101	104	8.4	15.6
Seq6238_191_bp_-1_1_1	ABD33854.1	42.86	7	4	0	22	28	34	40	8.5	13.5
Seq6238_191_bp_-1_1_2	AAC78721.1	50.00	10	5	0	2	11	470	479	0.9	19.0
Seq6238_191_bp_-1_1_2	AEE27845.1	80.00	5	1	0	8	12	1151	1155	2.8	18.4
Seq6238_191_bp_-1_1_2	BAB70780.1	45.45	11	6	0	1	11	40	50	3.3	16.6
Seq6238_191_bp_-1_1_2	ACH70904.1	100.00	4	0	0	4	7	327	330	3.7	16.0
Seq6238_191_bp_-1_1_2	AAA32624.1	66.67	6	2	0	6	11	5	10	5.2	16.0
Seq6238_191_bp_-1_1_2	AAA23282.1	50.00	10	5	0	1	10	98	107	5.7	16.0
Seq6238_191_bp_-1_1_2	ABL74574.1	42.86	7	4	0	1	7	215	221	6.5	14.8
Seq6238_191_bp_-1_1_2	AAA45888.1	66.67	6	2	0	1	6	108	113	8.4	14.8
Seq6238_191_bp_-1_1_2	AAI27517.1	33.33	9	6	0	4	12	585	593	8.6	15.4
Seq6238_191_bp_-1_1_2	AAH69556.1	45.45	11	6	0	1	11	125	135	10	14.2
Seq6238_191_bp_-1_2_0	AAA45888.1	50.00	17	8	1	1	17	172	187	0.81	19.4
Seq6238_191_bp_-1_2_0	AAB96524.1	60.00	5	2	0	12	16	91	95	2.8	16.5
Seq6238_191_bp_-1_2_0	BAA32018.1	41.67	12	7	0	4	15	59	70	2.9	18.2
Seq6238_191_bp_-1_2_0	BAA32956.1	42.86	7	4	0	12	18	128	134	4.7	15.9
Seq6238_191_bp_-1_2_0	ACT10338.1	66.67	6	2	0	14	19	266	271	5.8	16.5
Seq6238_191_bp_-1_2_0	AAC17860.1	66.67	6	2	0	13	18	329	334	6.1	16.5
Seq6238_191_bp_-1_2_0	AAB03707.1	71.43	7	2	0	7	13	942	948	8.9	17.6
Seq6238_191_bp_-1_2_1	AAC17860.1	100.00	5	0	0	1	5	172	176	0.97	18.5
Seq6238_191_bp_-1_2_1	ABN10845.1	60.00	10	4	0	5	14	61	70	3.9	15.5
Seq6238_191_bp_-1_2_1	AAC08817.1	37.50	8	5	0	2	9	12	19	6.5	14.3
Seq6238_191_bp_-1_2_1	BAB79260.1	50.00	10	5	0	6	15	445	454	7.8	15.5
