Seq7714_213_bp_1_0_0	ENA|ABG75784|ABG75784.1	46.67	15	8	0	1	15	229	243	5	15.9
Seq7714_213_bp_1_0_0	ENA|AAA36114|AAA36114.1	37.50	16	10	0	1	16	228	243	6	16.3
Seq7714_213_bp_1_0_0	ENA|AAA25966|AAA25966.1	41.67	12	7	0	3	14	431	442	6.4	16.8
Seq7714_213_bp_1_0_0	ENA|BAB79260|BAB79260.1	35.71	14	9	0	3	16	438	451	9.3	15.5
Seq7714_213_bp_1_0_0	ENA|CAA45708|CAA45708.1	42.86	14	8	0	5	18	1378	1391	9.7	17.2
Seq7714_213_bp_1_0_1	ENA|AAB26998|AAB26998.1	80.00	5	1	0	9	13	48	52	9.4	12.5
Seq7714_213_bp_1_0_2	ENA|BAA32956|BAA32956.1	34.62	26	17	0	3	28	183	208	0.069	22.6
Seq7714_213_bp_1_0_2	ENA|CAA26023|CAA26023.1	40.91	22	13	0	2	23	6	27	0.2	21.9
Seq7714_213_bp_1_0_2	ENA|ABN10845|ABN10845.1	33.33	24	16	0	3	26	183	206	0.23	20.9
Seq7714_213_bp_1_0_2	ENA|CAD53387|CAD53387.1	30.77	26	18	0	8	33	12	37	0.26	21.9
Seq7714_213_bp_1_0_2	ENA|CAD53387|CAD53387.1	30.77	26	18	0	8	33	78	103	0.26	21.9
Seq7714_213_bp_1_0_2	ENA|CAD53387|CAD53387.1	30.77	26	18	0	8	33	144	169	0.26	21.9
Seq7714_213_bp_1_0_2	ENA|CAD53387|CAD53387.1	30.77	26	18	0	8	33	210	235	0.26	21.9
Seq7714_213_bp_1_0_2	ENA|CAD53387|CAD53387.1	30.77	26	18	0	8	33	276	301	0.26	21.9
Seq7714_213_bp_1_0_2	ENA|CAD53387|CAD53387.1	30.77	26	18	0	8	33	342	367	0.26	21.9
Seq7714_213_bp_1_0_2	ENA|CAD53387|CAD53387.1	30.77	26	18	0	8	33	408	433	0.26	21.9
Seq7714_213_bp_1_0_2	ENA|AAR31603|AAR31603.1	26.92	26	19	0	8	33	244	269	0.27	21.2
Seq7714_213_bp_1_0_2	ENA|AAI27517|AAI27517.1	48.15	30	14	3	5	33	380	407	0.39	21.6
Seq7714_213_bp_1_0_2	ENA|AAC08817|AAC08817.1	23.33	31	23	1	4	33	112	142	0.52	19.3
Seq7714_213_bp_1_0_2	ENA|ABK71357|ABK71357.1	29.63	29	19	2	5	33	43	69	0.77	19.9
Seq7714_213_bp_1_0_2	ENA|AAC40132|AAC40132.1	45.83	27	13	3	1	26	173	197	1.6	19.3
Seq7714_213_bp_1_0_2	ENA|CAA45708|CAA45708.1	40.00	36	18	6	4	36	1208	1240	1.6	20.9
Seq7714_213_bp_1_0_2	ENA|CAL82360|CAL82360.1	34.38	34	21	2	1	32	28	61	1.7	20.6
Seq7714_213_bp_1_0_2	ENA|AAC78721|AAC78721.1	50.00	21	9	3	1	21	575	592	1.7	19.6
Seq7714_213_bp_1_0_2	ENA|ACH70901|ACH70901.1	29.17	25	17	1	12	36	193	216	1.9	18.6
Seq7714_213_bp_1_0_2	ENA|CAA73529|CAA73529.1	35.71	34	18	6	4	31	18	51	2.2	17.9
Seq7714_213_bp_1_0_2	ENA|AAA25966|AAA25966.1	28.12	34	23	2	3	34	650	683	2.4	19.3
Seq7714_213_bp_1_0_2	ENA|AAB66912|AAB66912.1	35.71	14	9	0	4	17	214	227	2.4	19.6
Seq7714_213_bp_1_0_2	ENA|ABD49687|ABD49687.1	35.48	37	20	6	3	33	1101	1137	2.8	20.3
Seq7714_213_bp_1_0_2	ENA|CAA11507|CAA11507.1	25.71	35	26	0	2	36	482	516	2.8	19.9
Seq7714_213_bp_1_0_2	ENA|BAA32991|BAA32991.1	50.00	11	5	1	18	27	1	11	2.8	15.6
Seq7714_213_bp_1_0_2	ENA|AAQ92751|AAQ92751.2	33.33	21	14	0	6	26	1045	1065	2.8	19.9
Seq7714_213_bp_1_0_2	ENA|AAF79734|AAF79734.1	22.58	31	24	0	2	32	828	858	3.7	19.6
Seq7714_213_bp_1_0_2	ENA|CAA26939|CAA26939.1	25.93	28	20	1	5	31	130	157	4.6	17.9
Seq7714_213_bp_1_0_2	ENA|CAA36214|CAA36214.1	27.27	35	24	2	2	36	83	115	4.9	16.9
Seq7714_213_bp_1_0_2	ENA|AAA72732|AAA72732.1	46.67	16	8	1	18	32	66	81	6.2	16.6
Seq7714_213_bp_1_0_2	ENA|AAC49865|AAC49865.1	52.94	21	8	4	16	34	179	197	6.5	16.6
Seq7714_213_bp_1_0_2	ENA|CAA45199|CAA45199.1	29.63	29	19	2	3	29	167	195	9.1	16.6
Seq7714_213_bp_1_0_2	ENA|CAA29956|CAA29956.1	28.00	28	18	3	2	26	267	294	9.1	16.3
Seq7714_213_bp_1_0_2	ENA|AAC97205|AAC97205.1	25.00	29	21	1	6	33	561	589	9.5	17.9
Seq7714_213_bp_1_0_2	ENA|AAC17860|AAC17860.1	42.86	22	12	1	1	22	126	146	9.9	16.3
Seq7714_213_bp_1_0_2	ENA|CCP43727|CCP43727.1	36.36	29	14	7	5	33	220	241	10	15.9
Seq7714_213_bp_1_1_0	ENA|ABD49687|ABD49687.1	100.00	70	0	0	1	70	1267	1336	3.3e-25	104.0
Seq7714_213_bp_1_1_0	ENA|CAA45199|CAA45199.1	25.00	46	33	2	27	70	408	453	1.7	20.1
Seq7714_213_bp_1_1_0	ENA|AAC97205|AAC97205.1	23.08	71	50	6	2	70	324	390	2.4	21.0
Seq7714_213_bp_1_1_0	ENA|AAS77176|AAS77176.1	25.58	44	32	1	24	67	78	120	2.7	18.7
Seq7714_213_bp_1_1_0	ENA|CAA36714|CAA36714.1	20.31	65	51	1	2	66	1	64	2.7	19.4
Seq7714_213_bp_1_1_0	ENA|BAB79260|BAB79260.1	22.73	67	51	1	4	70	5	70	3.6	18.9
Seq7714_213_bp_1_1_0	ENA|BAB17681|BAB17681.1	23.53	52	39	1	20	70	106	157	4	18.0
Seq7714_213_bp_1_1_0	ENA|AAB96524|AAB96524.1	21.57	58	40	7	10	67	95	145	5	17.1
Seq7714_213_bp_1_1_0	ENA|CAA73529|CAA73529.1	22.00	53	39	3	17	68	138	188	5.4	17.6
Seq7714_213_bp_1_1_0	ENA|EDO47375|EDO47375.1	30.56	39	25	3	10	47	63	99	5.9	16.9
Seq7714_213_bp_1_1_0	ENA|ACT10338|ACT10338.1	27.91	47	31	4	22	64	304	350	6.5	17.8
Seq7714_213_bp_1_1_0	ENA|CAA29956|CAA29956.1	20.31	68	51	4	1	65	186	252	7.3	17.6
Seq7714_213_bp_1_1_0	ENA|AAC49865|AAC49865.1	27.27	57	40	2	12	68	120	174	7.5	17.3
Seq7714_213_bp_1_1_0	ENA|BAA32956|BAA32956.1	21.05	58	45	1	6	62	58	115	7.6	16.7
Seq7714_213_bp_1_1_0	ENA|AAA24145|AAA24145.1	33.33	50	28	8	4	45	391	440	8.8	17.6
Seq7714_213_bp_1_1_0	ENA|CAA24711|CAA24711.1	17.46	67	52	4	1	67	30	92	9.8	16.0
Seq7714_213_bp_1_2_0	ENA|CAA26939|CAA26939.1	60.00	5	2	0	6	10	349	353	0.4	19.6
Seq7714_213_bp_1_2_0	ENA|AAB26998|AAB26998.1	44.44	9	5	0	2	10	28	36	0.73	15.9
Seq7714_213_bp_1_2_0	ENA|ABK71357|ABK71357.1	66.67	8	2	2	5	10	349	356	0.73	18.2
Seq7714_213_bp_1_2_0	ENA|AAA32624|AAA32624.1	37.50	8	5	0	3	10	298	305	2.2	17.0
Seq7714_213_bp_1_2_0	ENA|ABN10845|ABN10845.1	62.50	8	3	0	1	8	101	108	2.6	15.5
Seq7714_213_bp_1_2_0	ENA|ACH70901|ACH70901.1	60.00	5	2	0	6	10	69	73	4.2	15.5
Seq7714_213_bp_1_2_0	ENA|ABG75784|ABG75784.1	60.00	5	2	0	4	8	83	87	4.7	15.2
Seq7714_213_bp_1_2_0	ENA|BAA32991|BAA32991.1	60.00	6	2	1	5	10	25	29	4.9	12.9
Seq7714_213_bp_1_2_0	ENA|AAI27517|AAI27517.1	40.00	10	6	0	1	10	297	306	5.3	15.9
Seq7714_213_bp_1_2_0	ENA|AAB66912|AAB66912.1	85.71	8	1	1	3	9	306	313	6.3	16.3
Seq7714_213_bp_1_2_1	ENA|CAA29968|CAA29968.1	100.00	4	0	0	4	7	106	109	0.24	18.9
Seq7714_213_bp_1_2_1	ENA|CAA73529|CAA73529.1	83.33	6	1	0	1	6	267	272	0.44	18.5
Seq7714_213_bp_1_2_1	ENA|BAA32956|BAA32956.1	55.56	9	4	0	2	10	45	53	1	16.8
Seq7714_213_bp_1_2_1	ENA|AAA72732|AAA72732.1	66.67	6	2	0	3	8	281	286	2.6	16.0
Seq7714_213_bp_1_2_1	ENA|CAA28033|CAA28033.1	60.00	5	2	0	2	6	196	200	6	16.8
Seq7714_213_bp_1_2_2	ENA|AAA25966|AAA25966.1	25.00	25	18	1	4	28	481	504	0.26	22.1
Seq7714_213_bp_1_2_2	ENA|CAA73529|CAA73529.1	29.41	17	12	0	11	27	32	48	0.3	20.5
Seq7714_213_bp_1_2_2	ENA|AAB03707|AAB03707.1	33.33	29	18	2	1	27	1129	1157	0.32	22.7
Seq7714_213_bp_1_2_2	ENA|AAC17860|AAC17860.1	25.00	30	21	2	1	28	329	358	0.71	19.8
Seq7714_213_bp_1_2_2	ENA|BAA32956|BAA32956.1	38.10	23	13	2	8	28	141	163	0.9	18.5
Seq7714_213_bp_1_2_2	ENA|AAB96524|AAB96524.1	32.00	25	17	0	4	28	64	88	0.99	18.2
Seq7714_213_bp_1_2_2	ENA|AAI27517|AAI27517.1	25.00	29	21	1	1	28	493	521	1	19.8
Seq7714_213_bp_1_2_2	ENA|CAA26023|CAA26023.1	46.15	13	7	0	9	21	128	140	1.3	18.8
Seq7714_213_bp_1_2_2	ENA|AAA32624|AAA32624.1	43.75	16	9	0	6	21	343	358	1.8	18.8
Seq7714_213_bp_1_2_2	ENA|AAB66912|AAB66912.1	30.77	27	18	1	1	26	840	866	2	19.5
Seq7714_213_bp_1_2_2	ENA|ABD49687|ABD49687.1	23.08	27	20	1	3	28	734	760	2.3	20.1
Seq7714_213_bp_1_2_2	ENA|CAA26939|CAA26939.1	37.50	16	10	0	6	21	391	406	3	18.2
Seq7714_213_bp_1_2_2	ENA|AAR31603|AAR31603.1	24.00	25	19	0	1	25	97	121	3.4	17.2
Seq7714_213_bp_1_2_2	ENA|AAA18786|AAA18786.1	25.00	30	21	2	1	28	151	180	3.4	16.9
Seq7714_213_bp_1_2_2	ENA|CAD53387|CAD53387.1	33.33	15	10	0	14	28	20	34	4.1	17.5
Seq7714_213_bp_1_2_2	ENA|BAB17681|BAB17681.1	54.55	11	5	0	16	26	34	44	4.4	16.6
Seq7714_213_bp_1_2_2	ENA|AAA36539|AAA36539.1	36.00	27	16	2	1	25	349	375	4.8	17.2
Seq7714_213_bp_1_2_2	ENA|AAF79734|AAF79734.1	33.33	24	16	0	1	24	171	194	5.9	18.5
Seq7714_213_bp_1_2_2	ENA|AAC97205|AAC97205.1	22.73	22	17	0	3	24	742	763	7.8	17.9
Seq7714_213_bp_1_2_2	ENA|BAA36759|BAA36759.1	33.33	19	12	1	9	26	6	24	8.7	15.6
Seq7714_213_bp_1_2_2	ENA|BAB79260|BAB79260.1	44.44	9	5	0	16	24	407	415	8.7	16.2
Seq7714_213_bp_1_2_2	ENA|AAC26660|AAC26660.1	24.00	28	19	3	1	25	165	192	9.6	15.3
Seq7714_213_bp_1_2_2	ENA|AAA36114|AAA36114.1	26.09	23	17	0	6	28	115	137	9.7	16.2
Seq7714_213_bp_-1_0_0	ENA|CAA29968|CAA29968.1	40.91	22	13	0	6	27	157	178	0.083	21.8
Seq7714_213_bp_-1_0_0	ENA|ACH70901|ACH70901.1	20.00	25	20	0	1	25	102	126	3.5	17.3
Seq7714_213_bp_-1_0_0	ENA|AAA18786|AAA18786.1	52.94	22	8	5	1	17	247	268	7.7	15.6
Seq7714_213_bp_-1_0_0	ENA|ABG75784|ABG75784.1	33.33	25	16	1	4	27	2	26	8.9	15.6
Seq7714_213_bp_-1_0_0	ENA|AAQ92751|AAQ92751.2	31.82	22	15	0	6	27	141	162	9.4	17.7
Seq7714_213_bp_-1_0_1	ENA|AAI27517|AAI27517.1	54.55	11	5	0	4	14	474	484	0.091	22.3
Seq7714_213_bp_-1_0_1	ENA|AAR31603|AAR31603.1	53.85	13	6	0	2	14	146	158	0.098	21.4
Seq7714_213_bp_-1_0_1	ENA|AAC97205|AAC97205.1	66.67	9	3	0	6	14	973	981	0.37	21.4
Seq7714_213_bp_-1_0_1	ENA|AAA18786|AAA18786.1	38.46	13	8	0	2	14	252	264	0.41	19.0
Seq7714_213_bp_-1_0_1	ENA|AAA25966|AAA25966.1	33.33	12	8	0	2	13	139	150	0.42	20.4
Seq7714_213_bp_-1_0_1	ENA|BAB79260|BAB79260.1	62.50	8	3	0	5	12	242	249	0.7	19.0
Seq7714_213_bp_-1_0_1	ENA|AAC40132|AAC40132.1	25.00	12	9	0	3	14	90	101	1	18.5
Seq7714_213_bp_-1_0_1	ENA|AAB96524|AAB96524.1	36.36	11	7	0	4	14	82	92	1.5	16.6
Seq7714_213_bp_-1_0_1	ENA|AAR37016|AAR37016.1	33.33	9	6	0	5	13	1382	1390	1.9	19.9
Seq7714_213_bp_-1_0_1	ENA|AAB26998|AAB26998.1	42.86	7	4	0	8	14	49	55	2.3	14.7
Seq7714_213_bp_-1_0_1	ENA|ABK71357|ABK71357.1	62.50	10	3	2	4	13	60	67	2.9	16.6
Seq7714_213_bp_-1_0_1	ENA|BAB17681|BAB17681.1	27.27	11	8	0	4	14	236	246	3	16.1
Seq7714_213_bp_-1_0_1	ENA|BAA32956|BAA32956.1	57.14	7	3	0	7	13	48	54	3.2	15.7
Seq7714_213_bp_-1_0_1	ENA|AAC78721|AAC78721.1	25.00	12	9	0	3	14	365	376	3.8	17.1
Seq7714_213_bp_-1_0_1	ENA|ACH70901|ACH70901.1	100.00	3	0	0	12	14	5	7	3.9	16.1
Seq7714_213_bp_-1_0_1	ENA|CAA43419|CAA43419.1	33.33	12	8	0	1	12	149	160	4	16.1
Seq7714_213_bp_-1_0_1	ENA|AAB03707|AAB03707.1	35.71	14	9	0	1	14	325	338	4	18.0
Seq7714_213_bp_-1_0_1	ENA|ABN10845|ABN10845.1	30.77	13	9	0	1	13	59	71	4.5	15.2
Seq7714_213_bp_-1_0_1	ENA|AAC08817|AAC08817.1	41.67	12	7	0	2	13	142	153	4.5	14.7
Seq7714_213_bp_-1_0_1	ENA|AAA72732|AAA72732.1	55.56	9	4	0	1	9	44	52	4.7	15.7
Seq7714_213_bp_-1_0_1	ENA|ABD49687|ABD49687.1	41.67	12	7	0	2	13	119	130	4.9	18.0
Seq7714_213_bp_-1_0_1	ENA|AAA36539|AAA36539.1	15.38	13	11	0	2	14	337	349	5.1	16.1
Seq7714_213_bp_-1_0_1	ENA|CAL82360|CAL82360.1	33.33	12	8	0	3	14	22	33	5.1	17.6
Seq7714_213_bp_-1_0_1	ENA|AAS77176|AAS77176.1	27.27	11	8	0	4	14	33	43	5.9	15.2
Seq7714_213_bp_-1_0_1	ENA|CAA29956|CAA29956.1	66.67	6	2	0	8	13	134	139	7.6	15.2
Seq7714_213_bp_-1_0_1	ENA|AAA42531|AAA42531.1	30.00	10	7	0	5	14	236	245	7.8	15.2
Seq7714_213_bp_-1_0_1	ENA|CAA28033|CAA28033.1	50.00	11	5	1	5	14	265	275	9.6	16.6
Seq7714_213_bp_-1_0_1	ENA|AAC26660|AAC26660.1	44.44	10	5	1	5	14	221	229	9.8	14.2
Seq7714_213_bp_-1_0_2	ENA|AAA36539|AAA36539.1	31.58	19	13	0	2	20	235	253	0.088	22.8
Seq7714_213_bp_-1_0_2	ENA|BAA36759|BAA36759.1	38.89	18	11	0	5	22	49	66	1.4	18.0
Seq7714_213_bp_-1_0_2	ENA|CAA73529|CAA73529.1	30.77	13	9	0	2	14	217	229	6.7	15.6
Seq7714_213_bp_-1_0_2	ENA|AAC40132|AAC40132.1	31.58	19	13	0	2	20	44	62	6.7	16.4
Seq7714_213_bp_-1_0_2	ENA|ABN10845|ABN10845.1	13.64	22	19	0	2	23	32	53	7	15.2
Seq7714_213_bp_-1_0_2	ENA|AAB96524|AAB96524.1	26.32	23	14	4	1	23	78	96	7.8	14.8
Seq7714_213_bp_-1_0_2	ENA|AAR31603|AAR31603.1	33.33	15	10	0	9	23	199	213	8	15.6
Seq7714_213_bp_-1_0_2	ENA|CAA45708|CAA45708.1	33.33	21	14	0	3	23	201	221	9.2	17.6
Seq7714_213_bp_-1_0_2	ENA|ABG75784|ABG75784.1	22.22	18	14	0	6	23	37	54	9.8	15.2
Seq7714_213_bp_-1_1_0	ENA|CAA45199|CAA45199.1	38.46	31	16	5	4	33	447	473	0.091	23.4
Seq7714_213_bp_-1_1_0	ENA|CAA29968|CAA29968.1	34.38	39	21	7	3	34	53	91	0.29	20.5
Seq7714_213_bp_-1_1_0	ENA|AAI27517|AAI27517.1	40.74	31	16	4	6	35	414	441	0.34	21.8
Seq7714_213_bp_-1_1_0	ENA|AAC49865|AAC49865.1	33.33	21	12	3	20	37	27	47	0.69	19.9
Seq7714_213_bp_-1_1_0	ENA|AAC08817|AAC08817.1	35.29	17	11	0	5	21	81	97	0.83	18.6
Seq7714_213_bp_-1_1_0	ENA|ABK71357|ABK71357.1	21.62	37	29	0	1	37	57	93	0.94	19.7
Seq7714_213_bp_-1_1_0	ENA|AAR37016|AAR37016.1	33.33	31	18	4	8	34	59	89	1.1	22.1
Seq7714_213_bp_-1_1_0	ENA|AAA36539|AAA36539.1	32.14	33	19	5	8	35	332	364	1.2	19.7
Seq7714_213_bp_-1_1_0	ENA|CAA28033|CAA28033.1	40.00	15	9	0	8	22	1289	1303	1.6	20.7
Seq7714_213_bp_-1_1_0	ENA|ABD49687|ABD49687.1	38.71	37	19	6	6	36	797	833	1.7	21.0
Seq7714_213_bp_-1_1_0	ENA|AAS77176|AAS77176.1	43.48	23	13	0	11	33	257	279	2.2	18.1
Seq7714_213_bp_-1_1_0	ENA|BAA36759|BAA36759.1	30.77	28	18	2	5	32	26	51	2.6	17.8
Seq7714_213_bp_-1_1_0	ENA|CAA26023|CAA26023.1	19.44	37	29	1	2	37	117	153	2.9	18.1
Seq7714_213_bp_-1_1_0	ENA|AAB26998|AAB26998.1	22.58	33	24	2	1	31	25	57	3.1	15.7
Seq7714_213_bp_-1_1_0	ENA|AAB66912|AAB66912.1	36.00	26	16	1	11	36	535	559	3.3	19.1
Seq7714_213_bp_-1_1_0	ENA|BAB17681|BAB17681.1	31.03	30	20	1	2	31	92	120	4.3	17.0
Seq7714_213_bp_-1_1_0	ENA|EDO47375|EDO47375.1	29.17	25	17	1	3	26	124	148	5.1	16.2
Seq7714_213_bp_-1_1_0	ENA|BAA32991|BAA32991.1	27.78	20	13	2	7	26	31	48	5.6	14.6
Seq7714_213_bp_-1_1_0	ENA|AAQ92751|AAQ92751.2	33.33	25	14	4	11	31	1322	1346	5.8	18.9
Seq7714_213_bp_-1_1_0	ENA|AAA25966|AAA25966.1	19.44	45	29	9	2	37	318	362	6.4	17.8
Seq7714_213_bp_-1_1_0	ENA|AAB03707|AAB03707.1	29.63	30	19	3	11	37	100	129	9.7	18.1
Seq7714_213_bp_-1_1_0	ENA|AAB96524|AAB96524.1	26.67	15	11	0	11	25	51	65	10	15.1
Seq7714_213_bp_-1_1_1	ENA|ABD33854|ABD33854.1	41.67	14	7	2	2	15	43	54	7	13.1
Seq7714_213_bp_-1_1_1	ENA|BAA32991|BAA32991.1	33.33	13	8	1	6	17	4	16	7.6	13.1
Seq7714_213_bp_-1_1_1	ENA|AAC97205|AAC97205.1	38.46	15	8	2	3	15	19	33	8.8	17.0
Seq7714_213_bp_-1_1_1	ENA|AAC17860|AAC17860.1	50.00	10	5	0	2	11	402	411	9.1	15.4
Seq7714_213_bp_-1_1_1	ENA|CAL82360|CAL82360.1	26.67	15	11	0	3	17	1266	1280	9.1	17.0
Seq7714_213_bp_-1_2_0	ENA|BAA32956|BAA32956.1	27.03	37	27	0	3	39	4	40	0.23	21.1
Seq7714_213_bp_-1_2_0	ENA|BAA32991|BAA32991.1	38.71	48	19	17	2	43	6	42	0.96	17.4
Seq7714_213_bp_-1_2_0	ENA|AAA42531|AAA42531.1	30.23	51	30	8	1	43	90	140	2.8	18.3
Seq7714_213_bp_-1_2_0	ENA|AAA36114|AAA36114.1	26.47	35	25	1	4	38	325	358	3.2	18.6
Seq7714_213_bp_-1_2_0	ENA|AAB66912|AAB66912.1	32.43	38	25	1	4	40	537	574	6.6	18.3
Seq7714_213_bp_-1_2_0	ENA|CAA36214|CAA36214.1	20.51	39	31	0	1	39	253	291	8.8	16.3
Seq7714_213_bp_-1_2_0	ENA|AAB26998|AAB26998.1	55.56	9	4	0	2	10	52	60	9.4	14.2
Seq7714_213_bp_-1_2_1	ENA|CAA36714|CAA36714.1	55.56	9	4	0	2	10	401	409	0.54	18.9
Seq7714_213_bp_-1_2_1	ENA|AAS77176|AAS77176.1	44.44	9	5	0	2	10	274	282	0.66	17.9
Seq7714_213_bp_-1_2_1	ENA|AAA24145|AAA24145.1	57.14	7	3	0	4	10	153	159	0.75	18.4
Seq7714_213_bp_-1_2_1	ENA|AAR31603|AAR31603.1	83.33	6	1	0	4	9	173	178	0.76	17.9
Seq7714_213_bp_-1_2_1	ENA|AAA72732|AAA72732.1	71.43	7	2	0	2	8	237	243	2.8	15.9
Seq7714_213_bp_-1_2_1	ENA|AAC40132|AAC40132.1	30.00	10	7	0	1	10	437	446	3	16.4
Seq7714_213_bp_-1_2_1	ENA|CAA11507|CAA11507.1	50.00	10	5	0	1	10	910	919	3.1	17.9
Seq7714_213_bp_-1_2_1	ENA|CAA73529|CAA73529.1	37.50	8	5	0	3	10	27	34	3.4	15.4
Seq7714_213_bp_-1_2_1	ENA|BAA05866|BAA05866.1	42.86	7	4	0	3	9	175	181	3.9	15.4
Seq7714_213_bp_-1_2_1	ENA|CAL82360|CAL82360.1	50.00	8	4	0	3	10	500	507	4.1	17.4
Seq7714_213_bp_-1_2_1	ENA|AAF79734|AAF79734.1	50.00	10	5	0	1	10	1313	1322	4.6	17.4
Seq7714_213_bp_-1_2_1	ENA|EDO47375|EDO47375.1	100.00	5	0	0	5	9	112	116	4.7	14.4
Seq7714_213_bp_-1_2_1	ENA|BAA32991|BAA32991.1	42.86	7	4	0	2	8	19	25	4.8	12.9
Seq7714_213_bp_-1_2_1	ENA|CAA45199|CAA45199.1	62.50	8	3	0	2	9	395	402	5.8	15.4
Seq7714_213_bp_-1_2_1	ENA|CAA24711|CAA24711.1	100.00	4	0	0	7	10	113	116	6	13.9
Seq7714_213_bp_-1_2_1	ENA|AAB96524|AAB96524.1	42.86	7	4	0	4	10	152	158	6.4	13.9
Seq7714_213_bp_-1_2_1	ENA|ABD33854|ABD33854.1	60.00	5	2	0	6	10	19	23	8.5	11.9
