Seq2121_81_bp_1_0_0	ENA|BAB79260|BAB79260.1	50.00	10	5	0	3	12	413	422	1.4	18.2
Seq2121_81_bp_1_0_0	ENA|AAB26998|AAB26998.1	44.44	9	5	0	6	14	8	16	2.4	14.9
Seq2121_81_bp_1_0_0	ENA|BAB17681|BAB17681.1	57.14	7	3	0	3	9	147	153	6	15.3
Seq2121_81_bp_1_0_0	ENA|BAA32991|BAA32991.1	50.00	4	2	0	9	12	29	32	6.3	13.2
Seq2121_81_bp_1_0_0	ENA|AAI27517|AAI27517.1	100.00	4	0	0	11	14	511	514	7.2	16.1
Seq2121_81_bp_1_0_0	ENA|ABN10845|ABN10845.1	50.00	6	3	0	6	11	155	160	8.3	14.4
Seq2121_81_bp_1_0_0	ENA|CAA11507|CAA11507.1	80.00	5	1	0	12	16	544	548	9.1	16.9
Seq2121_81_bp_1_0_0	ENA|CAA45199|CAA45199.1	50.00	6	3	0	9	14	459	464	9.9	15.3
Seq2121_81_bp_1_1_0	ENA|ABD49687|ABD49687.1	100.00	26	0	0	1	26	468	493	1.5e-15	70.5
Seq2121_81_bp_1_1_0	ENA|AAB96524|AAB96524.1	38.10	23	13	2	1	21	64	86	0.39	19.4
Seq2121_81_bp_1_1_0	ENA|ACT10338|ACT10338.1	31.25	16	11	0	10	25	222	237	0.81	19.4
Seq2121_81_bp_1_1_0	ENA|AAA24145|AAA24145.1	27.78	18	13	0	5	22	292	309	2.2	18.2
Seq2121_81_bp_1_1_0	ENA|CAA29956|CAA29956.1	41.67	12	7	0	13	24	343	354	2.4	17.8
Seq2121_81_bp_1_1_0	ENA|ABD33854|ABD33854.1	35.71	14	9	0	8	21	14	27	2.8	15.0
Seq2121_81_bp_1_1_0	ENA|AAA36114|AAA36114.1	38.46	13	8	0	7	19	243	255	5.4	17.0
Seq2121_81_bp_1_1_0	ENA|AAB66912|AAB66912.1	27.78	18	13	0	9	26	881	898	7.4	17.4
Seq2121_81_bp_1_1_0	ENA|AAQ92751|AAQ92751.2	53.33	16	7	1	12	26	843	858	8.2	17.8
Seq2121_81_bp_1_1_0	ENA|AAA18786|AAA18786.1	46.15	13	7	0	6	18	242	254	8.4	15.4
Seq2121_81_bp_1_2_0	ENA|ABG75784|ABG75784.1	60.00	10	4	0	2	11	142	151	0.012	24.3
Seq2121_81_bp_1_2_0	ENA|AAC78721|AAC78721.1	72.73	13	3	2	2	14	362	372	0.84	19.3
Seq2121_81_bp_1_2_0	ENA|CAA26023|CAA26023.1	57.14	7	3	0	8	14	349	355	4.3	16.1
Seq2121_81_bp_1_2_0	ENA|CAA45708|CAA45708.1	71.43	7	2	0	2	8	27	33	4.8	17.9
Seq2121_81_bp_1_2_0	ENA|CAA43419|CAA43419.1	23.08	13	10	0	1	13	313	325	5.6	15.6
Seq2121_81_bp_1_2_0	ENA|CAA29956|CAA29956.1	60.00	12	4	2	5	14	346	357	5.7	15.6
Seq2121_81_bp_1_2_0	ENA|CAD53387|CAD53387.1	55.56	9	4	0	6	14	67	75	7.5	15.6
Seq2121_81_bp_1_2_0	ENA|ABK71357|ABK71357.1	44.44	9	5	0	1	9	233	241	7.6	15.2
Seq2121_81_bp_1_2_0	ENA|AAB03707|AAB03707.1	55.56	9	4	0	1	9	1129	1137	7.9	17.0
Seq2121_81_bp_1_2_0	ENA|BAA32956|BAA32956.1	66.67	6	2	0	3	8	56	61	8.1	14.2
Seq2121_81_bp_1_2_0	ENA|CCP43727|CCP43727.1	66.67	6	2	0	9	14	187	192	9.1	14.7
Seq2121_81_bp_-1_0_0	ENA|AAC97205|AAC97205.1	66.67	6	2	0	5	10	280	285	1.3	19.2
Seq2121_81_bp_-1_0_0	ENA|AAR37016|AAR37016.1	63.64	11	4	0	1	11	1136	1146	2.4	19.2
Seq2121_81_bp_-1_0_0	ENA|AAB26998|AAB26998.1	66.67	6	2	0	2	7	31	36	3.1	13.9
Seq2121_81_bp_-1_0_0	ENA|BAA32956|BAA32956.1	60.00	5	2	0	2	6	155	159	6.1	14.3
Seq2121_81_bp_-1_0_0	ENA|ABD49687|ABD49687.1	100.00	4	0	0	5	8	1063	1066	6.9	17.2
Seq2121_81_bp_-1_0_0	ENA|CAA36214|CAA36214.1	50.00	10	5	0	2	11	17	26	8.7	14.3
Seq2121_81_bp_-1_0_0	ENA|CAA29968|CAA29968.1	50.00	4	2	0	7	10	189	192	9.6	13.5
Seq2121_81_bp_-1_0_0	ENA|ABD33854|ABD33854.1	40.00	5	3	0	3	7	49	53	9.7	11.9
Seq2121_81_bp_-1_0_0	ENA|CAA45199|CAA45199.1	62.50	8	3	0	2	9	138	145	10	14.7
Seq2121_81_bp_-1_0_1	ENA|AAR37016|AAR37016.1	35.71	14	9	0	1	14	1281	1294	2.5	19.6
Seq2121_81_bp_-1_0_1	ENA|ABN10845|ABN10845.1	80.00	11	2	1	4	13	168	178	3.3	15.7
Seq2121_81_bp_-1_0_1	ENA|EDO47375|EDO47375.1	38.46	13	8	0	2	14	113	125	7.6	14.3
Seq2121_81_bp_-1_0_1	ENA|AAB26998|AAB26998.1	42.86	7	4	0	1	7	19	25	8.6	12.8
Seq2121_81_bp_-1_1_0	ENA|AAI27517|AAI27517.1	55.56	9	4	0	5	13	345	353	0.012	25.1
Seq2121_81_bp_-1_1_0	ENA|AAI27517|AAI27517.1	50.00	8	4	0	5	12	503	510	0.019	24.5
Seq2121_81_bp_-1_1_0	ENA|AAI27517|AAI27517.1	50.00	8	4	0	6	13	189	196	0.065	22.7
Seq2121_81_bp_-1_1_0	ENA|AAI27517|AAI27517.1	71.43	7	2	0	4	10	518	524	0.098	22.1
Seq2121_81_bp_-1_1_0	ENA|AAI27517|AAI27517.1	60.00	5	2	0	5	9	106	110	0.78	19.1
Seq2121_81_bp_-1_1_0	ENA|AAR31603|AAR31603.1	55.56	9	4	0	2	10	302	310	0.036	22.7
Seq2121_81_bp_-1_1_0	ENA|ABN10845|ABN10845.1	40.00	10	6	0	2	11	64	73	0.055	21.5
Seq2121_81_bp_-1_1_0	ENA|CAA45199|CAA45199.1	44.44	9	5	0	3	11	370	378	0.27	20.3
Seq2121_81_bp_-1_1_0	ENA|CAA45199|CAA45199.1	60.00	5	2	0	4	8	140	144	0.62	19.1
Seq2121_81_bp_-1_1_0	ENA|BAA32956|BAA32956.1	50.00	6	3	0	5	10	163	168	0.42	18.5
Seq2121_81_bp_-1_1_0	ENA|BAA32956|BAA32956.1	75.00	4	1	0	5	8	158	161	0.64	17.9
Seq2121_81_bp_-1_1_0	ENA|ACH70901|ACH70901.1	50.00	6	3	0	4	9	261	266	0.48	19.1
Seq2121_81_bp_-1_1_0	ENA|AAC08817|AAC08817.1	62.50	8	3	0	4	11	19	26	0.48	17.9
Seq2121_81_bp_-1_1_0	ENA|AAC08817|AAC08817.1	57.14	7	3	0	5	11	120	126	0.72	17.3
Seq2121_81_bp_-1_1_0	ENA|CAA29968|CAA29968.1	50.00	8	4	0	5	12	71	78	0.59	17.9
Seq2121_81_bp_-1_1_0	ENA|CAA26939|CAA26939.1	30.00	10	7	0	1	10	34	43	0.76	19.1
Seq2121_81_bp_-1_1_0	ENA|ABD49687|ABD49687.1	50.00	6	3	0	6	11	979	984	0.99	20.3
Seq2121_81_bp_-1_1_0	ENA|CAA45708|CAA45708.1	45.45	11	6	0	2	12	66	76	1.3	19.7
Seq2121_81_bp_-1_1_0	ENA|AAA24145|AAA24145.1	50.00	6	3	0	2	7	163	168	1.4	17.9
Seq2121_81_bp_-1_1_0	ENA|AAA25966|AAA25966.1	57.14	7	3	0	3	9	659	665	1.4	18.5
Seq2121_81_bp_-1_1_0	ENA|AAB66912|AAB66912.1	50.00	8	4	0	5	12	313	320	1.9	18.5
Seq2121_81_bp_-1_1_0	ENA|AAA36539|AAA36539.1	60.00	5	2	0	5	9	423	427	2.2	17.3
Seq2121_81_bp_-1_1_0	ENA|CAB75732|CAB75732.1	66.67	6	2	0	6	11	1117	1122	2.3	18.5
Seq2121_81_bp_-1_1_0	ENA|ABK71357|ABK71357.1	33.33	9	6	0	1	9	290	298	2.6	16.7
Seq2121_81_bp_-1_1_0	ENA|AAC26660|AAC26660.1	100.00	3	0	0	5	7	57	59	2.7	16.1
Seq2121_81_bp_-1_1_0	ENA|CAA73529|CAA73529.1	60.00	5	2	0	6	10	154	158	2.8	16.1
Seq2121_81_bp_-1_1_0	ENA|BAA36759|BAA36759.1	55.56	9	4	0	4	12	26	34	3	16.1
Seq2121_81_bp_-1_1_0	ENA|AAA72732|AAA72732.1	80.00	5	1	0	1	5	229	233	3.2	16.1
Seq2121_81_bp_-1_1_0	ENA|AAA36114|AAA36114.1	44.44	9	5	0	4	12	121	129	3.5	16.7
Seq2121_81_bp_-1_1_0	ENA|ACT10338|ACT10338.1	55.56	10	4	1	3	12	289	297	4	16.1
Seq2121_81_bp_-1_1_0	ENA|CAA11507|CAA11507.1	62.50	8	3	0	1	8	853	860	4	17.9
Seq2121_81_bp_-1_1_0	ENA|BAB79260|BAB79260.1	40.00	10	6	0	2	11	280	289	4.6	16.1
Seq2121_81_bp_-1_1_0	ENA|CAA36714|CAA36714.1	40.00	10	6	0	2	11	321	330	4.8	16.1
Seq2121_81_bp_-1_1_0	ENA|ABG75784|ABG75784.1	30.00	10	7	0	3	12	271	280	4.8	15.5
Seq2121_81_bp_-1_1_0	ENA|AAC40132|AAC40132.1	100.00	3	0	0	4	6	195	197	4.9	16.1
Seq2121_81_bp_-1_1_0	ENA|AAA32624|AAA32624.1	38.46	13	8	0	1	13	92	104	5.3	16.1
Seq2121_81_bp_-1_1_0	ENA|AAC97205|AAC97205.1	60.00	5	2	0	5	9	280	284	5.5	17.3
Seq2121_81_bp_-1_1_0	ENA|CAA28033|CAA28033.1	75.00	4	1	0	8	11	265	268	5.7	17.3
Seq2121_81_bp_-1_1_0	ENA|CAA26023|CAA26023.1	60.00	5	2	0	5	9	15	19	5.9	15.5
Seq2121_81_bp_-1_1_0	ENA|AAB26998|AAB26998.1	100.00	3	0	0	9	11	19	21	6.3	13.1
Seq2121_81_bp_-1_1_0	ENA|AAC49865|AAC49865.1	42.86	7	4	0	1	7	278	284	7.5	14.9
Seq2121_81_bp_-1_1_0	ENA|CAA43419|CAA43419.1	50.00	6	3	0	6	11	42	47	8.3	14.9
Seq2121_81_bp_-1_1_0	ENA|AAA42531|AAA42531.1	100.00	3	0	0	7	9	278	280	8.8	14.9
Seq2121_81_bp_-1_1_0	ENA|AAB03707|AAB03707.1	60.00	5	2	0	9	13	941	945	8.9	16.7
Seq2121_81_bp_-1_1_0	ENA|BAA32018|BAA32018.1	71.43	8	2	1	3	10	302	308	9.3	15.5
Seq2121_81_bp_-1_1_1	ENA|ABK71357|ABK71357.1	50.00	8	4	0	3	10	352	359	0.41	19.2
Seq2121_81_bp_-1_1_1	ENA|BAA36759|BAA36759.1	60.00	5	2	0	1	5	15	19	1.2	17.3
Seq2121_81_bp_-1_1_1	ENA|ABD49687|ABD49687.1	55.56	9	4	0	3	11	226	234	1.3	19.7
Seq2121_81_bp_-1_1_1	ENA|BAA32018|BAA32018.1	71.43	9	2	2	3	11	170	176	3.7	16.8
Seq2121_81_bp_-1_1_1	ENA|CAA26939|CAA26939.1	57.14	7	3	0	3	9	474	480	4.6	16.3
Seq2121_81_bp_-1_1_1	ENA|ABD33854|ABD33854.1	40.00	5	3	0	3	7	44	48	5.5	12.9
Seq2121_81_bp_-1_1_1	ENA|BAA32991|BAA32991.1	71.43	8	2	1	3	9	28	35	5.9	12.9
Seq2121_81_bp_-1_1_1	ENA|BAA32956|BAA32956.1	50.00	8	4	0	1	8	71	78	6.5	14.4
Seq2121_81_bp_-1_1_1	ENA|AAA72732|AAA72732.1	50.00	10	5	0	1	10	223	232	6.9	14.8
Seq2121_81_bp_-1_1_1	ENA|ABN10845|ABN10845.1	75.00	4	1	0	1	4	55	58	9.2	13.9
Seq2121_81_bp_-1_2_0	ENA|CAA24711|CAA24711.1	31.58	19	13	0	8	26	40	58	0.25	20.0
Seq2121_81_bp_-1_2_0	ENA|BAA05866|BAA05866.1	42.31	29	15	3	1	26	218	246	0.25	20.8
Seq2121_81_bp_-1_2_0	ENA|AAA42531|AAA42531.1	35.00	20	13	0	6	25	236	255	1.3	18.8
Seq2121_81_bp_-1_2_0	ENA|AAC40132|AAC40132.1	38.89	18	11	0	7	24	334	351	1.6	18.8
Seq2121_81_bp_-1_2_0	ENA|AAR31603|AAR31603.1	50.00	8	4	0	1	8	305	312	1.9	18.0
Seq2121_81_bp_-1_2_0	ENA|ACH70901|ACH70901.1	29.41	17	12	0	10	26	239	255	2.7	17.6
Seq2121_81_bp_-1_2_0	ENA|BAA32991|BAA32991.1	50.00	8	4	0	16	23	18	25	2.8	15.1
Seq2121_81_bp_-1_2_0	ENA|ABD49687|ABD49687.1	38.89	18	11	0	2	19	525	542	3.2	19.6
Seq2121_81_bp_-1_2_0	ENA|AAC08817|AAC08817.1	71.43	7	2	0	1	7	120	126	3.6	15.9
Seq2121_81_bp_-1_2_0	ENA|CAA28033|CAA28033.1	35.29	17	11	0	9	25	923	939	4.2	18.8
Seq2121_81_bp_-1_2_0	ENA|AAC49865|AAC49865.1	64.71	21	6	4	3	19	227	247	5.6	16.3
Seq2121_81_bp_-1_2_0	ENA|AAI27517|AAI27517.1	29.17	24	17	0	3	26	69	92	5.8	17.1
Seq2121_81_bp_-1_2_0	ENA|CAA36714|CAA36714.1	46.15	14	7	1	14	26	398	411	6	16.7
Seq2121_81_bp_-1_2_0	ENA|CAA26939|CAA26939.1	55.56	9	4	0	1	9	297	305	7.3	16.7
Seq2121_81_bp_-1_2_0	ENA|BAA32956|BAA32956.1	58.33	13	5	1	1	12	163	175	8.2	15.1
Seq2121_81_bp_-1_2_0	ENA|BAA36759|BAA36759.1	38.46	13	8	0	7	19	206	218	8.5	15.5
Seq2121_81_bp_-1_2_0	ENA|CCP43727|CCP43727.1	21.05	19	15	0	3	21	267	285	9.5	15.5
Seq2121_81_bp_-1_2_0	ENA|AAC26660|AAC26660.1	40.00	10	6	0	11	20	96	105	9.8	15.1
