Seq5139_156_bp_1_0_0	ENA|ACH70901|ACH70901.1	83.33	6	1	0	8	13	21	26	0.92	18.5
Seq5139_156_bp_1_0_0	ENA|AAC49865|AAC49865.1	100.00	4	0	0	9	12	232	235	3.1	16.6
Seq5139_156_bp_1_0_0	ENA|ABD49687|ABD49687.1	83.33	6	1	0	9	14	1488	1493	4.3	18.5
Seq5139_156_bp_1_0_0	ENA|AAA24145|AAA24145.1	83.33	7	1	1	6	11	429	435	5.8	16.2
Seq5139_156_bp_1_0_0	ENA|CAA29956|CAA29956.1	80.00	5	1	0	10	14	228	232	6.5	15.7
Seq5139_156_bp_1_0_0	ENA|AAR37016|AAR37016.1	100.00	4	0	0	1	4	1202	1205	7.9	18.1
Seq5139_156_bp_1_0_0	ENA|CAA36214|CAA36214.1	100.00	3	0	0	1	3	83	85	9.8	14.8
Seq5139_156_bp_1_0_1	ENA|AAC49865|AAC49865.1	100.00	4	0	0	12	15	78	81	5.2	16.3
Seq5139_156_bp_1_0_1	ENA|AAA32624|AAA32624.1	80.00	5	1	0	7	11	122	126	6	16.8
Seq5139_156_bp_1_1_0	ENA|AAC78721|AAC78721.1	100.00	4	0	0	8	11	676	679	3.9	17.2
Seq5139_156_bp_1_1_0	ENA|CAA26939|CAA26939.1	100.00	4	0	0	10	13	500	503	4.3	16.9
Seq5139_156_bp_1_1_0	ENA|AAC08817|AAC08817.1	85.71	11	1	4	1	11	125	131	4.5	14.9
Seq5139_156_bp_1_1_0	ENA|BAA32018|BAA32018.1	100.00	4	0	0	7	10	424	427	6	16.5
Seq5139_156_bp_1_1_0	ENA|CAB75732|CAB75732.1	100.00	4	0	0	10	13	3	6	8.4	16.9
Seq5139_156_bp_1_1_0	ENA|AAC97205|AAC97205.1	75.00	9	2	1	6	13	321	329	8.8	16.9
Seq5139_156_bp_1_1_0	ENA|CAA43419|CAA43419.1	80.00	5	1	0	5	9	52	56	10	14.9
Seq5139_156_bp_1_2_0	ENA|CAA45708|CAA45708.1	100.00	51	0	0	1	51	1035	1085	7.2e-52	192.0
Seq5139_156_bp_1_2_0	ENA|CAB75732|CAB75732.1	70.59	22	5	5	25	46	124	140	0.79	22.0
Seq5139_156_bp_1_2_0	ENA|AAI27517|AAI27517.1	100.00	5	0	0	34	38	39	43	2.8	19.2
Seq5139_156_bp_1_2_0	ENA|EDO47375|EDO47375.1	100.00	4	0	0	48	51	6	9	3.3	17.3
Seq5139_156_bp_1_2_0	ENA|AAA32624|AAA32624.1	100.00	4	0	0	47	50	387	390	6.4	17.8
Seq5139_156_bp_1_2_0	ENA|CAA43419|CAA43419.1	100.00	4	0	0	1	4	348	351	8.4	16.8
Seq5139_156_bp_1_2_0	ENA|AAQ92751|AAQ92751.2	57.89	19	8	0	2	20	108	126	8.6	18.7
Seq5139_156_bp_-1_0_0	ENA|AAB66912|AAB66912.1	100.00	10	0	3	11	17	788	797	3.2	19.2
Seq5139_156_bp_-1_0_0	ENA|CAA29956|CAA29956.1	100.00	4	0	0	7	10	32	35	3.4	17.9
Seq5139_156_bp_-1_0_0	ENA|BAB79260|BAB79260.1	100.00	4	0	0	21	24	207	210	5.5	17.4
Seq5139_156_bp_-1_0_0	ENA|AAC97205|AAC97205.1	100.00	8	0	2	31	36	762	769	7.7	18.3
Seq5139_156_bp_-1_0_0	ENA|BAA32956|BAA32956.1	100.00	4	0	0	9	12	43	46	8.8	15.5
Seq5139_156_bp_-1_1_0	ENA|AAC49865|AAC49865.1	100.00	4	0	0	7	10	194	197	0.24	19.7
Seq5139_156_bp_-1_1_0	ENA|AAB26998|AAB26998.1	100.00	3	0	0	8	10	42	44	1.4	15.1
Seq5139_156_bp_-1_1_0	ENA|AAB96524|AAB96524.1	100.00	3	0	0	1	3	94	96	1.6	16.1
Seq5139_156_bp_-1_1_0	ENA|CAA73529|CAA73529.1	100.00	3	0	0	2	4	97	99	2.3	16.1
Seq5139_156_bp_-1_1_0	ENA|BAA36759|BAA36759.1	80.00	5	1	0	6	10	169	173	2.5	16.1
Seq5139_156_bp_-1_1_0	ENA|BAB79260|BAB79260.1	100.00	3	0	0	9	11	209	211	3.8	16.1
Seq5139_156_bp_-1_1_0	ENA|AAC40132|AAC40132.1	100.00	3	0	0	2	4	312	314	4	16.1
Seq5139_156_bp_-1_1_0	ENA|AAA18786|AAA18786.1	100.00	3	0	0	8	10	13	15	4.6	15.1
Seq5139_156_bp_-1_1_0	ENA|CAA28033|CAA28033.1	80.00	5	1	0	5	9	1109	1113	5.3	17.2
Seq5139_156_bp_-1_1_0	ENA|AAC78721|AAC78721.1	100.00	3	0	0	9	11	261	263	5.6	16.1
Seq5139_156_bp_-1_1_0	ENA|ACT10338|ACT10338.1	100.00	3	0	0	8	10	32	34	6.5	15.1
Seq5139_156_bp_-1_1_0	ENA|AAA72732|AAA72732.1	100.00	3	0	0	7	9	246	248	7.4	14.6
Seq5139_156_bp_-1_1_0	ENA|BAA32956|BAA32956.1	80.00	5	1	0	4	8	7	11	10	13.6
Seq5139_156_bp_-1_1_1	ENA|ABD33854|ABD33854.1	100.00	6	0	1	25	29	7	12	3.3	15.3
Seq5139_156_bp_-1_1_1	ENA|CAA26939|CAA26939.1	100.00	4	0	0	9	12	518	521	5.7	17.7
Seq5139_156_bp_-1_1_1	ENA|ABN10845|ABN10845.1	80.00	5	1	0	29	33	63	67	5.8	16.3
Seq5139_156_bp_-1_1_1	ENA|CAB75732|CAB75732.1	100.00	4	0	0	31	34	432	435	6.1	18.6
Seq5139_156_bp_-1_1_1	ENA|AAC78721|AAC78721.1	100.00	4	0	0	9	12	143	146	6.7	17.7
Seq5139_156_bp_-1_1_1	ENA|CAA26023|CAA26023.1	61.54	14	5	1	18	31	52	64	7.2	16.8
Seq5139_156_bp_-1_2_0	ENA|CAA11507|CAA11507.1	100.00	4	0	0	4	7	700	703	2.2	19.1
Seq5139_156_bp_-1_2_0	ENA|AAA25966|AAA25966.1	100.00	4	0	0	13	16	453	456	3.2	17.6
Seq5139_156_bp_-1_2_0	ENA|CAB75732|CAB75732.1	100.00	4	0	0	5	8	356	359	3.6	18.1
Seq5139_156_bp_-1_2_0	ENA|BAA05866|BAA05866.1	80.00	5	1	0	12	16	128	132	5.3	15.6
Seq5139_156_bp_-1_2_0	ENA|AAQ92751|AAQ92751.2	100.00	4	0	0	10	13	136	139	6	17.6
Seq5139_156_bp_-1_2_0	ENA|CAA43419|CAA43419.1	80.00	5	1	0	7	11	170	174	8.6	15.1
Seq5139_156_bp_-1_2_1	ENA|CCP43727|CCP43727.1	83.33	6	1	0	24	29	326	331	1.1	19.0
Seq5139_156_bp_-1_2_1	ENA|AAB96524|AAB96524.1	100.00	4	0	0	13	16	77	80	4.5	16.0
Seq5139_156_bp_-1_2_1	ENA|CAA36214|CAA36214.1	100.00	4	0	0	20	23	17	20	7.2	16.0
Seq5139_156_bp_-1_2_1	ENA|CAA36714|CAA36714.1	100.00	4	0	0	24	27	201	204	8.2	16.4
Seq5139_156_bp_-1_2_1	ENA|AAC17860|AAC17860.1	100.00	4	0	0	12	15	59	62	9.5	16.0
