Seq5024_191_bp_1_0_0	ENA|CAA28033|CAA28033.1	100.00	63	0	0	1	63	843	905	1.1e-43	164.9
Seq5024_191_bp_1_0_0	ENA|CAL82360|CAL82360.1	42.11	69	33	12	1	62	833	896	3.7e-06	40.2
Seq5024_191_bp_1_0_0	ENA|AAB66912|AAB66912.1	40.00	35	18	5	9	39	826	859	0.54	22.6
Seq5024_191_bp_1_0_0	ENA|CAB75732|CAB75732.1	45.00	21	11	1	33	53	146	165	2.4	20.7
Seq5024_191_bp_1_0_0	ENA|AAF79734|AAF79734.1	34.21	51	25	13	16	58	194	239	2.4	21.0
Seq5024_191_bp_1_0_0	ENA|AAR37016|AAR37016.1	42.11	20	11	1	9	28	442	460	3.1	21.3
Seq5024_191_bp_1_0_0	ENA|AAB03707|AAB03707.1	36.36	22	14	0	42	63	831	852	3.5	20.4
Seq5024_191_bp_1_0_0	ENA|AAB26998|AAB26998.1	66.67	6	2	0	17	22	53	58	3.9	16.1
Seq5024_191_bp_1_0_0	ENA|AAR31603|AAR31603.1	29.63	29	19	2	1	29	184	210	4.5	18.0
Seq5024_191_bp_1_0_0	ENA|AAB96524|AAB96524.1	29.09	61	39	6	2	56	1	61	4.8	17.0
Seq5024_191_bp_1_0_0	ENA|AAA24145|AAA24145.1	53.85	13	6	0	32	44	187	199	5.1	18.3
Seq5024_191_bp_1_0_0	ENA|CAA26939|CAA26939.1	50.00	22	9	4	30	51	131	148	5.1	18.6
Seq5024_191_bp_1_0_0	ENA|ABG75784|ABG75784.1	41.18	17	10	0	26	42	156	172	5.3	17.6
Seq5024_191_bp_1_0_0	ENA|AAQ92751|AAQ92751.2	42.11	20	11	1	11	29	1068	1087	9.5	18.9
Seq5024_191_bp_1_1_0	ENA|BAB79260|BAB79260.1	38.46	13	8	0	8	20	387	399	0.14	22.2
Seq5024_191_bp_1_1_0	ENA|AAC78721|AAC78721.1	50.00	18	8	2	1	16	226	243	0.21	22.2
Seq5024_191_bp_1_1_0	ENA|CAA26023|CAA26023.1	71.43	7	2	0	11	17	118	124	0.39	20.4
Seq5024_191_bp_1_1_0	ENA|AAB03707|AAB03707.1	50.00	10	5	0	5	14	116	125	0.77	21.3
Seq5024_191_bp_1_1_0	ENA|ACH70901|ACH70901.1	44.44	9	5	0	16	24	103	111	0.92	19.1
Seq5024_191_bp_1_1_0	ENA|AAF79734|AAF79734.1	50.00	27	9	9	1	22	876	898	1.1	20.9
Seq5024_191_bp_1_1_0	ENA|ACT10338|ACT10338.1	42.86	17	8	3	1	14	31	47	1.8	18.2
Seq5024_191_bp_1_1_0	ENA|AAA36539|AAA36539.1	37.50	8	5	0	1	8	435	442	3	17.8
Seq5024_191_bp_1_1_0	ENA|CAA28033|CAA28033.1	80.00	5	1	0	14	18	42	46	3.3	19.1
Seq5024_191_bp_1_1_0	ENA|AAA42531|AAA42531.1	37.50	8	5	0	3	10	40	47	3.3	17.3
Seq5024_191_bp_1_1_0	ENA|CAA45199|CAA45199.1	50.00	8	4	0	6	13	307	314	4	17.3
Seq5024_191_bp_1_1_0	ENA|CAL82360|CAL82360.1	60.00	5	2	0	14	18	41	45	4.3	18.7
Seq5024_191_bp_1_1_0	ENA|CAA36214|CAA36214.1	50.00	23	10	3	1	22	265	285	4.7	16.5
Seq5024_191_bp_1_1_0	ENA|AAA24145|AAA24145.1	42.86	7	4	0	15	21	332	338	5.2	16.9
Seq5024_191_bp_1_1_0	ENA|BAA32018|BAA32018.1	28.57	7	5	0	13	19	1	7	5.2	17.3
Seq5024_191_bp_1_1_0	ENA|AAA18786|AAA18786.1	40.00	10	6	0	13	22	1	10	5.5	16.0
Seq5024_191_bp_1_1_0	ENA|CAA43419|CAA43419.1	50.00	6	3	0	6	11	220	225	5.6	16.5
Seq5024_191_bp_1_1_0	ENA|AAA72732|AAA72732.1	36.36	11	7	0	8	18	11	21	6.4	16.0
Seq5024_191_bp_1_1_0	ENA|BAB17681|BAB17681.1	42.86	7	4	0	10	16	73	79	7.5	15.6
Seq5024_191_bp_1_1_0	ENA|ABG75784|ABG75784.1	33.33	12	8	0	5	16	215	226	8.5	15.6
Seq5024_191_bp_1_1_0	ENA|AAC40132|AAC40132.1	41.67	13	7	1	1	13	273	284	9.5	16.0
Seq5024_191_bp_1_1_0	ENA|CAA73529|CAA73529.1	60.00	5	2	0	2	6	37	41	10	15.1
Seq5024_191_bp_1_1_1	ENA|AAB66912|AAB66912.1	80.00	5	1	0	7	11	586	590	0.96	19.8
Seq5024_191_bp_1_1_1	ENA|AAR31603|AAR31603.1	37.50	8	5	0	2	9	174	181	1.1	18.0
Seq5024_191_bp_1_1_1	ENA|BAB17681|BAB17681.1	33.33	12	8	0	3	14	215	226	1.7	17.1
Seq5024_191_bp_1_1_1	ENA|AAC17860|AAC17860.1	85.71	10	1	3	9	15	378	387	1.9	17.6
Seq5024_191_bp_1_1_1	ENA|CAA26023|CAA26023.1	41.67	12	7	0	3	14	52	63	3.2	16.7
Seq5024_191_bp_1_1_1	ENA|BAB79260|BAB79260.1	40.00	10	6	0	5	14	84	93	3.8	16.7
Seq5024_191_bp_1_1_1	ENA|AAC26660|AAC26660.1	66.67	6	2	0	1	6	8	13	3.9	15.8
Seq5024_191_bp_1_1_1	ENA|AAA32624|AAA32624.1	100.00	4	0	0	12	15	31	34	4.4	16.7
Seq5024_191_bp_1_1_1	ENA|CAA36714|CAA36714.1	66.67	6	2	0	8	13	245	250	5.2	16.3
Seq5024_191_bp_1_1_1	ENA|AAC78721|AAC78721.1	33.33	12	8	0	3	14	15	26	5.6	16.7
Seq5024_191_bp_1_1_1	ENA|AAA36114|AAA36114.1	50.00	10	4	2	6	15	281	288	5.7	16.3
Seq5024_191_bp_1_1_1	ENA|CAA28033|CAA28033.1	66.67	6	2	0	7	12	760	765	5.9	17.6
Seq5024_191_bp_1_1_1	ENA|ACT10338|ACT10338.1	28.57	14	10	0	2	15	188	201	5.9	15.8
Seq5024_191_bp_1_1_1	ENA|ABG75784|ABG75784.1	40.00	10	6	0	6	15	295	304	6.4	15.4
Seq5024_191_bp_1_1_1	ENA|BAA32018|BAA32018.1	62.50	8	3	0	9	16	220	227	6.9	16.3
Seq5024_191_bp_1_1_1	ENA|AAB26998|AAB26998.1	66.67	6	2	0	11	16	8	13	7.2	13.2
Seq5024_191_bp_1_1_1	ENA|ABN10845|ABN10845.1	50.00	8	4	0	1	8	28	35	8	14.5
Seq5024_191_bp_1_1_1	ENA|AAC97205|AAC97205.1	33.33	9	6	0	2	10	679	687	9.8	16.7
Seq5024_191_bp_1_2_0	ENA|CAA28033|CAA28033.1	46.67	15	8	0	2	16	365	379	0.25	22.6
Seq5024_191_bp_1_2_0	ENA|AAA18786|AAA18786.1	50.00	15	7	1	4	18	143	156	0.64	18.9
Seq5024_191_bp_1_2_0	ENA|AAF79734|AAF79734.1	50.00	26	10	6	2	21	28	53	2.1	19.7
Seq5024_191_bp_1_2_0	ENA|ABG75784|ABG75784.1	46.15	13	7	0	5	17	45	57	2.6	17.1
Seq5024_191_bp_1_2_0	ENA|AAC26660|AAC26660.1	50.00	19	8	3	1	16	152	170	2.7	16.8
Seq5024_191_bp_1_2_0	ENA|CAA11507|CAA11507.1	50.00	12	6	0	8	19	775	786	3.2	18.9
Seq5024_191_bp_1_2_0	ENA|CAL82360|CAL82360.1	47.37	21	10	2	3	21	897	917	4.9	18.2
Seq5024_191_bp_1_2_0	ENA|ABN10845|ABN10845.1	46.67	19	8	4	4	19	178	195	6.1	15.3
Seq5024_191_bp_1_2_0	ENA|CAA36714|CAA36714.1	50.00	18	8	2	2	18	188	204	6.2	16.4
Seq5024_191_bp_1_2_0	ENA|BAA32018|BAA32018.1	46.67	17	8	2	6	20	318	334	6.4	16.8
Seq5024_191_bp_1_2_0	ENA|AAB03707|AAB03707.1	50.00	14	6	2	1	14	1055	1066	8.4	17.5
Seq5024_191_bp_1_2_1	ENA|BAA32991|BAA32991.1	75.00	4	1	0	5	8	23	26	4.6	13.8
Seq5024_191_bp_1_2_1	ENA|AAB96524|AAB96524.1	83.33	6	1	0	4	9	181	186	7.7	14.4
Seq5024_191_bp_1_2_1	ENA|AAA18786|AAA18786.1	55.56	10	4	1	7	16	167	175	8.7	14.8
Seq5024_191_bp_-1_0_0	ENA|ABG75784|ABG75784.1	45.83	30	13	6	2	25	270	299	0.16	22.2
Seq5024_191_bp_-1_0_0	ENA|BAA05866|BAA05866.1	39.29	35	17	7	5	39	44	71	1.3	19.2
Seq5024_191_bp_-1_0_0	ENA|CAA24711|CAA24711.1	36.84	43	24	5	2	39	88	130	1.4	18.2
Seq5024_191_bp_-1_0_0	ENA|CAA36214|CAA36214.1	29.03	33	22	2	10	42	211	241	1.6	18.8
Seq5024_191_bp_-1_0_0	ENA|AAC49865|AAC49865.1	46.67	15	8	0	20	34	64	78	2.2	18.5
Seq5024_191_bp_-1_0_0	ENA|BAA32956|BAA32956.1	35.71	14	9	0	18	31	125	138	2.2	17.8
Seq5024_191_bp_-1_0_0	ENA|ACH70901|ACH70901.1	45.00	24	11	4	4	23	8	31	3	18.2
Seq5024_191_bp_-1_0_0	ENA|CAB75732|CAB75732.1	44.44	19	10	1	1	18	336	354	3	19.8
Seq5024_191_bp_-1_0_0	ENA|CAA43419|CAA43419.1	37.50	29	15	5	5	30	125	151	3	18.2
Seq5024_191_bp_-1_0_0	ENA|CCP43727|CCP43727.1	35.71	14	9	0	29	42	63	76	3.4	17.8
Seq5024_191_bp_-1_0_0	ENA|AAA24145|AAA24145.1	40.00	20	12	0	2	21	392	411	3.8	18.2
Seq5024_191_bp_-1_0_0	ENA|AAC40132|AAC40132.1	35.29	41	22	7	3	42	89	123	3.9	18.2
Seq5024_191_bp_-1_0_0	ENA|AAC17860|AAC17860.1	52.63	20	9	1	17	36	327	345	4.2	17.8
Seq5024_191_bp_-1_0_0	ENA|AAB03707|AAB03707.1	53.33	17	7	2	26	40	1228	1244	4.4	19.5
Seq5024_191_bp_-1_0_0	ENA|CAA28033|CAA28033.1	73.33	17	4	2	4	19	887	902	5.2	19.2
Seq5024_191_bp_-1_0_0	ENA|AAC26660|AAC26660.1	36.36	25	14	3	8	32	4	25	6.5	16.5
Seq5024_191_bp_-1_0_0	ENA|AAQ92751|AAQ92751.2	37.50	16	10	0	18	33	26	41	6.9	18.8
Seq5024_191_bp_-1_0_0	ENA|EDO47375|EDO47375.1	30.77	28	18	2	2	27	91	118	7.6	15.8
Seq5024_191_bp_-1_0_0	ENA|BAB79260|BAB79260.1	34.78	25	15	2	6	28	229	253	8.9	16.8
Seq5024_191_bp_-1_0_0	ENA|AAF79734|AAF79734.1	34.48	35	19	6	2	36	471	499	9	18.5
Seq5024_191_bp_-1_0_1	ENA|AAC26660|AAC26660.1	50.00	12	6	0	7	18	190	201	0.28	19.9
Seq5024_191_bp_-1_0_1	ENA|CCP43727|CCP43727.1	44.44	23	10	5	2	19	263	285	1.4	17.9
Seq5024_191_bp_-1_0_1	ENA|BAA32956|BAA32956.1	47.06	18	9	1	1	18	37	53	2.1	16.7
Seq5024_191_bp_-1_0_1	ENA|AAQ92751|AAQ92751.2	80.00	13	2	3	3	15	976	985	2.6	19.1
Seq5024_191_bp_-1_0_1	ENA|AAA24145|AAA24145.1	46.67	16	8	1	2	17	254	268	3.4	17.1
Seq5024_191_bp_-1_0_1	ENA|CAA45708|CAA45708.1	72.73	13	3	2	2	12	689	701	3.7	18.7
Seq5024_191_bp_-1_0_1	ENA|AAS77176|AAS77176.1	66.67	12	3	3	7	18	97	105	4.8	15.9
Seq5024_191_bp_-1_0_1	ENA|AAB03707|AAB03707.1	71.43	7	2	0	4	10	1175	1181	5.7	17.9
Seq5024_191_bp_-1_0_1	ENA|AAR31603|AAR31603.1	55.56	11	4	2	10	18	124	134	7.1	15.5
Seq5024_191_bp_-1_0_1	ENA|CAA26023|CAA26023.1	62.50	10	3	2	4	13	107	114	8.2	15.5
Seq5024_191_bp_-1_0_1	ENA|ACT10338|ACT10338.1	46.67	18	8	3	4	18	191	208	8.3	15.5
Seq5024_191_bp_-1_0_1	ENA|CAA36214|CAA36214.1	55.56	9	4	0	4	12	233	241	8.6	15.1
Seq5024_191_bp_-1_0_1	ENA|AAC49865|AAC49865.1	53.85	15	6	2	5	19	58	70	9.2	15.1
Seq5024_191_bp_-1_1_0	ENA|CAA24711|CAA24711.1	83.33	6	1	0	5	10	119	124	0.15	19.4
Seq5024_191_bp_-1_1_0	ENA|BAA36759|BAA36759.1	66.67	9	3	0	2	10	263	271	0.59	18.2
Seq5024_191_bp_-1_1_0	ENA|CAA45708|CAA45708.1	55.56	9	4	0	1	9	594	602	1.3	19.4
Seq5024_191_bp_-1_1_0	ENA|CAA26023|CAA26023.1	83.33	6	1	0	4	9	53	58	3.1	16.2
Seq5024_191_bp_-1_1_0	ENA|CAA36214|CAA36214.1	80.00	5	1	0	4	8	72	76	3.2	15.8
Seq5024_191_bp_-1_1_0	ENA|CAL82360|CAL82360.1	63.64	14	4	3	1	11	1149	1162	3.4	17.8
Seq5024_191_bp_-1_1_0	ENA|AAC26660|AAC26660.1	80.00	5	1	0	5	9	192	196	3.5	15.4
Seq5024_191_bp_-1_1_0	ENA|CAA26939|CAA26939.1	62.50	8	3	0	4	11	539	546	7.6	15.4
Seq5024_191_bp_-1_1_0	ENA|AAI27517|AAI27517.1	57.14	7	3	0	4	10	264	270	7.9	15.4
Seq5024_191_bp_-1_1_0	ENA|BAA32991|BAA32991.1	100.00	3	0	0	1	3	7	9	8.3	12.2
Seq5024_191_bp_-1_1_0	ENA|BAA32956|BAA32956.1	50.00	8	4	0	3	10	41	48	8.4	13.8
Seq5024_191_bp_-1_1_1	ENA|ACT10338|ACT10338.1	62.50	8	3	0	7	14	34	41	0.038	23.0
Seq5024_191_bp_-1_1_1	ENA|ACT10338|ACT10338.1	70.00	14	3	4	1	10	71	84	0.23	20.4
Seq5024_191_bp_-1_1_1	ENA|BAB17681|BAB17681.1	50.00	13	6	1	2	14	106	117	0.12	20.8
Seq5024_191_bp_-1_1_1	ENA|AAC97205|AAC97205.1	40.00	10	6	0	5	14	493	502	0.22	22.1
Seq5024_191_bp_-1_1_1	ENA|CAA26939|CAA26939.1	66.67	9	3	0	2	10	561	569	0.25	20.8
Seq5024_191_bp_-1_1_1	ENA|CAA29968|CAA29968.1	57.14	7	3	0	6	12	105	111	0.39	18.6
Seq5024_191_bp_-1_1_1	ENA|BAA32018|BAA32018.1	45.45	12	6	1	1	12	123	133	0.51	19.9
Seq5024_191_bp_-1_1_1	ENA|ABD49687|ABD49687.1	45.45	11	6	0	4	14	233	243	0.56	21.2
Seq5024_191_bp_-1_1_1	ENA|AAC40132|AAC40132.1	44.44	9	5	0	6	14	393	401	0.94	18.6
Seq5024_191_bp_-1_1_1	ENA|AAI27517|AAI27517.1	44.44	9	5	0	5	13	369	377	1.2	18.6
Seq5024_191_bp_-1_1_1	ENA|AAC78721|AAC78721.1	50.00	6	3	0	7	12	321	326	1.3	18.6
Seq5024_191_bp_-1_1_1	ENA|CAA26023|CAA26023.1	60.00	5	2	0	9	13	253	257	1.9	17.3
Seq5024_191_bp_-1_1_1	ENA|CAL82360|CAL82360.1	62.50	9	3	1	3	10	1112	1120	1.9	19.1
Seq5024_191_bp_-1_1_1	ENA|CAA28033|CAA28033.1	80.00	5	1	0	7	11	1180	1184	1.9	19.1
Seq5024_191_bp_-1_1_1	ENA|AAB03707|AAB03707.1	100.00	4	0	0	10	13	112	115	2	19.1
Seq5024_191_bp_-1_1_1	ENA|CAA24711|CAA24711.1	50.00	6	3	0	5	10	13	18	2.1	16.0
Seq5024_191_bp_-1_1_1	ENA|AAC49865|AAC49865.1	100.00	4	0	0	3	6	92	95	2.2	16.9
Seq5024_191_bp_-1_1_1	ENA|AAC08817|AAC08817.1	33.33	9	6	0	5	13	117	125	2.5	15.6
Seq5024_191_bp_-1_1_1	ENA|AAF79734|AAF79734.1	55.56	10	4	1	1	9	20	29	2.8	18.6
Seq5024_191_bp_-1_1_1	ENA|AAA24145|AAA24145.1	50.00	8	4	0	7	14	251	258	3	16.9
Seq5024_191_bp_-1_1_1	ENA|AAC17860|AAC17860.1	75.00	4	1	0	9	12	276	279	3.6	16.4
Seq5024_191_bp_-1_1_1	ENA|AAB26998|AAB26998.1	80.00	5	1	0	1	5	3	7	4.2	13.8
Seq5024_191_bp_-1_1_1	ENA|CAA43419|CAA43419.1	75.00	4	1	0	10	13	124	127	4.3	16.0
Seq5024_191_bp_-1_1_1	ENA|AAA25966|AAA25966.1	60.00	5	2	0	9	13	177	181	4.7	16.9
Seq5024_191_bp_-1_1_1	ENA|CAA11507|CAA11507.1	66.67	6	2	0	7	12	556	561	4.8	17.7
Seq5024_191_bp_-1_1_1	ENA|CCP43727|CCP43727.1	100.00	3	0	0	6	8	60	62	5.2	15.6
Seq5024_191_bp_-1_1_1	ENA|AAR37016|AAR37016.1	80.00	5	1	0	9	13	1393	1397	6	18.2
Seq5024_191_bp_-1_1_1	ENA|BAA32956|BAA32956.1	75.00	4	1	0	9	12	164	167	6	14.7
Seq5024_191_bp_-1_1_1	ENA|AAQ92751|AAQ92751.2	38.46	13	8	0	1	13	1340	1352	6.5	17.3
Seq5024_191_bp_-1_1_1	ENA|AAB96524|AAB96524.1	66.67	6	2	0	4	9	79	84	7.1	14.3
Seq5024_191_bp_-1_1_1	ENA|EDO47375|EDO47375.1	44.44	9	5	0	5	13	78	86	7.2	14.3
Seq5024_191_bp_-1_1_1	ENA|AAA32624|AAA32624.1	50.00	10	5	0	4	13	32	41	8.1	15.6
Seq5024_191_bp_-1_1_1	ENA|BAA36759|BAA36759.1	60.00	5	2	0	10	14	282	286	8.1	14.7
Seq5024_191_bp_-1_1_1	ENA|AAC26660|AAC26660.1	33.33	12	8	0	3	14	205	216	9.6	14.3
Seq5024_191_bp_-1_1_1	ENA|ACH70901|ACH70901.1	75.00	4	1	0	1	4	221	224	10	14.7
Seq5024_191_bp_-1_1_2	ENA|CAA26023|CAA26023.1	50.00	16	8	0	6	21	53	68	0.51	19.8
Seq5024_191_bp_-1_1_2	ENA|EDO47375|EDO47375.1	35.00	20	13	0	2	21	99	118	2.2	16.6
Seq5024_191_bp_-1_1_2	ENA|AAA72732|AAA72732.1	27.78	18	13	0	4	21	1	18	3.7	16.6
Seq5024_191_bp_-1_1_2	ENA|CAA29956|CAA29956.1	33.33	12	8	0	1	12	107	118	7	15.9
Seq5024_191_bp_-1_1_2	ENA|AAC26660|AAC26660.1	38.46	13	8	0	8	20	1	13	9.7	14.8
Seq5024_191_bp_-1_2_0	ENA|AAC17860|AAC17860.1	36.84	22	12	3	4	22	329	350	0.39	20.5
Seq5024_191_bp_-1_2_0	ENA|AAA18786|AAA18786.1	25.00	20	15	0	3	22	10	29	0.54	19.4
Seq5024_191_bp_-1_2_0	ENA|BAA32991|BAA32991.1	50.00	17	7	3	11	24	17	33	0.63	17.2
Seq5024_191_bp_-1_2_0	ENA|AAR31603|AAR31603.1	42.86	16	8	2	9	22	108	123	1.1	18.7
Seq5024_191_bp_-1_2_0	ENA|AAC97205|AAC97205.1	71.43	7	2	0	11	17	23	29	1.2	20.5
Seq5024_191_bp_-1_2_0	ENA|AAA72732|AAA72732.1	33.33	15	10	0	2	16	97	111	1.7	17.9
Seq5024_191_bp_-1_2_0	ENA|AAC49865|AAC49865.1	33.33	12	8	0	11	22	112	123	2.3	17.6
Seq5024_191_bp_-1_2_0	ENA|BAA32956|BAA32956.1	38.46	14	8	1	11	23	15	28	2.4	16.8
Seq5024_191_bp_-1_2_0	ENA|ACT10338|ACT10338.1	44.44	9	5	0	2	10	342	350	2.7	17.6
Seq5024_191_bp_-1_2_0	ENA|CAA36214|CAA36214.1	41.67	13	7	1	7	19	129	140	2.7	17.2
Seq5024_191_bp_-1_2_0	ENA|AAA42531|AAA42531.1	71.43	8	2	1	8	14	241	248	3.5	17.2
Seq5024_191_bp_-1_2_0	ENA|AAB96524|AAB96524.1	25.00	12	9	0	12	23	47	58	4.5	15.7
Seq5024_191_bp_-1_2_0	ENA|ABN10845|ABN10845.1	66.67	8	2	2	18	23	16	23	5.3	15.7
Seq5024_191_bp_-1_2_0	ENA|AAC40132|AAC40132.1	37.50	8	5	0	15	22	66	73	5.4	16.8
Seq5024_191_bp_-1_2_0	ENA|BAA05866|BAA05866.1	50.00	16	6	4	9	20	125	140	5.8	16.1
Seq5024_191_bp_-1_2_0	ENA|ABG75784|ABG75784.1	66.67	6	2	0	18	23	82	87	5.9	16.1
Seq5024_191_bp_-1_2_0	ENA|AAA24145|AAA24145.1	44.44	9	5	0	2	10	331	339	6.7	16.5
Seq5024_191_bp_-1_2_0	ENA|AAR37016|AAR37016.1	63.64	14	4	3	11	21	370	383	7.4	18.7
Seq5024_191_bp_-1_2_0	ENA|AAC78721|AAC78721.1	46.15	15	7	2	8	20	389	403	9.5	16.5
