Seq635_75_bp_1_0_0	AAA45888.1	100.00	25	0	0	1	25	26	50	1.5e-18	78.2
Seq635_75_bp_1_0_0	AAA45888.1	66.67	12	4	0	5	16	174	185	0.00097	29.1
Seq635_75_bp_1_0_0	AAA45888.1	40.91	22	13	0	2	23	145	166	0.026	24.3
Seq635_75_bp_1_0_0	AAA45888.1	38.89	18	11	0	8	25	117	134	0.13	22.0
Seq635_75_bp_1_0_0	AAA45888.1	28.57	14	10	0	3	16	59	72	0.3	20.8
Seq635_75_bp_1_0_0	AAA45888.1	54.55	11	5	0	2	12	83	93	0.46	20.2
Seq635_75_bp_1_0_0	AAB26998.1	87.50	8	1	0	5	12	4	11	0.21	19.0
Seq635_75_bp_1_0_0	BAB79260.1	38.89	18	11	0	3	20	197	214	0.54	20.2
Seq635_75_bp_1_0_0	AAB03707.1	100.00	5	0	0	20	24	701	705	1.1	20.8
Seq635_75_bp_1_0_0	EDO47375.1	25.00	20	15	0	3	22	110	129	1.2	17.8
Seq635_75_bp_1_0_0	AAC08817.1	35.71	14	9	0	12	25	96	109	2.3	16.6
Seq635_75_bp_1_0_0	CAA45199.1	77.78	10	2	1	17	25	264	273	2.8	17.8
Seq635_75_bp_1_0_0	AAX12058.1	44.44	9	5	0	14	22	133	141	3.7	16.6
Seq635_75_bp_1_0_0	AAA32376.1	55.56	9	4	0	5	13	107	115	5.3	15.5
Seq635_75_bp_1_0_0	ABN10845.1	29.41	17	12	0	4	20	82	98	6.5	15.5
Seq635_75_bp_1_0_0	AAB64315.2	35.00	20	13	0	1	20	31	50	6.6	16.0
Seq635_75_bp_1_0_0	AAC97205.1	50.00	8	4	0	12	19	764	771	7.2	17.8
Seq635_75_bp_1_0_0	AAA72732.1	13.33	15	13	0	6	20	3	17	9.2	15.5
Seq635_75_bp_1_1_0	ABG75784.1	50.00	8	4	0	8	15	307	314	0.14	21.1
Seq635_75_bp_1_1_0	CAA26230.1	83.33	6	1	0	12	17	9	14	0.58	19.9
Seq635_75_bp_1_1_0	BAA32991.1	60.00	5	2	0	13	17	42	46	1.3	15.7
Seq635_75_bp_1_1_0	AAR37016.1	71.43	7	2	0	7	13	1565	1571	1.6	20.5
Seq635_75_bp_1_1_0	CAA43372.1	50.00	10	5	0	4	13	153	162	2.3	17.5
Seq635_75_bp_1_1_0	AAB26998.1	36.36	11	7	0	2	12	17	27	2.3	15.1
Seq635_75_bp_1_1_0	AAB96524.1	57.14	7	3	0	3	9	56	62	2.3	16.3
Seq635_75_bp_1_1_0	BAB79260.1	30.77	13	9	0	2	14	168	180	3.7	16.9
Seq635_75_bp_1_1_0	AAA32624.1	33.33	9	6	0	1	9	190	198	4.3	16.9
Seq635_75_bp_1_1_0	AAC97205.1	33.33	18	12	0	1	18	149	166	4.4	18.1
Seq635_75_bp_1_1_0	AAA45888.1	60.00	5	2	0	11	15	112	116	4.7	16.3
Seq635_75_bp_1_1_0	CAA73529.1	57.14	7	3	0	12	18	96	102	5.1	15.7
Seq635_75_bp_1_1_0	EDO47375.1	55.56	9	4	0	2	10	40	48	5.4	15.1
Seq635_75_bp_1_1_0	AAC78721.1	60.00	5	2	0	10	14	81	85	5.5	16.9
Seq635_75_bp_1_1_0	AAI27517.1	66.67	6	2	0	5	10	178	183	7.1	16.3
Seq635_75_bp_1_1_0	ABL74574.1	100.00	3	0	0	12	14	45	47	8	15.1
Seq635_75_bp_1_1_0	CAA45199.1	57.14	7	3	0	10	16	167	173	8.5	15.7
Seq635_75_bp_1_1_0	ABD33854.1	50.00	6	3	0	2	7	19	24	9.3	12.7
Seq635_75_bp_1_1_0	AAX84812.1	66.67	6	2	0	3	8	113	118	9.6	14.5
Seq635_75_bp_1_2_0	BAB79260.1	63.64	11	4	0	7	17	264	274	0.0071	26.1
Seq635_75_bp_1_2_0	AAI27517.1	85.71	8	1	1	1	8	102	108	0.3	21.1
Seq635_75_bp_1_2_0	AAH69556.1	50.00	10	5	0	5	14	110	119	0.71	18.8
Seq635_75_bp_1_2_0	AAR31603.1	54.55	11	5	0	3	13	302	312	0.76	18.8
Seq635_75_bp_1_2_0	CAD53387.1	57.14	7	3	0	1	7	10	16	0.79	19.4
Seq635_75_bp_1_2_0	CAD53387.1	57.14	7	3	0	1	7	76	82	0.79	19.4
Seq635_75_bp_1_2_0	CAD53387.1	57.14	7	3	0	1	7	142	148	0.79	19.4
Seq635_75_bp_1_2_0	CAD53387.1	57.14	7	3	0	1	7	208	214	0.79	19.4
Seq635_75_bp_1_2_0	CAD53387.1	57.14	7	3	0	1	7	274	280	0.79	19.4
Seq635_75_bp_1_2_0	CAD53387.1	57.14	7	3	0	1	7	340	346	0.79	19.4
Seq635_75_bp_1_2_0	CAD53387.1	57.14	7	3	0	1	7	406	412	0.79	19.4
Seq635_75_bp_1_2_0	ABD49687.1	54.55	11	5	0	4	14	674	684	1.3	20.5
Seq635_75_bp_1_2_0	ABN10845.1	33.33	12	8	0	2	13	117	128	3.4	16.1
Seq635_75_bp_1_2_0	AAC97205.1	35.71	14	9	0	1	14	414	427	4.1	18.3
Seq635_75_bp_1_2_0	AAB26998.1	42.86	7	4	0	1	7	35	41	5.6	13.8
Seq635_75_bp_1_2_0	CAA26230.1	60.00	5	2	0	2	6	283	287	5.8	16.6
Seq635_75_bp_1_2_0	ACT10338.1	83.33	6	1	0	10	15	19	24	5.9	16.1
Seq635_75_bp_1_2_0	AAA18786.1	35.71	14	9	0	4	17	241	254	6	15.5
Seq635_75_bp_1_2_0	AAC17860.1	42.86	7	4	0	1	7	276	282	6.2	16.1
Seq635_75_bp_1_2_0	CAA45199.1	50.00	8	4	0	2	9	172	179	7.1	16.1
Seq635_75_bp_1_2_0	BAB70780.1	37.50	16	10	0	3	18	97	112	7.3	16.1
Seq635_75_bp_1_2_0	AAR37016.1	44.44	9	5	0	3	11	1177	1185	7.6	18.3
Seq635_75_bp_1_2_0	ACH70904.1	62.50	8	3	0	10	17	252	259	7.9	15.5
Seq635_75_bp_1_2_0	AAA45888.1	42.86	7	4	0	6	12	19	25	8.4	15.5
Seq635_75_bp_1_2_0	BAB17681.1	80.00	5	1	0	14	18	261	265	8.8	14.9
Seq635_75_bp_1_2_0	ABL74574.1	66.67	6	2	0	9	14	129	134	9.2	14.9
Seq635_75_bp_1_2_0	BAA32956.1	100.00	3	0	0	2	4	77	79	9.8	14.4
Seq635_75_bp_-1_0_0	AAA23282.1	45.45	11	6	0	1	11	161	171	3.6	16.9
Seq635_75_bp_-1_0_0	CAA26230.1	57.14	7	3	0	8	14	23	29	5.2	16.3
Seq635_75_bp_-1_0_0	AAB96524.1	50.00	8	4	0	2	9	13	20	5.8	14.6
Seq635_75_bp_-1_0_0	BAA32018.1	37.50	8	5	0	7	14	381	388	5.8	16.3
Seq635_75_bp_-1_0_0	AAA24969.1	45.45	11	6	0	4	14	1123	1133	6.3	17.5
Seq635_75_bp_-1_0_0	AAH69556.1	50.00	8	4	0	5	12	4	11	6.3	15.2
Seq635_75_bp_-1_0_0	AAA72732.1	50.00	6	3	0	5	10	292	297	6.5	15.2
Seq635_75_bp_-1_0_0	AAR31603.1	57.14	7	3	0	3	9	267	273	9.8	14.6
Seq635_75_bp_-1_0_1	AEE27845.1	71.43	7	2	0	1	7	365	371	0.49	20.7
Seq635_75_bp_-1_0_1	AAX12058.1	83.33	6	1	0	1	6	78	83	0.69	17.8
Seq635_75_bp_-1_0_1	AAI27517.1	83.33	6	1	0	3	8	127	132	0.91	18.5
Seq635_75_bp_-1_0_1	ABD49687.1	55.56	9	4	0	1	9	444	452	1.6	19.2
Seq635_75_bp_-1_0_1	CAA43372.1	66.67	6	2	0	1	6	50	55	1.7	17.1
Seq635_75_bp_-1_0_1	AAA23282.1	71.43	7	2	0	4	10	41	47	2.3	17.1
Seq635_75_bp_-1_0_1	AAC78721.1	57.14	7	3	0	1	7	400	406	2.8	17.1
Seq635_75_bp_-1_0_1	CAD53387.1	80.00	5	1	0	1	5	53	57	5.4	15.6
Seq635_75_bp_-1_0_1	AAA24969.1	83.33	6	1	0	5	10	1107	1112	6	17.1
Seq635_75_bp_-1_0_1	BAA32956.1	33.33	9	6	0	1	9	203	211	6.1	14.2
Seq635_75_bp_-1_0_1	BAA32018.1	80.00	5	1	0	1	5	39	43	6.7	15.6
Seq635_75_bp_-1_0_1	CAA04196.1	37.50	8	5	0	2	9	161	168	7.3	14.9
Seq635_75_bp_-1_0_1	AAA32376.1	44.44	9	5	0	2	10	165	173	8	13.5
Seq635_75_bp_-1_0_1	AAB03707.1	44.44	9	5	0	1	9	1097	1105	8.7	16.4
Seq635_75_bp_-1_0_1	ACH70904.1	57.14	7	3	0	2	8	275	281	10	14.2
Seq635_75_bp_-1_1_0	BAA32956.1	25.00	24	18	0	1	24	163	186	0.19	20.5
Seq635_75_bp_-1_1_0	BAA32956.1	38.46	13	8	0	12	24	196	208	0.56	19.0
Seq635_75_bp_-1_1_0	AAB03707.1	33.33	21	14	0	4	24	1041	1061	0.87	21.0
Seq635_75_bp_-1_1_0	AAC78721.1	60.00	10	4	0	13	22	671	680	1.8	19.0
Seq635_75_bp_-1_1_0	AAA24969.1	33.33	21	14	0	4	24	1208	1228	2.8	19.5
Seq635_75_bp_-1_1_0	AAA65607.1	66.67	9	3	0	15	23	50	58	2.8	17.4
Seq635_75_bp_-1_1_0	AAA42531.1	85.71	7	1	0	14	20	13	19	3	17.4
Seq635_75_bp_-1_1_0	CAA74140.1	41.18	17	10	0	7	23	785	801	3.5	18.5
Seq635_75_bp_-1_1_0	AAA18786.1	53.85	13	6	0	2	14	83	95	4.1	16.4
Seq635_75_bp_-1_1_0	AAB64315.2	54.55	11	5	0	14	24	318	328	5	16.4
Seq635_75_bp_-1_1_0	AAC08817.1	30.77	13	9	0	10	22	146	158	5.1	15.4
Seq635_75_bp_-1_1_0	AAC97205.1	60.00	10	4	0	15	24	318	327	6.4	17.9
Seq635_75_bp_-1_1_0	BAA32018.1	50.00	12	6	0	13	24	200	211	6.6	16.9
Seq635_75_bp_-1_1_0	AEE27845.1	41.18	17	10	0	7	23	211	227	7.2	17.9
Seq635_75_bp_-1_1_0	BAB70780.1	50.00	14	7	0	5	18	391	404	7.3	16.4
Seq635_75_bp_-1_1_0	EDO47375.1	50.00	10	5	0	12	21	157	166	8.2	14.8
Seq635_75_bp_-1_1_0	AIR13712.1	100.00	5	0	0	2	6	107	111	9.8	15.4
Seq635_75_bp_-1_2_0	AAI27517.1	45.45	11	6	0	2	12	103	113	0.59	19.9
Seq635_75_bp_-1_2_0	AAA45888.1	45.45	11	6	0	2	12	238	248	2.8	17.0
Seq635_75_bp_-1_2_0	AAA36565.1	80.00	5	1	0	2	6	131	135	4.1	15.2
Seq635_75_bp_-1_2_0	AAF01122.1	50.00	10	5	0	3	12	329	338	4.1	16.4
Seq635_75_bp_-1_2_0	CAA11507.1	100.00	5	0	0	11	15	898	902	6.5	17.6
Seq635_75_bp_-1_2_0	AAC78721.1	66.67	6	2	0	10	15	577	582	7.2	16.4
Seq635_75_bp_-1_2_0	ABD49687.1	50.00	10	5	0	2	11	515	524	8.1	17.6
Seq635_75_bp_-1_2_0	AAC97205.1	50.00	8	4	0	2	9	857	864	8.7	17.0
Seq635_75_bp_-1_2_0	AAA65607.1	45.45	11	6	0	4	14	265	275	8.7	15.2
Seq635_75_bp_-1_2_0	AAC08817.1	44.44	9	5	0	1	9	135	143	8.7	14.0
Seq635_75_bp_-1_2_0	AAQ92751.2	80.00	5	1	0	7	11	1137	1141	9.6	17.0
Seq635_75_bp_-1_2_0	AAC17860.1	40.00	10	6	0	4	13	26	35	9.7	15.2
