Seq7754_241_bp_1_0_0	ENA|BAA36759|BAA36759.1	100.00	80	0	0	1	80	101	180	3.4e-85	300.9
Seq7754_241_bp_1_0_0	ENA|BAA36759|BAA36759.1	90.00	10	1	0	62	71	31	40	5e-05	34.6
Seq7754_241_bp_1_0_0	ENA|BAA36759|BAA36759.1	88.89	9	1	0	1	9	232	240	0.015	26.4
Seq7754_241_bp_1_0_0	ENA|BAB17681|BAB17681.1	100.00	5	0	0	58	62	214	218	0.13	23.2
Seq7754_241_bp_1_0_0	ENA|AAA32624|AAA32624.1	83.33	6	1	0	67	72	2	7	2.3	20.0
Seq7754_241_bp_1_0_0	ENA|ABG75784|ABG75784.1	85.71	8	1	1	43	49	298	305	2.5	19.1
Seq7754_241_bp_1_0_0	ENA|BAB79260|BAB79260.1	83.33	6	1	0	29	34	266	271	3.6	19.1
Seq7754_241_bp_1_0_0	ENA|AAA72732|AAA72732.1	100.00	4	0	0	47	50	196	199	4.7	18.2
Seq7754_241_bp_1_0_0	ENA|AAA36114|AAA36114.1	83.33	6	1	0	4	9	347	352	5.5	18.6
Seq7754_241_bp_1_0_0	ENA|AAC97205|AAC97205.1	100.00	4	0	0	15	18	788	791	7	19.5
Seq7754_241_bp_1_0_0	ENA|AAC26660|AAC26660.1	100.00	4	0	0	30	33	5	8	7.1	17.2
Seq7754_241_bp_1_0_0	ENA|CAA26023|CAA26023.1	100.00	4	0	0	37	40	254	257	7.7	17.7
Seq7754_241_bp_1_0_0	ENA|ABD33854|ABD33854.1	100.00	3	0	0	16	18	47	49	8.5	15.0
Seq7754_241_bp_1_0_0	ENA|AAA36539|AAA36539.1	100.00	4	0	0	44	47	358	361	9.4	17.7
Seq7754_241_bp_1_0_0	ENA|CAA43419|CAA43419.1	100.00	4	0	0	1	4	350	353	9.9	17.2
Seq7754_241_bp_1_1_0	ENA|BAB79260|BAB79260.1	100.00	4	0	0	5	8	408	411	2.5	18.3
Seq7754_241_bp_1_1_0	ENA|CAL82360|CAL82360.1	75.00	8	2	0	5	12	715	722	5.3	18.7
Seq7754_241_bp_1_1_0	ENA|AAB26998|AAB26998.1	100.00	3	0	0	2	4	75	77	6.8	14.2
Seq7754_241_bp_1_1_0	ENA|AAB66912|AAB66912.1	100.00	7	0	1	11	16	389	395	8.5	17.5
Seq7754_241_bp_1_1_0	ENA|AAC97205|AAC97205.1	87.50	10	1	2	14	23	701	708	8.6	17.9
Seq7754_241_bp_1_1_1	ENA|AAA32624|AAA32624.1	100.00	6	0	0	14	19	201	206	0.054	24.6
Seq7754_241_bp_1_1_1	ENA|AAF79734|AAF79734.1	90.00	13	1	3	12	24	15	24	0.29	23.7
Seq7754_241_bp_1_1_1	ENA|ACH70901|ACH70901.1	100.00	4	0	0	2	5	291	294	2.6	18.5
Seq7754_241_bp_1_1_1	ENA|ABN10845|ABN10845.1	100.00	4	0	0	43	46	130	133	3	17.5
Seq7754_241_bp_1_1_1	ENA|AAA36539|AAA36539.1	100.00	4	0	0	27	30	223	226	3.4	18.5
Seq7754_241_bp_1_1_1	ENA|ACT10338|ACT10338.1	100.00	4	0	0	5	8	187	190	3.8	18.0
Seq7754_241_bp_1_1_1	ENA|AAB26998|AAB26998.1	100.00	6	0	1	1	6	29	33	3.9	15.6
Seq7754_241_bp_1_1_1	ENA|CAA29956|CAA29956.1	100.00	4	0	0	32	35	317	320	5	17.5
Seq7754_241_bp_1_1_1	ENA|AAC08817|AAC08817.1	100.00	4	0	0	38	41	64	67	5.6	16.1
Seq7754_241_bp_1_1_1	ENA|AAI27517|AAI27517.1	100.00	4	0	0	19	22	592	595	5.7	18.0
Seq7754_241_bp_1_1_1	ENA|CAA36714|CAA36714.1	100.00	4	0	0	43	46	232	235	6.2	17.5
Seq7754_241_bp_1_1_1	ENA|BAA05866|BAA05866.1	100.00	4	0	0	22	25	130	133	7.7	16.6
Seq7754_241_bp_1_1_1	ENA|AAR37016|AAR37016.1	100.00	4	0	0	31	34	1578	1581	8.2	19.4
Seq7754_241_bp_1_1_1	ENA|ABD49687|ABD49687.1	83.33	6	1	0	37	42	168	173	8.3	18.9
Seq7754_241_bp_1_1_1	ENA|AAB66912|AAB66912.1	100.00	4	0	0	42	45	315	318	8.7	18.0
Seq7754_241_bp_1_1_1	ENA|ABK71357|ABK71357.1	85.71	8	1	1	33	40	154	160	9.2	16.6
Seq7754_241_bp_1_2_0	ENA|AAI27517|AAI27517.1	100.00	4	0	0	3	6	27	30	1.6	18.5
Seq7754_241_bp_1_2_0	ENA|ABK71357|ABK71357.1	100.00	3	0	0	7	9	51	53	5.8	15.9
Seq7754_241_bp_1_2_1	ENA|BAB17681|BAB17681.1	100.00	4	0	0	7	10	63	66	0.57	18.1
Seq7754_241_bp_1_2_1	ENA|AAR31603|AAR31603.1	100.00	4	0	0	2	5	264	267	1.4	17.0
Seq7754_241_bp_1_2_1	ENA|AAC49865|AAC49865.1	80.00	5	1	0	3	7	266	270	6.3	14.8
Seq7754_241_bp_1_2_1	ENA|AAC08817|AAC08817.1	100.00	3	0	0	2	4	59	61	9.1	13.1
Seq7754_241_bp_1_2_1	ENA|AAB26998|AAB26998.1	60.00	5	2	0	6	10	57	61	9.7	12.0
Seq7754_241_bp_1_2_1	ENA|ACH70901|ACH70901.1	100.00	3	0	0	6	8	174	176	9.7	14.2
Seq7754_241_bp_1_2_2	ENA|AAB66912|AAB66912.1	100.00	3	0	0	11	13	752	754	0.97	19.4
Seq7754_241_bp_1_2_2	ENA|AAB03707|AAB03707.1	100.00	4	0	0	6	9	263	266	1.4	19.4
Seq7754_241_bp_1_2_2	ENA|CAA73529|CAA73529.1	83.33	9	1	3	7	12	202	210	1.6	17.0
Seq7754_241_bp_1_2_2	ENA|AAB26998|AAB26998.1	80.00	5	1	0	6	10	31	35	2.5	14.5
Seq7754_241_bp_1_2_2	ENA|BAB79260|BAB79260.1	100.00	3	0	0	3	5	273	275	2.6	17.0
Seq7754_241_bp_1_2_2	ENA|AAC40132|AAC40132.1	75.00	8	2	0	1	8	426	433	2.7	17.0
Seq7754_241_bp_1_2_2	ENA|AAQ92751|AAQ92751.2	100.00	3	0	0	9	11	692	694	5	17.6
Seq7754_241_bp_1_2_2	ENA|ABD49687|ABD49687.1	100.00	3	0	0	9	11	1042	1044	6.2	17.6
Seq7754_241_bp_1_2_2	ENA|AAR31603|AAR31603.1	100.00	3	0	0	4	6	186	188	6.6	15.1
Seq7754_241_bp_1_2_2	ENA|CCP43727|CCP43727.1	100.00	3	0	0	4	6	37	39	6.6	15.1
Seq7754_241_bp_1_2_2	ENA|CAA43419|CAA43419.1	100.00	3	0	0	5	7	353	355	7.3	15.1
Seq7754_241_bp_1_2_2	ENA|ABK71357|ABK71357.1	100.00	3	0	0	5	7	21	23	7.4	15.1
Seq7754_241_bp_1_2_2	ENA|CAA29956|CAA29956.1	100.00	3	0	0	6	8	264	266	7.5	15.1
Seq7754_241_bp_1_2_2	ENA|AAA42531|AAA42531.1	100.00	3	0	0	4	6	150	152	7.7	15.1
Seq7754_241_bp_1_2_2	ENA|ACT10338|ACT10338.1	100.00	3	0	0	5	7	172	174	7.7	15.1
Seq7754_241_bp_1_2_2	ENA|AAC17860|AAC17860.1	100.00	3	0	0	4	6	196	198	8.1	15.1
Seq7754_241_bp_1_2_2	ENA|CAA36214|CAA36214.1	100.00	3	0	0	8	10	262	264	9.2	14.5
Seq7754_241_bp_1_2_2	ENA|CAA45199|CAA45199.1	100.00	3	0	0	7	9	439	441	9.2	15.1
Seq7754_241_bp_1_2_2	ENA|BAA05866|BAA05866.1	100.00	3	0	0	8	10	256	258	9.2	14.5
Seq7754_241_bp_1_2_2	ENA|ABG75784|ABG75784.1	100.00	2	0	0	11	12	247	248	9.4	14.5
Seq7754_241_bp_1_2_2	ENA|CAD53387|CAD53387.1	100.00	3	0	0	6	8	474	476	9.7	15.1
Seq7754_241_bp_1_2_2	ENA|AAA36114|AAA36114.1	100.00	3	0	0	5	7	478	480	9.9	15.1
Seq7754_241_bp_-1_0_0	ENA|AAI27517|AAI27517.1	100.00	4	0	0	6	9	212	215	0.25	20.4
Seq7754_241_bp_-1_0_0	ENA|AAB03707|AAB03707.1	100.00	4	0	0	1	4	1257	1260	0.57	20.4
Seq7754_241_bp_-1_0_0	ENA|ABD33854|ABD33854.1	100.00	3	0	0	8	10	33	35	0.64	15.8
Seq7754_241_bp_-1_0_0	ENA|AAB26998|AAB26998.1	100.00	3	0	0	8	10	74	76	0.79	15.8
Seq7754_241_bp_-1_0_0	ENA|BAA32956|BAA32956.1	80.00	5	1	0	6	10	185	189	0.85	17.1
Seq7754_241_bp_-1_0_0	ENA|AAC78721|AAC78721.1	80.00	5	1	0	6	10	67	71	1.1	18.4
Seq7754_241_bp_-1_0_0	ENA|EDO47375|EDO47375.1	100.00	3	0	0	8	10	4	6	1.9	15.8
Seq7754_241_bp_-1_0_0	ENA|AAC08817|AAC08817.1	100.00	3	0	0	7	9	126	128	2.5	15.1
Seq7754_241_bp_-1_0_0	ENA|AAA18786|AAA18786.1	100.00	3	0	0	8	10	253	255	2.6	15.8
Seq7754_241_bp_-1_0_0	ENA|AAA72732|AAA72732.1	100.00	3	0	0	8	10	310	312	3.1	15.8
Seq7754_241_bp_-1_0_0	ENA|ACH70901|ACH70901.1	100.00	3	0	0	8	10	258	260	3.5	15.8
Seq7754_241_bp_-1_0_0	ENA|ABK71357|ABK71357.1	100.00	3	0	0	8	10	29	31	3.7	15.8
Seq7754_241_bp_-1_0_0	ENA|AAS77176|AAS77176.1	100.00	3	0	0	7	9	18	20	4.4	15.1
Seq7754_241_bp_-1_0_0	ENA|ABN10845|ABN10845.1	100.00	3	0	0	6	8	39	41	5.2	14.5
Seq7754_241_bp_-1_0_0	ENA|CAA29956|CAA29956.1	100.00	3	0	0	7	9	70	72	5.7	15.1
Seq7754_241_bp_-1_0_0	ENA|AAA25966|AAA25966.1	100.00	3	0	0	8	10	9	11	6.9	15.8
Seq7754_241_bp_-1_0_0	ENA|AAB66912|AAB66912.1	100.00	3	0	0	8	10	29	31	8.7	15.8
Seq7754_241_bp_-1_0_0	ENA|CAA26023|CAA26023.1	100.00	3	0	0	4	6	334	336	8.9	14.5
Seq7754_241_bp_-1_0_0	ENA|AAA42531|AAA42531.1	100.00	3	0	0	1	3	51	53	9	14.5
Seq7754_241_bp_-1_0_0	ENA|BAA32018|BAA32018.1	100.00	3	0	0	7	9	537	539	9.2	15.1
Seq7754_241_bp_-1_0_1	ENA|AAC97205|AAC97205.1	100.00	5	0	0	5	9	674	678	0.00077	29.8
Seq7754_241_bp_-1_0_1	ENA|BAB17681|BAB17681.1	100.00	6	0	1	1	5	79	84	0.035	22.1
Seq7754_241_bp_-1_0_1	ENA|BAB17681|BAB17681.1	100.00	3	0	0	4	6	192	194	0.63	17.9
Seq7754_241_bp_-1_0_1	ENA|CAA11507|CAA11507.1	100.00	4	0	0	4	7	658	661	0.066	23.5
Seq7754_241_bp_-1_0_1	ENA|AAA42531|AAA42531.1	100.00	3	0	0	6	8	302	304	0.34	19.3
Seq7754_241_bp_-1_0_1	ENA|CAA45199|CAA45199.1	80.00	5	1	0	4	8	149	153	0.67	18.6
Seq7754_241_bp_-1_0_1	ENA|AAC49865|AAC49865.1	100.00	3	0	0	4	6	191	193	0.76	17.9
Seq7754_241_bp_-1_0_1	ENA|AAB66912|AAB66912.1	100.00	3	0	0	6	8	264	266	0.82	19.3
Seq7754_241_bp_-1_0_1	ENA|BAA05866|BAA05866.1	100.00	3	0	0	5	7	30	32	1.2	17.2
Seq7754_241_bp_-1_0_1	ENA|CAA26023|CAA26023.1	80.00	5	1	0	3	7	333	337	1.4	17.2
Seq7754_241_bp_-1_0_1	ENA|AAC78721|AAC78721.1	80.00	5	1	0	5	9	244	248	1.6	17.9
Seq7754_241_bp_-1_0_1	ENA|AAR37016|AAR37016.1	100.00	3	0	0	6	8	2157	2159	2	19.3
Seq7754_241_bp_-1_0_1	ENA|ABK71357|ABK71357.1	100.00	6	0	2	6	9	274	279	5.7	15.1
Seq7754_241_bp_-1_0_1	ENA|ABD49687|ABD49687.1	100.00	3	0	0	5	7	75	77	6.1	17.2
Seq7754_241_bp_-1_0_1	ENA|ABD33854|ABD33854.1	100.00	2	0	0	8	9	30	31	6.7	12.3
Seq7754_241_bp_-1_0_1	ENA|BAA32991|BAA32991.1	100.00	2	0	0	7	8	10	11	7.2	12.3
Seq7754_241_bp_-1_0_1	ENA|CAL82360|CAL82360.1	100.00	3	0	0	3	5	1228	1230	7.4	16.5
Seq7754_241_bp_-1_0_1	ENA|AAB96524|AAB96524.1	100.00	2	0	0	1	2	58	59	7.4	13.7
Seq7754_241_bp_-1_0_1	ENA|AAB03707|AAB03707.1	100.00	3	0	0	3	5	464	466	7.9	16.5
Seq7754_241_bp_-1_0_1	ENA|AAQ92751|AAQ92751.2	100.00	3	0	0	2	4	700	702	7.9	16.5
Seq7754_241_bp_-1_0_1	ENA|CAA26939|CAA26939.1	75.00	4	1	0	2	5	256	259	8.5	15.1
Seq7754_241_bp_-1_0_1	ENA|ABN10845|ABN10845.1	100.00	2	0	0	1	2	23	24	8.5	13.7
Seq7754_241_bp_-1_0_1	ENA|CAA45708|CAA45708.1	100.00	3	0	0	3	5	399	401	8.7	16.5
Seq7754_241_bp_-1_0_1	ENA|AAI27517|AAI27517.1	75.00	4	1	0	4	7	29	32	8.8	15.1
Seq7754_241_bp_-1_0_2	ENA|ACT10338|ACT10338.1	100.00	5	0	0	1	5	107	111	0.15	20.8
Seq7754_241_bp_-1_0_2	ENA|AAC40132|AAC40132.1	100.00	4	0	0	2	5	330	333	2.3	17.1
Seq7754_241_bp_-1_0_2	ENA|CAB75732|CAB75732.1	100.00	4	0	0	9	12	346	349	3.8	17.6
Seq7754_241_bp_-1_0_2	ENA|BAA32991|BAA32991.1	100.00	3	0	0	10	12	17	19	4.2	13.4
Seq7754_241_bp_-1_0_2	ENA|CAA28033|CAA28033.1	100.00	4	0	0	9	12	143	146	4.3	17.6
Seq7754_241_bp_-1_0_2	ENA|CAA36714|CAA36714.1	83.33	6	1	0	6	11	114	119	4.6	16.0
Seq7754_241_bp_-1_0_2	ENA|AAC49865|AAC49865.1	80.00	5	1	0	7	11	104	108	4.6	15.5
Seq7754_241_bp_-1_0_2	ENA|AAR37016|AAR37016.1	100.00	4	0	0	5	8	1941	1944	5.3	18.2
Seq7754_241_bp_-1_0_2	ENA|AAI27517|AAI27517.1	80.00	5	1	0	6	10	575	579	5.7	16.0
Seq7754_241_bp_-1_0_2	ENA|ACH70901|ACH70901.1	80.00	5	1	0	2	6	321	325	7.2	15.0
Seq7754_241_bp_-1_0_2	ENA|AAB96524|AAB96524.1	100.00	3	0	0	7	9	50	52	7.7	13.9
Seq7754_241_bp_-1_0_2	ENA|BAB17681|BAB17681.1	100.00	3	0	0	5	7	213	215	7.8	14.5
Seq7754_241_bp_-1_0_2	ENA|BAA36759|BAA36759.1	100.00	3	0	0	5	7	226	228	8.2	14.5
Seq7754_241_bp_-1_0_2	ENA|AAC08817|AAC08817.1	100.00	3	0	0	10	12	40	42	9.2	13.4
Seq7754_241_bp_-1_0_2	ENA|CCP43727|CCP43727.1	100.00	3	0	0	6	8	37	39	9.2	14.5
Seq7754_241_bp_-1_0_2	ENA|AAR31603|AAR31603.1	100.00	3	0	0	6	8	186	188	9.2	14.5
Seq7754_241_bp_-1_0_3	ENA|CAD53387|CAD53387.1	100.00	4	0	0	11	14	493	496	3.1	17.4
Seq7754_241_bp_-1_0_3	ENA|BAA32991|BAA32991.1	100.00	3	0	0	2	4	14	16	3.2	14.5
Seq7754_241_bp_-1_0_3	ENA|AAI27517|AAI27517.1	100.00	4	0	0	7	10	36	39	4.9	17.0
Seq7754_241_bp_-1_0_3	ENA|BAA32018|BAA32018.1	85.71	8	1	1	1	7	341	348	6.8	16.5
Seq7754_241_bp_-1_0_3	ENA|ABN10845|ABN10845.1	80.00	5	1	0	10	14	181	185	9.7	14.5
Seq7754_241_bp_-1_0_4	ENA|AAB03707|AAB03707.1	100.00	4	0	0	5	8	697	700	0.34	21.2
Seq7754_241_bp_-1_0_4	ENA|CAA24711|CAA24711.1	100.00	3	0	0	1	3	126	128	2.7	15.1
Seq7754_241_bp_-1_0_4	ENA|AAA18786|AAA18786.1	100.00	3	0	0	8	10	96	98	2.9	15.7
Seq7754_241_bp_-1_0_4	ENA|CAA36214|CAA36214.1	80.00	5	1	0	1	5	18	22	3.3	15.7
Seq7754_241_bp_-1_0_4	ENA|AAA36539|AAA36539.1	100.00	3	0	0	8	10	41	43	5.1	15.7
Seq7754_241_bp_-1_0_4	ENA|AAA36114|AAA36114.1	100.00	3	0	0	8	10	341	343	5.4	15.7
Seq7754_241_bp_-1_0_4	ENA|CAA26939|CAA26939.1	100.00	3	0	0	8	10	496	498	6	15.7
Seq7754_241_bp_-1_0_4	ENA|AAI27517|AAI27517.1	100.00	3	0	0	8	10	328	330	6.2	15.7
Seq7754_241_bp_-1_0_4	ENA|CAD53387|CAD53387.1	100.00	3	0	0	7	9	11	13	7.6	15.1
Seq7754_241_bp_-1_0_4	ENA|AAC17860|AAC17860.1	100.00	3	0	0	2	4	356	358	9	14.6
Seq7754_241_bp_-1_0_4	ENA|AAB66912|AAB66912.1	100.00	3	0	0	8	10	411	413	9.5	15.7
Seq7754_241_bp_-1_0_4	ENA|AAC78721|AAC78721.1	100.00	3	0	0	1	3	381	383	10	15.1
Seq7754_241_bp_-1_1_0	ENA|EDO47375|EDO47375.1	100.00	7	0	1	24	29	161	167	0.52	20.7
Seq7754_241_bp_-1_1_0	ENA|AAA72732|AAA72732.1	83.33	6	1	0	49	54	167	172	1.2	20.1
Seq7754_241_bp_-1_1_0	ENA|AAA36114|AAA36114.1	100.00	5	0	0	63	67	390	394	1.4	20.7
Seq7754_241_bp_-1_1_0	ENA|AAC49865|AAC49865.1	100.00	4	0	0	41	44	181	184	3.9	18.5
Seq7754_241_bp_-1_1_0	ENA|AAA32624|AAA32624.1	100.00	4	0	0	40	43	276	279	4.2	19.1
Seq7754_241_bp_-1_1_0	ENA|CAA43419|CAA43419.1	100.00	4	0	0	41	44	23	26	4.3	18.5
Seq7754_241_bp_-1_1_0	ENA|CAA29956|CAA29956.1	100.00	4	0	0	39	42	123	126	4.4	18.5
Seq7754_241_bp_-1_1_0	ENA|CAA26939|CAA26939.1	83.33	6	1	0	63	68	421	426	4.6	19.1
Seq7754_241_bp_-1_1_0	ENA|BAA36759|BAA36759.1	100.00	4	0	0	54	57	35	38	4.9	18.0
Seq7754_241_bp_-1_1_0	ENA|ACT10338|ACT10338.1	100.00	4	0	0	77	80	332	335	6.5	18.0
Seq7754_241_bp_-1_1_0	ENA|AAA36539|AAA36539.1	80.00	5	1	0	55	59	248	252	7.8	18.0
Seq7754_241_bp_-1_1_0	ENA|AAF79734|AAF79734.1	100.00	5	0	0	50	54	400	404	7.9	19.6
Seq7754_241_bp_-1_2_0	ENA|CAD53387|CAD53387.1	85.71	7	1	0	5	11	32	38	0.25	21.7
Seq7754_241_bp_-1_2_0	ENA|CAD53387|CAD53387.1	85.71	7	1	0	5	11	98	104	0.25	21.7
Seq7754_241_bp_-1_2_0	ENA|CAD53387|CAD53387.1	85.71	7	1	0	5	11	164	170	0.25	21.7
Seq7754_241_bp_-1_2_0	ENA|CAD53387|CAD53387.1	85.71	7	1	0	5	11	230	236	0.25	21.7
Seq7754_241_bp_-1_2_0	ENA|CAD53387|CAD53387.1	85.71	7	1	0	5	11	296	302	0.25	21.7
Seq7754_241_bp_-1_2_0	ENA|CAD53387|CAD53387.1	85.71	7	1	0	5	11	362	368	0.25	21.7
Seq7754_241_bp_-1_2_0	ENA|CAD53387|CAD53387.1	85.71	7	1	0	5	11	428	434	0.25	21.7
Seq7754_241_bp_-1_2_0	ENA|AAB66912|AAB66912.1	100.00	4	0	0	15	18	235	238	1.2	20.3
Seq7754_241_bp_-1_2_0	ENA|CAA29956|CAA29956.1	100.00	4	0	0	10	13	23	26	2.5	17.9
Seq7754_241_bp_-1_2_0	ENA|CAA36214|CAA36214.1	100.00	6	0	1	1	6	180	184	2.8	17.5
Seq7754_241_bp_-1_2_0	ENA|AAA42531|AAA42531.1	100.00	4	0	0	26	29	216	219	3.6	17.5
Seq7754_241_bp_-1_2_0	ENA|AAF79734|AAF79734.1	100.00	22	0	12	2	17	55	70	3.6	19.3
Seq7754_241_bp_-1_2_0	ENA|AAR37016|AAR37016.1	83.33	6	1	0	4	9	663	668	4.2	19.8
Seq7754_241_bp_-1_2_0	ENA|BAA32956|BAA32956.1	80.00	5	1	0	5	9	181	185	5.1	16.0
Seq7754_241_bp_-1_2_0	ENA|AAC08817|AAC08817.1	71.43	7	2	0	8	14	134	140	7.2	15.1
Seq7754_241_bp_-1_2_0	ENA|CAA36714|CAA36714.1	100.00	3	0	0	13	15	377	379	8	16.5
Seq7754_241_bp_-1_2_0	ENA|AAA25966|AAA25966.1	100.00	3	0	0	15	17	285	287	8.9	17.0
Seq7754_241_bp_-1_2_0	ENA|AAS77176|AAS77176.1	100.00	3	0	0	1	3	21	23	9.4	15.6
Seq7754_241_bp_-1_2_1	ENA|AAC26660|AAC26660.1	100.00	5	0	0	35	39	52	56	0.32	20.8
Seq7754_241_bp_-1_2_1	ENA|ABG75784|ABG75784.1	83.33	6	1	0	7	12	66	71	0.91	19.6
Seq7754_241_bp_-1_2_1	ENA|AAB03707|AAB03707.1	83.33	6	1	0	22	27	456	461	1.7	20.8
Seq7754_241_bp_-1_2_1	ENA|CAA28033|CAA28033.1	100.00	5	0	0	33	37	1043	1047	2.1	20.4
Seq7754_241_bp_-1_2_1	ENA|AAF79734|AAF79734.1	100.00	5	0	0	20	24	1348	1352	2.4	20.4
Seq7754_241_bp_-1_2_1	ENA|ABN10845|ABN10845.1	100.00	4	0	0	31	34	65	68	3.4	17.1
Seq7754_241_bp_-1_2_1	ENA|CAA45708|CAA45708.1	83.33	6	1	0	22	27	474	479	7.4	18.8
Seq7754_241_bp_-1_2_1	ENA|CAA26023|CAA26023.1	100.00	4	0	0	28	31	149	152	7.7	16.7
Seq7754_241_bp_-1_2_1	ENA|AAC49865|AAC49865.1	80.00	5	1	0	29	33	208	212	8.6	16.3
