Seq7623_235_bp_1_0_0	ENA|AAQ92751|AAQ92751.2	75.00	8	2	0	3	10	1037	1044	0.17	23.5
Seq7623_235_bp_1_0_0	ENA|CAA73529|CAA73529.1	46.15	13	7	0	3	15	35	47	0.27	20.5
Seq7623_235_bp_1_0_0	ENA|AAA18786|AAA18786.1	75.00	8	2	0	1	8	111	118	0.6	19.3
Seq7623_235_bp_1_0_0	ENA|CAA45708|CAA45708.1	40.00	15	9	0	11	25	998	1012	0.65	21.7
Seq7623_235_bp_1_0_0	ENA|ABG75784|ABG75784.1	44.44	9	5	0	12	20	129	137	0.7	19.3
Seq7623_235_bp_1_0_0	ENA|AAB26998|AAB26998.1	46.15	13	7	0	13	25	30	42	0.91	16.9
Seq7623_235_bp_1_0_0	ENA|CAA29968|CAA29968.1	50.00	13	6	1	12	24	100	111	0.99	18.1
Seq7623_235_bp_1_0_0	ENA|ABK71357|ABK71357.1	83.33	6	1	0	4	9	163	168	1.2	18.7
Seq7623_235_bp_1_0_0	ENA|AAI27517|AAI27517.1	80.00	5	1	0	9	13	492	496	1.3	19.3
Seq7623_235_bp_1_0_0	ENA|AAR37016|AAR37016.1	83.33	6	1	0	14	19	257	262	2.3	20.5
Seq7623_235_bp_1_0_0	ENA|AAA36114|AAA36114.1	50.00	6	3	0	17	22	93	98	2.6	18.1
Seq7623_235_bp_1_0_0	ENA|AAF79734|AAF79734.1	66.67	6	2	0	20	25	580	585	3.2	19.3
Seq7623_235_bp_1_0_0	ENA|AAA72732|AAA72732.1	66.67	6	2	0	9	14	119	124	3.5	16.9
Seq7623_235_bp_1_0_0	ENA|ABD33854|ABD33854.1	100.00	3	0	0	3	5	30	32	3.7	14.5
Seq7623_235_bp_1_0_0	ENA|CAA36714|CAA36714.1	50.00	8	4	0	4	11	402	409	5.2	16.9
Seq7623_235_bp_1_0_0	ENA|AAC49865|AAC49865.1	38.46	13	8	0	2	14	188	200	5.5	16.3
Seq7623_235_bp_1_0_0	ENA|AAB66912|AAB66912.1	45.45	11	6	0	4	14	909	919	6.8	17.5
Seq7623_235_bp_1_0_0	ENA|EDO47375|EDO47375.1	28.57	14	10	0	10	23	43	56	7.1	15.1
Seq7623_235_bp_1_0_0	ENA|CAA45199|CAA45199.1	50.00	8	4	0	5	12	306	313	7.8	16.3
Seq7623_235_bp_1_0_0	ENA|ABN10845|ABN10845.1	44.44	9	5	0	8	16	34	42	8.1	15.1
Seq7623_235_bp_1_0_0	ENA|AAR31603|AAR31603.1	62.50	8	3	0	10	17	156	163	8.1	15.7
Seq7623_235_bp_1_0_0	ENA|AAC97205|AAC97205.1	66.67	6	2	0	14	19	347	352	8.8	17.5
Seq7623_235_bp_1_0_0	ENA|ACH70901|ACH70901.1	38.46	13	8	0	8	20	62	74	8.9	15.7
Seq7623_235_bp_1_0_1	ENA|BAA32991|BAA32991.1	80.00	5	1	0	6	10	45	49	0.36	17.3
Seq7623_235_bp_1_0_1	ENA|BAB17681|BAB17681.1	70.00	12	3	2	4	13	60	71	1.4	17.3
Seq7623_235_bp_1_0_1	ENA|CAA26023|CAA26023.1	45.45	11	6	0	1	11	348	358	2	17.3
Seq7623_235_bp_1_0_1	ENA|AAB66912|AAB66912.1	66.67	6	2	0	6	11	799	804	2.3	18.4
Seq7623_235_bp_1_0_1	ENA|AAA72732|AAA72732.1	46.67	15	8	0	1	15	267	281	3.3	16.3
Seq7623_235_bp_1_0_1	ENA|ABD33854|ABD33854.1	50.00	6	3	0	5	10	57	62	4.1	13.7
Seq7623_235_bp_1_0_1	ENA|BAA32018|BAA32018.1	60.00	10	4	0	4	13	431	440	4.5	16.8
Seq7623_235_bp_1_0_1	ENA|BAA32956|BAA32956.1	50.00	8	4	0	8	15	13	20	4.5	15.2
Seq7623_235_bp_1_0_1	ENA|CAA24711|CAA24711.1	60.00	5	2	0	10	14	163	167	5.3	14.7
Seq7623_235_bp_1_0_1	ENA|CAA45708|CAA45708.1	66.67	6	2	0	10	15	1141	1146	7.5	17.3
Seq7623_235_bp_1_0_1	ENA|ACT10338|ACT10338.1	57.14	7	3	0	2	8	329	335	8.1	15.2
Seq7623_235_bp_1_0_1	ENA|AAC08817|AAC08817.1	75.00	4	1	0	7	10	5	8	9.6	13.7
Seq7623_235_bp_1_0_2	ENA|AAC97205|AAC97205.1	87.50	8	1	0	3	10	362	369	0.17	22.3
Seq7623_235_bp_1_0_2	ENA|CAA11507|CAA11507.1	100.00	6	0	0	7	12	218	223	0.62	20.5
Seq7623_235_bp_1_0_2	ENA|ABD33854|ABD33854.1	100.00	3	0	0	1	3	52	54	3.7	13.5
Seq7623_235_bp_1_0_2	ENA|AAB26998|AAB26998.1	37.50	8	5	0	1	8	72	79	6.7	12.9
Seq7623_235_bp_1_0_3	ENA|AAA32624|AAA32624.1	100.00	4	0	0	4	7	247	250	0.096	22.2
Seq7623_235_bp_1_0_3	ENA|CAA26939|CAA26939.1	80.00	5	1	0	4	8	294	298	0.17	21.5
Seq7623_235_bp_1_0_3	ENA|AAA25966|AAA25966.1	26.67	15	11	0	1	15	300	314	0.33	20.9
Seq7623_235_bp_1_0_3	ENA|CAL82360|CAL82360.1	100.00	4	0	0	5	8	60	63	0.37	21.5
Seq7623_235_bp_1_0_3	ENA|BAA32018|BAA32018.1	66.67	6	2	0	5	10	427	432	0.7	19.5
Seq7623_235_bp_1_0_3	ENA|AAC97205|AAC97205.1	62.50	8	3	0	1	8	490	497	0.88	20.2
Seq7623_235_bp_1_0_3	ENA|AAC49865|AAC49865.1	66.67	6	2	0	1	6	291	296	0.92	18.2
Seq7623_235_bp_1_0_3	ENA|AAR37016|AAR37016.1	100.00	4	0	0	6	9	1030	1033	1.1	20.9
Seq7623_235_bp_1_0_3	ENA|AAC08817|AAC08817.1	100.00	3	0	0	6	8	120	122	1.1	16.9
Seq7623_235_bp_1_0_3	ENA|AAB26998|AAB26998.1	50.00	8	4	0	4	11	27	34	1.3	15.6
Seq7623_235_bp_1_0_3	ENA|AAF79734|AAF79734.1	60.00	5	2	0	6	10	117	121	1.6	19.5
Seq7623_235_bp_1_0_3	ENA|BAA05866|BAA05866.1	33.33	9	6	0	1	9	167	175	2.1	16.9
Seq7623_235_bp_1_0_3	ENA|CAD53387|CAD53387.1	80.00	5	1	0	7	11	15	19	2.2	17.6
Seq7623_235_bp_1_0_3	ENA|BAA32991|BAA32991.1	75.00	4	1	0	1	4	56	59	2.9	14.3
Seq7623_235_bp_1_0_3	ENA|CAA73529|CAA73529.1	50.00	8	4	0	4	11	246	253	2.9	16.3
Seq7623_235_bp_1_0_3	ENA|CAA45199|CAA45199.1	50.00	8	4	0	4	11	172	179	3.2	16.9
Seq7623_235_bp_1_0_3	ENA|CAA43419|CAA43419.1	42.86	7	4	0	6	12	113	119	3.9	16.3
Seq7623_235_bp_1_0_3	ENA|AAI27517|AAI27517.1	100.00	3	0	0	6	8	501	503	4	16.9
Seq7623_235_bp_1_0_3	ENA|CAA29956|CAA29956.1	50.00	8	4	0	1	8	34	41	4	16.3
Seq7623_235_bp_1_0_3	ENA|ACT10338|ACT10338.1	100.00	3	0	0	5	7	28	30	4.1	16.3
Seq7623_235_bp_1_0_3	ENA|AAC26660|AAC26660.1	33.33	9	6	0	2	10	23	31	4.3	15.6
Seq7623_235_bp_1_0_3	ENA|ABD49687|ABD49687.1	80.00	5	1	0	11	15	1475	1479	4.6	18.2
Seq7623_235_bp_1_0_3	ENA|AAA24145|AAA24145.1	60.00	5	2	0	7	11	208	212	4.9	16.3
Seq7623_235_bp_1_0_3	ENA|CAA36214|CAA36214.1	75.00	4	1	0	5	8	242	245	5	15.6
Seq7623_235_bp_1_0_3	ENA|ACH70901|ACH70901.1	100.00	3	0	0	11	13	102	104	5.9	15.6
Seq7623_235_bp_1_0_3	ENA|AAC40132|AAC40132.1	50.00	8	4	0	8	15	354	361	7.7	15.6
Seq7623_235_bp_1_0_3	ENA|AAR31603|AAR31603.1	75.00	4	1	0	9	12	79	82	8.3	14.9
Seq7623_235_bp_1_0_3	ENA|AAB66912|AAB66912.1	71.43	7	2	0	9	15	716	722	9.4	16.3
Seq7623_235_bp_1_0_3	ENA|CAA45708|CAA45708.1	100.00	3	0	0	6	8	1026	1028	9.7	16.9
Seq7623_235_bp_1_1_0	ENA|AAR37016|AAR37016.1	100.00	78	0	0	1	78	968	1045	1.1e-64	235.8
Seq7623_235_bp_1_1_0	ENA|AAC08817|AAC08817.1	33.33	36	22	3	9	41	96	131	0.32	21.1
Seq7623_235_bp_1_1_0	ENA|CAA26023|CAA26023.1	40.91	22	13	0	26	47	294	315	0.39	22.1
Seq7623_235_bp_1_1_0	ENA|CAA29956|CAA29956.1	35.71	30	18	2	38	65	347	376	1.5	20.1
Seq7623_235_bp_1_1_0	ENA|BAB17681|BAB17681.1	38.89	18	11	0	50	67	214	231	1.5	19.6
Seq7623_235_bp_1_1_0	ENA|AAF79734|AAF79734.1	53.85	13	6	0	65	77	251	263	2.1	21.6
Seq7623_235_bp_1_1_0	ENA|AAI27517|AAI27517.1	41.67	12	7	0	32	43	344	355	2.3	20.1
Seq7623_235_bp_1_1_0	ENA|AAA36114|AAA36114.1	50.00	10	5	0	9	18	95	104	2.8	19.6
Seq7623_235_bp_1_1_0	ENA|CAA45708|CAA45708.1	46.67	15	8	0	26	40	1000	1014	4.2	20.6
Seq7623_235_bp_1_1_0	ENA|ABK71357|ABK71357.1	27.27	33	24	0	31	63	41	73	5.5	18.1
Seq7623_235_bp_1_1_0	ENA|BAA36759|BAA36759.1	35.71	14	9	0	24	37	142	155	6	17.6
Seq7623_235_bp_1_1_0	ENA|CAA36214|CAA36214.1	33.33	27	18	0	8	34	153	179	6.3	17.6
Seq7623_235_bp_1_1_0	ENA|ABD49687|ABD49687.1	83.33	6	1	0	33	38	543	548	6.5	20.1
Seq7623_235_bp_1_1_0	ENA|AAC40132|AAC40132.1	85.71	7	1	0	19	25	19	25	7	18.1
Seq7623_235_bp_1_1_0	ENA|ACH70901|ACH70901.1	57.14	7	3	0	3	9	144	150	7.4	17.6
Seq7623_235_bp_1_1_0	ENA|BAA32956|BAA32956.1	50.00	8	4	0	35	42	190	197	8.5	16.6
Seq7623_235_bp_1_1_0	ENA|AAA36539|AAA36539.1	35.71	14	9	0	38	51	121	134	9.6	17.6
Seq7623_235_bp_1_2_0	ENA|BAA32018|BAA32018.1	41.18	17	10	0	7	23	382	398	0.04	24.3
Seq7623_235_bp_1_2_0	ENA|ABD49687|ABD49687.1	83.33	6	1	0	10	15	1046	1051	1.3	20.7
Seq7623_235_bp_1_2_0	ENA|CAA43419|CAA43419.1	50.00	12	6	0	1	12	356	367	1.5	18.3
Seq7623_235_bp_1_2_0	ENA|AAC17860|AAC17860.1	80.00	5	1	0	16	20	215	219	1.7	18.3
Seq7623_235_bp_1_2_0	ENA|AAA42531|AAA42531.1	66.67	6	2	0	10	15	184	189	2.4	17.7
Seq7623_235_bp_1_2_0	ENA|CAA45708|CAA45708.1	60.00	10	4	0	4	13	752	761	2.7	19.5
Seq7623_235_bp_1_2_0	ENA|AAC08817|AAC08817.1	71.43	7	2	0	16	22	54	60	3.3	15.9
Seq7623_235_bp_1_2_0	ENA|CAA26939|CAA26939.1	35.29	17	11	0	1	17	248	264	3.5	17.7
Seq7623_235_bp_1_2_0	ENA|AAA18786|AAA18786.1	100.00	7	0	1	12	18	237	242	3.7	16.5
Seq7623_235_bp_1_2_0	ENA|AAR37016|AAR37016.1	60.00	11	4	1	11	21	849	858	4.1	19.5
Seq7623_235_bp_1_2_0	ENA|CAA36714|CAA36714.1	100.00	4	0	0	17	20	118	121	4.3	17.1
Seq7623_235_bp_1_2_0	ENA|AAR31603|AAR31603.1	36.36	11	7	0	11	21	199	209	4.5	16.5
Seq7623_235_bp_1_2_0	ENA|AAC26660|AAC26660.1	57.14	7	3	0	6	12	53	59	5.3	15.9
Seq7623_235_bp_1_2_0	ENA|AAC78721|AAC78721.1	80.00	5	1	0	10	14	87	91	6	17.1
Seq7623_235_bp_1_2_0	ENA|AAA25966|AAA25966.1	66.67	6	2	0	7	12	365	370	6.5	17.1
Seq7623_235_bp_1_2_0	ENA|BAA32956|BAA32956.1	55.56	10	4	1	11	20	158	166	6.5	15.3
Seq7623_235_bp_1_2_0	ENA|CAB75732|CAB75732.1	66.67	6	2	0	8	13	240	245	6.8	17.7
Seq7623_235_bp_1_2_0	ENA|CAA29956|CAA29956.1	35.29	17	11	0	4	20	152	168	7.6	15.9
Seq7623_235_bp_1_2_0	ENA|AAB66912|AAB66912.1	50.00	8	4	0	6	13	590	597	8.2	17.1
Seq7623_235_bp_1_2_0	ENA|CAA36214|CAA36214.1	50.00	6	3	0	11	16	264	269	9.2	15.3
Seq7623_235_bp_1_2_0	ENA|CAD53387|CAD53387.1	50.00	10	5	0	8	17	456	465	10	15.9
Seq7623_235_bp_1_2_1	ENA|BAA32018|BAA32018.1	46.15	13	7	0	6	18	519	531	0.39	20.8
Seq7623_235_bp_1_2_1	ENA|AAI27517|AAI27517.1	85.71	7	1	0	6	12	342	348	1.2	19.0
Seq7623_235_bp_1_2_1	ENA|CAA29968|CAA29968.1	71.43	7	2	0	11	17	128	134	2	16.7
Seq7623_235_bp_1_2_1	ENA|AAC40132|AAC40132.1	54.55	11	5	0	4	14	185	195	2.2	17.8
Seq7623_235_bp_1_2_1	ENA|AAC97205|AAC97205.1	33.33	18	12	0	2	19	91	108	2.5	19.0
Seq7623_235_bp_1_2_1	ENA|CAA36214|CAA36214.1	100.00	5	0	0	12	16	190	194	3.1	16.7
Seq7623_235_bp_1_2_1	ENA|AAA36114|AAA36114.1	62.50	8	3	0	11	18	182	189	3.5	17.2
Seq7623_235_bp_1_2_1	ENA|ABK71357|ABK71357.1	54.55	11	5	0	4	14	304	314	3.8	16.7
Seq7623_235_bp_1_2_1	ENA|BAB17681|BAB17681.1	80.00	5	1	0	15	19	13	17	4.2	16.1
Seq7623_235_bp_1_2_1	ENA|CAA29956|CAA29956.1	62.50	8	3	0	2	9	328	335	5.6	16.1
Seq7623_235_bp_1_2_1	ENA|CAA24711|CAA24711.1	55.56	9	4	0	2	10	97	105	5.8	14.9
Seq7623_235_bp_1_2_1	ENA|AAQ92751|AAQ92751.2	100.00	5	0	0	10	14	340	344	6.1	17.8
Seq7623_235_bp_1_2_1	ENA|AAS77176|AAS77176.1	80.00	5	1	0	1	5	169	173	6.4	15.5
Seq7623_235_bp_1_2_1	ENA|BAA32956|BAA32956.1	62.50	8	3	0	4	11	187	194	7	14.9
Seq7623_235_bp_1_2_1	ENA|AAC49865|AAC49865.1	50.00	10	5	0	4	13	182	191	7.3	15.5
Seq7623_235_bp_1_2_1	ENA|AAC08817|AAC08817.1	80.00	5	1	0	2	6	77	81	7.8	14.3
Seq7623_235_bp_1_2_1	ENA|CAA73529|CAA73529.1	33.33	9	6	0	1	9	8	16	8.9	14.9
Seq7623_235_bp_1_2_2	ENA|AAR31603|AAR31603.1	50.00	8	4	0	1	8	140	147	0.0062	24.9
Seq7623_235_bp_1_2_2	ENA|AAC97205|AAC97205.1	50.00	8	4	0	2	9	187	194	0.0078	26.4
Seq7623_235_bp_1_2_2	ENA|CAA26023|CAA26023.1	100.00	3	0	0	2	4	163	165	0.022	23.3
Seq7623_235_bp_1_2_2	ENA|AAA36539|AAA36539.1	42.86	7	4	0	2	8	331	337	0.42	19.3
Seq7623_235_bp_1_2_2	ENA|ABN10845|ABN10845.1	100.00	2	0	0	3	4	108	109	0.57	17.7
Seq7623_235_bp_1_2_2	ENA|CAL82360|CAL82360.1	75.00	4	1	0	1	4	1264	1267	0.65	20.1
Seq7623_235_bp_1_2_2	ENA|CAA28033|CAA28033.1	75.00	4	1	0	1	4	1287	1290	0.65	20.1
Seq7623_235_bp_1_2_2	ENA|CAA36714|CAA36714.1	100.00	2	0	0	3	4	435	436	1.2	17.7
Seq7623_235_bp_1_2_2	ENA|ABK71357|ABK71357.1	60.00	5	2	0	5	9	53	57	1.7	17.0
Seq7623_235_bp_1_2_2	ENA|AAA25966|AAA25966.1	100.00	2	0	0	3	4	323	324	1.9	17.7
Seq7623_235_bp_1_2_2	ENA|CAA45708|CAA45708.1	57.14	7	3	0	2	8	1371	1377	2.3	18.5
Seq7623_235_bp_1_2_2	ENA|BAA32956|BAA32956.1	66.67	3	1	0	3	5	131	133	2.8	15.4
Seq7623_235_bp_1_2_2	ENA|AAB03707|AAB03707.1	50.00	8	4	0	2	9	1299	1306	3.5	17.7
Seq7623_235_bp_1_2_2	ENA|CAA73529|CAA73529.1	100.00	2	0	0	4	5	40	41	3.6	15.4
Seq7623_235_bp_1_2_2	ENA|AAA32624|AAA32624.1	50.00	8	4	0	2	9	292	299	4	16.2
Seq7623_235_bp_1_2_2	ENA|CCP43727|CCP43727.1	60.00	5	2	0	3	7	138	142	4.3	15.4
Seq7623_235_bp_1_2_2	ENA|BAB79260|BAB79260.1	66.67	3	1	0	1	3	408	410	5.8	15.4
Seq7623_235_bp_1_2_2	ENA|CAA11507|CAA11507.1	37.50	8	5	0	2	9	410	417	5.9	17.0
Seq7623_235_bp_1_2_2	ENA|AAA18786|AAA18786.1	100.00	2	0	0	2	3	186	187	5.9	14.6
Seq7623_235_bp_1_2_2	ENA|CAA45199|CAA45199.1	100.00	2	0	0	4	5	385	386	6	15.4
Seq7623_235_bp_1_2_2	ENA|CAA36214|CAA36214.1	42.86	7	4	0	4	10	174	180	6.7	14.6
Seq7623_235_bp_1_2_2	ENA|BAA05866|BAA05866.1	100.00	2	0	0	2	3	155	156	6.8	14.6
Seq7623_235_bp_1_2_2	ENA|AAA72732|AAA72732.1	100.00	2	0	0	2	3	224	225	6.9	14.6
Seq7623_235_bp_1_2_2	ENA|ABG75784|ABG75784.1	50.00	4	2	0	7	10	58	61	6.9	14.6
Seq7623_235_bp_1_2_2	ENA|AAB96524|AAB96524.1	66.67	3	1	0	1	3	60	62	7	13.8
Seq7623_235_bp_1_2_2	ENA|AAC49865|AAC49865.1	100.00	2	0	0	2	3	121	122	7.2	14.6
Seq7623_235_bp_1_2_2	ENA|BAA32991|BAA32991.1	66.67	3	1	0	2	4	30	32	7.7	12.2
Seq7623_235_bp_1_2_2	ENA|AAA24145|AAA24145.1	100.00	2	0	0	2	3	311	312	9.8	14.6
Seq7623_235_bp_1_2_2	ENA|AAQ92751|AAQ92751.2	100.00	3	0	0	5	7	1055	1057	9.9	16.2
Seq7623_235_bp_-1_0_0	ENA|ABD49687|ABD49687.1	48.15	33	14	6	17	49	268	294	0.65	23.1
Seq7623_235_bp_-1_0_0	ENA|CAB75732|CAB75732.1	34.62	26	17	0	18	43	584	609	0.9	22.0
Seq7623_235_bp_-1_0_0	ENA|CAA45708|CAA45708.1	45.45	11	6	0	36	46	637	647	1.2	22.0
Seq7623_235_bp_-1_0_0	ENA|ABK71357|ABK71357.1	64.29	20	5	6	26	45	17	30	2.6	18.9
Seq7623_235_bp_-1_0_0	ENA|BAA32956|BAA32956.1	71.43	7	2	0	32	38	190	196	3	17.8
Seq7623_235_bp_-1_0_0	ENA|ABG75784|ABG75784.1	62.50	8	3	0	34	41	114	121	3.1	18.3
Seq7623_235_bp_-1_0_0	ENA|AAA72732|AAA72732.1	42.86	14	8	0	29	42	281	294	4.4	17.8
Seq7623_235_bp_-1_0_0	ENA|BAB79260|BAB79260.1	40.00	20	12	0	1	20	56	75	6.2	17.8
Seq7623_235_bp_-1_0_0	ENA|CAA11507|CAA11507.1	80.00	5	1	0	5	9	1180	1184	6.3	19.4
Seq7623_235_bp_-1_0_0	ENA|CAA24711|CAA24711.1	40.00	10	6	0	31	40	140	149	7	16.2
Seq7623_235_bp_-1_0_0	ENA|CAD53387|CAD53387.1	72.73	13	3	2	36	48	47	57	9.6	17.3
Seq7623_235_bp_-1_0_1	ENA|AAA25966|AAA25966.1	50.00	10	5	0	1	10	551	560	0.035	23.5
Seq7623_235_bp_-1_0_1	ENA|BAA32018|BAA32018.1	57.14	7	3	0	2	8	450	456	0.05	22.8
Seq7623_235_bp_-1_0_1	ENA|AAI27517|AAI27517.1	80.00	5	1	0	2	6	477	481	0.22	20.6
Seq7623_235_bp_-1_0_1	ENA|AAB26998|AAB26998.1	75.00	4	1	0	4	7	41	44	0.22	17.7
Seq7623_235_bp_-1_0_1	ENA|AAA24145|AAA24145.1	80.00	5	1	0	2	6	379	383	0.47	19.1
Seq7623_235_bp_-1_0_1	ENA|AAF79734|AAF79734.1	66.67	6	2	0	4	9	1157	1162	0.88	19.8
Seq7623_235_bp_-1_0_1	ENA|AAR31603|AAR31603.1	80.00	5	1	0	1	5	260	264	0.91	17.7
Seq7623_235_bp_-1_0_1	ENA|ACT10338|ACT10338.1	50.00	4	2	0	6	9	268	271	1.1	17.7
Seq7623_235_bp_-1_0_1	ENA|AAC78721|AAC78721.1	50.00	6	3	0	4	9	121	126	1.1	18.4
Seq7623_235_bp_-1_0_1	ENA|CAA36214|CAA36214.1	100.00	3	0	0	8	10	9	11	1.4	16.9
Seq7623_235_bp_-1_0_1	ENA|ABK71357|ABK71357.1	66.67	6	2	0	3	8	213	218	1.7	16.9
Seq7623_235_bp_-1_0_1	ENA|BAB17681|BAB17681.1	75.00	4	1	0	6	9	141	144	2.1	16.2
Seq7623_235_bp_-1_0_1	ENA|AAA36539|AAA36539.1	75.00	4	1	0	5	8	87	90	2.2	16.9
Seq7623_235_bp_-1_0_1	ENA|CAA11507|CAA11507.1	57.14	7	3	0	3	9	149	155	2.3	18.4
Seq7623_235_bp_-1_0_1	ENA|BAA05866|BAA05866.1	60.00	5	2	0	6	10	280	284	2.3	16.2
Seq7623_235_bp_-1_0_1	ENA|AAA72732|AAA72732.1	42.86	7	4	0	1	7	230	236	2.4	16.2
Seq7623_235_bp_-1_0_1	ENA|ABD49687|ABD49687.1	57.14	7	3	0	4	10	71	77	2.8	18.4
Seq7623_235_bp_-1_0_1	ENA|AAA42531|AAA42531.1	75.00	4	1	0	6	9	301	304	2.9	16.2
Seq7623_235_bp_-1_0_1	ENA|AAC17860|AAC17860.1	60.00	5	2	0	1	5	20	24	3.1	16.2
Seq7623_235_bp_-1_0_1	ENA|AAC97205|AAC97205.1	80.00	5	1	0	1	5	1042	1046	3.3	17.7
Seq7623_235_bp_-1_0_1	ENA|CAD53387|CAD53387.1	40.00	10	6	0	1	10	456	465	3.7	16.2
Seq7623_235_bp_-1_0_1	ENA|AAQ92751|AAQ92751.2	66.67	6	2	0	1	6	132	137	3.7	17.7
Seq7623_235_bp_-1_0_1	ENA|BAA32956|BAA32956.1	66.67	3	1	0	6	8	132	134	4.3	14.7
Seq7623_235_bp_-1_0_1	ENA|CAA43419|CAA43419.1	57.14	7	3	0	1	7	217	223	4.5	15.5
Seq7623_235_bp_-1_0_1	ENA|AAC08817|AAC08817.1	60.00	5	2	0	1	5	52	56	5.2	14.0
Seq7623_235_bp_-1_0_1	ENA|BAB79260|BAB79260.1	75.00	4	1	0	6	9	86	89	5.5	15.5
Seq7623_235_bp_-1_0_1	ENA|CAA45199|CAA45199.1	50.00	6	3	0	5	10	39	44	5.7	15.5
Seq7623_235_bp_-1_0_1	ENA|CAA28033|CAA28033.1	75.00	4	1	0	3	6	1154	1157	5.7	16.9
Seq7623_235_bp_-1_0_1	ENA|AAB96524|AAB96524.1	50.00	10	5	0	1	10	104	113	6.2	14.0
Seq7623_235_bp_-1_0_1	ENA|AAR37016|AAR37016.1	80.00	5	1	0	1	5	638	642	6.2	17.7
Seq7623_235_bp_-1_0_1	ENA|CCP43727|CCP43727.1	75.00	4	1	0	1	4	93	96	6.5	14.7
Seq7623_235_bp_-1_0_1	ENA|AAC49865|AAC49865.1	100.00	3	0	0	2	4	110	112	6.5	14.7
Seq7623_235_bp_-1_0_1	ENA|AAB66912|AAB66912.1	66.67	6	2	0	1	6	319	324	6.7	16.2
Seq7623_235_bp_-1_0_1	ENA|ACH70901|ACH70901.1	60.00	5	2	0	1	5	156	160	7.1	14.7
Seq7623_235_bp_-1_0_1	ENA|ABN10845|ABN10845.1	75.00	4	1	0	2	5	170	173	7.1	14.0
Seq7623_235_bp_-1_0_1	ENA|CAA73529|CAA73529.1	33.33	9	6	0	1	9	193	201	8.8	14.0
Seq7623_235_bp_-1_0_1	ENA|AAC40132|AAC40132.1	66.67	3	1	0	6	8	67	69	9.2	14.7
Seq7623_235_bp_-1_0_1	ENA|AAS77176|AAS77176.1	40.00	5	3	0	4	8	120	124	9.3	14.0
Seq7623_235_bp_-1_0_1	ENA|EDO47375|EDO47375.1	57.14	7	3	0	2	8	97	103	10	13.3
Seq7623_235_bp_-1_1_0	ENA|AAC97205|AAC97205.1	30.77	26	18	0	4	29	1111	1136	0.1	25.0
Seq7623_235_bp_-1_1_0	ENA|AAA42531|AAA42531.1	50.00	12	6	0	28	39	181	192	0.19	22.4
Seq7623_235_bp_-1_1_0	ENA|CAA36714|CAA36714.1	45.83	25	13	1	9	32	209	233	0.23	22.4
Seq7623_235_bp_-1_1_0	ENA|CCP43727|CCP43727.1	85.71	7	1	0	42	48	169	175	0.93	19.9
Seq7623_235_bp_-1_1_0	ENA|AAQ92751|AAQ92751.2	42.86	14	8	0	16	29	976	989	1.4	21.4
Seq7623_235_bp_-1_1_0	ENA|AAA72732|AAA72732.1	50.00	10	5	0	19	28	162	171	3.6	17.8
Seq7623_235_bp_-1_1_0	ENA|BAA32956|BAA32956.1	62.50	8	3	0	4	11	153	160	4.8	16.8
Seq7623_235_bp_-1_1_0	ENA|AAA18786|AAA18786.1	50.00	12	6	0	14	25	111	122	6	16.8
Seq7623_235_bp_-1_1_0	ENA|AAC26660|AAC26660.1	52.94	19	8	2	8	24	55	73	8	16.3
Seq7623_235_bp_-1_1_0	ENA|CAA26939|CAA26939.1	66.67	9	3	0	1	9	50	58	8.8	17.3
Seq7623_235_bp_-1_1_0	ENA|AAC17860|AAC17860.1	44.44	9	5	0	5	13	316	324	9	16.8
Seq7623_235_bp_-1_1_0	ENA|AAI27517|AAI27517.1	53.85	13	6	0	32	44	479	491	9.1	17.3
Seq7623_235_bp_-1_1_0	ENA|AAB26998|AAB26998.1	37.50	8	5	0	3	10	12	19	9.9	14.3
Seq7623_235_bp_-1_1_1	ENA|AAB96524|AAB96524.1	46.15	13	7	0	1	13	114	126	0.3	20.0
Seq7623_235_bp_-1_1_1	ENA|ABK71357|ABK71357.1	44.44	9	5	0	8	16	190	198	4.6	17.0
Seq7623_235_bp_-1_1_1	ENA|AAC78721|AAC78721.1	35.71	14	9	0	4	17	593	606	5.9	17.5
Seq7623_235_bp_-1_1_1	ENA|AAQ92751|AAQ92751.2	60.00	10	4	0	2	11	271	280	6	18.5
Seq7623_235_bp_-1_1_1	ENA|AAF79734|AAF79734.1	62.50	8	3	0	16	23	1357	1364	6.3	18.5
Seq7623_235_bp_-1_1_1	ENA|CAA45199|CAA45199.1	50.00	10	5	0	7	16	135	144	8	16.5
Seq7623_235_bp_-1_2_0	ENA|ABK71357|ABK71357.1	53.33	15	7	0	15	29	104	118	0.0096	26.2
Seq7623_235_bp_-1_2_0	ENA|CAA45199|CAA45199.1	63.64	11	4	0	20	30	369	379	0.064	23.8
Seq7623_235_bp_-1_2_0	ENA|BAB79260|BAB79260.1	28.57	28	20	0	3	30	25	52	0.14	22.6
Seq7623_235_bp_-1_2_0	ENA|AAF79734|AAF79734.1	66.67	9	3	0	3	11	399	407	0.3	23.2
Seq7623_235_bp_-1_2_0	ENA|AAA32624|AAA32624.1	54.55	11	5	0	19	29	231	241	0.38	21.4
Seq7623_235_bp_-1_2_0	ENA|AAR31603|AAR31603.1	62.50	8	3	0	21	28	303	310	0.54	20.2
Seq7623_235_bp_-1_2_0	ENA|CAA29956|CAA29956.1	83.33	6	1	0	27	32	342	347	0.62	20.2
Seq7623_235_bp_-1_2_0	ENA|AAA72732|AAA72732.1	55.56	9	4	0	4	12	168	176	1.2	19.0
Seq7623_235_bp_-1_2_0	ENA|CCP43727|CCP43727.1	46.67	16	8	1	6	20	109	124	1.9	18.4
Seq7623_235_bp_-1_2_0	ENA|CAL82360|CAL82360.1	62.50	8	3	0	9	16	204	211	2.1	20.2
Seq7623_235_bp_-1_2_0	ENA|AAI27517|AAI27517.1	40.00	15	9	0	13	27	488	502	2.2	19.0
Seq7623_235_bp_-1_2_0	ENA|ACH70901|ACH70901.1	100.00	4	0	0	24	27	260	263	3.1	17.8
Seq7623_235_bp_-1_2_0	ENA|CAA26023|CAA26023.1	83.33	6	1	0	14	19	342	347	3.2	17.8
Seq7623_235_bp_-1_2_0	ENA|BAB17681|BAB17681.1	57.14	7	3	0	11	17	16	22	3.5	17.2
Seq7623_235_bp_-1_2_0	ENA|CAA29968|CAA29968.1	57.14	7	3	0	17	23	69	75	3.8	16.6
Seq7623_235_bp_-1_2_0	ENA|ABD33854|ABD33854.1	55.56	9	4	0	24	32	18	26	4.3	14.8
Seq7623_235_bp_-1_2_0	ENA|AAC08817|AAC08817.1	54.55	13	5	2	20	32	117	127	4.6	16.0
Seq7623_235_bp_-1_2_0	ENA|AAC26660|AAC26660.1	80.00	5	1	0	24	28	55	59	4.9	16.6
Seq7623_235_bp_-1_2_0	ENA|AAA18786|AAA18786.1	66.67	9	3	0	6	14	183	191	5.1	16.6
Seq7623_235_bp_-1_2_0	ENA|AAC17860|AAC17860.1	50.00	22	10	2	5	26	263	282	5.2	17.2
Seq7623_235_bp_-1_2_0	ENA|AAR37016|AAR37016.1	57.14	16	6	2	21	34	1490	1505	5.6	19.6
Seq7623_235_bp_-1_2_0	ENA|CAA36714|CAA36714.1	71.43	7	2	0	3	9	399	405	5.9	17.2
Seq7623_235_bp_-1_2_0	ENA|BAA32956|BAA32956.1	71.43	7	2	0	19	25	11	17	6	16.0
Seq7623_235_bp_-1_2_0	ENA|ABD49687|ABD49687.1	80.00	5	1	0	22	26	782	786	6.2	19.0
Seq7623_235_bp_-1_2_0	ENA|ACT10338|ACT10338.1	62.50	8	3	0	1	8	209	216	7.3	16.6
Seq7623_235_bp_-1_2_0	ENA|EDO47375|EDO47375.1	41.67	12	7	0	14	25	30	41	8	15.4
Seq7623_235_bp_-1_2_0	ENA|AAA25966|AAA25966.1	80.00	5	1	0	21	25	573	577	8.8	17.2
Seq7623_235_bp_-1_2_1	ENA|EDO47375|EDO47375.1	62.50	8	3	0	11	18	167	174	0.95	17.7
Seq7623_235_bp_-1_2_1	ENA|AAC78721|AAC78721.1	57.14	7	3	0	5	11	243	249	4.6	17.2
Seq7623_235_bp_-1_2_1	ENA|CAA26939|CAA26939.1	27.78	18	13	0	1	18	242	259	7.5	16.2
Seq7623_235_bp_-1_2_1	ENA|AAA36539|AAA36539.1	80.00	5	1	0	15	19	296	300	8.7	15.7
Seq7623_235_bp_-1_2_1	ENA|CAA29968|CAA29968.1	25.00	12	9	0	5	16	183	194	9.8	14.3
Seq7623_235_bp_-1_2_2	ENA|BAA32018|BAA32018.1	71.43	7	2	0	3	9	128	134	5.8	16.9
Seq7623_235_bp_-1_2_2	ENA|AAA42531|AAA42531.1	54.55	11	5	0	8	18	244	254	9.8	15.4
Seq7623_235_bp_-1_2_2	ENA|CAA29968|CAA29968.1	100.00	4	0	0	13	16	159	162	9.8	14.4
