Seq7346_242_bp_1_0_0	AAA45888.1	100.00	80	0	0	1	80	1	80	2.1e-68	245.6
Seq7346_242_bp_1_0_0	AAA45888.1	40.43	54	28	7	25	72	107	159	9.9e-05	34.1
Seq7346_242_bp_1_0_0	AAA45888.1	66.67	12	4	0	30	41	174	185	0.0033	29.0
Seq7346_242_bp_1_0_0	AAC97205.1	53.85	31	12	5	44	70	1215	1244	0.016	28.4
Seq7346_242_bp_1_0_0	CAD53387.1	88.89	11	1	2	10	20	8	16	0.031	26.2
Seq7346_242_bp_1_0_0	CAD53387.1	88.89	11	1	2	10	20	74	82	0.031	26.2
Seq7346_242_bp_1_0_0	CAD53387.1	88.89	11	1	2	10	20	140	148	0.031	26.2
Seq7346_242_bp_1_0_0	CAD53387.1	88.89	11	1	2	10	20	206	214	0.031	26.2
Seq7346_242_bp_1_0_0	CAD53387.1	88.89	11	1	2	10	20	272	280	0.031	26.2
Seq7346_242_bp_1_0_0	CAD53387.1	88.89	11	1	2	10	20	338	346	0.031	26.2
Seq7346_242_bp_1_0_0	CAD53387.1	88.89	11	1	2	10	20	404	412	0.031	26.2
Seq7346_242_bp_1_0_0	CAD53387.1	73.33	18	4	3	9	25	459	474	0.031	26.2
Seq7346_242_bp_1_0_0	BAA32956.1	56.25	17	7	1	7	23	156	171	0.038	24.6
Seq7346_242_bp_1_0_0	AAB26998.1	80.00	11	2	1	30	39	4	14	0.053	22.7
Seq7346_242_bp_1_0_0	BAB79260.1	69.23	15	4	2	31	45	202	214	0.1	24.3
Seq7346_242_bp_1_0_0	ABD49687.1	62.50	19	6	3	12	27	516	534	0.13	25.9
Seq7346_242_bp_1_0_0	ABD49687.1	58.82	22	7	5	9	25	115	136	0.74	23.3
Seq7346_242_bp_1_0_0	AAB96524.1	77.78	12	2	3	5	16	80	88	1.7	18.9
Seq7346_242_bp_1_0_0	AAA24142.1	85.71	8	1	1	1	8	293	299	1.7	20.2
Seq7346_242_bp_1_0_0	CAA45199.1	77.78	10	2	1	42	50	264	273	1.8	20.2
Seq7346_242_bp_1_0_0	AAI27517.1	58.33	12	5	0	8	19	453	464	1.8	20.5
Seq7346_242_bp_1_0_0	CAA74140.1	60.00	20	6	5	6	20	921	940	1.8	21.1
Seq7346_242_bp_1_0_0	ABN10845.1	41.67	26	14	2	21	45	74	98	3	18.3
Seq7346_242_bp_1_0_0	AAB03707.1	100.00	5	0	0	45	49	701	705	3.3	20.8
Seq7346_242_bp_1_0_0	AAA72732.1	53.33	17	7	2	18	32	47	63	4.3	18.3
Seq7346_242_bp_1_0_0	AAR37016.1	51.61	47	15	16	33	63	1887	1933	4.5	21.1
Seq7346_242_bp_1_0_0	AAA32376.1	80.00	14	2	4	28	37	98	111	4.6	17.3
Seq7346_242_bp_1_0_0	AAA18786.1	62.50	8	3	0	64	71	5	12	5.6	17.7
Seq7346_242_bp_1_0_0	EDO47375.1	61.54	14	5	1	51	64	110	122	6.1	17.0
Seq7346_242_bp_1_0_0	ACH70904.1	66.67	6	2	0	2	7	196	201	9.1	17.3
Seq7346_242_bp_1_0_0	ABK71357.1	100.00	6	0	1	16	20	43	48	9.4	17.3
Seq7346_242_bp_1_1_0	CAA45199.1	80.00	12	2	2	2	13	277	286	0.31	21.0
Seq7346_242_bp_1_1_0	CAA74140.1	42.86	23	12	2	1	21	312	334	0.75	20.7
Seq7346_242_bp_1_1_0	AAB64315.2	66.67	9	3	0	5	13	321	329	1.9	17.8
Seq7346_242_bp_1_1_0	CAA26230.1	54.55	11	5	0	13	23	165	175	2.6	18.2
Seq7346_242_bp_1_1_0	ABD49687.1	100.00	12	0	5	14	20	151	162	2.6	19.7
Seq7346_242_bp_1_1_0	CAA73529.1	53.85	16	6	3	1	13	40	55	3	16.9
Seq7346_242_bp_1_1_0	ACT10338.1	60.00	11	4	1	5	15	9	18	4.3	16.9
Seq7346_242_bp_1_1_0	ABL74574.1	80.00	5	1	0	20	24	257	261	4.9	16.3
Seq7346_242_bp_1_1_0	AAR31603.1	75.00	9	2	1	16	24	259	266	5.5	16.3
Seq7346_242_bp_1_1_0	AAA18786.1	100.00	4	0	0	20	23	241	244	5.6	15.9
Seq7346_242_bp_1_1_0	AAA45888.1	66.67	21	5	6	2	22	296	310	6.4	16.3
Seq7346_242_bp_1_1_0	AAA26915.1	57.14	7	3	0	2	8	120	126	7.7	16.3
Seq7346_242_bp_1_1_0	AAB96524.1	100.00	3	0	0	1	3	168	170	9	14.7
Seq7346_242_bp_1_1_0	AAI27517.1	71.43	8	2	1	15	22	517	523	9.5	16.3
Seq7346_242_bp_1_1_1	CAA26230.1	60.00	11	4	1	7	17	5	14	0.28	21.0
Seq7346_242_bp_1_1_1	ABG75784.1	57.14	7	3	0	9	15	308	314	1	18.3
Seq7346_242_bp_1_1_1	ACT10338.1	57.14	18	6	4	2	15	149	166	2	17.6
Seq7346_242_bp_1_1_1	AAR37016.1	71.43	7	2	0	7	13	1565	1571	2.3	20.0
Seq7346_242_bp_1_1_1	AAB96524.1	57.14	7	3	0	3	9	56	62	2.5	16.2
Seq7346_242_bp_1_1_1	EDO47375.1	55.56	9	4	0	2	10	40	48	2.5	16.2
Seq7346_242_bp_1_1_1	BAA32991.1	100.00	3	0	0	13	15	42	44	3	14.5
Seq7346_242_bp_1_1_1	AAX84812.1	66.67	6	2	0	3	8	113	118	3.1	16.2
Seq7346_242_bp_1_1_1	AAC08817.1	55.56	10	4	1	6	14	103	112	5.5	14.8
Seq7346_242_bp_1_1_1	BAA32956.1	100.00	4	0	0	2	5	44	47	5.6	15.2
Seq7346_242_bp_1_1_1	AAI27517.1	66.67	6	2	0	5	10	178	183	6.1	16.5
Seq7346_242_bp_1_1_1	CAA43372.1	50.00	10	5	0	4	13	153	162	6.8	15.9
Seq7346_242_bp_1_1_1	AAB26998.1	42.86	7	4	0	6	12	21	27	6.8	13.5
Seq7346_242_bp_1_1_1	AAR31603.1	80.00	7	1	2	8	12	81	87	6.8	15.5
Seq7346_242_bp_1_1_1	ABD33854.1	75.00	4	1	0	4	7	21	24	8.7	12.8
Seq7346_242_bp_1_1_1	BAB79260.1	80.00	5	1	0	3	7	277	281	9.2	15.5
Seq7346_242_bp_1_1_1	AAA42531.1	71.43	9	2	2	3	9	383	391	9.9	15.2
Seq7346_242_bp_1_1_1	ABS38337.1	61.54	19	5	6	5	18	941	958	10	16.9
Seq7346_242_bp_1_1_2	AAB64315.2	100.00	8	0	2	10	17	14	19	0.72	18.8
Seq7346_242_bp_1_1_2	AAA26915.1	62.50	8	3	0	5	12	116	123	0.81	19.2
Seq7346_242_bp_1_1_2	ABK71357.1	50.00	8	4	0	7	14	67	74	1.3	18.2
Seq7346_242_bp_1_1_2	CAA04196.1	58.33	12	5	0	2	13	289	300	1.5	18.2
Seq7346_242_bp_1_1_2	AEE27845.1	58.33	14	5	2	3	16	675	686	2.4	19.2
Seq7346_242_bp_1_1_2	BAA32956.1	57.14	7	3	0	7	13	167	173	2.4	16.4
Seq7346_242_bp_1_1_2	BAB79260.1	50.00	10	5	0	9	18	97	106	2.5	17.5
Seq7346_242_bp_1_1_2	AAR37016.1	75.00	8	2	0	9	16	29	36	4	19.2
Seq7346_242_bp_1_1_2	AAR31603.1	60.00	10	4	0	6	15	298	307	4.7	16.1
Seq7346_242_bp_1_1_2	AAA25966.1	72.73	14	3	3	2	15	715	725	5	17.1
Seq7346_242_bp_1_1_2	CAA45199.1	80.00	5	1	0	13	17	168	172	5.3	16.4
Seq7346_242_bp_1_1_2	AAA42531.1	50.00	13	5	3	6	18	374	383	5.5	16.1
Seq7346_242_bp_1_1_2	AAA36565.1	66.67	6	2	0	8	13	63	68	6.1	14.7
Seq7346_242_bp_1_1_2	AAI27517.1	54.55	13	5	2	8	18	421	433	6.5	16.4
Seq7346_242_bp_1_1_2	CAA26230.1	66.67	12	3	3	6	14	542	553	7.7	16.1
Seq7346_242_bp_1_1_2	ABN10845.1	100.00	4	0	0	8	11	73	76	7.8	14.7
Seq7346_242_bp_1_1_2	AAH69556.1	80.00	5	1	0	7	11	111	115	8.5	15.1
Seq7346_242_bp_1_1_2	CAA11507.1	66.67	17	4	5	4	16	1015	1030	9.1	17.1
Seq7346_242_bp_1_1_2	AAC78721.1	42.86	16	8	2	2	17	133	146	9.2	16.1
Seq7346_242_bp_1_1_3	AAC17860.1	53.85	13	6	0	1	13	151	163	0.15	20.9
Seq7346_242_bp_1_1_3	AAA24969.1	87.50	10	1	2	4	11	129	138	1.2	19.9
Seq7346_242_bp_1_1_3	ACH70904.1	63.64	14	4	3	3	13	271	284	1.9	17.1
Seq7346_242_bp_1_1_3	EDO47375.1	60.00	11	4	1	1	11	94	103	2.7	15.6
Seq7346_242_bp_1_1_3	AEE27845.1	83.33	6	1	0	2	7	277	282	2.8	18.5
Seq7346_242_bp_1_1_3	CAA74140.1	55.56	9	4	0	3	11	446	454	3.9	17.4
Seq7346_242_bp_1_1_3	ABN10845.1	80.00	5	1	0	2	6	73	77	4.9	14.9
Seq7346_242_bp_1_1_3	ABS38337.1	77.78	12	2	3	3	11	322	333	5.2	17.4
Seq7346_242_bp_1_1_3	AAA23282.1	66.67	6	2	0	8	13	508	513	7.7	15.6
Seq7346_242_bp_1_2_0	AAR31603.1	53.57	36	13	8	1	28	272	307	0.0033	27.7
Seq7346_242_bp_1_2_0	AAR31603.1	63.16	26	7	7	4	23	246	270	0.24	21.5
Seq7346_242_bp_1_2_0	AAA45888.1	64.29	15	5	1	2	16	8	21	0.023	25.1
Seq7346_242_bp_1_2_0	CAD53387.1	59.26	37	11	10	1	37	6	32	0.031	25.1
Seq7346_242_bp_1_2_0	CAD53387.1	59.26	37	11	10	1	37	72	98	0.031	25.1
Seq7346_242_bp_1_2_0	CAD53387.1	59.26	37	11	10	1	37	138	164	0.031	25.1
Seq7346_242_bp_1_2_0	CAD53387.1	59.26	37	11	10	1	37	204	230	0.031	25.1
Seq7346_242_bp_1_2_0	CAD53387.1	59.26	37	11	10	1	37	270	296	0.031	25.1
Seq7346_242_bp_1_2_0	CAD53387.1	59.26	37	11	10	1	37	336	362	0.031	25.1
Seq7346_242_bp_1_2_0	CAD53387.1	59.26	37	11	10	1	37	402	428	0.031	25.1
Seq7346_242_bp_1_2_0	BAB79260.1	70.00	10	3	0	27	36	264	273	0.035	24.8
Seq7346_242_bp_1_2_0	ABD49687.1	59.09	30	9	8	3	27	115	141	0.042	26.4
Seq7346_242_bp_1_2_0	BAA32956.1	56.25	20	7	4	12	31	156	171	0.2	21.2
Seq7346_242_bp_1_2_0	AAI27517.1	80.00	15	2	5	21	31	102	115	0.35	21.9
Seq7346_242_bp_1_2_0	AAA25966.1	75.00	8	2	0	10	17	718	725	0.54	21.5
Seq7346_242_bp_1_2_0	ABK71357.1	75.00	18	3	6	10	21	62	79	0.68	20.2
Seq7346_242_bp_1_2_0	CAA04196.1	83.33	6	1	0	16	21	9	14	1.2	19.6
Seq7346_242_bp_1_2_0	AAA24969.1	66.67	17	4	5	9	25	1023	1034	1.4	21.2
Seq7346_242_bp_1_2_0	AIR13712.1	55.56	9	4	0	2	10	261	269	2.3	18.3
Seq7346_242_bp_1_2_0	AAF01122.1	66.67	6	2	0	10	15	371	376	2.6	18.3
Seq7346_242_bp_1_2_0	AAH69556.1	50.00	10	5	0	25	34	110	119	2.7	17.9
Seq7346_242_bp_1_2_0	ACT10338.1	83.33	6	1	0	30	35	19	24	3.4	17.9
Seq7346_242_bp_1_2_0	BAE97662.1	58.33	13	5	1	4	15	241	253	4	19.2
Seq7346_242_bp_1_2_0	AAR37016.1	57.14	40	12	12	7	37	404	440	4.2	20.2
Seq7346_242_bp_1_2_0	BAA32991.1	80.00	5	1	0	7	11	46	50	4.5	15.0
Seq7346_242_bp_1_2_0	CAA74140.1	50.00	22	9	4	12	33	626	643	6.3	18.3
Seq7346_242_bp_1_2_0	AAA42531.1	54.55	11	5	0	12	22	341	351	6.5	17.0
Seq7346_242_bp_1_2_0	AEE27845.1	75.00	22	3	10	12	27	666	683	9.2	18.3
Seq7346_242_bp_1_2_0	ACH70904.1	66.67	6	2	0	7	12	156	161	9.2	16.3
Seq7346_242_bp_1_2_1	ACH70904.1	62.50	8	3	0	10	17	356	363	2.4	18.2
Seq7346_242_bp_1_2_1	AAB03707.1	78.57	25	3	11	7	31	618	631	3.9	19.4
Seq7346_242_bp_1_2_1	CAA04196.1	72.73	16	3	5	4	14	36	51	4.1	17.6
Seq7346_242_bp_1_2_1	AAA23282.1	50.00	10	5	0	22	31	405	414	5.5	17.6
Seq7346_242_bp_1_2_1	AAB96524.1	80.00	5	1	0	1	5	56	60	7.4	15.5
Seq7346_242_bp_1_2_1	AAA26915.1	85.71	8	1	1	27	34	49	55	8.1	16.7
Seq7346_242_bp_1_2_1	BAA32956.1	80.00	6	1	1	3	7	154	159	8.3	15.5
Seq7346_242_bp_1_2_1	AAC08817.1	44.44	9	5	0	7	15	141	149	9.6	14.9
Seq7346_242_bp_1_2_1	AAA36565.1	100.00	4	0	0	26	29	151	154	9.8	14.9
Seq7346_242_bp_-1_0_0	AII71783.1	56.25	18	7	2	2	18	67	83	0.072	22.5
Seq7346_242_bp_-1_0_0	BAA32991.1	100.00	4	0	0	1	4	17	20	1.2	16.3
Seq7346_242_bp_-1_0_0	ABN10845.1	50.00	8	4	0	8	15	175	182	1.2	17.9
Seq7346_242_bp_-1_0_0	AEE27845.1	54.55	11	5	0	6	16	942	952	3.1	19.2
Seq7346_242_bp_-1_0_0	AAA32376.1	50.00	8	4	0	18	25	40	47	3.8	16.0
Seq7346_242_bp_-1_0_0	AAC17860.1	85.71	10	1	3	3	12	126	132	4.5	16.9
Seq7346_242_bp_-1_0_0	AAF01122.1	71.43	7	2	0	4	10	267	273	5.1	16.6
Seq7346_242_bp_-1_0_0	BAA32018.1	60.00	24	6	9	2	25	258	272	5.4	17.3
Seq7346_242_bp_-1_0_0	AAB96524.1	33.33	17	10	2	6	20	38	54	6.3	15.3
Seq7346_242_bp_-1_0_0	CAD53387.1	85.71	9	1	2	1	7	63	71	8.4	16.3
Seq7346_242_bp_-1_0_0	BAB70780.1	37.50	16	10	0	2	17	250	265	10	16.0
Seq7346_242_bp_-1_0_1	CAD53387.1	69.23	38	8	12	23	48	44	81	0.0059	28.0
Seq7346_242_bp_-1_0_1	CAD53387.1	69.23	38	8	12	23	48	110	147	0.0059	28.0
Seq7346_242_bp_-1_0_1	CAD53387.1	69.23	38	8	12	23	48	176	213	0.0059	28.0
Seq7346_242_bp_-1_0_1	CAD53387.1	69.23	38	8	12	23	48	242	279	0.0059	28.0
Seq7346_242_bp_-1_0_1	CAD53387.1	69.23	38	8	12	23	48	308	345	0.0059	28.0
Seq7346_242_bp_-1_0_1	CAD53387.1	69.23	38	8	12	23	48	374	411	0.0059	28.0
Seq7346_242_bp_-1_0_1	AAA45888.1	76.47	21	4	4	34	52	6	24	0.012	26.6
Seq7346_242_bp_-1_0_1	BAA32956.1	39.02	50	25	9	1	43	156	203	0.28	21.2
Seq7346_242_bp_-1_0_1	AAB03707.1	51.72	47	14	18	1	29	1015	1061	0.68	22.6
Seq7346_242_bp_-1_0_1	AEE27845.1	42.86	41	20	6	6	42	62	100	1.5	21.4
Seq7346_242_bp_-1_0_1	ABD49687.1	64.29	16	5	2	22	35	449	464	2.2	21.2
Seq7346_242_bp_-1_0_1	AAC78721.1	54.55	28	10	6	16	42	558	580	2.4	19.7
Seq7346_242_bp_-1_0_1	CAA26230.1	53.33	17	7	2	3	19	220	234	2.4	19.4
Seq7346_242_bp_-1_0_1	AAA42531.1	85.71	7	1	0	19	25	13	19	2.4	18.9
Seq7346_242_bp_-1_0_1	AIR13712.1	69.23	15	4	2	35	47	178	192	3.7	18.0
Seq7346_242_bp_-1_0_1	AAA65607.1	66.67	9	3	0	20	28	50	58	5	17.7
Seq7346_242_bp_-1_0_1	AAB64315.2	63.64	11	4	0	21	31	320	330	6.5	17.2
Seq7346_242_bp_-1_0_1	AAR31603.1	58.33	14	5	2	3	15	85	97	6.5	17.2
Seq7346_242_bp_-1_0_1	AAR37016.1	66.67	13	4	1	5	16	410	422	7.8	19.7
Seq7346_242_bp_-1_0_1	AAQ92751.2	60.00	11	4	1	9	19	9	18	8.3	18.9
Seq7346_242_bp_-1_0_1	CAA74140.1	84.62	26	2	13	29	43	7	30	8.3	18.3
Seq7346_242_bp_-1_1_0	AAR31603.1	71.43	7	2	0	8	14	28	34	1.2	18.0
Seq7346_242_bp_-1_1_0	AEE27845.1	62.50	8	3	0	7	14	1108	1115	6	17.6
Seq7346_242_bp_-1_1_0	AAC78721.1	57.14	15	6	1	3	16	572	586	7.3	16.3
Seq7346_242_bp_-1_1_0	CAA74140.1	66.67	6	2	0	10	15	363	368	8	16.6
Seq7346_242_bp_-1_1_1	AIR13712.1	57.14	14	6	0	22	35	178	191	2.1	18.5
Seq7346_242_bp_-1_1_1	AAA42531.1	83.33	6	1	0	19	24	295	300	3	18.2
Seq7346_242_bp_-1_1_1	CAD53387.1	58.62	42	12	13	8	39	35	73	3.1	18.5
Seq7346_242_bp_-1_1_1	BAA32991.1	70.00	11	3	1	22	31	36	46	3.4	15.5
Seq7346_242_bp_-1_1_1	AAX12058.1	50.00	10	5	0	14	23	193	202	4.8	17.0
Seq7346_242_bp_-1_1_1	AAA36565.1	80.00	5	1	0	2	6	131	135	5.4	16.1
Seq7346_242_bp_-1_1_1	AAA25966.1	61.54	16	5	3	10	22	655	670	5.5	18.2
Seq7346_242_bp_-1_1_1	CAA74140.1	77.78	13	2	4	5	17	692	700	8.5	17.9
Seq7346_242_bp_-1_1_1	AAB26998.1	33.33	9	6	0	34	42	33	41	8.6	14.3
Seq7346_242_bp_-1_1_1	AAC78721.1	56.00	30	11	5	12	40	569	594	9.2	17.3
Seq7346_242_bp_-1_2_0	AAA26915.1	50.00	27	10	7	15	34	14	40	5.2	17.7
Seq7346_242_bp_-1_2_0	ABG75784.1	52.63	22	9	3	14	33	224	244	7.4	16.6
Seq7346_242_bp_-1_2_0	AEE27845.1	38.71	35	19	4	3	33	254	288	8	18.6
Seq7346_242_bp_-1_2_0	BAA32018.1	52.63	31	9	12	2	20	93	123	9.1	17.3
Seq7346_242_bp_-1_2_1	AAI27517.1	83.33	6	1	0	3	8	127	132	0.27	20.2
Seq7346_242_bp_-1_2_1	AAX12058.1	83.33	6	1	0	1	6	78	83	0.36	18.7
Seq7346_242_bp_-1_2_1	AEE27845.1	71.43	7	2	0	1	7	365	371	0.5	20.6
Seq7346_242_bp_-1_2_1	CAA43372.1	80.00	5	1	0	1	5	50	54	1.2	17.6
Seq7346_242_bp_-1_2_1	AAA23282.1	71.43	7	2	0	4	10	41	47	1.3	18.0
Seq7346_242_bp_-1_2_1	ABD49687.1	66.67	10	3	1	1	9	443	452	1.3	19.5
Seq7346_242_bp_-1_2_1	AAB03707.1	75.00	9	2	1	2	9	1097	1105	1.4	19.1
Seq7346_242_bp_-1_2_1	BAA32018.1	75.00	9	2	1	2	9	438	446	1.8	17.6
Seq7346_242_bp_-1_2_1	AAA24969.1	83.33	6	1	0	5	10	1107	1112	2.6	18.3
Seq7346_242_bp_-1_2_1	CAD53387.1	100.00	4	0	0	2	5	54	57	3.1	16.4
Seq7346_242_bp_-1_2_1	AAC78721.1	57.14	7	3	0	1	7	400	406	4.2	16.4
Seq7346_242_bp_-1_2_1	AAF01122.1	60.00	11	4	1	1	10	126	136	5.1	15.3
Seq7346_242_bp_-1_2_1	AAA32376.1	62.50	10	3	2	2	9	142	151	5.1	14.2
Seq7346_242_bp_-1_2_1	ABS38337.1	100.00	4	0	0	3	6	756	759	9.8	16.1
Seq7346_242_bp_-1_2_2	AAC78721.1	60.00	16	6	1	1	15	579	594	0.08	23.5
Seq7346_242_bp_-1_2_2	AAI27517.1	66.67	9	3	0	3	11	456	464	0.51	20.6
Seq7346_242_bp_-1_2_2	ABK71357.1	83.33	6	1	0	12	17	137	142	1.5	18.4
Seq7346_242_bp_-1_2_2	AIR13712.1	71.43	7	2	0	5	11	183	189	1.6	18.1
Seq7346_242_bp_-1_2_2	AAQ92751.2	61.54	16	5	3	2	16	1140	1153	2.2	19.7
Seq7346_242_bp_-1_2_2	BAA32991.1	100.00	4	0	0	7	10	34	37	3.6	14.6
Seq7346_242_bp_-1_2_2	CAD53387.1	53.85	13	6	0	6	18	457	469	3.7	17.5
Seq7346_242_bp_-1_2_2	AAC97205.1	66.67	16	4	4	10	22	972	986	4.7	18.4
Seq7346_242_bp_-1_2_2	AAX12058.1	77.78	11	2	2	2	10	192	202	5.9	15.9
Seq7346_242_bp_-1_2_2	CAA11507.1	71.43	21	4	7	1	19	282	297	9.5	17.5
