Seq7696_267_bp_1_0_0	AAB96524.1	50.00	10	5	0	1	10	172	181	0.044	21.8
Seq7696_267_bp_1_0_0	BAA32991.1	83.33	6	1	0	5	10	31	36	0.35	17.4
Seq7696_267_bp_1_0_0	AAC97205.1	66.67	6	2	0	7	12	1178	1183	0.54	20.9
Seq7696_267_bp_1_0_0	EDO47375.1	40.00	11	6	1	1	10	160	170	1.3	16.9
Seq7696_267_bp_1_0_0	AAA42531.1	55.56	11	4	2	7	15	147	157	1.9	17.4
Seq7696_267_bp_1_0_0	ACT10338.1	38.46	14	8	1	3	15	118	131	2.6	16.9
Seq7696_267_bp_1_0_0	AAC08817.1	28.57	14	10	0	2	15	131	144	2.8	15.6
Seq7696_267_bp_1_0_0	ABD33854.1	37.50	9	5	1	6	14	52	59	3.6	13.8
Seq7696_267_bp_1_0_0	AAR37016.1	45.45	11	6	0	1	11	1494	1504	4.6	18.7
Seq7696_267_bp_1_0_0	AAA32624.1	36.36	11	7	0	1	11	263	273	4.7	16.5
Seq7696_267_bp_1_0_0	ABK71357.1	30.77	13	9	0	2	14	49	61	6.1	15.6
Seq7696_267_bp_1_0_0	AEE27845.1	55.56	9	4	0	2	10	647	655	6.7	17.4
Seq7696_267_bp_1_0_0	CAA04196.1	75.00	4	1	0	4	7	378	381	6.8	15.6
Seq7696_267_bp_1_0_0	CAA74140.1	30.00	10	7	0	4	13	29	38	8.2	16.5
Seq7696_267_bp_1_0_0	BAA32956.1	28.57	15	10	1	1	15	71	84	8.5	14.3
Seq7696_267_bp_1_0_0	AAA25966.1	33.33	12	8	0	1	12	93	104	8.5	16.0
Seq7696_267_bp_1_0_0	AAI27517.1	26.67	15	11	0	1	15	55	69	9.4	15.6
Seq7696_267_bp_1_0_0	AAR31603.1	30.77	13	9	0	3	15	217	229	9.6	14.7
Seq7696_267_bp_1_0_0	BAA32018.1	41.67	12	7	0	4	15	180	191	9.9	15.6
Seq7696_267_bp_1_0_1	AAA45888.1	30.77	69	45	4	7	71	243	311	0.035	25.4
Seq7696_267_bp_1_0_1	CAD53387.1	34.33	80	44	13	2	69	393	471	0.49	22.0
Seq7696_267_bp_1_0_1	AAI27517.1	23.53	72	52	4	2	71	455	524	0.67	21.8
Seq7696_267_bp_1_0_1	AAR31603.1	34.00	59	33	9	13	71	246	295	1.3	19.9
Seq7696_267_bp_1_0_1	AIR13712.1	28.30	57	38	4	8	64	218	270	1.3	19.9
Seq7696_267_bp_1_0_1	AAA25966.1	34.78	84	45	15	1	71	394	475	2.1	20.4
Seq7696_267_bp_1_0_1	AAB03707.1	31.67	69	41	9	4	64	384	451	2.1	21.3
Seq7696_267_bp_1_0_1	AAR37016.1	42.59	68	31	14	5	64	722	783	2.3	22.0
Seq7696_267_bp_1_0_1	ABK71357.1	30.91	57	38	2	2	57	79	134	2.4	19.2
Seq7696_267_bp_1_0_1	ABD49687.1	28.33	67	43	7	4	65	695	759	4.2	20.6
Seq7696_267_bp_1_0_1	AAA26915.1	23.81	69	48	6	9	71	51	119	9.9	17.4
Seq7696_267_bp_1_1_0	ABD49687.1	100.00	88	0	0	1	88	668	755	1.6e-35	138.7
Seq7696_267_bp_1_1_0	ABD49687.1	24.39	88	62	6	7	88	77	164	0.042	27.6
Seq7696_267_bp_1_1_0	BAA32991.1	29.55	52	31	8	1	49	11	57	2	17.4
Seq7696_267_bp_1_1_0	AAF01122.1	19.35	68	50	6	15	82	284	345	2.2	19.7
Seq7696_267_bp_1_1_0	ABK71357.1	28.92	98	59	15	1	87	107	200	2.5	19.5
Seq7696_267_bp_1_1_0	AAI27517.1	20.48	91	66	8	3	88	429	516	2.5	20.1
Seq7696_267_bp_1_1_0	AAA18786.1	29.69	77	45	13	16	85	20	90	3.2	18.6
Seq7696_267_bp_1_1_0	AAA25966.1	20.78	87	61	10	2	84	364	444	4.1	19.7
Seq7696_267_bp_1_1_0	BAA32956.1	19.44	80	58	8	15	88	91	168	6	17.4
Seq7696_267_bp_1_1_0	ACT10338.1	29.49	88	55	10	6	86	288	372	6.1	18.2
Seq7696_267_bp_1_1_0	ACH70904.1	26.67	86	55	11	6	84	262	343	6.6	18.0
Seq7696_267_bp_1_1_0	ABL74574.1	30.00	64	42	4	3	65	120	180	7	17.6
Seq7696_267_bp_1_1_0	AAC97205.1	23.61	75	55	3	10	83	973	1045	7.9	19.5
Seq7696_267_bp_1_1_0	CAA26230.1	24.00	80	57	5	7	84	159	235	8.6	18.2
Seq7696_267_bp_1_1_0	AAA65607.1	17.91	73	55	6	11	80	7	76	8.8	17.6
Seq7696_267_bp_1_2_0	AEE27845.1	77.78	10	2	1	1	9	815	824	0.44	20.8
Seq7696_267_bp_1_2_0	CAA45199.1	33.33	9	6	0	2	10	90	98	0.94	18.1
Seq7696_267_bp_1_2_0	ABG75784.1	100.00	5	0	0	2	6	129	133	1.3	17.1
Seq7696_267_bp_1_2_0	ABK71357.1	42.86	7	4	0	3	9	275	281	2.2	16.5
Seq7696_267_bp_1_2_0	AAB64315.2	42.86	7	4	0	3	9	199	205	2.8	16.0
Seq7696_267_bp_1_2_0	AAC97205.1	62.50	8	3	0	3	10	830	837	5	17.1
Seq7696_267_bp_1_2_0	ABS38337.1	50.00	8	4	0	1	8	23	30	5.2	17.1
Seq7696_267_bp_1_2_0	ABD49687.1	57.14	7	3	0	2	8	971	977	6.8	17.1
Seq7696_267_bp_1_2_0	AAX12058.1	50.00	9	4	1	2	10	221	228	6.9	14.4
Seq7696_267_bp_1_2_0	ABD33854.1	50.00	6	3	0	4	9	2	7	7	12.2
Seq7696_267_bp_1_2_0	BAA32018.1	50.00	8	4	0	3	10	452	459	7.5	15.5
Seq7696_267_bp_1_2_0	BAB70780.1	37.50	8	5	0	3	10	425	432	8.3	14.9
Seq7696_267_bp_1_2_1	ABN10845.1	36.84	20	12	1	5	24	95	113	0.25	20.3
Seq7696_267_bp_1_2_1	AAH69556.1	31.58	20	13	1	1	19	263	282	2	17.7
Seq7696_267_bp_1_2_1	AAA23282.1	36.00	26	16	1	1	25	527	552	2.1	18.6
Seq7696_267_bp_1_2_1	AIR13712.1	31.58	20	13	1	1	20	120	138	2.2	17.7
Seq7696_267_bp_1_2_1	ABK71357.1	41.18	18	10	1	4	20	126	143	3	17.5
Seq7696_267_bp_1_2_1	AAR37016.1	32.00	25	17	0	2	26	1106	1130	3.2	20.0
Seq7696_267_bp_1_2_1	BAA32018.1	60.00	10	4	0	2	11	451	460	5	17.5
Seq7696_267_bp_1_2_1	ABD49687.1	43.75	21	9	5	1	21	72	87	6.1	18.6
Seq7696_267_bp_1_2_1	AAA65607.1	41.18	18	10	1	2	19	242	258	6.3	16.3
Seq7696_267_bp_1_2_1	ACT10338.1	43.48	24	13	1	3	26	128	150	6.7	16.3
Seq7696_267_bp_1_2_1	AAQ92751.2	44.44	18	10	0	5	22	290	307	7.2	18.0
Seq7696_267_bp_1_2_1	AAA24969.1	45.83	32	13	8	1	24	300	331	7.9	18.0
Seq7696_267_bp_1_2_1	AAA18786.1	37.50	18	10	2	5	20	170	187	8.2	15.5
Seq7696_267_bp_1_2_1	BAB17681.1	27.27	23	16	1	5	26	106	128	8.4	15.5
Seq7696_267_bp_1_2_1	ABD33854.1	75.00	4	1	0	16	19	42	45	9.4	13.2
Seq7696_267_bp_1_2_1	AAA25966.1	29.17	24	17	0	2	25	491	514	9.9	16.6
Seq7696_267_bp_1_2_2	AAA32624.1	33.33	32	18	5	1	27	452	483	0.057	24.2
Seq7696_267_bp_1_2_2	AAR37016.1	48.15	37	14	10	11	37	1469	1505	0.13	25.2
Seq7696_267_bp_1_2_2	AAR37016.1	44.00	33	14	8	4	36	1305	1329	0.16	24.9
Seq7696_267_bp_1_2_2	AAI27517.1	73.33	21	4	6	15	32	504	521	0.21	22.5
Seq7696_267_bp_1_2_2	AAI27517.1	26.47	40	25	6	2	37	395	432	0.59	21.0
Seq7696_267_bp_1_2_2	AAB26998.1	32.35	43	23	9	4	37	35	77	0.22	19.5
Seq7696_267_bp_1_2_2	ABK71357.1	35.48	41	20	10	2	32	164	204	0.32	21.3
Seq7696_267_bp_1_2_2	BAA32956.1	24.24	39	25	6	3	35	73	111	0.98	18.8
Seq7696_267_bp_1_2_2	ABD49687.1	34.38	43	21	11	5	36	70	112	1.2	21.5
Seq7696_267_bp_1_2_2	BAA32991.1	25.00	20	15	0	18	37	4	23	1.5	16.6
Seq7696_267_bp_1_2_2	AAA25966.1	42.42	45	19	12	1	36	471	512	1.7	19.8
Seq7696_267_bp_1_2_2	AAQ92751.2	24.24	33	25	0	2	34	1039	1071	2.7	20.0
Seq7696_267_bp_1_2_2	AII71783.1	35.29	18	11	1	12	28	146	163	2.8	17.8
Seq7696_267_bp_1_2_2	AAC97205.1	26.67	30	22	0	2	31	587	616	2.9	19.8
Seq7696_267_bp_1_2_2	AAA23282.1	58.33	13	5	1	10	22	560	571	3.6	18.3
Seq7696_267_bp_1_2_2	ABD33854.1	22.58	33	24	2	6	37	30	61	3.7	15.1
Seq7696_267_bp_1_2_2	ACH70904.1	30.00	37	21	7	1	34	288	320	3.8	17.6
Seq7696_267_bp_1_2_2	AAH69556.1	33.33	39	22	6	3	35	145	183	4.5	17.1
Seq7696_267_bp_1_2_2	AAB96524.1	40.00	16	9	1	11	25	168	183	4.6	16.3
Seq7696_267_bp_1_2_2	EDO47375.1	28.57	23	15	2	2	24	151	171	7.6	15.6
Seq7696_267_bp_1_2_2	AAF01122.1	62.50	11	3	3	21	28	284	294	7.6	16.6
Seq7696_267_bp_1_2_2	ACT10338.1	29.41	19	12	2	15	31	292	310	7.9	16.6
Seq7696_267_bp_1_2_2	CAA74140.1	40.91	26	13	4	14	35	580	605	8.1	17.8
Seq7696_267_bp_1_2_2	CAA43372.1	36.36	25	14	3	5	28	233	255	8.3	16.6
Seq7696_267_bp_1_2_2	AAR31603.1	31.82	26	15	4	14	35	136	161	9.2	16.1
Seq7696_267_bp_-1_0_0	AAR37016.1	28.00	53	36	3	6	56	1474	1525	0.31	24.8
Seq7696_267_bp_-1_0_0	AAA24142.1	25.42	67	44	8	7	67	40	104	0.64	21.4
Seq7696_267_bp_-1_0_0	CAA45199.1	40.82	65	29	16	1	58	359	414	0.92	20.9
Seq7696_267_bp_-1_0_0	AAI27517.1	26.56	73	47	9	1	64	408	480	2.2	20.0
Seq7696_267_bp_-1_0_0	BAA32991.1	32.14	32	19	4	16	45	28	57	2.7	16.6
Seq7696_267_bp_-1_0_0	ABN10845.1	25.40	69	47	6	1	66	3	68	3.8	17.7
Seq7696_267_bp_-1_0_0	AAR31603.1	23.53	37	26	3	33	67	58	93	4.2	18.2
Seq7696_267_bp_-1_0_0	AAC97205.1	23.88	80	51	13	2	68	568	647	5.2	19.8
Seq7696_267_bp_-1_0_0	CAA43372.1	31.82	53	30	9	8	60	268	311	5.2	18.2
Seq7696_267_bp_-1_0_0	CAA04196.1	23.08	54	40	2	6	59	321	372	5.3	18.2
Seq7696_267_bp_-1_0_0	AAH69556.1	32.26	37	21	6	24	55	246	281	5.3	17.7
Seq7696_267_bp_-1_0_0	CAA26230.1	26.83	43	30	2	9	51	340	380	6	18.4
Seq7696_267_bp_-1_0_0	AAA23282.1	20.69	33	23	4	4	36	542	570	6.1	18.4
Seq7696_267_bp_-1_0_0	AII71783.1	18.52	58	44	4	14	68	147	203	6.2	17.5
Seq7696_267_bp_-1_0_0	BAB17681.1	16.36	58	46	3	7	61	21	78	6.5	17.2
Seq7696_267_bp_-1_0_0	AAA32624.1	29.17	59	34	11	9	64	356	406	6.6	18.2
Seq7696_267_bp_-1_0_0	AAB26998.1	24.39	46	31	5	20	62	11	54	6.6	15.4
Seq7696_267_bp_-1_0_0	AAA18786.1	25.93	62	40	8	13	66	205	266	7.4	17.0
Seq7696_267_bp_-1_0_0	AAQ92751.2	18.75	50	39	2	14	63	301	348	7.7	19.3
Seq7696_267_bp_-1_0_0	BAA32956.1	26.92	68	38	16	9	63	100	164	7.9	16.6
Seq7696_267_bp_-1_0_0	ABD49687.1	24.14	69	44	11	6	63	314	382	8.2	19.5
Seq7696_267_bp_-1_0_0	EDO47375.1	39.29	37	17	9	7	37	143	176	8.3	16.3
Seq7696_267_bp_-1_0_1	BAA32956.1	26.32	19	14	0	2	20	72	90	1.9	16.9
Seq7696_267_bp_-1_0_1	AAA24969.1	62.50	8	3	0	4	11	265	272	2	19.7
Seq7696_267_bp_-1_0_1	AAQ92751.2	30.00	20	14	0	1	20	425	444	3.1	18.9
Seq7696_267_bp_-1_0_1	AAA23282.1	35.29	17	11	0	3	19	220	236	3.8	17.3
Seq7696_267_bp_-1_0_1	AAR37016.1	35.00	20	13	0	1	20	319	338	5.2	18.9
Seq7696_267_bp_-1_0_1	AAC78721.1	40.00	18	9	3	6	20	129	146	5.8	16.9
Seq7696_267_bp_-1_0_1	CAA74140.1	35.71	14	9	0	1	14	209	222	6.2	17.3
Seq7696_267_bp_-1_0_1	CAA43372.1	40.00	12	6	2	9	20	6	15	6.2	16.2
Seq7696_267_bp_-1_0_1	BAA32991.1	25.00	12	9	0	9	20	49	60	8.9	13.0
Seq7696_267_bp_-1_0_1	BAB17681.1	33.33	21	10	6	6	20	45	65	9	15.0
Seq7696_267_bp_-1_0_1	CAA73529.1	36.36	11	7	0	10	20	60	70	9	15.0
Seq7696_267_bp_-1_0_1	CAD53387.1	29.41	17	12	0	1	17	12	28	9.5	15.8
Seq7696_267_bp_-1_1_0	AAB64315.2	42.11	20	11	1	3	22	18	36	0.01	25.4
Seq7696_267_bp_-1_1_0	CAD53387.1	53.33	17	7	2	1	17	1	15	0.33	21.0
Seq7696_267_bp_-1_1_0	CAD53387.1	57.14	16	6	2	2	17	68	81	0.43	20.6
Seq7696_267_bp_-1_1_0	CAD53387.1	57.14	16	6	2	2	17	134	147	0.43	20.6
Seq7696_267_bp_-1_1_0	CAD53387.1	57.14	16	6	2	2	17	200	213	0.43	20.6
Seq7696_267_bp_-1_1_0	CAD53387.1	57.14	16	6	2	2	17	266	279	0.43	20.6
Seq7696_267_bp_-1_1_0	CAD53387.1	57.14	16	6	2	2	17	332	345	0.43	20.6
Seq7696_267_bp_-1_1_0	CAD53387.1	57.14	16	6	2	2	17	398	411	0.43	20.6
Seq7696_267_bp_-1_1_0	AAC97205.1	33.33	21	14	0	4	24	886	906	0.38	22.1
Seq7696_267_bp_-1_1_0	CAA26230.1	54.55	11	5	0	12	22	297	307	0.62	20.2
Seq7696_267_bp_-1_1_0	CAA73529.1	46.15	13	7	0	3	15	145	157	0.84	18.8
Seq7696_267_bp_-1_1_0	AAB26998.1	38.89	22	11	4	2	22	34	52	0.86	16.9
Seq7696_267_bp_-1_1_0	AAA32624.1	55.56	9	4	0	11	19	36	44	0.96	19.5
Seq7696_267_bp_-1_1_0	BAA32991.1	26.32	20	14	1	4	22	29	48	2.1	15.5
Seq7696_267_bp_-1_1_0	ABK71357.1	31.82	22	15	0	1	22	261	282	2.4	17.7
Seq7696_267_bp_-1_1_0	AAH69556.1	64.29	15	5	1	8	21	123	137	2.5	17.3
Seq7696_267_bp_-1_1_0	AIR13712.1	50.00	19	9	1	7	24	184	202	2.7	17.3
Seq7696_267_bp_-1_1_0	CAA43372.1	38.89	24	11	6	2	24	231	249	3.4	17.3
Seq7696_267_bp_-1_1_0	AAX84812.1	30.77	13	9	0	10	22	79	91	5.2	15.8
Seq7696_267_bp_-1_1_0	AAR37016.1	36.36	11	7	0	12	22	665	675	5.4	19.1
Seq7696_267_bp_-1_1_0	ABG75784.1	43.75	22	9	6	3	22	122	139	5.5	16.2
Seq7696_267_bp_-1_1_0	AAA72732.1	71.43	7	2	0	13	19	121	127	7	15.8
Seq7696_267_bp_-1_1_0	BAA32956.1	38.46	13	8	0	6	18	179	191	7.8	15.1
Seq7696_267_bp_-1_1_0	AAA36565.1	38.89	20	11	2	4	21	131	150	7.9	14.7
Seq7696_267_bp_-1_1_0	ABD49687.1	35.00	21	13	1	1	21	512	531	8.2	18.0
Seq7696_267_bp_-1_1_0	AAA45888.1	43.75	17	9	1	7	23	11	26	8.4	15.8
Seq7696_267_bp_-1_1_0	AAA42531.1	28.57	22	15	1	1	22	162	182	8.5	15.8
Seq7696_267_bp_-1_1_0	CAA74140.1	31.82	24	15	2	1	22	803	826	9.5	16.9
Seq7696_267_bp_-1_1_0	AAA24142.1	23.53	17	13	0	8	24	110	126	9.8	15.8
Seq7696_267_bp_-1_1_1	AAA45888.1	41.67	12	7	0	3	14	172	183	0.44	19.7
Seq7696_267_bp_-1_1_1	CAA45199.1	66.67	10	3	1	8	17	65	73	2.6	17.4
Seq7696_267_bp_-1_1_1	AAR37016.1	50.00	12	6	0	3	14	1458	1469	2.6	19.7
Seq7696_267_bp_-1_1_1	AAX12058.1	54.55	13	5	2	2	14	131	141	3	16.4
Seq7696_267_bp_-1_1_1	ABL74574.1	26.67	15	11	0	3	17	208	222	3.2	16.4
Seq7696_267_bp_-1_1_1	ACT10338.1	25.00	13	9	1	2	14	292	303	3.4	16.7
Seq7696_267_bp_-1_1_1	ABS38337.1	33.33	13	8	1	4	15	974	986	4.4	18.0
Seq7696_267_bp_-1_1_1	ABN10845.1	33.33	10	6	1	4	13	19	27	4.7	15.4
Seq7696_267_bp_-1_1_1	BAA32956.1	50.00	12	5	2	5	16	147	156	5.6	15.1
Seq7696_267_bp_-1_1_1	BAA32991.1	26.67	18	11	3	2	17	21	37	5.7	13.4
Seq7696_267_bp_-1_1_1	AAB26998.1	36.36	11	7	0	5	15	5	15	6.5	13.4
Seq7696_267_bp_-1_1_1	AAC97205.1	46.15	17	7	4	4	16	649	665	6.6	17.4
Seq7696_267_bp_-1_1_1	AAR31603.1	28.57	16	10	2	1	14	119	134	6.9	15.4
Seq7696_267_bp_-1_1_1	AEE27845.1	40.00	17	9	2	1	15	893	909	9.2	17.1
Seq7696_267_bp_-1_1_1	AAA26915.1	27.27	11	8	0	6	16	453	463	9.6	15.4
Seq7696_267_bp_-1_1_2	AAI27517.1	28.57	28	20	0	5	32	491	518	0.16	22.9
Seq7696_267_bp_-1_1_2	AAI27517.1	31.82	22	15	0	10	31	102	123	0.73	20.7
Seq7696_267_bp_-1_1_2	AAA45888.1	38.89	39	22	3	2	37	2	40	0.19	22.1
Seq7696_267_bp_-1_1_2	CAA04196.1	36.00	26	16	1	8	32	38	63	0.3	21.6
Seq7696_267_bp_-1_1_2	AAA25966.1	27.27	35	24	2	3	37	660	692	0.51	21.6
Seq7696_267_bp_-1_1_2	CAA45199.1	25.00	28	21	0	9	36	43	70	0.59	20.7
Seq7696_267_bp_-1_1_2	AAR37016.1	27.27	37	24	4	6	38	2205	2241	0.64	22.9
Seq7696_267_bp_-1_1_2	BAA32956.1	31.25	36	22	4	3	37	69	101	1.2	18.5
Seq7696_267_bp_-1_1_2	AAA36565.1	36.67	36	19	6	2	32	65	99	1.4	18.0
Seq7696_267_bp_-1_1_2	AAB26998.1	25.00	39	24	7	1	36	23	57	1.4	16.9
Seq7696_267_bp_-1_1_2	AII71783.1	48.15	36	14	9	4	33	165	197	1.7	18.5
Seq7696_267_bp_-1_1_2	ABD49687.1	30.43	24	16	1	14	36	213	236	2.1	20.7
Seq7696_267_bp_-1_1_2	AAC97205.1	18.75	34	26	2	6	38	158	190	2.7	19.9
Seq7696_267_bp_-1_1_2	CAD53387.1	38.10	24	13	3	12	32	462	485	2.8	18.5
Seq7696_267_bp_-1_1_2	ACT10338.1	27.78	39	26	3	2	38	232	269	3.8	17.7
Seq7696_267_bp_-1_1_2	AAA32624.1	35.29	19	11	2	20	36	297	315	6	17.4
Seq7696_267_bp_-1_1_2	AAA72732.1	40.00	23	12	3	6	26	278	299	6.4	16.6
Seq7696_267_bp_-1_1_2	EDO47375.1	30.77	27	18	1	12	38	54	79	8.1	15.5
Seq7696_267_bp_-1_2_0	AAH69556.1	38.71	35	19	4	1	31	69	103	2.3	17.8
Seq7696_267_bp_-1_2_0	AAA32376.1	39.13	25	14	2	6	28	106	130	3.1	16.6
Seq7696_267_bp_-1_2_0	CAA74140.1	38.10	22	13	1	2	23	215	235	3.6	18.8
Seq7696_267_bp_-1_2_0	ABD49687.1	33.33	28	18	1	5	31	1587	1614	4.2	19.4
Seq7696_267_bp_-1_2_0	AAC08817.1	43.75	16	9	0	16	31	140	155	6.7	15.3
Seq7696_267_bp_-1_2_0	AAA25966.1	33.33	27	18	0	2	28	662	688	7.9	17.2
Seq7696_267_bp_-1_2_0	AAI27517.1	28.00	25	18	0	2	26	459	483	8	16.9
Seq7696_267_bp_-1_2_1	AAA42531.1	28.57	47	30	5	1	43	154	199	0.061	24.0
Seq7696_267_bp_-1_2_1	AAB26998.1	28.57	40	25	5	4	43	43	77	0.36	19.1
Seq7696_267_bp_-1_2_1	CAA45199.1	28.57	47	30	5	2	43	403	449	0.44	21.4
Seq7696_267_bp_-1_2_1	CAA26230.1	30.77	27	18	1	19	45	487	512	0.64	21.1
Seq7696_267_bp_-1_2_1	ABD49687.1	45.16	35	17	4	9	42	730	761	0.89	22.2
Seq7696_267_bp_-1_2_1	ACH70904.1	30.00	32	21	2	1	31	266	296	0.91	20.0
Seq7696_267_bp_-1_2_1	AAB64315.2	32.26	32	21	1	14	45	266	296	1.2	19.4
Seq7696_267_bp_-1_2_1	AAA32624.1	32.50	49	27	9	1	42	105	151	1.6	19.7
Seq7696_267_bp_-1_2_1	CAD53387.1	52.63	21	9	2	26	45	4	23	3.3	18.5
Seq7696_267_bp_-1_2_1	CAA43372.1	33.33	46	28	4	3	45	267	311	4.1	17.9
Seq7696_267_bp_-1_2_1	AAI27517.1	29.41	38	24	4	5	42	85	118	4.7	18.2
Seq7696_267_bp_-1_2_1	CAA74140.1	46.88	40	17	8	12	43	305	344	6.1	18.5
Seq7696_267_bp_-1_2_1	CAA73529.1	32.43	50	25	13	4	43	100	146	7.1	16.5
Seq7696_267_bp_-1_2_1	AAA65607.1	28.57	37	25	2	1	37	243	277	7.7	16.8
Seq7696_267_bp_-1_2_1	ABK71357.1	25.00	32	24	0	5	36	100	131	7.8	16.8
Seq7696_267_bp_-1_2_1	CAA11507.1	28.21	42	28	3	5	44	591	631	8.7	18.5
Seq7696_267_bp_-1_2_2	AAB64315.2	60.00	5	2	0	4	8	174	178	2.5	16.2
Seq7696_267_bp_-1_2_2	AAR37016.1	66.67	6	2	0	4	9	1124	1129	3.3	18.6
Seq7696_267_bp_-1_2_2	ABD33854.1	50.00	4	2	0	1	4	41	44	3.4	13.3
Seq7696_267_bp_-1_2_2	CAA11507.1	30.00	10	7	0	1	10	270	279	4.4	17.4
Seq7696_267_bp_-1_2_2	AAA23282.1	50.00	8	4	0	2	9	287	294	5.6	15.8
Seq7696_267_bp_-1_2_2	AAQ92751.2	55.56	10	4	1	2	10	1084	1093	5.8	17.0
Seq7696_267_bp_-1_2_2	BAB79260.1	71.43	8	2	1	3	10	53	59	5.9	15.4
