Seq10007_997_bp_1_0_0	AAR31603.1	34.62	26	17	0	95	120	210	235	1.1	22.4
Seq10007_997_bp_1_0_0	ABD49687.1	28.57	28	20	0	51	78	1152	1179	2.2	23.8
Seq10007_997_bp_1_0_0	AAC97205.1	26.67	46	33	1	232	277	50	94	3	22.9
Seq10007_997_bp_1_0_0	AAA32376.1	33.33	24	16	0	10	33	150	173	3.9	19.6
Seq10007_997_bp_1_0_0	AAA25966.1	33.33	12	8	0	201	212	318	329	4.5	21.5
Seq10007_997_bp_1_0_0	CAA26230.1	27.27	22	16	0	119	140	420	441	4.8	21.0
Seq10007_997_bp_1_0_0	AAA36565.1	75.00	8	2	0	18	25	3	10	5.1	19.2
Seq10007_997_bp_1_0_0	BAA32018.1	31.34	72	46	5	191	259	422	491	5.3	21.0
Seq10007_997_bp_1_0_0	ABD33854.1	31.25	16	11	0	304	319	28	43	6.8	17.3
Seq10007_997_bp_1_0_0	AAX84812.1	42.11	19	11	0	157	175	90	108	6.9	19.2
Seq10007_997_bp_1_0_0	BAB79260.1	41.18	17	10	0	150	166	287	303	7.2	20.1
Seq10007_997_bp_1_0_0	AAA32624.1	30.00	20	14	0	216	235	158	177	8.2	20.1
Seq10007_997_bp_1_0_0	AEE27845.1	27.59	30	21	1	228	256	495	524	8.4	21.5
Seq10007_997_bp_1_1_0	ACT10338.1	36.11	43	23	7	88	128	298	335	0.47	23.9
Seq10007_997_bp_1_1_0	ABD33854.1	32.14	28	19	0	106	133	15	42	1.2	19.9
Seq10007_997_bp_1_1_0	AAA24969.1	31.43	36	24	1	287	321	667	702	2.5	23.5
Seq10007_997_bp_1_1_0	AAC08817.1	40.00	26	15	1	151	176	119	143	3.1	19.9
Seq10007_997_bp_1_1_0	CAA43372.1	25.00	40	30	0	251	290	47	86	4.2	20.8
Seq10007_997_bp_1_1_0	AAB64315.2	29.63	28	19	1	238	265	277	303	6.1	19.9
Seq10007_997_bp_1_1_0	AAA42531.1	24.24	34	25	1	121	153	14	47	7.1	19.9
Seq10007_997_bp_1_1_0	AAA32376.1	29.63	28	19	1	149	176	36	62	7.9	18.6
Seq10007_997_bp_1_1_0	AAB96524.1	19.44	36	29	0	117	152	141	176	8.5	18.6
Seq10007_997_bp_1_1_0	AAR37016.1	56.25	17	7	1	98	114	547	562	9.1	22.1
Seq10007_997_bp_1_1_0	ABK71357.1	23.53	17	13	0	234	250	174	190	9.1	19.5
Seq10007_997_bp_1_1_0	ABL74574.1	30.00	30	21	0	133	162	129	158	9.6	19.0
Seq10007_997_bp_1_1_0	CAA11507.1	24.32	37	28	0	157	193	822	858	9.7	21.2
Seq10007_997_bp_1_1_0	AAC17860.1	23.08	26	20	0	228	253	160	185	9.9	19.5
Seq10007_997_bp_1_1_0	CAA26230.1	35.00	20	13	0	297	316	78	97	10	19.9
Seq10007_997_bp_1_2_0	ABN10845.1	40.00	23	12	3	65	85	39	60	1	21.9
Seq10007_997_bp_1_2_0	AAA42531.1	38.46	26	16	0	142	167	288	313	2.5	21.4
Seq10007_997_bp_1_2_0	AAF01122.1	45.00	20	11	0	37	56	196	215	3.4	21.0
Seq10007_997_bp_1_2_0	AAA25966.1	32.00	28	17	3	74	101	125	149	3.4	21.9
Seq10007_997_bp_1_2_0	ABS38337.1	32.00	25	17	0	188	212	95	119	4.3	22.4
Seq10007_997_bp_1_2_0	AAB03707.1	28.21	39	28	0	218	256	1208	1246	4.7	22.4
Seq10007_997_bp_1_2_0	AAH69556.1	62.50	8	3	0	18	25	70	77	5.1	20.0
Seq10007_997_bp_1_2_0	AAR37016.1	38.46	31	16	5	57	84	1876	1904	7.7	22.4
Seq10007_997_bp_1_2_0	AAC97205.1	63.64	11	4	0	2	12	1004	1014	7.7	21.4
Seq10007_997_bp_1_2_0	AAA18786.1	40.91	23	13	1	46	68	202	223	8.3	19.1
Seq10007_997_bp_1_2_0	ABK71357.1	27.27	46	32	2	236	281	134	177	8.4	19.6
Seq10007_997_bp_1_2_0	BAA32956.1	14.29	28	24	0	251	278	184	211	9	18.6
Seq10007_997_bp_1_2_0	AAI27517.1	34.48	29	19	0	3	31	387	415	9.6	20.0
Seq10007_997_bp_1_2_0	ABD33854.1	37.50	8	5	0	156	163	57	64	9.8	16.8
Seq10007_997_bp_-1_0_0	BAA32991.1	47.37	20	10	1	240	258	9	28	0.036	25.1
Seq10007_997_bp_-1_0_0	BAA32956.1	50.00	14	7	0	308	321	190	203	0.21	24.2
Seq10007_997_bp_-1_0_0	AAA23282.1	21.15	52	41	0	198	249	127	178	3.9	21.3
Seq10007_997_bp_-1_0_0	AAC08817.1	41.67	24	14	0	60	83	48	71	4.1	19.5
Seq10007_997_bp_-1_0_0	AAC97205.1	34.62	28	17	2	289	314	297	324	4.4	22.3
Seq10007_997_bp_-1_0_0	AAR31603.1	28.57	14	10	0	31	44	231	244	5.9	19.9
Seq10007_997_bp_-1_0_0	BAB17681.1	26.09	23	17	0	147	169	128	150	6.7	19.5
Seq10007_997_bp_-1_0_0	ABN10845.1	26.32	41	28	3	108	148	162	199	7.4	19.0
Seq10007_997_bp_-1_1_0	AAA24969.1	25.00	36	27	0	219	254	1118	1153	0.62	25.5
Seq10007_997_bp_-1_1_0	BAA32956.1	27.27	59	40	4	211	266	151	208	0.83	22.2
Seq10007_997_bp_-1_1_0	CAA26230.1	25.00	36	27	0	296	331	230	265	1.1	23.1
Seq10007_997_bp_-1_1_0	BAA32018.1	22.22	28	21	1	195	222	4	30	1.8	22.7
Seq10007_997_bp_-1_1_0	AAC17860.1	47.37	20	10	1	188	207	93	111	2.2	21.7
Seq10007_997_bp_-1_1_0	BAE97662.1	24.14	29	22	0	220	248	168	196	2.3	23.1
Seq10007_997_bp_-1_1_0	AEE27845.1	36.36	22	14	0	219	240	24	45	2.8	23.1
Seq10007_997_bp_-1_1_0	CAA43372.1	37.50	18	10	2	41	58	13	28	3.1	21.3
Seq10007_997_bp_-1_1_0	CAA45199.1	37.50	16	10	0	14	29	52	67	4.7	20.8
Seq10007_997_bp_-1_1_0	AAA42531.1	35.00	42	26	2	80	121	310	349	5.4	20.3
Seq10007_997_bp_-1_1_0	AAB26998.1	34.48	30	19	1	85	114	4	32	7.4	17.5
Seq10007_997_bp_-1_1_0	ABN10845.1	40.00	15	9	0	76	90	92	106	7.8	18.9
Seq10007_997_bp_-1_1_0	CAD53387.1	26.39	75	53	3	226	297	389	463	9.2	19.9
Seq10007_997_bp_-1_1_0	AAA45888.1	38.46	13	8	0	185	197	163	175	9.7	19.4
Seq10007_997_bp_-1_2_0	BAA32956.1	28.57	52	35	3	111	162	154	202	0.22	24.1
Seq10007_997_bp_-1_2_0	AAB64315.2	22.22	63	49	0	216	278	268	330	0.63	23.2
Seq10007_997_bp_-1_2_0	AAF01122.1	30.00	20	14	0	302	321	270	289	2.3	21.5
Seq10007_997_bp_-1_2_0	AAB26998.1	40.00	10	6	0	85	94	36	45	2.9	18.9
Seq10007_997_bp_-1_2_0	AAI27517.1	47.37	23	10	4	129	147	211	233	3.6	21.5
Seq10007_997_bp_-1_2_0	AAB96524.1	38.89	18	11	0	222	239	33	50	3.8	19.8
Seq10007_997_bp_-1_2_0	AAA24969.1	24.66	73	55	0	231	303	79	151	5.1	22.4
Seq10007_997_bp_-1_2_0	AAA45888.1	46.15	13	7	0	77	89	155	167	5.7	20.2
Seq10007_997_bp_-1_2_0	CAA45199.1	32.65	55	33	6	156	210	411	459	6.9	20.2
Seq10007_997_bp_-1_2_0	CAD53387.1	54.55	11	5	0	219	229	464	474	7.3	20.2
Seq10007_997_bp_-1_2_0	AAR37016.1	40.74	30	16	3	220	249	913	939	7.7	22.4
