Seq10029_545_bp_1_0_0	ACH70904.1	100.00	8	0	2	9	16	280	285	1.8	18.4
Seq10029_545_bp_1_0_0	AAQ92751.2	75.00	8	2	0	2	9	1276	1283	2	20.2
Seq10029_545_bp_1_0_0	AAC08817.1	100.00	4	0	0	15	18	68	71	2	17.1
Seq10029_545_bp_1_0_0	AAA24142.1	100.00	4	0	0	23	26	342	345	2.2	18.4
Seq10029_545_bp_1_0_0	AAC97205.1	100.00	5	0	0	7	11	696	700	2.4	19.7
Seq10029_545_bp_1_0_0	AAA72732.1	100.00	4	0	0	10	13	250	253	2.8	17.5
Seq10029_545_bp_1_0_0	AAB64315.2	100.00	4	0	0	21	24	30	33	4	17.1
Seq10029_545_bp_1_0_0	BAB79260.1	75.00	8	2	0	7	14	45	52	4.1	17.5
Seq10029_545_bp_1_0_0	AAF01122.1	75.00	8	2	0	2	9	130	137	4.6	17.1
Seq10029_545_bp_1_0_0	AAB96524.1	100.00	11	0	5	22	27	139	149	5.7	15.7
Seq10029_545_bp_1_0_0	ACT10338.1	100.00	4	0	0	20	23	377	380	8.5	16.2
Seq10029_545_bp_1_0_0	BAA32956.1	100.00	3	0	0	24	26	179	181	8.5	15.3
Seq10029_545_bp_1_0_0	AEE27845.1	83.33	6	1	0	12	17	798	803	8.8	17.9
Seq10029_545_bp_1_0_0	ABD33854.1	80.00	5	1	0	2	6	24	28	8.8	13.5
Seq10029_545_bp_1_0_0	AAA23282.1	100.00	4	0	0	12	15	520	523	9	16.6
Seq10029_545_bp_1_1_0	AAB03707.1	83.33	6	1	0	2	7	689	694	0.28	23.0
Seq10029_545_bp_1_1_0	AAA45888.1	100.00	4	0	0	13	16	336	339	1	19.3
Seq10029_545_bp_1_1_0	AAI27517.1	100.00	4	0	0	7	10	529	532	1.6	19.3
Seq10029_545_bp_1_1_0	AAR31603.1	80.00	5	1	0	15	19	48	52	3.8	17.2
Seq10029_545_bp_1_1_0	ABK71357.1	100.00	4	0	0	19	22	292	295	4.2	17.2
Seq10029_545_bp_1_1_0	AAC97205.1	100.00	4	0	0	2	5	814	817	4.6	18.8
Seq10029_545_bp_1_1_0	CAA74140.1	100.00	4	0	0	17	20	99	102	5.1	18.2
Seq10029_545_bp_1_1_0	ABD33854.1	83.33	8	1	2	18	25	41	46	6.5	14.0
Seq10029_545_bp_1_1_0	BAA32956.1	100.00	3	0	0	23	25	91	93	7	15.6
Seq10029_545_bp_1_1_0	AAR37016.1	80.00	5	1	0	6	10	662	666	8.5	18.8
Seq10029_545_bp_1_2_0	ACT10338.1	100.00	5	0	0	25	29	324	328	0.13	22.3
Seq10029_545_bp_1_2_0	AAB64315.2	100.00	4	0	0	4	7	299	302	2.2	18.0
Seq10029_545_bp_1_2_0	AAA26915.1	100.00	4	0	0	19	22	317	320	3.1	18.0
Seq10029_545_bp_1_2_0	AEE27845.1	83.33	6	1	0	21	26	779	784	3.4	19.4
Seq10029_545_bp_1_2_0	AAA72732.1	100.00	4	0	0	5	8	53	56	4	17.0
Seq10029_545_bp_1_2_0	AAA25966.1	100.00	7	0	2	13	17	306	312	4.7	18.0
Seq10029_545_bp_1_2_0	AAQ92751.2	80.00	5	1	0	12	16	1222	1226	6.3	18.4
Seq10029_545_bp_1_2_0	ABD49687.1	100.00	4	0	0	12	15	844	847	7.7	18.4
Seq10029_545_bp_-1_0_0	AAB26998.1	83.33	6	1	0	3	8	3	8	0.16	19.7
Seq10029_545_bp_-1_0_0	AAA32624.1	100.00	4	0	0	20	23	20	23	1	19.7
Seq10029_545_bp_-1_0_0	AAA36565.1	100.00	4	0	0	13	16	61	64	1.1	18.0
Seq10029_545_bp_-1_0_0	AAR31603.1	100.00	4	0	0	14	17	233	236	1.4	18.6
Seq10029_545_bp_-1_0_0	CAA04196.1	100.00	4	0	0	15	18	376	379	1.8	18.6
Seq10029_545_bp_-1_0_0	CAD53387.1	100.00	4	0	0	10	13	13	16	2.2	18.6
Seq10029_545_bp_-1_0_0	BAA32018.1	100.00	4	0	0	14	17	584	587	2.7	18.6
Seq10029_545_bp_-1_0_0	AAA72732.1	100.00	4	0	0	26	29	64	67	3	17.4
Seq10029_545_bp_-1_0_0	AIR13712.1	100.00	4	0	0	23	26	14	17	3.1	17.4
Seq10029_545_bp_-1_0_0	ACH70904.1	100.00	4	0	0	7	10	228	231	3.4	17.4
Seq10029_545_bp_-1_0_0	CAA73529.1	100.00	4	0	0	6	9	79	82	3.8	16.9
Seq10029_545_bp_-1_0_0	CAA11507.1	83.33	6	1	0	24	29	256	261	3.9	19.1
Seq10029_545_bp_-1_0_0	CAA74140.1	100.00	4	0	0	11	14	938	941	4	18.6
Seq10029_545_bp_-1_0_0	ABS38337.1	100.00	4	0	0	21	24	487	490	5.4	18.6
Seq10029_545_bp_-1_0_0	ABD33854.1	100.00	3	0	0	5	7	10	12	6.2	14.0
Seq10029_545_bp_-1_0_0	AII71783.1	80.00	5	1	0	21	25	125	129	6.2	16.3
Seq10029_545_bp_-1_0_0	ABN10845.1	71.43	7	2	0	1	7	23	29	6.5	15.7
Seq10029_545_bp_-1_0_0	AAR37016.1	100.00	4	0	0	21	24	2106	2109	9.5	18.6
Seq10029_545_bp_-1_1_0	AAA32624.1	100.00	5	0	0	23	27	256	260	0.14	22.7
Seq10029_545_bp_-1_1_0	AAA18786.1	100.00	7	0	1	22	27	138	144	0.22	21.0
Seq10029_545_bp_-1_1_0	CAD53387.1	100.00	7	0	1	24	29	478	484	0.28	21.5
Seq10029_545_bp_-1_1_0	ABD33854.1	66.67	6	2	0	5	10	21	26	1.1	16.6
Seq10029_545_bp_-1_1_0	ACH70904.1	75.00	8	2	0	18	25	56	63	2	18.2
Seq10029_545_bp_-1_1_0	AAR37016.1	100.00	4	0	0	13	16	1321	1324	2.8	20.4
Seq10029_545_bp_-1_1_0	CAA26230.1	100.00	4	0	0	24	27	293	296	3.1	18.2
Seq10029_545_bp_-1_1_0	CAA45199.1	100.00	4	0	0	22	25	167	170	3.8	17.7
Seq10029_545_bp_-1_1_0	AAA36565.1	100.00	6	0	1	19	24	40	44	4.2	16.0
Seq10029_545_bp_-1_1_0	CAA74140.1	100.00	4	0	0	2	5	275	278	5	18.2
Seq10029_545_bp_-1_1_0	AAC78721.1	80.00	5	1	0	14	18	216	220	5.3	17.7
Seq10029_545_bp_-1_1_0	ABD49687.1	100.00	4	0	0	10	13	200	203	6.2	18.8
Seq10029_545_bp_-1_1_0	AAA42531.1	66.67	6	2	0	3	8	235	240	6.5	16.6
Seq10029_545_bp_-1_1_0	ABS38337.1	71.43	7	2	0	14	20	226	232	9.7	17.7
Seq10029_545_bp_-1_2_0	AAB96524.1	100.00	4	0	0	14	17	95	98	1.1	18.2
Seq10029_545_bp_-1_2_0	AAA26915.1	100.00	4	0	0	13	16	31	34	1.3	19.3
Seq10029_545_bp_-1_2_0	CAA45199.1	80.00	5	1	0	20	24	80	84	1.3	19.3
Seq10029_545_bp_-1_2_0	AAR31603.1	83.33	6	1	0	2	7	263	268	1.3	18.7
Seq10029_545_bp_-1_2_0	AAA24142.1	100.00	4	0	0	1	4	370	373	2.6	18.2
Seq10029_545_bp_-1_2_0	AAA32624.1	100.00	4	0	0	8	11	180	183	3	18.2
Seq10029_545_bp_-1_2_0	ABD33854.1	100.00	3	0	0	28	30	39	41	3.4	14.9
Seq10029_545_bp_-1_2_0	AAR37016.1	100.00	4	0	0	21	24	844	847	4.3	19.8
Seq10029_545_bp_-1_2_0	AAA24969.1	100.00	4	0	0	26	29	1416	1419	5.8	18.7
Seq10029_545_bp_-1_2_0	BAE97662.1	100.00	4	0	0	8	11	897	900	6.2	18.2
Seq10029_545_bp_-1_2_0	AAB26998.1	100.00	3	0	0	2	4	41	43	8.3	13.9
Seq10029_545_bp_-1_2_0	ABL74574.1	100.00	3	0	0	19	21	29	31	9.9	15.5
