Seq148_97_bp_1_0_0	BAB79260.1	35.29	17	11	0	3	19	384	400	0.082	23.3
Seq148_97_bp_1_0_0	CAA73529.1	62.50	8	3	0	13	20	39	46	0.16	21.6
Seq148_97_bp_1_0_0	AAA32376.1	50.00	14	7	0	18	31	111	124	0.31	20.0
Seq148_97_bp_1_0_0	AII71783.1	60.00	10	4	0	15	24	299	308	0.37	20.5
Seq148_97_bp_1_0_0	AAH69556.1	58.33	12	5	0	15	26	96	107	0.79	19.4
Seq148_97_bp_1_0_0	AAA24142.1	31.82	22	15	0	8	29	204	225	0.8	20.0
Seq148_97_bp_1_0_0	CAA04196.1	41.67	12	7	0	20	31	87	98	2.3	18.3
Seq148_97_bp_1_0_0	BAA32991.1	30.77	13	9	0	2	14	20	32	2.5	15.6
Seq148_97_bp_1_0_0	ABN10845.1	83.33	6	1	0	6	11	195	200	2.5	17.2
Seq148_97_bp_1_0_0	AAB26998.1	27.27	11	8	0	18	28	40	50	2.9	15.6
Seq148_97_bp_1_0_0	AAA42531.1	38.89	18	11	0	13	30	236	253	3.1	17.8
Seq148_97_bp_1_0_0	AAC97205.1	46.15	13	7	0	2	14	7	19	3.1	19.4
Seq148_97_bp_1_0_0	ABD33854.1	41.67	12	7	0	16	27	17	28	3.4	15.0
Seq148_97_bp_1_0_0	AAX84812.1	62.50	8	3	0	9	16	156	163	3.9	16.7
Seq148_97_bp_1_0_0	AEE27845.1	55.56	9	4	0	19	27	472	480	5.1	18.9
Seq148_97_bp_1_0_0	BAA32956.1	35.00	20	13	0	2	21	128	147	5.1	16.1
Seq148_97_bp_1_0_0	AAA25966.1	44.44	20	10	2	9	27	484	502	5.6	17.8
Seq148_97_bp_1_0_0	AAA32624.1	62.50	8	3	0	24	31	149	156	5.9	17.2
Seq148_97_bp_1_0_0	ABD49687.1	40.00	15	9	0	14	28	1178	1192	6.2	18.9
Seq148_97_bp_1_0_0	AAX12058.1	45.45	11	6	0	11	21	150	160	6.6	16.1
Seq148_97_bp_1_0_0	AAA24969.1	42.86	15	8	1	2	15	1360	1374	7.9	18.3
Seq148_97_bp_1_1_0	AAA24142.1	100.00	32	0	0	1	32	343	374	6.6e-22	90.0
Seq148_97_bp_1_1_0	AAC17860.1	46.15	13	7	0	12	24	323	335	3.8	17.6
Seq148_97_bp_1_1_0	AAA65607.1	42.86	14	8	0	7	20	278	291	8.9	16.1
Seq148_97_bp_1_1_0	AAA42531.1	45.00	21	11	1	7	26	271	291	9.4	16.1
Seq148_97_bp_1_2_0	BAB79260.1	57.14	7	3	0	22	28	441	447	1.8	18.8
Seq148_97_bp_1_2_0	AAC97205.1	50.00	10	5	0	18	27	1046	1055	3.5	19.2
Seq148_97_bp_1_2_0	AAA32376.1	21.43	14	11	0	14	27	13	26	6.6	15.4
Seq148_97_bp_1_2_0	AAC78721.1	28.00	25	18	0	7	31	92	116	6.8	17.3
Seq148_97_bp_1_2_0	AAA42531.1	71.43	7	2	0	10	16	149	155	7.6	16.4
Seq148_97_bp_1_2_0	AAA23282.1	38.46	13	8	0	10	22	189	201	7.9	16.9
Seq148_97_bp_1_2_0	ABN10845.1	62.50	8	3	0	6	13	76	83	8.1	15.4
Seq148_97_bp_1_2_0	AAR31603.1	36.36	11	7	0	14	24	55	65	8.8	15.9
Seq148_97_bp_-1_0_0	BAA32991.1	33.33	12	8	0	15	26	21	32	0.55	17.8
Seq148_97_bp_-1_0_0	ACH70904.1	30.00	30	21	0	2	31	147	176	0.62	20.0
Seq148_97_bp_-1_0_0	CAA43372.1	50.00	10	5	0	22	31	350	359	0.71	20.0
Seq148_97_bp_-1_0_0	BAB70780.1	50.00	12	6	0	8	19	264	275	1.2	19.5
Seq148_97_bp_-1_0_0	AAA25966.1	27.27	22	16	0	11	32	677	698	2.6	18.9
Seq148_97_bp_-1_0_0	AAA36565.1	57.14	7	3	0	11	17	65	71	2.8	16.7
Seq148_97_bp_-1_0_0	AAA32376.1	42.86	14	8	0	3	16	121	134	4.2	16.1
Seq148_97_bp_-1_0_0	AAA23282.1	55.56	9	4	0	23	31	51	59	4.4	17.8
Seq148_97_bp_-1_0_0	AAA42531.1	21.05	19	15	0	13	31	121	139	6.4	16.7
Seq148_97_bp_-1_0_0	AAR37016.1	50.00	8	4	0	1	8	1565	1572	8.2	18.9
Seq148_97_bp_-1_0_0	AAB26998.1	37.50	8	5	0	10	17	37	44	8.6	13.9
Seq148_97_bp_-1_0_0	CAA04196.1	36.36	11	7	0	5	15	66	76	9.7	16.1
Seq148_97_bp_-1_1_0	AAA23282.1	36.67	31	19	1	1	31	229	258	1.8	19.1
Seq148_97_bp_-1_1_0	AAC08817.1	27.78	18	13	0	11	28	43	60	5.6	15.6
Seq148_97_bp_-1_1_0	CAA11507.1	32.00	25	17	0	2	26	57	81	8.1	18.1
Seq148_97_bp_-1_1_0	BAB17681.1	66.67	9	3	0	11	19	131	139	9.1	15.6
Seq148_97_bp_-1_2_0	AAC08817.1	41.18	17	10	0	10	26	51	67	0.55	19.0
Seq148_97_bp_-1_2_0	CAA45199.1	45.00	20	11	0	2	21	174	193	1.6	19.0
Seq148_97_bp_-1_2_0	AAC97205.1	36.84	19	12	0	10	28	742	760	2.8	19.5
Seq148_97_bp_-1_2_0	AAB03707.1	47.06	18	9	1	10	26	1203	1220	4.4	19.0
Seq148_97_bp_-1_2_0	BAA32956.1	55.56	9	4	0	23	31	128	136	8	15.4
Seq148_97_bp_-1_2_0	ABS38337.1	46.67	15	8	0	5	19	819	833	8.2	18.0
Seq148_97_bp_-1_2_0	AAA72732.1	35.71	14	9	0	10	23	165	178	8.3	15.9
