Seq7734_249_bp_1_0_0	CAA73529.1	33.33	21	14	0	19	39	40	60	2.7	18.9
Seq7734_249_bp_1_0_0	AAH69556.1	66.67	14	4	2	36	47	181	194	2.9	18.9
Seq7734_249_bp_1_0_0	BAB79260.1	52.94	18	8	1	33	50	331	347	3.2	19.3
Seq7734_249_bp_1_0_0	BAA32018.1	33.33	12	8	0	30	41	258	269	7.8	18.4
Seq7734_249_bp_1_0_0	AAA32624.1	41.67	12	7	0	71	82	153	164	8.8	18.0
Seq7734_249_bp_1_0_0	AAA36565.1	28.57	14	10	0	12	25	64	77	9.5	16.2
Seq7734_249_bp_1_1_0	AAB96524.1	80.00	5	1	0	9	13	131	135	1.8	18.9
Seq7734_249_bp_1_1_0	BAA32956.1	75.00	10	2	2	57	64	26	35	2	18.9
Seq7734_249_bp_1_1_0	AAA25966.1	52.63	25	9	6	11	33	121	141	2.5	20.3
Seq7734_249_bp_1_1_0	AAX84812.1	44.44	9	5	0	25	33	157	165	3.1	18.4
Seq7734_249_bp_1_1_0	AAA45888.1	57.14	7	3	0	74	80	178	184	3.6	18.9
Seq7734_249_bp_1_1_0	CAA26230.1	62.50	8	3	0	46	53	434	441	5.2	18.9
Seq7734_249_bp_1_1_0	ABN10845.1	83.33	6	1	0	72	77	61	66	5.5	17.4
Seq7734_249_bp_1_1_0	AAR31603.1	50.00	10	5	0	71	80	74	83	5.9	17.9
Seq7734_249_bp_1_1_0	CAD53387.1	50.00	11	5	1	45	55	477	486	6.4	18.4
Seq7734_249_bp_1_1_0	ACT10338.1	50.00	10	5	0	68	77	191	200	6.9	17.9
Seq7734_249_bp_1_1_0	AAC08817.1	75.00	4	1	0	5	8	5	8	7.9	16.5
Seq7734_249_bp_1_1_0	BAA32018.1	33.33	9	6	0	1	9	18	26	7.9	18.4
Seq7734_249_bp_1_1_0	AAX12058.1	45.45	11	6	0	64	74	75	85	9.3	17.0
Seq7734_249_bp_1_2_0	ABG75784.1	100.00	81	0	0	1	81	235	315	2.7e-56	205.1
Seq7734_249_bp_1_2_0	AAA23282.1	36.36	11	7	0	42	52	474	484	1.4	20.8
Seq7734_249_bp_1_2_0	AAR31603.1	50.00	22	10	2	42	63	169	188	1.4	20.0
Seq7734_249_bp_1_2_0	AAA25966.1	23.53	17	13	0	16	32	35	51	1.8	20.8
Seq7734_249_bp_1_2_0	AAX12058.1	50.00	18	8	2	38	55	228	243	2.8	18.8
Seq7734_249_bp_1_2_0	ABS38337.1	47.06	18	9	1	2	19	1256	1272	3.1	20.8
Seq7734_249_bp_1_2_0	BAA32956.1	50.00	8	4	0	15	22	27	34	3.9	17.9
Seq7734_249_bp_1_2_0	BAB17681.1	35.29	17	11	0	48	64	93	109	5	17.9
Seq7734_249_bp_1_2_0	BAB70780.1	29.03	32	22	1	15	45	454	485	6.5	18.3
Seq7734_249_bp_1_2_0	ABL74574.1	27.78	18	13	0	3	20	162	179	6.9	17.5
Seq7734_249_bp_1_2_0	AAA24142.1	42.86	14	8	0	49	62	139	152	8	17.9
Seq7734_249_bp_-1_0_0	AAA23282.1	41.67	12	7	0	13	24	456	467	2.4	20.1
Seq7734_249_bp_-1_0_0	BAB79260.1	62.50	22	6	6	7	28	100	115	2.6	19.6
Seq7734_249_bp_-1_0_0	AAA45888.1	62.50	8	3	0	7	14	152	159	3.1	19.1
Seq7734_249_bp_-1_0_0	CAA26230.1	50.00	10	5	0	66	75	213	222	3.2	19.6
Seq7734_249_bp_-1_0_0	AAA25966.1	33.33	19	12	1	27	44	97	115	4.2	19.6
Seq7734_249_bp_-1_0_0	AAC97205.1	42.86	14	8	0	67	80	164	177	5.1	20.1
Seq7734_249_bp_-1_0_0	CAA45199.1	66.67	6	2	0	28	33	20	25	5.1	18.7
Seq7734_249_bp_-1_0_0	BAA32956.1	66.67	6	2	0	53	58	3	8	6	17.3
Seq7734_249_bp_-1_0_0	BAA32018.1	37.50	8	5	0	54	61	233	240	6.7	18.7
Seq7734_249_bp_-1_0_0	AAB96524.1	54.55	12	5	1	70	81	174	184	9.7	16.3
Seq7734_249_bp_-1_1_0	AAC17860.1	30.77	26	18	0	18	43	117	142	0.58	21.7
Seq7734_249_bp_-1_1_0	ABD49687.1	45.45	11	6	0	1	11	1357	1367	0.86	23.2
Seq7734_249_bp_-1_1_0	AAB64315.2	53.85	13	6	0	33	45	286	298	3.7	18.6
Seq7734_249_bp_-1_1_0	BAA32991.1	33.33	15	10	0	40	54	47	61	4.3	16.1
Seq7734_249_bp_-1_1_0	ABG75784.1	45.00	21	11	1	14	34	272	291	4.9	18.1
Seq7734_249_bp_-1_1_0	AAA26915.1	35.29	17	11	0	56	72	167	183	5.1	18.6
Seq7734_249_bp_-1_1_0	AII71783.1	55.56	9	4	0	16	24	258	266	6.7	17.6
Seq7734_249_bp_-1_1_0	AAB26998.1	44.44	9	5	0	68	76	66	74	9.4	15.1
Seq7734_249_bp_-1_1_0	CAA74140.1	33.33	15	10	0	2	16	813	827	9.8	18.6
Seq7734_249_bp_-1_2_0	AAA24142.1	31.58	19	13	0	31	49	289	307	0.95	21.1
Seq7734_249_bp_-1_2_0	AAA24969.1	35.71	14	9	0	20	33	272	285	2.3	21.6
Seq7734_249_bp_-1_2_0	AAR31603.1	47.62	22	11	1	42	63	75	95	2.8	19.1
Seq7734_249_bp_-1_2_0	AAB64315.2	56.25	18	7	2	66	82	183	199	3.9	18.6
Seq7734_249_bp_-1_2_0	AAA45888.1	50.00	12	6	0	56	67	145	156	4.5	18.6
Seq7734_249_bp_-1_2_0	ACT10338.1	50.00	10	5	0	64	73	310	319	4.6	18.6
Seq7734_249_bp_-1_2_0	AAH69556.1	45.45	11	6	0	57	67	266	276	5	18.1
Seq7734_249_bp_-1_2_0	AAB26998.1	33.33	9	6	0	11	19	8	16	5.2	16.0
Seq7734_249_bp_-1_2_0	BAB79260.1	58.33	12	5	0	51	62	135	146	5.3	18.6
Seq7734_249_bp_-1_2_0	ACH70904.1	26.09	25	17	2	42	66	165	187	5.9	18.1
Seq7734_249_bp_-1_2_0	ABK71357.1	35.29	17	11	0	25	41	15	31	6.1	18.1
Seq7734_249_bp_-1_2_0	BAA32956.1	66.67	6	2	0	5	10	30	35	6.9	17.0
Seq7734_249_bp_-1_2_0	AAA32376.1	50.00	8	4	0	61	68	109	116	7.9	16.5
Seq7734_249_bp_-1_2_0	BAA32018.1	41.18	19	10	2	30	46	125	143	9.9	18.1
Seq7734_249_bp_-1_2_0	ABG75784.1	50.00	12	6	0	24	35	286	297	9.9	17.0
