Seq7334_273_bp_1_0_0	ENA|AAC08817|AAC08817.1	34.78	23	15	0	67	89	120	142	0.097	23.0
Seq7334_273_bp_1_0_0	ENA|AAC08817|AAC08817.1	25.00	65	48	1	27	90	7	71	0.69	20.2
Seq7334_273_bp_1_0_0	ENA|BAA32956|BAA32956.1	39.13	24	14	1	67	90	185	207	0.13	23.0
Seq7334_273_bp_1_0_0	ENA|ABD49687|ABD49687.1	38.89	18	11	0	71	88	513	530	0.29	24.9
Seq7334_273_bp_1_0_0	ENA|AAI27517|AAI27517.1	33.33	28	18	1	41	67	99	126	0.7	22.1
Seq7334_273_bp_1_0_0	ENA|ACH70901|ACH70901.1	40.00	15	9	0	51	65	146	160	3	19.2
Seq7334_273_bp_1_0_0	ENA|ABN10845|ABN10845.1	50.00	8	4	0	15	22	103	110	3.5	18.3
Seq7334_273_bp_1_0_0	ENA|CAA26939|CAA26939.1	28.57	14	10	0	27	40	394	407	4.7	19.2
Seq7334_273_bp_1_0_0	ENA|AAR37016|AAR37016.1	66.67	9	3	0	45	53	1476	1484	5.2	21.1
Seq7334_273_bp_1_0_0	ENA|EDO47375|EDO47375.1	37.50	8	5	0	13	20	122	129	5.7	17.3
Seq7334_273_bp_1_0_0	ENA|AAB66912|AAB66912.1	41.67	12	7	0	43	54	302	313	7.5	19.2
Seq7334_273_bp_1_0_0	ENA|ABK71357|ABK71357.1	42.86	14	8	0	57	70	67	80	8	17.8
Seq7334_273_bp_1_0_0	ENA|ABD33854|ABD33854.1	50.00	6	3	0	81	86	49	54	9.6	14.9
Seq7334_273_bp_1_1_0	ENA|CAD53387|CAD53387.1	32.14	58	38	2	5	60	418	475	0.027	26.5
Seq7334_273_bp_1_1_0	ENA|AAC08817|AAC08817.1	38.89	18	11	0	19	36	121	138	0.63	20.3
Seq7334_273_bp_1_1_0	ENA|AAA25966|AAA25966.1	36.36	34	21	1	51	83	637	670	1.1	21.7
Seq7334_273_bp_1_1_0	ENA|BAA32956|BAA32956.1	29.03	32	22	1	28	58	179	210	2.2	18.9
Seq7334_273_bp_1_1_0	ENA|AAA36539|AAA36539.1	53.85	13	6	0	1	13	369	381	2.6	19.8
Seq7334_273_bp_1_1_0	ENA|ABD49687|ABD49687.1	33.33	27	18	0	13	39	1422	1448	3.5	21.2
Seq7334_273_bp_1_1_0	ENA|AAB66912|AAB66912.1	35.00	21	13	1	33	52	296	316	5	19.8
Seq7334_273_bp_1_1_0	ENA|ABK71357|ABK71357.1	37.50	16	10	0	49	64	46	61	5.4	18.4
Seq7334_273_bp_1_1_0	ENA|ABD33854|ABD33854.1	36.36	11	7	0	25	35	54	64	6.6	15.5
Seq7334_273_bp_1_1_0	ENA|AAC78721|AAC78721.1	44.44	19	10	1	68	85	567	585	9.4	18.4
Seq7334_273_bp_1_2_0	ENA|CAA29968|CAA29968.1	100.00	90	0	0	1	90	96	185	3.5e-54	197.5
Seq7334_273_bp_1_2_0	ENA|BAA32018|BAA32018.1	24.14	29	22	0	17	45	188	216	2.3	20.4
Seq7334_273_bp_1_2_0	ENA|CAA43419|CAA43419.1	36.36	22	14	0	45	66	14	35	3.2	19.1
Seq7334_273_bp_1_2_0	ENA|CAA28033|CAA28033.1	22.22	18	14	0	47	64	169	186	8.2	19.5
Seq7334_273_bp_1_2_0	ENA|AAB26998|AAB26998.1	25.00	12	9	0	58	69	54	65	9.5	15.2
Seq7334_273_bp_1_2_0	ENA|CAA45199|CAA45199.1	42.86	14	8	0	49	62	257	270	9.6	17.8
Seq7334_273_bp_-1_0_0	ENA|BAA32956|BAA32956.1	36.00	25	16	0	3	27	181	205	0.038	24.8
Seq7334_273_bp_-1_0_0	ENA|BAB17681|BAB17681.1	30.00	30	21	0	25	54	37	66	0.62	21.1
Seq7334_273_bp_-1_0_0	ENA|CAL82360|CAL82360.1	46.67	15	8	0	24	38	1268	1282	0.98	22.7
Seq7334_273_bp_-1_0_0	ENA|AAB66912|AAB66912.1	71.43	7	2	0	11	17	311	317	1	22.2
Seq7334_273_bp_-1_0_0	ENA|AAC08817|AAC08817.1	29.63	28	19	1	4	31	44	70	1.1	19.6
Seq7334_273_bp_-1_0_0	ENA|AAB96524|AAB96524.1	42.86	7	4	0	74	80	58	64	1.8	19.0
Seq7334_273_bp_-1_0_0	ENA|ABN10845|ABN10845.1	40.00	10	6	0	67	76	101	110	2.1	19.0
Seq7334_273_bp_-1_0_0	ENA|CAD53387|CAD53387.1	42.11	19	11	0	3	21	32	50	2.3	20.1
Seq7334_273_bp_-1_0_0	ENA|AAA25966|AAA25966.1	57.14	7	3	0	36	42	319	325	3.3	20.1
Seq7334_273_bp_-1_0_0	ENA|AAA42531|AAA42531.1	46.15	13	7	0	27	39	173	185	3.7	19.0
Seq7334_273_bp_-1_0_0	ENA|CAA36714|CAA36714.1	50.00	19	8	3	57	75	421	436	4.4	19.0
Seq7334_273_bp_-1_0_0	ENA|AAC78721|AAC78721.1	26.32	19	14	0	73	91	575	593	4.4	19.6
Seq7334_273_bp_-1_0_0	ENA|ABK71357|ABK71357.1	42.86	7	4	0	19	25	137	143	5	18.5
Seq7334_273_bp_-1_0_0	ENA|AAI27517|AAI27517.1	40.91	25	13	3	14	35	528	552	5.5	19.0
Seq7334_273_bp_-1_0_0	ENA|CAA26023|CAA26023.1	57.14	7	3	0	54	60	234	240	7.2	18.0
Seq7334_273_bp_-1_0_0	ENA|CAA26939|CAA26939.1	66.67	9	3	0	52	60	520	528	7.5	18.5
Seq7334_273_bp_-1_1_0	ENA|AAB66912|AAB66912.1	30.00	20	14	0	71	90	39	58	0.42	23.5
Seq7334_273_bp_-1_1_0	ENA|CAA73529|CAA73529.1	26.47	37	25	3	44	77	74	110	0.52	21.4
Seq7334_273_bp_-1_1_0	ENA|AAC17860|AAC17860.1	29.41	17	12	0	72	88	250	266	0.78	21.4
Seq7334_273_bp_-1_1_0	ENA|AAA72732|AAA72732.1	53.85	13	6	0	6	18	196	208	1.2	20.3
Seq7334_273_bp_-1_1_0	ENA|AAA36114|AAA36114.1	46.15	13	7	0	2	14	197	209	2.8	19.8
Seq7334_273_bp_-1_1_0	ENA|AAA32624|AAA32624.1	35.00	20	13	0	29	48	126	145	2.9	19.8
Seq7334_273_bp_-1_1_0	ENA|AAB96524|AAB96524.1	45.45	11	6	0	11	21	147	157	4.2	17.7
Seq7334_273_bp_-1_1_0	ENA|BAA36759|BAA36759.1	54.55	11	5	0	15	25	59	69	4.6	18.3
Seq7334_273_bp_-1_1_0	ENA|AAB03707|AAB03707.1	40.00	15	9	0	17	31	1070	1084	5.2	20.3
Seq7334_273_bp_-1_1_0	ENA|AAR31603|AAR31603.1	54.55	11	5	0	5	15	48	58	5.2	18.3
Seq7334_273_bp_-1_1_0	ENA|ABK71357|ABK71357.1	50.00	10	5	0	80	89	91	100	5.8	18.3
Seq7334_273_bp_-1_1_0	ENA|CAA29956|CAA29956.1	50.00	12	6	0	78	89	181	192	5.9	18.3
Seq7334_273_bp_-1_1_0	ENA|AAR37016|AAR37016.1	23.81	21	16	0	47	67	252	272	6.1	20.9
Seq7334_273_bp_-1_1_0	ENA|ABD49687|ABD49687.1	46.15	13	7	0	7	19	893	905	6.3	20.3
Seq7334_273_bp_-1_1_0	ENA|BAB79260|BAB79260.1	34.62	26	17	0	31	56	257	282	7	18.3
Seq7334_273_bp_-1_1_0	ENA|CCP43727|CCP43727.1	30.00	20	14	0	62	81	6	25	7.3	17.7
Seq7334_273_bp_-1_1_0	ENA|AAC49865|AAC49865.1	62.50	8	3	0	71	78	131	138	7.3	17.7
Seq7334_273_bp_-1_1_0	ENA|CAA45199|CAA45199.1	62.50	8	3	0	45	52	285	292	7.3	18.3
Seq7334_273_bp_-1_1_0	ENA|AAC26660|AAC26660.1	46.15	13	7	0	40	52	61	73	8.1	17.2
Seq7334_273_bp_-1_1_0	ENA|ABD33854|ABD33854.1	23.53	17	13	0	60	76	14	30	8.4	15.1
Seq7334_273_bp_-1_1_0	ENA|AAA42531|AAA42531.1	42.86	14	8	0	57	70	147	160	8.5	17.7
Seq7334_273_bp_-1_1_0	ENA|AAI27517|AAI27517.1	50.00	12	6	0	50	61	576	587	9	18.3
Seq7334_273_bp_-1_1_0	ENA|CAA36214|CAA36214.1	50.00	17	8	1	24	39	130	146	9.5	17.2
Seq7334_273_bp_-1_1_0	ENA|ABN10845|ABN10845.1	38.46	13	8	0	73	85	144	156	9.7	16.7
Seq7334_273_bp_-1_1_0	ENA|ABG75784|ABG75784.1	35.71	14	9	0	11	24	171	184	9.7	17.2
Seq7334_273_bp_-1_2_0	ENA|CAA29968|CAA29968.1	31.94	75	49	3	1	72	102	176	0.031	24.9
Seq7334_273_bp_-1_2_0	ENA|AAR37016|AAR37016.1	23.19	71	53	2	10	80	1025	1093	0.69	24.1
Seq7334_273_bp_-1_2_0	ENA|BAA32991|BAA32991.1	30.77	13	9	0	50	62	6	18	1.8	17.6
Seq7334_273_bp_-1_2_0	ENA|AAA25966|AAA25966.1	42.86	14	8	0	28	41	279	292	4.1	19.7
Seq7334_273_bp_-1_2_0	ENA|AAA24145|AAA24145.1	30.77	13	9	0	22	34	300	312	4.8	18.9
Seq7334_273_bp_-1_2_0	ENA|AAC08817|AAC08817.1	25.93	55	40	1	12	66	10	63	9.4	16.3
