Seq8218_390_bp_1_0_0	ENA|AAA24145|AAA24145.1	83.90	122	19	4	13	130	219	340	1e-61	224.4
Seq8218_390_bp_1_0_0	ENA|CAA73529|CAA73529.1	50.00	25	9	7	93	117	22	39	3.1	19.3
Seq8218_390_bp_1_0_0	ENA|CAA24711|CAA24711.1	39.29	33	17	5	89	119	134	163	4.9	17.9
Seq8218_390_bp_1_0_0	ENA|AAC40132|AAC40132.1	18.18	45	36	1	55	98	105	149	7	18.9
Seq8218_390_bp_1_0_0	ENA|AAA72732|AAA72732.1	33.33	15	10	0	76	90	151	165	8.5	17.9
Seq8218_390_bp_1_0_0	ENA|AAR31603|AAR31603.1	25.93	27	20	0	89	115	210	236	8.9	17.9
Seq8218_390_bp_1_0_0	ENA|BAA32018|BAA32018.1	14.81	27	23	0	60	86	113	139	9.1	18.9
Seq8218_390_bp_1_0_0	ENA|AAA36539|AAA36539.1	30.00	20	14	0	111	130	247	266	9.4	18.4
Seq8218_390_bp_1_0_0	ENA|CAA29968|CAA29968.1	50.00	8	4	0	105	112	71	78	9.8	17.0
Seq8218_390_bp_1_0_0	ENA|CAL82360|CAL82360.1	55.56	9	4	0	102	110	974	982	9.9	19.8
Seq8218_390_bp_1_1_0	ENA|AAA24145|AAA24145.1	72.41	33	8	4	1	30	207	238	0.0001	35.0
Seq8218_390_bp_1_1_0	ENA|AAF79734|AAF79734.1	35.71	14	9	0	93	106	868	881	0.91	23.5
Seq8218_390_bp_1_1_0	ENA|BAB79260|BAB79260.1	36.84	21	12	2	38	58	208	226	2.8	20.1
Seq8218_390_bp_1_1_0	ENA|ACH70901|ACH70901.1	75.00	8	2	0	74	81	179	186	4.3	19.2
Seq8218_390_bp_1_1_0	ENA|AAR37016|AAR37016.1	38.89	18	11	0	2	19	1300	1317	5.3	21.6
Seq8218_390_bp_1_1_0	ENA|ABD33854|ABD33854.1	50.00	8	4	0	52	59	4	11	5.5	16.3
Seq8218_390_bp_1_1_0	ENA|AAC08817|AAC08817.1	25.00	12	9	0	104	115	119	130	6.9	17.3
Seq8218_390_bp_1_1_0	ENA|AAA72732|AAA72732.1	26.32	19	14	0	23	41	176	194	7.1	18.2
Seq8218_390_bp_1_1_0	ENA|CAA28033|CAA28033.1	31.25	16	11	0	103	118	564	579	7.8	20.1
Seq8218_390_bp_1_1_0	ENA|AAC78721|AAC78721.1	38.46	13	8	0	49	61	184	196	7.8	19.2
Seq8218_390_bp_1_1_0	ENA|AAQ92751|AAQ92751.2	35.29	18	11	1	90	106	321	338	8.2	20.1
Seq8218_390_bp_1_1_0	ENA|CAA26023|CAA26023.1	62.50	8	3	0	39	46	40	47	8.5	18.2
Seq8218_390_bp_1_1_0	ENA|BAA32018|BAA32018.1	55.56	9	4	0	113	121	532	540	9.9	18.7
Seq8218_390_bp_1_2_0	ENA|AAA24145|AAA24145.1	45.71	36	19	1	38	72	247	282	0.0001	35.0
Seq8218_390_bp_1_2_0	ENA|AAB26998|AAB26998.1	66.67	6	2	0	71	76	43	48	0.18	21.6
Seq8218_390_bp_1_2_0	ENA|ABD33854|ABD33854.1	33.33	9	6	0	75	83	44	52	2.2	17.7
Seq8218_390_bp_1_2_0	ENA|CAA45199|CAA45199.1	41.67	12	7	0	88	99	59	70	4	19.7
Seq8218_390_bp_1_2_0	ENA|BAB17681|BAB17681.1	44.44	9	5	0	35	43	36	44	4.6	18.7
Seq8218_390_bp_1_2_0	ENA|AAR31603|AAR31603.1	25.00	12	9	0	25	36	141	152	5.5	18.7
Seq8218_390_bp_1_2_0	ENA|AAC40132|AAC40132.1	85.71	7	1	0	89	95	416	422	5.6	19.2
Seq8218_390_bp_1_2_0	ENA|CAA26023|CAA26023.1	25.00	16	12	0	27	42	132	147	6.3	18.7
Seq8218_390_bp_1_2_0	ENA|AAA32624|AAA32624.1	62.50	8	3	0	107	114	392	399	8.5	18.7
Seq8218_390_bp_1_2_0	ENA|BAA32991|BAA32991.1	55.56	9	4	0	77	85	14	22	8.6	15.7
Seq8218_390_bp_1_2_0	ENA|CAA73529|CAA73529.1	57.14	7	3	0	89	95	203	209	8.8	17.7
Seq8218_390_bp_1_2_0	ENA|ABD49687|ABD49687.1	53.85	13	6	0	107	119	1281	1293	9.9	20.2
Seq8218_390_bp_1_2_0	ENA|AAC97205|AAC97205.1	30.00	20	14	0	59	78	172	191	10	19.7
Seq8218_390_bp_-1_0_0	ENA|CAA26023|CAA26023.1	45.83	26	13	2	63	88	171	194	0.027	26.7
Seq8218_390_bp_-1_0_0	ENA|AAA72732|AAA72732.1	43.75	16	9	0	8	23	3	18	0.13	24.1
Seq8218_390_bp_-1_0_0	ENA|BAA32018|BAA32018.1	50.00	12	6	0	31	42	372	383	0.37	23.6
Seq8218_390_bp_-1_0_0	ENA|ABN10845|ABN10845.1	41.67	12	7	0	56	67	45	56	2.2	19.5
Seq8218_390_bp_-1_0_0	ENA|CAL82360|CAL82360.1	53.85	13	6	0	33	45	1248	1260	2.2	22.1
Seq8218_390_bp_-1_0_0	ENA|AAA25966|AAA25966.1	21.05	19	15	0	35	53	56	74	2.5	21.0
Seq8218_390_bp_-1_0_0	ENA|AAA18786|AAA18786.1	35.00	20	13	0	12	31	122	141	2.6	19.5
Seq8218_390_bp_-1_0_0	ENA|AAC08817|AAC08817.1	25.93	31	20	4	98	126	80	108	3.1	18.5
Seq8218_390_bp_-1_0_0	ENA|AAB26998|AAB26998.1	66.67	9	3	0	64	72	4	12	3.2	17.4
Seq8218_390_bp_-1_0_0	ENA|AAR31603|AAR31603.1	50.00	10	5	0	55	64	125	134	3.2	19.5
Seq8218_390_bp_-1_0_0	ENA|AAC78721|AAC78721.1	28.57	21	15	0	79	99	178	198	3.3	20.5
Seq8218_390_bp_-1_0_0	ENA|CAA73529|CAA73529.1	33.33	18	12	0	113	130	169	186	3.8	19.0
Seq8218_390_bp_-1_0_0	ENA|CAB75732|CAB75732.1	30.95	46	29	4	39	84	1126	1167	3.9	21.0
Seq8218_390_bp_-1_0_0	ENA|AAC49865|AAC49865.1	42.86	24	12	3	38	58	189	212	4.5	19.0
Seq8218_390_bp_-1_0_0	ENA|AAB03707|AAB03707.1	38.46	13	8	0	79	91	354	366	4.6	21.0
Seq8218_390_bp_-1_0_0	ENA|BAB79260|BAB79260.1	50.00	12	6	0	61	72	202	213	6.2	19.0
Seq8218_390_bp_-1_0_0	ENA|ABD33854|ABD33854.1	45.45	11	6	0	26	36	2	12	7.2	15.9
Seq8218_390_bp_-1_0_0	ENA|BAB17681|BAB17681.1	80.00	5	1	0	37	41	141	145	7.5	18.0
Seq8218_390_bp_-1_0_0	ENA|BAA05866|BAA05866.1	50.00	10	5	0	5	14	92	101	8.3	18.0
Seq8218_390_bp_-1_0_0	ENA|CAA28033|CAA28033.1	30.00	20	14	0	90	109	1236	1255	8.6	20.0
Seq8218_390_bp_-1_0_0	ENA|AAA36539|AAA36539.1	32.00	25	17	0	66	90	379	403	9	18.5
Seq8218_390_bp_-1_1_0	ENA|AAI27517|AAI27517.1	30.77	26	18	0	97	122	509	534	0.019	27.8
Seq8218_390_bp_-1_1_0	ENA|CAA26939|CAA26939.1	30.43	23	16	0	79	101	342	364	1.5	21.4
Seq8218_390_bp_-1_1_0	ENA|CAA26023|CAA26023.1	80.00	5	1	0	97	101	162	166	2.8	19.9
Seq8218_390_bp_-1_1_0	ENA|BAB79260|BAB79260.1	40.00	20	12	0	44	63	231	250	3.2	19.9
Seq8218_390_bp_-1_1_0	ENA|CAA24711|CAA24711.1	42.11	19	11	0	47	65	107	125	4.7	18.0
Seq8218_390_bp_-1_1_0	ENA|AAF79734|AAF79734.1	52.17	25	11	2	2	25	26	49	7.1	20.4
Seq8218_390_bp_-1_2_0	ENA|AAC08817|AAC08817.1	56.25	18	7	2	80	95	109	126	0.48	21.2
Seq8218_390_bp_-1_2_0	ENA|CAA36714|CAA36714.1	23.68	39	29	1	7	45	384	421	0.99	21.7
Seq8218_390_bp_-1_2_0	ENA|BAA36759|BAA36759.1	31.25	16	11	0	85	100	94	109	1.3	20.7
Seq8218_390_bp_-1_2_0	ENA|AAA72732|AAA72732.1	27.27	11	8	0	96	106	112	122	1.9	20.2
Seq8218_390_bp_-1_2_0	ENA|AAA32624|AAA32624.1	40.00	15	9	0	12	26	297	311	2.3	20.7
Seq8218_390_bp_-1_2_0	ENA|AAC17860|AAC17860.1	30.00	20	14	0	30	49	331	350	2.5	20.2
Seq8218_390_bp_-1_2_0	ENA|AAB03707|AAB03707.1	25.00	28	21	0	84	111	1297	1324	2.9	21.7
Seq8218_390_bp_-1_2_0	ENA|AAC40132|AAC40132.1	31.03	33	20	4	91	119	379	411	4.2	19.6
Seq8218_390_bp_-1_2_0	ENA|AAA42531|AAA42531.1	54.55	11	5	0	64	74	189	199	4.8	19.1
Seq8218_390_bp_-1_2_0	ENA|BAB79260|BAB79260.1	40.00	23	12	3	29	48	420	442	5.6	19.1
Seq8218_390_bp_-1_2_0	ENA|AAC26660|AAC26660.1	66.67	9	3	0	97	105	30	38	6.4	18.1
Seq8218_390_bp_-1_2_0	ENA|ABG75784|ABG75784.1	33.33	13	8	1	49	60	169	181	7.8	18.1
Seq8218_390_bp_-1_2_0	ENA|ACT10338|ACT10338.1	33.33	18	12	0	37	54	285	302	9.5	18.1
Seq8218_390_bp_-1_2_0	ENA|CAA26939|CAA26939.1	36.36	11	7	0	56	66	146	156	9.7	18.6
