Seq8091_272_bp_1_0_0	ENA|CAA73529|CAA73529.1	100.00	90	0	0	1	90	1	90	6.2e-55	200.5
Seq8091_272_bp_1_0_0	ENA|AAC40132|AAC40132.1	39.68	74	38	11	20	86	228	297	4.6e-08	45.6
Seq8091_272_bp_1_0_0	ENA|AAB66912|AAB66912.1	28.41	98	63	10	1	88	61	158	0.05	26.5
Seq8091_272_bp_1_0_0	ENA|AAB96524|AAB96524.1	33.33	42	26	3	23	61	122	163	0.23	22.0
Seq8091_272_bp_1_0_0	ENA|AAA36539|AAA36539.1	29.11	89	56	10	1	81	196	282	1.4	20.7
Seq8091_272_bp_1_0_0	ENA|BAA36759|BAA36759.1	34.78	23	15	0	60	82	31	53	1.7	19.7
Seq8091_272_bp_1_0_0	ENA|ABD49687|ABD49687.1	23.19	75	53	6	14	84	1178	1250	2.1	22.0
Seq8091_272_bp_1_0_0	ENA|BAA05866|BAA05866.1	32.26	32	21	1	51	82	44	74	2.2	19.4
Seq8091_272_bp_1_0_0	ENA|AAA24145|AAA24145.1	48.98	75	25	26	22	74	303	373	4.1	19.1
Seq8091_272_bp_1_0_0	ENA|AAF79734|AAF79734.1	72.73	11	3	0	60	70	172	182	4.2	20.7
Seq8091_272_bp_1_0_0	ENA|AAC26660|AAC26660.1	41.38	34	17	5	46	77	60	90	5.5	17.8
Seq8091_272_bp_1_0_0	ENA|CAA29968|CAA29968.1	47.06	18	9	1	11	28	168	184	8	16.8
Seq8091_272_bp_1_0_0	ENA|AAA72732|AAA72732.1	38.89	18	11	0	47	64	147	164	8.2	17.5
Seq8091_272_bp_1_0_0	ENA|BAA32991|BAA32991.1	50.00	8	4	0	63	70	52	59	8.6	15.2
Seq8091_272_bp_1_0_0	ENA|CAA28033|CAA28033.1	32.43	39	25	2	45	83	75	111	8.9	19.4
Seq8091_272_bp_1_0_0	ENA|AAS77176|AAS77176.1	33.33	31	20	1	40	69	5	35	9.4	17.1
Seq8091_272_bp_1_1_0	ENA|AAC49865|AAC49865.1	27.59	62	42	4	23	81	10	70	0.52	21.6
Seq8091_272_bp_1_1_0	ENA|BAA32991|BAA32991.1	27.27	36	24	3	12	47	5	37	0.73	18.9
Seq8091_272_bp_1_1_0	ENA|AAA18786|AAA18786.1	26.03	85	54	12	2	77	17	98	1.5	19.8
Seq8091_272_bp_1_1_0	ENA|AAA32624|AAA32624.1	27.27	33	24	0	14	46	449	481	2.3	20.1
Seq8091_272_bp_1_1_0	ENA|BAB17681|BAB17681.1	44.44	19	10	1	39	57	20	37	2.9	18.9
Seq8091_272_bp_1_1_0	ENA|ABD49687|ABD49687.1	40.62	35	19	3	46	78	293	326	4	21.0
Seq8091_272_bp_1_1_0	ENA|AAA25966|AAA25966.1	29.85	80	47	13	10	87	205	273	4.8	19.5
Seq8091_272_bp_1_1_0	ENA|AAF79734|AAF79734.1	28.00	81	54	6	1	80	136	211	5.1	20.4
Seq8091_272_bp_1_1_0	ENA|AAB03707|AAB03707.1	31.43	35	24	0	32	66	680	714	8.9	19.5
Seq8091_272_bp_1_2_0	ENA|ABD33854|ABD33854.1	34.29	38	23	3	45	82	26	60	0.0028	26.8
Seq8091_272_bp_1_2_0	ENA|CAA24711|CAA24711.1	28.85	58	37	6	5	60	22	75	0.2	22.1
Seq8091_272_bp_1_2_0	ENA|ABK71357|ABK71357.1	38.98	69	36	10	27	87	23	89	0.28	22.7
Seq8091_272_bp_1_2_0	ENA|BAA32956|BAA32956.1	34.48	29	19	0	56	84	173	201	0.47	21.2
Seq8091_272_bp_1_2_0	ENA|AAA32624|AAA32624.1	39.39	36	20	3	4	39	438	470	0.49	22.4
Seq8091_272_bp_1_2_0	ENA|AAB03707|AAB03707.1	41.30	54	27	8	9	54	1054	1107	0.54	23.7
Seq8091_272_bp_1_2_0	ENA|AAI27517|AAI27517.1	31.82	81	45	15	15	85	143	218	0.55	22.4
Seq8091_272_bp_1_2_0	ENA|AAR37016|AAR37016.1	44.44	40	20	4	7	42	312	351	0.91	23.7
Seq8091_272_bp_1_2_0	ENA|AAC97205|AAC97205.1	30.65	74	43	12	23	84	30	103	0.92	22.7
Seq8091_272_bp_1_2_0	ENA|CAD53387|CAD53387.1	36.54	55	33	3	2	55	443	495	1.4	20.8
Seq8091_272_bp_1_2_0	ENA|AAC49865|AAC49865.1	46.88	39	17	7	26	57	291	329	2.6	19.3
Seq8091_272_bp_1_2_0	ENA|BAA32991|BAA32991.1	27.78	18	13	0	16	33	3	20	3.1	16.8
Seq8091_272_bp_1_2_0	ENA|AAR31603|AAR31603.1	30.00	30	21	0	26	55	84	113	3.2	19.0
Seq8091_272_bp_1_2_0	ENA|AAA36539|AAA36539.1	22.22	27	21	0	55	81	69	95	3.8	19.3
Seq8091_272_bp_1_2_0	ENA|ACT10338|ACT10338.1	31.43	40	24	5	26	60	87	126	5.8	18.3
Seq8091_272_bp_1_2_0	ENA|CAA73529|CAA73529.1	31.82	48	30	4	33	80	9	52	7.7	17.4
Seq8091_272_bp_1_2_0	ENA|ABD49687|ABD49687.1	24.19	68	47	6	18	79	135	202	8.4	19.9
Seq8091_272_bp_1_2_0	ENA|AAB66912|AAB66912.1	31.37	59	35	8	36	90	358	412	8.7	19.0
Seq8091_272_bp_-1_0_0	ENA|AAF79734|AAF79734.1	30.00	62	42	2	1	62	956	1015	0.33	24.5
Seq8091_272_bp_-1_0_0	ENA|AAA25966|AAA25966.1	35.71	69	36	13	1	58	246	312	1.5	21.3
Seq8091_272_bp_-1_0_0	ENA|CAA36214|CAA36214.1	33.33	63	34	12	23	74	129	190	3.7	18.7
Seq8091_272_bp_-1_0_0	ENA|AAA18786|AAA18786.1	30.23	47	30	4	4	49	71	114	5.8	17.8
Seq8091_272_bp_-1_0_0	ENA|AAA24145|AAA24145.1	36.36	38	21	5	1	38	13	45	9.7	17.8
Seq8091_272_bp_-1_0_0	ENA|CAA36714|CAA36714.1	35.85	62	34	9	30	90	402	455	9.8	17.8
Seq8091_272_bp_-1_1_0	ENA|BAA32991|BAA32991.1	43.48	26	13	3	28	50	12	37	0.19	20.8
Seq8091_272_bp_-1_1_0	ENA|AAQ92751|AAQ92751.2	50.00	27	12	3	17	41	1201	1226	1	22.7
Seq8091_272_bp_-1_2_0	ENA|CAL82360|CAL82360.1	42.86	28	16	0	53	80	511	538	0.47	23.8
Seq8091_272_bp_-1_2_0	ENA|CAA73529|CAA73529.1	32.26	35	21	4	25	59	132	162	0.56	21.3
Seq8091_272_bp_-1_2_0	ENA|CAA26023|CAA26023.1	30.77	26	18	0	40	65	242	267	0.61	21.6
Seq8091_272_bp_-1_2_0	ENA|BAA32018|BAA32018.1	25.71	35	26	0	43	77	429	463	0.61	22.3
Seq8091_272_bp_-1_2_0	ENA|CAA36214|CAA36214.1	30.00	20	14	0	32	51	160	179	0.62	21.3
Seq8091_272_bp_-1_2_0	ENA|CAA36214|CAA36214.1	30.65	76	43	14	5	75	215	281	0.62	21.3
Seq8091_272_bp_-1_2_0	ENA|AAR31603|AAR31603.1	30.95	48	29	6	1	47	81	123	0.66	21.3
Seq8091_272_bp_-1_2_0	ENA|AAR31603|AAR31603.1	31.43	38	24	3	31	65	268	305	0.66	21.3
Seq8091_272_bp_-1_2_0	ENA|AAC97205|AAC97205.1	29.09	64	39	9	29	86	634	694	1.2	22.3
Seq8091_272_bp_-1_2_0	ENA|ABD49687|ABD49687.1	75.00	8	2	0	74	81	1475	1482	1.3	22.7
Seq8091_272_bp_-1_2_0	ENA|AAC17860|AAC17860.1	50.00	12	6	0	40	51	310	321	1.7	20.2
Seq8091_272_bp_-1_2_0	ENA|CAA43419|CAA43419.1	31.58	19	13	0	40	58	31	49	2	19.9
Seq8091_272_bp_-1_2_0	ENA|AAB26998|AAB26998.1	38.46	16	8	3	15	30	36	48	2.3	17.4
Seq8091_272_bp_-1_2_0	ENA|AAA36114|AAA36114.1	50.00	16	8	0	4	19	105	120	2.7	19.9
Seq8091_272_bp_-1_2_0	ENA|AAI27517|AAI27517.1	50.00	30	12	6	43	66	106	135	3.1	19.9
Seq8091_272_bp_-1_2_0	ENA|ABK71357|ABK71357.1	83.33	6	1	0	1	6	142	147	3.2	19.1
Seq8091_272_bp_-1_2_0	ENA|AAB96524|AAB96524.1	34.78	25	15	2	14	38	21	43	3.3	18.1
Seq8091_272_bp_-1_2_0	ENA|BAA05866|BAA05866.1	33.33	18	12	0	51	68	174	191	4.3	18.4
Seq8091_272_bp_-1_2_0	ENA|AAQ92751|AAQ92751.2	24.44	48	34	3	29	75	1201	1246	4.4	20.6
Seq8091_272_bp_-1_2_0	ENA|AAC26660|AAC26660.1	33.33	22	14	1	41	61	109	130	4.6	18.1
Seq8091_272_bp_-1_2_0	ENA|CAA26939|CAA26939.1	17.54	62	47	5	30	86	2	63	4.9	19.1
Seq8091_272_bp_-1_2_0	ENA|BAB17681|BAB17681.1	28.00	26	18	1	9	34	168	192	4.9	18.1
Seq8091_272_bp_-1_2_0	ENA|ABN10845|ABN10845.1	30.91	63	38	8	19	79	99	155	4.9	17.7
Seq8091_272_bp_-1_2_0	ENA|AAS77176|AAS77176.1	34.78	51	30	5	22	70	32	79	5.1	18.1
Seq8091_272_bp_-1_2_0	ENA|AAA32624|AAA32624.1	27.59	31	21	2	50	80	222	250	5.7	18.8
Seq8091_272_bp_-1_2_0	ENA|BAA32956|BAA32956.1	42.86	16	8	2	31	46	15	28	6	17.4
Seq8091_272_bp_-1_2_0	ENA|CAA28033|CAA28033.1	22.86	37	27	2	7	43	503	537	6.7	19.9
Seq8091_272_bp_-1_2_0	ENA|AAR37016|AAR37016.1	37.50	35	20	3	29	61	1749	1782	7.3	20.6
Seq8091_272_bp_-1_2_0	ENA|AAA25966|AAA25966.1	22.22	18	14	0	12	29	330	347	7.7	18.8
Seq8091_272_bp_-1_2_0	ENA|CAA45199|CAA45199.1	29.27	47	29	6	20	66	360	400	8.1	18.1
Seq8091_272_bp_-1_2_0	ENA|CAA29956|CAA29956.1	29.41	35	24	1	27	60	290	324	8.3	17.7
Seq8091_272_bp_-1_2_0	ENA|CAA45708|CAA45708.1	40.91	24	13	2	29	52	422	443	9.7	19.5
Seq8091_272_bp_-1_2_0	ENA|AAA24145|AAA24145.1	28.57	28	20	0	22	49	98	125	10	17.7
