Seq1026_61_bp_1_0_0	ENA|AAC49865|AAC49865.1	100.00	20	0	0	1	20	201	220	2.5e-11	53.8
Seq1026_61_bp_1_0_0	ENA|AAA36539|AAA36539.1	41.67	12	7	0	7	18	336	347	1.2	18.7
Seq1026_61_bp_1_0_0	ENA|BAA36759|BAA36759.1	37.50	16	10	0	2	17	28	43	2.3	17.1
Seq1026_61_bp_1_0_0	ENA|BAA32956|BAA32956.1	60.00	10	4	0	9	18	8	17	3	16.2
Seq1026_61_bp_1_0_0	ENA|AAC17860|AAC17860.1	50.00	10	5	0	7	16	383	392	5.8	16.2
Seq1026_61_bp_1_0_0	ENA|CAA45199|CAA45199.1	40.00	15	9	0	4	18	393	407	6.5	16.2
Seq1026_61_bp_1_0_0	ENA|CCP43727|CCP43727.1	41.67	12	7	0	3	14	320	331	8	15.4
Seq1026_61_bp_1_0_0	ENA|ABK71357|ABK71357.1	66.67	6	2	0	4	9	252	257	9	15.4
Seq1026_61_bp_1_0_0	ENA|CAA29956|CAA29956.1	28.57	14	10	0	7	20	170	183	9.1	15.4
Seq1026_61_bp_1_0_0	ENA|AAC78721|AAC78721.1	38.46	13	8	0	1	13	536	548	9.1	16.2
Seq1026_61_bp_1_1_0	ENA|CAA45199|CAA45199.1	43.75	16	9	0	5	20	95	110	0.16	21.7
Seq1026_61_bp_1_1_0	ENA|AAA25966|AAA25966.1	38.46	13	8	0	1	13	84	96	0.63	20.3
Seq1026_61_bp_1_1_0	ENA|AAI27517|AAI27517.1	38.46	13	8	0	5	17	508	520	0.69	19.9
Seq1026_61_bp_1_1_0	ENA|AAC26660|AAC26660.1	50.00	13	5	3	9	18	217	229	1.4	17.7
Seq1026_61_bp_1_1_0	ENA|CAA73529|CAA73529.1	36.36	11	7	0	1	11	201	211	2.7	16.8
Seq1026_61_bp_1_1_0	ENA|AAR31603|AAR31603.1	44.44	9	5	0	7	15	150	158	3.2	16.8
Seq1026_61_bp_1_1_0	ENA|AAA24145|AAA24145.1	40.00	15	9	0	6	20	63	77	3.3	17.3
Seq1026_61_bp_1_1_0	ENA|AAC40132|AAC40132.1	100.00	4	0	0	8	11	421	424	4.5	16.8
Seq1026_61_bp_1_1_0	ENA|CAA11507|CAA11507.1	66.67	6	2	0	4	9	690	695	5.2	18.1
Seq1026_61_bp_1_1_0	ENA|AAC97205|AAC97205.1	50.00	8	4	0	9	16	260	267	6.3	17.7
Seq1026_61_bp_1_1_0	ENA|CAA26023|CAA26023.1	42.86	7	4	0	4	10	159	165	6.6	15.9
Seq1026_61_bp_1_1_0	ENA|AAA42531|AAA42531.1	25.00	12	9	0	9	20	125	136	6.7	15.9
Seq1026_61_bp_1_1_0	ENA|AAC17860|AAC17860.1	44.44	9	5	0	4	12	94	102	7	15.9
Seq1026_61_bp_1_1_0	ENA|CAA26939|CAA26939.1	50.00	6	3	0	13	18	41	46	7.2	16.4
Seq1026_61_bp_1_1_0	ENA|AAC49865|AAC49865.1	33.33	9	6	0	5	13	118	126	7.6	15.5
Seq1026_61_bp_1_1_0	ENA|AAB96524|AAB96524.1	25.00	18	12	2	3	20	162	177	7.9	14.6
Seq1026_61_bp_1_1_0	ENA|AAC78721|AAC78721.1	44.44	9	5	0	6	14	258	266	8.4	16.4
Seq1026_61_bp_1_2_0	ENA|AAC78721|AAC78721.1	66.67	6	2	0	3	8	295	300	0.55	19.4
Seq1026_61_bp_1_2_0	ENA|AAA42531|AAA42531.1	44.44	9	5	0	2	10	354	362	0.7	18.3
Seq1026_61_bp_1_2_0	ENA|CAA11507|CAA11507.1	80.00	5	1	0	2	6	419	423	0.75	20.0
Seq1026_61_bp_1_2_0	ENA|AAC26660|AAC26660.1	37.50	8	5	0	3	10	52	59	1	17.1
Seq1026_61_bp_1_2_0	ENA|CAA26023|CAA26023.1	50.00	8	4	0	2	9	250	257	1	17.7
Seq1026_61_bp_1_2_0	ENA|CAL82360|CAL82360.1	62.50	8	3	0	3	10	1046	1053	1.5	18.8
Seq1026_61_bp_1_2_0	ENA|CAA28033|CAA28033.1	57.14	7	3	0	4	10	935	941	1.6	18.8
Seq1026_61_bp_1_2_0	ENA|AAB03707|AAB03707.1	50.00	8	4	0	2	9	132	139	1.7	18.8
Seq1026_61_bp_1_2_0	ENA|BAA36759|BAA36759.1	60.00	5	2	0	6	10	9	13	1.7	16.5
Seq1026_61_bp_1_2_0	ENA|CAD53387|CAD53387.1	75.00	4	1	0	5	8	31	34	2	17.1
Seq1026_61_bp_1_2_0	ENA|ACT10338|ACT10338.1	66.67	6	2	0	4	9	199	204	2.3	16.5
Seq1026_61_bp_1_2_0	ENA|CAA73529|CAA73529.1	30.00	10	7	0	1	10	4	13	2.4	16.0
Seq1026_61_bp_1_2_0	ENA|AAC40132|AAC40132.1	57.14	7	3	0	2	8	94	100	2.8	16.5
Seq1026_61_bp_1_2_0	ENA|AAC97205|AAC97205.1	50.00	6	3	0	4	9	493	498	3.3	17.7
Seq1026_61_bp_1_2_0	ENA|ABK71357|ABK71357.1	40.00	5	3	0	4	8	58	62	4.7	15.4
Seq1026_61_bp_1_2_0	ENA|CAA29968|CAA29968.1	100.00	3	0	0	7	9	88	90	5.5	14.2
Seq1026_61_bp_1_2_0	ENA|ABG75784|ABG75784.1	20.00	10	8	0	1	10	203	212	5.9	14.8
Seq1026_61_bp_1_2_0	ENA|AAC49865|AAC49865.1	66.67	12	3	3	1	9	302	313	6.2	14.8
Seq1026_61_bp_1_2_0	ENA|ABD49687|ABD49687.1	37.50	8	5	0	3	10	668	675	6.5	17.1
Seq1026_61_bp_1_2_0	ENA|AAA18786|AAA18786.1	33.33	6	4	0	2	7	179	184	7.4	14.2
Seq1026_61_bp_1_2_0	ENA|ABD33854|ABD33854.1	42.86	7	4	0	2	8	45	51	8.5	12.0
Seq1026_61_bp_1_2_0	ENA|BAA32956|BAA32956.1	75.00	4	1	0	5	8	76	79	8.5	13.7
Seq1026_61_bp_1_2_0	ENA|CAA45199|CAA45199.1	28.57	7	5	0	2	8	204	210	8.6	14.8
Seq1026_61_bp_1_2_0	ENA|AAA32624|AAA32624.1	50.00	6	3	0	3	8	251	256	9.5	14.8
Seq1026_61_bp_-1_0_0	ENA|AAC49865|AAC49865.1	41.67	12	7	0	9	20	40	51	0.017	24.4
Seq1026_61_bp_-1_0_0	ENA|AAR37016|AAR37016.1	83.33	6	1	0	11	16	1607	1612	0.95	21.4
Seq1026_61_bp_-1_0_0	ENA|BAB79260|BAB79260.1	46.15	16	7	3	5	20	387	399	1	18.9
Seq1026_61_bp_-1_0_0	ENA|AAA25966|AAA25966.1	42.86	14	8	0	5	18	235	248	1.2	19.4
Seq1026_61_bp_-1_0_0	ENA|CAA36714|CAA36714.1	50.00	10	5	0	7	16	424	433	1.5	18.4
Seq1026_61_bp_-1_0_0	ENA|AAB66912|AAB66912.1	30.00	10	7	0	4	13	224	233	1.5	19.4
Seq1026_61_bp_-1_0_0	ENA|ABN10845|ABN10845.1	45.45	11	6	0	10	20	51	61	1.9	16.9
Seq1026_61_bp_-1_0_0	ENA|CAA28033|CAA28033.1	35.71	14	9	0	5	18	33	46	2.1	19.4
Seq1026_61_bp_-1_0_0	ENA|CCP43727|CCP43727.1	23.08	13	10	0	8	20	267	279	2.1	17.4
Seq1026_61_bp_-1_0_0	ENA|AAR31603|AAR31603.1	45.45	11	6	0	9	19	126	136	2.1	17.4
Seq1026_61_bp_-1_0_0	ENA|AAA32624|AAA32624.1	45.45	13	6	2	4	16	293	303	2.3	17.9
Seq1026_61_bp_-1_0_0	ENA|CAA26023|CAA26023.1	80.00	5	1	0	14	18	171	175	2.4	17.4
Seq1026_61_bp_-1_0_0	ENA|ACT10338|ACT10338.1	45.45	11	6	0	8	18	295	305	2.4	17.4
Seq1026_61_bp_-1_0_0	ENA|AAC26660|AAC26660.1	25.00	8	6	0	5	12	17	24	3.2	16.4
Seq1026_61_bp_-1_0_0	ENA|CAA26939|CAA26939.1	66.67	6	2	0	12	17	470	475	3.6	17.4
Seq1026_61_bp_-1_0_0	ENA|AAA36539|AAA36539.1	28.57	7	5	0	10	16	407	413	4.2	16.9
Seq1026_61_bp_-1_0_0	ENA|AAB96524|AAB96524.1	44.44	9	5	0	8	16	93	101	4.6	15.5
Seq1026_61_bp_-1_0_0	ENA|CAA29956|CAA29956.1	50.00	8	4	0	13	20	289	296	4.6	16.4
Seq1026_61_bp_-1_0_0	ENA|AAA18786|AAA18786.1	66.67	6	2	0	14	19	87	92	4.6	15.9
Seq1026_61_bp_-1_0_0	ENA|CAA45708|CAA45708.1	70.00	12	3	2	5	14	1510	1521	4.7	18.4
Seq1026_61_bp_-1_0_0	ENA|ABD49687|ABD49687.1	33.33	12	8	0	1	12	1379	1390	5.3	18.4
Seq1026_61_bp_-1_0_0	ENA|CAL82360|CAL82360.1	33.33	12	8	0	4	15	1251	1262	5.6	17.9
Seq1026_61_bp_-1_0_0	ENA|AAS77176|AAS77176.1	25.00	12	9	0	8	19	140	151	6.9	15.5
Seq1026_61_bp_-1_0_0	ENA|BAA32956|BAA32956.1	37.50	8	5	0	13	20	25	32	7.1	15.0
Seq1026_61_bp_-1_0_0	ENA|AAB26998|AAB26998.1	30.77	13	9	0	1	13	10	22	7.5	13.5
Seq1026_61_bp_-1_0_0	ENA|BAA32991|BAA32991.1	33.33	9	6	0	4	12	1	9	9.1	13.0
Seq1026_61_bp_-1_1_0	ENA|BAB17681|BAB17681.1	80.00	5	1	0	7	11	174	178	0.82	17.8
Seq1026_61_bp_-1_1_0	ENA|ACH70901|ACH70901.1	33.33	6	4	0	7	12	143	148	6.4	15.2
Seq1026_61_bp_-1_1_0	ENA|CAA45199|CAA45199.1	44.44	9	5	0	4	12	443	451	8.2	15.2
Seq1026_61_bp_-1_2_0	ENA|AAR37016|AAR37016.1	46.15	13	7	0	5	17	53	65	0.1	24.6
Seq1026_61_bp_-1_2_0	ENA|AAC08817|AAC08817.1	35.71	14	9	0	1	14	107	120	0.38	18.8
Seq1026_61_bp_-1_2_0	ENA|AAA18786|AAA18786.1	44.44	9	5	0	7	15	125	133	1.2	17.9
Seq1026_61_bp_-1_2_0	ENA|BAA05866|BAA05866.1	36.36	11	7	0	9	19	214	224	1.4	17.9
Seq1026_61_bp_-1_2_0	ENA|BAA32991|BAA32991.1	45.45	11	6	0	6	16	20	30	2	15.2
Seq1026_61_bp_-1_2_0	ENA|BAB17681|BAB17681.1	30.00	10	7	0	4	13	67	76	2.3	17.0
Seq1026_61_bp_-1_2_0	ENA|CAA36214|CAA36214.1	50.00	8	4	0	11	18	229	236	2.5	17.0
Seq1026_61_bp_-1_2_0	ENA|BAA32018|BAA32018.1	27.78	18	13	0	1	18	471	488	2.8	17.9
Seq1026_61_bp_-1_2_0	ENA|CAB75732|CAB75732.1	37.50	16	10	0	2	17	329	344	3.7	18.3
Seq1026_61_bp_-1_2_0	ENA|AAC40132|AAC40132.1	53.33	17	7	2	2	16	433	449	3.9	17.0
Seq1026_61_bp_-1_2_0	ENA|AAA36539|AAA36539.1	41.67	12	7	0	5	16	42	53	3.9	17.0
Seq1026_61_bp_-1_2_0	ENA|AAC17860|AAC17860.1	50.00	17	8	1	1	16	67	83	4.5	16.5
Seq1026_61_bp_-1_2_0	ENA|AAA72732|AAA72732.1	38.46	13	8	0	4	16	93	105	4.7	16.1
Seq1026_61_bp_-1_2_0	ENA|AAB96524|AAB96524.1	36.36	11	7	0	2	12	81	91	5.2	15.2
Seq1026_61_bp_-1_2_0	ENA|CAA29968|CAA29968.1	37.50	17	10	1	4	19	100	116	5.4	15.2
Seq1026_61_bp_-1_2_0	ENA|AAC78721|AAC78721.1	42.86	7	4	0	4	10	184	190	7.3	16.5
Seq1026_61_bp_-1_2_0	ENA|AAB26998|AAB26998.1	50.00	8	4	0	10	17	26	33	9.9	12.9
