Seq10018_105_bp_1_0_0	ENA|BAA32991|BAA32991.1	62.50	8	3	0	10	17	59	66	0.82	16.9
Seq10018_105_bp_1_0_0	ENA|AAC97205|AAC97205.1	29.17	24	17	0	2	25	862	885	3.8	18.8
Seq10018_105_bp_1_0_0	ENA|AAQ92751|AAQ92751.2	25.00	20	15	0	4	23	1203	1222	6.5	18.2
Seq10018_105_bp_1_1_0	ENA|CAA29968|CAA29968.1	23.08	26	20	0	6	31	30	55	0.8	18.7
Seq10018_105_bp_1_1_0	ENA|AAA42531|AAA42531.1	30.43	23	16	0	4	26	277	299	1.6	18.7
Seq10018_105_bp_1_1_0	ENA|AAC97205|AAC97205.1	29.63	27	19	0	1	27	442	468	1.8	20.2
Seq10018_105_bp_1_1_0	ENA|CAL82360|CAL82360.1	38.10	21	13	0	6	26	99	119	3.1	19.4
Seq10018_105_bp_1_1_0	ENA|CAA28033|CAA28033.1	24.14	29	22	0	1	29	495	523	4.1	19.1
Seq10018_105_bp_1_1_0	ENA|BAA05866|BAA05866.1	40.00	35	18	5	1	31	198	231	4.3	16.9
Seq10018_105_bp_1_1_0	ENA|AAA25966|AAA25966.1	50.00	17	8	1	7	22	512	528	4.8	18.0
Seq10018_105_bp_1_1_0	ENA|AAA72732|AAA72732.1	25.00	16	12	0	15	30	200	215	5.6	16.5
Seq10018_105_bp_1_1_0	ENA|ABD33854|ABD33854.1	22.22	18	14	0	14	31	5	22	6.6	14.0
Seq10018_105_bp_1_1_0	ENA|EDO47375|EDO47375.1	38.89	18	11	0	13	30	27	44	7.1	15.4
Seq10018_105_bp_1_1_0	ENA|AAR31603|AAR31603.1	32.00	27	17	2	5	31	303	327	7.4	16.2
Seq10018_105_bp_1_1_0	ENA|ABN10845|ABN10845.1	37.50	16	10	0	14	29	128	143	8.1	15.4
Seq10018_105_bp_1_1_0	ENA|CAA26023|CAA26023.1	31.58	19	13	0	4	22	95	113	8.5	16.2
Seq10018_105_bp_1_1_0	ENA|BAA32956|BAA32956.1	42.11	20	11	1	12	31	127	145	9.9	15.1
Seq10018_105_bp_1_2_0	ENA|AAA25966|AAA25966.1	22.73	22	17	0	2	23	303	324	0.17	22.5
Seq10018_105_bp_1_2_0	ENA|EDO47375|EDO47375.1	15.79	19	16	0	4	22	111	129	1.3	17.6
Seq10018_105_bp_1_2_0	ENA|BAA32018|BAA32018.1	46.67	15	8	0	7	21	422	436	1.3	19.4
Seq10018_105_bp_1_2_0	ENA|CAA73529|CAA73529.1	60.00	10	4	0	8	17	57	66	3.7	16.6
Seq10018_105_bp_1_2_0	ENA|AAQ92751|AAQ92751.2	46.67	17	8	2	8	24	770	784	4.4	18.7
Seq10018_105_bp_1_2_0	ENA|BAA36759|BAA36759.1	26.09	24	17	1	2	24	140	163	6.1	15.9
Seq10018_105_bp_1_2_0	ENA|CAA36714|CAA36714.1	54.55	13	5	2	13	23	423	435	6.1	16.6
Seq10018_105_bp_1_2_0	ENA|CAA26023|CAA26023.1	42.11	22	11	3	5	23	68	89	8	15.9
Seq10018_105_bp_1_2_0	ENA|AAA72732|AAA72732.1	40.00	22	12	2	1	20	68	89	8.2	15.6
Seq10018_105_bp_1_2_0	ENA|ABD49687|ABD49687.1	33.33	22	14	1	3	24	25	45	8.4	18.0
Seq10018_105_bp_1_2_0	ENA|AAR37016|AAR37016.1	33.33	18	12	0	2	19	1397	1414	9.1	18.3
Seq10018_105_bp_1_2_0	ENA|ABN10845|ABN10845.1	20.00	22	16	2	5	24	89	110	9.1	14.9
Seq10018_105_bp_-1_0_0	ENA|ABK71357|ABK71357.1	42.86	22	12	1	5	25	333	354	0.73	19.5
Seq10018_105_bp_-1_0_0	ENA|CAA24711|CAA24711.1	29.41	18	12	1	7	24	7	23	1.3	17.6
Seq10018_105_bp_-1_0_0	ENA|ACH70901|ACH70901.1	71.43	7	2	0	20	26	100	106	1.6	18.4
Seq10018_105_bp_-1_0_0	ENA|BAA32018|BAA32018.1	33.33	21	14	0	6	26	576	596	1.6	19.2
Seq10018_105_bp_-1_0_0	ENA|AAS77176|AAS77176.1	21.05	19	15	0	6	24	41	59	1.6	18.0
Seq10018_105_bp_-1_0_0	ENA|CAA11507|CAA11507.1	33.33	25	16	1	2	25	844	868	2	19.9
Seq10018_105_bp_-1_0_0	ENA|AAC26660|AAC26660.1	31.82	23	15	1	2	23	164	186	3.1	16.9
Seq10018_105_bp_-1_0_0	ENA|AAC17860|AAC17860.1	34.78	23	15	0	2	24	189	211	3.8	17.2
Seq10018_105_bp_-1_0_0	ENA|BAB79260|BAB79260.1	23.08	26	20	0	1	26	373	398	4.2	17.2
Seq10018_105_bp_-1_0_0	ENA|AAB66912|AAB66912.1	33.33	25	14	4	6	26	214	238	5.1	18.0
Seq10018_105_bp_-1_0_0	ENA|AAC97205|AAC97205.1	17.65	17	14	0	7	23	1201	1217	5.2	18.4
Seq10018_105_bp_-1_0_0	ENA|BAA32956|BAA32956.1	33.33	18	12	0	4	21	191	208	5.6	15.7
Seq10018_105_bp_-1_0_0	ENA|CAA29956|CAA29956.1	38.89	19	11	1	6	24	268	285	5.9	16.5
Seq10018_105_bp_-1_0_0	ENA|ACT10338|ACT10338.1	23.81	21	16	0	5	25	352	372	6.1	16.5
Seq10018_105_bp_-1_0_0	ENA|ABD33854|ABD33854.1	35.29	17	11	0	3	19	12	28	6.3	13.8
Seq10018_105_bp_-1_0_0	ENA|AAA25966|AAA25966.1	50.00	16	8	0	9	24	108	123	6.6	17.2
Seq10018_105_bp_-1_0_0	ENA|CAA26939|CAA26939.1	28.57	14	10	0	10	23	432	445	6.8	16.9
Seq10018_105_bp_-1_0_0	ENA|CCP43727|CCP43727.1	32.00	30	17	5	2	26	110	139	8.5	15.7
Seq10018_105_bp_-1_0_0	ENA|AAC08817|AAC08817.1	33.33	15	10	0	7	21	40	54	9	14.6
Seq10018_105_bp_-1_0_0	ENA|CAD53387|CAD53387.1	37.50	16	10	0	2	17	460	475	9.8	16.1
Seq10018_105_bp_-1_1_0	ENA|AAF79734|AAF79734.1	38.89	18	11	0	1	18	1290	1307	0.69	21.8
Seq10018_105_bp_-1_1_0	ENA|CAA29956|CAA29956.1	29.63	28	19	1	1	27	340	367	2.1	18.3
Seq10018_105_bp_-1_1_0	ENA|AAC17860|AAC17860.1	58.33	12	5	0	18	29	323	334	3	17.9
Seq10018_105_bp_-1_1_0	ENA|CAA73529|CAA73529.1	20.83	24	19	0	3	26	10	33	3.4	17.1
Seq10018_105_bp_-1_1_0	ENA|BAA36759|BAA36759.1	38.10	21	13	0	5	25	233	253	4.7	16.7
Seq10018_105_bp_-1_1_0	ENA|ACT10338|ACT10338.1	32.00	27	17	2	1	26	243	268	4.8	17.1
Seq10018_105_bp_-1_1_0	ENA|AAA72732|AAA72732.1	46.67	15	8	0	2	16	176	190	5	16.7
Seq10018_105_bp_-1_1_0	ENA|AAA24145|AAA24145.1	53.85	13	6	0	18	30	62	74	5.6	17.1
Seq10018_105_bp_-1_1_0	ENA|AAB03707|AAB03707.1	33.33	27	18	0	5	31	1091	1117	7.3	18.3
Seq10018_105_bp_-1_1_0	ENA|AAA36539|AAA36539.1	28.00	26	18	1	2	27	239	263	7.5	16.7
Seq10018_105_bp_-1_1_0	ENA|CAA26939|CAA26939.1	45.45	11	6	0	1	11	489	499	8.9	16.7
Seq10018_105_bp_-1_1_0	ENA|AAI27517|AAI27517.1	29.41	17	12	0	2	18	269	285	9.1	16.7
Seq10018_105_bp_-1_1_0	ENA|ABN10845|ABN10845.1	23.33	30	23	0	1	30	180	209	9.9	15.1
Seq10018_105_bp_-1_2_0	ENA|ABK71357|ABK71357.1	32.14	29	19	1	6	34	326	353	0.023	24.9
Seq10018_105_bp_-1_2_0	ENA|AAA36114|AAA36114.1	33.33	19	12	1	9	26	89	107	0.25	21.9
Seq10018_105_bp_-1_2_0	ENA|AAI27517|AAI27517.1	44.44	18	10	0	15	32	211	228	0.29	21.9
Seq10018_105_bp_-1_2_0	ENA|AAC97205|AAC97205.1	30.00	31	21	1	4	34	3	32	0.36	22.7
Seq10018_105_bp_-1_2_0	ENA|AAC97205|AAC97205.1	33.33	21	14	0	6	26	1032	1052	0.77	21.6
Seq10018_105_bp_-1_2_0	ENA|BAA32956|BAA32956.1	50.00	12	6	0	14	25	183	194	0.62	19.3
Seq10018_105_bp_-1_2_0	ENA|CAA24711|CAA24711.1	37.50	26	15	2	11	34	19	44	1.4	17.8
Seq10018_105_bp_-1_2_0	ENA|CAA73529|CAA73529.1	54.55	11	5	0	4	14	192	202	1.7	18.2
Seq10018_105_bp_-1_2_0	ENA|AAA25966|AAA25966.1	40.00	23	12	3	3	22	355	377	2.1	19.3
Seq10018_105_bp_-1_2_0	ENA|AAR37016|AAR37016.1	29.03	32	22	1	3	34	300	330	4	20.1
Seq10018_105_bp_-1_2_0	ENA|AAB96524|AAB96524.1	35.00	20	13	0	8	27	97	116	4.2	16.3
Seq10018_105_bp_-1_2_0	ENA|AAC08817|AAC08817.1	50.00	16	7	2	14	27	38	53	5.9	15.6
Seq10018_105_bp_-1_2_0	ENA|AAA18786|AAA18786.1	30.30	40	23	7	2	34	93	132	6	16.3
Seq10018_105_bp_-1_2_0	ENA|AAA24145|AAA24145.1	41.67	12	7	0	19	30	213	224	6.1	17.1
Seq10018_105_bp_-1_2_0	ENA|CAA29956|CAA29956.1	33.33	24	16	0	7	30	225	248	6.4	16.7
Seq10018_105_bp_-1_2_0	ENA|AAA72732|AAA72732.1	25.00	32	24	0	2	33	125	156	6.9	16.3
Seq10018_105_bp_-1_2_0	ENA|CAA26939|CAA26939.1	38.89	18	11	0	17	34	268	285	7.5	17.1
