Seq10027_879_bp_1_0_0	AAX12058.1	55.56	9	4	0	3	11	240	248	0.5	18.8
Seq10027_879_bp_1_0_0	ABD49687.1	46.67	15	8	0	1	15	611	625	0.59	21.2
Seq10027_879_bp_1_0_0	BAA32018.1	60.00	10	4	0	4	13	453	462	1.1	18.8
Seq10027_879_bp_1_0_0	EDO47375.1	71.43	7	2	0	3	9	166	172	1.2	17.0
Seq10027_879_bp_1_0_0	AAI27517.1	55.56	9	4	0	6	14	421	429	1.6	18.2
Seq10027_879_bp_1_0_0	AAB26998.1	75.00	4	1	0	8	11	27	30	2.6	14.6
Seq10027_879_bp_1_0_0	AAR31603.1	55.56	9	4	0	7	15	65	73	3.1	16.4
Seq10027_879_bp_1_0_0	CAA04196.1	80.00	5	1	0	10	14	45	49	3.9	16.4
Seq10027_879_bp_1_0_0	AAA23282.1	55.56	9	4	0	3	11	270	278	5.2	16.4
Seq10027_879_bp_1_0_0	AAA26915.1	57.14	7	3	0	1	7	22	28	6.4	15.8
Seq10027_879_bp_1_0_0	AAA25966.1	75.00	4	1	0	9	12	153	156	6.6	16.4
Seq10027_879_bp_1_0_0	AAA42531.1	50.00	8	4	0	8	15	306	313	8	15.2
Seq10027_879_bp_1_0_0	AAB03707.1	80.00	5	1	0	4	8	705	709	8.1	17.0
Seq10027_879_bp_1_0_0	ABL74574.1	62.50	8	3	0	6	13	193	200	8.9	14.6
Seq10027_879_bp_1_0_1	AAA36565.1	46.15	13	7	0	2	14	58	70	1.1	17.0
Seq10027_879_bp_1_0_1	ABK71357.1	57.14	7	3	0	9	15	211	217	1.6	17.6
Seq10027_879_bp_1_0_1	ACT10338.1	66.67	6	2	0	4	9	50	55	2.5	17.0
Seq10027_879_bp_1_0_1	CAA73529.1	66.67	6	2	0	1	6	160	165	2.7	16.4
Seq10027_879_bp_1_0_1	AAR37016.1	62.50	8	3	0	5	12	986	993	4.2	18.8
Seq10027_879_bp_1_0_1	CAA45199.1	83.33	6	1	0	3	8	72	77	4.6	16.4
Seq10027_879_bp_1_0_1	ABG75784.1	50.00	8	4	0	7	14	125	132	4.6	15.8
Seq10027_879_bp_1_0_1	ABN10845.1	57.14	7	3	0	5	11	175	181	4.9	15.2
Seq10027_879_bp_1_0_1	AAX12058.1	40.00	10	6	0	2	11	174	183	6.1	15.2
Seq10027_879_bp_1_0_1	EDO47375.1	66.67	6	2	0	3	8	91	96	6.4	14.5
Seq10027_879_bp_1_0_1	AAH69556.1	100.00	4	0	0	10	13	271	274	6.8	15.2
Seq10027_879_bp_1_0_1	AAB03707.1	60.00	10	4	0	5	14	928	937	8.4	17.0
Seq10027_879_bp_1_0_1	AAI27517.1	38.46	13	8	0	3	15	289	301	8.4	15.8
Seq10027_879_bp_1_0_1	BAA32018.1	66.67	6	2	0	1	6	621	626	8.9	15.8
Seq10027_879_bp_1_0_2	AAC08817.1	50.00	12	6	0	4	15	8	19	0.73	17.7
Seq10027_879_bp_1_0_2	AAA72732.1	66.67	6	2	0	4	9	225	230	2.1	17.1
Seq10027_879_bp_1_0_2	AAB96524.1	46.15	13	7	0	2	14	7	19	4.2	15.3
Seq10027_879_bp_1_0_2	AAB64315.2	60.00	11	4	1	7	16	152	162	4.9	15.9
Seq10027_879_bp_1_0_2	AAC78721.1	50.00	8	4	0	5	12	650	657	6.5	16.5
Seq10027_879_bp_1_0_2	AAA26915.1	42.86	7	4	0	1	7	275	281	10	15.3
Seq10027_879_bp_1_0_3	ACT10338.1	100.00	5	0	0	10	14	324	328	0.88	18.5
Seq10027_879_bp_1_0_3	AEE27845.1	83.33	6	1	0	6	11	779	784	2.1	19.1
Seq10027_879_bp_1_0_3	ABG75784.1	50.00	8	4	0	5	12	172	179	3.1	16.4
Seq10027_879_bp_1_0_3	BAA32018.1	83.33	6	1	0	9	14	413	418	4.2	16.9
Seq10027_879_bp_1_0_3	AAA32376.1	80.00	5	1	0	8	12	142	146	5.1	14.8
Seq10027_879_bp_1_0_3	AAC78721.1	80.00	5	1	0	8	12	403	407	6.4	16.4
Seq10027_879_bp_1_0_3	AII71783.1	33.33	9	6	0	2	10	86	94	8.8	14.8
Seq10027_879_bp_1_0_3	AAA26915.1	100.00	4	0	0	4	7	317	320	9.2	15.3
Seq10027_879_bp_1_0_3	AAX84812.1	80.00	5	1	0	4	8	173	177	9.6	14.2
Seq10027_879_bp_1_1_0	AAA23282.1	70.00	11	3	1	6	16	420	429	0.7	19.5
Seq10027_879_bp_1_1_0	AAH69556.1	80.00	5	1	0	11	15	71	75	0.87	18.3
Seq10027_879_bp_1_1_0	ABK71357.1	83.33	6	1	0	1	6	311	316	1.1	18.3
Seq10027_879_bp_1_1_0	EDO47375.1	60.00	5	2	0	8	12	36	40	1.9	16.4
Seq10027_879_bp_1_1_0	BAB17681.1	57.14	7	3	0	6	12	72	78	2.8	16.4
Seq10027_879_bp_1_1_0	BAB70780.1	57.14	7	3	0	9	15	483	489	4.8	16.4
Seq10027_879_bp_1_1_0	AAR31603.1	36.36	11	7	0	2	12	129	139	5	15.8
Seq10027_879_bp_1_1_0	AAA45888.1	50.00	6	3	0	3	8	108	113	5.8	15.8
Seq10027_879_bp_1_1_0	AIR13712.1	80.00	5	1	0	5	9	273	277	7.5	15.2
Seq10027_879_bp_1_1_0	ABN10845.1	40.00	10	6	0	2	11	190	199	7.6	14.6
Seq10027_879_bp_1_1_0	AAC08817.1	57.14	7	3	0	10	16	3	9	8.7	14.0
Seq10027_879_bp_1_1_1	AAB64315.2	52.94	17	8	0	6	22	100	116	0.21	21.7
Seq10027_879_bp_1_1_1	AAA65607.1	54.55	11	5	0	2	12	195	205	1.6	19.0
Seq10027_879_bp_1_1_1	ABK71357.1	41.18	17	10	0	22	38	125	141	2.2	18.5
Seq10027_879_bp_1_1_1	AAF01122.1	75.00	8	2	0	11	18	130	137	4	17.6
Seq10027_879_bp_1_1_1	AAQ92751.2	75.00	8	2	0	11	18	1276	1283	4.2	19.4
Seq10027_879_bp_1_1_1	AAA26915.1	60.00	10	4	0	30	39	104	113	6.7	17.2
Seq10027_879_bp_1_1_1	BAB79260.1	50.00	16	8	0	9	24	38	53	8.8	16.7
Seq10027_879_bp_1_1_1	CAA45199.1	50.00	10	5	0	13	22	50	59	9.1	16.7
Seq10027_879_bp_1_2_0	BAB70780.1	31.82	22	15	0	15	36	133	154	1.4	19.6
Seq10027_879_bp_1_2_0	AAB03707.1	83.33	6	1	0	35	40	689	694	2.1	20.6
Seq10027_879_bp_1_2_0	AAB26998.1	57.14	7	3	0	2	8	41	47	2.4	16.2
Seq10027_879_bp_1_2_0	AIR13712.1	46.15	13	7	0	29	41	62	74	3.7	17.7
Seq10027_879_bp_1_2_0	AAA32624.1	100.00	5	0	0	1	5	336	340	4.2	18.2
Seq10027_879_bp_1_2_0	AAC78721.1	54.55	11	5	0	26	36	480	490	5.3	18.2
Seq10027_879_bp_1_2_0	AEE27845.1	31.03	29	20	0	15	43	8	36	5.6	19.2
Seq10027_879_bp_1_2_1	ABS38337.1	71.43	7	2	0	7	13	113	119	0.14	23.2
Seq10027_879_bp_1_2_1	CAA11507.1	38.46	13	8	0	5	17	246	258	0.33	22.1
Seq10027_879_bp_1_2_1	AAA65607.1	63.64	13	4	2	6	18	323	333	0.44	19.8
Seq10027_879_bp_1_2_1	AAX84812.1	55.56	9	4	0	1	9	31	39	0.61	18.6
Seq10027_879_bp_1_2_1	AAA45888.1	71.43	7	2	0	2	8	336	342	0.68	19.2
Seq10027_879_bp_1_2_1	AAI27517.1	71.43	7	2	0	2	8	106	112	1.6	18.6
Seq10027_879_bp_1_2_1	ABK71357.1	71.43	7	2	0	5	11	289	295	2.2	17.5
Seq10027_879_bp_1_2_1	AIR13712.1	57.14	7	3	0	12	18	138	144	2.8	16.9
Seq10027_879_bp_1_2_1	AAA18786.1	71.43	7	2	0	5	11	202	208	3.4	16.3
Seq10027_879_bp_1_2_1	AAA26915.1	33.33	12	8	0	2	13	446	457	5.8	16.3
Seq10027_879_bp_1_2_1	AAA25966.1	80.00	5	1	0	8	12	88	92	6	16.9
Seq10027_879_bp_1_2_1	AAA24142.1	57.14	7	3	0	13	19	54	60	8.2	15.8
Seq10027_879_bp_1_2_1	ABD33854.1	75.00	4	1	0	11	14	43	46	8.4	12.9
Seq10027_879_bp_1_2_1	BAA32956.1	100.00	3	0	0	12	14	91	93	8.4	14.6
Seq10027_879_bp_1_2_1	CAA45199.1	40.00	10	6	0	3	12	376	385	8.5	15.8
Seq10027_879_bp_1_2_1	BAB70780.1	50.00	8	4	0	8	15	333	340	8.7	15.8
Seq10027_879_bp_1_2_1	AAR31603.1	80.00	5	1	0	4	8	48	52	8.8	15.2
Seq10027_879_bp_1_2_1	ABD49687.1	80.00	5	1	0	2	6	1601	1605	9.3	17.5
Seq10027_879_bp_1_2_1	AAC97205.1	66.67	6	2	0	2	7	457	462	9.9	16.9
Seq10027_879_bp_1_2_1	CAA26230.1	60.00	11	4	1	2	11	67	77	10	15.8
Seq10027_879_bp_-1_0_0	ACT10338.1	46.15	13	7	0	1	13	298	310	0.31	21.5
Seq10027_879_bp_-1_0_0	ACH70904.1	45.45	23	12	1	9	31	317	338	0.81	20.0
Seq10027_879_bp_-1_0_0	AAH69556.1	62.50	8	3	0	14	21	196	203	0.97	19.4
Seq10027_879_bp_-1_0_0	ABN10845.1	62.50	8	3	0	1	8	23	30	1.4	18.4
Seq10027_879_bp_-1_0_0	AAB26998.1	83.33	6	1	0	3	8	3	8	1.5	16.9
Seq10027_879_bp_-1_0_0	AAI27517.1	43.75	16	9	0	22	37	97	112	1.9	19.4
Seq10027_879_bp_-1_0_0	AAR31603.1	39.13	24	14	1	12	34	288	311	2.1	18.4
Seq10027_879_bp_-1_0_0	CAD53387.1	80.00	5	1	0	9	13	12	16	2.3	18.9
Seq10027_879_bp_-1_0_0	AAA18786.1	55.56	9	4	0	24	32	70	78	2.4	17.9
Seq10027_879_bp_-1_0_0	CAA74140.1	62.50	8	3	0	7	14	934	941	5.8	18.4
Seq10027_879_bp_-1_0_0	AAB64315.2	71.43	7	2	0	13	19	312	318	5.8	16.9
Seq10027_879_bp_-1_0_0	AIR13712.1	45.45	11	6	0	23	33	87	97	8.1	16.4
Seq10027_879_bp_-1_0_0	AAA36565.1	100.00	4	0	0	13	16	61	64	8.3	15.4
Seq10027_879_bp_-1_0_0	BAB70780.1	50.00	10	5	0	26	35	424	433	8.4	16.9
Seq10027_879_bp_-1_0_0	AEE27845.1	55.56	9	4	0	12	20	73	81	8.4	18.4
Seq10027_879_bp_-1_0_0	AAA24969.1	62.50	8	3	0	32	39	1008	1015	9.1	18.4
Seq10027_879_bp_-1_0_0	ABL74574.1	57.14	7	3	0	6	12	253	259	10	15.9
Seq10027_879_bp_-1_1_0	ABD33854.1	44.44	9	5	0	3	11	19	27	0.81	16.0
Seq10027_879_bp_-1_1_0	AAA23282.1	62.50	8	3	0	4	11	119	126	1.6	18.2
Seq10027_879_bp_-1_1_0	AAC78721.1	45.45	11	6	0	3	13	122	132	1.9	18.2
Seq10027_879_bp_-1_1_0	AAX12058.1	50.00	8	4	0	4	11	152	159	2.4	16.6
Seq10027_879_bp_-1_1_0	AAA42531.1	50.00	10	5	0	3	12	235	244	3.3	16.6
Seq10027_879_bp_-1_1_0	AAA18786.1	57.14	7	3	0	6	12	174	180	3.3	16.0
Seq10027_879_bp_-1_1_0	AAB03707.1	71.43	7	2	0	1	7	1187	1193	5.4	17.7
Seq10027_879_bp_-1_1_0	AAR37016.1	45.45	11	6	0	2	12	1171	1181	6.3	18.2
Seq10027_879_bp_-1_1_0	ABD49687.1	100.00	4	0	0	10	13	200	203	6.7	17.7
Seq10027_879_bp_-1_1_0	BAB70780.1	66.67	6	2	0	9	14	205	210	8.4	15.5
Seq10027_879_bp_-1_1_0	AAA32624.1	55.56	9	4	0	2	10	166	174	9	15.5
Seq10027_879_bp_-1_1_1	AAA32624.1	100.00	5	0	0	7	11	256	260	1.1	18.7
Seq10027_879_bp_-1_1_1	CAD53387.1	83.33	6	1	0	8	13	479	484	1.6	18.1
Seq10027_879_bp_-1_1_1	AAC08817.1	45.45	11	6	0	3	13	139	149	1.7	16.4
Seq10027_879_bp_-1_1_1	AAA26915.1	55.56	9	4	0	8	16	75	83	2.2	17.6
Seq10027_879_bp_-1_1_1	ABN10845.1	40.00	10	6	0	6	15	205	214	2.2	16.4
Seq10027_879_bp_-1_1_1	BAB79260.1	40.00	10	6	0	1	10	152	161	3.1	17.0
Seq10027_879_bp_-1_1_1	AAB96524.1	36.36	11	7	0	4	14	12	22	4	15.3
Seq10027_879_bp_-1_1_1	AEE27845.1	54.55	11	5	0	6	16	888	898	4.3	18.1
Seq10027_879_bp_-1_1_1	CAA43372.1	66.67	6	2	0	2	7	356	361	5.9	15.9
Seq10027_879_bp_-1_1_1	AAQ92751.2	41.67	12	7	0	1	12	616	627	6.2	17.6
Seq10027_879_bp_-1_1_1	AAC78721.1	57.14	7	3	0	1	7	415	421	6.5	16.4
Seq10027_879_bp_-1_1_1	AAB03707.1	77.78	11	2	2	5	15	1066	1074	8.9	17.0
Seq10027_879_bp_-1_1_2	AAB96524.1	66.67	6	2	0	11	16	167	172	1.4	17.8
Seq10027_879_bp_-1_1_2	CAA73529.1	62.50	8	3	0	18	25	250	257	2.1	17.8
Seq10027_879_bp_-1_1_2	AAC97205.1	37.50	24	15	0	4	27	1156	1179	3.3	19.3
Seq10027_879_bp_-1_1_2	AAA18786.1	66.67	6	2	0	23	28	212	217	5.6	16.2
Seq10027_879_bp_-1_1_2	EDO47375.1	50.00	12	6	0	10	21	41	52	5.6	15.7
Seq10027_879_bp_-1_1_2	AAC17860.1	45.45	11	6	0	13	23	87	97	8.4	16.2
Seq10027_879_bp_-1_1_2	CAA11507.1	66.67	9	3	0	17	25	1319	1327	9.7	17.8
Seq10027_879_bp_-1_2_0	AAR31603.1	83.33	6	1	0	2	7	263	268	1.4	19.5
Seq10027_879_bp_-1_2_0	BAA32991.1	71.43	7	2	0	5	11	49	55	2.3	16.5
Seq10027_879_bp_-1_2_0	AAA24142.1	62.50	8	3	0	1	8	352	359	2.7	19.0
Seq10027_879_bp_-1_2_0	CAA45199.1	66.67	6	2	0	20	25	80	85	2.8	19.0
Seq10027_879_bp_-1_2_0	AAR37016.1	53.33	15	7	0	8	22	2207	2221	3.5	21.0
Seq10027_879_bp_-1_2_0	AAA45888.1	55.56	9	4	0	3	11	200	208	4.5	18.0
Seq10027_879_bp_-1_2_0	AAA36565.1	42.86	14	8	0	34	47	28	41	5.5	16.5
Seq10027_879_bp_-1_2_0	ABD33854.1	62.50	8	3	0	47	54	12	19	6	15.0
Seq10027_879_bp_-1_2_0	ACH70904.1	47.37	21	10	2	37	57	225	243	6	17.5
Seq10027_879_bp_-1_2_0	AAB96524.1	50.00	10	5	0	33	42	59	68	6.1	16.5
Seq10027_879_bp_-1_2_0	CAA73529.1	55.56	9	4	0	47	55	79	87	8.8	16.5
