Seq5822_191_bp_1_0_0	ABK71357.1	37.29	71	37	12	5	63	239	309	0.49	21.4
Seq5822_191_bp_1_0_0	ABK71357.1	36.36	67	35	12	1	58	53	116	0.85	20.6
Seq5822_191_bp_1_0_0	CAD53387.1	26.23	63	45	2	2	63	21	82	0.95	20.9
Seq5822_191_bp_1_0_0	AAI27517.1	39.29	32	17	4	22	49	88	119	1.3	20.6
Seq5822_191_bp_1_0_0	AII71783.1	31.37	57	35	6	7	62	135	186	3.1	18.4
Seq5822_191_bp_1_0_0	EDO47375.1	34.38	35	21	3	4	35	50	84	3.3	17.6
Seq5822_191_bp_1_0_0	CAA45199.1	23.73	60	45	1	2	60	33	92	3.9	18.7
Seq5822_191_bp_1_0_0	ACH70904.1	27.78	36	26	0	25	60	286	321	5.1	17.9
Seq5822_191_bp_1_0_0	CAA74140.1	28.85	55	37	3	2	56	650	701	5.2	19.2
Seq5822_191_bp_1_0_0	AAC97205.1	29.41	35	24	1	2	35	401	435	5.7	19.5
Seq5822_191_bp_1_0_0	AAR37016.1	26.92	55	38	3	4	57	625	677	6.2	20.3
Seq5822_191_bp_1_0_0	ABD49687.1	30.00	52	35	2	11	62	968	1017	6.5	19.8
Seq5822_191_bp_1_0_0	CAA26230.1	30.95	45	29	3	6	48	210	253	6.5	18.2
Seq5822_191_bp_1_0_0	AAQ92751.2	29.63	61	38	7	1	54	1093	1153	7.6	19.2
Seq5822_191_bp_1_0_0	AAA24142.1	23.81	43	32	1	11	53	213	254	7.6	17.6
Seq5822_191_bp_1_0_0	AIR13712.1	35.29	62	33	11	3	60	66	120	9.5	16.8
Seq5822_191_bp_1_0_0	CAA43372.1	19.64	59	45	3	1	58	291	347	9.9	17.1
Seq5822_191_bp_1_1_0	AAR31603.1	100.00	63	0	0	1	63	118	180	4.8e-34	130.9
Seq5822_191_bp_1_1_0	AAA45888.1	30.77	62	36	10	5	56	138	199	0.011	27.0
Seq5822_191_bp_1_1_0	AAB64315.2	28.26	52	33	6	1	46	82	133	0.67	20.7
Seq5822_191_bp_1_1_0	CAA26230.1	27.78	56	39	2	2	57	13	66	0.94	21.0
Seq5822_191_bp_1_1_0	ABN10845.1	17.65	34	28	0	14	47	45	78	0.97	19.6
Seq5822_191_bp_1_1_0	AAC78721.1	26.53	52	36	3	12	62	268	317	1.4	20.7
Seq5822_191_bp_1_1_0	AAX84812.1	30.43	23	16	0	4	26	170	192	1.8	18.8
Seq5822_191_bp_1_1_0	BAB79260.1	29.41	60	36	9	5	62	175	227	2	19.6
Seq5822_191_bp_1_1_0	AAA23282.1	21.05	60	45	3	1	60	354	410	3.7	19.0
Seq5822_191_bp_1_1_0	AAB03707.1	30.30	35	23	2	16	48	394	428	4.1	20.2
Seq5822_191_bp_1_1_0	AAA26915.1	26.19	45	31	3	5	49	379	420	4.4	18.5
Seq5822_191_bp_1_1_0	BAB17681.1	27.27	40	24	7	26	58	111	150	5.6	17.4
Seq5822_191_bp_1_1_0	BAA32018.1	34.69	60	32	11	4	56	140	195	5.9	18.5
Seq5822_191_bp_1_1_0	AAA18786.1	26.32	38	28	0	6	43	229	266	7.9	16.8
Seq5822_191_bp_1_1_0	AAX12058.1	25.81	35	23	4	26	57	141	174	8.1	16.8
Seq5822_191_bp_1_1_0	CAA45199.1	18.75	48	39	0	4	51	252	299	9.3	17.4
Seq5822_191_bp_1_2_0	BAA32991.1	52.63	22	9	3	6	25	15	35	0.0095	23.5
Seq5822_191_bp_1_2_0	AAI27517.1	38.46	26	16	0	1	26	512	537	0.082	23.5
Seq5822_191_bp_1_2_0	ACH70904.1	30.43	25	16	2	7	29	135	159	0.27	21.1
Seq5822_191_bp_1_2_0	BAA32956.1	53.85	16	6	3	6	18	11	26	0.33	20.0
Seq5822_191_bp_1_2_0	AAB26998.1	26.67	15	11	0	5	19	34	48	0.53	17.9
Seq5822_191_bp_1_2_0	AAQ92751.2	31.82	26	15	4	1	22	1201	1226	0.64	21.8
Seq5822_191_bp_1_2_0	AAA36565.1	30.43	26	16	3	1	24	71	95	0.69	18.6
Seq5822_191_bp_1_2_0	ABD49687.1	45.00	22	11	2	9	28	819	840	1	21.4
Seq5822_191_bp_1_2_0	AAC17860.1	30.77	26	18	0	3	28	221	246	1.3	19.0
Seq5822_191_bp_1_2_0	ABN10845.1	28.57	31	20	3	1	28	109	139	1.5	17.9
Seq5822_191_bp_1_2_0	CAA45199.1	27.27	24	16	2	7	28	449	472	1.5	19.0
Seq5822_191_bp_1_2_0	AAA32624.1	30.00	21	14	1	10	29	385	405	1.7	19.0
Seq5822_191_bp_1_2_0	AAR31603.1	26.09	24	17	1	7	29	87	110	2.2	17.9
Seq5822_191_bp_1_2_0	AAR37016.1	33.33	12	8	0	17	28	1311	1322	2.2	20.7
Seq5822_191_bp_1_2_0	AAC97205.1	35.00	20	13	0	3	22	882	901	2.4	19.7
Seq5822_191_bp_1_2_0	AAC78721.1	33.33	15	10	0	6	20	74	88	3.5	18.2
Seq5822_191_bp_1_2_0	AAA18786.1	45.45	11	6	0	8	18	79	89	3.7	16.8
Seq5822_191_bp_1_2_0	CAA74140.1	23.81	22	16	1	7	28	633	653	3.8	18.6
Seq5822_191_bp_1_2_0	ABL74574.1	26.67	15	11	0	4	18	3	17	6.3	16.1
Seq5822_191_bp_1_2_0	CAA43372.1	33.33	9	6	0	10	18	10	18	7	16.5
Seq5822_191_bp_1_2_0	AAC08817.1	40.00	10	6	0	16	25	3	12	7.3	15.1
Seq5822_191_bp_1_2_0	CAA26230.1	61.54	16	5	3	7	20	283	297	7.4	16.8
Seq5822_191_bp_1_2_0	AAB96524.1	30.00	10	7	0	13	22	53	62	8.2	15.1
Seq5822_191_bp_1_2_1	BAA32956.1	29.17	24	17	0	7	30	6	29	0.024	24.0
Seq5822_191_bp_1_2_1	AAF01122.1	36.67	34	19	4	2	33	105	136	0.087	23.0
Seq5822_191_bp_1_2_1	ABN10845.1	29.63	28	19	1	4	30	83	110	0.17	21.2
Seq5822_191_bp_1_2_1	AAR37016.1	36.67	33	19	3	3	33	1289	1320	0.43	23.3
Seq5822_191_bp_1_2_1	CAA45199.1	44.44	18	10	0	5	22	405	422	0.45	20.9
Seq5822_191_bp_1_2_1	BAA32991.1	33.33	14	8	2	1	14	23	34	0.56	17.8
Seq5822_191_bp_1_2_1	AAA32624.1	24.00	26	19	1	2	27	335	359	0.64	20.6
Seq5822_191_bp_1_2_1	CAA04196.1	34.78	26	15	3	2	25	368	392	0.65	20.2
Seq5822_191_bp_1_2_1	AEE27845.1	33.33	15	10	0	13	27	887	901	0.83	21.6
Seq5822_191_bp_1_2_1	CAA26230.1	28.00	26	18	1	2	27	372	396	0.86	20.2
Seq5822_191_bp_1_2_1	AAB64315.2	37.50	29	15	5	1	24	19	47	1	19.2
Seq5822_191_bp_1_2_1	ABS38337.1	36.84	19	12	0	9	27	1264	1282	1.2	20.9
Seq5822_191_bp_1_2_1	AAC97205.1	28.57	30	20	2	1	28	268	297	1.5	20.6
Seq5822_191_bp_1_2_1	CAA73529.1	29.17	24	17	0	2	25	209	232	2.2	17.8
Seq5822_191_bp_1_2_1	ACT10338.1	35.71	14	9	0	13	26	62	75	3.9	17.5
Seq5822_191_bp_1_2_1	AAB26998.1	36.84	23	12	4	1	19	36	58	5.2	14.7
Seq5822_191_bp_1_2_1	ACH70904.1	38.46	15	8	2	8	20	143	157	5.7	16.8
Seq5822_191_bp_1_2_1	AAI27517.1	37.50	28	15	4	9	32	394	421	5.8	17.5
Seq5822_191_bp_1_2_1	AAB03707.1	23.08	26	20	0	7	32	626	651	6.6	18.5
Seq5822_191_bp_1_2_1	AAX12058.1	33.33	25	16	1	2	26	133	156	8.6	15.8
Seq5822_191_bp_-1_0_0	AAA45888.1	62.50	8	3	0	3	10	8	15	0.056	21.9
Seq5822_191_bp_-1_0_0	AAA18786.1	83.33	6	1	0	5	10	78	83	0.16	19.8
Seq5822_191_bp_-1_0_0	CAD53387.1	77.78	10	2	1	2	10	456	465	0.22	20.3
Seq5822_191_bp_-1_0_0	CAD53387.1	57.14	7	3	0	4	10	7	13	0.31	19.8
Seq5822_191_bp_-1_0_0	CAD53387.1	57.14	7	3	0	4	10	73	79	0.31	19.8
Seq5822_191_bp_-1_0_0	CAD53387.1	57.14	7	3	0	4	10	139	145	0.31	19.8
Seq5822_191_bp_-1_0_0	CAD53387.1	57.14	7	3	0	4	10	205	211	0.31	19.8
Seq5822_191_bp_-1_0_0	CAD53387.1	57.14	7	3	0	4	10	271	277	0.31	19.8
Seq5822_191_bp_-1_0_0	CAD53387.1	57.14	7	3	0	4	10	337	343	0.31	19.8
Seq5822_191_bp_-1_0_0	CAD53387.1	57.14	7	3	0	4	10	403	409	0.31	19.8
Seq5822_191_bp_-1_0_0	CAA45199.1	57.14	7	3	0	4	10	43	49	0.29	19.8
Seq5822_191_bp_-1_0_0	AAI27517.1	55.56	9	4	0	2	10	452	460	0.37	19.8
Seq5822_191_bp_-1_0_0	AIR13712.1	62.50	8	3	0	2	9	144	151	0.42	18.8
Seq5822_191_bp_-1_0_0	BAA32956.1	66.67	6	2	0	4	9	189	194	1.1	16.7
Seq5822_191_bp_-1_0_0	CAA74140.1	66.67	6	2	0	5	10	920	925	1.7	18.3
Seq5822_191_bp_-1_0_0	ACH70904.1	50.00	8	4	0	2	9	315	322	1.9	16.7
Seq5822_191_bp_-1_0_0	ABD49687.1	50.00	8	4	0	3	10	947	954	2.1	18.8
Seq5822_191_bp_-1_0_0	AAA26915.1	71.43	7	2	0	2	8	293	299	2.4	16.7
Seq5822_191_bp_-1_0_0	AAC78721.1	44.44	9	5	0	2	10	353	361	4.9	16.2
Seq5822_191_bp_-1_0_0	AAR37016.1	83.33	6	1	0	4	9	579	584	5.8	17.8
Seq5822_191_bp_-1_0_0	AAA72732.1	50.00	8	4	0	2	9	78	85	6.6	14.7
Seq5822_191_bp_-1_0_0	AEE27845.1	66.67	6	2	0	5	10	467	472	7	16.7
Seq5822_191_bp_-1_0_0	AAB96524.1	42.86	7	4	0	3	9	32	38	7.9	13.6
Seq5822_191_bp_-1_0_0	AAA42531.1	50.00	8	4	0	2	9	11	18	8	14.7
Seq5822_191_bp_-1_0_0	AAX12058.1	60.00	5	2	0	5	9	220	224	8.1	14.1
Seq5822_191_bp_-1_0_0	AAA23282.1	50.00	8	4	0	3	10	486	493	8.2	15.2
Seq5822_191_bp_-1_0_0	ABL74574.1	50.00	6	3	0	2	7	150	155	8.5	14.1
Seq5822_191_bp_-1_0_0	BAA32018.1	40.00	10	6	0	1	10	568	577	9	15.2
Seq5822_191_bp_-1_0_1	AIR13712.1	28.57	35	25	0	5	39	119	153	0.47	21.0
Seq5822_191_bp_-1_0_1	AAB96524.1	43.48	26	13	3	23	45	100	125	0.48	20.1
Seq5822_191_bp_-1_0_1	ABK71357.1	39.13	55	28	9	2	51	149	199	0.64	20.7
Seq5822_191_bp_-1_0_1	AAA25966.1	21.21	33	26	0	18	50	341	373	1.2	20.7
Seq5822_191_bp_-1_0_1	BAA32956.1	32.50	44	27	4	6	49	152	191	1.5	18.7
Seq5822_191_bp_-1_0_1	CAD53387.1	30.23	47	30	4	3	47	4	48	1.9	19.6
Seq5822_191_bp_-1_0_1	ABD49687.1	35.14	39	24	2	11	48	93	130	2	21.3
Seq5822_191_bp_-1_0_1	AAR37016.1	31.58	41	26	3	1	39	944	983	3.3	21.0
Seq5822_191_bp_-1_0_1	AAI27517.1	33.33	38	22	5	11	48	501	533	4.1	18.7
Seq5822_191_bp_-1_0_1	BAB17681.1	64.29	15	5	1	27	41	31	44	4.2	17.5
Seq5822_191_bp_-1_0_1	AAC08817.1	28.89	47	32	2	2	46	113	159	4.6	16.6
Seq5822_191_bp_-1_0_1	AAA24969.1	31.43	38	24	3	9	43	1207	1244	4.7	19.8
Seq5822_191_bp_-1_0_1	CAA26230.1	43.48	25	13	2	6	30	219	241	4.7	18.4
Seq5822_191_bp_-1_0_1	AAR31603.1	27.08	52	35	4	3	52	236	285	5	17.5
Seq5822_191_bp_-1_0_1	AAC97205.1	25.58	44	32	1	10	52	164	207	5.6	19.3
Seq5822_191_bp_-1_0_1	AAA36565.1	27.50	41	29	1	7	46	105	145	5.6	16.4
Seq5822_191_bp_-1_0_1	AAA26915.1	33.33	50	28	8	9	52	411	458	7	17.5
Seq5822_191_bp_-1_0_1	CAA74140.1	40.00	25	15	0	11	35	920	944	7.6	18.4
Seq5822_191_bp_-1_0_1	CAA45199.1	29.27	46	29	5	1	42	427	471	8.5	17.2
Seq5822_191_bp_-1_1_0	AAR31603.1	30.61	52	34	3	1	49	135	186	0.73	20.6
Seq5822_191_bp_-1_1_0	AAA32376.1	28.95	39	27	1	14	52	36	73	1.7	18.5
Seq5822_191_bp_-1_1_0	ABK71357.1	36.54	67	33	15	8	63	155	217	2.5	19.0
Seq5822_191_bp_-1_1_0	AAC97205.1	26.53	51	36	2	5	53	189	239	4.7	19.8
Seq5822_191_bp_-1_1_0	AAA32624.1	33.33	30	18	3	18	47	100	126	5	18.5
Seq5822_191_bp_-1_1_0	AAX12058.1	17.95	39	32	0	2	40	171	209	5.5	17.4
Seq5822_191_bp_-1_1_0	BAA32956.1	28.57	28	20	0	24	51	162	189	6.1	16.9
Seq5822_191_bp_-1_1_0	CAA45199.1	35.90	50	25	11	20	63	254	298	7.7	17.7
Seq5822_191_bp_-1_2_0	AAC97205.1	27.66	48	34	1	5	51	535	582	0.07	25.7
Seq5822_191_bp_-1_2_0	EDO47375.1	26.67	55	33	10	4	50	113	165	0.19	21.6
Seq5822_191_bp_-1_2_0	ACH70904.1	33.33	24	16	0	12	35	290	313	0.44	21.2
Seq5822_191_bp_-1_2_0	ABD49687.1	30.77	26	18	0	25	50	1410	1435	1.1	22.2
Seq5822_191_bp_-1_2_0	AAB03707.1	22.00	56	39	6	1	50	1	56	1.3	21.6
Seq5822_191_bp_-1_2_0	AEE27845.1	40.54	46	22	9	13	52	1021	1063	2.6	20.6
Seq5822_191_bp_-1_2_0	AAA18786.1	30.95	47	29	5	5	50	215	257	2.9	18.1
Seq5822_191_bp_-1_2_0	CAA26230.1	26.67	30	22	0	17	46	234	263	3.1	19.0
Seq5822_191_bp_-1_2_0	AAH69556.1	22.22	49	35	4	1	45	174	222	3.3	18.1
Seq5822_191_bp_-1_2_0	AAR31603.1	23.53	36	26	2	11	44	63	98	3.5	18.1
Seq5822_191_bp_-1_2_0	AAB26998.1	19.23	59	42	7	1	52	14	72	4.8	15.5
Seq5822_191_bp_-1_2_0	AAA25966.1	38.46	13	8	0	12	24	317	329	4.9	18.7
Seq5822_191_bp_-1_2_0	AAR37016.1	32.14	36	19	8	1	28	59	94	5.3	20.3
Seq5822_191_bp_-1_2_0	ABN10845.1	25.71	40	26	5	8	42	80	119	5.5	16.8
Seq5822_191_bp_-1_2_0	AAB96524.1	25.00	26	18	2	15	38	58	83	7.2	16.2
Seq5822_191_bp_-1_2_0	AAA32376.1	27.27	23	16	1	15	36	22	44	8.2	15.8
Seq5822_191_bp_-1_2_0	AAA42531.1	21.15	60	41	8	2	53	110	169	9.5	16.8
