Seq6348_158_bp_1_0_0	AAA45888.1	44.44	9	5	0	4	12	83	91	2.7	17.9
Seq6348_158_bp_1_0_0	AAA24969.1	50.00	12	6	0	19	30	524	535	3.9	19.3
Seq6348_158_bp_1_0_0	AAH69556.1	35.29	17	11	0	9	25	103	119	4.1	16.9
Seq6348_158_bp_1_0_0	AAA72732.1	40.00	15	9	0	6	20	26	40	4.2	16.9
Seq6348_158_bp_1_0_0	ABD33854.1	33.33	15	10	0	1	15	4	18	4.6	14.5
Seq6348_158_bp_1_0_0	CAA11507.1	60.00	10	4	0	18	27	810	819	6.6	18.4
Seq6348_158_bp_1_0_0	AEE27845.1	30.43	24	16	1	7	30	549	571	6.8	18.4
Seq6348_158_bp_1_0_0	BAB17681.1	45.45	11	6	0	8	18	225	235	7.1	15.9
Seq6348_158_bp_1_0_0	AAR31603.1	83.33	6	1	0	25	30	239	244	8.4	15.9
Seq6348_158_bp_1_0_0	AAB03707.1	40.00	10	6	0	18	27	837	846	9.1	17.9
Seq6348_158_bp_1_0_0	AAA42531.1	43.75	19	9	3	5	20	306	324	9.8	15.9
Seq6348_158_bp_1_0_1	BAB79260.1	55.56	9	4	0	7	15	201	209	0.029	24.1
Seq6348_158_bp_1_0_1	ABD33854.1	38.46	13	8	0	2	14	1	13	0.4	17.5
Seq6348_158_bp_1_0_1	EDO47375.1	33.33	12	8	0	4	15	105	116	0.84	18.0
Seq6348_158_bp_1_0_1	AAB26998.1	80.00	5	1	0	10	14	4	8	1	16.5
Seq6348_158_bp_1_0_1	CAA04196.1	83.33	6	1	0	1	6	148	153	1.3	18.6
Seq6348_158_bp_1_0_1	CAA43372.1	41.67	12	7	0	7	18	269	280	1.8	18.0
Seq6348_158_bp_1_0_1	ABN10845.1	37.50	8	5	0	7	14	23	30	1.9	17.0
Seq6348_158_bp_1_0_1	AAX12058.1	80.00	5	1	0	7	11	141	145	2.4	17.0
Seq6348_158_bp_1_0_1	AAH69556.1	16.67	18	15	0	2	19	276	293	2.7	17.0
Seq6348_158_bp_1_0_1	AAA45888.1	66.67	6	2	0	9	14	28	33	3.4	17.0
Seq6348_158_bp_1_0_1	ABG75784.1	37.50	8	5	0	11	18	295	302	3.9	16.5
Seq6348_158_bp_1_0_1	AAA24142.1	50.00	10	5	0	3	12	443	452	3.9	17.0
Seq6348_158_bp_1_0_1	AAI27517.1	100.00	4	0	0	12	15	264	267	5.1	17.0
Seq6348_158_bp_1_0_1	AAC97205.1	71.43	7	2	0	12	18	618	624	5.3	18.0
Seq6348_158_bp_1_0_1	AAA36565.1	33.33	9	6	0	1	9	24	32	5.9	15.0
Seq6348_158_bp_1_0_1	AAA32376.1	80.00	5	1	0	10	14	107	111	8.4	14.5
Seq6348_158_bp_1_0_1	AAB96524.1	80.00	5	1	0	8	12	76	80	9	14.5
Seq6348_158_bp_1_1_0	EDO47375.1	50.00	6	3	0	4	9	121	126	0.55	18.9
Seq6348_158_bp_1_1_0	BAA32956.1	38.46	13	8	0	1	13	75	87	0.87	18.4
Seq6348_158_bp_1_1_0	ABD33854.1	50.00	4	2	0	1	4	45	48	2.2	15.3
Seq6348_158_bp_1_1_0	BAB17681.1	50.00	6	3	0	10	15	78	83	2.3	17.4
Seq6348_158_bp_1_1_0	CAA26230.1	80.00	5	1	0	20	24	128	132	4.6	17.4
Seq6348_158_bp_1_1_0	AAA24969.1	44.44	9	5	0	11	19	311	319	6	18.4
Seq6348_158_bp_1_1_0	ACT10338.1	57.14	7	3	0	17	23	123	129	6.4	16.3
Seq6348_158_bp_1_1_0	AAA42531.1	80.00	5	1	0	6	10	304	308	8.9	15.8
Seq6348_158_bp_1_1_1	EDO47375.1	80.00	5	1	0	11	15	121	125	0.96	17.5
Seq6348_158_bp_1_1_1	CAA43372.1	60.00	5	2	0	12	16	158	162	1.4	18.1
Seq6348_158_bp_1_1_1	BAA32956.1	75.00	4	1	0	7	10	26	29	2.3	16.4
Seq6348_158_bp_1_1_1	AIR13712.1	57.14	7	3	0	4	10	133	139	2.4	17.0
Seq6348_158_bp_1_1_1	ABK71357.1	21.43	14	11	0	1	14	346	359	2.8	17.0
Seq6348_158_bp_1_1_1	BAA32018.1	50.00	6	3	0	9	14	170	175	3.1	17.5
Seq6348_158_bp_1_1_1	AAA26915.1	50.00	4	2	0	6	9	432	435	3.4	17.0
Seq6348_158_bp_1_1_1	BAA32991.1	60.00	5	2	0	3	7	24	28	3.5	14.2
Seq6348_158_bp_1_1_1	AAC78721.1	57.14	7	3	0	9	15	243	249	7.1	16.4
Seq6348_158_bp_1_1_1	AAR37016.1	75.00	4	1	0	6	9	1073	1076	7.7	18.1
Seq6348_158_bp_1_1_1	ABD49687.1	50.00	9	4	1	6	14	264	271	8.2	17.5
Seq6348_158_bp_1_1_1	AAA45888.1	60.00	5	2	0	13	17	381	385	8.6	15.3
Seq6348_158_bp_1_2_0	AEE27845.1	96.15	52	2	0	1	52	385	436	4.7e-33	129.4
Seq6348_158_bp_1_2_0	AIR13712.1	40.74	30	16	3	20	46	213	242	0.35	21.4
Seq6348_158_bp_1_2_0	AAR37016.1	35.71	28	18	0	13	40	245	272	3.5	20.9
Seq6348_158_bp_1_2_0	BAA32018.1	45.45	11	6	0	32	42	354	364	3.7	18.9
Seq6348_158_bp_1_2_0	AAB64315.2	71.43	7	2	0	10	16	244	250	3.9	17.9
Seq6348_158_bp_1_2_0	AAA23282.1	50.00	10	5	0	30	39	29	38	4.8	18.4
Seq6348_158_bp_1_2_0	AAX12058.1	40.00	10	6	0	33	42	170	179	6.4	16.9
Seq6348_158_bp_1_2_0	AAA26915.1	16.67	36	30	0	13	48	323	358	7.6	17.4
Seq6348_158_bp_1_2_0	AAA18786.1	27.27	11	8	0	21	31	147	157	8.6	16.4
Seq6348_158_bp_-1_0_0	BAA32956.1	45.45	11	6	0	32	42	130	140	0.056	23.4
Seq6348_158_bp_-1_0_0	BAB79260.1	83.33	6	1	0	20	25	391	396	0.34	21.9
Seq6348_158_bp_-1_0_0	ABN10845.1	80.00	5	1	0	3	7	50	54	0.94	19.4
Seq6348_158_bp_-1_0_0	AAQ92751.2	30.00	10	7	0	21	30	1290	1299	2.1	20.9
Seq6348_158_bp_-1_0_0	AIR13712.1	60.00	5	2	0	24	28	136	140	2.8	18.4
Seq6348_158_bp_-1_0_0	AAA23282.1	35.29	17	11	0	4	20	453	469	3.4	18.9
Seq6348_158_bp_-1_0_0	CAA26230.1	33.33	9	6	0	24	32	519	527	6.6	17.9
Seq6348_158_bp_-1_0_0	AAC17860.1	28.57	21	15	0	4	24	329	349	6.8	17.4
Seq6348_158_bp_-1_0_0	ABS38337.1	28.57	14	10	0	12	25	1002	1015	7.4	18.9
Seq6348_158_bp_-1_0_0	AAA26915.1	45.45	11	6	0	10	20	185	195	7.7	17.4
Seq6348_158_bp_-1_0_0	AAA32624.1	36.36	12	7	1	22	32	354	365	8.5	17.4
Seq6348_158_bp_-1_1_0	AAX12058.1	50.00	12	6	0	30	41	98	109	0.018	25.5
Seq6348_158_bp_-1_1_0	AAF01122.1	36.84	19	12	0	34	52	136	154	0.024	25.5
Seq6348_158_bp_-1_1_0	ACT10338.1	36.36	22	14	0	2	23	204	225	0.025	25.5
Seq6348_158_bp_-1_1_0	CAA04196.1	85.71	7	1	0	28	34	153	159	1.5	19.6
Seq6348_158_bp_-1_1_0	ABD49687.1	54.55	11	5	0	42	52	1673	1683	2.1	21.2
Seq6348_158_bp_-1_1_0	AAH69556.1	45.45	11	6	0	20	30	190	200	2.3	18.6
Seq6348_158_bp_-1_1_0	AAQ92751.2	46.67	16	8	1	30	45	1213	1227	2.4	20.7
Seq6348_158_bp_-1_1_0	CAA43372.1	57.14	7	3	0	1	7	370	376	3.1	18.6
Seq6348_158_bp_-1_1_0	ABN10845.1	31.58	19	13	0	14	32	69	87	6.9	16.4
Seq6348_158_bp_-1_1_0	AAB03707.1	57.14	14	6	0	4	17	282	295	6.9	19.1
Seq6348_158_bp_-1_1_0	AAA42531.1	55.56	9	4	0	7	15	285	293	8.4	17.0
Seq6348_158_bp_-1_1_0	EDO47375.1	24.00	25	19	0	10	34	103	127	8.5	15.9
Seq6348_158_bp_-1_1_0	ABG75784.1	54.55	12	5	1	20	30	134	145	9.6	16.4
Seq6348_158_bp_-1_2_0	AAB26998.1	100.00	4	0	0	10	13	3	6	0.84	16.4
Seq6348_158_bp_-1_2_0	AAR37016.1	62.50	8	3	0	9	16	591	598	2.4	19.8
Seq6348_158_bp_-1_2_0	CAA26230.1	55.56	9	4	0	8	16	290	298	2.7	17.5
Seq6348_158_bp_-1_2_0	AEE27845.1	62.50	8	3	0	9	16	616	623	3	18.6
Seq6348_158_bp_-1_2_0	AAA24142.1	75.00	9	2	1	7	14	358	366	3.2	16.9
Seq6348_158_bp_-1_2_0	ABD33854.1	42.86	7	4	0	2	8	46	52	3.2	14.1
Seq6348_158_bp_-1_2_0	ACH70904.1	80.00	5	1	0	2	6	238	242	3.8	16.4
Seq6348_158_bp_-1_2_0	ABK71357.1	80.00	5	1	0	11	15	314	318	3.9	16.4
Seq6348_158_bp_-1_2_0	AAC97205.1	62.50	9	3	1	2	10	447	454	4	18.1
Seq6348_158_bp_-1_2_0	AAA42531.1	30.00	10	7	0	3	12	257	266	4	16.4
Seq6348_158_bp_-1_2_0	BAB79260.1	80.00	5	1	0	11	15	167	171	4.7	16.4
Seq6348_158_bp_-1_2_0	AAA45888.1	37.50	8	5	0	9	16	58	65	5.8	15.8
Seq6348_158_bp_-1_2_0	AII71783.1	57.14	7	3	0	6	12	31	37	6.8	15.2
Seq6348_158_bp_-1_2_0	BAA32991.1	42.86	7	4	0	2	8	14	20	7.3	13.0
Seq6348_158_bp_-1_2_0	AAC08817.1	50.00	8	4	0	9	16	97	104	7.9	14.1
Seq6348_158_bp_-1_2_0	CAA73529.1	60.00	5	2	0	11	15	79	83	8.8	14.7
Seq6348_158_bp_-1_2_0	BAA32956.1	100.00	3	0	0	9	11	4	6	9.9	14.1
Seq6348_158_bp_-1_2_1	ABK71357.1	50.00	8	4	0	6	13	318	325	0.57	19.8
Seq6348_158_bp_-1_2_1	ABD33854.1	55.56	11	4	2	14	24	53	61	0.58	17.3
Seq6348_158_bp_-1_2_1	ABN10845.1	40.00	10	6	0	5	14	78	87	0.81	18.5
Seq6348_158_bp_-1_2_1	AAB96524.1	80.00	5	1	0	6	10	96	100	1.1	17.9
Seq6348_158_bp_-1_2_1	BAA32991.1	57.14	7	3	0	14	20	59	65	1.5	16.0
Seq6348_158_bp_-1_2_1	CAA04196.1	80.00	5	1	0	12	16	372	376	3.7	17.3
Seq6348_158_bp_-1_2_1	EDO47375.1	50.00	6	3	0	20	25	121	126	4.1	16.0
Seq6348_158_bp_-1_2_1	AAI27517.1	50.00	8	4	0	14	21	306	313	5.2	17.3
Seq6348_158_bp_-1_2_1	BAB17681.1	44.44	9	5	0	10	18	173	181	5.8	16.0
Seq6348_158_bp_-1_2_1	AAA24142.1	57.14	7	3	0	9	15	373	379	6.1	16.6
Seq6348_158_bp_-1_2_1	AAB26998.1	40.00	5	3	0	1	5	74	78	6.3	14.0
Seq6348_158_bp_-1_2_1	AAH69556.1	60.00	5	2	0	6	10	99	103	6.4	16.0
Seq6348_158_bp_-1_2_1	BAA32956.1	75.00	4	1	0	22	25	75	78	6.9	15.3
Seq6348_158_bp_-1_2_1	ACH70904.1	50.00	6	3	0	18	23	242	247	7.5	16.0
Seq6348_158_bp_-1_2_1	AAA45888.1	42.86	7	4	0	7	13	74	80	8	16.0
Seq6348_158_bp_-1_2_1	AAA42531.1	60.00	5	2	0	20	24	221	225	8	16.0
Seq6348_158_bp_-1_2_1	CAA73529.1	55.56	10	4	1	9	17	97	106	8.8	15.3
Seq6348_158_bp_-1_2_1	AII71783.1	60.00	5	2	0	12	16	266	270	9.8	15.3
