Seq7476_280_bp_1_0_0	ENA|CAA29968|CAA29968.1	25.00	12	9	0	3	14	91	102	0.12	20.6
Seq7476_280_bp_1_0_0	ENA|AAC97205|AAC97205.1	66.67	6	2	0	6	11	383	388	0.28	22.0
Seq7476_280_bp_1_0_0	ENA|ABD49687|ABD49687.1	80.00	5	1	0	8	12	798	802	0.39	22.0
Seq7476_280_bp_1_0_0	ENA|ABD49687|ABD49687.1	23.08	13	10	0	4	16	1170	1182	0.65	21.3
Seq7476_280_bp_1_0_0	ENA|AAA25966|AAA25966.1	50.00	6	3	0	7	12	687	692	0.45	20.6
Seq7476_280_bp_1_0_0	ENA|AAQ92751|AAQ92751.2	50.00	8	4	0	5	12	529	536	0.52	21.3
Seq7476_280_bp_1_0_0	ENA|AAI27517|AAI27517.1	37.50	8	5	0	4	11	249	256	0.61	19.9
Seq7476_280_bp_1_0_0	ENA|AAC40132|AAC40132.1	80.00	5	1	0	11	15	422	426	0.8	19.1
Seq7476_280_bp_1_0_0	ENA|ABG75784|ABG75784.1	36.36	11	7	0	7	17	243	253	0.87	18.4
Seq7476_280_bp_1_0_0	ENA|AAR37016|AAR37016.1	60.00	5	2	0	8	12	380	384	0.89	21.3
Seq7476_280_bp_1_0_0	ENA|CAA73529|CAA73529.1	60.00	5	2	0	10	14	208	212	1.3	17.7
Seq7476_280_bp_1_0_0	ENA|CAA11507|CAA11507.1	50.00	8	4	0	4	11	1255	1262	2.3	19.1
Seq7476_280_bp_1_0_0	ENA|AAA32624|AAA32624.1	27.27	11	8	0	3	13	204	214	2.4	17.7
Seq7476_280_bp_1_0_0	ENA|AAC78721|AAC78721.1	14.29	7	6	0	6	12	205	211	3	17.7
Seq7476_280_bp_1_0_0	ENA|CAL82360|CAL82360.1	37.50	8	5	0	10	17	1265	1272	3.5	18.4
Seq7476_280_bp_1_0_0	ENA|BAA05866|BAA05866.1	40.00	5	3	0	10	14	155	159	3.7	16.2
Seq7476_280_bp_1_0_0	ENA|CAA45708|CAA45708.1	50.00	4	2	0	9	12	1371	1374	4.1	18.4
Seq7476_280_bp_1_0_0	ENA|CAA26939|CAA26939.1	50.00	6	3	0	8	13	442	447	4.2	17.0
Seq7476_280_bp_1_0_0	ENA|AAA24145|AAA24145.1	44.44	9	5	0	5	13	63	71	5.5	16.2
Seq7476_280_bp_1_0_0	ENA|CAA36714|CAA36714.1	66.67	6	2	0	12	17	461	466	5.6	16.2
Seq7476_280_bp_1_0_0	ENA|CAA28033|CAA28033.1	100.00	3	0	0	10	12	1288	1290	5.7	17.7
Seq7476_280_bp_1_0_0	ENA|EDO47375|EDO47375.1	22.22	9	7	0	1	9	81	89	6.1	14.8
Seq7476_280_bp_1_0_0	ENA|AAA72732|AAA72732.1	44.44	9	5	0	2	10	148	156	6.1	15.5
Seq7476_280_bp_1_0_0	ENA|AAC49865|AAC49865.1	37.50	8	5	0	4	11	167	174	6.4	15.5
Seq7476_280_bp_1_0_0	ENA|CAA26023|CAA26023.1	30.77	13	9	0	5	17	272	284	7.4	15.5
Seq7476_280_bp_1_0_0	ENA|AAA18786|AAA18786.1	23.53	17	13	0	1	17	163	179	8.4	14.8
Seq7476_280_bp_1_0_0	ENA|CAA36214|CAA36214.1	66.67	6	2	0	4	9	141	146	9.5	14.8
Seq7476_280_bp_1_0_1	ENA|AAC08817|AAC08817.1	35.00	20	13	0	17	36	61	80	0.69	19.8
Seq7476_280_bp_1_0_1	ENA|AAF79734|AAF79734.1	32.35	36	23	2	13	46	69	104	1.7	21.7
Seq7476_280_bp_1_0_1	ENA|CAA36714|CAA36714.1	40.00	21	12	1	8	28	385	404	3.8	18.9
Seq7476_280_bp_1_0_1	ENA|BAA32956|BAA32956.1	33.33	15	10	0	31	45	191	205	4.5	17.4
Seq7476_280_bp_1_0_1	ENA|AAC97205|AAC97205.1	22.73	22	17	0	30	51	554	575	5.2	19.8
Seq7476_280_bp_1_0_1	ENA|CAA26939|CAA26939.1	42.86	14	8	0	55	68	363	376	6.3	18.4
Seq7476_280_bp_1_0_1	ENA|AAC17860|AAC17860.1	33.33	21	14	0	23	43	237	257	8.5	17.4
Seq7476_280_bp_1_0_1	ENA|CAA45199|CAA45199.1	22.22	36	28	0	27	62	423	458	9.7	17.4
Seq7476_280_bp_1_1_0	ENA|CAB75732|CAB75732.1	39.29	28	17	0	2	29	102	129	0.17	23.6
Seq7476_280_bp_1_1_0	ENA|AAQ92751|AAQ92751.2	23.08	26	20	0	5	30	104	129	3.6	19.4
Seq7476_280_bp_1_1_0	ENA|AAC78721|AAC78721.1	36.84	21	12	2	7	25	524	544	3.6	18.3
Seq7476_280_bp_1_1_0	ENA|ABK71357|ABK71357.1	29.41	17	12	0	9	25	254	270	5.9	16.7
Seq7476_280_bp_1_1_0	ENA|AAC49865|AAC49865.1	50.00	10	5	0	6	15	270	279	7.4	16.2
Seq7476_280_bp_1_1_0	ENA|AAA18786|AAA18786.1	27.78	18	13	0	9	26	92	109	8.6	15.7
Seq7476_280_bp_1_1_0	ENA|ACT10338|ACT10338.1	30.43	23	16	0	5	27	184	206	8.6	16.2
Seq7476_280_bp_1_1_1	ENA|CAB75732|CAB75732.1	50.00	12	6	0	1	12	49	60	0.018	25.4
Seq7476_280_bp_1_1_1	ENA|AAQ92751|AAQ92751.2	55.56	9	4	0	2	10	563	571	0.31	21.5
Seq7476_280_bp_1_1_1	ENA|CCP43727|CCP43727.1	50.00	10	5	0	2	11	28	37	0.62	18.5
Seq7476_280_bp_1_1_1	ENA|CAL82360|CAL82360.1	75.00	8	2	0	4	11	618	625	0.84	20.0
Seq7476_280_bp_1_1_1	ENA|CAA73529|CAA73529.1	50.00	10	5	0	3	12	82	91	0.88	17.7
Seq7476_280_bp_1_1_1	ENA|CAA28033|CAA28033.1	55.56	9	4	0	3	11	543	551	4.1	17.7
Seq7476_280_bp_1_1_1	ENA|AAC78721|AAC78721.1	50.00	8	4	0	2	9	419	426	6	16.2
Seq7476_280_bp_1_1_2	ENA|CAA29956|CAA29956.1	31.82	22	15	0	11	32	250	271	0.081	23.6
Seq7476_280_bp_1_1_2	ENA|AAC78721|AAC78721.1	29.63	28	19	1	12	38	506	533	0.21	23.0
Seq7476_280_bp_1_1_2	ENA|ABD49687|ABD49687.1	25.00	28	21	0	2	29	435	462	1.2	21.9
Seq7476_280_bp_1_1_2	ENA|AAA36539|AAA36539.1	60.00	13	4	3	31	40	11	23	1.5	19.6
Seq7476_280_bp_1_1_2	ENA|AAF79734|AAF79734.1	40.00	28	15	3	6	33	638	662	2.2	20.8
Seq7476_280_bp_1_1_2	ENA|CAA45708|CAA45708.1	33.33	21	14	0	7	27	1037	1057	2.3	20.8
Seq7476_280_bp_1_1_2	ENA|AAA18786|AAA18786.1	40.00	10	6	0	25	34	181	190	2.8	18.0
Seq7476_280_bp_1_1_2	ENA|AAQ92751|AAQ92751.2	33.33	27	18	0	1	27	180	206	3	20.2
Seq7476_280_bp_1_1_2	ENA|BAA32018|BAA32018.1	20.00	25	20	0	3	27	193	217	4.3	18.5
Seq7476_280_bp_1_1_2	ENA|ABN10845|ABN10845.1	33.33	9	6	0	31	39	100	108	4.8	16.8
Seq7476_280_bp_1_1_2	ENA|CAB75732|CAB75732.1	36.84	19	12	0	6	24	123	141	5.4	19.1
Seq7476_280_bp_1_1_2	ENA|AAC97205|AAC97205.1	25.64	39	29	0	4	42	58	96	5.7	19.1
Seq7476_280_bp_1_1_2	ENA|AAA25966|AAA25966.1	55.56	9	4	0	31	39	683	691	7.2	18.0
Seq7476_280_bp_1_1_2	ENA|CAA45199|CAA45199.1	58.33	12	5	0	2	13	50	61	10	16.8
Seq7476_280_bp_1_2_0	ENA|AAC97205|AAC97205.1	93.48	92	6	0	1	92	35	126	2e-50	187.8
Seq7476_280_bp_1_2_0	ENA|AAC08817|AAC08817.1	21.15	52	41	0	12	63	41	92	0.42	20.9
Seq7476_280_bp_1_2_0	ENA|CAD53387|CAD53387.1	37.93	29	18	0	3	31	20	48	0.73	21.8
Seq7476_280_bp_1_2_0	ENA|CAD53387|CAD53387.1	37.93	29	18	0	3	31	86	114	0.73	21.8
Seq7476_280_bp_1_2_0	ENA|CAD53387|CAD53387.1	37.93	29	18	0	3	31	152	180	0.73	21.8
Seq7476_280_bp_1_2_0	ENA|CAD53387|CAD53387.1	37.93	29	18	0	3	31	218	246	0.73	21.8
Seq7476_280_bp_1_2_0	ENA|CAD53387|CAD53387.1	37.93	29	18	0	3	31	284	312	0.73	21.8
Seq7476_280_bp_1_2_0	ENA|CAD53387|CAD53387.1	37.93	29	18	0	3	31	350	378	0.73	21.8
Seq7476_280_bp_1_2_0	ENA|CAD53387|CAD53387.1	37.93	29	18	0	3	31	416	444	0.73	21.8
Seq7476_280_bp_1_2_0	ENA|BAA32956|BAA32956.1	17.07	43	34	2	19	59	169	211	0.75	20.5
Seq7476_280_bp_1_2_0	ENA|AAI27517|AAI27517.1	19.57	48	37	2	30	75	325	372	3.7	19.6
Seq7476_280_bp_1_2_0	ENA|AAF79734|AAF79734.1	28.26	50	33	4	23	68	519	568	3.7	20.9
Seq7476_280_bp_1_2_0	ENA|ABK71357|ABK71357.1	33.33	30	20	0	1	30	149	178	4.2	18.8
Seq7476_280_bp_1_2_0	ENA|AAA36114|AAA36114.1	24.00	25	19	0	9	33	184	208	4.3	19.2
Seq7476_280_bp_1_2_0	ENA|ABD49687|ABD49687.1	11.11	36	32	0	28	63	438	473	4.4	20.9
Seq7476_280_bp_1_2_0	ENA|AAC78721|AAC78721.1	22.64	53	41	0	18	70	595	647	5.6	19.2
Seq7476_280_bp_1_2_0	ENA|ABD33854|ABD33854.1	31.25	16	11	0	51	66	49	64	7.4	15.4
Seq7476_280_bp_-1_0_0	ENA|AAA42531|AAA42531.1	46.67	15	8	0	18	32	279	293	0.65	21.6
Seq7476_280_bp_-1_0_0	ENA|CAA73529|CAA73529.1	71.43	7	2	0	44	50	38	44	2.4	19.2
Seq7476_280_bp_-1_0_0	ENA|CAA26939|CAA26939.1	28.57	21	15	0	3	23	41	61	6.9	18.7
Seq7476_280_bp_-1_0_0	ENA|BAA32956|BAA32956.1	57.14	7	3	0	48	54	8	14	7	17.2
Seq7476_280_bp_-1_0_0	ENA|ABN10845|ABN10845.1	36.36	11	7	0	38	48	46	56	7.2	17.2
Seq7476_280_bp_-1_0_0	ENA|CAA45199|CAA45199.1	40.00	15	9	0	68	82	64	78	7.9	18.2
Seq7476_280_bp_-1_1_0	ENA|CAA29968|CAA29968.1	41.18	20	10	3	27	43	20	39	1.9	18.1
Seq7476_280_bp_-1_1_0	ENA|CAA73529|CAA73529.1	43.75	18	9	2	14	31	88	103	2.6	18.1
Seq7476_280_bp_-1_1_0	ENA|BAA32956|BAA32956.1	25.00	12	9	0	10	21	153	164	3.9	17.1
Seq7476_280_bp_-1_1_0	ENA|CAA26939|CAA26939.1	50.00	8	4	0	9	16	472	479	5.3	18.1
Seq7476_280_bp_-1_1_0	ENA|AAS77176|AAS77176.1	83.33	6	1	0	9	14	146	151	5.3	17.1
Seq7476_280_bp_-1_1_0	ENA|AAA36114|AAA36114.1	40.00	10	6	0	33	42	109	118	6.6	17.6
Seq7476_280_bp_-1_1_0	ENA|CAA36214|CAA36214.1	42.11	20	11	1	26	45	213	231	7.8	16.6
Seq7476_280_bp_-1_1_0	ENA|AAR31603|AAR31603.1	25.93	27	20	0	7	33	72	98	8.3	16.6
Seq7476_280_bp_-1_1_0	ENA|AAA32624|AAA32624.1	42.86	7	4	0	9	15	424	430	9.3	17.1
Seq7476_280_bp_-1_1_1	ENA|ABD33854|ABD33854.1	57.14	7	3	0	3	9	13	19	2.7	14.0
Seq7476_280_bp_-1_1_1	ENA|ABK71357|ABK71357.1	44.44	9	5	0	4	12	247	255	3.2	16.3
Seq7476_280_bp_-1_1_1	ENA|AAC97205|AAC97205.1	75.00	8	2	0	2	9	699	706	3.2	18.0
Seq7476_280_bp_-1_1_1	ENA|CAA24711|CAA24711.1	50.00	8	4	0	3	10	108	115	4.8	14.5
Seq7476_280_bp_-1_1_1	ENA|CCP43727|CCP43727.1	37.50	8	5	0	5	12	270	277	8.8	14.5
Seq7476_280_bp_-1_1_2	ENA|AAA36539|AAA36539.1	25.00	24	18	0	1	24	315	338	3.2	18.0
Seq7476_280_bp_-1_1_2	ENA|CAA45199|CAA45199.1	71.43	7	2	0	25	31	421	427	4.4	17.5
Seq7476_280_bp_-1_1_2	ENA|CAA29956|CAA29956.1	45.45	25	12	3	8	32	146	167	5	17.0
Seq7476_280_bp_-1_1_2	ENA|CAA36214|CAA36214.1	75.00	8	2	0	23	30	136	143	5.7	16.5
Seq7476_280_bp_-1_1_2	ENA|BAA05866|BAA05866.1	50.00	10	5	0	4	13	286	295	5.7	16.5
Seq7476_280_bp_-1_1_2	ENA|CCP43727|CCP43727.1	85.71	7	1	0	2	8	236	242	6.1	16.5
Seq7476_280_bp_-1_1_2	ENA|CAA26939|CAA26939.1	46.15	13	7	0	7	19	434	446	7.4	17.0
Seq7476_280_bp_-1_2_0	ENA|CAA26023|CAA26023.1	32.61	51	31	5	24	69	57	107	0.21	22.9
Seq7476_280_bp_-1_2_0	ENA|CAA26023|CAA26023.1	32.26	31	21	0	32	62	147	177	0.43	21.9
Seq7476_280_bp_-1_2_0	ENA|CAA26023|CAA26023.1	45.83	25	13	1	21	45	17	40	0.61	21.4
Seq7476_280_bp_-1_2_0	ENA|AAR31603|AAR31603.1	31.25	16	11	0	57	72	72	87	0.53	21.4
Seq7476_280_bp_-1_2_0	ENA|BAB79260|BAB79260.1	36.36	22	14	0	41	62	239	260	0.72	21.4
Seq7476_280_bp_-1_2_0	ENA|AAS77176|AAS77176.1	66.67	9	3	0	37	45	252	260	1.4	19.8
Seq7476_280_bp_-1_2_0	ENA|AAB26998|AAB26998.1	62.50	8	3	0	55	62	3	10	1.6	17.7
Seq7476_280_bp_-1_2_0	ENA|ABD33854|ABD33854.1	25.00	12	9	0	50	61	5	16	2.7	16.6
Seq7476_280_bp_-1_2_0	ENA|AAA25966|AAA25966.1	22.73	22	17	0	8	29	352	373	4.8	19.2
Seq7476_280_bp_-1_2_0	ENA|BAA32956|BAA32956.1	38.46	13	8	0	60	72	124	136	5.9	17.1
Seq7476_280_bp_-1_2_0	ENA|ABN10845|ABN10845.1	21.88	32	25	0	28	59	22	53	6.1	17.1
Seq7476_280_bp_-1_2_0	ENA|AAA18786|AAA18786.1	33.33	15	10	0	52	66	4	18	7.4	17.1
Seq7476_280_bp_-1_2_0	ENA|AAA42531|AAA42531.1	38.46	13	8	0	32	44	282	294	7.5	17.7
Seq7476_280_bp_-1_2_0	ENA|ABD49687|ABD49687.1	55.56	9	4	0	36	44	328	336	7.7	19.8
Seq7476_280_bp_-1_2_0	ENA|CAA24711|CAA24711.1	46.15	13	7	0	44	56	101	113	9.7	16.1
Seq7476_280_bp_-1_2_0	ENA|AAA32624|AAA32624.1	36.36	27	14	5	13	39	224	245	9.9	17.7
