Seq7970_272_bp_1_0_0	ENA|AAA72732|AAA72732.1	44.44	9	5	0	5	13	298	306	1.4	17.5
Seq7970_272_bp_1_0_0	ENA|AAQ92751|AAQ92751.2	57.14	18	6	4	2	15	400	417	1.6	19.5
Seq7970_272_bp_1_0_0	ENA|AAA25966|AAA25966.1	33.33	9	6	0	2	10	125	133	1.6	18.5
Seq7970_272_bp_1_0_0	ENA|AAS77176|AAS77176.1	50.00	6	3	0	1	6	143	148	1.8	17.1
Seq7970_272_bp_1_0_0	ENA|CAA36714|CAA36714.1	66.67	6	2	0	4	9	454	459	2.1	17.5
Seq7970_272_bp_1_0_0	ENA|CAL82360|CAL82360.1	55.56	9	4	0	7	15	1025	1033	2.1	19.0
Seq7970_272_bp_1_0_0	ENA|AAA18786|AAA18786.1	80.00	5	1	0	5	9	88	92	2.3	16.6
Seq7970_272_bp_1_0_0	ENA|AAC17860|AAC17860.1	44.44	9	5	0	4	12	97	105	2.5	17.1
Seq7970_272_bp_1_0_0	ENA|BAB79260|BAB79260.1	46.15	13	7	0	3	15	51	63	2.8	17.1
Seq7970_272_bp_1_0_0	ENA|CAA24711|CAA24711.1	30.77	13	9	0	1	13	110	122	2.9	15.6
Seq7970_272_bp_1_0_0	ENA|AAB96524|AAB96524.1	75.00	4	1	0	6	9	168	171	3.1	15.6
Seq7970_272_bp_1_0_0	ENA|CAA29956|CAA29956.1	55.56	9	4	0	7	15	3	11	3.2	16.6
Seq7970_272_bp_1_0_0	ENA|BAB17681|BAB17681.1	25.00	8	6	0	3	10	76	83	3.3	16.1
Seq7970_272_bp_1_0_0	ENA|AAF79734|AAF79734.1	36.36	11	7	0	1	11	674	684	3.3	18.5
Seq7970_272_bp_1_0_0	ENA|CAA29968|CAA29968.1	33.33	6	4	0	4	9	56	61	4.5	15.1
Seq7970_272_bp_1_0_0	ENA|AAR37016|AAR37016.1	44.44	9	5	0	1	9	2247	2255	5.2	18.5
Seq7970_272_bp_1_0_0	ENA|BAA32018|BAA32018.1	28.57	14	10	0	1	14	165	178	5.3	16.6
Seq7970_272_bp_1_0_0	ENA|AAC49865|AAC49865.1	50.00	6	3	0	1	6	42	47	5.4	15.6
Seq7970_272_bp_1_0_0	ENA|AAB66912|AAB66912.1	35.71	14	9	0	1	14	760	773	5.6	17.1
Seq7970_272_bp_1_0_0	ENA|CAA11507|CAA11507.1	50.00	8	4	0	2	9	921	928	5.8	17.5
Seq7970_272_bp_1_0_0	ENA|CAA73529|CAA73529.1	80.00	5	1	0	8	12	265	269	6.2	15.1
Seq7970_272_bp_1_0_0	ENA|CAA26023|CAA26023.1	55.56	12	4	3	1	12	93	101	6.2	15.6
Seq7970_272_bp_1_0_0	ENA|AAA24145|AAA24145.1	44.44	9	5	0	2	10	154	162	7.4	15.6
Seq7970_272_bp_1_0_0	ENA|AAC78721|AAC78721.1	62.50	8	3	0	7	14	671	678	7.7	16.1
Seq7970_272_bp_1_0_0	ENA|AAA32624|AAA32624.1	62.50	8	3	0	8	15	458	465	8.3	15.6
Seq7970_272_bp_1_0_0	ENA|ABD49687|ABD49687.1	62.50	8	3	0	4	11	748	755	9.8	17.1
Seq7970_272_bp_1_0_0	ENA|AAC97205|AAC97205.1	55.56	9	4	0	2	10	630	638	9.9	16.6
Seq7970_272_bp_1_0_0	ENA|AAR31603|AAR31603.1	20.00	15	12	0	1	15	15	29	10	14.7
Seq7970_272_bp_1_0_1	ENA|AAR37016|AAR37016.1	70.00	11	3	1	1	10	1068	1078	0.49	21.5
Seq7970_272_bp_1_0_1	ENA|CAA43419|CAA43419.1	50.00	8	4	0	3	10	114	121	0.68	18.4
Seq7970_272_bp_1_0_1	ENA|BAA32956|BAA32956.1	42.86	7	4	0	2	8	85	91	3.4	15.2
Seq7970_272_bp_1_0_1	ENA|ABD49687|ABD49687.1	80.00	5	1	0	4	8	988	992	5.7	17.5
Seq7970_272_bp_1_0_1	ENA|AAB26998|AAB26998.1	50.00	4	2	0	6	9	45	48	6	12.9
Seq7970_272_bp_1_0_1	ENA|CAA11507|CAA11507.1	75.00	4	1	0	5	8	1259	1262	6.2	17.0
Seq7970_272_bp_1_0_1	ENA|CAA36214|CAA36214.1	100.00	3	0	0	8	10	174	176	6.6	14.7
Seq7970_272_bp_1_0_1	ENA|CAA29956|CAA29956.1	40.00	10	6	0	2	11	203	212	8	14.7
Seq7970_272_bp_1_0_1	ENA|CAA45708|CAA45708.1	50.00	8	4	0	1	8	1319	1326	9.2	16.6
Seq7970_272_bp_1_1_0	ENA|CAB75732|CAB75732.1	100.00	90	0	0	1	90	768	857	9.3e-58	212.0
Seq7970_272_bp_1_1_0	ENA|CAB75732|CAB75732.1	63.22	88	32	1	4	90	660	747	6.8e-32	126.0
Seq7970_272_bp_1_1_0	ENA|CAB75732|CAB75732.1	38.55	83	51	0	2	84	879	961	2.8e-14	67.6
Seq7970_272_bp_1_1_0	ENA|CAB75732|CAB75732.1	58.06	33	13	2	59	89	603	635	1.6e-05	38.5
Seq7970_272_bp_1_1_0	ENA|AAB03707|AAB03707.1	29.11	85	56	6	6	88	675	755	0.011	29.3
Seq7970_272_bp_1_1_0	ENA|AAB03707|AAB03707.1	32.43	92	50	18	3	78	838	927	0.4	24.1
Seq7970_272_bp_1_1_0	ENA|AAC17860|AAC17860.1	26.32	41	28	3	33	73	335	372	0.12	24.1
Seq7970_272_bp_1_1_0	ENA|AAC08817|AAC08817.1	22.92	48	37	0	12	59	37	84	0.27	21.5
Seq7970_272_bp_1_1_0	ENA|CAA45708|CAA45708.1	43.75	36	18	4	1	33	1187	1221	0.44	24.1
Seq7970_272_bp_1_1_0	ENA|AAC49865|AAC49865.1	32.50	46	27	6	26	67	154	197	0.46	21.8
Seq7970_272_bp_1_1_0	ENA|AAC26660|AAC26660.1	27.12	65	43	6	9	68	156	219	0.88	20.5
Seq7970_272_bp_1_1_0	ENA|AAF79734|AAF79734.1	26.32	40	28	2	15	52	457	496	1.3	22.5
Seq7970_272_bp_1_1_0	ENA|BAA32018|BAA32018.1	44.44	18	10	0	53	70	157	174	1.4	21.2
Seq7970_272_bp_1_1_0	ENA|CAA36714|CAA36714.1	34.92	71	41	8	15	80	328	395	1.6	20.5
Seq7970_272_bp_1_1_0	ENA|CAA26939|CAA26939.1	40.00	49	24	9	14	61	379	419	1.9	20.5
Seq7970_272_bp_1_1_0	ENA|BAA05866|BAA05866.1	31.25	36	22	4	6	38	19	53	2.1	19.5
Seq7970_272_bp_1_1_0	ENA|CAL82360|CAL82360.1	39.58	57	29	9	28	83	1083	1131	2.2	21.5
Seq7970_272_bp_1_1_0	ENA|CAA45199|CAA45199.1	27.78	62	39	8	6	67	333	386	2.5	19.9
Seq7970_272_bp_1_1_0	ENA|CAA29968|CAA29968.1	36.36	22	14	0	13	34	29	50	2.6	18.6
Seq7970_272_bp_1_1_0	ENA|AAA32624|AAA32624.1	41.46	53	24	12	6	46	400	452	2.8	19.9
Seq7970_272_bp_1_1_0	ENA|BAA36759|BAA36759.1	30.36	63	39	7	2	62	34	91	3	18.9
Seq7970_272_bp_1_1_0	ENA|ABD33854|ABD33854.1	30.56	38	25	2	35	72	15	50	3.2	16.6
Seq7970_272_bp_1_1_0	ENA|CAA24711|CAA24711.1	60.00	16	6	1	74	89	69	83	3.5	17.9
Seq7970_272_bp_1_1_0	ENA|AAI27517|AAI27517.1	41.18	40	20	6	17	52	113	150	4.8	19.2
Seq7970_272_bp_1_1_0	ENA|AAA36539|AAA36539.1	37.50	45	25	5	29	70	283	325	4.9	18.9
Seq7970_272_bp_1_1_0	ENA|AAQ92751|AAQ92751.2	28.30	58	38	5	30	82	1305	1362	5.7	20.2
Seq7970_272_bp_1_1_0	ENA|CAA43419|CAA43419.1	30.77	45	27	6	2	45	279	318	5.9	18.2
Seq7970_272_bp_1_1_0	ENA|AAA25966|AAA25966.1	50.00	17	8	1	3	18	596	612	5.9	19.2
Seq7970_272_bp_1_1_0	ENA|AAS77176|AAS77176.1	50.00	17	8	1	61	77	143	158	7.2	17.6
Seq7970_272_bp_1_2_0	ENA|AAA25966|AAA25966.1	56.25	16	7	0	7	22	633	648	1.6	19.3
Seq7970_272_bp_1_2_0	ENA|CAA45199|CAA45199.1	25.00	16	12	0	4	19	298	313	8.7	16.1
Seq7970_272_bp_1_2_1	ENA|AAA32624|AAA32624.1	38.46	13	8	0	1	13	124	136	0.39	19.9
Seq7970_272_bp_1_2_1	ENA|AAC26660|AAC26660.1	30.00	10	7	0	4	13	9	18	3.2	15.8
Seq7970_272_bp_1_2_1	ENA|AAA42531|AAA42531.1	100.00	4	0	0	10	13	93	96	3.4	16.4
Seq7970_272_bp_1_2_1	ENA|BAB17681|BAB17681.1	50.00	8	4	0	3	10	214	221	3.4	15.8
Seq7970_272_bp_1_2_1	ENA|AAS77176|AAS77176.1	50.00	6	3	0	8	13	137	142	3.5	15.8
Seq7970_272_bp_1_2_1	ENA|CAA24711|CAA24711.1	60.00	5	2	0	9	13	50	54	4.3	14.8
Seq7970_272_bp_1_2_1	ENA|AAA36114|AAA36114.1	50.00	6	3	0	8	13	367	372	4.4	16.4
Seq7970_272_bp_1_2_1	ENA|ABK71357|ABK71357.1	60.00	5	2	0	9	13	358	362	6.3	15.3
Seq7970_272_bp_1_2_1	ENA|CAA36714|CAA36714.1	50.00	8	4	0	2	9	244	251	7.8	15.3
Seq7970_272_bp_1_2_1	ENA|AAB03707|AAB03707.1	45.45	11	6	0	1	11	1353	1363	8	16.9
Seq7970_272_bp_1_2_1	ENA|CAA43419|CAA43419.1	66.67	6	2	0	5	10	36	41	8.7	14.8
Seq7970_272_bp_1_2_2	ENA|AAC17860|AAC17860.1	55.56	9	4	0	1	9	245	253	0.95	18.0
Seq7970_272_bp_1_2_2	ENA|AAB96524|AAB96524.1	30.00	10	7	0	1	10	39	48	2.9	15.2
Seq7970_272_bp_1_2_2	ENA|CAA45708|CAA45708.1	66.67	6	2	0	2	7	95	100	3.5	18.0
Seq7970_272_bp_1_2_2	ENA|CAA28033|CAA28033.1	44.44	9	5	0	3	11	993	1001	4.3	17.5
Seq7970_272_bp_1_2_2	ENA|CAA11507|CAA11507.1	50.00	6	3	0	2	7	120	125	4.5	17.5
Seq7970_272_bp_1_2_2	ENA|AAC40132|AAC40132.1	40.00	10	6	0	2	11	386	395	5	15.8
Seq7970_272_bp_1_2_2	ENA|AAC97205|AAC97205.1	27.27	11	8	0	1	11	805	815	5.9	16.9
Seq7970_272_bp_1_2_2	ENA|AAS77176|AAS77176.1	75.00	4	1	0	6	9	35	38	6.5	14.7
Seq7970_272_bp_1_2_2	ENA|ABD33854|ABD33854.1	100.00	4	0	0	1	4	18	21	6.7	12.5
Seq7970_272_bp_1_2_2	ENA|AAA72732|AAA72732.1	40.00	10	6	0	2	11	289	298	7	14.7
Seq7970_272_bp_1_2_2	ENA|AAA32624|AAA32624.1	18.18	11	9	0	1	11	218	228	7.9	15.2
Seq7970_272_bp_1_2_2	ENA|AAI27517|AAI27517.1	42.86	7	4	0	3	9	145	151	8.8	15.2
Seq7970_272_bp_1_2_2	ENA|CAA29968|CAA29968.1	50.00	6	3	0	2	7	100	105	9.2	13.6
Seq7970_272_bp_1_2_2	ENA|AAB03707|AAB03707.1	50.00	6	3	0	2	7	93	98	9.5	16.4
Seq7970_272_bp_1_2_2	ENA|AAC78721|AAC78721.1	100.00	3	0	0	7	9	217	219	10	15.2
Seq7970_272_bp_1_2_3	ENA|CAA28033|CAA28033.1	30.77	26	18	0	2	27	354	379	0.86	21.3
Seq7970_272_bp_1_2_3	ENA|CAB75732|CAB75732.1	36.36	22	14	0	5	26	479	500	1.3	20.5
Seq7970_272_bp_1_2_3	ENA|BAB17681|BAB17681.1	27.27	23	16	1	6	27	4	26	3.6	16.9
Seq7970_272_bp_1_2_3	ENA|ABD49687|ABD49687.1	80.00	5	1	0	24	28	1532	1536	3.9	19.4
Seq7970_272_bp_1_2_3	ENA|BAB79260|BAB79260.1	31.58	19	13	0	8	26	222	240	4.6	17.3
Seq7970_272_bp_1_2_3	ENA|CAA36214|CAA36214.1	41.67	12	7	0	6	17	63	74	5.1	16.5
Seq7970_272_bp_1_2_3	ENA|BAA05866|BAA05866.1	21.43	14	11	0	12	25	220	233	6.5	16.2
Seq7970_272_bp_1_2_3	ENA|AAC97205|AAC97205.1	34.78	27	15	4	2	28	1162	1184	7.4	18.0
Seq7970_272_bp_1_2_3	ENA|CAA36714|CAA36714.1	31.25	16	11	0	2	17	163	178	7.6	16.5
Seq7970_272_bp_1_2_3	ENA|ABD33854|ABD33854.1	37.50	20	10	4	10	29	34	49	7.8	13.6
Seq7970_272_bp_-1_0_0	ENA|AAC97205|AAC97205.1	36.11	40	23	4	2	37	582	621	6.6	18.6
Seq7970_272_bp_-1_0_0	ENA|ABD33854|ABD33854.1	38.46	15	8	2	9	23	48	60	6.9	14.3
Seq7970_272_bp_-1_0_0	ENA|CAA26939|CAA26939.1	50.00	18	9	0	23	40	92	109	8.2	17.2
Seq7970_272_bp_-1_0_0	ENA|AAC26660|AAC26660.1	29.17	24	17	0	17	40	30	53	9.9	15.7
Seq7970_272_bp_-1_0_1	ENA|AAC26660|AAC26660.1	26.67	15	11	0	6	20	10	24	0.57	19.0
Seq7970_272_bp_-1_0_1	ENA|CAA26023|CAA26023.1	38.46	13	8	0	6	18	175	187	3.1	17.1
Seq7970_272_bp_-1_0_1	ENA|CAA26939|CAA26939.1	62.50	8	3	0	10	17	558	565	4.6	17.1
Seq7970_272_bp_-1_0_1	ENA|ABN10845|ABN10845.1	45.45	11	6	0	6	16	28	38	6.5	15.2
Seq7970_272_bp_-1_0_1	ENA|BAB79260|BAB79260.1	41.67	12	7	0	7	18	352	363	7.9	16.0
Seq7970_272_bp_-1_1_0	ENA|ABN10845|ABN10845.1	46.15	13	7	0	12	24	21	33	0.37	19.9
Seq7970_272_bp_-1_1_0	ENA|AAR37016|AAR37016.1	50.00	14	7	0	13	26	1166	1179	0.56	22.7
Seq7970_272_bp_-1_1_0	ENA|ABD33854|ABD33854.1	35.71	14	9	0	11	24	6	19	2.6	15.3
Seq7970_272_bp_-1_1_0	ENA|CAA36214|CAA36214.1	53.85	15	6	2	8	20	275	289	5.8	16.3
Seq7970_272_bp_-1_1_0	ENA|AAA72732|AAA72732.1	46.15	14	7	1	7	19	5	18	6	16.3
Seq7970_272_bp_-1_1_0	ENA|CAA24711|CAA24711.1	50.00	14	6	2	7	18	114	127	6.9	15.3
Seq7970_272_bp_-1_1_0	ENA|BAA32956|BAA32956.1	31.82	25	15	3	4	25	135	159	8.3	15.3
Seq7970_272_bp_-1_1_0	ENA|BAB79260|BAB79260.1	17.65	17	14	0	5	21	192	208	8.5	16.3
Seq7970_272_bp_-1_1_0	ENA|CAA26023|CAA26023.1	33.33	15	10	0	14	28	138	152	9.1	16.0
Seq7970_272_bp_-1_1_0	ENA|AAA42531|AAA42531.1	57.14	7	3	0	1	7	87	93	9.2	16.0
Seq7970_272_bp_-1_1_0	ENA|ACT10338|ACT10338.1	62.50	9	3	1	8	16	298	305	9.2	16.0
Seq7970_272_bp_-1_1_0	ENA|CCP43727|CCP43727.1	30.00	10	7	0	20	29	3	12	9.9	15.6
Seq7970_272_bp_-1_1_1	ENA|CAA26023|CAA26023.1	50.00	6	3	0	2	7	37	42	2.1	16.8
Seq7970_272_bp_-1_1_1	ENA|BAA32991|BAA32991.1	100.00	2	0	0	4	5	28	29	2.3	14.2
Seq7970_272_bp_-1_1_1	ENA|CAA36214|CAA36214.1	60.00	5	2	0	2	6	285	289	7.2	14.6
Seq7970_272_bp_-1_1_1	ENA|CAA29968|CAA29968.1	60.00	5	2	0	2	6	80	84	8.4	13.7
Seq7970_272_bp_-1_1_1	ENA|CAA73529|CAA73529.1	100.00	3	0	0	5	7	96	98	8.7	14.2
Seq7970_272_bp_-1_1_1	ENA|AAR37016|AAR37016.1	40.00	10	6	0	1	10	2087	2096	8.9	17.2
Seq7970_272_bp_-1_1_1	ENA|CAA28033|CAA28033.1	57.14	7	3	0	4	10	1031	1037	9.1	16.4
Seq7970_272_bp_-1_1_1	ENA|ABD33854|ABD33854.1	40.00	10	6	0	1	10	8	17	9.1	12.0
Seq7970_272_bp_-1_1_2	ENA|EDO47375|EDO47375.1	50.00	8	4	0	5	12	148	155	1.3	16.7
Seq7970_272_bp_-1_1_2	ENA|BAA32991|BAA32991.1	30.77	13	9	0	1	13	48	60	2.1	14.6
Seq7970_272_bp_-1_1_2	ENA|BAA36759|BAA36759.1	60.00	5	2	0	9	13	113	117	2.6	16.3
Seq7970_272_bp_-1_1_2	ENA|AAC97205|AAC97205.1	44.44	9	5	0	2	10	265	273	6.6	17.0
Seq7970_272_bp_-1_1_2	ENA|AAA36114|AAA36114.1	38.46	13	8	0	1	13	327	339	7.1	15.6
Seq7970_272_bp_-1_1_3	ENA|AAA32624|AAA32624.1	42.11	21	11	2	3	23	467	485	0.93	19.9
Seq7970_272_bp_-1_1_3	ENA|CAA26023|CAA26023.1	50.00	15	7	1	2	15	109	123	5.4	16.9
Seq7970_272_bp_-1_1_3	ENA|BAA32956|BAA32956.1	35.00	20	13	0	5	24	132	151	6.9	15.6
Seq7970_272_bp_-1_1_3	ENA|ACH70901|ACH70901.1	33.33	24	14	3	8	31	167	187	7.6	16.3
Seq7970_272_bp_-1_1_3	ENA|BAA32991|BAA32991.1	42.11	27	11	8	9	29	23	47	7.9	13.8
Seq7970_272_bp_-1_2_0	ENA|AAR31603|AAR31603.1	57.14	14	6	0	6	19	290	303	0.9	19.0
Seq7970_272_bp_-1_2_0	ENA|AAB26998|AAB26998.1	27.78	19	13	1	1	18	36	54	2.8	15.3
Seq7970_272_bp_-1_2_0	ENA|AAI27517|AAI27517.1	46.67	16	8	1	4	19	421	435	4	17.7
Seq7970_272_bp_-1_2_0	ENA|CAL82360|CAL82360.1	41.67	32	14	8	1	24	791	822	4.3	18.7
Seq7970_272_bp_-1_2_0	ENA|ABN10845|ABN10845.1	23.53	17	13	0	9	25	163	179	6	15.6
Seq7970_272_bp_-1_2_0	ENA|BAA32991|BAA32991.1	30.00	23	14	3	1	20	29	51	6.1	14.0
Seq7970_272_bp_-1_2_0	ENA|AAC08817|AAC08817.1	20.83	24	19	0	1	24	96	119	8.5	14.6
Seq7970_272_bp_-1_2_1	ENA|AAR37016|AAR37016.1	32.35	36	23	2	2	35	1847	1882	0.043	26.7
Seq7970_272_bp_-1_2_1	ENA|ABN10845|ABN10845.1	37.04	27	17	0	2	28	113	139	0.054	23.0
Seq7970_272_bp_-1_2_1	ENA|AAA36114|AAA36114.1	29.41	17	12	0	11	27	60	76	0.22	22.1
Seq7970_272_bp_-1_2_1	ENA|AAB66912|AAB66912.1	26.67	31	22	1	2	32	46	75	0.55	21.7
Seq7970_272_bp_-1_2_1	ENA|AAA72732|AAA72732.1	33.33	18	12	0	9	26	38	55	1.4	18.8
Seq7970_272_bp_-1_2_1	ENA|CAB75732|CAB75732.1	44.44	18	10	0	7	24	585	602	1.6	20.5
Seq7970_272_bp_-1_2_1	ENA|AAC97205|AAC97205.1	28.57	28	20	0	6	33	771	798	1.7	20.5
Seq7970_272_bp_-1_2_1	ENA|CAA26939|CAA26939.1	32.14	30	19	2	7	34	163	192	1.9	19.2
Seq7970_272_bp_-1_2_1	ENA|AAA32624|AAA32624.1	38.10	21	13	0	15	35	226	246	4	18.0
Seq7970_272_bp_-1_2_1	ENA|AAR31603|AAR31603.1	61.54	14	5	1	7	19	300	313	4.4	17.1
Seq7970_272_bp_-1_2_1	ENA|CAA45199|CAA45199.1	38.10	21	13	0	8	28	37	57	4.8	17.5
Seq7970_272_bp_-1_2_1	ENA|CAA45708|CAA45708.1	36.00	25	16	0	10	34	87	111	4.9	19.2
Seq7970_272_bp_-1_2_1	ENA|ABK71357|ABK71357.1	26.67	30	22	0	6	35	242	271	5	17.1
Seq7970_272_bp_-1_2_1	ENA|AAC17860|AAC17860.1	50.00	12	6	0	18	29	112	123	5.5	17.1
Seq7970_272_bp_-1_2_1	ENA|CCP43727|CCP43727.1	20.69	29	23	0	3	31	25	53	5.8	16.7
Seq7970_272_bp_-1_2_1	ENA|AAC26660|AAC26660.1	31.58	19	13	0	8	26	71	89	6.1	16.3
Seq7970_272_bp_-1_2_1	ENA|ACH70901|ACH70901.1	44.44	20	10	2	1	18	215	234	6.4	16.7
Seq7970_272_bp_-1_2_1	ENA|CAA26023|CAA26023.1	25.81	32	23	1	2	33	79	109	6.8	16.7
Seq7970_272_bp_-1_2_1	ENA|BAA32018|BAA32018.1	29.03	31	22	0	1	31	373	403	8.2	17.1
Seq7970_272_bp_-1_2_1	ENA|CAL82360|CAL82360.1	35.00	22	13	2	4	23	1146	1167	9.3	18.0
Seq7970_272_bp_-1_2_1	ENA|AAQ92751|AAQ92751.2	41.67	12	7	0	17	28	1099	1110	9.9	18.0
