Seq7613_242_bp_1_0_0	ENA|AAI27517|AAI27517.1	33.78	85	49	11	1	78	273	353	0.0048	29.1
Seq7613_242_bp_1_0_0	ENA|ABD49687|ABD49687.1	27.54	76	50	7	3	76	76	146	0.12	26.0
Seq7613_242_bp_1_0_0	ENA|ABD49687|ABD49687.1	23.33	61	46	1	4	64	673	732	0.35	24.4
Seq7613_242_bp_1_0_0	ENA|AAR37016|AAR37016.1	26.39	77	53	5	1	75	1321	1394	0.12	26.4
Seq7613_242_bp_1_0_0	ENA|AAA36539|AAA36539.1	22.95	68	47	7	8	75	76	136	0.15	23.8
Seq7613_242_bp_1_0_0	ENA|BAA05866|BAA05866.1	26.03	79	54	6	4	79	148	223	0.34	22.0
Seq7613_242_bp_1_0_0	ENA|AAC08817|AAC08817.1	27.08	52	35	4	2	53	106	153	0.51	20.4
Seq7613_242_bp_1_0_0	ENA|ACT10338|ACT10338.1	25.37	70	50	3	7	75	59	126	0.58	21.5
Seq7613_242_bp_1_0_0	ENA|AAA25966|AAA25966.1	28.81	74	42	15	2	65	125	193	0.59	22.4
Seq7613_242_bp_1_0_0	ENA|BAA32018|BAA32018.1	26.87	73	49	6	5	74	489	558	0.8	21.8
Seq7613_242_bp_1_0_0	ENA|CAD53387|CAD53387.1	32.08	65	36	12	22	74	406	470	0.87	21.3
Seq7613_242_bp_1_0_0	ENA|AAC97205|AAC97205.1	28.79	74	47	8	7	74	16	87	1.2	22.2
Seq7613_242_bp_1_0_0	ENA|AAR31603|AAR31603.1	26.76	77	52	6	3	77	242	314	1.2	20.2
Seq7613_242_bp_1_0_0	ENA|CAA36714|CAA36714.1	29.17	88	51	16	3	77	386	470	1.7	20.2
Seq7613_242_bp_1_0_0	ENA|AAB96524|AAB96524.1	23.40	55	36	8	2	56	79	125	2	18.7
Seq7613_242_bp_1_0_0	ENA|BAA36759|BAA36759.1	16.18	70	57	2	5	74	121	188	2.7	18.9
Seq7613_242_bp_1_0_0	ENA|AAF79734|AAF79734.1	20.27	79	59	5	4	80	519	594	2.9	21.1
Seq7613_242_bp_1_0_0	ENA|ABK71357|ABK71357.1	23.44	71	49	7	7	72	12	80	3	19.1
Seq7613_242_bp_1_0_0	ENA|AAB66912|AAB66912.1	32.26	36	21	5	1	36	574	604	3.4	20.2
Seq7613_242_bp_1_0_0	ENA|AAA24145|AAA24145.1	20.00	66	52	1	6	70	7	72	3.6	19.1
Seq7613_242_bp_1_0_0	ENA|AAA18786|AAA18786.1	33.33	24	16	0	52	75	61	84	3.9	18.2
Seq7613_242_bp_1_0_0	ENA|CAA43419|CAA43419.1	22.03	60	46	1	5	63	40	99	4.6	18.4
Seq7613_242_bp_1_0_0	ENA|ACH70901|ACH70901.1	28.57	30	20	2	5	32	289	318	6.9	17.8
Seq7613_242_bp_1_0_0	ENA|CAA28033|CAA28033.1	21.82	68	43	13	6	73	23	77	7.3	19.5
Seq7613_242_bp_1_0_0	ENA|BAA32991|BAA32991.1	26.09	23	17	0	19	41	7	29	8.2	15.1
Seq7613_242_bp_1_0_0	ENA|CAA45708|CAA45708.1	25.53	48	35	1	19	66	1138	1184	8.5	19.5
Seq7613_242_bp_1_0_0	ENA|BAA32956|BAA32956.1	22.64	55	41	2	17	71	56	108	8.6	16.7
Seq7613_242_bp_1_0_0	ENA|CAA29968|CAA29968.1	33.33	38	24	2	6	41	70	107	9.2	16.4
Seq7613_242_bp_1_0_0	ENA|AAC78721|AAC78721.1	28.00	83	54	8	3	79	356	436	9.3	18.2
Seq7613_242_bp_1_0_0	ENA|AAC49865|AAC49865.1	17.91	69	55	2	6	73	260	327	9.7	17.1
Seq7613_242_bp_1_1_0	ENA|BAA32991|BAA32991.1	29.63	30	19	3	9	37	33	60	2.2	16.7
Seq7613_242_bp_1_1_1	ENA|AAC97205|AAC97205.1	57.14	7	3	0	2	8	279	285	1.5	19.1
Seq7613_242_bp_1_1_1	ENA|ABK71357|ABK71357.1	66.67	11	3	2	1	9	301	311	6.7	15.1
Seq7613_242_bp_1_2_0	ENA|AAR37016|AAR37016.1	98.75	80	1	0	1	80	635	714	1.8e-33	132.1
Seq7613_242_bp_1_2_0	ENA|ABD49687|ABD49687.1	27.14	74	51	4	2	73	118	189	0.0098	29.6
Seq7613_242_bp_1_2_0	ENA|AAC08817|AAC08817.1	13.85	65	56	0	14	78	7	71	0.097	22.8
Seq7613_242_bp_1_2_0	ENA|AAC49865|AAC49865.1	20.31	64	51	0	9	72	137	200	0.15	23.3
Seq7613_242_bp_1_2_0	ENA|CAA29968|CAA29968.1	16.18	72	57	4	2	73	71	138	0.2	22.1
Seq7613_242_bp_1_2_0	ENA|AAC97205|AAC97205.1	25.49	53	38	2	21	73	995	1045	0.29	24.2
Seq7613_242_bp_1_2_0	ENA|AAC97205|AAC97205.1	18.57	76	57	6	1	70	863	938	0.76	22.8
Seq7613_242_bp_1_2_0	ENA|AAC97205|AAC97205.1	31.82	85	45	19	14	80	1079	1162	0.76	22.8
Seq7613_242_bp_1_2_0	ENA|AAF79734|AAF79734.1	23.29	77	56	4	3	79	518	590	0.4	24.0
Seq7613_242_bp_1_2_0	ENA|ABK71357|ABK71357.1	35.19	69	35	15	1	68	61	115	0.61	21.4
Seq7613_242_bp_1_2_0	ENA|BAA32018|BAA32018.1	26.56	69	47	5	7	71	513	580	0.63	22.1
Seq7613_242_bp_1_2_0	ENA|BAA32991|BAA32991.1	25.81	31	23	0	14	44	33	63	0.66	18.9
Seq7613_242_bp_1_2_0	ENA|BAA05866|BAA05866.1	19.23	52	42	0	20	71	247	298	0.95	20.5
Seq7613_242_bp_1_2_0	ENA|AAC40132|AAC40132.1	32.69	63	35	11	9	68	342	396	1.1	21.0
Seq7613_242_bp_1_2_0	ENA|AAI27517|AAI27517.1	26.87	72	49	5	2	72	504	571	1.5	20.7
Seq7613_242_bp_1_2_0	ENA|CAB75732|CAB75732.1	15.07	74	62	1	1	74	177	249	1.6	21.7
Seq7613_242_bp_1_2_0	ENA|AAA36114|AAA36114.1	26.98	67	46	4	1	67	96	158	1.8	20.3
Seq7613_242_bp_1_2_0	ENA|CAA36214|CAA36214.1	22.64	55	41	2	1	53	212	266	2.1	19.3
Seq7613_242_bp_1_2_0	ENA|ACT10338|ACT10338.1	23.33	62	46	2	1	60	90	151	2.7	19.3
Seq7613_242_bp_1_2_0	ENA|AAC78721|AAC78721.1	20.27	78	59	4	4	80	104	178	3.3	19.8
Seq7613_242_bp_1_2_0	ENA|AAC26660|AAC26660.1	25.81	71	46	9	1	65	118	185	3.3	18.4
Seq7613_242_bp_1_2_0	ENA|AAA42531|AAA42531.1	34.62	61	34	9	9	68	323	375	3.6	18.9
Seq7613_242_bp_1_2_0	ENA|CAA45199|CAA45199.1	26.47	75	50	7	3	76	181	249	3.8	19.1
Seq7613_242_bp_1_2_0	ENA|BAA32956|BAA32956.1	31.58	70	39	13	7	68	15	79	4.4	17.7
Seq7613_242_bp_1_2_0	ENA|ACH70901|ACH70901.1	23.44	67	49	3	6	71	184	248	4.6	18.4
Seq7613_242_bp_1_2_0	ENA|CAA11507|CAA11507.1	18.87	53	43	0	15	67	614	666	4.8	20.3
Seq7613_242_bp_1_2_0	ENA|BAB17681|BAB17681.1	30.95	46	29	4	31	76	229	270	4.8	17.9
Seq7613_242_bp_1_2_0	ENA|AAA25966|AAA25966.1	25.32	87	59	8	1	79	473	559	4.9	19.3
Seq7613_242_bp_1_2_0	ENA|AAB66912|AAB66912.1	26.92	53	38	1	27	78	4	56	5.3	19.6
Seq7613_242_bp_1_2_0	ENA|CAA29956|CAA29956.1	22.73	78	51	12	9	74	113	190	5.6	18.2
Seq7613_242_bp_1_2_0	ENA|AAR31603|AAR31603.1	32.43	39	25	2	2	38	274	312	5.8	17.9
Seq7613_242_bp_1_2_0	ENA|AAB26998|AAB26998.1	21.15	56	41	4	5	60	28	79	5.9	15.8
Seq7613_242_bp_1_2_0	ENA|CAD53387|CAD53387.1	24.14	60	44	2	16	73	15	74	6.3	18.4
Seq7613_242_bp_1_2_0	ENA|CAA26939|CAA26939.1	28.81	70	42	11	15	78	119	183	7.1	18.4
Seq7613_242_bp_1_2_0	ENA|CAA45708|CAA45708.1	27.69	76	47	11	1	75	1010	1075	7.2	19.8
Seq7613_242_bp_1_2_0	ENA|AAA36539|AAA36539.1	25.37	82	50	15	1	77	45	116	8.1	17.9
Seq7613_242_bp_-1_0_0	ENA|ABN10845|ABN10845.1	26.67	87	55	12	2	79	26	109	0.18	22.4
Seq7613_242_bp_-1_0_0	ENA|AAA42531|AAA42531.1	26.15	73	48	8	5	72	129	198	1.1	20.6
Seq7613_242_bp_-1_0_0	ENA|CAA26939|CAA26939.1	19.18	75	59	2	7	79	371	445	1.4	20.8
Seq7613_242_bp_-1_0_0	ENA|BAA32991|BAA32991.1	26.19	46	31	4	26	71	2	43	3.2	16.5
Seq7613_242_bp_-1_0_0	ENA|AAA18786|AAA18786.1	37.50	62	30	14	12	71	2	51	4.2	18.1
Seq7613_242_bp_-1_0_0	ENA|CAA36214|CAA36214.1	21.05	82	60	6	1	76	215	296	5.5	17.9
Seq7613_242_bp_-1_0_0	ENA|BAB79260|BAB79260.1	23.81	65	48	2	9	72	390	453	6.2	18.3
Seq7613_242_bp_-1_0_0	ENA|CAA36714|CAA36714.1	20.31	73	51	9	14	80	331	400	7.2	18.1
Seq7613_242_bp_-1_0_0	ENA|ABD49687|ABD49687.1	22.92	51	37	3	27	76	959	1007	7.8	19.8
Seq7613_242_bp_-1_0_0	ENA|AAA32624|AAA32624.1	22.22	76	56	4	7	79	323	397	8	18.1
Seq7613_242_bp_-1_0_0	ENA|CAA29956|CAA29956.1	20.00	47	36	2	30	76	118	162	8.6	17.5
Seq7613_242_bp_-1_0_0	ENA|CAA26023|CAA26023.1	22.54	90	55	19	4	77	52	138	8.7	17.5
Seq7613_242_bp_-1_1_0	ENA|AAI27517|AAI27517.1	27.94	76	49	8	1	68	395	470	0.038	26.1
Seq7613_242_bp_-1_1_0	ENA|ABK71357|ABK71357.1	24.29	77	53	7	3	74	128	202	0.076	24.4
Seq7613_242_bp_-1_1_0	ENA|AAR37016|AAR37016.1	37.29	78	37	19	4	67	1558	1630	0.091	26.8
Seq7613_242_bp_-1_1_0	ENA|AAR37016|AAR37016.1	35.38	77	42	12	4	71	675	748	0.67	23.9
Seq7613_242_bp_-1_1_0	ENA|AAC40132|AAC40132.1	22.39	73	52	6	2	68	311	383	0.19	23.5
Seq7613_242_bp_-1_1_0	ENA|ABD49687|ABD49687.1	24.68	86	58	9	2	78	70	155	0.25	24.9
Seq7613_242_bp_-1_1_0	ENA|CCP43727|CCP43727.1	20.00	72	56	2	8	79	128	197	0.25	22.5
Seq7613_242_bp_-1_1_0	ENA|CAA11507|CAA11507.1	23.08	69	50	4	8	73	284	351	0.28	24.4
Seq7613_242_bp_-1_1_0	ENA|BAA32956|BAA32956.1	17.65	71	56	3	1	70	11	79	0.32	21.5
Seq7613_242_bp_-1_1_0	ENA|CAA45708|CAA45708.1	30.00	68	42	8	16	79	311	374	0.37	24.2
Seq7613_242_bp_-1_1_0	ENA|BAA32991|BAA32991.1	39.13	27	14	4	1	27	13	35	0.46	19.4
Seq7613_242_bp_-1_1_0	ENA|AAA25966|AAA25966.1	24.64	76	52	7	9	80	143	215	0.48	22.7
Seq7613_242_bp_-1_1_0	ENA|CAA29956|CAA29956.1	23.33	62	46	2	17	78	124	183	0.48	21.8
Seq7613_242_bp_-1_1_0	ENA|CAA26023|CAA26023.1	21.05	83	60	7	2	79	238	318	0.49	21.8
Seq7613_242_bp_-1_1_0	ENA|AAB26998|AAB26998.1	31.58	42	26	4	14	55	12	49	0.53	19.4
Seq7613_242_bp_-1_1_0	ENA|AAC08817|AAC08817.1	26.79	66	41	10	16	77	2	61	0.89	19.6
Seq7613_242_bp_-1_1_0	ENA|AAC97205|AAC97205.1	25.00	89	57	13	3	79	885	972	0.95	22.5
Seq7613_242_bp_-1_1_0	ENA|AAA32624|AAA32624.1	27.69	76	47	11	12	77	435	509	1.1	21.1
Seq7613_242_bp_-1_1_0	ENA|BAB17681|BAB17681.1	21.43	77	55	7	4	78	174	245	1.1	20.1
Seq7613_242_bp_-1_1_0	ENA|ACT10338|ACT10338.1	33.33	95	48	23	4	80	132	221	1.1	20.6
Seq7613_242_bp_-1_1_0	ENA|ACH70901|ACH70901.1	20.63	70	50	7	8	77	71	133	1.2	20.3
Seq7613_242_bp_-1_1_0	ENA|CAA45199|CAA45199.1	22.41	60	45	2	19	78	363	420	1.6	20.3
Seq7613_242_bp_-1_1_0	ENA|AAA18786|AAA18786.1	25.00	45	33	1	31	74	67	111	1.8	19.4
Seq7613_242_bp_-1_1_0	ENA|AAC49865|AAC49865.1	22.22	78	56	6	1	78	99	170	1.8	19.6
Seq7613_242_bp_-1_1_0	ENA|AAC17860|AAC17860.1	23.61	83	55	11	5	76	77	159	2.3	19.6
Seq7613_242_bp_-1_1_0	ENA|AAA24145|AAA24145.1	26.98	70	46	7	9	78	120	182	2.6	19.6
Seq7613_242_bp_-1_1_0	ENA|AAQ92751|AAQ92751.2	32.69	63	35	11	28	79	518	580	2.8	21.1
Seq7613_242_bp_-1_1_0	ENA|ABN10845|ABN10845.1	28.21	41	28	2	16	55	54	93	3.3	18.2
Seq7613_242_bp_-1_1_0	ENA|AAF79734|AAF79734.1	27.27	75	48	9	3	74	445	513	4.1	20.6
Seq7613_242_bp_-1_1_0	ENA|AAA36539|AAA36539.1	23.08	77	50	12	4	80	60	124	4.3	18.9
Seq7613_242_bp_-1_1_0	ENA|CAA36214|CAA36214.1	24.07	59	41	5	2	55	225	283	4.5	18.2
Seq7613_242_bp_-1_1_0	ENA|CAB75732|CAB75732.1	26.79	62	41	6	19	79	605	661	4.6	20.1
Seq7613_242_bp_-1_1_0	ENA|CAA26939|CAA26939.1	26.03	80	54	7	5	80	418	494	5.1	18.9
Seq7613_242_bp_-1_1_0	ENA|BAA36759|BAA36759.1	27.27	39	24	6	1	34	114	151	5.9	17.7
Seq7613_242_bp_-1_1_0	ENA|AAR31603|AAR31603.1	21.74	78	54	9	1	76	63	133	6.7	17.7
Seq7613_242_bp_-1_1_0	ENA|CAA24711|CAA24711.1	28.95	45	27	7	29	72	2	40	6.8	16.7
Seq7613_242_bp_-1_1_0	ENA|AAC26660|AAC26660.1	31.58	19	13	0	17	35	214	232	7.2	17.2
Seq7613_242_bp_-1_1_0	ENA|BAB79260|BAB79260.1	35.14	50	24	13	8	53	402	442	7.7	17.9
Seq7613_242_bp_-1_1_0	ENA|AAA36114|AAA36114.1	33.33	58	34	7	18	71	416	470	8.6	17.9
Seq7613_242_bp_-1_1_0	ENA|AAA42531|AAA42531.1	23.08	53	40	1	26	77	83	135	9.1	17.5
Seq7613_242_bp_-1_2_0	ENA|ABD49687|ABD49687.1	27.40	81	53	8	1	73	822	902	0.13	25.9
Seq7613_242_bp_-1_2_0	ENA|ABD49687|ABD49687.1	18.67	78	61	3	1	76	77	153	0.33	24.5
Seq7613_242_bp_-1_2_0	ENA|AAC97205|AAC97205.1	27.54	86	50	17	1	79	16	91	0.2	24.7
Seq7613_242_bp_-1_2_0	ENA|AAC97205|AAC97205.1	30.00	80	49	10	3	76	659	734	0.62	23.1
Seq7613_242_bp_-1_2_0	ENA|BAA32956|BAA32956.1	27.59	66	42	8	7	72	26	83	0.32	21.5
Seq7613_242_bp_-1_2_0	ENA|CAD53387|CAD53387.1	25.40	72	47	9	11	77	397	464	0.35	22.7
Seq7613_242_bp_-1_2_0	ENA|CAD53387|CAD53387.1	24.59	70	46	9	11	75	67	132	0.77	21.5
Seq7613_242_bp_-1_2_0	ENA|CAD53387|CAD53387.1	24.59	70	46	9	11	75	133	198	0.77	21.5
Seq7613_242_bp_-1_2_0	ENA|CAD53387|CAD53387.1	24.59	70	46	9	11	75	199	264	0.77	21.5
Seq7613_242_bp_-1_2_0	ENA|CAD53387|CAD53387.1	24.59	70	46	9	11	75	265	330	0.77	21.5
Seq7613_242_bp_-1_2_0	ENA|CAD53387|CAD53387.1	24.59	70	46	9	11	75	331	396	0.77	21.5
Seq7613_242_bp_-1_2_0	ENA|AAA32624|AAA32624.1	30.36	66	39	10	7	69	198	256	0.36	22.7
Seq7613_242_bp_-1_2_0	ENA|AAA32624|AAA32624.1	25.35	78	53	7	1	74	108	182	0.69	21.7
Seq7613_242_bp_-1_2_0	ENA|AAI27517|AAI27517.1	30.65	77	43	15	6	69	447	521	0.41	22.7
Seq7613_242_bp_-1_2_0	ENA|AAI27517|AAI27517.1	20.27	80	59	6	1	80	296	369	0.77	21.7
Seq7613_242_bp_-1_2_0	ENA|BAA32018|BAA32018.1	18.42	78	62	2	1	78	522	597	0.44	22.7
Seq7613_242_bp_-1_2_0	ENA|AAR31603|AAR31603.1	26.47	80	50	12	4	71	149	228	0.51	21.5
Seq7613_242_bp_-1_2_0	ENA|CAA73529|CAA73529.1	26.00	55	37	5	7	61	209	258	0.58	21.0
Seq7613_242_bp_-1_2_0	ENA|CAB75732|CAB75732.1	21.79	84	61	6	1	79	604	686	0.58	23.1
Seq7613_242_bp_-1_2_0	ENA|AAA25966|AAA25966.1	23.61	81	55	9	1	73	491	570	0.59	22.4
Seq7613_242_bp_-1_2_0	ENA|AAC08817|AAC08817.1	24.64	79	52	10	5	80	1	72	0.63	20.1
Seq7613_242_bp_-1_2_0	ENA|ABK71357|ABK71357.1	29.79	59	33	12	17	70	29	80	0.92	20.8
Seq7613_242_bp_-1_2_0	ENA|CAA24711|CAA24711.1	20.55	82	58	9	8	80	93	174	1.1	19.4
Seq7613_242_bp_-1_2_0	ENA|AAA24145|AAA24145.1	21.54	69	51	4	1	68	71	136	1.1	20.8
Seq7613_242_bp_-1_2_0	ENA|AAR37016|AAR37016.1	25.00	84	57	8	2	80	969	1049	1.2	23.1
Seq7613_242_bp_-1_2_0	ENA|AAB66912|AAB66912.1	25.68	80	55	6	4	77	38	117	1.2	21.7
Seq7613_242_bp_-1_2_0	ENA|AAB03707|AAB03707.1	22.54	73	55	2	8	79	985	1056	1.3	22.2
Seq7613_242_bp_-1_2_0	ENA|EDO47375|EDO47375.1	27.27	50	32	6	27	76	50	93	1.7	19.0
Seq7613_242_bp_-1_2_0	ENA|CAA45199|CAA45199.1	22.97	81	57	7	1	79	263	338	2.2	19.9
Seq7613_242_bp_-1_2_0	ENA|AAA36539|AAA36539.1	24.14	65	44	7	7	67	11	72	2.6	19.7
Seq7613_242_bp_-1_2_0	ENA|CAA26023|CAA26023.1	39.39	39	20	6	29	67	176	208	3.3	19.0
Seq7613_242_bp_-1_2_0	ENA|CAA26939|CAA26939.1	19.72	72	57	1	2	73	387	457	3.6	19.4
Seq7613_242_bp_-1_2_0	ENA|CAA29968|CAA29968.1	21.43	68	44	12	2	67	53	110	3.7	17.8
Seq7613_242_bp_-1_2_0	ENA|ACT10338|ACT10338.1	18.18	78	63	1	1	78	30	106	5.3	18.3
Seq7613_242_bp_-1_2_0	ENA|CAL82360|CAL82360.1	38.10	21	13	0	7	27	1266	1286	5.8	19.9
Seq7613_242_bp_-1_2_0	ENA|BAA36759|BAA36759.1	26.42	61	39	8	1	53	11	71	6.3	17.6
Seq7613_242_bp_-1_2_0	ENA|AAC78721|AAC78721.1	19.12	73	55	5	1	70	161	231	6.6	18.7
Seq7613_242_bp_-1_2_0	ENA|AAQ92751|AAQ92751.2	23.08	82	60	4	3	80	299	380	7.2	19.7
Seq7613_242_bp_-1_2_0	ENA|BAB17681|BAB17681.1	26.53	56	36	7	7	56	219	273	8.1	17.1
Seq7613_242_bp_-1_2_0	ENA|CAA11507|CAA11507.1	30.91	59	38	4	23	78	39	96	8.2	19.4
Seq7613_242_bp_-1_2_0	ENA|AAS77176|AAS77176.1	21.05	59	45	2	20	78	141	197	9.9	16.9
