Seq7670_254_bp_1_0_0	ENA|AAS77176|AAS77176.1	100.00	76	0	0	1	76	216	291	9.2e-56	203.1
Seq7670_254_bp_1_0_0	ENA|CAA28033|CAA28033.1	45.45	37	18	4	9	45	206	238	0.033	27.4
Seq7670_254_bp_1_0_0	ENA|BAB17681|BAB17681.1	50.00	16	8	0	22	37	112	127	0.15	22.9
Seq7670_254_bp_1_0_0	ENA|BAA05866|BAA05866.1	41.67	12	7	0	11	22	249	260	0.95	20.4
Seq7670_254_bp_1_0_0	ENA|AAR37016|AAR37016.1	25.00	20	15	0	22	41	89	108	1.3	22.9
Seq7670_254_bp_1_0_0	ENA|AAA42531|AAA42531.1	30.43	23	16	0	36	58	150	172	2.4	19.4
Seq7670_254_bp_1_0_0	ENA|AAA36539|AAA36539.1	29.41	17	12	0	31	47	264	280	4	18.9
Seq7670_254_bp_1_0_0	ENA|ABG75784|ABG75784.1	50.00	18	8	2	28	43	272	289	5.2	18.0
Seq7670_254_bp_1_0_0	ENA|BAA32018|BAA32018.1	45.45	11	6	0	66	76	238	248	5.2	18.9
Seq7670_254_bp_1_0_0	ENA|AAC40132|AAC40132.1	42.11	22	11	3	1	19	235	256	5.6	18.5
Seq7670_254_bp_1_0_0	ENA|ABD33854|ABD33854.1	38.46	13	8	0	37	49	5	17	5.9	15.5
Seq7670_254_bp_1_0_0	ENA|ABK71357|ABK71357.1	55.56	9	4	0	11	19	20	28	6.1	18.0
Seq7670_254_bp_1_0_0	ENA|BAA32956|BAA32956.1	35.71	14	9	0	7	20	36	49	6.8	17.0
Seq7670_254_bp_1_0_0	ENA|CAL82360|CAL82360.1	31.25	16	11	0	22	37	466	481	7.4	19.4
Seq7670_254_bp_1_0_0	ENA|CAA11507|CAA11507.1	40.00	10	6	0	2	11	60	69	7.9	19.4
Seq7670_254_bp_1_0_0	ENA|AAB03707|AAB03707.1	31.58	19	13	0	55	73	421	439	8	19.4
Seq7670_254_bp_1_0_0	ENA|CAA43419|CAA43419.1	38.46	13	8	0	28	40	78	90	8.3	17.5
Seq7670_254_bp_1_0_0	ENA|CAA45708|CAA45708.1	44.44	9	5	0	3	11	34	42	8.7	19.4
Seq7670_254_bp_1_1_0	ENA|BAB79260|BAB79260.1	50.00	8	4	0	10	17	198	205	0.32	22.2
Seq7670_254_bp_1_1_0	ENA|CAA26023|CAA26023.1	35.29	18	11	1	40	57	162	178	0.54	21.1
Seq7670_254_bp_1_1_0	ENA|AAB26998|AAB26998.1	27.78	18	13	0	1	18	2	19	0.65	18.6
Seq7670_254_bp_1_1_0	ENA|AAA36539|AAA36539.1	33.33	12	8	0	31	42	11	22	0.67	21.1
Seq7670_254_bp_1_1_0	ENA|AAA36114|AAA36114.1	30.77	13	9	0	16	28	270	282	2.9	19.1
Seq7670_254_bp_1_1_0	ENA|BAA05866|BAA05866.1	38.46	13	8	0	1	13	220	232	3.5	18.1
Seq7670_254_bp_1_1_0	ENA|CAL82360|CAL82360.1	43.75	17	9	1	13	28	1014	1030	3.6	20.1
Seq7670_254_bp_1_1_0	ENA|AAC40132|AAC40132.1	57.14	7	3	0	13	19	72	78	3.8	18.6
Seq7670_254_bp_1_1_0	ENA|ABD49687|ABD49687.1	43.75	17	9	1	24	40	230	245	4.7	20.1
Seq7670_254_bp_1_1_0	ENA|BAB17681|BAB17681.1	18.75	16	13	0	13	28	37	52	6.2	17.0
Seq7670_254_bp_1_1_0	ENA|CAA73529|CAA73529.1	50.00	10	5	0	40	49	36	45	6.2	17.0
Seq7670_254_bp_1_1_0	ENA|CAA29968|CAA29968.1	66.67	6	2	0	46	51	33	38	6.3	16.5
Seq7670_254_bp_1_1_0	ENA|BAA32991|BAA32991.1	33.33	6	4	0	37	42	23	28	6.4	15.0
Seq7670_254_bp_1_1_0	ENA|ABN10845|ABN10845.1	30.00	20	14	0	3	22	99	118	7	16.5
Seq7670_254_bp_1_1_0	ENA|AAC26660|AAC26660.1	38.46	13	8	0	8	20	6	18	8.2	16.5
Seq7670_254_bp_1_1_0	ENA|EDO47375|EDO47375.1	41.67	12	7	0	7	18	33	44	8.5	16.0
Seq7670_254_bp_1_1_0	ENA|CAA36214|CAA36214.1	50.00	6	3	0	2	7	282	287	9.6	16.5
Seq7670_254_bp_1_1_1	ENA|CAL82360|CAL82360.1	57.14	7	3	0	6	12	983	989	0.19	22.3
Seq7670_254_bp_1_1_1	ENA|AAA18786|AAA18786.1	30.77	13	9	0	1	13	82	94	0.22	19.8
Seq7670_254_bp_1_1_1	ENA|AAA72732|AAA72732.1	50.00	8	4	0	1	8	292	299	0.4	19.2
Seq7670_254_bp_1_1_1	ENA|CAA73529|CAA73529.1	42.86	7	4	0	4	10	36	42	0.54	18.5
Seq7670_254_bp_1_1_1	ENA|CAA26023|CAA26023.1	50.00	8	4	0	3	10	160	167	0.75	18.5
Seq7670_254_bp_1_1_1	ENA|AAC49865|AAC49865.1	100.00	5	0	0	2	6	229	233	1.5	17.3
Seq7670_254_bp_1_1_1	ENA|AAR31603|AAR31603.1	50.00	8	4	0	1	8	75	82	1.5	17.3
Seq7670_254_bp_1_1_1	ENA|AAB03707|AAB03707.1	15.38	13	11	0	1	13	818	830	1.7	19.2
Seq7670_254_bp_1_1_1	ENA|AAR37016|AAR37016.1	50.00	6	3	0	7	12	570	575	1.9	19.8
Seq7670_254_bp_1_1_1	ENA|BAB17681|BAB17681.1	60.00	5	2	0	8	12	23	27	2	16.6
Seq7670_254_bp_1_1_1	ENA|BAB79260|BAB79260.1	40.00	5	3	0	4	8	438	442	2.1	17.3
Seq7670_254_bp_1_1_1	ENA|ABD49687|ABD49687.1	44.44	9	5	0	5	13	1360	1368	3.3	18.5
Seq7670_254_bp_1_1_1	ENA|AAC40132|AAC40132.1	40.00	10	6	0	4	13	42	51	3.4	16.6
Seq7670_254_bp_1_1_1	ENA|CAA28033|CAA28033.1	33.33	9	6	0	1	9	1111	1119	3.8	17.9
Seq7670_254_bp_1_1_1	ENA|AAI27517|AAI27517.1	33.33	12	8	0	1	12	13	24	4.1	16.6
Seq7670_254_bp_1_1_1	ENA|ACT10338|ACT10338.1	33.33	6	4	0	6	11	301	306	4.2	16.0
Seq7670_254_bp_1_1_1	ENA|AAB66912|AAB66912.1	42.86	7	4	0	4	10	85	91	4.2	17.3
Seq7670_254_bp_1_1_1	ENA|BAA32018|BAA32018.1	44.44	9	5	0	3	11	505	513	4.4	16.6
Seq7670_254_bp_1_1_1	ENA|AAC97205|AAC97205.1	60.00	5	2	0	4	8	762	766	5.5	17.3
Seq7670_254_bp_1_1_1	ENA|AAA32624|AAA32624.1	33.33	6	4	0	8	13	315	320	8.4	15.4
Seq7670_254_bp_1_1_1	ENA|AAC26660|AAC26660.1	100.00	2	0	0	7	8	216	217	9.7	14.1
Seq7670_254_bp_1_2_0	ENA|BAA36759|BAA36759.1	100.00	4	0	0	45	48	115	118	3	18.1
Seq7670_254_bp_1_2_0	ENA|CAA29968|CAA29968.1	71.43	7	2	0	42	48	188	194	3.9	17.2
Seq7670_254_bp_1_2_0	ENA|AAB26998|AAB26998.1	42.86	7	4	0	47	53	73	79	4.2	15.8
Seq7670_254_bp_1_2_0	ENA|AAC97205|AAC97205.1	80.00	5	1	0	45	49	788	792	6.6	19.0
Seq7670_254_bp_1_2_0	ENA|ABD33854|ABD33854.1	60.00	5	2	0	46	50	47	51	8.5	14.4
Seq7670_254_bp_1_2_0	ENA|AAA24145|AAA24145.1	60.00	5	2	0	35	39	55	59	8.8	17.2
Seq7670_254_bp_1_2_0	ENA|BAA32991|BAA32991.1	42.86	7	4	0	45	51	59	65	9.2	14.4
Seq7670_254_bp_1_2_1	ENA|CAA45708|CAA45708.1	42.86	7	4	0	2	8	652	658	2.6	18.6
Seq7670_254_bp_1_2_1	ENA|AAC26660|AAC26660.1	100.00	4	0	0	2	5	81	84	4.6	15.2
Seq7670_254_bp_1_2_1	ENA|AAB03707|AAB03707.1	66.67	6	2	0	3	8	281	286	7.3	16.9
Seq7670_254_bp_1_2_1	ENA|AAA36114|AAA36114.1	50.00	6	3	0	3	8	428	433	8.7	15.2
Seq7670_254_bp_-1_0_0	ENA|AAB26998|AAB26998.1	75.00	4	1	0	10	13	26	29	4.2	13.8
Seq7670_254_bp_-1_0_0	ENA|CAA43419|CAA43419.1	75.00	8	2	0	2	9	144	151	5.2	15.7
Seq7670_254_bp_-1_0_0	ENA|CAB75732|CAB75732.1	55.56	9	4	0	5	13	428	436	8.4	16.7
Seq7670_254_bp_-1_0_1	ENA|AAI27517|AAI27517.1	60.00	10	4	0	3	12	58	67	0.042	23.5
Seq7670_254_bp_-1_0_1	ENA|AAS77176|AAS77176.1	45.45	11	6	0	4	14	264	274	0.35	19.4
Seq7670_254_bp_-1_0_1	ENA|AAA32624|AAA32624.1	44.44	9	5	0	5	13	442	450	0.64	19.4
Seq7670_254_bp_-1_0_1	ENA|AAA36114|AAA36114.1	44.44	9	5	0	6	14	363	371	1.6	18.1
Seq7670_254_bp_-1_0_1	ENA|CAA24711|CAA24711.1	44.44	9	5	0	5	13	126	134	2.2	16.0
Seq7670_254_bp_-1_0_1	ENA|AAC97205|AAC97205.1	57.14	7	3	0	1	7	1194	1200	2.4	18.7
Seq7670_254_bp_-1_0_1	ENA|BAB17681|BAB17681.1	20.00	10	8	0	5	14	128	137	3.5	16.0
Seq7670_254_bp_-1_0_1	ENA|CAB75732|CAB75732.1	36.36	11	7	0	3	13	635	645	3.5	18.1
Seq7670_254_bp_-1_0_1	ENA|AAA24145|AAA24145.1	83.33	6	1	0	3	8	316	321	3.6	16.7
Seq7670_254_bp_-1_0_1	ENA|CAA45199|CAA45199.1	40.00	10	6	0	2	11	374	383	5.9	16.0
Seq7670_254_bp_-1_0_1	ENA|AAA36539|AAA36539.1	37.50	8	5	0	7	14	100	107	5.9	16.0
Seq7670_254_bp_-1_0_1	ENA|CAA28033|CAA28033.1	33.33	9	6	0	1	9	1207	1215	6.2	17.4
Seq7670_254_bp_-1_0_1	ENA|ABN10845|ABN10845.1	50.00	6	3	0	4	9	185	190	6.9	14.6
Seq7670_254_bp_-1_0_1	ENA|AAF79734|AAF79734.1	38.46	13	8	0	3	15	1406	1418	6.9	17.4
Seq7670_254_bp_-1_0_1	ENA|CAA26939|CAA26939.1	50.00	8	4	0	8	15	369	376	7	16.0
Seq7670_254_bp_-1_0_1	ENA|ACT10338|ACT10338.1	33.33	12	8	0	1	12	84	95	7.6	15.3
Seq7670_254_bp_-1_0_1	ENA|CAA73529|CAA73529.1	30.77	14	9	1	1	13	109	122	8.6	14.6
Seq7670_254_bp_-1_0_1	ENA|CAA36714|CAA36714.1	50.00	8	4	0	8	15	181	188	9.1	15.3
Seq7670_254_bp_-1_0_1	ENA|AAC40132|AAC40132.1	41.67	15	7	3	2	13	283	297	9.2	15.3
Seq7670_254_bp_-1_0_1	ENA|AAB96524|AAB96524.1	66.67	6	2	0	5	10	21	26	9.3	13.9
Seq7670_254_bp_-1_0_1	ENA|BAA05866|BAA05866.1	33.33	9	6	0	2	10	196	204	9.5	14.6
Seq7670_254_bp_-1_0_1	ENA|CAL82360|CAL82360.1	33.33	12	8	0	2	13	681	692	9.6	16.7
Seq7670_254_bp_-1_0_1	ENA|CAA29968|CAA29968.1	25.00	8	6	0	3	10	72	79	9.7	13.9
Seq7670_254_bp_-1_0_2	ENA|CAA26023|CAA26023.1	45.45	24	12	2	12	33	114	137	0.08	23.6
Seq7670_254_bp_-1_0_2	ENA|AAB66912|AAB66912.1	35.71	14	9	0	21	34	495	508	3.8	19.2
Seq7670_254_bp_-1_0_2	ENA|BAA36759|BAA36759.1	36.84	21	12	2	21	39	270	290	4.5	17.3
Seq7670_254_bp_-1_0_2	ENA|AAC17860|AAC17860.1	41.67	12	7	0	29	40	333	344	4.6	17.8
Seq7670_254_bp_-1_0_2	ENA|ABN10845|ABN10845.1	41.67	12	7	0	35	46	70	81	4.7	16.8
Seq7670_254_bp_-1_0_2	ENA|AAR37016|AAR37016.1	31.25	18	11	2	15	32	1885	1900	9.2	19.2
Seq7670_254_bp_-1_0_2	ENA|CAA24711|CAA24711.1	26.67	15	11	0	31	45	71	85	9.7	15.4
Seq7670_254_bp_-1_0_2	ENA|CAA28033|CAA28033.1	40.00	10	6	0	5	14	177	186	9.8	18.3
Seq7670_254_bp_-1_1_0	ENA|CAA43419|CAA43419.1	46.15	13	7	0	10	22	145	157	0.16	21.8
Seq7670_254_bp_-1_1_0	ENA|ABD49687|ABD49687.1	22.22	27	21	0	1	27	26	52	0.73	21.8
Seq7670_254_bp_-1_1_0	ENA|EDO47375|EDO47375.1	50.00	8	4	0	11	18	122	129	0.83	18.4
Seq7670_254_bp_-1_1_0	ENA|AAR31603|AAR31603.1	62.50	8	3	0	11	18	75	82	0.98	19.0
Seq7670_254_bp_-1_1_0	ENA|AAR37016|AAR37016.1	46.67	15	8	0	11	25	824	838	1	21.8
Seq7670_254_bp_-1_1_0	ENA|AAC17860|AAC17860.1	33.33	22	14	1	1	21	150	171	1.2	19.0
Seq7670_254_bp_-1_1_0	ENA|AAB03707|AAB03707.1	29.41	17	12	0	11	27	818	834	1.9	20.1
Seq7670_254_bp_-1_1_0	ENA|ABG75784|ABG75784.1	37.50	16	10	0	11	26	12	27	3	17.3
Seq7670_254_bp_-1_1_0	ENA|BAA32991|BAA32991.1	23.53	17	13	0	2	18	16	32	3.1	15.0
Seq7670_254_bp_-1_1_0	ENA|CAL82360|CAL82360.1	30.77	13	9	0	3	15	406	418	3.7	19.0
Seq7670_254_bp_-1_1_0	ENA|BAB17681|BAB17681.1	40.00	10	6	0	10	19	103	112	3.8	16.7
Seq7670_254_bp_-1_1_0	ENA|CAA11507|CAA11507.1	18.75	16	13	0	11	26	936	951	4	19.0
Seq7670_254_bp_-1_1_0	ENA|AAS77176|AAS77176.1	41.67	12	7	0	12	23	113	124	4	16.7
Seq7670_254_bp_-1_1_0	ENA|AAQ92751|AAQ92751.2	41.67	12	7	0	3	14	261	272	5.9	18.4
Seq7670_254_bp_-1_1_0	ENA|ABD33854|ABD33854.1	75.00	4	1	0	1	4	60	63	6.1	13.9
Seq7670_254_bp_-1_1_0	ENA|AAA72732|AAA72732.1	18.75	16	13	0	10	25	114	129	6.3	16.2
Seq7670_254_bp_-1_1_0	ENA|CAA45708|CAA45708.1	30.77	13	9	0	15	27	419	431	6.4	18.4
Seq7670_254_bp_-1_1_0	ENA|CCP43727|CCP43727.1	75.00	8	2	0	20	27	30	37	6.6	16.2
Seq7670_254_bp_-1_1_0	ENA|CAA29956|CAA29956.1	18.18	11	9	0	16	26	15	25	7.5	16.2
Seq7670_254_bp_-1_1_0	ENA|AAC08817|AAC08817.1	44.44	9	5	0	18	26	2	10	9.8	14.5
Seq7670_254_bp_-1_1_1	ENA|AAC49865|AAC49865.1	60.00	10	4	0	22	31	194	203	0.53	20.7
Seq7670_254_bp_-1_1_1	ENA|ACT10338|ACT10338.1	35.48	32	20	1	11	41	361	392	0.63	20.7
Seq7670_254_bp_-1_1_1	ENA|CAA26939|CAA26939.1	44.44	9	5	0	25	33	20	28	0.92	20.7
Seq7670_254_bp_-1_1_1	ENA|AAA72732|AAA72732.1	45.45	11	6	0	31	41	224	234	1.4	19.2
Seq7670_254_bp_-1_1_1	ENA|ABN10845|ABN10845.1	100.00	5	0	0	31	35	22	26	2	18.1
Seq7670_254_bp_-1_1_1	ENA|CAA36214|CAA36214.1	66.67	6	2	0	30	35	279	284	2.8	18.1
Seq7670_254_bp_-1_1_1	ENA|AAR37016|AAR37016.1	31.82	24	15	2	15	38	1780	1801	3.7	20.7
Seq7670_254_bp_-1_1_1	ENA|AAC40132|AAC40132.1	37.50	16	10	0	19	34	409	424	4.4	18.1
Seq7670_254_bp_-1_1_1	ENA|BAA32956|BAA32956.1	45.45	11	6	0	35	45	168	178	5.5	16.6
Seq7670_254_bp_-1_1_1	ENA|ABD49687|ABD49687.1	53.85	13	6	0	36	48	118	130	7.5	19.2
Seq7670_254_bp_-1_1_1	ENA|BAA32018|BAA32018.1	44.44	9	5	0	39	47	183	191	7.9	17.6
Seq7670_254_bp_-1_1_1	ENA|AAC08817|AAC08817.1	33.33	15	10	0	3	17	137	151	8.1	15.6
Seq7670_254_bp_-1_1_1	ENA|CAA45199|CAA45199.1	22.22	9	7	0	27	35	61	69	8.4	17.1
Seq7670_254_bp_-1_1_1	ENA|CAA45708|CAA45708.1	62.50	8	3	0	22	29	513	520	9.4	18.7
Seq7670_254_bp_-1_2_0	ENA|AAA24145|AAA24145.1	66.67	6	2	0	1	6	203	208	0.69	18.5
Seq7670_254_bp_-1_2_0	ENA|BAB79260|BAB79260.1	40.00	10	6	0	1	10	133	142	1.7	17.2
Seq7670_254_bp_-1_2_0	ENA|BAA36759|BAA36759.1	57.14	7	3	0	1	7	13	19	1.7	16.6
Seq7670_254_bp_-1_2_0	ENA|AAF79734|AAF79734.1	71.43	7	2	0	3	9	1111	1117	2.2	18.5
Seq7670_254_bp_-1_2_0	ENA|ABN10845|ABN10845.1	100.00	4	0	0	1	4	32	35	3.1	15.3
Seq7670_254_bp_-1_2_0	ENA|AAC26660|AAC26660.1	33.33	9	6	0	1	9	15	23	3.6	15.3
Seq7670_254_bp_-1_2_0	ENA|AAC40132|AAC40132.1	62.50	8	3	0	3	10	117	124	4.2	15.9
Seq7670_254_bp_-1_2_0	ENA|AAA32624|AAA32624.1	30.00	10	7	0	1	10	384	393	4.6	15.9
Seq7670_254_bp_-1_2_0	ENA|CAA43419|CAA43419.1	80.00	5	1	0	5	9	164	168	5.1	15.3
Seq7670_254_bp_-1_2_0	ENA|ACT10338|ACT10338.1	80.00	5	1	0	1	5	385	389	5.4	15.3
Seq7670_254_bp_-1_2_0	ENA|AAA25966|AAA25966.1	100.00	4	0	0	5	8	492	495	9.6	15.3
Seq7670_254_bp_-1_2_0	ENA|AAA36539|AAA36539.1	60.00	5	2	0	6	10	24	28	9.9	14.6
Seq7670_254_bp_-1_2_1	ENA|ABG75784|ABG75784.1	30.00	10	7	0	2	11	248	257	4.5	15.4
Seq7670_254_bp_-1_2_1	ENA|ACT10338|ACT10338.1	50.00	10	5	0	2	11	73	82	8.2	14.8
Seq7670_254_bp_-1_2_2	ENA|AAA72732|AAA72732.1	20.00	25	20	0	1	25	79	103	0.085	22.7
Seq7670_254_bp_-1_2_2	ENA|CCP43727|CCP43727.1	44.44	9	5	0	17	25	228	236	0.43	20.4
Seq7670_254_bp_-1_2_2	ENA|CCP43727|CCP43727.1	44.44	9	5	0	17	25	314	322	0.63	19.9
Seq7670_254_bp_-1_2_2	ENA|AAA18786|AAA18786.1	50.00	8	4	0	14	21	243	250	1.1	18.7
Seq7670_254_bp_-1_2_2	ENA|BAA32018|BAA32018.1	30.77	26	18	0	7	32	499	524	1.2	19.9
Seq7670_254_bp_-1_2_2	ENA|CAA45199|CAA45199.1	41.67	12	7	0	11	22	373	384	1.9	18.7
Seq7670_254_bp_-1_2_2	ENA|AAA36539|AAA36539.1	50.00	8	4	0	6	13	159	166	2	18.7
Seq7670_254_bp_-1_2_2	ENA|ACH70901|ACH70901.1	21.74	24	18	1	9	31	27	50	2.2	18.2
Seq7670_254_bp_-1_2_2	ENA|CAA28033|CAA28033.1	28.57	22	15	1	7	28	189	209	2.4	19.9
Seq7670_254_bp_-1_2_2	ENA|CAA45708|CAA45708.1	36.84	19	12	0	6	24	327	345	4.2	19.3
Seq7670_254_bp_-1_2_2	ENA|AAS77176|AAS77176.1	36.36	11	7	0	18	28	44	54	5.5	16.5
Seq7670_254_bp_-1_2_2	ENA|CAD53387|CAD53387.1	33.33	15	10	0	8	22	485	499	6.4	17.1
