Seq1044_72_bp_1_0_0	AAC17860.1	55.56	9	4	0	2	10	341	349	0.15	21.0
Seq1044_72_bp_1_0_0	AAA45888.1	83.33	6	1	0	7	12	120	125	0.32	19.9
Seq1044_72_bp_1_0_0	ACT10338.1	85.71	7	1	0	1	7	123	129	1.1	18.2
Seq1044_72_bp_1_0_0	ABD49687.1	66.67	6	2	0	8	13	1362	1367	1.4	19.9
Seq1044_72_bp_1_0_0	AAA36565.1	57.14	7	3	0	3	9	40	46	3.3	15.3
Seq1044_72_bp_1_0_0	AAA32624.1	40.00	5	3	0	10	14	482	486	4.6	16.4
Seq1044_72_bp_1_0_0	BAA32018.1	45.45	11	6	0	1	11	446	456	5.4	16.4
Seq1044_72_bp_1_0_0	BAB79260.1	57.14	7	3	0	5	11	196	202	5.8	15.9
Seq1044_72_bp_1_0_0	EDO47375.1	100.00	4	0	0	2	5	34	37	7.9	14.1
Seq1044_72_bp_1_0_0	AAA25966.1	60.00	5	2	0	9	13	495	499	9	15.9
Seq1044_72_bp_1_1_0	AAH69556.1	66.67	6	2	0	1	6	249	254	1.2	17.3
Seq1044_72_bp_1_1_0	AAA42531.1	75.00	4	1	0	4	7	154	157	1.5	17.3
Seq1044_72_bp_1_1_0	AAB64315.2	100.00	4	0	0	8	11	277	280	2	16.6
Seq1044_72_bp_1_1_0	AAA36565.1	75.00	4	1	0	3	6	161	164	2.7	15.2
Seq1044_72_bp_1_1_0	BAB70780.1	66.67	6	2	0	6	11	314	319	4.7	15.9
Seq1044_72_bp_1_1_0	AAB26998.1	33.33	9	6	0	1	9	68	76	5	13.2
Seq1044_72_bp_1_1_0	AAA32624.1	50.00	6	3	0	6	11	417	422	5.1	15.9
Seq1044_72_bp_1_1_0	CAA26230.1	57.14	7	3	0	5	11	358	364	8.5	15.2
Seq1044_72_bp_1_1_0	BAA32018.1	50.00	6	3	0	2	7	171	176	9.4	15.2
Seq1044_72_bp_1_2_0	AAB96524.1	100.00	23	0	0	1	23	35	57	7.1e-17	71.5
Seq1044_72_bp_1_2_0	AAC17860.1	57.14	15	6	1	10	23	286	300	4	17.0
Seq1044_72_bp_1_2_0	AAA72732.1	66.67	9	3	0	12	20	239	247	8.8	15.4
Seq1044_72_bp_1_2_0	AAB03707.1	62.50	8	3	0	5	12	932	939	8.9	17.5
Seq1044_72_bp_1_2_0	AIR13712.1	57.14	7	3	0	12	18	282	288	9.3	15.4
Seq1044_72_bp_1_2_0	AAB64315.2	80.00	5	1	0	14	18	181	185	9.3	15.4
Seq1044_72_bp_1_2_0	AAA36565.1	55.56	9	4	0	2	10	68	76	9.8	14.3
Seq1044_72_bp_-1_0_0	ABS38337.1	55.56	9	4	0	6	14	1096	1104	0.17	22.6
Seq1044_72_bp_-1_0_0	AAR31603.1	50.00	6	3	0	7	12	139	144	1.6	17.3
Seq1044_72_bp_-1_0_0	AAB03707.1	50.00	6	3	0	8	13	183	188	2.9	18.5
Seq1044_72_bp_-1_0_0	AAA24142.1	50.00	12	5	2	3	14	64	73	3.2	16.8
Seq1044_72_bp_-1_0_0	AAA25966.1	60.00	5	2	0	10	14	484	488	3.4	17.3
Seq1044_72_bp_-1_0_0	AAC78721.1	57.14	7	3	0	6	12	432	438	4.7	16.8
Seq1044_72_bp_-1_0_0	AAR37016.1	83.33	6	1	0	1	6	1138	1143	4.9	18.5
Seq1044_72_bp_-1_0_0	BAB79260.1	57.14	7	3	0	8	14	419	425	6.9	15.6
Seq1044_72_bp_-1_0_0	AAA72732.1	57.14	7	3	0	8	14	23	29	7.1	15.0
Seq1044_72_bp_-1_0_0	AAX84812.1	75.00	4	1	0	10	13	191	194	7.7	14.4
Seq1044_72_bp_-1_0_0	AAA36565.1	100.00	3	0	0	2	4	45	47	8.3	13.9
Seq1044_72_bp_-1_0_0	AAA23282.1	60.00	5	2	0	7	11	372	376	8.5	15.6
Seq1044_72_bp_-1_1_0	AAR37016.1	66.67	9	3	0	5	13	2156	2164	0.23	23.0
Seq1044_72_bp_-1_1_0	BAB17681.1	71.43	7	2	0	8	14	240	246	0.72	18.2
Seq1044_72_bp_-1_1_0	AAA25966.1	42.86	7	4	0	1	7	316	322	1.3	18.8
Seq1044_72_bp_-1_1_0	AAA65607.1	42.86	7	4	0	8	14	274	280	3.3	16.4
Seq1044_72_bp_-1_1_0	AAA24969.1	62.50	9	3	1	7	14	69	77	3.9	18.2
Seq1044_72_bp_-1_1_0	AII71783.1	57.14	7	3	0	4	10	282	288	4.1	15.8
Seq1044_72_bp_-1_1_0	BAA32991.1	50.00	4	2	0	2	5	23	26	4.8	13.4
Seq1044_72_bp_-1_1_0	CAA43372.1	50.00	9	4	1	2	9	161	169	5.5	15.8
Seq1044_72_bp_-1_1_0	BAA32018.1	80.00	5	1	0	9	13	219	223	5.5	16.4
Seq1044_72_bp_-1_1_0	CAA45199.1	60.00	5	2	0	3	7	100	104	6.2	15.8
Seq1044_72_bp_-1_1_0	ABD49687.1	36.36	11	7	0	4	14	869	879	6.5	17.6
Seq1044_72_bp_-1_1_0	ABS38337.1	66.67	6	2	0	3	8	21	26	7.3	17.0
Seq1044_72_bp_-1_1_0	AAA23282.1	57.14	7	3	0	6	12	305	311	7.4	15.8
Seq1044_72_bp_-1_1_0	AAA42531.1	50.00	6	3	0	1	6	305	310	7.6	15.2
Seq1044_72_bp_-1_1_0	ACT10338.1	75.00	4	1	0	5	8	81	84	7.6	15.2
Seq1044_72_bp_-1_1_0	BAA32956.1	66.67	6	2	0	7	12	164	169	9.3	14.0
Seq1044_72_bp_-1_2_0	AIR13712.1	50.00	19	9	1	1	19	277	294	0.11	21.9
Seq1044_72_bp_-1_2_0	CAA04196.1	66.67	6	2	0	2	7	395	400	0.88	19.3
Seq1044_72_bp_-1_2_0	ABD49687.1	52.94	17	8	0	2	18	1551	1567	1.2	20.9
Seq1044_72_bp_-1_2_0	BAB79260.1	42.11	19	11	0	5	23	407	425	2	18.2
Seq1044_72_bp_-1_2_0	AAC17860.1	71.43	7	2	0	1	7	391	397	5.3	16.6
Seq1044_72_bp_-1_2_0	AAA24969.1	50.00	19	8	3	2	17	1348	1366	6.4	18.2
Seq1044_72_bp_-1_2_0	BAE97662.1	46.67	15	8	0	5	19	16	30	6.9	17.6
Seq1044_72_bp_-1_2_0	AAB03707.1	41.67	12	7	0	1	12	758	769	8.3	17.6
