Seq150_71_bp_1_0_0	ENA|AAR31603|AAR31603.1	29.41	17	12	0	2	18	59	75	5.9	16.1
Seq150_71_bp_1_0_0	ENA|AAA42531|AAA42531.1	20.00	22	16	2	4	23	144	165	8.4	15.8
Seq150_71_bp_1_0_0	ENA|AAB26998|AAB26998.1	30.00	20	14	0	4	23	33	52	9.3	13.3
Seq150_71_bp_1_1_0	ENA|AAC40132|AAC40132.1	36.36	11	7	0	5	15	312	322	1.2	18.4
Seq150_71_bp_1_1_0	ENA|CAA26939|CAA26939.1	50.00	10	5	0	2	11	200	209	6.6	16.1
Seq150_71_bp_1_2_0	ENA|AAA24145|AAA24145.1	100.00	23	0	0	1	23	370	392	2.4e-10	51.2
Seq150_71_bp_1_2_0	ENA|CAA26939|CAA26939.1	27.78	18	13	0	2	19	301	318	9	16.2
Seq150_71_bp_-1_0_0	ENA|CAA73529|CAA73529.1	42.86	7	4	0	5	11	96	102	6.7	14.7
Seq150_71_bp_-1_1_0	ENA|AAR31603|AAR31603.1	35.00	20	13	0	3	22	142	161	0.024	24.1
Seq150_71_bp_-1_1_0	ENA|AAB26998|AAB26998.1	18.18	22	18	0	1	22	11	32	0.38	18.1
Seq150_71_bp_-1_1_0	ENA|CAA73529|CAA73529.1	100.00	3	0	0	3	5	39	41	1.3	18.1
Seq150_71_bp_-1_1_0	ENA|BAB17681|BAB17681.1	25.00	20	15	0	3	22	78	97	1.7	17.7
Seq150_71_bp_-1_1_0	ENA|ACH70901|ACH70901.1	36.36	25	14	3	1	22	77	101	2.2	17.7
Seq150_71_bp_-1_1_0	ENA|CAA36714|CAA36714.1	42.86	7	4	0	1	7	131	137	2.2	18.1
Seq150_71_bp_-1_1_0	ENA|CAA45199|CAA45199.1	33.33	9	6	0	3	11	384	392	2.2	18.1
Seq150_71_bp_-1_1_0	ENA|AAS77176|AAS77176.1	33.33	15	10	0	4	18	156	170	2.2	17.4
Seq150_71_bp_-1_1_0	ENA|CAA28033|CAA28033.1	33.33	21	14	0	1	21	1175	1195	2.3	19.5
Seq150_71_bp_-1_1_0	ENA|AAA72732|AAA72732.1	38.46	15	8	2	2	16	297	309	2.4	17.4
Seq150_71_bp_-1_1_0	ENA|AAC26660|AAC26660.1	23.81	21	16	0	3	23	216	236	2.5	17.0
Seq150_71_bp_-1_1_0	ENA|CAA26023|CAA26023.1	42.11	25	11	6	1	21	36	58	3.7	17.0
Seq150_71_bp_-1_1_0	ENA|AAA42531|AAA42531.1	38.10	24	13	3	2	23	133	155	3.8	17.0
Seq150_71_bp_-1_1_0	ENA|CAA36214|CAA36214.1	46.15	13	7	0	5	17	256	268	3.8	16.6
Seq150_71_bp_-1_1_0	ENA|BAA05866|BAA05866.1	38.10	22	13	1	1	22	117	137	3.8	16.6
Seq150_71_bp_-1_1_0	ENA|AAC78721|AAC78721.1	25.00	21	15	1	1	21	214	233	4	17.7
Seq150_71_bp_-1_1_0	ENA|AAC49865|AAC49865.1	27.78	18	13	0	4	21	192	209	4.1	16.6
Seq150_71_bp_-1_1_0	ENA|ABN10845|ABN10845.1	75.00	4	1	0	1	4	51	54	4.4	15.9
Seq150_71_bp_-1_1_0	ENA|CCP43727|CCP43727.1	22.22	18	14	0	1	18	217	234	5.2	16.3
Seq150_71_bp_-1_1_0	ENA|CAA26939|CAA26939.1	37.50	18	10	2	3	18	127	144	5.5	17.0
Seq150_71_bp_-1_1_0	ENA|AAA25966|AAA25966.1	41.67	12	7	0	4	15	114	125	6.9	17.0
Seq150_71_bp_-1_1_0	ENA|AAC97205|AAC97205.1	46.15	14	7	1	1	14	660	672	7.1	17.7
Seq150_71_bp_-1_1_0	ENA|CAA11507|CAA11507.1	25.00	20	15	0	3	22	1172	1191	7.8	17.7
Seq150_71_bp_-1_1_0	ENA|CAB75732|CAB75732.1	29.41	18	12	1	4	20	875	892	8.5	17.4
Seq150_71_bp_-1_2_0	ENA|ABN10845|ABN10845.1	30.77	13	9	0	3	15	36	48	1.7	17.4
Seq150_71_bp_-1_2_0	ENA|CAB75732|CAB75732.1	31.58	19	13	0	3	21	43	61	2	19.6
Seq150_71_bp_-1_2_0	ENA|CAA43419|CAA43419.1	31.82	22	15	0	1	22	131	152	2.2	17.7
Seq150_71_bp_-1_2_0	ENA|CAA24711|CAA24711.1	27.78	18	13	0	1	18	122	139	2.8	16.3
Seq150_71_bp_-1_2_0	ENA|AAB03707|AAB03707.1	40.91	28	13	6	1	22	895	922	3.8	18.8
Seq150_71_bp_-1_2_0	ENA|AAA36539|AAA36539.1	40.00	23	12	3	4	23	109	131	5.9	16.6
Seq150_71_bp_-1_2_0	ENA|ABD33854|ABD33854.1	26.67	15	11	0	9	23	4	18	7.6	13.3
Seq150_71_bp_-1_2_0	ENA|AAA25966|AAA25966.1	21.05	19	15	0	4	22	114	132	8.7	16.6
