Seq2090_67_bp_1_0_0	ENA|BAA32956|BAA32956.1	33.33	15	10	0	3	17	85	99	0.04	22.7
Seq2090_67_bp_1_0_0	ENA|AAI27517|AAI27517.1	33.33	18	12	0	2	19	533	550	0.07	23.4
Seq2090_67_bp_1_0_0	ENA|ACT10338|ACT10338.1	50.00	14	7	0	3	16	331	344	0.074	22.7
Seq2090_67_bp_1_0_0	ENA|CAA11507|CAA11507.1	66.67	9	3	0	10	18	231	239	1	20.6
Seq2090_67_bp_1_0_0	ENA|AAB03707|AAB03707.1	33.33	15	10	0	4	18	625	639	1.1	20.6
Seq2090_67_bp_1_0_0	ENA|ABG75784|ABG75784.1	55.56	9	4	0	13	21	122	130	1.6	17.9
Seq2090_67_bp_1_0_0	ENA|ABD49687|ABD49687.1	37.50	16	10	0	7	22	1694	1709	2.1	20.0
Seq2090_67_bp_1_0_0	ENA|AAA72732|AAA72732.1	50.00	6	3	0	9	14	225	230	2.5	17.2
Seq2090_67_bp_1_0_0	ENA|AAF79734|AAF79734.1	35.71	14	9	0	7	20	819	832	2.8	19.3
Seq2090_67_bp_1_0_0	ENA|AAA24145|AAA24145.1	41.67	12	7	0	10	21	60	71	3.6	17.2
Seq2090_67_bp_1_0_0	ENA|CAA29968|CAA29968.1	57.14	7	3	0	15	21	25	31	3.9	15.9
Seq2090_67_bp_1_0_0	ENA|AAB26998|AAB26998.1	37.50	8	5	0	9	16	14	21	4	14.5
Seq2090_67_bp_1_0_0	ENA|AAB66912|AAB66912.1	80.00	5	1	0	18	22	43	47	4.6	17.9
Seq2090_67_bp_1_0_0	ENA|AAA18786|AAA18786.1	26.67	15	11	0	2	16	180	194	5.3	15.9
Seq2090_67_bp_1_0_0	ENA|BAA05866|BAA05866.1	36.36	11	7	0	1	11	173	183	6.1	15.9
Seq2090_67_bp_1_0_0	ENA|CAD53387|CAD53387.1	44.44	9	5	0	1	9	469	477	6.2	16.6
Seq2090_67_bp_1_0_0	ENA|CAA26939|CAA26939.1	25.00	8	6	0	7	14	244	251	7	16.6
Seq2090_67_bp_1_0_0	ENA|AAR37016|AAR37016.1	71.43	7	2	0	2	8	915	921	7	18.6
Seq2090_67_bp_1_0_0	ENA|ABK71357|ABK71357.1	80.00	5	1	0	3	7	145	149	7.3	15.9
Seq2090_67_bp_1_0_0	ENA|AAA42531|AAA42531.1	50.00	8	4	0	13	20	30	37	7.5	15.9
Seq2090_67_bp_1_0_0	ENA|AAC08817|AAC08817.1	50.00	4	2	0	19	22	118	121	7.8	14.5
Seq2090_67_bp_1_0_0	ENA|AAC17860|AAC17860.1	27.78	18	13	0	5	22	356	373	8	15.9
Seq2090_67_bp_1_0_0	ENA|ABD33854|ABD33854.1	37.50	8	5	0	12	19	19	26	8.1	13.2
Seq2090_67_bp_1_0_0	ENA|CAA45199|CAA45199.1	40.00	10	6	0	1	10	141	150	9	15.9
Seq2090_67_bp_1_0_0	ENA|AAA36539|AAA36539.1	57.14	7	3	0	2	8	470	476	9.1	15.9
Seq2090_67_bp_1_1_0	ENA|AAR37016|AAR37016.1	36.36	22	14	0	1	22	1872	1893	0.033	26.4
Seq2090_67_bp_1_1_0	ENA|AAC17860|AAC17860.1	50.00	12	6	0	3	14	311	322	0.058	23.1
Seq2090_67_bp_1_1_0	ENA|ABN10845|ABN10845.1	66.67	10	3	1	12	20	57	66	0.12	21.1
Seq2090_67_bp_1_1_0	ENA|CAA45708|CAA45708.1	75.00	8	2	0	1	8	701	708	0.22	23.1
Seq2090_67_bp_1_1_0	ENA|AAR31603|AAR31603.1	35.71	14	9	0	2	15	263	276	0.29	20.4
Seq2090_67_bp_1_1_0	ENA|ACT10338|ACT10338.1	71.43	7	2	0	13	19	18	24	0.35	20.4
Seq2090_67_bp_1_1_0	ENA|CAA45199|CAA45199.1	44.44	9	5	0	2	10	46	54	0.42	20.4
Seq2090_67_bp_1_1_0	ENA|AAC49865|AAC49865.1	83.33	6	1	0	1	6	281	286	0.46	19.8
Seq2090_67_bp_1_1_0	ENA|AAB03707|AAB03707.1	83.33	6	1	0	3	8	616	621	0.77	21.1
Seq2090_67_bp_1_1_0	ENA|AAB66912|AAB66912.1	50.00	12	6	0	3	14	303	314	0.83	20.4
Seq2090_67_bp_1_1_0	ENA|AAA18786|AAA18786.1	100.00	4	0	0	2	5	80	83	0.94	18.4
Seq2090_67_bp_1_1_0	ENA|AAA72732|AAA72732.1	36.36	11	7	0	12	22	299	309	1.1	18.4
Seq2090_67_bp_1_1_0	ENA|CAA29956|CAA29956.1	44.44	9	5	0	9	17	102	110	1.3	18.4
Seq2090_67_bp_1_1_0	ENA|AAA24145|AAA24145.1	57.14	7	3	0	2	8	363	369	1.6	18.4
Seq2090_67_bp_1_1_0	ENA|ACH70901|ACH70901.1	36.36	11	7	0	1	11	265	275	2	17.8
Seq2090_67_bp_1_1_0	ENA|CAA26939|CAA26939.1	50.00	8	4	0	5	12	523	530	2	18.4
Seq2090_67_bp_1_1_0	ENA|AAC08817|AAC08817.1	44.44	9	5	0	1	9	20	28	2.2	16.4
Seq2090_67_bp_1_1_0	ENA|CAA24711|CAA24711.1	50.00	8	4	0	3	10	56	63	2.4	16.4
Seq2090_67_bp_1_1_0	ENA|ABK71357|ABK71357.1	60.00	5	2	0	3	7	75	79	3.2	17.1
Seq2090_67_bp_1_1_0	ENA|AAI27517|AAI27517.1	57.14	7	3	0	7	13	110	116	3.2	17.8
Seq2090_67_bp_1_1_0	ENA|CAA26023|CAA26023.1	57.14	7	3	0	2	8	302	308	3.3	17.1
Seq2090_67_bp_1_1_0	ENA|AAC78721|AAC78721.1	66.67	9	3	0	9	17	371	379	3.7	17.8
Seq2090_67_bp_1_1_0	ENA|ABD49687|ABD49687.1	80.00	5	1	0	5	9	71	75	3.7	19.1
Seq2090_67_bp_1_1_0	ENA|BAA36759|BAA36759.1	66.67	6	2	0	1	6	260	265	3.9	16.4
Seq2090_67_bp_1_1_0	ENA|CAA36714|CAA36714.1	75.00	4	1	0	2	5	325	328	4	17.1
Seq2090_67_bp_1_1_0	ENA|BAA05866|BAA05866.1	50.00	8	4	0	11	18	217	224	4.2	16.4
Seq2090_67_bp_1_1_0	ENA|CAD53387|CAD53387.1	50.00	13	6	1	5	16	34	46	4.3	17.1
Seq2090_67_bp_1_1_0	ENA|CAA28033|CAA28033.1	100.00	4	0	0	2	5	1232	1235	4.5	18.4
Seq2090_67_bp_1_1_0	ENA|CAA11507|CAA11507.1	25.00	16	12	0	4	19	388	403	4.7	18.4
Seq2090_67_bp_1_1_0	ENA|AAF79734|AAF79734.1	80.00	5	1	0	3	7	192	196	4.9	18.4
Seq2090_67_bp_1_1_0	ENA|BAB17681|BAB17681.1	30.77	13	9	0	9	21	205	217	5.8	15.8
Seq2090_67_bp_1_1_0	ENA|AAA25966|AAA25966.1	45.45	11	6	0	3	13	393	403	6.1	17.1
Seq2090_67_bp_1_1_0	ENA|AAA36114|AAA36114.1	23.53	17	13	0	3	19	141	157	6.8	16.4
Seq2090_67_bp_1_1_0	ENA|CCP43727|CCP43727.1	40.00	15	9	0	3	17	147	161	6.9	15.8
Seq2090_67_bp_1_1_0	ENA|AAA32624|AAA32624.1	42.86	7	4	0	1	7	36	42	6.9	16.4
Seq2090_67_bp_1_1_0	ENA|ABD33854|ABD33854.1	42.86	7	4	0	16	22	6	12	8.3	13.1
Seq2090_67_bp_1_2_0	ENA|ABD49687|ABD49687.1	100.00	21	0	0	1	21	210	230	4.9e-18	78.5
Seq2090_67_bp_1_2_0	ENA|AAC49865|AAC49865.1	71.43	7	2	0	12	18	24	30	0.3	20.3
Seq2090_67_bp_1_2_0	ENA|CAA45708|CAA45708.1	41.67	12	7	0	6	17	1286	1297	0.55	21.7
Seq2090_67_bp_1_2_0	ENA|AAC97205|AAC97205.1	22.22	18	14	0	1	18	647	664	0.7	21.0
Seq2090_67_bp_1_2_0	ENA|AAB26998|AAB26998.1	80.00	5	1	0	5	9	30	34	0.72	17.0
Seq2090_67_bp_1_2_0	ENA|AAQ92751|AAQ92751.2	55.56	9	4	0	6	14	851	859	0.79	21.0
Seq2090_67_bp_1_2_0	ENA|AAA18786|AAA18786.1	66.67	6	2	0	5	10	132	137	0.97	18.3
Seq2090_67_bp_1_2_0	ENA|AAA25966|AAA25966.1	35.29	17	11	0	5	21	652	668	1	19.7
Seq2090_67_bp_1_2_0	ENA|AAA72732|AAA72732.1	33.33	15	10	0	1	15	276	290	1.1	18.3
Seq2090_67_bp_1_2_0	ENA|CAA11507|CAA11507.1	57.14	7	3	0	8	14	897	903	1.2	20.3
Seq2090_67_bp_1_2_0	ENA|CAA26939|CAA26939.1	33.33	15	10	0	7	21	341	355	1.3	19.0
Seq2090_67_bp_1_2_0	ENA|AAC78721|AAC78721.1	71.43	7	2	0	7	13	576	582	1.5	19.0
Seq2090_67_bp_1_2_0	ENA|CAL82360|CAL82360.1	46.67	15	8	0	6	20	175	189	1.8	19.7
Seq2090_67_bp_1_2_0	ENA|AAR37016|AAR37016.1	46.67	15	8	0	1	15	2039	2053	2.1	20.3
Seq2090_67_bp_1_2_0	ENA|AAA32624|AAA32624.1	37.50	8	5	0	13	20	510	517	3	17.7
Seq2090_67_bp_1_2_0	ENA|AAI27517|AAI27517.1	38.46	13	8	0	1	13	445	457	3.3	17.7
Seq2090_67_bp_1_2_0	ENA|BAA32018|BAA32018.1	50.00	10	5	0	4	13	610	619	3.5	17.7
Seq2090_67_bp_1_2_0	ENA|AAC17860|AAC17860.1	57.14	7	3	0	5	11	313	319	3.7	17.0
Seq2090_67_bp_1_2_0	ENA|BAB79260|BAB79260.1	66.67	6	2	0	12	17	437	442	4	17.0
Seq2090_67_bp_1_2_0	ENA|AAA24145|AAA24145.1	80.00	5	1	0	17	21	98	102	4.1	17.0
Seq2090_67_bp_1_2_0	ENA|CAA45199|CAA45199.1	33.33	12	8	0	3	14	102	113	4.2	17.0
Seq2090_67_bp_1_2_0	ENA|AAR31603|AAR31603.1	75.00	4	1	0	14	17	149	152	4.6	16.3
Seq2090_67_bp_1_2_0	ENA|AAB66912|AAB66912.1	35.71	14	9	0	2	15	675	688	5.2	17.7
Seq2090_67_bp_1_2_0	ENA|CAA29956|CAA29956.1	57.14	7	3	0	4	10	54	60	5.3	16.3
Seq2090_67_bp_1_2_0	ENA|BAB17681|BAB17681.1	50.00	8	4	0	11	18	105	112	6	15.7
Seq2090_67_bp_1_2_0	ENA|AAA36114|AAA36114.1	44.44	9	5	0	8	16	85	93	7	16.3
Seq2090_67_bp_1_2_0	ENA|CAA26023|CAA26023.1	66.67	6	2	0	9	14	354	359	8.3	15.7
Seq2090_67_bp_-1_0_0	ENA|AAC49865|AAC49865.1	71.43	7	2	0	5	11	24	30	0.13	21.6
Seq2090_67_bp_-1_0_0	ENA|CAD53387|CAD53387.1	54.55	11	5	0	11	21	467	477	0.3	21.0
Seq2090_67_bp_-1_0_0	ENA|AAB96524|AAB96524.1	50.00	8	4	0	14	21	113	120	1.7	17.1
Seq2090_67_bp_-1_0_0	ENA|AAA25966|AAA25966.1	41.67	12	7	0	7	18	365	376	2	18.8
Seq2090_67_bp_-1_0_0	ENA|CAL82360|CAL82360.1	45.45	11	6	0	8	18	1280	1290	2.4	19.3
Seq2090_67_bp_-1_0_0	ENA|CAA36214|CAA36214.1	50.00	12	6	0	5	16	246	257	2.7	17.1
Seq2090_67_bp_-1_0_0	ENA|ABN10845|ABN10845.1	57.14	7	3	0	15	21	103	109	2.9	16.5
Seq2090_67_bp_-1_0_0	ENA|AAC08817|AAC08817.1	55.56	9	4	0	11	19	122	130	4.5	15.4
Seq2090_67_bp_-1_0_0	ENA|AAB26998|AAB26998.1	50.00	6	3	0	6	11	25	30	4.9	14.2
Seq2090_67_bp_-1_0_0	ENA|CAA26023|CAA26023.1	31.25	16	11	0	2	17	298	313	5	16.5
Seq2090_67_bp_-1_0_0	ENA|CAA26939|CAA26939.1	38.46	13	8	0	4	16	314	326	5	17.1
Seq2090_67_bp_-1_0_0	ENA|BAA32991|BAA32991.1	100.00	3	0	0	19	21	30	32	6.2	13.7
Seq2090_67_bp_-1_0_0	ENA|AAI27517|AAI27517.1	71.43	7	2	0	11	17	326	332	7.5	16.5
Seq2090_67_bp_-1_0_0	ENA|CAB75732|CAB75732.1	66.67	6	2	0	2	7	870	875	9.7	17.1
Seq2090_67_bp_-1_1_0	ENA|AAC97205|AAC97205.1	60.00	10	4	0	13	22	998	1007	0.03	25.7
Seq2090_67_bp_-1_1_0	ENA|AAC97205|AAC97205.1	62.50	8	3	0	11	18	342	349	0.45	21.7
Seq2090_67_bp_-1_1_0	ENA|AAC97205|AAC97205.1	62.50	8	3	0	14	21	203	210	0.71	21.1
Seq2090_67_bp_-1_1_0	ENA|BAA32018|BAA32018.1	41.18	17	10	0	1	17	204	220	0.57	20.4
Seq2090_67_bp_-1_1_0	ENA|CCP43727|CCP43727.1	46.15	13	7	0	9	21	185	197	0.74	19.1
Seq2090_67_bp_-1_1_0	ENA|ACT10338|ACT10338.1	83.33	6	1	0	16	21	136	141	0.87	19.1
Seq2090_67_bp_-1_1_0	ENA|AAC08817|AAC08817.1	38.46	13	8	0	1	13	49	61	0.87	17.8
Seq2090_67_bp_-1_1_0	ENA|ABN10845|ABN10845.1	42.86	14	8	0	4	17	140	153	1.2	17.8
Seq2090_67_bp_-1_1_0	ENA|AAB66912|AAB66912.1	50.00	10	5	0	8	17	41	50	1.3	19.8
Seq2090_67_bp_-1_1_0	ENA|CAA24711|CAA24711.1	100.00	4	0	0	18	21	5	8	1.5	17.1
Seq2090_67_bp_-1_1_0	ENA|ABD49687|ABD49687.1	41.67	12	7	0	11	22	615	626	2.4	19.8
Seq2090_67_bp_-1_1_0	ENA|CAB75732|CAB75732.1	71.43	7	2	0	7	13	670	676	4	18.4
Seq2090_67_bp_-1_1_0	ENA|AAB26998|AAB26998.1	42.86	7	4	0	14	20	35	41	4.1	14.5
Seq2090_67_bp_-1_1_0	ENA|BAA05866|BAA05866.1	80.00	5	1	0	13	17	284	288	4.1	16.5
Seq2090_67_bp_-1_1_0	ENA|CAA26023|CAA26023.1	45.45	11	6	0	11	21	358	368	5.1	16.5
Seq2090_67_bp_-1_1_0	ENA|BAB17681|BAB17681.1	50.00	8	4	0	12	19	15	22	5.7	15.8
Seq2090_67_bp_-1_1_0	ENA|AAC49865|AAC49865.1	21.43	14	11	0	2	15	6	19	6.8	15.8
Seq2090_67_bp_-1_1_0	ENA|BAA32956|BAA32956.1	44.44	9	5	0	1	9	202	210	6.8	15.2
Seq2090_67_bp_-1_1_0	ENA|ABK71357|ABK71357.1	35.71	14	9	0	9	22	125	138	7.6	15.8
Seq2090_67_bp_-1_1_0	ENA|CAA45708|CAA45708.1	71.43	7	2	0	4	10	184	190	8	17.8
Seq2090_67_bp_-1_1_0	ENA|AAA18786|AAA18786.1	46.15	13	7	0	5	17	59	71	8.5	15.2
Seq2090_67_bp_-1_1_0	ENA|AAB96524|AAB96524.1	62.50	8	3	0	2	9	123	130	9.3	14.5
Seq2090_67_bp_-1_1_0	ENA|CAA45199|CAA45199.1	80.00	5	1	0	17	21	369	373	9.5	15.8
Seq2090_67_bp_-1_2_0	ENA|AAA24145|AAA24145.1	66.67	6	2	0	13	18	94	99	0.22	21.3
Seq2090_67_bp_-1_2_0	ENA|AAA18786|AAA18786.1	42.86	14	8	0	2	15	136	149	0.99	18.3
Seq2090_67_bp_-1_2_0	ENA|CAA36714|CAA36714.1	37.50	8	5	0	11	18	272	279	1.1	18.9
Seq2090_67_bp_-1_2_0	ENA|AAA25966|AAA25966.1	42.86	14	8	0	2	15	509	522	1.2	19.5
Seq2090_67_bp_-1_2_0	ENA|AAC08817|AAC08817.1	54.55	12	5	1	3	13	16	27	1.3	17.1
Seq2090_67_bp_-1_2_0	ENA|ACT10338|ACT10338.1	57.14	7	3	0	13	19	140	146	1.4	18.3
Seq2090_67_bp_-1_2_0	ENA|CAA45199|CAA45199.1	50.00	10	5	0	4	13	167	176	2.6	17.7
Seq2090_67_bp_-1_2_0	ENA|ACH70901|ACH70901.1	50.00	6	3	0	15	20	146	151	3	17.1
Seq2090_67_bp_-1_2_0	ENA|BAA32991|BAA32991.1	33.33	9	6	0	11	19	8	16	4.4	14.1
Seq2090_67_bp_-1_2_0	ENA|CAA26939|CAA26939.1	57.14	7	3	0	15	21	16	22	4.7	17.1
Seq2090_67_bp_-1_2_0	ENA|AAI27517|AAI27517.1	50.00	8	4	0	13	20	426	433	4.8	17.1
Seq2090_67_bp_-1_2_0	ENA|CAA11507|CAA11507.1	50.00	10	5	0	12	21	584	593	4.9	18.3
Seq2090_67_bp_-1_2_0	ENA|AAF79734|AAF79734.1	30.77	13	9	0	8	20	649	661	5.2	18.3
Seq2090_67_bp_-1_2_0	ENA|AAS77176|AAS77176.1	40.00	10	6	0	11	20	150	159	5.4	15.9
Seq2090_67_bp_-1_2_0	ENA|AAR31603|AAR31603.1	26.67	15	11	0	4	18	109	123	6.1	15.9
Seq2090_67_bp_-1_2_0	ENA|BAA32956|BAA32956.1	36.36	11	7	0	2	12	140	150	8.7	14.7
Seq2090_67_bp_-1_2_0	ENA|AAA36114|AAA36114.1	33.33	9	6	0	5	13	181	189	9.1	15.9
Seq2090_67_bp_-1_2_0	ENA|AAC97205|AAC97205.1	33.33	9	6	0	10	18	552	560	9.6	17.1
