Seq6140_143_bp_1_0_0	BAA32956.1	61.54	30	10	4	1	30	187	212	4.5e-05	33.6
Seq6140_143_bp_1_0_0	AAI27517.1	63.64	11	4	0	7	17	528	538	0.17	23.1
Seq6140_143_bp_1_0_0	AAC97205.1	36.00	27	16	2	2	28	54	78	0.3	23.4
Seq6140_143_bp_1_0_0	AAA45888.1	85.71	7	1	0	6	12	11	17	0.48	21.0
Seq6140_143_bp_1_0_0	AAB96524.1	83.33	6	1	0	8	13	82	87	0.99	18.9
Seq6140_143_bp_1_0_0	BAA32991.1	71.43	7	2	0	41	47	31	37	1.5	16.9
Seq6140_143_bp_1_0_0	AAQ92751.2	52.63	20	9	1	27	46	128	146	1.7	21.0
Seq6140_143_bp_1_0_0	CAD53387.1	80.00	12	2	2	3	12	37	48	1.8	19.5
Seq6140_143_bp_1_0_0	AAR37016.1	72.73	13	3	2	8	18	913	925	1.9	21.6
Seq6140_143_bp_1_0_0	CAA26230.1	58.33	14	5	2	23	34	485	498	2.9	18.9
Seq6140_143_bp_1_0_0	AAA24969.1	50.00	12	6	0	24	35	179	190	7.6	18.9
Seq6140_143_bp_1_0_0	AAF01122.1	76.92	22	3	9	15	34	65	79	8	16.9
Seq6140_143_bp_1_0_0	AEE27845.1	55.56	9	4	0	2	10	442	450	8.5	18.6
Seq6140_143_bp_1_0_0	BAE97662.1	46.15	13	7	0	25	37	809	821	8.5	18.3
Seq6140_143_bp_1_1_0	ABK71357.1	100.00	47	0	0	1	47	218	264	6e-34	130.3
Seq6140_143_bp_1_1_0	AAA65607.1	44.44	18	10	0	2	19	57	74	0.3	21.7
Seq6140_143_bp_1_1_0	AAA24969.1	47.83	27	12	4	8	30	948	974	0.65	22.6
Seq6140_143_bp_1_1_0	EDO47375.1	62.50	25	6	9	3	25	39	56	1.5	18.3
Seq6140_143_bp_1_1_0	CAA11507.1	68.42	23	6	4	26	45	161	182	2.5	20.5
Seq6140_143_bp_1_1_0	AII71783.1	70.00	12	3	2	10	21	175	184	3	18.0
Seq6140_143_bp_1_1_0	AAA25966.1	48.00	30	13	5	8	32	278	307	4.6	18.6
Seq6140_143_bp_1_1_0	ABG75784.1	63.64	11	4	0	7	17	275	285	5.7	17.1
Seq6140_143_bp_1_1_0	BAB70780.1	38.46	13	8	0	29	41	452	464	5.8	17.7
Seq6140_143_bp_1_1_0	BAB79260.1	70.00	12	3	2	38	47	303	314	6.6	17.4
Seq6140_143_bp_1_1_0	AAA18786.1	53.85	31	12	5	14	40	47	76	7.3	16.5
Seq6140_143_bp_1_1_0	AAX12058.1	63.64	15	4	4	28	42	101	111	7.5	16.5
Seq6140_143_bp_1_1_0	ABS38337.1	33.33	18	12	0	11	28	147	164	9.7	18.3
Seq6140_143_bp_1_1_0	AAH69556.1	71.43	7	2	0	32	38	264	270	10	16.2
Seq6140_143_bp_1_2_0	BAA32991.1	100.00	7	0	1	13	18	29	35	0.029	22.6
Seq6140_143_bp_1_2_0	AAQ92751.2	75.00	14	3	2	14	27	126	137	0.47	22.9
Seq6140_143_bp_1_2_0	AII71783.1	85.71	9	1	2	9	15	148	156	1.2	19.4
Seq6140_143_bp_1_2_0	AAA32624.1	83.33	6	1	0	1	6	474	479	1.9	19.4
Seq6140_143_bp_1_2_0	CAA74140.1	77.78	10	2	1	29	38	787	795	2.8	19.8
Seq6140_143_bp_1_2_0	BAB17681.1	40.00	16	9	1	12	26	173	188	3.8	17.5
Seq6140_143_bp_1_2_0	BAA32956.1	75.00	16	3	4	16	31	12	23	4.4	16.9
Seq6140_143_bp_1_2_0	CAA11507.1	44.44	39	15	12	2	29	919	956	4.9	19.4
Seq6140_143_bp_1_2_0	AAA18786.1	80.00	5	1	0	7	11	65	69	6.9	16.6
Seq6140_143_bp_1_2_0	AAA24969.1	47.83	28	12	5	9	36	1204	1226	8.3	18.8
Seq6140_143_bp_1_2_0	CAA26230.1	58.82	24	7	7	5	24	221	241	9.1	17.2
Seq6140_143_bp_1_2_0	ABD33854.1	100.00	3	0	0	31	33	53	55	9.3	14.0
Seq6140_143_bp_-1_0_0	BAA32956.1	68.75	18	5	2	24	41	181	196	0.0015	28.5
Seq6140_143_bp_-1_0_0	ABD49687.1	69.23	14	4	1	32	44	190	203	0.025	27.5
Seq6140_143_bp_-1_0_0	AAA45888.1	57.14	14	6	0	31	44	7	20	0.14	22.8
Seq6140_143_bp_-1_0_0	CAD53387.1	52.63	20	9	1	28	47	29	47	0.15	23.1
Seq6140_143_bp_-1_0_0	CAD53387.1	52.63	20	9	1	28	47	95	113	0.15	23.1
Seq6140_143_bp_-1_0_0	CAD53387.1	52.63	20	9	1	28	47	161	179	0.15	23.1
Seq6140_143_bp_-1_0_0	CAD53387.1	52.63	20	9	1	28	47	227	245	0.15	23.1
Seq6140_143_bp_-1_0_0	CAD53387.1	52.63	20	9	1	28	47	293	311	0.15	23.1
Seq6140_143_bp_-1_0_0	CAD53387.1	52.63	20	9	1	28	47	359	377	0.15	23.1
Seq6140_143_bp_-1_0_0	CAD53387.1	52.63	20	9	1	28	47	425	443	0.15	23.1
Seq6140_143_bp_-1_0_0	AAF01122.1	60.00	11	4	1	33	42	342	352	0.89	20.1
Seq6140_143_bp_-1_0_0	AAB26998.1	75.00	9	2	1	8	15	23	31	1.2	17.4
Seq6140_143_bp_-1_0_0	CAA74140.1	62.50	30	6	14	7	36	595	610	1.4	20.8
Seq6140_143_bp_-1_0_0	AAI27517.1	42.86	14	8	0	31	44	347	360	1.8	19.8
Seq6140_143_bp_-1_0_0	ABK71357.1	54.84	41	14	10	3	40	145	178	1.8	19.1
Seq6140_143_bp_-1_0_0	AAB64315.2	57.89	24	8	5	14	37	312	330	2	18.8
Seq6140_143_bp_-1_0_0	AAA32624.1	66.67	28	6	10	10	28	3	29	2	19.4
Seq6140_143_bp_-1_0_0	AAC78721.1	64.71	23	6	6	24	40	572	594	3.1	19.1
Seq6140_143_bp_-1_0_0	CAA73529.1	54.55	14	5	3	17	30	17	27	3.2	17.8
Seq6140_143_bp_-1_0_0	BAE97662.1	71.43	7	2	0	11	17	1095	1101	3.3	19.8
Seq6140_143_bp_-1_0_0	CAA45199.1	57.14	34	9	13	5	25	162	195	3.5	18.4
Seq6140_143_bp_-1_0_0	AAC97205.1	66.67	10	3	1	22	31	316	324	3.6	19.8
Seq6140_143_bp_-1_0_0	AAB96524.1	57.14	7	3	0	26	32	121	127	4.4	16.8
Seq6140_143_bp_-1_0_0	ACT10338.1	60.00	12	4	2	37	46	10	21	5.7	17.4
Seq6140_143_bp_-1_0_0	AAR31603.1	55.56	9	4	0	10	18	85	93	7.5	16.8
Seq6140_143_bp_-1_0_0	ACH70904.1	50.00	22	9	4	4	21	256	277	8.1	16.8
Seq6140_143_bp_-1_0_0	AAA25966.1	83.33	6	1	0	2	7	80	85	8.2	17.8
Seq6140_143_bp_-1_0_0	AAA65607.1	57.14	16	6	2	11	26	42	55	8.3	16.8
Seq6140_143_bp_-1_0_0	AAA24969.1	66.67	10	3	1	24	32	1220	1229	8.5	18.8
Seq6140_143_bp_-1_0_0	CAA04196.1	70.00	13	3	3	36	45	403	415	9.4	16.8
Seq6140_143_bp_-1_1_0	ABK71357.1	55.00	20	9	0	24	43	222	241	0.25	21.9
Seq6140_143_bp_-1_1_0	CAA43372.1	75.00	8	2	0	12	19	135	142	0.96	20.1
Seq6140_143_bp_-1_1_0	ABD33854.1	57.14	7	3	0	15	21	53	59	1.4	16.9
Seq6140_143_bp_-1_1_0	AAA26915.1	47.37	21	10	2	18	37	174	193	1.6	19.5
Seq6140_143_bp_-1_1_0	AAH69556.1	53.85	14	6	1	5	17	288	301	2.9	18.1
Seq6140_143_bp_-1_1_0	ABD49687.1	58.06	49	13	18	2	45	460	495	5.7	19.5
Seq6140_143_bp_-1_1_0	AAB96524.1	55.56	10	4	1	13	21	176	185	8.7	15.7
Seq6140_143_bp_-1_1_0	AAF01122.1	52.63	28	9	9	5	29	64	85	9.5	16.6
Seq6140_143_bp_-1_2_0	AAQ92751.2	52.00	30	12	5	21	46	88	116	0.042	26.4
Seq6140_143_bp_-1_2_0	BAA32956.1	38.46	43	24	4	3	45	170	208	0.044	23.6
Seq6140_143_bp_-1_2_0	AAR31603.1	48.28	34	15	5	1	29	275	308	0.2	22.1
Seq6140_143_bp_-1_2_0	AAR37016.1	56.00	34	11	9	3	34	403	429	0.6	23.3
Seq6140_143_bp_-1_2_0	AAI27517.1	53.85	13	6	0	4	16	477	489	0.67	21.2
Seq6140_143_bp_-1_2_0	AAC97205.1	48.15	39	14	12	8	34	1071	1109	0.74	22.1
Seq6140_143_bp_-1_2_0	ABD33854.1	38.89	18	11	0	30	47	18	35	0.76	17.8
Seq6140_143_bp_-1_2_0	AEE27845.1	34.48	29	19	0	18	46	274	302	1	21.8
Seq6140_143_bp_-1_2_0	AIR13712.1	52.94	24	8	7	1	17	91	114	1.3	19.3
Seq6140_143_bp_-1_2_0	AAB03707.1	77.78	9	2	0	35	43	1015	1023	1.6	21.2
Seq6140_143_bp_-1_2_0	AAB96524.1	85.71	8	1	1	6	12	84	91	3.3	17.2
Seq6140_143_bp_-1_2_0	AAF01122.1	85.71	7	1	0	37	43	175	181	3.5	18.1
Seq6140_143_bp_-1_2_0	AAC17860.1	45.45	26	12	4	8	30	256	280	3.9	18.1
Seq6140_143_bp_-1_2_0	ACH70904.1	50.00	12	6	0	17	28	149	160	4.2	17.8
Seq6140_143_bp_-1_2_0	AAA72732.1	68.42	27	6	8	13	33	31	55	4.5	17.5
Seq6140_143_bp_-1_2_0	CAD53387.1	100.00	7	0	1	24	30	32	37	4.7	18.1
Seq6140_143_bp_-1_2_0	AAB64315.2	50.00	28	10	8	8	28	50	76	4.7	17.5
Seq6140_143_bp_-1_2_0	AAX12058.1	53.85	13	6	0	30	42	35	47	5.9	16.9
Seq6140_143_bp_-1_2_0	ABK71357.1	63.64	11	4	0	37	47	149	159	6.5	17.2
Seq6140_143_bp_-1_2_0	ABD49687.1	34.78	23	15	0	25	47	187	209	6.7	19.3
Seq6140_143_bp_-1_2_0	AAC78721.1	47.06	18	9	1	16	33	593	609	7.6	17.8
Seq6140_143_bp_-1_2_0	CAA26230.1	66.67	10	3	1	24	32	221	230	7.8	17.5
