Seq7670_254_bp_1_0_0	ENA|AAS77176|AAS77176.1	100.00	76	0	0	1	76	216	291	2.6e-58	211.6
Seq7670_254_bp_1_0_0	ENA|BAB17681|BAB17681.1	50.00	16	8	0	22	37	112	127	0.16	22.9
Seq7670_254_bp_1_0_0	ENA|AAA42531|AAA42531.1	28.00	25	18	0	34	58	148	172	0.67	21.3
Seq7670_254_bp_1_0_0	ENA|CAA28033|CAA28033.1	47.62	22	11	1	9	30	206	226	1.1	22.3
Seq7670_254_bp_1_0_0	ENA|BAA05866|BAA05866.1	41.67	12	7	0	11	22	249	260	2.3	19.2
Seq7670_254_bp_1_0_0	ENA|AAC26660|AAC26660.1	33.33	15	10	0	10	24	48	62	2.7	18.6
Seq7670_254_bp_1_0_0	ENA|AAR37016|AAR37016.1	38.10	22	13	1	9	30	141	161	5.6	20.8
Seq7670_254_bp_1_0_0	ENA|BAA32018|BAA32018.1	37.50	16	10	0	7	22	538	553	6.4	18.6
Seq7670_254_bp_1_0_0	ENA|AAC08817|AAC08817.1	33.33	15	10	0	20	34	86	100	6.9	16.5
Seq7670_254_bp_1_0_0	ENA|AAB26998|AAB26998.1	50.00	8	4	0	20	27	19	26	7.1	15.5
Seq7670_254_bp_1_0_0	ENA|AAA36114|AAA36114.1	50.00	16	8	0	56	71	248	263	7.4	18.1
Seq7670_254_bp_1_0_0	ENA|BAA32956|BAA32956.1	35.71	14	9	0	7	20	36	49	9	16.5
Seq7670_254_bp_1_0_0	ENA|CAA36214|CAA36214.1	39.13	24	14	1	35	57	199	222	9	17.1
Seq7670_254_bp_1_1_0	ENA|AAC97205|AAC97205.1	58.33	12	5	0	22	33	440	451	0.5	22.9
Seq7670_254_bp_1_1_0	ENA|CAA29968|CAA29968.1	46.67	15	8	0	38	52	25	39	2	18.2
Seq7670_254_bp_1_1_0	ENA|CAA26023|CAA26023.1	33.33	15	10	0	43	57	164	178	2.9	18.7
Seq7670_254_bp_1_1_0	ENA|BAB79260|BAB79260.1	50.00	8	4	0	10	17	198	205	4.6	18.2
Seq7670_254_bp_1_1_0	ENA|AAB26998|AAB26998.1	36.36	11	7	0	3	13	4	14	5.6	15.4
Seq7670_254_bp_1_1_0	ENA|CAA28033|CAA28033.1	39.13	23	14	0	21	43	467	489	6.8	19.2
Seq7670_254_bp_1_1_1	ENA|AAA18786|AAA18786.1	30.77	13	9	0	1	13	82	94	0.74	18.0
Seq7670_254_bp_1_1_1	ENA|AAC40132|AAC40132.1	62.50	8	3	0	4	11	42	49	1.3	18.0
Seq7670_254_bp_1_1_1	ENA|CAA26023|CAA26023.1	50.00	10	5	0	1	10	124	133	1.6	17.4
Seq7670_254_bp_1_1_1	ENA|CAA28033|CAA28033.1	41.67	12	7	0	2	13	90	101	1.6	19.2
Seq7670_254_bp_1_1_1	ENA|CAA73529|CAA73529.1	42.86	7	4	0	4	10	36	42	1.7	16.9
Seq7670_254_bp_1_1_1	ENA|BAB17681|BAB17681.1	60.00	5	2	0	8	12	23	27	2.5	16.3
Seq7670_254_bp_1_1_1	ENA|AAC49865|AAC49865.1	100.00	5	0	0	2	6	229	233	3	16.3
Seq7670_254_bp_1_1_1	ENA|AAA32624|AAA32624.1	66.67	6	2	0	8	13	397	402	3.2	16.9
Seq7670_254_bp_1_1_1	ENA|BAA32018|BAA32018.1	36.36	11	7	0	3	13	105	115	3.8	16.9
Seq7670_254_bp_1_1_1	ENA|ABG75784|ABG75784.1	44.44	9	5	0	4	12	40	48	4.2	15.7
Seq7670_254_bp_1_1_1	ENA|CAL82360|CAL82360.1	50.00	8	4	0	5	12	982	989	5.1	17.4
Seq7670_254_bp_1_1_1	ENA|BAB79260|BAB79260.1	40.00	5	3	0	4	8	438	442	6	15.7
Seq7670_254_bp_1_1_1	ENA|AAA72732|AAA72732.1	50.00	8	4	0	1	8	292	299	6.2	15.1
Seq7670_254_bp_1_1_1	ENA|AAR31603|AAR31603.1	50.00	8	4	0	1	8	75	82	6.5	15.1
Seq7670_254_bp_1_1_1	ENA|AAS77176|AAS77176.1	46.15	13	7	0	1	13	193	205	8.5	14.5
Seq7670_254_bp_1_2_0	ENA|AAC97205|AAC97205.1	33.33	18	12	0	30	47	887	904	3.5	20.0
Seq7670_254_bp_1_2_0	ENA|BAA32991|BAA32991.1	25.00	16	12	0	35	50	23	38	4.4	15.5
Seq7670_254_bp_1_2_0	ENA|AAR37016|AAR37016.1	40.00	25	15	0	16	40	2130	2154	4.8	20.4
Seq7670_254_bp_1_2_0	ENA|CAA29968|CAA29968.1	57.14	7	3	0	42	48	188	194	6.6	16.4
Seq7670_254_bp_1_2_0	ENA|AAB26998|AAB26998.1	66.67	6	2	0	47	52	73	78	9.1	14.6
Seq7670_254_bp_1_2_1	ENA|AAA36114|AAA36114.1	100.00	4	0	0	3	6	428	431	7	15.5
Seq7670_254_bp_1_2_1	ENA|ABN10845|ABN10845.1	60.00	5	2	0	5	9	154	158	9.9	13.7
Seq7670_254_bp_-1_0_0	ENA|CAA43419|CAA43419.1	75.00	8	2	0	2	9	144	151	1.5	17.6
Seq7670_254_bp_-1_0_0	ENA|AAB26998|AAB26998.1	75.00	4	1	0	10	13	26	29	4.9	13.6
Seq7670_254_bp_-1_0_0	ENA|AAC49865|AAC49865.1	42.86	7	4	0	3	9	68	74	8.9	14.7
Seq7670_254_bp_-1_0_1	ENA|AAI27517|AAI27517.1	60.00	10	4	0	3	12	58	67	0.13	21.9
Seq7670_254_bp_-1_0_1	ENA|AAA24145|AAA24145.1	83.33	6	1	0	3	8	316	321	0.92	18.7
Seq7670_254_bp_-1_0_1	ENA|CAA24711|CAA24711.1	44.44	9	5	0	5	13	126	134	1.3	16.8
Seq7670_254_bp_-1_0_1	ENA|AAC17860|AAC17860.1	62.50	8	3	0	6	13	154	161	2	17.4
Seq7670_254_bp_-1_0_1	ENA|AAS77176|AAS77176.1	41.67	12	7	0	4	15	264	275	2.2	16.8
Seq7670_254_bp_-1_0_1	ENA|AAB96524|AAB96524.1	62.50	8	3	0	3	10	4	11	2.2	16.1
Seq7670_254_bp_-1_0_1	ENA|CAA36714|CAA36714.1	60.00	5	2	0	8	12	181	185	5.3	16.1
Seq7670_254_bp_-1_0_1	ENA|AAA36114|AAA36114.1	100.00	4	0	0	11	14	125	128	5.7	16.1
Seq7670_254_bp_-1_0_1	ENA|AAB66912|AAB66912.1	42.86	7	4	0	1	7	548	554	6.7	16.8
Seq7670_254_bp_-1_0_1	ENA|AAC40132|AAC40132.1	37.50	8	5	0	6	13	290	297	8.1	15.5
Seq7670_254_bp_-1_0_1	ENA|AAC97205|AAC97205.1	57.14	7	3	0	1	7	1194	1200	8.7	16.8
Seq7670_254_bp_-1_0_1	ENA|AAC49865|AAC49865.1	55.56	9	4	0	3	11	124	132	8.7	14.9
Seq7670_254_bp_-1_0_1	ENA|CAA28033|CAA28033.1	44.44	9	5	0	5	13	542	550	9.1	16.8
Seq7670_254_bp_-1_0_2	ENA|CAA26023|CAA26023.1	50.00	20	9	2	12	29	114	133	1.4	19.5
Seq7670_254_bp_-1_0_2	ENA|AAC17860|AAC17860.1	41.67	12	7	0	29	40	333	344	2.1	18.9
Seq7670_254_bp_-1_0_2	ENA|CAA26939|CAA26939.1	40.00	15	9	0	20	34	438	452	4.2	18.4
Seq7670_254_bp_-1_0_2	ENA|CAA28033|CAA28033.1	40.00	15	9	0	30	44	5	19	9.1	18.4
Seq7670_254_bp_-1_0_2	ENA|ABG75784|ABG75784.1	50.00	8	4	0	3	10	210	217	9.3	16.3
Seq7670_254_bp_-1_0_2	ENA|AAC78721|AAC78721.1	31.25	16	11	0	3	18	64	79	9.7	17.4
Seq7670_254_bp_-1_1_0	ENA|AAC08817|AAC08817.1	60.00	10	4	0	18	27	7	16	0.32	19.5
Seq7670_254_bp_-1_1_0	ENA|CAA43419|CAA43419.1	60.00	10	4	0	10	19	145	154	1.1	19.0
Seq7670_254_bp_-1_1_0	ENA|BAA32956|BAA32956.1	100.00	4	0	0	17	20	13	16	2.8	16.8
Seq7670_254_bp_-1_1_0	ENA|ABG75784|ABG75784.1	37.50	16	10	0	11	26	12	27	2.9	17.3
Seq7670_254_bp_-1_1_0	ENA|CCP43727|CCP43727.1	46.67	15	8	0	8	22	1	15	3	17.3
Seq7670_254_bp_-1_1_0	ENA|CAA36214|CAA36214.1	50.00	6	3	0	18	23	47	52	4.1	16.8
Seq7670_254_bp_-1_1_0	ENA|AAC17860|AAC17860.1	53.85	13	6	0	8	20	268	280	5.4	16.8
Seq7670_254_bp_-1_1_0	ENA|CAA24711|CAA24711.1	41.67	12	7	0	9	20	122	133	7	15.1
Seq7670_254_bp_-1_1_0	ENA|AAR31603|AAR31603.1	46.15	13	7	0	13	25	1	13	9	15.7
Seq7670_254_bp_-1_1_1	ENA|ABN10845|ABN10845.1	34.78	23	15	0	20	42	51	73	0.17	21.7
Seq7670_254_bp_-1_1_1	ENA|ACT10338|ACT10338.1	35.48	32	20	1	11	41	361	392	0.62	20.7
Seq7670_254_bp_-1_1_1	ENA|AAC49865|AAC49865.1	60.00	10	4	0	22	31	194	203	3	18.2
Seq7670_254_bp_-1_1_1	ENA|CAA26939|CAA26939.1	41.67	12	7	0	5	16	225	236	5	18.2
Seq7670_254_bp_-1_1_1	ENA|BAA32956|BAA32956.1	45.45	11	6	0	35	45	168	178	5.3	16.7
Seq7670_254_bp_-1_1_1	ENA|CCP43727|CCP43727.1	62.50	8	3	0	28	35	237	244	5.8	17.2
Seq7670_254_bp_-1_1_1	ENA|AAR31603|AAR31603.1	37.50	16	10	0	27	42	281	296	5.8	17.2
Seq7670_254_bp_-1_1_1	ENA|AAB96524|AAB96524.1	54.55	11	5	0	29	39	6	16	6.6	16.2
Seq7670_254_bp_-1_2_0	ENA|CAA43419|CAA43419.1	80.00	5	1	0	5	9	164	168	0.72	18.1
Seq7670_254_bp_-1_2_0	ENA|BAB79260|BAB79260.1	40.00	10	6	0	1	10	133	142	0.89	18.1
Seq7670_254_bp_-1_2_0	ENA|AAA25966|AAA25966.1	100.00	4	0	0	5	8	492	495	1.4	18.1
Seq7670_254_bp_-1_2_0	ENA|BAA36759|BAA36759.1	57.14	7	3	0	1	7	13	19	1.4	16.8
Seq7670_254_bp_-1_2_0	ENA|AAA24145|AAA24145.1	66.67	6	2	0	1	6	203	208	1.4	17.5
Seq7670_254_bp_-1_2_0	ENA|BAA32956|BAA32956.1	50.00	6	3	0	3	8	71	76	1.6	16.1
Seq7670_254_bp_-1_2_0	ENA|AAF79734|AAF79734.1	71.43	7	2	0	3	9	1111	1117	1.8	18.8
Seq7670_254_bp_-1_2_0	ENA|ABD49687|ABD49687.1	57.14	7	3	0	4	10	1402	1408	2.1	18.8
Seq7670_254_bp_-1_2_0	ENA|AAI27517|AAI27517.1	66.67	6	2	0	2	7	524	529	2.9	16.8
Seq7670_254_bp_-1_2_0	ENA|AAC40132|AAC40132.1	62.50	8	3	0	3	10	117	124	3.6	16.1
Seq7670_254_bp_-1_2_0	ENA|CAB75732|CAB75732.1	57.14	7	3	0	4	10	822	828	5.5	16.8
Seq7670_254_bp_-1_2_0	ENA|AAA36539|AAA36539.1	60.00	5	2	0	6	10	24	28	5.7	15.5
Seq7670_254_bp_-1_2_0	ENA|CAA28033|CAA28033.1	37.50	8	5	0	1	8	19	26	6.2	16.8
Seq7670_254_bp_-1_2_0	ENA|AAR31603|AAR31603.1	25.00	8	6	0	1	8	115	122	6.2	14.8
Seq7670_254_bp_-1_2_0	ENA|AAA32624|AAA32624.1	30.00	10	7	0	1	10	384	393	9.5	14.8
Seq7670_254_bp_-1_2_0	ENA|ABN10845|ABN10845.1	100.00	4	0	0	1	4	32	35	9.9	13.5
Seq7670_254_bp_-1_2_0	ENA|AAB03707|AAB03707.1	80.00	5	1	0	2	6	1343	1347	9.9	16.1
Seq7670_254_bp_-1_2_1	ENA|ABG75784|ABG75784.1	60.00	5	2	0	7	11	261	265	5.5	15.0
Seq7670_254_bp_-1_2_1	ENA|AAB66912|AAB66912.1	66.67	6	2	0	1	6	637	642	6.8	16.3
Seq7670_254_bp_-1_2_1	ENA|ACT10338|ACT10338.1	50.00	10	5	0	2	11	73	82	6.8	15.0
Seq7670_254_bp_-1_2_1	ENA|ABD49687|ABD49687.1	62.50	8	3	0	3	10	1386	1393	8	16.9
Seq7670_254_bp_-1_2_1	ENA|CAL82360|CAL82360.1	83.33	6	1	0	6	11	496	501	9.1	16.3
Seq7670_254_bp_-1_2_2	ENA|CAA45199|CAA45199.1	45.45	11	6	0	12	22	374	384	0.18	22.2
Seq7670_254_bp_-1_2_2	ENA|AAA72732|AAA72732.1	47.06	17	9	0	3	19	51	67	0.28	21.0
Seq7670_254_bp_-1_2_2	ENA|CCP43727|CCP43727.1	50.00	17	8	1	9	25	307	322	0.45	20.4
Seq7670_254_bp_-1_2_2	ENA|CAA26939|CAA26939.1	35.00	20	13	0	13	32	466	485	1.8	19.1
Seq7670_254_bp_-1_2_2	ENA|AAA18786|AAA18786.1	50.00	8	4	0	14	21	243	250	2	17.9
Seq7670_254_bp_-1_2_2	ENA|AAS77176|AAS77176.1	40.00	10	6	0	19	28	45	54	2.2	17.9
Seq7670_254_bp_-1_2_2	ENA|AAC17860|AAC17860.1	40.91	24	13	2	4	25	71	94	3.1	17.9
Seq7670_254_bp_-1_2_2	ENA|AAB96524|AAB96524.1	50.00	10	5	0	12	21	111	120	3.3	16.6
Seq7670_254_bp_-1_2_2	ENA|AAA24145|AAA24145.1	66.67	6	2	0	9	14	161	166	5.2	17.3
Seq7670_254_bp_-1_2_2	ENA|CAA36214|CAA36214.1	40.00	15	9	0	13	27	212	226	5.3	16.6
Seq7670_254_bp_-1_2_2	ENA|AAA36539|AAA36539.1	57.14	7	3	0	7	13	160	166	5.3	17.3
Seq7670_254_bp_-1_2_2	ENA|ABG75784|ABG75784.1	53.85	13	6	0	15	27	206	218	5.4	16.6
Seq7670_254_bp_-1_2_2	ENA|AAC08817|AAC08817.1	40.00	15	9	0	13	27	60	74	6.4	15.4
Seq7670_254_bp_-1_2_2	ENA|AAA42531|AAA42531.1	35.00	20	13	0	7	26	116	135	6.6	16.6
Seq7670_254_bp_-1_2_2	ENA|AAC78721|AAC78721.1	35.71	14	9	0	1	14	263	276	7.4	17.3
Seq7670_254_bp_-1_2_2	ENA|ABN10845|ABN10845.1	33.33	21	14	0	7	27	64	84	8.6	15.4
Seq7670_254_bp_-1_2_2	ENA|ACH70901|ACH70901.1	30.00	20	14	0	10	29	259	278	9.2	16.0
Seq7670_254_bp_-1_2_2	ENA|CAA29956|CAA29956.1	40.00	15	9	0	16	30	145	159	9.6	16.0
Seq7670_254_bp_-1_2_2	ENA|BAA32991|BAA32991.1	57.14	7	3	0	6	12	34	40	9.8	13.5
Seq7670_254_bp_-1_2_2	ENA|ACT10338|ACT10338.1	45.45	11	6	0	4	14	29	39	9.9	16.0
