Seq8091_272_bp_1_0_0	ENA|CAA73529|CAA73529.1	100.00	90	0	0	1	90	1	90	4.8e-75	267.3
Seq8091_272_bp_1_0_0	ENA|AAC40132|AAC40132.1	36.67	67	38	7	20	79	228	294	4.6e-08	45.6
Seq8091_272_bp_1_0_0	ENA|AAF79734|AAF79734.1	72.73	11	3	0	60	70	172	182	0.59	23.6
Seq8091_272_bp_1_0_0	ENA|AAB66912|AAB66912.1	26.09	48	34	2	1	46	61	108	1.1	22.0
Seq8091_272_bp_1_0_0	ENA|BAA36759|BAA36759.1	34.78	23	15	0	60	82	31	53	1.6	19.8
Seq8091_272_bp_1_0_0	ENA|AAB96524|AAB96524.1	33.33	42	26	3	23	61	122	163	3	18.2
Seq8091_272_bp_1_0_0	ENA|CAA36214|CAA36214.1	46.15	13	7	0	9	21	237	249	3.4	18.8
Seq8091_272_bp_1_0_0	ENA|BAA05866|BAA05866.1	32.26	32	21	1	51	82	44	74	3.4	18.8
Seq8091_272_bp_1_0_0	ENA|AAA72732|AAA72732.1	38.89	18	11	0	47	64	147	164	3.5	18.8
Seq8091_272_bp_1_0_0	ENA|ABD49687|ABD49687.1	35.48	33	20	2	25	57	1189	1219	4.3	20.9
Seq8091_272_bp_1_0_0	ENA|BAA32991|BAA32991.1	66.67	6	2	0	65	70	54	59	4.9	16.1
Seq8091_272_bp_1_0_0	ENA|CAA29968|CAA29968.1	47.06	18	9	1	11	28	168	184	6.5	17.2
Seq8091_272_bp_1_0_0	ENA|AAA18786|AAA18786.1	55.56	9	4	0	42	50	204	212	8.7	17.2
Seq8091_272_bp_1_1_0	ENA|BAA32991|BAA32991.1	27.78	18	13	0	12	29	5	22	0.74	18.4
Seq8091_272_bp_1_1_0	ENA|ABD33854|ABD33854.1	50.00	12	6	0	31	42	36	47	1.3	17.4
Seq8091_272_bp_1_1_0	ENA|BAA32956|BAA32956.1	33.33	22	14	1	29	50	172	192	5.8	16.9
Seq8091_272_bp_1_1_0	ENA|AAC08817|AAC08817.1	33.33	15	10	0	37	51	42	56	6	16.5
Seq8091_272_bp_1_1_0	ENA|CAA36214|CAA36214.1	57.14	16	6	2	28	41	46	61	8.2	16.9
Seq8091_272_bp_1_1_0	ENA|AAC49865|AAC49865.1	33.33	24	16	0	23	46	10	33	8.8	16.9
Seq8091_272_bp_1_1_1	ENA|AAF79734|AAF79734.1	85.71	7	1	0	10	16	205	211	5.9	18.4
Seq8091_272_bp_1_1_1	ENA|EDO47375|EDO47375.1	44.44	9	5	0	18	26	72	80	6.6	15.3
Seq8091_272_bp_1_1_1	ENA|ABD33854|ABD33854.1	40.00	10	6	0	14	23	45	54	7.6	13.5
Seq8091_272_bp_1_1_1	ENA|CAA29968|CAA29968.1	33.33	24	16	0	2	25	157	180	9.1	14.8
Seq8091_272_bp_1_2_0	ENA|ABK71357|ABK71357.1	55.56	9	4	0	27	35	36	44	1.2	20.1
Seq8091_272_bp_1_2_0	ENA|BAA32956|BAA32956.1	35.00	20	13	0	35	54	179	198	1.3	19.1
Seq8091_272_bp_1_2_0	ENA|AAR31603|AAR31603.1	30.00	30	21	0	16	45	84	113	1.4	19.6
Seq8091_272_bp_1_2_0	ENA|BAA32991|BAA32991.1	36.36	11	7	0	13	23	10	20	1.7	17.0
Seq8091_272_bp_1_2_0	ENA|AAC49865|AAC49865.1	47.83	24	12	1	25	47	306	329	2	19.1
Seq8091_272_bp_1_2_0	ENA|AAB03707|AAB03707.1	44.83	30	16	1	3	31	1058	1087	3	20.6
Seq8091_272_bp_1_2_0	ENA|CAD53387|CAD53387.1	37.50	16	10	0	30	45	33	48	3.1	19.1
Seq8091_272_bp_1_2_0	ENA|ABD33854|ABD33854.1	44.44	9	5	0	35	43	26	34	3.2	16.0
Seq8091_272_bp_1_2_0	ENA|AAC97205|AAC97205.1	38.10	21	13	0	27	47	609	629	3.8	20.1
Seq8091_272_bp_1_2_0	ENA|CAA45199|CAA45199.1	83.33	6	1	0	33	38	49	54	5.7	18.0
Seq8091_272_bp_1_2_0	ENA|CAA24711|CAA24711.1	42.86	21	12	0	13	33	92	112	6	16.5
Seq8091_272_bp_1_2_0	ENA|AAA32624|AAA32624.1	62.50	8	3	0	39	46	121	128	6.3	18.0
Seq8091_272_bp_1_2_0	ENA|CAA26939|CAA26939.1	37.50	16	10	0	1	16	166	181	6.9	18.0
Seq8091_272_bp_1_2_0	ENA|BAA32018|BAA32018.1	45.45	11	6	0	10	20	35	45	7.5	18.0
Seq8091_272_bp_1_2_0	ENA|AAC08817|AAC08817.1	31.25	16	11	0	31	46	120	135	7.6	16.0
Seq8091_272_bp_1_2_0	ENA|BAA36759|BAA36759.1	45.45	11	6	0	9	19	147	157	9.7	16.5
Seq8091_272_bp_1_2_1	ENA|ABD33854|ABD33854.1	53.85	13	6	0	3	15	31	43	0.028	21.2
Seq8091_272_bp_1_2_1	ENA|BAA32956|BAA32956.1	46.15	13	7	0	1	13	183	195	0.61	18.5
Seq8091_272_bp_1_2_1	ENA|AAC78721|AAC78721.1	60.00	10	4	0	9	18	650	659	0.64	20.1
Seq8091_272_bp_1_2_1	ENA|CAA28033|CAA28033.1	37.50	18	10	2	2	19	525	540	1.8	19.6
Seq8091_272_bp_1_2_1	ENA|AAB96524|AAB96524.1	66.67	6	2	0	3	8	83	88	2.4	16.3
Seq8091_272_bp_1_2_1	ENA|AAC08817|AAC08817.1	77.78	12	2	3	2	13	124	132	2.9	15.8
Seq8091_272_bp_1_2_1	ENA|EDO47375|EDO47375.1	63.64	12	4	1	3	13	2	13	3.5	15.8
Seq8091_272_bp_1_2_1	ENA|AAR37016|AAR37016.1	75.00	8	2	0	2	9	950	957	4.6	19.0
Seq8091_272_bp_1_2_1	ENA|AAB26998|AAB26998.1	37.50	8	5	0	2	9	35	42	6.3	13.6
Seq8091_272_bp_1_2_1	ENA|CAA26023|CAA26023.1	57.14	7	3	0	2	8	10	16	9.7	15.3
Seq8091_272_bp_1_2_1	ENA|CAA26939|CAA26939.1	66.67	6	2	0	1	6	496	501	9.9	15.8
Seq8091_272_bp_-1_0_0	ENA|AAF79734|AAF79734.1	29.03	31	22	0	3	33	206	236	5.8	20.1
Seq8091_272_bp_-1_0_0	ENA|BAB79260|BAB79260.1	42.86	21	12	0	50	70	3	23	8.9	17.8
Seq8091_272_bp_-1_1_0	ENA|AAC40132|AAC40132.1	44.44	9	5	0	2	10	230	238	0.94	19.1
Seq8091_272_bp_-1_1_0	ENA|AAB66912|AAB66912.1	57.14	7	3	0	7	13	467	473	2.7	18.5
Seq8091_272_bp_-1_1_0	ENA|AAA36539|AAA36539.1	60.00	5	2	0	15	19	342	346	6.5	16.2
Seq8091_272_bp_-1_1_0	ENA|BAA32956|BAA32956.1	60.00	10	4	0	7	16	36	45	9.3	14.5
Seq8091_272_bp_-1_1_1	ENA|BAA32991|BAA32991.1	52.94	20	8	3	8	24	12	31	0.38	19.5
Seq8091_272_bp_-1_2_0	ENA|AAA36114|AAA36114.1	50.00	16	8	0	4	19	105	120	0.31	21.2
Seq8091_272_bp_-1_2_0	ENA|ABK71357|ABK71357.1	50.00	12	6	0	10	21	277	288	2	18.1
Seq8091_272_bp_-1_2_0	ENA|AAB26998|AAB26998.1	27.27	11	8	0	15	25	36	46	2.6	15.4
Seq8091_272_bp_-1_2_0	ENA|CAA36714|CAA36714.1	35.71	14	9	0	5	18	191	204	3.6	17.5
Seq8091_272_bp_-1_2_0	ENA|BAA32956|BAA32956.1	35.71	14	9	0	2	15	77	90	4.7	16.0
Seq8091_272_bp_-1_2_0	ENA|CAA73529|CAA73529.1	45.45	11	6	0	14	24	260	270	6.1	16.0
Seq8091_272_bp_-1_2_0	ENA|CAA43419|CAA43419.1	41.67	12	7	0	2	13	76	87	8	16.0
Seq8091_272_bp_-1_2_1	ENA|ABD49687|ABD49687.1	75.00	8	2	0	47	54	1475	1482	0.044	27.1
Seq8091_272_bp_-1_2_1	ENA|CAA36214|CAA36214.1	30.00	20	14	0	5	24	160	179	0.13	23.0
Seq8091_272_bp_-1_2_1	ENA|CAA43419|CAA43419.1	31.58	19	13	0	13	31	31	49	0.16	23.0
Seq8091_272_bp_-1_2_1	ENA|CAL82360|CAL82360.1	42.86	28	16	0	26	53	511	538	0.17	24.7
Seq8091_272_bp_-1_2_1	ENA|AAC17860|AAC17860.1	50.00	12	6	0	13	24	310	321	0.18	23.0
Seq8091_272_bp_-1_2_1	ENA|AAR31603|AAR31603.1	31.43	38	24	3	4	38	268	305	0.32	21.8
Seq8091_272_bp_-1_2_1	ENA|BAA32018|BAA32018.1	29.03	31	22	0	16	46	429	459	0.41	22.4
Seq8091_272_bp_-1_2_1	ENA|CAA26023|CAA26023.1	37.50	16	10	0	24	39	264	279	0.57	21.2
Seq8091_272_bp_-1_2_1	ENA|CAA26023|CAA26023.1	37.50	16	10	0	24	39	291	306	0.57	21.2
Seq8091_272_bp_-1_2_1	ENA|ABN10845|ABN10845.1	44.44	9	5	0	25	33	204	212	1.6	18.9
Seq8091_272_bp_-1_2_1	ENA|AAI27517|AAI27517.1	29.41	17	12	0	17	33	180	196	1.9	20.0
Seq8091_272_bp_-1_2_1	ENA|AAF79734|AAF79734.1	83.33	6	1	0	22	27	539	544	2.1	21.2
Seq8091_272_bp_-1_2_1	ENA|BAA05866|BAA05866.1	33.33	18	12	0	24	41	174	191	2.3	18.9
Seq8091_272_bp_-1_2_1	ENA|CAA36714|CAA36714.1	60.00	10	4	0	22	31	38	47	2.3	19.5
Seq8091_272_bp_-1_2_1	ENA|BAA32956|BAA32956.1	36.36	11	7	0	4	14	15	25	2.3	18.3
Seq8091_272_bp_-1_2_1	ENA|CAB75732|CAB75732.1	50.00	10	5	0	24	33	209	218	2.5	20.6
Seq8091_272_bp_-1_2_1	ENA|AAC97205|AAC97205.1	28.00	25	18	0	3	27	36	60	2.7	20.6
Seq8091_272_bp_-1_2_1	ENA|AAA32624|AAA32624.1	46.15	13	7	0	24	36	367	379	3.8	18.9
Seq8091_272_bp_-1_2_1	ENA|AAA18786|AAA18786.1	28.57	21	15	0	23	43	82	102	4.4	17.7
Seq8091_272_bp_-1_2_1	ENA|AAA24145|AAA24145.1	57.14	7	3	0	53	59	381	387	5	18.3
Seq8091_272_bp_-1_2_1	ENA|AAA36539|AAA36539.1	80.00	5	1	0	51	55	468	472	5.2	18.3
Seq8091_272_bp_-1_2_1	ENA|CAA73529|CAA73529.1	30.77	13	9	0	3	15	137	149	6.6	17.1
Seq8091_272_bp_-1_2_1	ENA|AAS77176|AAS77176.1	42.86	7	4	0	49	55	76	82	6.9	17.1
Seq8091_272_bp_-1_2_1	ENA|BAA36759|BAA36759.1	40.00	15	9	0	12	26	45	59	6.9	17.1
Seq8091_272_bp_-1_2_1	ENA|AAB26998|AAB26998.1	80.00	5	1	0	42	46	3	7	9.4	14.8
Seq8091_272_bp_-1_2_1	ENA|BAB17681|BAB17681.1	50.00	8	4	0	23	30	67	74	9.6	16.5
Seq8091_272_bp_-1_2_1	ENA|AAB96524|AAB96524.1	31.58	19	13	0	30	48	150	168	9.8	15.9
