Seq9056_834_bp_1_0_0	ENA|AAB03707|AAB03707.1	100.00	278	0	0	1	278	1001	1278	2e-158	548.3
Seq9056_834_bp_1_0_0	ENA|CAA45708|CAA45708.1	28.31	175	119	9	108	274	1251	1424	5.9e-15	71.8
Seq9056_834_bp_1_0_0	ENA|BAA32018|BAA32018.1	32.31	70	44	5	47	113	480	547	0.26	25.2
Seq9056_834_bp_1_0_0	ENA|ABG75784|ABG75784.1	26.23	63	45	2	30	90	71	133	1.2	21.9
Seq9056_834_bp_1_0_0	ENA|AAQ92751|AAQ92751.2	29.03	64	44	2	69	132	30	91	1.3	24.0
Seq9056_834_bp_1_0_0	ENA|AAF79734|AAF79734.1	23.60	91	68	2	64	154	1161	1249	1.8	23.6
Seq9056_834_bp_1_0_0	ENA|AAR31603|AAR31603.1	31.91	49	32	2	206	254	6	52	2.2	21.1
Seq9056_834_bp_1_0_0	ENA|BAA32956|BAA32956.1	37.84	43	23	6	220	262	91	127	9.6	18.3
Seq9056_834_bp_1_0_0	ENA|ABK71357|ABK71357.1	37.50	24	15	0	114	137	7	30	9.7	19.1
Seq9056_834_bp_1_1_0	ENA|EDO47375|EDO47375.1	39.13	25	14	2	11	33	152	176	5.9	15.8
Seq9056_834_bp_1_1_0	ENA|AAA24145|AAA24145.1	50.00	10	5	0	18	27	320	329	7.6	16.7
Seq9056_834_bp_1_1_0	ENA|ABG75784|ABG75784.1	85.71	7	1	0	18	24	175	181	9.5	15.8
Seq9056_834_bp_1_1_1	ENA|EDO47375|EDO47375.1	30.00	20	14	0	8	27	135	154	2.4	17.4
Seq9056_834_bp_1_1_1	ENA|BAA32991|BAA32991.1	31.25	16	11	0	22	37	1	16	3.9	15.2
Seq9056_834_bp_1_1_1	ENA|ABG75784|ABG75784.1	41.18	17	10	0	3	19	102	118	3.9	17.4
Seq9056_834_bp_1_1_2	ENA|AAF79734|AAF79734.1	42.86	14	8	0	3	16	460	473	0.6	21.2
Seq9056_834_bp_1_1_2	ENA|CAA24711|CAA24711.1	40.00	10	6	0	8	17	140	149	0.74	17.8
Seq9056_834_bp_1_1_2	ENA|AAS77176|AAS77176.1	50.00	10	5	0	3	12	176	185	0.78	18.5
Seq9056_834_bp_1_1_2	ENA|BAA36759|BAA36759.1	25.00	16	12	0	2	17	11	26	1.2	17.8
Seq9056_834_bp_1_1_2	ENA|ABD33854|ABD33854.1	60.00	5	2	0	10	14	30	34	1.8	15.1
Seq9056_834_bp_1_1_2	ENA|AAA72732|AAA72732.1	40.00	10	6	0	3	12	88	97	2.1	17.1
Seq9056_834_bp_1_1_2	ENA|AAR37016|AAR37016.1	46.15	13	7	0	4	16	1946	1958	2.4	19.8
Seq9056_834_bp_1_1_2	ENA|AAC78721|AAC78721.1	50.00	10	5	0	6	15	213	222	2.9	17.8
Seq9056_834_bp_1_1_2	ENA|AAB26998|AAB26998.1	66.67	6	2	0	3	8	3	8	3.5	14.4
Seq9056_834_bp_1_1_2	ENA|ABD49687|ABD49687.1	50.00	8	4	0	1	8	731	738	4.5	18.5
Seq9056_834_bp_1_1_2	ENA|AAA24145|AAA24145.1	50.00	8	4	0	6	13	301	308	4.9	16.4
Seq9056_834_bp_1_1_2	ENA|AAC97205|AAC97205.1	20.00	15	12	0	1	15	22	36	5.1	17.8
Seq9056_834_bp_1_1_2	ENA|CAA28033|CAA28033.1	28.57	14	10	0	4	17	1196	1209	5.4	17.8
Seq9056_834_bp_1_1_2	ENA|AAA36114|AAA36114.1	50.00	6	3	0	2	7	295	300	5.4	16.4
Seq9056_834_bp_1_1_2	ENA|ABN10845|ABN10845.1	36.36	11	7	0	3	13	147	157	5.9	15.1
Seq9056_834_bp_1_1_2	ENA|CAA26023|CAA26023.1	57.14	7	3	0	2	8	357	363	6.4	15.7
Seq9056_834_bp_1_1_2	ENA|AAA42531|AAA42531.1	38.46	13	8	0	4	16	266	278	6.5	15.7
Seq9056_834_bp_1_1_2	ENA|AAC17860|AAC17860.1	44.44	9	5	0	6	14	68	76	6.9	15.7
Seq9056_834_bp_1_1_2	ENA|BAA32991|BAA32991.1	42.86	7	4	0	7	13	8	14	7.5	13.0
Seq9056_834_bp_1_1_2	ENA|CAA29968|CAA29968.1	80.00	5	1	0	13	17	5	9	8.2	14.4
Seq9056_834_bp_1_1_2	ENA|ACH70901|ACH70901.1	75.00	4	1	0	8	11	1	4	9.4	15.1
Seq9056_834_bp_1_1_2	ENA|AAI27517|AAI27517.1	23.08	13	10	0	2	14	419	431	9.6	15.7
Seq9056_834_bp_1_1_2	ENA|CAA45708|CAA45708.1	42.86	14	8	0	2	15	707	720	9.7	17.1
Seq9056_834_bp_1_1_3	ENA|ABD33854|ABD33854.1	22.22	18	14	0	4	21	26	43	5.5	14.2
Seq9056_834_bp_1_1_4	ENA|ABG75784|ABG75784.1	34.78	23	15	0	16	38	293	315	1.7	18.6
Seq9056_834_bp_1_1_4	ENA|AAC49865|AAC49865.1	24.00	25	19	0	3	27	211	235	1.8	18.6
Seq9056_834_bp_1_1_4	ENA|CAA36214|CAA36214.1	75.00	8	2	0	20	27	181	188	4.6	17.1
Seq9056_834_bp_1_1_4	ENA|AAA36539|AAA36539.1	22.22	36	28	0	1	36	338	373	7.1	17.1
Seq9056_834_bp_1_1_5	ENA|ACH70901|ACH70901.1	35.71	14	9	0	3	16	11	24	2	18.0
Seq9056_834_bp_1_1_5	ENA|CAA28033|CAA28033.1	31.82	22	15	0	2	23	633	654	2.2	19.8
Seq9056_834_bp_1_1_5	ENA|BAB79260|BAB79260.1	33.33	18	12	0	1	18	248	265	2.6	18.0
Seq9056_834_bp_1_1_5	ENA|AAR37016|AAR37016.1	33.33	21	14	0	4	24	1526	1546	2.6	20.4
Seq9056_834_bp_1_1_5	ENA|CAA26939|CAA26939.1	35.71	14	9	0	7	20	301	314	3.2	18.0
Seq9056_834_bp_1_1_5	ENA|CAA24711|CAA24711.1	26.67	15	11	0	8	22	126	140	3.3	16.3
Seq9056_834_bp_1_1_5	ENA|BAB17681|BAB17681.1	18.18	11	9	0	14	24	154	164	3.5	16.9
Seq9056_834_bp_1_1_5	ENA|ACT10338|ACT10338.1	27.78	18	13	0	3	20	77	94	7.2	16.3
Seq9056_834_bp_1_1_5	ENA|AAA24145|AAA24145.1	75.00	8	2	0	13	20	332	339	8.4	16.3
Seq9056_834_bp_1_1_5	ENA|AAC97205|AAC97205.1	44.44	9	5	0	9	17	49	57	9.8	17.4
Seq9056_834_bp_1_1_6	ENA|ABK71357|ABK71357.1	83.33	6	1	0	6	11	11	16	0.44	19.7
Seq9056_834_bp_1_1_6	ENA|CAA29968|CAA29968.1	80.00	5	1	0	2	6	192	196	1.1	17.4
Seq9056_834_bp_1_1_6	ENA|CAA28033|CAA28033.1	42.86	14	8	0	4	17	913	926	1.5	19.7
Seq9056_834_bp_1_1_6	ENA|BAB17681|BAB17681.1	50.00	8	4	0	3	10	153	160	1.5	17.4
Seq9056_834_bp_1_1_6	ENA|BAA32991|BAA32991.1	33.33	9	6	0	2	10	44	52	1.8	15.1
Seq9056_834_bp_1_1_6	ENA|ACT10338|ACT10338.1	50.00	8	4	0	6	13	250	257	3.1	16.8
Seq9056_834_bp_1_1_6	ENA|AAR37016|AAR37016.1	71.43	7	2	0	8	14	2242	2248	5.8	18.5
Seq9056_834_bp_1_1_6	ENA|AAA36114|AAA36114.1	40.00	10	6	0	7	16	497	506	5.9	16.3
Seq9056_834_bp_1_1_6	ENA|CAL82360|CAL82360.1	36.36	11	7	0	5	15	378	388	6.8	17.4
Seq9056_834_bp_1_1_6	ENA|ABD33854|ABD33854.1	66.67	3	1	0	2	4	47	49	7.6	12.9
Seq9056_834_bp_1_1_6	ENA|AAA72732|AAA72732.1	45.45	11	6	0	1	11	227	237	7.8	15.1
Seq9056_834_bp_1_1_6	ENA|CAA26939|CAA26939.1	44.44	9	5	0	5	13	309	317	9.5	15.7
Seq9056_834_bp_1_1_7	ENA|AAC78721|AAC78721.1	33.33	15	10	0	9	23	474	488	2.2	18.6
Seq9056_834_bp_1_1_7	ENA|AAR31603|AAR31603.1	71.43	7	2	0	2	8	103	109	2.4	17.4
Seq9056_834_bp_1_1_7	ENA|AAA24145|AAA24145.1	35.29	17	11	0	3	19	310	326	4.9	16.9
Seq9056_834_bp_1_1_7	ENA|AAA32624|AAA32624.1	23.53	17	13	0	5	21	164	180	5.5	16.9
Seq9056_834_bp_1_1_8	ENA|CAA26939|CAA26939.1	66.67	6	2	0	4	9	206	211	3.4	16.7
Seq9056_834_bp_1_1_8	ENA|AAA24145|AAA24145.1	57.14	7	3	0	3	9	129	135	6.7	15.3
Seq9056_834_bp_1_1_8	ENA|EDO47375|EDO47375.1	20.00	10	8	0	1	10	118	127	7	14.0
Seq9056_834_bp_1_1_8	ENA|BAA32018|BAA32018.1	36.36	11	7	0	1	11	169	179	8.9	15.3
Seq9056_834_bp_1_1_9	ENA|ABN10845|ABN10845.1	46.15	13	7	0	2	14	20	32	0.13	20.3
Seq9056_834_bp_1_1_9	ENA|CAA73529|CAA73529.1	30.77	13	9	0	1	13	207	219	0.42	19.0
Seq9056_834_bp_1_1_9	ENA|AAC49865|AAC49865.1	50.00	10	5	0	1	10	251	260	1.2	17.7
Seq9056_834_bp_1_1_9	ENA|CAA26023|CAA26023.1	33.33	12	8	0	3	14	56	67	2.3	17.0
Seq9056_834_bp_1_1_9	ENA|AAC26660|AAC26660.1	66.67	6	2	0	7	12	11	16	2.4	16.4
Seq9056_834_bp_1_1_9	ENA|AAB03707|AAB03707.1	66.67	6	2	0	1	6	675	680	3.2	18.3
Seq9056_834_bp_1_1_9	ENA|EDO47375|EDO47375.1	22.22	9	7	0	5	13	101	109	4.3	15.1
Seq9056_834_bp_1_1_9	ENA|BAA05866|BAA05866.1	50.00	10	5	0	1	10	30	39	4.4	15.7
Seq9056_834_bp_1_1_9	ENA|CAA26939|CAA26939.1	60.00	5	2	0	3	7	27	31	5.2	16.4
Seq9056_834_bp_1_1_9	ENA|BAB79260|BAB79260.1	75.00	4	1	0	2	5	174	177	6.4	15.7
Seq9056_834_bp_1_1_9	ENA|AAR31603|AAR31603.1	37.50	8	5	0	3	10	143	150	7.3	15.1
Seq9056_834_bp_1_1_9	ENA|AAR37016|AAR37016.1	36.36	11	7	0	1	11	1122	1132	8.3	17.7
Seq9056_834_bp_1_1_9	ENA|AAC08817|AAC08817.1	66.67	6	2	0	1	6	102	107	8.5	13.7
Seq9056_834_bp_1_1_9	ENA|AAA25966|AAA25966.1	75.00	4	1	0	2	5	4	7	9.9	15.7
Seq9056_834_bp_1_2_0	ENA|CAA29968|CAA29968.1	53.85	13	6	0	29	41	181	193	0.27	20.8
Seq9056_834_bp_1_2_0	ENA|AAB26998|AAB26998.1	23.81	21	16	0	21	41	57	77	4.2	15.5
Seq9056_834_bp_1_2_0	ENA|AAC49865|AAC49865.1	43.75	16	9	0	11	26	6	21	5.1	17.3
Seq9056_834_bp_1_2_0	ENA|AAC97205|AAC97205.1	53.85	13	6	0	33	45	278	290	5.6	19.1
Seq9056_834_bp_1_2_1	ENA|AAC17860|AAC17860.1	40.91	22	13	0	6	27	12	33	0.56	21.3
Seq9056_834_bp_1_2_1	ENA|AAR37016|AAR37016.1	39.29	28	17	0	34	61	725	752	0.57	23.8
Seq9056_834_bp_1_2_1	ENA|BAA32991|BAA32991.1	26.09	23	17	0	14	36	28	50	0.69	18.4
Seq9056_834_bp_1_2_1	ENA|CAA36214|CAA36214.1	50.00	12	6	0	14	25	224	235	4	18.0
Seq9056_834_bp_1_2_1	ENA|BAA32956|BAA32956.1	28.00	25	18	0	36	60	176	200	6.4	16.8
Seq9056_834_bp_1_2_1	ENA|AAC08817|AAC08817.1	25.00	28	21	0	36	63	58	85	8.3	15.9
Seq9056_834_bp_1_2_2	ENA|BAA32991|BAA32991.1	33.33	9	6	0	1	9	23	31	0.61	16.0
Seq9056_834_bp_1_2_2	ENA|BAA05866|BAA05866.1	75.00	4	1	0	5	8	152	155	8.8	14.2
Seq9056_834_bp_1_2_4	ENA|AAA72732|AAA72732.1	53.33	16	7	1	11	25	214	229	1.7	18.1
Seq9056_834_bp_1_2_4	ENA|BAA32956|BAA32956.1	37.50	16	10	0	7	22	77	92	6.4	15.5
Seq9056_834_bp_1_2_4	ENA|ABD33854|ABD33854.1	71.43	7	2	0	14	20	31	37	7.8	13.5
Seq9056_834_bp_1_2_4	ENA|CAA73529|CAA73529.1	80.00	5	1	0	4	8	96	100	8.2	15.5
Seq9056_834_bp_1_2_4	ENA|AAC40132|AAC40132.1	29.41	17	12	0	10	26	411	427	9.9	16.0
Seq9056_834_bp_1_2_5	ENA|CAA28033|CAA28033.1	36.84	19	12	0	14	32	1084	1102	0.56	22.0
Seq9056_834_bp_1_2_5	ENA|AAC26660|AAC26660.1	55.56	9	4	0	4	12	124	132	3.2	17.1
Seq9056_834_bp_1_2_5	ENA|BAA32018|BAA32018.1	62.50	8	3	0	9	16	370	377	3.6	18.2
Seq9056_834_bp_1_2_5	ENA|CAA45199|CAA45199.1	30.77	13	9	0	10	22	373	385	4	17.7
Seq9056_834_bp_1_2_5	ENA|AAB26998|AAB26998.1	26.67	15	11	0	10	24	2	16	4.3	15.0
Seq9056_834_bp_1_2_5	ENA|AAQ92751|AAQ92751.2	57.14	7	3	0	17	23	316	322	5.4	18.8
Seq9056_834_bp_1_2_5	ENA|AAC78721|AAC78721.1	54.55	11	5	0	10	20	372	382	5.6	17.7
Seq9056_834_bp_1_2_5	ENA|AAA32624|AAA32624.1	29.63	27	19	0	4	30	496	522	6.3	17.1
Seq9056_834_bp_1_2_5	ENA|BAB17681|BAB17681.1	27.27	22	16	0	11	32	176	197	6.9	16.1
Seq9056_834_bp_1_2_5	ENA|AAC49865|AAC49865.1	23.81	21	16	0	2	22	9	29	8.2	16.1
Seq9056_834_bp_1_2_5	ENA|CCP43727|CCP43727.1	50.00	8	4	0	21	28	137	144	8.2	16.1
Seq9056_834_bp_1_2_6	ENA|AAF79734|AAF79734.1	36.00	25	16	0	11	35	745	769	0.33	23.1
Seq9056_834_bp_1_2_6	ENA|AAC97205|AAC97205.1	47.06	20	9	3	7	26	567	583	2.2	20.1
Seq9056_834_bp_1_2_6	ENA|AAA72732|AAA72732.1	29.17	24	17	0	13	36	276	299	2.3	18.1
Seq9056_834_bp_1_2_6	ENA|CAA45708|CAA45708.1	54.55	11	5	0	7	17	616	626	2.8	20.1
Seq9056_834_bp_1_2_6	ENA|AAC17860|AAC17860.1	66.67	9	3	0	5	13	79	87	4.2	17.6
Seq9056_834_bp_1_2_6	ENA|ABD33854|ABD33854.1	60.00	5	2	0	16	20	43	47	5.2	14.6
Seq9056_834_bp_1_2_6	ENA|EDO47375|EDO47375.1	38.89	18	11	0	4	21	5	22	5.4	16.1
Seq9056_834_bp_1_2_6	ENA|AAC08817|AAC08817.1	54.55	11	5	0	1	11	147	157	6.3	15.6
Seq9056_834_bp_1_2_6	ENA|AAA25966|AAA25966.1	31.25	16	11	0	8	23	276	291	7.2	17.6
Seq9056_834_bp_1_2_6	ENA|CAA45199|CAA45199.1	71.43	7	2	0	2	8	171	177	9.2	16.6
Seq9056_834_bp_1_2_6	ENA|ACH70901|ACH70901.1	23.81	21	16	0	8	28	50	70	9.9	16.1
Seq9056_834_bp_-1_0_0	ENA|CAL82360|CAL82360.1	60.00	10	4	0	5	14	1026	1035	1.5	19.5
Seq9056_834_bp_-1_0_0	ENA|CAA36214|CAA36214.1	71.43	7	2	0	7	13	138	144	1.9	17.0
Seq9056_834_bp_-1_0_0	ENA|CAB75732|CAB75732.1	36.36	11	7	0	4	14	378	388	2	18.9
Seq9056_834_bp_-1_0_0	ENA|AAB66912|AAB66912.1	30.77	13	9	0	1	13	680	692	3.8	17.6
Seq9056_834_bp_-1_0_0	ENA|ACT10338|ACT10338.1	44.44	9	5	0	2	10	189	197	8.4	15.2
Seq9056_834_bp_-1_0_1	ENA|AAF79734|AAF79734.1	43.48	24	13	1	6	28	5	28	0.63	22.3
Seq9056_834_bp_-1_0_1	ENA|BAB79260|BAB79260.1	41.67	12	7	0	12	23	273	284	1.7	19.2
Seq9056_834_bp_-1_0_1	ENA|AAR37016|AAR37016.1	26.67	30	22	0	6	35	2027	2056	4.2	20.2
Seq9056_834_bp_-1_0_1	ENA|CAA45708|CAA45708.1	33.33	18	12	0	13	30	521	538	5.5	19.2
Seq9056_834_bp_-1_0_1	ENA|AAA72732|AAA72732.1	23.53	17	13	0	3	19	14	30	6.7	16.6
Seq9056_834_bp_-1_0_1	ENA|CAA29968|CAA29968.1	24.14	29	22	0	11	39	103	131	8.5	15.5
Seq9056_834_bp_-1_0_1	ENA|BAA32018|BAA32018.1	54.55	11	5	0	12	22	51	61	9.2	17.1
Seq9056_834_bp_-1_0_1	ENA|CCP43727|CCP43727.1	54.55	11	5	0	15	25	47	57	9.8	16.1
Seq9056_834_bp_-1_0_2	ENA|AAB66912|AAB66912.1	54.55	11	5	0	1	11	881	891	0.053	23.6
Seq9056_834_bp_-1_0_2	ENA|BAA05866|BAA05866.1	54.55	11	5	0	3	13	207	217	0.23	19.9
Seq9056_834_bp_-1_0_2	ENA|BAA32018|BAA32018.1	50.00	10	5	0	3	12	374	383	0.78	19.2
Seq9056_834_bp_-1_0_2	ENA|AAB96524|AAB96524.1	23.08	13	10	0	1	13	111	123	1.8	16.2
Seq9056_834_bp_-1_0_2	ENA|AAC97205|AAC97205.1	30.00	10	7	0	3	12	457	466	2.5	18.4
Seq9056_834_bp_-1_0_2	ENA|AAA24145|AAA24145.1	80.00	5	1	0	1	5	439	443	2.7	17.0
Seq9056_834_bp_-1_0_2	ENA|CAA28033|CAA28033.1	36.36	11	7	0	1	11	213	223	2.7	18.4
Seq9056_834_bp_-1_0_2	ENA|AAR37016|AAR37016.1	57.14	7	3	0	5	11	1227	1233	2.9	19.2
Seq9056_834_bp_-1_0_2	ENA|AAA42531|AAA42531.1	44.44	9	5	0	2	10	290	298	3.7	16.2
Seq9056_834_bp_-1_0_2	ENA|AAC78721|AAC78721.1	50.00	8	4	0	1	8	164	171	3.8	17.0
Seq9056_834_bp_-1_0_2	ENA|BAB17681|BAB17681.1	40.00	5	3	0	1	5	155	159	4.3	15.5
Seq9056_834_bp_-1_0_2	ENA|CAA43419|CAA43419.1	50.00	6	3	0	6	11	225	230	5.8	15.5
Seq9056_834_bp_-1_0_2	ENA|AAB26998|AAB26998.1	75.00	4	1	0	4	7	6	9	5.8	13.2
Seq9056_834_bp_-1_0_2	ENA|ABK71357|ABK71357.1	50.00	6	3	0	2	7	97	102	5.8	15.5
Seq9056_834_bp_-1_0_2	ENA|CAA26023|CAA26023.1	100.00	3	0	0	10	12	223	225	6	15.5
Seq9056_834_bp_-1_0_2	ENA|BAB79260|BAB79260.1	57.14	7	3	0	2	8	432	438	7	15.5
Seq9056_834_bp_-1_0_2	ENA|CAA24711|CAA24711.1	20.00	10	8	0	1	10	110	119	7.5	14.0
Seq9056_834_bp_-1_0_2	ENA|CAA45708|CAA45708.1	66.67	6	2	0	8	13	1220	1225	8.3	17.0
Seq9056_834_bp_-1_0_2	ENA|CAA29968|CAA29968.1	75.00	4	1	0	3	6	111	114	8.3	14.0
Seq9056_834_bp_-1_0_2	ENA|AAC49865|AAC49865.1	75.00	4	1	0	9	12	130	133	8.4	14.7
Seq9056_834_bp_-1_0_2	ENA|ABD49687|ABD49687.1	80.00	5	1	0	2	6	702	706	9.3	17.0
Seq9056_834_bp_-1_0_2	ENA|CAA29956|CAA29956.1	60.00	5	2	0	4	8	185	189	9.5	14.7
Seq9056_834_bp_-1_0_3	ENA|AAC40132|AAC40132.1	50.00	10	5	0	13	22	427	436	0.18	22.0
Seq9056_834_bp_-1_0_3	ENA|ABD33854|ABD33854.1	25.00	16	12	0	2	17	4	19	1.6	15.8
Seq9056_834_bp_-1_0_3	ENA|CAA36214|CAA36214.1	66.67	6	2	0	21	26	47	52	7.5	15.8
Seq9056_834_bp_-1_0_3	ENA|AAA24145|AAA24145.1	46.15	13	7	0	6	18	331	343	7.9	16.4
Seq9056_834_bp_-1_0_3	ENA|AAB96524|AAB96524.1	54.55	11	5	0	3	13	90	100	9.1	14.8
Seq9056_834_bp_-1_0_4	ENA|CAA26023|CAA26023.1	37.93	29	18	0	3	31	58	86	0.18	22.1
Seq9056_834_bp_-1_0_4	ENA|AAI27517|AAI27517.1	71.43	7	2	0	23	29	306	312	0.77	20.6
Seq9056_834_bp_-1_0_4	ENA|AAB03707|AAB03707.1	72.73	11	3	0	25	35	577	587	2.5	20.1
Seq9056_834_bp_-1_0_4	ENA|BAA32991|BAA32991.1	44.44	10	5	1	23	31	16	25	7.2	14.2
Seq9056_834_bp_-1_0_4	ENA|AAA72732|AAA72732.1	33.33	12	8	0	1	12	181	192	8.2	16.1
Seq9056_834_bp_-1_0_4	ENA|AAR31603|AAR31603.1	58.33	12	5	0	1	12	210	221	8.6	16.1
Seq9056_834_bp_-1_0_4	ENA|AAC40132|AAC40132.1	27.78	18	13	0	4	21	65	82	8.9	16.6
Seq9056_834_bp_-1_0_5	ENA|AAB26998|AAB26998.1	60.00	10	4	0	4	13	65	74	1.6	15.1
Seq9056_834_bp_-1_0_5	ENA|AAQ92751|AAQ92751.2	66.67	9	3	0	3	11	770	778	1.9	19.1
Seq9056_834_bp_-1_0_5	ENA|AAA24145|AAA24145.1	50.00	6	3	0	7	12	413	418	2	17.4
Seq9056_834_bp_-1_0_5	ENA|BAA32991|BAA32991.1	40.00	10	6	0	3	12	51	60	3	14.0
Seq9056_834_bp_-1_0_5	ENA|ABD33854|ABD33854.1	66.67	3	1	0	11	13	47	49	5.9	12.9
Seq9056_834_bp_-1_0_5	ENA|CAL82360|CAL82360.1	50.00	10	5	0	3	12	958	967	7.8	16.8
Seq9056_834_bp_-1_0_5	ENA|CAA29968|CAA29968.1	60.00	5	2	0	9	13	190	194	8.2	14.0
Seq9056_834_bp_-1_0_6	ENA|CAA26023|CAA26023.1	60.00	10	4	0	12	21	140	149	0.95	18.9
Seq9056_834_bp_-1_0_6	ENA|BAB79260|BAB79260.1	58.33	12	5	0	2	13	324	335	1.7	18.3
Seq9056_834_bp_-1_0_6	ENA|AAR37016|AAR37016.1	37.50	16	10	0	5	20	2032	2047	3.8	19.5
Seq9056_834_bp_-1_0_6	ENA|ABN10845|ABN10845.1	33.33	12	8	0	10	21	45	56	4.2	16.0
Seq9056_834_bp_-1_0_6	ENA|AAA18786|AAA18786.1	50.00	8	4	0	7	14	124	131	5.1	16.0
Seq9056_834_bp_-1_0_6	ENA|BAA32991|BAA32991.1	50.00	6	3	0	4	9	59	64	6.7	13.6
Seq9056_834_bp_-1_0_7	ENA|AAF79734|AAF79734.1	44.44	9	5	0	9	17	800	808	4.4	18.2
Seq9056_834_bp_-1_0_7	ENA|BAA32956|BAA32956.1	60.00	5	2	0	7	11	27	31	7	14.7
Seq9056_834_bp_-1_0_7	ENA|AAA42531|AAA42531.1	27.27	11	8	0	7	17	124	134	8.5	15.3
Seq9056_834_bp_-1_0_7	ENA|BAA32018|BAA32018.1	57.14	7	3	0	7	13	169	175	9.1	15.9
Seq9056_834_bp_-1_0_8	ENA|ABD33854|ABD33854.1	28.57	14	10	0	1	14	48	61	4.1	15.0
Seq9056_834_bp_-1_0_8	ENA|BAA32991|BAA32991.1	36.36	11	7	0	9	19	1	11	6.1	14.5
Seq9056_834_bp_-1_0_8	ENA|BAA32956|BAA32956.1	34.78	25	15	2	12	36	75	97	6.6	16.0
Seq9056_834_bp_-1_1_0	ENA|BAA32991|BAA32991.1	50.00	10	5	0	1	10	43	52	0.041	20.0
Seq9056_834_bp_-1_1_0	ENA|ABD33854|ABD33854.1	57.14	7	3	0	3	9	58	64	0.86	15.5
Seq9056_834_bp_-1_1_0	ENA|EDO47375|EDO47375.1	30.00	10	7	0	2	11	167	176	1.7	16.1
Seq9056_834_bp_-1_1_0	ENA|CAA36214|CAA36214.1	75.00	4	1	0	3	6	251	254	8.4	14.4
Seq9056_834_bp_-1_1_0	ENA|ABN10845|ABN10845.1	60.00	5	2	0	7	11	113	117	8.8	13.8
Seq9056_834_bp_-1_1_1	ENA|AAC97205|AAC97205.1	45.83	25	13	1	16	40	269	292	2	21.5
Seq9056_834_bp_-1_1_1	ENA|ABD33854|ABD33854.1	66.67	6	2	0	29	34	48	53	2.7	16.8
Seq9056_834_bp_-1_1_1	ENA|CAA24711|CAA24711.1	44.44	18	10	0	5	22	96	113	3.8	17.7
Seq9056_834_bp_-1_1_1	ENA|EDO47375|EDO47375.1	40.00	15	9	0	45	59	119	133	5.6	17.3
Seq9056_834_bp_-1_1_1	ENA|CAA29968|CAA29968.1	40.74	28	16	1	39	66	75	101	7.9	16.8
Seq9056_834_bp_-1_1_2	ENA|BAA36759|BAA36759.1	24.24	33	25	0	12	44	113	145	3.2	17.7
Seq9056_834_bp_-1_1_3	ENA|CCP43727|CCP43727.1	31.25	48	33	0	29	76	10	57	1.7	20.2
Seq9056_834_bp_-1_1_3	ENA|EDO47375|EDO47375.1	28.12	34	23	2	54	85	111	144	2.7	18.7
Seq9056_834_bp_-1_1_3	ENA|AAB26998|AAB26998.1	27.50	41	29	1	1	41	38	77	3	17.3
Seq9056_834_bp_-1_1_3	ENA|AAC17860|AAC17860.1	36.00	25	16	0	45	69	317	341	7.1	18.4
Seq9056_834_bp_-1_1_3	ENA|BAA32991|BAA32991.1	75.00	8	2	0	38	45	30	37	8.7	15.5
Seq9056_834_bp_-1_2_0	ENA|EDO47375|EDO47375.1	36.00	25	16	0	46	70	77	101	0.059	23.6
Seq9056_834_bp_-1_2_0	ENA|CCP43727|CCP43727.1	30.43	23	16	0	45	67	246	268	0.15	23.0
Seq9056_834_bp_-1_2_0	ENA|CCP43727|CCP43727.1	33.33	18	12	0	45	62	289	306	0.33	21.9
Seq9056_834_bp_-1_2_0	ENA|AAB03707|AAB03707.1	47.83	25	12	2	45	67	144	168	0.2	24.7
Seq9056_834_bp_-1_2_0	ENA|CAA43419|CAA43419.1	27.27	22	16	0	45	66	293	314	0.81	20.8
Seq9056_834_bp_-1_2_0	ENA|BAB17681|BAB17681.1	27.27	22	16	0	34	55	146	167	0.89	20.2
Seq9056_834_bp_-1_2_0	ENA|CAA11507|CAA11507.1	45.00	20	11	0	12	31	769	788	0.93	22.5
Seq9056_834_bp_-1_2_0	ENA|BAA32991|BAA32991.1	45.45	11	6	0	5	15	46	56	2.3	16.8
Seq9056_834_bp_-1_2_0	ENA|ABD49687|ABD49687.1	40.91	22	13	0	23	44	805	826	2.5	21.3
Seq9056_834_bp_-1_2_0	ENA|BAA32018|BAA32018.1	42.86	21	12	0	19	39	537	557	4.3	19.1
Seq9056_834_bp_-1_2_0	ENA|AAQ92751|AAQ92751.2	100.00	5	0	0	37	41	440	444	4.4	20.2
Seq9056_834_bp_-1_2_0	ENA|CAA36214|CAA36214.1	62.50	8	3	0	1	8	41	48	4.6	18.0
Seq9056_834_bp_-1_2_0	ENA|BAA05866|BAA05866.1	33.33	21	14	0	8	28	207	227	4.6	18.0
Seq9056_834_bp_-1_2_0	ENA|AAA18786|AAA18786.1	41.18	17	10	0	9	25	102	118	5.9	17.4
Seq9056_834_bp_-1_2_0	ENA|AAI27517|AAI27517.1	26.32	19	14	0	8	26	137	155	6	18.5
Seq9056_834_bp_-1_2_0	ENA|CAA73529|CAA73529.1	33.33	18	12	0	38	55	221	238	6	17.4
Seq9056_834_bp_-1_2_0	ENA|ABG75784|ABG75784.1	44.44	9	5	0	15	23	204	212	6.8	17.4
Seq9056_834_bp_-1_2_0	ENA|AAB26998|AAB26998.1	60.00	5	2	0	40	44	51	55	8.1	15.1
Seq9056_834_bp_-1_2_0	ENA|CAA29956|CAA29956.1	37.50	16	10	0	9	24	319	334	8.1	17.4
Seq9056_834_bp_-1_2_0	ENA|AAC97205|AAC97205.1	44.44	9	5	0	33	41	335	343	8.2	19.1
Seq9056_834_bp_-1_2_1	ENA|AAB26998|AAB26998.1	50.00	8	4	0	13	20	38	45	0.72	16.9
Seq9056_834_bp_-1_2_1	ENA|CAA29956|CAA29956.1	62.50	8	3	0	6	13	207	214	2.3	17.5
Seq9056_834_bp_-1_2_1	ENA|CAA26939|CAA26939.1	50.00	8	4	0	1	8	87	94	2.3	18.1
Seq9056_834_bp_-1_2_1	ENA|AAA42531|AAA42531.1	80.00	5	1	0	16	20	280	284	2.3	17.5
Seq9056_834_bp_-1_2_1	ENA|CAA24711|CAA24711.1	30.77	13	9	0	2	14	13	25	3.5	15.8
Seq9056_834_bp_-1_2_1	ENA|AAC17860|AAC17860.1	50.00	10	5	0	1	10	373	382	3.7	16.9
Seq9056_834_bp_-1_2_1	ENA|CAA45199|CAA45199.1	50.00	12	6	0	4	15	158	169	4.2	16.9
Seq9056_834_bp_-1_2_1	ENA|AAA36114|AAA36114.1	35.29	17	11	0	3	19	427	443	4.5	16.9
Seq9056_834_bp_-1_2_1	ENA|AAA18786|AAA18786.1	100.00	4	0	0	1	4	180	183	5.3	15.8
Seq9056_834_bp_-1_2_1	ENA|AAR31603|AAR31603.1	26.32	19	14	0	1	19	157	175	6.4	15.8
Seq9056_834_bp_-1_2_1	ENA|AAB03707|AAB03707.1	36.36	11	7	0	4	14	255	265	7.9	17.5
Seq9056_834_bp_-1_2_1	ENA|BAB79260|BAB79260.1	61.54	15	5	2	8	20	75	89	8.7	15.8
Seq9056_834_bp_-1_2_1	ENA|AAC40132|AAC40132.1	26.67	15	11	0	1	15	417	431	9.1	15.8
Seq9056_834_bp_-1_2_1	ENA|ABN10845|ABN10845.1	33.33	12	8	0	2	13	194	205	9.3	14.6
Seq9056_834_bp_-1_2_1	ENA|BAA32991|BAA32991.1	60.00	5	2	0	10	14	1	5	9.8	12.8
Seq9056_834_bp_-1_2_1	ENA|AAC08817|AAC08817.1	50.00	6	3	0	13	18	79	84	9.9	14.0
Seq9056_834_bp_-1_2_2	ENA|AAC26660|AAC26660.1	24.00	25	19	0	23	47	72	96	0.11	23.7
Seq9056_834_bp_-1_2_2	ENA|ABD33854|ABD33854.1	42.86	14	8	0	10	23	19	32	0.19	20.9
Seq9056_834_bp_-1_2_2	ENA|CAA26023|CAA26023.1	32.26	31	21	0	54	84	146	176	0.8	21.3
Seq9056_834_bp_-1_2_2	ENA|CAA24711|CAA24711.1	46.15	13	7	0	17	29	151	163	1.8	19.0
Seq9056_834_bp_-1_2_2	ENA|BAA05866|BAA05866.1	24.53	53	40	0	40	92	243	295	2.3	19.5
Seq9056_834_bp_-1_2_2	ENA|CCP43727|CCP43727.1	40.91	22	13	0	3	24	39	60	4.6	18.5
Seq9056_834_bp_-1_2_2	ENA|CAL82360|CAL82360.1	31.43	37	24	2	33	69	978	1012	5	20.4
Seq9056_834_bp_-1_2_2	ENA|BAA32991|BAA32991.1	33.33	15	10	0	60	74	21	35	6.6	15.8
Seq9056_834_bp_-1_2_2	ENA|AAR31603|AAR31603.1	50.00	10	5	0	73	82	59	68	8.5	17.6
Seq9056_834_bp_-1_2_2	ENA|AAR37016|AAR37016.1	40.91	23	13	1	73	95	1565	1586	8.8	20.4
Seq9056_834_bp_-1_2_2	ENA|AAB03707|AAB03707.1	44.83	31	16	2	63	91	1109	1139	9.7	19.5
Seq9056_834_bp_-1_2_3	ENA|BAB79260|BAB79260.1	26.92	26	19	0	12	37	119	144	1.1	20.8
Seq9056_834_bp_-1_2_3	ENA|ABN10845|ABN10845.1	75.00	8	2	0	3	10	99	106	1.4	19.4
Seq9056_834_bp_-1_2_3	ENA|CAA26023|CAA26023.1	31.11	49	31	4	26	74	137	181	2.4	19.4
Seq9056_834_bp_-1_2_3	ENA|AAC40132|AAC40132.1	31.03	29	20	0	38	66	39	67	3	19.4
Seq9056_834_bp_-1_2_3	ENA|AAA25966|AAA25966.1	24.32	37	28	0	38	74	677	713	4.5	19.4
Seq9056_834_bp_-1_2_3	ENA|CAA24711|CAA24711.1	50.00	10	5	0	37	46	128	137	5.9	16.9
Seq9056_834_bp_-1_2_3	ENA|AAB26998|AAB26998.1	47.06	17	9	0	55	71	1	17	7.3	15.4
