Seq10007_997_bp_1_0_0	AEE27845.1	48.65	50	19	13	2	41	472	518	0.49	22.8
Seq10007_997_bp_1_0_0	AAA26915.1	61.54	14	5	1	16	28	233	246	1.2	20.0
Seq10007_997_bp_1_0_0	AAA32376.1	33.33	24	16	0	8	31	150	173	1.4	18.3
Seq10007_997_bp_1_0_0	AAA36565.1	75.00	8	2	0	16	23	3	10	2	17.7
Seq10007_997_bp_1_0_0	AAC97205.1	43.48	30	13	7	2	31	16	38	2.5	20.3
Seq10007_997_bp_1_0_0	CAA73529.1	50.00	29	12	5	22	45	43	71	2.7	18.0
Seq10007_997_bp_1_0_0	AAA18786.1	41.67	46	21	10	2	42	217	257	3.9	17.4
Seq10007_997_bp_1_0_0	BAA32956.1	50.00	20	8	4	24	39	184	203	4.5	16.8
Seq10007_997_bp_1_0_0	AAF01122.1	35.48	39	20	8	6	39	234	269	5.4	17.4
Seq10007_997_bp_1_0_0	CAD53387.1	66.67	9	3	0	25	33	465	473	7.1	17.4
Seq10007_997_bp_1_0_0	CAA43372.1	31.82	25	15	3	4	25	364	388	7.1	17.1
Seq10007_997_bp_1_0_0	BAE97662.1	44.44	19	10	1	20	38	244	261	7.3	18.6
Seq10007_997_bp_1_0_0	AAR31603.1	37.50	16	10	0	16	31	280	295	8.3	16.6
Seq10007_997_bp_1_0_0	BAA32991.1	45.45	15	6	4	30	44	49	59	8.5	14.3
Seq10007_997_bp_1_0_0	AAA72732.1	42.11	20	11	1	6	24	158	177	9.5	16.3
Seq10007_997_bp_1_0_0	AAI27517.1	50.00	36	12	12	2	33	305	332	9.9	17.1
Seq10007_997_bp_1_0_1	AAA45888.1	80.00	21	3	6	9	28	12	27	0.77	20.9
Seq10007_997_bp_1_0_1	ABD49687.1	60.00	16	6	1	7	22	97	111	0.79	23.0
Seq10007_997_bp_1_0_1	CAA45199.1	38.71	38	19	7	4	34	35	72	1.2	20.6
Seq10007_997_bp_1_0_1	AAA65607.1	60.00	12	4	2	55	64	112	123	1.7	19.7
Seq10007_997_bp_1_0_1	AAC17860.1	31.25	34	22	2	22	53	155	188	2.9	19.1
Seq10007_997_bp_1_0_1	AAX84812.1	50.00	12	6	0	34	45	133	144	4.5	17.5
Seq10007_997_bp_1_0_1	AAB26998.1	41.18	19	10	2	38	54	7	25	6.6	15.4
Seq10007_997_bp_1_0_1	ABN10845.1	66.67	10	3	1	48	56	122	131	7.8	16.6
Seq10007_997_bp_1_0_1	CAA04196.1	55.56	20	8	2	11	28	35	54	8	17.5
Seq10007_997_bp_1_0_1	AAA42531.1	46.15	13	7	0	33	45	245	257	9	17.2
Seq10007_997_bp_1_0_1	CAA74140.1	58.33	14	5	2	9	20	8	21	9.4	18.5
Seq10007_997_bp_1_0_2	AAC97205.1	55.56	53	16	17	7	56	1085	1123	0.13	25.6
Seq10007_997_bp_1_0_2	AAA42531.1	55.00	26	9	6	39	61	164	186	0.21	23.1
Seq10007_997_bp_1_0_2	AAX84812.1	38.10	21	13	0	39	59	90	110	0.24	22.2
Seq10007_997_bp_1_0_2	BAE97662.1	48.00	31	13	6	17	45	439	465	0.41	23.7
Seq10007_997_bp_1_0_2	BAB79260.1	40.00	25	15	0	32	56	287	311	0.88	21.3
Seq10007_997_bp_1_0_2	AAA32624.1	52.00	38	12	13	24	51	441	475	1	21.3
Seq10007_997_bp_1_0_2	CAA45199.1	37.93	33	18	4	40	69	172	203	2.6	19.8
Seq10007_997_bp_1_0_2	BAA32018.1	46.67	15	8	0	73	87	422	436	2.8	20.1
Seq10007_997_bp_1_0_2	BAB17681.1	30.00	23	14	3	14	36	120	139	2.8	18.8
Seq10007_997_bp_1_0_2	CAA73529.1	66.67	16	4	4	68	83	55	66	4.3	18.2
Seq10007_997_bp_1_0_2	CAA11507.1	43.90	50	23	9	7	55	858	899	5.9	20.1
Seq10007_997_bp_1_0_2	AAB64315.2	34.48	29	19	0	32	60	2	30	6.2	17.9
Seq10007_997_bp_1_0_2	CAA26230.1	34.78	24	15	1	24	47	478	500	6.9	18.5
Seq10007_997_bp_1_0_2	AAI27517.1	63.64	13	4	2	52	62	313	325	8.8	18.2
Seq10007_997_bp_1_0_2	AAR31603.1	47.62	32	11	11	14	34	81	112	9.2	17.3
Seq10007_997_bp_1_0_2	AAB96524.1	35.29	20	11	3	59	78	83	99	9.8	16.4
Seq10007_997_bp_1_0_3	AIR13712.1	25.00	12	9	0	2	13	319	330	3.7	16.2
Seq10007_997_bp_1_0_3	ACH70904.1	50.00	12	6	0	2	13	154	165	5.2	15.8
Seq10007_997_bp_1_0_3	AAA65607.1	75.00	9	2	1	7	14	66	74	5.3	15.8
Seq10007_997_bp_1_0_3	AAA23282.1	66.67	6	2	0	6	11	295	300	6.2	16.2
Seq10007_997_bp_1_0_3	ABS38337.1	70.00	11	3	1	2	12	1173	1182	6.3	17.3
Seq10007_997_bp_1_0_3	ABK71357.1	100.00	5	0	0	9	13	2	6	6.8	15.4
Seq10007_997_bp_1_0_3	AAA32624.1	44.44	9	5	0	4	12	169	177	7.3	15.8
Seq10007_997_bp_1_0_3	AAA18786.1	46.15	13	7	0	1	13	155	167	8.2	14.7
Seq10007_997_bp_1_0_3	AAX12058.1	50.00	10	5	0	5	14	250	259	8.4	14.7
Seq10007_997_bp_1_0_3	EDO47375.1	44.44	9	5	0	7	15	23	31	9.7	13.9
Seq10007_997_bp_1_0_4	BAB17681.1	57.89	24	8	5	1	20	145	167	0.057	23.5
Seq10007_997_bp_1_0_4	CAA43372.1	66.67	22	5	7	12	28	127	146	0.21	22.3
Seq10007_997_bp_1_0_4	ABD49687.1	52.94	26	8	9	15	31	979	1004	1.1	22.0
Seq10007_997_bp_1_0_4	AAA65607.1	46.43	35	15	7	10	43	159	187	1.3	19.4
Seq10007_997_bp_1_0_4	AAR37016.1	44.44	48	20	12	2	39	910	955	1.5	22.0
Seq10007_997_bp_1_0_4	ABG75784.1	75.00	8	2	0	11	18	269	276	1.7	18.8
Seq10007_997_bp_1_0_4	AAC17860.1	40.00	27	15	2	11	36	178	203	1.8	19.1
Seq10007_997_bp_1_0_4	ABD33854.1	60.00	5	2	0	5	9	49	53	2.5	16.0
Seq10007_997_bp_1_0_4	AII71783.1	26.92	29	19	3	6	34	206	231	2.6	18.2
Seq10007_997_bp_1_0_4	CAA74140.1	43.75	44	18	12	3	44	5	38	2.6	19.7
Seq10007_997_bp_1_0_4	ACT10338.1	50.00	17	8	1	29	44	186	202	3.3	18.2
Seq10007_997_bp_1_0_4	ACH70904.1	50.00	12	6	0	20	31	8	19	3.7	17.8
Seq10007_997_bp_1_0_4	ABK71357.1	45.83	26	13	2	19	44	40	63	3.8	17.8
Seq10007_997_bp_1_0_4	AAA32376.1	30.30	38	23	5	3	35	68	105	5.3	16.3
Seq10007_997_bp_1_0_4	AAC97205.1	37.04	31	17	4	14	41	25	54	5.3	19.1
Seq10007_997_bp_1_0_4	AAC78721.1	42.31	33	15	7	16	42	358	389	5.5	18.2
Seq10007_997_bp_1_0_4	AAA36565.1	57.14	7	3	0	23	29	39	45	6.3	16.0
Seq10007_997_bp_1_0_4	CAA73529.1	28.57	22	15	1	22	43	249	269	6.6	16.6
Seq10007_997_bp_1_0_4	CAA26230.1	50.00	13	6	1	19	30	67	79	7	17.5
Seq10007_997_bp_1_0_4	AAA24969.1	53.33	19	7	4	3	21	266	280	7.9	18.8
Seq10007_997_bp_1_0_5	ABD33854.1	45.45	11	6	0	5	15	6	16	0.73	16.4
Seq10007_997_bp_1_0_5	AIR13712.1	58.33	16	5	4	1	16	267	278	0.74	18.8
Seq10007_997_bp_1_0_5	ABN10845.1	50.00	10	5	0	3	12	172	181	3.2	16.1
Seq10007_997_bp_1_0_5	CAA73529.1	50.00	6	3	0	3	8	138	143	4	16.1
Seq10007_997_bp_1_0_5	AAB96524.1	50.00	10	5	0	2	11	87	96	6	14.9
Seq10007_997_bp_1_0_5	AAA18786.1	100.00	4	0	0	7	10	248	251	6.6	15.3
Seq10007_997_bp_1_0_5	EDO47375.1	44.44	9	5	0	7	15	36	44	7.9	14.5
Seq10007_997_bp_1_0_5	CAA26230.1	50.00	9	4	1	2	9	373	381	7.9	16.1
Seq10007_997_bp_1_0_5	AAA36565.1	75.00	4	1	0	3	6	8	11	9	14.1
Seq10007_997_bp_1_0_5	AAC78721.1	50.00	10	5	0	1	10	118	127	9.4	16.1
Seq10007_997_bp_1_0_5	AII71783.1	44.44	9	5	0	6	14	54	62	9.6	14.9
Seq10007_997_bp_1_0_5	CAA43372.1	50.00	6	3	0	3	8	8	13	9.9	15.3
Seq10007_997_bp_1_1_0	ABK71357.1	56.52	30	10	7	3	28	144	170	0.32	21.2
Seq10007_997_bp_1_1_0	BAA32991.1	30.77	13	9	0	12	24	46	58	2.9	15.6
Seq10007_997_bp_1_1_0	ABG75784.1	45.00	27	11	7	4	30	232	251	3.6	17.4
Seq10007_997_bp_1_1_0	AAR31603.1	55.56	9	4	0	15	23	106	114	5.7	16.8
Seq10007_997_bp_1_1_0	AAC17860.1	26.32	19	14	0	6	24	40	58	5.8	17.1
Seq10007_997_bp_1_1_0	CAD53387.1	60.00	18	6	3	19	34	470	486	7	17.1
Seq10007_997_bp_1_1_0	AII71783.1	38.10	22	13	1	2	23	202	222	9.9	15.9
Seq10007_997_bp_1_1_1	BAA32956.1	48.48	41	17	8	9	47	60	94	0.85	19.4
Seq10007_997_bp_1_1_1	AAR31603.1	63.64	12	4	1	23	34	161	171	1.6	19.1
Seq10007_997_bp_1_1_1	AAQ92751.2	31.82	22	15	0	26	47	245	266	4.3	19.7
Seq10007_997_bp_1_1_1	AAA65607.1	50.00	17	7	3	29	42	220	236	4.3	17.8
Seq10007_997_bp_1_1_1	ABG75784.1	34.78	24	15	1	8	31	87	109	4.6	17.5
Seq10007_997_bp_1_1_1	AAA24142.1	37.93	36	18	7	16	47	198	230	6.5	17.5
Seq10007_997_bp_1_1_1	BAA32991.1	83.33	7	1	1	6	11	29	35	7.3	14.6
Seq10007_997_bp_1_1_1	AAX12058.1	66.67	6	2	0	22	27	158	163	7.6	16.5
Seq10007_997_bp_1_1_1	ABK71357.1	36.84	21	12	2	4	24	321	339	8.3	16.8
Seq10007_997_bp_1_1_1	CAA45199.1	28.00	25	18	0	18	42	254	278	8.4	17.1
Seq10007_997_bp_1_1_1	ABD49687.1	20.00	25	20	0	14	38	719	743	9.9	18.7
Seq10007_997_bp_1_1_2	AAR37016.1	56.25	17	7	1	5	21	547	562	0.35	23.0
Seq10007_997_bp_1_1_2	ABD49687.1	70.00	12	3	2	6	15	144	155	1.7	20.2
Seq10007_997_bp_1_1_2	ABL74574.1	58.33	14	5	2	8	21	260	271	1.9	17.4
Seq10007_997_bp_1_1_2	ACT10338.1	83.33	6	1	0	7	12	305	310	2.1	17.8
Seq10007_997_bp_1_1_2	AAH69556.1	46.67	16	8	1	6	21	116	130	2.6	17.1
Seq10007_997_bp_1_1_2	AIR13712.1	55.56	9	4	0	10	18	296	304	2.8	17.1
Seq10007_997_bp_1_1_2	AAA25966.1	46.15	13	7	0	8	20	544	556	4.8	17.4
Seq10007_997_bp_1_1_2	AAB26998.1	41.18	19	10	2	4	20	25	43	5.7	14.0
Seq10007_997_bp_1_1_2	AAC78721.1	50.00	13	6	1	9	20	323	335	7	16.7
Seq10007_997_bp_1_1_2	CAA74140.1	66.67	6	2	0	7	12	934	939	7.6	17.1
Seq10007_997_bp_1_1_2	ACH70904.1	53.85	16	6	3	6	21	259	271	7.7	15.7
Seq10007_997_bp_1_1_3	CAA73529.1	53.33	36	14	6	17	48	27	60	0.71	20.0
Seq10007_997_bp_1_1_3	AAX84812.1	83.33	6	1	0	33	38	204	209	2	18.3
Seq10007_997_bp_1_1_3	AAB64315.2	46.67	15	8	0	35	49	107	121	3.5	18.0
Seq10007_997_bp_1_1_3	ABL74574.1	32.14	28	19	0	18	45	129	156	3.7	17.7
Seq10007_997_bp_1_1_3	AAA24969.1	30.00	20	14	0	13	32	837	856	5.7	19.4
Seq10007_997_bp_1_1_3	AAI27517.1	83.33	6	1	0	39	44	357	362	7.4	17.7
Seq10007_997_bp_1_1_3	AAA18786.1	80.00	5	1	0	38	42	239	243	7.6	16.5
Seq10007_997_bp_1_1_3	BAA32956.1	40.00	10	6	0	1	10	195	204	8.8	15.9
Seq10007_997_bp_1_1_3	BAB70780.1	40.00	15	9	0	20	34	260	274	9	17.1
Seq10007_997_bp_1_1_3	AAB03707.1	31.43	38	24	3	13	49	592	627	9.2	18.6
Seq10007_997_bp_1_1_4	AAR31603.1	52.94	21	8	4	7	23	292	312	0.067	22.6
Seq10007_997_bp_1_1_4	AII71783.1	43.75	16	9	0	7	22	22	37	0.11	21.9
Seq10007_997_bp_1_1_4	ACT10338.1	75.00	9	2	1	15	22	305	313	0.85	19.2
Seq10007_997_bp_1_1_4	AAI27517.1	53.33	18	7	3	3	20	347	361	1.3	19.2
Seq10007_997_bp_1_1_4	AAA18786.1	53.33	19	7	4	9	23	66	84	1.7	17.7
Seq10007_997_bp_1_1_4	AAB26998.1	40.00	16	9	1	3	18	28	42	1.8	15.8
Seq10007_997_bp_1_1_4	AAC17860.1	40.00	15	9	0	6	20	68	82	2.5	17.7
Seq10007_997_bp_1_1_4	CAA45199.1	30.77	13	9	0	4	16	371	383	2.9	17.7
Seq10007_997_bp_1_1_4	CAA73529.1	61.54	19	5	6	8	20	257	275	3.7	16.5
Seq10007_997_bp_1_1_4	ABN10845.1	38.46	13	8	0	3	15	162	174	3.8	16.1
Seq10007_997_bp_1_1_4	AEE27845.1	100.00	5	0	0	14	18	1161	1165	3.9	18.8
Seq10007_997_bp_1_1_4	AAB64315.2	29.41	18	12	1	4	20	1	18	4.4	16.5
Seq10007_997_bp_1_1_4	ABD49687.1	35.00	21	13	1	2	22	127	146	4.7	18.8
Seq10007_997_bp_1_1_4	ABK71357.1	55.56	9	4	0	1	9	69	77	5	16.5
Seq10007_997_bp_1_1_4	AAA32624.1	33.33	18	10	3	5	22	226	240	5.4	16.9
Seq10007_997_bp_1_1_4	CAA11507.1	46.15	13	7	0	5	17	473	485	6.3	18.1
Seq10007_997_bp_1_1_4	AAR37016.1	80.00	5	1	0	16	20	756	760	6.4	18.8
Seq10007_997_bp_1_1_4	AAA32376.1	44.44	9	5	0	8	16	6	14	6.5	15.0
Seq10007_997_bp_1_1_4	AAA72732.1	53.85	18	6	5	1	13	271	288	7	15.8
Seq10007_997_bp_1_1_4	AIR13712.1	37.50	16	10	0	7	22	243	258	7.3	15.8
Seq10007_997_bp_1_1_4	CAA26230.1	55.56	10	4	1	13	22	221	229	7.3	16.5
Seq10007_997_bp_1_1_4	BAA32956.1	55.56	9	4	0	11	19	184	192	7.9	15.0
Seq10007_997_bp_1_1_4	ACH70904.1	42.86	15	8	1	8	21	254	268	7.9	15.8
Seq10007_997_bp_1_1_4	AAC97205.1	50.00	15	6	3	8	19	4	18	9.3	17.3
Seq10007_997_bp_1_1_5	BAA32991.1	62.50	8	3	0	10	17	59	66	0.087	20.2
Seq10007_997_bp_1_1_5	CAA11507.1	52.63	24	9	5	3	26	1026	1044	0.84	21.2
Seq10007_997_bp_1_1_5	AAC97205.1	62.50	8	3	0	4	11	276	283	1.6	20.2
Seq10007_997_bp_1_1_5	ABD49687.1	60.00	10	4	0	4	13	118	127	2.2	20.2
Seq10007_997_bp_1_1_5	AAA18786.1	44.44	9	5	0	7	15	65	73	2.3	17.4
Seq10007_997_bp_1_1_5	AAR31603.1	50.00	8	4	0	6	13	278	285	2.8	17.4
Seq10007_997_bp_1_1_5	CAA45199.1	46.15	14	7	1	10	23	427	439	3.1	17.7
Seq10007_997_bp_1_1_5	ABK71357.1	50.00	29	11	7	2	26	38	63	3.2	17.4
Seq10007_997_bp_1_1_5	AAQ92751.2	38.10	21	13	0	6	26	93	113	3.5	19.1
Seq10007_997_bp_1_1_5	AAA32624.1	50.00	14	6	2	1	14	85	96	4.4	17.4
Seq10007_997_bp_1_1_5	AAA36565.1	62.50	8	3	0	10	17	55	62	5.8	15.3
Seq10007_997_bp_1_1_5	AAR37016.1	35.71	14	9	0	3	16	635	648	5.9	19.1
Seq10007_997_bp_1_1_5	AAF01122.1	50.00	6	3	0	4	9	371	376	6.4	16.3
Seq10007_997_bp_1_1_5	BAB70780.1	71.43	7	2	0	9	15	209	215	8.1	16.3
Seq10007_997_bp_1_1_5	AAC17860.1	50.00	12	6	0	15	26	136	147	8.6	16.0
Seq10007_997_bp_1_1_6	AAA65607.1	60.00	10	4	0	1	10	37	46	0.31	19.6
Seq10007_997_bp_1_1_6	ACH70904.1	75.00	18	3	6	1	12	58	75	0.55	18.8
Seq10007_997_bp_1_1_6	ABS38337.1	54.55	12	5	1	2	12	1268	1279	0.81	20.1
Seq10007_997_bp_1_1_6	AAB96524.1	45.45	11	6	0	1	11	80	90	0.9	17.1
Seq10007_997_bp_1_1_6	CAA74140.1	62.50	8	3	0	1	8	487	494	4.4	17.1
Seq10007_997_bp_1_1_6	BAB79260.1	66.67	6	2	0	7	12	123	128	8.8	15.0
Seq10007_997_bp_1_1_6	AAA24969.1	50.00	8	4	0	1	8	737	744	9.2	16.7
Seq10007_997_bp_1_1_6	CAD53387.1	41.67	12	7	0	1	12	28	39	9.6	15.0
Seq10007_997_bp_1_1_7	AAA72732.1	77.78	10	2	1	1	9	225	234	0.16	21.1
Seq10007_997_bp_1_1_7	AAB64315.2	38.46	13	8	0	3	15	277	289	1.2	18.2
Seq10007_997_bp_1_1_7	AAI27517.1	42.11	23	11	4	1	19	182	204	1.7	18.5
Seq10007_997_bp_1_1_7	AAA24142.1	37.50	16	10	0	3	18	19	34	4.4	16.7
Seq10007_997_bp_1_1_7	ABL74574.1	57.14	7	3	0	3	9	183	189	5.9	15.6
Seq10007_997_bp_1_1_7	AAX84812.1	55.56	9	4	0	5	13	95	103	6.1	15.3
Seq10007_997_bp_1_1_7	ACT10338.1	66.67	6	2	0	1	6	119	124	6.2	16.0
Seq10007_997_bp_1_1_7	AAH69556.1	50.00	8	4	0	2	9	246	253	7.9	15.3
Seq10007_997_bp_1_1_7	CAA04196.1	42.86	15	8	1	4	18	193	206	8.4	15.6
Seq10007_997_bp_1_1_7	AAC97205.1	57.14	7	3	0	3	9	877	883	9	17.1
Seq10007_997_bp_1_1_7	AAX12058.1	44.44	9	5	0	11	19	33	41	9	14.9
Seq10007_997_bp_1_1_8	CAA26230.1	50.00	14	7	0	1	14	505	518	0.19	21.6
Seq10007_997_bp_1_1_8	AAA45888.1	60.00	10	4	0	6	15	17	26	1.3	18.3
Seq10007_997_bp_1_1_8	AAC08817.1	62.50	8	3	0	2	9	135	142	2	16.4
Seq10007_997_bp_1_1_8	AAA24969.1	63.64	13	4	2	8	18	1236	1248	3	19.0
Seq10007_997_bp_1_1_8	ACH70904.1	55.56	9	4	0	1	9	152	160	3.3	16.8
Seq10007_997_bp_1_1_8	AEE27845.1	35.29	17	11	0	3	19	278	294	3.6	18.7
Seq10007_997_bp_1_1_8	AAA18786.1	52.94	19	8	2	1	17	58	76	4.1	16.1
Seq10007_997_bp_1_1_8	ACT10338.1	41.67	12	7	0	5	16	15	26	4.6	16.4
Seq10007_997_bp_1_1_8	AAA26915.1	36.36	11	7	0	8	18	118	128	5.5	16.4
Seq10007_997_bp_1_1_8	AAA65607.1	46.15	14	7	1	3	15	227	240	5.6	16.1
Seq10007_997_bp_1_1_8	BAA32991.1	100.00	4	0	0	12	15	34	37	8.1	13.1
Seq10007_997_bp_1_1_8	AAH69556.1	42.11	24	11	5	1	19	41	64	9.7	14.9
Seq10007_997_bp_1_1_9	AAA24969.1	40.74	28	16	1	16	42	675	702	0.36	23.4
Seq10007_997_bp_1_1_9	CAA43372.1	55.56	25	8	7	19	40	342	362	0.67	20.6
Seq10007_997_bp_1_1_9	ACT10338.1	54.55	31	10	9	9	39	71	92	1.2	19.7
Seq10007_997_bp_1_1_9	AAR37016.1	44.00	27	14	2	13	39	1832	1856	1.3	22.2
Seq10007_997_bp_1_1_9	AAA42531.1	31.71	45	28	4	2	42	263	307	1.5	19.4
Seq10007_997_bp_1_1_9	BAB70780.1	30.77	29	18	3	18	45	20	46	2.8	18.8
Seq10007_997_bp_1_1_9	AAB96524.1	34.62	29	17	3	12	40	4	29	3.8	16.9
Seq10007_997_bp_1_1_9	AAA23282.1	54.55	11	5	0	8	18	51	61	4.9	18.2
Seq10007_997_bp_1_1_9	CAA74140.1	38.71	37	19	6	4	38	549	581	5.2	18.8
Seq10007_997_bp_1_1_9	AAA72732.1	42.11	21	11	2	21	39	12	32	6.2	16.9
Seq10007_997_bp_1_1_9	ABS38337.1	34.62	26	17	0	2	27	566	591	8.6	18.5
Seq10007_997_bp_1_1_9	CAA04196.1	44.00	28	14	3	11	35	328	355	9.9	16.6
Seq10007_997_bp_1_2_0	AAH69556.1	62.50	8	3	0	8	15	70	77	0.22	20.4
Seq10007_997_bp_1_2_0	ACH70904.1	46.15	13	7	0	3	15	304	316	0.91	18.5
Seq10007_997_bp_1_2_0	BAA32956.1	60.00	10	4	0	2	11	186	195	1.5	17.1
Seq10007_997_bp_1_2_0	AAI27517.1	43.75	17	9	1	1	16	395	411	1.5	18.5
Seq10007_997_bp_1_2_0	AAC97205.1	55.56	9	4	0	2	10	33	41	1.9	19.3
Seq10007_997_bp_1_2_0	BAA32018.1	81.82	14	2	3	1	13	273	284	2	18.2
Seq10007_997_bp_1_2_0	AAC08817.1	40.00	15	9	0	2	16	43	57	2.5	16.0
Seq10007_997_bp_1_2_0	ABD49687.1	83.33	6	1	0	3	8	1207	1212	3.3	18.9
Seq10007_997_bp_1_2_0	CAD53387.1	83.33	6	1	0	6	11	459	464	3.5	17.1
Seq10007_997_bp_1_2_0	AAA25966.1	83.33	6	1	0	3	8	189	194	3.9	17.4
Seq10007_997_bp_1_2_0	AAB26998.1	50.00	6	3	0	2	7	37	42	4.2	14.1
Seq10007_997_bp_1_2_0	CAA43372.1	41.67	12	7	0	3	14	180	191	4.7	16.3
Seq10007_997_bp_1_2_0	AAQ92751.2	43.75	16	9	0	2	17	517	532	5.6	17.8
Seq10007_997_bp_1_2_0	AAR37016.1	57.14	7	3	0	6	12	197	203	7.3	18.2
Seq10007_997_bp_1_2_0	BAA32991.1	75.00	4	1	0	6	9	17	20	7.6	13.0
Seq10007_997_bp_1_2_1	AAF01122.1	45.00	20	11	0	9	28	196	215	0.19	21.9
Seq10007_997_bp_1_2_1	AAB26998.1	36.00	27	16	2	1	25	34	60	0.59	18.0
Seq10007_997_bp_1_2_1	AAA45888.1	63.64	12	4	1	23	34	10	20	0.93	19.6
Seq10007_997_bp_1_2_1	AAA18786.1	50.00	17	8	1	18	34	202	217	1	19.0
Seq10007_997_bp_1_2_1	AAI27517.1	52.17	35	11	12	1	33	459	483	1.1	19.9
Seq10007_997_bp_1_2_1	AAR37016.1	45.45	42	18	9	2	34	636	677	1.5	21.6
Seq10007_997_bp_1_2_1	AEE27845.1	40.74	30	16	3	3	29	463	492	1.7	20.6
Seq10007_997_bp_1_2_1	BAA32018.1	53.33	17	7	2	17	33	423	437	1.9	19.3
Seq10007_997_bp_1_2_1	AAX12058.1	46.15	14	7	1	4	17	24	36	2	18.0
Seq10007_997_bp_1_2_1	BAB70780.1	47.06	20	9	3	3	19	368	387	2.3	18.6
Seq10007_997_bp_1_2_1	AAH69556.1	72.73	13	3	2	15	26	37	48	2.8	17.6
Seq10007_997_bp_1_2_1	CAA43372.1	33.33	15	10	0	9	23	375	389	3.1	18.0
Seq10007_997_bp_1_2_1	ACH70904.1	58.33	14	5	2	18	31	257	268	3.3	17.6
Seq10007_997_bp_1_2_1	ABD49687.1	25.81	33	23	2	1	33	117	147	4.1	19.6
Seq10007_997_bp_1_2_1	AAC97205.1	45.83	28	13	4	2	25	1040	1067	4.6	19.0
Seq10007_997_bp_1_2_1	CAA74140.1	66.67	9	3	0	16	24	832	840	5.4	18.3
Seq10007_997_bp_1_2_1	AAA42531.1	38.89	18	11	0	8	25	160	177	5.6	17.0
Seq10007_997_bp_1_2_1	BAA32991.1	46.15	14	7	1	14	26	36	49	6	14.4
Seq10007_997_bp_1_2_1	BAB79260.1	50.00	29	12	5	3	31	225	248	6.4	17.0
Seq10007_997_bp_1_2_1	ABL74574.1	46.67	16	8	1	9	23	42	57	6.5	16.3
Seq10007_997_bp_1_2_1	AAB64315.2	35.00	21	13	1	7	27	2	21	7.3	16.3
Seq10007_997_bp_1_2_1	AAA23282.1	40.00	24	12	4	7	26	470	493	8	17.0
Seq10007_997_bp_1_2_1	AAA25966.1	46.67	16	8	1	7	21	326	341	9.9	17.0
Seq10007_997_bp_1_2_1	AAB96524.1	66.67	15	4	3	2	13	15	29	9.9	15.0
Seq10007_997_bp_1_2_2	ABN10845.1	40.00	10	6	0	2	11	39	48	0.087	20.9
Seq10007_997_bp_1_2_2	CAA73529.1	57.14	7	3	0	6	12	98	104	0.15	20.5
Seq10007_997_bp_1_2_2	AAB96524.1	53.85	17	6	4	1	13	87	103	0.26	19.1
Seq10007_997_bp_1_2_2	AAR31603.1	58.33	14	5	2	3	14	168	181	0.34	19.6
Seq10007_997_bp_1_2_2	ACT10338.1	30.77	13	9	0	2	14	378	390	0.74	18.7
Seq10007_997_bp_1_2_2	EDO47375.1	50.00	6	3	0	3	8	117	122	1.3	16.9
Seq10007_997_bp_1_2_2	AIR13712.1	66.67	10	3	1	1	10	268	276	1.6	17.3
Seq10007_997_bp_1_2_2	ABS38337.1	45.45	11	6	0	2	12	217	227	2.4	18.7
Seq10007_997_bp_1_2_2	AAA45888.1	37.50	8	5	0	4	11	65	72	2.5	16.9
Seq10007_997_bp_1_2_2	AAX84812.1	40.00	10	6	0	1	10	221	230	3.9	15.5
Seq10007_997_bp_1_2_2	AAA42531.1	80.00	5	1	0	5	9	130	134	4.7	15.9
Seq10007_997_bp_1_2_2	ACH70904.1	50.00	14	6	2	2	14	72	84	5.9	15.5
Seq10007_997_bp_1_2_2	AAR37016.1	54.55	12	5	1	1	11	1271	1282	7.9	17.8
Seq10007_997_bp_1_2_2	AAA32624.1	50.00	6	3	0	6	11	285	290	8.4	15.5
Seq10007_997_bp_1_2_2	AAC17860.1	60.00	5	2	0	9	13	363	367	9	15.0
Seq10007_997_bp_1_2_2	AAA72732.1	44.44	9	5	0	6	14	1	9	9.4	14.6
Seq10007_997_bp_1_2_3	AAA32376.1	55.56	21	8	3	2	21	7	25	0.033	22.7
Seq10007_997_bp_1_2_3	AAA65607.1	56.25	18	7	2	3	18	330	347	0.24	21.0
Seq10007_997_bp_1_2_3	ABN10845.1	75.00	11	2	3	3	10	146	156	0.98	18.2
Seq10007_997_bp_1_2_3	AAB03707.1	54.55	11	5	0	5	15	407	417	1.1	20.6
Seq10007_997_bp_1_2_3	AIR13712.1	50.00	19	9	1	3	20	55	73	1.2	18.5
Seq10007_997_bp_1_2_3	AAA18786.1	46.67	15	8	0	2	16	243	257	1.9	17.5
Seq10007_997_bp_1_2_3	ACT10338.1	62.50	8	3	0	10	17	220	227	2.2	17.8
Seq10007_997_bp_1_2_3	AAC08817.1	38.89	20	11	2	4	23	107	124	3.1	16.1
Seq10007_997_bp_1_2_3	ABK71357.1	50.00	16	8	0	7	22	273	288	3.4	17.1
Seq10007_997_bp_1_2_3	AAC17860.1	44.44	9	5	0	2	10	373	381	3.7	17.1
Seq10007_997_bp_1_2_3	CAA45199.1	50.00	15	7	1	1	14	49	63	6.8	16.4
Seq10007_997_bp_1_2_3	AAB64315.2	38.46	13	8	0	3	15	192	204	9.5	15.3
Seq10007_997_bp_1_2_4	AAA42531.1	53.85	13	6	0	7	19	201	213	0.43	19.9
Seq10007_997_bp_1_2_4	CAA26230.1	100.00	7	0	2	4	10	340	344	1.4	18.7
Seq10007_997_bp_1_2_4	AAX12058.1	53.85	14	6	1	6	18	27	40	1.6	17.5
Seq10007_997_bp_1_2_4	ABK71357.1	44.44	9	5	0	4	12	352	360	1.6	17.9
Seq10007_997_bp_1_2_4	AAC97205.1	80.00	5	1	0	3	7	977	981	2.3	19.1
Seq10007_997_bp_1_2_4	CAA43372.1	54.55	12	5	1	5	16	360	370	2.4	17.5
Seq10007_997_bp_1_2_4	ABD49687.1	45.45	11	6	0	4	14	1063	1073	2.5	19.5
Seq10007_997_bp_1_2_4	AAR37016.1	42.86	15	8	1	2	15	1933	1947	2.6	19.9
Seq10007_997_bp_1_2_4	AAA36565.1	62.50	12	3	4	4	11	71	82	3	15.9
Seq10007_997_bp_1_2_4	ABD33854.1	44.44	9	5	0	1	9	41	49	3.4	14.3
Seq10007_997_bp_1_2_4	BAA32991.1	66.67	16	4	4	8	19	48	63	3.7	14.3
Seq10007_997_bp_1_2_4	AAA45888.1	75.00	4	1	0	5	8	235	238	3.8	16.7
Seq10007_997_bp_1_2_4	CAA73529.1	50.00	10	5	0	10	19	178	187	6.2	15.5
Seq10007_997_bp_1_2_4	BAB17681.1	55.56	9	4	0	11	19	225	233	6.2	15.5
Seq10007_997_bp_1_2_4	AEE27845.1	71.43	7	2	0	6	12	885	891	7.7	17.5
Seq10007_997_bp_1_2_5	AAA42531.1	38.46	26	16	0	15	40	288	313	0.4	21.6
Seq10007_997_bp_1_2_5	AAH69556.1	33.33	42	22	9	2	36	218	257	2.7	18.5
Seq10007_997_bp_1_2_5	AAA24969.1	47.83	27	12	4	2	28	1432	1454	2.8	20.8
Seq10007_997_bp_1_2_5	AAB03707.1	39.13	25	14	2	4	26	149	173	3.7	20.2
Seq10007_997_bp_1_2_5	ABD33854.1	60.00	5	2	0	29	33	57	61	3.9	15.7
Seq10007_997_bp_1_2_5	AAA65607.1	50.00	17	8	1	6	21	141	157	4.7	17.9
Seq10007_997_bp_1_2_5	CAD53387.1	52.38	26	10	5	16	41	32	52	5.2	18.2
Seq10007_997_bp_1_2_5	AAA32624.1	66.67	9	3	0	50	58	40	48	5.5	18.2
Seq10007_997_bp_1_2_5	ABN10845.1	41.67	12	7	0	44	55	108	119	6	16.8
Seq10007_997_bp_1_2_5	BAA32991.1	66.67	23	4	11	27	46	19	33	6.1	15.1
Seq10007_997_bp_1_2_5	AAC08817.1	36.84	20	12	1	11	29	11	30	6.7	16.2
Seq10007_997_bp_1_2_5	AAX84812.1	50.00	13	5	3	42	51	87	99	7.7	16.5
Seq10007_997_bp_1_2_5	BAB17681.1	38.46	29	16	3	19	44	51	79	8.9	16.5
Seq10007_997_bp_1_2_6	AAA36565.1	41.18	18	10	1	40	57	150	166	1.9	18.3
Seq10007_997_bp_1_2_6	AII71783.1	53.57	39	13	11	10	38	31	68	1.9	19.2
Seq10007_997_bp_1_2_6	ABN10845.1	34.38	36	21	4	18	53	163	194	2.9	18.0
Seq10007_997_bp_1_2_6	AAB03707.1	40.00	26	15	1	28	52	665	690	3.7	20.3
Seq10007_997_bp_1_2_6	AAC17860.1	50.00	16	8	0	34	49	136	151	5.4	18.0
Seq10007_997_bp_1_2_6	BAA32991.1	44.44	9	5	0	48	56	52	60	7.8	14.9
Seq10007_997_bp_1_2_6	AAC08817.1	45.00	21	11	1	17	36	84	104	8.4	16.0
Seq10007_997_bp_1_2_6	AAR31603.1	34.04	56	31	9	16	64	21	74	9.2	16.9
Seq10007_997_bp_1_2_6	CAA11507.1	51.72	44	14	15	22	50	312	355	9.5	18.9
Seq10007_997_bp_1_2_6	CAA74140.1	41.67	27	14	3	39	65	37	60	9.7	18.3
Seq10007_997_bp_1_2_7	CAD53387.1	55.56	9	4	0	5	13	66	74	0.34	20.1
Seq10007_997_bp_1_2_7	CAD53387.1	55.56	9	4	0	5	13	132	140	0.34	20.1
Seq10007_997_bp_1_2_7	CAD53387.1	55.56	9	4	0	5	13	198	206	0.34	20.1
Seq10007_997_bp_1_2_7	CAD53387.1	55.56	9	4	0	5	13	264	272	0.34	20.1
Seq10007_997_bp_1_2_7	CAD53387.1	55.56	9	4	0	5	13	330	338	0.34	20.1
Seq10007_997_bp_1_2_7	CAD53387.1	55.56	9	4	0	5	13	396	404	0.34	20.1
Seq10007_997_bp_1_2_7	ACT10338.1	71.43	7	2	0	7	13	12	18	0.45	19.3
Seq10007_997_bp_1_2_7	AAC08817.1	50.00	13	6	1	1	13	139	150	2.1	15.8
Seq10007_997_bp_1_2_7	AAR31603.1	53.85	14	6	1	1	13	186	199	3.2	16.2
Seq10007_997_bp_1_2_7	BAA32956.1	30.00	10	7	0	4	13	191	200	6	14.6
Seq10007_997_bp_1_2_7	AAR37016.1	88.89	13	1	4	2	13	698	707	7.5	17.7
Seq10007_997_bp_1_2_7	BAA32018.1	50.00	6	3	0	8	13	26	31	7.8	15.8
Seq10007_997_bp_1_2_7	AAA26915.1	80.00	5	1	0	1	5	114	118	9.7	15.0
Seq10007_997_bp_1_2_8	AAC17860.1	60.00	10	4	0	1	10	82	91	0.12	20.9
Seq10007_997_bp_1_2_8	BAA32991.1	40.00	10	6	0	1	10	46	55	0.12	18.3
Seq10007_997_bp_1_2_8	AAH69556.1	80.00	5	1	0	3	7	47	51	0.22	19.6
Seq10007_997_bp_1_2_8	CAA74140.1	85.71	7	1	0	4	10	524	530	0.37	20.5
Seq10007_997_bp_1_2_8	CAA04196.1	57.14	7	3	0	1	7	291	297	1	17.8
Seq10007_997_bp_1_2_8	AAX12058.1	55.56	9	4	0	1	9	24	32	1.2	17.0
Seq10007_997_bp_1_2_8	BAA32956.1	75.00	4	1	0	2	5	13	16	1.7	16.1
Seq10007_997_bp_1_2_8	AAA18786.1	57.14	7	3	0	4	10	217	223	2.2	16.1
Seq10007_997_bp_1_2_8	AAB03707.1	71.43	7	2	0	4	10	1003	1009	2.4	18.3
Seq10007_997_bp_1_2_8	CAA26230.1	57.14	7	3	0	2	8	382	388	2.5	17.0
Seq10007_997_bp_1_2_8	AIR13712.1	57.14	7	3	0	4	10	289	295	2.7	16.1
Seq10007_997_bp_1_2_8	AAC97205.1	40.00	10	6	0	1	10	427	436	3	17.8
Seq10007_997_bp_1_2_8	CAA73529.1	80.00	5	1	0	6	10	177	181	3	15.6
Seq10007_997_bp_1_2_8	AAA72732.1	80.00	5	1	0	5	9	31	35	3.4	15.6
Seq10007_997_bp_1_2_8	ABD33854.1	66.67	3	1	0	2	4	60	62	5.8	12.5
Seq10007_997_bp_1_2_8	ABN10845.1	100.00	3	0	0	1	3	115	117	7.8	13.9
Seq10007_997_bp_1_2_8	AAI27517.1	57.14	7	3	0	4	10	460	466	8.4	15.2
Seq10007_997_bp_1_2_9	CAA26230.1	52.38	24	10	3	1	21	224	247	0.34	21.1
Seq10007_997_bp_1_2_9	CAA45199.1	54.55	11	5	0	11	21	20	30	0.56	20.1
Seq10007_997_bp_1_2_9	ABD49687.1	52.94	19	8	2	1	17	1373	1391	1.6	20.4
Seq10007_997_bp_1_2_9	AAA72732.1	46.67	15	8	0	6	20	157	171	2.9	17.1
Seq10007_997_bp_1_2_9	CAA73529.1	66.67	6	2	0	7	12	4	9	5	16.1
Seq10007_997_bp_1_2_9	AAA18786.1	27.27	23	16	1	1	22	78	100	6	15.8
Seq10007_997_bp_1_2_9	ABL74574.1	35.29	17	11	0	4	20	98	114	6.5	15.8
Seq10007_997_bp_1_2_9	AAA65607.1	40.91	24	13	2	2	23	164	187	6.5	16.1
Seq10007_997_bp_1_2_9	BAA32018.1	54.55	13	5	2	2	12	15	27	8.7	16.4
Seq10007_997_bp_1_2_9	BAB17681.1	40.00	10	6	0	1	10	267	276	9.5	15.1
Seq10007_997_bp_1_2_10	CAA73529.1	66.67	8	2	2	2	9	36	41	1.6	16.9
Seq10007_997_bp_1_2_10	ABK71357.1	50.00	11	5	1	3	13	172	181	1.7	17.3
Seq10007_997_bp_1_2_10	AAA18786.1	33.33	13	8	1	1	13	97	108	4.2	15.5
Seq10007_997_bp_1_2_10	AAA25966.1	80.00	5	1	0	2	6	486	490	4.2	16.9
Seq10007_997_bp_1_2_10	AAC78721.1	60.00	12	4	2	2	13	482	491	5	16.6
Seq10007_997_bp_1_2_10	AAC97205.1	50.00	9	4	1	1	9	182	189	5.6	17.3
Seq10007_997_bp_1_2_10	AAB26998.1	60.00	5	2	0	4	8	43	47	6.8	13.0
Seq10007_997_bp_1_2_10	BAB79260.1	50.00	12	6	0	2	13	438	449	6.9	15.5
Seq10007_997_bp_1_2_10	AAB03707.1	36.36	11	7	0	2	12	1346	1356	7.8	16.9
Seq10007_997_bp_1_2_10	AAR31603.1	42.86	7	4	0	6	12	141	147	8.1	14.8
Seq10007_997_bp_1_2_10	EDO47375.1	57.14	7	3	0	1	7	54	60	9.7	13.7
Seq10007_997_bp_-1_0_0	AAQ92751.2	50.00	10	5	0	1	10	969	978	1.9	18.9
Seq10007_997_bp_-1_0_0	AAR31603.1	50.00	12	6	0	1	12	313	324	2.4	16.5
Seq10007_997_bp_-1_0_0	AAA36565.1	66.67	6	2	0	1	6	108	113	4.9	14.5
Seq10007_997_bp_-1_0_0	AAC08817.1	55.56	9	4	0	2	10	23	31	6.3	14.0
Seq10007_997_bp_-1_0_0	BAB79260.1	50.00	10	5	0	3	12	22	31	9.6	14.9
Seq10007_997_bp_-1_0_1	AAX12058.1	71.43	7	2	0	1	7	171	177	3.4	15.7
Seq10007_997_bp_-1_0_1	AAI27517.1	66.67	10	3	1	1	9	566	575	5.4	16.1
Seq10007_997_bp_-1_0_1	ABD33854.1	42.86	7	4	0	5	11	42	48	5.4	12.9
Seq10007_997_bp_-1_0_1	AAA18786.1	80.00	5	1	0	1	5	107	111	5.6	14.9
Seq10007_997_bp_-1_0_1	EDO47375.1	57.14	8	3	1	5	12	143	149	6.8	14.1
Seq10007_997_bp_-1_0_1	AAR37016.1	71.43	7	2	0	3	9	1613	1619	6.9	17.7
Seq10007_997_bp_-1_0_1	CAA73529.1	40.00	10	6	0	2	11	250	259	7.5	14.5
Seq10007_997_bp_-1_0_1	ABL74574.1	57.14	7	3	0	4	10	163	169	7.9	14.5
Seq10007_997_bp_-1_0_1	AAA36565.1	57.14	7	3	0	2	8	31	37	7.9	13.7
Seq10007_997_bp_-1_0_2	BAA32991.1	45.45	11	6	0	6	16	16	26	0.02	22.1
Seq10007_997_bp_-1_0_2	AAC08817.1	42.86	21	12	0	3	23	48	68	0.021	23.3
Seq10007_997_bp_-1_0_2	BAB79260.1	38.46	13	8	0	10	22	323	335	1.6	18.5
Seq10007_997_bp_-1_0_2	AAA42531.1	100.00	4	0	0	11	14	326	329	2.3	17.7
Seq10007_997_bp_-1_0_2	AAA72732.1	55.56	21	8	3	1	19	124	143	2.5	17.3
Seq10007_997_bp_-1_0_2	EDO47375.1	30.77	13	9	0	1	13	143	155	2.6	16.5
Seq10007_997_bp_-1_0_2	AAQ92751.2	50.00	10	5	0	9	18	243	252	2.7	19.3
Seq10007_997_bp_-1_0_2	AEE27845.1	50.00	8	4	0	2	9	727	734	3.6	18.9
Seq10007_997_bp_-1_0_2	AAB96524.1	57.14	7	3	0	2	8	174	180	4.4	15.7
Seq10007_997_bp_-1_0_2	AAR37016.1	50.00	20	9	2	2	20	83	101	4.6	19.3
Seq10007_997_bp_-1_0_2	AAA45888.1	38.10	22	13	1	1	22	18	38	5.1	16.5
Seq10007_997_bp_-1_0_2	AAB26998.1	60.00	11	4	1	8	17	21	31	5.5	14.1
Seq10007_997_bp_-1_0_2	AAI27517.1	38.46	13	8	0	2	14	212	224	6	16.9
Seq10007_997_bp_-1_0_2	CAA11507.1	50.00	15	7	1	2	15	168	182	6	18.1
Seq10007_997_bp_-1_0_2	ABK71357.1	100.00	4	0	0	2	5	187	190	6.5	16.1
Seq10007_997_bp_-1_0_2	AIR13712.1	42.86	17	8	3	3	19	27	40	7.5	15.7
Seq10007_997_bp_-1_0_3	ABD49687.1	53.85	16	6	3	10	25	1098	1110	1.1	21.1
Seq10007_997_bp_-1_0_3	AAB96524.1	33.33	18	12	0	6	23	151	168	1.2	17.8
Seq10007_997_bp_-1_0_3	BAB17681.1	66.67	6	2	0	7	12	119	124	1.7	17.8
Seq10007_997_bp_-1_0_3	BAA32991.1	75.00	4	1	0	23	26	32	35	2.1	15.6
Seq10007_997_bp_-1_0_3	CAA04196.1	60.00	10	4	0	16	25	42	51	4	17.2
Seq10007_997_bp_-1_0_3	CAA45199.1	50.00	10	5	0	7	16	35	44	4.5	17.2
Seq10007_997_bp_-1_0_3	BAB70780.1	50.00	10	5	0	10	19	87	96	4.6	17.2
Seq10007_997_bp_-1_0_3	ACH70904.1	60.00	13	4	3	10	22	3	12	6.6	16.2
Seq10007_997_bp_-1_0_3	AAH69556.1	85.71	8	1	1	2	8	205	212	7	15.9
Seq10007_997_bp_-1_0_3	AAA36565.1	40.00	5	3	0	19	23	67	71	9.2	14.6
Seq10007_997_bp_-1_0_3	CAA43372.1	60.00	13	4	3	10	22	382	391	9.3	15.9
Seq10007_997_bp_-1_0_4	BAA32956.1	53.85	13	6	0	13	25	185	197	0.49	19.4
Seq10007_997_bp_-1_0_4	AAF01122.1	29.17	26	17	2	5	28	327	352	1.1	19.0
Seq10007_997_bp_-1_0_4	ABN10845.1	33.33	29	16	5	1	28	163	187	1.3	18.0
Seq10007_997_bp_-1_0_4	AAA18786.1	33.33	18	12	0	2	19	197	214	1.6	18.0
Seq10007_997_bp_-1_0_4	ABD49687.1	50.00	12	6	0	2	13	722	733	2.4	20.1
Seq10007_997_bp_-1_0_4	AAQ92751.2	54.55	27	10	5	3	24	269	295	2.5	19.7
Seq10007_997_bp_-1_0_4	CAA43372.1	58.33	12	5	0	10	21	3	14	4.1	17.3
Seq10007_997_bp_-1_0_4	ABK71357.1	60.00	10	4	0	19	28	170	179	5.9	16.6
Seq10007_997_bp_-1_0_4	AAA72732.1	40.91	23	13	1	7	28	177	199	6.3	16.2
Seq10007_997_bp_-1_0_4	CAA73529.1	47.37	20	10	1	3	22	225	243	7	15.9
Seq10007_997_bp_-1_0_4	AAA65607.1	30.77	27	18	1	2	27	30	56	7.3	16.2
Seq10007_997_bp_-1_0_4	AAB03707.1	40.00	26	15	1	3	27	1037	1062	8	18.0
Seq10007_997_bp_-1_0_4	AAB64315.2	50.00	21	9	3	5	22	253	273	8.3	15.9
Seq10007_997_bp_-1_0_5	AAC08817.1	63.64	14	4	3	7	17	43	56	5	15.3
Seq10007_997_bp_-1_0_5	BAA32956.1	63.64	15	4	4	7	21	201	211	9.8	14.6
Seq10007_997_bp_-1_0_6	ABK71357.1	66.67	10	3	1	2	11	350	358	0.15	20.6
Seq10007_997_bp_-1_0_6	AAR37016.1	55.56	10	4	1	1	9	1260	1269	0.36	22.0
Seq10007_997_bp_-1_0_6	ABN10845.1	42.86	7	4	0	5	11	206	212	0.77	17.4
Seq10007_997_bp_-1_0_6	ABL74574.1	100.00	3	0	0	4	6	17	19	1	17.4
Seq10007_997_bp_-1_0_6	ABG75784.1	55.56	10	4	1	2	11	138	146	1.1	17.4
Seq10007_997_bp_-1_0_6	BAA32956.1	50.00	6	3	0	3	8	90	95	2.6	15.6
Seq10007_997_bp_-1_0_6	AEE27845.1	57.14	7	3	0	5	11	411	417	2.6	18.3
Seq10007_997_bp_-1_0_6	AAA42531.1	100.00	4	0	0	5	8	275	278	3.5	16.1
Seq10007_997_bp_-1_0_6	AAB64315.2	80.00	6	1	1	3	7	27	32	4	15.6
Seq10007_997_bp_-1_0_6	BAA32991.1	50.00	4	2	0	1	4	29	32	4	13.3
Seq10007_997_bp_-1_0_6	AAC97205.1	75.00	4	1	0	4	7	663	666	4.3	17.4
Seq10007_997_bp_-1_0_6	CAA74140.1	66.67	6	2	0	4	9	312	317	4.4	17.0
Seq10007_997_bp_-1_0_6	AAX84812.1	100.00	7	0	2	5	11	4	8	5.2	14.7
Seq10007_997_bp_-1_0_6	AAA26915.1	60.00	12	4	2	2	11	69	80	7.5	15.2
Seq10007_997_bp_-1_0_6	ABD49687.1	75.00	4	1	0	1	4	967	970	7.8	17.0
Seq10007_997_bp_-1_0_6	AAA65607.1	42.86	7	4	0	4	10	119	125	8	14.7
Seq10007_997_bp_-1_0_6	AAA24969.1	80.00	5	1	0	7	11	27	31	9.4	16.5
Seq10007_997_bp_-1_0_6	AAR31603.1	50.00	6	3	0	5	10	309	314	9.7	14.3
Seq10007_997_bp_-1_0_7	AAC78721.1	83.33	6	1	0	3	8	501	506	1.6	18.2
Seq10007_997_bp_-1_0_7	ABD33854.1	44.44	9	5	0	1	9	1	9	2.1	14.3
Seq10007_997_bp_-1_0_7	AII71783.1	50.00	6	3	0	3	8	138	143	3.1	16.0
Seq10007_997_bp_-1_0_7	CAA04196.1	100.00	4	0	0	6	9	89	92	4.1	16.0
Seq10007_997_bp_-1_0_7	EDO47375.1	80.00	5	1	0	1	5	51	55	4.5	14.8
Seq10007_997_bp_-1_0_7	AAA36565.1	33.33	9	6	0	4	12	153	161	5.3	14.3
Seq10007_997_bp_-1_0_7	AAA72732.1	57.14	7	3	0	5	11	182	188	5.5	15.2
Seq10007_997_bp_-1_0_7	ABG75784.1	75.00	4	1	0	9	12	120	123	5.5	15.2
Seq10007_997_bp_-1_0_7	AAI27517.1	60.00	5	2	0	4	8	257	261	5.7	16.0
Seq10007_997_bp_-1_0_7	AAR31603.1	60.00	5	2	0	6	10	72	76	5.7	15.2
Seq10007_997_bp_-1_0_7	AAA42531.1	36.36	11	7	0	2	12	318	328	6.7	15.2
Seq10007_997_bp_-1_0_7	AAA25966.1	85.71	9	1	2	4	10	432	440	6.9	16.0
Seq10007_997_bp_-1_0_7	BAA32018.1	33.33	9	6	0	2	10	134	142	8	15.6
Seq10007_997_bp_-1_0_7	CAA73529.1	50.00	6	3	0	4	9	59	64	8.4	14.3
Seq10007_997_bp_-1_0_7	AAX12058.1	33.33	9	6	0	3	11	174	182	8.4	14.3
Seq10007_997_bp_-1_0_7	CAA74140.1	100.00	4	0	0	5	8	716	719	8.8	16.0
Seq10007_997_bp_-1_0_7	ABS38337.1	40.00	10	6	0	2	11	804	813	9	16.5
Seq10007_997_bp_-1_0_7	AAQ92751.2	66.67	6	2	0	6	11	268	273	9.6	16.5
Seq10007_997_bp_-1_0_8	AIR13712.1	42.11	20	11	1	5	23	74	93	0.72	19.2
Seq10007_997_bp_-1_0_8	ABK71357.1	72.73	12	3	1	10	20	100	111	1	18.9
Seq10007_997_bp_-1_0_8	AAA32376.1	54.55	11	5	0	5	15	96	106	2.1	16.8
Seq10007_997_bp_-1_0_8	ACT10338.1	50.00	17	8	1	1	17	153	168	2.2	17.8
Seq10007_997_bp_-1_0_8	AAR31603.1	45.00	24	11	4	1	20	34	57	3.9	16.8
Seq10007_997_bp_-1_0_8	AAA23282.1	31.25	18	11	2	7	24	234	249	5.2	17.1
Seq10007_997_bp_-1_0_8	CAA45199.1	26.67	15	11	0	10	24	437	451	8.6	16.1
Seq10007_997_bp_-1_0_8	AAC78721.1	66.67	9	3	0	10	18	168	176	9.6	16.4
Seq10007_997_bp_-1_0_9	BAA32991.1	50.00	12	6	0	1	12	13	24	0.0003	27.4
Seq10007_997_bp_-1_0_9	AAB64315.2	66.67	12	3	3	2	11	17	27	0.46	19.1
Seq10007_997_bp_-1_0_9	AAC97205.1	57.14	7	3	0	4	10	429	435	0.76	20.3
Seq10007_997_bp_-1_0_9	AAF01122.1	66.67	6	2	0	6	11	59	64	1.2	17.9
Seq10007_997_bp_-1_0_9	ACH70904.1	80.00	5	1	0	2	6	263	267	1.5	17.5
Seq10007_997_bp_-1_0_9	AAB03707.1	62.50	8	3	0	7	14	705	712	2.5	18.7
Seq10007_997_bp_-1_0_9	CAA73529.1	66.67	12	3	3	3	14	145	153	2.6	16.4
Seq10007_997_bp_-1_0_9	ABK71357.1	50.00	11	5	1	5	14	275	285	2.6	16.8
Seq10007_997_bp_-1_0_9	AAA65607.1	55.56	9	4	0	1	9	341	349	4.4	16.0
Seq10007_997_bp_-1_0_9	AII71783.1	60.00	5	2	0	10	14	267	271	4.9	15.6
Seq10007_997_bp_-1_0_9	ABD49687.1	80.00	5	1	0	4	8	1292	1296	5.2	17.9
Seq10007_997_bp_-1_0_9	ACT10338.1	40.00	10	6	0	5	14	307	316	6.1	15.6
Seq10007_997_bp_-1_0_9	BAB70780.1	63.64	14	4	3	3	14	313	325	7.5	15.6
Seq10007_997_bp_-1_0_9	AAC08817.1	33.33	9	6	0	6	14	54	62	7.6	14.0
Seq10007_997_bp_-1_0_9	ABD33854.1	100.00	2	0	0	4	5	61	62	8.7	12.4
Seq10007_997_bp_-1_0_9	AAI27517.1	40.00	11	6	1	1	10	395	405	9	15.6
Seq10007_997_bp_-1_0_9	AAQ92751.2	40.00	10	6	0	5	14	1065	1074	9.2	16.8
Seq10007_997_bp_-1_0_9	BAA32956.1	44.44	11	5	2	3	11	13	23	9.5	14.0
Seq10007_997_bp_-1_0_9	AAA45888.1	57.14	8	3	1	4	11	78	84	10	14.8
Seq10007_997_bp_-1_0_10	ACH70904.1	66.67	9	3	0	2	10	229	237	0.022	23.3
Seq10007_997_bp_-1_0_10	AAR37016.1	50.00	10	5	0	1	10	2230	2239	0.99	20.5
Seq10007_997_bp_-1_0_10	AAC17860.1	50.00	10	5	0	1	10	223	232	1.6	17.2
Seq10007_997_bp_-1_0_10	ACT10338.1	57.14	7	3	0	5	11	260	266	2.1	16.8
Seq10007_997_bp_-1_0_10	AAA23282.1	44.44	9	5	0	2	10	238	246	4.2	16.3
Seq10007_997_bp_-1_0_10	AAR31603.1	55.56	9	4	0	2	10	312	320	4.7	15.4
Seq10007_997_bp_-1_0_10	AAH69556.1	60.00	5	2	0	5	9	215	219	5.9	14.9
Seq10007_997_bp_-1_0_10	ABN10845.1	42.86	7	4	0	5	11	147	153	7.9	14.0
Seq10007_997_bp_-1_0_10	AAA24142.1	60.00	5	2	0	2	6	251	255	8.5	14.9
Seq10007_997_bp_-1_0_10	ABK71357.1	44.44	9	5	0	1	9	243	251	9.6	14.4
Seq10007_997_bp_-1_0_10	AAB03707.1	66.67	6	2	0	5	10	201	206	9.8	16.3
Seq10007_997_bp_-1_0_11	AIR13712.1	55.17	41	13	12	1	39	197	227	0.15	22.2
Seq10007_997_bp_-1_0_11	AAA26915.1	52.17	28	11	5	7	32	68	92	1.8	19.1
Seq10007_997_bp_-1_0_11	AII71783.1	57.89	25	8	6	4	27	26	45	4.2	17.3
Seq10007_997_bp_-1_0_11	ABD49687.1	81.82	14	2	3	3	13	1435	1448	5.2	19.4
Seq10007_997_bp_-1_0_11	CAA74140.1	48.15	34	14	7	5	38	43	69	5.4	18.5
Seq10007_997_bp_-1_0_11	ABL74574.1	48.15	34	14	7	11	38	123	155	6	16.6
Seq10007_997_bp_-1_0_11	AAQ92751.2	40.74	37	16	10	6	38	1177	1207	9.5	18.2
Seq10007_997_bp_-1_0_12	BAA32956.1	77.78	11	2	2	1	11	186	194	0.14	20.0
Seq10007_997_bp_-1_0_12	AAA24142.1	71.43	7	2	0	5	11	199	205	0.52	19.2
Seq10007_997_bp_-1_0_12	ABS38337.1	71.43	7	2	0	4	10	139	145	1.9	18.8
Seq10007_997_bp_-1_0_12	AAC97205.1	71.43	7	2	0	1	7	33	39	2.4	18.4
Seq10007_997_bp_-1_0_12	ABK71357.1	60.00	10	4	0	2	11	336	345	2.8	16.4
Seq10007_997_bp_-1_0_12	BAB70780.1	66.67	6	2	0	4	9	316	321	3.7	16.4
Seq10007_997_bp_-1_0_12	BAE97662.1	50.00	8	4	0	5	12	638	645	3.8	17.6
Seq10007_997_bp_-1_0_12	AAA32624.1	71.43	7	2	0	6	12	444	450	5.1	16.0
Seq10007_997_bp_-1_0_12	CAA26230.1	62.50	8	3	0	1	8	220	227	5.5	16.0
Seq10007_997_bp_-1_0_12	AAA42531.1	66.67	6	2	0	1	6	16	21	6.5	15.2
Seq10007_997_bp_-1_0_12	AAX84812.1	100.00	4	0	0	6	9	172	175	6.7	14.5
Seq10007_997_bp_-1_0_12	AAC08817.1	40.00	10	6	0	1	10	43	52	8	13.7
Seq10007_997_bp_-1_0_12	ABD49687.1	100.00	4	0	0	2	5	492	495	9.3	16.8
Seq10007_997_bp_-1_0_12	AAA18786.1	57.14	7	3	0	5	11	263	269	9.8	14.1
Seq10007_997_bp_-1_1_0	BAE97662.1	52.63	24	9	5	2	20	510	533	2.5	19.3
Seq10007_997_bp_-1_1_0	ABS38337.1	41.67	25	14	1	1	24	499	523	4.2	18.7
Seq10007_997_bp_-1_1_0	CAA11507.1	77.78	9	2	0	9	17	350	358	5.4	18.4
Seq10007_997_bp_-1_1_0	AAA23282.1	50.00	12	6	0	9	20	296	307	6.2	16.9
Seq10007_997_bp_-1_1_0	ACT10338.1	58.33	13	5	1	10	21	181	193	6.3	16.3
Seq10007_997_bp_-1_1_0	AAC17860.1	38.46	13	8	0	12	24	288	300	8	16.1
Seq10007_997_bp_-1_1_0	AEE27845.1	40.00	23	12	3	1	23	429	448	8.1	17.8
Seq10007_997_bp_-1_1_0	AAQ92751.2	43.75	18	9	2	3	20	419	434	9.6	17.5
Seq10007_997_bp_-1_1_1	CAA43372.1	37.50	18	10	2	6	23	13	28	0.84	20.0
Seq10007_997_bp_-1_1_1	BAA32956.1	62.50	8	3	0	13	20	91	98	2.5	17.5
Seq10007_997_bp_-1_1_1	CAA26230.1	53.85	17	6	4	4	18	389	403	3.3	18.4
Seq10007_997_bp_-1_1_1	AEE27845.1	61.54	13	5	0	20	32	1292	1304	3.5	19.7
Seq10007_997_bp_-1_1_1	AAA72732.1	35.29	17	11	0	15	31	40	56	4.5	17.2
Seq10007_997_bp_-1_1_1	AAC08817.1	55.56	10	4	1	13	22	35	43	5.6	15.9
Seq10007_997_bp_-1_1_1	AIR13712.1	80.00	6	1	1	10	15	136	140	5.8	16.8
Seq10007_997_bp_-1_1_1	AAB64315.2	50.00	8	4	0	22	29	160	167	7.1	16.5
Seq10007_997_bp_-1_1_1	AAA42531.1	83.33	6	1	0	3	8	377	382	8.3	16.5
Seq10007_997_bp_-1_1_1	ABD49687.1	33.33	23	14	2	1	23	408	428	9.7	18.4
Seq10007_997_bp_-1_1_1	AAA25966.1	54.55	11	5	0	26	36	526	536	9.8	17.2
Seq10007_997_bp_-1_1_2	ABN10845.1	40.00	15	9	0	1	15	92	106	0.4	20.1
Seq10007_997_bp_-1_1_2	AAB26998.1	45.45	11	6	0	26	36	19	29	0.62	18.0
Seq10007_997_bp_-1_1_2	AAA36565.1	60.00	12	4	2	22	31	77	88	1.3	18.0
Seq10007_997_bp_-1_1_2	AAA42531.1	41.67	15	7	3	21	32	303	317	1.5	19.1
Seq10007_997_bp_-1_1_2	EDO47375.1	46.67	16	8	1	4	19	100	114	2.4	17.3
Seq10007_997_bp_-1_1_2	BAA32956.1	36.00	30	16	5	2	26	50	79	2.6	17.3
Seq10007_997_bp_-1_1_2	AAB03707.1	57.89	31	8	12	2	32	1258	1276	3.2	19.8
Seq10007_997_bp_-1_1_2	AAA18786.1	71.43	8	2	1	25	32	262	268	5.3	16.6
Seq10007_997_bp_-1_1_2	AAX12058.1	44.00	33	14	8	11	35	231	263	5.5	16.6
Seq10007_997_bp_-1_1_2	BAB79260.1	60.00	18	6	3	3	17	200	217	5.6	17.3
Seq10007_997_bp_-1_1_2	ABK71357.1	85.71	8	1	1	26	32	204	211	5.8	17.0
Seq10007_997_bp_-1_1_2	BAA32991.1	44.44	9	5	0	29	37	1	9	5.8	14.5
Seq10007_997_bp_-1_1_2	AAQ92751.2	78.57	20	3	6	6	21	858	875	6.4	18.7
Seq10007_997_bp_-1_1_2	CAA74140.1	70.00	13	3	3	19	31	266	275	7	18.0
Seq10007_997_bp_-1_1_2	AAA24969.1	72.73	12	3	1	26	37	1420	1430	7	18.7
Seq10007_997_bp_-1_1_2	AAA32376.1	50.00	14	7	0	8	21	99	112	7	15.6
Seq10007_997_bp_-1_1_2	AAR37016.1	55.56	24	8	6	14	35	1127	1146	8.3	19.1
Seq10007_997_bp_-1_1_2	CAA11507.1	41.18	20	10	3	9	28	647	663	9.9	18.0
Seq10007_997_bp_-1_1_3	AAC78721.1	36.36	46	28	2	4	47	525	570	1.6	20.2
Seq10007_997_bp_-1_1_3	AAC08817.1	42.86	25	12	4	13	33	103	127	2.3	17.6
Seq10007_997_bp_-1_1_3	CAA45199.1	43.75	42	18	10	9	47	49	83	5.3	17.9
Seq10007_997_bp_-1_1_3	AAC17860.1	58.33	12	5	0	18	29	323	334	8.1	17.0
Seq10007_997_bp_-1_1_3	AAQ92751.2	54.55	31	10	9	18	44	854	879	8.4	18.7
Seq10007_997_bp_-1_1_4	ABN10845.1	77.78	9	2	0	7	15	181	189	0.25	20.2
Seq10007_997_bp_-1_1_4	AAA23282.1	46.15	13	7	0	12	24	227	239	0.42	20.8
Seq10007_997_bp_-1_1_4	CAA11507.1	45.45	11	6	0	1	11	708	718	4.4	18.6
Seq10007_997_bp_-1_1_4	AAC17860.1	50.00	20	8	4	8	23	148	167	6	16.4
Seq10007_997_bp_-1_1_4	AAX84812.1	63.64	13	4	2	10	22	211	221	6.5	15.5
Seq10007_997_bp_-1_1_4	AAA72732.1	53.85	14	6	1	1	14	238	250	8.6	15.5
Seq10007_997_bp_-1_1_4	AAA32624.1	75.00	12	2	4	12	19	110	121	9.2	16.1
Seq10007_997_bp_-1_1_5	AAA32624.1	53.85	14	6	1	1	13	161	174	0.29	20.8
Seq10007_997_bp_-1_1_5	BAA32956.1	60.00	10	4	0	5	14	185	194	0.32	19.3
Seq10007_997_bp_-1_1_5	AAQ92751.2	100.00	8	0	1	11	17	760	767	1.6	19.7
Seq10007_997_bp_-1_1_5	CAA43372.1	45.45	11	6	0	2	12	76	86	2.2	17.5
Seq10007_997_bp_-1_1_5	AAC08817.1	50.00	11	5	1	7	16	87	97	3	15.7
Seq10007_997_bp_-1_1_5	AAA23282.1	71.43	7	2	0	9	15	293	299	3.8	17.1
Seq10007_997_bp_-1_1_5	ACH70904.1	62.50	8	3	0	9	16	52	59	3.9	16.4
Seq10007_997_bp_-1_1_5	EDO47375.1	55.56	9	4	0	6	14	5	13	4.4	15.3
Seq10007_997_bp_-1_1_5	CAA04196.1	47.06	23	9	6	1	17	97	119	4.6	16.4
Seq10007_997_bp_-1_1_5	AAA25966.1	62.50	8	3	0	5	12	566	573	4.8	17.1
Seq10007_997_bp_-1_1_5	ABS38337.1	71.43	7	2	0	9	15	1018	1024	5.1	17.8
Seq10007_997_bp_-1_1_5	AAB03707.1	53.33	16	7	1	3	17	871	886	5.4	17.8
Seq10007_997_bp_-1_1_5	AAA72732.1	30.77	13	9	0	3	15	285	297	5.6	15.7
Seq10007_997_bp_-1_1_5	CAA26230.1	54.55	11	5	0	4	14	211	221	6	16.4
Seq10007_997_bp_-1_1_5	AAA18786.1	80.00	5	1	0	10	14	119	123	6.1	15.3
Seq10007_997_bp_-1_1_5	CAA73529.1	50.00	8	4	0	8	15	236	243	6.2	15.3
Seq10007_997_bp_-1_1_5	AAX84812.1	44.44	9	5	0	9	17	131	139	8.5	14.6
Seq10007_997_bp_-1_1_5	AEE27845.1	38.46	13	8	0	4	16	222	234	8.8	17.1
Seq10007_997_bp_-1_1_6	CAD53387.1	62.50	8	3	0	10	17	10	17	1	19.1
Seq10007_997_bp_-1_1_6	AAR31603.1	63.64	14	4	3	8	18	278	291	1.1	18.4
Seq10007_997_bp_-1_1_6	AIR13712.1	66.67	9	3	0	8	16	247	255	1.1	18.4
Seq10007_997_bp_-1_1_6	AAA45888.1	71.43	7	2	0	14	20	8	14	1.2	18.4
Seq10007_997_bp_-1_1_6	AEE27845.1	43.75	16	9	0	5	20	24	39	1.7	19.8
Seq10007_997_bp_-1_1_6	AAI27517.1	56.25	18	7	2	5	20	379	396	2.4	18.1
Seq10007_997_bp_-1_1_6	AAA24142.1	66.67	6	2	0	15	20	199	204	2.9	17.4
Seq10007_997_bp_-1_1_6	BAB79260.1	83.33	6	1	0	4	9	4	9	3	17.4
Seq10007_997_bp_-1_1_6	AAX84812.1	60.00	10	4	0	3	12	196	205	3.9	16.0
Seq10007_997_bp_-1_1_6	BAA32991.1	100.00	9	0	2	8	14	46	54	4.9	13.9
Seq10007_997_bp_-1_1_6	CAA04196.1	57.14	7	3	0	10	16	294	300	5.5	16.3
Seq10007_997_bp_-1_1_6	ABD49687.1	50.00	19	8	3	1	19	1576	1591	6.7	18.1
Seq10007_997_bp_-1_1_7	AAC97205.1	66.67	13	4	1	6	18	466	477	0.059	24.8
Seq10007_997_bp_-1_1_7	AAA36565.1	75.00	9	2	1	9	16	68	76	1	17.8
Seq10007_997_bp_-1_1_7	AAB64315.2	33.33	19	12	1	6	24	275	292	1.6	18.1
Seq10007_997_bp_-1_1_7	ABD33854.1	36.36	11	7	0	3	13	52	62	2.4	15.1
Seq10007_997_bp_-1_1_7	AAA32376.1	77.78	12	2	3	8	19	166	174	2.6	16.5
Seq10007_997_bp_-1_1_7	AAR31603.1	40.00	15	9	0	7	21	299	313	3.1	17.1
Seq10007_997_bp_-1_1_7	AAX12058.1	57.14	7	3	0	10	16	62	68	3.2	16.8
Seq10007_997_bp_-1_1_7	BAE97662.1	30.77	13	9	0	2	14	1102	1114	3.4	18.8
Seq10007_997_bp_-1_1_7	ABL74574.1	55.56	9	4	0	7	15	5	13	4.3	16.5
Seq10007_997_bp_-1_1_7	CAA74140.1	38.10	26	13	5	1	24	33	55	4.4	18.1
Seq10007_997_bp_-1_1_7	AAA42531.1	75.00	9	2	1	15	22	196	204	7	16.1
Seq10007_997_bp_-1_1_7	ABG75784.1	26.67	15	11	0	10	24	127	141	7.1	15.8
Seq10007_997_bp_-1_1_7	BAA32018.1	50.00	14	6	2	3	14	380	393	7.2	16.8
Seq10007_997_bp_-1_1_7	BAB17681.1	44.44	21	10	3	5	23	144	163	7.8	15.5
Seq10007_997_bp_-1_1_7	ACH70904.1	40.00	15	9	0	3	17	179	193	8.1	15.8
Seq10007_997_bp_-1_1_7	AAB96524.1	44.44	9	5	0	8	16	83	91	8.4	14.8
Seq10007_997_bp_-1_1_7	AAA18786.1	57.14	7	3	0	6	12	94	100	9.5	15.1
Seq10007_997_bp_-1_1_7	AAC78721.1	75.00	9	2	1	11	19	356	363	9.5	16.5
Seq10007_997_bp_-1_1_7	BAA32991.1	55.56	10	4	1	14	22	56	65	9.7	13.1
Seq10007_997_bp_-1_1_8	AAA26915.1	52.63	22	9	3	1	19	146	167	2	18.1
Seq10007_997_bp_-1_1_8	ABK71357.1	38.89	18	11	0	3	20	277	294	3.1	17.1
Seq10007_997_bp_-1_1_8	AAA24969.1	40.00	17	9	2	1	17	122	136	3.2	19.1
Seq10007_997_bp_-1_1_8	AAA32376.1	62.50	8	3	0	6	13	61	68	5.4	15.2
Seq10007_997_bp_-1_1_8	AAB03707.1	53.33	19	7	4	6	21	604	621	8.6	17.5
Seq10007_997_bp_-1_1_9	ABD49687.1	47.62	24	11	3	14	34	443	466	0.85	22.0
Seq10007_997_bp_-1_1_9	CAA26230.1	25.00	36	27	0	1	36	230	265	1.1	20.1
Seq10007_997_bp_-1_1_9	BAA32956.1	66.67	9	3	0	28	36	202	210	1.2	18.5
Seq10007_997_bp_-1_1_9	AEE27845.1	38.46	30	16	4	7	34	347	374	1.7	20.7
Seq10007_997_bp_-1_1_9	AAF01122.1	48.00	32	13	7	7	33	345	374	1.7	18.8
Seq10007_997_bp_-1_1_9	AAB03707.1	41.67	12	7	0	6	17	703	714	4	19.4
Seq10007_997_bp_-1_1_9	BAB17681.1	36.84	20	12	1	4	23	185	203	4.7	16.9
Seq10007_997_bp_-1_1_9	AAB64315.2	33.33	12	8	0	16	27	185	196	5.6	16.9
Seq10007_997_bp_-1_1_9	AAB26998.1	44.44	9	5	0	2	10	10	18	6.3	14.6
Seq10007_997_bp_-1_1_9	CAA74140.1	75.00	8	2	0	29	36	463	470	6.5	18.1
Seq10007_997_bp_-1_1_9	AAA25966.1	42.86	14	8	0	20	33	708	721	9.5	17.2
Seq10007_997_bp_-1_1_9	ABK71357.1	75.00	10	2	2	19	26	210	219	9.5	16.2
Seq10007_997_bp_-1_2_0	CAA11507.1	41.18	18	10	1	10	27	537	553	0.37	22.6
Seq10007_997_bp_-1_2_0	AAQ92751.2	61.11	23	7	5	6	24	772	793	0.47	22.2
Seq10007_997_bp_-1_2_0	AAF01122.1	47.06	25	9	8	3	19	262	286	1.3	18.9
Seq10007_997_bp_-1_2_0	AAA32376.1	66.67	12	3	3	16	24	21	32	1.5	17.6
Seq10007_997_bp_-1_2_0	AAA32624.1	80.00	5	1	0	13	17	473	477	2.2	18.6
Seq10007_997_bp_-1_2_0	AAB26998.1	80.00	5	1	0	23	27	58	62	2.7	15.5
Seq10007_997_bp_-1_2_0	ACT10338.1	40.00	10	6	0	5	14	54	63	4.1	17.2
Seq10007_997_bp_-1_2_0	CAA26230.1	70.00	11	3	1	7	16	311	321	5.8	17.2
Seq10007_997_bp_-1_2_0	BAA32991.1	53.85	18	6	5	13	26	29	45	7.1	13.9
Seq10007_997_bp_-1_2_0	ACH70904.1	33.33	15	10	0	13	27	339	353	7.4	16.2
Seq10007_997_bp_-1_2_0	AAA72732.1	43.75	20	9	4	1	16	38	57	8	15.9
Seq10007_997_bp_-1_2_0	AIR13712.1	62.50	8	3	0	21	28	198	205	8.4	15.9
Seq10007_997_bp_-1_2_1	AAA45888.1	80.00	5	1	0	5	9	80	84	0.52	19.0
Seq10007_997_bp_-1_2_1	AAA32376.1	80.00	5	1	0	2	6	52	56	0.91	17.0
Seq10007_997_bp_-1_2_1	BAB70780.1	57.14	7	3	0	3	9	300	306	1.8	17.5
Seq10007_997_bp_-1_2_1	AAH69556.1	57.14	7	3	0	1	7	274	280	2.2	16.5
Seq10007_997_bp_-1_2_1	ABN10845.1	75.00	4	1	0	3	6	153	156	2.3	16.0
Seq10007_997_bp_-1_2_1	BAB17681.1	50.00	6	3	0	7	12	172	177	2.8	16.0
Seq10007_997_bp_-1_2_1	CAA73529.1	33.33	9	6	0	4	12	91	99	2.8	16.0
Seq10007_997_bp_-1_2_1	ACH70904.1	60.00	5	2	0	7	11	176	180	3.7	16.0
Seq10007_997_bp_-1_2_1	AAA32624.1	40.00	10	6	0	1	10	261	270	3.8	16.5
Seq10007_997_bp_-1_2_1	ABK71357.1	50.00	6	3	0	2	7	92	97	3.8	16.0
Seq10007_997_bp_-1_2_1	ABG75784.1	66.67	6	2	0	5	10	238	243	4.5	15.5
Seq10007_997_bp_-1_2_1	AAA72732.1	100.00	3	0	0	10	12	281	283	4.5	15.5
Seq10007_997_bp_-1_2_1	AAB64315.2	40.00	10	6	0	2	11	65	74	4.7	15.5
Seq10007_997_bp_-1_2_1	AAC17860.1	45.45	11	6	0	1	11	108	118	5.8	15.5
Seq10007_997_bp_-1_2_1	BAA32956.1	57.14	7	3	0	3	9	1	7	5.9	14.5
Seq10007_997_bp_-1_2_1	AAR37016.1	66.67	6	2	0	7	12	1289	1294	6	18.0
Seq10007_997_bp_-1_2_1	AAA24969.1	50.00	8	4	0	1	8	106	113	7.6	17.0
Seq10007_997_bp_-1_2_1	ACT10338.1	62.50	9	3	1	2	10	126	133	7.6	15.0
Seq10007_997_bp_-1_2_1	AAC97205.1	80.00	5	1	0	5	9	736	740	8.6	16.5
Seq10007_997_bp_-1_2_1	BAA32018.1	75.00	4	1	0	2	5	224	227	8.7	15.5
Seq10007_997_bp_-1_2_1	AAC78721.1	75.00	4	1	0	3	6	21	24	9.3	15.5
Seq10007_997_bp_-1_2_2	AAC17860.1	50.00	10	5	0	8	17	155	164	1.9	17.7
Seq10007_997_bp_-1_2_2	AAA23282.1	62.50	8	3	0	4	11	387	394	2	18.1
Seq10007_997_bp_-1_2_2	CAA73529.1	33.33	12	8	0	3	14	179	190	2.2	16.9
Seq10007_997_bp_-1_2_2	BAA32956.1	66.67	6	2	0	12	17	147	152	2.9	16.2
Seq10007_997_bp_-1_2_2	ABK71357.1	71.43	7	2	0	5	11	155	161	3	16.9
Seq10007_997_bp_-1_2_2	AAB96524.1	60.00	10	4	0	6	15	4	13	4.4	15.4
Seq10007_997_bp_-1_2_2	AAA32624.1	58.33	16	5	4	4	15	85	100	7	16.2
Seq10007_997_bp_-1_2_2	AAX12058.1	57.14	7	3	0	7	13	27	33	8.2	15.0
Seq10007_997_bp_-1_2_2	AAA72732.1	80.00	5	1	0	9	13	158	162	9.3	15.0
Seq10007_997_bp_-1_2_3	ABN10845.1	66.67	9	3	0	3	11	200	208	1.3	17.3
Seq10007_997_bp_-1_2_3	AAA65607.1	50.00	17	7	3	1	17	24	37	2.2	17.3
Seq10007_997_bp_-1_2_3	BAB70780.1	41.67	12	7	0	4	15	88	99	2.2	17.7
Seq10007_997_bp_-1_2_3	AAB26998.1	42.86	7	4	0	1	7	39	45	2.3	15.0
Seq10007_997_bp_-1_2_3	BAA32956.1	75.00	10	2	2	8	17	107	114	2.8	16.1
Seq10007_997_bp_-1_2_3	CAA26230.1	58.33	19	5	7	5	17	176	193	4.3	16.9
Seq10007_997_bp_-1_2_3	AAA24142.1	55.56	9	4	0	6	14	197	205	4.5	16.5
Seq10007_997_bp_-1_2_3	CAA73529.1	83.33	11	1	5	4	9	6	16	5.9	15.4
Seq10007_997_bp_-1_2_3	ABK71357.1	36.36	11	7	0	6	16	362	372	6.2	15.8
Seq10007_997_bp_-1_2_3	CAA74140.1	42.86	7	4	0	6	12	818	824	7	16.9
Seq10007_997_bp_-1_2_3	CAA45199.1	50.00	14	6	2	1	14	21	32	7.7	15.8
Seq10007_997_bp_-1_2_3	AAB03707.1	45.45	11	6	0	7	17	584	594	7.8	17.3
Seq10007_997_bp_-1_2_3	BAE97662.1	66.67	6	2	0	4	9	709	714	8.4	16.9
Seq10007_997_bp_-1_2_3	AAA32624.1	60.00	5	2	0	7	11	273	277	8.5	15.8
Seq10007_997_bp_-1_2_4	BAA32956.1	35.48	34	20	3	45	78	154	184	0.82	20.1
Seq10007_997_bp_-1_2_4	CAA73529.1	40.00	42	21	7	2	39	9	47	1.1	20.1
Seq10007_997_bp_-1_2_4	AAI27517.1	47.62	25	11	4	18	38	211	235	1.2	21.1
Seq10007_997_bp_-1_2_4	CAA74140.1	35.00	47	26	7	20	64	23	64	2.2	20.9
Seq10007_997_bp_-1_2_4	AAA32376.1	42.31	34	15	8	14	39	13	46	3.6	17.7
Seq10007_997_bp_-1_2_4	CAD53387.1	60.00	17	6	2	16	30	31	47	8.5	17.9
Seq10007_997_bp_-1_2_4	AAB96524.1	45.45	11	6	0	11	21	97	107	8.7	16.4
Seq10007_997_bp_-1_2_4	AAC97205.1	42.42	41	19	8	9	49	1032	1064	8.8	19.1
Seq10007_997_bp_-1_2_4	AAR31603.1	38.89	18	11	0	26	43	38	55	9.2	17.2
Seq10007_997_bp_-1_2_5	AAB96524.1	42.86	43	20	8	2	37	9	50	0.26	21.0
Seq10007_997_bp_-1_2_5	AAR37016.1	40.74	30	16	3	18	47	913	939	0.39	24.1
Seq10007_997_bp_-1_2_5	AEE27845.1	45.83	25	13	1	23	46	447	471	0.66	22.6
Seq10007_997_bp_-1_2_5	ABD33854.1	50.00	24	10	4	27	50	11	30	0.92	17.6
Seq10007_997_bp_-1_2_5	CAD53387.1	66.67	9	3	0	19	27	466	474	2	19.5
Seq10007_997_bp_-1_2_5	CAA04196.1	38.89	18	11	0	2	19	115	132	2.1	19.2
Seq10007_997_bp_-1_2_5	AAX12058.1	50.00	12	6	0	11	22	150	161	2.1	18.6
Seq10007_997_bp_-1_2_5	CAA26230.1	72.73	14	3	3	32	45	397	407	2.2	19.5
Seq10007_997_bp_-1_2_5	EDO47375.1	58.33	14	5	2	8	21	155	166	2.7	17.6
Seq10007_997_bp_-1_2_5	AAA32624.1	87.50	11	1	3	32	42	360	367	3.2	18.9
Seq10007_997_bp_-1_2_5	AAF01122.1	40.00	28	12	8	6	33	233	252	3.5	18.3
Seq10007_997_bp_-1_2_5	BAA32956.1	44.44	32	15	5	17	48	179	205	3.7	17.3
Seq10007_997_bp_-1_2_5	AAA45888.1	71.43	7	2	0	20	26	12	18	4.4	17.9
Seq10007_997_bp_-1_2_5	CAA43372.1	63.64	16	4	5	8	23	397	407	4.7	17.9
Seq10007_997_bp_-1_2_5	AAA24969.1	56.25	18	7	2	32	49	538	553	4.8	19.8
Seq10007_997_bp_-1_2_5	AAA24142.1	40.00	22	12	2	26	47	326	345	5.1	17.9
Seq10007_997_bp_-1_2_5	AAI27517.1	36.00	28	16	3	15	42	321	345	5.4	18.3
Seq10007_997_bp_-1_2_5	AAC17860.1	33.33	22	14	1	28	49	68	88	5.7	17.6
Seq10007_997_bp_-1_2_5	CAA73529.1	54.55	11	5	0	37	47	231	241	5.8	17.0
Seq10007_997_bp_-1_2_5	AAA65607.1	34.62	27	17	1	16	42	50	75	6.3	17.3
Seq10007_997_bp_-1_2_5	AII71783.1	36.00	31	16	6	16	46	25	49	8	16.7
Seq10007_997_bp_-1_2_5	ABN10845.1	50.00	8	4	0	22	29	38	45	8.6	16.1
Seq10007_997_bp_-1_2_6	AAC78721.1	50.00	33	13	7	10	36	583	614	6.6	18.2
Seq10007_997_bp_-1_2_6	ABD33854.1	38.89	20	11	2	21	40	24	41	7.1	14.7
Seq10007_997_bp_-1_2_6	BAA32991.1	43.75	16	9	0	40	55	26	41	8.9	14.5
Seq10007_997_bp_-1_2_7	AAA26915.1	63.64	11	4	0	7	17	201	211	0.13	21.8
Seq10007_997_bp_-1_2_7	CAA74140.1	63.64	15	4	4	3	17	504	514	2.3	18.7
Seq10007_997_bp_-1_2_7	AAH69556.1	62.50	8	3	0	7	14	230	237	5.2	15.9
Seq10007_997_bp_-1_2_7	AAA65607.1	33.33	15	10	0	1	15	50	64	6.2	15.9
Seq10007_997_bp_-1_2_7	ABK71357.1	50.00	10	5	0	8	17	267	276	6.2	15.9
Seq10007_997_bp_-1_2_7	AAA72732.1	50.00	10	5	0	1	10	222	231	8.3	15.2
Seq10007_997_bp_-1_2_7	AAR31603.1	50.00	11	5	1	2	12	18	27	8.7	15.2
Seq10007_997_bp_-1_2_7	ABD33854.1	40.00	11	6	1	5	15	33	42	9.2	12.8
