Seq10045_239_bp_1_0_0	ENA|CAA45199|CAA45199.1	24.56	60	43	3	2	58	320	379	0.17	23.2
Seq10045_239_bp_1_0_0	ENA|ABD49687|ABD49687.1	25.45	57	41	2	1	55	1074	1130	0.41	23.8
Seq10045_239_bp_1_0_0	ENA|BAA32018|BAA32018.1	25.86	59	43	1	1	59	407	464	0.53	22.0
Seq10045_239_bp_1_0_0	ENA|ABG75784|ABG75784.1	25.53	49	35	2	1	49	197	243	0.77	20.4
Seq10045_239_bp_1_0_0	ENA|AAR31603|AAR31603.1	26.83	44	30	3	7	49	167	208	0.81	20.4
Seq10045_239_bp_1_0_0	ENA|BAA32956|BAA32956.1	29.27	42	29	1	18	58	41	82	0.98	19.5
Seq10045_239_bp_1_0_0	ENA|CAA28033|CAA28033.1	23.08	52	40	0	2	53	522	573	1.7	21.3
Seq10045_239_bp_1_0_0	ENA|AAB66912|AAB66912.1	32.73	65	37	10	5	59	262	326	1.8	20.7
Seq10045_239_bp_1_0_0	ENA|CAA36214|CAA36214.1	38.46	27	16	1	1	27	192	217	2.1	18.9
Seq10045_239_bp_1_0_0	ENA|AAA72732|AAA72732.1	29.55	45	31	1	2	46	172	215	2.2	18.9
Seq10045_239_bp_1_0_0	ENA|AAB96524|AAB96524.1	35.29	17	11	0	17	33	70	86	2.5	18.0
Seq10045_239_bp_1_0_0	ENA|CAA73529|CAA73529.1	22.73	46	34	2	16	59	142	187	2.9	18.3
Seq10045_239_bp_1_0_0	ENA|BAB17681|BAB17681.1	22.81	63	44	6	3	60	138	199	2.9	18.3
Seq10045_239_bp_1_0_0	ENA|AAQ92751|AAQ92751.2	26.42	55	39	2	6	60	8	60	4.1	20.1
Seq10045_239_bp_1_0_0	ENA|ABN10845|ABN10845.1	20.59	34	27	0	20	53	161	194	4.4	17.3
Seq10045_239_bp_1_0_0	ENA|CAL82360|CAL82360.1	37.25	58	32	7	1	57	107	158	4.7	19.8
Seq10045_239_bp_1_0_0	ENA|CAA11507|CAA11507.1	29.82	65	40	8	2	58	655	719	4.9	19.8
Seq10045_239_bp_1_0_0	ENA|CAA43419|CAA43419.1	27.66	49	34	2	14	60	136	184	5.9	17.6
Seq10045_239_bp_1_0_0	ENA|CAA29968|CAA29968.1	21.28	47	37	0	13	59	21	67	5.9	16.7
Seq10045_239_bp_1_0_0	ENA|AAA36114|AAA36114.1	20.69	62	46	4	1	58	65	126	6.5	18.0
Seq10045_239_bp_1_0_0	ENA|CAA36714|CAA36714.1	20.83	48	38	0	10	57	27	74	9	17.3
Seq10045_239_bp_1_0_0	ENA|CAD53387|CAD53387.1	16.67	48	40	0	13	60	24	71	9.6	17.3
Seq10045_239_bp_1_0_1	ENA|AAC97205|AAC97205.1	55.56	9	4	0	8	16	1196	1204	0.6	20.8
Seq10045_239_bp_1_0_1	ENA|AAB26998|AAB26998.1	50.00	10	5	0	3	12	33	42	0.95	16.2
Seq10045_239_bp_1_0_1	ENA|AAB96524|AAB96524.1	46.15	13	7	0	1	13	5	17	1.6	16.7
Seq10045_239_bp_1_0_1	ENA|AAC17860|AAC17860.1	50.00	11	5	1	3	13	64	73	1.7	17.7
Seq10045_239_bp_1_0_1	ENA|AAA72732|AAA72732.1	36.36	11	7	0	4	14	226	236	1.8	17.2
Seq10045_239_bp_1_0_1	ENA|AAA24145|AAA24145.1	40.00	10	6	0	4	13	26	35	1.9	17.7
Seq10045_239_bp_1_0_1	ENA|CAA24711|CAA24711.1	50.00	8	4	0	5	12	157	164	2.1	16.2
Seq10045_239_bp_1_0_1	ENA|AAF79734|AAF79734.1	36.36	11	7	0	4	14	450	460	2.9	18.8
Seq10045_239_bp_1_0_1	ENA|AAA25966|AAA25966.1	30.77	13	9	0	1	13	464	476	2.9	17.7
Seq10045_239_bp_1_0_1	ENA|CAA43419|CAA43419.1	36.36	11	7	0	4	14	272	282	3	16.7
Seq10045_239_bp_1_0_1	ENA|ACT10338|ACT10338.1	30.77	13	9	0	1	13	20	32	3.2	16.7
Seq10045_239_bp_1_0_1	ENA|AAI27517|AAI27517.1	21.43	14	11	0	2	15	487	500	3.4	17.2
Seq10045_239_bp_1_0_1	ENA|CCP43727|CCP43727.1	45.45	11	6	0	1	11	210	220	3.9	16.2
Seq10045_239_bp_1_0_1	ENA|AAA36114|AAA36114.1	35.71	14	9	0	1	14	275	288	4.2	16.7
Seq10045_239_bp_1_0_1	ENA|ABK71357|ABK71357.1	23.08	13	10	0	3	15	206	218	4.4	16.2
Seq10045_239_bp_1_0_1	ENA|ABN10845|ABN10845.1	33.33	9	6	0	8	16	119	127	5.2	15.2
Seq10045_239_bp_1_0_1	ENA|BAB79260|BAB79260.1	20.00	15	12	0	1	15	390	404	5.3	16.2
Seq10045_239_bp_1_0_1	ENA|AAC49865|AAC49865.1	62.50	8	3	0	6	13	70	77	5.4	15.7
Seq10045_239_bp_1_0_1	ENA|AAA18786|AAA18786.1	33.33	12	8	0	4	15	251	262	6.3	15.2
Seq10045_239_bp_1_0_1	ENA|CAA11507|CAA11507.1	28.57	14	10	0	3	16	924	937	7.6	17.2
Seq10045_239_bp_1_0_1	ENA|EDO47375|EDO47375.1	18.18	11	9	0	1	11	44	54	8.8	14.1
Seq10045_239_bp_1_1_0	ENA|CAA43419|CAA43419.1	57.14	7	3	0	2	8	107	113	1.4	17.1
Seq10045_239_bp_1_1_0	ENA|AAA72732|AAA72732.1	57.14	7	3	0	2	8	43	49	3.4	15.7
Seq10045_239_bp_1_1_0	ENA|BAA32956|BAA32956.1	37.50	8	5	0	1	8	193	200	6.2	14.2
Seq10045_239_bp_1_1_0	ENA|CAA36214|CAA36214.1	60.00	5	2	0	4	8	240	244	6.4	14.7
Seq10045_239_bp_1_1_0	ENA|BAA32991|BAA32991.1	50.00	6	3	0	1	6	4	9	7.8	12.2
Seq10045_239_bp_1_1_0	ENA|AAC08817|AAC08817.1	57.14	7	3	0	3	9	35	41	8.9	13.2
Seq10045_239_bp_1_1_0	ENA|AAR31603|AAR31603.1	40.00	10	6	0	1	10	256	265	9.4	14.2
Seq10045_239_bp_1_1_1	ENA|ABD33854|ABD33854.1	30.00	20	14	0	14	33	11	30	1.6	16.2
Seq10045_239_bp_1_1_1	ENA|ABK71357|ABK71357.1	30.43	23	16	0	9	31	31	53	1.6	18.7
Seq10045_239_bp_1_1_1	ENA|AAI27517|AAI27517.1	43.75	16	9	0	17	32	287	302	2	19.1
Seq10045_239_bp_1_1_1	ENA|AAA72732|AAA72732.1	30.77	27	18	1	4	30	5	30	3.6	17.3
Seq10045_239_bp_1_1_1	ENA|AAB66912|AAB66912.1	24.14	29	22	0	2	30	85	113	4	18.7
Seq10045_239_bp_1_1_1	ENA|BAA32018|BAA32018.1	35.71	14	9	0	20	33	370	383	5.6	17.6
Seq10045_239_bp_1_1_1	ENA|CAA28033|CAA28033.1	34.78	23	15	0	6	28	737	759	7	18.3
Seq10045_239_bp_1_1_1	ENA|ABG75784|ABG75784.1	22.58	34	24	3	2	32	85	118	7.4	16.2
Seq10045_239_bp_1_1_1	ENA|AAC49865|AAC49865.1	37.50	25	15	1	5	29	37	60	7.7	16.2
Seq10045_239_bp_1_1_1	ENA|CAA73529|CAA73529.1	40.00	22	12	2	10	29	27	48	8.2	15.8
Seq10045_239_bp_1_1_1	ENA|CAA29956|CAA29956.1	25.93	27	20	0	1	27	159	185	8.8	16.2
Seq10045_239_bp_1_1_1	ENA|AAR31603|AAR31603.1	22.58	33	24	2	2	32	200	232	9.7	15.8
Seq10045_239_bp_1_1_2	ENA|CAD53387|CAD53387.1	47.06	18	9	1	1	18	472	488	0.021	24.6
Seq10045_239_bp_1_1_2	ENA|AAR37016|AAR37016.1	41.67	12	7	0	5	16	58	69	0.33	22.8
Seq10045_239_bp_1_1_2	ENA|ABK71357|ABK71357.1	35.71	15	9	1	5	18	53	67	1.4	18.1
Seq10045_239_bp_1_1_2	ENA|BAA36759|BAA36759.1	31.25	17	11	1	1	16	175	191	1.5	17.6
Seq10045_239_bp_1_1_2	ENA|AAC26660|AAC26660.1	33.33	13	8	1	5	17	185	196	1.7	17.2
Seq10045_239_bp_1_1_2	ENA|ACH70901|ACH70901.1	23.08	13	10	0	6	18	103	115	1.8	17.6
Seq10045_239_bp_1_1_2	ENA|AAA25966|AAA25966.1	41.67	12	7	0	6	17	683	694	2.7	18.1
Seq10045_239_bp_1_1_2	ENA|ABG75784|ABG75784.1	57.14	7	3	0	5	11	194	200	2.8	16.8
Seq10045_239_bp_1_1_2	ENA|AAC49865|AAC49865.1	29.41	17	12	0	1	17	150	166	3	16.8
Seq10045_239_bp_1_1_2	ENA|BAB79260|BAB79260.1	55.56	9	4	0	2	10	391	399	3	17.2
Seq10045_239_bp_1_1_2	ENA|AAC08817|AAC08817.1	66.67	3	1	0	5	7	1	3	3.5	15.5
Seq10045_239_bp_1_1_2	ENA|AAA32624|AAA32624.1	31.25	17	11	1	1	17	299	314	3.5	17.2
Seq10045_239_bp_1_1_2	ENA|AAS77176|AAS77176.1	60.00	11	4	1	7	16	73	83	3.5	16.3
Seq10045_239_bp_1_1_2	ENA|CAA28033|CAA28033.1	50.00	12	6	0	7	18	672	683	3.5	18.5
Seq10045_239_bp_1_1_2	ENA|ABD49687|ABD49687.1	45.45	11	6	0	2	12	12	22	4.6	18.5
Seq10045_239_bp_1_1_2	ENA|CAA36714|CAA36714.1	40.00	16	9	1	1	16	451	465	5.6	16.3
Seq10045_239_bp_1_1_2	ENA|CAA45199|CAA45199.1	35.29	18	11	1	2	18	124	141	5.6	16.3
Seq10045_239_bp_1_1_2	ENA|CAA29968|CAA29968.1	57.14	7	3	0	12	18	95	101	5.7	15.0
Seq10045_239_bp_1_1_2	ENA|CAA73529|CAA73529.1	36.36	11	7	0	1	11	37	47	6	15.5
Seq10045_239_bp_1_1_2	ENA|BAA32956|BAA32956.1	27.27	11	8	0	6	16	26	36	6.2	15.0
Seq10045_239_bp_1_1_2	ENA|CAL82360|CAL82360.1	41.67	12	7	0	7	18	663	674	6.2	17.6
Seq10045_239_bp_1_1_2	ENA|AAA42531|AAA42531.1	33.33	15	10	0	4	18	356	370	6.2	15.9
Seq10045_239_bp_1_1_2	ENA|BAA05866|BAA05866.1	25.00	12	9	0	2	13	152	163	6.6	15.5
Seq10045_239_bp_1_1_2	ENA|BAB17681|BAB17681.1	75.00	4	1	0	3	6	108	111	7.9	15.0
Seq10045_239_bp_1_1_2	ENA|ABN10845|ABN10845.1	33.33	12	8	0	2	13	47	58	8.4	14.6
Seq10045_239_bp_1_1_2	ENA|AAF79734|AAF79734.1	31.25	17	11	1	2	17	1286	1302	9.2	17.2
Seq10045_239_bp_1_1_2	ENA|AAI27517|AAI27517.1	38.46	13	8	0	6	18	448	460	9.2	15.9
Seq10045_239_bp_1_1_2	ENA|BAA32018|BAA32018.1	33.33	12	8	0	3	14	261	272	9.7	15.9
Seq10045_239_bp_1_2_0	ENA|CAA29968|CAA29968.1	54.55	11	5	0	6	16	102	112	0.0095	24.4
Seq10045_239_bp_1_2_0	ENA|AAC49865|AAC49865.1	57.14	7	3	0	6	12	64	70	0.52	19.4
Seq10045_239_bp_1_2_0	ENA|CAA73529|CAA73529.1	62.50	8	3	0	4	11	264	271	0.58	19.0
Seq10045_239_bp_1_2_0	ENA|AAA42531|AAA42531.1	50.00	12	6	0	8	19	7	18	0.82	19.0
Seq10045_239_bp_1_2_0	ENA|AAC97205|AAC97205.1	50.00	12	6	0	5	16	157	168	1.1	20.2
Seq10045_239_bp_1_2_0	ENA|AAA24145|AAA24145.1	44.44	9	5	0	3	11	167	175	1.3	18.5
Seq10045_239_bp_1_2_0	ENA|ACT10338|ACT10338.1	42.86	16	8	2	3	16	122	137	1.9	17.7
Seq10045_239_bp_1_2_0	ENA|AAA18786|AAA18786.1	70.00	12	3	2	8	19	260	269	2.4	16.9
Seq10045_239_bp_1_2_0	ENA|AAA36114|AAA36114.1	50.00	20	8	4	3	18	234	253	3.4	17.3
Seq10045_239_bp_1_2_0	ENA|AAB26998|AAB26998.1	30.77	14	9	1	3	16	19	31	3.9	14.4
Seq10045_239_bp_1_2_0	ENA|AAA36539|AAA36539.1	23.08	13	10	0	4	16	337	349	4.2	16.9
Seq10045_239_bp_1_2_0	ENA|BAB17681|BAB17681.1	23.53	18	13	1	2	19	145	161	4.3	16.0
Seq10045_239_bp_1_2_0	ENA|CAD53387|CAD53387.1	37.50	16	10	0	4	19	479	494	4.4	16.9
Seq10045_239_bp_1_2_0	ENA|ABK71357|ABK71357.1	27.78	18	13	0	1	18	173	190	5.7	16.0
Seq10045_239_bp_1_2_0	ENA|CAA11507|CAA11507.1	38.46	13	8	0	2	14	1148	1160	6.5	17.7
Seq10045_239_bp_1_2_0	ENA|AAI27517|AAI27517.1	23.53	17	13	0	3	19	414	430	6.8	16.5
Seq10045_239_bp_1_2_0	ENA|AAC78721|AAC78721.1	44.44	9	5	0	3	11	67	75	7.6	16.5
Seq10045_239_bp_1_2_0	ENA|AAR31603|AAR31603.1	38.46	13	8	0	3	15	268	280	8.8	15.2
Seq10045_239_bp_1_2_0	ENA|CAA43419|CAA43419.1	23.53	17	13	0	2	18	223	239	9.7	15.2
Seq10045_239_bp_1_2_0	ENA|BAA32956|BAA32956.1	33.33	18	12	0	1	18	171	188	10	14.4
Seq10045_239_bp_1_2_1	ENA|AAB66912|AAB66912.1	66.67	6	2	0	7	12	84	89	0.41	20.6
Seq10045_239_bp_1_2_1	ENA|ABK71357|ABK71357.1	71.43	7	2	0	6	12	147	153	1.5	17.4
Seq10045_239_bp_1_2_1	ENA|CAA73529|CAA73529.1	60.00	5	2	0	7	11	35	39	2.3	16.3
Seq10045_239_bp_1_2_1	ENA|CAA36214|CAA36214.1	50.00	10	5	0	1	10	4	13	2.6	16.3
Seq10045_239_bp_1_2_1	ENA|AAA32624|AAA32624.1	45.45	11	6	0	1	11	99	109	3	16.8
Seq10045_239_bp_1_2_1	ENA|ABD49687|ABD49687.1	25.00	12	9	0	1	12	1244	1255	3.2	18.4
Seq10045_239_bp_1_2_1	ENA|AAI27517|AAI27517.1	40.00	10	6	0	1	10	60	69	3.4	16.8
Seq10045_239_bp_1_2_1	ENA|BAA05866|BAA05866.1	80.00	5	1	0	5	9	213	217	3.7	15.7
Seq10045_239_bp_1_2_1	ENA|AAA36114|AAA36114.1	36.36	11	7	0	1	11	165	175	4.2	16.3
Seq10045_239_bp_1_2_1	ENA|AAA42531|AAA42531.1	42.86	7	4	0	6	12	283	289	4.7	15.7
Seq10045_239_bp_1_2_1	ENA|BAB79260|BAB79260.1	30.00	10	7	0	2	11	126	135	5.4	15.7
Seq10045_239_bp_1_2_1	ENA|CAA43419|CAA43419.1	55.56	9	4	0	2	10	182	190	6.3	15.2
Seq10045_239_bp_1_2_1	ENA|AAC97205|AAC97205.1	50.00	10	5	0	2	11	1111	1120	9.7	16.3
Seq10045_239_bp_1_2_2	ENA|BAB79260|BAB79260.1	33.33	34	22	1	5	37	367	400	0.032	24.9
Seq10045_239_bp_1_2_2	ENA|AAC17860|AAC17860.1	14.71	34	29	0	2	35	333	366	0.89	20.0
Seq10045_239_bp_1_2_2	ENA|AAC78721|AAC78721.1	28.57	30	20	2	11	38	288	317	1.5	20.0
Seq10045_239_bp_1_2_2	ENA|CAA11507|CAA11507.1	38.71	34	19	3	1	31	475	508	1.8	20.7
Seq10045_239_bp_1_2_2	ENA|AAA32624|AAA32624.1	30.77	26	18	0	2	27	98	123	1.8	19.3
Seq10045_239_bp_1_2_2	ENA|ABK71357|ABK71357.1	25.00	29	21	1	12	39	14	42	2.1	18.6
Seq10045_239_bp_1_2_2	ENA|ABD33854|ABD33854.1	38.46	13	8	0	19	31	19	31	2.6	15.7
Seq10045_239_bp_1_2_2	ENA|CAA29956|CAA29956.1	36.84	22	12	3	16	34	188	209	3.5	17.8
Seq10045_239_bp_1_2_2	ENA|AAB03707|AAB03707.1	43.48	25	13	2	5	29	492	514	3.7	19.6
Seq10045_239_bp_1_2_2	ENA|EDO47375|EDO47375.1	22.22	27	21	0	3	29	17	43	4.6	16.4
Seq10045_239_bp_1_2_2	ENA|AAA72732|AAA72732.1	20.00	36	28	1	5	39	133	168	4.6	17.1
Seq10045_239_bp_1_2_2	ENA|AAR31603|AAR31603.1	29.63	27	19	0	5	31	58	84	4.9	17.1
Seq10045_239_bp_1_2_2	ENA|AAS77176|AAS77176.1	19.44	38	29	2	1	38	149	184	5.4	16.8
Seq10045_239_bp_1_2_2	ENA|AAA36539|AAA36539.1	25.00	24	18	0	3	26	383	406	5.5	17.5
Seq10045_239_bp_1_2_2	ENA|CAA28033|CAA28033.1	16.67	24	20	0	10	33	601	624	7.1	18.6
Seq10045_239_bp_1_2_2	ENA|AAA42531|AAA42531.1	26.92	29	19	3	6	34	222	247	7.2	16.8
Seq10045_239_bp_1_2_2	ENA|ABD49687|ABD49687.1	27.27	35	24	2	6	39	579	612	7.3	18.9
Seq10045_239_bp_1_2_2	ENA|AAF79734|AAF79734.1	45.45	11	6	0	20	30	15	25	7.9	18.6
Seq10045_239_bp_1_2_2	ENA|ABN10845|ABN10845.1	33.33	21	12	3	12	32	181	198	8.3	15.7
Seq10045_239_bp_1_2_2	ENA|CAA24711|CAA24711.1	29.41	38	24	4	1	36	87	122	8.4	15.4
Seq10045_239_bp_1_2_2	ENA|AAI27517|AAI27517.1	27.27	35	24	2	5	39	35	67	8.5	17.1
Seq10045_239_bp_1_2_2	ENA|BAA32018|BAA32018.1	29.03	34	22	3	1	34	97	127	8.9	17.1
Seq10045_239_bp_1_2_2	ENA|AAC26660|AAC26660.1	26.09	24	17	1	16	38	162	185	9.6	15.7
Seq10045_239_bp_1_2_2	ENA|CCP43727|CCP43727.1	40.00	15	9	0	1	15	10	24	9.7	16.1
Seq10045_239_bp_-1_0_0	ENA|ABD33854|ABD33854.1	36.36	12	7	1	3	14	52	62	5.4	13.9
Seq10045_239_bp_-1_0_0	ENA|EDO47375|EDO47375.1	30.00	22	14	2	2	21	169	190	6.5	15.2
Seq10045_239_bp_-1_0_0	ENA|ABD49687|ABD49687.1	46.15	14	7	1	4	16	505	518	8	18.1
Seq10045_239_bp_-1_0_1	ENA|AAA42531|AAA42531.1	33.33	19	12	1	1	19	342	359	2.8	17.2
Seq10045_239_bp_-1_0_1	ENA|CAA36214|CAA36214.1	44.44	23	10	5	2	19	179	201	2.8	16.8
Seq10045_239_bp_-1_0_1	ENA|ABG75784|ABG75784.1	33.33	12	8	0	5	16	300	311	3.7	16.4
Seq10045_239_bp_-1_0_1	ENA|ABD33854|ABD33854.1	40.00	10	6	0	5	14	41	50	4.6	13.8
Seq10045_239_bp_-1_0_1	ENA|AAI27517|AAI27517.1	36.36	11	7	0	1	11	388	398	8.7	16.1
Seq10045_239_bp_-1_0_2	ENA|BAA32991|BAA32991.1	34.62	30	17	4	4	30	23	51	3.6	15.0
Seq10045_239_bp_-1_0_2	ENA|EDO47375|EDO47375.1	36.84	23	12	4	7	25	119	141	9.5	15.0
Seq10045_239_bp_-1_1_0	ENA|CAA43419|CAA43419.1	36.84	19	12	0	2	20	108	126	0.45	19.8
Seq10045_239_bp_-1_1_0	ENA|ACT10338|ACT10338.1	23.08	13	10	0	8	20	298	310	1.5	18.2
Seq10045_239_bp_-1_1_0	ENA|AAA36539|AAA36539.1	35.29	18	11	1	4	20	76	93	1.8	18.2
Seq10045_239_bp_-1_1_0	ENA|CAA45708|CAA45708.1	50.00	10	5	0	1	10	344	353	2.5	19.4
Seq10045_239_bp_-1_1_0	ENA|CAL82360|CAL82360.1	41.18	18	10	1	2	19	700	716	2.8	19.0
Seq10045_239_bp_-1_1_0	ENA|AAA42531|AAA42531.1	44.44	9	5	0	12	20	335	343	4.6	16.5
Seq10045_239_bp_-1_1_0	ENA|BAA32018|BAA32018.1	38.46	13	8	0	1	13	158	170	5.6	16.9
Seq10045_239_bp_-1_1_0	ENA|AAA32624|AAA32624.1	33.33	9	6	0	7	15	476	484	6.2	16.5
Seq10045_239_bp_-1_1_0	ENA|CAA36214|CAA36214.1	30.00	10	7	0	4	13	277	286	6.4	15.7
Seq10045_239_bp_-1_1_0	ENA|AAB96524|AAB96524.1	46.15	16	7	3	5	20	72	84	6.9	14.8
Seq10045_239_bp_-1_1_0	ENA|AAB26998|AAB26998.1	75.00	4	1	0	6	9	45	48	6.9	13.6
Seq10045_239_bp_-1_1_0	ENA|CAA36714|CAA36714.1	43.75	17	9	1	1	17	430	445	7.3	16.1
Seq10045_239_bp_-1_1_0	ENA|AAC08817|AAC08817.1	29.41	17	12	0	3	19	79	95	7.7	14.4
Seq10045_239_bp_-1_1_0	ENA|BAA36759|BAA36759.1	66.67	6	2	0	7	12	275	280	7.9	15.2
Seq10045_239_bp_-1_1_0	ENA|AAS77176|AAS77176.1	36.36	11	7	0	8	18	156	166	7.9	15.2
Seq10045_239_bp_-1_1_0	ENA|ABN10845|ABN10845.1	70.00	17	3	7	4	20	104	113	8	14.8
Seq10045_239_bp_-1_1_0	ENA|AAR37016|AAR37016.1	31.58	20	13	1	1	20	1555	1573	8.5	18.2
Seq10045_239_bp_-1_1_0	ENA|AAA72732|AAA72732.1	30.77	13	9	0	1	13	287	299	8.6	15.2
Seq10045_239_bp_-1_1_0	ENA|BAB17681|BAB17681.1	46.15	14	7	1	1	13	66	79	9.9	14.8
Seq10045_239_bp_-1_1_1	ENA|ABD49687|ABD49687.1	60.00	16	6	1	1	16	382	396	0.045	25.1
Seq10045_239_bp_-1_1_1	ENA|AAI27517|AAI27517.1	50.00	12	6	0	1	12	323	334	0.32	20.7
Seq10045_239_bp_-1_1_1	ENA|ABN10845|ABN10845.1	30.77	13	9	0	4	16	131	143	0.32	19.3
Seq10045_239_bp_-1_1_1	ENA|CAA26023|CAA26023.1	50.00	8	4	0	1	8	275	282	0.4	19.7
Seq10045_239_bp_-1_1_1	ENA|CAA29968|CAA29968.1	21.43	14	11	0	2	15	136	149	1.1	17.3
Seq10045_239_bp_-1_1_1	ENA|AAA36539|AAA36539.1	35.71	16	9	2	1	16	93	106	1.3	18.3
Seq10045_239_bp_-1_1_1	ENA|AAF79734|AAF79734.1	50.00	14	7	0	2	15	336	349	2.1	19.3
Seq10045_239_bp_-1_1_1	ENA|AAA18786|AAA18786.1	57.14	7	3	0	1	7	80	86	3.9	15.9
Seq10045_239_bp_-1_1_1	ENA|AAA42531|AAA42531.1	35.71	14	9	0	3	16	74	87	4	16.4
Seq10045_239_bp_-1_1_1	ENA|BAA32956|BAA32956.1	28.57	14	10	0	3	16	107	120	4.3	15.4
Seq10045_239_bp_-1_1_1	ENA|AAC08817|AAC08817.1	21.43	14	11	0	1	14	21	34	4.4	14.9
Seq10045_239_bp_-1_1_1	ENA|AAR31603|AAR31603.1	35.71	14	9	0	3	16	67	80	4.8	15.9
Seq10045_239_bp_-1_1_1	ENA|CAA28033|CAA28033.1	21.43	14	11	0	3	16	1120	1133	5	17.8
Seq10045_239_bp_-1_1_1	ENA|AAA36114|AAA36114.1	62.50	8	3	0	3	10	418	425	5.3	16.4
Seq10045_239_bp_-1_1_1	ENA|AAR37016|AAR37016.1	41.67	12	7	0	1	12	1046	1057	6.3	18.3
Seq10045_239_bp_-1_1_1	ENA|AAB03707|AAB03707.1	31.25	16	11	0	1	16	828	843	7.2	17.3
Seq10045_239_bp_-1_1_1	ENA|ABG75784|ABG75784.1	35.71	14	9	0	3	16	51	64	8.5	14.9
Seq10045_239_bp_-1_1_1	ENA|CAA24711|CAA24711.1	42.86	7	4	0	1	7	141	147	9.1	14.0
Seq10045_239_bp_-1_1_1	ENA|CAD53387|CAD53387.1	50.00	6	3	0	1	6	459	464	9.7	15.4
Seq10045_239_bp_-1_1_1	ENA|AAA25966|AAA25966.1	35.71	16	9	2	1	16	369	382	10	15.9
Seq10045_239_bp_-1_1_2	ENA|AAC40132|AAC40132.1	45.45	11	6	0	1	11	262	272	8	16.2
Seq10045_239_bp_-1_1_2	ENA|ABK71357|ABK71357.1	33.33	26	14	5	3	23	320	345	9.7	15.5
Seq10045_239_bp_-1_1_2	ENA|EDO47375|EDO47375.1	33.33	12	8	0	6	17	125	136	9.9	14.5
Seq10045_239_bp_-1_1_3	ENA|BAA32991|BAA32991.1	35.71	14	9	0	2	15	39	52	1.6	15.2
Seq10045_239_bp_-1_1_3	ENA|ABG75784|ABG75784.1	58.33	12	5	0	3	14	147	158	2.9	16.4
Seq10045_239_bp_-1_1_3	ENA|AAA72732|AAA72732.1	30.77	13	9	0	3	15	93	105	5.2	15.6
Seq10045_239_bp_-1_1_3	ENA|CAA73529|CAA73529.1	44.44	9	5	0	7	15	99	107	6.1	15.2
Seq10045_239_bp_-1_1_3	ENA|AAR31603|AAR31603.1	71.43	7	2	0	1	7	81	87	9.4	14.7
Seq10045_239_bp_-1_1_3	ENA|CAA36714|CAA36714.1	66.67	9	3	0	4	12	231	239	9.9	15.2
Seq10045_239_bp_-1_2_0	ENA|ABD33854|ABD33854.1	28.57	31	20	3	4	34	26	53	2.3	15.7
Seq10045_239_bp_-1_2_0	ENA|AAB66912|AAB66912.1	34.48	31	19	2	4	32	762	792	3	19.2
Seq10045_239_bp_-1_2_1	ENA|AAS77176|AAS77176.1	35.71	14	9	0	1	14	221	234	1.1	17.7
Seq10045_239_bp_-1_2_1	ENA|CAA36714|CAA36714.1	50.00	10	5	0	5	14	139	148	2.4	17.3
Seq10045_239_bp_-1_2_1	ENA|AAA32624|AAA32624.1	50.00	10	5	0	1	10	323	332	2.6	17.3
Seq10045_239_bp_-1_2_1	ENA|CAA26939|CAA26939.1	50.00	10	5	0	1	10	371	380	2.9	17.3
Seq10045_239_bp_-1_2_1	ENA|AAC78721|AAC78721.1	50.00	12	6	0	2	13	576	587	3.4	17.3
Seq10045_239_bp_-1_2_1	ENA|AAA18786|AAA18786.1	62.50	8	3	0	1	8	133	140	6.1	15.0
Seq10045_239_bp_-1_2_1	ENA|CAL82360|CAL82360.1	53.85	14	6	1	1	13	1174	1187	8.3	16.8
Seq10045_239_bp_-1_2_1	ENA|CAA29956|CAA29956.1	37.50	8	5	0	1	8	7	14	8.4	15.0
Seq10045_239_bp_-1_2_1	ENA|CAA28033|CAA28033.1	40.00	10	6	0	5	14	364	373	8.5	16.8
Seq10045_239_bp_-1_2_1	ENA|ABD33854|ABD33854.1	40.00	10	6	0	4	13	32	41	9.1	12.3
Seq10045_239_bp_-1_2_1	ENA|AAA72732|AAA72732.1	44.44	9	5	0	3	11	285	293	9.5	14.6
Seq10045_239_bp_-1_2_2	ENA|AAR31603|AAR31603.1	50.00	10	5	0	1	10	46	55	0.95	17.6
Seq10045_239_bp_-1_2_2	ENA|AAC78721|AAC78721.1	83.33	6	1	0	4	9	675	680	3.6	16.7
Seq10045_239_bp_-1_2_2	ENA|AAB96524|AAB96524.1	62.50	8	3	0	2	9	78	85	4.8	14.4
Seq10045_239_bp_-1_2_2	ENA|CAL82360|CAL82360.1	50.00	8	4	0	3	10	1173	1180	4.9	17.1
Seq10045_239_bp_-1_2_2	ENA|BAA36759|BAA36759.1	50.00	8	4	0	1	8	158	165	5.4	14.8
Seq10045_239_bp_-1_2_2	ENA|AAC49865|AAC49865.1	40.00	10	6	0	1	10	322	331	6.1	14.8
