Seq10077_336_bp_1_0_0	ENA|AAR31603|AAR31603.1	57.14	15	6	1	4	18	110	123	0.011	25.0
Seq10077_336_bp_1_0_0	ENA|AAA32624|AAA32624.1	55.56	9	4	0	4	12	520	528	0.096	22.6
Seq10077_336_bp_1_0_0	ENA|CAA26939|CAA26939.1	55.56	9	4	0	4	12	568	576	0.16	22.0
Seq10077_336_bp_1_0_0	ENA|AAA25966|AAA25966.1	41.67	12	7	0	5	16	688	699	0.2	22.0
Seq10077_336_bp_1_0_0	ENA|BAB17681|BAB17681.1	66.67	6	2	0	10	15	71	76	0.65	18.9
Seq10077_336_bp_1_0_0	ENA|AAC40132|AAC40132.1	62.50	8	3	0	11	18	66	73	0.73	19.5
Seq10077_336_bp_1_0_0	ENA|ABN10845|ABN10845.1	50.00	8	4	0	8	15	91	98	0.78	18.3
Seq10077_336_bp_1_0_0	ENA|AAB66912|AAB66912.1	66.67	9	3	0	3	11	328	336	1.4	19.5
Seq10077_336_bp_1_0_0	ENA|AAA24145|AAA24145.1	66.67	6	2	0	8	13	13	18	1.7	18.3
Seq10077_336_bp_1_0_0	ENA|ACH70901|ACH70901.1	80.00	5	1	0	2	6	157	161	2	17.7
Seq10077_336_bp_1_0_0	ENA|AAI27517|AAI27517.1	83.33	6	1	0	1	6	209	214	2.1	18.3
Seq10077_336_bp_1_0_0	ENA|AAF79734|AAF79734.1	52.94	18	8	1	2	18	745	762	2.2	19.5
Seq10077_336_bp_1_0_0	ENA|AAS77176|AAS77176.1	75.00	4	1	0	17	20	156	159	2.4	17.0
Seq10077_336_bp_1_0_0	ENA|CAA29968|CAA29968.1	100.00	3	0	0	17	19	58	60	2.5	16.4
Seq10077_336_bp_1_0_0	ENA|AAC97205|AAC97205.1	66.67	6	2	0	8	13	766	771	2.9	18.9
Seq10077_336_bp_1_0_0	ENA|CAA26023|CAA26023.1	66.67	6	2	0	8	13	173	178	3.2	17.0
Seq10077_336_bp_1_0_0	ENA|AAQ92751|AAQ92751.2	38.46	13	8	0	8	20	1058	1070	3.2	18.9
Seq10077_336_bp_1_0_0	ENA|AAC26660|AAC26660.1	60.00	5	2	0	8	12	217	221	3.2	16.4
Seq10077_336_bp_1_0_0	ENA|AAB96524|AAB96524.1	57.14	7	3	0	4	10	36	42	3.6	15.8
Seq10077_336_bp_1_0_0	ENA|AAC78721|AAC78721.1	42.86	7	4	0	7	13	209	215	3.6	17.7
Seq10077_336_bp_1_0_0	ENA|BAA32956|BAA32956.1	40.00	10	6	0	8	17	91	100	4.1	15.8
Seq10077_336_bp_1_0_0	ENA|CAA43419|CAA43419.1	80.00	5	1	0	6	10	107	111	4.6	16.4
Seq10077_336_bp_1_0_0	ENA|AAB26998|AAB26998.1	75.00	4	1	0	8	11	14	17	5.4	14.0
Seq10077_336_bp_1_0_0	ENA|CAA45199|CAA45199.1	42.86	7	4	0	14	20	63	69	5.8	16.4
Seq10077_336_bp_1_0_0	ENA|AAC08817|AAC08817.1	80.00	5	1	0	3	7	39	43	6.9	14.6
Seq10077_336_bp_1_0_0	ENA|EDO47375|EDO47375.1	50.00	10	5	0	9	18	40	49	8.2	14.6
Seq10077_336_bp_1_0_0	ENA|CAA36214|CAA36214.1	44.44	18	10	0	2	19	19	36	8.6	15.2
Seq10077_336_bp_1_0_0	ENA|AAA36114|AAA36114.1	50.00	8	4	0	13	20	66	73	9.3	15.8
Seq10077_336_bp_1_0_0	ENA|ABD33854|ABD33854.1	100.00	2	0	0	17	18	44	45	9.7	12.7
Seq10077_336_bp_1_0_0	ENA|CAL82360|CAL82360.1	62.50	8	3	0	10	17	939	946	10	17.0
Seq10077_336_bp_1_1_0	ENA|CAA26023|CAA26023.1	77.78	10	2	1	5	13	117	126	0.98	18.1
Seq10077_336_bp_1_1_0	ENA|ACH70901|ACH70901.1	57.14	7	3	0	7	13	265	271	1.4	17.5
Seq10077_336_bp_1_1_0	ENA|CAA26939|CAA26939.1	75.00	4	1	0	9	12	26	29	2.2	17.5
Seq10077_336_bp_1_1_0	ENA|EDO47375|EDO47375.1	50.00	8	4	0	5	12	62	69	2.7	15.6
Seq10077_336_bp_1_1_0	ENA|AAR31603|AAR31603.1	42.86	7	4	0	4	10	116	122	3.1	16.2
Seq10077_336_bp_1_1_0	ENA|CAA11507|CAA11507.1	80.00	5	1	0	4	8	39	43	3.4	18.1
Seq10077_336_bp_1_1_0	ENA|AAB03707|AAB03707.1	80.00	5	1	0	9	13	217	221	3.5	18.1
Seq10077_336_bp_1_1_0	ENA|CAA24711|CAA24711.1	60.00	5	2	0	7	11	19	23	3.8	15.0
Seq10077_336_bp_1_1_0	ENA|AAA25966|AAA25966.1	100.00	3	0	0	10	12	496	498	4.3	16.9
Seq10077_336_bp_1_1_0	ENA|AAI27517|AAI27517.1	75.00	4	1	0	7	10	179	182	5.4	16.2
Seq10077_336_bp_1_1_0	ENA|BAB79260|BAB79260.1	66.67	6	2	0	3	8	259	264	6.4	15.6
Seq10077_336_bp_1_1_0	ENA|BAA05866|BAA05866.1	33.33	12	8	0	2	13	7	18	6.7	15.0
Seq10077_336_bp_1_1_0	ENA|CAA28033|CAA28033.1	100.00	4	0	0	6	9	914	917	7.6	16.9
Seq10077_336_bp_1_1_0	ENA|AAR37016|AAR37016.1	100.00	3	0	0	8	10	840	842	8.7	17.5
Seq10077_336_bp_1_1_0	ENA|BAB17681|BAB17681.1	57.14	7	3	0	7	13	184	190	9	14.4
Seq10077_336_bp_1_1_0	ENA|BAA36759|BAA36759.1	50.00	6	3	0	7	12	187	192	9.4	14.4
Seq10077_336_bp_1_1_0	ENA|AAB26998|AAB26998.1	66.67	6	2	0	4	9	4	9	9.5	12.5
Seq10077_336_bp_1_1_0	ENA|ABD49687|ABD49687.1	60.00	5	2	0	8	12	315	319	9.7	16.9
Seq10077_336_bp_1_2_0	ENA|ABG75784|ABG75784.1	47.06	17	9	0	3	19	276	292	0.21	20.8
Seq10077_336_bp_1_2_0	ENA|AAA18786|AAA18786.1	62.50	8	3	0	8	15	166	173	0.87	18.5
Seq10077_336_bp_1_2_0	ENA|AAA24145|AAA24145.1	66.67	6	2	0	10	15	263	268	1	19.1
Seq10077_336_bp_1_2_0	ENA|CAA43419|CAA43419.1	83.33	6	1	0	16	21	25	30	1.8	17.9
Seq10077_336_bp_1_2_0	ENA|AAC97205|AAC97205.1	66.67	6	2	0	5	10	125	130	3.9	18.5
Seq10077_336_bp_1_2_0	ENA|BAA32018|BAA32018.1	90.00	13	1	3	4	16	290	299	4.4	17.3
Seq10077_336_bp_1_2_0	ENA|CAA45199|CAA45199.1	36.36	11	7	0	5	15	117	127	4.9	16.8
Seq10077_336_bp_1_2_0	ENA|CAA45708|CAA45708.1	80.00	5	1	0	14	18	826	830	7	17.9
Seq10077_336_bp_1_2_0	ENA|ACH70901|ACH70901.1	57.14	7	3	0	7	13	73	79	8.1	15.6
Seq10077_336_bp_1_2_0	ENA|CAA26023|CAA26023.1	57.14	7	3	0	11	17	54	60	8.6	15.6
Seq10077_336_bp_-1_0_0	ENA|CAA28033|CAA28033.1	46.15	13	7	0	8	20	599	611	1	20.5
Seq10077_336_bp_-1_0_0	ENA|ACT10338|ACT10338.1	53.33	15	7	0	7	21	248	262	1.3	18.5
Seq10077_336_bp_-1_0_0	ENA|AAC97205|AAC97205.1	50.00	10	5	0	2	11	534	543	1.4	20.0
Seq10077_336_bp_-1_0_0	ENA|ABN10845|ABN10845.1	57.14	7	3	0	4	10	8	14	1.4	17.5
Seq10077_336_bp_-1_0_0	ENA|AAA36539|AAA36539.1	40.00	15	9	0	2	16	186	200	2.2	18.0
Seq10077_336_bp_-1_0_0	ENA|ABD33854|ABD33854.1	62.50	8	3	0	12	19	36	43	2.4	14.9
Seq10077_336_bp_-1_0_0	ENA|CAB75732|CAB75732.1	40.00	15	9	0	3	17	215	229	3.7	18.5
Seq10077_336_bp_-1_0_0	ENA|CAA24711|CAA24711.1	50.00	8	4	0	12	19	23	30	4.6	15.4
Seq10077_336_bp_-1_0_0	ENA|CAA26023|CAA26023.1	50.00	10	5	0	11	20	218	227	5	16.4
Seq10077_336_bp_-1_0_0	ENA|BAB17681|BAB17681.1	45.45	11	6	0	11	21	80	90	5.1	15.9
Seq10077_336_bp_-1_0_0	ENA|BAA32956|BAA32956.1	50.00	10	5	0	4	13	110	119	5.5	15.4
Seq10077_336_bp_-1_0_0	ENA|AAS77176|AAS77176.1	50.00	6	3	0	1	6	148	153	7.4	15.4
Seq10077_336_bp_-1_0_0	ENA|CCP43727|CCP43727.1	80.00	5	1	0	4	8	42	46	8.4	15.4
Seq10077_336_bp_-1_0_0	ENA|AAB03707|AAB03707.1	62.50	8	3	0	11	18	399	406	8.6	17.5
Seq10077_336_bp_-1_0_0	ENA|AAF79734|AAF79734.1	55.56	9	4	0	9	17	589	597	9	17.5
Seq10077_336_bp_-1_1_0	ENA|AAC78721|AAC78721.1	44.44	9	5	0	1	9	251	259	0.6	19.3
Seq10077_336_bp_-1_1_0	ENA|AAB66912|AAB66912.1	62.50	8	3	0	2	9	524	531	4.2	16.9
Seq10077_336_bp_-1_1_0	ENA|CAA24711|CAA24711.1	50.00	6	3	0	4	9	23	28	6	13.9
Seq10077_336_bp_-1_1_0	ENA|EDO47375|EDO47375.1	60.00	5	2	0	6	10	137	141	6.5	13.9
Seq10077_336_bp_-1_1_0	ENA|AAR31603|AAR31603.1	50.00	6	3	0	1	6	108	113	7.4	14.5
Seq10077_336_bp_-1_1_0	ENA|CAB75732|CAB75732.1	66.67	6	2	0	4	9	439	444	7.6	16.3
Seq10077_336_bp_-1_1_0	ENA|AAC08817|AAC08817.1	100.00	3	0	0	2	4	140	142	8	13.3
Seq10077_336_bp_-1_1_0	ENA|AAC97205|AAC97205.1	50.00	8	4	0	3	10	98	105	8.1	16.3
Seq10077_336_bp_-1_1_0	ENA|ABK71357|ABK71357.1	40.00	10	6	0	1	10	273	282	8.3	14.5
Seq10077_336_bp_-1_1_0	ENA|AAI27517|AAI27517.1	75.00	4	1	0	7	10	93	96	8.7	15.1
Seq10077_336_bp_-1_1_0	ENA|AAF79734|AAF79734.1	100.00	4	0	0	1	4	108	111	9.4	16.3
Seq10077_336_bp_-1_2_0	ENA|CAA36714|CAA36714.1	50.00	10	5	0	1	10	314	323	1.1	18.0
Seq10077_336_bp_-1_2_0	ENA|ABD49687|ABD49687.1	62.50	8	3	0	1	8	1185	1192	4	18.0
Seq10077_336_bp_-1_2_0	ENA|CAA26023|CAA26023.1	80.00	5	1	0	3	7	10	14	4.4	15.7
Seq10077_336_bp_-1_2_0	ENA|CAA73529|CAA73529.1	66.67	6	2	0	5	10	58	63	4.6	15.1
Seq10077_336_bp_-1_2_0	ENA|AAB66912|AAB66912.1	100.00	4	0	0	1	4	507	510	4.8	16.9
Seq10077_336_bp_-1_2_0	ENA|AAC08817|AAC08817.1	66.67	6	2	0	3	8	27	32	5.8	14.0
Seq10077_336_bp_-1_2_0	ENA|AAC97205|AAC97205.1	45.45	11	6	0	1	11	303	313	6.2	16.9
Seq10077_336_bp_-1_2_0	ENA|AAA42531|AAA42531.1	50.00	8	4	0	3	10	14	21	6.4	15.1
Seq10077_336_bp_-1_2_0	ENA|CAA24711|CAA24711.1	44.44	9	5	0	1	9	90	98	9.2	13.4
