Seq10050_71_bp_1_0_0	ENA|BAA32956|BAA32956.1	61.11	24	7	6	4	23	115	136	1.8	17.2
Seq10050_71_bp_1_0_0	ENA|BAA32991|BAA32991.1	43.75	22	9	6	2	23	33	48	2.9	14.9
Seq10050_71_bp_1_0_0	ENA|CAL82360|CAL82360.1	50.00	10	5	0	13	22	913	922	4.4	18.5
Seq10050_71_bp_1_0_0	ENA|BAB79260|BAB79260.1	75.00	8	2	0	9	16	91	98	7.4	16.2
Seq10050_71_bp_1_0_0	ENA|AAA25966|AAA25966.1	56.25	18	7	2	3	19	632	648	7.5	16.9
Seq10050_71_bp_1_0_0	ENA|ABG75784|ABG75784.1	60.00	10	4	0	13	22	9	18	9.8	15.2
Seq10050_71_bp_1_1_0	ENA|BAA32018|BAA32018.1	50.00	12	6	0	11	22	171	182	0.73	20.1
Seq10050_71_bp_1_1_0	ENA|AAA72732|AAA72732.1	50.00	21	10	1	3	23	123	142	1.3	18.3
Seq10050_71_bp_1_1_0	ENA|AAC97205|AAC97205.1	66.67	11	3	2	2	12	1101	1109	5.9	18.0
Seq10050_71_bp_1_2_0	ENA|AAB96524|AAB96524.1	57.14	18	6	4	2	15	161	178	2.2	16.8
Seq10050_71_bp_1_2_0	ENA|ABD33854|ABD33854.1	75.00	4	1	0	16	19	58	61	2.8	14.8
Seq10050_71_bp_1_2_0	ENA|EDO47375|EDO47375.1	80.00	5	1	0	15	19	121	125	5.2	15.5
Seq10050_71_bp_1_2_0	ENA|AAA36539|AAA36539.1	62.50	9	3	1	1	9	74	81	8.2	16.1
Seq10050_71_bp_-1_0_0	ENA|AAC49865|AAC49865.1	55.56	9	4	0	1	9	178	186	2.1	17.3
Seq10050_71_bp_-1_0_0	ENA|CAA29968|CAA29968.1	53.33	19	7	4	3	17	54	72	2.9	16.1
Seq10050_71_bp_-1_0_0	ENA|BAB17681|BAB17681.1	42.86	7	4	0	12	18	153	159	3.3	16.4
Seq10050_71_bp_-1_0_0	ENA|CAA43419|CAA43419.1	80.00	16	2	6	1	16	156	165	6.5	15.8
Seq10050_71_bp_-1_0_0	ENA|AAA18786|AAA18786.1	50.00	10	5	0	8	17	235	244	8.7	14.8
Seq10050_71_bp_-1_0_0	ENA|ABK71357|ABK71357.1	61.54	14	5	1	5	18	161	173	9.7	15.1
Seq10050_71_bp_-1_2_0	ENA|BAA05866|BAA05866.1	60.00	17	6	2	4	18	43	59	1.3	18.3
Seq10050_71_bp_-1_2_0	ENA|AAR37016|AAR37016.1	52.63	22	9	3	1	19	26	47	2.8	20.1
Seq10050_71_bp_-1_2_0	ENA|BAA32018|BAA32018.1	52.94	24	8	7	4	20	466	489	3.8	17.7
Seq10050_71_bp_-1_2_0	ENA|AAB96524|AAB96524.1	46.67	17	8	2	3	19	37	51	4.6	15.6
Seq10050_71_bp_-1_2_0	ENA|CAA28033|CAA28033.1	58.82	18	7	1	1	17	420	437	6.2	18.0
Seq10050_71_bp_-1_2_0	ENA|AAB66912|AAB66912.1	87.50	11	1	3	1	8	130	140	6.7	17.4
Seq10050_71_bp_-1_2_0	ENA|ACT10338|ACT10338.1	45.45	11	6	0	4	14	47	57	7.7	15.9
Seq10050_71_bp_-1_2_0	ENA|AAC78721|AAC78721.1	80.00	16	2	6	1	10	599	614	8.7	16.5
