Seq6349_159_bp_1_0_0	ENA|AAF79734|AAF79734.1	100.00	53	0	0	1	53	456	508	2.3e-35	137.1
Seq6349_159_bp_1_0_0	ENA|AAB03707|AAB03707.1	29.63	27	19	0	16	42	157	183	0.5	23.0
Seq6349_159_bp_1_0_0	ENA|CCP43727|CCP43727.1	40.74	30	16	3	4	30	213	242	0.53	20.9
Seq6349_159_bp_1_0_0	ENA|AAA25966|AAA25966.1	30.00	30	21	0	16	45	357	386	0.55	21.9
Seq6349_159_bp_1_0_0	ENA|CAB75732|CAB75732.1	19.51	41	33	0	1	41	426	466	0.61	22.5
Seq6349_159_bp_1_0_0	ENA|AAA18786|AAA18786.1	28.57	21	15	0	33	53	52	72	0.62	20.3
Seq6349_159_bp_1_0_0	ENA|CAA45199|CAA45199.1	33.33	15	10	0	11	25	152	166	1.1	20.3
Seq6349_159_bp_1_0_0	ENA|CAA29956|CAA29956.1	23.81	21	16	0	25	45	236	256	1.3	19.8
Seq6349_159_bp_1_0_0	ENA|BAA32018|BAA32018.1	41.67	12	7	0	15	26	353	364	1.4	20.3
Seq6349_159_bp_1_0_0	ENA|CAA36714|CAA36714.1	23.08	27	20	1	6	32	333	358	1.5	19.8
Seq6349_159_bp_1_0_0	ENA|CAA26939|CAA26939.1	35.71	29	18	1	25	52	49	77	2.7	19.3
Seq6349_159_bp_1_0_0	ENA|ABN10845|ABN10845.1	41.67	12	7	0	6	17	201	212	3.1	17.6
Seq6349_159_bp_1_0_0	ENA|AAC40132|AAC40132.1	35.71	14	9	0	11	24	31	44	3.3	18.7
Seq6349_159_bp_1_0_0	ENA|CAA45708|CAA45708.1	40.00	20	12	0	34	53	1193	1212	3.4	20.3
Seq6349_159_bp_1_0_0	ENA|CAA24711|CAA24711.1	20.00	25	20	0	10	34	65	89	3.6	17.1
Seq6349_159_bp_1_0_0	ENA|AAS77176|AAS77176.1	33.33	12	8	0	15	26	183	194	4.1	17.6
Seq6349_159_bp_1_0_0	ENA|AAC97205|AAC97205.1	35.71	14	9	0	22	35	1118	1131	5.7	19.3
Seq6349_159_bp_1_0_0	ENA|CAA28033|CAA28033.1	42.11	20	11	1	16	35	894	912	6	19.3
Seq6349_159_bp_1_0_0	ENA|AAQ92751|AAQ92751.2	17.39	23	19	0	27	49	36	58	6.4	19.3
Seq6349_159_bp_1_0_0	ENA|AAA32624|AAA32624.1	45.45	11	6	0	30	40	271	281	7.3	17.6
Seq6349_159_bp_1_0_0	ENA|CAL82360|CAL82360.1	33.33	24	16	0	17	40	1210	1233	8.4	18.7
Seq6349_159_bp_1_0_0	ENA|AAA36114|AAA36114.1	29.63	30	19	3	16	45	102	128	10	17.1
Seq6349_159_bp_1_1_0	ENA|CAA45708|CAA45708.1	50.00	12	6	0	2	13	524	535	0.073	23.9
Seq6349_159_bp_1_1_0	ENA|AAR31603|AAR31603.1	83.33	6	1	0	8	13	239	244	0.7	18.4
Seq6349_159_bp_1_1_0	ENA|AAB03707|AAB03707.1	40.00	10	6	0	1	10	837	846	0.7	20.5
Seq6349_159_bp_1_1_0	ENA|AAC97205|AAC97205.1	30.00	10	7	0	4	13	353	362	1	19.8
Seq6349_159_bp_1_1_0	ENA|CAA11507|CAA11507.1	60.00	10	4	0	1	10	810	819	1.1	19.8
Seq6349_159_bp_1_1_0	ENA|AAF79734|AAF79734.1	33.33	12	8	0	2	13	615	626	1.2	19.8
Seq6349_159_bp_1_1_0	ENA|AAA25966|AAA25966.1	57.14	7	3	0	4	10	521	527	1.5	18.4
Seq6349_159_bp_1_1_0	ENA|AAA72732|AAA72732.1	30.00	10	7	0	2	11	165	174	2.7	16.4
Seq6349_159_bp_1_1_0	ENA|BAA32956|BAA32956.1	80.00	5	1	0	3	7	80	84	2.9	15.7
Seq6349_159_bp_1_1_0	ENA|CAA29956|CAA29956.1	50.00	6	3	0	6	11	140	145	5.1	15.7
Seq6349_159_bp_1_1_0	ENA|ACT10338|ACT10338.1	33.33	9	6	0	5	13	2	10	5.3	15.7
Seq6349_159_bp_1_1_0	ENA|AAC78721|AAC78721.1	50.00	10	5	0	3	12	34	43	5.7	16.4
Seq6349_159_bp_1_1_0	ENA|BAB17681|BAB17681.1	66.67	6	2	0	2	7	168	173	6	15.0
Seq6349_159_bp_1_1_0	ENA|CAB75732|CAB75732.1	33.33	9	6	0	3	11	920	928	6.1	17.0
Seq6349_159_bp_1_1_0	ENA|CAA26939|CAA26939.1	57.14	7	3	0	3	9	99	105	7.6	15.7
Seq6349_159_bp_1_1_0	ENA|ABD33854|ABD33854.1	50.00	4	2	0	10	13	56	59	9	12.2
Seq6349_159_bp_1_1_0	ENA|CAA45199|CAA45199.1	75.00	4	1	0	10	13	324	327	9.9	15.0
Seq6349_159_bp_1_1_0	ENA|AAC40132|AAC40132.1	66.67	6	2	0	7	12	25	30	10	15.0
Seq6349_159_bp_1_1_1	ENA|AAA25966|AAA25966.1	47.06	17	9	0	14	30	28	44	0.038	25.0
Seq6349_159_bp_1_1_1	ENA|BAB17681|BAB17681.1	50.00	12	6	0	19	30	158	169	0.82	19.2
Seq6349_159_bp_1_1_1	ENA|BAA05866|BAA05866.1	50.00	12	6	0	16	27	207	218	0.92	19.2
Seq6349_159_bp_1_1_1	ENA|ABG75784|ABG75784.1	40.00	10	6	0	21	30	250	259	2.8	17.6
Seq6349_159_bp_1_1_1	ENA|BAB79260|BAB79260.1	33.33	15	10	0	6	20	277	291	4	17.6
Seq6349_159_bp_1_1_1	ENA|CAA11507|CAA11507.1	66.67	12	4	0	18	29	896	907	4	19.2
Seq6349_159_bp_1_1_1	ENA|CAA73529|CAA73529.1	46.15	13	7	0	15	27	260	272	4.9	16.5
Seq6349_159_bp_1_1_1	ENA|ABD33854|ABD33854.1	33.33	6	4	0	10	15	2	7	5	14.4
Seq6349_159_bp_1_1_1	ENA|CAA29968|CAA29968.1	83.33	6	1	0	20	25	50	55	5.1	16.0
Seq6349_159_bp_1_1_1	ENA|AAB03707|AAB03707.1	66.67	9	3	0	21	29	978	986	5.7	18.6
Seq6349_159_bp_1_1_1	ENA|AAB26998|AAB26998.1	80.00	5	1	0	3	7	4	8	6.1	14.4
Seq6349_159_bp_1_1_1	ENA|AAA18786|AAA18786.1	42.86	7	4	0	25	31	181	187	6.8	16.0
Seq6349_159_bp_1_1_1	ENA|CAA28033|CAA28033.1	45.45	11	6	0	4	14	229	239	7.6	18.1
Seq6349_159_bp_1_1_1	ENA|AAA36539|AAA36539.1	71.43	7	2	0	8	14	175	181	8.3	16.5
Seq6349_159_bp_1_1_1	ENA|ACT10338|ACT10338.1	26.09	23	17	0	9	31	97	119	9.7	16.0
Seq6349_159_bp_1_2_0	ENA|BAA32991|BAA32991.1	41.67	12	7	0	3	14	23	34	0.075	19.8
Seq6349_159_bp_1_2_0	ENA|AAA25966|AAA25966.1	38.46	17	8	4	4	16	125	141	0.79	19.8
Seq6349_159_bp_1_2_0	ENA|ABN10845|ABN10845.1	50.00	8	4	0	8	15	19	26	0.8	18.0
Seq6349_159_bp_1_2_0	ENA|AAB03707|AAB03707.1	33.33	6	4	0	7	12	642	647	1	20.3
Seq6349_159_bp_1_2_0	ENA|CAA73529|CAA73529.1	33.33	9	6	0	3	11	70	78	1.5	17.4
Seq6349_159_bp_1_2_0	ENA|AAB96524|AAB96524.1	40.00	5	3	0	8	12	58	62	1.5	16.8
Seq6349_159_bp_1_2_0	ENA|CAA36214|CAA36214.1	80.00	5	1	0	3	7	288	292	2.5	16.8
Seq6349_159_bp_1_2_0	ENA|AAA32624|AAA32624.1	57.14	7	3	0	9	15	195	201	2.8	17.4
Seq6349_159_bp_1_2_0	ENA|BAA05866|BAA05866.1	60.00	5	2	0	7	11	231	235	3.7	16.3
Seq6349_159_bp_1_2_0	ENA|CAA26939|CAA26939.1	44.44	9	5	0	9	17	243	251	4.5	16.8
Seq6349_159_bp_1_2_0	ENA|AAS77176|AAS77176.1	21.43	18	11	4	4	17	144	161	5.1	15.7
Seq6349_159_bp_1_2_0	ENA|AAR31603|AAR31603.1	100.00	4	0	0	4	7	178	181	5.8	15.7
Seq6349_159_bp_1_2_0	ENA|AAQ92751|AAQ92751.2	36.36	12	7	1	1	12	776	786	7.2	17.4
Seq6349_159_bp_1_2_0	ENA|AAA24145|AAA24145.1	44.44	9	5	0	5	13	305	313	7.9	15.7
Seq6349_159_bp_1_2_0	ENA|AAR37016|AAR37016.1	80.00	5	1	0	5	9	1203	1207	8.1	18.0
Seq6349_159_bp_1_2_0	ENA|AAA42531|AAA42531.1	14.29	7	6	0	9	15	58	64	9.8	15.1
Seq6349_159_bp_-1_0_0	ENA|ABD33854|ABD33854.1	37.50	8	5	0	4	11	41	48	1.1	16.2
Seq6349_159_bp_-1_0_0	ENA|CAA36714|CAA36714.1	25.00	12	9	0	7	18	456	467	1.1	19.1
Seq6349_159_bp_-1_0_0	ENA|ABK71357|ABK71357.1	50.00	8	4	0	2	9	193	200	1.9	17.9
Seq6349_159_bp_-1_0_0	ENA|AAA42531|AAA42531.1	46.15	13	7	0	9	21	224	236	2	17.9
Seq6349_159_bp_-1_0_0	ENA|AAA36539|AAA36539.1	55.56	9	4	0	1	9	118	126	5.3	16.8
Seq6349_159_bp_-1_0_0	ENA|CAA29956|CAA29956.1	40.00	10	6	0	5	14	15	24	6.2	16.2
Seq6349_159_bp_-1_0_0	ENA|AAI27517|AAI27517.1	57.14	7	3	0	14	20	215	221	6.6	16.8
Seq6349_159_bp_-1_0_0	ENA|BAA32991|BAA32991.1	50.00	6	3	0	5	10	30	35	8.1	13.3
Seq6349_159_bp_-1_0_0	ENA|CAA24711|CAA24711.1	50.00	11	4	3	1	8	13	23	9.2	14.5
Seq6349_159_bp_-1_0_0	ENA|CAA73529|CAA73529.1	30.00	10	7	0	14	23	173	182	9.7	15.1
Seq6349_159_bp_-1_0_1	ENA|ABN10845|ABN10845.1	41.67	12	7	0	1	12	38	49	0.71	18.1
Seq6349_159_bp_-1_0_1	ENA|BAA32991|BAA32991.1	66.67	6	2	0	3	8	35	40	3.5	14.1
Seq6349_159_bp_-1_0_1	ENA|CAA36714|CAA36714.1	50.00	8	4	0	6	13	188	195	4.8	16.4
Seq6349_159_bp_-1_0_1	ENA|CAA29956|CAA29956.1	75.00	8	2	0	5	12	315	322	5.7	15.8
Seq6349_159_bp_-1_0_1	ENA|AAC26660|AAC26660.1	33.33	9	6	0	7	15	16	24	5.8	15.2
Seq6349_159_bp_-1_0_1	ENA|CAA26939|CAA26939.1	55.56	9	4	0	4	12	512	520	5.8	16.4
Seq6349_159_bp_-1_0_1	ENA|AAC17860|AAC17860.1	26.67	15	11	0	2	16	355	369	6.2	15.8
Seq6349_159_bp_-1_0_1	ENA|AAS77176|AAS77176.1	37.50	8	5	0	1	8	58	65	6.5	15.2
Seq6349_159_bp_-1_0_1	ENA|CAA36214|CAA36214.1	23.08	13	10	0	4	16	183	195	6.8	15.2
Seq6349_159_bp_-1_0_1	ENA|AAA25966|AAA25966.1	40.00	10	6	0	4	13	347	356	7.3	16.4
Seq6349_159_bp_-1_0_1	ENA|CAA29968|CAA29968.1	27.27	11	8	0	3	13	144	154	9.3	14.1
Seq6349_159_bp_-1_0_1	ENA|BAB79260|BAB79260.1	100.00	4	0	0	13	16	391	394	9.8	15.2
Seq6349_159_bp_-1_0_1	ENA|BAA05866|BAA05866.1	66.67	6	2	0	3	8	174	179	9.9	14.7
Seq6349_159_bp_-1_1_0	ENA|ACT10338|ACT10338.1	36.36	22	14	0	19	40	204	225	0.033	25.1
Seq6349_159_bp_-1_1_0	ENA|AAB96524|AAB96524.1	31.03	29	20	0	16	44	1	29	0.7	19.6
Seq6349_159_bp_-1_1_0	ENA|AAA36539|AAA36539.1	41.18	17	10	0	17	33	432	448	1.3	20.1
Seq6349_159_bp_-1_1_0	ENA|AAC40132|AAC40132.1	85.71	7	1	0	45	51	207	213	2.5	19.1
Seq6349_159_bp_-1_1_0	ENA|ABN10845|ABN10845.1	31.58	19	13	0	31	49	69	87	3.2	17.6
Seq6349_159_bp_-1_1_0	ENA|AAA42531|AAA42531.1	42.11	25	11	6	10	34	277	295	4	18.1
Seq6349_159_bp_-1_1_0	ENA|BAA32956|BAA32956.1	35.71	14	9	0	5	18	60	73	4.4	17.1
Seq6349_159_bp_-1_1_0	ENA|CAA36214|CAA36214.1	45.45	11	6	0	37	47	190	200	4.5	17.6
Seq6349_159_bp_-1_1_0	ENA|BAB79260|BAB79260.1	21.74	23	18	0	7	29	15	37	4.7	18.1
Seq6349_159_bp_-1_1_0	ENA|EDO47375|EDO47375.1	23.08	26	20	0	27	52	103	128	7.6	16.1
Seq6349_159_bp_-1_1_0	ENA|CAA28033|CAA28033.1	33.33	22	14	1	4	25	377	397	9.1	18.6
Seq6349_159_bp_-1_1_0	ENA|AAB03707|AAB03707.1	57.14	14	6	0	21	34	282	295	9.6	18.6
Seq6349_159_bp_-1_2_0	ENA|AAF79734|AAF79734.1	41.67	12	7	0	3	14	749	760	0.64	20.8
Seq6349_159_bp_-1_2_0	ENA|AAA32624|AAA32624.1	50.00	8	4	0	1	8	520	527	0.74	19.1
Seq6349_159_bp_-1_2_0	ENA|AAB26998|AAB26998.1	57.14	7	3	0	2	8	11	17	1.1	15.8
Seq6349_159_bp_-1_2_0	ENA|CAA26939|CAA26939.1	80.00	5	1	0	3	7	472	476	1.2	18.6
Seq6349_159_bp_-1_2_0	ENA|CAA29956|CAA29956.1	75.00	4	1	0	3	6	290	293	2.5	16.9
Seq6349_159_bp_-1_2_0	ENA|AAA18786|AAA18786.1	44.44	9	5	0	5	13	187	195	2.6	16.3
Seq6349_159_bp_-1_2_0	ENA|BAB79260|BAB79260.1	57.14	7	3	0	6	12	354	360	3	16.9
Seq6349_159_bp_-1_2_0	ENA|CAA45199|CAA45199.1	37.50	8	5	0	3	10	460	467	3.1	16.9
Seq6349_159_bp_-1_2_0	ENA|AAB96524|AAB96524.1	66.67	3	1	0	5	7	134	136	3.8	15.2
Seq6349_159_bp_-1_2_0	ENA|ABN10845|ABN10845.1	57.14	7	3	0	6	12	61	67	4.5	15.2
Seq6349_159_bp_-1_2_0	ENA|AAA25966|AAA25966.1	60.00	5	2	0	5	9	137	141	4.7	16.9
Seq6349_159_bp_-1_2_0	ENA|AAS77176|AAS77176.1	50.00	4	2	0	3	6	146	149	5.9	15.2
Seq6349_159_bp_-1_2_0	ENA|CAA36214|CAA36214.1	57.14	7	3	0	6	12	13	19	6.2	15.2
Seq6349_159_bp_-1_2_0	ENA|AAA24145|AAA24145.1	42.86	7	4	0	1	7	9	15	6.3	15.8
Seq6349_159_bp_-1_2_0	ENA|AAR37016|AAR37016.1	42.86	7	4	0	5	11	1167	1173	6.8	18.0
Seq6349_159_bp_-1_2_0	ENA|CAA26023|CAA26023.1	66.67	3	1	0	4	6	182	184	7.7	15.2
Seq6349_159_bp_-1_2_0	ENA|AAB66912|AAB66912.1	50.00	8	4	0	1	8	748	755	8.5	16.3
Seq6349_159_bp_-1_2_0	ENA|ABD33854|ABD33854.1	75.00	4	1	0	4	7	43	46	8.7	12.4
Seq6349_159_bp_-1_2_1	ENA|ABK71357|ABK71357.1	42.86	7	4	0	1	7	143	149	0.11	20.9
Seq6349_159_bp_-1_2_1	ENA|AAA18786|AAA18786.1	44.44	9	5	0	1	9	41	49	0.85	17.4
Seq6349_159_bp_-1_2_1	ENA|CAA36714|CAA36714.1	80.00	5	1	0	1	5	278	282	0.92	18.1
Seq6349_159_bp_-1_2_1	ENA|ABG75784|ABG75784.1	42.86	7	4	0	2	8	203	209	1	17.4
Seq6349_159_bp_-1_2_1	ENA|CAA28033|CAA28033.1	66.67	6	2	0	5	10	232	237	1.6	18.8
Seq6349_159_bp_-1_2_1	ENA|CAA24711|CAA24711.1	42.86	7	4	0	3	9	129	135	2.3	15.4
Seq6349_159_bp_-1_2_1	ENA|CAA45199|CAA45199.1	37.50	8	5	0	1	8	70	77	2.4	16.8
Seq6349_159_bp_-1_2_1	ENA|AAC17860|AAC17860.1	100.00	3	0	0	1	3	403	405	3.4	16.1
Seq6349_159_bp_-1_2_1	ENA|CAA29956|CAA29956.1	60.00	5	2	0	1	5	292	296	4.9	15.4
Seq6349_159_bp_-1_2_1	ENA|ABD49687|ABD49687.1	50.00	8	4	0	3	10	1381	1388	5.3	17.4
Seq6349_159_bp_-1_2_1	ENA|BAB17681|BAB17681.1	42.86	7	4	0	4	10	163	169	5.7	14.7
Seq6349_159_bp_-1_2_1	ENA|CAA36214|CAA36214.1	30.00	10	7	0	1	10	174	183	6.3	14.7
Seq6349_159_bp_-1_2_1	ENA|CAL82360|CAL82360.1	80.00	5	1	0	6	10	223	227	6.3	16.8
Seq6349_159_bp_-1_2_1	ENA|AAA32624|AAA32624.1	50.00	6	3	0	5	10	131	136	6.7	15.4
Seq6349_159_bp_-1_2_1	ENA|AAR31603|AAR31603.1	42.86	7	4	0	2	8	165	171	6.8	14.7
Seq6349_159_bp_-1_2_1	ENA|AAB26998|AAB26998.1	100.00	2	0	0	1	2	47	48	6.8	12.6
Seq6349_159_bp_-1_2_1	ENA|AAR37016|AAR37016.1	33.33	9	6	0	2	10	2115	2123	7.1	17.4
Seq6349_159_bp_-1_2_1	ENA|ACT10338|ACT10338.1	50.00	6	3	0	5	10	387	392	7.9	14.7
Seq6349_159_bp_-1_2_1	ENA|EDO47375|EDO47375.1	33.33	9	6	0	2	10	162	170	9.9	13.3
Seq6349_159_bp_-1_2_2	ENA|AAB26998|AAB26998.1	100.00	4	0	0	10	13	3	6	3.2	14.4
Seq6349_159_bp_-1_2_2	ENA|ABD33854|ABD33854.1	50.00	8	4	0	9	16	7	14	3.8	13.9
Seq6349_159_bp_-1_2_2	ENA|ACH70901|ACH70901.1	80.00	5	1	0	2	6	238	242	4.5	16.1
Seq6349_159_bp_-1_2_2	ENA|AAR37016|AAR37016.1	62.50	8	3	0	9	16	591	598	6.1	18.4
Seq6349_159_bp_-1_2_2	ENA|AAC97205|AAC97205.1	62.50	9	3	1	2	10	447	454	6.9	17.2
Seq6349_159_bp_-1_2_2	ENA|AAA42531|AAA42531.1	30.00	10	7	0	3	12	257	266	7	15.6
Seq6349_159_bp_-1_2_2	ENA|BAA05866|BAA05866.1	50.00	8	4	0	5	12	30	37	8	15.0
Seq6349_159_bp_-1_2_2	ENA|CAA26939|CAA26939.1	50.00	10	5	0	7	16	300	309	9.9	15.6
