Seq635_75_bp_1_0_0	ENA|CAA26023|CAA26023.1	100.00	25	0	0	1	25	26	50	9.5e-19	78.9
Seq635_75_bp_1_0_0	ENA|CAA26023|CAA26023.1	66.67	12	4	0	5	16	174	185	0.0002	31.4
Seq635_75_bp_1_0_0	ENA|CAA26023|CAA26023.1	50.00	12	6	0	1	12	82	93	0.11	22.3
Seq635_75_bp_1_0_0	ENA|CAA26023|CAA26023.1	60.00	10	4	0	2	11	149	158	0.41	20.3
Seq635_75_bp_1_0_0	ENA|CAA26023|CAA26023.1	50.00	10	5	0	8	17	117	126	0.57	19.9
Seq635_75_bp_1_0_0	ENA|AAB26998|AAB26998.1	87.50	8	1	0	5	12	4	11	0.0082	23.7
Seq635_75_bp_1_0_0	ENA|BAB79260|BAB79260.1	69.23	15	4	2	6	20	202	214	0.066	23.2
Seq635_75_bp_1_0_0	ENA|BAB79260|BAB79260.1	46.15	13	7	0	1	13	351	363	0.49	20.3
Seq635_75_bp_1_0_0	ENA|CAA24711|CAA24711.1	55.56	9	4	0	5	13	107	115	0.51	18.9
Seq635_75_bp_1_0_0	ENA|AAA24145|AAA24145.1	75.00	9	2	1	14	21	430	438	2.6	17.9
Seq635_75_bp_1_0_0	ENA|CAA11507|CAA11507.1	62.50	8	3	0	6	13	39	46	2.8	19.4
Seq635_75_bp_1_0_0	ENA|AAC97205|AAC97205.1	100.00	4	0	0	12	15	764	767	4.8	18.4
Seq635_75_bp_1_0_0	ENA|CAA26939|CAA26939.1	33.33	9	6	0	10	18	7	15	6	17.0
Seq635_75_bp_1_0_0	ENA|AAB03707|AAB03707.1	100.00	5	0	0	20	24	701	705	7.4	17.9
Seq635_75_bp_1_0_0	ENA|ACT10338|ACT10338.1	75.00	4	1	0	12	15	301	304	7.8	16.0
Seq635_75_bp_1_0_0	ENA|AAR37016|AAR37016.1	66.67	9	3	0	1	9	1128	1136	8.9	18.4
Seq635_75_bp_1_0_0	ENA|ABD33854|ABD33854.1	42.86	7	4	0	5	11	9	15	9.3	13.1
Seq635_75_bp_1_0_0	ENA|AAC26660|AAC26660.1	30.00	10	7	0	4	13	8	17	9.8	15.1
Seq635_75_bp_1_1_0	ENA|ABG75784|ABG75784.1	66.67	6	2	0	10	15	309	314	1.3	17.9
Seq635_75_bp_1_1_0	ENA|CAA26939|CAA26939.1	83.33	6	1	0	12	17	20	25	3.4	17.4
Seq635_75_bp_1_1_0	ENA|BAA32991|BAA32991.1	60.00	5	2	0	13	17	42	46	3.5	14.3
Seq635_75_bp_1_1_0	ENA|BAB79260|BAB79260.1	30.77	13	9	0	2	14	168	180	3.8	16.8
Seq635_75_bp_1_1_0	ENA|AAI27517|AAI27517.1	66.67	6	2	0	5	10	178	183	5	16.8
Seq635_75_bp_1_1_0	ENA|AAC49865|AAC49865.1	28.57	14	10	0	5	18	205	218	7.9	15.3
Seq635_75_bp_1_1_0	ENA|AAC26660|AAC26660.1	66.67	6	2	0	3	8	138	143	8.7	14.8
Seq635_75_bp_1_2_0	ENA|BAB79260|BAB79260.1	58.33	12	5	0	6	17	263	274	0.0051	26.5
Seq635_75_bp_1_2_0	ENA|CAA36214|CAA36214.1	50.00	10	5	0	5	14	110	119	0.21	20.6
Seq635_75_bp_1_2_0	ENA|AAR31603|AAR31603.1	60.00	10	4	0	3	12	302	311	0.23	20.6
Seq635_75_bp_1_2_0	ENA|AAA36114|AAA36114.1	40.00	15	9	0	5	19	496	510	0.35	20.6
Seq635_75_bp_1_2_0	ENA|AAI27517|AAI27517.1	85.71	8	1	1	1	8	102	108	1.4	18.8
Seq635_75_bp_1_2_0	ENA|ACT10338|ACT10338.1	83.33	6	1	0	10	15	19	24	2	17.6
Seq635_75_bp_1_2_0	ENA|CAA36714|CAA36714.1	62.50	8	3	0	10	17	87	94	2.4	17.6
Seq635_75_bp_1_2_0	ENA|AAA18786|AAA18786.1	35.71	14	9	0	4	17	241	254	3.1	16.5
Seq635_75_bp_1_2_0	ENA|CAD53387|CAD53387.1	83.33	6	1	0	3	8	458	463	3.9	17.1
Seq635_75_bp_1_2_0	ENA|BAB17681|BAB17681.1	80.00	5	1	0	14	18	261	265	4.8	15.9
Seq635_75_bp_1_2_0	ENA|ABN10845|ABN10845.1	100.00	3	0	0	16	18	196	198	5.7	15.3
Seq635_75_bp_1_2_0	ENA|ABK71357|ABK71357.1	80.00	5	1	0	13	17	165	169	6.4	15.9
Seq635_75_bp_1_2_0	ENA|AAC17860|AAC17860.1	44.44	9	5	0	8	16	242	250	7	15.9
Seq635_75_bp_1_2_0	ENA|AAR37016|AAR37016.1	54.55	11	5	0	4	14	1844	1854	7.8	18.2
Seq635_75_bp_1_2_0	ENA|ABD49687|ABD49687.1	62.50	8	3	0	4	11	673	680	8.5	17.6
Seq635_75_bp_1_2_0	ENA|ACH70901|ACH70901.1	62.50	8	3	0	10	17	252	259	9.1	15.3
Seq635_75_bp_1_2_0	ENA|AAC97205|AAC97205.1	66.67	6	2	0	1	6	276	281	9.1	17.1
Seq635_75_bp_1_2_0	ENA|CAA26939|CAA26939.1	60.00	5	2	0	2	6	294	298	9.5	15.9
Seq635_75_bp_1_2_0	ENA|CAA26023|CAA26023.1	50.00	6	3	0	6	11	19	24	9.6	15.3
Seq635_75_bp_-1_0_0	ENA|AAQ92751|AAQ92751.2	71.43	7	2	0	3	9	216	222	1.6	19.4
Seq635_75_bp_-1_0_0	ENA|AAB96524|AAB96524.1	50.00	8	4	0	2	9	13	20	2	16.1
Seq635_75_bp_-1_0_0	ENA|CAA36214|CAA36214.1	57.14	7	3	0	6	12	5	11	2.1	16.8
Seq635_75_bp_-1_0_0	ENA|AAR31603|AAR31603.1	57.14	7	3	0	3	9	267	273	2.3	16.8
Seq635_75_bp_-1_0_0	ENA|BAA32018|BAA32018.1	37.50	8	5	0	7	14	381	388	2.8	17.4
Seq635_75_bp_-1_0_0	ENA|BAA05866|BAA05866.1	75.00	4	1	0	9	12	281	284	3.3	16.1
Seq635_75_bp_-1_0_0	ENA|AAA72732|AAA72732.1	50.00	6	3	0	5	10	292	297	3.4	16.1
Seq635_75_bp_-1_0_0	ENA|AAF79734|AAF79734.1	80.00	5	1	0	10	14	1449	1453	4.1	18.1
Seq635_75_bp_-1_0_0	ENA|CAB75732|CAB75732.1	62.50	8	3	0	6	13	161	168	5.1	17.4
Seq635_75_bp_-1_0_0	ENA|CAA29968|CAA29968.1	40.00	10	6	0	5	14	43	52	5.1	14.8
Seq635_75_bp_-1_0_0	ENA|CCP43727|CCP43727.1	50.00	6	3	0	1	6	252	257	5.5	15.5
Seq635_75_bp_-1_0_0	ENA|ABN10845|ABN10845.1	30.00	10	7	0	1	10	3	12	5.7	14.8
Seq635_75_bp_-1_0_0	ENA|CAA26939|CAA26939.1	57.14	7	3	0	8	14	34	40	6.1	16.1
Seq635_75_bp_-1_0_0	ENA|CAA29956|CAA29956.1	36.36	11	7	0	3	13	252	262	6.2	15.5
Seq635_75_bp_-1_0_0	ENA|ACT10338|ACT10338.1	40.00	10	6	0	4	13	310	319	6.4	15.5
Seq635_75_bp_-1_0_0	ENA|AAA25966|AAA25966.1	60.00	5	2	0	10	14	558	562	7.6	16.1
Seq635_75_bp_-1_0_0	ENA|CAA11507|CAA11507.1	55.56	9	4	0	5	13	1074	1082	9	16.8
Seq635_75_bp_-1_0_0	ENA|AAI27517|AAI27517.1	50.00	8	4	0	2	9	385	392	9.5	15.5
Seq635_75_bp_-1_0_0	ENA|CAA45708|CAA45708.1	25.00	12	9	0	1	12	994	1005	10	16.8
Seq635_75_bp_-1_0_1	ENA|AAI27517|AAI27517.1	83.33	6	1	0	3	8	127	132	0.98	18.4
Seq635_75_bp_-1_0_1	ENA|AAS77176|AAS77176.1	83.33	6	1	0	1	6	93	98	1.7	16.6
Seq635_75_bp_-1_0_1	ENA|AAF79734|AAF79734.1	71.43	7	2	0	1	7	420	426	2.4	18.4
Seq635_75_bp_-1_0_1	ENA|ABD49687|ABD49687.1	55.56	9	4	0	1	9	444	452	4.2	17.8
Seq635_75_bp_-1_0_1	ENA|AAC78721|AAC78721.1	57.14	7	3	0	1	7	400	406	5.8	16.0
Seq635_75_bp_-1_0_1	ENA|AAC40132|AAC40132.1	33.33	9	6	0	2	10	215	223	6.2	15.3
Seq635_75_bp_-1_0_1	ENA|AAA36539|AAA36539.1	80.00	5	1	0	1	5	112	116	6.2	15.3
Seq635_75_bp_-1_0_1	ENA|CAA28033|CAA28033.1	71.43	7	2	0	4	10	783	789	7.2	16.6
Seq635_75_bp_-1_0_1	ENA|CAB75732|CAB75732.1	42.86	7	4	0	4	10	795	801	9.6	16.0
Seq635_75_bp_-1_0_1	ENA|CAD53387|CAD53387.1	80.00	5	1	0	1	5	53	57	9.6	14.7
Seq635_75_bp_-1_0_1	ENA|ABN10845|ABN10845.1	75.00	4	1	0	2	5	210	213	9.7	13.5
Seq635_75_bp_-1_1_0	ENA|BAA32956|BAA32956.1	50.00	10	5	0	15	24	199	208	0.52	19.1
Seq635_75_bp_-1_1_0	ENA|BAA32956|BAA32956.1	25.00	24	18	0	1	24	163	186	0.69	18.7
Seq635_75_bp_-1_1_0	ENA|AAB03707|AAB03707.1	41.18	17	10	0	5	21	844	860	1.4	20.4
Seq635_75_bp_-1_1_0	ENA|AAC08817|AAC08817.1	36.36	23	14	1	2	23	111	133	1.7	17.0
Seq635_75_bp_-1_1_0	ENA|AAA42531|AAA42531.1	85.71	7	1	0	14	20	13	19	2.3	17.8
Seq635_75_bp_-1_1_0	ENA|AAC78721|AAC78721.1	60.00	10	4	0	13	22	671	680	3.9	17.8
Seq635_75_bp_-1_1_0	ENA|AAC49865|AAC49865.1	50.00	12	6	0	13	24	317	328	4.6	16.5
Seq635_75_bp_-1_1_0	ENA|CCP43727|CCP43727.1	83.33	6	1	0	1	6	106	111	8.1	15.7
Seq635_75_bp_-1_2_0	ENA|AAB66912|AAB66912.1	40.00	10	6	0	4	13	400	409	1.9	18.9
Seq635_75_bp_-1_2_0	ENA|CAA29968|CAA29968.1	80.00	5	1	0	2	6	159	163	2.1	16.4
Seq635_75_bp_-1_2_0	ENA|AAI27517|AAI27517.1	45.45	11	6	0	2	12	103	113	4.1	17.0
Seq635_75_bp_-1_2_0	ENA|CAA29956|CAA29956.1	57.14	7	3	0	6	12	332	338	6.1	15.8
Seq635_75_bp_-1_2_0	ENA|EDO47375|EDO47375.1	60.00	5	2	0	1	5	140	144	7.1	14.6
Seq635_75_bp_-1_2_0	ENA|AAA25966|AAA25966.1	50.00	8	4	0	10	17	655	662	7.5	16.4
Seq635_75_bp_-1_2_0	ENA|AAA72732|AAA72732.1	41.67	12	7	0	6	17	73	84	7.6	15.2
Seq635_75_bp_-1_2_0	ENA|AAQ92751|AAQ92751.2	55.56	9	4	0	5	13	1125	1133	9.2	17.0
