Seq7758_257_bp_1_0_0	ENA|ABN10845|ABN10845.1	100.00	85	0	0	1	85	1	85	4e-75	267.2
Seq7758_257_bp_1_0_0	ENA|AAR31603|AAR31603.1	35.90	56	25	17	39	78	110	164	0.19	23.0
Seq7758_257_bp_1_0_0	ENA|ABD33854|ABD33854.1	63.64	14	4	3	43	56	5	15	0.42	19.5
Seq7758_257_bp_1_0_0	ENA|AAB96524|AAB96524.1	48.98	68	25	19	9	62	44	106	1.2	19.5
Seq7758_257_bp_1_0_0	ENA|AAR37016|AAR37016.1	39.02	48	25	7	22	62	1073	1120	1.3	23.0
Seq7758_257_bp_1_0_0	ENA|BAB79260|BAB79260.1	54.55	11	5	0	60	70	353	363	1.5	20.5
Seq7758_257_bp_1_0_0	ENA|AAC49865|AAC49865.1	66.67	12	3	3	52	63	45	53	2.6	19.2
Seq7758_257_bp_1_0_0	ENA|AAA18786|AAA18786.1	50.00	25	9	7	58	80	197	216	2.7	18.9
Seq7758_257_bp_1_0_0	ENA|ACT10338|ACT10338.1	73.33	22	4	7	6	23	285	303	3.1	19.2
Seq7758_257_bp_1_0_0	ENA|CAA26023|CAA26023.1	40.00	32	15	7	25	56	151	175	3.8	18.9
Seq7758_257_bp_1_0_0	ENA|AAA32624|AAA32624.1	54.55	12	5	1	36	46	333	344	4.1	19.2
Seq7758_257_bp_1_0_0	ENA|CAA36214|CAA36214.1	50.00	10	5	0	73	82	112	121	4.6	18.2
Seq7758_257_bp_1_0_0	ENA|AAC08817|AAC08817.1	71.43	7	2	0	3	9	146	152	4.6	17.3
Seq7758_257_bp_1_0_0	ENA|CAA11507|CAA11507.1	85.71	7	1	0	3	9	203	209	5.5	20.1
Seq7758_257_bp_1_0_0	ENA|AAQ92751|AAQ92751.2	52.38	25	10	4	64	85	18	41	5.5	20.1
Seq7758_257_bp_1_0_0	ENA|BAA32018|BAA32018.1	53.85	15	6	2	16	28	48	62	7.4	18.6
Seq7758_257_bp_1_0_0	ENA|CAA45708|CAA45708.1	66.67	13	4	1	4	15	525	537	7.5	19.8
Seq7758_257_bp_1_0_0	ENA|AAC97205|AAC97205.1	58.33	13	5	1	3	14	530	542	7.5	19.5
Seq7758_257_bp_1_0_0	ENA|CAA26939|CAA26939.1	54.55	12	5	1	36	46	381	392	8.4	18.2
Seq7758_257_bp_1_0_0	ENA|BAA05866|BAA05866.1	100.00	5	0	0	13	17	95	99	8.7	17.3
Seq7758_257_bp_1_0_0	ENA|AAC17860|AAC17860.1	43.48	30	13	7	53	79	98	123	9.3	17.6
Seq7758_257_bp_1_1_0	ENA|AAB26998|AAB26998.1	83.33	6	1	0	1	6	73	78	0.084	19.2
Seq7758_257_bp_1_1_0	ENA|AAC08817|AAC08817.1	100.00	4	0	0	7	10	20	23	0.8	16.9
Seq7758_257_bp_1_1_0	ENA|ACH70901|ACH70901.1	100.00	4	0	0	2	5	258	261	6.4	15.0
Seq7758_257_bp_1_1_0	ENA|AAS77176|AAS77176.1	66.67	6	2	0	2	7	61	66	6.7	14.6
Seq7758_257_bp_1_1_0	ENA|AAA36114|AAA36114.1	87.50	11	1	3	4	11	126	136	8.9	15.0
Seq7758_257_bp_1_1_0	ENA|ABD33854|ABD33854.1	100.00	3	0	0	2	4	33	35	9	12.0
Seq7758_257_bp_1_1_0	ENA|AAC26660|AAC26660.1	50.00	6	3	0	4	9	115	120	9.7	13.9
Seq7758_257_bp_1_1_1	ENA|ACT10338|ACT10338.1	83.33	6	1	0	6	11	198	203	0.012	24.2
Seq7758_257_bp_1_1_1	ENA|BAB79260|BAB79260.1	80.00	5	1	0	5	9	384	388	0.45	19.3
Seq7758_257_bp_1_1_1	ENA|AAA42531|AAA42531.1	50.00	10	5	0	1	10	286	295	0.53	18.8
Seq7758_257_bp_1_1_1	ENA|AAB66912|AAB66912.1	71.43	7	2	0	1	7	677	683	0.68	19.7
Seq7758_257_bp_1_1_1	ENA|CAA73529|CAA73529.1	66.67	6	2	0	5	10	123	128	0.69	17.9
Seq7758_257_bp_1_1_1	ENA|AAC08817|AAC08817.1	80.00	5	1	0	4	8	112	116	1	16.6
Seq7758_257_bp_1_1_1	ENA|ABN10845|ABN10845.1	50.00	6	3	0	1	6	101	106	1.9	16.1
Seq7758_257_bp_1_1_1	ENA|CAA26023|CAA26023.1	100.00	3	0	0	9	11	377	379	2.4	16.6
Seq7758_257_bp_1_1_1	ENA|AAA32624|AAA32624.1	57.14	7	3	0	3	9	28	34	2.4	17.0
Seq7758_257_bp_1_1_1	ENA|BAA36759|BAA36759.1	50.00	6	3	0	1	6	159	164	2.5	16.1
Seq7758_257_bp_1_1_1	ENA|AAC78721|AAC78721.1	55.56	9	4	0	1	9	55	63	3.1	17.0
Seq7758_257_bp_1_1_1	ENA|AAI27517|AAI27517.1	100.00	3	0	0	9	11	284	286	3.7	16.6
Seq7758_257_bp_1_1_1	ENA|CAA45199|CAA45199.1	75.00	4	1	0	8	11	148	151	4.1	16.1
Seq7758_257_bp_1_1_1	ENA|AAA18786|AAA18786.1	50.00	8	4	0	3	10	244	251	4.3	15.2
Seq7758_257_bp_1_1_1	ENA|AAA36114|AAA36114.1	80.00	5	1	0	6	10	463	467	4.4	16.1
Seq7758_257_bp_1_1_1	ENA|AAA25966|AAA25966.1	100.00	3	0	0	9	11	607	609	4.5	16.6
Seq7758_257_bp_1_1_1	ENA|ABK71357|ABK71357.1	50.00	8	4	0	3	10	248	255	5.9	15.2
Seq7758_257_bp_1_1_1	ENA|CAA11507|CAA11507.1	75.00	4	1	0	8	11	154	157	6.2	17.0
Seq7758_257_bp_1_1_1	ENA|CAA36214|CAA36214.1	50.00	6	3	0	3	8	91	96	6.5	14.8
Seq7758_257_bp_1_1_1	ENA|CAA26939|CAA26939.1	66.67	6	2	0	4	9	338	343	6.6	15.7
Seq7758_257_bp_1_1_1	ENA|BAA32018|BAA32018.1	100.00	6	0	1	3	7	215	220	7.2	15.7
Seq7758_257_bp_1_1_1	ENA|AAC97205|AAC97205.1	60.00	5	2	0	4	8	404	408	7.5	16.6
Seq7758_257_bp_1_1_1	ENA|ABD49687|ABD49687.1	60.00	12	4	2	2	11	983	994	7.6	17.0
Seq7758_257_bp_1_1_1	ENA|BAA05866|BAA05866.1	71.43	9	2	2	3	9	261	269	8.8	14.3
Seq7758_257_bp_1_1_1	ENA|AAA72732|AAA72732.1	75.00	4	1	0	4	7	147	150	8.9	14.3
Seq7758_257_bp_1_1_1	ENA|AAA24145|AAA24145.1	60.00	5	2	0	7	11	204	208	9.6	14.8
Seq7758_257_bp_1_1_1	ENA|AAC26660|AAC26660.1	66.67	3	1	0	7	9	16	18	9.9	13.9
Seq7758_257_bp_1_1_2	ENA|AAA72732|AAA72732.1	75.00	9	2	1	2	9	160	168	0.86	18.4
Seq7758_257_bp_1_1_2	ENA|AAC49865|AAC49865.1	54.55	11	5	0	5	15	266	276	1.5	17.7
Seq7758_257_bp_1_1_2	ENA|AAI27517|AAI27517.1	66.67	17	4	5	6	17	58	74	3.3	17.4
Seq7758_257_bp_1_1_2	ENA|AAC97205|AAC97205.1	71.43	7	2	0	5	11	618	624	4.2	18.1
Seq7758_257_bp_1_1_2	ENA|ABK71357|ABK71357.1	53.85	15	6	2	5	17	100	114	5.3	16.0
Seq7758_257_bp_1_1_2	ENA|AAC17860|AAC17860.1	62.50	8	3	0	9	16	374	381	7.4	15.6
Seq7758_257_bp_1_1_2	ENA|ACT10338|ACT10338.1	83.33	7	1	1	6	11	334	340	8.8	15.3
Seq7758_257_bp_1_1_3	ENA|CAA26023|CAA26023.1	69.23	21	4	8	16	32	171	187	0.3	21.4
Seq7758_257_bp_1_1_3	ENA|BAA32956|BAA32956.1	83.33	24	2	12	15	26	128	151	1.6	18.2
Seq7758_257_bp_1_1_3	ENA|ABD33854|ABD33854.1	100.00	3	0	0	19	21	60	62	2.7	15.6
Seq7758_257_bp_1_1_3	ENA|ABG75784|ABG75784.1	71.43	8	2	1	6	12	305	312	3	17.8
Seq7758_257_bp_1_1_3	ENA|AAA32624|AAA32624.1	62.50	8	3	0	9	16	109	116	3	18.5
Seq7758_257_bp_1_1_3	ENA|AAB96524|AAB96524.1	63.64	16	4	5	21	32	88	102	6	16.0
Seq7758_257_bp_1_1_3	ENA|AAC49865|AAC49865.1	70.00	13	3	3	7	18	19	29	6.4	16.7
Seq7758_257_bp_1_1_3	ENA|AAB66912|AAB66912.1	70.00	13	3	3	24	36	858	867	6.7	18.2
Seq7758_257_bp_1_1_3	ENA|BAB17681|BAB17681.1	61.11	24	7	6	15	35	148	168	6.9	16.4
Seq7758_257_bp_1_1_3	ENA|CAL82360|CAL82360.1	50.00	18	6	6	1	18	974	985	7.1	18.5
Seq7758_257_bp_1_1_3	ENA|AAR37016|AAR37016.1	61.11	29	7	11	14	34	1091	1116	7.9	19.3
Seq7758_257_bp_1_1_3	ENA|AAR31603|AAR31603.1	83.33	9	1	3	18	23	82	90	8.1	16.4
Seq7758_257_bp_1_1_3	ENA|CAA28033|CAA28033.1	58.33	14	5	2	28	39	1162	1175	9.1	18.2
Seq7758_257_bp_1_1_3	ENA|ACT10338|ACT10338.1	100.00	4	0	0	29	32	266	269	9.5	16.4
Seq7758_257_bp_1_2_0	ENA|AAB26998|AAB26998.1	62.50	11	3	3	10	20	40	47	0.01	23.3
Seq7758_257_bp_1_2_0	ENA|CAA29956|CAA29956.1	85.71	12	1	5	14	20	366	377	0.56	19.8
Seq7758_257_bp_1_2_0	ENA|CAA73529|CAA73529.1	33.33	15	10	0	1	15	185	199	0.69	19.0
Seq7758_257_bp_1_2_0	ENA|AAC97205|AAC97205.1	80.00	17	2	7	2	16	1	12	0.8	20.9
Seq7758_257_bp_1_2_0	ENA|AAA25966|AAA25966.1	83.33	7	1	1	9	15	153	158	1.1	19.8
Seq7758_257_bp_1_2_0	ENA|CAA26939|CAA26939.1	80.00	5	1	0	13	17	187	191	1.9	18.6
Seq7758_257_bp_1_2_0	ENA|BAB17681|BAB17681.1	50.00	11	4	3	1	8	100	110	2	17.4
Seq7758_257_bp_1_2_0	ENA|AAA32624|AAA32624.1	50.00	6	3	0	6	11	32	37	2.3	18.2
Seq7758_257_bp_1_2_0	ENA|CAA45199|CAA45199.1	100.00	7	0	2	12	18	23	27	2.7	17.8
Seq7758_257_bp_1_2_0	ENA|AAA42531|AAA42531.1	80.00	6	1	1	5	10	282	286	2.9	17.4
Seq7758_257_bp_1_2_0	ENA|CAA28033|CAA28033.1	75.00	15	2	7	9	16	1153	1167	3.2	19.0
Seq7758_257_bp_1_2_0	ENA|ACT10338|ACT10338.1	50.00	6	3	0	11	16	39	44	3.7	17.0
Seq7758_257_bp_1_2_0	ENA|CAL82360|CAL82360.1	60.00	10	4	0	4	13	357	366	4.1	18.6
Seq7758_257_bp_1_2_0	ENA|BAB79260|BAB79260.1	100.00	6	0	1	19	23	53	58	4.3	17.0
Seq7758_257_bp_1_2_0	ENA|ABK71357|ABK71357.1	50.00	6	3	0	7	12	58	63	4.6	16.6
Seq7758_257_bp_1_2_0	ENA|AAS77176|AAS77176.1	60.00	5	2	0	9	13	261	265	4.7	16.2
Seq7758_257_bp_1_2_0	ENA|AAB66912|AAB66912.1	83.33	8	1	2	16	21	601	608	5.1	17.8
Seq7758_257_bp_1_2_0	ENA|AAA18786|AAA18786.1	57.14	7	3	0	4	10	150	156	5.7	15.8
Seq7758_257_bp_1_2_0	ENA|AAB03707|AAB03707.1	83.33	7	1	1	7	13	344	349	5.8	18.2
Seq7758_257_bp_1_2_0	ENA|ABN10845|ABN10845.1	42.11	21	11	2	2	22	92	110	6.1	15.5
Seq7758_257_bp_1_2_0	ENA|AAA36114|AAA36114.1	55.56	9	4	0	6	14	286	294	6.3	16.6
Seq7758_257_bp_1_2_0	ENA|CAB75732|CAB75732.1	60.00	5	2	0	14	18	820	824	6.3	17.8
Seq7758_257_bp_1_2_0	ENA|CAA45708|CAA45708.1	83.33	7	1	1	7	13	439	444	6.3	18.2
Seq7758_257_bp_1_2_0	ENA|BAA32991|BAA32991.1	100.00	3	0	0	2	4	40	42	7.4	13.5
Seq7758_257_bp_1_2_0	ENA|AAA72732|AAA72732.1	66.67	6	2	0	2	7	9	14	8.5	15.5
Seq7758_257_bp_1_2_0	ENA|CAA36714|CAA36714.1	60.00	5	2	0	7	11	141	145	9.6	15.8
Seq7758_257_bp_1_2_0	ENA|AAC40132|AAC40132.1	66.67	9	2	3	15	20	414	422	9.8	15.8
Seq7758_257_bp_1_2_1	ENA|AAA42531|AAA42531.1	66.67	14	4	2	4	16	186	198	0.67	19.1
Seq7758_257_bp_1_2_1	ENA|BAA32956|BAA32956.1	35.71	15	9	1	2	15	42	56	1.3	17.2
Seq7758_257_bp_1_2_1	ENA|AAA32624|AAA32624.1	100.00	4	0	0	11	14	109	112	2.5	17.6
Seq7758_257_bp_1_2_1	ENA|AAB26998|AAB26998.1	100.00	3	0	0	10	12	42	44	3.9	14.2
Seq7758_257_bp_1_2_1	ENA|AAC78721|AAC78721.1	57.14	8	3	1	1	8	20	26	4.1	17.2
Seq7758_257_bp_1_2_1	ENA|AAA25966|AAA25966.1	36.36	11	7	0	7	17	612	622	4.4	17.2
Seq7758_257_bp_1_2_1	ENA|AAA18786|AAA18786.1	40.00	11	6	1	2	12	6	15	4.6	15.7
Seq7758_257_bp_1_2_1	ENA|AAA36539|AAA36539.1	55.56	9	4	0	6	14	304	312	4.9	16.5
Seq7758_257_bp_1_2_1	ENA|CAA43419|CAA43419.1	50.00	12	5	2	1	10	22	33	4.9	16.1
Seq7758_257_bp_1_2_1	ENA|AAA36114|AAA36114.1	46.67	17	8	2	1	16	77	92	5.2	16.5
Seq7758_257_bp_1_2_1	ENA|CAA29968|CAA29968.1	57.14	7	3	0	1	7	78	84	5.6	15.0
Seq7758_257_bp_1_2_1	ENA|CAA26023|CAA26023.1	30.00	10	7	0	3	12	139	148	6.5	15.7
Seq7758_257_bp_1_2_1	ENA|CAA36214|CAA36214.1	50.00	17	7	3	1	14	211	227	6.7	15.4
Seq7758_257_bp_1_2_1	ENA|BAB79260|BAB79260.1	50.00	13	5	3	1	10	87	99	7.6	15.7
Seq7758_257_bp_1_2_1	ENA|CAA36714|CAA36714.1	40.00	10	6	0	3	12	367	376	9.9	15.4
Seq7758_257_bp_1_2_2	ENA|CAB75732|CAB75732.1	57.14	7	3	0	5	11	830	836	0.067	23.6
Seq7758_257_bp_1_2_2	ENA|CAB75732|CAB75732.1	66.67	6	2	0	3	8	605	610	0.4	21.0
Seq7758_257_bp_1_2_2	ENA|CAB75732|CAB75732.1	75.00	4	1	0	5	8	720	723	0.73	20.2
Seq7758_257_bp_1_2_2	ENA|AAA18786|AAA18786.1	54.55	13	5	2	3	13	82	94	0.092	21.0
Seq7758_257_bp_1_2_2	ENA|CAA45708|CAA45708.1	85.71	9	1	2	5	13	348	354	0.16	22.8
Seq7758_257_bp_1_2_2	ENA|ABD49687|ABD49687.1	70.00	14	3	4	3	12	1170	1183	0.18	22.8
Seq7758_257_bp_1_2_2	ENA|AAC17860|AAC17860.1	71.43	8	2	1	5	12	384	390	0.35	19.7
Seq7758_257_bp_1_2_2	ENA|AAB96524|AAB96524.1	41.67	14	7	2	1	12	92	105	0.39	18.5
Seq7758_257_bp_1_2_2	ENA|AAA72732|AAA72732.1	60.00	5	2	0	2	6	231	235	0.48	18.9
Seq7758_257_bp_1_2_2	ENA|AAA36539|AAA36539.1	62.50	9	3	1	5	13	262	269	0.54	19.3
Seq7758_257_bp_1_2_2	ENA|BAA36759|BAA36759.1	75.00	4	1	0	3	6	187	190	0.8	18.0
Seq7758_257_bp_1_2_2	ENA|AAC97205|AAC97205.1	100.00	4	0	0	3	6	627	630	1	19.7
Seq7758_257_bp_1_2_2	ENA|EDO47375|EDO47375.1	60.00	5	2	0	9	13	79	83	1.3	16.7
Seq7758_257_bp_1_2_2	ENA|AAC40132|AAC40132.1	55.56	9	4	0	1	9	24	32	1.3	18.0
Seq7758_257_bp_1_2_2	ENA|CAA43419|CAA43419.1	62.50	9	3	1	5	13	279	286	1.8	17.2
Seq7758_257_bp_1_2_2	ENA|AAA24145|AAA24145.1	66.67	11	3	2	2	10	150	160	2.3	17.2
Seq7758_257_bp_1_2_2	ENA|CAA28033|CAA28033.1	62.50	8	3	0	1	8	37	44	2.7	18.5
Seq7758_257_bp_1_2_2	ENA|AAA25966|AAA25966.1	66.67	6	2	0	8	13	114	119	2.7	17.6
Seq7758_257_bp_1_2_2	ENA|AAI27517|AAI27517.1	57.14	8	3	1	1	7	493	500	2.9	17.2
Seq7758_257_bp_1_2_2	ENA|CAA45199|CAA45199.1	50.00	4	2	0	6	9	383	386	3.2	16.7
Seq7758_257_bp_1_2_2	ENA|AAA36114|AAA36114.1	60.00	5	2	0	7	11	272	276	3.4	16.7
Seq7758_257_bp_1_2_2	ENA|CAL82360|CAL82360.1	83.33	8	1	2	3	8	1007	1014	3.5	18.0
Seq7758_257_bp_1_2_2	ENA|AAS77176|AAS77176.1	33.33	9	6	0	5	13	145	153	3.5	15.9
Seq7758_257_bp_1_2_2	ENA|CAA73529|CAA73529.1	50.00	4	2	0	6	9	38	41	4.5	15.4
Seq7758_257_bp_1_2_2	ENA|AAB66912|AAB66912.1	45.45	11	6	0	1	11	840	850	4.6	17.2
Seq7758_257_bp_1_2_2	ENA|AAA32624|AAA32624.1	60.00	5	2	0	4	8	520	524	4.7	16.3
Seq7758_257_bp_1_2_2	ENA|BAA32991|BAA32991.1	75.00	4	1	0	8	11	32	35	4.9	13.3
Seq7758_257_bp_1_2_2	ENA|CAA26939|CAA26939.1	60.00	5	2	0	4	8	568	572	5.1	16.3
Seq7758_257_bp_1_2_2	ENA|BAA32018|BAA32018.1	100.00	3	0	0	4	6	554	556	5.5	16.3
Seq7758_257_bp_1_2_2	ENA|AAB26998|AAB26998.1	66.67	8	2	2	3	8	40	47	5.6	13.3
Seq7758_257_bp_1_2_2	ENA|ACH70901|ACH70901.1	60.00	5	2	0	1	5	7	11	5.8	15.4
Seq7758_257_bp_1_2_2	ENA|AAC78721|AAC78721.1	60.00	5	2	0	8	12	638	642	5.9	16.3
Seq7758_257_bp_1_2_2	ENA|ABN10845|ABN10845.1	62.50	10	3	2	2	11	15	22	6.3	14.6
Seq7758_257_bp_1_2_2	ENA|BAB79260|BAB79260.1	42.86	7	4	0	1	7	135	141	7.2	15.4
Seq7758_257_bp_1_2_2	ENA|AAR37016|AAR37016.1	66.67	7	2	1	5	10	1740	1746	8.3	17.6
Seq7758_257_bp_1_2_2	ENA|AAR31603|AAR31603.1	100.00	2	0	0	8	9	143	144	9.3	14.6
Seq7758_257_bp_1_2_2	ENA|CCP43727|CCP43727.1	57.14	7	3	0	7	13	212	218	9.3	14.6
Seq7758_257_bp_1_2_2	ENA|AAC49865|AAC49865.1	100.00	3	0	0	3	5	311	313	9.3	14.6
Seq7758_257_bp_-1_0_0	ENA|ABN10845|ABN10845.1	54.55	11	5	0	4	14	204	214	0.097	21.0
Seq7758_257_bp_-1_0_0	ENA|BAA05866|BAA05866.1	71.43	8	2	1	9	16	231	237	0.1	21.4
Seq7758_257_bp_-1_0_0	ENA|AAQ92751|AAQ92751.2	44.44	9	5	0	6	14	299	307	0.18	22.8
Seq7758_257_bp_-1_0_0	ENA|AAA24145|AAA24145.1	69.23	14	4	1	3	15	144	157	0.21	21.0
Seq7758_257_bp_-1_0_0	ENA|AAA24145|AAA24145.1	57.14	7	3	0	10	16	457	463	0.38	20.1
Seq7758_257_bp_-1_0_0	ENA|AAA72732|AAA72732.1	44.44	9	5	0	8	16	297	305	0.65	18.7
Seq7758_257_bp_-1_0_0	ENA|EDO47375|EDO47375.1	46.15	13	7	0	2	14	81	93	0.73	17.8
Seq7758_257_bp_-1_0_0	ENA|CAA36214|CAA36214.1	55.56	9	4	0	1	9	22	30	0.86	18.3
Seq7758_257_bp_-1_0_0	ENA|ABD49687|ABD49687.1	71.43	9	2	2	10	16	265	273	1	20.5
Seq7758_257_bp_-1_0_0	ENA|ABD33854|ABD33854.1	50.00	4	2	0	9	12	43	46	1.2	15.6
Seq7758_257_bp_-1_0_0	ENA|AAC26660|AAC26660.1	100.00	4	0	0	12	15	148	151	1.8	17.0
Seq7758_257_bp_-1_0_0	ENA|ABK71357|ABK71357.1	60.00	22	6	7	1	16	341	361	1.9	17.4
Seq7758_257_bp_-1_0_0	ENA|AAB03707|AAB03707.1	60.00	5	2	0	7	11	640	644	2.1	19.2
Seq7758_257_bp_-1_0_0	ENA|AAR37016|AAR37016.1	80.00	5	1	0	10	14	1022	1026	2.6	19.6
Seq7758_257_bp_-1_0_0	ENA|AAS77176|AAS77176.1	100.00	4	0	0	13	16	138	141	2.8	16.5
Seq7758_257_bp_-1_0_0	ENA|CAB75732|CAB75732.1	50.00	6	3	0	7	12	607	612	3.2	18.3
Seq7758_257_bp_-1_0_0	ENA|AAA32624|AAA32624.1	75.00	4	1	0	9	12	358	361	3.7	17.0
Seq7758_257_bp_-1_0_0	ENA|CAA11507|CAA11507.1	80.00	5	1	0	3	7	97	101	3.8	18.3
Seq7758_257_bp_-1_0_0	ENA|CAA26939|CAA26939.1	75.00	4	1	0	9	12	406	409	4	17.0
Seq7758_257_bp_-1_0_0	ENA|BAA32018|BAA32018.1	71.43	9	2	2	2	10	16	22	4.4	17.0
Seq7758_257_bp_-1_0_0	ENA|AAB66912|AAB66912.1	80.00	5	1	0	2	6	292	296	4.7	17.4
Seq7758_257_bp_-1_0_0	ENA|ABG75784|ABG75784.1	70.00	15	3	5	7	16	51	65	5.4	15.6
Seq7758_257_bp_-1_0_0	ENA|CAA24711|CAA24711.1	50.00	17	7	3	3	16	109	125	5.6	14.7
Seq7758_257_bp_-1_0_0	ENA|CAA36714|CAA36714.1	60.00	5	2	0	8	12	377	381	5.9	16.1
Seq7758_257_bp_-1_0_0	ENA|AAC97205|AAC97205.1	57.14	7	3	0	1	7	1011	1017	6.2	17.4
Seq7758_257_bp_-1_0_0	ENA|AAA42531|AAA42531.1	50.00	14	6	2	1	12	50	63	6.7	15.6
Seq7758_257_bp_-1_0_0	ENA|BAA36759|BAA36759.1	41.67	16	7	4	2	13	7	22	6.8	15.2
Seq7758_257_bp_-1_0_0	ENA|AAF79734|AAF79734.1	40.00	12	6	2	2	11	1347	1358	7.2	17.4
Seq7758_257_bp_-1_0_0	ENA|AAI27517|AAI27517.1	37.50	8	5	0	8	15	222	229	7.4	16.1
Seq7758_257_bp_-1_0_0	ENA|CAA29968|CAA29968.1	100.00	3	0	0	3	5	132	134	8.3	14.3
Seq7758_257_bp_-1_0_0	ENA|AAA25966|AAA25966.1	50.00	10	4	2	1	8	622	631	8.9	16.1
Seq7758_257_bp_-1_0_1	ENA|AAQ92751|AAQ92751.2	50.00	14	7	0	6	19	629	642	0.48	21.9
Seq7758_257_bp_-1_0_1	ENA|AAC26660|AAC26660.1	100.00	4	0	0	16	19	18	21	1.1	18.2
Seq7758_257_bp_-1_0_1	ENA|ACH70901|ACH70901.1	70.00	14	3	4	4	16	232	242	1.9	17.9
Seq7758_257_bp_-1_0_1	ENA|CAA43419|CAA43419.1	40.00	22	12	2	3	22	208	229	2	17.9
Seq7758_257_bp_-1_0_1	ENA|AAC17860|AAC17860.1	50.00	12	5	2	14	23	103	114	3.4	17.2
Seq7758_257_bp_-1_0_1	ENA|AAC49865|AAC49865.1	83.33	6	1	0	6	11	313	318	4.3	16.6
Seq7758_257_bp_-1_0_1	ENA|AAR37016|AAR37016.1	50.00	22	10	2	3	23	1717	1737	4.9	19.2
Seq7758_257_bp_-1_0_1	ENA|CAA45708|CAA45708.1	44.44	20	10	2	1	19	1271	1289	6.2	18.2
Seq7758_257_bp_-1_0_1	ENA|ACT10338|ACT10338.1	55.56	10	4	1	4	13	252	260	9.7	15.6
Seq7758_257_bp_-1_0_2	ENA|AAA36539|AAA36539.1	47.06	20	9	3	14	33	353	369	0.45	21.0
Seq7758_257_bp_-1_0_2	ENA|EDO47375|EDO47375.1	50.00	8	4	0	21	28	40	47	1.2	18.4
Seq7758_257_bp_-1_0_2	ENA|ACT10338|ACT10338.1	80.00	15	2	5	8	22	278	287	1.5	19.0
Seq7758_257_bp_-1_0_2	ENA|ABG75784|ABG75784.1	66.67	21	5	6	7	22	284	303	1.5	18.7
Seq7758_257_bp_-1_0_2	ENA|AAB26998|AAB26998.1	100.00	4	0	0	32	35	53	56	2.4	16.0
Seq7758_257_bp_-1_0_2	ENA|CAA73529|CAA73529.1	57.14	7	3	0	12	18	32	38	3.3	17.3
Seq7758_257_bp_-1_0_2	ENA|ABN10845|ABN10845.1	72.73	22	3	11	3	13	23	44	4.2	16.7
Seq7758_257_bp_-1_0_2	ENA|AAS77176|AAS77176.1	54.55	11	5	0	11	21	185	195	4.4	17.0
Seq7758_257_bp_-1_0_2	ENA|AAA24145|AAA24145.1	50.00	17	7	3	3	18	312	326	4.4	17.7
Seq7758_257_bp_-1_0_2	ENA|CAA45708|CAA45708.1	66.67	6	2	0	10	15	638	643	4.5	19.4
Seq7758_257_bp_-1_0_2	ENA|CAA29956|CAA29956.1	30.00	10	7	0	3	12	17	26	4.5	17.3
Seq7758_257_bp_-1_0_2	ENA|ABD33854|ABD33854.1	50.00	13	6	1	4	16	16	27	4.9	14.6
Seq7758_257_bp_-1_0_2	ENA|AAQ92751|AAQ92751.2	46.67	16	8	1	9	23	696	711	5.1	19.0
Seq7758_257_bp_-1_0_2	ENA|AAA42531|AAA42531.1	54.55	12	5	1	23	34	235	245	5.8	17.0
Seq7758_257_bp_-1_0_2	ENA|CAL82360|CAL82360.1	50.00	10	5	0	24	33	941	950	6	18.7
Seq7758_257_bp_-1_0_2	ENA|CAA28033|CAA28033.1	44.44	33	15	6	4	33	930	959	6	18.7
Seq7758_257_bp_-1_0_2	ENA|AAC49865|AAC49865.1	88.89	13	1	4	27	36	228	239	6.2	16.7
Seq7758_257_bp_-1_0_2	ENA|BAA32956|BAA32956.1	46.15	13	7	0	17	29	125	137	6.3	16.0
Seq7758_257_bp_-1_0_2	ENA|AAR37016|AAR37016.1	77.78	12	2	3	17	28	188	196	6.8	19.4
Seq7758_257_bp_-1_0_2	ENA|AAB03707|AAB03707.1	35.29	20	11	3	1	20	1270	1286	7.9	18.4
Seq7758_257_bp_-1_0_2	ENA|CAA36214|CAA36214.1	66.67	6	2	0	26	31	49	54	8.9	16.0
Seq7758_257_bp_-1_0_2	ENA|AAA72732|AAA72732.1	55.56	22	8	4	8	29	145	162	9.1	16.0
Seq7758_257_bp_-1_0_2	ENA|AAA18786|AAA18786.1	80.00	5	1	0	20	24	7	11	9.8	15.7
Seq7758_257_bp_-1_1_0	ENA|CAA28033|CAA28033.1	44.44	9	5	0	3	11	1000	1008	0.33	21.4
Seq7758_257_bp_-1_1_0	ENA|AAA32624|AAA32624.1	80.00	5	1	0	4	8	314	318	0.75	18.9
Seq7758_257_bp_-1_1_0	ENA|CAA26939|CAA26939.1	80.00	5	1	0	4	8	362	366	0.82	18.9
Seq7758_257_bp_-1_1_0	ENA|AAI27517|AAI27517.1	44.44	9	5	0	4	12	447	455	2.3	17.4
Seq7758_257_bp_-1_1_0	ENA|AAC17860|AAC17860.1	57.14	7	3	0	4	10	167	173	2.6	16.7
Seq7758_257_bp_-1_1_0	ENA|AAA18786|AAA18786.1	40.00	11	6	1	3	12	87	97	3.5	15.6
Seq7758_257_bp_-1_1_0	ENA|CAL82360|CAL82360.1	37.50	8	5	0	3	10	983	990	3.8	17.8
Seq7758_257_bp_-1_1_0	ENA|AAF79734|AAF79734.1	66.67	6	2	0	7	12	213	218	5.4	17.4
Seq7758_257_bp_-1_1_0	ENA|BAA32956|BAA32956.1	66.67	6	2	0	2	7	25	30	5.7	14.6
Seq7758_257_bp_-1_1_0	ENA|AAQ92751|AAQ92751.2	66.67	6	2	0	4	9	534	539	6.5	17.1
Seq7758_257_bp_-1_1_0	ENA|AAA72732|AAA72732.1	83.33	9	1	3	3	11	297	302	6.6	14.9
Seq7758_257_bp_-1_1_0	ENA|CAA29956|CAA29956.1	71.43	8	2	1	2	9	289	295	7.8	14.9
Seq7758_257_bp_-1_1_0	ENA|CAA36214|CAA36214.1	57.14	9	3	2	4	12	173	179	8.1	14.6
Seq7758_257_bp_-1_1_0	ENA|AAC49865|AAC49865.1	44.44	11	5	2	2	12	44	52	8.7	14.6
Seq7758_257_bp_-1_1_0	ENA|ABN10845|ABN10845.1	100.00	3	0	0	3	5	52	54	9.4	13.8
Seq7758_257_bp_-1_2_0	ENA|AAC97205|AAC97205.1	53.85	14	6	1	1	13	537	550	1.2	20.0
Seq7758_257_bp_-1_2_0	ENA|ACH70901|ACH70901.1	83.33	8	1	2	11	16	289	296	2	17.4
Seq7758_257_bp_-1_2_0	ENA|BAA32991|BAA32991.1	71.43	10	2	3	10	16	19	28	3.4	14.2
Seq7758_257_bp_-1_2_0	ENA|EDO47375|EDO47375.1	80.00	5	1	0	8	12	178	182	3.9	15.5
Seq7758_257_bp_-1_2_0	ENA|AAR37016|AAR37016.1	57.14	7	3	0	10	16	1258	1264	4.2	19.0
Seq7758_257_bp_-1_2_0	ENA|CAA28033|CAA28033.1	100.00	5	0	0	4	8	587	591	8.5	17.1
Seq7758_257_bp_-1_2_0	ENA|AAA24145|AAA24145.1	100.00	4	0	0	8	11	122	125	9	15.5
Seq7758_257_bp_-1_2_0	ENA|ABK71357|ABK71357.1	75.00	4	1	0	14	17	350	353	9	15.2
Seq7758_257_bp_-1_2_1	ENA|AAR31603|AAR31603.1	54.55	12	5	1	11	22	119	129	0.062	22.8
Seq7758_257_bp_-1_2_1	ENA|CAB75732|CAB75732.1	100.00	5	0	0	20	24	834	838	0.76	21.0
Seq7758_257_bp_-1_2_1	ENA|AAS77176|AAS77176.1	62.50	9	3	1	3	10	176	184	0.84	18.8
Seq7758_257_bp_-1_2_1	ENA|BAA32956|BAA32956.1	80.00	5	1	0	16	20	143	147	1.3	17.8
Seq7758_257_bp_-1_2_1	ENA|AAC40132|AAC40132.1	33.33	22	14	1	4	24	62	83	2.2	18.1
Seq7758_257_bp_-1_2_1	ENA|ACT10338|ACT10338.1	64.29	22	5	8	3	20	71	88	2.4	17.8
Seq7758_257_bp_-1_2_1	ENA|AAC08817|AAC08817.1	100.00	3	0	0	12	14	82	84	2.6	16.3
Seq7758_257_bp_-1_2_1	ENA|AAA25966|AAA25966.1	63.64	14	4	3	5	15	299	312	2.7	18.5
Seq7758_257_bp_-1_2_1	ENA|AAF79734|AAF79734.1	57.14	31	9	10	1	24	639	666	3.2	19.2
Seq7758_257_bp_-1_2_1	ENA|CAA11507|CAA11507.1	45.45	11	6	0	14	24	1011	1021	3.9	18.8
Seq7758_257_bp_-1_2_1	ENA|CAA26023|CAA26023.1	66.67	6	2	0	14	19	123	128	4.8	16.7
Seq7758_257_bp_-1_2_1	ENA|ABD33854|ABD33854.1	80.00	7	1	2	8	12	56	62	5.8	13.8
Seq7758_257_bp_-1_2_1	ENA|ABD49687|ABD49687.1	70.00	17	3	7	9	18	1665	1681	6.1	18.5
Seq7758_257_bp_-1_2_1	ENA|AAQ92751|AAQ92751.2	53.85	16	6	3	9	23	618	631	6.3	18.1
Seq7758_257_bp_-1_2_1	ENA|ABG75784|ABG75784.1	40.00	16	9	1	1	15	181	196	6.3	16.0
Seq7758_257_bp_-1_2_1	ENA|AAA32624|AAA32624.1	100.00	4	0	0	21	24	431	434	6.4	16.7
Seq7758_257_bp_-1_2_1	ENA|AAC49865|AAC49865.1	60.00	10	4	0	15	24	164	173	6.6	16.0
Seq7758_257_bp_-1_2_1	ENA|AAI27517|AAI27517.1	45.45	11	6	0	13	23	227	237	7.2	16.7
Seq7758_257_bp_-1_2_1	ENA|CAA36714|CAA36714.1	58.33	16	5	4	1	14	384	397	7.3	16.3
Seq7758_257_bp_-1_2_1	ENA|AAA36539|AAA36539.1	50.00	6	3	0	14	19	80	85	7.4	16.3
Seq7758_257_bp_-1_2_1	ENA|CAA28033|CAA28033.1	66.67	6	2	0	1	6	1291	1296	7.5	17.8
Seq7758_257_bp_-1_2_1	ENA|ABN10845|ABN10845.1	83.33	7	1	1	15	20	30	36	9	14.9
Seq7758_257_bp_-1_2_1	ENA|CAL82360|CAL82360.1	50.00	23	9	5	2	23	868	886	9.3	17.4
Seq7758_257_bp_-1_2_2	ENA|AAA24145|AAA24145.1	64.29	19	5	5	5	18	147	165	0.18	21.6
Seq7758_257_bp_-1_2_2	ENA|AAC17860|AAC17860.1	46.15	13	7	0	8	20	330	342	0.82	19.2
Seq7758_257_bp_-1_2_2	ENA|ACT10338|ACT10338.1	71.43	8	2	1	15	21	64	71	1.6	18.2
Seq7758_257_bp_-1_2_2	ENA|BAA32956|BAA32956.1	62.50	8	3	0	11	18	137	144	2.2	16.8
Seq7758_257_bp_-1_2_2	ENA|BAB79260|BAB79260.1	63.64	14	4	3	2	15	171	181	2.9	17.5
Seq7758_257_bp_-1_2_2	ENA|AAA72732|AAA72732.1	60.00	5	2	0	6	10	108	112	3.2	16.8
Seq7758_257_bp_-1_2_2	ENA|CAA28033|CAA28033.1	60.00	18	6	3	6	20	558	575	3.2	18.8
Seq7758_257_bp_-1_2_2	ENA|AAB26998|AAB26998.1	71.43	10	2	3	1	10	39	45	3.4	14.7
Seq7758_257_bp_-1_2_2	ENA|CCP43727|CCP43727.1	50.00	12	6	0	7	18	230	241	4.3	16.4
Seq7758_257_bp_-1_2_2	ENA|CAA26939|CAA26939.1	83.33	6	1	0	2	7	77	82	5.8	16.8
Seq7758_257_bp_-1_2_2	ENA|CAL82360|CAL82360.1	58.33	12	5	0	4	15	360	371	7.9	17.5
Seq7758_257_bp_-1_2_2	ENA|AAA36114|AAA36114.1	42.86	7	4	0	1	7	208	214	8.1	16.1
