Seq8244_564_bp_1_0_0	ENA|CAA45708|CAA45708.1	100.00	188	0	0	1	188	1101	1288	1.5e-86	309.1
Seq8244_564_bp_1_0_0	ENA|CAA45708|CAA45708.1	30.59	89	59	4	15	103	1016	1100	0.00054	34.8
Seq8244_564_bp_1_0_0	ENA|CAB75732|CAB75732.1	24.72	193	134	15	1	186	94	278	2e-08	49.2
Seq8244_564_bp_1_0_0	ENA|AAQ92751|AAQ92751.2	19.86	144	113	3	26	167	49	191	0.0019	32.9
Seq8244_564_bp_1_0_0	ENA|AAB03707|AAB03707.1	20.69	152	115	7	23	174	620	764	0.055	28.0
Seq8244_564_bp_1_0_0	ENA|AAF79734|AAF79734.1	26.05	132	88	13	1	123	497	624	0.068	27.8
Seq8244_564_bp_1_0_0	ENA|AAF79734|AAF79734.1	21.78	103	79	2	64	165	270	371	0.22	26.1
Seq8244_564_bp_1_0_0	ENA|AAF79734|AAF79734.1	29.52	123	74	18	28	139	72	187	0.43	25.1
Seq8244_564_bp_1_0_0	ENA|AAC17860|AAC17860.1	27.63	84	55	8	49	130	172	249	0.12	25.1
Seq8244_564_bp_1_0_0	ENA|AAR37016|AAR37016.1	20.50	176	128	15	10	179	710	876	0.7	25.1
Seq8244_564_bp_1_0_0	ENA|AAI27517|AAI27517.1	20.90	146	106	12	24	162	8	148	1.1	22.4
Seq8244_564_bp_1_0_0	ENA|ABD49687|ABD49687.1	17.35	99	81	1	21	118	79	177	1.4	23.7
Seq8244_564_bp_1_0_0	ENA|BAA32018|BAA32018.1	27.36	124	77	18	26	133	471	592	1.4	22.2
Seq8244_564_bp_1_0_0	ENA|CAA26023|CAA26023.1	27.12	62	43	3	58	116	253	314	1.4	21.5
Seq8244_564_bp_1_0_0	ENA|AAR31603|AAR31603.1	24.53	53	40	0	30	82	253	305	1.4	21.2
Seq8244_564_bp_1_0_0	ENA|CAA28033|CAA28033.1	29.07	97	61	11	51	146	444	530	1.5	23.2
Seq8244_564_bp_1_0_0	ENA|AAC08817|AAC08817.1	23.81	44	32	2	46	87	108	151	3.6	18.8
Seq8244_564_bp_1_0_0	ENA|AAC78721|AAC78721.1	23.01	129	87	16	6	128	462	580	5.6	20.2
Seq8244_564_bp_1_0_0	ENA|AAA25966|AAA25966.1	25.00	142	99	10	19	156	464	599	7	20.0
Seq8244_564_bp_1_0_0	ENA|AAC97205|AAC97205.1	28.57	56	35	7	1	56	61	109	7.2	20.7
Seq8244_564_bp_1_0_0	ENA|CAA24711|CAA24711.1	21.05	38	30	0	2	39	39	76	7.5	17.8
Seq8244_564_bp_1_0_0	ENA|AAA72732|AAA72732.1	32.31	73	44	8	102	173	121	186	8.2	18.5
Seq8244_564_bp_1_0_0	ENA|CAD53387|CAD53387.1	22.81	124	88	10	11	129	47	165	9.3	19.0
Seq8244_564_bp_1_0_0	ENA|AAC49865|AAC49865.1	31.25	75	44	11	106	170	258	331	10	18.3
Seq8244_564_bp_1_1_0	ENA|CAA29956|CAA29956.1	44.44	9	5	0	1	9	267	275	3.7	15.8
Seq8244_564_bp_1_1_0	ENA|AAC08817|AAC08817.1	42.86	7	4	0	1	7	77	83	8.3	13.3
Seq8244_564_bp_1_1_0	ENA|AAC49865|AAC49865.1	55.56	9	4	0	1	9	33	41	8.6	14.3
Seq8244_564_bp_1_1_1	ENA|BAA32018|BAA32018.1	30.00	20	14	0	2	21	86	105	3	18.3
Seq8244_564_bp_1_1_1	ENA|CAA24711|CAA24711.1	33.33	21	14	0	8	28	70	90	3.1	16.5
Seq8244_564_bp_1_1_1	ENA|CAA26939|CAA26939.1	32.00	25	17	0	5	29	267	291	5.2	17.4
Seq8244_564_bp_1_1_1	ENA|AAA42531|AAA42531.1	60.00	10	4	0	7	16	340	349	6.7	16.5
Seq8244_564_bp_1_1_2	ENA|CAA29956|CAA29956.1	41.18	17	10	0	6	22	257	273	3.8	17.2
Seq8244_564_bp_1_1_2	ENA|AAA72732|AAA72732.1	42.11	22	11	3	1	19	189	210	5	16.5
Seq8244_564_bp_1_1_2	ENA|CAA24711|CAA24711.1	33.33	21	14	0	4	24	67	87	5.4	15.5
Seq8244_564_bp_1_1_2	ENA|AAC40132|AAC40132.1	57.14	15	6	1	6	20	463	476	6	16.8
Seq8244_564_bp_1_1_2	ENA|AAC17860|AAC17860.1	46.67	15	8	0	2	16	173	187	6.4	16.5
Seq8244_564_bp_1_1_2	ENA|CAL82360|CAL82360.1	31.82	23	15	1	5	27	718	739	6.5	18.1
Seq8244_564_bp_1_1_2	ENA|ABG75784|ABG75784.1	29.41	17	12	0	10	26	178	194	7.6	15.9
Seq8244_564_bp_1_1_3	ENA|ABD49687|ABD49687.1	50.00	14	7	0	1	14	1714	1727	1.9	21.3
Seq8244_564_bp_1_1_3	ENA|AAF79734|AAF79734.1	33.33	46	28	4	9	50	1214	1259	2	21.0
Seq8244_564_bp_1_1_3	ENA|ACT10338|ACT10338.1	28.00	28	18	3	1	25	43	70	3.2	18.4
Seq8244_564_bp_1_1_3	ENA|AAA24145|AAA24145.1	62.50	19	6	3	26	41	359	377	3.8	18.4
Seq8244_564_bp_1_1_3	ENA|AAA36539|AAA36539.1	18.52	27	22	0	14	40	178	204	3.9	18.4
Seq8244_564_bp_1_1_3	ENA|AAC40132|AAC40132.1	31.43	39	24	4	17	51	128	166	3.9	18.4
Seq8244_564_bp_1_1_3	ENA|CAB75732|CAB75732.1	18.52	27	22	0	18	44	419	445	4.8	19.4
Seq8244_564_bp_1_1_3	ENA|AAA25966|AAA25966.1	42.86	36	16	8	16	49	284	313	5.9	18.4
Seq8244_564_bp_1_1_3	ENA|BAB79260|BAB79260.1	38.89	18	11	0	16	33	106	123	7.2	17.4
Seq8244_564_bp_1_1_4	ENA|AAC49865|AAC49865.1	37.50	27	15	3	2	25	69	95	0.23	21.0
Seq8244_564_bp_1_1_4	ENA|BAB17681|BAB17681.1	25.00	20	15	0	1	20	152	171	2.3	17.4
Seq8244_564_bp_1_1_4	ENA|CAA11507|CAA11507.1	40.00	15	9	0	7	21	909	923	8.4	17.7
Seq8244_564_bp_1_1_4	ENA|AAF79734|AAF79734.1	45.00	23	11	3	4	24	1082	1103	8.9	17.7
Seq8244_564_bp_1_1_5	ENA|AAC26660|AAC26660.1	80.00	5	1	0	5	9	233	237	2.7	16.0
Seq8244_564_bp_1_1_5	ENA|CAA26023|CAA26023.1	50.00	10	5	0	1	10	172	181	2.9	16.4
Seq8244_564_bp_1_1_5	ENA|AAS77176|AAS77176.1	100.00	3	0	0	2	4	5	7	5.7	15.0
Seq8244_564_bp_1_1_5	ENA|AAA25966|AAA25966.1	60.00	5	2	0	2	6	324	328	7.3	16.0
Seq8244_564_bp_1_1_5	ENA|AAA42531|AAA42531.1	50.00	6	3	0	1	6	124	129	7.5	15.0
Seq8244_564_bp_1_1_5	ENA|BAA32956|BAA32956.1	42.86	8	4	1	2	9	91	97	7.7	14.1
Seq8244_564_bp_1_1_5	ENA|AAC17860|AAC17860.1	41.67	12	7	0	1	12	192	203	7.9	15.0
Seq8244_564_bp_1_1_5	ENA|BAA05866|BAA05866.1	50.00	13	5	3	3	12	88	100	8.1	14.6
Seq8244_564_bp_1_1_5	ENA|CAA24711|CAA24711.1	75.00	4	1	0	2	5	22	25	8.6	13.6
Seq8244_564_bp_1_1_5	ENA|AAC97205|AAC97205.1	50.00	6	3	0	1	6	896	901	8.9	16.4
Seq8244_564_bp_1_2_0	ENA|AAB96524|AAB96524.1	75.00	9	2	1	2	10	118	125	2.4	15.6
Seq8244_564_bp_1_2_0	ENA|CAA29956|CAA29956.1	83.33	6	1	0	6	11	347	352	3.6	16.0
Seq8244_564_bp_1_2_0	ENA|AAC17860|AAC17860.1	50.00	10	5	0	2	11	400	409	3.9	16.0
Seq8244_564_bp_1_2_0	ENA|AAC78721|AAC78721.1	71.43	7	2	0	5	11	573	579	4.7	16.4
Seq8244_564_bp_1_2_0	ENA|BAA32956|BAA32956.1	44.44	9	5	0	1	9	196	204	6.2	14.3
Seq8244_564_bp_1_2_0	ENA|CAA45199|CAA45199.1	80.00	5	1	0	2	6	163	167	7.6	15.1
Seq8244_564_bp_1_2_0	ENA|AAA36539|AAA36539.1	80.00	5	1	0	2	6	324	328	7.7	15.1
Seq8244_564_bp_1_2_0	ENA|ABN10845|ABN10845.1	80.00	5	1	0	1	5	183	187	8.3	13.9
Seq8244_564_bp_1_2_0	ENA|AAA24145|AAA24145.1	40.00	10	6	0	2	11	254	263	9.8	14.7
Seq8244_564_bp_1_2_1	ENA|ABD33854|ABD33854.1	57.14	7	3	0	3	9	29	35	0.78	15.5
Seq8244_564_bp_1_2_1	ENA|AAA36539|AAA36539.1	60.00	12	4	2	1	10	197	208	1.6	17.3
Seq8244_564_bp_1_2_1	ENA|AAB96524|AAB96524.1	57.14	7	3	0	4	10	82	88	4.2	14.6
Seq8244_564_bp_1_2_1	ENA|BAA32956|BAA32956.1	57.14	7	3	0	4	10	179	185	4.7	14.6
Seq8244_564_bp_1_2_1	ENA|AAC08817|AAC08817.1	77.78	11	2	2	1	10	126	135	4.8	14.1
Seq8244_564_bp_1_2_1	ENA|CAA26939|CAA26939.1	55.56	9	4	0	1	9	225	233	6.7	15.5
Seq8244_564_bp_1_2_1	ENA|AAC97205|AAC97205.1	57.14	7	3	0	2	8	321	327	7.6	16.4
Seq8244_564_bp_1_2_1	ENA|CAA28033|CAA28033.1	83.33	6	1	0	4	9	798	803	7.9	16.4
Seq8244_564_bp_1_2_2	ENA|AAA72732|AAA72732.1	54.55	11	5	0	1	11	115	125	0.086	21.3
Seq8244_564_bp_1_2_2	ENA|AAB03707|AAB03707.1	66.67	9	3	0	2	10	75	83	0.55	20.7
Seq8244_564_bp_1_2_2	ENA|AAF79734|AAF79734.1	55.56	9	4	0	2	10	904	912	0.83	20.2
Seq8244_564_bp_1_2_2	ENA|AAA36114|AAA36114.1	57.14	7	3	0	6	12	144	150	0.86	18.6
Seq8244_564_bp_1_2_2	ENA|CAA11507|CAA11507.1	77.78	10	2	1	2	10	101	110	1.1	19.7
Seq8244_564_bp_1_2_2	ENA|AAA18786|AAA18786.1	40.00	10	6	0	2	11	56	65	2.7	16.0
Seq8244_564_bp_1_2_2	ENA|BAB79260|BAB79260.1	57.14	7	3	0	4	10	21	27	3.2	16.5
Seq8244_564_bp_1_2_2	ENA|CAA45199|CAA45199.1	30.00	10	7	0	3	12	226	235	4.7	16.0
Seq8244_564_bp_1_2_2	ENA|AAR37016|AAR37016.1	66.67	9	3	0	1	9	1064	1072	5.5	18.1
Seq8244_564_bp_1_2_2	ENA|AAC17860|AAC17860.1	44.44	9	5	0	2	10	384	392	5.9	15.5
Seq8244_564_bp_1_2_2	ENA|AAQ92751|AAQ92751.2	36.36	11	7	0	1	11	1344	1354	6.6	17.1
Seq8244_564_bp_1_2_2	ENA|CAA36714|CAA36714.1	80.00	5	1	0	2	6	179	183	6.6	15.5
Seq8244_564_bp_1_2_2	ENA|AAC49865|AAC49865.1	80.00	5	1	0	8	12	98	102	6.7	15.0
Seq8244_564_bp_1_2_2	ENA|AAC40132|AAC40132.1	57.14	7	3	0	2	8	245	251	6.8	15.5
Seq8244_564_bp_1_2_2	ENA|CAA29956|CAA29956.1	44.44	9	5	0	3	11	174	182	7.6	15.0
Seq8244_564_bp_1_2_2	ENA|ABD49687|ABD49687.1	60.00	11	4	1	1	10	683	693	8.1	17.1
Seq8244_564_bp_1_2_2	ENA|AAB26998|AAB26998.1	33.33	6	4	0	3	8	67	72	9.6	12.3
Seq8244_564_bp_1_2_2	ENA|AAA25966|AAA25966.1	40.00	10	6	0	3	12	379	388	9.9	15.5
Seq8244_564_bp_1_2_3	ENA|EDO47375|EDO47375.1	37.50	8	5	0	2	9	148	155	4.2	14.6
Seq8244_564_bp_1_2_3	ENA|BAA32991|BAA32991.1	40.00	10	6	0	1	10	52	61	4.8	12.9
Seq8244_564_bp_1_2_3	ENA|ACH70901|ACH70901.1	50.00	10	5	0	1	10	232	241	5.9	15.0
Seq8244_564_bp_1_2_4	ENA|CAA29968|CAA29968.1	33.33	12	8	0	3	14	176	187	1.3	16.9
Seq8244_564_bp_1_2_4	ENA|CAB75732|CAB75732.1	55.56	9	4	0	3	11	564	572	1.6	19.1
Seq8244_564_bp_1_2_4	ENA|AAC08817|AAC08817.1	50.00	12	6	0	2	13	68	79	3.4	15.1
Seq8244_564_bp_1_2_4	ENA|CAA24711|CAA24711.1	55.56	9	4	0	2	10	144	152	3.8	15.1
Seq8244_564_bp_1_2_4	ENA|ABG75784|ABG75784.1	30.00	10	7	0	3	12	185	194	4.9	15.6
Seq8244_564_bp_1_2_4	ENA|AAQ92751|AAQ92751.2	58.33	12	5	0	2	13	585	596	6.3	17.3
Seq8244_564_bp_1_2_4	ENA|CAA11507|CAA11507.1	50.00	12	6	0	2	13	524	535	8.3	16.9
Seq8244_564_bp_1_2_4	ENA|ABD33854|ABD33854.1	57.14	7	3	0	7	13	28	34	8.4	12.5
Seq8244_564_bp_1_2_4	ENA|AAC26660|AAC26660.1	60.00	5	2	0	10	14	181	185	9.7	14.2
Seq8244_564_bp_1_2_4	ENA|AAA36539|AAA36539.1	100.00	4	0	0	11	14	204	207	9.8	15.1
Seq8244_564_bp_1_2_5	ENA|AAA32624|AAA32624.1	40.74	29	16	2	4	31	307	334	1.2	19.6
Seq8244_564_bp_1_2_5	ENA|AAC26660|AAC26660.1	23.33	31	23	1	1	30	175	205	6	16.1
Seq8244_564_bp_1_2_6	ENA|AAA36539|AAA36539.1	41.18	17	10	0	1	17	404	420	0.22	21.3
Seq8244_564_bp_1_2_6	ENA|ACH70901|ACH70901.1	71.43	7	2	0	11	17	241	247	2	17.7
Seq8244_564_bp_1_2_6	ENA|AAA36114|AAA36114.1	50.00	12	6	0	4	15	401	412	4.5	17.0
Seq8244_564_bp_1_2_6	ENA|AAI27517|AAI27517.1	41.67	12	7	0	10	21	550	561	6.6	16.6
Seq8244_564_bp_1_2_6	ENA|AAR31603|AAR31603.1	62.50	8	3	0	9	16	160	167	7.6	15.6
Seq8244_564_bp_1_2_7	ENA|BAA32991|BAA32991.1	36.36	11	7	0	1	11	16	26	6.6	13.4
Seq8244_564_bp_-1_0_0	ENA|BAA32991|BAA32991.1	66.67	8	2	2	6	11	4	11	1.6	14.9
Seq8244_564_bp_-1_0_0	ENA|AAA42531|AAA42531.1	50.00	6	3	0	4	9	152	157	4.7	15.7
Seq8244_564_bp_-1_0_0	ENA|BAA32956|BAA32956.1	60.00	5	2	0	7	11	76	80	4.7	14.9
Seq8244_564_bp_-1_0_0	ENA|AAB26998|AAB26998.1	40.00	5	3	0	6	10	50	54	7.8	12.7
Seq8244_564_bp_-1_0_0	ENA|AAA32624|AAA32624.1	60.00	10	4	0	1	10	240	249	8.2	15.3
Seq8244_564_bp_-1_0_0	ENA|CAA11507|CAA11507.1	80.00	5	1	0	6	10	33	37	8.5	16.6
Seq8244_564_bp_-1_0_1	ENA|BAA32956|BAA32956.1	42.11	21	11	2	20	38	7	27	2	18.0
Seq8244_564_bp_-1_0_2	ENA|ABN10845|ABN10845.1	71.43	7	2	0	6	12	50	56	0.15	20.3
Seq8244_564_bp_-1_0_2	ENA|ACT10338|ACT10338.1	45.45	11	6	0	2	12	339	349	0.93	18.4
Seq8244_564_bp_-1_0_2	ENA|AAI27517|AAI27517.1	71.43	7	2	0	4	10	442	448	1.9	18.0
Seq8244_564_bp_-1_0_2	ENA|BAB17681|BAB17681.1	23.08	13	10	0	2	14	29	41	2.3	16.6
Seq8244_564_bp_-1_0_2	ENA|CAA36214|CAA36214.1	40.00	10	6	0	1	10	165	174	2.6	16.6
Seq8244_564_bp_-1_0_2	ENA|AAC49865|AAC49865.1	33.33	6	4	0	8	13	45	50	2.8	16.6
Seq8244_564_bp_-1_0_2	ENA|CAA26023|CAA26023.1	42.86	7	4	0	6	12	169	175	3.2	16.6
Seq8244_564_bp_-1_0_2	ENA|AAS77176|AAS77176.1	60.00	5	2	0	9	13	147	151	4.5	15.7
Seq8244_564_bp_-1_0_2	ENA|ABD49687|ABD49687.1	66.67	6	2	0	5	10	392	397	5.4	18.0
Seq8244_564_bp_-1_0_2	ENA|AAC17860|AAC17860.1	75.00	4	1	0	9	12	98	101	6.3	15.7
Seq8244_564_bp_-1_0_2	ENA|CAA36714|CAA36714.1	57.14	7	3	0	2	8	56	62	7.2	15.7
Seq8244_564_bp_-1_0_3	ENA|CAA29968|CAA29968.1	36.36	11	7	0	6	16	15	25	4	16.5
Seq8244_564_bp_-1_0_3	ENA|ABN10845|ABN10845.1	33.33	27	16	3	10	34	87	112	4.5	16.5
Seq8244_564_bp_-1_0_4	ENA|EDO47375|EDO47375.1	32.26	37	21	6	1	37	94	124	6.5	16.9
Seq8244_564_bp_-1_0_4	ENA|AAC40132|AAC40132.1	31.11	50	31	5	17	66	102	146	8.5	17.8
Seq8244_564_bp_-1_0_4	ENA|AAA42531|AAA42531.1	26.09	53	34	7	8	53	253	305	9.4	17.3
Seq8244_564_bp_-1_0_4	ENA|AAA24145|AAA24145.1	26.67	49	33	4	17	61	369	417	9.6	17.6
Seq8244_564_bp_-1_1_0	ENA|CAA29968|CAA29968.1	55.56	20	8	2	41	60	8	25	1.7	18.8
Seq8244_564_bp_-1_1_0	ENA|AAR37016|AAR37016.1	35.09	69	37	12	4	65	1513	1576	3.2	21.5
Seq8244_564_bp_-1_1_0	ENA|AAB26998|AAB26998.1	64.29	15	5	1	57	70	4	18	3.5	16.4
Seq8244_564_bp_-1_1_0	ENA|AAB66912|AAB66912.1	38.71	31	19	0	13	43	171	201	9.1	18.6
Seq8244_564_bp_-1_1_0	ENA|CAA26023|CAA26023.1	44.44	28	15	1	40	66	92	119	9.4	17.2
Seq8244_564_bp_-1_1_0	ENA|AAC97205|AAC97205.1	36.36	34	21	1	26	58	1145	1178	10	18.8
Seq8244_564_bp_-1_1_1	ENA|AAA72732|AAA72732.1	40.62	34	19	2	7	39	114	146	0.22	21.8
Seq8244_564_bp_-1_1_1	ENA|EDO47375|EDO47375.1	41.67	24	14	0	5	28	103	126	0.27	20.8
Seq8244_564_bp_-1_1_1	ENA|CAA36214|CAA36214.1	43.33	35	17	5	15	44	32	66	0.34	21.2
Seq8244_564_bp_-1_1_1	ENA|AAA42531|AAA42531.1	45.00	21	11	1	7	27	158	177	0.87	20.2
Seq8244_564_bp_-1_1_1	ENA|ACH70901|ACH70901.1	27.59	29	21	0	14	42	144	172	1.3	19.5
Seq8244_564_bp_-1_1_1	ENA|AAB26998|AAB26998.1	27.59	32	21	3	14	45	39	67	1.8	16.8
Seq8244_564_bp_-1_1_1	ENA|CAL82360|CAL82360.1	38.46	43	24	4	2	43	653	692	1.8	20.8
Seq8244_564_bp_-1_1_1	ENA|AAC40132|AAC40132.1	35.71	14	9	0	30	43	281	294	2.1	19.1
Seq8244_564_bp_-1_1_1	ENA|BAB79260|BAB79260.1	30.95	45	29	3	2	46	244	285	2.5	18.8
Seq8244_564_bp_-1_1_1	ENA|AAS77176|AAS77176.1	62.50	8	3	0	13	20	117	124	3.2	17.8
Seq8244_564_bp_-1_1_1	ENA|CCP43727|CCP43727.1	38.46	28	16	2	16	43	305	330	3.7	17.8
Seq8244_564_bp_-1_1_1	ENA|AAQ92751|AAQ92751.2	37.50	16	10	0	8	23	17	32	4.8	19.5
Seq8244_564_bp_-1_1_1	ENA|CAA29968|CAA29968.1	71.43	7	2	0	10	16	25	31	6.7	16.1
Seq8244_564_bp_-1_1_1	ENA|CAA29956|CAA29956.1	44.00	29	14	4	4	32	11	35	8.1	16.8
Seq8244_564_bp_-1_1_1	ENA|ABD33854|ABD33854.1	31.25	16	11	0	15	30	7	22	8.7	14.1
Seq8244_564_bp_-1_1_1	ENA|AAA18786|AAA18786.1	35.29	17	11	0	1	17	248	264	9.1	16.1
Seq8244_564_bp_-1_1_1	ENA|ABD49687|ABD49687.1	42.86	23	12	2	10	32	38	58	9.1	18.8
Seq8244_564_bp_-1_1_2	ENA|CCP43727|CCP43727.1	60.00	10	4	0	9	18	175	184	0.85	18.6
Seq8244_564_bp_-1_1_2	ENA|AAQ92751|AAQ92751.2	50.00	14	7	0	1	14	742	755	1.2	20.2
Seq8244_564_bp_-1_1_2	ENA|ABN10845|ABN10845.1	38.46	13	8	0	3	15	95	107	1.3	17.4
Seq8244_564_bp_-1_1_2	ENA|AAS77176|AAS77176.1	33.33	15	10	0	2	16	46	60	2.3	17.0
Seq8244_564_bp_-1_1_2	ENA|CAA29956|CAA29956.1	46.15	13	7	0	6	18	208	220	3	17.0
Seq8244_564_bp_-1_1_2	ENA|BAB17681|BAB17681.1	50.00	10	5	0	9	18	57	66	3.8	16.1
Seq8244_564_bp_-1_1_2	ENA|AAA36114|AAA36114.1	57.14	7	3	0	12	18	322	328	6.8	16.1
Seq8244_564_bp_-1_1_2	ENA|ACT10338|ACT10338.1	55.56	9	4	0	1	9	185	193	6.9	15.7
Seq8244_564_bp_-1_1_2	ENA|AAR31603|AAR31603.1	41.67	12	7	0	2	13	201	212	7.7	15.3
Seq8244_564_bp_-1_1_2	ENA|BAB79260|BAB79260.1	35.29	20	11	3	2	18	174	193	8	15.7
Seq8244_564_bp_-1_1_2	ENA|AAA42531|AAA42531.1	35.71	14	9	0	4	17	208	221	9	15.3
Seq8244_564_bp_-1_1_2	ENA|CAA36214|CAA36214.1	66.67	9	3	0	7	15	272	280	9.3	14.9
Seq8244_564_bp_-1_1_3	ENA|AAB26998|AAB26998.1	44.44	11	5	2	1	9	69	79	2.8	14.1
Seq8244_564_bp_-1_1_3	ENA|CAA26939|CAA26939.1	80.00	5	1	0	7	11	20	24	8.8	15.2
Seq8244_564_bp_-1_1_3	ENA|BAA32956|BAA32956.1	50.00	6	3	0	2	7	9	14	9.1	13.7
Seq8244_564_bp_-1_1_4	ENA|AAA72732|AAA72732.1	38.89	18	11	0	1	18	5	22	0.43	19.5
Seq8244_564_bp_-1_1_4	ENA|CAL82360|CAL82360.1	44.44	18	10	0	1	18	242	259	0.68	20.9
Seq8244_564_bp_-1_1_4	ENA|AAC08817|AAC08817.1	43.75	16	9	0	3	18	56	71	1.9	16.3
Seq8244_564_bp_-1_1_4	ENA|ABN10845|ABN10845.1	36.36	11	7	0	5	15	59	69	2	16.8
Seq8244_564_bp_-1_1_4	ENA|EDO47375|EDO47375.1	50.00	12	6	0	4	15	93	104	2.3	16.3
Seq8244_564_bp_-1_1_4	ENA|ABD33854|ABD33854.1	27.27	11	8	0	1	11	14	24	2.8	14.5
Seq8244_564_bp_-1_1_4	ENA|CCP43727|CCP43727.1	36.36	11	7	0	3	13	208	218	2.9	16.8
Seq8244_564_bp_-1_1_4	ENA|AAA42531|AAA42531.1	66.67	9	3	0	3	11	379	387	3.5	16.8
Seq8244_564_bp_-1_1_4	ENA|BAA32956|BAA32956.1	50.00	8	4	0	2	9	132	139	3.5	15.9
Seq8244_564_bp_-1_1_4	ENA|AAB96524|AAB96524.1	45.45	11	6	0	1	11	50	60	4.2	15.4
Seq8244_564_bp_-1_1_4	ENA|CAA24711|CAA24711.1	35.29	18	11	1	1	17	114	131	5.4	15.0
Seq8244_564_bp_-1_1_4	ENA|AAC97205|AAC97205.1	42.86	14	8	0	5	18	1203	1216	5.7	17.7
Seq8244_564_bp_-1_1_4	ENA|AAA18786|AAA18786.1	36.36	11	7	0	2	12	4	14	6	15.4
Seq8244_564_bp_-1_1_4	ENA|CAA29956|CAA29956.1	30.00	10	7	0	9	18	14	23	6.2	15.9
Seq8244_564_bp_-1_2_0	ENA|CAA26939|CAA26939.1	60.00	10	4	0	11	20	556	565	0.058	24.0
Seq8244_564_bp_-1_2_0	ENA|BAB17681|BAB17681.1	53.85	35	12	9	1	29	145	176	0.065	22.8
Seq8244_564_bp_-1_2_0	ENA|ABD49687|ABD49687.1	69.23	14	4	1	16	28	1139	1152	0.099	24.8
Seq8244_564_bp_-1_2_0	ENA|AAA42531|AAA42531.1	37.50	31	15	7	4	27	276	306	0.49	20.4
Seq8244_564_bp_-1_2_0	ENA|AAC49865|AAC49865.1	57.14	16	6	2	3	18	224	237	0.55	20.0
Seq8244_564_bp_-1_2_0	ENA|ACT10338|ACT10338.1	33.33	18	12	0	9	26	260	277	0.86	19.6
Seq8244_564_bp_-1_2_0	ENA|BAA32018|BAA32018.1	33.33	33	20	3	1	30	391	423	1.4	19.6
Seq8244_564_bp_-1_2_0	ENA|AAA36114|AAA36114.1	50.00	15	7	1	13	26	283	297	1.5	19.2
Seq8244_564_bp_-1_2_0	ENA|BAA32956|BAA32956.1	66.67	6	2	0	25	30	5	10	2.5	17.1
Seq8244_564_bp_-1_2_0	ENA|AAC78721|AAC78721.1	48.15	33	14	6	2	29	159	190	2.6	18.7
Seq8244_564_bp_-1_2_0	ENA|AAA32624|AAA32624.1	35.00	20	13	0	11	30	508	527	2.7	18.3
Seq8244_564_bp_-1_2_0	ENA|CAA36214|CAA36214.1	30.00	10	7	0	7	16	178	187	2.7	17.5
Seq8244_564_bp_-1_2_0	ENA|CAL82360|CAL82360.1	30.00	20	14	0	6	25	520	539	2.8	19.6
Seq8244_564_bp_-1_2_0	ENA|CAA43419|CAA43419.1	50.00	17	8	1	3	18	29	45	3.3	17.5
Seq8244_564_bp_-1_2_0	ENA|AAS77176|AAS77176.1	37.50	17	10	1	1	17	135	150	3.4	17.1
Seq8244_564_bp_-1_2_0	ENA|AAI27517|AAI27517.1	45.00	23	11	3	4	26	575	594	3.9	17.9
Seq8244_564_bp_-1_2_0	ENA|BAB79260|BAB79260.1	34.48	30	19	1	2	30	327	356	4	17.5
Seq8244_564_bp_-1_2_0	ENA|BAA32991|BAA32991.1	50.00	10	5	0	3	12	5	14	4.3	14.7
Seq8244_564_bp_-1_2_0	ENA|AAB26998|AAB26998.1	46.15	13	7	0	7	19	1	13	4.9	14.7
Seq8244_564_bp_-1_2_0	ENA|AAA36539|AAA36539.1	50.00	12	6	0	3	14	418	429	5.5	17.1
Seq8244_564_bp_-1_2_0	ENA|AAR31603|AAR31603.1	41.67	13	7	1	9	21	169	180	6.6	16.3
Seq8244_564_bp_-1_2_0	ENA|BAA05866|BAA05866.1	48.00	30	13	5	2	27	240	268	8	15.9
Seq8244_564_bp_-1_2_0	ENA|AAR37016|AAR37016.1	35.00	24	13	4	4	23	216	239	8.5	18.7
Seq8244_564_bp_-1_2_1	ENA|ACH70901|ACH70901.1	40.00	15	9	0	1	15	210	224	2	18.0
Seq8244_564_bp_-1_2_1	ENA|AAB26998|AAB26998.1	45.00	24	11	4	1	24	10	29	2.6	15.4
Seq8244_564_bp_-1_2_1	ENA|ACT10338|ACT10338.1	50.00	10	5	0	3	12	49	58	2.8	17.6
Seq8244_564_bp_-1_2_1	ENA|AAA24145|AAA24145.1	43.75	16	9	0	5	20	318	333	3.3	17.6
Seq8244_564_bp_-1_2_1	ENA|CAA45199|CAA45199.1	38.10	22	13	1	1	22	264	284	4.3	17.2
Seq8244_564_bp_-1_2_1	ENA|AAA36539|AAA36539.1	40.00	15	9	0	1	15	225	239	5.5	16.8
Seq8244_564_bp_-1_2_1	ENA|AAR37016|AAR37016.1	62.50	8	3	0	17	24	1988	1995	5.8	19.1
Seq8244_564_bp_-1_2_1	ENA|BAA32991|BAA32991.1	75.00	4	1	0	22	25	6	9	6.2	13.9
Seq8244_564_bp_-1_2_2	ENA|CAA24711|CAA24711.1	50.00	19	9	1	1	18	118	136	0.9	18.3
Seq8244_564_bp_-1_2_2	ENA|BAB79260|BAB79260.1	34.62	29	17	3	3	28	237	265	1.5	19.0
Seq8244_564_bp_-1_2_2	ENA|AAA42531|AAA42531.1	50.00	17	8	1	7	22	213	229	4.9	16.9
Seq8244_564_bp_-1_2_2	ENA|CAA26023|CAA26023.1	37.50	17	10	1	9	25	79	94	6.1	16.6
Seq8244_564_bp_-1_2_2	ENA|EDO47375|EDO47375.1	30.77	13	9	0	7	19	159	171	7.5	15.3
Seq8244_564_bp_-1_2_2	ENA|ACT10338|ACT10338.1	30.43	23	16	0	6	28	137	159	7.7	16.3
Seq8244_564_bp_-1_2_2	ENA|CAA29968|CAA29968.1	37.50	18	10	2	3	20	69	84	7.7	15.3
Seq8244_564_bp_-1_2_3	ENA|AAR37016|AAR37016.1	60.00	10	4	0	2	11	466	475	2.6	20.0
Seq8244_564_bp_-1_2_3	ENA|BAB79260|BAB79260.1	56.25	17	7	1	6	21	327	343	5	16.7
Seq8244_564_bp_-1_2_4	ENA|AAC97205|AAC97205.1	40.00	15	9	0	6	20	455	469	0.77	21.3
Seq8244_564_bp_-1_2_4	ENA|ACT10338|ACT10338.1	44.00	28	14	3	4	29	260	286	2	18.3
Seq8244_564_bp_-1_2_4	ENA|AAR31603|AAR31603.1	34.78	23	15	0	1	23	249	271	2.2	17.9
Seq8244_564_bp_-1_2_4	ENA|BAB79260|BAB79260.1	33.33	21	14	0	5	25	249	269	2.3	18.3
Seq8244_564_bp_-1_2_4	ENA|ABD49687|ABD49687.1	37.50	24	15	0	6	29	1622	1645	2.3	20.2
Seq8244_564_bp_-1_2_4	ENA|AAA36114|AAA36114.1	44.44	9	5	0	16	24	139	147	3.3	17.9
Seq8244_564_bp_-1_2_4	ENA|BAA32018|BAA32018.1	30.77	33	18	7	4	29	508	540	4	17.9
Seq8244_564_bp_-1_2_4	ENA|AAA42531|AAA42531.1	38.46	13	8	0	4	16	270	282	5.4	16.8
Seq8244_564_bp_-1_2_4	ENA|BAB17681|BAB17681.1	42.86	14	8	0	2	15	81	94	6.4	16.0
Seq8244_564_bp_-1_2_4	ENA|CAA43419|CAA43419.1	41.67	26	14	2	3	27	29	53	6.6	16.4
Seq8244_564_bp_-1_2_4	ENA|AAB03707|AAB03707.1	30.77	27	18	1	2	27	1066	1092	6.7	18.3
Seq8244_564_bp_-1_2_4	ENA|CAA24711|CAA24711.1	35.00	21	13	1	5	25	115	134	6.9	15.3
Seq8244_564_bp_-1_2_4	ENA|CAD53387|CAD53387.1	36.84	21	12	2	3	23	483	501	8.9	16.4
Seq8244_564_bp_-1_2_4	ENA|AAC78721|AAC78721.1	35.29	19	11	2	3	21	151	167	9.1	16.8
Seq8244_564_bp_-1_2_4	ENA|AAC49865|AAC49865.1	25.00	20	15	0	9	28	274	293	9.7	15.6
Seq8244_564_bp_-1_2_5	ENA|ABD33854|ABD33854.1	66.67	6	2	0	5	10	7	12	0.081	18.8
Seq8244_564_bp_-1_2_5	ENA|AAR37016|AAR37016.1	44.44	9	5	0	2	10	1925	1933	2.1	19.3
Seq8244_564_bp_-1_2_5	ENA|ABN10845|ABN10845.1	50.00	6	3	0	5	10	48	53	2.3	15.7
Seq8244_564_bp_-1_2_5	ENA|AAB03707|AAB03707.1	66.67	9	3	0	2	10	1069	1077	2.5	18.3
Seq8244_564_bp_-1_2_5	ENA|CAA26023|CAA26023.1	44.44	9	5	0	2	10	55	63	2.8	16.2
Seq8244_564_bp_-1_2_5	ENA|CAL82360|CAL82360.1	55.56	9	4	0	1	9	421	429	3.3	17.8
Seq8244_564_bp_-1_2_5	ENA|AAC49865|AAC49865.1	57.14	7	3	0	1	7	251	257	4.9	15.2
Seq8244_564_bp_-1_2_5	ENA|CAA73529|CAA73529.1	57.14	7	3	0	3	9	225	231	5.8	14.7
Seq8244_564_bp_-1_2_5	ENA|BAA32991|BAA32991.1	75.00	4	1	0	2	5	39	42	6	12.6
Seq8244_564_bp_-1_2_5	ENA|AAC97205|AAC97205.1	71.43	7	2	0	3	9	846	852	6.2	16.7
Seq8244_564_bp_-1_2_5	ENA|AAA42531|AAA42531.1	50.00	8	4	0	3	10	308	315	8	14.7
Seq8244_564_bp_-1_2_5	ENA|AAA24145|AAA24145.1	57.14	7	3	0	4	10	369	375	9.4	14.7
Seq8244_564_bp_-1_2_5	ENA|AAC78721|AAC78721.1	50.00	6	3	0	5	10	211	216	9.6	15.2
Seq8244_564_bp_-1_2_5	ENA|AAQ92751|AAQ92751.2	50.00	6	3	0	1	6	682	687	9.6	16.2
