Seq10026_210_bp_1_0_0	AAA25966.1	80.00	5	1	0	1	5	486	490	1.5	18.3
Seq10026_210_bp_1_0_0	BAB79260.1	66.67	6	2	0	1	6	438	443	1.9	17.3
Seq10026_210_bp_1_0_0	ABD49687.1	80.00	5	1	0	3	7	966	970	2.5	18.8
Seq10026_210_bp_1_0_0	CAA73529.1	66.67	8	2	2	1	8	36	41	3.4	15.7
Seq10026_210_bp_1_0_0	CAA11507.1	100.00	4	0	0	3	6	190	193	4	17.8
Seq10026_210_bp_1_0_0	AAC78721.1	50.00	6	3	0	1	6	187	192	4.1	16.7
Seq10026_210_bp_1_0_0	BAA32956.1	50.00	8	4	0	5	12	26	33	5.3	14.7
Seq10026_210_bp_1_0_0	AAA24142.1	75.00	4	1	0	1	4	314	317	5.6	15.7
Seq10026_210_bp_1_0_0	AAB03707.1	36.36	11	7	0	1	11	1346	1356	5.7	17.3
Seq10026_210_bp_1_0_0	AAA72732.1	100.00	3	0	0	3	5	111	113	7.8	14.7
Seq10026_210_bp_1_0_0	ACH70904.1	60.00	5	2	0	1	5	56	60	8.8	14.7
Seq10026_210_bp_1_0_0	AAB96524.1	60.00	5	2	0	7	11	62	66	9.4	13.6
Seq10026_210_bp_1_0_0	EDO47375.1	100.00	3	0	0	4	6	38	40	9.5	13.6
Seq10026_210_bp_1_0_1	AAH69556.1	66.67	6	2	0	15	20	71	76	0.44	19.6
Seq10026_210_bp_1_0_1	AAA23282.1	100.00	7	0	1	14	20	424	429	2.4	18.0
Seq10026_210_bp_1_0_1	EDO47375.1	33.33	9	6	0	12	20	36	44	2.5	16.4
Seq10026_210_bp_1_0_1	ABN10845.1	80.00	5	1	0	3	7	102	106	2.9	16.4
Seq10026_210_bp_1_0_1	BAB70780.1	57.14	7	3	0	13	19	483	489	3	17.5
Seq10026_210_bp_1_0_1	ABK71357.1	83.33	6	1	0	5	10	311	316	3.4	16.9
Seq10026_210_bp_1_0_1	CAA73529.1	60.00	10	4	0	1	10	71	80	5.1	15.8
Seq10026_210_bp_1_0_1	CAA45199.1	30.00	10	7	0	11	20	100	109	6	16.4
Seq10026_210_bp_1_0_1	AAA45888.1	36.36	11	7	0	9	19	175	185	7.1	15.8
Seq10026_210_bp_1_0_1	BAB17681.1	50.00	8	4	0	10	17	72	79	7.3	15.3
Seq10026_210_bp_1_0_1	ABL74574.1	50.00	8	4	0	9	16	25	32	7.7	15.3
Seq10026_210_bp_1_0_1	AAR31603.1	36.36	11	7	0	6	16	129	139	8.7	15.3
Seq10026_210_bp_1_0_2	AAB64315.2	50.00	18	9	0	5	22	99	116	0.16	21.7
Seq10026_210_bp_1_0_2	AIR13712.1	34.62	27	17	1	4	29	196	222	0.65	19.7
Seq10026_210_bp_1_0_2	AAA65607.1	54.55	11	5	0	2	12	195	205	2.1	18.1
Seq10026_210_bp_1_0_2	BAB79260.1	50.00	16	8	0	9	24	38	53	2.6	18.1
Seq10026_210_bp_1_0_2	AAR31603.1	29.17	25	17	1	4	27	280	304	3.7	17.1
Seq10026_210_bp_1_0_2	AAQ92751.2	54.55	11	5	0	8	18	1273	1283	5.3	18.7
Seq10026_210_bp_1_0_2	AEE27845.1	29.17	24	17	0	4	27	283	306	5.4	18.7
Seq10026_210_bp_1_0_2	CAD53387.1	40.00	10	6	0	4	13	34	43	7.8	16.6
Seq10026_210_bp_1_1_0	AAA32624.1	100.00	6	0	0	17	22	335	340	0.34	21.0
Seq10026_210_bp_1_1_0	ABD33854.1	45.45	11	6	0	2	12	6	16	0.61	17.1
Seq10026_210_bp_1_1_0	AAA18786.1	46.15	13	7	0	6	18	4	16	0.93	18.6
Seq10026_210_bp_1_1_0	AAB64315.2	55.56	9	4	0	13	21	193	201	1.1	18.6
Seq10026_210_bp_1_1_0	CAA45199.1	66.67	6	2	0	14	19	22	27	2.3	18.1
Seq10026_210_bp_1_1_0	AAA72732.1	40.00	10	6	0	8	17	3	12	4.1	16.6
Seq10026_210_bp_1_1_0	AAA24142.1	44.44	9	5	0	16	24	316	324	4.2	17.1
Seq10026_210_bp_1_1_0	BAB79260.1	61.54	14	5	1	4	17	198	210	5.8	16.6
Seq10026_210_bp_1_1_0	CAA26230.1	66.67	6	2	0	17	22	372	377	7.1	16.6
Seq10026_210_bp_1_1_0	BAB70780.1	66.67	6	2	0	18	23	371	376	8.5	16.2
Seq10026_210_bp_1_1_1	BAB70780.1	35.29	17	11	0	7	23	133	149	1.4	19.4
Seq10026_210_bp_1_1_1	AIR13712.1	46.15	13	7	0	21	33	62	74	2.5	18.0
Seq10026_210_bp_1_1_1	AAI27517.1	55.56	9	4	0	27	35	524	532	4.4	18.0
Seq10026_210_bp_1_1_1	AAA26915.1	41.67	12	7	0	7	18	153	164	4.8	17.5
Seq10026_210_bp_1_1_1	AAC78721.1	54.55	11	5	0	18	28	480	490	5	18.0
Seq10026_210_bp_1_1_1	ABG75784.1	29.41	17	12	0	12	28	181	197	6.1	16.6
Seq10026_210_bp_1_1_1	CAA73529.1	50.00	6	3	0	3	8	98	103	7.4	16.1
Seq10026_210_bp_1_1_1	AAB03707.1	83.33	6	1	0	27	32	689	694	9.8	18.0
Seq10026_210_bp_1_1_1	AAF01122.1	62.50	8	3	0	20	27	324	331	9.9	16.1
Seq10026_210_bp_1_1_1	AAX12058.1	44.44	9	5	0	6	14	154	162	10	15.6
Seq10026_210_bp_1_2_0	AAX12058.1	55.56	9	4	0	5	13	240	248	1.1	17.8
Seq10026_210_bp_1_2_0	AAR31603.1	55.56	9	4	0	9	17	65	73	2	17.3
Seq10026_210_bp_1_2_0	AAA26915.1	55.56	9	4	0	1	9	20	28	2.8	17.3
Seq10026_210_bp_1_2_0	AAI27517.1	80.00	5	1	0	12	16	425	429	3.6	17.3
Seq10026_210_bp_1_2_0	AAB26998.1	75.00	4	1	0	10	13	27	30	5.2	13.8
Seq10026_210_bp_1_2_0	BAA32018.1	100.00	4	0	0	12	15	459	462	5.6	16.7
Seq10026_210_bp_1_2_0	EDO47375.1	71.43	7	2	0	5	11	166	172	5.6	14.9
Seq10026_210_bp_1_2_0	ABL74574.1	42.86	7	4	0	8	14	206	212	8.3	14.9
Seq10026_210_bp_1_2_0	AAC78721.1	57.14	7	3	0	1	7	448	454	8.7	16.1
Seq10026_210_bp_1_2_1	AAA72732.1	33.33	12	8	0	4	15	85	96	1	18.0
Seq10026_210_bp_1_2_1	ABK71357.1	57.14	7	3	0	9	15	211	217	1.8	17.4
Seq10026_210_bp_1_2_1	AEE27845.1	35.71	14	9	0	1	14	1184	1197	3.1	18.5
Seq10026_210_bp_1_2_1	AAR37016.1	50.00	10	5	0	4	13	358	367	3.6	19.1
Seq10026_210_bp_1_2_1	AAA32376.1	42.86	7	4	0	1	7	75	81	5.5	14.7
Seq10026_210_bp_1_2_1	AAA18786.1	44.44	9	5	0	7	15	115	123	5.8	15.2
Seq10026_210_bp_1_2_1	AAX12058.1	37.50	8	5	0	2	9	174	181	5.9	15.2
Seq10026_210_bp_1_2_1	BAA32956.1	66.67	6	2	0	4	9	80	85	6.6	14.7
Seq10026_210_bp_1_2_1	AAA26915.1	55.56	9	4	0	6	14	443	451	6.8	15.8
Seq10026_210_bp_1_2_1	ABN10845.1	42.86	7	4	0	5	11	175	181	6.8	14.7
Seq10026_210_bp_1_2_1	AAA25966.1	41.67	12	7	0	3	14	422	433	7.2	16.3
Seq10026_210_bp_1_2_1	AAB26998.1	37.50	8	5	0	8	15	31	38	7.7	13.0
Seq10026_210_bp_1_2_1	ACT10338.1	33.33	12	8	0	4	15	321	332	8.2	15.2
Seq10026_210_bp_1_2_1	CAA73529.1	66.67	6	2	0	1	6	160	165	8.5	14.7
Seq10026_210_bp_1_2_1	CAA74140.1	57.14	7	3	0	1	7	566	572	9.1	16.3
Seq10026_210_bp_1_2_2	AAC08817.1	54.55	11	5	0	1	11	9	19	0.44	18.0
Seq10026_210_bp_1_2_2	AAB64315.2	60.00	11	4	1	3	12	152	162	4.3	15.6
Seq10026_210_bp_1_2_2	AIR13712.1	37.50	8	5	0	1	8	19	26	6.3	15.1
Seq10026_210_bp_1_2_2	ACT10338.1	44.44	9	5	0	3	11	278	286	7.3	15.1
Seq10026_210_bp_1_2_2	CAA11507.1	80.00	5	1	0	8	12	625	629	7.7	16.8
Seq10026_210_bp_1_2_2	AAB96524.1	50.00	8	4	0	3	10	12	19	7.8	13.9
Seq10026_210_bp_-1_0_0	CAA45199.1	80.00	5	1	0	10	14	80	84	0.36	20.0
Seq10026_210_bp_-1_0_0	AAB96524.1	62.50	8	3	0	4	11	95	102	0.71	17.7
Seq10026_210_bp_-1_0_0	AAA26915.1	83.33	6	1	0	3	8	31	36	0.79	18.8
Seq10026_210_bp_-1_0_0	ABN10845.1	66.67	6	2	0	6	11	199	204	4.1	15.3
Seq10026_210_bp_-1_0_0	ABK71357.1	77.78	11	2	2	2	12	79	87	6.8	15.3
Seq10026_210_bp_-1_0_0	ABS38337.1	33.33	9	6	0	4	12	1149	1157	7	17.1
Seq10026_210_bp_-1_0_0	AAC78721.1	66.67	6	2	0	1	6	481	486	8.1	15.9
Seq10026_210_bp_-1_0_0	AAR37016.1	100.00	4	0	0	11	14	844	847	8.4	17.7
Seq10026_210_bp_-1_0_1	AAC17860.1	21.05	19	15	0	14	32	234	252	1.7	18.7
Seq10026_210_bp_-1_0_1	AAA25966.1	58.33	13	5	1	11	22	285	297	3	18.7
Seq10026_210_bp_-1_0_1	ABK71357.1	45.45	11	6	0	11	21	143	153	3.1	17.7
Seq10026_210_bp_-1_0_1	AAA42531.1	40.00	10	6	0	13	22	337	346	6.4	16.7
Seq10026_210_bp_-1_0_1	CAA73529.1	45.45	11	6	0	20	30	77	87	6.5	16.2
Seq10026_210_bp_-1_0_1	AAX84812.1	37.50	8	5	0	3	10	100	107	7.7	15.7
Seq10026_210_bp_-1_0_1	CAA11507.1	46.15	13	7	0	19	31	652	664	7.7	18.2
Seq10026_210_bp_-1_0_1	ABD33854.1	62.50	8	3	0	22	29	12	19	8.6	13.6
Seq10026_210_bp_-1_0_1	EDO47375.1	60.00	5	2	0	16	20	4	8	8.8	15.1
Seq10026_210_bp_-1_0_1	BAA32956.1	66.67	6	2	0	16	21	203	208	9.7	15.1
Seq10026_210_bp_-1_0_2	AAB03707.1	40.00	10	6	0	1	10	328	337	1.2	19.4
Seq10026_210_bp_-1_0_2	AII71783.1	57.14	7	3	0	1	7	47	53	1.5	16.9
Seq10026_210_bp_-1_0_2	AAA65607.1	44.44	9	5	0	2	10	146	154	1.7	16.9
Seq10026_210_bp_-1_0_2	AAC97205.1	71.43	7	2	0	4	10	270	276	2.5	18.1
Seq10026_210_bp_-1_0_2	BAA32956.1	50.00	8	4	0	2	9	115	122	3.5	15.0
Seq10026_210_bp_-1_0_2	AAA42531.1	57.14	7	3	0	1	7	262	268	4.2	15.6
Seq10026_210_bp_-1_0_2	BAB79260.1	50.00	6	3	0	5	10	31	36	4.9	15.6
Seq10026_210_bp_-1_0_2	BAB17681.1	57.14	7	3	0	3	9	8	14	6.9	14.4
Seq10026_210_bp_-1_0_2	AAB96524.1	33.33	6	4	0	4	9	11	16	7.1	13.8
Seq10026_210_bp_-1_0_2	ABL74574.1	50.00	8	4	0	1	8	277	284	7.2	14.4
Seq10026_210_bp_-1_0_2	BAB70780.1	33.33	9	6	0	1	9	62	70	7.8	15.0
Seq10026_210_bp_-1_0_2	AAI27517.1	50.00	6	3	0	4	9	565	570	9.4	15.0
Seq10026_210_bp_-1_1_0	AAI27517.1	43.75	16	9	0	11	26	97	112	0.99	19.9
Seq10026_210_bp_-1_1_0	CAA45199.1	55.56	9	4	0	3	11	347	355	1.6	18.9
Seq10026_210_bp_-1_1_0	AAA25966.1	35.29	17	11	0	6	22	9	25	1.7	19.4
Seq10026_210_bp_-1_1_0	AAA18786.1	50.00	10	5	0	12	21	69	78	1.8	17.9
Seq10026_210_bp_-1_1_0	AIR13712.1	45.45	11	6	0	12	22	87	97	3.2	17.3
Seq10026_210_bp_-1_1_0	AAR31603.1	39.13	24	14	1	1	23	288	311	3.2	17.3
Seq10026_210_bp_-1_1_0	ABD49687.1	37.50	24	15	0	1	24	168	191	7.9	18.4
Seq10026_210_bp_-1_1_0	AAH69556.1	50.00	8	4	0	3	10	196	203	8.2	15.8
Seq10026_210_bp_-1_1_0	AAA24142.1	37.50	17	10	1	3	18	172	188	8.5	16.3
Seq10026_210_bp_-1_1_0	CAA11507.1	30.43	24	16	1	3	25	1008	1031	8.9	17.9
Seq10026_210_bp_-1_1_0	AAX84812.1	66.67	6	2	0	19	24	201	206	8.9	15.3
Seq10026_210_bp_-1_1_0	AAA36565.1	42.86	7	4	0	3	9	137	143	9.1	14.8
Seq10026_210_bp_-1_1_0	AAF01122.1	36.84	19	12	0	10	28	26	44	10	15.8
Seq10026_210_bp_-1_1_1	AAA18786.1	45.45	11	6	0	3	13	176	186	0.53	18.5
Seq10026_210_bp_-1_1_1	AAB96524.1	57.14	7	3	0	7	13	145	151	0.89	17.2
Seq10026_210_bp_-1_1_1	AII71783.1	55.56	9	4	0	3	11	169	177	0.95	17.9
Seq10026_210_bp_-1_1_1	AAQ92751.2	45.45	11	6	0	3	13	665	675	1.7	19.2
Seq10026_210_bp_-1_1_1	AAB03707.1	33.33	12	8	0	2	13	852	863	2.7	18.5
Seq10026_210_bp_-1_1_1	EDO47375.1	66.67	6	2	0	1	6	9	14	3.4	15.3
Seq10026_210_bp_-1_1_1	AAI27517.1	57.14	7	3	0	5	11	347	353	4.3	16.6
Seq10026_210_bp_-1_1_1	AAC78721.1	36.36	11	7	0	3	13	63	73	4.9	16.6
Seq10026_210_bp_-1_1_1	AAH69556.1	62.50	8	3	0	5	12	67	74	5.3	15.3
Seq10026_210_bp_-1_2_0	AAB03707.1	53.33	18	7	3	2	16	1017	1034	0.65	20.9
Seq10026_210_bp_-1_2_0	AEE27845.1	85.71	7	1	0	6	12	410	416	0.96	20.3
Seq10026_210_bp_-1_2_0	ABN10845.1	50.00	10	5	0	6	15	205	214	1	17.6
Seq10026_210_bp_-1_2_0	AAQ92751.2	42.86	14	8	0	2	15	294	307	1.4	19.8
Seq10026_210_bp_-1_2_0	AAA32376.1	30.00	10	7	0	4	13	41	50	3.6	15.4
Seq10026_210_bp_-1_2_0	BAA32956.1	38.46	13	8	0	2	14	187	199	4.3	15.4
Seq10026_210_bp_-1_2_0	ABG75784.1	44.44	9	5	0	8	16	80	88	4.4	16.0
Seq10026_210_bp_-1_2_0	CAD53387.1	50.00	10	5	0	2	11	29	38	4.8	16.5
Seq10026_210_bp_-1_2_0	AAA23282.1	62.50	8	3	0	8	15	236	243	5.4	16.5
Seq10026_210_bp_-1_2_0	AAC78721.1	27.27	11	8	0	4	14	523	533	6.3	16.5
Seq10026_210_bp_-1_2_0	CAA45199.1	66.67	6	2	0	11	16	285	290	6.4	16.0
Seq10026_210_bp_-1_2_0	CAA26230.1	40.00	10	6	0	4	13	354	363	7.6	16.0
Seq10026_210_bp_-1_2_1	AAA72732.1	71.43	7	2	0	3	9	168	174	0.92	17.7
Seq10026_210_bp_-1_2_1	BAB70780.1	44.44	9	5	0	3	11	165	173	1.4	17.7
Seq10026_210_bp_-1_2_1	AEE27845.1	71.43	7	2	0	1	7	1283	1289	1.6	19.1
Seq10026_210_bp_-1_2_1	AIR13712.1	44.44	9	5	0	2	10	92	100	2.4	16.3
Seq10026_210_bp_-1_2_1	AAB03707.1	71.43	7	2	0	2	8	596	602	2.5	18.4
Seq10026_210_bp_-1_2_1	CAA26230.1	66.67	6	2	0	2	7	416	421	4.1	16.3
Seq10026_210_bp_-1_2_1	AAC78721.1	57.14	7	3	0	2	8	422	428	4.9	16.3
Seq10026_210_bp_-1_2_1	BAA32991.1	75.00	4	1	0	1	4	16	19	5.2	12.9
Seq10026_210_bp_-1_2_1	AAA32624.1	50.00	8	4	0	3	10	504	511	6	15.7
Seq10026_210_bp_-1_2_1	AAQ92751.2	80.00	5	1	0	1	5	778	782	6.2	17.0
Seq10026_210_bp_-1_2_2	AAC97205.1	38.46	13	8	0	5	17	1019	1031	1.1	20.3
Seq10026_210_bp_-1_2_2	AAC17860.1	45.45	11	6	0	1	11	87	97	1.1	18.7
Seq10026_210_bp_-1_2_2	ABS38337.1	36.36	11	7	0	5	15	177	187	1.2	20.3
Seq10026_210_bp_-1_2_2	AAX84812.1	26.67	15	11	0	6	20	211	225	1.9	17.1
Seq10026_210_bp_-1_2_2	BAA32018.1	57.14	7	3	0	7	13	343	349	7.1	16.6
Seq10026_210_bp_-1_2_2	AAH69556.1	44.44	9	5	0	5	13	199	207	7.3	15.5
Seq10026_210_bp_-1_2_2	ABN10845.1	50.00	8	4	0	9	16	124	131	7.5	15.0
Seq10026_210_bp_-1_2_2	CAA73529.1	62.50	8	3	0	6	13	250	257	9.3	15.0
Seq10026_210_bp_-1_2_2	ABD33854.1	60.00	5	2	0	11	15	37	41	9.5	12.9
Seq10026_210_bp_-1_2_3	AAA26915.1	60.00	5	2	0	1	5	372	376	3.1	16.7
Seq10026_210_bp_-1_2_3	ABS38337.1	33.33	9	6	0	1	9	949	957	3.9	17.8
Seq10026_210_bp_-1_2_3	AAA24142.1	33.33	9	6	0	1	9	102	110	4.4	16.2
Seq10026_210_bp_-1_2_3	AAC08817.1	42.86	7	4	0	6	12	88	94	5	14.5
Seq10026_210_bp_-1_2_3	AIR13712.1	57.14	7	3	0	3	9	59	65	6.7	15.1
Seq10026_210_bp_-1_2_3	BAA32018.1	40.00	10	6	0	4	13	109	118	8.6	15.6
Seq10026_210_bp_-1_2_3	AAB03707.1	33.33	9	6	0	4	12	283	291	8.7	16.7
