Seq1026_61_bp_1_0_0	AAB64315.2	95.00	20	1	0	1	20	201	220	6.5e-12	55.7
Seq1026_61_bp_1_0_0	CAA45199.1	46.67	15	8	0	4	18	393	407	0.38	20.4
Seq1026_61_bp_1_0_0	AAC17860.1	55.56	9	4	0	6	14	33	41	0.75	19.2
Seq1026_61_bp_1_0_0	CAA11507.1	38.46	13	8	0	7	19	418	430	1.1	20.4
Seq1026_61_bp_1_0_0	CAA43372.1	41.67	12	7	0	7	18	273	284	1.7	18.1
Seq1026_61_bp_1_0_0	AAC78721.1	38.46	13	8	0	1	13	536	548	1.9	18.7
Seq1026_61_bp_1_0_0	AAA72732.1	41.67	12	7	0	1	12	126	137	2	17.5
Seq1026_61_bp_1_0_0	CAA74140.1	54.55	11	5	0	6	16	272	282	2.6	18.7
Seq1026_61_bp_1_0_0	CAA73529.1	50.00	10	5	0	4	13	125	134	2.6	16.9
Seq1026_61_bp_1_0_0	AIR13712.1	41.67	12	7	0	3	14	320	331	3.1	16.9
Seq1026_61_bp_1_0_0	CAA26230.1	71.43	7	2	0	13	19	508	514	5.2	16.9
Seq1026_61_bp_1_0_0	CAA04196.1	60.00	10	4	0	5	14	288	297	5.8	16.3
Seq1026_61_bp_1_0_0	BAA32956.1	55.56	9	4	0	10	18	9	17	6.6	15.1
Seq1026_61_bp_1_0_0	AAA32624.1	50.00	10	5	0	4	13	98	107	7.2	16.3
Seq1026_61_bp_1_0_0	AAA24969.1	50.00	10	5	0	1	10	1186	1195	9	17.5
Seq1026_61_bp_1_0_0	BAB70780.1	37.50	8	5	0	7	14	253	260	9.8	15.7
Seq1026_61_bp_1_1_0	CAA45199.1	45.45	11	6	0	1	11	100	110	0.024	23.6
Seq1026_61_bp_1_1_0	AAA24142.1	50.00	8	4	0	4	11	64	71	0.95	18.2
Seq1026_61_bp_1_1_0	CAA73529.1	100.00	4	0	0	5	8	154	157	0.99	17.4
Seq1026_61_bp_1_1_0	CAA26230.1	50.00	6	3	0	4	9	30	35	1.2	18.2
Seq1026_61_bp_1_1_0	AAX84812.1	50.00	6	3	0	5	10	203	208	1.4	16.6
Seq1026_61_bp_1_1_0	AAA25966.1	80.00	5	1	0	3	7	573	577	2.6	17.4
Seq1026_61_bp_1_1_0	AAA32376.1	66.67	6	2	0	6	11	161	166	3.1	15.1
Seq1026_61_bp_1_1_0	AAA24969.1	37.50	8	5	0	2	9	15	22	3.2	18.2
Seq1026_61_bp_1_1_0	ABS38337.1	75.00	4	1	0	7	10	849	852	7.5	16.6
Seq1026_61_bp_1_1_0	AAR37016.1	40.00	10	6	0	2	11	1275	1284	8	17.4
Seq1026_61_bp_1_1_0	BAB70780.1	57.14	7	3	0	1	7	89	95	8.2	15.1
Seq1026_61_bp_1_1_0	AAA32624.1	75.00	4	1	0	5	8	37	40	8.8	15.1
Seq1026_61_bp_1_1_0	EDO47375.1	50.00	8	4	0	2	9	36	43	9.2	13.5
Seq1026_61_bp_1_1_0	ABD49687.1	66.67	6	2	0	5	10	1370	1375	9.8	16.6
Seq1026_61_bp_1_1_0	AAI27517.1	75.00	4	1	0	5	8	107	110	9.8	15.1
Seq1026_61_bp_1_2_0	ABN10845.1	66.67	6	2	0	5	10	203	208	2.3	15.7
Seq1026_61_bp_1_2_0	CAA73529.1	66.67	6	2	0	2	7	55	60	2.9	15.7
Seq1026_61_bp_1_2_0	AII71783.1	60.00	5	2	0	4	8	214	218	7.8	14.4
Seq1026_61_bp_1_2_0	CAA11507.1	60.00	5	2	0	2	6	419	423	8.7	16.3
Seq1026_61_bp_1_2_0	AAB03707.1	50.00	8	4	0	1	8	1314	1321	8.8	16.3
Seq1026_61_bp_1_2_0	ABK71357.1	60.00	5	2	0	4	8	58	62	9.3	14.4
Seq1026_61_bp_1_2_0	AAI27517.1	75.00	4	1	0	7	10	188	191	9.4	15.0
Seq1026_61_bp_1_2_0	CAA74140.1	57.14	7	3	0	2	8	211	217	9.4	15.7
Seq1026_61_bp_1_2_0	AAA45888.1	50.00	8	4	0	2	9	250	257	9.5	14.4
Seq1026_61_bp_1_2_0	ACT10338.1	22.22	9	7	0	2	10	77	85	9.7	14.4
Seq1026_61_bp_-1_0_0	CAA74140.1	30.00	10	7	0	4	13	226	235	3	18.0
Seq1026_61_bp_-1_0_0	BAA32991.1	44.44	9	5	0	4	12	1	9	3.3	14.1
Seq1026_61_bp_-1_0_0	AAC08817.1	80.00	5	1	0	5	9	8	12	7.7	14.1
Seq1026_61_bp_-1_0_0	AAC17860.1	36.36	11	7	0	5	15	331	341	7.7	15.4
Seq1026_61_bp_-1_0_0	EDO47375.1	57.14	7	3	0	4	10	32	38	8.7	14.1
Seq1026_61_bp_-1_0_0	ABS38337.1	36.36	11	7	0	4	14	1251	1261	9.6	16.7
Seq1026_61_bp_-1_1_0	BAB17681.1	80.00	5	1	0	7	11	174	178	0.0034	25.6
Seq1026_61_bp_-1_1_0	AAB64315.2	66.67	6	2	0	2	7	210	215	0.19	20.1
Seq1026_61_bp_-1_1_0	BAB70780.1	60.00	11	4	1	1	11	321	330	0.48	19.3
Seq1026_61_bp_-1_1_0	ABD49687.1	60.00	5	2	0	7	11	502	506	0.57	20.9
Seq1026_61_bp_-1_1_0	AAB26998.1	33.33	6	4	0	6	11	23	28	0.69	16.1
Seq1026_61_bp_-1_1_0	AAC97205.1	60.00	5	2	0	5	9	855	859	0.71	20.1
Seq1026_61_bp_-1_1_0	BAA32956.1	40.00	5	3	0	3	7	132	136	1.1	16.9
Seq1026_61_bp_-1_1_0	ABN10845.1	66.67	6	2	0	1	6	68	73	1.1	16.9
Seq1026_61_bp_-1_1_0	ACT10338.1	50.00	6	3	0	2	7	161	166	2	16.9
Seq1026_61_bp_-1_1_0	CAA45199.1	100.00	3	0	0	9	11	283	285	2.4	16.9
Seq1026_61_bp_-1_1_0	ABG75784.1	50.00	6	3	0	3	8	310	315	2.7	16.1
Seq1026_61_bp_-1_1_0	AAA42531.1	20.00	10	8	0	1	10	190	199	3.4	16.1
Seq1026_61_bp_-1_1_0	BAB79260.1	100.00	4	0	0	1	4	361	364	3.9	16.1
Seq1026_61_bp_-1_1_0	AAR37016.1	57.14	7	3	0	4	10	22	28	3.9	18.5
Seq1026_61_bp_-1_1_0	AAA26915.1	44.44	9	5	0	1	9	342	350	4	16.1
Seq1026_61_bp_-1_1_0	CAA73529.1	40.00	5	3	0	3	7	66	70	4.1	15.3
Seq1026_61_bp_-1_1_0	ABL74574.1	60.00	5	2	0	1	5	28	32	4.3	15.3
Seq1026_61_bp_-1_1_0	AAI27517.1	28.57	7	5	0	3	9	314	320	5	16.1
Seq1026_61_bp_-1_1_0	CAA43372.1	33.33	6	4	0	2	7	276	281	6	15.3
Seq1026_61_bp_-1_1_0	AAA25966.1	60.00	5	2	0	1	5	554	558	6.1	16.1
Seq1026_61_bp_-1_1_0	AEE27845.1	40.00	5	3	0	6	10	390	394	6.8	16.9
Seq1026_61_bp_-1_1_0	CAA26230.1	50.00	6	3	0	1	6	265	270	8	15.3
Seq1026_61_bp_-1_1_0	ABD33854.1	50.00	4	2	0	8	11	46	49	8.1	12.2
Seq1026_61_bp_-1_1_0	BAA32991.1	25.00	4	3	0	4	7	56	59	8.7	12.2
Seq1026_61_bp_-1_1_0	AAA65607.1	42.86	7	4	0	2	8	295	301	9	14.5
Seq1026_61_bp_-1_2_0	AII71783.1	45.45	11	6	0	9	19	214	224	0.42	19.6
Seq1026_61_bp_-1_2_0	AAR37016.1	38.46	13	8	0	5	17	53	65	0.65	21.9
Seq1026_61_bp_-1_2_0	AAA18786.1	44.44	9	5	0	7	15	125	133	1.2	17.9
Seq1026_61_bp_-1_2_0	BAB17681.1	37.50	8	5	0	4	11	67	74	2.6	16.8
Seq1026_61_bp_-1_2_0	AAB96524.1	36.36	11	7	0	2	12	81	91	3.9	15.6
Seq1026_61_bp_-1_2_0	CAA43372.1	42.86	14	8	0	1	14	400	413	5.7	16.2
Seq1026_61_bp_-1_2_0	AAH69556.1	66.67	6	2	0	13	18	231	236	6.3	15.6
Seq1026_61_bp_-1_2_0	AAA72732.1	38.46	13	8	0	4	16	93	105	6.4	15.6
Seq1026_61_bp_-1_2_0	BAA32991.1	36.36	11	7	0	6	16	20	30	6.8	13.3
Seq1026_61_bp_-1_2_0	AAC08817.1	41.67	12	7	0	3	14	139	150	7.4	14.5
Seq1026_61_bp_-1_2_0	CAA04196.1	60.00	17	6	2	2	16	379	395	8.4	15.6
Seq1026_61_bp_-1_2_0	AAC78721.1	42.86	7	4	0	4	10	184	190	9.1	16.2
