Seq10060_652_bp_1_0_0	AAA32624.1	55.56	9	4	0	2	10	239	247	0.051	22.5
Seq10060_652_bp_1_0_0	CAA73529.1	33.33	9	6	0	2	10	263	271	0.56	18.1
Seq10060_652_bp_1_0_0	AAC08817.1	71.43	7	2	0	3	9	62	68	0.79	16.8
Seq10060_652_bp_1_0_0	AAC97205.1	55.56	9	4	0	2	10	269	277	1	19.4
Seq10060_652_bp_1_0_0	AAA42531.1	62.50	8	3	0	3	10	346	353	1.2	17.5
Seq10060_652_bp_1_0_0	AAH69556.1	50.00	4	2	0	7	10	285	288	2.2	16.2
Seq10060_652_bp_1_0_0	AAF01122.1	44.44	9	5	0	1	9	311	319	2.8	16.2
Seq10060_652_bp_1_0_0	CAA74140.1	66.67	6	2	0	3	8	570	575	2.9	17.5
Seq10060_652_bp_1_0_0	AII71783.1	50.00	8	4	0	3	10	261	268	3.5	15.6
Seq10060_652_bp_1_0_0	ABN10845.1	75.00	4	1	0	6	9	100	103	3.8	15.0
Seq10060_652_bp_1_0_0	AAI27517.1	62.50	8	3	0	2	9	161	168	4.3	16.2
Seq10060_652_bp_1_0_0	ACT10338.1	50.00	6	3	0	5	10	127	132	4.4	15.6
Seq10060_652_bp_1_0_0	CAA43372.1	37.50	8	5	0	1	8	338	345	4.6	15.6
Seq10060_652_bp_1_0_0	EDO47375.1	50.00	6	3	0	3	8	96	101	5	14.3
Seq10060_652_bp_1_0_0	AAR31603.1	50.00	4	2	0	7	10	61	64	5.6	15.0
Seq10060_652_bp_1_0_0	AAX84812.1	37.50	8	5	0	2	9	39	46	6.1	14.3
Seq10060_652_bp_1_0_0	CAA26230.1	37.50	8	5	0	3	10	188	195	6.2	15.6
Seq10060_652_bp_1_0_0	AAQ92751.2	50.00	8	4	0	1	8	362	369	6.4	16.8
Seq10060_652_bp_1_0_0	AAA45888.1	55.56	9	4	0	1	9	170	178	6.5	15.0
Seq10060_652_bp_1_0_0	CAA04196.1	66.67	3	1	0	8	10	258	260	7.1	15.0
Seq10060_652_bp_1_0_0	AAX12058.1	40.00	10	6	0	1	10	91	100	7.1	14.3
Seq10060_652_bp_1_0_0	BAB79260.1	42.86	7	4	0	2	8	435	441	7.6	15.0
Seq10060_652_bp_1_0_0	AAA25966.1	50.00	8	4	0	3	10	160	167	7.8	15.6
Seq10060_652_bp_1_0_1	CAA11507.1	54.55	11	5	0	2	12	958	968	2.1	19.4
Seq10060_652_bp_1_0_1	BAB79260.1	100.00	6	0	0	8	13	36	41	4.7	16.6
Seq10060_652_bp_1_0_1	AAA65607.1	50.00	10	5	0	10	19	231	240	6.5	15.8
Seq10060_652_bp_1_0_1	AIR13712.1	41.67	12	7	0	5	16	164	175	7.6	15.4
Seq10060_652_bp_1_0_1	AAA23282.1	71.43	7	2	0	1	7	425	431	9.7	15.8
Seq10060_652_bp_1_0_1	ABD33854.1	45.45	11	6	0	1	11	33	43	9.8	12.6
Seq10060_652_bp_1_0_2	AAI27517.1	53.85	13	6	0	8	20	467	479	0.74	20.1
Seq10060_652_bp_1_0_2	ABK71357.1	46.15	13	7	0	6	18	338	350	1.8	18.1
Seq10060_652_bp_1_0_2	AAA24969.1	45.00	21	11	1	2	22	602	621	1.9	20.1
Seq10060_652_bp_1_0_2	CAA74140.1	52.94	18	8	1	2	19	738	754	3.4	18.5
Seq10060_652_bp_1_0_2	ACH70904.1	33.33	12	8	0	10	21	256	267	5	16.5
Seq10060_652_bp_1_0_2	AAX12058.1	33.33	21	14	0	4	24	38	58	6.5	15.7
Seq10060_652_bp_1_0_2	AAA72732.1	50.00	10	5	0	13	22	229	238	7.4	15.7
Seq10060_652_bp_1_0_2	AAR37016.1	46.67	15	8	0	4	18	1410	1424	8.2	18.5
Seq10060_652_bp_1_1_0	AAB96524.1	31.58	19	13	0	14	32	13	31	0.51	19.8
Seq10060_652_bp_1_1_0	CAA74140.1	34.48	31	19	2	9	38	117	146	2	20.2
Seq10060_652_bp_1_1_0	AAA36565.1	20.00	20	16	0	12	31	115	134	2.2	17.6
Seq10060_652_bp_1_1_0	AAR37016.1	42.86	32	16	4	1	28	1327	1358	2.9	21.0
Seq10060_652_bp_1_1_0	CAA73529.1	37.93	34	18	5	9	41	218	247	3.5	17.6
Seq10060_652_bp_1_1_0	AEE27845.1	43.75	17	9	1	21	36	1130	1146	4.8	19.5
Seq10060_652_bp_1_1_0	AAA42531.1	23.81	21	16	0	20	40	127	147	4.9	17.6
Seq10060_652_bp_1_1_0	AAC97205.1	38.10	22	13	1	8	29	1151	1171	5.5	19.1
Seq10060_652_bp_1_1_0	ACH70904.1	41.18	17	10	0	11	27	317	333	5.9	17.2
Seq10060_652_bp_1_1_0	AAB26998.1	66.67	6	2	0	36	41	32	37	6.1	14.9
Seq10060_652_bp_1_1_0	BAB17681.1	53.85	17	6	4	16	28	158	174	7.4	16.4
Seq10060_652_bp_1_1_0	EDO47375.1	38.46	13	8	0	28	40	155	167	8.5	15.7
Seq10060_652_bp_1_1_0	CAA43372.1	66.67	14	4	2	2	13	210	223	8.5	16.8
Seq10060_652_bp_1_1_0	CAA26230.1	53.85	13	6	0	33	45	218	230	8.8	17.2
Seq10060_652_bp_1_1_0	BAA32018.1	29.41	17	12	0	22	38	82	98	9.8	17.2
Seq10060_652_bp_1_1_0	ABL74574.1	60.00	10	4	0	9	18	271	280	9.9	16.1
Seq10060_652_bp_1_1_1	ABD33854.1	57.14	7	3	0	2	8	58	64	0.013	21.7
Seq10060_652_bp_1_1_1	BAA32991.1	75.00	10	2	2	3	12	14	21	0.085	19.1
Seq10060_652_bp_1_1_1	CAA04196.1	71.43	7	2	0	5	11	293	299	0.18	20.6
Seq10060_652_bp_1_1_1	BAA32018.1	77.78	11	2	2	1	11	252	260	0.38	20.1
Seq10060_652_bp_1_1_1	CAA73529.1	37.50	8	5	0	2	9	268	275	0.7	18.0
Seq10060_652_bp_1_1_1	AAB26998.1	62.50	10	3	2	3	10	25	34	1.2	15.5
Seq10060_652_bp_1_1_1	CAD53387.1	57.14	7	3	0	6	12	36	42	1.8	17.5
Seq10060_652_bp_1_1_1	AAR37016.1	100.00	5	0	0	6	10	582	586	2	19.6
Seq10060_652_bp_1_1_1	CAA74140.1	45.45	11	6	0	2	12	702	712	2.3	18.0
Seq10060_652_bp_1_1_1	AAA36565.1	50.00	4	2	0	3	6	77	80	2.5	15.5
Seq10060_652_bp_1_1_1	ABD49687.1	55.56	9	4	0	4	12	380	388	4.2	18.0
Seq10060_652_bp_1_1_1	AAX12058.1	33.33	9	6	0	2	10	61	69	5.7	14.9
Seq10060_652_bp_1_1_1	CAA11507.1	36.36	11	7	0	1	11	196	206	6.7	17.0
Seq10060_652_bp_1_1_1	CAA45199.1	44.44	9	5	0	4	12	25	33	6.8	15.5
Seq10060_652_bp_1_1_1	BAB70780.1	57.14	7	3	0	1	7	9	15	7	15.5
Seq10060_652_bp_1_1_1	AAA32376.1	57.14	7	3	0	6	12	141	147	7.2	13.9
Seq10060_652_bp_1_1_1	AAH69556.1	60.00	5	2	0	5	9	47	51	8.8	14.4
Seq10060_652_bp_1_1_1	AAA26915.1	25.00	12	9	0	1	12	269	280	9.4	14.9
Seq10060_652_bp_1_1_1	AAR31603.1	50.00	4	2	0	3	6	85	88	9.4	14.4
Seq10060_652_bp_1_1_1	AAC08817.1	63.64	14	4	3	1	11	37	50	9.6	13.4
Seq10060_652_bp_1_2_0	BAB17681.1	46.15	13	7	0	56	68	176	188	0.44	21.3
Seq10060_652_bp_1_2_0	CAA45199.1	33.33	47	28	5	27	69	213	258	0.46	22.0
Seq10060_652_bp_1_2_0	AEE27845.1	28.81	64	42	5	6	64	995	1058	1.1	22.3
Seq10060_652_bp_1_2_0	AAB03707.1	47.37	20	10	1	50	68	6	25	1.7	21.6
Seq10060_652_bp_1_2_0	AAC78721.1	37.04	29	17	2	3	29	183	211	2.2	20.2
Seq10060_652_bp_1_2_0	CAA73529.1	27.59	29	21	0	2	30	243	271	2.5	18.7
Seq10060_652_bp_1_2_0	ABS38337.1	19.44	36	29	0	7	42	989	1024	4.2	20.2
Seq10060_652_bp_1_2_0	BAA32018.1	31.25	52	33	4	2	49	245	296	4.3	19.1
Seq10060_652_bp_1_2_0	ABN10845.1	29.55	52	31	8	10	61	73	116	5.2	17.3
Seq10060_652_bp_1_2_0	AAA32376.1	71.43	7	2	0	47	53	12	18	5.3	16.9
Seq10060_652_bp_1_2_0	ABD49687.1	37.50	38	20	6	26	57	33	70	5.6	20.2
Seq10060_652_bp_1_2_0	BAA32991.1	29.41	19	12	2	26	44	26	42	5.7	15.5
Seq10060_652_bp_1_2_0	EDO47375.1	31.82	22	15	0	19	40	60	81	5.8	16.9
Seq10060_652_bp_1_2_0	CAA74140.1	38.10	56	26	14	2	57	433	474	6.4	19.1
Seq10060_652_bp_1_2_0	AAA42531.1	50.00	12	6	0	55	66	40	51	7.1	17.7
Seq10060_652_bp_-1_0_0	AAH69556.1	57.14	7	3	0	4	10	152	158	0.89	17.6
Seq10060_652_bp_-1_0_0	CAA73529.1	57.14	7	3	0	2	8	43	49	1.6	16.5
Seq10060_652_bp_-1_0_0	AAB96524.1	100.00	4	0	0	4	7	84	87	2.3	15.5
Seq10060_652_bp_-1_0_0	CAD53387.1	66.67	6	2	0	4	9	36	41	3	16.5
Seq10060_652_bp_-1_0_0	AAA32624.1	100.00	4	0	0	1	4	105	108	4.4	16.0
Seq10060_652_bp_-1_0_0	AAA24142.1	50.00	6	3	0	4	9	114	119	5.4	15.5
Seq10060_652_bp_-1_0_0	AAB26998.1	66.67	6	2	0	3	8	29	34	5.7	12.9
Seq10060_652_bp_-1_0_0	AAA24969.1	57.14	7	3	0	3	9	615	621	6.1	17.1
Seq10060_652_bp_-1_0_0	ABK71357.1	60.00	5	2	0	1	5	168	172	6.3	15.0
Seq10060_652_bp_-1_0_0	CAA74140.1	80.00	5	1	0	2	6	518	522	7.6	16.0
Seq10060_652_bp_-1_0_0	AAI27517.1	44.44	9	5	0	2	10	404	412	9.7	15.0
Seq10060_652_bp_-1_0_0	CAA04196.1	50.00	8	4	0	3	10	45	52	9.8	14.4
Seq10060_652_bp_-1_0_1	AAX84812.1	20.00	15	12	0	1	15	205	219	1.7	16.8
Seq10060_652_bp_-1_0_1	AAA45888.1	36.36	11	7	0	1	11	306	316	2.8	16.8
Seq10060_652_bp_-1_0_1	AAC78721.1	26.67	15	11	0	1	15	215	229	6.5	16.4
Seq10060_652_bp_-1_0_1	AAQ92751.2	70.00	10	3	0	6	15	1053	1062	7	17.3
Seq10060_652_bp_-1_0_2	AAC17860.1	36.36	22	14	0	5	26	66	87	0.81	19.5
Seq10060_652_bp_-1_0_2	ABD33854.1	28.57	7	5	0	9	15	48	54	1.1	16.4
Seq10060_652_bp_-1_0_2	AAA36565.1	42.86	7	4	0	14	20	55	61	2.7	16.4
Seq10060_652_bp_-1_0_2	AAA32624.1	27.78	18	13	0	5	22	260	277	3.4	17.8
Seq10060_652_bp_-1_0_2	BAA32991.1	37.50	8	5	0	9	16	60	67	3.8	14.7
Seq10060_652_bp_-1_0_2	EDO47375.1	35.71	14	9	0	2	15	64	77	4.2	16.0
Seq10060_652_bp_-1_0_2	ABL74574.1	37.50	17	10	1	4	20	108	123	4.7	16.4
Seq10060_652_bp_-1_0_2	AEE27845.1	44.44	20	10	2	8	25	1169	1188	4.9	18.6
Seq10060_652_bp_-1_0_2	AAA18786.1	53.33	20	7	5	3	22	152	166	5.8	16.0
Seq10060_652_bp_-1_0_2	AAB03707.1	27.78	18	13	0	6	23	771	788	6.5	18.2
Seq10060_652_bp_-1_0_2	AAC97205.1	33.33	12	8	0	9	20	871	882	7.8	17.8
Seq10060_652_bp_-1_0_2	AAA42531.1	50.00	6	3	0	9	14	221	226	8.2	16.0
Seq10060_652_bp_-1_0_2	AAC08817.1	55.56	9	4	0	5	13	151	159	8.6	14.7
Seq10060_652_bp_-1_0_2	AAA72732.1	50.00	10	5	0	1	10	185	194	8.9	15.6
Seq10060_652_bp_-1_0_3	AAA32376.1	50.00	8	4	0	3	10	164	171	0.19	19.1
Seq10060_652_bp_-1_0_3	AAF01122.1	50.00	8	4	0	4	11	369	376	0.42	19.1
Seq10060_652_bp_-1_0_3	ABL74574.1	30.00	10	7	0	1	10	118	127	1.8	16.6
Seq10060_652_bp_-1_0_3	CAA43372.1	100.00	4	0	0	3	6	142	145	1.8	17.1
Seq10060_652_bp_-1_0_3	AAI27517.1	40.00	10	6	0	2	11	570	579	1.8	17.6
Seq10060_652_bp_-1_0_3	BAA32956.1	50.00	8	4	0	4	11	156	163	2.5	15.6
Seq10060_652_bp_-1_0_3	ACT10338.1	50.00	6	3	0	1	6	78	83	3.3	16.1
Seq10060_652_bp_-1_0_3	AAA45888.1	75.00	4	1	0	5	8	203	206	4.5	15.6
Seq10060_652_bp_-1_0_3	AAB26998.1	36.36	11	7	0	1	11	25	35	5.1	13.2
Seq10060_652_bp_-1_0_3	AAC97205.1	80.00	5	1	0	5	9	675	679	5.2	17.1
Seq10060_652_bp_-1_0_3	AAC78721.1	40.00	10	6	0	2	11	314	323	5.6	16.1
Seq10060_652_bp_-1_0_3	AAC08817.1	50.00	6	3	0	5	10	149	154	7.4	13.7
Seq10060_652_bp_-1_0_3	AAA36565.1	50.00	8	4	0	1	8	102	109	7.5	13.7
Seq10060_652_bp_-1_0_3	ABN10845.1	66.67	6	2	0	4	9	162	167	9.6	13.7
Seq10060_652_bp_-1_1_0	AAA25966.1	50.00	10	5	0	5	14	211	220	1.4	18.8
Seq10060_652_bp_-1_1_0	CAA04196.1	50.00	8	4	0	1	8	291	298	1.6	17.8
Seq10060_652_bp_-1_1_0	ABD49687.1	57.14	7	3	0	3	9	70	76	2.3	19.2
Seq10060_652_bp_-1_1_0	AAA32376.1	55.56	9	4	0	1	9	59	67	3.3	15.4
Seq10060_652_bp_-1_1_0	BAA32991.1	33.33	9	6	0	3	11	48	56	3.5	14.0
Seq10060_652_bp_-1_1_0	AAB26998.1	57.14	7	3	0	1	7	18	24	4	14.0
Seq10060_652_bp_-1_1_0	AAI27517.1	100.00	3	0	0	2	4	102	104	4.1	16.9
Seq10060_652_bp_-1_1_0	BAA32018.1	50.00	10	5	0	4	13	255	264	4.4	16.9
Seq10060_652_bp_-1_1_0	AAA72732.1	45.45	12	6	1	3	14	283	293	5.8	15.4
Seq10060_652_bp_-1_1_0	AAX12058.1	41.67	12	7	0	2	13	220	231	7	15.0
Seq10060_652_bp_-1_1_0	AIR13712.1	40.00	10	6	0	5	14	204	213	8.3	15.0
Seq10060_652_bp_-1_1_0	CAA45199.1	80.00	5	1	0	1	5	43	47	8.5	15.4
Seq10060_652_bp_-1_1_0	BAB70780.1	55.56	9	4	0	7	15	135	143	8.7	15.4
Seq10060_652_bp_-1_1_0	ACH70904.1	66.67	11	3	2	2	12	72	80	9	15.0
Seq10060_652_bp_-1_1_0	AAQ92751.2	66.67	10	3	1	5	13	260	269	9.2	16.9
Seq10060_652_bp_-1_1_0	ABL74574.1	45.45	11	6	0	2	12	125	135	9.9	14.5
Seq10060_652_bp_-1_1_1	AAA24142.1	38.89	21	11	3	2	19	251	271	0.041	24.4
Seq10060_652_bp_-1_1_1	AII71783.1	33.33	21	14	0	1	21	173	193	0.36	20.7
Seq10060_652_bp_-1_1_1	BAA32018.1	47.37	23	10	4	2	24	412	430	0.44	21.4
Seq10060_652_bp_-1_1_1	AAB26998.1	75.00	9	2	1	9	17	26	33	0.72	17.7
Seq10060_652_bp_-1_1_1	ABK71357.1	31.58	19	13	0	17	35	37	55	0.73	20.0
Seq10060_652_bp_-1_1_1	BAA32956.1	41.18	17	10	0	16	32	156	172	0.89	18.8
Seq10060_652_bp_-1_1_1	AAC08817.1	33.33	18	12	0	14	31	141	158	1.2	18.1
Seq10060_652_bp_-1_1_1	CAA45199.1	33.33	30	18	3	6	35	124	150	1.2	19.6
Seq10060_652_bp_-1_1_1	CAA74140.1	60.00	10	4	0	14	23	520	529	1.8	20.0
Seq10060_652_bp_-1_1_1	ABD49687.1	46.15	13	7	0	20	32	184	196	2.6	20.3
Seq10060_652_bp_-1_1_1	CAA43372.1	40.00	32	18	2	4	34	110	140	2.9	18.1
Seq10060_652_bp_-1_1_1	AAI27517.1	38.10	21	13	0	14	34	507	527	3.2	18.5
Seq10060_652_bp_-1_1_1	BAB17681.1	40.00	10	6	0	5	14	148	157	4.1	17.0
Seq10060_652_bp_-1_1_1	AAC97205.1	30.77	26	18	0	10	35	922	947	5	18.8
Seq10060_652_bp_-1_1_1	AAA18786.1	26.32	20	14	1	1	19	83	102	5.1	16.6
Seq10060_652_bp_-1_1_1	ACH70904.1	17.86	28	23	0	1	28	159	186	5.3	17.0
Seq10060_652_bp_-1_1_1	AAA36565.1	50.00	15	7	1	2	16	99	112	5.3	15.9
Seq10060_652_bp_-1_1_1	AEE27845.1	37.50	27	15	3	1	27	489	512	5.7	18.8
Seq10060_652_bp_-1_1_1	AAR37016.1	33.33	26	16	2	6	31	985	1008	5.7	19.6
Seq10060_652_bp_-1_1_1	AAA24969.1	50.00	14	7	0	16	29	1019	1032	6.2	18.8
Seq10060_652_bp_-1_1_1	AIR13712.1	50.00	14	7	0	19	32	88	101	6.2	16.6
Seq10060_652_bp_-1_1_1	CAA73529.1	40.00	15	9	0	11	25	237	251	6.6	16.2
Seq10060_652_bp_-1_1_1	AAA45888.1	69.23	20	4	7	14	32	12	25	7.2	16.6
Seq10060_652_bp_-1_1_1	AAR31603.1	45.45	11	6	0	20	30	277	287	7.9	16.2
Seq10060_652_bp_-1_1_1	AAB96524.1	100.00	4	0	0	13	16	83	86	9.5	15.1
Seq10060_652_bp_-1_1_2	ABK71357.1	57.14	16	6	2	5	18	325	340	0.35	20.1
Seq10060_652_bp_-1_1_2	ABG75784.1	29.41	20	12	3	2	18	60	79	2.7	16.8
Seq10060_652_bp_-1_1_2	AAA36565.1	66.67	6	2	0	13	18	151	156	2.8	15.9
Seq10060_652_bp_-1_1_2	AAB64315.2	23.53	18	13	1	1	18	132	148	5.3	15.9
Seq10060_652_bp_-1_1_2	AAC08817.1	35.71	14	9	0	2	15	64	77	9.2	14.0
Seq10060_652_bp_-1_1_2	AAA24142.1	50.00	10	5	0	9	18	109	118	9.6	15.4
Seq10060_652_bp_-1_2_0	CAA26230.1	42.86	30	16	2	7	36	16	43	0.038	25.1
Seq10060_652_bp_-1_2_0	ABS38337.1	42.31	27	15	1	3	29	740	765	1.2	21.3
Seq10060_652_bp_-1_2_0	CAA73529.1	39.29	35	17	7	11	39	51	84	8.7	16.1
Seq10060_652_bp_-1_2_1	AAA32376.1	35.00	20	13	0	4	23	126	145	3.4	16.2
Seq10060_652_bp_-1_2_1	AAR31603.1	38.46	13	8	0	4	16	72	84	3.7	17.0
Seq10060_652_bp_-1_2_1	AAC17860.1	42.86	14	8	0	11	24	108	121	4.5	17.0
Seq10060_652_bp_-1_2_1	EDO47375.1	50.00	10	5	0	15	24	40	49	4.9	15.8
Seq10060_652_bp_-1_2_1	AAB03707.1	33.33	21	14	0	5	25	836	856	6.4	18.2
Seq10060_652_bp_-1_2_1	AAC08817.1	45.45	11	6	0	11	21	12	22	7.3	14.9
Seq10060_652_bp_-1_2_1	AAQ92751.2	31.82	25	15	3	2	26	450	471	8.3	17.8
Seq10060_652_bp_-1_2_1	ACH70904.1	50.00	12	6	0	3	14	105	116	9	15.8
Seq10060_652_bp_-1_2_1	BAA32956.1	42.86	7	4	0	4	10	117	123	9.2	14.9
