Seq10009_643_bp_1_0_0	ENA|BAA32956|BAA32956.1	29.03	31	22	0	18	48	65	95	3.4	17.3
Seq10009_643_bp_1_0_0	ENA|AAS77176|AAS77176.1	30.00	33	21	3	3	32	151	183	3.9	17.6
Seq10009_643_bp_1_0_0	ENA|ABD49687|ABD49687.1	24.24	35	25	2	14	48	718	750	8.8	18.9
Seq10009_643_bp_1_0_1	ENA|AAC08817|AAC08817.1	40.00	15	9	0	7	21	19	33	0.3	19.3
Seq10009_643_bp_1_0_1	ENA|CCP43727|CCP43727.1	41.67	12	7	0	7	18	293	304	2.2	17.4
Seq10009_643_bp_1_0_1	ENA|AAR37016|AAR37016.1	56.25	17	7	1	5	21	547	562	2.6	20.0
Seq10009_643_bp_1_0_1	ENA|ACT10338|ACT10338.1	46.67	16	8	1	7	21	305	320	4.3	16.7
Seq10009_643_bp_1_0_1	ENA|AAC97205|AAC97205.1	31.25	16	11	0	1	16	714	729	4.9	18.2
Seq10009_643_bp_1_0_1	ENA|CAA29968|CAA29968.1	50.00	15	7	1	3	17	67	80	6	15.2
Seq10009_643_bp_1_0_1	ENA|AAC49865|AAC49865.1	42.86	14	8	0	4	17	277	290	6	15.9
Seq10009_643_bp_1_0_1	ENA|AAA25966|AAA25966.1	46.15	13	7	0	8	20	544	556	6.1	17.0
Seq10009_643_bp_1_0_1	ENA|AAB26998|AAB26998.1	41.18	19	10	2	4	20	25	43	8.6	13.3
Seq10009_643_bp_1_0_1	ENA|BAA36759|BAA36759.1	29.41	17	12	0	4	20	52	68	8.7	15.2
Seq10009_643_bp_1_0_1	ENA|AAB66912|AAB66912.1	41.67	12	7	0	8	19	295	306	9.8	16.7
Seq10009_643_bp_1_0_2	ENA|CAA73529|CAA73529.1	35.14	38	24	1	6	43	16	52	0.12	22.6
Seq10009_643_bp_1_0_2	ENA|AAI27517|AAI27517.1	24.39	42	31	1	2	42	462	503	0.26	22.6
Seq10009_643_bp_1_0_2	ENA|AAC08817|AAC08817.1	23.40	50	36	3	1	49	83	130	0.52	19.7
Seq10009_643_bp_1_0_2	ENA|CAA45199|CAA45199.1	38.46	27	16	1	2	28	305	330	0.64	21.0
Seq10009_643_bp_1_0_2	ENA|AAA42531|AAA42531.1	20.93	43	34	0	6	48	14	56	0.66	20.7
Seq10009_643_bp_1_0_2	ENA|BAA32018|BAA32018.1	30.56	42	25	6	2	38	90	130	1.3	20.3
Seq10009_643_bp_1_0_2	ENA|BAA32956|BAA32956.1	22.22	27	21	0	6	32	108	134	1.4	18.7
Seq10009_643_bp_1_0_2	ENA|BAA36759|BAA36759.1	32.00	25	17	0	18	42	129	153	1.5	19.0
Seq10009_643_bp_1_0_2	ENA|AAB96524|AAB96524.1	20.00	35	28	0	2	36	141	175	1.5	18.4
Seq10009_643_bp_1_0_2	ENA|AAC26660|AAC26660.1	30.56	39	25	3	3	38	141	179	2	18.4
Seq10009_643_bp_1_0_2	ENA|AAC49865|AAC49865.1	25.00	28	21	0	22	49	94	121	2.1	18.7
Seq10009_643_bp_1_0_2	ENA|AAA36114|AAA36114.1	40.00	15	9	0	20	34	285	299	4	18.4
Seq10009_643_bp_1_0_2	ENA|AAA18786|AAA18786.1	26.47	35	25	1	9	42	209	243	4.1	17.4
Seq10009_643_bp_1_0_2	ENA|AAB03707|AAB03707.1	30.23	45	30	2	4	48	142	184	4.4	19.7
Seq10009_643_bp_1_0_2	ENA|BAB79260|BAB79260.1	30.00	45	28	5	4	46	227	268	4.4	18.1
Seq10009_643_bp_1_0_2	ENA|AAC97205|AAC97205.1	39.29	33	17	5	2	34	214	241	4.9	19.4
Seq10009_643_bp_1_0_2	ENA|CAA24711|CAA24711.1	29.03	34	22	3	6	39	141	171	5.1	16.5
Seq10009_643_bp_1_0_2	ENA|AAA24145|AAA24145.1	30.00	46	28	6	9	49	218	262	5.6	17.8
Seq10009_643_bp_1_0_2	ENA|ABN10845|ABN10845.1	25.00	24	18	0	12	35	99	122	6.3	16.5
Seq10009_643_bp_1_0_2	ENA|ABK71357|ABK71357.1	30.00	34	21	4	2	35	86	115	6.9	17.1
Seq10009_643_bp_1_0_2	ENA|CAA45708|CAA45708.1	30.00	20	14	0	13	32	837	856	7.4	19.0
Seq10009_643_bp_1_0_2	ENA|ABD49687|ABD49687.1	39.29	31	17	3	5	35	621	648	8.3	19.0
Seq10009_643_bp_1_0_2	ENA|CAA43419|CAA43419.1	32.00	28	17	3	15	42	269	293	8.4	16.8
Seq10009_643_bp_1_0_2	ENA|CAA29956|CAA29956.1	26.32	41	28	3	12	49	309	349	8.6	16.8
Seq10009_643_bp_1_0_3	ENA|BAA05866|BAA05866.1	43.75	16	9	0	7	22	22	37	0.045	23.1
Seq10009_643_bp_1_0_3	ENA|AAR31603|AAR31603.1	30.00	20	14	0	4	23	293	312	0.065	22.7
Seq10009_643_bp_1_0_3	ENA|CAA45199|CAA45199.1	33.33	20	12	2	4	21	371	390	0.068	23.1
Seq10009_643_bp_1_0_3	ENA|AAA18786|AAA18786.1	36.36	22	14	0	2	23	63	84	0.14	21.3
Seq10009_643_bp_1_0_3	ENA|AAI27517|AAI27517.1	53.33	18	7	3	3	20	347	361	0.31	21.3
Seq10009_643_bp_1_0_3	ENA|AAI27517|AAI27517.1	31.58	20	13	1	4	23	175	193	0.58	20.4
Seq10009_643_bp_1_0_3	ENA|ABD49687|ABD49687.1	35.00	21	13	1	2	22	127	146	0.47	22.2
Seq10009_643_bp_1_0_3	ENA|CAA73529|CAA73529.1	27.78	20	13	2	3	20	256	275	0.69	19.0
Seq10009_643_bp_1_0_3	ENA|ACT10338|ACT10338.1	75.00	9	2	1	15	22	305	313	0.72	19.4
Seq10009_643_bp_1_0_3	ENA|ABN10845|ABN10845.1	38.46	13	8	0	3	15	162	174	0.76	18.5
Seq10009_643_bp_1_0_3	ENA|CAA24711|CAA24711.1	23.08	13	10	0	11	23	150	162	0.83	18.1
Seq10009_643_bp_1_0_3	ENA|AAC97205|AAC97205.1	26.32	19	14	0	5	23	834	852	0.88	20.8
Seq10009_643_bp_1_0_3	ENA|CAD53387|CAD53387.1	45.45	11	6	0	9	19	66	76	0.92	19.4
Seq10009_643_bp_1_0_3	ENA|AAA32624|AAA32624.1	26.32	22	14	3	1	22	222	240	0.96	19.4
Seq10009_643_bp_1_0_3	ENA|AAB26998|AAB26998.1	40.00	16	9	1	3	18	28	42	0.98	16.7
Seq10009_643_bp_1_0_3	ENA|AAC17860|AAC17860.1	40.00	15	9	0	6	20	68	82	1	19.0
Seq10009_643_bp_1_0_3	ENA|AAC78721|AAC78721.1	33.33	21	14	0	2	22	209	229	1.2	19.4
Seq10009_643_bp_1_0_3	ENA|ABK71357|ABK71357.1	25.00	16	12	0	6	21	37	52	1.3	18.5
Seq10009_643_bp_1_0_3	ENA|AAQ92751|AAQ92751.2	21.74	23	18	0	1	23	339	361	1.3	20.4
Seq10009_643_bp_1_0_3	ENA|CAA11507|CAA11507.1	46.15	13	7	0	5	17	473	485	1.8	19.9
Seq10009_643_bp_1_0_3	ENA|AAA25966|AAA25966.1	35.29	19	11	2	5	21	661	679	1.8	19.0
Seq10009_643_bp_1_0_3	ENA|AAC08817|AAC08817.1	41.67	12	7	0	3	14	80	91	1.9	16.7
Seq10009_643_bp_1_0_3	ENA|ACH70901|ACH70901.1	40.00	16	9	1	7	21	253	268	2.3	17.6
Seq10009_643_bp_1_0_3	ENA|BAA32956|BAA32956.1	55.56	9	4	0	11	19	184	192	2.6	16.7
Seq10009_643_bp_1_0_3	ENA|AAF79734|AAF79734.1	75.00	8	2	0	11	18	1213	1220	2.6	19.4
Seq10009_643_bp_1_0_3	ENA|AAC49865|AAC49865.1	26.67	15	11	0	4	18	1	15	2.9	17.1
Seq10009_643_bp_1_0_3	ENA|CAA43419|CAA43419.1	35.71	14	9	0	5	18	30	43	3.3	17.1
Seq10009_643_bp_1_0_3	ENA|AAA42531|AAA42531.1	33.33	15	10	0	3	17	289	303	3.4	17.1
Seq10009_643_bp_1_0_3	ENA|CAA26939|CAA26939.1	36.36	11	7	0	13	23	231	241	3.7	17.6
Seq10009_643_bp_1_0_3	ENA|AAR37016|AAR37016.1	80.00	5	1	0	16	20	756	760	4.2	19.4
Seq10009_643_bp_1_0_3	ENA|AAB66912|AAB66912.1	26.32	19	14	0	1	19	283	301	4.3	18.1
Seq10009_643_bp_1_0_3	ENA|CCP43727|CCP43727.1	43.75	17	9	1	6	22	243	258	5.4	16.2
Seq10009_643_bp_1_0_3	ENA|CAA36214|CAA36214.1	42.86	7	4	0	15	21	9	15	6.8	15.8
Seq10009_643_bp_1_0_3	ENA|CAA36714|CAA36714.1	13.04	23	20	0	1	23	307	329	7.5	16.2
Seq10009_643_bp_1_0_3	ENA|AAA36114|AAA36114.1	33.33	23	14	2	3	23	259	281	8.2	16.2
Seq10009_643_bp_1_0_3	ENA|CAA45708|CAA45708.1	31.58	19	13	0	4	22	232	250	9.3	17.6
Seq10009_643_bp_1_0_3	ENA|AAA72732|AAA72732.1	40.00	10	6	0	4	13	279	288	9.4	15.3
Seq10009_643_bp_1_0_3	ENA|CAB75732|CAB75732.1	33.33	18	12	0	5	22	253	270	9.7	17.1
Seq10009_643_bp_1_0_3	ENA|BAA32018|BAA32018.1	40.00	15	9	0	8	22	474	488	9.9	16.2
Seq10009_643_bp_1_0_4	ENA|BAA32991|BAA32991.1	62.50	8	3	0	10	17	59	66	0.78	17.0
Seq10009_643_bp_1_0_4	ENA|AAC97205|AAC97205.1	29.17	24	17	0	2	25	862	885	3.7	18.9
Seq10009_643_bp_1_0_4	ENA|AAQ92751|AAQ92751.2	25.00	20	15	0	4	23	1203	1222	6.2	18.3
Seq10009_643_bp_1_0_4	ENA|CAA29968|CAA29968.1	38.89	18	11	0	1	18	74	91	9.6	14.8
Seq10009_643_bp_1_0_5	ENA|AAB96524|AAB96524.1	45.45	11	6	0	1	11	80	90	0.22	19.2
Seq10009_643_bp_1_0_5	ENA|CAA43419|CAA43419.1	60.00	10	4	0	1	10	37	46	0.43	19.2
Seq10009_643_bp_1_0_5	ENA|ACH70901|ACH70901.1	75.00	18	3	6	1	12	58	75	1.7	17.1
Seq10009_643_bp_1_0_5	ENA|CAL82360|CAL82360.1	54.55	12	5	1	2	12	1268	1279	3	18.2
Seq10009_643_bp_1_0_5	ENA|AAB66912|AAB66912.1	62.50	8	3	0	1	8	483	490	3.1	17.6
Seq10009_643_bp_1_0_5	ENA|CAA45199|CAA45199.1	50.00	8	4	0	5	12	40	47	4.4	16.1
Seq10009_643_bp_1_0_5	ENA|AAR31603|AAR31603.1	40.00	10	6	0	2	11	256	265	6.1	15.1
Seq10009_643_bp_1_0_5	ENA|AAA42531|AAA42531.1	45.45	11	6	0	2	12	285	295	7.2	15.1
Seq10009_643_bp_1_0_5	ENA|AAC08817|AAC08817.1	83.33	8	1	2	2	9	130	135	8.3	13.6
Seq10009_643_bp_1_0_5	ENA|AAA24145|AAA24145.1	40.00	10	6	0	3	12	37	46	8.4	15.1
Seq10009_643_bp_1_0_5	ENA|CAD53387|CAD53387.1	50.00	13	6	1	1	12	27	39	9.1	15.1
Seq10009_643_bp_1_0_5	ENA|CAA45708|CAA45708.1	50.00	8	4	0	1	8	737	744	9.5	16.6
Seq10009_643_bp_1_0_5	ENA|ABD33854|ABD33854.1	36.36	11	7	0	2	12	32	42	9.6	12.0
Seq10009_643_bp_1_0_6	ENA|AAA72732|AAA72732.1	66.67	10	3	1	1	9	225	234	0.062	21.7
Seq10009_643_bp_1_0_6	ENA|AAI27517|AAI27517.1	40.00	10	6	0	1	10	182	191	0.25	20.6
Seq10009_643_bp_1_0_6	ENA|AAI27517|AAI27517.1	50.00	8	4	0	1	8	448	455	0.55	19.5
Seq10009_643_bp_1_0_6	ENA|CAA11507|CAA11507.1	44.44	9	5	0	1	9	925	933	0.58	20.6
Seq10009_643_bp_1_0_6	ENA|ABK71357|ABK71357.1	75.00	4	1	0	1	4	176	179	0.74	18.4
Seq10009_643_bp_1_0_6	ENA|AAC26660|AAC26660.1	66.67	6	2	0	5	10	120	125	0.75	17.8
Seq10009_643_bp_1_0_6	ENA|ACT10338|ACT10338.1	66.67	6	2	0	1	6	119	124	0.77	18.4
Seq10009_643_bp_1_0_6	ENA|CAA43419|CAA43419.1	40.00	10	6	0	1	10	119	128	1.1	17.8
Seq10009_643_bp_1_0_6	ENA|CAA26939|CAA26939.1	42.86	7	4	0	1	7	246	252	1.1	18.4
Seq10009_643_bp_1_0_6	ENA|BAA36759|BAA36759.1	57.14	7	3	0	3	9	183	189	1.8	16.7
Seq10009_643_bp_1_0_6	ENA|AAA24145|AAA24145.1	33.33	12	8	0	1	12	98	109	2	17.3
Seq10009_643_bp_1_0_6	ENA|AAC17860|AAC17860.1	71.43	7	2	0	2	8	270	276	2.6	16.7
Seq10009_643_bp_1_0_6	ENA|CAA29968|CAA29968.1	50.00	8	4	0	3	10	70	77	3.8	15.1
Seq10009_643_bp_1_0_6	ENA|AAQ92751|AAQ92751.2	27.27	11	8	0	1	11	1201	1211	3.9	17.8
Seq10009_643_bp_1_0_6	ENA|CAA36214|CAA36214.1	50.00	8	4	0	2	9	246	253	4	15.6
Seq10009_643_bp_1_0_6	ENA|AAC40132|AAC40132.1	40.00	10	6	0	2	11	191	200	4.3	16.2
Seq10009_643_bp_1_0_6	ENA|AAR37016|AAR37016.1	27.27	11	8	0	1	11	842	852	4.5	18.4
Seq10009_643_bp_1_0_6	ENA|CAA24711|CAA24711.1	60.00	5	2	0	6	10	58	62	4.9	14.5
Seq10009_643_bp_1_0_6	ENA|AAB96524|AAB96524.1	44.44	9	5	0	1	9	138	146	5.3	14.5
Seq10009_643_bp_1_0_6	ENA|AAA25966|AAA25966.1	33.33	9	6	0	2	10	462	470	6.4	16.2
Seq10009_643_bp_1_0_6	ENA|CAA28033|CAA28033.1	36.36	11	7	0	1	11	870	880	7.7	16.7
Seq10009_643_bp_1_0_6	ENA|AAS77176|AAS77176.1	66.67	3	1	0	1	3	5	7	8	14.5
Seq10009_643_bp_1_0_6	ENA|AAF79734|AAF79734.1	66.67	6	2	0	5	10	215	220	8.5	16.7
Seq10009_643_bp_1_0_6	ENA|ABG75784|ABG75784.1	27.27	11	8	0	1	11	43	53	8.6	14.5
Seq10009_643_bp_1_0_6	ENA|ABN10845|ABN10845.1	50.00	6	3	0	1	6	19	24	8.8	13.9
Seq10009_643_bp_1_0_6	ENA|CAA45199|CAA45199.1	36.36	11	7	0	1	11	462	472	8.8	15.1
Seq10009_643_bp_1_0_6	ENA|AAC49865|AAC49865.1	30.00	10	7	0	3	12	277	286	9	14.5
Seq10009_643_bp_1_0_6	ENA|AAC08817|AAC08817.1	42.86	7	4	0	2	8	12	18	9.2	13.4
Seq10009_643_bp_1_1_0	ENA|CAA29956|CAA29956.1	45.00	20	11	0	4	23	196	215	0.79	19.6
Seq10009_643_bp_1_1_0	ENA|AAA24145|AAA24145.1	28.00	26	18	1	2	27	209	233	1.5	18.9
Seq10009_643_bp_1_1_0	ENA|AAI27517|AAI27517.1	37.04	29	17	2	2	28	455	483	2.4	18.6
Seq10009_643_bp_1_1_0	ENA|CAA29968|CAA29968.1	23.08	26	20	0	2	27	89	114	2.5	17.0
Seq10009_643_bp_1_1_0	ENA|AAC49865|AAC49865.1	35.00	21	13	1	2	22	2	21	2.7	17.6
Seq10009_643_bp_1_1_0	ENA|CAA26023|CAA26023.1	63.64	12	4	1	18	29	10	20	3.1	17.6
Seq10009_643_bp_1_1_0	ENA|BAA32018|BAA32018.1	45.00	22	11	2	7	28	418	437	4	17.9
Seq10009_643_bp_1_1_0	ENA|CAA36214|CAA36214.1	47.62	23	11	2	6	27	200	221	4.8	16.6
Seq10009_643_bp_1_1_0	ENA|AAB26998|AAB26998.1	31.58	20	13	1	2	20	41	60	4.8	14.7
Seq10009_643_bp_1_1_0	ENA|AAA42531|AAA42531.1	38.89	18	11	0	3	20	160	177	4.8	17.0
Seq10009_643_bp_1_1_0	ENA|CAA45199|CAA45199.1	32.00	27	17	2	2	26	152	178	5.8	17.0
Seq10009_643_bp_1_1_0	ENA|AAF79734|AAF79734.1	38.46	29	16	3	1	26	521	549	7.2	18.3
Seq10009_643_bp_1_1_0	ENA|ABK71357|ABK71357.1	35.71	29	18	1	2	29	275	303	7.2	16.3
Seq10009_643_bp_1_1_0	ENA|BAA32991|BAA32991.1	46.15	14	7	1	9	21	36	49	8	13.7
Seq10009_643_bp_1_1_0	ENA|ABD49687|ABD49687.1	31.58	19	13	0	4	22	936	954	8.4	18.3
Seq10009_643_bp_1_1_1	ENA|ACT10338|ACT10338.1	28.57	14	10	0	1	14	377	390	0.24	20.3
Seq10009_643_bp_1_1_1	ENA|CAA73529|CAA73529.1	57.14	7	3	0	6	12	98	104	0.43	19.0
Seq10009_643_bp_1_1_1	ENA|ABN10845|ABN10845.1	40.00	10	6	0	2	11	39	48	3.8	15.4
Seq10009_643_bp_1_1_1	ENA|EDO47375|EDO47375.1	50.00	6	3	0	3	8	117	122	4.4	15.0
Seq10009_643_bp_1_1_1	ENA|AAR31603|AAR31603.1	57.14	7	3	0	8	14	175	181	5.6	15.4
Seq10009_643_bp_1_1_1	ENA|CAA26023|CAA26023.1	18.18	11	9	0	2	12	79	89	6.5	15.4
Seq10009_643_bp_1_1_1	ENA|AAA42531|AAA42531.1	66.67	6	2	0	4	9	196	201	6.6	15.4
Seq10009_643_bp_1_1_1	ENA|AAS77176|AAS77176.1	33.33	12	8	0	3	14	111	122	6.7	15.0
Seq10009_643_bp_1_1_2	ENA|CAA24711|CAA24711.1	56.25	18	7	2	1	18	7	22	0.048	22.2
Seq10009_643_bp_1_1_2	ENA|CAA24711|CAA24711.1	31.25	16	11	0	6	21	153	168	0.56	18.6
Seq10009_643_bp_1_1_2	ENA|AAB03707|AAB03707.1	54.55	11	5	0	5	15	407	417	0.28	22.6
Seq10009_643_bp_1_1_2	ENA|AAC17860|AAC17860.1	28.57	14	10	0	2	15	373	386	0.29	20.9
Seq10009_643_bp_1_1_2	ENA|CCP43727|CCP43727.1	50.00	19	9	1	3	20	55	73	0.31	20.4
Seq10009_643_bp_1_1_2	ENA|ABK71357|ABK71357.1	50.00	16	8	0	7	22	273	288	0.35	20.4
Seq10009_643_bp_1_1_2	ENA|ACT10338|ACT10338.1	46.67	15	8	0	3	17	213	227	0.5	20.0
Seq10009_643_bp_1_1_2	ENA|ABN10845|ABN10845.1	75.00	11	2	3	3	10	146	156	0.52	19.1
Seq10009_643_bp_1_1_2	ENA|AAA18786|AAA18786.1	43.75	16	9	0	2	17	243	258	0.63	19.1
Seq10009_643_bp_1_1_2	ENA|AAC49865|AAC49865.1	35.71	14	9	0	3	16	192	205	0.78	19.1
Seq10009_643_bp_1_1_2	ENA|CAA43419|CAA43419.1	58.33	12	5	0	3	14	330	341	0.87	19.1
Seq10009_643_bp_1_1_2	ENA|BAA05866|BAA05866.1	28.57	21	15	0	1	21	173	193	0.98	18.6
Seq10009_643_bp_1_1_2	ENA|CAA36214|CAA36214.1	41.18	17	10	0	5	21	119	135	1.3	18.2
Seq10009_643_bp_1_1_2	ENA|CAA36714|CAA36714.1	33.33	16	10	1	6	20	182	197	2	18.2
Seq10009_643_bp_1_1_2	ENA|AAC97205|AAC97205.1	35.29	17	11	0	2	18	816	832	2.1	19.5
Seq10009_643_bp_1_1_2	ENA|ABD49687|ABD49687.1	46.15	14	7	1	5	17	634	647	2.9	19.5
Seq10009_643_bp_1_1_2	ENA|AAC40132|AAC40132.1	35.29	17	11	0	3	19	320	336	3.7	17.3
Seq10009_643_bp_1_1_2	ENA|ACH70901|ACH70901.1	28.57	22	15	1	3	23	241	262	3.8	16.9
Seq10009_643_bp_1_1_2	ENA|CAA29956|CAA29956.1	42.86	14	8	0	10	23	358	371	4	16.9
Seq10009_643_bp_1_1_2	ENA|AAA25966|AAA25966.1	31.25	16	11	0	8	23	15	30	4.2	17.8
Seq10009_643_bp_1_1_2	ENA|AAI27517|AAI27517.1	27.27	22	16	0	2	23	455	476	4.6	17.3
Seq10009_643_bp_1_1_2	ENA|BAA32956|BAA32956.1	21.74	23	18	0	1	23	163	185	5.5	15.5
Seq10009_643_bp_1_1_2	ENA|BAA36759|BAA36759.1	33.33	18	12	0	4	21	27	44	5.6	16.0
Seq10009_643_bp_1_1_2	ENA|BAA32018|BAA32018.1	27.78	18	13	0	3	20	10	27	6.5	16.9
Seq10009_643_bp_1_1_2	ENA|BAB17681|BAB17681.1	31.25	16	11	0	6	21	205	220	7.1	15.5
Seq10009_643_bp_1_1_2	ENA|AAB66912|AAB66912.1	26.67	15	11	0	8	22	266	280	7.1	17.3
Seq10009_643_bp_1_1_2	ENA|CAA11507|CAA11507.1	30.77	13	9	0	3	15	659	671	7.6	17.8
Seq10009_643_bp_1_1_2	ENA|AAR31603|AAR31603.1	41.67	12	7	0	2	13	250	261	8.4	15.5
Seq10009_643_bp_1_1_2	ENA|CAA45199|CAA45199.1	50.00	15	7	1	1	14	49	63	8.8	16.0
Seq10009_643_bp_1_1_2	ENA|AAC78721|AAC78721.1	50.00	8	4	0	8	15	152	159	9.2	16.4
Seq10009_643_bp_1_1_2	ENA|AAR37016|AAR37016.1	66.67	6	2	0	3	8	694	699	9.5	18.2
Seq10009_643_bp_1_1_3	ENA|CAA28033|CAA28033.1	50.00	10	5	0	2	11	21	30	0.39	21.8
Seq10009_643_bp_1_1_3	ENA|ABK71357|ABK71357.1	44.44	9	5	0	4	12	352	360	0.61	19.3
Seq10009_643_bp_1_1_3	ENA|ABD33854|ABD33854.1	44.44	9	5	0	1	9	41	49	0.78	16.4
Seq10009_643_bp_1_1_3	ENA|AAC08817|AAC08817.1	43.75	17	9	1	1	17	131	146	1.4	16.8
Seq10009_643_bp_1_1_3	ENA|AAC97205|AAC97205.1	30.77	13	9	0	3	15	977	989	2	19.3
Seq10009_643_bp_1_1_3	ENA|CAA29968|CAA29968.1	54.55	15	5	4	4	14	99	113	4.1	15.6
Seq10009_643_bp_1_1_3	ENA|AAA42531|AAA42531.1	35.71	14	9	0	5	18	303	316	4.6	16.4
Seq10009_643_bp_1_1_3	ENA|CAA26023|CAA26023.1	75.00	4	1	0	5	8	235	238	6	16.0
Seq10009_643_bp_1_1_3	ENA|ABD49687|ABD49687.1	50.00	9	4	1	4	12	1062	1069	8.3	17.7
Seq10009_643_bp_1_1_4	ENA|AAA42531|AAA42531.1	31.58	38	26	0	4	41	277	314	0.1	23.6
Seq10009_643_bp_1_1_4	ENA|ABD33854|ABD33854.1	20.93	45	34	2	10	53	10	53	1.5	17.1
Seq10009_643_bp_1_1_4	ENA|CAA45199|CAA45199.1	34.04	52	31	5	3	50	126	176	1.9	19.7
Seq10009_643_bp_1_1_4	ENA|ABN10845|ABN10845.1	23.81	21	16	0	35	55	99	119	3	17.8
Seq10009_643_bp_1_1_4	ENA|AAB66912|AAB66912.1	29.82	65	40	8	1	58	455	518	3.6	19.7
Seq10009_643_bp_1_1_4	ENA|AAI27517|AAI27517.1	27.08	51	35	3	4	51	228	278	5.6	18.4
Seq10009_643_bp_1_1_4	ENA|ABK71357|ABK71357.1	41.18	17	10	0	33	49	310	326	6	17.6
Seq10009_643_bp_1_1_4	ENA|AAB26998|AAB26998.1	44.44	22	10	4	33	51	36	56	6.4	15.2
Seq10009_643_bp_1_1_4	ENA|BAA32991|BAA32991.1	18.52	28	22	1	20	46	2	29	6.7	15.0
Seq10009_643_bp_1_1_4	ENA|CAA24711|CAA24711.1	22.22	45	35	0	7	51	49	93	6.8	16.3
Seq10009_643_bp_1_1_4	ENA|BAA32956|BAA32956.1	33.33	38	24	2	1	38	173	208	6.9	16.5
Seq10009_643_bp_1_1_4	ENA|AAC49865|AAC49865.1	35.29	17	11	0	33	49	36	52	7.5	17.1
Seq10009_643_bp_1_1_4	ENA|CAA43419|CAA43419.1	26.67	30	22	0	29	58	220	249	9.8	16.8
Seq10009_643_bp_1_1_4	ENA|AAC26660|AAC26660.1	28.57	62	35	13	3	51	63	124	9.8	16.3
Seq10009_643_bp_1_1_5	ENA|ABN10845|ABN10845.1	31.71	46	28	5	9	53	153	194	4.5	17.3
Seq10009_643_bp_1_1_5	ENA|CAA29968|CAA29968.1	20.51	39	31	0	6	44	30	68	4.8	17.1
Seq10009_643_bp_1_1_5	ENA|AAA24145|AAA24145.1	20.41	50	39	1	2	51	266	314	5.4	18.1
Seq10009_643_bp_1_1_5	ENA|AAA42531|AAA42531.1	25.00	53	39	1	4	56	277	328	6.5	17.6
Seq10009_643_bp_1_1_5	ENA|ABD33854|ABD33854.1	18.60	43	35	0	14	56	5	47	6.7	14.9
Seq10009_643_bp_1_1_5	ENA|BAA05866|BAA05866.1	27.03	38	27	1	16	53	47	83	7.4	17.1
Seq10009_643_bp_1_2_0	ENA|CAA73529|CAA73529.1	72.73	16	3	5	3	13	56	71	2	16.8
Seq10009_643_bp_1_2_0	ENA|BAA32991|BAA32991.1	60.00	5	2	0	8	12	55	59	5.7	13.2
Seq10009_643_bp_1_2_1	ENA|CAA45199|CAA45199.1	31.48	60	37	6	10	68	134	188	0.97	20.8
Seq10009_643_bp_1_2_1	ENA|AAC08817|AAC08817.1	39.62	73	32	20	10	67	51	118	1.1	19.0
Seq10009_643_bp_1_2_1	ENA|AAF79734|AAF79734.1	24.59	63	46	2	1	63	111	171	1.4	21.9
Seq10009_643_bp_1_2_1	ENA|CAA29968|CAA29968.1	22.03	61	46	2	8	68	95	153	2.4	18.2
Seq10009_643_bp_1_2_1	ENA|ABK71357|ABK71357.1	22.45	51	38	2	6	55	295	344	2.7	19.0
Seq10009_643_bp_1_2_1	ENA|BAB79260|BAB79260.1	20.34	65	47	6	5	65	176	238	2.7	19.3
Seq10009_643_bp_1_2_1	ENA|AAB66912|AAB66912.1	27.42	68	45	6	5	66	287	354	3.2	20.1
Seq10009_643_bp_1_2_1	ENA|EDO47375|EDO47375.1	34.38	38	21	6	37	68	29	66	4	17.5
Seq10009_643_bp_1_2_1	ENA|CAA36714|CAA36714.1	25.64	44	29	5	16	57	423	463	4	18.8
Seq10009_643_bp_1_2_1	ENA|CAA26023|CAA26023.1	34.21	39	25	1	14	51	12	50	4.6	18.2
Seq10009_643_bp_1_2_1	ENA|AAR37016|AAR37016.1	34.48	72	38	14	3	62	776	845	4.7	20.8
Seq10009_643_bp_1_2_1	ENA|AAI27517|AAI27517.1	28.26	52	33	6	11	60	493	540	5	18.8
Seq10009_643_bp_1_2_1	ENA|AAA25966|AAA25966.1	24.07	58	41	4	7	60	305	362	5.1	19.0
Seq10009_643_bp_1_2_1	ENA|AAB96524|AAB96524.1	27.27	63	40	8	5	66	77	132	5.5	16.9
Seq10009_643_bp_1_2_1	ENA|AAB26998|AAB26998.1	32.14	29	19	1	28	55	10	38	6.8	15.4
Seq10009_643_bp_1_2_1	ENA|CAA43419|CAA43419.1	22.03	63	46	4	6	64	61	123	7.4	17.5
Seq10009_643_bp_1_2_1	ENA|ABN10845|ABN10845.1	16.67	50	40	2	5	54	30	77	7.6	16.7
Seq10009_643_bp_1_2_1	ENA|CAA29956|CAA29956.1	25.45	60	41	5	11	66	240	298	7.6	17.5
Seq10009_643_bp_1_2_1	ENA|ABD49687|ABD49687.1	34.09	50	29	6	16	64	795	839	8.1	19.5
Seq10009_643_bp_1_2_1	ENA|AAS77176|AAS77176.1	39.39	39	20	6	28	60	143	181	8.3	16.9
Seq10009_643_bp_1_2_1	ENA|BAA32956|BAA32956.1	27.91	46	31	3	15	57	156	201	8.7	16.4
Seq10009_643_bp_1_2_1	ENA|AAR31603|AAR31603.1	25.81	31	23	0	36	66	200	230	9.4	16.9
Seq10009_643_bp_1_2_1	ENA|BAA36759|BAA36759.1	27.27	38	24	5	36	68	247	284	9.8	16.7
Seq10009_643_bp_1_2_1	ENA|CAD53387|CAD53387.1	31.48	57	37	3	8	63	420	474	9.9	17.5
Seq10009_643_bp_1_2_2	ENA|BAA32956|BAA32956.1	22.92	49	37	1	35	82	9	57	2	19.0
Seq10009_643_bp_1_2_2	ENA|AAI27517|AAI27517.1	31.25	78	44	14	12	82	277	347	4.8	19.2
Seq10009_643_bp_1_2_2	ENA|AAA25966|AAA25966.1	32.65	62	33	13	21	78	285	337	6.7	19.0
Seq10009_643_bp_1_2_2	ENA|CAA26939|CAA26939.1	30.00	54	35	4	24	74	489	541	7.1	18.5
Seq10009_643_bp_1_2_2	ENA|BAA32991|BAA32991.1	27.91	46	31	3	15	60	7	49	7.3	15.4
Seq10009_643_bp_1_2_2	ENA|AAA32624|AAA32624.1	30.00	54	35	4	24	74	441	493	7.6	18.3
Seq10009_643_bp_1_2_2	ENA|AAA42531|AAA42531.1	52.38	27	10	6	38	61	163	186	7.6	17.8
Seq10009_643_bp_1_2_2	ENA|BAA32018|BAA32018.1	26.87	80	49	13	8	87	370	436	7.8	18.5
Seq10009_643_bp_1_2_2	ENA|AAC26660|AAC26660.1	31.71	42	28	1	39	79	115	156	8	17.2
Seq10009_643_bp_1_2_3	ENA|AAA18786|AAA18786.1	46.15	13	7	0	1	13	155	167	2.2	16.6
Seq10009_643_bp_1_2_3	ENA|CCP43727|CCP43727.1	23.08	13	10	0	2	14	319	331	2.7	16.6
Seq10009_643_bp_1_2_3	ENA|AAS77176|AAS77176.1	50.00	10	5	0	5	14	265	274	3.3	16.2
Seq10009_643_bp_1_2_3	ENA|EDO47375|EDO47375.1	44.44	9	5	0	7	15	23	31	4.1	15.2
Seq10009_643_bp_1_2_3	ENA|AAA32624|AAA32624.1	41.67	12	7	0	1	12	166	177	4.3	16.6
Seq10009_643_bp_1_2_3	ENA|CAL82360|CAL82360.1	70.00	11	3	1	2	12	1173	1182	7.3	17.1
Seq10009_643_bp_1_2_3	ENA|ACH70901|ACH70901.1	50.00	12	6	0	2	13	154	165	7.6	15.2
Seq10009_643_bp_1_2_3	ENA|AAB03707|AAB03707.1	28.57	14	10	0	2	15	1110	1123	7.8	17.1
Seq10009_643_bp_1_2_3	ENA|CAA26939|CAA26939.1	38.46	13	8	0	2	14	53	65	8.6	15.7
Seq10009_643_bp_1_2_3	ENA|AAA72732|AAA72732.1	33.33	9	6	0	4	12	85	93	9	14.7
Seq10009_643_bp_1_2_3	ENA|AAA24145|AAA24145.1	50.00	10	5	0	3	12	34	43	9.6	15.2
Seq10009_643_bp_-1_0_0	ENA|ABN10845|ABN10845.1	66.67	9	3	0	3	11	200	208	0.43	18.9
Seq10009_643_bp_-1_0_0	ENA|AAA36114|AAA36114.1	41.67	12	7	0	4	15	113	124	1	18.9
Seq10009_643_bp_-1_0_0	ENA|AAC08817|AAC08817.1	71.43	7	2	0	9	15	8	14	1.5	16.7
Seq10009_643_bp_-1_0_0	ENA|AAC26660|AAC26660.1	21.43	14	11	0	4	17	52	65	1.7	17.1
Seq10009_643_bp_-1_0_0	ENA|AAB03707|AAB03707.1	35.71	14	9	0	4	17	581	594	2	19.4
Seq10009_643_bp_-1_0_0	ENA|CAA28033|CAA28033.1	62.50	8	3	0	2	9	68	75	2.5	18.9
Seq10009_643_bp_-1_0_0	ENA|AAA18786|AAA18786.1	33.33	15	10	0	1	15	209	223	3.4	16.2
Seq10009_643_bp_-1_0_0	ENA|ACT10338|ACT10338.1	44.44	9	5	0	6	14	88	96	3.6	16.7
Seq10009_643_bp_-1_0_0	ENA|AAB66912|AAB66912.1	35.71	14	9	0	4	17	162	175	4.5	17.6
Seq10009_643_bp_-1_0_0	ENA|AAF79734|AAF79734.1	30.77	13	9	0	4	16	638	650	5.1	18.0
Seq10009_643_bp_-1_0_0	ENA|AAA72732|AAA72732.1	31.25	16	11	0	2	17	31	46	5.3	15.7
Seq10009_643_bp_-1_0_0	ENA|CAB75732|CAB75732.1	35.71	14	9	0	4	17	709	722	5.6	17.6
Seq10009_643_bp_-1_0_0	ENA|CAA36714|CAA36714.1	33.33	12	8	0	2	13	332	343	5.7	16.2
Seq10009_643_bp_-1_0_0	ENA|AAB96524|AAB96524.1	44.44	9	5	0	4	12	98	106	5.8	14.8
Seq10009_643_bp_-1_0_0	ENA|AAC40132|AAC40132.1	36.36	11	7	0	6	16	414	424	5.9	16.2
Seq10009_643_bp_-1_0_0	ENA|AAA36539|AAA36539.1	23.53	17	13	0	1	17	170	186	5.9	16.2
Seq10009_643_bp_-1_0_0	ENA|AAR37016|AAR37016.1	45.45	11	6	0	1	11	1033	1043	6	18.5
Seq10009_643_bp_-1_0_0	ENA|CAA36214|CAA36214.1	26.67	15	11	0	2	16	104	118	6.9	15.3
Seq10009_643_bp_-1_0_0	ENA|CAA26939|CAA26939.1	46.67	16	8	1	2	17	190	204	6.9	16.2
Seq10009_643_bp_-1_0_0	ENA|CAA45199|CAA45199.1	44.44	9	5	0	6	14	24	32	7.8	15.7
Seq10009_643_bp_-1_0_0	ENA|CAA73529|CAA73529.1	30.77	13	9	0	5	17	111	123	8.4	14.8
Seq10009_643_bp_-1_0_0	ENA|AAB26998|AAB26998.1	75.00	4	1	0	4	7	42	45	8.5	13.0
Seq10009_643_bp_-1_0_0	ENA|BAA32956|BAA32956.1	75.00	10	2	2	8	17	107	114	8.8	14.4
Seq10009_643_bp_-1_0_0	ENA|AAC49865|AAC49865.1	50.00	10	5	0	1	10	277	286	9.9	14.8
Seq10009_643_bp_-1_0_1	ENA|AAA36539|AAA36539.1	36.73	56	31	7	11	64	9	59	0.02	26.7
Seq10009_643_bp_-1_0_1	ENA|AAI27517|AAI27517.1	26.47	75	50	7	4	77	311	379	0.27	23.2
Seq10009_643_bp_-1_0_1	ENA|BAA32956|BAA32956.1	28.89	48	32	3	2	49	156	200	0.29	21.7
Seq10009_643_bp_-1_0_1	ENA|ABD49687|ABD49687.1	28.30	63	38	10	16	75	817	872	0.37	24.3
Seq10009_643_bp_-1_0_1	ENA|CAD53387|CAD53387.1	31.71	43	28	2	16	56	427	469	0.39	22.5
Seq10009_643_bp_-1_0_1	ENA|CAA29956|CAA29956.1	16.88	77	64	0	2	78	132	208	1.5	20.1
Seq10009_643_bp_-1_0_1	ENA|ABK71357|ABK71357.1	25.35	78	53	7	5	76	183	259	2.1	19.5
Seq10009_643_bp_-1_0_1	ENA|AAR37016|AAR37016.1	29.69	69	45	5	9	74	1004	1070	2.6	21.9
Seq10009_643_bp_-1_0_1	ENA|CCP43727|CCP43727.1	23.64	59	42	4	15	73	60	114	2.7	19.0
Seq10009_643_bp_-1_0_1	ENA|CAA26939|CAA26939.1	25.00	63	42	7	20	75	217	279	2.7	19.8
Seq10009_643_bp_-1_0_1	ENA|AAA25966|AAA25966.1	28.57	84	50	14	6	75	355	438	2.9	20.1
Seq10009_643_bp_-1_0_1	ENA|AAB66912|AAB66912.1	31.43	37	24	2	34	70	307	341	3.1	20.3
Seq10009_643_bp_-1_0_1	ENA|ACT10338|ACT10338.1	19.40	72	54	5	6	76	192	259	3.8	18.7
Seq10009_643_bp_-1_0_1	ENA|AAR31603|AAR31603.1	22.92	48	37	0	26	73	38	85	3.9	18.5
Seq10009_643_bp_-1_0_1	ENA|CAA36214|CAA36214.1	28.21	43	28	4	10	52	143	181	4.3	18.2
Seq10009_643_bp_-1_0_1	ENA|AAC08817|AAC08817.1	25.71	36	26	1	37	72	8	42	4.6	17.2
Seq10009_643_bp_-1_0_1	ENA|BAA36759|BAA36759.1	35.48	33	20	2	46	78	8	38	4.9	18.0
Seq10009_643_bp_-1_0_1	ENA|AAA36114|AAA36114.1	31.58	20	13	1	12	30	89	108	5	18.7
Seq10009_643_bp_-1_0_1	ENA|AAC97205|AAC97205.1	27.03	38	27	1	7	44	3	39	5.7	19.8
Seq10009_643_bp_-1_0_1	ENA|AAB26998|AAB26998.1	22.92	54	37	6	23	70	21	74	6.8	15.6
Seq10009_643_bp_-1_0_1	ENA|AAS77176|AAS77176.1	28.33	65	43	5	5	68	50	110	6.9	17.4
Seq10009_643_bp_-1_0_1	ENA|CAA24711|CAA24711.1	23.64	57	42	2	19	75	7	61	7.1	16.6
Seq10009_643_bp_-1_0_1	ENA|AAB96524|AAB96524.1	23.53	51	39	0	22	72	121	171	7.6	16.6
Seq10009_643_bp_-1_0_1	ENA|AAC40132|AAC40132.1	21.05	60	45	3	20	78	166	223	7.8	18.0
Seq10009_643_bp_-1_0_1	ENA|AAC26660|AAC26660.1	17.95	41	32	2	38	78	210	248	8.7	16.9
Seq10009_643_bp_-1_0_1	ENA|CAA11507|CAA11507.1	26.15	70	48	5	12	76	110	179	8.9	19.3
Seq10009_643_bp_-1_0_1	ENA|CAA45199|CAA45199.1	26.09	77	51	8	3	76	370	441	9.2	17.7
Seq10009_643_bp_-1_0_1	ENA|AAF79734|AAF79734.1	33.33	47	30	2	32	76	719	765	9.4	19.3
Seq10009_643_bp_-1_0_2	ENA|AAR37016|AAR37016.1	34.88	46	28	3	8	51	1193	1237	0.46	23.9
Seq10009_643_bp_-1_0_2	ENA|AAC08817|AAC08817.1	40.74	30	16	3	9	36	100	128	0.57	19.6
Seq10009_643_bp_-1_0_2	ENA|CAA45708|CAA45708.1	36.67	30	19	0	23	52	73	102	1.4	21.6
Seq10009_643_bp_-1_0_2	ENA|AAR31603|AAR31603.1	24.00	50	38	0	3	52	29	78	2.1	18.8
Seq10009_643_bp_-1_0_2	ENA|AAB96524|AAB96524.1	25.00	34	24	2	21	52	34	67	2.1	18.0
Seq10009_643_bp_-1_0_2	ENA|AAF79734|AAF79734.1	35.14	38	24	1	10	46	489	526	2.9	20.5
Seq10009_643_bp_-1_0_2	ENA|BAA32956|BAA32956.1	41.38	34	17	5	15	48	177	205	2.9	17.7
Seq10009_643_bp_-1_0_2	ENA|AAA18786|AAA18786.1	27.59	31	21	2	7	35	165	195	3.1	18.0
Seq10009_643_bp_-1_0_2	ENA|CAA73529|CAA73529.1	19.05	44	34	2	9	52	2	43	3.8	17.7
Seq10009_643_bp_-1_0_2	ENA|AAS77176|AAS77176.1	19.57	46	37	0	3	48	123	168	4	17.7
Seq10009_643_bp_-1_0_2	ENA|ABD49687|ABD49687.1	23.53	34	26	0	13	46	1362	1395	4.1	20.2
Seq10009_643_bp_-1_0_2	ENA|AAC49865|AAC49865.1	19.05	42	34	0	10	51	264	305	4.5	17.7
Seq10009_643_bp_-1_0_2	ENA|AAC40132|AAC40132.1	32.00	25	17	0	1	25	168	192	5.3	18.0
Seq10009_643_bp_-1_0_2	ENA|AAA72732|AAA72732.1	38.46	32	16	6	1	32	209	234	6.3	17.1
Seq10009_643_bp_-1_0_2	ENA|AAI27517|AAI27517.1	34.38	37	21	5	8	42	312	345	6.6	18.0
Seq10009_643_bp_-1_0_2	ENA|CAD53387|CAD53387.1	38.71	34	19	3	18	49	29	61	6.8	17.7
Seq10009_643_bp_-1_0_2	ENA|AAC78721|AAC78721.1	26.67	46	33	1	1	45	154	199	7.4	18.0
Seq10009_643_bp_-1_0_2	ENA|ABD33854|ABD33854.1	46.15	13	7	0	38	50	18	30	8.8	14.3
Seq10009_643_bp_-1_0_3	ENA|ABD49687|ABD49687.1	30.00	40	28	0	2	41	578	617	0.31	23.7
Seq10009_643_bp_-1_0_3	ENA|CAA45708|CAA45708.1	23.08	40	30	1	5	43	264	303	1.8	21.0
Seq10009_643_bp_-1_0_3	ENA|AAQ92751|AAQ92751.2	36.00	25	16	0	11	35	1022	1046	2.1	20.6
Seq10009_643_bp_-1_0_3	ENA|BAB79260|BAB79260.1	30.43	23	16	0	20	42	266	288	2.2	18.9
Seq10009_643_bp_-1_0_3	ENA|ABK71357|ABK71357.1	26.32	43	28	5	1	41	118	157	2.3	18.6
Seq10009_643_bp_-1_0_3	ENA|CAB75732|CAB75732.1	28.95	38	27	0	4	41	141	178	3.5	19.6
Seq10009_643_bp_-1_0_3	ENA|AAC49865|AAC49865.1	26.47	35	25	1	5	38	247	281	4.1	17.5
Seq10009_643_bp_-1_0_3	ENA|AAR37016|AAR37016.1	36.84	19	12	0	9	27	1697	1715	4.4	20.3
Seq10009_643_bp_-1_0_3	ENA|CAA26023|CAA26023.1	22.58	33	24	2	4	36	282	312	6	17.2
Seq10009_643_bp_-1_0_3	ENA|AAC78721|AAC78721.1	28.57	29	20	1	7	34	585	613	6.5	17.9
Seq10009_643_bp_-1_0_3	ENA|ABD33854|ABD33854.1	37.50	16	10	0	5	20	27	42	6.7	14.4
Seq10009_643_bp_-1_0_3	ENA|AAA36539|AAA36539.1	20.00	40	32	0	3	42	386	425	7.4	17.2
Seq10009_643_bp_-1_0_3	ENA|EDO47375|EDO47375.1	31.25	35	22	3	12	43	44	78	7.6	15.8
Seq10009_643_bp_-1_0_3	ENA|AAC08817|AAC08817.1	33.33	27	18	0	11	37	42	68	7.9	15.5
Seq10009_643_bp_-1_0_3	ENA|AAC26660|AAC26660.1	28.21	43	28	4	3	41	36	78	8.1	16.2
Seq10009_643_bp_-1_0_3	ENA|AAB26998|AAB26998.1	46.15	13	7	0	6	18	56	68	8.1	14.4
Seq10009_643_bp_-1_0_3	ENA|AAC17860|AAC17860.1	26.92	26	19	0	18	43	75	100	10	16.5
Seq10009_643_bp_-1_1_0	ENA|AAB96524|AAB96524.1	30.00	20	14	0	2	21	151	170	0.23	20.0
Seq10009_643_bp_-1_1_0	ENA|ABD49687|ABD49687.1	44.44	21	10	3	1	21	1092	1109	1.2	20.7
Seq10009_643_bp_-1_1_0	ENA|CAA36214|CAA36214.1	31.58	19	13	0	2	20	196	214	1.4	18.1
Seq10009_643_bp_-1_1_0	ENA|BAA32991|BAA32991.1	75.00	4	1	0	19	22	28	31	2	15.4
Seq10009_643_bp_-1_1_0	ENA|AAB26998|AAB26998.1	26.67	17	11	2	4	20	13	27	3.8	14.6
Seq10009_643_bp_-1_1_0	ENA|BAB17681|BAB17681.1	66.67	6	2	0	3	8	119	124	4.6	16.1
Seq10009_643_bp_-1_1_0	ENA|AAA25966|AAA25966.1	46.67	18	8	3	2	19	482	496	5.4	17.3
Seq10009_643_bp_-1_1_0	ENA|CAA45199|CAA45199.1	50.00	10	5	0	3	12	35	44	6	16.5
Seq10009_643_bp_-1_1_0	ENA|BAA36759|BAA36759.1	57.14	7	3	0	13	19	270	276	6.2	15.8
Seq10009_643_bp_-1_1_0	ENA|ACH70901|ACH70901.1	57.14	7	3	0	12	18	6	12	7.7	15.8
Seq10009_643_bp_-1_1_0	ENA|AAA42531|AAA42531.1	29.41	17	12	0	4	20	335	351	8.2	15.8
Seq10009_643_bp_-1_1_0	ENA|AAA36114|AAA36114.1	38.46	13	8	0	3	15	109	121	8.3	16.1
Seq10009_643_bp_-1_1_1	ENA|BAA32956|BAA32956.1	44.00	26	14	1	1	25	172	197	0.2	20.7
Seq10009_643_bp_-1_1_1	ENA|CAA43419|CAA43419.1	28.00	25	18	0	2	26	34	58	0.74	19.6
Seq10009_643_bp_-1_1_1	ENA|CAA29956|CAA29956.1	29.17	26	17	2	5	28	327	352	1.6	18.5
Seq10009_643_bp_-1_1_1	ENA|AAA72732|AAA72732.1	40.91	23	13	1	7	28	177	199	1.7	18.2
Seq10009_643_bp_-1_1_1	ENA|ABN10845|ABN10845.1	28.00	28	18	3	1	28	163	187	1.9	17.5
Seq10009_643_bp_-1_1_1	ENA|AAC08817|AAC08817.1	40.00	15	9	0	13	27	40	54	3.6	16.1
Seq10009_643_bp_-1_1_1	ENA|AAA18786|AAA18786.1	33.33	18	12	0	2	19	197	214	3.7	16.8
Seq10009_643_bp_-1_1_1	ENA|ABD49687|ABD49687.1	25.93	27	20	0	1	27	1528	1554	4.3	19.3
Seq10009_643_bp_-1_1_1	ENA|AAA36539|AAA36539.1	58.33	12	5	0	10	21	65	76	6.5	16.8
Seq10009_643_bp_-1_1_1	ENA|AAC49865|AAC49865.1	31.82	22	15	0	5	26	253	274	7.2	16.1
Seq10009_643_bp_-1_1_2	ENA|AAS77176|AAS77176.1	35.71	14	9	0	8	21	172	185	0.8	18.8
Seq10009_643_bp_-1_1_2	ENA|BAB17681|BAB17681.1	38.89	19	11	1	3	20	127	145	2.2	17.3
Seq10009_643_bp_-1_1_2	ENA|BAA32956|BAA32956.1	37.50	16	10	0	7	22	193	208	2.8	16.5
Seq10009_643_bp_-1_1_2	ENA|CAA26023|CAA26023.1	50.00	8	4	0	13	20	218	225	5	16.5
Seq10009_643_bp_-1_1_2	ENA|CAA24711|CAA24711.1	30.00	21	14	1	1	21	138	157	6.4	15.0
Seq10009_643_bp_-1_1_2	ENA|CAA26939|CAA26939.1	36.36	11	7	0	5	15	336	346	7.3	16.5
Seq10009_643_bp_-1_1_2	ENA|AAI27517|AAI27517.1	31.25	16	11	0	5	20	134	149	7.5	16.5
Seq10009_643_bp_-1_1_2	ENA|ABK71357|ABK71357.1	40.00	15	9	0	1	15	163	177	8	15.7
Seq10009_643_bp_-1_1_2	ENA|CAA29956|CAA29956.1	50.00	8	4	0	2	9	362	369	8	15.7
Seq10009_643_bp_-1_1_2	ENA|AAA36114|AAA36114.1	36.36	11	7	0	11	21	84	94	8.3	16.1
Seq10009_643_bp_-1_1_2	ENA|AAC17860|AAC17860.1	26.32	19	14	0	1	19	190	208	8.7	15.7
Seq10009_643_bp_-1_1_2	ENA|AAB66912|AAB66912.1	36.36	11	7	0	1	11	77	87	9	16.9
Seq10009_643_bp_-1_1_2	ENA|AAC97205|AAC97205.1	35.71	14	9	0	8	21	443	456	9.1	17.3
Seq10009_643_bp_-1_1_2	ENA|CAA73529|CAA73529.1	40.00	18	9	3	5	22	23	37	9.7	15.0
Seq10009_643_bp_-1_1_2	ENA|CAA45199|CAA45199.1	66.67	6	2	0	8	13	303	308	9.9	15.7
Seq10009_643_bp_-1_1_3	ENA|AAR37016|AAR37016.1	55.56	10	4	1	1	9	1260	1269	5.4	18.0
Seq10009_643_bp_-1_1_3	ENA|ABK71357|ABK71357.1	66.67	10	3	1	2	11	350	358	8	14.7
Seq10009_643_bp_-1_1_3	ENA|BAA32956|BAA32956.1	50.00	6	3	0	3	8	90	95	8.8	13.8
Seq10009_643_bp_-1_1_4	ENA|ABD33854|ABD33854.1	44.44	9	5	0	1	9	1	9	9.4	12.1
Seq10009_643_bp_-1_1_4	ENA|AAA42531|AAA42531.1	36.36	11	7	0	2	12	318	328	9.6	14.6
Seq10009_643_bp_-1_1_5	ENA|ABK71357|ABK71357.1	72.73	12	3	1	10	20	100	111	0.18	21.4
Seq10009_643_bp_-1_1_5	ENA|AAR31603|AAR31603.1	35.29	17	11	0	4	20	41	57	0.29	20.6
Seq10009_643_bp_-1_1_5	ENA|AAR37016|AAR37016.1	38.89	18	11	0	3	20	98	115	0.84	21.9
Seq10009_643_bp_-1_1_5	ENA|CAA24711|CAA24711.1	54.55	11	5	0	5	15	96	106	0.94	17.9
Seq10009_643_bp_-1_1_5	ENA|CAA26023|CAA26023.1	26.32	19	14	0	3	21	174	192	1.1	18.8
Seq10009_643_bp_-1_1_5	ENA|CCP43727|CCP43727.1	42.11	20	11	1	5	23	74	93	1.3	18.4
Seq10009_643_bp_-1_1_5	ENA|CAA45199|CAA45199.1	41.67	12	7	0	9	20	398	409	1.4	18.8
Seq10009_643_bp_-1_1_5	ENA|AAC78721|AAC78721.1	46.67	15	8	0	4	18	162	176	1.5	19.3
Seq10009_643_bp_-1_1_5	ENA|AAA42531|AAA42531.1	31.58	19	13	0	4	22	80	98	1.5	18.4
Seq10009_643_bp_-1_1_5	ENA|CAA11507|CAA11507.1	26.32	19	14	0	6	24	274	292	1.6	20.1
Seq10009_643_bp_-1_1_5	ENA|ABG75784|ABG75784.1	40.00	21	12	1	4	24	68	87	1.7	17.9
Seq10009_643_bp_-1_1_5	ENA|AAB96524|AAB96524.1	36.84	20	12	1	4	22	48	67	1.8	17.1
Seq10009_643_bp_-1_1_5	ENA|AAB66912|AAB66912.1	60.00	10	4	0	15	24	303	312	2	19.3
Seq10009_643_bp_-1_1_5	ENA|ACT10338|ACT10338.1	50.00	10	5	0	8	17	159	168	2.1	17.9
Seq10009_643_bp_-1_1_5	ENA|AAS77176|AAS77176.1	36.84	19	12	0	1	19	57	75	2.8	17.1
Seq10009_643_bp_-1_1_5	ENA|ABN10845|ABN10845.1	23.81	21	16	0	4	24	89	109	2.9	16.6
Seq10009_643_bp_-1_1_5	ENA|AAA18786|AAA18786.1	21.74	23	18	0	2	24	165	187	3.5	16.6
Seq10009_643_bp_-1_1_5	ENA|CAA28033|CAA28033.1	31.25	18	11	2	7	24	976	991	3.8	18.8
Seq10009_643_bp_-1_1_5	ENA|CAA26939|CAA26939.1	31.58	20	13	1	1	20	57	75	4.1	17.5
Seq10009_643_bp_-1_1_5	ENA|AAA72732|AAA72732.1	33.33	18	12	0	2	19	253	270	4.1	16.6
Seq10009_643_bp_-1_1_5	ENA|AAC49865|AAC49865.1	30.77	13	9	0	8	20	181	193	5.7	16.2
Seq10009_643_bp_-1_1_5	ENA|BAB79260|BAB79260.1	27.78	18	13	0	3	20	65	82	5.9	16.6
Seq10009_643_bp_-1_1_5	ENA|AAA32624|AAA32624.1	33.33	15	10	0	5	19	153	167	6.7	16.6
Seq10009_643_bp_-1_1_5	ENA|CAA36214|CAA36214.1	42.86	16	8	2	6	21	136	149	7.1	15.8
Seq10009_643_bp_-1_1_5	ENA|AAA24145|AAA24145.1	23.81	22	16	1	3	24	292	312	7.9	16.2
Seq10009_643_bp_-1_1_5	ENA|AAB26998|AAB26998.1	66.67	6	2	0	14	19	61	66	8.3	13.6
Seq10009_643_bp_-1_1_5	ENA|AAC97205|AAC97205.1	30.77	13	9	0	6	18	950	962	8.5	17.5
Seq10009_643_bp_-1_1_5	ENA|AAI27517|AAI27517.1	26.32	19	14	0	3	21	9	27	9.9	16.2
Seq10009_643_bp_-1_1_6	ENA|BAA32991|BAA32991.1	54.55	11	5	0	1	11	13	23	0.0027	24.3
Seq10009_643_bp_-1_1_6	ENA|AAC97205|AAC97205.1	50.00	11	5	1	2	12	344	353	4.3	17.8
Seq10009_643_bp_-1_1_6	ENA|AAC49865|AAC49865.1	66.67	12	3	3	2	11	17	27	4.3	15.8
Seq10009_643_bp_-1_1_6	ENA|EDO47375|EDO47375.1	37.50	8	5	0	4	11	141	148	7	14.3
Seq10009_643_bp_-1_1_6	ENA|CAA43419|CAA43419.1	55.56	9	4	0	1	9	341	349	7.9	15.1
Seq10009_643_bp_-1_1_6	ENA|CAA29956|CAA29956.1	66.67	6	2	0	6	11	59	64	8.1	15.1
Seq10009_643_bp_-1_1_7	ENA|ACH70901|ACH70901.1	66.67	9	3	0	2	10	229	237	0.063	21.8
Seq10009_643_bp_-1_1_7	ENA|AAC08817|AAC08817.1	66.67	6	2	0	5	10	1	6	0.086	20.1
Seq10009_643_bp_-1_1_7	ENA|ACT10338|ACT10338.1	57.14	7	3	0	5	11	260	266	0.46	19.0
Seq10009_643_bp_-1_1_7	ENA|AAR37016|AAR37016.1	45.45	11	6	0	1	11	2230	2240	0.88	20.7
Seq10009_643_bp_-1_1_7	ENA|ABN10845|ABN10845.1	42.86	7	4	0	5	11	147	153	1.2	16.8
Seq10009_643_bp_-1_1_7	ENA|CAA28033|CAA28033.1	44.44	9	5	0	2	10	980	988	1.5	19.0
Seq10009_643_bp_-1_1_7	ENA|AAC49865|AAC49865.1	42.86	7	4	0	5	11	275	281	1.8	16.8
Seq10009_643_bp_-1_1_7	ENA|AAB03707|AAB03707.1	66.67	6	2	0	5	10	201	206	2.4	18.5
Seq10009_643_bp_-1_1_7	ENA|CAA36214|CAA36214.1	60.00	5	2	0	5	9	215	219	2.4	16.3
Seq10009_643_bp_-1_1_7	ENA|AAA36539|AAA36539.1	27.27	11	8	0	1	11	401	411	2.6	16.8
Seq10009_643_bp_-1_1_7	ENA|CAA45708|CAA45708.1	45.45	11	6	0	1	11	1507	1517	2.6	18.5
Seq10009_643_bp_-1_1_7	ENA|AAC17860|AAC17860.1	50.00	10	5	0	1	10	223	232	3.2	16.3
Seq10009_643_bp_-1_1_7	ENA|CAA26023|CAA26023.1	33.33	6	4	0	5	10	225	230	4.3	15.7
Seq10009_643_bp_-1_1_7	ENA|CAA73529|CAA73529.1	33.33	9	6	0	2	10	81	89	4.6	15.2
Seq10009_643_bp_-1_1_7	ENA|ABD33854|ABD33854.1	18.18	11	9	0	1	11	33	43	4.9	12.9
Seq10009_643_bp_-1_1_7	ENA|AAC78721|AAC78721.1	42.86	7	4	0	1	7	293	299	5.2	16.3
Seq10009_643_bp_-1_1_7	ENA|CAA26939|CAA26939.1	60.00	5	2	0	4	8	140	144	6.4	15.7
Seq10009_643_bp_-1_1_7	ENA|EDO47375|EDO47375.1	50.00	10	5	0	1	10	178	187	6.6	14.0
Seq10009_643_bp_-1_1_7	ENA|ABG75784|ABG75784.1	18.18	11	9	0	1	11	103	113	7.4	14.6
Seq10009_643_bp_-1_1_7	ENA|AAR31603|AAR31603.1	55.56	9	4	0	2	10	312	320	7.8	14.6
Seq10009_643_bp_-1_1_7	ENA|ABK71357|ABK71357.1	50.00	4	2	0	4	7	330	333	8.7	14.6
Seq10009_643_bp_-1_1_7	ENA|BAB17681|BAB17681.1	42.86	7	4	0	5	11	45	51	9.3	14.0
Seq10009_643_bp_-1_1_8	ENA|AAB66912|AAB66912.1	33.33	27	18	0	3	29	241	267	0.21	22.8
Seq10009_643_bp_-1_1_8	ENA|AAC08817|AAC08817.1	50.00	23	10	3	9	28	6	28	0.47	19.1
Seq10009_643_bp_-1_1_8	ENA|CCP43727|CCP43727.1	38.46	28	16	2	1	26	191	218	0.98	19.1
Seq10009_643_bp_-1_1_8	ENA|ABN10845|ABN10845.1	24.00	25	19	0	1	25	190	214	1.1	18.3
Seq10009_643_bp_-1_1_8	ENA|BAA05866|BAA05866.1	31.58	20	13	1	4	22	25	44	1.2	18.7
Seq10009_643_bp_-1_1_8	ENA|AAA24145|AAA24145.1	38.10	21	13	0	8	28	206	226	1.4	19.1
Seq10009_643_bp_-1_1_8	ENA|AAC78721|AAC78721.1	40.00	20	12	0	7	26	31	50	2	19.1
Seq10009_643_bp_-1_1_8	ENA|AAA36114|AAA36114.1	36.00	26	16	1	3	28	374	398	2	18.7
Seq10009_643_bp_-1_1_8	ENA|CAA36714|CAA36714.1	37.93	34	18	5	1	29	294	327	2.4	18.3
Seq10009_643_bp_-1_1_8	ENA|AAA25966|AAA25966.1	23.81	21	16	0	9	29	342	362	2.8	18.7
Seq10009_643_bp_-1_1_8	ENA|CAA24711|CAA24711.1	62.50	8	3	0	7	14	3	10	2.9	16.6
Seq10009_643_bp_-1_1_8	ENA|ABD49687|ABD49687.1	27.27	22	16	0	6	27	72	93	3.7	19.5
Seq10009_643_bp_-1_1_8	ENA|AAR37016|AAR37016.1	35.00	21	13	1	9	28	755	775	3.8	19.9
Seq10009_643_bp_-1_1_8	ENA|CAA45199|CAA45199.1	33.33	22	14	1	3	23	402	423	4.3	17.4
Seq10009_643_bp_-1_1_8	ENA|AAC40132|AAC40132.1	21.43	28	22	0	2	29	323	350	4.4	17.4
Seq10009_643_bp_-1_1_8	ENA|CAA26023|CAA26023.1	25.00	24	18	0	4	27	313	336	4.7	17.0
Seq10009_643_bp_-1_1_8	ENA|AAF79734|AAF79734.1	50.00	22	9	4	10	27	1162	1183	5.5	18.7
Seq10009_643_bp_-1_1_8	ENA|BAA32018|BAA32018.1	42.86	22	12	1	8	28	145	166	5.7	17.4
Seq10009_643_bp_-1_1_8	ENA|CAA73529|CAA73529.1	23.81	21	16	0	2	22	193	213	5.9	16.2
Seq10009_643_bp_-1_1_8	ENA|CAL82360|CAL82360.1	33.33	21	14	0	8	28	1137	1157	6.5	18.3
Seq10009_643_bp_-1_1_8	ENA|AAQ92751|AAQ92751.2	25.93	28	20	1	2	28	827	854	6.9	18.3
Seq10009_643_bp_-1_1_8	ENA|EDO47375|EDO47375.1	42.86	24	12	3	3	23	43	66	7.1	15.3
Seq10009_643_bp_-1_1_8	ENA|BAA32956|BAA32956.1	25.00	16	12	0	12	27	170	185	7.9	15.3
Seq10009_643_bp_-1_1_8	ENA|BAA36759|BAA36759.1	29.41	17	12	0	11	27	123	139	8.1	15.7
Seq10009_643_bp_-1_1_8	ENA|CAA36214|CAA36214.1	37.50	26	15	2	3	26	163	188	8.5	15.7
Seq10009_643_bp_-1_1_8	ENA|AAB03707|AAB03707.1	25.00	28	21	0	1	28	18	45	9.1	17.8
Seq10009_643_bp_-1_2_0	ENA|AAB26998|AAB26998.1	45.45	11	6	0	16	26	19	29	1.9	16.0
Seq10009_643_bp_-1_2_0	ENA|AAA42531|AAA42531.1	40.00	16	9	1	12	27	154	168	2.5	17.9
Seq10009_643_bp_-1_2_0	ENA|CAD53387|CAD53387.1	30.43	23	16	0	1	23	473	495	4.9	17.2
Seq10009_643_bp_-1_2_0	ENA|CAA29968|CAA29968.1	60.00	12	4	2	12	21	105	116	5.6	15.7
Seq10009_643_bp_-1_2_0	ENA|CAA73529|CAA73529.1	25.00	20	15	0	7	26	79	98	9.4	15.3
Seq10009_643_bp_-1_2_1	ENA|AAC78721|AAC78721.1	31.11	45	31	0	3	47	526	570	0.7	21.4
Seq10009_643_bp_-1_2_1	ENA|AAB96524|AAB96524.1	30.77	26	18	0	23	48	98	123	3.5	17.2
Seq10009_643_bp_-1_2_1	ENA|ABK71357|ABK71357.1	32.43	39	25	2	6	44	211	247	4.6	17.8
Seq10009_643_bp_-1_2_1	ENA|AAA18786|AAA18786.1	27.91	46	31	3	8	50	210	255	7.4	16.6
Seq10009_643_bp_-1_2_1	ENA|AAA24145|AAA24145.1	23.91	49	35	3	2	50	100	145	8.4	17.2
Seq10009_643_bp_-1_2_2	ENA|ABN10845|ABN10845.1	50.00	14	7	0	7	20	181	194	0.51	19.2
Seq10009_643_bp_-1_2_2	ENA|AAA25966|AAA25966.1	41.18	17	10	0	1	17	655	671	2.8	18.4
Seq10009_643_bp_-1_2_2	ENA|CAA28033|CAA28033.1	46.15	13	7	0	12	24	969	981	3	19.2
Seq10009_643_bp_-1_2_2	ENA|CAA11507|CAA11507.1	46.67	16	8	1	5	20	281	295	3.1	19.2
Seq10009_643_bp_-1_2_2	ENA|AAA32624|AAA32624.1	30.00	10	7	0	10	19	475	484	3.4	17.7
Seq10009_643_bp_-1_2_2	ENA|AAA72732|AAA72732.1	33.33	18	12	0	5	22	143	160	3.4	16.9
Seq10009_643_bp_-1_2_2	ENA|EDO47375|EDO47375.1	40.00	15	9	0	9	23	48	62	3.4	16.2
Seq10009_643_bp_-1_2_2	ENA|AAC17860|AAC17860.1	33.33	21	14	0	3	23	143	163	3.4	17.3
Seq10009_643_bp_-1_2_2	ENA|BAB17681|BAB17681.1	29.41	17	12	0	6	22	12	28	4.9	16.2
Seq10009_643_bp_-1_2_2	ENA|AAQ92751|AAQ92751.2	30.43	23	16	0	1	23	626	648	5.2	18.4
Seq10009_643_bp_-1_2_2	ENA|CAA45199|CAA45199.1	26.09	25	17	2	1	23	350	374	8.2	16.2
Seq10009_643_bp_-1_2_2	ENA|CAA29956|CAA29956.1	60.00	11	4	1	12	21	121	131	8.5	15.8
Seq10009_643_bp_-1_2_3	ENA|BAA32956|BAA32956.1	60.00	10	4	0	5	14	185	194	0.24	19.7
Seq10009_643_bp_-1_2_3	ENA|AAA36539|AAA36539.1	45.45	11	6	0	2	12	138	148	1.3	18.4
Seq10009_643_bp_-1_2_3	ENA|ABK71357|ABK71357.1	35.71	14	9	0	1	14	332	345	1.9	17.5
Seq10009_643_bp_-1_2_3	ENA|AAC08817|AAC08817.1	40.00	15	9	0	3	17	134	148	1.9	16.3
Seq10009_643_bp_-1_2_3	ENA|AAA32624|AAA32624.1	53.85	14	6	1	1	13	161	174	2	18.0
Seq10009_643_bp_-1_2_3	ENA|CAA26939|CAA26939.1	54.55	11	5	0	4	14	222	232	3.8	17.1
Seq10009_643_bp_-1_2_3	ENA|AAA72732|AAA72732.1	28.57	14	10	0	3	16	285	298	5	15.8
Seq10009_643_bp_-1_2_3	ENA|AAQ92751|AAQ92751.2	30.77	13	9	0	1	13	1061	1073	5	18.0
Seq10009_643_bp_-1_2_3	ENA|CAA73529|CAA73529.1	50.00	8	4	0	8	15	236	243	5.9	15.4
Seq10009_643_bp_-1_2_3	ENA|AAC40132|AAC40132.1	41.67	12	7	0	4	15	176	187	7.4	15.8
Seq10009_643_bp_-1_2_3	ENA|AAC78721|AAC78721.1	45.45	11	6	0	4	14	667	677	7.8	16.3
Seq10009_643_bp_-1_2_3	ENA|ABD49687|ABD49687.1	26.67	15	11	0	1	15	1099	1113	8.1	17.5
Seq10009_643_bp_-1_2_3	ENA|AAC26660|AAC26660.1	44.44	9	5	0	9	17	156	164	9.5	14.5
Seq10009_643_bp_-1_2_3	ENA|AAA18786|AAA18786.1	50.00	8	4	0	7	14	116	123	9.9	14.5
Seq10009_643_bp_-1_2_3	ENA|ACH70901|ACH70901.1	62.50	8	3	0	9	16	52	59	9.9	15.0
Seq10009_643_bp_-1_2_4	ENA|CAD53387|CAD53387.1	62.50	8	3	0	10	17	10	17	0.12	22.2
Seq10009_643_bp_-1_2_4	ENA|CAD53387|CAD53387.1	62.50	8	3	0	10	17	76	83	0.12	22.2
Seq10009_643_bp_-1_2_4	ENA|CAD53387|CAD53387.1	62.50	8	3	0	10	17	142	149	0.12	22.2
Seq10009_643_bp_-1_2_4	ENA|CAD53387|CAD53387.1	62.50	8	3	0	10	17	208	215	0.12	22.2
Seq10009_643_bp_-1_2_4	ENA|CAD53387|CAD53387.1	62.50	8	3	0	10	17	274	281	0.12	22.2
Seq10009_643_bp_-1_2_4	ENA|CAD53387|CAD53387.1	62.50	8	3	0	10	17	340	347	0.12	22.2
Seq10009_643_bp_-1_2_4	ENA|CAD53387|CAD53387.1	62.50	8	3	0	10	17	406	413	0.12	22.2
Seq10009_643_bp_-1_2_4	ENA|AAA36114|AAA36114.1	35.71	14	9	0	1	14	488	501	0.31	20.8
Seq10009_643_bp_-1_2_4	ENA|AAC08817|AAC08817.1	35.29	17	11	0	2	18	13	29	0.34	19.0
Seq10009_643_bp_-1_2_4	ENA|AAF79734|AAF79734.1	43.75	16	9	0	5	20	79	94	0.48	21.7
Seq10009_643_bp_-1_2_4	ENA|AAC49865|AAC49865.1	31.58	19	13	0	1	19	298	316	0.7	19.0
Seq10009_643_bp_-1_2_4	ENA|AAC40132|AAC40132.1	28.57	14	10	0	3	16	341	354	0.75	19.5
Seq10009_643_bp_-1_2_4	ENA|CAA26023|CAA26023.1	71.43	7	2	0	14	20	8	14	0.82	19.0
Seq10009_643_bp_-1_2_4	ENA|AAA24145|AAA24145.1	29.41	17	12	0	1	17	194	210	0.99	19.0
Seq10009_643_bp_-1_2_4	ENA|CCP43727|CCP43727.1	66.67	9	3	0	8	16	247	255	1.8	17.7
Seq10009_643_bp_-1_2_4	ENA|AAC26660|AAC26660.1	60.00	10	4	0	3	12	221	230	1.9	17.2
Seq10009_643_bp_-1_2_4	ENA|ACH70901|ACH70901.1	46.15	13	7	0	1	13	257	269	2	17.7
Seq10009_643_bp_-1_2_4	ENA|CAA28033|CAA28033.1	33.33	15	10	0	4	18	50	64	2	19.5
Seq10009_643_bp_-1_2_4	ENA|CAA73529|CAA73529.1	28.57	14	10	0	3	16	125	138	2	17.2
Seq10009_643_bp_-1_2_4	ENA|CAA36214|CAA36214.1	44.44	9	5	0	9	17	238	246	2.2	17.2
Seq10009_643_bp_-1_2_4	ENA|AAI27517|AAI27517.1	56.25	18	7	2	5	20	379	396	2.3	18.1
Seq10009_643_bp_-1_2_4	ENA|AAR31603|AAR31603.1	58.33	15	5	3	8	19	278	292	2.4	17.2
Seq10009_643_bp_-1_2_4	ENA|AAC97205|AAC97205.1	33.33	15	10	0	3	17	992	1006	2.6	19.0
Seq10009_643_bp_-1_2_4	ENA|ABD49687|ABD49687.1	50.00	19	8	3	1	19	1575	1590	2.6	19.5
Seq10009_643_bp_-1_2_4	ENA|BAA32956|BAA32956.1	27.78	18	13	0	1	18	149	166	2.9	16.3
Seq10009_643_bp_-1_2_4	ENA|CAA29968|CAA29968.1	33.33	15	10	0	1	15	22	36	3.6	15.9
Seq10009_643_bp_-1_2_4	ENA|AAB66912|AAB66912.1	57.14	7	3	0	14	20	892	898	4.9	17.7
Seq10009_643_bp_-1_2_4	ENA|CAA29956|CAA29956.1	50.00	8	4	0	11	18	36	43	5.1	16.3
Seq10009_643_bp_-1_2_4	ENA|AAA25966|AAA25966.1	45.45	11	6	0	2	12	567	577	5.2	17.2
Seq10009_643_bp_-1_2_4	ENA|AAA42531|AAA42531.1	40.00	10	6	0	8	17	98	107	5.2	16.3
Seq10009_643_bp_-1_2_4	ENA|CAA45199|CAA45199.1	37.50	8	5	0	9	16	145	152	6.3	16.3
Seq10009_643_bp_-1_2_4	ENA|AAB26998|AAB26998.1	36.36	11	7	0	5	15	25	35	6.8	13.6
Seq10009_643_bp_-1_2_4	ENA|AAA72732|AAA72732.1	43.75	17	9	1	3	19	111	126	7.7	15.4
Seq10009_643_bp_-1_2_4	ENA|BAA32991|BAA32991.1	41.67	12	7	0	1	12	40	51	8	13.2
Seq10009_643_bp_-1_2_4	ENA|BAB79260|BAB79260.1	83.33	6	1	0	4	9	4	9	8.1	15.9
Seq10009_643_bp_-1_2_4	ENA|AAR37016|AAR37016.1	42.86	14	8	0	5	18	1021	1034	8.8	18.1
Seq10009_643_bp_-1_2_4	ENA|ACT10338|ACT10338.1	42.86	14	8	0	1	14	352	365	9.4	15.4
Seq10009_643_bp_-1_2_4	ENA|AAC17860|AAC17860.1	26.67	15	11	0	6	20	72	86	9.9	15.4
Seq10009_643_bp_-1_2_5	ENA|AAC97205|AAC97205.1	66.67	13	4	1	6	18	466	477	0.14	23.5
Seq10009_643_bp_-1_2_5	ENA|AAC49865|AAC49865.1	27.27	23	16	1	2	24	271	292	2.8	17.3
Seq10009_643_bp_-1_2_5	ENA|ACH70901|ACH70901.1	40.00	15	9	0	3	17	179	193	3.9	16.9
Seq10009_643_bp_-1_2_5	ENA|ACT10338|ACT10338.1	33.33	19	12	1	7	24	46	64	4.2	16.9
Seq10009_643_bp_-1_2_5	ENA|AAI27517|AAI27517.1	33.33	18	12	0	7	24	513	530	6.2	16.9
Seq10009_643_bp_-1_2_5	ENA|AAC26660|AAC26660.1	44.44	9	5	0	12	20	110	118	8.8	15.2
Seq10009_643_bp_-1_2_5	ENA|AAR31603|AAR31603.1	40.00	15	9	0	7	21	299	313	8.8	15.5
Seq10009_643_bp_-1_2_5	ENA|BAA32991|BAA32991.1	55.56	10	4	1	14	22	56	65	9.9	13.1
Seq10009_643_bp_-1_2_6	ENA|ABK71357|ABK71357.1	38.89	18	11	0	3	20	277	294	0.064	22.7
Seq10009_643_bp_-1_2_6	ENA|AAB96524|AAB96524.1	25.00	16	12	0	2	17	148	163	2.1	16.7
Seq10009_643_bp_-1_2_6	ENA|EDO47375|EDO47375.1	29.41	17	12	0	1	17	12	28	2.1	16.7
Seq10009_643_bp_-1_2_6	ENA|ACH70901|ACH70901.1	29.41	17	12	0	4	20	246	262	2.3	17.5
Seq10009_643_bp_-1_2_6	ENA|CAA45708|CAA45708.1	35.29	19	11	2	1	19	122	138	3.2	19.1
Seq10009_643_bp_-1_2_6	ENA|AAA25966|AAA25966.1	43.75	18	9	2	3	18	52	69	4.6	17.5
Seq10009_643_bp_-1_2_6	ENA|AAI27517|AAI27517.1	31.25	16	11	0	6	21	578	593	4.9	17.1
Seq10009_643_bp_-1_2_6	ENA|CAD53387|CAD53387.1	26.32	19	14	0	2	20	45	63	5.5	16.7
Seq10009_643_bp_-1_2_6	ENA|ABG75784|ABG75784.1	31.25	16	11	0	6	21	261	276	6	15.9
Seq10009_643_bp_-1_2_6	ENA|CAA45199|CAA45199.1	35.29	18	11	1	5	21	136	153	6.8	16.3
Seq10009_643_bp_-1_2_6	ENA|CAA24711|CAA24711.1	62.50	8	3	0	6	13	61	68	7.5	14.7
Seq10009_643_bp_-1_2_6	ENA|CAA36214|CAA36214.1	28.57	14	10	0	7	20	66	79	7.6	15.5
Seq10009_643_bp_-1_2_6	ENA|BAA05866|BAA05866.1	45.45	11	6	0	5	15	194	204	7.6	15.5
Seq10009_643_bp_-1_2_6	ENA|AAC78721|AAC78721.1	44.44	21	10	3	3	20	246	266	9.4	16.3
