Seq359_65_bp_1_0_0	AAA25966.1	100.00	21	0	0	1	21	126	146	2.5e-12	58.3
Seq359_65_bp_1_0_0	AAA36565.1	33.33	21	12	3	2	19	28	48	1.9	16.7
Seq359_65_bp_1_0_0	AAC97205.1	25.00	16	12	0	3	18	757	772	2.1	19.4
Seq359_65_bp_1_0_0	ABG75784.1	57.14	7	3	0	8	14	83	89	7.9	15.4
Seq359_65_bp_1_1_0	CAA74140.1	38.10	21	13	0	1	21	485	505	0.58	20.9
Seq359_65_bp_1_1_0	AAH69556.1	50.00	23	9	5	1	18	157	179	1.5	17.9
Seq359_65_bp_1_1_0	ACH70904.1	37.50	8	5	0	14	21	289	296	1.8	17.9
Seq359_65_bp_1_1_0	AAI27517.1	50.00	8	4	0	13	20	182	189	1.8	18.5
Seq359_65_bp_1_1_0	BAA32991.1	29.41	17	12	0	1	17	51	67	2.1	15.2
Seq359_65_bp_1_1_0	AAF01122.1	30.00	20	14	0	2	21	273	292	2.3	17.5
Seq359_65_bp_1_1_0	ABD33854.1	27.78	20	13	2	2	19	33	52	2.5	14.9
Seq359_65_bp_1_1_0	AAR37016.1	56.25	19	7	3	3	21	1082	1097	2.9	19.9
Seq359_65_bp_1_1_0	AAA65607.1	41.67	12	7	0	9	20	115	126	4.4	16.6
Seq359_65_bp_1_1_0	AAC97205.1	42.86	14	8	0	8	21	6	19	4.7	18.2
Seq359_65_bp_1_1_0	CAA43372.1	27.78	18	13	0	2	19	234	251	5	16.6
Seq359_65_bp_1_1_0	ABD49687.1	35.00	20	13	0	1	20	124	143	5.2	18.5
Seq359_65_bp_1_1_0	AAA24142.1	31.25	16	11	0	6	21	34	49	5.4	16.6
Seq359_65_bp_1_1_0	AAA18786.1	45.45	11	6	0	3	13	31	41	6.3	15.6
Seq359_65_bp_1_1_0	AAX84812.1	40.00	15	9	0	5	19	184	198	6.9	15.2
Seq359_65_bp_1_1_0	AAA25966.1	30.77	13	9	0	9	21	110	122	8.4	16.6
Seq359_65_bp_1_1_0	AAA26915.1	45.45	11	6	0	11	21	387	397	8.6	15.9
Seq359_65_bp_1_1_0	BAB17681.1	33.33	12	8	0	2	13	26	37	9.9	14.9
Seq359_65_bp_1_1_0	AAQ92751.2	50.00	19	8	3	2	17	772	790	10	17.2
Seq359_65_bp_1_2_0	CAD53387.1	53.33	18	7	3	1	18	30	44	0.41	20.5
Seq359_65_bp_1_2_0	CAD53387.1	53.33	18	7	3	1	18	96	110	0.41	20.5
Seq359_65_bp_1_2_0	CAD53387.1	53.33	18	7	3	1	18	162	176	0.41	20.5
Seq359_65_bp_1_2_0	CAD53387.1	53.33	18	7	3	1	18	228	242	0.41	20.5
Seq359_65_bp_1_2_0	CAD53387.1	53.33	18	7	3	1	18	294	308	0.41	20.5
Seq359_65_bp_1_2_0	CAD53387.1	53.33	18	7	3	1	18	360	374	0.41	20.5
Seq359_65_bp_1_2_0	CAD53387.1	53.33	18	7	3	1	18	426	440	0.41	20.5
Seq359_65_bp_1_2_0	AAA45888.1	54.55	11	5	0	2	12	199	209	0.64	19.4
Seq359_65_bp_1_2_0	AAA45888.1	41.18	17	10	0	5	21	10	26	0.82	19.1
Seq359_65_bp_1_2_0	AAI27517.1	50.00	22	10	2	2	21	129	150	0.78	19.8
Seq359_65_bp_1_2_0	BAA32956.1	37.50	18	10	2	1	18	186	201	2.4	16.7
Seq359_65_bp_1_2_0	ABL74574.1	70.00	13	3	3	4	16	122	131	3.3	16.7
Seq359_65_bp_1_2_0	AAB96524.1	54.55	12	5	1	1	12	141	151	5.5	15.3
Seq359_65_bp_1_2_0	EDO47375.1	29.41	17	12	0	2	18	19	35	5.5	15.3
Seq359_65_bp_1_2_0	BAB17681.1	31.25	16	11	0	3	18	54	69	9.8	14.9
Seq359_65_bp_1_2_0	CAA73529.1	42.86	14	8	0	8	21	240	253	9.8	14.9
Seq359_65_bp_-1_0_0	BAA32956.1	40.00	10	6	0	6	15	76	85	1.7	17.2
Seq359_65_bp_-1_0_0	BAB17681.1	25.00	12	9	0	6	17	176	187	1.7	17.5
Seq359_65_bp_-1_0_0	ABD33854.1	30.00	10	7	0	7	16	53	62	3.2	14.5
Seq359_65_bp_-1_0_0	ABD49687.1	26.67	15	11	0	6	20	813	827	3.3	19.2
Seq359_65_bp_-1_0_0	AAA25966.1	38.46	17	8	4	2	18	312	324	3.5	17.9
Seq359_65_bp_-1_0_0	ACH70904.1	71.43	11	2	4	7	17	290	296	3.6	16.9
Seq359_65_bp_-1_0_0	AAI27517.1	45.45	12	6	1	7	18	157	167	3.6	17.5
Seq359_65_bp_-1_0_0	AAA24142.1	42.86	7	4	0	13	19	3	9	4.4	16.9
Seq359_65_bp_-1_0_0	AAC97205.1	80.00	5	1	0	15	19	17	21	4.7	18.2
Seq359_65_bp_-1_0_0	AAB26998.1	29.41	18	12	1	1	17	30	47	5	14.1
Seq359_65_bp_-1_0_0	AAR37016.1	45.45	11	6	0	8	18	1460	1470	5.6	18.9
Seq359_65_bp_-1_0_0	CAA74140.1	35.29	18	11	1	3	20	576	592	5.7	17.5
Seq359_65_bp_-1_0_0	CAD53387.1	66.67	6	2	0	13	18	473	478	6.1	16.5
Seq359_65_bp_-1_0_0	AAA26915.1	31.58	19	13	0	1	19	118	136	8.9	15.8
Seq359_65_bp_-1_0_0	CAA45199.1	53.85	16	6	3	1	16	376	388	8.9	15.8
Seq359_65_bp_-1_0_0	AAB96524.1	25.00	16	12	0	2	17	153	168	9	14.5
Seq359_65_bp_-1_0_0	AAA45888.1	35.00	23	13	3	1	20	20	42	9.1	15.5
Seq359_65_bp_-1_0_0	CAA04196.1	57.14	7	3	0	5	11	182	188	9.9	15.5
Seq359_65_bp_-1_1_0	ABL74574.1	47.06	21	9	4	4	20	149	169	0.75	18.8
Seq359_65_bp_-1_1_0	AAI27517.1	47.06	21	9	4	4	20	384	404	0.95	19.5
Seq359_65_bp_-1_1_0	EDO47375.1	38.46	13	8	0	2	14	129	141	1	17.8
Seq359_65_bp_-1_1_0	AAR37016.1	50.00	10	5	0	10	19	6	15	1.1	21.2
Seq359_65_bp_-1_1_0	AAR31603.1	35.71	14	9	0	3	16	55	68	1.4	18.1
Seq359_65_bp_-1_1_0	ACH70904.1	63.64	15	4	4	3	17	257	267	2.4	17.4
Seq359_65_bp_-1_1_0	AAC97205.1	46.15	17	7	4	2	14	766	782	3.1	18.8
Seq359_65_bp_-1_1_0	AAB96524.1	25.00	12	9	0	2	13	168	179	3.2	16.1
Seq359_65_bp_-1_1_0	BAA32956.1	57.14	9	3	2	2	10	154	160	3.6	16.1
Seq359_65_bp_-1_1_0	AAB26998.1	31.58	21	13	2	2	21	47	66	4.4	14.3
Seq359_65_bp_-1_1_0	ABD33854.1	36.36	12	7	1	2	13	44	54	4.5	14.0
Seq359_65_bp_-1_1_0	CAA26230.1	50.00	8	4	0	14	21	510	517	4.6	17.1
Seq359_65_bp_-1_1_0	CAA45199.1	55.56	11	4	2	1	11	410	418	4.9	16.7
Seq359_65_bp_-1_1_0	BAA32991.1	36.36	11	7	0	8	18	10	20	6.1	13.6
Seq359_65_bp_-1_1_0	AAF01122.1	50.00	14	6	2	8	19	40	53	6.3	16.1
Seq359_65_bp_-1_1_0	ABN10845.1	40.00	11	6	1	2	12	108	117	7.4	15.0
Seq359_65_bp_-1_1_0	CAD53387.1	41.18	17	10	0	3	19	28	44	8.2	16.1
Seq359_65_bp_-1_1_0	AAC17860.1	28.57	14	10	0	1	14	313	326	8.5	15.7
Seq359_65_bp_-1_1_0	AAQ92751.2	38.89	22	11	4	2	19	1201	1222	8.7	17.4
Seq359_65_bp_-1_1_0	AEE27845.1	26.32	19	14	0	3	21	1159	1177	8.8	17.4
Seq359_65_bp_-1_1_0	AAA25966.1	55.56	13	4	4	2	14	311	319	9.3	16.4
Seq359_65_bp_-1_2_0	AAX84812.1	35.29	17	11	0	3	19	83	99	0.75	18.5
Seq359_65_bp_-1_2_0	AAA45888.1	37.50	16	10	0	1	16	352	367	1.2	18.5
Seq359_65_bp_-1_2_0	AAA25966.1	50.00	10	5	0	3	12	396	405	1.5	19.2
Seq359_65_bp_-1_2_0	AAA26915.1	50.00	14	7	0	4	17	227	240	3	17.5
Seq359_65_bp_-1_2_0	AII71783.1	43.75	16	9	0	2	17	116	131	3.9	16.5
Seq359_65_bp_-1_2_0	AAA32376.1	26.32	19	14	0	3	21	152	170	4.3	15.5
Seq359_65_bp_-1_2_0	AAB96524.1	100.00	5	0	0	16	20	143	147	4.6	15.5
Seq359_65_bp_-1_2_0	BAB79260.1	38.46	13	8	0	1	13	76	88	6.9	16.2
Seq359_65_bp_-1_2_0	AIR13712.1	33.33	15	10	0	3	17	54	68	7.9	15.5
Seq359_65_bp_-1_2_0	CAA26230.1	46.67	18	8	3	4	21	59	73	8.5	16.2
Seq359_65_bp_-1_2_0	AAC97205.1	57.14	7	3	0	4	10	670	676	9.3	17.2
Seq359_65_bp_-1_2_0	CAD53387.1	40.00	16	9	1	7	21	31	46	9.4	15.8
Seq359_65_bp_-1_2_0	AAA18786.1	38.89	20	11	2	3	20	190	209	10	14.8
