Seq405_76_bp_1_0_0	ENA|AAB66912|AAB66912.1	42.86	26	12	5	1	21	292	317	0.59	21.1
Seq405_76_bp_1_0_0	ENA|BAA32991|BAA32991.1	40.00	10	6	0	6	15	27	36	1.3	16.2
Seq405_76_bp_1_0_0	ENA|AAC08817|AAC08817.1	31.25	16	11	0	1	16	69	84	2.9	16.2
Seq405_76_bp_1_0_0	ENA|CAA26023|CAA26023.1	55.56	9	4	0	14	22	12	20	3.2	17.4
Seq405_76_bp_1_0_0	ENA|EDO47375|EDO47375.1	33.33	9	6	0	8	16	121	129	4.4	15.9
Seq405_76_bp_1_0_0	ENA|BAA32956|BAA32956.1	28.57	21	15	0	5	25	192	212	4.9	15.9
Seq405_76_bp_1_0_0	ENA|AAC17860|AAC17860.1	33.33	9	6	0	15	23	315	323	5.6	16.6
Seq405_76_bp_1_0_0	ENA|ABD49687|ABD49687.1	42.86	7	4	0	12	18	39	45	8.1	18.1
Seq405_76_bp_1_0_0	ENA|ABN10845|ABN10845.1	38.46	13	8	0	13	25	105	117	8.2	15.1
Seq405_76_bp_1_0_0	ENA|AAC78721|AAC78721.1	62.50	8	3	0	15	22	637	644	8.9	16.6
Seq405_76_bp_1_0_0	ENA|AAR31603|AAR31603.1	75.00	4	1	0	13	16	119	122	9.4	15.5
Seq405_76_bp_1_0_0	ENA|CAA26939|CAA26939.1	50.00	8	4	0	9	16	523	530	9.7	16.2
Seq405_76_bp_1_1_0	ENA|BAA32956|BAA32956.1	45.00	20	11	0	6	25	181	200	0.0035	26.4
Seq405_76_bp_1_1_0	ENA|BAA32956|BAA32956.1	45.00	21	11	1	6	25	68	88	0.34	19.7
Seq405_76_bp_1_1_0	ENA|ABK71357|ABK71357.1	52.94	18	8	1	5	21	43	60	0.12	22.1
Seq405_76_bp_1_1_0	ENA|AAC17860|AAC17860.1	25.00	16	12	0	4	19	193	208	0.92	19.3
Seq405_76_bp_1_1_0	ENA|CAA36714|CAA36714.1	40.00	10	6	0	4	13	440	449	1	19.3
Seq405_76_bp_1_1_0	ENA|CAA29956|CAA29956.1	23.53	17	13	0	5	21	335	351	1.6	18.3
Seq405_76_bp_1_1_0	ENA|AAI27517|AAI27517.1	24.00	25	19	0	1	25	513	537	1.8	18.8
Seq405_76_bp_1_1_0	ENA|AAR37016|AAR37016.1	50.00	10	5	0	1	10	527	536	2	20.7
Seq405_76_bp_1_1_0	ENA|AAB66912|AAB66912.1	33.33	15	10	0	1	15	17	31	2.1	19.3
Seq405_76_bp_1_1_0	ENA|AAA72732|AAA72732.1	27.27	11	8	0	5	15	146	156	2.6	17.4
Seq405_76_bp_1_1_0	ENA|ABD49687|ABD49687.1	40.00	17	9	2	4	20	1032	1046	2.7	19.7
Seq405_76_bp_1_1_0	ENA|AAC08817|AAC08817.1	25.00	16	12	0	10	25	120	135	3.4	16.0
Seq405_76_bp_1_1_0	ENA|AAF79734|AAF79734.1	46.15	13	7	0	11	23	83	95	4.4	18.8
Seq405_76_bp_1_1_0	ENA|AAR31603|AAR31603.1	33.33	12	8	0	3	14	208	219	5.1	16.4
Seq405_76_bp_1_1_0	ENA|CAA26023|CAA26023.1	50.00	8	4	0	15	22	10	17	8	16.0
Seq405_76_bp_1_1_0	ENA|AAA42531|AAA42531.1	37.50	16	10	0	6	21	289	304	8.1	16.0
Seq405_76_bp_1_1_0	ENA|CAA36214|CAA36214.1	21.05	19	15	0	1	19	264	282	8.7	15.5
Seq405_76_bp_1_1_0	ENA|AAC97205|AAC97205.1	30.43	23	16	0	3	25	16	38	9.5	17.4
Seq405_76_bp_1_1_0	ENA|CAA45199|CAA45199.1	47.06	19	9	2	7	25	373	389	9.6	16.0
Seq405_76_bp_1_2_0	ENA|AAA25966|AAA25966.1	95.65	23	1	0	1	23	510	532	6.3e-11	53.8
Seq405_76_bp_1_2_0	ENA|AAA25966|AAA25966.1	38.89	18	11	0	2	19	628	645	0.13	22.8
Seq405_76_bp_1_2_0	ENA|AAQ92751|AAQ92751.2	39.13	24	14	1	2	24	1027	1050	0.86	21.1
Seq405_76_bp_1_2_0	ENA|CAA11507|CAA11507.1	31.58	19	13	0	6	24	339	357	1.1	20.6
Seq405_76_bp_1_2_0	ENA|AAA72732|AAA72732.1	25.00	27	18	3	1	24	153	179	2.2	17.6
Seq405_76_bp_1_2_0	ENA|ABD49687|ABD49687.1	50.00	10	5	0	2	11	782	791	2.6	19.8
Seq405_76_bp_1_2_0	ENA|CAA36714|CAA36714.1	33.33	9	6	0	1	9	323	331	3.2	17.6
Seq405_76_bp_1_2_0	ENA|BAB79260|BAB79260.1	23.08	13	10	0	7	19	84	96	4.2	17.1
Seq405_76_bp_1_2_0	ENA|AAC97205|AAC97205.1	28.57	14	10	0	9	22	684	697	4.6	18.5
Seq405_76_bp_1_2_0	ENA|AAA42531|AAA42531.1	11.11	18	16	0	4	21	240	257	4.8	16.7
Seq405_76_bp_1_2_0	ENA|AAF79734|AAF79734.1	30.00	10	7	0	2	11	1014	1023	5.3	18.5
Seq405_76_bp_1_2_0	ENA|AAB66912|AAB66912.1	35.29	17	11	0	5	21	104	120	6.2	17.6
Seq405_76_bp_1_2_0	ENA|AAS77176|AAS77176.1	35.71	14	9	0	4	17	53	66	8.5	15.4
Seq405_76_bp_1_2_0	ENA|AAI27517|AAI27517.1	37.50	16	10	0	2	17	328	343	9.4	16.3
Seq405_76_bp_1_2_0	ENA|AAA24145|AAA24145.1	36.36	23	14	1	1	22	342	364	9.9	15.8
Seq405_76_bp_-1_0_0	ENA|BAA05866|BAA05866.1	80.00	5	1	0	12	16	152	156	0.77	18.5
Seq405_76_bp_-1_0_0	ENA|CAA45199|CAA45199.1	75.00	4	1	0	13	16	448	451	3	17.1
Seq405_76_bp_-1_0_0	ENA|CAA73529|CAA73529.1	36.36	11	7	0	4	14	249	259	3.4	16.1
Seq405_76_bp_-1_0_0	ENA|ACT10338|ACT10338.1	26.67	16	11	1	1	16	284	298	3.5	16.6
Seq405_76_bp_-1_0_0	ENA|CAL82360|CAL82360.1	33.33	6	4	0	11	16	1277	1282	4.3	18.0
Seq405_76_bp_-1_0_0	ENA|CAA28033|CAA28033.1	40.00	5	3	0	12	16	1299	1303	4.4	18.0
Seq405_76_bp_-1_0_0	ENA|ABG75784|ABG75784.1	18.75	16	13	0	1	16	232	247	5.2	15.7
Seq405_76_bp_-1_0_0	ENA|AAC49865|AAC49865.1	21.43	14	11	0	2	15	73	86	5.5	15.7
Seq405_76_bp_-1_0_0	ENA|AAA25966|AAA25966.1	45.45	11	6	0	3	13	622	632	6.3	16.6
Seq405_76_bp_-1_0_0	ENA|AAC17860|AAC17860.1	25.00	16	12	0	1	16	301	316	6.7	15.7
Seq405_76_bp_-1_0_0	ENA|CAA36214|CAA36214.1	50.00	8	4	0	2	9	77	84	9.3	14.8
Seq405_76_bp_-1_1_0	ENA|BAA32956|BAA32956.1	41.18	17	10	0	4	20	179	195	0.24	20.0
Seq405_76_bp_-1_1_0	ENA|AAB26998|AAB26998.1	71.43	7	2	0	3	9	73	79	0.45	17.7
Seq405_76_bp_-1_1_0	ENA|CAA36714|CAA36714.1	62.50	8	3	0	5	12	426	433	2.6	17.7
Seq405_76_bp_-1_1_0	ENA|AAC08817|AAC08817.1	30.00	10	7	0	5	14	77	86	4.4	15.3
Seq405_76_bp_-1_1_0	ENA|CAA29956|CAA29956.1	30.00	10	7	0	4	13	369	378	6	16.1
Seq405_76_bp_-1_1_0	ENA|CAD53387|CAD53387.1	43.75	16	9	0	5	20	29	44	6.1	16.5
Seq405_76_bp_-1_1_0	ENA|AAA25966|AAA25966.1	50.00	15	7	1	7	20	266	280	8.6	16.5
Seq405_76_bp_-1_2_0	ENA|AAS77176|AAS77176.1	41.18	18	10	1	5	21	200	217	0.19	21.0
Seq405_76_bp_-1_2_0	ENA|BAB17681|BAB17681.1	30.43	24	16	1	1	24	247	269	0.35	20.1
Seq405_76_bp_-1_2_0	ENA|CCP43727|CCP43727.1	23.53	17	13	0	8	24	119	135	0.57	19.6
Seq405_76_bp_-1_2_0	ENA|AAA36114|AAA36114.1	40.00	15	9	0	4	18	358	372	0.64	20.1
Seq405_76_bp_-1_2_0	ENA|CAD53387|CAD53387.1	29.17	24	17	0	1	24	57	80	1.2	19.1
Seq405_76_bp_-1_2_0	ENA|AAA25966|AAA25966.1	35.29	18	11	1	3	19	384	401	1.3	19.6
Seq405_76_bp_-1_2_0	ENA|AAC49865|AAC49865.1	40.00	23	12	3	2	24	176	195	1.5	18.2
Seq405_76_bp_-1_2_0	ENA|CAA45708|CAA45708.1	26.32	19	14	0	1	19	116	134	1.9	20.1
Seq405_76_bp_-1_2_0	ENA|CAA45199|CAA45199.1	55.56	9	4	0	5	13	333	341	2.2	18.2
Seq405_76_bp_-1_2_0	ENA|ACH70901|ACH70901.1	30.77	13	9	0	2	14	271	283	2.3	17.7
Seq405_76_bp_-1_2_0	ENA|AAB03707|AAB03707.1	45.45	11	6	0	2	12	203	213	3.3	19.1
Seq405_76_bp_-1_2_0	ENA|BAB79260|BAB79260.1	27.78	18	13	0	2	19	372	389	4	17.2
Seq405_76_bp_-1_2_0	ENA|ABD49687|ABD49687.1	33.33	21	14	0	1	21	1426	1446	4	19.1
Seq405_76_bp_-1_2_0	ENA|CAA29956|CAA29956.1	35.00	20	13	0	2	21	319	338	4.5	16.7
Seq405_76_bp_-1_2_0	ENA|CAA36214|CAA36214.1	46.15	13	7	0	2	14	4	16	5.1	16.3
Seq405_76_bp_-1_2_0	ENA|CAA43419|CAA43419.1	35.00	20	13	0	1	20	170	189	6.1	16.3
Seq405_76_bp_-1_2_0	ENA|CAA26939|CAA26939.1	40.00	16	9	1	7	22	327	341	6.8	16.7
Seq405_76_bp_-1_2_0	ENA|AAR37016|AAR37016.1	25.00	20	15	0	5	24	690	709	7.4	18.6
Seq405_76_bp_-1_2_0	ENA|CAA11507|CAA11507.1	45.45	11	6	0	2	12	279	289	8.3	17.7
Seq405_76_bp_-1_2_0	ENA|BAA32956|BAA32956.1	40.00	10	6	0	15	24	176	185	9.1	14.8
