Seq5540_152_bp_1_0_0	ENA|AAC17860|AAC17860.1	100.00	50	0	0	1	50	301	350	1e-41	156.3
Seq5540_152_bp_1_0_0	ENA|CAA29956|CAA29956.1	34.62	26	17	0	3	28	22	47	0.26	22.0
Seq5540_152_bp_1_0_0	ENA|AAB26998|AAB26998.1	40.00	15	9	0	3	17	20	34	0.5	18.8
Seq5540_152_bp_1_0_0	ENA|BAA32018|BAA32018.1	53.33	15	7	0	21	35	230	244	0.63	21.4
Seq5540_152_bp_1_0_0	ENA|CAL82360|CAL82360.1	66.67	10	3	1	11	20	114	122	0.89	22.0
Seq5540_152_bp_1_0_0	ENA|AAC97205|AAC97205.1	58.33	13	5	1	7	18	887	899	1.2	21.4
Seq5540_152_bp_1_0_0	ENA|ABK71357|ABK71357.1	53.85	17	6	4	14	30	174	186	1.6	19.3
Seq5540_152_bp_1_0_0	ENA|ACT10338|ACT10338.1	35.29	17	11	0	1	17	355	371	1.7	19.3
Seq5540_152_bp_1_0_0	ENA|CAA36214|CAA36214.1	66.67	6	2	0	16	21	174	179	4	17.7
Seq5540_152_bp_1_0_0	ENA|EDO47375|EDO47375.1	50.00	10	5	0	4	13	45	54	5.1	16.6
Seq5540_152_bp_1_0_0	ENA|CAA11507|CAA11507.1	43.75	16	9	0	10	25	1339	1354	5.8	19.3
Seq5540_152_bp_1_0_0	ENA|AAA24145|AAA24145.1	46.15	13	7	0	23	35	364	376	5.9	17.7
Seq5540_152_bp_1_0_0	ENA|AAA25966|AAA25966.1	55.56	9	4	0	8	16	97	105	6.4	18.2
Seq5540_152_bp_1_0_0	ENA|CAA28033|CAA28033.1	75.00	8	2	0	1	8	808	815	7.8	18.8
Seq5540_152_bp_1_0_0	ENA|CCP43727|CCP43727.1	50.00	10	5	0	18	27	259	268	8.6	16.6
Seq5540_152_bp_1_0_0	ENA|AAC26660|AAC26660.1	100.00	4	0	0	11	14	109	112	9.6	16.1
Seq5540_152_bp_1_1_0	ENA|AAA42531|AAA42531.1	41.67	12	7	0	2	13	321	332	1.4	19.2
Seq5540_152_bp_1_1_0	ENA|CAA26939|CAA26939.1	33.33	21	14	0	1	21	496	516	1.4	19.8
Seq5540_152_bp_1_1_0	ENA|CAL82360|CAL82360.1	36.84	19	12	0	3	21	729	747	2.2	20.3
Seq5540_152_bp_1_1_0	ENA|BAA32956|BAA32956.1	75.00	8	2	0	9	16	136	143	3.1	17.2
Seq5540_152_bp_1_1_0	ENA|CAA36214|CAA36214.1	46.15	13	7	0	18	30	231	243	3.2	17.7
Seq5540_152_bp_1_1_0	ENA|CAA29956|CAA29956.1	50.00	21	10	1	11	30	236	256	5.5	17.2
Seq5540_152_bp_1_1_0	ENA|ACT10338|ACT10338.1	37.50	8	5	0	32	39	266	273	7.9	16.6
Seq5540_152_bp_1_1_0	ENA|ABG75784|ABG75784.1	31.58	19	13	0	21	39	23	41	9	16.1
Seq5540_152_bp_1_1_0	ENA|BAB79260|BAB79260.1	55.56	9	4	0	18	26	16	24	9.1	16.6
Seq5540_152_bp_1_1_0	ENA|AAF79734|AAF79734.1	60.00	10	4	0	19	28	944	953	9.8	18.2
Seq5540_152_bp_1_2_0	ENA|AAB26998|AAB26998.1	38.46	13	8	0	4	16	22	34	2.4	15.3
Seq5540_152_bp_1_2_0	ENA|AAQ92751|AAQ92751.2	27.27	22	16	0	1	22	1350	1371	3.2	19.1
Seq5540_152_bp_1_2_0	ENA|AAB96524|AAB96524.1	47.37	21	10	2	2	22	20	38	7.9	14.8
Seq5540_152_bp_1_2_0	ENA|BAA32991|BAA32991.1	45.45	11	6	0	2	12	52	62	8.8	13.2
Seq5540_152_bp_1_2_1	ENA|BAA32991|BAA32991.1	80.00	5	1	0	10	14	37	41	3.1	14.2
Seq5540_152_bp_1_2_1	ENA|ACH70901|ACH70901.1	66.67	6	2	0	9	14	302	307	3.2	16.5
Seq5540_152_bp_1_2_1	ENA|BAA05866|BAA05866.1	41.67	12	7	0	3	14	293	304	6	15.4
Seq5540_152_bp_1_2_1	ENA|CAA36714|CAA36714.1	50.00	11	5	1	2	11	234	244	6.1	15.9
Seq5540_152_bp_1_2_1	ENA|CAA45199|CAA45199.1	85.71	8	1	1	9	15	185	192	6.1	15.9
Seq5540_152_bp_1_2_1	ENA|AAS77176|AAS77176.1	57.14	7	3	0	8	14	223	229	8.2	14.8
Seq5540_152_bp_-1_0_0	ENA|CAA36714|CAA36714.1	61.54	14	5	1	4	17	71	83	0.22	21.1
Seq5540_152_bp_-1_0_0	ENA|CAA28033|CAA28033.1	45.45	11	6	0	7	17	886	896	0.61	21.1
Seq5540_152_bp_-1_0_0	ENA|ACT10338|ACT10338.1	80.00	5	1	0	5	9	310	314	1.7	17.9
Seq5540_152_bp_-1_0_0	ENA|AAA25966|AAA25966.1	54.55	11	5	0	2	12	518	528	2	18.6
Seq5540_152_bp_-1_0_0	ENA|AAS77176|AAS77176.1	45.45	11	6	0	9	19	245	255	4.6	16.0
Seq5540_152_bp_-1_0_0	ENA|ABN10845|ABN10845.1	38.46	13	8	0	7	19	118	130	5.4	15.3
Seq5540_152_bp_-1_0_0	ENA|CAA43419|CAA43419.1	45.45	11	6	0	5	15	34	44	5.8	16.0
Seq5540_152_bp_-1_0_0	ENA|AAA24145|AAA24145.1	60.00	5	2	0	4	8	70	74	7.2	16.0
Seq5540_152_bp_-1_0_0	ENA|CAL82360|CAL82360.1	57.14	7	3	0	8	14	762	768	8.2	17.3
Seq5540_152_bp_-1_0_0	ENA|CAA11507|CAA11507.1	50.00	8	4	0	9	16	621	628	8.6	17.3
Seq5540_152_bp_-1_0_0	ENA|AAQ92751|AAQ92751.2	66.67	6	2	0	9	14	430	435	8.7	17.3
Seq5540_152_bp_-1_0_0	ENA|CAA26939|CAA26939.1	60.00	5	2	0	3	7	40	44	8.8	16.0
Seq5540_152_bp_-1_0_0	ENA|AAB66912|AAB66912.1	100.00	4	0	0	4	7	658	661	9.2	16.6
Seq5540_152_bp_-1_0_0	ENA|AAA42531|AAA42531.1	37.50	8	5	0	2	9	236	243	9.3	15.3
Seq5540_152_bp_-1_0_0	ENA|AAR37016|AAR37016.1	80.00	5	1	0	2	6	1489	1493	9.5	17.9
Seq5540_152_bp_-1_0_0	ENA|CAA45708|CAA45708.1	57.14	7	3	0	3	9	142	148	9.6	17.3
Seq5540_152_bp_-1_0_1	ENA|AAI27517|AAI27517.1	70.00	10	3	0	6	15	555	564	0.0012	28.7
Seq5540_152_bp_-1_0_1	ENA|AAC97205|AAC97205.1	66.67	9	3	0	2	10	31	39	0.015	26.2
Seq5540_152_bp_-1_0_1	ENA|AAC17860|AAC17860.1	62.50	8	3	0	2	9	215	222	0.071	22.3
Seq5540_152_bp_-1_0_1	ENA|AAA25966|AAA25966.1	71.43	7	2	0	2	8	717	723	0.19	21.7
Seq5540_152_bp_-1_0_1	ENA|AAF79734|AAF79734.1	71.43	7	2	0	2	8	521	527	0.6	21.1
Seq5540_152_bp_-1_0_1	ENA|CAD53387|CAD53387.1	36.36	11	7	0	3	13	10	20	0.78	19.2
Seq5540_152_bp_-1_0_1	ENA|CAD53387|CAD53387.1	36.36	11	7	0	3	13	76	86	0.78	19.2
Seq5540_152_bp_-1_0_1	ENA|CAD53387|CAD53387.1	36.36	11	7	0	3	13	142	152	0.78	19.2
Seq5540_152_bp_-1_0_1	ENA|CAD53387|CAD53387.1	36.36	11	7	0	3	13	208	218	0.78	19.2
Seq5540_152_bp_-1_0_1	ENA|CAD53387|CAD53387.1	36.36	11	7	0	3	13	274	284	0.78	19.2
Seq5540_152_bp_-1_0_1	ENA|CAD53387|CAD53387.1	36.36	11	7	0	3	13	340	350	0.78	19.2
Seq5540_152_bp_-1_0_1	ENA|CAD53387|CAD53387.1	36.36	11	7	0	3	13	406	416	0.78	19.2
Seq5540_152_bp_-1_0_1	ENA|AAA42531|AAA42531.1	44.44	9	5	0	5	13	272	280	2.2	17.3
Seq5540_152_bp_-1_0_1	ENA|CAA45199|CAA45199.1	100.00	3	0	0	13	15	151	153	2.7	17.3
Seq5540_152_bp_-1_0_1	ENA|CAB75732|CAB75732.1	41.67	12	7	0	2	13	242	253	2.7	18.5
Seq5540_152_bp_-1_0_1	ENA|AAC49865|AAC49865.1	50.00	6	3	0	3	8	107	112	2.9	16.6
Seq5540_152_bp_-1_0_1	ENA|AAR31603|AAR31603.1	55.56	9	4	0	3	11	289	297	2.9	16.6
Seq5540_152_bp_-1_0_1	ENA|BAA32991|BAA32991.1	42.86	7	4	0	4	10	13	19	3.5	14.1
Seq5540_152_bp_-1_0_1	ENA|ABD49687|ABD49687.1	46.15	13	7	0	2	14	104	116	4	18.5
Seq5540_152_bp_-1_0_1	ENA|BAA32956|BAA32956.1	44.44	9	5	0	8	16	49	57	4.4	15.4
Seq5540_152_bp_-1_0_1	ENA|ACH70901|ACH70901.1	54.55	12	5	1	5	15	86	97	4.9	16.0
Seq5540_152_bp_-1_0_1	ENA|BAA32018|BAA32018.1	75.00	4	1	0	11	14	551	554	5.4	16.6
Seq5540_152_bp_-1_0_1	ENA|AAR37016|AAR37016.1	62.50	8	3	0	8	15	1300	1307	5.4	18.5
Seq5540_152_bp_-1_0_1	ENA|CAA45708|CAA45708.1	40.00	10	6	0	2	11	264	273	5.5	17.9
Seq5540_152_bp_-1_0_1	ENA|AAA24145|AAA24145.1	33.33	9	6	0	5	13	63	71	6.1	16.0
Seq5540_152_bp_-1_0_1	ENA|CAA36214|CAA36214.1	45.45	11	6	0	1	11	72	82	6.3	15.4
Seq5540_152_bp_-1_0_1	ENA|AAC40132|AAC40132.1	100.00	3	0	0	12	14	478	480	6.3	16.0
Seq5540_152_bp_-1_0_1	ENA|AAA36114|AAA36114.1	100.00	4	0	0	8	11	189	192	6.8	16.0
Seq5540_152_bp_-1_0_1	ENA|ABN10845|ABN10845.1	50.00	10	5	0	3	12	39	48	6.9	14.7
Seq5540_152_bp_-1_0_1	ENA|AAQ92751|AAQ92751.2	80.00	5	1	0	2	6	486	490	7.5	17.3
Seq5540_152_bp_-1_0_1	ENA|ABK71357|ABK71357.1	50.00	6	3	0	8	13	62	67	7.6	15.4
Seq5540_152_bp_-1_0_1	ENA|AAC08817|AAC08817.1	60.00	5	2	0	2	6	54	58	7.7	14.1
Seq5540_152_bp_-1_0_1	ENA|AAB66912|AAB66912.1	57.14	7	3	0	9	15	42	48	7.9	16.6
Seq5540_152_bp_-1_0_1	ENA|AAA18786|AAA18786.1	33.33	9	6	0	4	12	93	101	8.4	14.7
Seq5540_152_bp_-1_0_1	ENA|CAA24711|CAA24711.1	100.00	3	0	0	3	5	163	165	8.4	14.1
Seq5540_152_bp_-1_0_1	ENA|BAB79260|BAB79260.1	62.50	8	3	0	4	11	154	161	9.1	15.4
Seq5540_152_bp_-1_0_1	ENA|AAA36539|AAA36539.1	75.00	4	1	0	13	16	141	144	9.5	15.4
Seq5540_152_bp_-1_0_2	ENA|BAA32956|BAA32956.1	62.50	8	3	0	3	10	49	56	0.17	19.7
Seq5540_152_bp_-1_0_2	ENA|AAA36539|AAA36539.1	45.45	11	6	0	1	11	311	321	0.23	20.4
Seq5540_152_bp_-1_0_2	ENA|CAA36214|CAA36214.1	44.44	9	5	0	3	11	264	272	0.25	19.7
Seq5540_152_bp_-1_0_2	ENA|AAB66912|AAB66912.1	50.00	12	6	0	1	12	875	886	0.27	21.2
Seq5540_152_bp_-1_0_2	ENA|AAC26660|AAC26660.1	50.00	11	5	1	1	11	109	118	0.35	19.0
Seq5540_152_bp_-1_0_2	ENA|AAC49865|AAC49865.1	40.00	10	6	0	1	10	221	230	0.74	18.2
Seq5540_152_bp_-1_0_2	ENA|CAA26939|CAA26939.1	57.14	7	3	0	1	7	122	128	0.77	19.0
Seq5540_152_bp_-1_0_2	ENA|CAA45199|CAA45199.1	36.36	11	7	0	1	11	111	121	1.1	18.2
Seq5540_152_bp_-1_0_2	ENA|AAA32624|AAA32624.1	66.67	6	2	0	1	6	81	86	1.2	18.2
Seq5540_152_bp_-1_0_2	ENA|AAC40132|AAC40132.1	57.14	7	3	0	1	7	352	358	1.8	17.5
Seq5540_152_bp_-1_0_2	ENA|AAB26998|AAB26998.1	20.00	5	4	0	3	7	41	45	2.3	14.5
Seq5540_152_bp_-1_0_2	ENA|AAS77176|AAS77176.1	100.00	3	0	0	3	5	263	265	3	16.0
Seq5540_152_bp_-1_0_2	ENA|BAA05866|BAA05866.1	60.00	5	2	0	1	5	30	34	3.2	16.0
Seq5540_152_bp_-1_0_2	ENA|AAA72732|AAA72732.1	75.00	4	1	0	4	7	10	13	3.2	16.0
Seq5540_152_bp_-1_0_2	ENA|EDO47375|EDO47375.1	66.67	6	2	0	6	11	100	105	3.3	15.2
Seq5540_152_bp_-1_0_2	ENA|ABN10845|ABN10845.1	50.00	6	3	0	5	10	94	99	3.8	15.2
Seq5540_152_bp_-1_0_2	ENA|ACT10338|ACT10338.1	60.00	5	2	0	3	7	30	34	4	16.0
Seq5540_152_bp_-1_0_2	ENA|AAC08817|AAC08817.1	75.00	4	1	0	1	4	6	9	4.5	14.5
Seq5540_152_bp_-1_0_2	ENA|CAA11507|CAA11507.1	40.00	10	6	0	1	10	260	269	5	17.5
Seq5540_152_bp_-1_0_2	ENA|AAA36114|AAA36114.1	75.00	4	1	0	5	8	400	403	5.2	16.0
Seq5540_152_bp_-1_0_2	ENA|AAI27517|AAI27517.1	100.00	3	0	0	3	5	504	506	6	16.0
Seq5540_152_bp_-1_0_2	ENA|AAA42531|AAA42531.1	27.27	11	8	0	1	11	232	242	6.5	15.2
Seq5540_152_bp_-1_0_2	ENA|AAA18786|AAA18786.1	36.36	11	7	0	1	11	146	156	7.5	14.5
Seq5540_152_bp_-1_0_2	ENA|AAA24145|AAA24145.1	100.00	3	0	0	5	7	446	448	7.7	15.2
Seq5540_152_bp_-1_0_2	ENA|CAA28033|CAA28033.1	66.67	6	2	0	6	11	595	600	7.7	16.7
Seq5540_152_bp_-1_0_2	ENA|CAA45708|CAA45708.1	50.00	10	5	0	1	10	482	491	9	16.7
Seq5540_152_bp_-1_0_2	ENA|CAA29968|CAA29968.1	75.00	4	1	0	3	6	36	39	9	13.7
Seq5540_152_bp_-1_0_2	ENA|AAR31603|AAR31603.1	60.00	5	2	0	3	7	68	72	9	14.5
Seq5540_152_bp_-1_1_0	ENA|CAA11507|CAA11507.1	62.50	8	3	0	3	10	876	883	0.18	22.2
Seq5540_152_bp_-1_1_0	ENA|AAA32624|AAA32624.1	80.00	5	1	0	3	7	402	406	0.3	20.1
Seq5540_152_bp_-1_1_0	ENA|AAC17860|AAC17860.1	50.00	8	4	0	2	9	85	92	0.6	18.7
Seq5540_152_bp_-1_1_0	ENA|AAC40132|AAC40132.1	42.86	7	4	0	5	11	99	105	0.69	18.7
Seq5540_152_bp_-1_1_0	ENA|AAB96524|AAB96524.1	50.00	6	3	0	2	7	170	175	1.8	16.0
Seq5540_152_bp_-1_1_0	ENA|AAA72732|AAA72732.1	80.00	5	1	0	1	5	167	171	1.9	16.7
Seq5540_152_bp_-1_1_0	ENA|AAC78721|AAC78721.1	60.00	5	2	0	6	10	375	379	2.5	17.3
Seq5540_152_bp_-1_1_0	ENA|CAA26939|CAA26939.1	60.00	5	2	0	3	7	450	454	3.4	16.7
Seq5540_152_bp_-1_1_0	ENA|AAC08817|AAC08817.1	57.14	7	3	0	2	8	149	155	3.9	14.6
Seq5540_152_bp_-1_1_0	ENA|ABD49687|ABD49687.1	66.67	6	2	0	5	10	1590	1595	3.9	18.0
Seq5540_152_bp_-1_1_0	ENA|BAA32991|BAA32991.1	75.00	4	1	0	3	6	66	69	4.4	13.2
Seq5540_152_bp_-1_1_0	ENA|CAA36714|CAA36714.1	50.00	8	4	0	2	9	55	62	4.4	16.0
Seq5540_152_bp_-1_1_0	ENA|AAA36114|AAA36114.1	50.00	6	3	0	1	6	92	97	4.8	16.0
Seq5540_152_bp_-1_1_0	ENA|AAR31603|AAR31603.1	33.33	9	6	0	2	10	285	293	5	15.3
Seq5540_152_bp_-1_1_0	ENA|AAR37016|AAR37016.1	80.00	5	1	0	2	6	366	370	5.3	18.0
Seq5540_152_bp_-1_1_0	ENA|AAC26660|AAC26660.1	60.00	5	2	0	6	10	231	235	6.2	14.6
Seq5540_152_bp_-1_1_0	ENA|AAA18786|AAA18786.1	30.00	10	7	0	2	11	93	102	6.5	14.6
Seq5540_152_bp_-1_1_0	ENA|BAA05866|BAA05866.1	50.00	6	3	0	6	11	148	153	7.4	14.6
Seq5540_152_bp_-1_1_0	ENA|CAA29956|CAA29956.1	28.57	7	5	0	5	11	119	125	8.9	14.6
Seq5540_152_bp_-1_1_0	ENA|AAA42531|AAA42531.1	100.00	3	0	0	1	3	272	274	9.2	14.6
Seq5540_152_bp_-1_1_1	ENA|AAA42531|AAA42531.1	83.33	6	1	0	9	14	181	186	1.1	19.1
Seq5540_152_bp_-1_1_1	ENA|EDO47375|EDO47375.1	55.56	9	4	0	2	10	140	148	1.5	17.6
Seq5540_152_bp_-1_1_1	ENA|AAA36114|AAA36114.1	50.00	14	7	0	5	18	334	347	2.8	18.1
Seq5540_152_bp_-1_1_1	ENA|AAR37016|AAR37016.1	54.55	11	5	0	11	21	788	798	6.2	19.1
Seq5540_152_bp_-1_1_1	ENA|CAA28033|CAA28033.1	71.43	7	2	0	2	8	1076	1082	6.8	18.1
Seq5540_152_bp_-1_1_1	ENA|CAA45199|CAA45199.1	66.67	9	3	0	11	19	311	319	6.9	16.7
Seq5540_152_bp_-1_1_1	ENA|CAA36214|CAA36214.1	35.71	14	9	0	13	26	21	34	8.7	15.7
Seq5540_152_bp_-1_1_1	ENA|ABD33854|ABD33854.1	55.56	10	4	1	2	10	52	61	9.9	13.2
Seq5540_152_bp_-1_2_0	ENA|AAA18786|AAA18786.1	35.71	28	18	0	5	32	213	240	0.064	23.1
Seq5540_152_bp_-1_2_0	ENA|CAA28033|CAA28033.1	50.00	10	5	0	1	10	804	813	0.68	22.0
Seq5540_152_bp_-1_2_0	ENA|AAA72732|AAA72732.1	44.44	9	5	0	25	33	106	114	1.6	18.6
Seq5540_152_bp_-1_2_0	ENA|AAC17860|AAC17860.1	47.37	21	10	2	17	37	353	371	2.2	18.6
Seq5540_152_bp_-1_2_0	ENA|BAA32956|BAA32956.1	45.45	11	6	0	17	27	187	197	2.4	17.5
Seq5540_152_bp_-1_2_0	ENA|CAA36214|CAA36214.1	44.44	9	5	0	17	25	84	92	3.4	17.5
Seq5540_152_bp_-1_2_0	ENA|AAF79734|AAF79734.1	33.33	15	10	0	9	23	489	503	3.5	19.7
Seq5540_152_bp_-1_2_0	ENA|AAC49865|AAC49865.1	40.00	10	6	0	18	27	299	308	5.4	16.9
Seq5540_152_bp_-1_2_0	ENA|AAC08817|AAC08817.1	57.14	7	3	0	17	23	50	56	5.6	15.8
Seq5540_152_bp_-1_2_0	ENA|AAQ92751|AAQ92751.2	33.33	12	8	0	18	29	51	62	7	18.6
Seq5540_152_bp_-1_2_0	ENA|CAA45199|CAA45199.1	71.43	7	2	0	4	10	442	448	7.5	16.9
Seq5540_152_bp_-1_2_0	ENA|AAA32624|AAA32624.1	83.33	6	1	0	32	37	167	172	8.3	16.9
Seq5540_152_bp_-1_2_0	ENA|CAA29956|CAA29956.1	37.50	16	10	0	9	24	260	275	8.8	16.4
Seq5540_152_bp_-1_2_0	ENA|CAA26023|CAA26023.1	100.00	4	0	0	25	28	190	193	8.9	16.4
Seq5540_152_bp_-1_2_0	ENA|CAA26939|CAA26939.1	45.45	11	6	0	16	26	65	75	9	16.9
Seq5540_152_bp_-1_2_0	ENA|BAB17681|BAB17681.1	71.43	7	2	0	12	18	38	44	9.3	15.8
