Seq5231_155_bp_1_0_0	AAA26915.1	96.08	51	2	0	1	51	351	401	8.6e-33	126.9
Seq5231_155_bp_1_0_0	ABD49687.1	54.55	11	5	0	25	35	82	92	0.76	22.6
Seq5231_155_bp_1_0_0	ABD33854.1	29.03	33	22	2	10	40	23	55	1.8	16.6
Seq5231_155_bp_1_0_0	BAA32991.1	22.22	27	21	0	21	47	2	28	2.6	16.2
Seq5231_155_bp_1_0_0	ACH70904.1	30.77	26	18	0	1	26	19	44	2.8	18.5
Seq5231_155_bp_1_0_0	CAA11507.1	40.00	15	9	0	5	19	225	239	4	19.9
Seq5231_155_bp_1_0_0	AAR37016.1	77.78	9	2	0	37	45	2320	2328	5	20.3
Seq5231_155_bp_1_0_0	AAA25966.1	58.33	12	5	0	2	13	630	641	7.4	18.0
Seq5231_155_bp_1_0_0	AAX84812.1	27.78	18	13	0	21	38	156	173	8.4	16.2
Seq5231_155_bp_1_0_0	CAA74140.1	62.50	8	3	0	42	49	500	507	9.4	18.0
Seq5231_155_bp_1_1_0	CAA26230.1	38.89	18	11	0	19	36	66	83	0.1	23.6
Seq5231_155_bp_1_1_0	AAC97205.1	30.77	30	18	4	4	33	1174	1199	1.2	21.2
Seq5231_155_bp_1_1_0	AAA42531.1	21.21	33	26	0	4	36	70	102	1.9	18.9
Seq5231_155_bp_1_1_0	BAA32991.1	71.43	7	2	0	8	14	53	59	2.6	15.9
Seq5231_155_bp_1_1_0	CAA74140.1	33.33	19	12	1	6	24	811	828	3	19.5
Seq5231_155_bp_1_1_0	AAA24142.1	50.00	8	4	0	7	14	162	169	3.3	18.3
Seq5231_155_bp_1_1_0	AAA26915.1	55.56	9	4	0	24	32	7	15	3.4	18.3
Seq5231_155_bp_1_1_0	AAB64315.2	66.67	6	2	0	9	14	239	244	3.6	17.7
Seq5231_155_bp_1_1_0	CAA04196.1	71.43	7	2	0	26	32	390	396	4.5	17.7
Seq5231_155_bp_1_1_0	AAA45888.1	50.00	8	4	0	20	27	357	364	6.1	17.1
Seq5231_155_bp_1_1_0	AAQ92751.2	50.00	12	6	0	17	28	1126	1137	6.4	18.9
Seq5231_155_bp_1_1_0	BAB79260.1	35.29	17	11	0	10	26	196	212	7.2	17.1
Seq5231_155_bp_1_1_0	AAA36565.1	40.00	10	6	0	31	40	81	90	8.9	15.3
Seq5231_155_bp_1_2_0	BAB70780.1	60.00	10	4	0	3	12	400	409	1.2	18.1
Seq5231_155_bp_1_2_0	AAA65607.1	55.56	9	4	0	4	12	110	118	4.9	15.7
Seq5231_155_bp_1_2_0	AAA36565.1	80.00	5	1	0	3	7	150	154	5.2	14.5
Seq5231_155_bp_1_2_0	AAA24969.1	54.55	11	5	0	3	13	1309	1319	5.8	17.5
Seq5231_155_bp_1_2_0	AAA32376.1	33.33	12	8	0	1	12	21	32	7.9	13.9
Seq5231_155_bp_1_2_1	AAA24142.1	66.67	9	3	0	3	11	209	217	0.034	23.1
Seq5231_155_bp_1_2_1	BAB79260.1	50.00	12	6	0	1	12	395	406	0.14	21.1
Seq5231_155_bp_1_2_1	AAR31603.1	40.00	10	6	0	2	11	64	73	0.27	19.7
Seq5231_155_bp_1_2_1	AAC17860.1	50.00	8	4	0	4	11	326	333	0.34	19.7
Seq5231_155_bp_1_2_1	AAA36565.1	60.00	5	2	0	4	8	164	168	0.35	18.3
Seq5231_155_bp_1_2_1	ABD33854.1	60.00	5	2	0	1	5	44	48	0.57	16.2
Seq5231_155_bp_1_2_1	AAC97205.1	36.36	11	7	0	1	11	260	270	1	19.7
Seq5231_155_bp_1_2_1	CAA11507.1	66.67	6	2	0	3	8	34	39	1.1	19.7
Seq5231_155_bp_1_2_1	AAB26998.1	60.00	5	2	0	6	10	41	45	1.1	15.5
Seq5231_155_bp_1_2_1	AAR37016.1	60.00	5	2	0	2	6	8	12	1.2	20.4
Seq5231_155_bp_1_2_1	BAA32991.1	100.00	2	0	0	1	2	28	29	1.6	14.9
Seq5231_155_bp_1_2_1	AAA45888.1	60.00	5	2	0	3	7	76	80	2.1	16.9
Seq5231_155_bp_1_2_1	ABD49687.1	40.00	10	6	0	1	10	1570	1579	2.2	19.0
Seq5231_155_bp_1_2_1	CAA04196.1	57.14	7	3	0	2	8	257	263	2.3	16.9
Seq5231_155_bp_1_2_1	ABL74574.1	75.00	4	1	0	4	7	116	119	2.5	16.2
Seq5231_155_bp_1_2_1	AAF01122.1	75.00	4	1	0	3	6	117	120	3.3	16.2
Seq5231_155_bp_1_2_1	AAB64315.2	42.86	7	4	0	1	7	47	53	4.5	15.5
Seq5231_155_bp_1_2_1	CAA74140.1	60.00	5	2	0	6	10	663	667	5	16.9
Seq5231_155_bp_1_2_1	ABK71357.1	42.86	7	4	0	6	12	204	210	5.1	15.5
Seq5231_155_bp_1_2_1	AAC08817.1	100.00	3	0	0	8	10	144	146	5.8	14.2
Seq5231_155_bp_1_2_1	CAA73529.1	42.86	7	4	0	2	8	96	102	6	14.9
Seq5231_155_bp_1_2_1	EDO47375.1	100.00	2	0	0	4	5	154	155	6.6	14.2
Seq5231_155_bp_1_2_1	ABS38337.1	60.00	5	2	0	6	10	69	73	6.7	16.9
Seq5231_155_bp_1_2_1	ACH70904.1	66.67	3	1	0	5	7	290	292	7.8	14.9
Seq5231_155_bp_1_2_1	AAX84812.1	100.00	2	0	0	4	5	107	108	8	14.2
Seq5231_155_bp_-1_0_0	AAA45888.1	42.86	14	8	0	2	15	236	249	1.6	17.6
Seq5231_155_bp_-1_0_0	BAA32991.1	33.33	12	8	0	1	12	16	27	1.8	15.0
Seq5231_155_bp_-1_0_0	ABL74574.1	55.56	9	4	0	3	11	172	180	1.9	16.9
Seq5231_155_bp_-1_0_0	AAH69556.1	80.00	5	1	0	1	5	47	51	4.9	15.7
Seq5231_155_bp_-1_0_0	AAA72732.1	30.00	10	7	0	1	10	283	292	5	15.7
Seq5231_155_bp_-1_0_0	AAR37016.1	40.00	10	6	0	1	10	620	629	6.2	18.2
Seq5231_155_bp_-1_0_0	CAA04196.1	28.57	14	10	0	1	14	381	394	6.6	15.7
Seq5231_155_bp_-1_0_0	AAX12058.1	38.46	13	8	0	2	14	27	39	6.7	15.0
Seq5231_155_bp_-1_0_0	AAB96524.1	42.86	7	4	0	9	15	139	145	7.1	14.4
Seq5231_155_bp_-1_1_0	BAA32018.1	75.00	8	2	0	4	11	459	466	0.22	21.3
Seq5231_155_bp_-1_1_0	ABD49687.1	66.67	9	3	0	7	15	864	872	2.8	19.1
Seq5231_155_bp_-1_1_0	ABL74574.1	40.00	10	6	0	5	14	18	27	3.3	16.3
Seq5231_155_bp_-1_1_0	AEE27845.1	40.00	15	9	0	2	16	1383	1397	3.3	18.5
Seq5231_155_bp_-1_1_0	AAA32624.1	55.56	9	4	0	8	16	360	368	4	16.8
Seq5231_155_bp_-1_1_0	AAC97205.1	44.44	9	5	0	2	10	389	397	4.3	18.0
Seq5231_155_bp_-1_1_0	BAA32991.1	44.44	9	5	0	2	10	3	11	7.8	12.9
Seq5231_155_bp_-1_1_0	AAC08817.1	100.00	3	0	0	14	16	149	151	8.4	14.0
Seq5231_155_bp_-1_1_0	CAA26230.1	33.33	15	10	0	2	16	391	405	8.9	15.7
Seq5231_155_bp_-1_1_0	ACT10338.1	75.00	4	1	0	12	15	304	307	9.1	15.1
Seq5231_155_bp_-1_1_0	ABS38337.1	37.50	8	5	0	6	13	856	863	9.3	16.8
Seq5231_155_bp_-1_1_0	CAA43372.1	62.50	9	3	1	3	10	283	291	9.6	15.1
Seq5231_155_bp_-1_1_0	AAB03707.1	66.67	6	2	0	5	10	136	141	9.9	16.8
Seq5231_155_bp_-1_1_1	CAA26230.1	46.67	15	8	0	7	21	330	344	2.8	17.8
Seq5231_155_bp_-1_1_1	CAA73529.1	28.57	14	10	0	4	17	107	120	2.9	16.8
Seq5231_155_bp_-1_1_1	BAB17681.1	55.56	9	4	0	6	14	263	271	2.9	16.8
Seq5231_155_bp_-1_1_1	AIR13712.1	57.14	7	3	0	4	10	55	61	3.4	16.8
Seq5231_155_bp_-1_1_1	AAB03707.1	50.00	10	5	0	2	11	1150	1159	6.7	17.8
Seq5231_155_bp_-1_1_1	AAR31603.1	40.00	10	6	0	2	11	163	172	6.9	15.7
Seq5231_155_bp_-1_1_1	AAA65607.1	60.00	5	2	0	6	10	220	224	7.6	15.7
Seq5231_155_bp_-1_1_1	AEE27845.1	60.00	10	4	0	1	10	1315	1324	9.5	17.3
Seq5231_155_bp_-1_2_0	ABK71357.1	46.15	13	7	0	7	19	224	236	1	18.6
Seq5231_155_bp_-1_2_0	AAC78721.1	37.50	16	10	0	4	19	229	244	1.2	19.2
Seq5231_155_bp_-1_2_0	AAB96524.1	55.56	9	4	0	3	11	143	151	2.8	16.1
Seq5231_155_bp_-1_2_0	AAA26915.1	50.00	10	5	0	2	11	101	110	3	17.3
Seq5231_155_bp_-1_2_0	ABS38337.1	61.54	14	5	1	6	19	143	155	3.5	18.6
Seq5231_155_bp_-1_2_0	CAA26230.1	28.57	14	10	0	4	17	435	448	3.6	17.3
Seq5231_155_bp_-1_2_0	CAA04196.1	33.33	15	10	0	4	18	74	88	4.1	16.7
Seq5231_155_bp_-1_2_0	AAR31603.1	45.45	11	6	0	1	11	262	272	4.9	16.1
Seq5231_155_bp_-1_2_0	ACT10338.1	53.85	14	6	1	5	17	91	104	5.8	16.1
Seq5231_155_bp_-1_2_0	AAA32376.1	44.44	9	5	0	10	18	129	137	6.1	14.8
Seq5231_155_bp_-1_2_0	AAA18786.1	23.08	13	10	0	2	14	204	216	6.1	15.5
Seq5231_155_bp_-1_2_0	AAH69556.1	80.00	5	1	0	10	14	100	104	6.9	15.5
Seq5231_155_bp_-1_2_0	AAC97205.1	40.00	10	6	0	1	10	355	364	7.6	17.3
Seq5231_155_bp_-1_2_0	AAA23282.1	36.36	11	7	0	7	17	448	458	8.2	16.1
Seq5231_155_bp_-1_2_0	AEE27845.1	50.00	10	5	0	2	11	273	282	8.5	17.3
Seq5231_155_bp_-1_2_0	AAA36565.1	60.00	5	2	0	1	5	43	47	8.8	14.2
Seq5231_155_bp_-1_2_0	AAC17860.1	30.77	13	9	0	2	14	244	256	9.1	15.5
Seq5231_155_bp_-1_2_1	CAA26230.1	60.00	10	4	0	9	18	415	424	1.1	19.0
Seq5231_155_bp_-1_2_1	ABS38337.1	37.50	16	10	0	3	18	512	527	1.2	20.1
Seq5231_155_bp_-1_2_1	AAA42531.1	44.44	9	5	0	4	12	360	368	2.4	17.3
Seq5231_155_bp_-1_2_1	AAX12058.1	41.67	12	7	0	1	12	177	188	3.5	16.2
Seq5231_155_bp_-1_2_1	AAA65607.1	63.64	11	4	0	2	12	315	325	4.7	16.2
Seq5231_155_bp_-1_2_1	AAA72732.1	45.45	11	6	0	5	15	40	50	5.8	15.7
Seq5231_155_bp_-1_2_1	AAC08817.1	57.14	7	3	0	12	18	55	61	6.4	14.6
Seq5231_155_bp_-1_2_1	AAH69556.1	35.71	14	9	0	2	15	272	285	8.1	15.1
Seq5231_155_bp_-1_2_2	AAQ92751.2	62.50	8	3	0	4	11	244	251	0.48	20.9
Seq5231_155_bp_-1_2_2	AAC08817.1	50.00	12	6	0	1	12	58	69	0.59	17.5
Seq5231_155_bp_-1_2_2	AAB64315.2	37.50	8	5	0	1	8	288	295	3	16.2
Seq5231_155_bp_-1_2_2	BAA32956.1	60.00	5	2	0	3	7	10	14	4.8	14.8
Seq5231_155_bp_-1_2_2	AAR37016.1	62.50	8	3	0	3	10	2056	2063	5.1	18.2
Seq5231_155_bp_-1_2_2	AAA18786.1	80.00	5	1	0	8	12	90	94	6	14.8
Seq5231_155_bp_-1_2_2	AAH69556.1	50.00	6	3	0	2	7	184	189	6.8	14.8
Seq5231_155_bp_-1_2_2	AAB26998.1	60.00	5	2	0	7	11	27	31	7.2	12.8
Seq5231_155_bp_-1_2_2	AAA23282.1	57.14	7	3	0	6	12	301	307	7.9	15.5
Seq5231_155_bp_-1_2_2	BAA32991.1	100.00	2	0	0	7	8	29	30	9.8	12.1
Seq5231_155_bp_-1_2_2	AAA25966.1	80.00	5	1	0	8	12	640	644	9.8	15.5
