Seq7908_279_bp_1_0_0	ENA|ABG75784|ABG75784.1	46.67	15	8	0	3	17	65	79	0.18	20.8
Seq7908_279_bp_1_0_0	ENA|AAR31603|AAR31603.1	50.00	10	5	0	3	12	52	61	0.74	18.8
Seq7908_279_bp_1_0_0	ENA|BAB17681|BAB17681.1	83.33	6	1	0	1	6	57	62	1.7	17.3
Seq7908_279_bp_1_0_0	ENA|BAA05866|BAA05866.1	55.56	9	4	0	10	18	289	297	1.9	17.3
Seq7908_279_bp_1_0_0	ENA|AAC08817|AAC08817.1	100.00	4	0	0	15	18	112	115	1.9	16.3
Seq7908_279_bp_1_0_0	ENA|CAA24711|CAA24711.1	42.86	7	4	0	3	9	33	39	2.1	16.3
Seq7908_279_bp_1_0_0	ENA|AAA18786|AAA18786.1	50.00	10	5	0	7	16	123	132	2.3	16.8
Seq7908_279_bp_1_0_0	ENA|CAA26939|CAA26939.1	38.89	19	11	1	1	18	68	86	2.5	17.8
Seq7908_279_bp_1_0_0	ENA|AAB66912|AAB66912.1	62.50	8	3	0	10	17	209	216	2.9	18.3
Seq7908_279_bp_1_0_0	ENA|AAQ92751|AAQ92751.2	62.50	8	3	0	9	16	868	875	3	18.8
Seq7908_279_bp_1_0_0	ENA|AAI27517|AAI27517.1	36.36	11	7	0	3	13	83	93	5	16.8
Seq7908_279_bp_1_0_0	ENA|CAA28033|CAA28033.1	45.45	11	6	0	5	15	1063	1073	5.5	17.8
Seq7908_279_bp_1_0_0	ENA|AAC78721|AAC78721.1	71.43	7	2	0	7	13	488	494	5.6	16.8
Seq7908_279_bp_1_0_0	ENA|AAF79734|AAF79734.1	33.33	12	8	0	7	18	790	801	6.1	17.8
Seq7908_279_bp_1_0_0	ENA|AAA72732|AAA72732.1	44.44	9	5	0	4	12	290	298	7.2	15.4
Seq7908_279_bp_1_0_0	ENA|AAA36539|AAA36539.1	26.67	15	11	0	3	17	109	123	7.7	15.9
Seq7908_279_bp_1_0_0	ENA|BAA32018|BAA32018.1	36.36	11	7	0	6	16	245	255	9.9	15.9
Seq7908_279_bp_1_0_1	ENA|AAB03707|AAB03707.1	31.58	19	13	0	1	19	618	636	0.14	23.4
Seq7908_279_bp_1_0_1	ENA|CAA26023|CAA26023.1	60.00	11	4	1	1	10	305	315	0.19	21.1
Seq7908_279_bp_1_0_1	ENA|AAA25966|AAA25966.1	42.11	19	11	0	1	19	322	340	0.49	20.6
Seq7908_279_bp_1_0_1	ENA|CAB75732|CAB75732.1	50.00	12	6	0	1	12	192	203	0.78	20.6
Seq7908_279_bp_1_0_1	ENA|ABD49687|ABD49687.1	57.14	16	6	2	2	15	1650	1665	0.84	21.1
Seq7908_279_bp_1_0_1	ENA|AAR31603|AAR31603.1	71.43	7	2	0	6	12	318	324	1.1	18.3
Seq7908_279_bp_1_0_1	ENA|CAA28033|CAA28033.1	27.78	18	13	0	1	18	382	399	1.7	19.7
Seq7908_279_bp_1_0_1	ENA|ABK71357|ABK71357.1	50.00	8	4	0	1	8	294	301	2.3	17.4
Seq7908_279_bp_1_0_1	ENA|AAF79734|AAF79734.1	25.00	16	12	0	3	18	880	895	2.5	19.2
Seq7908_279_bp_1_0_1	ENA|AAR37016|AAR37016.1	41.67	12	7	0	1	12	1488	1499	3	19.7
Seq7908_279_bp_1_0_1	ENA|CAD53387|CAD53387.1	46.15	14	7	1	3	16	34	46	3.1	17.4
Seq7908_279_bp_1_0_1	ENA|CAA73529|CAA73529.1	53.85	14	6	1	6	19	193	205	3.3	16.4
Seq7908_279_bp_1_0_1	ENA|AAC08817|AAC08817.1	42.86	7	4	0	1	7	120	126	3.5	15.5
Seq7908_279_bp_1_0_1	ENA|CAA36214|CAA36214.1	33.33	9	6	0	11	19	142	150	3.6	16.4
Seq7908_279_bp_1_0_1	ENA|AAI27517|AAI27517.1	50.00	6	3	0	1	6	517	522	3.7	17.4
Seq7908_279_bp_1_0_1	ENA|AAC97205|AAC97205.1	50.00	8	4	0	1	8	1199	1206	4	18.3
Seq7908_279_bp_1_0_1	ENA|AAB66912|AAB66912.1	35.71	14	9	0	4	17	264	277	4.2	17.8
Seq7908_279_bp_1_0_1	ENA|BAB17681|BAB17681.1	60.00	5	2	0	13	17	43	47	4.4	16.0
Seq7908_279_bp_1_0_1	ENA|BAA36759|BAA36759.1	60.00	5	2	0	1	5	151	155	4.7	16.0
Seq7908_279_bp_1_0_1	ENA|CAA24711|CAA24711.1	33.33	12	8	0	5	16	44	55	5.3	15.1
Seq7908_279_bp_1_0_1	ENA|AAS77176|AAS77176.1	40.00	10	6	0	10	19	203	212	6.3	15.5
Seq7908_279_bp_1_0_1	ENA|AAC17860|AAC17860.1	37.50	8	5	0	2	9	355	362	6.5	16.0
Seq7908_279_bp_1_0_1	ENA|CAA45708|CAA45708.1	50.00	6	3	0	1	6	1024	1029	6.7	17.8
Seq7908_279_bp_1_0_1	ENA|AAC49865|AAC49865.1	40.00	16	9	1	2	17	311	325	7.2	15.5
Seq7908_279_bp_1_0_1	ENA|AAA24145|AAA24145.1	100.00	4	0	0	8	11	60	63	7.3	16.0
Seq7908_279_bp_1_0_1	ENA|BAA32991|BAA32991.1	50.00	6	3	0	5	10	49	54	10	12.7
Seq7908_279_bp_1_0_2	ENA|CAA11507|CAA11507.1	31.82	25	15	3	1	22	1062	1086	0.76	21.1
Seq7908_279_bp_1_0_2	ENA|AAC26660|AAC26660.1	100.00	4	0	0	3	6	183	186	0.88	18.5
Seq7908_279_bp_1_0_2	ENA|ABD49687|ABD49687.1	28.57	21	15	0	2	22	590	610	1.3	20.7
Seq7908_279_bp_1_0_2	ENA|AAA36539|AAA36539.1	35.29	17	11	0	2	18	130	146	2.2	18.0
Seq7908_279_bp_1_0_2	ENA|ABG75784|ABG75784.1	50.00	10	5	0	4	13	85	94	3.6	16.7
Seq7908_279_bp_1_0_2	ENA|CAA73529|CAA73529.1	50.00	16	7	2	5	18	35	50	5.6	15.8
Seq7908_279_bp_1_0_2	ENA|BAA32956|BAA32956.1	33.33	15	10	0	7	21	193	207	5.9	15.4
Seq7908_279_bp_1_0_2	ENA|AAB66912|AAB66912.1	62.50	8	3	0	14	21	265	272	7.6	17.2
Seq7908_279_bp_1_0_2	ENA|CAA43419|CAA43419.1	54.55	11	5	0	2	12	178	188	9.8	15.4
Seq7908_279_bp_1_1_0	ENA|BAB17681|BAB17681.1	95.65	92	4	0	1	92	68	159	2.1e-51	188.8
Seq7908_279_bp_1_1_0	ENA|AAC26660|AAC26660.1	43.48	23	13	0	60	82	99	121	0.95	20.4
Seq7908_279_bp_1_1_0	ENA|AAC78721|AAC78721.1	35.42	51	31	3	3	53	625	672	1.3	21.4
Seq7908_279_bp_1_1_0	ENA|AAA32624|AAA32624.1	36.17	60	30	13	22	70	270	327	1.6	20.7
Seq7908_279_bp_1_1_0	ENA|CAA28033|CAA28033.1	32.08	59	36	6	7	59	39	97	1.6	22.0
Seq7908_279_bp_1_1_0	ENA|AAS77176|AAS77176.1	27.08	50	35	2	29	78	137	184	1.6	19.8
Seq7908_279_bp_1_1_0	ENA|BAA05866|BAA05866.1	53.85	13	6	0	45	57	45	57	1.7	19.8
Seq7908_279_bp_1_1_0	ENA|AAA18786|AAA18786.1	25.71	37	26	2	12	46	28	64	1.9	19.5
Seq7908_279_bp_1_1_0	ENA|AAF79734|AAF79734.1	27.08	52	35	4	13	64	634	681	2.2	21.7
Seq7908_279_bp_1_1_0	ENA|AAC17860|AAC17860.1	47.83	24	12	1	11	34	37	59	2.3	19.8
Seq7908_279_bp_1_1_0	ENA|AAA24145|AAA24145.1	22.78	87	61	8	1	80	12	97	2.6	19.8
Seq7908_279_bp_1_1_0	ENA|AAC40132|AAC40132.1	27.42	66	45	4	3	64	309	374	3.3	19.5
Seq7908_279_bp_1_1_0	ENA|AAR37016|AAR37016.1	36.84	41	24	3	17	54	802	842	3.6	21.7
Seq7908_279_bp_1_1_0	ENA|CAL82360|CAL82360.1	25.45	62	41	7	7	68	435	489	3.7	20.7
Seq7908_279_bp_1_1_0	ENA|AAB96524|AAB96524.1	38.78	56	30	7	22	72	59	112	3.8	17.9
Seq7908_279_bp_1_1_0	ENA|BAA36759|BAA36759.1	55.56	9	4	0	41	49	14	22	3.8	18.6
Seq7908_279_bp_1_1_0	ENA|CAA26023|CAA26023.1	43.75	16	9	0	70	85	188	203	5	18.6
Seq7908_279_bp_1_1_0	ENA|ABD49687|ABD49687.1	31.58	44	26	6	20	63	208	245	6.1	20.4
Seq7908_279_bp_1_1_0	ENA|ABG75784|ABG75784.1	28.57	36	25	1	15	50	16	50	6.2	17.9
Seq7908_279_bp_1_1_0	ENA|CAA36714|CAA36714.1	28.07	64	41	7	7	63	340	403	7.4	18.3
Seq7908_279_bp_1_2_0	ENA|AAC78721|AAC78721.1	31.58	21	13	2	1	21	592	610	0.59	20.4
Seq7908_279_bp_1_2_0	ENA|BAA32956|BAA32956.1	37.50	16	10	0	1	16	179	194	1.1	17.8
Seq7908_279_bp_1_2_0	ENA|ABN10845|ABN10845.1	50.00	8	4	0	11	18	36	43	1.6	17.3
Seq7908_279_bp_1_2_0	ENA|AAB66912|AAB66912.1	53.85	14	6	1	5	18	734	746	2.7	18.6
Seq7908_279_bp_1_2_0	ENA|AAS77176|AAS77176.1	46.15	15	7	2	4	18	168	180	2.8	16.9
Seq7908_279_bp_1_2_0	ENA|AAC49865|AAC49865.1	53.85	17	6	4	3	15	267	283	4.3	16.4
Seq7908_279_bp_1_2_0	ENA|EDO47375|EDO47375.1	37.50	16	10	0	4	19	44	59	4.5	15.6
Seq7908_279_bp_1_2_0	ENA|ABD33854|ABD33854.1	31.25	16	11	0	1	16	26	41	5.1	13.8
Seq7908_279_bp_1_2_0	ENA|CAD53387|CAD53387.1	40.00	10	6	0	12	21	457	466	6.4	16.4
Seq7908_279_bp_1_2_0	ENA|AAF79734|AAF79734.1	38.46	13	8	0	4	16	492	504	7.4	17.8
Seq7908_279_bp_1_2_0	ENA|AAB96524|AAB96524.1	50.00	8	4	0	2	9	117	124	7.9	14.7
Seq7908_279_bp_1_2_0	ENA|AAA24145|AAA24145.1	26.67	15	11	0	7	21	28	42	7.9	16.0
Seq7908_279_bp_1_2_0	ENA|CAA36714|CAA36714.1	45.45	11	6	0	8	18	50	60	8	16.0
Seq7908_279_bp_1_2_0	ENA|CAA29956|CAA29956.1	36.84	19	12	0	3	21	226	244	8.6	15.6
Seq7908_279_bp_1_2_0	ENA|AAC08817|AAC08817.1	22.22	18	14	0	1	18	137	154	8.9	14.2
Seq7908_279_bp_1_2_0	ENA|AAA72732|AAA72732.1	36.36	11	7	0	8	18	43	53	9.6	15.1
Seq7908_279_bp_1_2_1	ENA|AAC08817|AAC08817.1	36.84	38	24	0	4	41	50	87	0.21	21.3
Seq7908_279_bp_1_2_1	ENA|AAF79734|AAF79734.1	25.42	60	44	1	1	59	1068	1127	3.6	20.4
Seq7908_279_bp_1_2_1	ENA|ABK71357|ABK71357.1	27.27	48	32	4	7	54	28	71	4.8	18.0
Seq7908_279_bp_1_2_1	ENA|CAA36714|CAA36714.1	31.82	47	30	3	4	49	389	433	4.9	18.3
Seq7908_279_bp_1_2_1	ENA|BAA32956|BAA32956.1	32.14	28	19	0	16	43	176	203	5.1	17.1
Seq7908_279_bp_1_2_1	ENA|AAA18786|AAA18786.1	31.58	19	13	0	40	58	207	225	6.4	17.1
Seq7908_279_bp_1_2_1	ENA|CAA45199|CAA45199.1	46.67	15	8	0	25	39	159	173	8.9	17.4
Seq7908_279_bp_1_2_1	ENA|CAA11507|CAA11507.1	30.77	41	27	2	19	57	10	50	9.1	18.9
Seq7908_279_bp_-1_0_0	ENA|CAA26939|CAA26939.1	58.33	12	5	0	5	16	16	27	0.26	21.1
Seq7908_279_bp_-1_0_0	ENA|BAA32991|BAA32991.1	50.00	12	5	2	9	18	23	34	0.67	16.7
Seq7908_279_bp_-1_0_0	ENA|AAB26998|AAB26998.1	35.29	17	11	0	1	17	11	27	4.5	14.1
Seq7908_279_bp_-1_0_0	ENA|CAA29968|CAA29968.1	62.50	8	3	0	7	14	81	88	6.6	14.8
Seq7908_279_bp_-1_0_0	ENA|CAA45199|CAA45199.1	33.33	15	10	0	4	18	54	68	9.2	15.6
Seq7908_279_bp_-1_0_1	ENA|CAL82360|CAL82360.1	28.33	65	43	5	10	69	652	716	0.29	24.2
Seq7908_279_bp_-1_0_1	ENA|AAR37016|AAR37016.1	37.04	64	34	10	16	74	141	199	1.4	22.8
Seq7908_279_bp_-1_0_1	ENA|CAA36714|CAA36714.1	26.09	23	17	0	29	51	325	347	2.3	19.7
Seq7908_279_bp_-1_0_1	ENA|BAA32956|BAA32956.1	28.12	33	23	1	11	43	134	165	2.7	18.3
Seq7908_279_bp_-1_0_1	ENA|AAA18786|AAA18786.1	36.84	19	12	0	37	55	92	110	3.4	18.3
Seq7908_279_bp_-1_0_1	ENA|CAA73529|CAA73529.1	29.63	28	19	1	5	32	183	209	3.5	18.3
Seq7908_279_bp_-1_0_1	ENA|AAS77176|AAS77176.1	29.73	39	26	2	16	54	224	260	3.7	18.3
Seq7908_279_bp_-1_0_1	ENA|AAC97205|AAC97205.1	21.88	67	50	3	1	66	791	855	4.8	20.0
Seq7908_279_bp_-1_0_1	ENA|AAC17860|AAC17860.1	36.84	19	12	0	22	40	118	136	5.2	18.3
Seq7908_279_bp_-1_0_1	ENA|ABD33854|ABD33854.1	21.43	42	33	0	33	74	1	42	5.5	15.5
Seq7908_279_bp_-1_0_1	ENA|ABN10845|ABN10845.1	36.96	54	29	8	14	60	21	73	5.6	17.2
Seq7908_279_bp_-1_0_1	ENA|CAA45708|CAA45708.1	27.66	53	34	6	10	60	304	352	5.8	20.0
Seq7908_279_bp_-1_0_1	ENA|AAA25966|AAA25966.1	19.51	41	33	0	3	43	153	193	7.1	18.6
Seq7908_279_bp_-1_0_1	ENA|ACH70901|ACH70901.1	20.69	29	23	0	3	31	289	317	7.2	17.6
Seq7908_279_bp_-1_0_1	ENA|BAA32018|BAA32018.1	41.94	37	18	6	14	50	163	193	7.8	18.3
Seq7908_279_bp_-1_0_1	ENA|AAC08817|AAC08817.1	29.03	32	22	1	5	35	88	119	8.1	16.2
Seq7908_279_bp_-1_0_1	ENA|AAA36539|AAA36539.1	37.50	19	10	3	32	47	11	29	9.4	17.6
Seq7908_279_bp_-1_1_0	ENA|BAA32956|BAA32956.1	32.43	37	25	0	1	37	164	200	0.14	21.7
Seq7908_279_bp_-1_1_0	ENA|CAA29968|CAA29968.1	33.33	44	26	5	3	41	151	194	1.1	18.6
Seq7908_279_bp_-1_1_0	ENA|ACT10338|ACT10338.1	27.59	31	21	2	4	32	97	127	1.4	19.3
Seq7908_279_bp_-1_1_0	ENA|AAI27517|AAI27517.1	62.50	8	3	0	15	22	251	258	6.6	17.6
Seq7908_279_bp_-1_1_0	ENA|CAA29956|CAA29956.1	42.86	22	12	1	14	34	64	85	6.7	16.9
Seq7908_279_bp_-1_1_0	ENA|AAR37016|AAR37016.1	40.00	20	12	0	21	40	56	75	7.9	19.3
Seq7908_279_bp_-1_1_0	ENA|AAR31603|AAR31603.1	26.09	23	17	0	15	37	98	120	9.2	16.2
Seq7908_279_bp_-1_1_0	ENA|AAF79734|AAF79734.1	32.00	25	17	0	1	25	117	141	9.7	18.3
Seq7908_279_bp_-1_1_0	ENA|AAA25966|AAA25966.1	36.84	23	12	4	7	29	310	328	9.9	17.3
Seq7908_279_bp_-1_1_0	ENA|BAA32991|BAA32991.1	28.57	26	15	5	3	24	8	32	10	13.8
Seq7908_279_bp_-1_1_1	ENA|ABD33854|ABD33854.1	66.67	6	2	0	4	9	59	64	0.065	19.2
Seq7908_279_bp_-1_1_1	ENA|ABG75784|ABG75784.1	50.00	8	4	0	4	11	127	134	0.15	20.3
Seq7908_279_bp_-1_1_1	ENA|AAA25966|AAA25966.1	42.86	7	4	0	1	7	397	403	0.51	19.8
Seq7908_279_bp_-1_1_1	ENA|AAA25966|AAA25966.1	57.14	7	3	0	5	11	185	191	0.73	19.2
Seq7908_279_bp_-1_1_1	ENA|CCP43727|CCP43727.1	50.00	8	4	0	3	10	145	152	1	17.6
Seq7908_279_bp_-1_1_1	ENA|BAB17681|BAB17681.1	60.00	5	2	0	5	9	110	114	1.2	17.1
Seq7908_279_bp_-1_1_1	ENA|AAB96524|AAB96524.1	50.00	8	4	0	2	9	31	38	1.8	16.0
Seq7908_279_bp_-1_1_1	ENA|AAC49865|AAC49865.1	40.00	10	6	0	2	11	194	203	2.2	16.5
Seq7908_279_bp_-1_1_1	ENA|ACT10338|ACT10338.1	40.00	10	6	0	2	11	270	279	2.5	16.5
Seq7908_279_bp_-1_1_1	ENA|CAA73529|CAA73529.1	50.00	6	3	0	1	6	105	110	2.6	16.0
Seq7908_279_bp_-1_1_1	ENA|CAA36714|CAA36714.1	66.67	6	2	0	6	11	103	108	3	16.5
Seq7908_279_bp_-1_1_1	ENA|CAA45708|CAA45708.1	80.00	5	1	0	1	5	482	486	3.2	18.2
Seq7908_279_bp_-1_1_1	ENA|CAB75732|CAB75732.1	60.00	5	2	0	3	7	1113	1117	3.5	17.6
Seq7908_279_bp_-1_1_1	ENA|AAI27517|AAI27517.1	50.00	6	3	0	2	7	281	286	3.8	16.5
Seq7908_279_bp_-1_1_1	ENA|CAA28033|CAA28033.1	42.86	7	4	0	2	8	1227	1233	4	17.6
Seq7908_279_bp_-1_1_1	ENA|AAF79734|AAF79734.1	57.14	7	3	0	2	8	915	921	4.4	17.6
Seq7908_279_bp_-1_1_1	ENA|CAA45199|CAA45199.1	50.00	6	3	0	6	11	90	95	4.4	16.0
Seq7908_279_bp_-1_1_1	ENA|AAC08817|AAC08817.1	60.00	5	2	0	7	11	27	31	4.5	14.4
Seq7908_279_bp_-1_1_1	ENA|CAD53387|CAD53387.1	57.14	7	3	0	1	7	17	23	4.7	16.0
Seq7908_279_bp_-1_1_1	ENA|AAR37016|AAR37016.1	57.14	7	3	0	2	8	2154	2160	4.9	18.2
Seq7908_279_bp_-1_1_1	ENA|ABK71357|ABK71357.1	44.44	10	5	1	1	9	55	64	5	15.4
Seq7908_279_bp_-1_1_1	ENA|AAS77176|AAS77176.1	50.00	4	2	0	4	7	77	80	5.7	14.9
Seq7908_279_bp_-1_1_1	ENA|BAA36759|BAA36759.1	30.00	10	7	0	1	10	215	224	5.7	14.9
Seq7908_279_bp_-1_1_1	ENA|BAA32991|BAA32991.1	75.00	4	1	0	3	6	19	22	6	12.7
Seq7908_279_bp_-1_1_1	ENA|AAA24145|AAA24145.1	33.33	9	6	0	3	11	226	234	6.2	15.4
Seq7908_279_bp_-1_1_1	ENA|CAA26023|CAA26023.1	42.86	7	4	0	1	7	354	360	7.4	14.9
Seq7908_279_bp_-1_1_1	ENA|AAB66912|AAB66912.1	42.86	7	4	0	3	9	434	440	8.4	16.0
Seq7908_279_bp_-1_1_2	ENA|ABG75784|ABG75784.1	64.29	19	5	5	4	17	116	134	2.1	17.4
Seq7908_279_bp_-1_1_2	ENA|AAC97205|AAC97205.1	53.85	14	6	1	1	13	1178	1191	8	17.4
Seq7908_279_bp_-1_2_0	ENA|AAA25966|AAA25966.1	34.78	23	15	0	8	30	631	653	0.55	21.6
Seq7908_279_bp_-1_2_0	ENA|AAC97205|AAC97205.1	37.50	16	10	0	24	39	851	866	2	20.5
Seq7908_279_bp_-1_2_0	ENA|CAA45708|CAA45708.1	32.26	31	21	0	9	39	970	1000	2.5	20.5
Seq7908_279_bp_-1_2_0	ENA|CCP43727|CCP43727.1	53.85	13	6	0	9	21	151	163	2.7	18.2
Seq7908_279_bp_-1_2_0	ENA|CAA11507|CAA11507.1	38.71	31	19	0	7	37	997	1027	2.9	20.1
Seq7908_279_bp_-1_2_0	ENA|AAS77176|AAS77176.1	30.77	28	18	2	10	37	212	237	3.1	17.8
Seq7908_279_bp_-1_2_0	ENA|CAA26023|CAA26023.1	25.00	20	15	0	3	22	90	109	3.1	18.2
Seq7908_279_bp_-1_2_0	ENA|AAB03707|AAB03707.1	39.29	31	17	3	8	38	54	81	3.8	19.7
Seq7908_279_bp_-1_2_0	ENA|AAA36114|AAA36114.1	20.00	25	20	0	3	27	268	292	4.1	18.2
Seq7908_279_bp_-1_2_0	ENA|CAA28033|CAA28033.1	30.30	35	23	2	6	40	827	859	4.7	19.3
Seq7908_279_bp_-1_2_0	ENA|AAR37016|AAR37016.1	35.71	28	18	0	2	29	594	621	5	20.1
Seq7908_279_bp_-1_2_0	ENA|AAC49865|AAC49865.1	50.00	12	6	0	18	29	41	52	5.8	17.0
Seq7908_279_bp_-1_2_0	ENA|CAA43419|CAA43419.1	47.06	19	9	2	4	22	297	313	6.4	17.0
Seq7908_279_bp_-1_2_0	ENA|CAA36214|CAA36214.1	32.14	31	19	3	13	41	6	35	6.9	16.6
Seq7908_279_bp_-1_2_0	ENA|CAA73529|CAA73529.1	35.00	20	13	0	22	41	225	244	8.1	16.2
Seq7908_279_bp_-1_2_0	ENA|CAA24711|CAA24711.1	38.46	13	8	0	11	23	8	20	8.6	15.5
Seq7908_279_bp_-1_2_0	ENA|AAB66912|AAB66912.1	25.00	43	30	3	2	41	124	166	9.3	17.8
Seq7908_279_bp_-1_2_0	ENA|AAR31603|AAR31603.1	71.43	7	2	0	36	42	265	271	9.5	16.2
Seq7908_279_bp_-1_2_1	ENA|AAA25966|AAA25966.1	53.33	16	7	1	17	32	286	300	1.4	19.9
Seq7908_279_bp_-1_2_1	ENA|BAB17681|BAB17681.1	66.67	13	4	1	16	28	58	69	6	16.3
Seq7908_279_bp_-1_2_1	ENA|CAA24711|CAA24711.1	26.32	19	14	0	8	26	136	154	7.8	15.2
Seq7908_279_bp_-1_2_1	ENA|BAA32018|BAA32018.1	46.67	16	8	1	8	22	403	418	8.2	17.0
