Seq8008_280_bp_1_0_0	ENA|ACH70901|ACH70901.1	63.64	12	4	1	12	23	285	295	1	20.9
Seq8008_280_bp_1_0_0	ENA|AAC08817|AAC08817.1	66.67	6	2	0	63	68	1	6	3.6	17.8
Seq8008_280_bp_1_0_0	ENA|AAA36539|AAA36539.1	35.00	20	13	0	71	90	62	81	3.8	19.3
Seq8008_280_bp_1_0_0	ENA|ABD33854|ABD33854.1	57.14	7	3	0	12	18	56	62	4.2	16.2
Seq8008_280_bp_1_0_0	ENA|ABD49687|ABD49687.1	71.43	7	2	0	58	64	986	992	6.5	20.3
Seq8008_280_bp_1_0_0	ENA|AAI27517|AAI27517.1	100.00	5	0	0	81	85	299	303	6.5	18.8
Seq8008_280_bp_1_0_0	ENA|AAC97205|AAC97205.1	54.55	11	5	0	57	67	417	427	6.7	19.8
Seq8008_280_bp_1_0_0	ENA|ABG75784|ABG75784.1	33.33	12	8	0	64	75	195	206	7	17.8
Seq8008_280_bp_1_0_0	ENA|EDO47375|EDO47375.1	53.85	13	6	0	20	32	51	63	8.5	16.7
Seq8008_280_bp_1_1_0	ENA|BAA32991|BAA32991.1	100.00	4	0	0	1	4	28	31	0.022	20.7
Seq8008_280_bp_1_1_0	ENA|AAQ92751|AAQ92751.2	100.00	5	0	0	3	7	531	535	0.13	22.5
Seq8008_280_bp_1_1_0	ENA|AAA25966|AAA25966.1	66.67	6	2	0	2	7	266	271	1.9	17.8
Seq8008_280_bp_1_1_0	ENA|CAA45708|CAA45708.1	62.50	8	3	0	3	10	751	758	2.6	18.4
Seq8008_280_bp_1_1_0	ENA|CAA36214|CAA36214.1	75.00	4	1	0	6	9	173	176	4	15.4
Seq8008_280_bp_1_1_0	ENA|AAR31603|AAR31603.1	50.00	6	3	0	4	9	140	145	4.3	15.4
Seq8008_280_bp_1_1_0	ENA|EDO47375|EDO47375.1	100.00	3	0	0	2	4	125	127	5.6	14.2
Seq8008_280_bp_1_1_0	ENA|CAL82360|CAL82360.1	57.14	7	3	0	3	9	1151	1157	7.2	16.6
Seq8008_280_bp_1_1_1	ENA|BAA32991|BAA32991.1	41.67	12	7	0	7	18	27	38	0.13	19.0
Seq8008_280_bp_1_1_1	ENA|ABN10845|ABN10845.1	62.50	8	3	0	1	8	153	160	1.8	16.9
Seq8008_280_bp_1_1_1	ENA|ABD49687|ABD49687.1	57.14	7	3	0	5	11	501	507	4.6	18.5
Seq8008_280_bp_1_1_1	ENA|AAQ92751|AAQ92751.2	50.00	10	5	0	2	11	437	446	7.5	17.4
Seq8008_280_bp_1_1_1	ENA|BAB17681|BAB17681.1	75.00	4	1	0	6	9	174	177	9.1	14.8
Seq8008_280_bp_1_1_1	ENA|BAA32018|BAA32018.1	35.29	17	11	0	2	18	134	150	10	15.9
Seq8008_280_bp_1_1_2	ENA|AAA36539|AAA36539.1	83.33	6	1	0	8	13	252	257	1.7	17.6
Seq8008_280_bp_1_1_2	ENA|CAA11507|CAA11507.1	40.00	10	6	0	2	11	1183	1192	3.2	18.2
Seq8008_280_bp_1_1_2	ENA|ACT10338|ACT10338.1	57.14	7	3	0	6	12	31	37	3.2	16.4
Seq8008_280_bp_1_1_2	ENA|CAB75732|CAB75732.1	80.00	5	1	0	6	10	708	712	4.1	17.6
Seq8008_280_bp_1_1_2	ENA|CAA73529|CAA73529.1	60.00	5	2	0	7	11	6	10	5.2	15.2
Seq8008_280_bp_1_1_2	ENA|AAB26998|AAB26998.1	100.00	3	0	0	1	3	58	60	5.2	13.4
Seq8008_280_bp_1_1_2	ENA|AAA72732|AAA72732.1	80.00	5	1	0	4	8	99	103	5.9	15.2
Seq8008_280_bp_1_1_2	ENA|CAA36714|CAA36714.1	57.14	7	3	0	4	10	331	337	8.5	15.2
Seq8008_280_bp_1_1_2	ENA|ABN10845|ABN10845.1	57.14	7	3	0	4	10	198	204	9.2	14.0
Seq8008_280_bp_1_1_3	ENA|AAC49865|AAC49865.1	80.00	5	1	0	2	6	187	191	0.73	18.7
Seq8008_280_bp_1_1_3	ENA|ACH70901|ACH70901.1	46.15	14	7	1	2	15	95	107	0.8	18.7
Seq8008_280_bp_1_1_3	ENA|BAA32956|BAA32956.1	36.36	11	7	0	1	11	90	100	1.1	17.5
Seq8008_280_bp_1_1_3	ENA|ABD49687|ABD49687.1	100.00	4	0	0	1	4	1291	1294	1.1	20.5
Seq8008_280_bp_1_1_3	ENA|AAC78721|AAC78721.1	50.00	10	5	0	1	10	146	155	1.5	18.7
Seq8008_280_bp_1_1_3	ENA|BAA32991|BAA32991.1	66.67	3	1	0	11	13	32	34	2.7	14.5
Seq8008_280_bp_1_1_3	ENA|CAA36714|CAA36714.1	58.33	15	5	3	3	14	416	430	3.5	16.9
Seq8008_280_bp_1_1_3	ENA|ABK71357|ABK71357.1	50.00	8	4	0	10	17	175	182	4.2	16.3
Seq8008_280_bp_1_1_3	ENA|AAC08817|AAC08817.1	50.00	8	4	0	2	9	27	34	6	14.5
Seq8008_280_bp_1_1_3	ENA|BAA05866|BAA05866.1	100.00	4	0	0	13	16	286	289	7.7	15.1
Seq8008_280_bp_1_1_3	ENA|CAA45199|CAA45199.1	66.67	6	2	0	2	7	415	420	7.8	15.7
Seq8008_280_bp_1_1_3	ENA|AAA25966|AAA25966.1	50.00	6	3	0	5	10	645	650	7.9	16.3
Seq8008_280_bp_1_2_0	ENA|CAA11507|CAA11507.1	95.65	92	4	0	1	92	235	326	3.2e-80	286.9
Seq8008_280_bp_1_2_0	ENA|AAB03707|AAB03707.1	36.67	60	38	0	14	73	232	291	1.1e-13	65.8
Seq8008_280_bp_1_2_0	ENA|CAA45708|CAA45708.1	52.00	25	12	0	19	43	282	306	1.2e-06	42.6
Seq8008_280_bp_1_2_0	ENA|AAC97205|AAC97205.1	43.33	35	17	5	20	54	207	236	0.051	26.9
Seq8008_280_bp_1_2_0	ENA|AAR37016|AAR37016.1	77.78	9	2	0	21	29	804	812	0.44	24.8
Seq8008_280_bp_1_2_0	ENA|AAA24145|AAA24145.1	71.43	7	2	0	54	60	308	314	0.8	21.5
Seq8008_280_bp_1_2_0	ENA|ABG75784|ABG75784.1	60.00	10	4	0	24	33	270	279	1.7	19.9
Seq8008_280_bp_1_2_0	ENA|AAA32624|AAA32624.1	50.00	15	7	1	75	89	2	15	1.9	20.4
Seq8008_280_bp_1_2_0	ENA|AAA42531|AAA42531.1	55.56	9	4	0	63	71	38	46	2	19.9
Seq8008_280_bp_1_2_0	ENA|CAA43419|CAA43419.1	39.13	23	14	0	13	35	150	172	2.8	19.4
Seq8008_280_bp_1_2_0	ENA|CAA29956|CAA29956.1	60.00	10	4	0	43	52	161	170	2.9	19.4
Seq8008_280_bp_1_2_0	ENA|CAA26023|CAA26023.1	41.18	17	10	0	22	38	314	330	2.9	19.4
Seq8008_280_bp_1_2_0	ENA|ABD49687|ABD49687.1	58.33	12	5	0	48	59	1297	1308	2.9	21.5
Seq8008_280_bp_1_2_0	ENA|BAB17681|BAB17681.1	50.00	8	4	0	5	12	241	248	3	18.8
Seq8008_280_bp_1_2_0	ENA|AAC78721|AAC78721.1	75.00	8	2	0	52	59	578	585	3.5	19.9
Seq8008_280_bp_1_2_0	ENA|AAB26998|AAB26998.1	41.67	12	7	0	50	61	59	70	3.9	16.7
Seq8008_280_bp_1_2_0	ENA|BAA32956|BAA32956.1	80.00	5	1	0	61	65	48	52	4.8	17.7
Seq8008_280_bp_1_2_0	ENA|AAA72732|AAA72732.1	66.67	9	3	0	25	33	67	75	4.9	18.3
Seq8008_280_bp_1_2_0	ENA|ABK71357|ABK71357.1	53.85	13	6	0	21	33	287	299	5.8	18.3
Seq8008_280_bp_1_2_0	ENA|AAA18786|AAA18786.1	80.00	5	1	0	73	77	160	164	6.1	17.7
Seq8008_280_bp_1_2_0	ENA|CAA26939|CAA26939.1	62.50	8	3	0	85	92	22	29	6.1	18.8
Seq8008_280_bp_1_2_0	ENA|BAA05866|BAA05866.1	71.43	7	2	0	25	31	29	35	6.9	17.7
Seq8008_280_bp_1_2_0	ENA|CAA36714|CAA36714.1	35.29	18	11	1	67	83	317	334	7.2	18.3
Seq8008_280_bp_1_2_0	ENA|CCP43727|CCP43727.1	87.50	9	1	1	48	55	163	171	7.4	17.7
Seq8008_280_bp_1_2_0	ENA|AAC26660|AAC26660.1	41.67	12	7	0	69	80	207	218	8.3	17.2
Seq8008_280_bp_-1_0_0	ENA|AAC08817|AAC08817.1	27.66	47	34	0	8	54	21	67	0.51	19.9
Seq8008_280_bp_-1_0_0	ENA|BAA32956|BAA32956.1	39.13	24	14	1	27	49	34	57	0.68	19.9
Seq8008_280_bp_-1_0_0	ENA|AAB66912|AAB66912.1	50.00	12	6	0	44	55	657	668	0.69	22.1
Seq8008_280_bp_-1_0_0	ENA|CAA45708|CAA45708.1	53.85	13	6	0	42	54	1024	1036	0.78	22.6
Seq8008_280_bp_-1_0_0	ENA|AAC17860|AAC17860.1	35.71	14	9	0	3	16	386	399	0.91	20.5
Seq8008_280_bp_-1_0_0	ENA|AAR31603|AAR31603.1	41.67	12	7	0	33	44	297	308	1.1	19.9
Seq8008_280_bp_-1_0_0	ENA|AAA18786|AAA18786.1	54.55	11	5	0	34	44	73	83	1.2	19.4
Seq8008_280_bp_-1_0_0	ENA|AAF79734|AAF79734.1	66.67	9	3	0	6	14	115	123	1.5	21.5
Seq8008_280_bp_-1_0_0	ENA|EDO47375|EDO47375.1	83.33	6	1	0	2	7	77	82	1.8	18.3
Seq8008_280_bp_-1_0_0	ENA|CAA29968|CAA29968.1	62.50	8	3	0	45	52	30	37	1.9	18.3
Seq8008_280_bp_-1_0_0	ENA|AAI27517|AAI27517.1	46.15	14	7	1	38	51	516	528	1.9	19.9
Seq8008_280_bp_-1_0_0	ENA|CAA36214|CAA36214.1	35.00	20	13	0	1	20	72	91	2	18.9
Seq8008_280_bp_-1_0_0	ENA|BAA36759|BAA36759.1	33.33	15	10	0	42	56	257	271	2.8	18.3
Seq8008_280_bp_-1_0_0	ENA|ABD49687|ABD49687.1	45.83	26	13	2	27	52	112	135	3.7	20.5
Seq8008_280_bp_-1_0_0	ENA|CAA73529|CAA73529.1	80.00	5	1	0	23	27	268	272	3.8	17.8
Seq8008_280_bp_-1_0_0	ENA|AAR37016|AAR37016.1	50.00	16	8	0	30	45	555	570	5.1	20.5
Seq8008_280_bp_-1_0_0	ENA|BAB79260|BAB79260.1	46.15	13	7	0	13	25	267	279	6.1	17.8
Seq8008_280_bp_-1_0_0	ENA|CAD53387|CAD53387.1	80.00	5	1	0	39	43	467	471	6.7	17.8
Seq8008_280_bp_-1_0_0	ENA|AAC26660|AAC26660.1	66.67	6	2	0	37	42	53	58	7.2	16.7
Seq8008_280_bp_-1_0_0	ENA|AAC97205|AAC97205.1	71.43	7	2	0	44	50	582	588	7.8	18.9
Seq8008_280_bp_-1_0_0	ENA|BAA05866|BAA05866.1	40.00	10	6	0	2	11	167	176	8.5	16.7
Seq8008_280_bp_-1_0_0	ENA|AAA36539|AAA36539.1	47.06	18	9	1	40	57	422	438	9	17.3
Seq8008_280_bp_-1_0_1	ENA|AAC17860|AAC17860.1	50.00	16	8	0	1	16	267	282	0.00051	29.5
Seq8008_280_bp_-1_0_1	ENA|AAC17860|AAC17860.1	53.85	13	6	0	3	15	143	155	0.44	19.7
Seq8008_280_bp_-1_0_1	ENA|AAC08817|AAC08817.1	50.00	15	7	1	1	15	142	155	0.55	18.0
Seq8008_280_bp_-1_0_1	ENA|CAD53387|CAD53387.1	55.56	9	4	0	8	16	457	465	0.79	19.1
Seq8008_280_bp_-1_0_1	ENA|AAF79734|AAF79734.1	50.00	12	6	0	4	15	451	462	1.5	19.7
Seq8008_280_bp_-1_0_1	ENA|CAA45708|CAA45708.1	57.14	7	3	0	10	16	1027	1033	2.4	19.1
Seq8008_280_bp_-1_0_1	ENA|CAA36714|CAA36714.1	71.43	7	2	0	8	14	294	300	2.4	17.4
Seq8008_280_bp_-1_0_1	ENA|AAR37016|AAR37016.1	62.50	8	3	0	9	16	949	956	3.6	19.1
Seq8008_280_bp_-1_0_1	ENA|CAA24711|CAA24711.1	41.67	12	7	0	1	12	62	73	4.3	15.1
Seq8008_280_bp_-1_0_1	ENA|CAA26939|CAA26939.1	33.33	12	8	0	2	13	253	264	4.3	16.8
Seq8008_280_bp_-1_0_1	ENA|AAI27517|AAI27517.1	80.00	5	1	0	9	13	372	376	4.4	16.8
Seq8008_280_bp_-1_0_1	ENA|AAA24145|AAA24145.1	80.00	5	1	0	7	11	378	382	5.1	16.3
Seq8008_280_bp_-1_0_1	ENA|AAA25966|AAA25966.1	58.33	12	5	0	1	12	381	392	5.4	16.8
Seq8008_280_bp_-1_0_1	ENA|AAR31603|AAR31603.1	37.50	8	5	0	9	16	273	280	5.4	15.7
Seq8008_280_bp_-1_0_1	ENA|AAC26660|AAC26660.1	80.00	5	1	0	4	8	41	45	6.2	15.1
Seq8008_280_bp_-1_0_1	ENA|CAA28033|CAA28033.1	57.14	7	3	0	2	8	600	606	6.5	17.4
Seq8008_280_bp_-1_0_1	ENA|CAB75732|CAB75732.1	46.15	13	7	0	3	15	1110	1122	8.4	16.8
Seq8008_280_bp_-1_0_1	ENA|CAA43419|CAA43419.1	50.00	6	3	0	10	15	42	47	8.7	15.1
Seq8008_280_bp_-1_0_1	ENA|CAA26023|CAA26023.1	55.56	9	4	0	2	10	228	236	9.1	15.1
Seq8008_280_bp_-1_0_1	ENA|AAB96524|AAB96524.1	80.00	5	1	0	11	15	13	17	9.7	14.0
Seq8008_280_bp_-1_0_1	ENA|AAB03707|AAB03707.1	50.00	8	4	0	3	10	1005	1012	9.8	16.8
Seq8008_280_bp_-1_1_0	ENA|AAA18786|AAA18786.1	57.14	7	3	0	1	7	177	183	0.23	19.5
Seq8008_280_bp_-1_1_0	ENA|AAC97205|AAC97205.1	66.67	6	2	0	4	9	452	457	0.24	21.6
Seq8008_280_bp_-1_1_0	ENA|AAA36539|AAA36539.1	60.00	5	2	0	7	11	468	472	0.69	18.7
Seq8008_280_bp_-1_1_0	ENA|CAA43419|CAA43419.1	100.00	3	0	0	9	11	5	7	0.88	18.0
Seq8008_280_bp_-1_1_0	ENA|AAR37016|AAR37016.1	66.67	6	2	0	2	7	232	237	1.2	20.2
Seq8008_280_bp_-1_1_0	ENA|AAB26998|AAB26998.1	100.00	3	0	0	3	5	18	20	1.4	15.1
Seq8008_280_bp_-1_1_0	ENA|ABK71357|ABK71357.1	60.00	5	2	0	5	9	58	62	1.5	17.3
Seq8008_280_bp_-1_1_0	ENA|ABD49687|ABD49687.1	80.00	5	1	0	1	5	711	715	1.5	19.5
Seq8008_280_bp_-1_1_0	ENA|CAB75732|CAB75732.1	57.14	7	3	0	3	9	670	676	1.7	18.7
Seq8008_280_bp_-1_1_0	ENA|AAC08817|AAC08817.1	75.00	4	1	0	1	4	138	141	1.7	15.8
Seq8008_280_bp_-1_1_0	ENA|AAS77176|AAS77176.1	100.00	3	0	0	7	9	78	80	1.9	16.5
Seq8008_280_bp_-1_1_0	ENA|AAA32624|AAA32624.1	50.00	6	3	0	6	11	105	110	2.1	17.3
Seq8008_280_bp_-1_1_0	ENA|AAF79734|AAF79734.1	57.14	7	3	0	2	8	966	972	2.1	18.7
Seq8008_280_bp_-1_1_0	ENA|AAR31603|AAR31603.1	36.36	11	7	0	1	11	107	117	2.1	16.5
Seq8008_280_bp_-1_1_0	ENA|CCP43727|CCP43727.1	50.00	6	3	0	1	6	93	98	2.1	16.5
Seq8008_280_bp_-1_1_0	ENA|CAA26939|CAA26939.1	75.00	4	1	0	8	11	573	576	2.2	17.3
Seq8008_280_bp_-1_1_0	ENA|AAI27517|AAI27517.1	37.50	8	5	0	2	9	494	501	2.3	17.3
Seq8008_280_bp_-1_1_0	ENA|ABN10845|ABN10845.1	100.00	3	0	0	8	10	163	165	2.3	15.8
Seq8008_280_bp_-1_1_0	ENA|CAA26023|CAA26023.1	100.00	3	0	0	6	8	224	226	2.5	16.5
Seq8008_280_bp_-1_1_0	ENA|CAA45199|CAA45199.1	60.00	5	2	0	5	9	384	388	3.1	16.5
Seq8008_280_bp_-1_1_0	ENA|CAA24711|CAA24711.1	100.00	3	0	0	2	4	58	60	3.1	15.1
Seq8008_280_bp_-1_1_0	ENA|AAB03707|AAB03707.1	100.00	3	0	0	9	11	246	248	3.2	18.0
Seq8008_280_bp_-1_1_0	ENA|CAA36214|CAA36214.1	75.00	4	1	0	2	5	230	233	3.3	15.8
Seq8008_280_bp_-1_1_0	ENA|AAA36114|AAA36114.1	50.00	8	4	0	3	10	63	70	3.3	16.5
Seq8008_280_bp_-1_1_0	ENA|AAC49865|AAC49865.1	57.14	7	3	0	2	8	270	276	3.5	15.8
Seq8008_280_bp_-1_1_0	ENA|ACH70901|ACH70901.1	75.00	4	1	0	1	4	156	159	3.8	15.8
Seq8008_280_bp_-1_1_0	ENA|AAC17860|AAC17860.1	75.00	4	1	0	1	4	203	206	4.4	15.8
Seq8008_280_bp_-1_1_0	ENA|BAB79260|BAB79260.1	75.00	4	1	0	2	5	15	18	4.8	15.8
Seq8008_280_bp_-1_1_0	ENA|CAA28033|CAA28033.1	75.00	4	1	0	2	5	856	859	5	17.3
Seq8008_280_bp_-1_1_0	ENA|ABD33854|ABD33854.1	50.00	4	2	0	6	9	59	62	5.1	12.9
Seq8008_280_bp_-1_1_0	ENA|AAC78721|AAC78721.1	37.50	8	5	0	4	11	300	307	7	15.8
Seq8008_280_bp_-1_1_0	ENA|AAC26660|AAC26660.1	60.00	5	2	0	1	5	55	59	7.3	14.3
Seq8008_280_bp_-1_1_0	ENA|AAA25966|AAA25966.1	60.00	5	2	0	1	5	366	370	7.5	15.8
Seq8008_280_bp_-1_1_0	ENA|CAA73529|CAA73529.1	60.00	5	2	0	5	9	179	183	7.7	14.3
Seq8008_280_bp_-1_1_0	ENA|BAB17681|BAB17681.1	66.67	3	1	0	6	8	144	146	7.7	14.3
Seq8008_280_bp_-1_1_0	ENA|AAQ92751|AAQ92751.2	50.00	6	3	0	1	6	1204	1209	8.5	16.5
Seq8008_280_bp_-1_1_0	ENA|AAB66912|AAB66912.1	37.50	8	5	0	4	11	317	324	9.4	15.8
Seq8008_280_bp_-1_1_0	ENA|BAA32956|BAA32956.1	100.00	2	0	0	6	7	80	81	9.7	13.6
Seq8008_280_bp_-1_1_1	ENA|BAA32018|BAA32018.1	57.14	7	3	0	8	14	553	559	0.25	21.0
Seq8008_280_bp_-1_1_1	ENA|AAB96524|AAB96524.1	80.00	5	1	0	9	13	84	88	0.37	18.6
Seq8008_280_bp_-1_1_1	ENA|CAA28033|CAA28033.1	100.00	4	0	0	4	7	183	186	0.51	21.0
Seq8008_280_bp_-1_1_1	ENA|AAI27517|AAI27517.1	62.50	8	3	0	1	8	97	104	0.53	19.8
Seq8008_280_bp_-1_1_1	ENA|AAR37016|AAR37016.1	83.33	6	1	0	9	14	915	920	0.61	21.6
Seq8008_280_bp_-1_1_1	ENA|BAA32956|BAA32956.1	50.00	6	3	0	7	12	77	82	0.95	17.4
Seq8008_280_bp_-1_1_1	ENA|ABD33854|ABD33854.1	75.00	4	1	0	7	10	61	64	0.98	15.7
Seq8008_280_bp_-1_1_1	ENA|AAR31603|AAR31603.1	66.67	6	2	0	1	6	249	254	0.99	18.0
Seq8008_280_bp_-1_1_1	ENA|CAA26023|CAA26023.1	66.67	6	2	0	8	13	15	20	1.2	18.0
Seq8008_280_bp_-1_1_1	ENA|AAC08817|AAC08817.1	100.00	3	0	0	8	10	135	137	2.4	15.7
Seq8008_280_bp_-1_1_1	ENA|AAC97205|AAC97205.1	55.56	9	4	0	6	14	564	572	2.4	18.6
Seq8008_280_bp_-1_1_1	ENA|AAF79734|AAF79734.1	57.14	7	3	0	5	11	1408	1414	2.9	18.6
Seq8008_280_bp_-1_1_1	ENA|AAA24145|AAA24145.1	80.00	5	1	0	3	7	414	418	3.1	16.8
Seq8008_280_bp_-1_1_1	ENA|CAA24711|CAA24711.1	50.00	6	3	0	9	14	163	168	3.9	15.1
Seq8008_280_bp_-1_1_1	ENA|AAB26998|AAB26998.1	50.00	4	2	0	2	5	41	44	4	13.9
Seq8008_280_bp_-1_1_1	ENA|BAA05866|BAA05866.1	100.00	3	0	0	8	10	173	175	4.6	15.7
Seq8008_280_bp_-1_1_1	ENA|AAC49865|AAC49865.1	100.00	3	0	0	4	6	197	199	4.9	15.7
Seq8008_280_bp_-1_1_1	ENA|CAD53387|CAD53387.1	57.14	7	3	0	6	12	467	473	5	16.2
Seq8008_280_bp_-1_1_1	ENA|AAA36539|AAA36539.1	60.00	5	2	0	1	5	23	27	7	15.7
Seq8008_280_bp_-1_1_1	ENA|AAA25966|AAA25966.1	75.00	4	1	0	6	9	369	372	7	16.2
Seq8008_280_bp_-1_1_1	ENA|AAA32624|AAA32624.1	42.86	7	4	0	7	13	269	275	7.6	15.7
Seq8008_280_bp_-1_1_1	ENA|BAA32991|BAA32991.1	100.00	2	0	0	7	8	16	17	7.7	12.7
Seq8008_280_bp_-1_1_1	ENA|CAA26939|CAA26939.1	40.00	10	6	0	5	14	292	301	8.3	15.7
Seq8008_280_bp_-1_1_1	ENA|ACT10338|ACT10338.1	100.00	3	0	0	11	13	201	203	8.5	15.1
Seq8008_280_bp_-1_1_1	ENA|BAB79260|BAB79260.1	75.00	4	1	0	11	14	227	230	9.7	15.1
Seq8008_280_bp_-1_1_2	ENA|BAA32956|BAA32956.1	34.62	28	17	2	2	27	161	188	4.3	16.4
Seq8008_280_bp_-1_1_2	ENA|ACH70901|ACH70901.1	88.89	14	1	5	19	30	288	298	7.2	16.4
Seq8008_280_bp_-1_1_2	ENA|AAF79734|AAF79734.1	38.89	18	11	0	10	27	1310	1327	7.9	18.3
Seq8008_280_bp_-1_1_3	ENA|CAA24711|CAA24711.1	66.67	6	2	0	3	8	67	72	3.2	15.0
Seq8008_280_bp_-1_1_3	ENA|AAA42531|AAA42531.1	50.00	6	3	0	5	10	56	61	3.4	16.1
Seq8008_280_bp_-1_1_3	ENA|AAA24145|AAA24145.1	60.00	5	2	0	6	10	426	430	4	16.1
Seq8008_280_bp_-1_1_3	ENA|BAA32991|BAA32991.1	100.00	2	0	0	10	11	28	29	7.5	12.4
Seq8008_280_bp_-1_1_3	ENA|CAL82360|CAL82360.1	71.43	7	2	0	3	9	1037	1043	7.6	16.6
Seq8008_280_bp_-1_1_3	ENA|CAA36714|CAA36714.1	80.00	5	1	0	3	7	37	41	8.2	15.0
Seq8008_280_bp_-1_1_3	ENA|EDO47375|EDO47375.1	75.00	4	1	0	2	5	155	158	9.7	13.5
Seq8008_280_bp_-1_2_0	ENA|ABD49687|ABD49687.1	44.83	30	16	1	34	63	111	139	0.00035	34.1
Seq8008_280_bp_-1_2_0	ENA|AAR37016|AAR37016.1	42.11	44	22	6	8	49	973	1012	0.16	25.7
Seq8008_280_bp_-1_2_0	ENA|CAL82360|CAL82360.1	71.43	7	2	0	21	27	185	191	1.5	21.5
Seq8008_280_bp_-1_2_0	ENA|AAC08817|AAC08817.1	57.14	7	3	0	20	26	115	121	1.6	18.4
Seq8008_280_bp_-1_2_0	ENA|AAA18786|AAA18786.1	38.46	27	16	1	34	60	212	237	1.9	18.9
Seq8008_280_bp_-1_2_0	ENA|AAC26660|AAC26660.1	30.43	23	16	0	8	30	139	161	2.6	18.4
Seq8008_280_bp_-1_2_0	ENA|AAB26998|AAB26998.1	55.56	9	4	0	37	45	33	41	3.3	16.3
Seq8008_280_bp_-1_2_0	ENA|CAA24711|CAA24711.1	60.00	10	4	0	21	30	123	132	3.6	17.4
Seq8008_280_bp_-1_2_0	ENA|AAA32624|AAA32624.1	44.44	9	5	0	31	39	359	367	3.7	18.9
Seq8008_280_bp_-1_2_0	ENA|ABK71357|ABK71357.1	35.71	14	9	0	35	48	67	80	3.7	18.4
Seq8008_280_bp_-1_2_0	ENA|CAA26939|CAA26939.1	44.44	9	5	0	31	39	407	415	4	18.9
Seq8008_280_bp_-1_2_0	ENA|AAI27517|AAI27517.1	34.78	23	15	0	25	47	386	408	4.1	18.9
Seq8008_280_bp_-1_2_0	ENA|BAA32956|BAA32956.1	44.44	9	5	0	33	41	165	173	4.3	17.4
Seq8008_280_bp_-1_2_0	ENA|AAB03707|AAB03707.1	46.15	13	7	0	49	61	113	125	4.6	20.0
Seq8008_280_bp_-1_2_0	ENA|CAA26023|CAA26023.1	62.50	8	3	0	39	46	10	17	5.4	17.9
Seq8008_280_bp_-1_2_0	ENA|AAB66912|AAB66912.1	71.43	7	2	0	41	47	64	70	6.4	18.9
Seq8008_280_bp_-1_2_0	ENA|CAB75732|CAB75732.1	36.36	22	14	0	32	53	80	101	7.8	18.9
Seq8008_280_bp_-1_2_0	ENA|AAC97205|AAC97205.1	58.33	15	5	3	31	42	19	33	8.3	18.9
Seq8008_280_bp_-1_2_0	ENA|AAA24145|AAA24145.1	53.85	14	6	1	25	38	425	437	9	17.4
Seq8008_280_bp_-1_2_1	ENA|CCP43727|CCP43727.1	66.67	9	3	0	3	11	303	311	0.29	20.6
Seq8008_280_bp_-1_2_1	ENA|AAC26660|AAC26660.1	66.67	9	3	0	16	24	206	214	0.33	20.0
Seq8008_280_bp_-1_2_1	ENA|CAA36214|CAA36214.1	36.84	19	12	0	3	21	36	54	1.3	18.3
Seq8008_280_bp_-1_2_1	ENA|AAA72732|AAA72732.1	62.50	8	3	0	6	13	148	155	1.3	18.3
Seq8008_280_bp_-1_2_1	ENA|AAQ92751|AAQ92751.2	55.56	9	4	0	3	11	972	980	1.8	20.0
Seq8008_280_bp_-1_2_1	ENA|ABN10845|ABN10845.1	45.45	11	6	0	3	13	137	147	2.9	16.6
Seq8008_280_bp_-1_2_1	ENA|CAA28033|CAA28033.1	55.56	9	4	0	16	24	1173	1181	3.6	18.9
Seq8008_280_bp_-1_2_1	ENA|ACT10338|ACT10338.1	57.14	7	3	0	9	15	256	262	5.1	16.6
Seq8008_280_bp_-1_2_1	ENA|CAA43419|CAA43419.1	57.14	17	6	3	4	20	234	247	7	16.0
Seq8008_280_bp_-1_2_1	ENA|AAB26998|AAB26998.1	80.00	5	1	0	1	5	74	78	7.2	13.8
Seq8008_280_bp_-1_2_1	ENA|CAL82360|CAL82360.1	38.46	13	8	0	11	23	1177	1189	7.5	17.7
Seq8008_280_bp_-1_2_1	ENA|CAA45199|CAA45199.1	100.00	4	0	0	14	17	172	175	8.8	16.0
Seq8008_280_bp_-1_2_1	ENA|AAA32624|AAA32624.1	41.67	12	7	0	11	22	475	486	9.7	16.0
