Seq9056_834_bp_1_0_0	ENA|AAB03707|AAB03707.1	98.20	278	5	0	1	278	1001	1278	3.1e-74	268.6
Seq9056_834_bp_1_0_0	ENA|CAA45708|CAA45708.1	24.91	302	205	29	1	277	1129	1426	2.2e-09	53.3
Seq9056_834_bp_1_0_0	ENA|AAF79734|AAF79734.1	27.27	281	176	39	1	255	532	799	0.12	27.5
Seq9056_834_bp_1_0_0	ENA|AAQ92751|AAQ92751.2	24.80	286	185	40	2	277	68	323	0.82	24.7
Seq9056_834_bp_1_0_0	ENA|CAA11507|CAA11507.1	24.14	262	176	30	27	277	967	1209	0.98	24.4
Seq9056_834_bp_1_0_0	ENA|CAB75732|CAB75732.1	23.55	304	198	45	1	275	241	528	1.3	23.7
Seq9056_834_bp_1_0_0	ENA|AAC78721|AAC78721.1	22.73	217	153	19	1	209	470	675	2	22.3
Seq9056_834_bp_1_0_0	ENA|BAA32018|BAA32018.1	23.31	180	125	17	24	200	458	623	2.2	22.1
Seq9056_834_bp_1_0_0	ENA|AAA18786|AAA18786.1	24.44	210	136	30	74	276	68	254	2.5	20.7
Seq9056_834_bp_1_0_0	ENA|AAB66912|AAB66912.1	25.19	301	193	43	6	276	307	594	2.7	22.3
Seq9056_834_bp_1_0_0	ENA|CAL82360|CAL82360.1	21.49	267	190	25	31	278	693	953	2.8	22.7
Seq9056_834_bp_1_0_0	ENA|AAA36114|AAA36114.1	25.32	269	174	36	4	244	96	356	5	20.6
Seq9056_834_bp_1_0_0	ENA|AAC40132|AAC40132.1	19.43	235	170	24	47	264	177	404	5.2	20.4
Seq9056_834_bp_1_0_0	ENA|AAC08817|AAC08817.1	27.03	124	81	13	6	122	38	155	5.3	18.8
Seq9056_834_bp_1_0_0	ENA|ABG75784|ABG75784.1	24.29	215	134	38	14	204	59	259	5.4	19.7
Seq9056_834_bp_1_0_0	ENA|ABD49687|ABD49687.1	22.41	270	180	38	1	253	132	380	5.9	22.1
Seq9056_834_bp_1_0_0	ENA|CAA36714|CAA36714.1	23.11	304	193	53	15	272	48	344	6.7	20.0
Seq9056_834_bp_1_0_0	ENA|AAA32624|AAA32624.1	20.56	242	170	28	1	228	162	389	6.8	20.1
Seq9056_834_bp_1_0_0	ENA|AAA24145|AAA24145.1	23.48	269	176	39	19	264	160	412	7.9	19.7
Seq9056_834_bp_1_0_0	ENA|BAA05866|BAA05866.1	21.23	234	167	22	24	238	63	293	9.1	18.9
Seq9056_834_bp_1_0_0	ENA|AAC17860|AAC17860.1	18.07	252	195	14	32	274	66	312	9.2	19.3
Seq9056_834_bp_1_1_0	ENA|EDO47375|EDO47375.1	34.78	25	15	2	11	33	152	176	3.8	16.5
Seq9056_834_bp_1_1_1	ENA|ABD33854|ABD33854.1	29.03	33	22	2	2	32	28	60	4.1	14.8
Seq9056_834_bp_1_1_1	ENA|EDO47375|EDO47375.1	31.58	19	13	0	2	20	136	154	4.4	16.2
Seq9056_834_bp_1_1_1	ENA|BAA32991|BAA32991.1	33.33	12	8	0	13	24	58	69	9.6	13.5
Seq9056_834_bp_1_1_2	ENA|AAS77176|AAS77176.1	35.71	14	9	0	3	16	176	189	0.042	22.7
Seq9056_834_bp_1_1_2	ENA|AAF79734|AAF79734.1	42.86	14	8	0	3	16	460	473	0.067	24.3
Seq9056_834_bp_1_1_2	ENA|AAC78721|AAC78721.1	41.67	12	7	0	4	15	211	222	0.42	20.6
Seq9056_834_bp_1_1_2	ENA|BAA36759|BAA36759.1	25.00	16	12	0	2	17	11	26	0.76	18.5
Seq9056_834_bp_1_1_2	ENA|ABN10845|ABN10845.1	36.36	11	7	0	3	13	147	157	1	17.7
Seq9056_834_bp_1_1_2	ENA|CAA24711|CAA24711.1	40.00	10	6	0	8	17	140	149	1.1	17.2
Seq9056_834_bp_1_1_2	ENA|ABD33854|ABD33854.1	60.00	5	2	0	10	14	30	34	1.7	15.2
Seq9056_834_bp_1_1_2	ENA|CAA26023|CAA26023.1	75.00	10	2	2	2	11	302	309	1.8	17.7
Seq9056_834_bp_1_1_2	ENA|AAA24145|AAA24145.1	40.00	10	6	0	4	13	299	308	2.1	17.7
Seq9056_834_bp_1_1_2	ENA|AAB26998|AAB26998.1	66.67	6	2	0	3	8	3	8	2.7	14.7
Seq9056_834_bp_1_1_2	ENA|BAA32018|BAA32018.1	50.00	16	5	6	3	12	185	200	2.9	17.7
Seq9056_834_bp_1_1_2	ENA|AAA42531|AAA42531.1	38.46	13	8	0	4	16	266	278	3.2	16.8
Seq9056_834_bp_1_1_2	ENA|CAA45708|CAA45708.1	42.86	14	8	0	2	15	707	720	3.9	18.5
Seq9056_834_bp_1_1_2	ENA|CAA29956|CAA29956.1	46.15	14	7	1	2	14	335	348	4.1	16.4
Seq9056_834_bp_1_1_2	ENA|AAC97205|AAC97205.1	20.00	15	12	0	1	15	22	36	4.2	18.1
Seq9056_834_bp_1_1_2	ENA|BAA32991|BAA32991.1	42.86	7	4	0	7	13	8	14	4.2	13.9
Seq9056_834_bp_1_1_2	ENA|ABD49687|ABD49687.1	85.71	8	1	1	1	7	731	738	4.4	18.5
Seq9056_834_bp_1_1_2	ENA|AAR37016|AAR37016.1	42.86	14	8	0	3	16	1945	1958	4.5	18.9
Seq9056_834_bp_1_1_2	ENA|AAI27517|AAI27517.1	23.08	13	10	0	2	14	419	431	4.8	16.8
Seq9056_834_bp_1_1_2	ENA|BAB17681|BAB17681.1	26.67	15	11	0	3	17	145	159	5.2	15.6
Seq9056_834_bp_1_1_2	ENA|CAA73529|CAA73529.1	33.33	12	8	0	2	13	16	27	5.2	15.6
Seq9056_834_bp_1_1_2	ENA|AAA36114|AAA36114.1	50.00	6	3	0	2	7	295	300	5.5	16.4
Seq9056_834_bp_1_1_2	ENA|AAA72732|AAA72732.1	40.00	10	6	0	3	12	88	97	5.9	15.6
Seq9056_834_bp_1_1_2	ENA|AAC40132|AAC40132.1	28.57	14	10	0	4	17	62	75	6.7	16.0
Seq9056_834_bp_1_1_2	ENA|ACH70901|ACH70901.1	30.77	14	9	1	2	14	2	15	6.8	15.6
Seq9056_834_bp_1_1_2	ENA|AAQ92751|AAQ92751.2	42.86	15	8	1	3	16	1230	1244	8.1	17.2
Seq9056_834_bp_1_1_2	ENA|CCP43727|CCP43727.1	36.36	11	7	0	2	12	220	230	8.2	15.2
Seq9056_834_bp_1_1_2	ENA|BAA32956|BAA32956.1	28.57	14	10	0	2	15	185	198	9.2	14.3
Seq9056_834_bp_1_1_3	ENA|ABD33854|ABD33854.1	30.00	10	7	0	4	13	26	35	4.9	13.2
Seq9056_834_bp_1_1_3	ENA|CAA28033|CAA28033.1	54.55	11	5	0	1	11	1072	1082	5.1	17.5
Seq9056_834_bp_1_1_3	ENA|CAA73529|CAA73529.1	36.36	11	7	0	1	11	44	54	6.3	14.9
Seq9056_834_bp_1_1_3	ENA|ABG75784|ABG75784.1	62.50	8	3	0	3	10	198	205	9.4	14.5
Seq9056_834_bp_1_1_4	ENA|ABN10845|ABN10845.1	36.36	11	7	0	3	13	12	22	3	15.9
Seq9056_834_bp_1_1_4	ENA|AAA25966|AAA25966.1	55.56	9	4	0	7	15	91	99	5.4	16.7
Seq9056_834_bp_1_1_4	ENA|AAC78721|AAC78721.1	35.71	14	9	0	2	15	469	482	8.8	15.9
Seq9056_834_bp_1_1_5	ENA|ABK71357|ABK71357.1	39.47	44	23	6	1	40	38	79	1.1	19.6
Seq9056_834_bp_1_1_5	ENA|ABG75784|ABG75784.1	30.43	23	16	0	16	38	293	315	8.8	16.2
Seq9056_834_bp_1_1_6	ENA|AAR31603|AAR31603.1	47.62	24	11	3	5	27	36	57	2.4	17.6
Seq9056_834_bp_1_1_6	ENA|BAB79260|BAB79260.1	26.92	27	19	1	1	27	248	273	2.7	18.0
Seq9056_834_bp_1_1_6	ENA|ACT10338|ACT10338.1	33.33	23	14	2	1	23	333	353	2.9	17.6
Seq9056_834_bp_1_1_6	ENA|AAA72732|AAA72732.1	31.82	24	15	2	6	27	132	155	4.6	16.6
Seq9056_834_bp_1_1_6	ENA|CAA24711|CAA24711.1	28.57	22	15	1	1	22	120	140	5.1	15.6
Seq9056_834_bp_1_1_6	ENA|AAA24145|AAA24145.1	25.93	27	20	0	1	27	176	202	5.3	17.0
Seq9056_834_bp_1_1_6	ENA|AAC97205|AAC97205.1	28.57	21	15	0	1	21	41	61	5.6	18.3
Seq9056_834_bp_1_1_6	ENA|AAS77176|AAS77176.1	26.92	27	19	1	1	27	220	245	6.6	16.0
Seq9056_834_bp_1_1_6	ENA|AAR37016|AAR37016.1	33.33	21	14	0	4	24	1526	1546	8.3	18.6
Seq9056_834_bp_1_1_6	ENA|EDO47375|EDO47375.1	34.78	28	15	5	3	26	49	75	8.6	14.9
Seq9056_834_bp_1_1_6	ENA|AAC17860|AAC17860.1	34.78	26	15	3	3	25	35	60	9.2	16.0
Seq9056_834_bp_1_1_7	ENA|ABK71357|ABK71357.1	41.67	12	7	0	4	15	11	22	0.51	19.3
Seq9056_834_bp_1_1_7	ENA|CAA28033|CAA28033.1	42.86	14	8	0	2	15	913	926	1	20.0
Seq9056_834_bp_1_1_7	ENA|BAB17681|BAB17681.1	50.00	8	4	0	1	8	153	160	1.1	17.7
Seq9056_834_bp_1_1_7	ENA|AAR37016|AAR37016.1	58.33	14	5	2	1	12	2235	2248	4.1	18.9
Seq9056_834_bp_1_1_7	ENA|CAL82360|CAL82360.1	36.36	11	7	0	3	13	378	388	4.9	17.7
Seq9056_834_bp_1_1_7	ENA|ACH70901|ACH70901.1	45.45	11	6	0	2	12	69	79	5.2	15.8
Seq9056_834_bp_1_1_7	ENA|ACT10338|ACT10338.1	50.00	8	4	0	4	11	250	257	5.6	15.8
Seq9056_834_bp_1_1_7	ENA|AAA36114|AAA36114.1	38.46	14	8	1	2	14	493	506	5.6	16.2
Seq9056_834_bp_1_1_7	ENA|CAA26939|CAA26939.1	44.44	9	5	0	3	11	309	317	6.3	16.2
Seq9056_834_bp_1_1_7	ENA|ABD49687|ABD49687.1	35.71	14	9	0	2	15	144	157	8.3	17.3
Seq9056_834_bp_1_1_8	ENA|AAA24145|AAA24145.1	41.18	17	10	0	3	19	310	326	2.2	18.0
Seq9056_834_bp_1_1_8	ENA|CAA24711|CAA24711.1	46.15	14	7	1	4	17	16	28	4	15.7
Seq9056_834_bp_1_1_8	ENA|AAC78721|AAC78721.1	28.57	23	15	2	3	23	466	488	5	17.4
Seq9056_834_bp_1_1_8	ENA|AAR31603|AAR31603.1	71.43	7	2	0	2	8	103	109	6	16.1
Seq9056_834_bp_1_1_8	ENA|AAS77176|AAS77176.1	31.58	19	13	0	3	21	88	106	6.6	15.7
Seq9056_834_bp_1_1_8	ENA|AAC97205|AAC97205.1	31.58	19	13	0	1	19	644	662	8.9	17.4
Seq9056_834_bp_1_1_9	ENA|ABN10845|ABN10845.1	53.85	15	6	2	2	14	18	32	0.064	21.4
Seq9056_834_bp_1_1_9	ENA|CAA73529|CAA73529.1	30.77	13	9	0	1	13	207	219	0.27	19.7
Seq9056_834_bp_1_1_9	ENA|AAC49865|AAC49865.1	50.00	8	4	0	2	9	121	128	0.32	19.7
Seq9056_834_bp_1_1_9	ENA|CAA26023|CAA26023.1	40.00	11	6	1	2	12	163	172	1.2	17.9
Seq9056_834_bp_1_1_9	ENA|AAR37016|AAR37016.1	36.36	11	7	0	1	11	1122	1132	1.7	20.1
Seq9056_834_bp_1_1_9	ENA|AAB03707|AAB03707.1	66.67	6	2	0	1	6	675	680	2.4	18.8
Seq9056_834_bp_1_1_9	ENA|CAA26939|CAA26939.1	60.00	5	2	0	3	7	27	31	2.4	17.5
Seq9056_834_bp_1_1_9	ENA|CAA29956|CAA29956.1	50.00	13	6	1	1	13	103	114	2.8	16.7
Seq9056_834_bp_1_1_9	ENA|CAA28033|CAA28033.1	36.36	11	7	0	2	12	1288	1298	3	18.4
Seq9056_834_bp_1_1_9	ENA|AAR31603|AAR31603.1	37.50	8	5	0	3	10	143	150	3.3	16.2
Seq9056_834_bp_1_1_9	ENA|BAB79260|BAB79260.1	75.00	4	1	0	2	5	174	177	3.4	16.7
Seq9056_834_bp_1_1_9	ENA|AAA24145|AAA24145.1	50.00	6	3	0	1	6	96	101	3.5	16.7
Seq9056_834_bp_1_1_9	ENA|AAA25966|AAA25966.1	75.00	4	1	0	2	5	4	7	5.4	16.7
Seq9056_834_bp_1_1_9	ENA|BAA05866|BAA05866.1	50.00	10	5	0	1	10	30	39	5.5	15.4
Seq9056_834_bp_1_1_9	ENA|CAA11507|CAA11507.1	45.45	12	6	1	2	13	291	301	5.6	17.5
Seq9056_834_bp_1_1_9	ENA|AAC26660|AAC26660.1	66.67	6	2	0	7	12	11	16	6.2	14.9
Seq9056_834_bp_1_1_9	ENA|CAA36214|CAA36214.1	22.22	9	7	0	1	9	279	287	7.3	14.9
Seq9056_834_bp_1_1_9	ENA|BAB17681|BAB17681.1	42.86	15	8	1	1	14	241	255	8.7	14.5
Seq9056_834_bp_1_1_9	ENA|AAC97205|AAC97205.1	36.36	12	7	1	3	13	260	271	8.8	16.7
Seq9056_834_bp_1_1_9	ENA|ABD33854|ABD33854.1	25.00	8	6	0	5	12	7	14	8.9	12.4
Seq9056_834_bp_1_1_9	ENA|AAA42531|AAA42531.1	60.00	5	2	0	3	7	125	129	9.1	14.9
Seq9056_834_bp_1_1_9	ENA|AAS77176|AAS77176.1	42.86	7	4	0	1	7	154	160	9.1	14.5
Seq9056_834_bp_1_1_9	ENA|AAA72732|AAA72732.1	50.00	9	4	1	2	9	224	232	9.8	14.5
Seq9056_834_bp_1_2_0	ENA|AAA32624|AAA32624.1	63.64	11	4	0	2	12	368	378	0.93	18.8
Seq9056_834_bp_1_2_0	ENA|AAR31603|AAR31603.1	50.00	12	6	0	3	14	291	302	4.7	15.7
Seq9056_834_bp_1_2_0	ENA|AAC78721|AAC78721.1	45.45	11	6	0	4	14	528	538	4.8	16.7
Seq9056_834_bp_1_2_0	ENA|BAB17681|BAB17681.1	40.00	10	6	0	3	12	49	58	7.8	14.7
Seq9056_834_bp_1_2_0	ENA|AAC97205|AAC97205.1	60.00	10	4	0	1	10	149	158	8.5	16.7
Seq9056_834_bp_1_2_0	ENA|AAA72732|AAA72732.1	35.71	14	9	0	1	14	124	137	8.8	14.7
Seq9056_834_bp_1_2_0	ENA|AAC08817|AAC08817.1	40.00	10	6	0	3	12	58	67	9	13.7
Seq9056_834_bp_1_2_1	ENA|AAC78721|AAC78721.1	45.45	11	6	0	2	12	360	370	1.9	17.9
Seq9056_834_bp_1_2_1	ENA|BAA32956|BAA32956.1	57.14	7	3	0	5	11	193	199	3.6	15.3
Seq9056_834_bp_1_2_1	ENA|AAF79734|AAF79734.1	57.14	7	3	0	1	7	380	386	4.1	17.9
Seq9056_834_bp_1_2_1	ENA|AAA42531|AAA42531.1	50.00	8	4	0	1	8	12	19	6.4	15.3
Seq9056_834_bp_1_2_1	ENA|AAC49865|AAC49865.1	50.00	8	4	0	1	8	50	57	7.3	14.8
Seq9056_834_bp_1_2_1	ENA|CAA45199|CAA45199.1	40.00	10	6	0	1	10	208	217	7.7	15.3
Seq9056_834_bp_1_2_1	ENA|ABK71357|ABK71357.1	50.00	8	4	0	4	11	239	246	8.1	14.8
Seq9056_834_bp_1_2_1	ENA|AAC97205|AAC97205.1	44.44	9	5	0	4	12	358	366	8.2	16.6
Seq9056_834_bp_1_2_1	ENA|ABG75784|ABG75784.1	55.56	9	4	0	4	12	126	134	9.1	14.4
Seq9056_834_bp_1_2_2	ENA|CAA24711|CAA24711.1	62.50	8	3	0	2	9	24	31	5.6	14.5
Seq9056_834_bp_1_2_2	ENA|AAC17860|AAC17860.1	54.55	11	5	0	2	12	207	217	6.8	15.5
Seq9056_834_bp_1_2_2	ENA|CAB75732|CAB75732.1	45.45	11	6	0	3	13	6	16	9.8	16.4
Seq9056_834_bp_1_2_3	ENA|CAD53387|CAD53387.1	40.00	10	6	0	1	10	41	50	0.34	19.7
Seq9056_834_bp_1_2_3	ENA|CAD53387|CAD53387.1	40.00	10	6	0	1	10	107	116	0.34	19.7
Seq9056_834_bp_1_2_3	ENA|CAD53387|CAD53387.1	40.00	10	6	0	1	10	173	182	0.34	19.7
Seq9056_834_bp_1_2_3	ENA|CAD53387|CAD53387.1	40.00	10	6	0	1	10	239	248	0.34	19.7
Seq9056_834_bp_1_2_3	ENA|CAD53387|CAD53387.1	40.00	10	6	0	1	10	305	314	0.34	19.7
Seq9056_834_bp_1_2_3	ENA|CAD53387|CAD53387.1	40.00	10	6	0	1	10	371	380	0.34	19.7
Seq9056_834_bp_1_2_3	ENA|CAD53387|CAD53387.1	40.00	10	6	0	1	10	437	446	0.34	19.7
Seq9056_834_bp_1_2_3	ENA|CAD53387|CAD53387.1	55.56	9	4	0	1	9	460	468	0.62	18.8
Seq9056_834_bp_1_2_3	ENA|BAA32956|BAA32956.1	40.00	10	6	0	1	10	198	207	1.2	16.6
Seq9056_834_bp_1_2_3	ENA|AAR31603|AAR31603.1	50.00	8	4	0	3	10	157	164	2.5	16.2
Seq9056_834_bp_1_2_3	ENA|BAA32018|BAA32018.1	30.00	10	7	0	1	10	315	324	3.4	16.6
Seq9056_834_bp_1_2_3	ENA|AAB26998|AAB26998.1	75.00	4	1	0	3	6	30	33	3.6	13.6
Seq9056_834_bp_1_2_3	ENA|AAI27517|AAI27517.1	44.44	9	5	0	1	9	526	534	4.3	16.2
Seq9056_834_bp_1_2_3	ENA|AAA32624|AAA32624.1	50.00	8	4	0	1	8	254	261	6.9	15.3
Seq9056_834_bp_1_2_3	ENA|AAF79734|AAF79734.1	57.14	7	3	0	2	8	28	34	7.6	16.6
Seq9056_834_bp_1_2_3	ENA|BAA05866|BAA05866.1	100.00	4	0	0	4	7	136	139	9.8	14.0
Seq9056_834_bp_1_2_4	ENA|AAR37016|AAR37016.1	39.29	28	17	0	1	28	725	752	0.15	24.7
Seq9056_834_bp_1_2_4	ENA|BAA32956|BAA32956.1	28.00	25	18	0	3	27	176	200	0.7	19.0
Seq9056_834_bp_1_2_4	ENA|AAA36114|AAA36114.1	32.14	29	19	1	1	29	246	273	1.7	19.0
Seq9056_834_bp_1_2_4	ENA|AAC08817|AAC08817.1	31.03	31	20	2	2	30	55	85	3.4	16.3
Seq9056_834_bp_1_2_4	ENA|AAC17860|AAC17860.1	45.83	26	13	2	7	30	144	169	3.8	17.5
Seq9056_834_bp_1_2_4	ENA|BAA32018|BAA32018.1	39.13	25	14	2	6	29	345	368	3.8	18.1
Seq9056_834_bp_1_2_4	ENA|AAF79734|AAF79734.1	38.10	21	13	0	2	22	29	49	5.7	18.7
Seq9056_834_bp_1_2_4	ENA|CAA45708|CAA45708.1	53.85	30	12	4	3	28	1301	1330	6	18.7
Seq9056_834_bp_1_2_4	ENA|AAS77176|AAS77176.1	29.63	29	19	2	2	30	80	106	6	16.3
Seq9056_834_bp_1_2_5	ENA|BAA32991|BAA32991.1	33.33	9	6	0	1	9	23	31	0.66	15.8
Seq9056_834_bp_1_2_7	ENA|BAA32956|BAA32956.1	37.50	16	10	0	1	16	77	92	0.91	18.1
Seq9056_834_bp_1_2_7	ENA|AAF79734|AAF79734.1	42.11	23	11	4	1	19	803	825	0.99	20.7
Seq9056_834_bp_1_2_7	ENA|AAA72732|AAA72732.1	53.33	16	7	1	5	19	214	229	1.1	18.4
Seq9056_834_bp_1_2_7	ENA|AAB26998|AAB26998.1	29.41	17	12	0	3	19	35	51	1.7	15.7
Seq9056_834_bp_1_2_7	ENA|AAC40132|AAC40132.1	29.41	17	12	0	4	20	411	427	3.1	17.5
Seq9056_834_bp_1_2_7	ENA|AAI27517|AAI27517.1	38.89	23	11	5	4	21	432	454	9.9	16.0
Seq9056_834_bp_1_2_8	ENA|BAA32991|BAA32991.1	31.25	18	11	2	8	23	12	29	3	15.3
Seq9056_834_bp_1_2_8	ENA|AAB26998|AAB26998.1	44.44	20	10	2	8	25	56	75	3.4	15.3
Seq9056_834_bp_1_2_8	ENA|CAA45199|CAA45199.1	31.82	22	15	0	5	26	174	195	4.5	17.5
Seq9056_834_bp_1_2_8	ENA|AAC49865|AAC49865.1	29.17	30	17	6	2	25	9	38	5.5	16.7
Seq9056_834_bp_1_2_8	ENA|BAB17681|BAB17681.1	27.27	22	16	0	11	32	176	197	7.8	15.9
Seq9056_834_bp_1_2_8	ENA|AAA32624|AAA32624.1	32.00	26	17	1	5	30	498	522	8.5	16.7
Seq9056_834_bp_1_2_9	ENA|AAA72732|AAA72732.1	29.17	24	17	0	10	33	276	299	0.23	21.3
Seq9056_834_bp_1_2_9	ENA|AAF79734|AAF79734.1	36.00	25	16	0	8	32	745	769	0.49	22.5
Seq9056_834_bp_1_2_9	ENA|AAC17860|AAC17860.1	46.43	38	15	10	2	29	283	320	1.9	18.7
Seq9056_834_bp_1_2_9	ENA|AAC97205|AAC97205.1	47.06	20	9	3	4	23	567	583	3.7	19.3
Seq9056_834_bp_1_2_9	ENA|ABD33854|ABD33854.1	60.00	5	2	0	13	17	43	47	4.7	14.6
Seq9056_834_bp_1_2_9	ENA|AAB66912|AAB66912.1	32.26	33	21	2	1	31	738	770	8.8	17.5
Seq9056_834_bp_1_2_9	ENA|AAA32624|AAA32624.1	34.38	35	21	3	1	34	88	120	9	16.7
Seq9056_834_bp_1_2_9	ENA|ACH70901|ACH70901.1	28.57	31	20	3	5	32	50	80	9.3	16.1
Seq9056_834_bp_1_2_9	ENA|CAA45708|CAA45708.1	54.55	11	5	0	4	14	616	626	9.6	18.1
Seq9056_834_bp_-1_0_0	ENA|AAB66912|AAB66912.1	30.77	13	9	0	1	13	680	692	2.9	18.0
Seq9056_834_bp_-1_0_0	ENA|EDO47375|EDO47375.1	55.56	9	4	0	7	15	77	85	3.1	15.7
Seq9056_834_bp_-1_0_0	ENA|CAA36714|CAA36714.1	45.45	11	6	0	5	15	30	40	4.3	16.4
Seq9056_834_bp_-1_0_0	ENA|CAB75732|CAB75732.1	41.67	12	7	0	4	15	256	267	4.7	17.6
Seq9056_834_bp_-1_0_0	ENA|CAL82360|CAL82360.1	60.00	10	4	0	5	14	1026	1035	6.7	17.2
Seq9056_834_bp_-1_0_0	ENA|AAC49865|AAC49865.1	50.00	13	6	1	4	15	300	312	6.8	15.3
Seq9056_834_bp_-1_0_0	ENA|CCP43727|CCP43727.1	38.46	13	8	0	3	15	103	115	6.8	15.3
Seq9056_834_bp_-1_0_0	ENA|ABD33854|ABD33854.1	40.00	10	6	0	2	11	20	29	6.8	12.9
Seq9056_834_bp_-1_0_0	ENA|CAA28033|CAA28033.1	33.33	15	10	0	1	15	511	525	6.8	17.2
Seq9056_834_bp_-1_0_1	ENA|AAF79734|AAF79734.1	43.48	24	13	1	6	28	5	28	0.13	24.5
Seq9056_834_bp_-1_0_1	ENA|AAA72732|AAA72732.1	34.21	40	25	2	1	39	101	139	1.2	19.2
Seq9056_834_bp_-1_0_1	ENA|CAA26939|CAA26939.1	32.35	38	23	4	4	39	111	146	3.1	18.6
Seq9056_834_bp_-1_0_1	ENA|AAA18786|AAA18786.1	36.11	40	23	4	2	39	148	185	3.2	17.5
Seq9056_834_bp_-1_0_1	ENA|CAA29968|CAA29968.1	24.14	29	22	0	11	39	103	131	4.2	16.6
Seq9056_834_bp_-1_0_1	ENA|ABN10845|ABN10845.1	25.93	30	20	3	1	30	133	159	5.6	16.3
Seq9056_834_bp_-1_0_1	ENA|AAR31603|AAR31603.1	38.46	31	16	5	8	37	144	170	5.7	16.9
Seq9056_834_bp_-1_0_1	ENA|BAB79260|BAB79260.1	32.26	33	21	2	1	33	124	154	6.4	17.2
Seq9056_834_bp_-1_0_1	ENA|AAA42531|AAA42531.1	29.03	32	22	1	4	35	235	265	6.6	16.9
Seq9056_834_bp_-1_0_1	ENA|AAR37016|AAR37016.1	26.67	30	22	0	6	35	2027	2056	6.9	19.5
Seq9056_834_bp_-1_0_1	ENA|CAA36214|CAA36214.1	18.75	34	26	2	6	39	47	78	7.6	16.3
Seq9056_834_bp_-1_0_1	ENA|BAB17681|BAB17681.1	10.81	37	33	0	3	39	88	124	8.3	16.1
Seq9056_834_bp_-1_0_1	ENA|CAA45708|CAA45708.1	33.33	18	12	0	13	30	521	538	9.5	18.3
Seq9056_834_bp_-1_0_2	ENA|BAA05866|BAA05866.1	54.55	11	5	0	3	13	207	217	0.028	23.0
Seq9056_834_bp_-1_0_2	ENA|BAA32018|BAA32018.1	50.00	10	5	0	3	12	374	383	0.11	22.0
Seq9056_834_bp_-1_0_2	ENA|AAB66912|AAB66912.1	54.55	11	5	0	1	11	881	891	0.22	21.6
Seq9056_834_bp_-1_0_2	ENA|AAB96524|AAB96524.1	23.08	13	10	0	1	13	111	123	1.1	16.9
Seq9056_834_bp_-1_0_2	ENA|CAA26023|CAA26023.1	100.00	3	0	0	10	12	223	225	1.6	17.4
Seq9056_834_bp_-1_0_2	ENA|CAD53387|CAD53387.1	53.85	15	6	2	1	13	18	32	2.1	17.4
Seq9056_834_bp_-1_0_2	ENA|AAR37016|AAR37016.1	45.45	11	6	0	1	11	1223	1233	2.7	19.3
Seq9056_834_bp_-1_0_2	ENA|ACH70901|ACH70901.1	36.36	11	7	0	1	11	187	197	2.9	16.5
Seq9056_834_bp_-1_0_2	ENA|CAA45708|CAA45708.1	66.67	6	2	0	8	13	1220	1225	3.3	18.3
Seq9056_834_bp_-1_0_2	ENA|AAC49865|AAC49865.1	44.44	9	5	0	2	10	111	119	3.6	16.0
Seq9056_834_bp_-1_0_2	ENA|AAC97205|AAC97205.1	45.45	11	6	0	3	13	458	468	3.7	17.9
Seq9056_834_bp_-1_0_2	ENA|CAA28033|CAA28033.1	45.45	11	6	0	1	11	914	924	3.9	17.9
Seq9056_834_bp_-1_0_2	ENA|CAA43419|CAA43419.1	42.86	7	4	0	5	11	224	230	4	16.0
Seq9056_834_bp_-1_0_2	ENA|AAA36114|AAA36114.1	27.27	11	8	0	1	11	127	137	4	16.5
Seq9056_834_bp_-1_0_2	ENA|ACT10338|ACT10338.1	50.00	6	3	0	6	11	327	332	4.2	16.0
Seq9056_834_bp_-1_0_2	ENA|AAA72732|AAA72732.1	62.50	9	3	1	4	12	260	267	4.6	15.6
Seq9056_834_bp_-1_0_2	ENA|AAA36539|AAA36539.1	42.86	7	4	0	5	11	201	207	5.1	16.0
Seq9056_834_bp_-1_0_2	ENA|ABK71357|ABK71357.1	36.36	11	7	0	2	12	97	107	5.5	15.6
Seq9056_834_bp_-1_0_2	ENA|BAB17681|BAB17681.1	40.00	10	6	0	4	13	255	264	5.6	15.1
Seq9056_834_bp_-1_0_2	ENA|CAA11507|CAA11507.1	25.00	12	9	0	1	12	115	126	5.6	17.4
Seq9056_834_bp_-1_0_2	ENA|AAA42531|AAA42531.1	44.44	9	5	0	2	10	290	298	5.7	15.6
Seq9056_834_bp_-1_0_2	ENA|AAF79734|AAF79734.1	30.77	14	9	1	1	13	1403	1416	5.9	17.4
Seq9056_834_bp_-1_0_2	ENA|BAB79260|BAB79260.1	30.77	16	9	3	1	13	68	83	6.6	15.6
Seq9056_834_bp_-1_0_2	ENA|AAC78721|AAC78721.1	50.00	8	4	0	1	8	164	171	7.1	16.0
Seq9056_834_bp_-1_0_2	ENA|AAB26998|AAB26998.1	37.50	8	5	0	3	10	30	37	7.8	12.8
Seq9056_834_bp_-1_0_2	ENA|CAA36214|CAA36214.1	50.00	8	4	0	3	10	33	40	8.3	14.6
Seq9056_834_bp_-1_0_2	ENA|CAB75732|CAB75732.1	23.08	13	10	0	1	13	1118	1130	8.7	16.5
Seq9056_834_bp_-1_0_2	ENA|CAA24711|CAA24711.1	20.00	10	8	0	1	10	110	119	8.9	13.7
Seq9056_834_bp_-1_0_2	ENA|AAA24145|AAA24145.1	80.00	5	1	0	1	5	439	443	9.1	15.1
Seq9056_834_bp_-1_0_2	ENA|AAC26660|AAC26660.1	41.67	12	7	0	1	12	8	19	9.5	14.2
Seq9056_834_bp_-1_0_3	ENA|AAS77176|AAS77176.1	41.67	13	7	1	1	12	115	127	0.39	19.1
Seq9056_834_bp_-1_0_3	ENA|AAB96524|AAB96524.1	54.55	11	5	0	3	13	90	100	1.7	16.3
Seq9056_834_bp_-1_0_3	ENA|CAL82360|CAL82360.1	36.36	11	7	0	2	12	105	115	6.6	17.1
Seq9056_834_bp_-1_0_3	ENA|AAR37016|AAR37016.1	33.33	14	8	2	1	12	1398	1411	6.9	17.9
Seq9056_834_bp_-1_0_3	ENA|ABD33854|ABD33854.1	37.50	8	5	0	2	9	4	11	9	12.2
Seq9056_834_bp_-1_0_3	ENA|CAA43419|CAA43419.1	45.45	11	6	0	1	11	244	254	9.7	14.7
Seq9056_834_bp_-1_0_4	ENA|AAC40132|AAC40132.1	50.00	8	4	0	2	9	430	437	0.58	19.2
Seq9056_834_bp_-1_0_4	ENA|CAA29968|CAA29968.1	40.00	10	6	0	3	12	103	112	1.9	16.2
Seq9056_834_bp_-1_0_4	ENA|CAA36214|CAA36214.1	66.67	6	2	0	7	12	47	52	2.3	16.5
Seq9056_834_bp_-1_0_4	ENA|BAA32991|BAA32991.1	28.57	7	5	0	5	11	14	20	7.1	12.7
Seq9056_834_bp_-1_0_4	ENA|ABD33854|ABD33854.1	50.00	4	2	0	5	8	59	62	8.5	12.3
Seq9056_834_bp_-1_0_4	ENA|ACH70901|ACH70901.1	66.67	6	2	0	2	7	163	168	9.7	14.6
Seq9056_834_bp_-1_0_5	ENA|CAA26023|CAA26023.1	42.86	21	12	0	11	31	66	86	0.5	20.6
Seq9056_834_bp_-1_0_5	ENA|EDO47375|EDO47375.1	29.17	26	17	2	12	35	163	188	2.4	17.3
Seq9056_834_bp_-1_0_5	ENA|BAA32956|BAA32956.1	61.54	17	5	4	17	30	9	24	3.2	17.0
Seq9056_834_bp_-1_0_5	ENA|AAI27517|AAI27517.1	71.43	7	2	0	23	29	306	312	4.3	18.0
Seq9056_834_bp_-1_0_5	ENA|BAA32991|BAA32991.1	44.44	10	5	1	23	31	16	25	5.8	14.5
Seq9056_834_bp_-1_0_5	ENA|AAB03707|AAB03707.1	57.89	20	8	1	17	35	568	587	8.2	18.3
Seq9056_834_bp_-1_0_6	ENA|AAB26998|AAB26998.1	60.00	10	4	0	4	13	65	74	1.1	15.7
Seq9056_834_bp_-1_0_6	ENA|AAA24145|AAA24145.1	50.00	6	3	0	7	12	413	418	2.2	17.2
Seq9056_834_bp_-1_0_6	ENA|BAA32991|BAA32991.1	40.00	10	6	0	3	12	51	60	3.3	13.9
Seq9056_834_bp_-1_0_6	ENA|AAQ92751|AAQ92751.2	66.67	9	3	0	3	11	770	778	7.8	16.9
Seq9056_834_bp_-1_0_6	ENA|ABD33854|ABD33854.1	66.67	3	1	0	11	13	47	49	8.4	12.3
Seq9056_834_bp_-1_0_7	ENA|CAA26023|CAA26023.1	60.00	10	4	0	8	17	140	149	0.34	20.2
Seq9056_834_bp_-1_0_7	ENA|AAR37016|AAR37016.1	37.50	16	10	0	1	16	2032	2047	0.44	22.4
Seq9056_834_bp_-1_0_7	ENA|ABN10845|ABN10845.1	33.33	12	8	0	6	17	45	56	1.9	16.8
Seq9056_834_bp_-1_0_7	ENA|BAB79260|BAB79260.1	45.45	11	6	0	8	18	383	393	3.1	17.2
Seq9056_834_bp_-1_0_7	ENA|AAA42531|AAA42531.1	42.86	14	8	0	3	16	148	161	3.4	16.8
Seq9056_834_bp_-1_0_7	ENA|ABD33854|ABD33854.1	27.27	11	8	0	8	18	6	16	3.4	14.2
Seq9056_834_bp_-1_0_7	ENA|AAA36114|AAA36114.1	47.06	19	9	2	1	17	18	36	5.7	16.4
Seq9056_834_bp_-1_0_7	ENA|AAA72732|AAA72732.1	23.08	13	10	0	5	17	2	14	5.8	15.7
Seq9056_834_bp_-1_0_7	ENA|AAA18786|AAA18786.1	50.00	8	4	0	3	10	124	131	6.4	15.3
Seq9056_834_bp_-1_0_7	ENA|AAA24145|AAA24145.1	57.14	17	6	3	2	15	340	356	6.6	16.1
Seq9056_834_bp_-1_0_7	ENA|AAB96524|AAB96524.1	44.44	9	5	0	9	17	92	100	7.4	14.6
Seq9056_834_bp_-1_0_7	ENA|BAA32018|BAA32018.1	30.77	13	9	0	1	13	98	110	8.7	16.1
Seq9056_834_bp_-1_0_7	ENA|EDO47375|EDO47375.1	30.77	13	9	0	1	13	108	120	9.5	14.2
Seq9056_834_bp_-1_0_8	ENA|CAA36214|CAA36214.1	46.15	14	7	1	3	15	275	288	0.21	20.4
Seq9056_834_bp_-1_0_8	ENA|AAA42531|AAA42531.1	30.00	10	7	0	8	17	125	134	4.9	16.2
Seq9056_834_bp_-1_0_8	ENA|CAA73529|CAA73529.1	62.50	9	3	1	7	15	208	215	5.6	15.5
Seq9056_834_bp_-1_0_8	ENA|AAC40132|AAC40132.1	42.86	17	8	3	2	15	65	81	5.9	16.2
Seq9056_834_bp_-1_0_8	ENA|AAF79734|AAF79734.1	41.67	12	7	0	6	17	797	808	6.7	17.6
Seq9056_834_bp_-1_0_8	ENA|CAA43419|CAA43419.1	33.33	12	8	0	4	15	289	300	7.3	15.5
Seq9056_834_bp_-1_0_8	ENA|CAA28033|CAA28033.1	54.55	12	5	1	3	14	1113	1123	7.6	17.2
Seq9056_834_bp_-1_0_8	ENA|BAA32991|BAA32991.1	41.67	14	7	2	2	15	22	33	9.5	12.7
Seq9056_834_bp_-1_0_9	ENA|ABD33854|ABD33854.1	28.57	14	10	0	1	14	48	61	1	15.8
Seq9056_834_bp_-1_0_9	ENA|AAQ92751|AAQ92751.2	50.00	15	7	1	2	16	1297	1310	4.7	18.0
Seq9056_834_bp_-1_0_9	ENA|AAA42531|AAA42531.1	80.00	5	1	0	12	16	197	201	9.2	15.1
Seq9056_834_bp_-1_0_9	ENA|BAA32956|BAA32956.1	38.46	15	8	2	3	15	64	78	9.7	14.2
Seq9056_834_bp_-1_0_12	ENA|AAB66912|AAB66912.1	41.67	12	7	0	2	13	641	652	1.3	19.2
Seq9056_834_bp_-1_0_12	ENA|BAA32991|BAA32991.1	50.00	15	5	5	1	10	10	24	5.8	13.2
Seq9056_834_bp_-1_0_12	ENA|BAA32956|BAA32956.1	50.00	10	4	2	3	10	130	139	9	14.2
Seq9056_834_bp_-1_1_0	ENA|AAF79734|AAF79734.1	45.00	22	11	2	1	20	178	199	1.5	20.5
Seq9056_834_bp_-1_1_0	ENA|ABD33854|ABD33854.1	42.86	7	4	0	21	27	51	57	1.8	15.7
Seq9056_834_bp_-1_1_0	ENA|AAC97205|AAC97205.1	38.46	13	8	0	14	26	581	593	2	19.9
Seq9056_834_bp_-1_1_0	ENA|AAA42531|AAA42531.1	31.58	19	13	0	5	23	147	165	2.3	18.0
Seq9056_834_bp_-1_1_0	ENA|ABK71357|ABK71357.1	21.74	23	18	0	4	26	281	303	2.7	17.6
Seq9056_834_bp_-1_1_0	ENA|AAS77176|AAS77176.1	35.00	20	13	0	1	20	104	123	4.1	16.7
Seq9056_834_bp_-1_1_0	ENA|CAA11507|CAA11507.1	57.14	16	6	2	1	16	31	44	5.1	18.6
Seq9056_834_bp_-1_1_0	ENA|CAA26939|CAA26939.1	44.00	32	14	7	1	26	291	321	5.1	17.3
Seq9056_834_bp_-1_1_0	ENA|AAC08817|AAC08817.1	66.67	11	3	2	15	23	86	96	5.3	15.4
Seq9056_834_bp_-1_1_0	ENA|AAI27517|AAI27517.1	39.13	27	14	4	3	27	396	420	6.5	17.0
Seq9056_834_bp_-1_1_0	ENA|AAA36539|AAA36539.1	38.10	25	13	4	2	26	293	313	6.5	16.7
Seq9056_834_bp_-1_1_0	ENA|AAB26998|AAB26998.1	41.67	12	7	0	15	26	19	30	7.7	13.8
Seq9056_834_bp_-1_1_0	ENA|CAA43419|CAA43419.1	42.86	22	12	1	4	24	31	52	7.7	16.1
Seq9056_834_bp_-1_1_0	ENA|BAA32956|BAA32956.1	38.89	22	11	4	6	27	63	80	8.5	15.1
Seq9056_834_bp_-1_1_1	ENA|AAB66912|AAB66912.1	36.36	11	7	0	2	12	235	245	0.046	23.8
Seq9056_834_bp_-1_1_1	ENA|AAI27517|AAI27517.1	60.00	5	2	0	1	5	511	515	0.13	21.6
Seq9056_834_bp_-1_1_1	ENA|AAA25966|AAA25966.1	44.44	9	5	0	2	10	347	355	0.15	21.6
Seq9056_834_bp_-1_1_1	ENA|ABN10845|ABN10845.1	33.33	9	6	0	3	11	170	178	0.86	17.4
Seq9056_834_bp_-1_1_1	ENA|AAC26660|AAC26660.1	40.00	10	6	0	3	12	121	130	1.4	16.9
Seq9056_834_bp_-1_1_1	ENA|BAB17681|BAB17681.1	30.00	10	7	0	1	10	265	274	1.5	16.9
Seq9056_834_bp_-1_1_1	ENA|AAC97205|AAC97205.1	44.44	10	5	1	2	11	244	252	1.6	19.0
Seq9056_834_bp_-1_1_1	ENA|CAA29956|CAA29956.1	33.33	10	6	1	2	11	292	300	2.1	16.9
Seq9056_834_bp_-1_1_1	ENA|ACT10338|ACT10338.1	50.00	4	2	0	2	5	119	122	2.2	16.9
Seq9056_834_bp_-1_1_1	ENA|ABD49687|ABD49687.1	75.00	4	1	0	2	5	96	99	2.2	19.0
Seq9056_834_bp_-1_1_1	ENA|BAA36759|BAA36759.1	60.00	5	2	0	2	6	17	21	2.3	16.3
Seq9056_834_bp_-1_1_1	ENA|CAA28033|CAA28033.1	40.00	5	3	0	1	5	1117	1121	2.4	18.5
Seq9056_834_bp_-1_1_1	ENA|BAA32956|BAA32956.1	50.00	8	4	0	3	10	109	116	2.5	15.8
Seq9056_834_bp_-1_1_1	ENA|BAB79260|BAB79260.1	50.00	10	5	0	3	12	15	24	2.5	16.9
Seq9056_834_bp_-1_1_1	ENA|AAQ92751|AAQ92751.2	60.00	5	2	0	2	6	1086	1090	2.6	18.5
Seq9056_834_bp_-1_1_1	ENA|AAA32624|AAA32624.1	50.00	12	5	2	1	10	355	366	2.9	16.9
Seq9056_834_bp_-1_1_1	ENA|CAA29968|CAA29968.1	42.86	7	4	0	5	11	89	95	3.2	15.3
Seq9056_834_bp_-1_1_1	ENA|AAB03707|AAB03707.1	75.00	4	1	0	1	4	1351	1354	3.7	17.9
Seq9056_834_bp_-1_1_1	ENA|AAF79734|AAF79734.1	27.27	11	8	0	2	12	1010	1020	3.9	17.9
Seq9056_834_bp_-1_1_1	ENA|AAB26998|AAB26998.1	27.27	11	8	0	2	12	14	24	3.9	13.7
Seq9056_834_bp_-1_1_1	ENA|AAR37016|AAR37016.1	75.00	4	1	0	2	5	1935	1938	4.3	18.5
Seq9056_834_bp_-1_1_1	ENA|CAA73529|CAA73529.1	42.86	7	4	0	3	9	136	142	4.5	15.3
Seq9056_834_bp_-1_1_1	ENA|BAA32018|BAA32018.1	30.00	10	7	0	2	11	170	179	5	16.3
Seq9056_834_bp_-1_1_1	ENA|AAA24145|AAA24145.1	18.18	11	9	0	2	12	430	440	5.2	15.8
Seq9056_834_bp_-1_1_1	ENA|AAR31603|AAR31603.1	100.00	2	0	0	1	2	151	152	7.6	14.8
Seq9056_834_bp_-1_1_1	ENA|AAC40132|AAC40132.1	66.67	9	2	3	2	10	72	77	7.6	15.3
Seq9056_834_bp_-1_1_1	ENA|ABK71357|ABK71357.1	50.00	4	2	0	5	8	90	93	8.5	14.8
Seq9056_834_bp_-1_1_1	ENA|AAC17860|AAC17860.1	100.00	2	0	0	1	2	348	349	9.3	14.8
Seq9056_834_bp_-1_1_1	ENA|CAL82360|CAL82360.1	44.44	11	5	2	2	10	43	53	9.7	16.3
Seq9056_834_bp_-1_1_2	ENA|AAA42531|AAA42531.1	42.86	23	12	2	3	23	164	186	2.9	17.8
Seq9056_834_bp_-1_1_2	ENA|BAA32991|BAA32991.1	45.83	28	13	4	4	28	33	59	4.5	14.7
Seq9056_834_bp_-1_1_2	ENA|CAA29968|CAA29968.1	32.26	33	21	2	1	31	80	112	6.1	15.7
Seq9056_834_bp_-1_1_2	ENA|AAC97205|AAC97205.1	28.00	27	18	2	4	28	876	902	6.3	18.3
Seq9056_834_bp_-1_1_3	ENA|AAC97205|AAC97205.1	45.45	11	6	0	1	11	473	483	4.6	17.8
Seq9056_834_bp_-1_1_3	ENA|AAC78721|AAC78721.1	66.67	9	3	0	2	10	143	151	7.5	16.1
Seq9056_834_bp_-1_1_3	ENA|AAA42531|AAA42531.1	28.57	14	10	0	1	14	143	156	8.5	15.2
Seq9056_834_bp_-1_1_3	ENA|ABD49687|ABD49687.1	57.14	7	3	0	8	14	613	619	9.5	17.1
Seq9056_834_bp_-1_1_4	ENA|BAA05866|BAA05866.1	43.75	16	9	0	3	18	266	281	1.3	17.8
Seq9056_834_bp_-1_1_4	ENA|BAA36759|BAA36759.1	31.25	16	11	0	3	18	130	145	2.2	17.0
Seq9056_834_bp_-1_1_4	ENA|BAA32018|BAA32018.1	46.67	17	8	2	4	18	151	167	3.6	17.4
Seq9056_834_bp_-1_1_4	ENA|CAA45708|CAA45708.1	54.55	11	5	0	4	14	872	882	3.7	18.7
Seq9056_834_bp_-1_1_4	ENA|CAB75732|CAB75732.1	40.00	15	9	0	2	16	302	316	4.9	17.8
Seq9056_834_bp_-1_1_4	ENA|AAB96524|AAB96524.1	41.67	12	7	0	5	16	40	51	7.5	14.5
Seq9056_834_bp_-1_1_4	ENA|AAC26660|AAC26660.1	33.33	12	8	0	2	13	161	172	7.8	14.9
Seq9056_834_bp_-1_1_5	ENA|AAR37016|AAR37016.1	75.00	8	2	0	6	13	24	31	1.3	20.6
Seq9056_834_bp_-1_1_5	ENA|AAC78721|AAC78721.1	62.50	8	3	0	1	8	330	337	9.7	15.7
Seq9056_834_bp_-1_1_6	ENA|AAC26660|AAC26660.1	27.27	24	16	2	3	24	127	150	7	15.5
Seq9056_834_bp_-1_1_6	ENA|ABD33854|ABD33854.1	37.50	8	5	0	2	9	41	48	7	13.5
Seq9056_834_bp_-1_1_6	ENA|ABD49687|ABD49687.1	34.78	23	15	0	2	24	1285	1307	7.7	18.1
Seq9056_834_bp_-1_1_6	ENA|AAR37016|AAR37016.1	39.13	23	14	0	2	24	2053	2075	8.6	18.4
Seq9056_834_bp_-1_1_7	ENA|EDO47375|EDO47375.1	25.93	27	20	0	13	39	111	137	2	17.7
Seq9056_834_bp_-1_1_7	ENA|BAB79260|BAB79260.1	47.62	22	11	1	1	21	376	397	3.4	18.2
Seq9056_834_bp_-1_1_7	ENA|AAC17860|AAC17860.1	36.00	25	16	0	4	28	317	341	5	17.5
Seq9056_834_bp_-1_1_7	ENA|AAB96524|AAB96524.1	19.35	31	25	0	3	33	82	112	7.1	15.8
Seq9056_834_bp_-1_1_7	ENA|AAF79734|AAF79734.1	34.29	40	23	5	2	40	36	71	8.9	18.4
Seq9056_834_bp_-1_1_7	ENA|ACH70901|ACH70901.1	28.57	37	25	2	1	37	45	79	9.6	16.3
Seq9056_834_bp_-1_1_7	ENA|ABG75784|ABG75784.1	33.33	23	14	2	11	31	292	314	9.8	16.0
Seq9056_834_bp_-1_1_8	ENA|AAA36114|AAA36114.1	42.86	22	12	1	2	22	340	361	0.81	20.0
Seq9056_834_bp_-1_1_8	ENA|ABK71357|ABK71357.1	40.00	26	15	1	3	28	337	361	1.1	19.0
Seq9056_834_bp_-1_1_8	ENA|ABD33854|ABD33854.1	23.81	21	16	0	3	23	33	53	2.1	15.6
Seq9056_834_bp_-1_1_8	ENA|BAB79260|BAB79260.1	35.00	20	13	0	1	20	374	393	2.6	18.1
Seq9056_834_bp_-1_1_8	ENA|CAA26023|CAA26023.1	31.82	25	15	3	4	28	100	121	4.2	17.1
Seq9056_834_bp_-1_1_8	ENA|CAA28033|CAA28033.1	38.89	18	11	0	3	20	97	114	5.9	18.4
Seq9056_834_bp_-1_1_8	ENA|AAA42531|AAA42531.1	38.10	21	13	0	4	24	363	383	6.5	16.5
Seq9056_834_bp_-1_1_8	ENA|AAR37016|AAR37016.1	45.45	22	12	0	7	28	1194	1215	6.8	19.0
Seq9056_834_bp_-1_1_8	ENA|AAA18786|AAA18786.1	38.89	18	11	0	4	21	49	66	6.9	15.9
Seq9056_834_bp_-1_1_8	ENA|AAQ92751|AAQ92751.2	47.37	22	10	3	1	19	806	827	9.4	17.8
Seq9056_834_bp_-1_2_0	ENA|AAA18786|AAA18786.1	50.00	33	13	7	9	36	102	132	0.39	20.6
Seq9056_834_bp_-1_2_0	ENA|BAA05866|BAA05866.1	32.35	36	23	2	1	36	251	284	0.83	19.7
Seq9056_834_bp_-1_2_0	ENA|CAA11507|CAA11507.1	30.30	33	23	0	1	33	758	790	2	20.6
Seq9056_834_bp_-1_2_0	ENA|ABG75784|ABG75784.1	32.14	30	19	2	3	30	267	296	2.9	17.9
Seq9056_834_bp_-1_2_0	ENA|AAA42531|AAA42531.1	40.00	58	24	18	1	40	247	304	3.5	17.9
Seq9056_834_bp_-1_2_0	ENA|BAB17681|BAB17681.1	27.27	22	16	0	5	26	129	150	3.8	17.3
Seq9056_834_bp_-1_2_0	ENA|BAA32018|BAA32018.1	40.91	22	13	0	18	39	536	557	3.8	18.5
Seq9056_834_bp_-1_2_0	ENA|ABD49687|ABD49687.1	38.46	27	16	1	11	36	792	818	4.5	19.7
Seq9056_834_bp_-1_2_0	ENA|EDO47375|EDO47375.1	29.03	33	22	2	7	37	76	108	4.8	16.4
Seq9056_834_bp_-1_2_0	ENA|BAA32991|BAA32991.1	45.45	11	6	0	5	15	46	56	4.9	14.9
Seq9056_834_bp_-1_2_0	ENA|CAA26023|CAA26023.1	36.36	33	21	0	5	37	82	114	5.2	17.3
Seq9056_834_bp_-1_2_0	ENA|CAA45199|CAA45199.1	45.83	30	13	6	8	35	376	401	5.2	17.6
Seq9056_834_bp_-1_2_0	ENA|CAL82360|CAL82360.1	33.33	27	16	3	15	38	1086	1112	7.5	18.5
Seq9056_834_bp_-1_2_0	ENA|CAA36214|CAA36214.1	62.50	8	3	0	1	8	41	48	7.5	16.4
Seq9056_834_bp_-1_2_0	ENA|AAC26660|AAC26660.1	34.62	27	17	1	12	37	203	229	7.8	16.1
Seq9056_834_bp_-1_2_0	ENA|CAA43419|CAA43419.1	29.63	29	19	2	2	28	264	292	8.9	16.4
Seq9056_834_bp_-1_2_0	ENA|AAA36539|AAA36539.1	35.29	17	11	0	11	27	258	274	9.4	16.7
Seq9056_834_bp_-1_2_1	ENA|EDO47375|EDO47375.1	36.00	25	16	0	5	29	77	101	0.0093	25.0
Seq9056_834_bp_-1_2_1	ENA|AAB03707|AAB03707.1	47.83	25	12	2	4	26	144	168	0.01	27.8
Seq9056_834_bp_-1_2_1	ENA|CCP43727|CCP43727.1	30.43	23	16	0	4	26	246	268	0.069	22.9
Seq9056_834_bp_-1_2_1	ENA|CCP43727|CCP43727.1	26.09	23	17	0	7	29	214	236	0.18	21.5
Seq9056_834_bp_-1_2_1	ENA|CCP43727|CCP43727.1	33.33	18	12	0	4	21	289	306	0.18	21.5
Seq9056_834_bp_-1_2_1	ENA|ACT10338|ACT10338.1	40.00	29	15	4	5	29	10	38	0.27	21.2
Seq9056_834_bp_-1_2_1	ENA|ABK71357|ABK71357.1	42.11	21	11	2	3	22	170	189	0.33	20.8
Seq9056_834_bp_-1_2_1	ENA|AAB66912|AAB66912.1	41.67	29	14	5	5	29	584	611	0.51	21.5
Seq9056_834_bp_-1_2_1	ENA|AAI27517|AAI27517.1	30.77	28	18	2	2	29	296	321	0.67	20.5
Seq9056_834_bp_-1_2_1	ENA|CAA43419|CAA43419.1	27.27	22	16	0	4	25	293	314	0.85	19.4
Seq9056_834_bp_-1_2_1	ENA|AAC97205|AAC97205.1	35.71	34	18	6	1	28	581	614	0.86	21.2
Seq9056_834_bp_-1_2_1	ENA|AAA32624|AAA32624.1	37.50	29	15	5	3	26	213	241	1.2	19.4
Seq9056_834_bp_-1_2_1	ENA|AAR37016|AAR37016.1	46.43	37	15	9	2	29	1030	1066	1.3	21.5
Seq9056_834_bp_-1_2_1	ENA|BAA32018|BAA32018.1	33.33	29	16	5	2	25	305	333	1.4	19.4
Seq9056_834_bp_-1_2_1	ENA|AAA18786|AAA18786.1	33.33	23	14	2	6	26	181	203	1.6	18.1
Seq9056_834_bp_-1_2_1	ENA|CAA28033|CAA28033.1	40.00	22	12	2	4	25	47	66	1.8	20.1
Seq9056_834_bp_-1_2_1	ENA|CAA73529|CAA73529.1	24.14	29	22	0	1	29	33	61	2.6	17.4
Seq9056_834_bp_-1_2_1	ENA|AAF79734|AAF79734.1	26.09	27	17	4	1	27	193	215	3.3	19.4
Seq9056_834_bp_-1_2_1	ENA|ACH70901|ACH70901.1	22.73	22	17	0	6	27	80	101	3.5	17.4
Seq9056_834_bp_-1_2_1	ENA|CAA36214|CAA36214.1	37.50	25	15	1	1	25	30	53	3.7	17.0
Seq9056_834_bp_-1_2_1	ENA|ABD49687|ABD49687.1	30.00	20	14	0	4	23	152	171	3.9	19.4
Seq9056_834_bp_-1_2_1	ENA|AAC26660|AAC26660.1	35.29	18	11	1	2	19	27	43	4	16.7
Seq9056_834_bp_-1_2_1	ENA|CAA11507|CAA11507.1	40.00	21	12	1	1	21	700	719	4.9	18.8
Seq9056_834_bp_-1_2_1	ENA|AAQ92751|AAQ92751.2	46.15	13	7	0	7	19	731	743	5	18.8
Seq9056_834_bp_-1_2_1	ENA|BAA32956|BAA32956.1	26.09	24	17	1	4	27	158	180	5.2	16.0
Seq9056_834_bp_-1_2_1	ENA|CAA26939|CAA26939.1	33.33	27	16	3	3	26	158	184	5.4	17.4
Seq9056_834_bp_-1_2_1	ENA|CAA24711|CAA24711.1	25.93	27	20	0	2	28	112	138	5.4	15.6
Seq9056_834_bp_-1_2_1	ENA|AAB96524|AAB96524.1	41.67	13	7	1	14	25	29	41	5.8	15.6
Seq9056_834_bp_-1_2_1	ENA|AAA25966|AAA25966.1	27.27	11	8	0	4	14	566	576	6.7	17.4
Seq9056_834_bp_-1_2_1	ENA|CAA29956|CAA29956.1	30.43	27	16	4	3	29	174	196	7.2	16.3
Seq9056_834_bp_-1_2_1	ENA|AAA36114|AAA36114.1	36.36	23	14	1	6	28	218	239	7.6	16.7
Seq9056_834_bp_-1_2_1	ENA|CAD53387|CAD53387.1	42.11	24	11	5	2	20	20	43	9.4	16.3
Seq9056_834_bp_-1_2_1	ENA|AAC08817|AAC08817.1	34.78	27	15	4	2	27	86	109	9.7	14.6
Seq9056_834_bp_-1_2_2	ENA|ABD49687|ABD49687.1	35.29	17	11	0	2	18	481	497	1.2	20.7
Seq9056_834_bp_-1_2_2	ENA|AAA42531|AAA42531.1	26.32	19	14	0	2	20	266	284	1.2	18.5
Seq9056_834_bp_-1_2_2	ENA|BAB79260|BAB79260.1	35.00	20	13	0	1	20	70	89	1.8	18.1
Seq9056_834_bp_-1_2_2	ENA|CAL82360|CAL82360.1	50.00	14	7	0	6	19	180	193	1.9	19.6
Seq9056_834_bp_-1_2_2	ENA|CAA24711|CAA24711.1	27.78	18	13	0	2	19	13	30	2	16.6
Seq9056_834_bp_-1_2_2	ENA|AAB26998|AAB26998.1	50.00	8	4	0	13	20	38	45	3.2	14.7
Seq9056_834_bp_-1_2_2	ENA|AAA36114|AAA36114.1	43.75	16	9	0	4	19	428	443	4.4	17.0
Seq9056_834_bp_-1_2_2	ENA|AAC78721|AAC78721.1	33.33	19	12	1	2	19	216	234	4.5	17.3
Seq9056_834_bp_-1_2_2	ENA|AAC97205|AAC97205.1	23.53	17	13	0	1	17	167	183	4.9	18.1
Seq9056_834_bp_-1_2_2	ENA|AAA18786|AAA18786.1	37.50	18	10	2	1	16	180	197	4.9	15.9
Seq9056_834_bp_-1_2_2	ENA|AAI27517|AAI27517.1	35.00	25	13	5	1	20	298	322	5.1	17.0
Seq9056_834_bp_-1_2_2	ENA|ABN10845|ABN10845.1	28.57	14	10	0	2	15	194	207	5.2	15.5
Seq9056_834_bp_-1_2_2	ENA|AAA36539|AAA36539.1	31.58	20	13	1	2	20	219	238	5.3	16.6
Seq9056_834_bp_-1_2_2	ENA|AAS77176|AAS77176.1	33.33	18	12	0	1	18	237	254	6.8	15.5
Seq9056_834_bp_-1_2_2	ENA|CAA29956|CAA29956.1	62.50	8	3	0	6	13	207	214	6.8	15.9
Seq9056_834_bp_-1_2_2	ENA|ABD33854|ABD33854.1	53.33	23	7	8	3	17	30	52	6.9	13.3
Seq9056_834_bp_-1_2_2	ENA|AAR31603|AAR31603.1	43.75	19	9	3	1	16	250	268	7.6	15.5
Seq9056_834_bp_-1_2_2	ENA|CAA28033|CAA28033.1	60.00	10	4	0	7	16	561	570	8.4	17.3
Seq9056_834_bp_-1_2_2	ENA|BAA36759|BAA36759.1	50.00	12	6	0	8	19	3	14	8.6	15.1
Seq9056_834_bp_-1_2_2	ENA|AAC17860|AAC17860.1	40.00	20	9	5	1	20	373	387	9.4	15.5
Seq9056_834_bp_-1_2_3	ENA|AAC26660|AAC26660.1	31.25	72	44	8	6	70	29	99	0.4	21.3
Seq9056_834_bp_-1_2_3	ENA|AAA36539|AAA36539.1	17.54	58	47	1	13	70	210	266	1.2	20.6
Seq9056_834_bp_-1_2_3	ENA|ABD33854|ABD33854.1	31.25	36	22	4	10	45	19	50	1.5	17.4
Seq9056_834_bp_-1_2_3	ENA|CCP43727|CCP43727.1	28.33	62	43	2	3	62	39	100	1.7	19.6
Seq9056_834_bp_-1_2_3	ENA|BAA05866|BAA05866.1	20.97	67	49	5	3	65	189	254	2.6	18.9
Seq9056_834_bp_-1_2_3	ENA|AAC49865|AAC49865.1	29.63	57	38	3	16	69	185	241	2.7	18.9
Seq9056_834_bp_-1_2_3	ENA|CAL82360|CAL82360.1	31.43	37	24	2	33	69	978	1012	2.8	20.8
Seq9056_834_bp_-1_2_3	ENA|CAA45199|CAA45199.1	20.90	71	53	4	2	68	305	375	2.8	19.4
Seq9056_834_bp_-1_2_3	ENA|CAA29968|CAA29968.1	29.17	52	34	4	3	53	114	162	3.7	17.7
Seq9056_834_bp_-1_2_3	ENA|EDO47375|EDO47375.1	24.00	53	38	3	10	59	10	62	4.2	17.4
Seq9056_834_bp_-1_2_3	ENA|CAA28033|CAA28033.1	26.15	72	48	7	4	71	538	606	4.6	20.1
Seq9056_834_bp_-1_2_3	ENA|AAA42531|AAA42531.1	22.39	71	52	4	2	70	276	344	5.2	18.1
Seq9056_834_bp_-1_2_3	ENA|CAA11507|CAA11507.1	25.76	69	49	3	2	69	601	667	5.6	19.8
Seq9056_834_bp_-1_2_3	ENA|CAA36714|CAA36714.1	28.07	63	41	6	6	66	328	386	6.2	18.1
Seq9056_834_bp_-1_2_3	ENA|CAA24711|CAA24711.1	40.00	15	9	0	17	31	151	165	8.7	16.2
Seq9056_834_bp_-1_2_3	ENA|AAB03707|AAB03707.1	31.03	74	40	16	1	71	146	206	9.1	19.1
Seq9056_834_bp_-1_2_3	ENA|ACT10338|ACT10338.1	30.91	58	38	3	13	68	74	130	9.8	17.2
Seq9056_834_bp_-1_2_4	ENA|AAR37016|AAR37016.1	40.91	23	13	1	1	23	1565	1586	0.082	25.4
Seq9056_834_bp_-1_2_4	ENA|ABK71357|ABK71357.1	47.37	23	10	4	6	25	310	331	0.81	19.4
Seq9056_834_bp_-1_2_4	ENA|AAA25966|AAA25966.1	35.71	14	9	0	13	26	388	401	0.96	20.1
Seq9056_834_bp_-1_2_4	ENA|BAB79260|BAB79260.1	30.43	23	16	0	4	26	279	301	1.2	19.0
Seq9056_834_bp_-1_2_4	ENA|CAA45199|CAA45199.1	40.00	29	15	4	1	25	95	123	2.1	18.3
Seq9056_834_bp_-1_2_4	ENA|AAR31603|AAR31603.1	50.00	10	5	0	1	10	59	68	2.4	17.6
Seq9056_834_bp_-1_2_4	ENA|AAI27517|AAI27517.1	36.36	24	14	2	5	26	557	580	3.3	18.0
Seq9056_834_bp_-1_2_4	ENA|AAS77176|AAS77176.1	42.86	29	12	8	5	25	114	142	3.4	16.9
Seq9056_834_bp_-1_2_4	ENA|AAA36539|AAA36539.1	35.29	17	11	0	8	24	357	373	4.3	17.3
Seq9056_834_bp_-1_2_4	ENA|CAA11507|CAA11507.1	53.85	15	6	2	5	19	34	46	4.6	18.7
Seq9056_834_bp_-1_2_4	ENA|AAC26660|AAC26660.1	50.00	10	5	0	12	21	70	79	6	15.9
Seq9056_834_bp_-1_2_4	ENA|AAB26998|AAB26998.1	25.00	16	12	0	7	22	6	21	6.2	14.1
Seq9056_834_bp_-1_2_4	ENA|BAB17681|BAB17681.1	33.33	16	10	1	6	21	153	167	6.4	15.9
Seq9056_834_bp_-1_2_4	ENA|AAA18786|AAA18786.1	40.00	10	6	0	17	26	260	269	7.9	15.5
Seq9056_834_bp_-1_2_4	ENA|AAA24145|AAA24145.1	16.67	18	15	0	8	25	69	86	8.3	16.2
Seq9056_834_bp_-1_2_4	ENA|AAC78721|AAC78721.1	41.67	13	7	1	15	26	234	246	9.4	16.6
Seq9056_834_bp_-1_2_5	ENA|AAA25966|AAA25966.1	23.19	72	53	3	2	73	644	712	0.14	24.4
Seq9056_834_bp_-1_2_5	ENA|CAA26023|CAA26023.1	40.91	55	26	11	3	49	127	178	0.67	21.3
Seq9056_834_bp_-1_2_5	ENA|AAA72732|AAA72732.1	26.47	72	50	4	6	74	98	168	0.75	20.8
Seq9056_834_bp_-1_2_5	ENA|ABN10845|ABN10845.1	35.42	61	31	13	21	72	28	84	1.3	19.4
Seq9056_834_bp_-1_2_5	ENA|AAR31603|AAR31603.1	20.55	75	58	2	1	73	89	163	1.5	19.9
Seq9056_834_bp_-1_2_5	ENA|BAB79260|BAB79260.1	25.00	37	27	1	2	37	108	144	1.5	20.3
Seq9056_834_bp_-1_2_5	ENA|AAC40132|AAC40132.1	40.43	54	28	7	23	73	19	68	2.1	19.9
Seq9056_834_bp_-1_2_5	ENA|CAA24711|CAA24711.1	30.00	47	28	7	12	58	93	132	3.2	17.8
Seq9056_834_bp_-1_2_5	ENA|BAA32956|BAA32956.1	28.85	56	37	4	20	75	2	53	3.8	17.8
Seq9056_834_bp_-1_2_5	ENA|AAA42531|AAA42531.1	30.19	57	37	4	15	68	259	314	4.4	18.5
Seq9056_834_bp_-1_2_5	ENA|CAA45199|CAA45199.1	20.45	45	35	1	6	50	348	391	5.3	18.5
Seq9056_834_bp_-1_2_5	ENA|ABD49687|ABD49687.1	26.56	65	47	1	4	67	332	396	6.3	20.1
Seq9056_834_bp_-1_2_5	ENA|AAB66912|AAB66912.1	29.58	80	50	9	1	75	412	487	10	18.5
