Seq10035_370_bp_1_0_0	ENA|AAC26660|AAC26660.1	58.33	13	5	1	2	13	67	79	0.31	19.6
Seq10035_370_bp_1_0_0	ENA|ACH70901|ACH70901.1	50.00	10	5	0	3	12	56	65	0.44	19.6
Seq10035_370_bp_1_0_0	ENA|ABD33854|ABD33854.1	28.57	7	5	0	8	14	4	10	0.45	17.1
Seq10035_370_bp_1_0_0	ENA|AAA42531|AAA42531.1	60.00	10	4	0	8	17	264	273	0.73	19.0
Seq10035_370_bp_1_0_0	ENA|AAI27517|AAI27517.1	66.67	6	2	0	5	10	561	566	1.1	19.0
Seq10035_370_bp_1_0_0	ENA|CAA29956|CAA29956.1	71.43	7	2	0	7	13	294	300	1.7	17.7
Seq10035_370_bp_1_0_0	ENA|EDO47375|EDO47375.1	36.36	11	7	0	1	11	104	114	3.2	15.8
Seq10035_370_bp_1_0_0	ENA|AAB26998|AAB26998.1	66.67	6	2	0	6	11	1	6	4.9	13.9
Seq10035_370_bp_1_0_0	ENA|CAA29968|CAA29968.1	28.57	7	5	0	3	9	104	110	5	15.1
Seq10035_370_bp_1_0_0	ENA|AAC08817|AAC08817.1	50.00	6	3	0	10	15	115	120	6.2	14.5
Seq10035_370_bp_1_0_0	ENA|AAR37016|AAR37016.1	42.86	7	4	0	10	16	1098	1104	6.6	18.3
Seq10035_370_bp_1_0_0	ENA|BAA36759|BAA36759.1	42.86	7	4	0	8	14	24	30	7.3	15.1
Seq10035_370_bp_1_0_0	ENA|CAA36714|CAA36714.1	60.00	5	2	0	12	16	459	463	7.6	15.8
Seq10035_370_bp_1_0_0	ENA|ABN10845|ABN10845.1	75.00	4	1	0	12	15	68	71	8.5	14.5
Seq10035_370_bp_1_0_0	ENA|CAL82360|CAL82360.1	50.00	8	4	0	7	14	380	387	8.5	17.1
Seq10035_370_bp_1_0_0	ENA|ABK71357|ABK71357.1	40.00	10	6	0	1	10	84	93	9.2	15.1
Seq10035_370_bp_1_1_0	ENA|AAA42531|AAA42531.1	50.00	10	5	0	10	19	176	185	0.48	20.1
Seq10035_370_bp_1_1_0	ENA|CAA73529|CAA73529.1	55.56	9	4	0	10	18	185	193	0.72	19.0
Seq10035_370_bp_1_1_0	ENA|AAB96524|AAB96524.1	50.00	6	3	0	17	22	172	177	4.6	15.7
Seq10035_370_bp_1_1_0	ENA|BAA05866|BAA05866.1	38.46	13	8	0	2	14	50	62	5.2	16.2
Seq10035_370_bp_1_1_0	ENA|BAA36759|BAA36759.1	50.00	6	3	0	3	8	187	192	7	15.7
Seq10035_370_bp_1_1_0	ENA|BAA32018|BAA32018.1	26.67	15	11	0	9	23	165	179	7.1	16.8
Seq10035_370_bp_1_1_0	ENA|ACH70901|ACH70901.1	57.14	7	3	0	8	14	223	229	8.6	15.7
Seq10035_370_bp_1_1_0	ENA|CAL82360|CAL82360.1	53.85	13	6	0	1	13	1142	1154	9.7	17.3
Seq10035_370_bp_1_2_0	ENA|ABK71357|ABK71357.1	33.33	15	10	0	10	24	157	171	0.33	20.7
Seq10035_370_bp_1_2_0	ENA|AAA18786|AAA18786.1	20.83	24	19	0	1	24	74	97	1.8	17.7
Seq10035_370_bp_1_2_0	ENA|CAA36214|CAA36214.1	25.00	21	15	1	6	26	110	129	2.1	17.7
Seq10035_370_bp_1_2_0	ENA|BAA05866|BAA05866.1	83.33	6	1	0	3	8	281	286	2.1	17.7
Seq10035_370_bp_1_2_0	ENA|ABD49687|ABD49687.1	37.50	16	10	0	2	17	101	116	2.2	20.1
Seq10035_370_bp_1_2_0	ENA|ACT10338|ACT10338.1	26.67	15	11	0	4	18	102	116	2.6	17.7
Seq10035_370_bp_1_2_0	ENA|AAB03707|AAB03707.1	33.33	15	10	0	8	22	1027	1041	2.7	19.5
Seq10035_370_bp_1_2_0	ENA|AAF79734|AAF79734.1	36.36	11	7	0	3	13	557	567	2.8	19.5
Seq10035_370_bp_1_2_0	ENA|AAA24145|AAA24145.1	28.57	14	10	0	7	20	186	199	4.6	17.1
Seq10035_370_bp_1_2_0	ENA|AAC40132|AAC40132.1	29.41	17	12	0	2	18	144	160	4.8	17.1
Seq10035_370_bp_1_2_0	ENA|CAD53387|CAD53387.1	50.00	8	4	0	5	12	486	493	5	17.1
Seq10035_370_bp_1_2_0	ENA|CAA43419|CAA43419.1	50.00	10	5	0	10	19	349	358	5.5	16.5
Seq10035_370_bp_1_2_0	ENA|AAI27517|AAI27517.1	45.45	11	6	0	11	21	78	88	5.9	17.1
Seq10035_370_bp_1_2_0	ENA|AAB26998|AAB26998.1	75.00	4	1	0	23	26	40	43	6.1	14.1
Seq10035_370_bp_1_2_0	ENA|CAA73529|CAA73529.1	50.00	8	4	0	18	25	81	88	6.2	15.9
Seq10035_370_bp_1_2_0	ENA|AAS77176|AAS77176.1	21.74	23	18	0	4	26	243	265	6.5	15.9
Seq10035_370_bp_1_2_0	ENA|AAR37016|AAR37016.1	31.58	19	13	0	3	21	2139	2157	6.7	18.9
Seq10035_370_bp_1_2_0	ENA|AAA72732|AAA72732.1	45.45	11	6	0	10	20	250	260	7	15.9
Seq10035_370_bp_1_2_0	ENA|ABN10845|ABN10845.1	41.67	12	7	0	8	19	73	84	7.4	15.3
Seq10035_370_bp_1_2_0	ENA|AAA32624|AAA32624.1	57.14	7	3	0	20	26	33	39	7.7	16.5
Seq10035_370_bp_1_2_0	ENA|AAC97205|AAC97205.1	30.00	10	7	0	16	25	1203	1212	8	17.7
Seq10035_370_bp_1_2_0	ENA|CAA24711|CAA24711.1	50.00	8	4	0	14	21	148	155	8.7	14.7
Seq10035_370_bp_1_2_0	ENA|AAB66912|AAB66912.1	55.56	9	4	0	12	20	54	62	9	17.1
Seq10035_370_bp_1_2_0	ENA|AAB96524|AAB96524.1	35.71	14	9	0	4	17	1	14	9.3	14.7
Seq10035_370_bp_-1_0_0	ENA|AAC26660|AAC26660.1	25.00	16	12	0	3	18	27	42	1.6	17.4
Seq10035_370_bp_-1_0_0	ENA|AAA36539|AAA36539.1	41.67	12	7	0	4	15	97	108	3	17.4
Seq10035_370_bp_-1_0_0	ENA|AAA36114|AAA36114.1	50.00	8	4	0	10	17	347	354	4.7	16.9
Seq10035_370_bp_-1_0_0	ENA|AAB03707|AAB03707.1	38.46	13	8	0	8	20	223	235	5.7	18.0
Seq10035_370_bp_-1_0_0	ENA|CAB75732|CAB75732.1	35.29	17	11	0	1	17	494	510	7.1	17.4
Seq10035_370_bp_-1_0_0	ENA|CAL82360|CAL82360.1	27.27	11	8	0	8	18	1002	1012	7.8	17.4
Seq10035_370_bp_-1_0_0	ENA|AAA18786|AAA18786.1	33.33	18	12	0	3	20	50	67	8	15.1
Seq10035_370_bp_-1_0_0	ENA|EDO47375|EDO47375.1	30.00	10	7	0	1	10	17	26	8.4	14.5
Seq10035_370_bp_-1_0_0	ENA|BAA36759|BAA36759.1	66.67	6	2	0	10	15	160	165	8.6	15.1
Seq10035_370_bp_-1_0_0	ENA|CAA36214|CAA36214.1	57.14	7	3	0	14	20	246	252	9.1	15.1
Seq10035_370_bp_-1_0_0	ENA|AAA24145|AAA24145.1	57.14	7	3	0	14	20	48	54	9.2	15.7
Seq10035_370_bp_-1_0_0	ENA|AAR37016|AAR37016.1	25.00	12	9	0	4	15	1370	1381	9.4	18.0
Seq10035_370_bp_-1_1_0	ENA|CAA29968|CAA29968.1	45.45	11	6	0	6	16	123	133	0.2	20.5
Seq10035_370_bp_-1_1_0	ENA|AAC49865|AAC49865.1	33.33	9	6	0	3	11	174	182	0.71	19.4
Seq10035_370_bp_-1_1_0	ENA|BAA32018|BAA32018.1	83.33	6	1	0	2	7	3	8	1.3	19.4
Seq10035_370_bp_-1_1_0	ENA|AAB66912|AAB66912.1	55.56	9	4	0	9	17	578	586	1.4	20.0
Seq10035_370_bp_-1_1_0	ENA|AAB96524|AAB96524.1	27.27	11	8	0	7	17	63	73	1.7	17.3
Seq10035_370_bp_-1_1_0	ENA|CAA36714|CAA36714.1	85.71	7	1	0	17	23	247	253	2.1	18.4
Seq10035_370_bp_-1_1_0	ENA|CAA26023|CAA26023.1	60.00	5	2	0	1	5	121	125	2.4	17.9
Seq10035_370_bp_-1_1_0	ENA|CAA36214|CAA36214.1	44.44	9	5	0	8	16	290	298	2.8	17.3
Seq10035_370_bp_-1_1_0	ENA|CAA43419|CAA43419.1	30.00	20	14	0	7	26	183	202	3.3	17.3
Seq10035_370_bp_-1_1_0	ENA|AAC08817|AAC08817.1	50.00	12	6	0	11	22	78	89	6	15.2
Seq10035_370_bp_-1_1_0	ENA|AAA72732|AAA72732.1	26.67	15	11	0	8	22	174	188	8.1	15.8
Seq10035_370_bp_-1_1_0	ENA|CAA24711|CAA24711.1	83.33	6	1	0	19	24	78	83	9.3	14.7
