Seq5098_110_bp_1_0_0	AAA24969.1	100.00	36	0	0	1	36	351	386	5.6e-21	88.9
Seq5098_110_bp_1_0_0	AAC78721.1	26.92	26	19	0	1	26	638	663	3.6	18.5
Seq5098_110_bp_1_0_0	EDO47375.1	26.32	19	14	0	3	21	10	28	3.9	16.6
Seq5098_110_bp_1_0_0	ACT10338.1	33.33	12	8	0	3	14	218	229	7.8	16.6
Seq5098_110_bp_1_0_0	AEE27845.1	25.00	16	12	0	14	29	478	493	9.8	18.0
Seq5098_110_bp_1_1_0	AAR31603.1	50.00	14	7	0	3	16	48	61	0.12	21.2
Seq5098_110_bp_1_1_0	AAB96524.1	50.00	8	4	0	2	9	78	85	2.1	16.3
Seq5098_110_bp_1_1_0	BAB79260.1	100.00	5	0	0	1	5	63	67	3.5	16.8
Seq5098_110_bp_1_1_0	ABK71357.1	33.33	12	8	0	5	16	144	155	4.2	16.3
Seq5098_110_bp_1_1_0	CAA74140.1	60.00	10	4	0	7	16	591	600	4.9	17.4
Seq5098_110_bp_1_1_0	ABL74574.1	71.43	7	2	0	7	13	158	164	6.8	15.2
Seq5098_110_bp_1_1_0	AAC08817.1	33.33	12	8	0	4	15	62	73	8.2	14.1
Seq5098_110_bp_1_1_0	AAA36565.1	44.44	9	5	0	8	16	111	119	8.3	14.1
Seq5098_110_bp_1_1_0	CAA04196.1	50.00	6	3	0	4	9	31	36	9.6	15.2
Seq5098_110_bp_1_1_0	BAA32018.1	33.33	12	8	0	4	15	264	275	9.8	15.7
Seq5098_110_bp_1_1_1	ABD49687.1	63.64	11	4	0	8	18	602	612	0.32	22.5
Seq5098_110_bp_1_1_1	ABD49687.1	38.89	18	11	0	2	19	1220	1237	0.68	21.4
Seq5098_110_bp_1_1_1	AAA65607.1	66.67	9	3	0	7	15	57	65	0.46	19.7
Seq5098_110_bp_1_1_1	AAA23282.1	62.50	8	3	0	12	19	176	183	2.2	18.1
Seq5098_110_bp_1_1_1	AII71783.1	44.44	9	5	0	4	12	90	98	2.6	17.0
Seq5098_110_bp_1_1_1	CAA73529.1	30.77	13	9	0	1	13	160	172	4.9	15.8
Seq5098_110_bp_1_1_1	AAA24969.1	46.15	13	7	0	3	15	819	831	5.8	18.1
Seq5098_110_bp_1_1_1	AAC17860.1	54.55	12	5	1	3	13	293	304	7.1	15.8
Seq5098_110_bp_1_1_1	AAB03707.1	33.33	12	8	0	7	18	710	721	7.6	17.5
Seq5098_110_bp_1_1_1	BAA32991.1	100.00	4	0	0	14	17	37	40	8.1	13.1
Seq5098_110_bp_1_1_1	AAX84812.1	50.00	10	5	0	7	16	121	130	8.6	14.7
Seq5098_110_bp_1_2_0	ACH70904.1	40.00	10	6	0	1	10	296	305	1.6	17.5
Seq5098_110_bp_1_2_0	AAA42531.1	25.00	12	9	0	3	14	43	54	1.8	17.5
Seq5098_110_bp_1_2_0	ABL74574.1	75.00	8	2	0	3	10	86	93	1.9	17.0
Seq5098_110_bp_1_2_0	CAA45199.1	21.43	14	11	0	1	14	214	227	4.4	16.4
Seq5098_110_bp_1_2_0	ABG75784.1	33.33	6	4	0	1	6	170	175	6.1	15.4
Seq5098_110_bp_1_2_0	CAA43372.1	80.00	5	1	0	6	10	262	266	7.9	15.4
Seq5098_110_bp_1_2_0	AII71783.1	75.00	4	1	0	1	4	232	235	8.4	14.8
Seq5098_110_bp_1_2_0	AAQ92751.2	33.33	12	8	0	4	15	898	909	8.6	17.0
Seq5098_110_bp_-1_0_0	ABK71357.1	32.00	25	17	0	1	25	74	98	0.57	20.0
Seq5098_110_bp_-1_0_0	BAA32956.1	36.36	11	7	0	12	22	35	45	0.67	18.9
Seq5098_110_bp_-1_0_0	BAA32018.1	46.15	13	7	0	16	28	428	440	0.96	20.0
Seq5098_110_bp_-1_0_0	AAA36565.1	63.64	12	4	1	13	23	76	87	1.1	17.9
Seq5098_110_bp_-1_0_0	BAB79260.1	41.67	26	14	2	3	26	240	265	4.2	17.3
Seq5098_110_bp_-1_0_0	AAA32376.1	29.41	17	12	0	11	27	122	138	4.8	15.7
Seq5098_110_bp_-1_0_0	AAA65607.1	100.00	5	0	0	2	6	193	197	4.9	16.8
Seq5098_110_bp_-1_0_0	AAB96524.1	50.00	8	4	0	13	20	19	26	5.2	15.7
Seq5098_110_bp_-1_0_0	AAX12058.1	50.00	8	4	0	9	16	101	108	5.3	16.3
Seq5098_110_bp_-1_0_0	CAA43372.1	26.67	15	11	0	14	28	378	392	5.5	16.8
Seq5098_110_bp_-1_0_0	AAA72732.1	50.00	8	4	0	3	10	27	34	6	16.3
Seq5098_110_bp_-1_0_0	AAA45888.1	33.33	15	10	0	12	26	144	158	7.2	16.3
Seq5098_110_bp_-1_0_0	AAR31603.1	80.00	5	1	0	17	21	308	312	8.8	15.7
Seq5098_110_bp_-1_0_0	AAA32624.1	60.00	10	4	0	17	26	235	244	9.7	16.3
Seq5098_110_bp_-1_1_0	ABD49687.1	45.45	11	6	0	3	13	324	334	0.9	21.3
Seq5098_110_bp_-1_1_0	CAA43372.1	50.00	8	4	0	1	8	175	182	3.1	17.4
Seq5098_110_bp_-1_1_0	AAR31603.1	50.00	10	5	0	5	14	173	182	5.1	16.3
Seq5098_110_bp_-1_1_0	AAA32624.1	55.56	9	4	0	8	16	97	105	5.5	16.9
Seq5098_110_bp_-1_1_0	AAA32376.1	26.67	15	11	0	2	16	115	129	5.7	15.2
Seq5098_110_bp_-1_1_0	AAX12058.1	22.22	18	14	0	2	19	154	171	6.1	15.8
Seq5098_110_bp_-1_1_0	CAA11507.1	50.00	13	6	1	8	19	612	624	6.7	18.0
Seq5098_110_bp_-1_1_0	BAA32956.1	100.00	4	0	0	10	13	126	129	6.9	15.2
Seq5098_110_bp_-1_1_0	ACH70904.1	80.00	5	1	0	9	13	58	62	7.9	15.8
Seq5098_110_bp_-1_1_0	AAA18786.1	50.00	6	3	0	5	10	98	103	8.5	15.2
Seq5098_110_bp_-1_1_0	AEE27845.1	31.25	16	11	0	4	19	1215	1230	9.7	17.4
Seq5098_110_bp_-1_1_0	AAC78721.1	30.77	13	9	0	3	15	392	404	10	16.3
Seq5098_110_bp_-1_2_0	BAA32991.1	83.33	6	1	0	1	6	64	69	0.043	20.4
Seq5098_110_bp_-1_2_0	AAH69556.1	55.56	9	4	0	2	10	47	55	0.44	19.2
Seq5098_110_bp_-1_2_0	AAA72732.1	40.00	10	6	0	5	14	6	15	1	18.0
Seq5098_110_bp_-1_2_0	AAB96524.1	42.86	7	4	0	6	12	88	94	1.4	16.8
Seq5098_110_bp_-1_2_0	AAC78721.1	66.67	6	2	0	5	10	376	381	1.4	18.6
Seq5098_110_bp_-1_2_0	AAA45888.1	66.67	6	2	0	7	12	67	72	1.9	17.4
Seq5098_110_bp_-1_2_0	BAB79260.1	36.36	11	7	0	5	15	279	289	2.2	17.4
Seq5098_110_bp_-1_2_0	AII71783.1	66.67	6	2	0	4	9	33	38	2.3	16.8
Seq5098_110_bp_-1_2_0	AAX12058.1	57.14	7	3	0	7	13	149	155	3	16.2
Seq5098_110_bp_-1_2_0	CAA26230.1	50.00	6	3	0	5	10	30	35	4.1	16.8
Seq5098_110_bp_-1_2_0	CAA45199.1	75.00	4	1	0	9	12	217	220	5.1	16.2
Seq5098_110_bp_-1_2_0	ABS38337.1	37.50	8	5	0	4	11	678	685	8.9	16.8
Seq5098_110_bp_-1_2_1	CAA04196.1	71.43	7	2	0	1	7	43	49	0.31	20.2
Seq5098_110_bp_-1_2_1	AII71783.1	100.00	5	0	0	1	5	109	113	0.36	19.6
Seq5098_110_bp_-1_2_1	AAC08817.1	50.00	10	5	0	6	15	156	165	0.7	17.7
Seq5098_110_bp_-1_2_1	AAC97205.1	50.00	8	4	0	6	13	101	108	1.4	19.6
Seq5098_110_bp_-1_2_1	AAB26998.1	60.00	5	2	0	8	12	75	79	1.9	15.2
Seq5098_110_bp_-1_2_1	BAB70780.1	40.00	10	6	0	2	11	140	149	3.1	17.1
Seq5098_110_bp_-1_2_1	BAA32956.1	100.00	4	0	0	2	5	47	50	3.3	15.8
Seq5098_110_bp_-1_2_1	AAC78721.1	58.33	14	5	2	4	15	67	80	4.3	17.1
Seq5098_110_bp_-1_2_1	ABG75784.1	28.57	7	5	0	9	15	122	128	4.8	15.8
Seq5098_110_bp_-1_2_1	AAA32624.1	27.27	11	8	0	1	11	169	179	5.2	16.4
Seq5098_110_bp_-1_2_1	CAA26230.1	40.00	10	6	0	5	14	318	327	5.5	16.4
Seq5098_110_bp_-1_2_1	ABK71357.1	31.25	16	11	0	1	16	331	346	5.6	15.8
Seq5098_110_bp_-1_2_1	AAR37016.1	80.00	5	1	0	6	10	481	485	6.2	18.3
Seq5098_110_bp_-1_2_1	AAA32376.1	33.33	6	4	0	3	8	43	48	6.2	14.5
Seq5098_110_bp_-1_2_1	CAA45199.1	42.86	7	4	0	2	8	211	217	7.1	15.8
Seq5098_110_bp_-1_2_1	AAA72732.1	30.77	13	9	0	3	15	142	154	7.2	15.2
Seq5098_110_bp_-1_2_1	AAC17860.1	42.86	7	4	0	1	7	406	412	9.3	15.2
