Seq6382_184_bp_1_0_0	AEE27845.1	100.00	61	0	0	1	61	951	1011	1.9e-42	160.8
Seq6382_184_bp_1_0_0	AAA32376.1	34.62	28	17	2	33	60	85	110	0.27	21.1
Seq6382_184_bp_1_0_0	AAA23282.1	54.55	27	10	5	11	32	482	508	1.6	20.2
Seq6382_184_bp_1_0_0	AAC78721.1	22.22	27	21	0	25	51	497	523	2	20.2
Seq6382_184_bp_1_0_0	AAB03707.1	19.05	21	17	0	25	45	977	997	2.9	20.7
Seq6382_184_bp_1_0_0	ABG75784.1	62.50	8	3	0	2	9	42	49	4.5	17.8
Seq6382_184_bp_1_0_0	CAA04196.1	55.56	9	4	0	45	53	238	246	5.9	17.8
Seq6382_184_bp_1_0_0	CAA45199.1	40.00	15	9	0	44	58	335	349	6.6	17.8
Seq6382_184_bp_1_0_0	AAA25966.1	33.33	15	10	0	9	23	511	525	7.3	18.3
Seq6382_184_bp_1_0_0	AII71783.1	35.00	20	13	0	32	51	92	111	8.1	16.9
Seq6382_184_bp_1_0_0	AAC97205.1	35.71	14	9	0	30	43	64	77	8.9	18.8
Seq6382_184_bp_1_0_0	AAA32624.1	42.86	15	8	1	16	29	491	505	9.8	17.4
Seq6382_184_bp_1_1_0	ABD49687.1	50.00	12	6	0	14	25	767	778	1.4	20.9
Seq6382_184_bp_1_1_0	CAA26230.1	45.45	11	6	0	18	28	211	221	2.4	18.5
Seq6382_184_bp_1_1_0	AAF01122.1	55.56	9	4	0	14	22	262	270	3.2	17.5
Seq6382_184_bp_1_1_0	AAA24969.1	41.67	12	7	0	4	15	778	789	4.7	19.0
Seq6382_184_bp_1_1_0	AAC78721.1	22.22	18	14	0	10	27	334	351	5.7	17.5
Seq6382_184_bp_1_1_0	BAA32956.1	50.00	8	4	0	20	27	181	188	6.9	15.5
Seq6382_184_bp_1_1_0	AII71783.1	45.45	11	6	0	15	25	130	140	7.1	16.0
Seq6382_184_bp_1_1_0	CAD53387.1	77.78	11	2	2	14	22	472	482	8.2	16.5
Seq6382_184_bp_1_1_0	AAX12058.1	44.44	9	5	0	3	11	41	49	8.8	15.5
Seq6382_184_bp_1_1_0	ABG75784.1	57.14	7	3	0	13	19	206	212	9.9	15.5
Seq6382_184_bp_1_1_1	AEE27845.1	71.43	7	2	0	13	19	695	701	1.6	20.1
Seq6382_184_bp_1_1_1	BAE97662.1	66.67	9	3	0	3	11	11	19	2.7	19.1
Seq6382_184_bp_1_1_1	AAC97205.1	50.00	10	5	0	12	21	756	765	2.9	19.1
Seq6382_184_bp_1_1_1	CAA45199.1	71.43	7	2	0	13	19	193	199	3.1	17.6
Seq6382_184_bp_1_1_1	AAB03707.1	44.44	9	5	0	11	19	1217	1225	3.2	19.1
Seq6382_184_bp_1_1_1	CAA73529.1	60.00	5	2	0	10	14	36	40	3.7	16.5
Seq6382_184_bp_1_1_1	AAA23282.1	83.33	6	1	0	5	10	65	70	3.8	17.6
Seq6382_184_bp_1_1_1	AAB26998.1	60.00	5	2	0	13	17	13	17	6	14.0
Seq6382_184_bp_1_1_1	CAA26230.1	100.00	5	0	0	6	10	197	201	7.3	16.5
Seq6382_184_bp_1_1_1	AAC17860.1	66.67	6	2	0	18	23	362	367	7.6	16.0
Seq6382_184_bp_1_1_1	AAA32624.1	37.50	16	10	0	2	17	186	201	9.5	16.0
Seq6382_184_bp_1_2_0	AAA26915.1	45.45	11	6	0	5	15	151	161	0.26	20.8
Seq6382_184_bp_1_2_0	CAA04196.1	60.00	10	4	0	3	12	117	126	0.33	20.3
Seq6382_184_bp_1_2_0	AAA36565.1	50.00	8	4	0	8	15	96	103	1.1	17.3
Seq6382_184_bp_1_2_0	CAA73529.1	42.86	15	8	1	4	18	158	171	1.2	17.8
Seq6382_184_bp_1_2_0	AAC78721.1	50.00	12	6	0	1	12	491	502	1.5	18.8
Seq6382_184_bp_1_2_0	BAA32956.1	40.00	15	9	0	3	17	59	73	1.9	16.8
Seq6382_184_bp_1_2_0	AAA42531.1	33.33	12	8	0	5	16	63	74	3.5	16.8
Seq6382_184_bp_1_2_0	AAX84812.1	50.00	10	5	0	9	18	119	128	4.2	15.8
Seq6382_184_bp_1_2_0	AAA32376.1	41.67	12	7	0	3	14	83	94	4.4	15.2
Seq6382_184_bp_1_2_0	ABK71357.1	62.50	8	3	0	11	18	226	233	6.5	15.8
Seq6382_184_bp_1_2_1	AAC78721.1	66.67	9	3	0	2	10	402	410	0.59	20.2
Seq6382_184_bp_1_2_1	AAR31603.1	33.33	12	8	0	1	12	190	201	5.7	15.9
Seq6382_184_bp_1_2_1	AAA45888.1	23.08	13	10	0	6	18	214	226	6.6	15.9
Seq6382_184_bp_1_2_1	CAA26230.1	71.43	7	2	0	13	19	211	217	6.6	16.4
Seq6382_184_bp_1_2_1	CAD53387.1	45.45	11	6	0	9	19	2	12	8.5	15.9
Seq6382_184_bp_1_2_2	BAA32991.1	60.00	5	2	0	6	10	24	28	1.3	15.3
Seq6382_184_bp_1_2_2	CAA73529.1	33.33	9	6	0	2	10	201	209	3.4	15.9
Seq6382_184_bp_1_2_2	AAA42531.1	60.00	11	4	1	2	11	136	146	4.8	15.9
Seq6382_184_bp_1_2_2	ABN10845.1	60.00	5	2	0	3	7	183	187	5.9	14.8
Seq6382_184_bp_1_2_2	BAA32018.1	60.00	5	2	0	3	7	154	158	7.6	15.9
Seq6382_184_bp_1_2_2	ABD33854.1	50.00	4	2	0	10	13	44	47	8.5	12.4
Seq6382_184_bp_-1_0_0	AAB96524.1	44.44	9	5	0	1	9	123	131	2.3	15.5
Seq6382_184_bp_-1_0_0	CAD53387.1	66.67	6	2	0	1	6	53	58	5.9	15.5
Seq6382_184_bp_-1_0_0	BAA32018.1	66.67	6	2	0	2	7	438	443	7.3	15.5
Seq6382_184_bp_-1_0_0	CAA43372.1	44.44	9	5	0	1	9	50	58	7.4	14.9
Seq6382_184_bp_-1_0_0	AAC78721.1	50.00	6	3	0	4	9	330	335	7.8	15.5
Seq6382_184_bp_-1_0_0	BAB79260.1	42.86	7	4	0	1	7	445	451	8	14.9
Seq6382_184_bp_-1_0_1	CAA73529.1	56.25	16	7	0	6	21	259	274	2.8e-06	36.8
Seq6382_184_bp_-1_0_1	AAB26998.1	60.00	11	4	1	2	12	3	12	0.63	17.2
Seq6382_184_bp_-1_0_1	ACT10338.1	80.00	5	1	0	2	6	128	132	0.87	19.0
Seq6382_184_bp_-1_0_1	AAC97205.1	58.33	12	5	0	7	18	702	713	1.2	20.3
Seq6382_184_bp_-1_0_1	BAA32956.1	66.67	6	2	0	5	10	22	27	1.7	17.2
Seq6382_184_bp_-1_0_1	BAB79260.1	42.86	7	4	0	6	12	326	332	2.3	17.8
Seq6382_184_bp_-1_0_1	AAA36565.1	100.00	3	0	0	17	19	78	80	3.1	16.0
Seq6382_184_bp_-1_0_1	AAR37016.1	70.00	12	3	2	6	15	28	39	3.4	19.6
Seq6382_184_bp_-1_0_1	ACH70904.1	37.50	8	5	0	8	15	226	233	4.3	16.6
Seq6382_184_bp_-1_0_1	AAA65607.1	57.14	7	3	0	11	17	190	196	4.3	16.6
Seq6382_184_bp_-1_0_1	CAA74140.1	66.67	6	2	0	13	18	628	633	4.7	17.8
Seq6382_184_bp_-1_0_1	AAB96524.1	22.22	9	7	0	4	12	108	116	5.1	15.4
Seq6382_184_bp_-1_0_1	CAA11507.1	57.14	7	3	0	5	11	34	40	6.8	17.8
Seq6382_184_bp_-1_0_1	AAB03707.1	66.67	6	2	0	12	17	1293	1298	6.8	17.8
Seq6382_184_bp_-1_0_1	EDO47375.1	40.00	10	6	0	2	11	111	120	7.7	14.7
Seq6382_184_bp_-1_0_1	BAB70780.1	37.50	8	5	0	7	14	361	368	8.4	16.0
Seq6382_184_bp_-1_0_1	ABD33854.1	36.36	11	7	0	7	17	12	22	9.1	12.9
Seq6382_184_bp_-1_0_2	CAA74140.1	83.33	6	1	0	1	6	363	368	0.46	20.1
Seq6382_184_bp_-1_0_2	AAI27517.1	57.14	7	3	0	2	8	168	174	5.2	15.9
Seq6382_184_bp_-1_0_2	BAB70780.1	57.14	7	3	0	1	7	95	101	6.8	15.2
Seq6382_184_bp_-1_0_2	AAA42531.1	50.00	6	3	0	1	6	265	270	8.7	14.5
Seq6382_184_bp_-1_0_3	AAC97205.1	41.67	12	7	0	2	13	103	114	0.85	20.0
Seq6382_184_bp_-1_0_3	AAC08817.1	50.00	6	3	0	8	13	62	67	1.7	16.1
Seq6382_184_bp_-1_0_3	CAA45199.1	20.00	10	8	0	4	13	247	256	2	17.4
Seq6382_184_bp_-1_0_3	AAA32624.1	66.67	6	2	0	1	6	266	271	3.5	16.7
Seq6382_184_bp_-1_0_3	ABK71357.1	25.00	8	6	0	6	13	246	253	3.9	16.1
Seq6382_184_bp_-1_0_3	AAA32376.1	100.00	4	0	0	7	10	148	151	4.4	14.8
Seq6382_184_bp_-1_0_3	ABN10845.1	44.44	9	5	0	1	9	76	84	5.5	14.8
Seq6382_184_bp_-1_0_3	AAF01122.1	80.00	5	1	0	8	12	271	275	6	15.4
Seq6382_184_bp_-1_0_3	AAX12058.1	50.00	6	3	0	8	13	99	104	6.9	14.8
Seq6382_184_bp_-1_0_3	AEE27845.1	54.55	11	5	0	2	12	951	961	8.8	16.7
Seq6382_184_bp_-1_1_0	ABG75784.1	62.50	8	3	0	5	12	185	192	2.3	17.0
Seq6382_184_bp_-1_1_0	AAA25966.1	83.33	6	1	0	7	12	490	495	2.3	18.2
Seq6382_184_bp_-1_1_0	AAA65607.1	44.44	9	5	0	9	17	164	172	2.7	17.0
Seq6382_184_bp_-1_1_0	AAB96524.1	66.67	6	2	0	12	17	21	26	4.6	15.2
Seq6382_184_bp_-1_1_0	AAA36565.1	50.00	6	3	0	11	16	13	18	6.2	14.6
Seq6382_184_bp_-1_1_0	AAA18786.1	44.44	9	5	0	5	13	94	102	6.5	15.2
Seq6382_184_bp_-1_1_0	CAA43372.1	25.00	8	6	0	10	17	342	349	6.6	15.8
Seq6382_184_bp_-1_1_0	AAR37016.1	50.00	10	5	0	8	17	987	996	7.1	18.2
Seq6382_184_bp_-1_1_0	ACH70904.1	100.00	4	0	0	9	12	241	244	8.6	15.2
Seq6382_184_bp_-1_1_0	ACT10338.1	50.00	6	3	0	10	15	71	76	9.2	15.2
Seq6382_184_bp_-1_1_1	BAA32956.1	66.67	6	2	0	10	15	5	10	1.7	18.2
Seq6382_184_bp_-1_1_1	AAA65607.1	75.00	8	2	0	29	36	83	90	2.9	18.2
Seq6382_184_bp_-1_1_1	ABN10845.1	50.00	14	7	0	23	36	28	41	3.3	17.3
Seq6382_184_bp_-1_1_1	ABL74574.1	29.41	18	12	1	21	38	157	173	4.3	17.3
Seq6382_184_bp_-1_1_1	AII71783.1	38.46	13	8	0	24	36	250	262	4.6	17.3
Seq6382_184_bp_-1_1_1	ABD33854.1	50.00	6	3	0	13	18	9	14	5.1	14.8
Seq6382_184_bp_-1_1_1	BAB70780.1	38.46	13	8	0	17	29	186	198	5.2	17.8
Seq6382_184_bp_-1_1_1	AAB26998.1	57.14	7	3	0	21	27	27	33	6.2	14.8
Seq6382_184_bp_-1_1_1	EDO47375.1	66.67	6	2	0	18	23	73	78	7.6	15.8
Seq6382_184_bp_-1_1_1	AAF01122.1	44.44	9	5	0	32	40	206	214	7.7	16.8
Seq6382_184_bp_-1_1_1	ABD49687.1	50.00	10	5	0	17	26	1321	1330	9	18.7
Seq6382_184_bp_-1_1_1	AAA24142.1	80.00	5	1	0	32	36	339	343	9.1	16.8
Seq6382_184_bp_-1_1_1	BAB79260.1	21.74	23	18	0	15	37	93	115	9.1	16.8
Seq6382_184_bp_-1_1_1	AAA36565.1	57.14	7	3	0	18	24	162	168	9.2	15.3
Seq6382_184_bp_-1_1_1	CAA45199.1	36.36	11	7	0	32	42	19	29	9.4	16.8
Seq6382_184_bp_-1_2_0	AAR37016.1	42.31	28	15	2	28	55	1529	1554	0.6	23.7
Seq6382_184_bp_-1_2_0	AAA45888.1	43.75	16	9	0	41	56	56	71	1.1	20.2
Seq6382_184_bp_-1_2_0	AAA26915.1	44.00	27	14	2	6	30	325	351	1.3	20.2
Seq6382_184_bp_-1_2_0	BAB79260.1	31.58	20	13	1	11	29	368	387	3.6	18.7
Seq6382_184_bp_-1_2_0	AAA24142.1	32.00	25	17	0	23	47	44	68	5	18.2
Seq6382_184_bp_-1_2_0	AAH69556.1	44.44	9	5	0	52	60	95	103	6.6	17.2
Seq6382_184_bp_-1_2_0	EDO47375.1	57.14	7	3	0	42	48	57	63	8.1	16.2
Seq6382_184_bp_-1_2_0	AAB26998.1	29.41	17	12	0	39	55	41	57	9.4	14.7
