Seq7410_253_bp_1_0_0	ENA|AAB03707|AAB03707.1	100.00	84	0	0	1	84	701	784	1.9e-54	201.1
Seq7410_253_bp_1_0_0	ENA|AAB03707|AAB03707.1	42.11	39	22	1	46	84	785	822	0.0016	32.0
Seq7410_253_bp_1_0_0	ENA|AAB03707|AAB03707.1	23.33	30	23	0	55	84	520	549	0.63	23.3
Seq7410_253_bp_1_0_0	ENA|CAA45708|CAA45708.1	40.62	66	38	2	1	66	789	852	1.1e-08	49.3
Seq7410_253_bp_1_0_0	ENA|CAA11507|CAA11507.1	27.94	70	49	2	16	83	871	940	3.5e-05	37.5
Seq7410_253_bp_1_0_0	ENA|CAA11507|CAA11507.1	27.45	54	37	3	25	78	765	815	0.0054	30.2
Seq7410_253_bp_1_0_0	ENA|CAA11507|CAA11507.1	39.39	34	20	1	29	61	364	397	0.62	23.3
Seq7410_253_bp_1_0_0	ENA|CAB75732|CAB75732.1	57.14	14	6	0	51	64	915	928	0.21	24.7
Seq7410_253_bp_1_0_0	ENA|AAA24145|AAA24145.1	32.14	28	19	0	56	83	322	349	1.9	20.1
Seq7410_253_bp_1_0_0	ENA|CAA36214|CAA36214.1	53.85	13	6	0	12	24	233	245	2.3	19.2
Seq7410_253_bp_1_0_0	ENA|CCP43727|CCP43727.1	23.08	52	40	0	20	71	209	260	2.5	19.2
Seq7410_253_bp_1_0_0	ENA|AAC17860|AAC17860.1	22.86	35	27	0	10	44	105	139	5.7	18.3
Seq7410_253_bp_1_0_0	ENA|AAC26660|AAC26660.1	28.00	25	18	0	43	67	191	215	6.7	17.4
Seq7410_253_bp_1_0_0	ENA|CAL82360|CAL82360.1	24.14	59	44	1	7	64	52	110	6.9	19.7
Seq7410_253_bp_1_0_0	ENA|CAA28033|CAA28033.1	27.66	47	34	0	18	64	761	807	7	19.7
Seq7410_253_bp_1_0_0	ENA|CAA24711|CAA24711.1	35.71	45	27	3	4	47	62	104	8.3	16.5
Seq7410_253_bp_1_0_0	ENA|AAC40132|AAC40132.1	31.25	16	11	0	21	36	126	141	8.9	17.9
Seq7410_253_bp_1_0_0	ENA|AAR37016|AAR37016.1	31.43	36	24	1	15	50	462	496	9	20.1
Seq7410_253_bp_1_0_0	ENA|CAA26023|CAA26023.1	100.00	5	0	0	1	5	45	49	9.7	17.4
Seq7410_253_bp_1_0_0	ENA|AAA42531|AAA42531.1	42.11	19	11	0	6	24	325	343	9.8	17.4
Seq7410_253_bp_1_1_0	ENA|BAB17681|BAB17681.1	46.67	15	8	0	3	17	170	184	0.79	18.5
Seq7410_253_bp_1_1_0	ENA|AAA25966|AAA25966.1	38.46	13	8	0	2	14	51	63	0.94	19.7
Seq7410_253_bp_1_1_0	ENA|CAA26939|CAA26939.1	50.00	12	6	0	1	12	554	565	2.4	17.9
Seq7410_253_bp_1_1_0	ENA|ACT10338|ACT10338.1	38.46	13	8	0	7	19	266	278	5.3	16.2
Seq7410_253_bp_1_1_0	ENA|CAA73529|CAA73529.1	35.29	17	11	0	2	18	119	135	8	15.1
Seq7410_253_bp_1_1_0	ENA|EDO47375|EDO47375.1	50.00	8	4	0	10	17	21	28	8.2	14.5
Seq7410_253_bp_1_1_1	ENA|CAA29956|CAA29956.1	37.50	16	10	0	4	19	260	275	5.2	16.2
Seq7410_253_bp_1_1_1	ENA|CAA26939|CAA26939.1	54.55	11	5	0	8	18	432	442	7.7	16.2
Seq7410_253_bp_1_1_2	ENA|AAC97205|AAC97205.1	45.45	11	6	0	4	14	1190	1200	0.11	23.7
Seq7410_253_bp_1_1_2	ENA|CAD53387|CAD53387.1	50.00	10	5	0	10	19	485	494	0.42	20.5
Seq7410_253_bp_1_1_2	ENA|CAA26939|CAA26939.1	50.00	19	9	1	1	19	252	269	0.48	20.5
Seq7410_253_bp_1_1_2	ENA|AAR31603|AAR31603.1	44.44	9	5	0	1	9	285	293	1	18.6
Seq7410_253_bp_1_1_2	ENA|AAB96524|AAB96524.1	30.00	10	7	0	10	19	73	82	1.4	17.4
Seq7410_253_bp_1_1_2	ENA|CAA11507|CAA11507.1	38.46	14	8	1	9	22	263	275	1.7	19.9
Seq7410_253_bp_1_1_2	ENA|AAC17860|AAC17860.1	50.00	8	4	0	2	9	191	198	3	17.4
Seq7410_253_bp_1_1_2	ENA|AAA24145|AAA24145.1	50.00	8	4	0	7	14	27	34	3.4	17.4
Seq7410_253_bp_1_1_2	ENA|BAA05866|BAA05866.1	33.33	12	8	0	1	12	170	181	3.5	16.7
Seq7410_253_bp_1_1_2	ENA|AAA32624|AAA32624.1	75.00	4	1	0	18	21	480	483	3.8	17.4
Seq7410_253_bp_1_1_2	ENA|CAA45199|CAA45199.1	50.00	6	3	0	3	8	48	53	5.3	16.7
Seq7410_253_bp_1_1_2	ENA|BAA32956|BAA32956.1	75.00	4	1	0	13	16	15	18	5.7	15.4
Seq7410_253_bp_1_1_2	ENA|ABK71357|ABK71357.1	50.00	8	4	0	4	11	47	54	6.4	16.1
Seq7410_253_bp_1_1_2	ENA|AAR37016|AAR37016.1	71.43	7	2	0	2	8	1029	1035	6.9	18.6
Seq7410_253_bp_1_1_2	ENA|AAA18786|AAA18786.1	50.00	6	3	0	4	9	66	71	7.1	15.4
Seq7410_253_bp_1_1_2	ENA|CAA24711|CAA24711.1	50.00	6	3	0	2	7	42	47	7.1	14.8
Seq7410_253_bp_1_1_2	ENA|BAB17681|BAB17681.1	100.00	4	0	0	9	12	243	246	7.2	15.4
Seq7410_253_bp_1_1_2	ENA|ABD49687|ABD49687.1	41.67	12	7	0	6	17	1004	1015	7.8	18.0
Seq7410_253_bp_1_1_2	ENA|CAA28033|CAA28033.1	50.00	8	4	0	3	10	253	260	9.1	17.4
Seq7410_253_bp_1_1_2	ENA|ACH70901|ACH70901.1	36.36	11	7	0	1	11	156	166	9.3	15.4
Seq7410_253_bp_1_1_2	ENA|AAC08817|AAC08817.1	60.00	5	2	0	16	20	80	84	9.8	14.2
Seq7410_253_bp_1_1_2	ENA|AAI27517|AAI27517.1	27.27	11	8	0	3	13	518	528	9.8	16.1
Seq7410_253_bp_1_1_2	ENA|AAB66912|AAB66912.1	57.14	7	3	0	4	10	935	941	10	16.7
Seq7410_253_bp_1_1_2	ENA|AAF79734|AAF79734.1	66.67	6	2	0	2	7	87	92	10	17.4
Seq7410_253_bp_1_2_0	ENA|CAA28033|CAA28033.1	41.18	17	10	0	2	18	285	301	2.3	19.2
Seq7410_253_bp_1_2_0	ENA|CAA45708|CAA45708.1	40.00	15	9	0	2	16	641	655	2.7	19.2
Seq7410_253_bp_1_2_0	ENA|ABN10845|ABN10845.1	66.67	6	2	0	13	18	195	200	3.5	16.0
Seq7410_253_bp_1_2_0	ENA|AAC97205|AAC97205.1	46.15	13	7	0	7	19	147	159	4.5	18.1
Seq7410_253_bp_1_2_0	ENA|CAA29956|CAA29956.1	30.77	13	9	0	3	15	202	214	6	16.0
Seq7410_253_bp_1_2_0	ENA|AAA72732|AAA72732.1	36.36	11	7	0	2	12	139	149	7.2	15.4
Seq7410_253_bp_1_2_0	ENA|AAB26998|AAB26998.1	60.00	5	2	0	14	18	65	69	7.9	13.3
Seq7410_253_bp_1_2_0	ENA|AAC26660|AAC26660.1	44.44	9	5	0	1	9	30	38	8.4	14.9
Seq7410_253_bp_1_2_0	ENA|AAB96524|AAB96524.1	43.75	17	9	1	2	18	165	180	8.8	14.4
Seq7410_253_bp_1_2_0	ENA|AAI27517|AAI27517.1	57.14	7	3	0	4	10	542	548	9.1	16.0
Seq7410_253_bp_1_2_0	ENA|BAA36759|BAA36759.1	50.00	8	4	0	4	11	162	169	9.4	14.9
Seq7410_253_bp_1_2_1	ENA|AAC78721|AAC78721.1	55.56	9	4	0	3	11	254	262	3.4	16.9
Seq7410_253_bp_1_2_1	ENA|AAC49865|AAC49865.1	25.00	8	6	0	4	11	169	176	3.7	15.7
Seq7410_253_bp_1_2_1	ENA|CAA28033|CAA28033.1	44.44	9	5	0	2	10	863	871	4.3	17.5
Seq7410_253_bp_1_2_1	ENA|AAA32624|AAA32624.1	66.67	10	3	1	2	10	516	525	8.5	15.1
Seq7410_253_bp_1_2_2	ENA|AAA32624|AAA32624.1	23.08	26	20	0	7	32	223	248	2.1	18.9
Seq7410_253_bp_1_2_2	ENA|BAA32956|BAA32956.1	38.46	13	8	0	19	31	200	212	7.2	15.7
Seq7410_253_bp_-1_0_0	ENA|AAC08817|AAC08817.1	50.00	10	5	0	2	11	119	128	1.6	17.1
Seq7410_253_bp_-1_0_0	ENA|EDO47375|EDO47375.1	44.44	9	5	0	9	17	176	184	5.4	15.5
Seq7410_253_bp_-1_0_0	ENA|AAR31603|AAR31603.1	38.46	13	8	0	2	14	70	82	6.5	16.0
Seq7410_253_bp_-1_0_1	ENA|AAB03707|AAB03707.1	62.50	8	3	0	6	13	1067	1074	3.2	18.7
Seq7410_253_bp_-1_0_1	ENA|BAA32018|BAA32018.1	46.67	15	8	0	2	16	278	292	3.4	17.5
Seq7410_253_bp_-1_0_1	ENA|AAR31603|AAR31603.1	42.86	14	8	0	2	15	83	96	4.1	16.3
Seq7410_253_bp_-1_0_1	ENA|AAC78721|AAC78721.1	25.00	16	12	0	2	17	301	316	5.4	16.9
Seq7410_253_bp_-1_0_1	ENA|CAA29968|CAA29968.1	80.00	5	1	0	4	8	68	72	5.6	15.1
Seq7410_253_bp_-1_0_1	ENA|CAL82360|CAL82360.1	83.33	6	1	0	8	13	1074	1079	9.9	16.9
Seq7410_253_bp_-1_1_0	ENA|CAB75732|CAB75732.1	38.46	13	8	0	3	15	1143	1155	0.99	19.9
Seq7410_253_bp_-1_1_0	ENA|AAC49865|AAC49865.1	71.43	7	2	0	4	10	87	93	1.1	18.0
Seq7410_253_bp_-1_1_0	ENA|BAB79260|BAB79260.1	38.46	13	8	0	1	13	178	190	1.5	18.0
Seq7410_253_bp_-1_1_0	ENA|BAA05866|BAA05866.1	55.56	9	4	0	4	12	6	14	1.6	17.3
Seq7410_253_bp_-1_1_0	ENA|AAF79734|AAF79734.1	66.67	9	3	0	3	11	979	987	1.9	19.3
Seq7410_253_bp_-1_1_0	ENA|AAA42531|AAA42531.1	55.56	9	4	0	1	9	102	110	2	17.3
Seq7410_253_bp_-1_1_0	ENA|AAC17860|AAC17860.1	50.00	8	4	0	4	11	58	65	2.1	17.3
Seq7410_253_bp_-1_1_0	ENA|AAQ92751|AAQ92751.2	33.33	12	8	0	1	12	844	855	2.9	18.6
Seq7410_253_bp_-1_1_0	ENA|CAA28033|CAA28033.1	38.46	13	8	0	1	13	1052	1064	4.2	18.0
Seq7410_253_bp_-1_1_0	ENA|AAB03707|AAB03707.1	71.43	7	2	0	8	14	219	225	4.5	18.0
Seq7410_253_bp_-1_1_0	ENA|AAB66912|AAB66912.1	26.67	15	11	0	1	15	132	146	4.7	17.3
Seq7410_253_bp_-1_1_0	ENA|CAA24711|CAA24711.1	80.00	5	1	0	7	11	52	56	5.4	14.7
Seq7410_253_bp_-1_1_0	ENA|AAA36539|AAA36539.1	44.44	9	5	0	1	9	186	194	6	16.0
Seq7410_253_bp_-1_1_0	ENA|AAA72732|AAA72732.1	46.15	14	7	1	1	14	92	104	6.2	15.3
Seq7410_253_bp_-1_1_0	ENA|AAA36114|AAA36114.1	57.14	7	3	0	7	13	82	88	6.4	16.0
Seq7410_253_bp_-1_1_0	ENA|CCP43727|CCP43727.1	26.67	15	11	0	1	15	161	175	6.5	15.3
Seq7410_253_bp_-1_1_0	ENA|CAA45708|CAA45708.1	42.86	7	4	0	1	7	828	834	7.6	17.3
Seq7410_253_bp_-1_1_0	ENA|CAA73529|CAA73529.1	57.14	7	3	0	1	7	134	140	8.3	14.7
Seq7410_253_bp_-1_1_0	ENA|BAA36759|BAA36759.1	62.50	8	3	0	4	11	191	198	8.7	14.7
Seq7410_253_bp_-1_1_0	ENA|EDO47375|EDO47375.1	57.14	7	3	0	3	9	32	38	9	14.0
Seq7410_253_bp_-1_1_0	ENA|CAA36214|CAA36214.1	50.00	6	3	0	10	15	1	6	9.2	14.7
Seq7410_253_bp_-1_1_0	ENA|CAL82360|CAL82360.1	83.33	6	1	0	3	8	562	567	9.8	16.7
Seq7410_253_bp_-1_1_1	ENA|CAA43419|CAA43419.1	66.67	6	2	0	1	6	131	136	8.2	14.5
Seq7410_253_bp_-1_1_2	ENA|BAA36759|BAA36759.1	33.33	18	12	0	2	19	74	91	0.72	18.7
Seq7410_253_bp_-1_1_2	ENA|AAC49865|AAC49865.1	33.33	12	8	0	7	18	26	37	1.2	18.2
Seq7410_253_bp_-1_1_2	ENA|CAA28033|CAA28033.1	27.78	18	13	0	1	18	935	952	6.5	17.7
Seq7410_253_bp_-1_1_2	ENA|CAA43419|CAA43419.1	50.00	8	4	0	1	8	208	215	8	15.5
Seq7410_253_bp_-1_2_0	ENA|BAB79260|BAB79260.1	32.00	27	17	2	3	27	150	176	0.37	20.9
Seq7410_253_bp_-1_2_0	ENA|CAA26023|CAA26023.1	35.71	14	9	0	13	26	151	164	0.73	19.6
Seq7410_253_bp_-1_2_0	ENA|BAA32018|BAA32018.1	53.85	13	6	0	2	14	177	189	0.78	20.2
Seq7410_253_bp_-1_2_0	ENA|EDO47375|EDO47375.1	24.00	29	19	4	3	27	102	130	0.85	18.4
Seq7410_253_bp_-1_2_0	ENA|AAA36539|AAA36539.1	54.55	11	5	0	4	14	192	202	1.4	19.0
Seq7410_253_bp_-1_2_0	ENA|AAR31603|AAR31603.1	50.00	14	7	0	2	15	295	308	1.5	18.4
Seq7410_253_bp_-1_2_0	ENA|AAC08817|AAC08817.1	41.67	12	7	0	9	20	76	87	1.7	17.1
Seq7410_253_bp_-1_2_0	ENA|AAI27517|AAI27517.1	71.43	7	2	0	20	26	160	166	1.7	19.0
Seq7410_253_bp_-1_2_0	ENA|CAA24711|CAA24711.1	33.33	15	10	0	1	15	149	163	2.8	16.5
Seq7410_253_bp_-1_2_0	ENA|BAB17681|BAB17681.1	28.57	14	10	0	3	16	4	17	2.9	17.1
Seq7410_253_bp_-1_2_0	ENA|ABD33854|ABD33854.1	33.33	12	8	0	1	12	15	26	3.7	14.7
Seq7410_253_bp_-1_2_0	ENA|CAA26939|CAA26939.1	33.33	27	18	0	1	27	67	93	3.9	17.8
Seq7410_253_bp_-1_2_0	ENA|ABK71357|ABK71357.1	38.10	21	13	0	4	24	56	76	3.9	17.1
Seq7410_253_bp_-1_2_0	ENA|CAA36214|CAA36214.1	83.33	6	1	0	7	12	295	300	4.8	16.5
Seq7410_253_bp_-1_2_0	ENA|AAA72732|AAA72732.1	83.33	6	1	0	18	23	258	263	4.9	16.5
Seq7410_253_bp_-1_2_0	ENA|AAC49865|AAC49865.1	43.75	16	9	0	12	27	33	48	5.2	16.5
Seq7410_253_bp_-1_2_0	ENA|AAB26998|AAB26998.1	37.50	8	5	0	13	20	10	17	6.8	14.0
Seq7410_253_bp_-1_2_0	ENA|CAA45199|CAA45199.1	38.46	13	8	0	5	17	132	144	7.3	16.5
Seq7410_253_bp_-1_2_0	ENA|ABG75784|ABG75784.1	80.00	5	1	0	23	27	84	88	7.4	15.9
Seq7410_253_bp_-1_2_0	ENA|ABN10845|ABN10845.1	35.29	17	11	0	11	27	76	92	7.9	15.3
Seq7410_253_bp_-1_2_0	ENA|AAA32624|AAA32624.1	62.50	8	3	0	4	11	52	59	8	16.5
Seq7410_253_bp_-1_2_0	ENA|ACH70901|ACH70901.1	50.00	10	5	0	6	15	184	193	8.4	15.9
Seq7410_253_bp_-1_2_0	ENA|AAC26660|AAC26660.1	55.56	9	4	0	8	16	71	79	9.2	15.3
Seq7410_253_bp_-1_2_0	ENA|AAB66912|AAB66912.1	36.36	11	7	0	6	16	429	439	9.2	17.1
Seq7410_253_bp_-1_2_0	ENA|AAC17860|AAC17860.1	50.00	10	5	0	2	11	157	166	9.5	15.9
Seq7410_253_bp_-1_2_1	ENA|EDO47375|EDO47375.1	54.55	11	5	0	14	24	114	124	1.3	18.5
Seq7410_253_bp_-1_2_1	ENA|ABK71357|ABK71357.1	44.44	19	10	1	1	18	66	84	1.8	19.1
Seq7410_253_bp_-1_2_1	ENA|BAB79260|BAB79260.1	29.41	17	12	0	8	24	282	298	2.2	19.1
Seq7410_253_bp_-1_2_1	ENA|BAA32956|BAA32956.1	31.58	19	13	0	1	19	117	135	3.1	17.4
Seq7410_253_bp_-1_2_1	ENA|AAC40132|AAC40132.1	39.13	23	14	0	8	30	59	81	3.3	18.5
Seq7410_253_bp_-1_2_1	ENA|CAA28033|CAA28033.1	46.15	13	7	0	3	15	521	533	4.2	19.6
Seq7410_253_bp_-1_2_1	ENA|CAA36214|CAA36214.1	55.56	9	4	0	4	12	30	38	4.4	17.4
Seq7410_253_bp_-1_2_1	ENA|AAA36114|AAA36114.1	43.75	16	9	0	14	29	51	66	5	18.0
Seq7410_253_bp_-1_2_1	ENA|AAI27517|AAI27517.1	35.71	14	9	0	22	35	10	23	5.8	18.0
Seq7410_253_bp_-1_2_1	ENA|AAB66912|AAB66912.1	36.84	19	12	0	20	38	57	75	6.2	18.5
Seq7410_253_bp_-1_2_1	ENA|AAA24145|AAA24145.1	31.58	19	13	0	16	34	70	88	6.6	17.4
Seq7410_253_bp_-1_2_1	ENA|ABN10845|ABN10845.1	30.77	13	9	0	1	13	27	39	6.6	16.3
Seq7410_253_bp_-1_2_1	ENA|AAF79734|AAF79734.1	66.67	9	3	0	27	35	724	732	6.6	19.1
Seq7410_253_bp_-1_2_1	ENA|AAB96524|AAB96524.1	57.14	7	3	0	28	34	25	31	8.1	15.8
