Seq713_74_bp_1_0_0	AAA65607.1	100.00	24	0	0	1	24	301	324	1.2e-13	61.9
Seq713_74_bp_1_0_0	AAA26915.1	38.10	23	13	2	4	24	297	319	1.1	19.2
Seq713_74_bp_1_0_0	ACT10338.1	31.58	19	13	0	1	19	248	266	3.1	17.4
Seq713_74_bp_1_0_0	AAA18786.1	55.56	9	4	0	2	10	47	55	4.5	16.3
Seq713_74_bp_1_0_0	AAC08817.1	40.00	15	9	0	3	17	75	89	4.6	15.5
Seq713_74_bp_1_0_0	AAA24969.1	26.09	23	17	0	1	23	99	121	5.5	18.5
Seq713_74_bp_1_1_0	BAB70780.1	50.00	10	5	0	1	10	56	65	0.075	22.2
Seq713_74_bp_1_1_0	AAC08817.1	33.33	12	8	0	1	12	133	144	0.28	18.7
Seq713_74_bp_1_1_0	AAR31603.1	50.00	8	4	0	4	11	301	308	2.2	16.7
Seq713_74_bp_1_1_0	AAA23282.1	66.67	6	2	0	8	13	115	120	2.7	17.2
Seq713_74_bp_1_1_0	AAI27517.1	80.00	5	1	0	7	11	294	298	3.9	16.7
Seq713_74_bp_1_1_0	ABD49687.1	55.56	9	4	0	5	13	4	12	4	18.2
Seq713_74_bp_1_1_0	CAA74140.1	100.00	4	0	0	8	11	924	927	4.4	17.2
Seq713_74_bp_1_1_0	AAB03707.1	55.56	9	4	0	1	9	1286	1294	4.6	17.7
Seq713_74_bp_1_1_0	ABL74574.1	50.00	10	5	0	2	11	252	261	5.3	15.2
Seq713_74_bp_1_1_0	BAA32956.1	60.00	5	2	0	7	11	188	192	7.5	14.2
Seq713_74_bp_1_1_0	AII71783.1	66.67	6	2	0	4	9	168	173	7.8	14.7
Seq713_74_bp_1_1_0	AAA26915.1	36.36	11	7	0	2	12	437	447	8.3	15.2
Seq713_74_bp_1_1_0	AAB96524.1	44.44	10	5	1	1	10	8	16	9.2	13.8
Seq713_74_bp_1_1_0	AAA45888.1	80.00	5	1	0	9	13	305	309	9.5	14.7
Seq713_74_bp_1_1_0	AAX12058.1	100.00	3	0	0	9	11	220	222	9.6	14.2
Seq713_74_bp_1_1_1	ABD33854.1	37.50	8	5	0	3	10	34	41	1.7	14.4
Seq713_74_bp_1_1_1	BAE97662.1	50.00	10	5	0	1	10	895	904	4.4	17.1
Seq713_74_bp_1_1_1	AAC08817.1	30.00	10	7	0	1	10	68	77	6.1	13.8
Seq713_74_bp_-1_0_0	BAB79260.1	44.44	20	10	2	2	21	54	71	0.023	24.7
Seq713_74_bp_-1_0_0	BAB17681.1	40.00	10	6	0	9	18	11	20	0.71	19.0
Seq713_74_bp_-1_0_0	BAA32018.1	37.50	16	10	0	8	23	362	377	1.2	19.4
Seq713_74_bp_-1_0_0	CAA73529.1	38.46	13	8	0	8	20	260	272	1.2	18.2
Seq713_74_bp_-1_0_0	CAA26230.1	28.57	21	15	0	4	24	287	307	1.5	19.0
Seq713_74_bp_-1_0_0	AAF01122.1	50.00	6	3	0	2	7	292	297	1.7	18.2
Seq713_74_bp_-1_0_0	AAA45888.1	50.00	10	5	0	1	10	357	366	1.7	18.2
Seq713_74_bp_-1_0_0	AIR13712.1	40.00	17	9	2	7	21	100	116	2	17.8
Seq713_74_bp_-1_0_0	CAA45199.1	40.00	15	9	0	7	21	116	130	2.1	18.2
Seq713_74_bp_-1_0_0	ABK71357.1	38.10	22	13	1	3	23	61	82	2.2	17.8
Seq713_74_bp_-1_0_0	ABN10845.1	38.89	20	11	2	2	19	54	73	2.3	17.0
Seq713_74_bp_-1_0_0	BAA32956.1	50.00	10	5	0	2	11	47	56	2.9	16.6
Seq713_74_bp_-1_0_0	BAA32991.1	40.00	10	6	0	15	24	39	48	5	14.1
Seq713_74_bp_-1_0_0	AAA42531.1	25.00	20	15	0	4	23	275	294	5.2	16.6
Seq713_74_bp_-1_0_0	AII71783.1	45.45	11	6	0	14	24	258	268	5.5	16.2
Seq713_74_bp_-1_0_0	ACT10338.1	33.33	22	14	1	3	23	274	295	6.8	16.2
Seq713_74_bp_-1_0_0	AAR31603.1	33.33	12	8	0	1	12	305	316	7.6	15.8
Seq713_74_bp_-1_0_0	AAI27517.1	55.56	10	4	1	2	11	417	425	7.8	16.6
Seq713_74_bp_-1_0_0	AAA65607.1	37.50	8	5	0	15	22	25	32	8.4	15.8
Seq713_74_bp_-1_0_0	AAC97205.1	29.41	17	12	0	4	20	848	864	9.1	17.4
Seq713_74_bp_-1_0_0	ABG75784.1	50.00	13	6	1	9	21	270	281	9.4	15.4
Seq713_74_bp_-1_0_0	AAB96524.1	15.00	20	17	0	2	21	95	114	9.7	14.6
Seq713_74_bp_-1_2_0	AAB03707.1	75.00	8	2	0	6	13	301	308	0.88	20.5
Seq713_74_bp_-1_2_0	CAA73529.1	40.00	16	9	1	1	15	199	214	1.6	17.2
Seq713_74_bp_-1_2_0	AAA45888.1	57.14	7	3	0	2	8	347	353	3	16.8
Seq713_74_bp_-1_2_0	CAA11507.1	54.55	11	5	0	1	11	326	336	3.4	18.4
Seq713_74_bp_-1_2_0	AAA25966.1	40.00	10	6	0	1	10	354	363	5.5	16.8
Seq713_74_bp_-1_2_0	AAX12058.1	41.67	12	7	0	4	15	53	64	8.2	14.8
Seq713_74_bp_-1_2_0	AAA42531.1	25.00	16	12	0	1	16	227	242	8.7	15.2
