Seq7696_267_bp_1_0_0	BAA32991.1	83.33	6	1	0	5	10	31	36	0.27	17.7
Seq7696_267_bp_1_0_0	AAB03707.1	28.57	14	10	0	1	14	167	180	0.36	21.7
Seq7696_267_bp_1_0_0	AAR37016.1	44.44	9	5	0	1	9	661	669	0.97	21.0
Seq7696_267_bp_1_0_0	AAB96524.1	80.00	5	1	0	6	10	177	181	1.8	16.4
Seq7696_267_bp_1_0_0	AAC97205.1	66.67	6	2	0	7	12	1178	1183	2	19.0
Seq7696_267_bp_1_0_0	AAR31603.1	30.77	13	9	0	3	15	217	229	3.2	16.4
Seq7696_267_bp_1_0_0	AIR13712.1	75.00	4	1	0	1	4	71	74	4.9	15.7
Seq7696_267_bp_1_0_0	CAA74140.1	50.00	6	3	0	1	6	4	9	5.6	17.1
Seq7696_267_bp_1_0_0	ABD33854.1	40.00	5	3	0	6	10	60	64	5.8	13.1
Seq7696_267_bp_1_0_0	CAA04196.1	60.00	5	2	0	4	8	378	382	6.2	15.7
Seq7696_267_bp_1_0_0	AAA18786.1	42.86	7	4	0	8	14	111	117	6.2	15.1
Seq7696_267_bp_1_0_0	EDO47375.1	50.00	9	4	1	2	10	137	144	6.9	14.4
Seq7696_267_bp_1_0_0	AAA32624.1	80.00	5	1	0	2	6	46	50	7.7	15.7
Seq7696_267_bp_1_0_0	AAC78721.1	40.00	5	3	0	11	15	21	25	9.7	15.7
Seq7696_267_bp_1_0_1	CAD53387.1	40.74	28	16	1	2	28	63	90	0.75	21.4
Seq7696_267_bp_1_0_1	CAD53387.1	40.74	28	16	1	2	28	129	156	0.75	21.4
Seq7696_267_bp_1_0_1	CAD53387.1	40.74	28	16	1	2	28	195	222	0.75	21.4
Seq7696_267_bp_1_0_1	CAD53387.1	40.74	28	16	1	2	28	261	288	0.75	21.4
Seq7696_267_bp_1_0_1	CAD53387.1	40.74	28	16	1	2	28	327	354	0.75	21.4
Seq7696_267_bp_1_0_1	CAD53387.1	40.74	28	16	1	2	28	393	420	0.75	21.4
Seq7696_267_bp_1_0_1	AAA26915.1	34.78	23	15	0	8	30	50	72	2.6	19.4
Seq7696_267_bp_1_0_1	ACT10338.1	37.50	16	10	0	22	37	260	275	4.2	18.5
Seq7696_267_bp_1_0_1	AAR31603.1	27.27	22	16	0	42	63	267	288	5	18.0
Seq7696_267_bp_1_0_1	AIR13712.1	38.89	18	11	0	40	57	211	228	6.8	17.5
Seq7696_267_bp_1_0_1	CAA11507.1	53.33	15	7	0	56	70	1018	1032	7.4	19.4
Seq7696_267_bp_1_0_1	AAA45888.1	38.89	18	11	0	46	63	304	321	7.9	17.5
Seq7696_267_bp_1_1_0	ABD49687.1	100.00	88	0	0	1	88	668	755	1.8e-65	238.2
Seq7696_267_bp_1_1_0	AAC97205.1	52.63	21	9	2	22	40	1216	1236	0.61	23.3
Seq7696_267_bp_1_1_0	AAA18786.1	29.82	59	40	2	1	57	175	233	2	19.3
Seq7696_267_bp_1_1_0	ABN10845.1	33.33	15	10	0	29	43	165	179	2.3	18.8
Seq7696_267_bp_1_1_0	AAX12058.1	33.33	21	14	0	68	88	125	145	2.9	18.8
Seq7696_267_bp_1_1_0	AAA32376.1	36.36	11	7	0	73	83	157	167	3.6	17.9
Seq7696_267_bp_1_1_0	AAA25966.1	33.33	18	12	0	6	23	674	691	3.8	19.8
Seq7696_267_bp_1_1_0	ABK71357.1	61.54	13	5	0	24	36	128	140	3.9	18.8
Seq7696_267_bp_1_1_0	CAA11507.1	29.03	33	22	2	23	55	1262	1292	9.5	19.3
Seq7696_267_bp_1_2_0	AEE27845.1	60.00	16	6	1	2	16	816	831	0.52	22.5
Seq7696_267_bp_1_2_0	BAA32018.1	71.43	7	2	0	16	22	368	374	0.88	20.5
Seq7696_267_bp_1_2_0	AAA25966.1	41.67	12	7	0	10	21	606	617	1	20.5
Seq7696_267_bp_1_2_0	AAF01122.1	33.33	21	14	0	5	25	328	348	1	19.6
Seq7696_267_bp_1_2_0	ABN10845.1	41.18	18	10	1	16	33	95	111	1.6	18.1
Seq7696_267_bp_1_2_0	ABS38337.1	42.11	19	11	0	2	20	1231	1249	1.8	20.5
Seq7696_267_bp_1_2_0	AAB96524.1	30.00	10	7	0	26	35	59	68	2.7	17.1
Seq7696_267_bp_1_2_0	CAA26230.1	21.43	14	11	0	10	23	98	111	4.1	18.1
Seq7696_267_bp_1_2_0	ABL74574.1	44.44	9	5	0	9	17	135	143	4.1	17.1
Seq7696_267_bp_1_2_0	ABD49687.1	63.64	11	4	0	5	15	65	75	4.6	19.6
Seq7696_267_bp_1_2_0	AAA26915.1	75.00	4	1	0	28	31	432	435	4.7	17.6
Seq7696_267_bp_1_2_0	AAA65607.1	33.33	12	8	0	12	23	272	283	5.2	17.1
Seq7696_267_bp_1_2_0	AAC78721.1	50.00	10	5	0	5	14	480	489	6.7	17.6
Seq7696_267_bp_1_2_0	ABK71357.1	60.00	5	2	0	27	31	139	143	7.2	16.7
Seq7696_267_bp_1_2_0	AAA42531.1	57.14	7	3	0	16	22	179	185	7.5	16.7
Seq7696_267_bp_1_2_0	AAA24142.1	60.00	5	2	0	30	34	91	95	8.6	16.7
Seq7696_267_bp_1_2_0	ABD33854.1	75.00	4	1	0	27	30	42	45	9	13.8
Seq7696_267_bp_1_2_0	AAA32624.1	20.00	10	8	0	14	23	72	81	9.8	16.7
Seq7696_267_bp_1_2_1	AAI27517.1	64.71	23	6	6	13	32	502	521	0.013	26.5
Seq7696_267_bp_1_2_1	AAR31603.1	38.46	13	8	0	24	36	150	162	2.5	18.1
Seq7696_267_bp_1_2_1	AAR37016.1	100.00	4	0	0	18	21	1313	1316	3.7	20.3
Seq7696_267_bp_1_2_1	AAB96524.1	40.00	16	9	1	11	25	168	183	4.4	16.4
Seq7696_267_bp_1_2_1	AAH69556.1	50.00	6	3	0	1	6	210	215	4.8	17.0
Seq7696_267_bp_1_2_1	ABD33854.1	44.44	9	5	0	13	21	36	44	6.9	14.2
Seq7696_267_bp_1_2_1	BAA32956.1	50.00	6	3	0	13	18	157	162	7.1	15.8
Seq7696_267_bp_1_2_1	AAC08817.1	75.00	4	1	0	10	13	34	37	8.1	15.3
Seq7696_267_bp_1_2_1	AAB26998.1	75.00	4	1	0	17	20	57	60	8.4	14.2
Seq7696_267_bp_1_2_1	BAB17681.1	37.50	8	5	0	11	18	37	44	9.1	15.8
Seq7696_267_bp_1_2_1	CAA74140.1	36.36	11	7	0	26	36	589	599	9.6	17.5
Seq7696_267_bp_1_2_1	AAQ92751.2	45.45	11	6	0	13	23	1050	1060	9.6	18.1
Seq7696_267_bp_-1_0_0	AAA32624.1	35.71	14	9	0	50	63	392	405	1.1	20.9
Seq7696_267_bp_-1_0_0	AAA26915.1	54.55	11	5	0	43	53	259	269	1.3	20.4
Seq7696_267_bp_-1_0_0	CAA04196.1	36.36	11	7	0	45	55	358	368	2.3	19.4
Seq7696_267_bp_-1_0_0	AAX12058.1	30.77	13	9	0	39	51	231	243	3.9	18.0
Seq7696_267_bp_-1_0_0	AAH69556.1	30.43	24	16	1	28	51	250	272	4.4	18.0
Seq7696_267_bp_-1_0_0	AAA24142.1	100.00	5	0	0	12	16	45	49	4.6	18.5
Seq7696_267_bp_-1_0_0	BAB79260.1	50.00	12	6	0	25	36	19	30	4.7	18.5
Seq7696_267_bp_-1_0_0	AAR31603.1	50.00	8	4	0	57	64	303	310	4.7	18.0
Seq7696_267_bp_-1_0_0	ABN10845.1	36.36	11	7	0	50	60	103	113	6	17.0
Seq7696_267_bp_-1_0_0	AAI27517.1	44.44	9	5	0	17	25	14	22	6	18.5
Seq7696_267_bp_-1_0_0	AII71783.1	28.57	14	10	0	10	23	143	156	6	17.5
Seq7696_267_bp_-1_0_0	AAR37016.1	60.00	10	4	0	52	61	1313	1322	6.3	20.4
Seq7696_267_bp_-1_0_0	ABD33854.1	50.00	6	3	0	50	55	39	44	6.5	15.1
Seq7696_267_bp_-1_0_0	BAA32991.1	42.86	7	4	0	15	21	27	33	7	15.1
Seq7696_267_bp_-1_0_0	ABS38337.1	47.06	18	9	1	20	36	429	446	9.1	19.0
Seq7696_267_bp_-1_0_1	AAA23282.1	60.00	10	4	0	10	19	56	65	2.7	17.9
Seq7696_267_bp_-1_0_1	CAA43372.1	27.27	11	8	0	10	20	5	15	6.4	16.1
Seq7696_267_bp_-1_0_1	AAQ92751.2	30.00	20	14	0	1	20	425	444	9.3	17.3
Seq7696_267_bp_-1_1_0	AAB64315.2	50.00	14	7	0	3	16	18	31	0.21	21.0
Seq7696_267_bp_-1_1_0	AIR13712.1	38.89	18	11	0	7	24	237	254	0.31	20.5
Seq7696_267_bp_-1_1_0	AAH69556.1	50.00	14	7	0	8	21	123	136	0.43	19.9
Seq7696_267_bp_-1_1_0	AAA32624.1	55.56	9	4	0	11	19	36	44	0.5	20.5
Seq7696_267_bp_-1_1_0	ABD49687.1	23.81	21	16	0	1	21	116	136	1.1	21.0
Seq7696_267_bp_-1_1_0	AAA72732.1	83.33	6	1	0	14	19	122	127	3.1	17.1
Seq7696_267_bp_-1_1_0	CAA26230.1	54.55	11	5	0	12	22	297	307	3.7	17.6
Seq7696_267_bp_-1_1_0	AAB26998.1	50.00	13	5	3	2	14	34	43	3.7	14.8
Seq7696_267_bp_-1_1_0	EDO47375.1	42.86	14	8	0	5	18	34	47	4	15.9
Seq7696_267_bp_-1_1_0	CAD53387.1	50.00	12	6	0	6	17	4	15	4.8	17.1
Seq7696_267_bp_-1_1_0	AAC08817.1	80.00	5	1	0	8	12	137	141	5.1	15.4
Seq7696_267_bp_-1_1_0	AAC97205.1	44.44	9	5	0	6	14	622	630	5.4	18.2
Seq7696_267_bp_-1_1_0	CAA11507.1	35.71	14	9	0	6	19	1041	1054	5.9	18.2
Seq7696_267_bp_-1_1_0	AAQ92751.2	57.14	7	3	0	8	14	1071	1077	6	18.2
Seq7696_267_bp_-1_1_0	AAR37016.1	55.56	9	4	0	14	22	281	289	6.9	18.8
Seq7696_267_bp_-1_1_0	AAA32376.1	57.14	7	3	0	15	21	7	13	7.8	14.8
Seq7696_267_bp_-1_1_0	BAA32018.1	41.67	12	7	0	10	21	321	332	8.6	16.5
Seq7696_267_bp_-1_1_0	CAA74140.1	41.18	20	10	3	5	21	316	335	8.7	17.1
Seq7696_267_bp_-1_1_0	BAB70780.1	25.00	12	9	0	10	21	62	73	9.8	15.9
Seq7696_267_bp_-1_1_1	AAA45888.1	42.86	23	12	2	3	23	172	194	0.0069	26.2
Seq7696_267_bp_-1_1_1	AAA25966.1	33.33	15	10	0	10	24	406	420	0.39	21.3
Seq7696_267_bp_-1_1_1	AEE27845.1	50.00	10	5	0	1	10	893	902	1.6	20.2
Seq7696_267_bp_-1_1_1	AAR37016.1	46.15	13	7	0	2	14	1457	1469	2.7	20.2
Seq7696_267_bp_-1_1_1	AAX12058.1	54.55	14	5	3	3	13	132	145	3	16.9
Seq7696_267_bp_-1_1_1	AAH69556.1	21.05	19	15	0	6	24	278	296	3.3	16.9
Seq7696_267_bp_-1_1_1	AAA32624.1	40.00	10	6	0	11	20	300	309	3.9	17.5
Seq7696_267_bp_-1_1_1	AAC17860.1	50.00	8	4	0	13	20	235	242	6.3	16.4
Seq7696_267_bp_-1_1_1	AAC78721.1	80.00	5	1	0	6	10	240	244	7.1	16.9
Seq7696_267_bp_-1_1_1	ABN10845.1	40.00	5	3	0	8	12	22	26	7.1	15.3
Seq7696_267_bp_-1_1_1	CAA45199.1	66.67	10	3	1	8	17	65	73	7.2	16.4
Seq7696_267_bp_-1_1_1	ABK71357.1	33.33	12	8	0	8	19	142	153	8.2	15.8
Seq7696_267_bp_-1_1_1	BAA32956.1	55.56	11	4	2	6	16	148	156	9.7	14.7
Seq7696_267_bp_-1_1_2	CAA04196.1	66.67	9	3	0	8	16	38	46	0.29	21.6
Seq7696_267_bp_-1_1_2	BAB17681.1	42.86	7	4	0	24	30	21	27	1.3	18.8
Seq7696_267_bp_-1_1_2	AII71783.1	46.67	15	8	0	19	33	183	197	2.1	18.3
Seq7696_267_bp_-1_1_2	CAA26230.1	28.57	14	10	0	15	28	341	354	2.6	18.8
Seq7696_267_bp_-1_1_2	AAA36565.1	33.33	22	14	1	11	32	79	99	3.5	16.6
Seq7696_267_bp_-1_1_2	AAI27517.1	37.50	8	5	0	24	31	18	25	4	18.3
Seq7696_267_bp_-1_1_2	BAA32018.1	66.67	6	2	0	25	30	3	8	4.2	18.3
Seq7696_267_bp_-1_1_2	ABK71357.1	50.00	8	4	0	29	36	191	198	5.3	17.2
Seq7696_267_bp_-1_1_2	AAA45888.1	75.00	8	2	0	10	17	10	17	5.5	17.2
Seq7696_267_bp_-1_1_2	AAA18786.1	66.67	6	2	0	31	36	182	187	5.6	16.6
Seq7696_267_bp_-1_1_2	AAC17860.1	16.67	12	10	0	24	35	234	245	5.8	17.2
Seq7696_267_bp_-1_1_2	AAR37016.1	50.00	12	6	0	18	29	197	208	7.1	19.4
Seq7696_267_bp_-1_1_2	AAA32624.1	50.00	8	4	0	19	26	296	303	7.3	17.2
Seq7696_267_bp_-1_1_2	CAA73529.1	36.36	11	7	0	1	11	249	259	8.2	16.0
Seq7696_267_bp_-1_1_2	AEE27845.1	40.00	10	6	0	6	15	135	144	8.9	18.3
Seq7696_267_bp_-1_1_2	BAA32956.1	60.00	5	2	0	34	38	129	133	9.1	15.5
Seq7696_267_bp_-1_2_0	AAF01122.1	60.00	10	4	0	22	31	331	340	0.52	20.3
Seq7696_267_bp_-1_2_0	AAA32376.1	50.00	10	5	0	4	13	6	15	1.3	17.8
Seq7696_267_bp_-1_2_0	ABL74574.1	44.44	9	5	0	10	18	141	149	2.2	17.8
Seq7696_267_bp_-1_2_0	ABD49687.1	61.54	13	5	0	4	16	1457	1469	3.3	19.8
Seq7696_267_bp_-1_2_0	AAA72732.1	36.36	11	7	0	2	12	226	236	3.3	17.3
Seq7696_267_bp_-1_2_0	CAA74140.1	44.44	9	5	0	13	21	757	765	3.5	18.8
Seq7696_267_bp_-1_2_0	AAB96524.1	28.57	14	10	0	3	16	65	78	3.9	16.3
Seq7696_267_bp_-1_2_0	AAC08817.1	46.15	13	7	0	16	28	140	152	6.7	15.3
Seq7696_267_bp_-1_2_0	AAB03707.1	55.56	9	4	0	9	17	1257	1265	9.8	17.8
Seq7696_267_bp_-1_2_1	CAA45199.1	50.00	10	5	0	31	40	12	21	0.75	20.9
Seq7696_267_bp_-1_2_1	ACH70904.1	26.67	15	11	0	9	23	236	250	1.2	19.8
Seq7696_267_bp_-1_2_1	CAA26230.1	30.30	36	23	3	19	52	487	521	1.9	19.8
Seq7696_267_bp_-1_2_1	AAQ92751.2	41.18	19	10	2	33	49	1298	1316	2.2	20.9
Seq7696_267_bp_-1_2_1	AAR37016.1	57.14	7	3	0	50	56	1124	1130	2.5	21.5
Seq7696_267_bp_-1_2_1	AAB64315.2	60.00	5	2	0	50	54	174	178	3.4	18.2
Seq7696_267_bp_-1_2_1	AAA65607.1	35.00	20	13	0	17	36	257	276	3.8	18.2
Seq7696_267_bp_-1_2_1	AAC08817.1	83.33	6	1	0	5	10	27	32	5.2	16.6
Seq7696_267_bp_-1_2_1	AAB03707.1	33.33	12	8	0	45	56	252	263	6.5	19.3
Seq7696_267_bp_-1_2_1	BAB79260.1	62.50	9	3	1	48	56	52	59	6.6	17.7
Seq7696_267_bp_-1_2_1	AAA18786.1	35.29	18	11	1	19	35	225	242	8.2	16.6
Seq7696_267_bp_-1_2_1	AAX12058.1	42.86	7	4	0	15	21	73	79	8.4	16.6
Seq7696_267_bp_-1_2_1	BAA32018.1	66.67	6	2	0	2	7	106	111	8.9	17.7
