Seq8102_293_bp_1_0_0	ENA|BAA32956|BAA32956.1	75.00	8	2	0	11	18	182	189	0.1	21.3
Seq8102_293_bp_1_0_0	ENA|BAA32956|BAA32956.1	42.86	14	8	0	4	17	190	203	0.49	19.0
Seq8102_293_bp_1_0_0	ENA|AAB03707|AAB03707.1	41.67	12	7	0	7	18	850	861	0.3	22.4
Seq8102_293_bp_1_0_0	ENA|AAC08817|AAC08817.1	28.57	14	10	0	5	18	39	52	0.37	19.0
Seq8102_293_bp_1_0_0	ENA|CCP43727|CCP43727.1	60.00	10	4	0	4	13	289	298	1.1	18.4
Seq8102_293_bp_1_0_0	ENA|AAB26998|AAB26998.1	50.00	6	3	0	16	21	74	79	1.3	16.1
Seq8102_293_bp_1_0_0	ENA|CAD53387|CAD53387.1	46.67	15	8	0	2	16	31	45	1.7	18.4
Seq8102_293_bp_1_0_0	ENA|ABD33854|ABD33854.1	40.00	10	6	0	2	11	33	42	2.4	14.9
Seq8102_293_bp_1_0_0	ENA|AAB66912|AAB66912.1	57.14	7	3	0	1	7	296	302	3.2	18.4
Seq8102_293_bp_1_0_0	ENA|AAF79734|AAF79734.1	33.33	15	10	0	6	20	270	284	3.3	19.0
Seq8102_293_bp_1_0_0	ENA|CAA45708|CAA45708.1	33.33	15	10	0	3	17	1208	1222	5.1	18.4
Seq8102_293_bp_1_0_0	ENA|CAA26023|CAA26023.1	100.00	4	0	0	1	4	12	15	6.2	16.1
Seq8102_293_bp_1_0_0	ENA|AAI27517|AAI27517.1	33.33	12	8	0	1	12	355	366	6.4	16.7
Seq8102_293_bp_1_0_0	ENA|AAA18786|AAA18786.1	25.00	12	9	0	2	13	209	220	6.5	15.5
Seq8102_293_bp_1_0_0	ENA|ABN10845|ABN10845.1	100.00	4	0	0	2	5	204	207	7.7	14.9
Seq8102_293_bp_1_0_0	ENA|AAR31603|AAR31603.1	45.45	11	6	0	4	14	274	284	7.8	15.5
Seq8102_293_bp_1_0_0	ENA|AAC97205|AAC97205.1	50.00	12	6	0	4	15	203	214	8.8	17.2
Seq8102_293_bp_1_0_0	ENA|AAC17860|AAC17860.1	40.00	10	6	0	6	15	77	86	9.6	15.5
Seq8102_293_bp_1_0_1	ENA|AAB66912|AAB66912.1	54.55	11	5	0	10	20	297	307	0.44	22.2
Seq8102_293_bp_1_0_1	ENA|BAA32956|BAA32956.1	39.13	23	14	0	14	36	173	195	1.5	18.3
Seq8102_293_bp_1_0_1	ENA|AAC08817|AAC08817.1	39.29	28	17	0	9	36	117	144	1.5	17.8
Seq8102_293_bp_1_0_1	ENA|CAA26939|CAA26939.1	29.17	24	17	0	5	28	514	537	2.8	18.8
Seq8102_293_bp_1_0_1	ENA|AAR37016|AAR37016.1	40.91	22	13	0	7	28	407	428	3	20.7
Seq8102_293_bp_1_0_1	ENA|ABN10845|ABN10845.1	75.00	4	1	0	2	5	107	110	4.1	16.8
Seq8102_293_bp_1_0_1	ENA|AAC97205|AAC97205.1	83.33	6	1	0	31	36	713	718	4.3	19.3
Seq8102_293_bp_1_0_1	ENA|AAA36539|AAA36539.1	100.00	4	0	0	21	24	22	25	4.5	17.8
Seq8102_293_bp_1_0_1	ENA|AAI27517|AAI27517.1	44.44	29	15	2	1	27	509	537	5.6	17.8
Seq8102_293_bp_1_0_1	ENA|ACH70901|ACH70901.1	46.15	13	7	0	3	15	148	160	6.6	16.8
Seq8102_293_bp_1_0_1	ENA|CAA26023|CAA26023.1	33.33	6	4	0	1	6	162	167	7	16.8
Seq8102_293_bp_1_0_1	ENA|AAR31603|AAR31603.1	37.50	8	5	0	4	11	103	110	8.3	16.3
Seq8102_293_bp_1_0_1	ENA|AAC78721|AAC78721.1	43.75	16	9	0	12	27	629	644	8.6	17.3
Seq8102_293_bp_1_0_2	ENA|AAC08817|AAC08817.1	46.15	13	7	0	1	13	74	86	0.012	24.5
Seq8102_293_bp_1_0_2	ENA|ABK71357|ABK71357.1	50.00	12	6	0	18	29	60	71	0.1	22.7
Seq8102_293_bp_1_0_2	ENA|ABD49687|ABD49687.1	40.00	25	12	5	5	24	32	56	0.46	22.7
Seq8102_293_bp_1_0_2	ENA|AAI27517|AAI27517.1	44.44	9	5	0	11	19	256	264	0.87	20.2
Seq8102_293_bp_1_0_2	ENA|AAA18786|AAA18786.1	35.71	14	9	0	18	31	24	37	0.92	19.0
Seq8102_293_bp_1_0_2	ENA|CAA29956|CAA29956.1	29.41	17	12	0	2	18	8	24	1.3	19.0
Seq8102_293_bp_1_0_2	ENA|AAQ92751|AAQ92751.2	60.00	5	2	0	8	12	783	787	2	20.2
Seq8102_293_bp_1_0_2	ENA|BAB17681|BAB17681.1	75.00	4	1	0	11	14	121	124	2.2	17.7
Seq8102_293_bp_1_0_2	ENA|CAA45708|CAA45708.1	27.27	11	8	0	4	14	315	325	2.2	20.2
Seq8102_293_bp_1_0_2	ENA|AAA72732|AAA72732.1	50.00	10	5	0	17	26	272	281	2.5	17.7
Seq8102_293_bp_1_0_2	ENA|BAA32956|BAA32956.1	55.56	9	4	0	1	9	189	197	2.6	17.1
Seq8102_293_bp_1_0_2	ENA|AAC97205|AAC97205.1	66.67	6	2	0	9	14	976	981	2.7	19.6
Seq8102_293_bp_1_0_2	ENA|AAB66912|AAB66912.1	16.67	12	10	0	8	19	312	323	3.2	19.0
Seq8102_293_bp_1_0_2	ENA|AAS77176|AAS77176.1	40.00	10	6	0	12	21	41	50	3.5	17.1
Seq8102_293_bp_1_0_2	ENA|AAC17860|AAC17860.1	57.14	7	3	0	7	13	315	321	4.9	17.1
Seq8102_293_bp_1_0_2	ENA|AAR37016|AAR37016.1	36.36	11	7	0	18	28	146	156	5.1	19.6
Seq8102_293_bp_1_0_2	ENA|AAC78721|AAC78721.1	40.00	10	6	0	1	10	631	640	5.3	17.7
Seq8102_293_bp_1_0_2	ENA|CAA43419|CAA43419.1	26.67	15	11	0	10	24	118	132	6.7	16.5
Seq8102_293_bp_1_0_2	ENA|AAF79734|AAF79734.1	35.71	14	9	0	11	24	1357	1370	7.3	18.3
Seq8102_293_bp_1_1_0	ENA|BAA32956|BAA32956.1	46.67	15	8	0	4	18	186	200	0.098	23.5
Seq8102_293_bp_1_1_0	ENA|CAD53387|CAD53387.1	48.65	44	19	7	8	47	66	106	0.23	23.5
Seq8102_293_bp_1_1_0	ENA|CAD53387|CAD53387.1	48.65	44	19	7	8	47	132	172	0.23	23.5
Seq8102_293_bp_1_1_0	ENA|CAD53387|CAD53387.1	48.65	44	19	7	8	47	198	238	0.23	23.5
Seq8102_293_bp_1_1_0	ENA|CAD53387|CAD53387.1	48.65	44	19	7	8	47	264	304	0.23	23.5
Seq8102_293_bp_1_1_0	ENA|CAD53387|CAD53387.1	48.65	44	19	7	8	47	330	370	0.23	23.5
Seq8102_293_bp_1_1_0	ENA|CAD53387|CAD53387.1	48.65	44	19	7	8	47	396	436	0.23	23.5
Seq8102_293_bp_1_1_0	ENA|CAD53387|CAD53387.1	42.86	30	16	2	18	47	13	40	0.35	22.9
Seq8102_293_bp_1_1_0	ENA|AAC78721|AAC78721.1	38.71	34	19	3	67	97	572	605	0.31	23.5
Seq8102_293_bp_1_1_0	ENA|AAC97205|AAC97205.1	57.14	17	6	3	78	91	178	194	0.57	23.5
Seq8102_293_bp_1_1_0	ENA|ABK71357|ABK71357.1	87.50	8	1	0	36	43	368	375	0.85	21.2
Seq8102_293_bp_1_1_0	ENA|CAA26939|CAA26939.1	54.55	11	5	0	47	57	192	202	0.88	21.8
Seq8102_293_bp_1_1_0	ENA|AAC08817|AAC08817.1	36.36	11	7	0	8	18	126	136	1.8	18.9
Seq8102_293_bp_1_1_0	ENA|AAA25966|AAA25966.1	37.50	8	5	0	85	92	129	136	2.4	20.6
Seq8102_293_bp_1_1_0	ENA|CAA29956|CAA29956.1	75.00	8	2	0	33	40	264	271	2.8	19.5
Seq8102_293_bp_1_1_0	ENA|CAA26023|CAA26023.1	29.41	17	12	0	15	31	251	267	2.9	19.5
Seq8102_293_bp_1_1_0	ENA|ABD49687|ABD49687.1	46.15	13	7	0	33	45	929	941	3.8	21.2
Seq8102_293_bp_1_1_0	ENA|CAA45708|CAA45708.1	40.00	15	9	0	8	22	1219	1233	5	20.6
Seq8102_293_bp_1_1_0	ENA|AAA36539|AAA36539.1	33.33	12	8	0	85	96	413	424	5.2	18.9
Seq8102_293_bp_1_1_0	ENA|CCP43727|CCP43727.1	36.67	32	19	2	53	84	175	204	5.3	18.3
Seq8102_293_bp_1_1_0	ENA|AAC49865|AAC49865.1	55.56	9	4	0	5	13	322	330	5.3	18.3
Seq8102_293_bp_1_1_0	ENA|BAA32018|BAA32018.1	35.00	20	13	0	10	29	554	573	6.7	18.9
Seq8102_293_bp_1_1_0	ENA|AAC40132|AAC40132.1	33.33	12	8	0	41	52	455	466	7.6	18.3
Seq8102_293_bp_1_1_0	ENA|AAI27517|AAI27517.1	26.09	24	17	1	9	31	353	376	9.3	18.3
Seq8102_293_bp_1_2_0	ENA|AAB66912|AAB66912.1	100.00	97	0	1	1	97	134	229	3.7e-67	243.0
Seq8102_293_bp_1_2_0	ENA|CAA26939|CAA26939.1	34.78	23	15	0	21	43	283	305	0.58	22.4
Seq8102_293_bp_1_2_0	ENA|AAR31603|AAR31603.1	38.46	13	8	0	57	69	163	175	0.94	20.9
Seq8102_293_bp_1_2_0	ENA|BAA05866|BAA05866.1	53.33	15	7	0	9	23	129	143	1.2	20.4
Seq8102_293_bp_1_2_0	ENA|AAC78721|AAC78721.1	21.95	42	32	1	42	83	493	533	1.9	20.9
Seq8102_293_bp_1_2_0	ENA|CAA24711|CAA24711.1	50.00	12	6	0	78	89	2	13	2	18.9
Seq8102_293_bp_1_2_0	ENA|CAA45708|CAA45708.1	35.71	28	18	0	25	52	11	38	3.1	21.4
Seq8102_293_bp_1_2_0	ENA|BAB17681|BAB17681.1	31.58	21	13	2	20	40	254	272	3.1	18.9
Seq8102_293_bp_1_2_0	ENA|ABD49687|ABD49687.1	44.44	18	10	0	27	44	1364	1381	3.4	21.4
Seq8102_293_bp_1_2_0	ENA|CAA45199|CAA45199.1	57.14	14	6	0	59	72	435	448	3.7	19.4
Seq8102_293_bp_1_2_0	ENA|AAQ92751|AAQ92751.2	35.71	14	9	0	54	67	1264	1277	3.9	20.9
Seq8102_293_bp_1_2_0	ENA|ABD33854|ABD33854.1	60.00	10	4	0	20	29	4	13	4	16.4
Seq8102_293_bp_1_2_0	ENA|AAA42531|AAA42531.1	31.25	16	11	0	32	47	237	252	4.3	18.9
Seq8102_293_bp_1_2_0	ENA|AAC40132|AAC40132.1	33.33	12	8	0	23	34	440	451	7.2	18.4
Seq8102_293_bp_1_2_0	ENA|AAA36114|AAA36114.1	31.82	22	15	0	18	39	55	76	7.7	18.4
Seq8102_293_bp_1_2_0	ENA|CAA29956|CAA29956.1	42.86	14	8	0	29	42	22	35	8	17.9
Seq8102_293_bp_1_2_0	ENA|AAA72732|AAA72732.1	40.00	15	9	0	28	42	207	221	9.3	17.4
Seq8102_293_bp_1_2_0	ENA|BAA32018|BAA32018.1	45.00	21	11	1	57	77	263	282	9.3	18.4
Seq8102_293_bp_-1_0_0	ENA|ABD49687|ABD49687.1	36.11	38	23	2	20	57	847	882	0.0068	30.4
Seq8102_293_bp_-1_0_0	ENA|AAB66912|AAB66912.1	47.83	24	12	1	40	63	701	723	0.049	26.7
Seq8102_293_bp_-1_0_0	ENA|AAB66912|AAB66912.1	32.65	57	33	8	16	68	167	219	0.15	25.1
Seq8102_293_bp_-1_0_0	ENA|AAA18786|AAA18786.1	60.00	10	4	0	44	53	195	204	0.39	21.9
Seq8102_293_bp_-1_0_0	ENA|AAR37016|AAR37016.1	54.55	24	10	2	24	45	95	118	0.54	24.5
Seq8102_293_bp_-1_0_0	ENA|AAR37016|AAR37016.1	43.75	16	9	0	29	44	920	935	0.54	24.5
Seq8102_293_bp_-1_0_0	ENA|BAA32018|BAA32018.1	43.75	16	9	0	40	55	506	521	0.91	21.9
Seq8102_293_bp_-1_0_0	ENA|AAA36114|AAA36114.1	35.71	14	9	0	56	69	296	309	1.5	20.8
Seq8102_293_bp_-1_0_0	ENA|BAB17681|BAB17681.1	52.63	21	9	2	52	70	194	214	1.7	19.7
Seq8102_293_bp_-1_0_0	ENA|CAA43419|CAA43419.1	33.33	15	10	0	19	33	136	150	3.3	19.2
Seq8102_293_bp_-1_0_0	ENA|ABG75784|ABG75784.1	28.57	29	20	1	4	32	262	289	4	18.7
Seq8102_293_bp_-1_0_0	ENA|AAR31603|AAR31603.1	35.71	14	9	0	77	90	252	265	4.2	18.7
Seq8102_293_bp_-1_0_0	ENA|CAA26023|CAA26023.1	40.00	10	6	0	66	75	217	226	4.9	18.7
Seq8102_293_bp_-1_0_0	ENA|AAA42531|AAA42531.1	36.84	20	12	1	75	94	94	112	5	18.7
Seq8102_293_bp_-1_0_0	ENA|AAQ92751|AAQ92751.2	33.33	31	18	4	1	27	266	296	5.8	20.3
Seq8102_293_bp_-1_0_0	ENA|CAA24711|CAA24711.1	30.77	13	9	0	51	63	84	96	6.6	17.1
Seq8102_293_bp_-1_0_0	ENA|AAC17860|AAC17860.1	27.27	22	16	0	17	38	108	129	7.4	18.1
Seq8102_293_bp_-1_0_0	ENA|BAB79260|BAB79260.1	50.00	8	4	0	88	95	56	63	8.1	18.1
Seq8102_293_bp_-1_0_0	ENA|AAC78721|AAC78721.1	55.56	9	4	0	75	83	344	352	8.4	18.7
Seq8102_293_bp_-1_0_0	ENA|ABK71357|ABK71357.1	44.83	33	16	4	16	47	12	41	9.5	17.6
Seq8102_293_bp_-1_1_0	ENA|AAC08817|AAC08817.1	62.50	8	3	0	2	9	82	89	0.0078	24.2
Seq8102_293_bp_-1_1_0	ENA|ABN10845|ABN10845.1	75.00	4	1	0	1	4	106	109	0.079	21.4
Seq8102_293_bp_-1_1_0	ENA|ABD49687|ABD49687.1	71.43	7	2	0	9	15	111	117	0.085	24.2
Seq8102_293_bp_-1_1_0	ENA|ABD49687|ABD49687.1	60.00	10	4	0	4	13	1363	1372	0.085	24.2
Seq8102_293_bp_-1_1_0	ENA|ABD49687|ABD49687.1	57.14	7	3	0	4	10	1634	1640	0.14	23.5
Seq8102_293_bp_-1_1_0	ENA|ABD49687|ABD49687.1	42.86	14	8	0	1	14	94	107	0.62	21.4
Seq8102_293_bp_-1_1_0	ENA|AAA18786|AAA18786.1	55.56	9	4	0	9	17	131	139	0.16	20.6
Seq8102_293_bp_-1_1_0	ENA|BAB17681|BAB17681.1	80.00	5	1	0	4	8	187	191	0.16	20.6
Seq8102_293_bp_-1_1_0	ENA|AAF79734|AAF79734.1	44.44	9	5	0	4	12	890	898	0.2	22.8
Seq8102_293_bp_-1_1_0	ENA|AAA25966|AAA25966.1	60.00	5	2	0	2	6	322	326	0.26	21.4
Seq8102_293_bp_-1_1_0	ENA|AAA36114|AAA36114.1	71.43	7	2	0	11	17	336	342	0.3	20.6
Seq8102_293_bp_-1_1_0	ENA|CAA26023|CAA26023.1	50.00	6	3	0	2	7	163	168	0.38	19.9
Seq8102_293_bp_-1_1_0	ENA|CAA36714|CAA36714.1	66.67	3	1	0	3	5	435	437	0.46	19.9
Seq8102_293_bp_-1_1_0	ENA|ABK71357|ABK71357.1	44.44	9	5	0	4	12	198	206	0.6	19.2
Seq8102_293_bp_-1_1_0	ENA|BAB79260|BAB79260.1	44.44	9	5	0	6	14	264	272	0.73	19.2
Seq8102_293_bp_-1_1_0	ENA|AAC97205|AAC97205.1	35.71	14	9	0	4	17	663	676	0.73	20.6
Seq8102_293_bp_-1_1_0	ENA|AAA36539|AAA36539.1	100.00	2	0	0	3	4	332	333	1.3	18.5
Seq8102_293_bp_-1_1_0	ENA|AAB96524|AAB96524.1	60.00	5	2	0	9	13	112	116	1.3	17.0
Seq8102_293_bp_-1_1_0	ENA|AAI27517|AAI27517.1	38.46	13	8	0	1	13	180	192	1.6	18.5
Seq8102_293_bp_-1_1_0	ENA|CAA43419|CAA43419.1	42.86	7	4	0	6	12	30	36	1.6	17.8
Seq8102_293_bp_-1_1_0	ENA|AAA24145|AAA24145.1	57.14	7	3	0	8	14	161	167	2	17.8
Seq8102_293_bp_-1_1_0	ENA|AAR31603|AAR31603.1	42.86	7	4	0	8	14	303	309	2.3	17.0
Seq8102_293_bp_-1_1_0	ENA|CAD53387|CAD53387.1	41.67	12	7	0	6	17	462	473	3.5	17.0
Seq8102_293_bp_-1_1_0	ENA|AAR37016|AAR37016.1	71.43	8	2	1	1	7	1072	1079	3.7	19.2
Seq8102_293_bp_-1_1_0	ENA|AAB66912|AAB66912.1	42.86	7	4	0	11	17	930	936	3.9	17.8
Seq8102_293_bp_-1_1_0	ENA|CAA26939|CAA26939.1	37.50	8	5	0	4	11	246	253	4	17.0
Seq8102_293_bp_-1_1_0	ENA|AAB26998|AAB26998.1	66.67	3	1	0	4	6	47	49	4	14.2
Seq8102_293_bp_-1_1_0	ENA|AAQ92751|AAQ92751.2	57.14	7	3	0	4	10	1201	1207	5.8	17.8
Seq8102_293_bp_-1_1_0	ENA|CCP43727|CCP43727.1	50.00	10	5	0	6	15	220	229	6.1	15.6
Seq8102_293_bp_-1_1_0	ENA|CAA45708|CAA45708.1	50.00	8	4	0	4	11	422	429	6.3	17.8
Seq8102_293_bp_-1_1_0	ENA|BAA32956|BAA32956.1	22.22	9	7	0	5	13	162	170	6.4	14.9
Seq8102_293_bp_-1_1_0	ENA|AAC17860|AAC17860.1	25.00	12	9	0	5	16	116	127	7.5	15.6
Seq8102_293_bp_-1_1_0	ENA|CAA45199|CAA45199.1	50.00	6	3	0	7	12	260	265	8.5	15.6
Seq8102_293_bp_-1_1_0	ENA|AAA32624|AAA32624.1	75.00	4	1	0	10	13	37	40	9.3	15.6
Seq8102_293_bp_-1_1_0	ENA|AAC49865|AAC49865.1	42.86	7	4	0	4	10	306	312	9.6	14.9
Seq8102_293_bp_-1_1_1	ENA|AAC17860|AAC17860.1	47.37	19	10	0	25	43	71	89	0.35	22.3
Seq8102_293_bp_-1_1_1	ENA|AAC17860|AAC17860.1	47.37	19	10	0	24	42	140	158	0.5	21.8
Seq8102_293_bp_-1_1_1	ENA|AAC08817|AAC08817.1	28.00	25	18	0	26	50	129	153	0.78	19.8
Seq8102_293_bp_-1_1_1	ENA|AAF79734|AAF79734.1	47.83	23	12	0	24	46	334	356	1.2	22.3
Seq8102_293_bp_-1_1_1	ENA|AAR31603|AAR31603.1	44.44	9	5	0	13	21	228	236	1.6	19.8
Seq8102_293_bp_-1_1_1	ENA|AAQ92751|AAQ92751.2	44.83	30	16	1	24	53	122	150	1.7	21.8
Seq8102_293_bp_-1_1_1	ENA|CAA29956|CAA29956.1	31.43	36	24	1	37	72	250	284	2.6	19.3
Seq8102_293_bp_-1_1_1	ENA|AAC49865|AAC49865.1	50.00	18	9	0	5	22	306	323	3.2	18.8
Seq8102_293_bp_-1_1_1	ENA|AAB96524|AAB96524.1	30.00	20	14	0	50	69	7	26	3.7	17.8
Seq8102_293_bp_-1_1_1	ENA|AAA42531|AAA42531.1	31.25	16	11	0	1	16	73	88	3.8	18.8
Seq8102_293_bp_-1_1_1	ENA|BAA32956|BAA32956.1	27.78	36	26	0	28	63	162	197	4.1	17.8
Seq8102_293_bp_-1_1_1	ENA|AAA72732|AAA72732.1	58.82	18	7	1	4	21	166	182	6	17.8
Seq8102_293_bp_-1_1_1	ENA|AAA24145|AAA24145.1	38.46	13	8	0	53	65	346	358	6.3	18.3
Seq8102_293_bp_-1_1_1	ENA|ABD33854|ABD33854.1	33.33	24	16	0	8	31	13	36	7.1	15.2
Seq8102_293_bp_-1_1_1	ENA|CAD53387|CAD53387.1	37.50	16	10	0	50	65	470	485	9.4	17.8
Seq8102_293_bp_-1_2_0	ENA|AAI27517|AAI27517.1	55.56	9	4	0	1	9	534	542	0.057	22.5
Seq8102_293_bp_-1_2_0	ENA|AAB96524|AAB96524.1	66.67	6	2	0	4	9	59	64	0.48	17.8
Seq8102_293_bp_-1_2_0	ENA|BAB17681|BAB17681.1	100.00	3	0	0	6	8	218	220	1.1	17.1
Seq8102_293_bp_-1_2_0	ENA|AAC40132|AAC40132.1	75.00	4	1	0	5	8	70	73	1.2	17.8
Seq8102_293_bp_-1_2_0	ENA|CAA26939|CAA26939.1	28.57	7	5	0	2	8	399	405	1.4	17.8
Seq8102_293_bp_-1_2_0	ENA|ABK71357|ABK71357.1	75.00	4	1	0	6	9	175	178	1.5	17.1
Seq8102_293_bp_-1_2_0	ENA|CAA29956|CAA29956.1	100.00	3	0	0	6	8	126	128	1.5	17.1
Seq8102_293_bp_-1_2_0	ENA|CAA26023|CAA26023.1	37.50	8	5	0	1	8	132	139	1.5	17.1
Seq8102_293_bp_-1_2_0	ENA|ABN10845|ABN10845.1	75.00	4	1	0	4	7	106	109	2.2	15.7
Seq8102_293_bp_-1_2_0	ENA|ABD49687|ABD49687.1	60.00	5	2	0	4	8	1446	1450	2.7	18.5
Seq8102_293_bp_-1_2_0	ENA|AAC08817|AAC08817.1	66.67	3	1	0	5	7	82	84	4	14.4
Seq8102_293_bp_-1_2_0	ENA|AAC17860|AAC17860.1	57.14	7	3	0	1	7	230	236	4.1	15.7
Seq8102_293_bp_-1_2_0	ENA|CAA36714|CAA36714.1	66.67	3	1	0	7	9	397	399	4.7	15.7
Seq8102_293_bp_-1_2_0	ENA|CAL82360|CAL82360.1	50.00	8	4	0	1	8	1276	1283	5	17.1
Seq8102_293_bp_-1_2_0	ENA|AAR37016|AAR37016.1	40.00	5	3	0	5	9	1020	1024	5.7	17.8
Seq8102_293_bp_-1_2_0	ENA|AAC78721|AAC78721.1	50.00	8	4	0	3	10	588	595	6.6	15.7
Seq8102_293_bp_-1_2_0	ENA|AAA25966|AAA25966.1	50.00	4	2	0	7	10	285	288	7.1	15.7
Seq8102_293_bp_-1_2_0	ENA|BAA32956|BAA32956.1	30.00	10	7	0	1	10	188	197	8.3	13.7
Seq8102_293_bp_-1_2_0	ENA|AAF79734|AAF79734.1	33.33	9	6	0	1	9	62	70	8.8	16.4
Seq8102_293_bp_-1_2_1	ENA|AAR37016|AAR37016.1	85.71	7	1	0	3	9	956	962	0.057	25.2
Seq8102_293_bp_-1_2_1	ENA|AAI27517|AAI27517.1	60.00	10	4	0	7	16	416	425	0.13	22.0
Seq8102_293_bp_-1_2_1	ENA|AAI27517|AAI27517.1	57.14	15	6	1	1	15	398	411	0.75	19.5
Seq8102_293_bp_-1_2_1	ENA|ABG75784|ABG75784.1	37.50	8	5	0	6	13	85	92	0.4	19.5
Seq8102_293_bp_-1_2_1	ENA|CAD53387|CAD53387.1	100.00	4	0	0	6	9	475	478	0.41	20.1
Seq8102_293_bp_-1_2_1	ENA|CAA43419|CAA43419.1	62.50	8	3	0	9	16	41	48	0.72	18.8
Seq8102_293_bp_-1_2_1	ENA|CAA11507|CAA11507.1	38.46	13	8	0	4	16	1292	1304	1.1	20.1
Seq8102_293_bp_-1_2_1	ENA|CAA26939|CAA26939.1	33.33	9	6	0	3	11	440	448	1.1	18.8
Seq8102_293_bp_-1_2_1	ENA|BAA32956|BAA32956.1	42.86	7	4	0	8	14	154	160	1.5	16.9
Seq8102_293_bp_-1_2_1	ENA|AAC26660|AAC26660.1	60.00	5	2	0	5	9	183	187	1.9	16.9
Seq8102_293_bp_-1_2_1	ENA|BAB79260|BAB79260.1	75.00	4	1	0	8	11	54	57	2.1	17.6
Seq8102_293_bp_-1_2_1	ENA|CAA29956|CAA29956.1	50.00	6	3	0	5	10	289	294	2.7	16.9
Seq8102_293_bp_-1_2_1	ENA|ACT10338|ACT10338.1	60.00	5	2	0	1	5	166	170	2.8	16.9
Seq8102_293_bp_-1_2_1	ENA|ACH70901|ACH70901.1	37.50	8	5	0	2	9	97	104	4	16.3
Seq8102_293_bp_-1_2_1	ENA|BAA32991|BAA32991.1	60.00	5	2	0	3	7	17	21	4.4	13.7
Seq8102_293_bp_-1_2_1	ENA|AAC49865|AAC49865.1	37.50	8	5	0	9	16	281	288	5.6	15.6
Seq8102_293_bp_-1_2_1	ENA|AAC08817|AAC08817.1	28.57	7	5	0	9	15	23	29	6.4	14.4
Seq8102_293_bp_-1_2_1	ENA|ABD49687|ABD49687.1	50.00	11	5	1	2	12	1102	1111	7.6	17.6
Seq8102_293_bp_-1_2_1	ENA|CAA29968|CAA29968.1	66.67	3	1	0	8	10	99	101	7.8	14.4
Seq8102_293_bp_-1_2_1	ENA|AAC40132|AAC40132.1	62.50	8	3	0	5	12	191	198	7.9	15.6
Seq8102_293_bp_-1_2_1	ENA|AAA72732|AAA72732.1	50.00	6	3	0	1	6	283	288	8.1	15.0
Seq8102_293_bp_-1_2_1	ENA|AAR31603|AAR31603.1	40.00	10	6	0	7	16	256	265	8.5	15.0
Seq8102_293_bp_-1_2_1	ENA|AAC97205|AAC97205.1	75.00	4	1	0	1	4	1188	1191	8.5	16.9
Seq8102_293_bp_-1_2_1	ENA|AAB03707|AAB03707.1	57.14	7	3	0	2	8	1346	1352	9.4	16.9
Seq8102_293_bp_-1_2_1	ENA|AAQ92751|AAQ92751.2	50.00	6	3	0	4	9	1025	1030	9.4	16.9
Seq8102_293_bp_-1_2_2	ENA|BAA32956|BAA32956.1	50.00	22	10	2	19	40	181	200	0.00055	30.2
Seq8102_293_bp_-1_2_2	ENA|AAC08817|AAC08817.1	45.45	25	12	3	22	46	120	141	0.004	27.0
Seq8102_293_bp_-1_2_2	ENA|AAC08817|AAC08817.1	22.73	22	17	0	3	24	38	59	0.37	20.4
Seq8102_293_bp_-1_2_2	ENA|AAC97205|AAC97205.1	27.27	22	16	0	16	37	80	101	0.031	27.0
Seq8102_293_bp_-1_2_2	ENA|AAC97205|AAC97205.1	36.36	22	14	0	13	34	16	37	0.44	23.1
Seq8102_293_bp_-1_2_2	ENA|CAD53387|CAD53387.1	52.94	20	8	3	6	25	456	472	0.18	23.1
Seq8102_293_bp_-1_2_2	ENA|CAD53387|CAD53387.1	43.75	16	9	0	22	37	34	49	0.38	22.0
Seq8102_293_bp_-1_2_2	ENA|CAD53387|CAD53387.1	43.75	16	9	0	22	37	100	115	0.38	22.0
Seq8102_293_bp_-1_2_2	ENA|CAD53387|CAD53387.1	43.75	16	9	0	22	37	166	181	0.38	22.0
Seq8102_293_bp_-1_2_2	ENA|CAD53387|CAD53387.1	43.75	16	9	0	22	37	232	247	0.38	22.0
Seq8102_293_bp_-1_2_2	ENA|CAD53387|CAD53387.1	43.75	16	9	0	22	37	298	313	0.38	22.0
Seq8102_293_bp_-1_2_2	ENA|CAD53387|CAD53387.1	43.75	16	9	0	22	37	364	379	0.38	22.0
Seq8102_293_bp_-1_2_2	ENA|CAD53387|CAD53387.1	43.75	16	9	0	22	37	430	445	0.38	22.0
Seq8102_293_bp_-1_2_2	ENA|CAA26023|CAA26023.1	54.55	11	5	0	19	29	7	17	0.2	22.6
Seq8102_293_bp_-1_2_2	ENA|AAC78721|AAC78721.1	31.58	19	13	0	16	34	577	595	0.35	22.6
Seq8102_293_bp_-1_2_2	ENA|AAQ92751|AAQ92751.2	53.85	13	6	0	45	57	1138	1150	0.49	23.1
Seq8102_293_bp_-1_2_2	ENA|AAR31603|AAR31603.1	37.50	16	10	0	40	55	274	289	0.53	21.0
Seq8102_293_bp_-1_2_2	ENA|ABK71357|ABK71357.1	40.91	25	13	3	15	36	40	64	1.8	19.3
Seq8102_293_bp_-1_2_2	ENA|AAB03707|AAB03707.1	41.18	17	10	0	13	29	1005	1021	2.2	21.0
Seq8102_293_bp_-1_2_2	ENA|CAA26939|CAA26939.1	40.00	10	6	0	48	57	520	529	4	18.8
Seq8102_293_bp_-1_2_2	ENA|AAI27517|AAI27517.1	60.00	10	4	0	37	46	451	460	4.2	18.8
Seq8102_293_bp_-1_2_2	ENA|ACT10338|ACT10338.1	40.00	10	6	0	32	41	10	19	5.8	17.7
Seq8102_293_bp_-1_2_2	ENA|AAA24145|AAA24145.1	57.14	7	3	0	38	44	206	212	9.6	17.1
Seq8102_293_bp_-1_2_2	ENA|CAA36714|CAA36714.1	46.15	13	7	0	7	19	294	306	9.7	17.1
Seq8102_293_bp_-1_2_3	ENA|AAA36539|AAA36539.1	57.14	7	3	0	5	11	19	25	0.11	21.4
Seq8102_293_bp_-1_2_3	ENA|AAA36539|AAA36539.1	42.86	7	4	0	2	8	327	333	0.75	18.6
Seq8102_293_bp_-1_2_3	ENA|BAA32956|BAA32956.1	55.56	9	4	0	2	10	182	190	0.13	20.0
Seq8102_293_bp_-1_2_3	ENA|CAA26939|CAA26939.1	44.44	9	5	0	1	9	344	352	0.34	20.0
Seq8102_293_bp_-1_2_3	ENA|AAC08817|AAC08817.1	50.00	8	4	0	3	10	79	86	0.4	17.9
Seq8102_293_bp_-1_2_3	ENA|CAA26023|CAA26023.1	80.00	5	1	0	7	11	13	17	0.6	18.6
Seq8102_293_bp_-1_2_3	ENA|CAD53387|CAD53387.1	37.50	8	5	0	1	8	470	477	0.79	18.6
Seq8102_293_bp_-1_2_3	ENA|AAA32624|AAA32624.1	37.50	8	5	0	1	8	475	482	0.82	18.6
Seq8102_293_bp_-1_2_3	ENA|AAB66912|AAB66912.1	75.00	4	1	0	8	11	312	315	1.5	18.6
Seq8102_293_bp_-1_2_3	ENA|ABK71357|ABK71357.1	60.00	5	2	0	6	10	196	200	1.5	17.2
Seq8102_293_bp_-1_2_3	ENA|AAC40132|AAC40132.1	75.00	4	1	0	5	8	69	72	2	17.2
Seq8102_293_bp_-1_2_3	ENA|ABD49687|ABD49687.1	100.00	3	0	0	6	8	33	35	4.2	17.9
Seq8102_293_bp_-1_2_3	ENA|AAC78721|AAC78721.1	20.00	10	8	0	1	10	631	640	4.4	16.5
Seq8102_293_bp_-1_2_3	ENA|CAA45199|CAA45199.1	60.00	5	2	0	4	8	381	385	5	15.8
Seq8102_293_bp_-1_2_3	ENA|CAL82360|CAL82360.1	66.67	6	2	0	3	8	113	118	5.1	17.2
Seq8102_293_bp_-1_2_3	ENA|AAQ92751|AAQ92751.2	50.00	8	4	0	3	10	544	551	5.5	17.2
Seq8102_293_bp_-1_2_3	ENA|AAC49865|AAC49865.1	42.86	7	4	0	1	7	301	307	5.6	15.1
Seq8102_293_bp_-1_2_3	ENA|ABN10845|ABN10845.1	66.67	3	1	0	8	10	57	59	6	14.4
Seq8102_293_bp_-1_2_3	ENA|ACT10338|ACT10338.1	33.33	6	4	0	3	8	114	119	6.6	15.1
Seq8102_293_bp_-1_2_3	ENA|AAC26660|AAC26660.1	75.00	4	1	0	2	5	61	64	7	14.4
Seq8102_293_bp_-1_2_3	ENA|BAB17681|BAB17681.1	60.00	5	2	0	1	5	58	62	7.5	14.4
Seq8102_293_bp_-1_2_3	ENA|AAA24145|AAA24145.1	57.14	7	3	0	1	7	254	260	7.7	15.1
Seq8102_293_bp_-1_2_3	ENA|CAA36714|CAA36714.1	50.00	6	3	0	3	8	451	456	7.8	15.1
Seq8102_293_bp_-1_2_3	ENA|AAC97205|AAC97205.1	66.67	6	2	0	6	11	12	17	7.8	16.5
Seq8102_293_bp_-1_2_3	ENA|BAA32991|BAA32991.1	25.00	4	3	0	5	8	25	28	8	12.3
Seq8102_293_bp_-1_2_3	ENA|CAA29968|CAA29968.1	50.00	4	2	0	7	10	98	101	8.5	13.7
