Seq8218_390_bp_1_0_0	ENA|AAA24145|AAA24145.1	80.65	128	24	4	7	130	213	340	4e-30	119.4
Seq8218_390_bp_1_0_0	ENA|AAR31603|AAR31603.1	19.82	115	89	4	16	126	133	247	0.48	22.3
Seq8218_390_bp_1_0_0	ENA|BAA36759|BAA36759.1	20.87	124	91	9	3	123	108	225	5.7	18.4
Seq8218_390_bp_1_0_0	ENA|BAA32018|BAA32018.1	32.00	86	51	11	50	127	290	372	5.8	19.5
Seq8218_390_bp_1_0_0	ENA|AAR37016|AAR37016.1	25.71	121	78	16	2	107	13	132	7.8	21.0
Seq8218_390_bp_1_1_0	ENA|AAA24145|AAA24145.1	100.00	12	0	0	1	12	207	218	3.2e-05	33.7
Seq8218_390_bp_1_1_0	ENA|CAD53387|CAD53387.1	83.33	6	1	0	1	6	14	19	0.83	19.2
Seq8218_390_bp_1_1_0	ENA|CAD53387|CAD53387.1	83.33	6	1	0	1	6	80	85	0.83	19.2
Seq8218_390_bp_1_1_0	ENA|CAD53387|CAD53387.1	83.33	6	1	0	1	6	146	151	0.83	19.2
Seq8218_390_bp_1_1_0	ENA|CAD53387|CAD53387.1	83.33	6	1	0	1	6	212	217	0.83	19.2
Seq8218_390_bp_1_1_0	ENA|CAD53387|CAD53387.1	83.33	6	1	0	1	6	278	283	0.83	19.2
Seq8218_390_bp_1_1_0	ENA|CAD53387|CAD53387.1	83.33	6	1	0	1	6	344	349	0.83	19.2
Seq8218_390_bp_1_1_0	ENA|CAD53387|CAD53387.1	83.33	6	1	0	1	6	410	415	0.83	19.2
Seq8218_390_bp_1_1_0	ENA|ABK71357|ABK71357.1	36.36	12	7	1	7	17	345	356	1.1	18.4
Seq8218_390_bp_1_1_0	ENA|AAR37016|AAR37016.1	50.00	10	5	0	8	17	271	280	1.7	20.3
Seq8218_390_bp_1_1_0	ENA|ABD33854|ABD33854.1	23.08	13	10	0	5	17	35	47	2.1	14.8
Seq8218_390_bp_1_1_0	ENA|ACH70901|ACH70901.1	52.94	24	8	7	1	17	316	339	2.3	17.2
Seq8218_390_bp_1_1_0	ENA|CAA11507|CAA11507.1	57.14	16	6	2	1	14	1281	1296	3.8	18.4
Seq8218_390_bp_1_1_0	ENA|CAA45199|CAA45199.1	62.50	8	3	0	2	9	141	148	3.9	16.8
Seq8218_390_bp_1_1_0	ENA|AAF79734|AAF79734.1	46.15	13	7	0	3	15	920	932	4	18.4
Seq8218_390_bp_1_1_0	ENA|AAC26660|AAC26660.1	62.50	8	3	0	9	16	181	188	4.7	15.6
Seq8218_390_bp_1_1_0	ENA|BAA32956|BAA32956.1	28.57	16	10	2	4	17	121	136	5.1	15.2
Seq8218_390_bp_1_1_0	ENA|AAA32624|AAA32624.1	50.00	14	6	2	3	16	515	526	5.6	16.4
Seq8218_390_bp_1_1_0	ENA|AAA25966|AAA25966.1	45.45	11	6	0	3	13	326	336	5.9	16.8
Seq8218_390_bp_1_1_0	ENA|BAA32018|BAA32018.1	38.46	13	8	0	5	17	595	607	6.6	16.4
Seq8218_390_bp_1_1_0	ENA|AAB66912|AAB66912.1	58.33	15	5	3	3	17	247	258	7.4	16.8
Seq8218_390_bp_1_1_0	ENA|EDO47375|EDO47375.1	50.00	12	6	0	5	16	104	115	7.7	14.4
Seq8218_390_bp_1_1_0	ENA|AAQ92751|AAQ92751.2	41.67	12	7	0	2	13	737	748	8.3	17.2
Seq8218_390_bp_1_1_0	ENA|ABN10845|ABN10845.1	33.33	12	8	0	4	15	81	92	8.8	14.4
Seq8218_390_bp_1_1_0	ENA|ABG75784|ABG75784.1	36.36	11	7	0	5	15	78	88	9.5	14.8
Seq8218_390_bp_1_1_1	ENA|AAB66912|AAB66912.1	30.00	30	21	0	1	30	456	485	0.25	22.7
Seq8218_390_bp_1_1_1	ENA|ABN10845|ABN10845.1	31.82	24	15	2	9	32	92	113	0.5	19.6
Seq8218_390_bp_1_1_1	ENA|CAL82360|CAL82360.1	34.38	36	21	4	1	32	915	950	4.6	18.9
Seq8218_390_bp_1_1_1	ENA|AAA72732|AAA72732.1	26.32	19	14	0	5	23	176	194	4.7	16.9
Seq8218_390_bp_1_1_1	ENA|AAA32624|AAA32624.1	24.00	25	19	0	7	31	153	177	4.8	17.5
Seq8218_390_bp_1_1_1	ENA|CAA26023|CAA26023.1	25.93	27	20	0	5	31	141	167	7.1	16.5
Seq8218_390_bp_1_1_1	ENA|CAA28033|CAA28033.1	25.00	29	21	1	2	30	709	736	7.3	18.2
Seq8218_390_bp_1_1_1	ENA|AAC40132|AAC40132.1	35.71	29	18	1	4	31	47	75	8.7	16.5
Seq8218_390_bp_1_1_1	ENA|CAA29956|CAA29956.1	26.67	15	11	0	14	28	3	17	8.7	16.2
Seq8218_390_bp_1_1_2	ENA|AAA24145|AAA24145.1	29.41	35	24	1	1	35	354	387	4.1	17.8
Seq8218_390_bp_1_1_2	ENA|CAL82360|CAL82360.1	25.00	36	27	0	1	36	860	895	4.5	19.2
Seq8218_390_bp_1_1_2	ENA|AAR31603|AAR31603.1	16.13	31	26	0	3	33	131	161	4.7	17.1
Seq8218_390_bp_1_1_2	ENA|ABN10845|ABN10845.1	42.31	32	15	6	3	32	47	74	5	16.4
Seq8218_390_bp_1_1_2	ENA|AAC17860|AAC17860.1	40.62	34	19	2	2	33	42	75	5.8	17.1
Seq8218_390_bp_1_1_2	ENA|ABD33854|ABD33854.1	26.32	19	14	0	1	19	4	22	6	14.4
Seq8218_390_bp_1_1_2	ENA|AAC40132|AAC40132.1	30.30	33	23	0	3	35	139	171	6.7	17.1
Seq8218_390_bp_1_1_2	ENA|CAD53387|CAD53387.1	27.27	22	16	0	2	23	480	501	7	17.1
Seq8218_390_bp_1_1_2	ENA|CAA11507|CAA11507.1	25.00	28	21	0	7	34	463	490	9.2	18.1
Seq8218_390_bp_1_1_3	ENA|AAF79734|AAF79734.1	38.46	13	8	0	1	13	868	880	0.083	23.6
Seq8218_390_bp_1_1_3	ENA|ACH70901|ACH70901.1	30.77	13	9	0	1	13	103	115	0.37	19.5
Seq8218_390_bp_1_1_3	ENA|BAA32018|BAA32018.1	33.33	12	8	0	2	13	542	553	0.45	20.0
Seq8218_390_bp_1_1_3	ENA|AAR31603|AAR31603.1	38.46	15	8	2	1	13	143	157	0.48	19.0
Seq8218_390_bp_1_1_3	ENA|AAB66912|AAB66912.1	25.00	12	9	0	1	12	501	512	0.66	20.0
Seq8218_390_bp_1_1_3	ENA|AAC26660|AAC26660.1	54.55	11	5	0	1	11	81	91	0.76	17.9
Seq8218_390_bp_1_1_3	ENA|CAA29956|CAA29956.1	23.08	13	10	0	1	13	127	139	0.78	18.4
Seq8218_390_bp_1_1_3	ENA|AAC49865|AAC49865.1	41.67	12	7	0	2	13	73	84	1.4	17.4
Seq8218_390_bp_1_1_3	ENA|ABD49687|ABD49687.1	50.00	13	6	1	1	12	1449	1461	1.7	19.5
Seq8218_390_bp_1_1_3	ENA|AAC17860|AAC17860.1	42.86	7	4	0	1	7	349	355	1.7	17.4
Seq8218_390_bp_1_1_3	ENA|CAA28033|CAA28033.1	54.55	11	5	0	2	12	808	818	1.9	19.0
Seq8218_390_bp_1_1_3	ENA|ABK71357|ABK71357.1	33.33	13	8	1	1	13	176	187	2.3	16.9
Seq8218_390_bp_1_1_3	ENA|CAA36214|CAA36214.1	57.14	7	3	0	1	7	281	287	2.6	16.4
Seq8218_390_bp_1_1_3	ENA|AAA25966|AAA25966.1	80.00	5	1	0	9	13	26	30	3	17.4
Seq8218_390_bp_1_1_3	ENA|AAR37016|AAR37016.1	45.45	13	6	2	1	13	499	509	3.4	19.0
Seq8218_390_bp_1_1_3	ENA|BAA32956|BAA32956.1	30.00	10	7	0	1	10	131	140	3.7	15.3
Seq8218_390_bp_1_1_3	ENA|AAA36539|AAA36539.1	30.00	10	7	0	1	10	413	422	4.1	16.4
Seq8218_390_bp_1_1_3	ENA|CAA24711|CAA24711.1	40.00	10	6	0	3	12	75	84	4.3	14.8
Seq8218_390_bp_1_1_3	ENA|AAA18786|AAA18786.1	33.33	9	6	0	1	9	28	36	4.7	15.3
Seq8218_390_bp_1_1_3	ENA|ACT10338|ACT10338.1	27.27	11	8	0	1	11	370	380	4.7	15.8
Seq8218_390_bp_1_1_3	ENA|AAC97205|AAC97205.1	50.00	8	4	0	6	13	887	894	5.1	17.4
Seq8218_390_bp_1_1_3	ENA|AAA24145|AAA24145.1	33.33	9	6	0	5	13	63	71	5.6	15.8
Seq8218_390_bp_1_1_3	ENA|CAA43419|CAA43419.1	62.50	9	3	1	6	13	189	197	6.3	15.3
Seq8218_390_bp_1_1_3	ENA|AAS77176|AAS77176.1	25.00	12	9	0	1	12	156	167	7.1	14.8
Seq8218_390_bp_1_1_3	ENA|ABN10845|ABN10845.1	25.00	12	9	0	1	12	23	34	7.6	14.3
Seq8218_390_bp_1_1_3	ENA|AAC08817|AAC08817.1	36.36	12	7	1	1	12	84	94	7.8	13.8
Seq8218_390_bp_1_1_3	ENA|CAA73529|CAA73529.1	57.14	7	3	0	6	12	120	126	9.4	14.3
Seq8218_390_bp_1_1_3	ENA|AAI27517|AAI27517.1	36.36	11	7	0	3	13	564	574	9.8	15.3
Seq8218_390_bp_1_1_4	ENA|BAA32956|BAA32956.1	33.33	18	12	0	1	18	190	207	0.59	18.6
Seq8218_390_bp_1_1_4	ENA|AAA18786|AAA18786.1	36.84	19	12	0	1	19	241	259	0.75	18.6
Seq8218_390_bp_1_1_4	ENA|CAA43419|CAA43419.1	26.32	19	14	0	2	20	44	62	1.4	18.2
Seq8218_390_bp_1_1_4	ENA|BAB17681|BAB17681.1	44.44	9	5	0	1	9	267	275	2.5	16.9
Seq8218_390_bp_1_1_4	ENA|ACH70901|ACH70901.1	22.22	18	14	0	2	19	49	66	4.4	16.5
Seq8218_390_bp_1_1_4	ENA|AAA42531|AAA42531.1	25.00	16	12	0	3	18	280	295	4.7	16.5
Seq8218_390_bp_1_1_4	ENA|AAS77176|AAS77176.1	35.71	14	9	0	5	18	158	171	4.8	16.0
Seq8218_390_bp_1_1_4	ENA|BAA32018|BAA32018.1	55.56	9	4	0	7	15	532	540	5.6	16.9
Seq8218_390_bp_1_1_4	ENA|AAR31603|AAR31603.1	36.36	11	7	0	1	11	306	316	7.1	15.6
Seq8218_390_bp_1_1_4	ENA|AAC08817|AAC08817.1	30.77	13	9	0	2	14	39	51	8.3	14.3
Seq8218_390_bp_1_1_4	ENA|AAC17860|AAC17860.1	31.58	19	13	0	1	19	279	297	8.8	15.6
Seq8218_390_bp_1_2_0	ENA|CAA24711|CAA24711.1	44.83	31	16	2	2	32	96	124	0.56	19.2
Seq8218_390_bp_1_2_0	ENA|AAC17860|AAC17860.1	36.84	19	12	0	9	27	385	403	0.82	19.9
Seq8218_390_bp_1_2_0	ENA|AAA42531|AAA42531.1	27.27	33	24	0	3	35	280	312	2.5	18.2
Seq8218_390_bp_1_2_0	ENA|CCP43727|CCP43727.1	32.00	28	17	3	1	28	113	137	2.7	17.9
Seq8218_390_bp_1_2_0	ENA|AAA25966|AAA25966.1	33.33	35	22	2	2	35	511	544	2.9	18.9
Seq8218_390_bp_1_2_0	ENA|CAA26023|CAA26023.1	31.03	29	20	0	1	29	355	383	3.1	17.9
Seq8218_390_bp_1_2_0	ENA|AAA36114|AAA36114.1	27.59	29	21	0	4	32	378	406	3.3	18.2
Seq8218_390_bp_1_2_0	ENA|AAA36539|AAA36539.1	23.08	26	20	0	8	33	313	338	4.9	17.5
Seq8218_390_bp_1_2_0	ENA|AAC49865|AAC49865.1	30.00	31	21	1	5	35	184	213	5.4	16.8
Seq8218_390_bp_1_2_0	ENA|BAB79260|BAB79260.1	20.83	24	19	0	9	32	404	427	5.9	17.2
Seq8218_390_bp_1_2_0	ENA|ACT10338|ACT10338.1	31.03	29	20	0	4	32	315	343	6.4	16.8
Seq8218_390_bp_1_2_0	ENA|CAA11507|CAA11507.1	36.00	28	16	3	1	25	653	680	6.7	18.6
Seq8218_390_bp_1_2_0	ENA|AAC26660|AAC26660.1	23.81	21	16	0	8	28	57	77	6.7	16.1
Seq8218_390_bp_1_2_0	ENA|AAB03707|AAB03707.1	25.00	32	24	0	3	34	352	383	6.8	18.6
Seq8218_390_bp_1_2_0	ENA|AAC78721|AAC78721.1	29.03	31	22	0	2	32	388	418	6.8	17.5
Seq8218_390_bp_1_2_0	ENA|BAA32956|BAA32956.1	37.50	26	15	2	2	27	68	91	7	15.8
Seq8218_390_bp_1_2_0	ENA|AAR37016|AAR37016.1	34.62	27	17	1	8	33	1147	1173	7.2	19.2
Seq8218_390_bp_1_2_0	ENA|CAA28033|CAA28033.1	29.17	24	17	0	4	27	979	1002	8.1	18.2
Seq8218_390_bp_1_2_0	ENA|ABG75784|ABG75784.1	23.53	34	26	0	2	35	144	177	8.1	16.1
Seq8218_390_bp_1_2_0	ENA|ABK71357|ABK71357.1	46.67	18	8	3	4	21	324	338	9.5	16.1
Seq8218_390_bp_1_2_0	ENA|CAA29956|CAA29956.1	33.33	21	14	0	12	32	261	281	9.6	16.1
Seq8218_390_bp_1_2_0	ENA|AAB96524|AAB96524.1	28.00	28	18	3	10	34	114	141	9.7	15.1
Seq8218_390_bp_1_2_1	ENA|AAA24145|AAA24145.1	61.90	22	8	1	2	22	247	268	9.5e-06	36.0
Seq8218_390_bp_1_2_1	ENA|CAL82360|CAL82360.1	42.86	14	8	0	8	21	538	551	3	19.2
Seq8218_390_bp_1_2_1	ENA|AAI27517|AAI27517.1	37.50	25	15	1	1	24	463	487	3.1	18.0
Seq8218_390_bp_1_2_1	ENA|AAA36539|AAA36539.1	37.50	26	15	2	1	24	33	58	3.3	17.6
Seq8218_390_bp_1_2_1	ENA|AAS77176|AAS77176.1	31.58	19	13	0	2	20	74	92	4.5	16.4
Seq8218_390_bp_1_2_1	ENA|AAB66912|AAB66912.1	40.00	15	9	0	11	25	349	363	4.9	18.0
Seq8218_390_bp_1_2_1	ENA|AAA25966|AAA25966.1	38.46	13	8	0	8	20	474	486	4.9	17.6
Seq8218_390_bp_1_2_1	ENA|AAA18786|AAA18786.1	33.33	19	12	1	2	19	133	151	5.4	16.1
Seq8218_390_bp_1_2_1	ENA|ABK71357|ABK71357.1	28.57	21	15	0	1	21	83	103	5.7	16.4
Seq8218_390_bp_1_2_1	ENA|AAQ92751|AAQ92751.2	62.50	8	3	0	6	13	927	934	7.1	18.0
Seq8218_390_bp_1_2_1	ENA|BAB17681|BAB17681.1	35.00	21	13	1	4	23	185	205	7.1	15.7
Seq8218_390_bp_1_2_1	ENA|CCP43727|CCP43727.1	31.58	19	13	0	5	23	259	277	8.4	15.7
Seq8218_390_bp_1_2_1	ENA|CAA45199|CAA45199.1	23.81	21	16	0	1	21	115	135	9.1	16.1
Seq8218_390_bp_1_2_1	ENA|AAA36114|AAA36114.1	45.45	11	6	0	7	17	341	351	9.8	16.1
Seq8218_390_bp_1_2_2	ENA|AAA18786|AAA18786.1	45.45	11	6	0	2	12	165	175	0.97	17.5
Seq8218_390_bp_1_2_2	ENA|AAB26998|AAB26998.1	44.44	9	5	0	4	12	38	46	2.3	14.5
Seq8218_390_bp_1_2_2	ENA|CAA29968|CAA29968.1	62.50	8	3	0	1	8	176	183	3.9	15.0
Seq8218_390_bp_1_2_2	ENA|AAC97205|AAC97205.1	50.00	10	5	0	1	10	324	333	6.1	17.0
Seq8218_390_bp_1_2_2	ENA|BAA32018|BAA32018.1	50.00	8	4	0	5	12	489	496	6.2	16.0
Seq8218_390_bp_1_2_2	ENA|AAC08817|AAC08817.1	27.27	11	8	0	1	11	109	119	6.2	14.0
Seq8218_390_bp_1_2_2	ENA|AAA24145|AAA24145.1	45.45	11	6	0	1	11	37	47	6.4	15.5
Seq8218_390_bp_1_2_2	ENA|AAB66912|AAB66912.1	60.00	10	4	0	1	10	725	734	6.5	16.5
Seq8218_390_bp_1_2_2	ENA|AAB03707|AAB03707.1	50.00	8	4	0	5	12	494	501	9.3	16.5
Seq8218_390_bp_1_2_3	ENA|AAB03707|AAB03707.1	44.44	9	5	0	2	10	185	193	1.6	19.0
Seq8218_390_bp_1_2_3	ENA|AAQ92751|AAQ92751.2	50.00	10	5	0	1	10	784	793	2.2	18.6
Seq8218_390_bp_1_2_3	ENA|AAC40132|AAC40132.1	50.00	10	5	0	2	11	412	421	2.8	16.7
Seq8218_390_bp_1_2_3	ENA|AAR31603|AAR31603.1	62.50	10	3	2	3	10	20	29	3.6	15.8
Seq8218_390_bp_1_2_3	ENA|ABK71357|ABK71357.1	50.00	9	4	1	3	10	176	184	4.1	15.8
Seq8218_390_bp_1_2_3	ENA|AAA32624|AAA32624.1	50.00	9	4	1	2	9	425	433	4.2	16.2
Seq8218_390_bp_1_2_3	ENA|BAB17681|BAB17681.1	33.33	9	6	0	1	9	21	29	4.2	15.3
Seq8218_390_bp_1_2_3	ENA|AAB96524|AAB96524.1	75.00	4	1	0	3	6	58	61	5.4	14.3
Seq8218_390_bp_1_2_3	ENA|AAA18786|AAA18786.1	50.00	8	4	0	1	8	120	127	7.5	14.3
Seq8218_390_bp_1_2_3	ENA|CAA29968|CAA29968.1	75.00	4	1	0	4	7	140	143	7.6	13.9
Seq8218_390_bp_1_2_3	ENA|AAA42531|AAA42531.1	57.14	7	3	0	4	10	136	142	7.9	14.8
Seq8218_390_bp_1_2_3	ENA|BAA36759|BAA36759.1	27.27	11	8	0	1	11	28	38	8.1	14.3
Seq8218_390_bp_1_2_3	ENA|AAI27517|AAI27517.1	30.00	10	7	0	1	10	18	27	8.6	15.3
Seq8218_390_bp_1_2_3	ENA|BAB79260|BAB79260.1	66.67	6	2	0	4	9	446	451	9.1	14.8
Seq8218_390_bp_1_2_3	ENA|AAC97205|AAC97205.1	44.44	9	5	0	3	11	663	671	9.3	16.2
Seq8218_390_bp_1_2_4	ENA|ACT10338|ACT10338.1	33.33	12	8	0	1	12	59	70	1.8	17.2
Seq8218_390_bp_1_2_4	ENA|CAA36214|CAA36214.1	66.67	6	2	0	5	10	178	183	4.6	15.4
Seq8218_390_bp_1_2_4	ENA|BAA32956|BAA32956.1	44.44	9	5	0	4	12	77	85	5.8	14.5
Seq8218_390_bp_1_2_4	ENA|AAR37016|AAR37016.1	44.44	9	5	0	4	12	847	855	7.5	17.6
Seq8218_390_bp_1_2_5	ENA|BAA36759|BAA36759.1	42.86	14	8	0	1	14	37	50	0.34	19.6
Seq8218_390_bp_1_2_5	ENA|EDO47375|EDO47375.1	26.67	15	11	0	2	16	118	132	3.1	15.8
Seq8218_390_bp_1_2_5	ENA|CAA26023|CAA26023.1	50.00	12	5	2	1	10	74	85	6.2	15.8
Seq8218_390_bp_1_2_5	ENA|ABN10845|ABN10845.1	50.00	8	4	0	7	14	156	163	8.9	14.4
Seq8218_390_bp_1_2_5	ENA|CAA43419|CAA43419.1	28.57	14	10	0	1	14	68	81	9.3	15.1
Seq8218_390_bp_-1_0_0	ENA|AAA18786|AAA18786.1	35.00	20	13	0	8	27	122	141	0.011	25.5
Seq8218_390_bp_-1_0_0	ENA|AAA72732|AAA72732.1	29.63	27	19	0	4	30	3	29	0.021	24.8
Seq8218_390_bp_-1_0_0	ENA|AAB66912|AAB66912.1	23.08	26	20	0	1	26	665	690	0.31	22.5
Seq8218_390_bp_-1_0_0	ENA|AAA24145|AAA24145.1	22.73	22	17	0	4	25	73	94	0.34	21.3
Seq8218_390_bp_-1_0_0	ENA|CAA45708|CAA45708.1	37.50	24	15	0	3	26	33	56	0.51	22.5
Seq8218_390_bp_-1_0_0	ENA|ABK71357|ABK71357.1	23.08	26	20	0	9	34	123	148	0.8	19.8
Seq8218_390_bp_-1_0_0	ENA|CAA29956|CAA29956.1	31.82	22	15	0	4	25	20	41	0.8	19.8
Seq8218_390_bp_-1_0_0	ENA|ABD33854|ABD33854.1	41.67	12	7	0	22	33	2	13	0.87	17.1
Seq8218_390_bp_-1_0_0	ENA|ABG75784|ABG75784.1	35.29	18	11	1	5	21	287	304	1.5	18.6
Seq8218_390_bp_-1_0_0	ENA|BAA32956|BAA32956.1	26.09	27	17	4	8	34	111	133	1.7	17.9
Seq8218_390_bp_-1_0_0	ENA|ABN10845|ABN10845.1	36.67	42	19	12	4	33	13	54	1.7	17.9
Seq8218_390_bp_-1_0_0	ENA|CAA36214|CAA36214.1	20.59	34	27	0	1	34	155	188	1.9	18.3
Seq8218_390_bp_-1_0_0	ENA|CAA43419|CAA43419.1	22.73	22	17	0	9	30	127	148	2.2	18.3
Seq8218_390_bp_-1_0_0	ENA|AAB03707|AAB03707.1	32.00	25	17	0	3	27	33	57	2.2	20.2
Seq8218_390_bp_-1_0_0	ENA|AAS77176|AAS77176.1	33.33	29	18	2	6	32	258	286	2.3	17.9
Seq8218_390_bp_-1_0_0	ENA|ACT10338|ACT10338.1	35.29	20	11	3	15	34	372	388	2.4	18.3
Seq8218_390_bp_-1_0_0	ENA|ABD49687|ABD49687.1	34.48	33	19	4	1	29	1486	1518	2.8	20.2
Seq8218_390_bp_-1_0_0	ENA|CAA45199|CAA45199.1	37.50	16	10	0	16	31	331	346	2.9	18.3
Seq8218_390_bp_-1_0_0	ENA|AAA36114|AAA36114.1	42.11	21	11	2	14	34	270	288	3.1	18.3
Seq8218_390_bp_-1_0_0	ENA|CAB75732|CAB75732.1	25.00	24	18	0	3	26	654	677	3.2	19.4
Seq8218_390_bp_-1_0_0	ENA|BAB79260|BAB79260.1	24.24	35	25	2	1	33	109	143	3.6	17.9
Seq8218_390_bp_-1_0_0	ENA|AAI27517|AAI27517.1	40.00	15	9	0	3	17	195	209	3.6	18.3
Seq8218_390_bp_-1_0_0	ENA|BAA05866|BAA05866.1	45.45	11	6	0	1	11	92	102	5.3	16.7
Seq8218_390_bp_-1_0_0	ENA|AAA32624|AAA32624.1	28.00	28	18	3	6	30	86	113	5.3	17.5
Seq8218_390_bp_-1_0_0	ENA|AAB96524|AAB96524.1	27.59	31	21	2	5	33	65	95	5.4	16.0
Seq8218_390_bp_-1_0_0	ENA|AAC40132|AAC40132.1	21.43	31	22	3	7	34	38	68	6.2	17.1
Seq8218_390_bp_-1_0_0	ENA|AAQ92751|AAQ92751.2	40.00	15	9	0	20	34	1023	1037	6.2	18.6
Seq8218_390_bp_-1_0_0	ENA|CAA24711|CAA24711.1	14.81	27	23	0	8	34	129	155	6.5	15.6
Seq8218_390_bp_-1_0_0	ENA|AAB26998|AAB26998.1	35.71	14	9	0	8	21	38	51	6.5	14.4
Seq8218_390_bp_-1_0_0	ENA|AAA25966|AAA25966.1	31.25	37	22	5	2	33	422	458	7.2	17.5
Seq8218_390_bp_-1_0_0	ENA|ACH70901|ACH70901.1	25.00	20	15	0	15	34	62	81	7.8	16.3
Seq8218_390_bp_-1_0_0	ENA|BAA32018|BAA32018.1	23.33	30	23	0	5	34	297	326	8	17.1
Seq8218_390_bp_-1_0_0	ENA|AAA42531|AAA42531.1	58.33	14	5	2	23	34	141	154	8.4	16.3
Seq8218_390_bp_-1_0_0	ENA|AAC78721|AAC78721.1	35.71	32	18	4	4	31	198	229	8.6	17.1
Seq8218_390_bp_-1_0_1	ENA|CAA26023|CAA26023.1	42.31	28	15	2	22	49	169	194	0.033	25.3
Seq8218_390_bp_-1_0_1	ENA|CAB75732|CAB75732.1	30.77	39	27	0	1	39	1127	1165	0.21	24.2
Seq8218_390_bp_-1_0_1	ENA|ABN10845|ABN10845.1	29.55	46	31	2	13	56	8	53	0.31	21.2
Seq8218_390_bp_-1_0_1	ENA|BAA32018|BAA32018.1	21.82	56	43	1	1	55	381	436	0.35	22.6
Seq8218_390_bp_-1_0_1	ENA|AAC26660|AAC26660.1	28.30	58	38	5	4	56	196	253	2.3	18.5
Seq8218_390_bp_-1_0_1	ENA|CAL82360|CAL82360.1	23.21	58	43	2	3	58	400	457	3.1	20.4
Seq8218_390_bp_-1_0_1	ENA|BAB79260|BAB79260.1	38.46	30	16	4	25	50	421	450	4.1	18.5
Seq8218_390_bp_-1_0_1	ENA|BAA32956|BAA32956.1	19.23	52	42	0	8	59	105	156	4.8	17.2
Seq8218_390_bp_-1_0_1	ENA|ABD33854|ABD33854.1	20.69	29	23	0	20	48	4	32	6.4	15.0
Seq8218_390_bp_-1_0_1	ENA|AAR37016|AAR37016.1	29.27	47	29	6	12	58	557	597	6.7	20.2
Seq8218_390_bp_-1_0_1	ENA|AAQ92751|AAQ92751.2	19.30	58	46	1	4	61	747	803	6.9	19.4
Seq8218_390_bp_-1_0_1	ENA|CAA73529|CAA73529.1	32.35	36	23	2	14	48	29	63	7.4	16.9
Seq8218_390_bp_-1_0_1	ENA|CAA36214|CAA36214.1	25.00	48	33	4	6	49	257	304	8.1	16.9
Seq8218_390_bp_-1_0_1	ENA|AAA36539|AAA36539.1	18.52	56	44	2	6	60	314	368	8.7	17.5
Seq8218_390_bp_-1_0_1	ENA|AAR31603|AAR31603.1	17.39	49	38	3	7	55	133	178	8.7	16.9
Seq8218_390_bp_-1_0_1	ENA|AAC49865|AAC49865.1	33.96	65	35	12	3	55	193	257	8.7	16.9
Seq8218_390_bp_-1_0_2	ENA|ABK71357|ABK71357.1	47.37	22	10	3	10	28	282	303	0.99	19.2
Seq8218_390_bp_-1_0_2	ENA|AAC08817|AAC08817.1	33.33	27	14	6	4	26	90	114	3.1	16.2
Seq8218_390_bp_-1_0_2	ENA|CAA73529|CAA73529.1	37.50	16	10	0	12	27	170	185	4.3	16.6
Seq8218_390_bp_-1_0_2	ENA|CAA45199|CAA45199.1	54.55	11	5	0	18	28	39	49	8.9	16.2
Seq8218_390_bp_-1_1_0	ENA|ACT10338|ACT10338.1	21.82	59	43	4	4	58	108	166	1.1	20.3
Seq8218_390_bp_-1_1_0	ENA|ABN10845|ABN10845.1	22.22	36	28	0	22	57	111	146	4.9	17.2
Seq8218_390_bp_-1_1_0	ENA|CAA24711|CAA24711.1	23.81	42	32	0	16	57	84	125	6.2	16.5
Seq8218_390_bp_-1_1_0	ENA|AAA72732|AAA72732.1	25.00	45	33	1	12	56	72	115	6.9	17.2
Seq8218_390_bp_-1_1_0	ENA|AAA42531|AAA42531.1	18.97	61	47	3	5	62	122	182	7.2	17.4
Seq8218_390_bp_-1_1_1	ENA|CAA73529|CAA73529.1	27.78	18	13	0	1	18	245	262	1.2	18.0
Seq8218_390_bp_-1_1_1	ENA|AAF79734|AAF79734.1	41.18	17	10	0	2	18	860	876	6.1	18.0
Seq8218_390_bp_-1_1_1	ENA|ACH70901|ACH70901.1	58.33	14	5	2	3	16	63	74	7.2	15.8
Seq8218_390_bp_-1_1_1	ENA|BAA36759|BAA36759.1	46.15	13	7	0	3	15	29	41	8.8	15.1
Seq8218_390_bp_-1_1_2	ENA|AAC26660|AAC26660.1	41.67	12	7	0	3	14	111	122	0.64	18.3
Seq8218_390_bp_-1_1_2	ENA|AAR37016|AAR37016.1	45.45	11	6	0	3	13	782	792	0.74	21.3
Seq8218_390_bp_-1_1_2	ENA|AAA36539|AAA36539.1	38.46	13	8	0	2	14	365	377	0.84	18.8
Seq8218_390_bp_-1_1_2	ENA|AAB03707|AAB03707.1	38.46	13	8	0	1	13	1319	1331	1.2	19.8
Seq8218_390_bp_-1_1_2	ENA|ACT10338|ACT10338.1	33.33	12	8	0	2	13	283	294	1.4	17.8
Seq8218_390_bp_-1_1_2	ENA|AAB96524|AAB96524.1	50.00	6	3	0	4	9	94	99	1.8	16.3
Seq8218_390_bp_-1_1_2	ENA|AAI27517|AAI27517.1	41.67	12	7	0	1	12	513	524	2.1	17.8
Seq8218_390_bp_-1_1_2	ENA|AAA32624|AAA32624.1	50.00	13	6	1	1	13	82	93	2.6	17.3
Seq8218_390_bp_-1_1_2	ENA|AAC78721|AAC78721.1	55.56	9	4	0	2	10	374	382	3.3	17.3
Seq8218_390_bp_-1_1_2	ENA|AAA42531|AAA42531.1	37.50	8	5	0	5	12	113	120	3.8	16.3
Seq8218_390_bp_-1_1_2	ENA|BAA32018|BAA32018.1	44.44	9	5	0	5	13	368	376	4.3	16.8
Seq8218_390_bp_-1_1_2	ENA|AAA24145|AAA24145.1	50.00	8	4	0	2	9	380	387	4.5	16.3
Seq8218_390_bp_-1_1_2	ENA|BAA32956|BAA32956.1	44.44	9	5	0	3	11	192	200	5.7	14.8
Seq8218_390_bp_-1_1_2	ENA|ABK71357|ABK71357.1	42.86	7	4	0	5	11	84	90	7	15.3
Seq8218_390_bp_-1_1_2	ENA|CAA36214|CAA36214.1	60.00	5	2	0	3	7	273	277	8	14.8
Seq8218_390_bp_-1_1_2	ENA|AAC97205|AAC97205.1	30.00	10	7	0	2	11	7	16	8.1	16.8
Seq8218_390_bp_-1_1_2	ENA|AAB26998|AAB26998.1	60.00	5	2	0	9	13	17	21	8.3	12.8
Seq8218_390_bp_-1_1_2	ENA|CCP43727|CCP43727.1	66.67	6	2	0	8	13	266	271	8.6	14.8
Seq8218_390_bp_-1_1_2	ENA|AAC40132|AAC40132.1	57.14	7	3	0	3	9	100	106	8.8	15.3
Seq8218_390_bp_-1_1_2	ENA|AAQ92751|AAQ92751.2	30.77	13	9	0	1	13	714	726	9	16.8
Seq8218_390_bp_-1_1_2	ENA|CAD53387|CAD53387.1	66.67	6	2	0	2	7	42	47	9.3	15.3
Seq8218_390_bp_-1_1_2	ENA|AAF79734|AAF79734.1	30.77	13	9	0	2	14	28	40	9.4	16.8
Seq8218_390_bp_-1_1_2	ENA|CAA29956|CAA29956.1	41.67	12	7	0	2	13	171	182	9.8	14.8
Seq8218_390_bp_-1_1_3	ENA|BAA32956|BAA32956.1	41.67	12	7	0	2	13	194	205	4.5	15.1
Seq8218_390_bp_-1_1_3	ENA|AAF79734|AAF79734.1	46.15	13	7	0	2	14	61	73	5.7	17.6
Seq8218_390_bp_-1_1_3	ENA|CAD53387|CAD53387.1	36.36	11	7	0	2	12	44	54	6	16.0
Seq8218_390_bp_-1_1_3	ENA|AAC78721|AAC78721.1	45.45	11	6	0	3	13	380	390	6.1	16.4
Seq8218_390_bp_-1_1_3	ENA|CAA73529|CAA73529.1	44.44	9	5	0	4	12	234	242	9.7	14.3
Seq8218_390_bp_-1_1_3	ENA|CAA43419|CAA43419.1	36.36	11	7	0	2	12	355	365	9.8	14.7
Seq8218_390_bp_-1_2_0	ENA|CAA36714|CAA36714.1	23.68	39	29	1	1	39	384	421	0.0038	28.1
Seq8218_390_bp_-1_2_0	ENA|AAA36539|AAA36539.1	27.27	34	24	1	5	37	141	174	0.69	20.6
Seq8218_390_bp_-1_2_0	ENA|ABK71357|ABK71357.1	39.39	39	20	6	5	37	48	86	1.4	19.3
Seq8218_390_bp_-1_2_0	ENA|AAC78721|AAC78721.1	26.67	35	22	5	10	39	395	429	1.6	19.9
Seq8218_390_bp_-1_2_0	ENA|BAB79260|BAB79260.1	25.00	38	27	2	3	40	227	262	1.7	19.3
Seq8218_390_bp_-1_2_0	ENA|AAF79734|AAF79734.1	35.71	31	18	3	10	40	1290	1317	3.3	19.9
Seq8218_390_bp_-1_2_0	ENA|AAR31603|AAR31603.1	18.75	32	26	0	9	40	147	178	3.9	17.5
Seq8218_390_bp_-1_2_0	ENA|BAA32956|BAA32956.1	19.44	37	29	1	5	40	108	144	4	16.9
Seq8218_390_bp_-1_2_0	ENA|CAA24711|CAA24711.1	30.00	20	14	0	16	35	45	64	4.2	16.5
Seq8218_390_bp_-1_2_0	ENA|CAA45199|CAA45199.1	21.62	37	29	0	1	37	283	319	4.4	17.9
Seq8218_390_bp_-1_2_0	ENA|AAA32624|AAA32624.1	17.14	35	29	0	7	41	136	170	4.9	17.9
Seq8218_390_bp_-1_2_0	ENA|ABD33854|ABD33854.1	26.32	19	14	0	18	36	1	19	5	14.8
Seq8218_390_bp_-1_2_0	ENA|AAA25966|AAA25966.1	21.95	45	32	4	1	41	98	142	5.3	18.2
Seq8218_390_bp_-1_2_0	ENA|CAA28033|CAA28033.1	30.00	21	14	1	7	27	233	252	5.9	18.9
Seq8218_390_bp_-1_2_0	ENA|ABN10845|ABN10845.1	32.14	34	19	6	13	40	100	133	6.5	16.2
Seq8218_390_bp_-1_2_0	ENA|CAA26023|CAA26023.1	24.14	29	22	0	1	29	185	213	8.8	16.5
Seq8218_390_bp_-1_2_0	ENA|AAA42531|AAA42531.1	28.57	21	15	0	12	32	344	364	8.9	16.5
Seq8218_390_bp_-1_2_0	ENA|AAA36114|AAA36114.1	29.63	28	19	1	13	39	257	284	9.2	16.9
Seq8218_390_bp_-1_2_1	ENA|AAC08817|AAC08817.1	66.67	14	4	2	20	31	107	120	3.6	16.2
Seq8218_390_bp_-1_2_1	ENA|AAR37016|AAR37016.1	28.57	21	15	0	6	26	116	136	3.6	20.2
Seq8218_390_bp_-1_2_1	ENA|AAB66912|AAB66912.1	37.04	30	17	3	2	28	274	303	5.4	18.2
Seq8218_390_bp_-1_2_1	ENA|AAC97205|AAC97205.1	34.62	26	17	0	3	28	873	898	5.7	18.5
Seq8218_390_bp_-1_2_1	ENA|BAA36759|BAA36759.1	34.78	23	15	0	5	27	238	260	6.4	16.2
Seq8218_390_bp_-1_2_2	ENA|AAC40132|AAC40132.1	30.77	30	18	4	3	28	382	411	0.22	22.2
Seq8218_390_bp_-1_2_2	ENA|CAA29968|CAA29968.1	30.77	27	18	1	1	26	94	120	1.3	18.3
Seq8218_390_bp_-1_2_2	ENA|AAF79734|AAF79734.1	34.48	30	19	1	7	36	1318	1346	1.4	21.1
Seq8218_390_bp_-1_2_2	ENA|CAA45199|CAA45199.1	35.29	38	22	4	2	37	152	187	1.5	19.4
Seq8218_390_bp_-1_2_2	ENA|CAA73529|CAA73529.1	36.67	36	19	6	3	38	109	138	2.3	18.0
Seq8218_390_bp_-1_2_2	ENA|CAA36714|CAA36714.1	27.27	33	24	0	2	34	96	128	2.4	18.7
Seq8218_390_bp_-1_2_2	ENA|BAA05866|BAA05866.1	29.73	39	26	2	2	38	148	186	2.5	18.0
Seq8218_390_bp_-1_2_2	ENA|AAC26660|AAC26660.1	28.57	29	20	1	6	34	104	131	2.7	17.6
Seq8218_390_bp_-1_2_2	ENA|AAB66912|AAB66912.1	26.32	42	28	4	1	38	836	877	2.9	19.4
Seq8218_390_bp_-1_2_2	ENA|ACH70901|ACH70901.1	38.46	29	16	3	5	33	214	239	3	18.0
Seq8218_390_bp_-1_2_2	ENA|CAL82360|CAL82360.1	28.57	35	25	0	3	37	752	786	3.2	19.7
Seq8218_390_bp_-1_2_2	ENA|BAB17681|BAB17681.1	23.08	26	20	0	3	28	152	177	4.6	16.9
Seq8218_390_bp_-1_2_2	ENA|BAA32991|BAA32991.1	17.24	29	24	0	6	34	38	66	4.9	14.8
Seq8218_390_bp_-1_2_2	ENA|AAC08817|AAC08817.1	62.50	8	3	0	21	28	149	156	5.4	15.9
Seq8218_390_bp_-1_2_2	ENA|BAB79260|BAB79260.1	38.10	21	13	0	3	23	2	22	7.4	16.9
Seq8218_390_bp_-1_2_2	ENA|ABK71357|ABK71357.1	25.00	24	18	0	14	37	87	110	7.7	16.6
Seq8218_390_bp_-1_2_2	ENA|AAA72732|AAA72732.1	27.27	11	8	0	5	15	112	122	8.2	16.2
Seq8218_390_bp_-1_2_2	ENA|ABD49687|ABD49687.1	25.00	24	18	0	8	31	872	895	8.3	18.7
Seq8218_390_bp_-1_2_2	ENA|CAB75732|CAB75732.1	15.62	32	27	0	5	36	775	806	9	18.0
