Seq8099_203_bp_1_0_0	ENA|BAA32991|BAA32991.1	50.00	25	10	5	6	30	16	35	0.39	18.7
Seq8099_203_bp_1_0_0	ENA|AAI27517|AAI27517.1	26.47	36	25	2	3	36	291	326	0.79	20.7
Seq8099_203_bp_1_0_0	ENA|AAC08817|AAC08817.1	38.24	43	21	9	3	36	93	135	1.4	18.0
Seq8099_203_bp_1_0_0	ENA|ABD49687|ABD49687.1	34.48	35	19	6	5	39	483	511	4.9	19.6
Seq8099_203_bp_1_0_0	ENA|EDO47375|EDO47375.1	22.22	28	21	1	2	28	144	171	5.9	16.1
Seq8099_203_bp_1_0_0	ENA|AAA36539|AAA36539.1	23.33	31	23	1	3	33	57	86	6.7	17.3
Seq8099_203_bp_1_0_0	ENA|AAC40132|AAC40132.1	34.48	34	19	5	3	36	408	436	6.7	17.3
Seq8099_203_bp_1_0_0	ENA|CAA29968|CAA29968.1	28.00	27	18	2	4	28	81	107	7.1	15.9
Seq8099_203_bp_1_0_0	ENA|BAA32956|BAA32956.1	34.21	44	25	6	3	40	151	194	8.8	15.7
Seq8099_203_bp_1_0_0	ENA|AAB66912|AAB66912.1	61.11	22	7	4	10	27	301	322	9.3	17.7
Seq8099_203_bp_1_0_0	ENA|ABD33854|ABD33854.1	25.00	21	15	1	9	28	33	53	9.5	13.8
Seq8099_203_bp_1_0_0	ENA|AAA25966|AAA25966.1	42.86	22	12	1	14	34	490	511	9.8	17.3
Seq8099_203_bp_1_0_1	ENA|AAB66912|AAB66912.1	43.48	24	13	1	3	25	286	309	0.084	23.9
Seq8099_203_bp_1_0_1	ENA|AAA18786|AAA18786.1	35.00	20	13	0	4	23	66	85	0.44	19.7
Seq8099_203_bp_1_0_1	ENA|AAC08817|AAC08817.1	43.75	16	9	0	4	19	27	42	0.85	18.0
Seq8099_203_bp_1_0_1	ENA|BAA32991|BAA32991.1	26.09	23	17	0	1	23	14	36	0.98	16.6
Seq8099_203_bp_1_0_1	ENA|ABN10845|ABN10845.1	62.50	8	3	0	13	20	110	117	1.5	17.7
Seq8099_203_bp_1_0_1	ENA|AAR37016|AAR37016.1	30.00	20	14	0	1	20	150	169	1.8	20.8
Seq8099_203_bp_1_0_1	ENA|AAC97205|AAC97205.1	32.00	25	17	0	1	25	15	39	2	19.7
Seq8099_203_bp_1_0_1	ENA|AAI27517|AAI27517.1	27.78	18	13	0	2	19	400	417	2.5	18.4
Seq8099_203_bp_1_0_1	ENA|CAA29968|CAA29968.1	37.50	16	10	0	5	20	174	189	2.7	16.6
Seq8099_203_bp_1_0_1	ENA|CAA45708|CAA45708.1	30.43	23	16	0	2	24	1028	1050	3.9	19.0
Seq8099_203_bp_1_0_1	ENA|AAC40132|AAC40132.1	33.33	15	10	0	2	16	466	480	4.1	17.3
Seq8099_203_bp_1_0_1	ENA|ABD49687|ABD49687.1	25.00	20	15	0	1	20	947	966	4.4	19.0
Seq8099_203_bp_1_0_1	ENA|CCP43727|CCP43727.1	30.43	23	16	0	2	24	298	320	4.5	16.6
Seq8099_203_bp_1_0_1	ENA|AAA36539|AAA36539.1	83.33	6	1	0	1	6	67	72	6.5	16.6
Seq8099_203_bp_1_0_1	ENA|AAB96524|AAB96524.1	30.77	13	9	0	12	24	170	182	6.6	15.2
Seq8099_203_bp_1_0_1	ENA|AAC26660|AAC26660.1	31.58	22	13	3	4	25	119	137	7.1	15.6
Seq8099_203_bp_1_0_1	ENA|CAD53387|CAD53387.1	50.00	10	5	0	1	10	464	473	8.5	16.3
Seq8099_203_bp_1_0_1	ENA|AAC49865|AAC49865.1	47.06	20	9	3	6	25	7	23	9	15.6
Seq8099_203_bp_1_1_0	ENA|AAB66912|AAB66912.1	34.00	57	33	7	1	57	301	350	0.0021	30.7
Seq8099_203_bp_1_1_0	ENA|AAB66912|AAB66912.1	38.33	80	37	20	2	64	14	90	0.058	25.9
Seq8099_203_bp_1_1_0	ENA|AAR31603|AAR31603.1	42.86	47	24	5	23	66	236	280	0.0098	26.9
Seq8099_203_bp_1_1_0	ENA|CAA29956|CAA29956.1	30.23	45	30	2	10	52	328	372	0.02	26.1
Seq8099_203_bp_1_1_0	ENA|ABK71357|ABK71357.1	28.12	69	46	5	1	67	40	105	0.023	25.9
Seq8099_203_bp_1_1_0	ENA|ABK71357|ABK71357.1	43.48	23	13	0	4	26	323	345	0.76	20.8
Seq8099_203_bp_1_1_0	ENA|ABD49687|ABD49687.1	27.87	67	44	6	1	64	109	172	0.03	27.7
Seq8099_203_bp_1_1_0	ENA|ABD49687|ABD49687.1	35.29	59	33	8	10	65	1579	1632	0.47	23.8
Seq8099_203_bp_1_1_0	ENA|ABD49687|ABD49687.1	28.57	60	40	4	10	67	452	509	0.67	23.2
Seq8099_203_bp_1_1_0	ENA|AAI27517|AAI27517.1	29.51	66	43	5	4	67	312	374	0.044	25.6
Seq8099_203_bp_1_1_0	ENA|AAI27517|AAI27517.1	40.38	67	31	15	5	64	477	535	0.34	22.7
Seq8099_203_bp_1_1_0	ENA|AAI27517|AAI27517.1	25.81	66	46	4	3	67	397	459	0.49	22.2
Seq8099_203_bp_1_1_0	ENA|AAR37016|AAR37016.1	39.29	66	34	10	2	66	646	702	0.059	27.2
Seq8099_203_bp_1_1_0	ENA|AAR37016|AAR37016.1	33.33	54	32	6	2	55	523	570	0.21	25.3
Seq8099_203_bp_1_1_0	ENA|AAR37016|AAR37016.1	29.69	74	45	10	1	67	771	841	0.37	24.5
Seq8099_203_bp_1_1_0	ENA|CAD53387|CAD53387.1	31.25	75	44	11	2	67	3	75	0.066	24.8
Seq8099_203_bp_1_1_0	ENA|CAD53387|CAD53387.1	31.25	75	44	11	2	67	135	207	0.066	24.8
Seq8099_203_bp_1_1_0	ENA|CAD53387|CAD53387.1	31.25	75	44	11	2	67	267	339	0.066	24.8
Seq8099_203_bp_1_1_0	ENA|CAD53387|CAD53387.1	38.78	61	30	12	6	64	392	442	0.095	24.3
Seq8099_203_bp_1_1_0	ENA|CAD53387|CAD53387.1	42.42	37	19	4	30	64	342	376	0.29	22.7
Seq8099_203_bp_1_1_0	ENA|CAD53387|CAD53387.1	42.42	37	19	4	30	64	210	244	0.29	22.7
Seq8099_203_bp_1_1_0	ENA|CAD53387|CAD53387.1	42.42	37	19	4	30	64	78	112	0.29	22.7
Seq8099_203_bp_1_1_0	ENA|AAC08817|AAC08817.1	32.61	53	31	7	16	67	102	148	0.089	22.7
Seq8099_203_bp_1_1_0	ENA|AAC08817|AAC08817.1	29.79	53	33	6	5	51	30	82	0.39	20.6
Seq8099_203_bp_1_1_0	ENA|BAA32018|BAA32018.1	30.16	74	44	11	2	66	201	272	0.14	24.0
Seq8099_203_bp_1_1_0	ENA|CAA26023|CAA26023.1	31.58	76	39	19	1	66	294	360	0.15	23.2
Seq8099_203_bp_1_1_0	ENA|CAA26023|CAA26023.1	23.21	58	43	2	2	59	199	254	0.78	20.8
Seq8099_203_bp_1_1_0	ENA|BAA32956|BAA32956.1	22.95	64	47	3	4	64	23	86	0.21	21.9
Seq8099_203_bp_1_1_0	ENA|BAA32956|BAA32956.1	36.00	25	16	0	6	30	184	208	0.62	20.3
Seq8099_203_bp_1_1_0	ENA|BAA32956|BAA32956.1	24.19	68	47	6	5	66	106	173	0.9	19.8
Seq8099_203_bp_1_1_0	ENA|CAA43419|CAA43419.1	33.33	56	32	8	2	54	29	79	0.52	21.4
Seq8099_203_bp_1_1_0	ENA|ACH70901|ACH70901.1	34.15	47	27	6	4	49	290	331	0.61	21.1
Seq8099_203_bp_1_1_0	ENA|CCP43727|CCP43727.1	34.09	48	29	4	14	57	148	195	0.67	20.8
Seq8099_203_bp_1_1_0	ENA|CAA26939|CAA26939.1	25.76	71	49	5	2	67	316	386	0.97	21.1
Seq8099_203_bp_1_1_0	ENA|CAA45199|CAA45199.1	26.67	67	44	7	5	67	1	64	1.2	20.6
Seq8099_203_bp_1_1_0	ENA|CAA36214|CAA36214.1	30.00	30	21	0	31	60	123	152	1.3	19.8
Seq8099_203_bp_1_1_0	ENA|AAA72732|AAA72732.1	31.71	47	28	6	4	44	264	310	1.3	19.8
Seq8099_203_bp_1_1_0	ENA|AAC78721|AAC78721.1	41.46	48	24	7	3	50	563	603	1.4	20.8
Seq8099_203_bp_1_1_0	ENA|AAA25966|AAA25966.1	25.00	67	45	7	7	66	609	675	1.5	20.8
Seq8099_203_bp_1_1_0	ENA|CAA36714|CAA36714.1	21.43	42	33	0	7	48	296	337	1.7	20.0
Seq8099_203_bp_1_1_0	ENA|CAA73529|CAA73529.1	31.71	47	28	6	7	49	16	60	1.7	19.2
Seq8099_203_bp_1_1_0	ENA|AAC97205|AAC97205.1	25.86	59	43	1	9	67	990	1047	1.7	21.4
Seq8099_203_bp_1_1_0	ENA|ABN10845|ABN10845.1	27.66	49	34	2	1	49	172	218	2.3	18.4
Seq8099_203_bp_1_1_0	ENA|AAA18786|AAA18786.1	26.23	68	45	7	2	65	192	256	2.8	18.4
Seq8099_203_bp_1_1_0	ENA|ABD33854|ABD33854.1	23.68	39	29	1	23	61	26	63	2.9	16.3
Seq8099_203_bp_1_1_0	ENA|AAQ92751|AAQ92751.2	34.09	49	29	5	9	53	831	878	3.3	20.6
Seq8099_203_bp_1_1_0	ENA|AAA36539|AAA36539.1	26.67	33	22	3	1	30	374	406	3.5	19.0
Seq8099_203_bp_1_1_0	ENA|AAA24145|AAA24145.1	23.81	45	32	3	4	46	388	431	4.8	18.4
Seq8099_203_bp_1_1_0	ENA|CAA11507|CAA11507.1	23.73	60	45	1	8	67	1280	1338	5.6	19.8
Seq8099_203_bp_1_1_0	ENA|AAC49865|AAC49865.1	22.22	45	35	0	23	67	144	188	5.8	17.6
Seq8099_203_bp_1_1_0	ENA|BAA36759|BAA36759.1	28.12	37	23	5	24	55	120	156	6.2	17.4
Seq8099_203_bp_1_1_0	ENA|AAB96524|AAB96524.1	30.77	45	27	6	4	46	110	150	6.8	16.6
Seq8099_203_bp_1_1_0	ENA|AAF79734|AAF79734.1	29.03	33	22	2	37	67	1029	1061	7.1	19.5
Seq8099_203_bp_1_1_0	ENA|AAC40132|AAC40132.1	22.92	49	37	1	7	55	234	281	9.8	17.4
Seq8099_203_bp_1_2_0	ENA|AAB66912|AAB66912.1	100.00	67	0	0	1	67	34	100	4e-31	122.8
Seq8099_203_bp_1_2_0	ENA|ABK71357|ABK71357.1	25.37	82	50	15	1	67	51	132	0.28	22.3
Seq8099_203_bp_1_2_0	ENA|BAA05866|BAA05866.1	31.43	37	24	2	6	42	121	155	0.39	21.5
Seq8099_203_bp_1_2_0	ENA|BAA05866|BAA05866.1	27.27	76	48	10	2	67	162	237	0.66	20.8
Seq8099_203_bp_1_2_0	ENA|ACH70901|ACH70901.1	22.50	40	31	0	12	51	158	197	0.46	21.5
Seq8099_203_bp_1_2_0	ENA|AAC49865|AAC49865.1	29.63	59	38	5	6	61	275	331	0.5	21.3
Seq8099_203_bp_1_2_0	ENA|CAA73529|CAA73529.1	24.32	39	28	2	28	66	1	37	0.59	20.8
Seq8099_203_bp_1_2_0	ENA|ABD49687|ABD49687.1	37.25	57	32	6	10	66	404	454	0.89	22.8
Seq8099_203_bp_1_2_0	ENA|AAA18786|AAA18786.1	33.33	41	26	2	5	45	181	219	0.97	20.0
Seq8099_203_bp_1_2_0	ENA|AAA25966|AAA25966.1	22.03	61	46	2	7	67	506	564	1.3	21.0
Seq8099_203_bp_1_2_0	ENA|AAA24145|AAA24145.1	20.83	51	38	3	3	53	95	142	1.4	20.3
Seq8099_203_bp_1_2_0	ENA|BAB79260|BAB79260.1	29.31	70	41	12	9	66	78	147	1.9	19.8
Seq8099_203_bp_1_2_0	ENA|CAA26023|CAA26023.1	34.88	52	28	9	1	52	223	265	2	19.5
Seq8099_203_bp_1_2_0	ENA|BAA32018|BAA32018.1	30.91	63	38	8	8	64	489	549	2.2	20.0
Seq8099_203_bp_1_2_0	ENA|AAI27517|AAI27517.1	48.48	44	17	11	10	51	559	593	2.5	19.8
Seq8099_203_bp_1_2_0	ENA|AAR37016|AAR37016.1	36.96	55	29	9	9	63	1979	2024	2.9	21.5
Seq8099_203_bp_1_2_0	ENA|BAA32956|BAA32956.1	28.89	49	32	4	3	47	5	53	4.3	17.5
Seq8099_203_bp_1_2_0	ENA|AAC08817|AAC08817.1	20.45	45	35	1	4	48	52	95	4.5	17.0
Seq8099_203_bp_1_2_0	ENA|CAL82360|CAL82360.1	18.97	62	47	4	5	64	38	97	5.3	19.8
Seq8099_203_bp_1_2_0	ENA|CAA43419|CAA43419.1	26.09	47	34	1	3	48	34	80	6.2	17.7
Seq8099_203_bp_1_2_0	ENA|AAR31603|AAR31603.1	19.61	53	41	2	1	53	186	236	6.6	17.5
Seq8099_203_bp_1_2_0	ENA|CCP43727|CCP43727.1	22.73	48	34	4	3	48	57	102	6.6	17.5
Seq8099_203_bp_1_2_0	ENA|AAA36114|AAA36114.1	14.58	48	41	0	9	56	155	202	7.1	18.0
Seq8099_203_bp_1_2_0	ENA|ABG75784|ABG75784.1	33.33	57	34	6	1	52	210	265	7.4	17.2
Seq8099_203_bp_1_2_0	ENA|CAA45199|CAA45199.1	25.00	28	21	0	34	61	293	320	7.8	17.7
Seq8099_203_bp_1_2_0	ENA|CAA36214|CAA36214.1	23.08	55	40	3	7	61	42	93	8.5	17.0
Seq8099_203_bp_1_2_0	ENA|CAA28033|CAA28033.1	23.21	61	43	5	8	66	42	99	8.9	19.0
Seq8099_203_bp_1_2_0	ENA|CAB75732|CAB75732.1	21.95	43	32	2	6	48	101	141	9.4	18.7
Seq8099_203_bp_1_2_0	ENA|AAS77176|AAS77176.1	18.97	61	47	3	5	64	175	233	9.5	16.7
Seq8099_203_bp_-1_0_0	ENA|AAA25966|AAA25966.1	23.33	66	46	6	2	64	575	637	1.1	21.2
Seq8099_203_bp_-1_0_0	ENA|CAA26023|CAA26023.1	31.25	50	33	2	9	57	299	347	1.2	20.2
Seq8099_203_bp_-1_0_0	ENA|BAA36759|BAA36759.1	22.58	67	48	5	2	63	12	78	2.9	18.5
Seq8099_203_bp_-1_0_0	ENA|CAA11507|CAA11507.1	35.00	69	39	9	3	62	569	637	3	20.7
Seq8099_203_bp_-1_0_0	ENA|CAA45199|CAA45199.1	21.74	49	36	3	20	65	129	177	3.4	19.0
Seq8099_203_bp_-1_0_0	ENA|ABN10845|ABN10845.1	26.42	58	39	5	7	59	130	187	3.6	17.8
Seq8099_203_bp_-1_0_0	ENA|ABD49687|ABD49687.1	23.73	63	45	4	8	66	994	1056	6.1	20.0
Seq8099_203_bp_-1_0_0	ENA|CAA29956|CAA29956.1	26.42	54	39	1	3	56	318	370	6.1	17.8
Seq8099_203_bp_-1_0_0	ENA|AAC78721|AAC78721.1	29.17	53	34	5	3	50	313	365	6.6	18.5
Seq8099_203_bp_-1_0_0	ENA|AAR37016|AAR37016.1	20.83	54	38	6	2	50	451	503	7	20.2
Seq8099_203_bp_-1_0_0	ENA|CAA43419|CAA43419.1	25.42	61	44	2	1	61	44	102	7	17.5
Seq8099_203_bp_-1_0_0	ENA|CAA29968|CAA29968.1	25.00	58	39	6	8	62	27	81	7.3	16.5
Seq8099_203_bp_-1_0_0	ENA|AAB03707|AAB03707.1	28.00	53	36	3	3	52	457	509	8	19.2
Seq8099_203_bp_-1_0_0	ENA|ACT10338|ACT10338.1	26.67	48	33	3	1	48	223	267	8.6	17.3
Seq8099_203_bp_-1_0_0	ENA|CAA36214|CAA36214.1	25.64	40	29	1	9	48	210	248	9.4	16.8
Seq8099_203_bp_-1_0_0	ENA|ABK71357|ABK71357.1	26.23	71	45	10	2	63	67	136	9.7	17.0
Seq8099_203_bp_-1_1_0	ENA|AAA25966|AAA25966.1	26.09	54	34	8	14	62	269	319	1.3	21.0
Seq8099_203_bp_-1_1_0	ENA|CAA36714|CAA36714.1	26.32	46	28	8	6	43	417	462	2.5	19.4
Seq8099_203_bp_-1_1_0	ENA|AAI27517|AAI27517.1	23.33	61	46	1	1	61	358	417	3.6	19.2
Seq8099_203_bp_-1_1_0	ENA|AAC97205|AAC97205.1	36.67	37	19	7	33	64	872	906	4.3	20.0
Seq8099_203_bp_-1_1_0	ENA|AAR37016|AAR37016.1	35.00	69	39	9	2	61	363	431	6.1	20.4
Seq8099_203_bp_-1_1_0	ENA|AAQ92751|AAQ92751.2	28.85	54	37	2	3	56	1153	1204	8	19.2
Seq8099_203_bp_-1_1_0	ENA|BAA32991|BAA32991.1	30.43	66	32	20	2	64	14	62	8.1	14.8
Seq8099_203_bp_-1_2_0	ENA|CAD53387|CAD53387.1	47.22	40	19	4	1	38	8	45	0.0091	26.8
Seq8099_203_bp_-1_2_0	ENA|CAD53387|CAD53387.1	47.22	40	19	4	1	38	74	111	0.0091	26.8
Seq8099_203_bp_-1_2_0	ENA|CAD53387|CAD53387.1	47.22	40	19	4	1	38	140	177	0.0091	26.8
Seq8099_203_bp_-1_2_0	ENA|CAD53387|CAD53387.1	47.22	40	19	4	1	38	206	243	0.0091	26.8
Seq8099_203_bp_-1_2_0	ENA|CAD53387|CAD53387.1	47.22	40	19	4	1	38	272	309	0.0091	26.8
Seq8099_203_bp_-1_2_0	ENA|CAD53387|CAD53387.1	47.22	40	19	4	1	38	338	375	0.0091	26.8
Seq8099_203_bp_-1_2_0	ENA|CAD53387|CAD53387.1	47.22	40	19	4	1	38	404	441	0.0091	26.8
Seq8099_203_bp_-1_2_0	ENA|BAA32956|BAA32956.1	46.15	29	14	3	4	29	178	206	0.093	22.2
Seq8099_203_bp_-1_2_0	ENA|ABD49687|ABD49687.1	41.38	36	17	7	8	36	509	544	0.12	24.9
Seq8099_203_bp_-1_2_0	ENA|AAC08817|AAC08817.1	40.54	43	22	6	1	37	27	69	0.26	20.3
Seq8099_203_bp_-1_2_0	ENA|ABD33854|ABD33854.1	37.50	16	10	0	6	21	40	55	0.32	18.7
Seq8099_203_bp_-1_2_0	ENA|AAI27517|AAI27517.1	72.73	11	3	0	19	29	529	539	0.67	20.9
Seq8099_203_bp_-1_2_0	ENA|CCP43727|CCP43727.1	32.26	33	21	2	2	34	128	158	1.4	19.0
Seq8099_203_bp_-1_2_0	ENA|AAA25966|AAA25966.1	52.17	30	11	7	5	34	646	668	1.4	20.1
Seq8099_203_bp_-1_2_0	ENA|AAB66912|AAB66912.1	32.26	32	21	1	7	37	17	48	1.5	20.3
Seq8099_203_bp_-1_2_0	ENA|AAC97205|AAC97205.1	34.62	28	17	2	10	35	188	215	2	20.3
Seq8099_203_bp_-1_2_0	ENA|AAC78721|AAC78721.1	47.83	24	12	1	16	38	571	594	2.3	19.2
Seq8099_203_bp_-1_2_0	ENA|AAB03707|AAB03707.1	46.43	33	15	5	3	32	168	198	2.7	20.1
Seq8099_203_bp_-1_2_0	ENA|ABK71357|ABK71357.1	36.11	43	23	7	1	38	40	80	2.7	18.2
Seq8099_203_bp_-1_2_0	ENA|AAA72732|AAA72732.1	44.44	19	10	1	4	21	272	290	2.7	17.9
Seq8099_203_bp_-1_2_0	ENA|CAA26023|CAA26023.1	27.27	33	24	0	3	35	217	249	2.8	18.2
Seq8099_203_bp_-1_2_0	ENA|ABN10845|ABN10845.1	44.00	34	14	9	4	28	103	136	4	16.8
Seq8099_203_bp_-1_2_0	ENA|AAR37016|AAR37016.1	41.38	36	17	7	7	37	380	413	5.4	19.8
Seq8099_203_bp_-1_2_0	ENA|CAA29956|CAA29956.1	27.27	42	24	9	3	35	98	139	5.6	17.1
Seq8099_203_bp_-1_2_0	ENA|CAA45199|CAA45199.1	26.09	23	17	0	10	32	70	92	5.8	17.4
Seq8099_203_bp_-1_2_0	ENA|AAA18786|AAA18786.1	25.00	30	21	2	6	33	236	265	8.3	16.0
Seq8099_203_bp_-1_2_0	ENA|CAA26939|CAA26939.1	30.77	29	18	3	6	31	469	497	8.3	17.1
Seq8099_203_bp_-1_2_0	ENA|AAC17860|AAC17860.1	27.59	31	21	2	10	38	193	223	8.7	16.5
Seq8099_203_bp_-1_2_0	ENA|BAA36759|BAA36759.1	43.75	20	9	4	13	32	247	262	8.9	16.0
Seq8099_203_bp_-1_2_0	ENA|AAQ92751|AAQ92751.2	45.45	32	12	10	3	24	1194	1225	9.4	18.2
Seq8099_203_bp_-1_2_0	ENA|AAC49865|AAC49865.1	33.33	21	12	3	1	21	17	34	10	16.0
Seq8099_203_bp_-1_2_1	ENA|BAA32956|BAA32956.1	36.00	25	16	0	3	27	186	210	0.012	24.8
Seq8099_203_bp_-1_2_1	ENA|BAA32956|BAA32956.1	43.75	18	9	2	1	18	153	168	0.16	21.0
Seq8099_203_bp_-1_2_1	ENA|AAC97205|AAC97205.1	36.36	22	14	0	2	23	19	40	0.017	26.8
Seq8099_203_bp_-1_2_1	ENA|CAD53387|CAD53387.1	42.11	20	11	1	3	22	4	22	0.093	23.0
Seq8099_203_bp_-1_2_1	ENA|CAD53387|CAD53387.1	42.11	20	11	1	3	22	70	88	0.093	23.0
Seq8099_203_bp_-1_2_1	ENA|CAD53387|CAD53387.1	42.11	20	11	1	3	22	136	154	0.093	23.0
Seq8099_203_bp_-1_2_1	ENA|CAD53387|CAD53387.1	42.11	20	11	1	3	22	202	220	0.093	23.0
Seq8099_203_bp_-1_2_1	ENA|CAD53387|CAD53387.1	42.11	20	11	1	3	22	268	286	0.093	23.0
Seq8099_203_bp_-1_2_1	ENA|CAD53387|CAD53387.1	42.11	20	11	1	3	22	334	352	0.093	23.0
Seq8099_203_bp_-1_2_1	ENA|CAD53387|CAD53387.1	42.11	20	11	1	3	22	400	418	0.093	23.0
Seq8099_203_bp_-1_2_1	ENA|CAD53387|CAD53387.1	60.00	18	6	3	4	19	466	482	0.79	20.0
Seq8099_203_bp_-1_2_1	ENA|ABK71357|ABK71357.1	42.86	21	12	0	1	21	334	354	0.18	21.7
Seq8099_203_bp_-1_2_1	ENA|AAB03707|AAB03707.1	29.17	24	17	0	2	25	186	209	0.2	23.4
Seq8099_203_bp_-1_2_1	ENA|AAA72732|AAA72732.1	34.78	25	15	2	1	25	272	294	0.31	20.6
Seq8099_203_bp_-1_2_1	ENA|AAI27517|AAI27517.1	31.25	17	11	1	1	17	181	196	0.36	21.3
Seq8099_203_bp_-1_2_1	ENA|AAI27517|AAI27517.1	29.63	30	19	3	2	28	512	541	0.58	20.6
Seq8099_203_bp_-1_2_1	ENA|ABD33854|ABD33854.1	23.81	21	16	0	1	21	43	63	0.42	17.9
Seq8099_203_bp_-1_2_1	ENA|AAB66912|AAB66912.1	50.00	22	10	2	3	22	591	612	0.45	21.7
Seq8099_203_bp_-1_2_1	ENA|ABD49687|ABD49687.1	29.17	25	17	1	2	26	750	773	0.51	22.4
Seq8099_203_bp_-1_2_1	ENA|AAC08817|AAC08817.1	44.44	18	10	0	7	24	27	44	1	17.9
Seq8099_203_bp_-1_2_1	ENA|AAQ92751|AAQ92751.2	30.77	30	18	4	2	27	421	450	1.1	21.0
Seq8099_203_bp_-1_2_1	ENA|AAR31603|AAR31603.1	38.89	18	11	0	7	24	268	285	1.3	18.6
Seq8099_203_bp_-1_2_1	ENA|AAA25966|AAA25966.1	37.50	33	15	9	2	25	485	517	1.8	19.3
Seq8099_203_bp_-1_2_1	ENA|CAA26023|CAA26023.1	50.00	10	5	0	4	13	7	16	2	18.2
Seq8099_203_bp_-1_2_1	ENA|ACH70901|ACH70901.1	36.00	27	16	2	1	27	256	280	2.9	17.6
Seq8099_203_bp_-1_2_1	ENA|AAA18786|AAA18786.1	36.84	20	12	1	8	27	206	224	4.4	16.5
Seq8099_203_bp_-1_2_1	ENA|AAR37016|AAR37016.1	22.22	27	21	0	2	28	842	868	4.5	19.6
Seq8099_203_bp_-1_2_1	ENA|BAB79260|BAB79260.1	35.29	17	11	0	10	26	67	83	4.6	17.2
Seq8099_203_bp_-1_2_1	ENA|CAA29956|CAA29956.1	26.09	23	17	0	5	27	230	252	6.1	16.5
Seq8099_203_bp_-1_2_1	ENA|AAB26998|AAB26998.1	23.08	13	10	0	2	14	47	59	6.6	14.1
Seq8099_203_bp_-1_2_1	ENA|AAF79734|AAF79734.1	24.00	26	19	1	1	26	67	91	7.1	18.2
Seq8099_203_bp_-1_2_1	ENA|BAA05866|BAA05866.1	27.27	22	16	0	3	24	123	144	7.8	15.8
Seq8099_203_bp_-1_2_1	ENA|CAA29968|CAA29968.1	37.50	20	10	4	4	19	133	152	8	15.2
Seq8099_203_bp_-1_2_1	ENA|ABN10845|ABN10845.1	35.00	25	13	5	1	20	107	131	8.8	15.2
Seq8099_203_bp_-1_2_1	ENA|BAA32991|BAA32991.1	27.27	11	8	0	13	23	10	20	9.1	13.4
Seq8099_203_bp_-1_2_1	ENA|CAA45708|CAA45708.1	30.00	20	14	0	6	25	704	723	9.2	17.9
Seq8099_203_bp_-1_2_1	ENA|CAA45199|CAA45199.1	38.46	13	8	0	4	16	41	53	9.3	16.2
Seq8099_203_bp_-1_2_1	ENA|AAC40132|AAC40132.1	27.78	18	13	0	3	20	83	100	9.4	16.2
