Seq8117_200_bp_1_0_0	ABS38337.1	34.38	32	21	0	35	66	511	542	0.13	25.1
Seq8117_200_bp_1_0_0	AAX12058.1	38.46	13	8	0	1	13	20	32	0.7	20.5
Seq8117_200_bp_1_0_0	AAB64315.2	50.00	10	5	0	49	58	68	77	0.84	20.5
Seq8117_200_bp_1_0_0	AAA32624.1	66.67	9	3	0	8	16	108	116	0.93	21.0
Seq8117_200_bp_1_0_0	ABD49687.1	40.74	28	16	1	5	31	120	147	2.1	21.5
Seq8117_200_bp_1_0_0	AII71783.1	25.00	12	9	0	36	47	285	296	2.3	18.9
Seq8117_200_bp_1_0_0	AAA36565.1	29.41	17	12	0	12	28	45	61	2.5	17.9
Seq8117_200_bp_1_0_0	AAH69556.1	26.67	30	22	0	12	41	194	223	3.2	18.4
Seq8117_200_bp_1_0_0	AAR31603.1	33.33	15	10	0	27	41	285	299	3.4	18.4
Seq8117_200_bp_1_0_0	CAA45199.1	35.00	20	13	0	28	47	168	187	4.8	18.4
Seq8117_200_bp_1_0_0	AAA32376.1	100.00	5	0	0	52	56	108	112	5.1	16.9
Seq8117_200_bp_1_0_0	AAA24969.1	30.43	23	16	0	31	53	1231	1253	5.3	20.0
Seq8117_200_bp_1_0_0	AAA65607.1	37.50	16	10	0	37	52	233	248	7.5	17.4
Seq8117_200_bp_1_0_0	EDO47375.1	30.77	13	9	0	26	38	70	82	7.8	16.4
Seq8117_200_bp_1_0_0	ABL74574.1	36.84	21	12	2	45	65	42	60	8.3	16.9
Seq8117_200_bp_1_0_0	CAA74140.1	58.33	13	5	1	52	64	361	372	9.2	18.4
Seq8117_200_bp_1_0_0	AAB26998.1	50.00	6	3	0	49	54	26	31	9.4	14.8
Seq8117_200_bp_1_0_0	AAQ92751.2	47.06	18	9	1	12	29	900	916	9.5	18.9
Seq8117_200_bp_1_0_0	BAB70780.1	37.50	16	10	0	51	66	166	181	9.7	17.4
Seq8117_200_bp_1_1_0	AAA45888.1	57.14	7	3	0	6	12	335	341	0.53	18.9
Seq8117_200_bp_1_1_0	AAC97205.1	62.50	8	3	0	4	11	454	461	1.1	19.6
Seq8117_200_bp_1_1_0	ABK71357.1	66.67	6	2	0	6	11	97	102	2	17.0
Seq8117_200_bp_1_1_0	AAA24969.1	45.45	11	6	0	2	12	950	960	2.1	18.9
Seq8117_200_bp_1_1_0	ABD49687.1	62.50	8	3	0	3	10	1388	1395	2.3	18.9
Seq8117_200_bp_1_1_0	AAB96524.1	44.44	9	5	0	1	9	8	16	2.4	15.6
Seq8117_200_bp_1_1_0	AIR13712.1	36.36	11	7	0	2	12	109	119	2.7	16.3
Seq8117_200_bp_1_1_0	AAX84812.1	57.14	7	3	0	5	11	30	36	3	15.6
Seq8117_200_bp_1_1_0	AAI27517.1	44.44	9	5	0	3	11	563	571	3.1	17.0
Seq8117_200_bp_1_1_0	CAA43372.1	80.00	5	1	0	5	9	358	362	5.3	15.6
Seq8117_200_bp_1_1_0	AII71783.1	60.00	5	2	0	4	8	215	219	6.1	15.0
Seq8117_200_bp_1_1_0	AAR31603.1	100.00	4	0	0	6	9	304	307	6.5	15.0
Seq8117_200_bp_1_1_0	AAA18786.1	75.00	4	1	0	8	11	139	142	8.2	14.3
Seq8117_200_bp_1_1_0	AAH69556.1	60.00	5	2	0	6	10	178	182	9.3	14.3
Seq8117_200_bp_1_1_1	AAR37016.1	58.33	12	5	0	6	17	22	33	0.38	23.3
Seq8117_200_bp_1_1_1	AAA45888.1	62.50	8	3	0	8	15	237	244	0.6	20.0
Seq8117_200_bp_1_1_1	CAD53387.1	41.67	12	7	0	1	12	44	55	1.2	19.3
Seq8117_200_bp_1_1_1	BAB70780.1	25.00	16	12	0	1	16	213	228	1.9	18.7
Seq8117_200_bp_1_1_1	AAI27517.1	46.67	16	8	1	12	27	526	540	2.3	18.7
Seq8117_200_bp_1_1_1	BAB17681.1	37.50	8	5	0	3	10	168	175	2.6	17.3
Seq8117_200_bp_1_1_1	AIR13712.1	57.14	7	3	0	11	17	109	115	4.8	16.7
Seq8117_200_bp_1_1_1	ABK71357.1	57.14	7	3	0	21	27	135	141	5.4	16.7
Seq8117_200_bp_1_1_1	AAB96524.1	23.81	21	16	0	7	27	114	134	6.6	15.4
Seq8117_200_bp_1_1_1	EDO47375.1	80.00	5	1	0	7	11	119	123	6.7	15.4
Seq8117_200_bp_1_1_1	CAA26230.1	33.33	12	8	0	7	18	193	204	7.9	16.7
Seq8117_200_bp_1_1_1	AEE27845.1	83.33	6	1	0	3	8	1131	1136	8	18.0
Seq8117_200_bp_1_1_1	ABL74574.1	50.00	8	4	0	1	8	175	182	9.9	15.4
Seq8117_200_bp_1_1_2	ABD33854.1	75.00	4	1	0	7	10	61	64	0.22	17.6
Seq8117_200_bp_1_1_2	AAI27517.1	44.44	9	5	0	2	10	501	509	0.42	19.9
Seq8117_200_bp_1_1_2	BAA32956.1	33.33	6	4	0	1	6	77	82	0.42	18.4
Seq8117_200_bp_1_1_2	AAB96524.1	33.33	9	6	0	4	12	141	149	0.63	17.6
Seq8117_200_bp_1_1_2	EDO47375.1	27.27	11	8	0	1	11	148	158	0.64	17.6
Seq8117_200_bp_1_1_2	BAA32991.1	50.00	6	3	0	1	6	48	53	1.1	15.4
Seq8117_200_bp_1_1_2	AAA42531.1	22.22	9	7	0	4	12	10	18	1.3	17.6
Seq8117_200_bp_1_1_2	AAR31603.1	100.00	3	0	0	1	3	87	89	1.9	16.9
Seq8117_200_bp_1_1_2	ABD49687.1	50.00	6	3	0	7	12	1292	1297	2	19.1
Seq8117_200_bp_1_1_2	AAC97205.1	33.33	9	6	0	1	9	1178	1186	2.4	18.4
Seq8117_200_bp_1_1_2	AAA36565.1	60.00	5	2	0	3	7	157	161	2.7	15.4
Seq8117_200_bp_1_1_2	ABN10845.1	40.00	5	3	0	3	7	113	117	3.5	15.4
Seq8117_200_bp_1_1_2	AAC17860.1	36.36	11	7	0	2	12	205	215	3.9	16.1
Seq8117_200_bp_1_1_2	BAB70780.1	33.33	9	6	0	4	12	396	404	4.5	16.1
Seq8117_200_bp_1_1_2	AAR37016.1	42.86	7	4	0	1	7	70	76	4.6	18.4
Seq8117_200_bp_1_1_2	AAH69556.1	60.00	5	2	0	4	8	44	48	4.8	15.4
Seq8117_200_bp_1_1_2	BAA32018.1	80.00	5	1	0	8	12	133	137	5.8	16.1
Seq8117_200_bp_1_1_2	AAF01122.1	75.00	4	1	0	8	11	50	53	5.9	15.4
Seq8117_200_bp_1_1_2	AAA45888.1	60.00	5	2	0	8	12	10	14	6	15.4
Seq8117_200_bp_1_1_2	AEE27845.1	42.86	7	4	0	6	12	32	38	7.5	16.9
Seq8117_200_bp_1_1_2	AAA72732.1	33.33	9	6	0	1	9	283	291	8.1	14.6
Seq8117_200_bp_1_1_2	CAA74140.1	75.00	4	1	0	9	12	28	31	8.4	16.1
Seq8117_200_bp_1_1_2	ACH70904.1	40.00	5	3	0	6	10	338	342	9.2	14.6
Seq8117_200_bp_1_1_2	AAB26998.1	40.00	5	3	0	5	9	58	62	9.6	12.3
Seq8117_200_bp_1_2_0	CAA74140.1	100.00	66	0	0	1	66	635	700	9.3e-45	168.0
Seq8117_200_bp_1_2_0	CAA04196.1	38.89	18	11	0	33	50	47	64	0.52	21.5
Seq8117_200_bp_1_2_0	AAI27517.1	38.89	18	11	0	43	60	64	81	1	21.0
Seq8117_200_bp_1_2_0	CAA45199.1	37.50	25	15	1	15	39	7	30	1.2	20.5
Seq8117_200_bp_1_2_0	AAA23282.1	62.50	8	3	0	7	14	370	377	1.4	20.5
Seq8117_200_bp_1_2_0	AAR37016.1	46.67	15	8	0	35	49	461	475	2.9	21.5
Seq8117_200_bp_1_2_0	CAA11507.1	32.14	28	19	0	25	52	184	211	3.3	20.5
Seq8117_200_bp_1_2_0	ABK71357.1	55.56	9	4	0	9	17	194	202	3.6	18.5
Seq8117_200_bp_1_2_0	AAX12058.1	41.67	12	7	0	24	35	24	35	3.7	18.0
Seq8117_200_bp_1_2_0	ABD49687.1	28.21	40	28	1	10	48	594	633	4.1	20.5
Seq8117_200_bp_1_2_0	AAA72732.1	40.00	21	12	1	44	63	36	56	5.9	17.5
Seq8117_200_bp_1_2_0	CAA26230.1	50.00	10	5	0	32	41	177	186	7.4	18.0
Seq8117_200_bp_1_2_0	AAH69556.1	42.86	14	8	0	40	53	82	95	8	17.0
Seq8117_200_bp_1_2_0	AAB26998.1	44.44	9	5	0	25	33	37	45	8.2	15.0
Seq8117_200_bp_1_2_0	AAA25966.1	25.00	12	9	0	32	43	568	579	9.3	18.0
Seq8117_200_bp_1_2_0	BAB17681.1	41.67	12	7	0	50	61	194	205	9.9	16.5
Seq8117_200_bp_1_2_0	ACT10338.1	36.36	11	7	0	38	48	268	278	10	17.0
Seq8117_200_bp_-1_0_0	ABS38337.1	33.33	21	14	0	9	29	1016	1036	1.1	21.8
Seq8117_200_bp_-1_0_0	AAR37016.1	53.33	15	7	0	1	15	641	655	1.4	22.3
Seq8117_200_bp_-1_0_0	AAA23282.1	29.17	24	17	0	9	32	291	314	1.4	20.3
Seq8117_200_bp_-1_0_0	CAA74140.1	50.00	10	5	0	26	35	540	549	6.4	18.7
Seq8117_200_bp_-1_0_0	AAA26915.1	31.25	16	11	0	6	21	211	226	6.6	17.7
Seq8117_200_bp_-1_0_0	CAD53387.1	45.45	11	6	0	17	27	492	502	7	17.7
Seq8117_200_bp_-1_0_0	AAA25966.1	23.81	21	16	0	3	23	164	184	7.1	18.2
Seq8117_200_bp_-1_0_0	ABD49687.1	38.10	21	13	0	10	30	726	746	8.1	19.2
Seq8117_200_bp_-1_0_0	CAA43372.1	50.00	12	6	0	11	22	318	329	8.2	17.1
Seq8117_200_bp_-1_0_0	AAA72732.1	33.33	9	6	0	18	26	94	102	8.8	16.6
Seq8117_200_bp_-1_0_0	BAB79260.1	32.26	31	21	0	18	48	144	174	8.9	17.1
Seq8117_200_bp_-1_0_0	AEE27845.1	42.86	14	8	0	17	30	1173	1186	9.3	18.7
Seq8117_200_bp_-1_0_1	AAQ92751.2	80.00	5	1	0	7	11	1329	1333	2.7	18.3
Seq8117_200_bp_-1_0_1	AAI27517.1	60.00	5	2	0	7	11	314	318	2.8	17.0
Seq8117_200_bp_-1_0_1	ABD49687.1	62.50	8	3	0	1	8	1027	1034	5.1	17.6
Seq8117_200_bp_-1_0_1	BAE97662.1	57.14	7	3	0	1	7	468	474	5.3	17.0
Seq8117_200_bp_-1_0_1	ABG75784.1	60.00	5	2	0	7	11	310	314	8.2	14.4
Seq8117_200_bp_-1_0_1	AAA45888.1	66.67	6	2	0	1	6	327	332	9.9	14.4
Seq8117_200_bp_-1_1_0	BAA32956.1	50.00	16	8	0	10	25	187	202	0.012	24.7
Seq8117_200_bp_-1_1_0	AAH69556.1	37.50	16	10	0	9	24	292	307	0.055	23.0
Seq8117_200_bp_-1_1_0	AAI27517.1	40.00	20	12	0	1	20	517	536	0.11	23.0
Seq8117_200_bp_-1_1_0	AAR37016.1	33.33	18	12	0	5	22	499	516	0.19	24.2
Seq8117_200_bp_-1_1_0	EDO47375.1	36.36	11	7	0	14	24	1	11	1.6	17.5
Seq8117_200_bp_-1_1_0	CAA43372.1	44.44	9	5	0	5	13	18	26	1.6	18.6
Seq8117_200_bp_-1_1_0	CAA04196.1	50.00	16	7	2	7	22	200	213	1.6	18.6
Seq8117_200_bp_-1_1_0	ABK71357.1	30.77	13	9	0	10	22	344	356	2.1	18.0
Seq8117_200_bp_-1_1_0	AAF01122.1	42.86	7	4	0	2	8	14	20	2.2	18.0
Seq8117_200_bp_-1_1_0	AAC08817.1	26.67	15	11	0	1	15	7	21	3	16.3
Seq8117_200_bp_-1_1_0	AAA18786.1	42.86	14	8	0	14	27	206	219	3.3	16.9
Seq8117_200_bp_-1_1_0	AEE27845.1	31.58	19	13	0	8	26	334	352	3.7	19.1
Seq8117_200_bp_-1_1_0	ABD33854.1	40.00	10	6	0	17	26	33	42	3.7	14.7
Seq8117_200_bp_-1_1_0	ACH70904.1	44.44	9	5	0	2	10	145	153	4.4	16.9
Seq8117_200_bp_-1_1_0	ABD49687.1	38.89	18	11	0	8	25	1037	1054	4.5	19.1
Seq8117_200_bp_-1_1_0	AAA65607.1	21.43	14	11	0	7	20	103	116	4.5	16.9
Seq8117_200_bp_-1_1_0	AAA26915.1	40.00	17	9	2	5	19	436	452	5.6	16.9
Seq8117_200_bp_-1_1_0	BAA32991.1	60.00	5	2	0	22	26	33	37	5.7	14.1
Seq8117_200_bp_-1_1_0	AAB64315.2	46.15	13	7	0	6	18	318	330	5.8	16.3
Seq8117_200_bp_-1_1_0	CAA73529.1	37.50	8	5	0	14	21	44	51	7.1	15.8
Seq8117_200_bp_-1_1_0	AAX12058.1	80.00	5	1	0	10	14	4	8	7.1	15.8
Seq8117_200_bp_-1_1_0	CAA74140.1	36.36	11	7	0	14	24	519	529	7.6	17.5
Seq8117_200_bp_-1_1_0	CAD53387.1	45.45	11	6	0	13	23	27	37	8.7	16.3
Seq8117_200_bp_-1_1_0	AAA45888.1	42.86	7	4	0	8	14	71	77	9.7	15.8
Seq8117_200_bp_-1_1_1	CAA26230.1	55.56	9	4	0	7	15	428	436	1.2	18.9
Seq8117_200_bp_-1_1_1	CAA73529.1	27.27	11	8	0	7	17	192	202	1.3	17.7
Seq8117_200_bp_-1_1_1	ABL74574.1	40.00	10	6	0	4	13	216	225	1.4	17.7
Seq8117_200_bp_-1_1_1	AAA25966.1	28.57	14	10	0	3	16	138	151	1.5	18.9
Seq8117_200_bp_-1_1_1	AAR31603.1	83.33	6	1	0	7	12	317	322	2.3	17.1
Seq8117_200_bp_-1_1_1	CAA74140.1	100.00	5	0	0	14	18	519	523	4.4	17.7
Seq8117_200_bp_-1_1_1	AAH69556.1	38.46	13	8	0	2	14	91	103	4.8	15.9
Seq8117_200_bp_-1_1_1	ABD49687.1	62.50	8	3	0	7	14	1179	1186	5.3	18.3
Seq8117_200_bp_-1_1_1	AAB03707.1	40.00	15	9	0	3	17	845	859	6.3	17.7
Seq8117_200_bp_-1_1_1	AAA24969.1	54.55	11	5	0	2	12	1471	1481	7	17.7
Seq8117_200_bp_-1_1_1	ABD33854.1	37.50	16	10	0	2	17	11	26	7.5	13.0
Seq8117_200_bp_-1_1_1	ACT10338.1	50.00	8	4	0	8	15	244	251	8.9	15.3
Seq8117_200_bp_-1_1_2	AAB26998.1	37.50	16	10	0	3	18	41	56	0.53	17.3
Seq8117_200_bp_-1_1_2	AAB03707.1	15.79	19	16	0	1	19	1344	1362	0.89	20.7
Seq8117_200_bp_-1_1_2	ABK71357.1	36.36	11	7	0	7	17	174	184	1.1	18.4
Seq8117_200_bp_-1_1_2	AAA24142.1	37.50	8	5	0	3	10	200	207	1.4	18.4
Seq8117_200_bp_-1_1_2	AAR37016.1	31.25	16	11	0	4	19	337	352	1.5	20.7
Seq8117_200_bp_-1_1_2	ABL74574.1	40.00	10	6	0	3	12	11	20	2.8	16.7
Seq8117_200_bp_-1_1_2	CAA45199.1	41.67	12	7	0	8	19	450	461	3.1	17.3
Seq8117_200_bp_-1_1_2	ABD49687.1	83.33	6	1	0	9	14	1045	1050	3.5	19.0
Seq8117_200_bp_-1_1_2	AAR31603.1	40.00	10	6	0	1	10	135	144	4.7	16.2
Seq8117_200_bp_-1_1_2	AAA25966.1	80.00	5	1	0	9	13	444	448	4.7	17.3
Seq8117_200_bp_-1_1_2	AAA26915.1	40.00	10	6	0	4	13	430	439	6.6	16.2
Seq8117_200_bp_-1_1_2	AAA36565.1	33.33	6	4	0	4	9	66	71	7.5	14.5
Seq8117_200_bp_-1_2_0	ABD49687.1	54.55	11	5	0	15	25	663	673	0.35	23.8
Seq8117_200_bp_-1_2_0	ACH70904.1	35.00	46	26	6	2	47	275	314	0.42	21.3
Seq8117_200_bp_-1_2_0	CAA26230.1	55.56	9	4	0	40	48	512	520	0.46	21.8
Seq8117_200_bp_-1_2_0	ACT10338.1	25.00	16	12	0	33	48	144	159	1.8	19.3
Seq8117_200_bp_-1_2_0	AAC17860.1	25.00	28	21	0	19	46	246	273	1.9	19.3
Seq8117_200_bp_-1_2_0	AAI27517.1	66.67	9	3	0	36	44	402	410	2	19.8
Seq8117_200_bp_-1_2_0	BAA32956.1	100.00	3	0	0	47	49	26	28	2.8	17.8
Seq8117_200_bp_-1_2_0	BAB79260.1	62.50	8	3	0	44	51	437	444	3	18.8
Seq8117_200_bp_-1_2_0	AIR13712.1	50.00	8	4	0	42	49	131	138	3.1	18.3
Seq8117_200_bp_-1_2_0	AAA45888.1	66.67	6	2	0	48	53	172	177	3.6	18.3
Seq8117_200_bp_-1_2_0	AAX84812.1	22.22	36	28	0	18	53	161	196	6	16.8
Seq8117_200_bp_-1_2_0	ABN10845.1	35.29	18	11	1	26	43	109	125	7.9	16.2
Seq8117_200_bp_-1_2_0	CAA45199.1	36.36	11	7	0	39	49	375	385	8.5	17.3
Seq8117_200_bp_-1_2_0	AAX12058.1	22.22	18	14	0	29	46	209	226	9.8	16.2
