Seq1939_71_bp_1_0_0	AAR37016.1	100.00	23	0	0	1	23	1851	1873	1.1e-13	64.6
Seq1939_71_bp_1_0_0	CAA43372.1	66.67	12	4	0	2	13	357	368	0.023	24.5
Seq1939_71_bp_1_0_0	AAA25966.1	44.44	9	5	0	7	15	466	474	0.2	22.2
Seq1939_71_bp_1_0_0	ABD49687.1	46.15	13	7	0	3	15	128	140	0.47	22.2
Seq1939_71_bp_1_0_0	ABK71357.1	46.67	16	8	1	5	20	294	308	0.71	19.4
Seq1939_71_bp_1_0_0	CAA74140.1	47.37	19	10	0	5	23	550	568	0.82	20.5
Seq1939_71_bp_1_0_0	ACH70904.1	40.00	15	9	0	5	19	6	20	1	18.8
Seq1939_71_bp_1_0_0	AAA32376.1	37.50	16	10	0	1	16	30	45	1.1	17.7
Seq1939_71_bp_1_0_0	AAH69556.1	37.50	16	10	0	6	21	24	39	1.3	18.3
Seq1939_71_bp_1_0_0	CAA11507.1	31.25	16	11	0	3	18	94	109	1.8	20.0
Seq1939_71_bp_1_0_0	AAR31603.1	30.00	20	14	0	4	23	283	302	2	17.7
Seq1939_71_bp_1_0_0	AAC17860.1	35.29	17	11	0	2	18	106	122	2.5	17.7
Seq1939_71_bp_1_0_0	AEE27845.1	62.50	8	3	0	8	15	525	532	2.6	19.4
Seq1939_71_bp_1_0_0	AAA24969.1	54.55	11	5	0	7	17	1003	1013	2.9	19.4
Seq1939_71_bp_1_0_0	AAB26998.1	46.67	15	8	0	2	16	28	42	3.4	14.9
Seq1939_71_bp_1_0_0	AAI27517.1	35.29	17	11	0	4	20	359	375	3.6	17.7
Seq1939_71_bp_1_0_0	EDO47375.1	31.25	16	11	0	2	17	72	87	3.7	16.0
Seq1939_71_bp_1_0_0	AAA36565.1	38.46	13	8	0	2	14	40	52	4.8	15.4
Seq1939_71_bp_1_0_0	AAA18786.1	50.00	8	4	0	4	11	163	170	5.1	16.0
Seq1939_71_bp_1_0_0	BAE97662.1	55.56	9	4	0	10	18	327	335	6.7	17.7
Seq1939_71_bp_1_0_0	AAF01122.1	41.18	17	10	0	1	17	307	323	7.1	16.0
Seq1939_71_bp_1_0_0	AAC97205.1	41.67	12	7	0	9	20	1102	1113	7.2	17.7
Seq1939_71_bp_1_0_0	CAA73529.1	44.44	9	5	0	10	18	152	160	7.6	15.4
Seq1939_71_bp_1_0_0	BAA32956.1	38.89	18	11	0	1	18	155	172	8.6	14.9
Seq1939_71_bp_1_0_0	ABG75784.1	36.36	11	7	0	1	11	252	262	8.6	15.4
Seq1939_71_bp_1_0_0	CAA45199.1	21.43	14	11	0	10	23	86	99	8.7	16.0
Seq1939_71_bp_1_0_0	AAB64315.2	42.86	7	4	0	11	17	233	239	9	15.4
Seq1939_71_bp_1_0_0	AAA32624.1	37.50	8	5	0	7	14	38	45	9.6	16.0
Seq1939_71_bp_1_0_0	AAA65607.1	36.36	11	7	0	3	13	163	173	10	15.4
Seq1939_71_bp_1_1_0	AAA72732.1	60.00	10	4	0	1	10	223	232	0.065	21.4
Seq1939_71_bp_1_1_0	BAA32018.1	57.14	7	3	0	4	10	384	390	0.76	18.8
Seq1939_71_bp_1_1_0	BAB79260.1	75.00	4	1	0	1	4	173	176	3.2	16.3
Seq1939_71_bp_1_1_0	AAA18786.1	75.00	4	1	0	1	4	185	188	4.5	15.0
Seq1939_71_bp_1_1_0	ABN10845.1	50.00	6	3	0	2	7	202	207	5.7	14.3
Seq1939_71_bp_1_1_0	AEE27845.1	37.50	8	5	0	2	9	407	414	6.2	16.9
Seq1939_71_bp_1_1_0	ABD49687.1	75.00	4	1	0	3	6	96	99	7.5	16.9
Seq1939_71_bp_1_1_0	ABG75784.1	100.00	3	0	0	2	4	194	196	8	14.3
Seq1939_71_bp_1_1_0	BAA32956.1	66.67	3	1	0	3	5	154	156	8.4	13.7
Seq1939_71_bp_1_1_0	AAB64315.2	100.00	4	0	0	6	9	75	78	8.4	14.3
Seq1939_71_bp_1_1_0	ACT10338.1	50.00	6	3	0	3	8	119	124	9.8	14.3
Seq1939_71_bp_1_1_1	AAC08817.1	37.50	8	5	0	1	8	100	107	2	15.5
Seq1939_71_bp_1_1_1	CAA73529.1	60.00	5	2	0	4	8	37	41	4.9	14.9
Seq1939_71_bp_1_1_1	ACT10338.1	100.00	4	0	0	3	6	43	46	6.8	14.9
Seq1939_71_bp_1_1_1	AAA18786.1	83.33	7	1	1	3	8	23	29	7.1	14.3
Seq1939_71_bp_1_1_1	AAX12058.1	42.86	7	4	0	1	7	127	133	7.3	14.3
Seq1939_71_bp_1_1_1	CAA45199.1	100.00	4	0	0	3	6	40	43	8.1	14.9
Seq1939_71_bp_1_1_1	AAA65607.1	50.00	8	4	0	1	8	223	230	9.5	14.3
Seq1939_71_bp_1_2_0	ACH70904.1	55.56	9	4	0	5	13	293	301	0.17	21.4
Seq1939_71_bp_1_2_0	BAA32991.1	42.86	7	4	0	6	12	26	32	0.46	17.5
Seq1939_71_bp_1_2_0	AAR37016.1	41.18	18	10	1	3	20	1738	1754	1.1	21.4
Seq1939_71_bp_1_2_0	AAA25966.1	50.00	16	7	2	7	22	315	328	1.5	19.2
Seq1939_71_bp_1_2_0	AAH69556.1	66.67	6	2	0	17	22	270	275	2.9	17.0
Seq1939_71_bp_1_2_0	AAQ92751.2	80.00	5	1	0	4	8	1025	1029	4.2	18.6
Seq1939_71_bp_1_2_0	ABD49687.1	29.41	17	12	0	4	20	1443	1459	5.1	18.6
Seq1939_71_bp_1_2_0	CAD53387.1	45.45	11	6	0	6	16	468	478	6.8	16.4
Seq1939_71_bp_1_2_0	BAB17681.1	66.67	6	2	0	1	6	39	44	7.9	15.3
Seq1939_71_bp_1_2_0	AII71783.1	62.50	8	3	0	6	13	217	224	8.8	15.3
Seq1939_71_bp_-1_0_0	AAQ92751.2	44.44	18	10	0	5	22	642	659	1.7	20.1
Seq1939_71_bp_-1_0_0	BAB79260.1	41.18	17	10	0	5	21	306	322	1.7	18.4
Seq1939_71_bp_-1_0_0	AAA32624.1	57.14	16	6	2	2	15	57	72	2	18.4
Seq1939_71_bp_-1_0_0	AAH69556.1	33.33	18	12	0	3	20	107	124	2.4	17.3
Seq1939_71_bp_-1_0_0	AAF01122.1	53.85	14	6	1	9	21	35	48	3	17.3
Seq1939_71_bp_-1_0_0	CAA26230.1	38.46	13	8	0	8	20	95	107	4.4	17.3
Seq1939_71_bp_-1_0_0	ABN10845.1	35.71	14	9	0	8	21	73	86	5.3	15.7
Seq1939_71_bp_-1_0_0	AAB64315.2	28.57	21	15	0	3	23	146	166	5.4	16.2
Seq1939_71_bp_-1_0_0	AAI27517.1	30.00	20	14	0	1	20	64	83	6.6	16.8
Seq1939_71_bp_-1_0_0	AIR13712.1	50.00	10	5	0	11	20	287	296	7.8	15.7
Seq1939_71_bp_-1_0_0	AAA65607.1	45.45	11	6	0	2	12	19	29	8.6	15.7
Seq1939_71_bp_-1_0_0	AAC17860.1	40.00	10	6	0	6	15	388	397	9.6	15.7
Seq1939_71_bp_-1_1_0	AAR31603.1	71.43	7	2	0	3	9	247	253	0.046	22.0
Seq1939_71_bp_-1_1_0	CAA11507.1	62.50	8	3	0	3	10	248	255	0.47	20.7
Seq1939_71_bp_-1_1_0	AAB03707.1	55.56	9	4	0	1	9	1185	1193	1.2	19.3
Seq1939_71_bp_-1_1_0	ABD49687.1	71.43	7	2	0	3	9	165	171	3.6	18.0
Seq1939_71_bp_-1_1_0	ABG75784.1	40.00	10	6	0	1	10	237	246	4	15.4
Seq1939_71_bp_-1_1_0	AAI27517.1	55.56	9	4	0	1	9	474	482	4.8	16.1
Seq1939_71_bp_-1_1_0	BAB70780.1	75.00	4	1	0	6	9	98	101	6.1	15.4
Seq1939_71_bp_-1_1_0	AAA24969.1	60.00	5	2	0	6	10	935	939	7.6	16.7
Seq1939_71_bp_-1_1_0	BAA32018.1	50.00	8	4	0	2	9	251	258	7.8	15.4
Seq1939_71_bp_-1_1_0	AAC17860.1	100.00	3	0	0	6	8	373	375	8	14.7
Seq1939_71_bp_-1_1_0	AAC97205.1	55.56	9	4	0	1	9	390	398	9.6	16.1
Seq1939_71_bp_-1_1_0	AAB64315.2	40.00	5	3	0	6	10	187	191	9.9	14.1
Seq1939_71_bp_-1_1_1	AAC97205.1	71.43	7	2	0	4	10	1012	1018	4.2	17.4
Seq1939_71_bp_-1_1_1	ABN10845.1	60.00	5	2	0	7	11	57	61	7.1	14.2
Seq1939_71_bp_-1_1_1	AAA36565.1	75.00	4	1	0	8	11	61	64	7.9	13.6
Seq1939_71_bp_-1_1_1	ACT10338.1	42.86	7	4	0	3	9	34	40	8.5	14.7
Seq1939_71_bp_-1_1_1	AAH69556.1	57.14	7	3	0	4	10	44	50	9.6	14.2
Seq1939_71_bp_-1_2_0	CAA04196.1	53.85	13	6	0	3	15	374	386	0.092	22.4
Seq1939_71_bp_-1_2_0	ABG75784.1	45.45	11	6	0	7	17	83	93	1.7	17.8
Seq1939_71_bp_-1_2_0	BAA32991.1	23.08	13	10	0	1	13	14	26	2.7	14.9
Seq1939_71_bp_-1_2_0	EDO47375.1	40.00	10	6	0	1	10	132	141	4.9	15.4
Seq1939_71_bp_-1_2_0	AAA72732.1	45.45	11	6	0	2	12	90	100	5.4	16.0
Seq1939_71_bp_-1_2_0	AAC08817.1	44.44	9	5	0	5	13	68	76	6.2	14.9
Seq1939_71_bp_-1_2_0	AAA36565.1	100.00	4	0	0	14	17	114	117	6.3	14.9
Seq1939_71_bp_-1_2_0	AAF01122.1	50.00	10	5	0	8	17	3	12	6.4	16.0
Seq1939_71_bp_-1_2_0	ACT10338.1	21.05	19	15	0	1	19	63	81	6.6	16.0
Seq1939_71_bp_-1_2_0	AAX12058.1	44.44	9	5	0	6	14	156	164	6.9	15.4
Seq1939_71_bp_-1_2_0	AAB96524.1	57.14	7	3	0	8	14	176	182	7	14.9
Seq1939_71_bp_-1_2_0	CAA43372.1	28.57	14	10	0	4	17	175	188	7	16.0
Seq1939_71_bp_-1_2_0	CAA26230.1	38.46	13	8	0	2	14	485	497	9.3	16.0
