Seq10045_239_bp_1_0_0	ENA|AAQ92751|AAQ92751.2	30.36	60	39	4	17	76	19	74	0.31	24.3
Seq10045_239_bp_1_0_0	ENA|ABG75784|ABG75784.1	24.49	51	37	2	1	51	197	245	0.43	21.7
Seq10045_239_bp_1_0_0	ENA|BAA32018|BAA32018.1	31.25	32	22	0	1	32	407	438	1.2	21.1
Seq10045_239_bp_1_0_0	ENA|ABD49687|ABD49687.1	35.00	20	13	0	43	62	1678	1697	1.6	22.2
Seq10045_239_bp_1_0_0	ENA|AAB96524|AAB96524.1	35.29	17	11	0	17	33	70	86	2.2	18.5
Seq10045_239_bp_1_0_0	ENA|BAA32956|BAA32956.1	30.77	26	18	0	33	58	57	82	2.5	18.5
Seq10045_239_bp_1_0_0	ENA|CAA36214|CAA36214.1	38.46	27	16	1	1	27	192	217	3.6	18.5
Seq10045_239_bp_1_0_0	ENA|AAR37016|AAR37016.1	61.54	13	5	0	1	13	1948	1960	4.5	21.1
Seq10045_239_bp_1_0_0	ENA|CAA11507|CAA11507.1	47.06	17	9	0	42	58	1019	1035	5.3	20.1
Seq10045_239_bp_1_0_0	ENA|AAB26998|AAB26998.1	66.67	6	2	0	50	55	30	35	5.5	15.9
Seq10045_239_bp_1_0_0	ENA|CAA28033|CAA28033.1	42.86	14	8	0	2	15	976	989	7.1	19.6
Seq10045_239_bp_1_0_0	ENA|AAA72732|AAA72732.1	30.00	30	21	0	17	46	186	215	7.3	17.5
Seq10045_239_bp_1_0_0	ENA|CCP43727|CCP43727.1	28.57	14	10	0	61	74	136	149	7.6	17.5
Seq10045_239_bp_1_0_0	ENA|ABK71357|ABK71357.1	33.33	12	8	0	53	64	133	144	8.5	17.5
Seq10045_239_bp_1_0_0	ENA|CAB75732|CAB75732.1	21.43	28	22	0	41	68	239	266	9	19.0
Seq10045_239_bp_1_0_0	ENA|AAC97205|AAC97205.1	29.17	24	17	0	51	74	376	399	9.5	19.0
Seq10045_239_bp_1_1_0	ENA|CAA43419|CAA43419.1	57.14	7	3	0	2	8	107	113	0.86	17.9
Seq10045_239_bp_1_1_0	ENA|BAA32991|BAA32991.1	50.00	6	3	0	1	6	4	9	1.2	15.0
Seq10045_239_bp_1_1_0	ENA|CAA36214|CAA36214.1	60.00	5	2	0	4	8	240	244	1.9	16.5
Seq10045_239_bp_1_1_0	ENA|AAC78721|AAC78721.1	57.14	7	3	0	4	10	669	675	4.1	16.5
Seq10045_239_bp_1_1_0	ENA|AAB03707|AAB03707.1	66.67	6	2	0	5	10	1291	1296	5.1	17.2
Seq10045_239_bp_1_1_0	ENA|AAA72732|AAA72732.1	57.14	7	3	0	2	8	43	49	5.1	15.0
Seq10045_239_bp_1_1_0	ENA|ABD49687|ABD49687.1	80.00	5	1	0	6	10	1615	1619	6.3	17.2
Seq10045_239_bp_1_1_0	ENA|AAC08817|AAC08817.1	57.14	7	3	0	3	9	35	41	6.9	13.6
Seq10045_239_bp_1_1_0	ENA|AAA24145|AAA24145.1	60.00	5	2	0	1	5	2	6	7.4	15.0
Seq10045_239_bp_1_1_0	ENA|CAL82360|CAL82360.1	57.14	7	3	0	3	9	20	26	7.6	16.5
Seq10045_239_bp_1_1_0	ENA|CAA11507|CAA11507.1	80.00	5	1	0	6	10	148	152	8.1	16.5
Seq10045_239_bp_1_1_0	ENA|AAB66912|AAB66912.1	80.00	5	1	0	6	10	327	331	9	15.7
Seq10045_239_bp_1_1_0	ENA|BAA32956|BAA32956.1	60.00	5	2	0	4	8	154	158	9	13.6
Seq10045_239_bp_1_1_1	ENA|CAD53387|CAD53387.1	54.55	11	5	0	35	45	472	482	0.95	20.6
Seq10045_239_bp_1_1_1	ENA|BAB79260|BAB79260.1	50.00	12	6	0	33	44	388	399	2.6	19.0
Seq10045_239_bp_1_1_1	ENA|BAA32018|BAA32018.1	37.50	16	10	0	20	35	370	385	3.5	19.0
Seq10045_239_bp_1_1_1	ENA|AAA72732|AAA72732.1	40.00	15	9	0	14	28	14	28	3.7	17.9
Seq10045_239_bp_1_1_1	ENA|AAC26660|AAC26660.1	62.50	8	3	0	27	34	179	186	4.4	17.4
Seq10045_239_bp_1_1_1	ENA|ABK71357|ABK71357.1	32.14	28	19	0	9	36	31	58	4.4	17.9
Seq10045_239_bp_1_1_1	ENA|ABD49687|ABD49687.1	54.55	11	5	0	24	34	6	16	6.5	19.5
Seq10045_239_bp_1_1_1	ENA|AAI27517|AAI27517.1	43.75	16	9	0	17	32	287	302	6.8	17.9
Seq10045_239_bp_1_1_1	ENA|AAB66912|AAB66912.1	25.00	32	24	0	15	46	123	154	7.4	18.4
Seq10045_239_bp_1_1_1	ENA|ABG75784|ABG75784.1	50.00	8	4	0	38	45	193	200	7.5	16.8
Seq10045_239_bp_1_1_1	ENA|AAR37016|AAR37016.1	41.67	12	7	0	39	50	58	69	8.8	19.5
Seq10045_239_bp_1_1_1	ENA|CAL82360|CAL82360.1	33.33	18	12	0	3	20	86	103	9.9	18.4
Seq10045_239_bp_1_1_2	ENA|BAA05866|BAA05866.1	83.33	6	1	0	8	13	260	265	0.16	20.5
Seq10045_239_bp_1_1_2	ENA|AAC49865|AAC49865.1	57.14	7	3	0	1	7	170	176	0.48	19.0
Seq10045_239_bp_1_1_2	ENA|ABD49687|ABD49687.1	50.00	8	4	0	1	8	92	99	0.52	21.2
Seq10045_239_bp_1_1_2	ENA|BAB79260|BAB79260.1	50.00	8	4	0	2	9	281	288	0.66	19.0
Seq10045_239_bp_1_1_2	ENA|AAA24145|AAA24145.1	75.00	4	1	0	2	5	52	55	0.67	19.0
Seq10045_239_bp_1_1_2	ENA|AAI27517|AAI27517.1	80.00	5	1	0	1	5	423	427	0.86	19.0
Seq10045_239_bp_1_1_2	ENA|CAA45199|CAA45199.1	37.50	8	5	0	2	9	370	377	1.2	18.2
Seq10045_239_bp_1_1_2	ENA|CAA36214|CAA36214.1	66.67	6	2	0	7	12	32	37	1.3	17.4
Seq10045_239_bp_1_1_2	ENA|ACH70901|ACH70901.1	44.44	9	5	0	3	11	1	9	1.5	17.4
Seq10045_239_bp_1_1_2	ENA|ABK71357|ABK71357.1	62.50	8	3	0	6	13	65	72	1.6	17.4
Seq10045_239_bp_1_1_2	ENA|CAA26023|CAA26023.1	100.00	4	0	0	1	4	199	202	1.6	17.4
Seq10045_239_bp_1_1_2	ENA|AAB03707|AAB03707.1	30.77	13	9	0	1	13	821	833	2	19.0
Seq10045_239_bp_1_1_2	ENA|AAR31603|AAR31603.1	45.45	11	6	0	3	13	225	235	2.3	16.7
Seq10045_239_bp_1_1_2	ENA|AAA25966|AAA25966.1	37.50	8	5	0	1	8	658	665	3	17.4
Seq10045_239_bp_1_1_2	ENA|AAC26660|AAC26660.1	75.00	4	1	0	6	9	76	79	3	15.9
Seq10045_239_bp_1_1_2	ENA|CAL82360|CAL82360.1	50.00	6	3	0	5	10	43	48	3.1	18.2
Seq10045_239_bp_1_1_2	ENA|CAA28033|CAA28033.1	66.67	6	2	0	5	10	44	49	3.2	18.2
Seq10045_239_bp_1_1_2	ENA|CAA11507|CAA11507.1	38.46	13	8	0	1	13	979	991	3.3	18.2
Seq10045_239_bp_1_1_2	ENA|CAA24711|CAA24711.1	75.00	4	1	0	1	4	138	141	3.5	15.1
Seq10045_239_bp_1_1_2	ENA|AAB96524|AAB96524.1	75.00	4	1	0	1	4	142	145	3.7	15.1
Seq10045_239_bp_1_1_2	ENA|ABN10845|ABN10845.1	42.86	7	4	0	6	12	69	75	4.3	15.1
Seq10045_239_bp_1_1_2	ENA|AAB26998|AAB26998.1	100.00	3	0	0	8	10	30	32	4.5	13.6
Seq10045_239_bp_1_1_2	ENA|ACT10338|ACT10338.1	66.67	6	2	0	1	6	299	304	4.5	15.9
Seq10045_239_bp_1_1_2	ENA|AAC78721|AAC78721.1	66.67	3	1	0	4	6	107	109	4.6	16.7
Seq10045_239_bp_1_1_2	ENA|AAQ92751|AAQ92751.2	60.00	5	2	0	2	6	1026	1030	5.6	17.4
Seq10045_239_bp_1_1_2	ENA|AAR37016|AAR37016.1	27.27	11	8	0	3	13	1095	1105	5.6	18.2
Seq10045_239_bp_1_1_2	ENA|AAA32624|AAA32624.1	66.67	3	1	0	5	7	482	484	6	15.9
Seq10045_239_bp_1_1_2	ENA|ABG75784|ABG75784.1	40.00	5	3	0	1	5	166	170	6.1	15.1
Seq10045_239_bp_1_1_2	ENA|AAB66912|AAB66912.1	41.67	12	7	0	1	12	409	420	6.3	16.7
Seq10045_239_bp_1_1_2	ENA|CAA29968|CAA29968.1	75.00	4	1	0	8	11	138	141	6.4	14.4
Seq10045_239_bp_1_1_2	ENA|AAC08817|AAC08817.1	55.56	9	4	0	3	11	81	89	8.6	13.6
Seq10045_239_bp_1_1_2	ENA|AAS77176|AAS77176.1	75.00	4	1	0	1	4	232	235	9.3	14.4
Seq10045_239_bp_1_2_0	ENA|CAA29968|CAA29968.1	54.55	11	5	0	6	16	102	112	0.016	24.4
Seq10045_239_bp_1_2_0	ENA|AAA24145|AAA24145.1	44.44	9	5	0	3	11	167	175	0.73	20.1
Seq10045_239_bp_1_2_0	ENA|AAC49865|AAC49865.1	66.67	6	2	0	6	11	64	69	1.2	18.9
Seq10045_239_bp_1_2_0	ENA|CAA73529|CAA73529.1	71.43	7	2	0	3	9	157	163	1.5	18.3
Seq10045_239_bp_1_2_0	ENA|AAC97205|AAC97205.1	35.29	17	11	0	1	17	1071	1087	1.9	20.1
Seq10045_239_bp_1_2_0	ENA|ABD49687|ABD49687.1	27.78	18	13	0	14	31	795	812	2.7	20.1
Seq10045_239_bp_1_2_0	ENA|CAA29956|CAA29956.1	50.00	10	5	0	11	20	118	127	3.2	17.7
Seq10045_239_bp_1_2_0	ENA|AAR37016|AAR37016.1	62.50	8	3	0	13	20	954	961	3.6	20.1
Seq10045_239_bp_1_2_0	ENA|AAC40132|AAC40132.1	35.71	14	9	0	15	28	417	430	4	17.7
Seq10045_239_bp_1_2_0	ENA|AAB96524|AAB96524.1	57.14	7	3	0	3	9	15	21	5.4	15.9
Seq10045_239_bp_1_2_0	ENA|AAR31603|AAR31603.1	38.46	13	8	0	3	15	268	280	6.3	16.5
Seq10045_239_bp_1_2_0	ENA|AAA36114|AAA36114.1	27.27	22	16	0	5	26	133	154	6.4	17.1
Seq10045_239_bp_1_2_0	ENA|ABK71357|ABK71357.1	46.15	13	7	0	20	32	141	153	7	16.5
Seq10045_239_bp_1_2_0	ENA|CAA26939|CAA26939.1	40.00	10	6	0	11	20	521	530	7.1	17.1
Seq10045_239_bp_1_2_0	ENA|CAA11507|CAA11507.1	25.93	27	20	0	2	28	1148	1174	7.3	18.3
Seq10045_239_bp_1_2_0	ENA|AAA42531|AAA42531.1	62.50	8	3	0	12	19	11	18	7.3	16.5
Seq10045_239_bp_1_2_0	ENA|AAB26998|AAB26998.1	33.33	9	6	0	3	11	19	27	8	14.0
Seq10045_239_bp_1_2_1	ENA|EDO47375|EDO47375.1	22.22	27	21	0	3	29	17	43	0.47	19.8
Seq10045_239_bp_1_2_1	ENA|BAB79260|BAB79260.1	36.36	22	14	0	16	37	379	400	0.49	21.0
Seq10045_239_bp_1_2_1	ENA|CCP43727|CCP43727.1	40.00	15	9	0	1	15	10	24	1.8	18.6
Seq10045_239_bp_1_2_1	ENA|AAA42531|AAA42531.1	33.33	18	12	0	6	23	222	239	2.1	18.6
Seq10045_239_bp_1_2_1	ENA|AAR31603|AAR31603.1	40.00	15	9	0	12	26	65	79	2.7	18.0
Seq10045_239_bp_1_2_1	ENA|AAC17860|AAC17860.1	25.00	16	12	0	2	17	333	348	3.4	18.0
Seq10045_239_bp_1_2_1	ENA|CAA26023|CAA26023.1	71.43	7	2	0	12	18	364	370	4.7	17.4
Seq10045_239_bp_1_2_1	ENA|CAA11507|CAA11507.1	38.71	34	19	3	1	31	475	508	4.9	19.2
Seq10045_239_bp_1_2_1	ENA|AAF79734|AAF79734.1	45.45	11	6	0	20	30	15	25	5.2	19.2
Seq10045_239_bp_1_2_1	ENA|BAA05866|BAA05866.1	29.41	17	12	0	1	17	1	17	5.7	16.8
Seq10045_239_bp_1_2_1	ENA|AAA72732|AAA72732.1	28.57	14	10	0	8	21	239	252	5.8	16.8
Seq10045_239_bp_1_2_1	ENA|ABN10845|ABN10845.1	31.58	19	13	0	17	35	36	54	6	16.2
Seq10045_239_bp_1_2_1	ENA|CAA29956|CAA29956.1	27.78	18	13	0	1	18	340	357	6.9	16.8
Seq10045_239_bp_1_2_1	ENA|CAA28033|CAA28033.1	16.67	24	20	0	10	33	601	624	6.9	18.6
Seq10045_239_bp_1_2_1	ENA|CAA24711|CAA24711.1	44.44	9	5	0	28	36	114	122	7.2	15.6
Seq10045_239_bp_1_2_1	ENA|BAA32018|BAA32018.1	41.18	17	10	0	9	25	94	110	7.5	17.4
Seq10045_239_bp_1_2_1	ENA|AAA32624|AAA32624.1	60.00	10	4	0	8	17	264	273	9.3	16.8
Seq10045_239_bp_-1_0_0	ENA|BAA36759|BAA36759.1	37.50	16	10	0	12	27	55	70	2.2	18.4
Seq10045_239_bp_-1_0_0	ENA|CAA73529|CAA73529.1	23.08	26	20	0	8	33	110	135	4.2	17.3
Seq10045_239_bp_-1_0_0	ENA|CAA24711|CAA24711.1	71.43	7	2	0	17	23	154	160	5.4	16.3
Seq10045_239_bp_-1_0_0	ENA|AAA36114|AAA36114.1	45.00	21	11	1	19	38	333	353	5.4	17.8
Seq10045_239_bp_-1_0_0	ENA|CAA26939|CAA26939.1	35.71	14	9	0	8	21	473	486	6.1	17.8
Seq10045_239_bp_-1_0_0	ENA|CAA36214|CAA36214.1	61.11	24	7	6	12	33	253	272	6.6	16.8
Seq10045_239_bp_-1_0_0	ENA|ABG75784|ABG75784.1	44.44	9	5	0	30	38	300	308	6.7	16.8
Seq10045_239_bp_-1_0_0	ENA|CAA11507|CAA11507.1	35.29	17	11	0	22	38	6	22	7	18.9
Seq10045_239_bp_-1_0_0	ENA|AAC26660|AAC26660.1	23.53	17	13	0	30	46	171	187	7.8	16.3
Seq10045_239_bp_-1_0_0	ENA|AAA18786|AAA18786.1	50.00	10	5	0	25	34	41	50	8.1	16.3
Seq10045_239_bp_-1_0_0	ENA|ABD49687|ABD49687.1	50.00	10	5	0	5	14	507	516	8.7	18.9
Seq10045_239_bp_-1_0_0	ENA|AAA36539|AAA36539.1	55.56	9	4	0	26	34	373	381	9.9	16.8
Seq10045_239_bp_-1_0_1	ENA|BAA32991|BAA32991.1	57.14	7	3	0	9	15	29	35	1.6	16.3
Seq10045_239_bp_-1_0_1	ENA|AAA18786|AAA18786.1	50.00	10	5	0	12	21	15	24	7.9	15.8
Seq10045_239_bp_-1_1_0	ENA|CAA45708|CAA45708.1	50.00	10	5	0	3	12	344	353	0.33	22.5
Seq10045_239_bp_-1_1_0	ENA|CAA43419|CAA43419.1	45.45	11	6	0	12	22	116	126	1	18.8
Seq10045_239_bp_-1_1_0	ENA|BAA32018|BAA32018.1	35.71	14	9	0	2	15	157	170	2.6	18.2
Seq10045_239_bp_-1_1_0	ENA|AAS77176|AAS77176.1	71.43	7	2	0	3	9	213	219	2.8	16.9
Seq10045_239_bp_-1_1_0	ENA|CAL82360|CAL82360.1	41.18	18	10	1	4	21	700	716	3.5	18.8
Seq10045_239_bp_-1_1_0	ENA|AAB26998|AAB26998.1	75.00	4	1	0	8	11	45	48	4.1	14.5
Seq10045_239_bp_-1_1_0	ENA|CAA36714|CAA36714.1	71.43	7	2	0	15	21	278	284	4.5	16.9
Seq10045_239_bp_-1_1_0	ENA|AAA42531|AAA42531.1	44.44	9	5	0	14	22	335	343	5.6	16.3
Seq10045_239_bp_-1_1_0	ENA|AAB96524|AAB96524.1	50.00	8	4	0	7	14	72	79	6.3	15.1
Seq10045_239_bp_-1_1_0	ENA|BAA36759|BAA36759.1	80.00	5	1	0	10	14	276	280	6.4	15.7
Seq10045_239_bp_-1_1_0	ENA|AAC40132|AAC40132.1	57.14	7	3	0	15	21	120	126	6.9	16.3
Seq10045_239_bp_-1_1_0	ENA|ACT10338|ACT10338.1	33.33	6	4	0	10	15	298	303	8.4	15.7
Seq10045_239_bp_-1_1_1	ENA|ABD49687|ABD49687.1	60.00	16	6	1	1	16	382	396	0.087	24.1
Seq10045_239_bp_-1_1_1	ENA|AAI27517|AAI27517.1	50.00	12	6	0	1	12	323	334	0.32	20.7
Seq10045_239_bp_-1_1_1	ENA|CAA26023|CAA26023.1	50.00	8	4	0	1	8	275	282	0.33	20.0
Seq10045_239_bp_-1_1_1	ENA|AAA36114|AAA36114.1	62.50	8	3	0	3	10	418	425	0.7	19.3
Seq10045_239_bp_-1_1_1	ENA|AAF79734|AAF79734.1	50.00	14	7	0	2	15	336	349	0.77	20.7
Seq10045_239_bp_-1_1_1	ENA|CAA29968|CAA29968.1	23.08	13	10	0	2	14	136	148	1.7	16.6
Seq10045_239_bp_-1_1_1	ENA|ABN10845|ABN10845.1	57.14	7	3	0	4	10	131	137	1.9	16.6
Seq10045_239_bp_-1_1_1	ENA|CAA45708|CAA45708.1	55.56	9	4	0	2	10	1169	1177	5.2	18.0
Seq10045_239_bp_-1_1_1	ENA|AAC78721|AAC78721.1	41.67	12	7	0	3	14	552	563	5.8	16.6
Seq10045_239_bp_-1_1_1	ENA|AAB96524|AAB96524.1	50.00	10	5	0	7	16	44	53	6.5	14.6
Seq10045_239_bp_-1_1_1	ENA|CAA28033|CAA28033.1	33.33	9	6	0	5	13	1064	1072	6.9	17.3
Seq10045_239_bp_-1_1_1	ENA|CAA11507|CAA11507.1	44.44	9	5	0	8	16	106	114	7.2	17.3
Seq10045_239_bp_-1_1_1	ENA|AAR37016|AAR37016.1	41.67	12	7	0	1	12	1046	1057	7.8	18.0
Seq10045_239_bp_-1_1_1	ENA|AAC08817|AAC08817.1	23.08	13	10	0	1	13	21	33	8.6	13.9
Seq10045_239_bp_-1_1_1	ENA|AAA18786|AAA18786.1	57.14	7	3	0	1	7	80	86	9.1	14.6
Seq10045_239_bp_-1_1_1	ENA|CAA24711|CAA24711.1	27.27	11	8	0	6	16	69	79	9.4	13.9
Seq10045_239_bp_-1_1_1	ENA|CAB75732|CAB75732.1	45.45	11	6	0	5	15	231	241	9.6	16.6
Seq10045_239_bp_-1_1_2	ENA|CAA29956|CAA29956.1	53.33	15	7	0	16	30	45	59	3.9	17.7
Seq10045_239_bp_-1_1_2	ENA|CAA36714|CAA36714.1	46.67	15	8	0	22	36	225	239	4.8	17.7
Seq10045_239_bp_-1_1_2	ENA|AAA32624|AAA32624.1	37.50	16	10	0	18	33	476	491	5.4	17.7
Seq10045_239_bp_-1_1_2	ENA|CAA45199|CAA45199.1	46.67	15	8	0	1	15	421	435	6.7	17.2
Seq10045_239_bp_-1_1_2	ENA|AAB66912|AAB66912.1	44.44	18	10	0	3	20	275	292	6.7	18.2
Seq10045_239_bp_-1_1_2	ENA|AAC40132|AAC40132.1	38.46	13	8	0	1	13	262	274	6.8	17.2
Seq10045_239_bp_-1_1_2	ENA|AAQ92751|AAQ92751.2	31.25	16	11	0	3	18	402	417	7	18.7
Seq10045_239_bp_-1_2_0	ENA|BAA32991|BAA32991.1	55.56	9	4	0	36	44	32	40	4.2	15.5
Seq10045_239_bp_-1_2_0	ENA|CAA45708|CAA45708.1	35.29	17	11	0	1	17	106	122	6	19.4
Seq10045_239_bp_-1_2_0	ENA|AAA72732|AAA72732.1	71.43	7	2	0	10	16	244	250	9.8	16.3
Seq10045_239_bp_-1_2_1	ENA|CAL82360|CAL82360.1	50.00	8	4	0	3	10	1173	1180	2.5	18.1
Seq10045_239_bp_-1_2_1	ENA|AAR31603|AAR31603.1	50.00	10	5	0	1	10	46	55	2.5	16.2
Seq10045_239_bp_-1_2_1	ENA|AAC78721|AAC78721.1	83.33	6	1	0	4	9	675	680	3.3	16.8
Seq10045_239_bp_-1_2_1	ENA|AAB96524|AAB96524.1	62.50	8	3	0	2	9	78	85	3.5	14.8
Seq10045_239_bp_-1_2_1	ENA|AAA18786|AAA18786.1	42.86	7	4	0	2	8	156	162	5	14.8
Seq10045_239_bp_-1_2_1	ENA|BAA36759|BAA36759.1	66.67	6	2	0	3	8	50	55	5.4	14.8
Seq10045_239_bp_-1_2_1	ENA|AAA72732|AAA72732.1	37.50	8	5	0	1	8	90	97	5.8	14.8
Seq10045_239_bp_-1_2_1	ENA|AAC49865|AAC49865.1	37.50	8	5	0	2	9	166	173	6.1	14.8
Seq10045_239_bp_-1_2_1	ENA|CAA11507|CAA11507.1	50.00	8	4	0	1	8	737	744	6.4	16.8
