Seq6343_104_bp_1_0_0	ENA|AAF79734|AAF79734.1	100.00	34	0	0	1	34	356	389	6.9e-25	101.7
Seq6343_104_bp_1_0_0	ENA|AAA18786|AAA18786.1	40.91	24	13	2	11	32	189	212	0.5	20.0
Seq6343_104_bp_1_0_0	ENA|BAA32956|BAA32956.1	45.45	11	6	0	22	32	195	205	1.3	18.3
Seq6343_104_bp_1_0_0	ENA|AAC78721|AAC78721.1	50.00	10	5	0	15	24	513	522	1.3	20.0
Seq6343_104_bp_1_0_0	ENA|ACT10338|ACT10338.1	66.67	9	3	0	25	33	153	161	2.3	18.3
Seq6343_104_bp_1_0_0	ENA|AAC49865|AAC49865.1	41.67	12	7	0	21	32	290	301	2.9	17.7
Seq6343_104_bp_1_0_0	ENA|AAA36114|AAA36114.1	50.00	12	6	0	19	30	418	429	3	18.3
Seq6343_104_bp_1_0_0	ENA|ABK71357|ABK71357.1	50.00	10	5	0	18	27	191	200	3.2	17.7
Seq6343_104_bp_1_0_0	ENA|CAB75732|CAB75732.1	33.33	30	18	3	1	30	68	94	4.6	18.9
Seq6343_104_bp_1_0_0	ENA|AAC08817|AAC08817.1	66.67	6	2	0	22	27	131	136	6.2	15.5
Seq6343_104_bp_1_0_0	ENA|CAA73529|CAA73529.1	45.45	11	6	0	13	23	49	59	7.3	16.1
Seq6343_104_bp_1_0_0	ENA|CAA29968|CAA29968.1	54.55	11	5	0	17	27	65	75	7.6	15.5
Seq6343_104_bp_1_0_0	ENA|AAQ92751|AAQ92751.2	42.86	14	8	0	14	27	1265	1278	7.8	18.3
Seq6343_104_bp_1_0_0	ENA|ABD33854|ABD33854.1	29.41	17	12	0	14	30	25	41	7.9	13.8
Seq6343_104_bp_1_0_0	ENA|CAA26023|CAA26023.1	62.50	8	3	0	13	20	368	375	10	16.1
Seq6343_104_bp_1_1_0	ENA|AAA32624|AAA32624.1	66.67	9	3	0	11	19	117	125	0.25	21.3
Seq6343_104_bp_1_1_0	ENA|CAA73529|CAA73529.1	38.89	18	11	0	1	18	225	242	0.6	19.1
Seq6343_104_bp_1_1_0	ENA|AAA18786|AAA18786.1	80.00	5	1	0	13	17	180	184	1.3	17.9
Seq6343_104_bp_1_1_0	ENA|AAC26660|AAC26660.1	60.00	10	4	0	12	21	62	71	1.8	17.4
Seq6343_104_bp_1_1_0	ENA|BAB17681|BAB17681.1	42.86	7	4	0	5	11	214	220	1.9	17.4
Seq6343_104_bp_1_1_0	ENA|AAC78721|AAC78721.1	50.00	8	4	0	13	20	300	307	2.2	18.5
Seq6343_104_bp_1_1_0	ENA|AAR37016|AAR37016.1	44.44	9	5	0	11	19	1319	1327	3.4	19.6
Seq6343_104_bp_1_1_0	ENA|ABD49687|ABD49687.1	80.00	5	1	0	10	14	1044	1048	3.7	19.1
Seq6343_104_bp_1_1_0	ENA|AAB96524|AAB96524.1	60.00	5	2	0	10	14	62	66	4.1	15.7
Seq6343_104_bp_1_1_0	ENA|AAA36539|AAA36539.1	33.33	12	8	0	5	16	133	144	6.9	16.2
Seq6343_104_bp_1_1_0	ENA|ABK71357|ABK71357.1	50.00	6	3	0	10	15	143	148	7.9	15.7
Seq6343_104_bp_1_1_0	ENA|ACT10338|ACT10338.1	100.00	4	0	0	11	14	236	239	8.2	15.7
Seq6343_104_bp_1_1_0	ENA|ABD33854|ABD33854.1	50.00	6	3	0	4	9	3	8	9.3	12.9
Seq6343_104_bp_1_1_0	ENA|AAA72732|AAA72732.1	27.27	11	8	0	2	12	217	227	9.6	15.1
Seq6343_104_bp_1_1_0	ENA|CAA36714|CAA36714.1	57.14	7	3	0	15	21	386	392	9.7	15.7
Seq6343_104_bp_1_2_0	ENA|AAS77176|AAS77176.1	44.44	9	5	0	4	12	148	156	0.4	19.1
Seq6343_104_bp_1_2_0	ENA|CAA29956|CAA29956.1	60.00	5	2	0	9	13	102	106	1.9	17.1
Seq6343_104_bp_1_2_0	ENA|ACT10338|ACT10338.1	57.14	7	3	0	4	10	303	309	2	17.1
Seq6343_104_bp_1_2_0	ENA|BAA32991|BAA32991.1	57.14	7	3	0	6	12	22	28	2	14.6
Seq6343_104_bp_1_2_0	ENA|AAA32624|AAA32624.1	44.44	9	5	0	3	11	481	489	2.6	17.1
Seq6343_104_bp_1_2_0	ENA|ABN10845|ABN10845.1	100.00	3	0	0	10	12	106	108	4.1	15.2
Seq6343_104_bp_1_2_0	ENA|AAQ92751|AAQ92751.2	50.00	6	3	0	7	12	778	783	4.4	17.8
Seq6343_104_bp_1_2_0	ENA|CAA73529|CAA73529.1	100.00	3	0	0	10	12	207	209	5.1	15.2
Seq6343_104_bp_1_2_0	ENA|BAA36759|BAA36759.1	100.00	4	0	0	8	11	127	130	5.3	15.2
Seq6343_104_bp_1_2_0	ENA|AAA25966|AAA25966.1	50.00	6	3	0	2	7	444	449	5.5	16.5
Seq6343_104_bp_1_2_0	ENA|CAA36214|CAA36214.1	100.00	3	0	0	10	12	279	281	5.6	15.2
Seq6343_104_bp_1_2_0	ENA|AAR31603|AAR31603.1	100.00	3	0	0	1	3	19	21	6	15.2
Seq6343_104_bp_1_2_0	ENA|AAC78721|AAC78721.1	66.67	6	2	0	8	13	587	592	7.8	15.9
Seq6343_104_bp_1_2_0	ENA|CAA36714|CAA36714.1	50.00	6	3	0	7	12	428	433	8.4	15.2
Seq6343_104_bp_1_2_0	ENA|ACH70901|ACH70901.1	42.86	7	4	0	7	13	143	149	9.9	14.6
Seq6343_104_bp_1_2_1	ENA|AAI27517|AAI27517.1	57.14	7	3	0	3	9	166	172	0.79	19.6
Seq6343_104_bp_1_2_1	ENA|BAA05866|BAA05866.1	62.50	8	3	0	8	15	64	71	0.93	18.4
Seq6343_104_bp_1_2_1	ENA|BAB79260|BAB79260.1	57.14	7	3	0	1	7	439	445	1.4	18.4
Seq6343_104_bp_1_2_1	ENA|ABG75784|ABG75784.1	41.67	12	7	0	5	16	147	158	3.2	16.7
Seq6343_104_bp_1_2_1	ENA|AAA72732|AAA72732.1	57.14	7	3	0	6	12	82	88	3.2	16.7
Seq6343_104_bp_1_2_1	ENA|CAA73529|CAA73529.1	66.67	6	2	0	12	17	34	39	6.1	15.5
Seq6343_104_bp_1_2_1	ENA|CAA36214|CAA36214.1	60.00	12	4	2	10	19	259	270	6.8	15.5
Seq6343_104_bp_1_2_1	ENA|AAA36539|AAA36539.1	57.14	7	3	0	13	19	404	410	7	16.1
Seq6343_104_bp_1_2_1	ENA|ABN10845|ABN10845.1	100.00	2	0	0	2	3	108	109	7.2	14.9
Seq6343_104_bp_1_2_1	ENA|AAA32624|AAA32624.1	31.25	16	11	0	3	18	477	492	7.7	16.1
Seq6343_104_bp_1_2_1	ENA|AAC97205|AAC97205.1	50.00	8	4	0	1	8	1049	1056	8	17.3
Seq6343_104_bp_1_2_1	ENA|CAL82360|CAL82360.1	46.15	13	7	0	2	14	43	55	8.2	17.3
Seq6343_104_bp_1_2_1	ENA|CAA26939|CAA26939.1	33.33	15	10	0	1	15	403	417	8.3	16.1
Seq6343_104_bp_1_2_1	ENA|CAA26023|CAA26023.1	75.00	4	1	0	2	5	164	167	8.4	15.5
Seq6343_104_bp_1_2_1	ENA|ACT10338|ACT10338.1	41.67	12	7	0	5	16	357	368	8.5	15.5
Seq6343_104_bp_1_2_1	ENA|EDO47375|EDO47375.1	27.27	11	8	0	4	14	129	139	9.2	14.3
Seq6343_104_bp_1_2_1	ENA|CAA45708|CAA45708.1	55.56	9	4	0	3	11	322	330	9.7	17.3
Seq6343_104_bp_-1_0_0	ENA|AAQ92751|AAQ92751.2	35.29	17	11	0	13	29	207	223	0.39	22.7
Seq6343_104_bp_-1_0_0	ENA|AAF79734|AAF79734.1	34.38	32	21	0	2	33	324	355	0.59	22.2
Seq6343_104_bp_-1_0_0	ENA|AAI27517|AAI27517.1	41.18	17	10	0	17	33	339	355	1.1	20.0
Seq6343_104_bp_-1_0_0	ENA|AAB96524|AAB96524.1	54.55	11	5	0	16	26	7	17	2.3	17.2
Seq6343_104_bp_-1_0_0	ENA|CAL82360|CAL82360.1	42.86	14	8	0	19	32	575	588	2.4	20.0
Seq6343_104_bp_-1_0_0	ENA|CAA29956|CAA29956.1	45.45	11	6	0	9	19	170	180	3.2	17.8
Seq6343_104_bp_-1_0_0	ENA|CAA11507|CAA11507.1	66.67	9	3	0	26	34	699	707	5.3	18.9
Seq6343_104_bp_-1_0_0	ENA|AAC08817|AAC08817.1	42.86	14	8	0	15	28	54	67	6	15.6
Seq6343_104_bp_-1_0_0	ENA|AAC17860|AAC17860.1	38.89	18	11	0	2	19	188	205	7.2	16.7
Seq6343_104_bp_-1_0_0	ENA|ABD33854|ABD33854.1	35.71	14	9	0	20	33	15	28	7.5	13.9
Seq6343_104_bp_-1_0_0	ENA|CCP43727|CCP43727.1	38.46	13	8	0	13	25	279	291	8.3	16.1
Seq6343_104_bp_-1_0_0	ENA|AAA18786|AAA18786.1	23.08	13	10	0	14	26	208	220	9.8	15.6
Seq6343_104_bp_-1_1_0	ENA|AAC49865|AAC49865.1	29.41	17	12	0	2	18	117	133	0.028	24.4
Seq6343_104_bp_-1_1_0	ENA|AAA42531|AAA42531.1	75.00	8	2	0	27	34	266	273	0.081	23.2
Seq6343_104_bp_-1_1_0	ENA|ABD49687|ABD49687.1	100.00	5	0	0	11	15	226	230	0.15	24.4
Seq6343_104_bp_-1_1_0	ENA|AAR31603|AAR31603.1	71.43	7	2	0	2	8	77	83	0.26	21.2
Seq6343_104_bp_-1_1_0	ENA|BAA32018|BAA32018.1	33.33	15	10	0	19	33	367	381	0.5	21.2
Seq6343_104_bp_-1_1_0	ENA|BAB17681|BAB17681.1	50.00	6	3	0	7	12	107	112	0.53	20.0
Seq6343_104_bp_-1_1_0	ENA|AAB96524|AAB96524.1	40.00	10	6	0	2	11	53	62	0.56	19.3
Seq6343_104_bp_-1_1_0	ENA|ACH70901|ACH70901.1	66.67	6	2	0	15	20	218	223	0.69	20.0
Seq6343_104_bp_-1_1_0	ENA|AAR37016|AAR37016.1	43.75	16	9	0	19	34	1576	1591	1.2	21.9
Seq6343_104_bp_-1_1_0	ENA|AAC78721|AAC78721.1	28.57	14	10	0	12	25	253	266	1.3	20.0
Seq6343_104_bp_-1_1_0	ENA|ABN10845|ABN10845.1	71.43	8	2	1	7	14	54	60	1.6	18.0
Seq6343_104_bp_-1_1_0	ENA|CAA28033|CAA28033.1	45.45	11	6	0	21	31	223	233	2.5	20.0
Seq6343_104_bp_-1_1_0	ENA|AAA18786|AAA18786.1	42.86	7	4	0	1	7	83	89	3	17.4
Seq6343_104_bp_-1_1_0	ENA|AAA24145|AAA24145.1	80.00	5	1	0	11	15	98	102	3.3	18.0
Seq6343_104_bp_-1_1_0	ENA|AAA25966|AAA25966.1	50.00	8	4	0	2	9	306	313	3.3	18.7
Seq6343_104_bp_-1_1_0	ENA|AAA72732|AAA72732.1	100.00	3	0	0	16	18	265	267	3.5	17.4
Seq6343_104_bp_-1_1_0	ENA|AAC97205|AAC97205.1	62.50	8	3	0	19	26	681	688	3.6	19.3
Seq6343_104_bp_-1_1_0	ENA|AAA32624|AAA32624.1	30.00	10	7	0	5	14	508	517	3.7	18.0
Seq6343_104_bp_-1_1_0	ENA|AAB03707|AAB03707.1	50.00	8	4	0	3	10	253	260	4	19.3
Seq6343_104_bp_-1_1_0	ENA|ABK71357|ABK71357.1	37.50	8	5	0	11	18	141	148	4.1	17.4
Seq6343_104_bp_-1_1_0	ENA|CAA26023|CAA26023.1	100.00	3	0	0	16	18	195	197	4.2	17.4
Seq6343_104_bp_-1_1_0	ENA|BAA32991|BAA32991.1	50.00	6	3	0	6	11	27	32	4.4	14.8
Seq6343_104_bp_-1_1_0	ENA|BAB79260|BAB79260.1	57.14	7	3	0	17	23	438	444	4.9	17.4
Seq6343_104_bp_-1_1_0	ENA|AAQ92751|AAQ92751.2	22.22	18	14	0	10	27	222	239	6.1	18.7
Seq6343_104_bp_-1_1_0	ENA|CAA43419|CAA43419.1	100.00	5	0	0	2	6	91	95	6.2	16.7
Seq6343_104_bp_-1_1_0	ENA|ABD33854|ABD33854.1	75.00	4	1	0	28	31	57	60	6.3	14.2
Seq6343_104_bp_-1_1_0	ENA|AAC26660|AAC26660.1	50.00	8	4	0	2	9	1	8	6.7	16.1
Seq6343_104_bp_-1_1_0	ENA|CAA73529|CAA73529.1	30.77	13	9	0	13	25	33	45	7.1	16.1
Seq6343_104_bp_-1_1_0	ENA|BAA36759|BAA36759.1	50.00	6	3	0	27	32	26	31	7.5	16.1
Seq6343_104_bp_-1_1_0	ENA|AAA36539|AAA36539.1	40.00	10	6	0	17	26	414	423	7.9	16.7
Seq6343_104_bp_-1_1_0	ENA|CCP43727|CCP43727.1	33.33	15	10	0	1	15	96	110	8.4	16.1
Seq6343_104_bp_-1_1_0	ENA|AAI27517|AAI27517.1	40.00	10	6	0	24	33	275	284	9.6	16.7
Seq6343_104_bp_-1_1_0	ENA|AAC08817|AAC08817.1	33.33	6	4	0	21	26	116	121	9.6	14.8
Seq6343_104_bp_-1_1_0	ENA|AAF79734|AAF79734.1	50.00	8	4	0	26	33	1282	1289	9.7	18.0
Seq6343_104_bp_-1_2_0	ENA|AAA36539|AAA36539.1	60.00	5	2	0	3	7	329	333	0.84	20.0
Seq6343_104_bp_-1_2_0	ENA|CAA26023|CAA26023.1	20.83	24	19	0	5	28	163	186	1	19.4
Seq6343_104_bp_-1_2_0	ENA|AAS77176|AAS77176.1	29.41	17	12	0	15	31	136	152	1.1	18.8
Seq6343_104_bp_-1_2_0	ENA|AAB96524|AAB96524.1	50.00	10	5	0	20	29	87	96	1.6	17.7
Seq6343_104_bp_-1_2_0	ENA|AAC26660|AAC26660.1	70.00	10	3	0	10	19	4	13	2.2	17.7
Seq6343_104_bp_-1_2_0	ENA|AAC49865|AAC49865.1	57.14	7	3	0	7	13	29	35	2.8	17.7
Seq6343_104_bp_-1_2_0	ENA|EDO47375|EDO47375.1	23.53	17	13	0	14	30	103	119	3.5	16.6
Seq6343_104_bp_-1_2_0	ENA|CAA36714|CAA36714.1	17.39	23	19	0	5	27	434	456	3.9	17.7
Seq6343_104_bp_-1_2_0	ENA|AAF79734|AAF79734.1	38.46	13	8	0	9	21	1346	1358	5.4	18.8
Seq6343_104_bp_-1_2_0	ENA|CAA36214|CAA36214.1	33.33	15	10	0	7	21	174	188	5.5	16.6
Seq6343_104_bp_-1_2_0	ENA|BAB79260|BAB79260.1	55.56	9	4	0	23	31	205	213	5.5	17.1
Seq6343_104_bp_-1_2_0	ENA|CAA45708|CAA45708.1	57.14	7	3	0	3	9	307	313	5.7	18.8
Seq6343_104_bp_-1_2_0	ENA|ABN10845|ABN10845.1	66.67	3	1	0	6	8	108	110	5.8	16.0
Seq6343_104_bp_-1_2_0	ENA|AAA32624|AAA32624.1	35.29	17	11	0	6	22	397	413	6.3	17.1
Seq6343_104_bp_-1_2_0	ENA|CAA29956|CAA29956.1	31.25	16	11	0	7	22	17	32	6.7	16.6
Seq6343_104_bp_-1_2_0	ENA|AAB03707|AAB03707.1	80.00	5	1	0	7	11	703	707	7.5	18.3
Seq6343_104_bp_-1_2_0	ENA|CAA29968|CAA29968.1	25.00	12	9	0	12	23	32	43	7.6	15.4
