Seq7476_280_bp_1_0_0	AAC97205.1	66.67	6	2	0	6	11	383	388	2.3	19.0
Seq7476_280_bp_1_0_0	ABD49687.1	80.00	5	1	0	8	12	799	803	6.2	18.0
Seq7476_280_bp_1_0_0	AAQ92751.2	50.00	8	4	0	5	12	529	536	7.1	17.4
Seq7476_280_bp_1_0_0	CAA04196.1	60.00	11	4	1	8	17	336	346	8.8	15.4
Seq7476_280_bp_1_0_1	BAA32956.1	75.00	8	2	0	33	40	201	208	1.2	19.4
Seq7476_280_bp_1_0_1	AAA24969.1	30.30	33	23	0	36	68	1045	1077	1.9	21.6
Seq7476_280_bp_1_0_1	AAA25966.1	52.94	17	8	0	36	52	646	662	3	19.9
Seq7476_280_bp_1_0_1	AAC08817.1	40.00	15	9	0	31	45	151	165	4.1	17.2
Seq7476_280_bp_1_1_0	BAE97662.1	37.04	27	17	0	2	28	102	128	0.098	24.3
Seq7476_280_bp_1_1_0	AAQ92751.2	53.85	13	6	0	14	26	85	97	2.4	20.0
Seq7476_280_bp_1_1_0	AAX84812.1	100.00	4	0	0	28	31	2	5	4	16.6
Seq7476_280_bp_1_1_0	AAR31603.1	54.55	11	5	0	18	28	278	288	5.6	16.6
Seq7476_280_bp_1_1_0	AAC78721.1	41.18	19	10	2	7	23	524	542	8.1	17.1
Seq7476_280_bp_1_1_0	EDO47375.1	41.67	12	7	0	5	16	5	16	8.5	15.2
Seq7476_280_bp_1_1_1	AAX12058.1	66.67	9	3	0	2	10	40	48	0.32	19.2
Seq7476_280_bp_1_1_1	AAQ92751.2	54.55	11	5	0	2	12	197	207	0.33	21.4
Seq7476_280_bp_1_1_1	BAE97662.1	54.55	11	5	0	1	11	49	59	0.6	20.3
Seq7476_280_bp_1_1_1	AAA65607.1	100.00	5	0	0	7	11	179	183	1.4	17.5
Seq7476_280_bp_1_1_1	AIR13712.1	50.00	10	5	0	2	11	28	37	2.6	16.3
Seq7476_280_bp_1_1_1	CAA04196.1	57.14	7	3	0	5	11	165	171	3.4	16.3
Seq7476_280_bp_1_1_1	AAA24969.1	50.00	10	5	0	2	11	1090	1099	3.8	18.0
Seq7476_280_bp_1_1_1	AAA36565.1	36.36	11	7	0	2	12	88	98	6.3	14.1
Seq7476_280_bp_1_1_1	AAF01122.1	57.14	7	3	0	2	8	256	262	6.4	15.2
Seq7476_280_bp_1_1_1	AII71783.1	100.00	4	0	0	1	4	169	172	7.7	14.6
Seq7476_280_bp_1_1_1	ABS38337.1	62.50	8	3	0	4	11	618	625	9.7	16.3
Seq7476_280_bp_1_1_1	BAB17681.1	66.67	6	2	0	6	11	234	239	9.9	14.1
Seq7476_280_bp_1_1_1	CAA73529.1	40.00	10	6	0	3	12	82	91	9.9	14.1
Seq7476_280_bp_1_1_2	CAA45199.1	58.33	12	5	0	2	13	50	61	0.71	20.8
Seq7476_280_bp_1_1_2	ABD49687.1	34.78	23	15	0	2	24	435	457	0.72	22.6
Seq7476_280_bp_1_1_2	AAA32376.1	71.43	7	2	0	2	8	141	147	8.2	15.7
Seq7476_280_bp_1_1_2	BAA32018.1	60.00	10	4	0	3	12	41	50	8.3	17.5
Seq7476_280_bp_1_1_2	ACH70904.1	75.00	8	2	0	17	24	122	129	8.9	16.6
Seq7476_280_bp_1_1_2	AAA25966.1	100.00	5	0	0	22	26	196	200	9.4	17.5
Seq7476_280_bp_1_1_2	AEE27845.1	37.50	27	15	3	6	32	583	606	9.6	18.5
Seq7476_280_bp_1_2_0	AAC97205.1	100.00	92	0	0	1	92	35	126	1.1e-59	218.5
Seq7476_280_bp_1_2_0	AEE27845.1	30.43	50	32	4	23	68	464	513	1.3	22.4
Seq7476_280_bp_1_2_0	BAA32956.1	27.27	36	24	3	38	71	178	212	1.7	19.3
Seq7476_280_bp_1_2_0	AAA24142.1	36.67	31	19	1	60	90	367	396	2.1	20.1
Seq7476_280_bp_1_2_0	BAE97662.1	29.41	35	24	1	29	62	83	117	4.1	20.5
Seq7476_280_bp_1_2_0	AAC78721.1	29.63	27	19	0	18	44	595	621	4.1	19.7
Seq7476_280_bp_1_2_0	AAB03707.1	36.00	26	16	1	37	62	1038	1062	4.9	20.5
Seq7476_280_bp_1_2_0	BAA32018.1	64.29	17	5	3	51	64	561	577	5	19.3
Seq7476_280_bp_1_2_0	CAD53387.1	47.06	20	9	3	24	43	41	57	8.7	18.1
Seq7476_280_bp_-1_0_0	AAA42531.1	58.33	12	5	0	21	32	282	293	1.2	20.8
Seq7476_280_bp_-1_0_0	CAA73529.1	71.43	7	2	0	44	50	38	44	1.7	19.7
Seq7476_280_bp_-1_0_0	BAA32956.1	55.56	9	4	0	48	56	8	16	1.8	19.2
Seq7476_280_bp_-1_0_0	BAA32991.1	57.14	7	3	0	51	57	59	65	2.5	17.1
Seq7476_280_bp_-1_0_0	CAA04196.1	46.15	13	7	0	25	37	296	308	2.5	19.7
Seq7476_280_bp_-1_0_0	AAA26915.1	63.64	11	4	0	74	84	51	61	2.8	19.7
Seq7476_280_bp_-1_0_0	AAQ92751.2	60.00	10	4	0	82	91	886	895	2.8	21.3
Seq7476_280_bp_-1_0_0	ACH70904.1	50.00	8	4	0	1	8	3	10	4.4	18.7
Seq7476_280_bp_-1_0_0	ABD33854.1	42.86	7	4	0	64	70	38	44	4.8	16.1
Seq7476_280_bp_-1_0_0	AAA32624.1	100.00	5	0	0	10	14	456	460	6.3	18.7
Seq7476_280_bp_-1_0_0	AAR37016.1	35.29	17	11	0	6	22	1916	1932	6.7	20.8
Seq7476_280_bp_-1_0_0	EDO47375.1	37.50	16	10	0	18	33	101	116	6.7	17.1
Seq7476_280_bp_-1_0_0	CAA26230.1	30.00	20	14	0	3	22	30	49	6.8	18.7
Seq7476_280_bp_-1_0_0	ABN10845.1	36.36	11	7	0	38	48	46	56	7.7	17.1
Seq7476_280_bp_-1_0_0	AAC08817.1	55.56	10	4	1	68	76	32	41	8.3	16.6
Seq7476_280_bp_-1_0_0	ACT10338.1	71.43	7	2	0	15	21	340	346	9.4	17.6
Seq7476_280_bp_-1_0_0	AAA23282.1	80.00	5	1	0	67	71	373	377	9.6	18.1
Seq7476_280_bp_-1_1_0	AAR31603.1	39.13	23	14	0	20	42	283	305	0.085	23.3
Seq7476_280_bp_-1_1_0	ABG75784.1	46.15	13	7	0	29	41	14	26	0.25	21.7
Seq7476_280_bp_-1_1_0	AAA36565.1	38.89	21	11	3	11	31	71	88	0.84	19.0
Seq7476_280_bp_-1_1_0	CAA73529.1	50.00	16	7	2	16	31	90	103	2.8	18.0
Seq7476_280_bp_-1_1_0	AAX12058.1	100.00	4	0	0	9	12	131	134	2.8	18.0
Seq7476_280_bp_-1_1_0	AAH69556.1	42.11	20	11	1	26	45	213	231	3.2	18.0
Seq7476_280_bp_-1_1_0	BAB70780.1	44.44	9	5	0	34	42	85	93	3.5	18.5
Seq7476_280_bp_-1_1_0	AAR37016.1	50.00	14	7	0	34	47	657	670	3.8	20.6
Seq7476_280_bp_-1_1_0	CAA26230.1	50.00	8	4	0	9	16	461	468	4	18.5
Seq7476_280_bp_-1_1_0	AAA23282.1	45.45	11	6	0	16	26	158	168	4	18.5
Seq7476_280_bp_-1_1_0	EDO47375.1	41.67	12	7	0	13	24	139	150	5.8	16.3
Seq7476_280_bp_-1_1_0	AAC97205.1	80.00	5	1	0	23	27	273	277	5.9	19.0
Seq7476_280_bp_-1_1_0	BAA32956.1	50.00	8	4	0	18	25	132	139	6.4	16.3
Seq7476_280_bp_-1_1_0	AAX84812.1	42.86	7	4	0	33	39	175	181	7	16.3
Seq7476_280_bp_-1_1_0	AAA42531.1	55.56	9	4	0	39	47	28	36	8.1	16.9
Seq7476_280_bp_-1_1_0	BAA32991.1	40.00	5	3	0	22	26	65	69	9	14.2
Seq7476_280_bp_-1_1_0	CAA74140.1	37.50	16	10	0	31	46	461	476	9.2	18.0
Seq7476_280_bp_-1_1_0	AII71783.1	60.00	10	4	0	5	14	131	140	9.2	16.3
Seq7476_280_bp_-1_1_1	AAC97205.1	75.00	8	2	0	2	9	699	706	0.05	24.0
Seq7476_280_bp_-1_1_1	AAB03707.1	83.33	6	1	0	7	12	374	379	0.25	21.9
Seq7476_280_bp_-1_1_1	EDO47375.1	100.00	4	0	0	8	11	114	117	1.8	16.1
Seq7476_280_bp_-1_1_1	CAA74140.1	62.50	8	3	0	5	12	570	577	2	18.3
Seq7476_280_bp_-1_1_1	BAB79260.1	80.00	5	1	0	6	10	280	284	2.6	16.8
Seq7476_280_bp_-1_1_1	ABD33854.1	57.14	7	3	0	3	9	13	19	2.7	14.0
Seq7476_280_bp_-1_1_1	AAR37016.1	71.43	7	2	0	4	10	985	991	3	19.0
Seq7476_280_bp_-1_1_1	AAR31603.1	83.33	6	1	0	2	7	291	296	3.1	16.1
Seq7476_280_bp_-1_1_1	BAA32956.1	57.14	7	3	0	1	7	14	20	3.2	15.4
Seq7476_280_bp_-1_1_1	AAA32376.1	66.67	6	2	0	2	7	159	164	4.3	14.7
Seq7476_280_bp_-1_1_1	CAA26230.1	57.14	7	3	0	6	12	406	412	5.2	16.1
Seq7476_280_bp_-1_1_1	ACT10338.1	57.14	7	3	0	2	8	384	390	5.9	15.4
Seq7476_280_bp_-1_1_1	CAA45199.1	36.36	11	7	0	1	11	247	257	7	15.4
Seq7476_280_bp_-1_1_1	BAB70780.1	36.36	11	7	0	2	12	358	368	7.2	15.4
Seq7476_280_bp_-1_1_1	AEE27845.1	57.14	7	3	0	5	11	1348	1354	7.6	16.8
Seq7476_280_bp_-1_1_1	AAA32624.1	57.14	7	3	0	4	10	239	245	7.7	15.4
Seq7476_280_bp_-1_1_1	ABK71357.1	57.14	7	3	0	4	10	247	253	8.9	14.7
Seq7476_280_bp_-1_1_1	AAA42531.1	57.14	7	3	0	4	10	80	86	9.3	14.7
Seq7476_280_bp_-1_1_2	AIR13712.1	85.71	7	1	0	2	8	236	242	0.12	22.3
Seq7476_280_bp_-1_1_2	AAH69556.1	70.00	10	3	0	23	32	136	145	0.58	19.9
Seq7476_280_bp_-1_1_2	BAB17681.1	42.86	14	8	0	5	18	66	79	0.79	19.3
Seq7476_280_bp_-1_1_2	CAA45199.1	71.43	7	2	0	25	31	421	427	0.89	19.9
Seq7476_280_bp_-1_1_2	AAF01122.1	40.00	10	6	0	18	27	17	26	1.6	18.7
Seq7476_280_bp_-1_1_2	CAA43372.1	50.00	8	4	0	1	8	189	196	2.7	18.1
Seq7476_280_bp_-1_1_2	AII71783.1	55.56	9	4	0	4	12	286	294	3.1	17.5
Seq7476_280_bp_-1_1_2	ABK71357.1	41.67	12	7	0	2	13	131	142	5.5	16.8
Seq7476_280_bp_-1_1_2	CAA73529.1	60.00	5	2	0	27	31	142	146	6.1	16.2
Seq7476_280_bp_-1_1_2	CAA26230.1	46.15	13	7	0	7	19	423	435	8.1	16.8
Seq7476_280_bp_-1_1_2	AAA23282.1	57.14	7	3	0	18	24	213	219	8.2	16.8
Seq7476_280_bp_-1_1_2	EDO47375.1	50.00	6	3	0	12	17	116	121	9.5	15.0
Seq7476_280_bp_-1_2_0	AAR31603.1	37.50	16	10	0	57	72	72	87	1.4	19.9
Seq7476_280_bp_-1_2_0	BAA32956.1	53.85	13	6	0	53	65	3	15	1.9	18.9
Seq7476_280_bp_-1_2_0	AAC78721.1	53.33	16	7	1	8	23	233	247	2.9	19.9
Seq7476_280_bp_-1_2_0	AAA45888.1	39.29	28	17	0	33	60	66	93	3.4	18.9
Seq7476_280_bp_-1_2_0	AAA72732.1	55.56	9	4	0	15	23	259	267	3.9	18.3
Seq7476_280_bp_-1_2_0	BAB17681.1	80.00	5	1	0	9	13	243	247	4.9	17.8
Seq7476_280_bp_-1_2_0	AAB26998.1	83.33	6	1	0	55	60	3	8	5.8	15.7
Seq7476_280_bp_-1_2_0	AAX12058.1	75.00	8	2	0	37	44	237	244	6.8	17.3
Seq7476_280_bp_-1_2_0	BAB79260.1	47.06	17	9	0	41	57	239	255	7.8	17.8
Seq7476_280_bp_-1_2_0	ABK71357.1	62.50	8	3	0	19	26	164	171	9.1	17.3
Seq7476_280_bp_-1_2_0	ABD33854.1	80.00	5	1	0	42	46	9	13	9.4	14.7
Seq7476_280_bp_-1_2_1	CAA26230.1	83.33	6	1	0	11	16	508	513	0.24	21.0
Seq7476_280_bp_-1_2_1	CAA73529.1	57.14	7	3	0	8	14	214	220	1.2	17.6
Seq7476_280_bp_-1_2_1	EDO47375.1	66.67	6	2	0	7	12	123	128	2.2	16.2
Seq7476_280_bp_-1_2_1	AAR31603.1	66.67	6	2	0	10	15	105	110	2.4	16.9
Seq7476_280_bp_-1_2_1	AAC97205.1	42.86	7	4	0	9	15	1184	1190	3.4	18.3
Seq7476_280_bp_-1_2_1	ABG75784.1	75.00	4	1	0	4	7	306	309	3.6	16.2
Seq7476_280_bp_-1_2_1	AAR37016.1	40.00	10	6	0	6	15	941	950	4.1	19.0
Seq7476_280_bp_-1_2_1	AAA24969.1	50.00	10	5	0	6	15	1461	1470	4.2	18.3
Seq7476_280_bp_-1_2_1	AAA42531.1	60.00	5	2	0	3	7	131	135	4.4	16.2
Seq7476_280_bp_-1_2_1	BAA32991.1	100.00	3	0	0	1	3	61	63	5.1	13.5
Seq7476_280_bp_-1_2_1	AAA32624.1	100.00	3	0	0	2	4	428	430	5.9	16.2
Seq7476_280_bp_-1_2_1	AAB64315.2	80.00	5	1	0	5	9	23	27	5.9	15.6
Seq7476_280_bp_-1_2_1	CAA11507.1	100.00	4	0	0	5	8	60	63	5.9	17.6
Seq7476_280_bp_-1_2_1	AAQ92751.2	57.14	7	3	0	10	16	886	892	6	17.6
Seq7476_280_bp_-1_2_1	AAI27517.1	60.00	5	2	0	12	16	397	401	6.6	16.2
Seq7476_280_bp_-1_2_1	CAA04196.1	42.86	7	4	0	4	10	50	56	7.4	15.6
Seq7476_280_bp_-1_2_1	BAB17681.1	75.00	4	1	0	2	5	63	66	7.7	14.9
Seq7476_280_bp_-1_2_1	AAA25966.1	60.00	5	2	0	6	10	164	168	7.9	16.2
Seq7476_280_bp_-1_2_1	AAB26998.1	50.00	6	3	0	9	14	27	32	9	12.9
