Seq10075_707_bp_1_0_0	ENA|BAA36759|BAA36759.1	57.14	7	3	0	13	19	135	141	9.5	15.5
Seq10075_707_bp_1_0_1	ENA|AAA18786|AAA18786.1	62.50	8	3	0	12	19	166	173	0.48	19.6
Seq10075_707_bp_1_0_1	ENA|ABG75784|ABG75784.1	47.06	17	9	0	7	23	276	292	0.83	19.0
Seq10075_707_bp_1_0_1	ENA|CAA45708|CAA45708.1	31.58	19	13	0	2	20	1411	1429	1.2	20.7
Seq10075_707_bp_1_0_1	ENA|CAA45199|CAA45199.1	36.36	11	7	0	9	19	117	127	1.3	19.0
Seq10075_707_bp_1_0_1	ENA|AAA24145|AAA24145.1	62.50	8	3	0	18	25	246	253	1.8	18.5
Seq10075_707_bp_1_0_1	ENA|CAA26023|CAA26023.1	57.14	7	3	0	15	21	54	60	3.3	17.3
Seq10075_707_bp_1_0_1	ENA|AAA36539|AAA36539.1	46.15	15	7	2	5	19	205	217	4.1	17.3
Seq10075_707_bp_1_0_1	ENA|ACH70901|ACH70901.1	57.14	7	3	0	11	17	73	79	4.5	16.7
Seq10075_707_bp_1_0_1	ENA|CAA43419|CAA43419.1	83.33	6	1	0	20	25	25	30	4.6	16.7
Seq10075_707_bp_1_0_1	ENA|AAC97205|AAC97205.1	66.67	6	2	0	9	14	125	130	4.7	18.5
Seq10075_707_bp_1_0_1	ENA|CAA24711|CAA24711.1	60.00	5	2	0	16	20	120	124	4.8	15.6
Seq10075_707_bp_1_0_1	ENA|BAB17681|BAB17681.1	50.00	8	4	0	14	21	241	248	5.1	16.2
Seq10075_707_bp_1_0_1	ENA|CAA36214|CAA36214.1	57.14	7	3	0	10	16	24	30	5.6	16.2
Seq10075_707_bp_1_0_1	ENA|AAC40132|AAC40132.1	37.50	16	10	0	3	18	436	451	5.9	16.7
Seq10075_707_bp_1_0_1	ENA|AAR37016|AAR37016.1	33.33	21	14	0	1	21	1910	1930	6	19.0
Seq10075_707_bp_1_0_1	ENA|AAA25966|AAA25966.1	80.00	5	1	0	19	23	352	356	6	17.3
Seq10075_707_bp_1_0_1	ENA|AAA42531|AAA42531.1	33.33	17	10	2	9	23	145	161	7.1	16.2
Seq10075_707_bp_1_1_0	ENA|AAR31603|AAR31603.1	57.14	15	6	1	38	52	110	123	0.29	21.8
Seq10075_707_bp_1_1_0	ENA|AAR31603|AAR31603.1	32.56	45	29	2	8	51	39	82	0.75	20.4
Seq10075_707_bp_1_1_0	ENA|AAA42531|AAA42531.1	58.33	14	5	2	21	32	28	41	1.2	19.9
Seq10075_707_bp_1_1_0	ENA|AAA32624|AAA32624.1	55.56	9	4	0	38	46	520	528	1.6	19.9
Seq10075_707_bp_1_1_0	ENA|CAA26939|CAA26939.1	55.56	9	4	0	38	46	568	576	1.8	19.9
Seq10075_707_bp_1_1_0	ENA|BAB17681|BAB17681.1	50.00	11	5	1	44	53	71	81	3.1	18.0
Seq10075_707_bp_1_1_0	ENA|ACH70901|ACH70901.1	41.67	12	7	0	7	18	169	180	5.4	17.6
Seq10075_707_bp_1_1_0	ENA|AAA25966|AAA25966.1	41.67	12	7	0	39	50	688	699	5.7	18.5
Seq10075_707_bp_1_1_0	ENA|AAC26660|AAC26660.1	60.00	5	2	0	42	46	217	221	7.2	16.6
Seq10075_707_bp_1_2_0	ENA|BAB79260|BAB79260.1	56.25	17	7	1	25	41	55	70	0.72	20.7
Seq10075_707_bp_1_2_0	ENA|CAA36214|CAA36214.1	71.43	7	2	0	9	15	147	153	0.95	19.7
Seq10075_707_bp_1_2_0	ENA|AAA36539|AAA36539.1	55.56	9	4	0	3	11	23	31	4.1	18.2
Seq10075_707_bp_1_2_0	ENA|AAC26660|AAC26660.1	50.00	10	5	0	25	34	71	80	4.3	17.2
Seq10075_707_bp_1_2_0	ENA|CAA26023|CAA26023.1	44.44	9	5	0	36	44	91	99	4.6	17.7
Seq10075_707_bp_1_2_0	ENA|CAA43419|CAA43419.1	62.50	8	3	0	13	20	114	121	6.1	17.2
Seq10075_707_bp_1_2_0	ENA|AAA32624|AAA32624.1	42.11	20	11	1	18	36	359	378	6.2	17.7
Seq10075_707_bp_1_2_0	ENA|CAA29968|CAA29968.1	44.44	9	5	0	28	36	81	89	6.4	16.2
Seq10075_707_bp_1_2_0	ENA|AAA72732|AAA72732.1	66.67	6	2	0	18	23	299	304	7.3	16.7
Seq10075_707_bp_1_2_0	ENA|EDO47375|EDO47375.1	50.00	6	3	0	28	33	113	118	8.6	15.7
Seq10075_707_bp_1_2_0	ENA|CAA26939|CAA26939.1	100.00	4	0	0	3	6	226	229	9.2	17.2
Seq10075_707_bp_1_2_0	ENA|AAR37016|AAR37016.1	35.00	20	13	0	25	44	1917	1936	9.6	19.2
Seq10075_707_bp_1_2_0	ENA|BAA05866|BAA05866.1	57.14	7	3	0	2	8	136	142	9.8	16.2
Seq10075_707_bp_1_2_0	ENA|ABD49687|ABD49687.1	70.00	10	3	0	8	17	1494	1503	9.8	18.7
Seq10075_707_bp_-1_0_0	ENA|AAC40132|AAC40132.1	32.00	25	17	0	2	26	452	476	0.45	21.6
Seq10075_707_bp_-1_0_0	ENA|ACT10338|ACT10338.1	50.00	16	8	0	7	22	248	263	2.7	18.7
Seq10075_707_bp_-1_0_0	ENA|CAA29956|CAA29956.1	25.81	32	23	1	2	33	248	278	3.6	18.3
Seq10075_707_bp_-1_0_0	ENA|CAA28033|CAA28033.1	46.15	13	7	0	8	20	599	611	4.5	19.7
Seq10075_707_bp_-1_0_0	ENA|AAB96524|AAB96524.1	37.50	17	10	1	16	32	141	156	4.7	16.8
Seq10075_707_bp_-1_0_0	ENA|CAB75732|CAB75732.1	44.83	33	16	4	2	34	74	102	5.5	19.2
Seq10075_707_bp_-1_0_0	ENA|AAA25966|AAA25966.1	40.91	24	13	2	13	36	277	298	6.7	18.3
Seq10075_707_bp_-1_0_0	ENA|CAA36714|CAA36714.1	33.33	28	18	1	9	35	33	60	8.2	17.3
Seq10075_707_bp_-1_0_0	ENA|AAA36539|AAA36539.1	40.00	15	9	0	2	16	186	200	8.4	17.3
Seq10075_707_bp_-1_0_0	ENA|AAC17860|AAC17860.1	53.85	14	6	1	24	37	113	125	9.9	16.8
Seq10075_707_bp_-1_1_0	ENA|BAA32991|BAA32991.1	66.67	6	2	0	8	13	4	9	1.4	15.4
Seq10075_707_bp_-1_1_0	ENA|AAC78721|AAC78721.1	44.44	9	5	0	1	9	251	259	3.2	17.5
Seq10075_707_bp_-1_1_0	ENA|ABD33854|ABD33854.1	100.00	3	0	0	9	11	46	48	3.8	13.9
Seq10075_707_bp_-1_1_0	ENA|AAC26660|AAC26660.1	60.00	5	2	0	10	14	132	136	10	14.4
Seq10075_707_bp_-1_1_1	ENA|AAA42531|AAA42531.1	50.00	12	6	0	7	18	57	68	0.0052	26.6
Seq10075_707_bp_-1_1_1	ENA|BAA36759|BAA36759.1	38.46	13	8	0	1	13	51	63	1.3	18.3
Seq10075_707_bp_-1_1_1	ENA|AAA32624|AAA32624.1	16.67	12	10	0	9	20	117	128	4.8	17.1
Seq10075_707_bp_-1_1_1	ENA|AAA18786|AAA18786.1	30.00	21	14	1	1	20	30	50	5.3	16.0
Seq10075_707_bp_-1_1_1	ENA|CAA28033|CAA28033.1	75.00	9	2	1	6	13	1306	1314	5.5	18.3
Seq10075_707_bp_-1_1_1	ENA|AAB03707|AAB03707.1	44.44	9	5	0	15	23	96	104	5.8	18.3
Seq10075_707_bp_-1_1_1	ENA|CAA29968|CAA29968.1	33.33	9	6	0	9	17	97	105	8.1	14.9
Seq10075_707_bp_-1_2_0	ENA|AAC17860|AAC17860.1	46.15	13	7	0	17	29	268	280	0.46	20.9
Seq10075_707_bp_-1_2_0	ENA|AAA18786|AAA18786.1	33.33	15	10	0	4	18	251	265	1.3	18.7
Seq10075_707_bp_-1_2_0	ENA|CAA36214|CAA36214.1	100.00	5	0	0	27	31	10	14	2.2	18.2
Seq10075_707_bp_-1_2_0	ENA|ABK71357|ABK71357.1	28.00	25	18	0	3	27	40	64	3.8	17.6
Seq10075_707_bp_-1_2_0	ENA|CAA36714|CAA36714.1	57.14	16	6	2	15	30	314	327	4.8	17.6
Seq10075_707_bp_-1_2_0	ENA|AAC08817|AAC08817.1	80.00	5	1	0	33	37	154	158	4.9	16.0
Seq10075_707_bp_-1_2_0	ENA|CAA26939|CAA26939.1	63.64	13	4	2	28	38	197	209	5.8	17.6
Seq10075_707_bp_-1_2_0	ENA|AAC97205|AAC97205.1	83.33	6	1	0	25	30	613	618	5.9	18.7
Seq10075_707_bp_-1_2_0	ENA|BAA32018|BAA32018.1	50.00	10	5	0	6	15	465	474	6.3	17.6
Seq10075_707_bp_-1_2_0	ENA|AAA72732|AAA72732.1	41.67	12	7	0	23	34	132	143	6.6	16.6
Seq10075_707_bp_-1_2_0	ENA|AAA32624|AAA32624.1	66.67	6	2	0	15	20	277	282	7.6	17.1
Seq10075_707_bp_-1_2_0	ENA|AAA42531|AAA42531.1	50.00	8	4	0	28	35	375	382	8.1	16.6
Seq10075_707_bp_-1_2_0	ENA|CAL82360|CAL82360.1	55.56	9	4	0	18	26	210	218	8.6	18.2
Seq10075_707_bp_-1_2_0	ENA|AAB03707|AAB03707.1	37.50	16	10	0	1	16	1044	1059	9.2	18.2
Seq10075_707_bp_-1_2_0	ENA|AAR31603|AAR31603.1	45.45	11	6	0	23	33	248	258	9.9	16.0
