Seq10011_627_bp_1_0_0	ENA|CAA43419|CAA43419.1	58.33	12	5	0	19	30	330	341	1.2	20.0
Seq10011_627_bp_1_0_0	ENA|CAA24711|CAA24711.1	87.50	9	1	1	18	25	7	15	1.6	18.4
Seq10011_627_bp_1_0_0	ENA|CCP43727|CCP43727.1	31.58	19	13	0	19	37	55	73	2.1	19.0
Seq10011_627_bp_1_0_0	ENA|AAA18786|AAA18786.1	46.67	15	8	0	18	32	243	257	2.5	18.4
Seq10011_627_bp_1_0_0	ENA|ACT10338|ACT10338.1	62.50	8	3	0	26	33	220	227	2.5	19.0
Seq10011_627_bp_1_0_0	ENA|CAA28033|CAA28033.1	62.50	8	3	0	42	49	21	28	2.9	20.5
Seq10011_627_bp_1_0_0	ENA|AAB26998|AAB26998.1	44.44	9	5	0	39	47	35	43	3.1	16.4
Seq10011_627_bp_1_0_0	ENA|AAC17860|AAC17860.1	44.44	9	5	0	18	26	373	381	3.8	18.4
Seq10011_627_bp_1_0_0	ENA|AAI27517|AAI27517.1	26.47	34	25	0	18	51	455	488	3.8	19.0
Seq10011_627_bp_1_0_0	ENA|AAC97205|AAC97205.1	35.71	14	9	0	39	52	973	986	3.9	20.0
Seq10011_627_bp_1_0_0	ENA|ABN10845|ABN10845.1	66.67	6	2	0	21	26	151	156	4.1	17.4
Seq10011_627_bp_1_0_0	ENA|AAB03707|AAB03707.1	54.55	11	5	0	21	31	407	417	4.3	20.0
Seq10011_627_bp_1_0_0	ENA|ABK71357|ABK71357.1	50.00	16	8	0	23	38	273	288	4.9	17.9
Seq10011_627_bp_1_0_0	ENA|CAA26023|CAA26023.1	35.29	19	11	2	1	19	65	81	5	17.9
Seq10011_627_bp_1_0_0	ENA|ABD49687|ABD49687.1	37.50	16	10	0	39	54	1057	1072	5.3	20.0
Seq10011_627_bp_1_0_0	ENA|BAA32991|BAA32991.1	36.36	11	7	0	12	22	44	54	5.4	15.3
Seq10011_627_bp_1_0_0	ENA|ABD33854|ABD33854.1	44.44	9	5	0	41	49	41	49	7	14.8
Seq10011_627_bp_1_0_0	ENA|AAA42531|AAA42531.1	53.85	13	6	0	47	59	201	213	7.1	17.4
Seq10011_627_bp_1_0_1	ENA|AAA42531|AAA42531.1	38.46	26	16	0	16	41	288	313	0.09	23.8
Seq10011_627_bp_1_0_1	ENA|ABD33854|ABD33854.1	60.00	5	2	0	30	34	57	61	1.9	16.8
Seq10011_627_bp_1_0_1	ENA|ABN10845|ABN10845.1	41.67	12	7	0	45	56	108	119	2.3	18.3
Seq10011_627_bp_1_0_1	ENA|AAA32624|AAA32624.1	66.67	9	3	0	51	59	40	48	2.7	19.3
Seq10011_627_bp_1_0_1	ENA|ACT10338|ACT10338.1	42.86	14	8	0	2	15	122	135	5.6	17.8
Seq10011_627_bp_1_0_1	ENA|AAB96524|AAB96524.1	35.29	17	11	0	7	23	7	23	7.5	16.3
Seq10011_627_bp_1_0_1	ENA|CAA26023|CAA26023.1	80.00	5	1	0	45	49	164	168	7.7	17.3
Seq10011_627_bp_1_0_1	ENA|BAA32956|BAA32956.1	33.33	38	24	2	2	39	173	208	8.4	16.3
Seq10011_627_bp_1_0_2	ENA|ABN10845|ABN10845.1	54.55	11	5	0	43	53	184	194	0.87	19.8
Seq10011_627_bp_1_0_2	ENA|CAA29968|CAA29968.1	25.93	27	20	0	6	32	30	56	1.1	19.3
Seq10011_627_bp_1_0_2	ENA|AAC17860|AAC17860.1	50.00	16	8	0	34	49	136	151	2.3	19.3
Seq10011_627_bp_1_0_2	ENA|BAA32991|BAA32991.1	44.44	9	5	0	48	56	52	60	4.4	15.8
Seq10011_627_bp_1_0_2	ENA|AAB03707|AAB03707.1	47.37	20	10	1	34	52	430	449	5.3	19.8
Seq10011_627_bp_1_0_2	ENA|AAB66912|AAB66912.1	62.50	8	3	0	39	46	36	43	7.1	18.8
Seq10011_627_bp_1_0_3	ENA|CAD53387|CAD53387.1	55.56	9	4	0	5	13	66	74	0.055	22.7
Seq10011_627_bp_1_0_3	ENA|CAD53387|CAD53387.1	55.56	9	4	0	5	13	132	140	0.055	22.7
Seq10011_627_bp_1_0_3	ENA|CAD53387|CAD53387.1	55.56	9	4	0	5	13	198	206	0.055	22.7
Seq10011_627_bp_1_0_3	ENA|CAD53387|CAD53387.1	55.56	9	4	0	5	13	264	272	0.055	22.7
Seq10011_627_bp_1_0_3	ENA|CAD53387|CAD53387.1	55.56	9	4	0	5	13	330	338	0.055	22.7
Seq10011_627_bp_1_0_3	ENA|CAD53387|CAD53387.1	55.56	9	4	0	5	13	396	404	0.055	22.7
Seq10011_627_bp_1_0_3	ENA|CAD53387|CAD53387.1	50.00	8	4	0	6	13	1	8	0.24	20.6
Seq10011_627_bp_1_0_3	ENA|ACT10338|ACT10338.1	71.43	7	2	0	7	13	12	18	0.11	21.3
Seq10011_627_bp_1_0_3	ENA|AAA36539|AAA36539.1	83.33	6	1	0	1	6	47	52	0.99	18.4
Seq10011_627_bp_1_0_3	ENA|BAA32018|BAA32018.1	50.00	6	3	0	8	13	26	31	2.1	17.7
Seq10011_627_bp_1_0_3	ENA|BAA32956|BAA32956.1	37.50	8	5	0	2	9	155	162	3.1	15.6
Seq10011_627_bp_1_0_3	ENA|CAA36714|CAA36714.1	80.00	5	1	0	1	5	114	118	4.1	16.3
Seq10011_627_bp_1_0_3	ENA|AAR31603|AAR31603.1	41.67	12	7	0	2	13	188	199	4.7	15.6
Seq10011_627_bp_1_0_3	ENA|AAR37016|AAR37016.1	44.44	9	5	0	5	13	1488	1496	4.7	18.4
Seq10011_627_bp_1_0_3	ENA|AAS77176|AAS77176.1	57.14	7	3	0	3	9	13	19	6.7	14.9
Seq10011_627_bp_1_0_3	ENA|CAA36214|CAA36214.1	100.00	3	0	0	11	13	262	264	7	14.9
Seq10011_627_bp_1_0_3	ENA|BAA05866|BAA05866.1	100.00	3	0	0	11	13	256	258	7.1	14.9
Seq10011_627_bp_1_0_3	ENA|ABK71357|ABK71357.1	40.00	10	6	0	4	13	39	48	8.5	14.9
Seq10011_627_bp_1_0_3	ENA|CAA29956|CAA29956.1	66.67	6	2	0	7	12	156	161	8.5	14.9
Seq10011_627_bp_1_0_3	ENA|CAA26023|CAA26023.1	75.00	4	1	0	5	8	305	308	8.7	14.9
Seq10011_627_bp_1_0_3	ENA|AAC78721|AAC78721.1	42.86	7	4	0	7	13	355	361	9.3	15.6
Seq10011_627_bp_1_1_0	ENA|CAA45199|CAA45199.1	53.85	13	6	0	29	41	167	179	0.27	22.3
Seq10011_627_bp_1_1_0	ENA|CAA43419|CAA43419.1	60.00	12	4	2	37	46	112	123	1.4	19.5
Seq10011_627_bp_1_1_0	ENA|AAI27517|AAI27517.1	50.00	12	6	0	32	43	458	469	1.6	20.0
Seq10011_627_bp_1_1_0	ENA|AAC17860|AAC17860.1	31.25	34	22	2	4	35	155	188	1.6	19.5
Seq10011_627_bp_1_1_0	ENA|AAC08817|AAC08817.1	50.00	8	4	0	34	41	107	114	2.8	17.3
Seq10011_627_bp_1_1_0	ENA|AAB26998|AAB26998.1	44.44	9	5	0	28	36	17	25	3	16.2
Seq10011_627_bp_1_1_0	ENA|AAC26660|AAC26660.1	50.00	12	6	0	16	27	158	169	3.1	17.8
Seq10011_627_bp_1_1_0	ENA|CAA29968|CAA29968.1	100.00	5	0	0	28	32	69	73	3.4	17.3
Seq10011_627_bp_1_1_0	ENA|AAB66912|AAB66912.1	42.86	14	8	0	29	42	594	607	3.5	19.5
Seq10011_627_bp_1_1_0	ENA|AAC78721|AAC78721.1	50.00	12	6	0	29	40	420	431	5.4	18.4
Seq10011_627_bp_1_1_0	ENA|AAA32624|AAA32624.1	80.00	5	1	0	39	43	394	398	6.1	17.8
Seq10011_627_bp_1_1_0	ENA|CAA24711|CAA24711.1	28.57	14	10	0	31	44	19	32	6.4	16.2
Seq10011_627_bp_1_1_0	ENA|AAA42531|AAA42531.1	46.15	13	7	0	15	27	245	257	6.6	17.3
Seq10011_627_bp_1_1_0	ENA|EDO47375|EDO47375.1	46.15	13	7	0	38	50	54	66	6.9	16.2
Seq10011_627_bp_1_1_0	ENA|CAA28033|CAA28033.1	22.22	36	28	0	1	36	115	150	7	18.9
Seq10011_627_bp_1_1_0	ENA|BAA36759|BAA36759.1	57.14	7	3	0	40	46	274	280	7.2	16.7
Seq10011_627_bp_1_1_0	ENA|BAA32018|BAA32018.1	35.71	14	9	0	19	32	363	376	7.3	17.8
Seq10011_627_bp_1_1_0	ENA|CAA11507|CAA11507.1	42.11	19	11	0	16	34	1108	1126	7.3	18.9
Seq10011_627_bp_1_1_0	ENA|ABN10845|ABN10845.1	57.14	7	3	0	32	38	200	206	7.9	16.2
Seq10011_627_bp_1_1_1	ENA|AAC26660|AAC26660.1	38.10	21	13	0	39	59	115	135	0.17	22.9
Seq10011_627_bp_1_1_1	ENA|BAB79260|BAB79260.1	40.00	25	15	0	32	56	287	311	1.1	21.0
Seq10011_627_bp_1_1_1	ENA|AAC49865|AAC49865.1	34.48	29	19	0	32	60	2	30	1.6	20.0
Seq10011_627_bp_1_1_1	ENA|AAA42531|AAA42531.1	39.13	23	14	0	39	61	164	186	1.8	20.0
Seq10011_627_bp_1_1_1	ENA|BAA32018|BAA32018.1	46.67	15	8	0	73	87	422	436	2.1	20.5
Seq10011_627_bp_1_1_1	ENA|BAB17681|BAB17681.1	29.41	17	12	0	20	36	123	139	2.5	19.1
Seq10011_627_bp_1_1_1	ENA|CAA73529|CAA73529.1	60.00	10	4	0	74	83	57	66	6.6	17.6
Seq10011_627_bp_1_1_1	ENA|AAR31603|AAR31603.1	66.67	6	2	0	14	19	81	86	7.8	17.6
Seq10011_627_bp_1_1_1	ENA|AAA32624|AAA32624.1	44.44	19	10	1	24	42	441	458	8.8	18.1
Seq10011_627_bp_1_1_1	ENA|AAI27517|AAI27517.1	50.00	8	4	0	60	67	460	467	9.8	18.1
Seq10011_627_bp_1_1_2	ENA|CCP43727|CCP43727.1	25.00	12	9	0	2	13	319	330	2.4	16.8
Seq10011_627_bp_1_1_2	ENA|AAA32624|AAA32624.1	44.44	9	5	0	4	12	169	177	5.6	16.2
Seq10011_627_bp_1_1_2	ENA|ACH70901|ACH70901.1	50.00	12	6	0	2	13	154	165	5.8	15.6
Seq10011_627_bp_1_1_2	ENA|AAS77176|AAS77176.1	50.00	10	5	0	5	14	265	274	6.9	15.0
Seq10011_627_bp_1_1_2	ENA|ABK71357|ABK71357.1	100.00	5	0	0	9	13	2	6	8.7	15.0
Seq10011_627_bp_1_1_2	ENA|CAA28033|CAA28033.1	66.67	6	2	0	6	11	1037	1042	8.9	16.8
Seq10011_627_bp_1_1_2	ENA|AAB03707|AAB03707.1	66.67	6	2	0	2	7	1110	1115	9.4	16.8
Seq10011_627_bp_1_1_2	ENA|AAC17860|AAC17860.1	80.00	5	1	0	11	15	13	17	9.6	15.0
Seq10011_627_bp_1_1_2	ENA|EDO47375|EDO47375.1	44.44	9	5	0	7	15	23	31	10	13.9
Seq10011_627_bp_1_2_0	ENA|AAC97205|AAC97205.1	55.56	9	4	0	21	29	897	905	0.31	23.4
Seq10011_627_bp_1_2_0	ENA|AAC08817|AAC08817.1	46.15	13	7	0	33	45	19	31	1.1	18.6
Seq10011_627_bp_1_2_0	ENA|BAA32956|BAA32956.1	80.00	5	1	0	20	24	90	94	1.4	18.6
Seq10011_627_bp_1_2_0	ENA|BAA32991|BAA32991.1	50.00	6	3	0	21	26	28	33	2	16.5
Seq10011_627_bp_1_2_0	ENA|AAQ92751|AAQ92751.2	31.25	16	11	0	11	26	307	322	2.1	20.7
Seq10011_627_bp_1_2_0	ENA|ACT10338|ACT10338.1	83.33	6	1	0	33	38	305	310	3.7	18.1
Seq10011_627_bp_1_2_0	ENA|AAR37016|AAR37016.1	42.86	14	8	0	23	36	1289	1302	5.1	20.2
Seq10011_627_bp_1_2_0	ENA|AAR31603|AAR31603.1	75.00	4	1	0	26	29	64	67	6.3	17.0
Seq10011_627_bp_1_2_0	ENA|CCP43727|CCP43727.1	55.56	9	4	0	36	44	296	304	6.3	17.0
Seq10011_627_bp_1_2_0	ENA|AAA25966|AAA25966.1	46.15	13	7	0	34	46	544	556	6.6	18.1
Seq10011_627_bp_1_2_0	ENA|BAA32018|BAA32018.1	71.43	7	2	0	3	9	179	185	8.2	17.5
Seq10011_627_bp_1_2_1	ENA|AAC49865|AAC49865.1	46.67	15	8	0	35	49	107	121	0.66	20.4
Seq10011_627_bp_1_2_1	ENA|AAC26660|AAC26660.1	83.33	6	1	0	33	38	229	234	0.75	19.9
Seq10011_627_bp_1_2_1	ENA|BAA36759|BAA36759.1	32.14	28	19	0	18	45	129	156	0.84	19.9
Seq10011_627_bp_1_2_1	ENA|CAA45708|CAA45708.1	30.00	20	14	0	13	32	837	856	1.5	21.5
Seq10011_627_bp_1_2_1	ENA|CAA73529|CAA73529.1	42.11	19	11	0	17	35	27	45	1.7	18.8
Seq10011_627_bp_1_2_1	ENA|AAI27517|AAI27517.1	83.33	6	1	0	39	44	357	362	1.7	19.9
Seq10011_627_bp_1_2_1	ENA|AAA18786|AAA18786.1	80.00	5	1	0	38	42	239	243	2.3	18.3
Seq10011_627_bp_1_2_1	ENA|BAA32956|BAA32956.1	40.00	10	6	0	1	10	195	204	2.6	17.7
Seq10011_627_bp_1_2_1	ENA|AAA36114|AAA36114.1	38.46	13	8	0	20	32	285	297	3.1	18.8
Seq10011_627_bp_1_2_1	ENA|AAB96524|AAB96524.1	40.00	10	6	0	2	11	141	150	3.4	17.2
Seq10011_627_bp_1_2_1	ENA|AAB03707|AAB03707.1	38.46	26	16	0	3	28	854	879	3.9	19.9
Seq10011_627_bp_1_2_1	ENA|AAC08817|AAC08817.1	80.00	5	1	0	6	10	124	128	4.1	16.7
Seq10011_627_bp_1_2_1	ENA|ABD49687|ABD49687.1	33.33	18	12	0	30	47	702	719	4.8	19.9
Seq10011_627_bp_1_2_1	ENA|BAA32018|BAA32018.1	36.36	11	7	0	38	48	303	313	5.3	18.3
Seq10011_627_bp_1_2_1	ENA|CAA36214|CAA36214.1	71.43	7	2	0	42	48	79	85	5.4	17.2
Seq10011_627_bp_1_2_1	ENA|AAR37016|AAR37016.1	35.29	17	11	0	33	49	991	1007	6.5	19.9
Seq10011_627_bp_1_2_1	ENA|ABN10845|ABN10845.1	71.43	7	2	0	42	48	71	77	7.9	16.1
Seq10011_627_bp_1_2_1	ENA|AAA32624|AAA32624.1	40.00	10	6	0	40	49	40	49	9	17.2
Seq10011_627_bp_1_2_1	ENA|BAB17681|BAB17681.1	33.33	9	6	0	4	12	110	118	9.7	16.1
Seq10011_627_bp_1_2_1	ENA|CAA29968|CAA29968.1	26.67	15	11	0	24	38	25	39	10	15.6
Seq10011_627_bp_1_2_2	ENA|BAA05866|BAA05866.1	43.75	16	9	0	7	22	22	37	0.026	23.9
Seq10011_627_bp_1_2_2	ENA|AAR31603|AAR31603.1	75.00	8	2	0	7	14	292	299	0.16	21.3
Seq10011_627_bp_1_2_2	ENA|AAC17860|AAC17860.1	40.00	15	9	0	6	20	68	82	0.32	20.7
Seq10011_627_bp_1_2_2	ENA|AAA18786|AAA18786.1	36.84	19	12	0	5	23	66	84	0.5	19.4
Seq10011_627_bp_1_2_2	ENA|CAA45199|CAA45199.1	30.77	13	9	0	4	16	371	383	0.57	20.1
Seq10011_627_bp_1_2_2	ENA|ABN10845|ABN10845.1	38.46	13	8	0	3	15	162	174	0.64	18.8
Seq10011_627_bp_1_2_2	ENA|AAI27517|AAI27517.1	71.43	7	2	0	14	20	355	361	0.71	20.1
Seq10011_627_bp_1_2_2	ENA|AAF79734|AAF79734.1	100.00	5	0	0	14	18	1216	1220	0.72	21.3
Seq10011_627_bp_1_2_2	ENA|BAA32956|BAA32956.1	55.56	9	4	0	11	19	184	192	0.96	18.1
Seq10011_627_bp_1_2_2	ENA|ABK71357|ABK71357.1	55.56	9	4	0	1	9	69	77	1.1	18.8
Seq10011_627_bp_1_2_2	ENA|ABD49687|ABD49687.1	35.71	14	9	0	1	14	699	712	1.3	20.7
Seq10011_627_bp_1_2_2	ENA|AAB26998|AAB26998.1	40.00	16	9	1	3	18	28	42	1.4	16.2
Seq10011_627_bp_1_2_2	ENA|AAC49865|AAC49865.1	26.67	15	11	0	4	18	1	15	1.5	18.1
Seq10011_627_bp_1_2_2	ENA|AAC08817|AAC08817.1	44.44	9	5	0	10	18	48	56	1.7	16.8
Seq10011_627_bp_1_2_2	ENA|AAR37016|AAR37016.1	80.00	5	1	0	16	20	756	760	1.8	20.7
Seq10011_627_bp_1_2_2	ENA|CAA24711|CAA24711.1	44.44	9	5	0	8	16	6	14	1.9	16.8
Seq10011_627_bp_1_2_2	ENA|BAA36759|BAA36759.1	28.57	14	10	0	10	23	2	15	2	17.5
Seq10011_627_bp_1_2_2	ENA|CAD53387|CAD53387.1	45.45	11	6	0	9	19	66	76	2.3	18.1
Seq10011_627_bp_1_2_2	ENA|CAA11507|CAA11507.1	46.15	13	7	0	5	17	473	485	2.5	19.4
Seq10011_627_bp_1_2_2	ENA|ACT10338|ACT10338.1	75.00	9	2	1	15	22	305	313	2.7	17.5
Seq10011_627_bp_1_2_2	ENA|CAA45708|CAA45708.1	75.00	8	2	0	10	17	609	616	2.8	19.4
Seq10011_627_bp_1_2_2	ENA|AAB96524|AAB96524.1	40.00	10	6	0	10	19	6	15	3.2	16.2
Seq10011_627_bp_1_2_2	ENA|AAC97205|AAC97205.1	26.32	19	14	0	5	23	834	852	3.5	18.8
Seq10011_627_bp_1_2_2	ENA|CAA26939|CAA26939.1	40.00	10	6	0	13	22	231	240	4	17.5
Seq10011_627_bp_1_2_2	ENA|CCP43727|CCP43727.1	37.50	16	10	0	7	22	243	258	5.5	16.2
Seq10011_627_bp_1_2_2	ENA|CAA43419|CAA43419.1	66.67	6	2	0	5	10	30	35	6.1	16.2
Seq10011_627_bp_1_2_2	ENA|AAA42531|AAA42531.1	27.27	11	8	0	12	22	268	278	6.4	16.2
Seq10011_627_bp_1_2_2	ENA|CAA73529|CAA73529.1	26.67	15	11	0	7	21	142	156	7	15.6
Seq10011_627_bp_1_2_2	ENA|AAA25966|AAA25966.1	23.53	17	13	0	5	21	500	516	7.6	16.8
Seq10011_627_bp_1_2_2	ENA|CAA36214|CAA36214.1	75.00	4	1	0	15	18	9	12	7.8	15.6
Seq10011_627_bp_1_2_2	ENA|AAA32624|AAA32624.1	42.86	7	4	0	16	22	234	240	8.5	16.2
Seq10011_627_bp_1_2_2	ENA|ACH70901|ACH70901.1	45.45	11	6	0	8	18	254	264	9.1	15.6
Seq10011_627_bp_1_2_3	ENA|BAA32991|BAA32991.1	62.50	8	3	0	10	17	59	66	0.17	19.2
Seq10011_627_bp_1_2_3	ENA|AAC97205|AAC97205.1	62.50	8	3	0	4	11	276	283	2.1	19.7
Seq10011_627_bp_1_2_3	ENA|AAA18786|AAA18786.1	44.44	9	5	0	7	15	65	73	3.6	16.7
Seq10011_627_bp_1_2_3	ENA|ABD49687|ABD49687.1	60.00	10	4	0	4	13	118	127	4	19.2
Seq10011_627_bp_1_2_3	ENA|AAR37016|AAR37016.1	35.71	14	9	0	3	16	635	648	5.4	19.2
Seq10011_627_bp_1_2_3	ENA|AAC08817|AAC08817.1	100.00	4	0	0	6	9	133	136	5.8	15.2
Seq10011_627_bp_1_2_3	ENA|AAQ92751|AAQ92751.2	38.10	21	13	0	6	26	93	113	6.3	18.2
Seq10011_627_bp_1_2_3	ENA|AAC17860|AAC17860.1	50.00	12	6	0	15	26	136	147	7.5	16.2
Seq10011_627_bp_1_2_3	ENA|AAR31603|AAR31603.1	50.00	8	4	0	6	13	278	285	8.4	15.7
Seq10011_627_bp_1_2_3	ENA|CAA29968|CAA29968.1	62.50	8	3	0	10	17	83	90	9.9	14.7
Seq10011_627_bp_1_2_4	ENA|CAA43419|CAA43419.1	60.00	10	4	0	1	10	37	46	0.42	19.2
Seq10011_627_bp_1_2_4	ENA|AAB96524|AAB96524.1	45.45	11	6	0	1	11	80	90	0.52	17.9
Seq10011_627_bp_1_2_4	ENA|ACH70901|ACH70901.1	71.43	7	2	0	6	12	69	75	1.5	17.3
Seq10011_627_bp_1_2_4	ENA|AAC08817|AAC08817.1	100.00	4	0	0	8	11	140	143	2.5	15.3
Seq10011_627_bp_1_2_4	ENA|AAB66912|AAB66912.1	62.50	8	3	0	1	8	483	490	3.9	17.3
Seq10011_627_bp_1_2_4	ENA|CAL82360|CAL82360.1	54.55	12	5	1	2	12	1268	1279	5.3	17.3
Seq10011_627_bp_1_2_4	ENA|BAB79260|BAB79260.1	66.67	6	2	0	7	12	123	128	7.1	15.3
Seq10011_627_bp_1_2_4	ENA|BAA05866|BAA05866.1	44.44	9	5	0	1	9	210	218	7.5	14.7
Seq10011_627_bp_1_2_4	ENA|CAD53387|CAD53387.1	41.67	12	7	0	1	12	28	39	7.8	15.3
Seq10011_627_bp_1_2_4	ENA|CAA45708|CAA45708.1	50.00	8	4	0	1	8	737	744	9.5	16.6
Seq10011_627_bp_1_2_5	ENA|AAA72732|AAA72732.1	77.78	10	2	1	1	9	225	234	0.13	21.3
Seq10011_627_bp_1_2_5	ENA|AAC49865|AAC49865.1	38.46	13	8	0	3	15	277	289	0.52	19.4
Seq10011_627_bp_1_2_5	ENA|AAC49865|AAC49865.1	29.41	17	12	0	3	19	307	323	0.52	19.4
Seq10011_627_bp_1_2_5	ENA|ACT10338|ACT10338.1	66.67	6	2	0	1	6	119	124	1.4	18.1
Seq10011_627_bp_1_2_5	ENA|AAC26660|AAC26660.1	55.56	9	4	0	5	13	120	128	2.3	16.9
Seq10011_627_bp_1_2_5	ENA|BAA36759|BAA36759.1	57.14	7	3	0	3	9	183	189	2.5	16.9
Seq10011_627_bp_1_2_5	ENA|AAS77176|AAS77176.1	44.44	9	5	0	11	19	48	56	2.5	16.9
Seq10011_627_bp_1_2_5	ENA|AAA24145|AAA24145.1	37.50	16	10	0	3	18	25	40	2.6	17.5
Seq10011_627_bp_1_2_5	ENA|CAA36214|CAA36214.1	50.00	8	4	0	2	9	246	253	2.7	16.9
Seq10011_627_bp_1_2_5	ENA|AAC17860|AAC17860.1	31.58	19	13	0	1	19	38	56	3.6	16.9
Seq10011_627_bp_1_2_5	ENA|BAA05866|BAA05866.1	66.67	9	3	0	11	19	66	74	4.1	16.3
Seq10011_627_bp_1_2_5	ENA|AAC08817|AAC08817.1	30.77	13	9	0	4	16	57	69	5	15.0
Seq10011_627_bp_1_2_5	ENA|AAI27517|AAI27517.1	40.00	10	6	0	1	10	182	191	5.1	16.9
Seq10011_627_bp_1_2_5	ENA|AAF79734|AAF79734.1	46.67	15	8	0	4	18	232	246	5.2	18.1
Seq10011_627_bp_1_2_5	ENA|AAB96524|AAB96524.1	44.44	9	5	0	1	9	138	146	5.9	15.0
Seq10011_627_bp_1_2_5	ENA|CAA29968|CAA29968.1	42.86	7	4	0	8	14	89	95	6.1	15.0
Seq10011_627_bp_1_2_5	ENA|AAC97205|AAC97205.1	57.14	7	3	0	3	9	877	883	6.8	17.5
Seq10011_627_bp_1_2_5	ENA|CAA28033|CAA28033.1	55.56	9	4	0	9	17	208	216	7.1	17.5
Seq10011_627_bp_1_2_5	ENA|ABK71357|ABK71357.1	100.00	3	0	0	1	3	176	178	7.5	15.6
Seq10011_627_bp_1_2_5	ENA|AAB26998|AAB26998.1	37.50	8	5	0	1	8	47	54	8.9	13.1
Seq10011_627_bp_1_2_5	ENA|BAA32956|BAA32956.1	100.00	4	0	0	3	6	204	207	9.9	14.4
Seq10011_627_bp_1_2_6	ENA|CAA26939|CAA26939.1	50.00	14	7	0	1	14	516	529	0.024	24.4
Seq10011_627_bp_1_2_6	ENA|CAA26023|CAA26023.1	60.00	10	4	0	6	15	17	26	0.32	20.1
Seq10011_627_bp_1_2_6	ENA|ACH70901|ACH70901.1	55.56	9	4	0	1	9	152	160	0.7	18.8
Seq10011_627_bp_1_2_6	ENA|AAF79734|AAF79734.1	45.45	11	6	0	3	13	333	343	1.2	20.1
Seq10011_627_bp_1_2_6	ENA|BAA32991|BAA32991.1	100.00	4	0	0	12	15	34	37	1.7	15.2
Seq10011_627_bp_1_2_6	ENA|AAC08817|AAC08817.1	50.00	10	5	0	7	16	6	15	2.5	15.8
Seq10011_627_bp_1_2_6	ENA|ACT10338|ACT10338.1	50.00	10	5	0	7	16	17	26	2.7	17.0
Seq10011_627_bp_1_2_6	ENA|CAA45708|CAA45708.1	83.33	6	1	0	8	13	1236	1241	2.9	18.8
Seq10011_627_bp_1_2_6	ENA|CAA36714|CAA36714.1	50.00	8	4	0	8	15	118	125	3.2	17.0
Seq10011_627_bp_1_2_6	ENA|AAC17860|AAC17860.1	46.15	13	7	0	1	13	68	80	4.2	16.4
Seq10011_627_bp_1_2_6	ENA|EDO47375|EDO47375.1	80.00	5	1	0	10	14	44	48	4.6	15.2
Seq10011_627_bp_1_2_6	ENA|CAA45199|CAA45199.1	62.50	8	3	0	9	16	58	65	4.8	16.4
Seq10011_627_bp_1_2_6	ENA|CAA24711|CAA24711.1	57.14	7	3	0	1	7	99	105	6.3	14.5
Seq10011_627_bp_1_2_6	ENA|BAA05866|BAA05866.1	37.50	8	5	0	1	8	251	258	7.2	15.2
Seq10011_627_bp_1_2_6	ENA|CAD53387|CAD53387.1	57.14	7	3	0	5	11	5	11	7.7	15.8
Seq10011_627_bp_1_2_6	ENA|AAR31603|AAR31603.1	66.67	6	2	0	8	13	294	299	7.7	15.2
Seq10011_627_bp_1_2_6	ENA|AAQ92751|AAQ92751.2	50.00	8	4	0	7	14	1202	1209	8.9	17.0
Seq10011_627_bp_1_2_6	ENA|AAA18786|AAA18786.1	80.00	5	1	0	10	14	92	96	9.4	14.5
Seq10011_627_bp_-1_0_0	ENA|AAC08817|AAC08817.1	83.33	6	1	0	6	11	60	65	0.53	18.2
Seq10011_627_bp_-1_0_0	ENA|AAC17860|AAC17860.1	50.00	10	5	0	8	17	155	164	0.92	18.8
Seq10011_627_bp_-1_0_0	ENA|AAB96524|AAB96524.1	60.00	10	4	0	6	15	4	13	1.4	17.0
Seq10011_627_bp_-1_0_0	ENA|BAA32956|BAA32956.1	66.67	6	2	0	12	17	147	152	1.6	17.0
Seq10011_627_bp_-1_0_0	ENA|ABK71357|ABK71357.1	71.43	7	2	0	5	11	155	161	1.9	17.6
Seq10011_627_bp_-1_0_0	ENA|CAA73529|CAA73529.1	33.33	12	8	0	3	14	179	190	2.1	17.0
Seq10011_627_bp_-1_0_0	ENA|CAA28033|CAA28033.1	62.50	8	3	0	4	11	1129	1136	2.9	18.8
Seq10011_627_bp_-1_0_0	ENA|AAS77176|AAS77176.1	57.14	7	3	0	7	13	42	48	4.9	15.8
Seq10011_627_bp_-1_0_0	ENA|CAA36714|CAA36714.1	80.00	5	1	0	7	11	118	122	7.7	15.8
Seq10011_627_bp_-1_0_0	ENA|AAA72732|AAA72732.1	80.00	5	1	0	9	13	158	162	7.7	15.3
Seq10011_627_bp_-1_0_0	ENA|ABN10845|ABN10845.1	62.50	8	3	0	8	15	73	80	8.1	14.7
Seq10011_627_bp_-1_0_0	ENA|AAR31603|AAR31603.1	45.45	11	6	0	2	12	60	70	8.1	15.3
Seq10011_627_bp_-1_0_0	ENA|AAC26660|AAC26660.1	100.00	4	0	0	15	18	162	165	9.4	14.7
Seq10011_627_bp_-1_0_0	ENA|AAA18786|AAA18786.1	80.00	5	1	0	12	16	4	8	9.7	14.7
Seq10011_627_bp_-1_0_1	ENA|BAA36759|BAA36759.1	60.00	5	2	0	2	6	115	119	1	18.3
Seq10011_627_bp_-1_0_1	ENA|AAC08817|AAC08817.1	71.43	7	2	0	13	19	8	14	1.2	17.2
Seq10011_627_bp_-1_0_1	ENA|AAC97205|AAC97205.1	31.58	19	13	0	2	20	788	806	2	19.5
Seq10011_627_bp_-1_0_1	ENA|ABN10845|ABN10845.1	66.67	9	3	0	7	15	200	208	3.6	16.1
Seq10011_627_bp_-1_0_1	ENA|AAA36114|AAA36114.1	41.67	12	7	0	8	19	113	124	5.6	16.7
Seq10011_627_bp_-1_0_1	ENA|AAB26998|AAB26998.1	40.00	10	6	0	2	11	36	45	5.9	13.9
Seq10011_627_bp_-1_0_1	ENA|ABK71357|ABK71357.1	41.18	18	10	1	3	20	356	372	8.6	15.6
Seq10011_627_bp_-1_0_1	ENA|CAA28033|CAA28033.1	100.00	4	0	0	10	13	72	75	9.4	17.2
Seq10011_627_bp_-1_0_1	ENA|AAB03707|AAB03707.1	45.45	11	6	0	11	21	584	594	9.9	17.2
Seq10011_627_bp_-1_0_1	ENA|ABD33854|ABD33854.1	66.67	3	1	0	3	5	47	49	10	12.8
Seq10011_627_bp_-1_0_2	ENA|BAA32956|BAA32956.1	50.00	14	7	0	23	36	183	196	0.37	21.4
Seq10011_627_bp_-1_0_2	ENA|AAA36539|AAA36539.1	43.75	16	9	0	46	61	33	48	0.82	21.4
Seq10011_627_bp_-1_0_2	ENA|AAI27517|AAI27517.1	47.62	25	11	4	24	44	211	235	1.4	20.9
Seq10011_627_bp_-1_0_2	ENA|CAA73529|CAA73529.1	47.62	24	11	3	8	31	9	29	1.8	19.5
Seq10011_627_bp_-1_0_2	ENA|AAB96524|AAB96524.1	45.45	11	6	0	17	27	97	107	2.3	18.5
Seq10011_627_bp_-1_0_2	ENA|CAD53387|CAD53387.1	29.27	43	29	2	22	62	427	469	3.2	19.5
Seq10011_627_bp_-1_0_2	ENA|AAR31603|AAR31603.1	40.00	15	9	0	35	49	41	55	4	18.5
Seq10011_627_bp_-1_0_2	ENA|AAC97205|AAC97205.1	33.33	24	16	0	9	32	1185	1208	5.5	20.0
Seq10011_627_bp_-1_0_2	ENA|ABK71357|ABK71357.1	54.55	11	5	0	35	45	206	216	6.2	18.1
Seq10011_627_bp_-1_0_2	ENA|CAA24711|CAA24711.1	45.00	22	11	2	26	45	25	46	7.6	16.6
Seq10011_627_bp_-1_0_2	ENA|AAA36114|AAA36114.1	31.58	20	13	1	18	36	89	108	8.3	18.1
Seq10011_627_bp_-1_0_2	ENA|AAA25966|AAA25966.1	35.00	20	13	0	25	44	41	60	8.5	18.5
Seq10011_627_bp_-1_0_3	ENA|AAB96524|AAB96524.1	41.18	17	10	0	33	49	34	50	0.56	20.2
Seq10011_627_bp_-1_0_3	ENA|AAC08817|AAC08817.1	46.15	13	7	0	21	33	100	112	0.66	19.7
Seq10011_627_bp_-1_0_3	ENA|AAF79734|AAF79734.1	45.83	25	13	1	35	58	502	526	0.76	22.7
Seq10011_627_bp_-1_0_3	ENA|CAD53387|CAD53387.1	66.67	9	3	0	31	39	466	474	1.1	20.7
Seq10011_627_bp_-1_0_3	ENA|ABD33854|ABD33854.1	46.15	13	7	0	50	62	18	30	1.1	17.7
Seq10011_627_bp_-1_0_3	ENA|AAS77176|AAS77176.1	50.00	12	6	0	23	34	165	176	1.2	19.7
Seq10011_627_bp_-1_0_3	ENA|AAR37016|AAR37016.1	54.55	11	5	0	30	40	913	923	1.2	22.7
Seq10011_627_bp_-1_0_3	ENA|AAC40132|AAC40132.1	38.89	18	11	0	14	31	169	186	1.4	20.2
Seq10011_627_bp_-1_0_3	ENA|CAA26023|CAA26023.1	71.43	7	2	0	32	38	12	18	2.3	19.2
Seq10011_627_bp_-1_0_3	ENA|CAA73529|CAA73529.1	54.55	11	5	0	49	59	231	241	3.2	18.2
Seq10011_627_bp_-1_0_3	ENA|BAA32956|BAA32956.1	55.56	9	4	0	29	37	179	187	4.9	17.2
Seq10011_627_bp_-1_0_3	ENA|ABN10845|ABN10845.1	50.00	8	4	0	34	41	38	45	7	16.7
Seq10011_627_bp_-1_0_3	ENA|AAB26998|AAB26998.1	50.00	8	4	0	11	18	72	79	7.1	15.2
Seq10011_627_bp_-1_0_3	ENA|AAA32624|AAA32624.1	75.00	8	2	0	21	28	93	100	8.3	17.7
Seq10011_627_bp_-1_0_3	ENA|EDO47375|EDO47375.1	50.00	12	6	0	20	31	155	166	8.4	16.2
Seq10011_627_bp_-1_0_3	ENA|CAA26939|CAA26939.1	72.73	14	3	3	44	57	408	418	9	17.7
Seq10011_627_bp_-1_0_3	ENA|AAC17860|AAC17860.1	50.00	16	8	0	46	61	263	278	9.1	17.2
Seq10011_627_bp_-1_0_3	ENA|AAI27517|AAI27517.1	35.71	14	9	0	8	21	1	14	9.2	17.7
Seq10011_627_bp_-1_0_4	ENA|CAA26023|CAA26023.1	66.67	6	2	0	4	9	373	378	0.26	19.7
Seq10011_627_bp_-1_0_4	ENA|AAA36539|AAA36539.1	83.33	6	1	0	3	8	189	194	0.84	18.3
Seq10011_627_bp_-1_0_4	ENA|AAF79734|AAF79734.1	100.00	5	0	0	2	6	1030	1034	0.96	19.7
Seq10011_627_bp_-1_0_4	ENA|CAA73529|CAA73529.1	71.43	7	2	0	3	9	247	253	1.3	16.9
Seq10011_627_bp_-1_0_4	ENA|BAA05866|BAA05866.1	80.00	5	1	0	2	6	191	195	2.3	16.2
Seq10011_627_bp_-1_0_4	ENA|CAA43419|CAA43419.1	75.00	4	1	0	7	10	281	284	2.7	16.2
Seq10011_627_bp_-1_0_4	ENA|AAC97205|AAC97205.1	42.86	7	4	0	2	8	380	386	3.5	17.6
Seq10011_627_bp_-1_0_4	ENA|AAI27517|AAI27517.1	75.00	4	1	0	7	10	148	151	4.4	16.2
Seq10011_627_bp_-1_0_4	ENA|CAB75732|CAB75732.1	33.33	9	6	0	1	9	793	801	5.2	16.9
Seq10011_627_bp_-1_0_4	ENA|CAA24711|CAA24711.1	40.00	10	6	0	1	10	58	67	5.4	14.1
Seq10011_627_bp_-1_0_4	ENA|EDO47375|EDO47375.1	60.00	5	2	0	1	5	46	50	5.9	14.1
Seq10011_627_bp_-1_0_4	ENA|CCP43727|CCP43727.1	75.00	4	1	0	6	9	219	222	6.3	14.8
Seq10011_627_bp_-1_0_4	ENA|CAA45708|CAA45708.1	57.14	7	3	0	3	9	375	381	6.8	16.9
Seq10011_627_bp_-1_0_4	ENA|AAC78721|AAC78721.1	100.00	3	0	0	8	10	126	128	7.8	15.5
Seq10011_627_bp_-1_0_4	ENA|AAA25966|AAA25966.1	100.00	3	0	0	8	10	617	619	8.4	15.5
Seq10011_627_bp_-1_0_4	ENA|AAA72732|AAA72732.1	75.00	4	1	0	6	9	234	237	9.5	14.1
Seq10011_627_bp_-1_0_4	ENA|CAA11507|CAA11507.1	66.67	6	2	0	1	6	1057	1062	9.6	16.2
Seq10011_627_bp_-1_0_4	ENA|AAB03707|AAB03707.1	80.00	5	1	0	1	5	1130	1134	9.7	16.2
Seq10011_627_bp_-1_0_4	ENA|AAC49865|AAC49865.1	60.00	5	2	0	2	6	168	172	9.9	14.1
Seq10011_627_bp_-1_1_0	ENA|BAA32991|BAA32991.1	45.45	11	6	0	6	16	16	26	0.074	20.2
Seq10011_627_bp_-1_1_0	ENA|AAC08817|AAC08817.1	45.45	11	6	0	2	12	141	151	4.1	15.6
Seq10011_627_bp_-1_1_0	ENA|EDO47375|EDO47375.1	30.77	13	9	0	1	13	143	155	4.9	15.6
Seq10011_627_bp_-1_1_0	ENA|BAB79260|BAB79260.1	38.46	13	8	0	10	22	323	335	8	16.1
Seq10011_627_bp_-1_1_0	ENA|AAA42531|AAA42531.1	100.00	4	0	0	11	14	326	329	9.6	15.6
Seq10011_627_bp_-1_1_1	ENA|ABD49687|ABD49687.1	83.33	6	1	0	20	25	1104	1109	0.42	22.5
Seq10011_627_bp_-1_1_1	ENA|BAA32991|BAA32991.1	75.00	4	1	0	23	26	32	35	0.47	17.7
Seq10011_627_bp_-1_1_1	ENA|BAB17681|BAB17681.1	66.67	6	2	0	7	12	119	124	0.81	18.9
Seq10011_627_bp_-1_1_1	ENA|AAB96524|AAB96524.1	33.33	18	12	0	6	23	151	168	0.83	18.3
Seq10011_627_bp_-1_1_1	ENA|AAA36114|AAA36114.1	50.00	10	5	0	10	19	112	121	1	19.5
Seq10011_627_bp_-1_1_1	ENA|CAA45199|CAA45199.1	50.00	10	5	0	7	16	35	44	1.4	18.9
Seq10011_627_bp_-1_1_1	ENA|ACH70901|ACH70901.1	57.14	7	3	0	16	22	6	12	3.6	17.1
Seq10011_627_bp_-1_1_1	ENA|AAR37016|AAR37016.1	80.00	5	1	0	21	25	1482	1486	4.5	19.5
Seq10011_627_bp_-1_1_1	ENA|CAA29968|CAA29968.1	40.00	5	3	0	19	23	95	99	4.5	15.9
Seq10011_627_bp_-1_1_1	ENA|AAA24145|AAA24145.1	21.74	23	18	0	1	23	101	123	6.9	16.5
Seq10011_627_bp_-1_1_1	ENA|BAA32956|BAA32956.1	80.00	5	1	0	2	6	103	107	7.2	15.3
Seq10011_627_bp_-1_1_1	ENA|CAB75732|CAB75732.1	50.00	8	4	0	3	10	717	724	7.5	17.7
Seq10011_627_bp_-1_1_1	ENA|CAA26939|CAA26939.1	31.82	22	15	0	2	23	509	530	8.4	16.5
Seq10011_627_bp_-1_1_1	ENA|AAC17860|AAC17860.1	33.33	9	6	0	2	10	396	404	9.1	15.9
Seq10011_627_bp_-1_1_1	ENA|BAA36759|BAA36759.1	75.00	4	1	0	20	23	273	276	9.6	15.3
Seq10011_627_bp_-1_1_2	ENA|BAA32956|BAA32956.1	53.85	13	6	0	13	25	185	197	0.94	18.6
Seq10011_627_bp_-1_1_2	ENA|AAA18786|AAA18786.1	33.33	18	12	0	2	19	197	214	3.2	17.2
Seq10011_627_bp_-1_1_2	ENA|CAA29956|CAA29956.1	45.45	11	6	0	5	15	327	337	3.2	17.7
Seq10011_627_bp_-1_1_2	ENA|ACT10338|ACT10338.1	37.50	16	10	0	17	32	154	169	3.3	17.7
Seq10011_627_bp_-1_1_2	ENA|ABK71357|ABK71357.1	46.15	13	7	0	19	31	170	182	6	16.7
Seq10011_627_bp_-1_1_2	ENA|AAC08817|AAC08817.1	40.00	15	9	0	13	27	40	54	6.8	15.3
Seq10011_627_bp_-1_1_2	ENA|ABD49687|ABD49687.1	50.00	12	6	0	2	13	721	732	7.2	18.6
Seq10011_627_bp_-1_1_2	ENA|CAA43419|CAA43419.1	28.00	25	18	0	2	26	34	58	8.1	16.2
Seq10011_627_bp_-1_1_3	ENA|AAR37016|AAR37016.1	100.00	5	0	0	15	19	1229	1233	5	19.1
Seq10011_627_bp_-1_1_3	ENA|BAA32956|BAA32956.1	100.00	4	0	0	7	10	193	196	5.9	15.4
Seq10011_627_bp_-1_1_3	ENA|AAA25966|AAA25966.1	57.14	7	3	0	15	21	666	672	6.6	17.0
Seq10011_627_bp_-1_1_4	ENA|BAA32956|BAA32956.1	45.45	11	6	0	8	18	85	95	2.4	16.6
Seq10011_627_bp_-1_1_4	ENA|AAR37016|AAR37016.1	45.45	11	6	0	9	19	1259	1269	2.6	20.0
Seq10011_627_bp_-1_1_5	ENA|ABD33854|ABD33854.1	44.44	9	5	0	1	9	1	9	9	12.9
Seq10011_627_bp_-1_1_5	ENA|BAA32991|BAA32991.1	33.33	6	4	0	12	17	59	64	9.6	12.9
Seq10011_627_bp_-1_1_6	ENA|CAA24711|CAA24711.1	54.55	11	5	0	5	15	96	106	0.33	19.5
Seq10011_627_bp_-1_1_6	ENA|AAB66912|AAB66912.1	60.00	10	4	0	15	24	303	312	0.5	21.3
Seq10011_627_bp_-1_1_6	ENA|ABK71357|ABK71357.1	72.73	12	3	1	10	20	100	111	0.7	19.5
Seq10011_627_bp_-1_1_6	ENA|CAA45199|CAA45199.1	26.67	15	11	0	10	24	437	451	0.89	19.5
Seq10011_627_bp_-1_1_6	ENA|AAR31603|AAR31603.1	35.29	17	11	0	4	20	41	57	0.94	18.9
Seq10011_627_bp_-1_1_6	ENA|ACT10338|ACT10338.1	50.00	10	5	0	8	17	159	168	1.1	18.9
Seq10011_627_bp_-1_1_6	ENA|CCP43727|CCP43727.1	42.11	20	11	1	5	23	74	93	1.4	18.2
Seq10011_627_bp_-1_1_6	ENA|AAA32624|AAA32624.1	45.45	11	6	0	14	24	130	140	3.4	17.6
Seq10011_627_bp_-1_1_6	ENA|AAI27517|AAI27517.1	33.33	9	6	0	15	23	83	91	3.9	17.6
Seq10011_627_bp_-1_1_6	ENA|CAA45708|CAA45708.1	62.50	8	3	0	16	23	603	610	4.3	18.9
Seq10011_627_bp_-1_1_6	ENA|AAC78721|AAC78721.1	100.00	5	0	0	10	14	168	172	4.4	17.6
Seq10011_627_bp_-1_1_6	ENA|BAA32991|BAA32991.1	40.00	10	6	0	15	24	19	28	5.6	14.0
Seq10011_627_bp_-1_1_6	ENA|AAR37016|AAR37016.1	38.89	18	11	0	3	20	98	115	6.4	18.9
Seq10011_627_bp_-1_1_6	ENA|AAS77176|AAS77176.1	40.00	15	9	0	5	19	61	75	6.5	15.8
Seq10011_627_bp_-1_1_6	ENA|AAC49865|AAC49865.1	60.00	5	2	0	15	19	178	182	7.4	15.8
Seq10011_627_bp_-1_1_6	ENA|AAA36114|AAA36114.1	66.67	6	2	0	18	23	135	140	7.5	16.4
Seq10011_627_bp_-1_1_6	ENA|AAA42531|AAA42531.1	41.67	12	7	0	11	22	87	98	8.6	15.8
Seq10011_627_bp_-1_1_6	ENA|BAB17681|BAB17681.1	45.45	11	6	0	7	17	225	235	9.2	15.2
Seq10011_627_bp_-1_1_6	ENA|AAB26998|AAB26998.1	66.67	6	2	0	14	19	61	66	9.4	13.4
Seq10011_627_bp_-1_1_6	ENA|EDO47375|EDO47375.1	100.00	3	0	0	22	24	127	129	9.6	14.6
Seq10011_627_bp_-1_1_7	ENA|BAA32991|BAA32991.1	50.00	12	6	0	2	13	13	24	0.0073	23.6
Seq10011_627_bp_-1_1_7	ENA|EDO47375|EDO47375.1	37.50	16	10	0	1	16	167	182	2.8	16.4
Seq10011_627_bp_-1_1_7	ENA|CAA29968|CAA29968.1	41.67	12	7	0	7	18	184	195	4	15.9
Seq10011_627_bp_-1_1_7	ENA|ACH70901|ACH70901.1	37.50	16	10	0	5	20	73	88	5.2	16.4
Seq10011_627_bp_-1_1_7	ENA|CAA29956|CAA29956.1	66.67	6	2	0	7	12	59	64	7.6	15.9
Seq10011_627_bp_-1_1_7	ENA|AAC97205|AAC97205.1	57.14	7	3	0	5	11	429	435	8.5	17.4
Seq10011_627_bp_-1_2_0	ENA|AAA25966|AAA25966.1	54.55	11	5	0	4	14	526	536	0.32	21.0
Seq10011_627_bp_-1_2_0	ENA|AAA25966|AAA25966.1	71.43	7	2	0	2	8	723	729	0.32	21.0
Seq10011_627_bp_-1_2_0	ENA|AAR37016|AAR37016.1	54.55	11	5	0	1	11	1146	1156	0.39	22.4
Seq10011_627_bp_-1_2_0	ENA|ABD33854|ABD33854.1	60.00	5	2	0	12	16	19	23	2.3	14.6
Seq10011_627_bp_-1_2_0	ENA|BAB79260|BAB79260.1	57.14	7	3	0	7	13	14	20	2.3	17.5
Seq10011_627_bp_-1_2_0	ENA|CAA36214|CAA36214.1	55.56	9	4	0	3	11	26	34	2.5	16.8
Seq10011_627_bp_-1_2_0	ENA|AAC49865|AAC49865.1	42.86	7	4	0	1	7	161	167	2.7	16.8
Seq10011_627_bp_-1_2_0	ENA|AAF79734|AAF79734.1	60.00	10	4	0	1	10	1350	1359	2.7	18.9
Seq10011_627_bp_-1_2_0	ENA|CAA43419|CAA43419.1	55.56	9	4	0	5	13	29	37	3	16.8
Seq10011_627_bp_-1_2_0	ENA|CAA26023|CAA26023.1	66.67	6	2	0	9	14	335	340	3.1	16.8
Seq10011_627_bp_-1_2_0	ENA|ABD49687|ABD49687.1	66.67	6	2	0	2	7	152	157	3.2	18.9
Seq10011_627_bp_-1_2_0	ENA|AAB66912|AAB66912.1	62.50	8	3	0	7	14	423	430	4.6	17.5
Seq10011_627_bp_-1_2_0	ENA|CAA24711|CAA24711.1	50.00	6	3	0	5	10	39	44	5.9	14.6
Seq10011_627_bp_-1_2_0	ENA|AAA24145|AAA24145.1	60.00	5	2	0	6	10	204	208	5.9	16.0
Seq10011_627_bp_-1_2_0	ENA|BAA05866|BAA05866.1	50.00	8	4	0	9	16	257	264	6.4	15.3
Seq10011_627_bp_-1_2_0	ENA|AAA36114|AAA36114.1	30.77	13	9	0	2	14	181	193	6.5	16.0
Seq10011_627_bp_-1_2_0	ENA|AAB03707|AAB03707.1	100.00	4	0	0	2	5	1068	1071	6.6	17.5
Seq10011_627_bp_-1_2_0	ENA|CCP43727|CCP43727.1	33.33	9	6	0	3	11	100	108	6.8	15.3
Seq10011_627_bp_-1_2_0	ENA|ABK71357|ABK71357.1	44.44	9	5	0	7	15	95	103	7.7	15.3
Seq10011_627_bp_-1_2_0	ENA|AAC26660|AAC26660.1	75.00	4	1	0	13	16	138	141	8.6	14.6
Seq10011_627_bp_-1_2_0	ENA|AAA18786|AAA18786.1	60.00	5	2	0	4	8	55	59	8.9	14.6
Seq10011_627_bp_-1_2_0	ENA|BAA36759|BAA36759.1	100.00	3	0	0	9	11	258	260	9.6	14.6
Seq10011_627_bp_-1_2_1	ENA|ABN10845|ABN10845.1	40.00	15	9	0	1	15	92	106	0.61	19.5
Seq10011_627_bp_-1_2_1	ENA|AAB26998|AAB26998.1	45.45	11	6	0	26	36	19	29	0.71	17.8
Seq10011_627_bp_-1_2_1	ENA|AAA42531|AAA42531.1	75.00	4	1	0	21	24	303	306	3.4	17.8
Seq10011_627_bp_-1_2_1	ENA|CAB75732|CAB75732.1	45.45	11	6	0	4	14	583	593	4.7	19.0
Seq10011_627_bp_-1_2_1	ENA|BAA32956|BAA32956.1	50.00	6	3	0	21	26	74	79	5.9	16.1
Seq10011_627_bp_-1_2_1	ENA|EDO47375|EDO47375.1	62.50	8	3	0	12	19	107	114	7.7	15.6
Seq10011_627_bp_-1_2_1	ENA|BAA32991|BAA32991.1	50.00	8	4	0	29	36	1	8	9	13.9
Seq10011_627_bp_-1_2_2	ENA|AAC78721|AAC78721.1	31.58	38	26	0	10	47	533	570	0.6	21.6
Seq10011_627_bp_-1_2_2	ENA|AAI27517|AAI27517.1	41.18	17	10	0	8	24	363	379	2.5	19.4
Seq10011_627_bp_-1_2_2	ENA|CAA24711|CAA24711.1	71.43	7	2	0	9	15	163	169	3.4	17.1
Seq10011_627_bp_-1_2_2	ENA|AAC17860|AAC17860.1	58.33	12	5	0	18	29	323	334	3.7	18.2
Seq10011_627_bp_-1_2_2	ENA|CAA45199|CAA45199.1	45.45	11	6	0	37	47	324	334	4.2	18.2
Seq10011_627_bp_-1_2_2	ENA|CCP43727|CCP43727.1	41.67	12	7	0	22	33	314	325	4.3	17.7
Seq10011_627_bp_-1_2_2	ENA|AAC08817|AAC08817.1	50.00	10	5	0	4	13	50	59	6.5	16.0
Seq10011_627_bp_-1_2_2	ENA|CAA29968|CAA29968.1	80.00	5	1	0	5	9	67	71	8	16.0
Seq10011_627_bp_-1_2_2	ENA|AAQ92751|AAQ92751.2	50.00	16	8	0	25	40	1358	1373	8.1	18.8
Seq10011_627_bp_-1_2_2	ENA|AAA24145|AAA24145.1	53.85	13	6	0	18	30	62	74	8.6	17.1
Seq10011_627_bp_-1_2_2	ENA|CAA36714|CAA36714.1	66.67	6	2	0	24	29	197	202	8.8	17.1
Seq10011_627_bp_-1_2_2	ENA|AAA32624|AAA32624.1	100.00	5	0	0	4	8	25	29	9.7	17.1
Seq10011_627_bp_-1_2_3	ENA|ABN10845|ABN10845.1	77.78	9	2	0	9	17	181	189	0.26	21.0
Seq10011_627_bp_-1_2_3	ENA|CAA28033|CAA28033.1	46.15	13	7	0	14	26	969	981	0.77	22.0
Seq10011_627_bp_-1_2_3	ENA|ABK71357|ABK71357.1	30.43	23	16	0	22	44	318	340	1.7	19.0
Seq10011_627_bp_-1_2_3	ENA|CAA73529|CAA73529.1	71.43	7	2	0	1	7	245	251	1.8	18.5
Seq10011_627_bp_-1_2_3	ENA|BAA32956|BAA32956.1	60.00	10	4	0	32	41	185	194	2.8	17.5
Seq10011_627_bp_-1_2_3	ENA|AAA36539|AAA36539.1	45.45	11	6	0	23	33	456	466	6.1	17.5
Seq10011_627_bp_-1_2_3	ENA|CAA11507|CAA11507.1	45.45	11	6	0	3	13	708	718	6.1	19.0
Seq10011_627_bp_-1_2_3	ENA|CAA26939|CAA26939.1	54.55	11	5	0	27	37	318	328	7.2	17.5
Seq10011_627_bp_-1_2_3	ENA|AAS77176|AAS77176.1	41.67	12	7	0	1	12	265	276	7.2	16.5
Seq10011_627_bp_-1_2_3	ENA|AAA32624|AAA32624.1	53.85	14	6	1	28	40	161	174	9.1	17.0
Seq10011_627_bp_-1_2_4	ENA|CAD53387|CAD53387.1	62.50	8	3	0	11	18	10	17	0.24	21.3
Seq10011_627_bp_-1_2_4	ENA|CAD53387|CAD53387.1	62.50	8	3	0	11	18	76	83	0.24	21.3
Seq10011_627_bp_-1_2_4	ENA|CAD53387|CAD53387.1	62.50	8	3	0	11	18	142	149	0.24	21.3
Seq10011_627_bp_-1_2_4	ENA|CAD53387|CAD53387.1	62.50	8	3	0	11	18	208	215	0.24	21.3
Seq10011_627_bp_-1_2_4	ENA|CAD53387|CAD53387.1	62.50	8	3	0	11	18	274	281	0.24	21.3
Seq10011_627_bp_-1_2_4	ENA|CAD53387|CAD53387.1	62.50	8	3	0	11	18	340	347	0.24	21.3
Seq10011_627_bp_-1_2_4	ENA|CAD53387|CAD53387.1	62.50	8	3	0	11	18	406	413	0.24	21.3
Seq10011_627_bp_-1_2_4	ENA|CAA26023|CAA26023.1	71.43	7	2	0	15	21	8	14	0.27	20.7
Seq10011_627_bp_-1_2_4	ENA|AAA36114|AAA36114.1	35.71	14	9	0	2	15	488	501	0.55	20.1
Seq10011_627_bp_-1_2_4	ENA|AAF79734|AAF79734.1	43.75	16	9	0	6	21	79	94	0.69	21.3
Seq10011_627_bp_-1_2_4	ENA|AAF79734|AAF79734.1	35.71	14	9	0	2	15	242	255	0.69	21.3
Seq10011_627_bp_-1_2_4	ENA|CCP43727|CCP43727.1	66.67	9	3	0	9	17	247	255	0.79	18.9
Seq10011_627_bp_-1_2_4	ENA|AAC40132|AAC40132.1	28.57	14	10	0	4	17	341	354	1.1	18.9
Seq10011_627_bp_-1_2_4	ENA|AAA24145|AAA24145.1	100.00	4	0	0	15	18	207	210	1.7	18.3
Seq10011_627_bp_-1_2_4	ENA|BAB79260|BAB79260.1	83.33	6	1	0	5	10	4	9	2.4	17.7
Seq10011_627_bp_-1_2_4	ENA|AAC08817|AAC08817.1	35.29	17	11	0	3	19	13	29	2.9	16.0
Seq10011_627_bp_-1_2_4	ENA|AAI27517|AAI27517.1	56.25	18	7	2	6	21	379	396	3.2	17.7
Seq10011_627_bp_-1_2_4	ENA|AAR37016|AAR37016.1	75.00	8	2	0	12	19	1027	1034	3.7	19.5
Seq10011_627_bp_-1_2_4	ENA|AAR31603|AAR31603.1	63.64	14	4	3	9	19	278	291	3.9	16.6
Seq10011_627_bp_-1_2_4	ENA|CAB75732|CAB75732.1	62.50	8	3	0	5	12	326	333	4.1	18.3
Seq10011_627_bp_-1_2_4	ENA|AAC26660|AAC26660.1	60.00	10	4	0	4	13	221	230	4.6	16.0
Seq10011_627_bp_-1_2_4	ENA|AAC17860|AAC17860.1	37.50	16	10	0	6	21	130	145	4.9	16.6
Seq10011_627_bp_-1_2_4	ENA|CAA36214|CAA36214.1	57.14	7	3	0	7	13	107	113	5.4	16.0
Seq10011_627_bp_-1_2_4	ENA|BAA32956|BAA32956.1	50.00	8	4	0	10	17	157	164	5.6	15.4
Seq10011_627_bp_-1_2_4	ENA|CAA24711|CAA24711.1	80.00	5	1	0	15	19	5	9	6.8	14.8
Seq10011_627_bp_-1_2_4	ENA|AAB66912|AAB66912.1	57.14	7	3	0	15	21	892	898	7.2	17.2
Seq10011_627_bp_-1_2_4	ENA|AAC49865|AAC49865.1	31.58	19	13	0	2	20	298	316	8.5	15.4
Seq10011_627_bp_-1_2_4	ENA|CAA29956|CAA29956.1	75.00	4	1	0	16	19	40	43	9.6	15.4
Seq10011_627_bp_-1_2_5	ENA|AAC97205|AAC97205.1	66.67	13	4	1	6	18	466	477	0.19	23.4
Seq10011_627_bp_-1_2_5	ENA|AAB26998|AAB26998.1	83.33	6	1	0	23	28	71	76	0.47	18.1
Seq10011_627_bp_-1_2_5	ENA|ABK71357|ABK71357.1	71.43	7	2	0	23	29	192	198	2.2	18.1
Seq10011_627_bp_-1_2_5	ENA|AAR31603|AAR31603.1	40.00	15	9	0	7	21	299	313	2.8	17.6
Seq10011_627_bp_-1_2_5	ENA|AAI27517|AAI27517.1	28.00	25	18	0	2	26	508	532	3.4	18.1
Seq10011_627_bp_-1_2_5	ENA|AAC49865|AAC49865.1	33.33	19	12	1	6	24	275	292	4	17.0
Seq10011_627_bp_-1_2_5	ENA|CAA24711|CAA24711.1	35.29	17	11	0	5	21	155	171	4.4	16.0
Seq10011_627_bp_-1_2_5	ENA|ABD33854|ABD33854.1	36.36	11	7	0	3	13	52	62	4.8	14.4
Seq10011_627_bp_-1_2_5	ENA|ABG75784|ABG75784.1	27.78	18	13	0	10	27	127	144	5.4	16.5
Seq10011_627_bp_-1_2_5	ENA|CAA29968|CAA29968.1	100.00	5	0	0	12	16	100	104	6.9	15.4
Seq10011_627_bp_-1_2_5	ENA|AAS77176|AAS77176.1	57.14	7	3	0	10	16	77	83	7.1	16.0
Seq10011_627_bp_-1_2_5	ENA|CAA45708|CAA45708.1	31.25	16	11	0	2	17	263	278	8.5	18.1
Seq10011_627_bp_-1_2_5	ENA|CAB75732|CAB75732.1	30.77	13	9	0	2	14	1124	1136	9.2	17.6
