Seq162_90_bp_1_0_0	AAI27517.1	50.00	12	6	0	11	22	92	103	0.54	20.6
Seq162_90_bp_1_0_0	AAB64315.2	57.14	7	3	0	15	21	69	75	0.95	19.0
Seq162_90_bp_1_0_0	CAA73529.1	50.00	8	4	0	16	23	253	260	1.2	18.4
Seq162_90_bp_1_0_0	EDO47375.1	44.44	9	5	0	7	15	133	141	2.5	16.7
Seq162_90_bp_1_0_0	BAA32956.1	44.44	9	5	0	7	15	204	212	4.1	16.2
Seq162_90_bp_1_0_0	ABG75784.1	57.14	7	3	0	7	13	185	191	4.1	16.7
Seq162_90_bp_1_0_0	AAR31603.1	54.55	11	5	0	11	21	216	226	4.3	16.7
Seq162_90_bp_1_0_0	AAA36565.1	80.00	5	1	0	17	21	64	68	4.8	15.6
Seq162_90_bp_1_0_0	AAA42531.1	62.50	8	3	0	11	18	319	326	5.1	16.7
Seq162_90_bp_1_0_0	AAA25966.1	66.67	9	3	0	9	17	428	436	6.4	17.3
Seq162_90_bp_1_0_0	AAR37016.1	58.33	13	5	1	7	19	2053	2064	6.5	19.0
Seq162_90_bp_1_0_0	AAC97205.1	57.14	7	3	0	15	21	1079	1085	7.3	17.8
Seq162_90_bp_1_0_0	CAA74140.1	66.67	6	2	0	2	7	477	482	8.1	17.3
Seq162_90_bp_1_1_0	AAA24969.1	100.00	29	0	0	1	29	18	46	2.6e-22	93.0
Seq162_90_bp_1_1_0	AAB03707.1	80.00	15	3	0	15	29	32	46	1.6e-07	43.7
Seq162_90_bp_1_1_0	CAA11507.1	61.90	21	8	0	8	28	52	72	3.2e-07	42.7
Seq162_90_bp_1_1_0	CAA74140.1	38.10	21	13	0	1	21	166	186	3.3	18.8
Seq162_90_bp_1_1_0	AAC78721.1	63.64	11	4	0	7	17	359	369	3.4	18.3
Seq162_90_bp_1_1_0	ACT10338.1	55.56	9	4	0	18	26	174	182	3.9	17.3
Seq162_90_bp_1_1_0	AAB26998.1	62.50	8	3	0	2	9	17	24	6.4	14.2
Seq162_90_bp_1_1_0	AAA26915.1	45.45	25	12	3	5	27	331	354	6.5	16.8
Seq162_90_bp_1_1_0	AAX84812.1	57.14	7	3	0	22	28	14	20	6.5	15.8
Seq162_90_bp_1_1_0	AAA18786.1	66.67	6	2	0	17	22	171	176	7.5	15.8
Seq162_90_bp_1_1_0	AAA24142.1	62.50	8	3	0	20	27	360	367	8.8	16.3
Seq162_90_bp_1_2_0	BAB17681.1	83.33	6	1	0	3	8	35	40	0.18	20.7
Seq162_90_bp_1_2_0	AAH69556.1	38.46	13	8	0	1	13	47	59	2.1	17.3
Seq162_90_bp_1_2_0	AAC78721.1	58.33	12	5	0	7	18	280	291	2.1	18.4
Seq162_90_bp_1_2_0	ABN10845.1	50.00	6	3	0	1	6	87	92	2.2	16.7
Seq162_90_bp_1_2_0	AAA72732.1	66.67	6	2	0	13	18	139	144	3.1	16.7
Seq162_90_bp_1_2_0	BAB70780.1	83.33	6	1	0	12	17	175	180	4.8	16.7
Seq162_90_bp_1_2_0	BAE97662.1	45.45	11	6	0	8	18	884	894	5.1	17.8
Seq162_90_bp_1_2_0	AAA42531.1	58.33	13	5	1	7	19	308	319	5.6	16.1
Seq162_90_bp_1_2_0	AAQ92751.2	66.67	6	2	0	8	13	26	31	6.1	17.8
Seq162_90_bp_1_2_0	AAC08817.1	37.50	8	5	0	8	15	158	165	7.5	14.4
Seq162_90_bp_1_2_0	CAA26230.1	71.43	7	2	0	13	19	256	262	7.9	16.1
Seq162_90_bp_1_2_0	AAC17860.1	80.00	5	1	0	15	19	199	203	8.5	15.6
Seq162_90_bp_-1_0_0	AAH69556.1	66.67	9	3	0	2	10	32	40	0.34	19.4
Seq162_90_bp_-1_0_0	AAB96524.1	100.00	4	0	0	8	11	179	182	3	15.4
Seq162_90_bp_-1_0_0	BAB17681.1	80.00	5	1	0	8	12	178	182	3	16.0
Seq162_90_bp_-1_0_0	AAR37016.1	100.00	5	0	0	3	7	1514	1518	3.7	18.8
Seq162_90_bp_-1_0_0	AAA23282.1	50.00	8	4	0	5	12	78	85	4.2	16.6
Seq162_90_bp_-1_0_0	CAA43372.1	80.00	5	1	0	2	6	406	410	6.5	15.4
Seq162_90_bp_-1_0_0	ABD49687.1	62.50	8	3	0	6	13	912	919	8.3	17.1
Seq162_90_bp_-1_0_0	AAA65607.1	60.00	5	2	0	3	7	5	9	8.4	14.9
Seq162_90_bp_-1_0_0	EDO47375.1	60.00	5	2	0	4	8	107	111	9.2	13.8
Seq162_90_bp_-1_0_0	AAB03707.1	71.43	7	2	0	5	11	76	82	9.7	16.6
Seq162_90_bp_-1_0_1	ABK71357.1	50.00	10	5	0	1	10	158	167	0.68	18.4
Seq162_90_bp_-1_0_1	AAC97205.1	62.50	8	3	0	4	11	1140	1147	0.96	19.6
Seq162_90_bp_-1_0_1	AAQ92751.2	75.00	8	2	0	3	10	122	129	1.6	19.0
Seq162_90_bp_-1_0_1	AAA23282.1	83.33	6	1	0	5	10	409	414	2.4	17.2
Seq162_90_bp_-1_0_1	ABG75784.1	57.14	7	3	0	1	7	26	32	4.6	15.3
Seq162_90_bp_-1_0_1	AAA42531.1	66.67	6	2	0	1	6	168	173	5.7	15.3
Seq162_90_bp_-1_0_1	AAR37016.1	100.00	5	0	0	3	7	2084	2088	6.2	17.8
Seq162_90_bp_-1_0_1	EDO47375.1	44.44	9	5	0	2	10	6	14	6.4	14.1
Seq162_90_bp_-1_0_1	ABD49687.1	62.50	8	3	0	3	10	1612	1619	6.9	17.2
Seq162_90_bp_-1_0_1	AIR13712.1	50.00	10	5	0	1	10	84	93	7.2	14.7
Seq162_90_bp_-1_0_1	CAA74140.1	62.50	8	3	0	1	8	527	534	8.7	15.9
Seq162_90_bp_-1_0_1	AAC17860.1	44.44	9	5	0	1	9	77	85	8.9	14.7
Seq162_90_bp_-1_0_1	CAA73529.1	62.50	8	3	0	1	8	87	94	9.1	14.1
Seq162_90_bp_-1_0_1	AAA24969.1	71.43	7	2	0	2	8	1253	1259	9.2	16.6
Seq162_90_bp_-1_0_1	BAB79260.1	62.50	8	3	0	4	11	154	161	9.7	14.7
Seq162_90_bp_-1_1_0	AAA42531.1	77.78	10	2	1	14	23	342	350	2.8	17.8
Seq162_90_bp_-1_1_0	AIR13712.1	50.00	8	4	0	9	16	214	221	3.3	17.3
Seq162_90_bp_-1_1_0	AEE27845.1	50.00	10	5	0	11	20	1150	1159	3.6	19.3
Seq162_90_bp_-1_1_0	ABG75784.1	57.14	7	3	0	23	29	297	303	6.1	16.3
Seq162_90_bp_-1_1_0	BAA32018.1	100.00	4	0	0	13	16	195	198	6.2	17.3
Seq162_90_bp_-1_1_0	AAB03707.1	41.67	12	7	0	1	12	294	305	6.8	18.3
Seq162_90_bp_-1_1_0	BAA32991.1	100.00	3	0	0	14	16	9	11	7.2	13.9
Seq162_90_bp_-1_1_0	CAA43372.1	66.67	6	2	0	4	9	152	157	7.9	16.3
Seq162_90_bp_-1_1_0	ABD33854.1	100.00	3	0	0	7	9	55	57	9.2	13.4
Seq162_90_bp_-1_2_0	AAX12058.1	71.43	7	2	0	3	9	97	103	0.64	18.8
Seq162_90_bp_-1_2_0	AAA23282.1	50.00	10	5	0	9	18	384	393	1.3	18.8
Seq162_90_bp_-1_2_0	ABL74574.1	100.00	4	0	0	6	9	117	120	1.5	17.6
Seq162_90_bp_-1_2_0	CAA43372.1	57.14	7	3	0	5	11	160	166	2.2	17.6
Seq162_90_bp_-1_2_0	BAA32956.1	50.00	6	3	0	8	13	144	149	3.9	15.8
Seq162_90_bp_-1_2_0	AEE27845.1	80.00	5	1	0	6	10	1170	1174	4.8	18.2
Seq162_90_bp_-1_2_0	AAB26998.1	100.00	3	0	0	1	3	53	55	5	14.0
Seq162_90_bp_-1_2_0	AAB96524.1	36.36	11	7	0	2	12	174	184	5.1	15.2
Seq162_90_bp_-1_2_0	ABN10845.1	57.14	7	3	0	11	17	27	33	6	15.2
Seq162_90_bp_-1_2_0	AAF01122.1	57.14	7	3	0	7	13	308	314	6.7	15.8
Seq162_90_bp_-1_2_0	BAB70780.1	60.00	5	2	0	7	11	324	328	8.5	15.8
