Seq5604_125_bp_1_0_0	AAH69556.1	71.43	7	2	0	4	10	103	109	1.1	17.8
Seq5604_125_bp_1_0_0	BAA32956.1	71.43	7	2	0	4	10	137	143	2.8	15.9
Seq5604_125_bp_1_0_0	AAA32624.1	55.56	9	4	0	1	9	275	283	6.8	15.9
Seq5604_125_bp_1_0_0	AAR31603.1	36.36	11	7	0	5	15	246	256	9.9	14.7
Seq5604_125_bp_1_0_1	AAB64315.2	40.00	10	6	0	3	12	76	85	0.87	18.4
Seq5604_125_bp_1_0_1	ABD33854.1	30.00	10	7	0	6	15	55	64	1.5	15.2
Seq5604_125_bp_1_0_1	ABK71357.1	21.43	14	11	0	1	14	299	312	1.5	17.8
Seq5604_125_bp_1_0_1	AAA45888.1	30.00	10	7	0	1	10	218	227	2.4	17.1
Seq5604_125_bp_1_0_1	AAC08817.1	50.00	8	4	0	2	9	55	62	2.5	15.9
Seq5604_125_bp_1_0_1	AAC78721.1	44.44	9	5	0	1	9	515	523	2.7	17.8
Seq5604_125_bp_1_0_1	AAB96524.1	100.00	4	0	0	12	15	178	181	2.8	15.9
Seq5604_125_bp_1_0_1	AAB26998.1	60.00	5	2	0	11	15	35	39	2.8	14.6
Seq5604_125_bp_1_0_1	AAA32624.1	80.00	5	1	0	12	16	269	273	3.3	17.1
Seq5604_125_bp_1_0_1	CAA26230.1	37.50	8	5	0	2	9	59	66	3.5	17.1
Seq5604_125_bp_1_0_1	AAA23282.1	57.14	7	3	0	1	7	265	271	3.5	17.1
Seq5604_125_bp_1_0_1	BAB79260.1	50.00	6	3	0	6	11	80	85	4.3	16.5
Seq5604_125_bp_1_0_1	ACT10338.1	42.86	7	4	0	4	10	94	100	5.7	15.9
Seq5604_125_bp_1_0_1	CAA04196.1	60.00	5	2	0	6	10	28	32	6.1	15.9
Seq5604_125_bp_1_0_1	EDO47375.1	40.00	5	3	0	12	16	141	145	6.6	14.6
Seq5604_125_bp_1_0_1	ABD49687.1	66.67	6	2	0	9	14	744	749	6.7	17.8
Seq5604_125_bp_1_0_1	ABG75784.1	100.00	4	0	0	13	16	171	174	7	15.2
Seq5604_125_bp_1_0_1	AAR31603.1	66.67	6	2	0	3	8	162	167	7.4	15.2
Seq5604_125_bp_1_0_1	ACH70904.1	28.57	7	5	0	10	16	337	343	8	15.2
Seq5604_125_bp_1_0_1	AAQ92751.2	100.00	4	0	0	7	10	9	12	8.2	17.1
Seq5604_125_bp_1_0_1	AAF01122.1	50.00	6	3	0	6	11	72	77	8.4	15.2
Seq5604_125_bp_1_1_0	AAB64315.2	31.58	19	13	0	9	27	276	294	0.48	20.5
Seq5604_125_bp_1_1_0	CAA26230.1	55.56	9	4	0	19	27	358	366	0.82	20.5
Seq5604_125_bp_1_1_0	CAA74140.1	40.00	15	9	0	8	22	426	440	0.93	21.1
Seq5604_125_bp_1_1_0	ACH70904.1	33.33	19	12	1	12	30	226	243	1.1	19.4
Seq5604_125_bp_1_1_0	AAA25966.1	60.00	10	4	0	3	12	648	657	1.5	19.9
Seq5604_125_bp_1_1_0	AAA32624.1	50.00	15	7	1	13	27	316	329	1.6	19.4
Seq5604_125_bp_1_1_0	AAI27517.1	41.67	12	7	0	9	20	337	348	1.8	19.4
Seq5604_125_bp_1_1_0	CAA45199.1	100.00	5	0	0	8	12	192	196	2.1	18.8
Seq5604_125_bp_1_1_0	AAA24969.1	45.45	11	6	0	11	21	558	568	2.2	20.5
Seq5604_125_bp_1_1_0	BAA32018.1	30.77	13	9	0	13	25	376	388	4.1	18.3
Seq5604_125_bp_1_1_0	AAC08817.1	36.36	11	7	0	19	29	40	50	4.9	16.1
Seq5604_125_bp_1_1_0	ABL74574.1	36.36	11	7	0	11	21	250	260	5.9	16.6
Seq5604_125_bp_1_1_0	AAA18786.1	23.53	17	13	0	10	26	210	226	7.8	16.1
Seq5604_125_bp_1_1_0	CAA73529.1	40.00	5	3	0	31	35	209	213	8	16.1
Seq5604_125_bp_1_1_0	ABG75784.1	100.00	3	0	0	31	33	247	249	9	16.1
Seq5604_125_bp_1_2_0	AAC97205.1	100.00	41	0	0	1	41	335	375	2e-31	123.4
Seq5604_125_bp_1_2_0	AAA65607.1	54.55	11	5	0	30	40	202	212	0.47	20.8
Seq5604_125_bp_1_2_0	AAF01122.1	27.78	18	13	0	24	41	68	85	1.5	19.1
Seq5604_125_bp_1_2_0	ABD33854.1	41.67	12	7	0	10	21	51	62	1.7	16.4
Seq5604_125_bp_1_2_0	ABD49687.1	63.64	12	4	1	1	12	610	620	3.2	20.2
Seq5604_125_bp_1_2_0	AAQ92751.2	50.00	10	5	0	26	35	560	569	5.4	19.1
Seq5604_125_bp_1_2_0	AAB64315.2	50.00	12	6	0	30	41	247	258	5.9	16.9
Seq5604_125_bp_1_2_0	AAX84812.1	42.86	7	4	0	2	8	42	48	6	16.4
Seq5604_125_bp_1_2_0	CAA26230.1	71.43	7	2	0	20	26	252	258	6.8	17.5
Seq5604_125_bp_1_2_0	AAA45888.1	28.00	25	18	0	10	34	294	318	6.8	16.9
Seq5604_125_bp_1_2_0	ACT10338.1	33.33	9	6	0	20	28	2	10	6.9	16.9
Seq5604_125_bp_1_2_0	AAR31603.1	57.14	7	3	0	19	25	144	150	8.4	16.4
Seq5604_125_bp_1_2_0	AAA24969.1	42.86	14	8	0	28	41	1475	1488	8.4	18.6
Seq5604_125_bp_1_2_0	AAA32624.1	33.33	12	8	0	20	31	215	226	9	16.9
Seq5604_125_bp_-1_0_0	CAA26230.1	83.33	6	1	0	11	16	493	498	1.5	18.4
Seq5604_125_bp_-1_0_0	BAA32956.1	80.00	5	1	0	9	13	134	138	2.2	16.5
Seq5604_125_bp_-1_0_0	BAA32991.1	28.57	14	10	0	2	15	7	20	2.7	14.6
Seq5604_125_bp_-1_0_0	CAA04196.1	75.00	4	1	0	9	12	259	262	2.8	17.1
Seq5604_125_bp_-1_0_0	ABG75784.1	54.55	11	5	0	4	14	233	243	3.2	16.5
Seq5604_125_bp_-1_0_0	AAA25966.1	80.00	5	1	0	4	8	457	461	4.7	17.1
Seq5604_125_bp_-1_0_0	AAC97205.1	37.50	8	5	0	7	14	737	744	5.1	17.8
Seq5604_125_bp_-1_0_0	AAA32624.1	66.67	9	3	0	6	14	451	459	5.3	16.5
Seq5604_125_bp_-1_0_0	AAA42531.1	54.55	13	5	2	2	14	158	168	6.1	15.8
Seq5604_125_bp_-1_0_0	BAB79260.1	66.67	6	2	0	2	7	140	145	7	15.8
Seq5604_125_bp_-1_0_0	ABS38337.1	37.50	8	5	0	2	9	366	373	8	17.1
Seq5604_125_bp_-1_0_0	AAB03707.1	80.00	5	1	0	6	10	694	698	8.6	17.1
Seq5604_125_bp_-1_0_0	AAX84812.1	66.67	3	1	0	10	12	107	109	8.7	14.6
Seq5604_125_bp_-1_0_0	ABD33854.1	100.00	2	0	0	10	11	47	48	9.1	12.6
Seq5604_125_bp_-1_0_0	AAC17860.1	33.33	12	8	0	4	15	43	54	9.7	15.2
Seq5604_125_bp_-1_0_1	ABK71357.1	50.00	8	4	0	3	10	352	359	0.44	19.6
Seq5604_125_bp_-1_0_1	CAA45199.1	50.00	10	5	0	8	17	369	378	1.3	18.4
Seq5604_125_bp_-1_0_1	CAA26230.1	71.43	7	2	0	11	17	312	318	2.4	17.8
Seq5604_125_bp_-1_0_1	AAC17860.1	75.00	4	1	0	2	5	348	351	2.7	17.1
Seq5604_125_bp_-1_0_1	AAB96524.1	80.00	5	1	0	5	9	108	112	3	15.9
Seq5604_125_bp_-1_0_1	BAB17681.1	80.00	5	1	0	13	17	133	137	4.3	15.9
Seq5604_125_bp_-1_0_1	AAB26998.1	75.00	4	1	0	6	9	76	79	4.6	14.0
Seq5604_125_bp_-1_0_1	AAA32624.1	50.00	4	2	0	2	5	355	358	5.3	16.5
Seq5604_125_bp_-1_0_1	AAA42531.1	75.00	4	1	0	3	6	125	128	6	15.9
Seq5604_125_bp_-1_0_1	BAA32991.1	57.14	7	3	0	4	10	45	51	6.1	13.3
Seq5604_125_bp_-1_0_1	AAR37016.1	55.56	9	4	0	4	12	469	477	6.3	18.4
Seq5604_125_bp_-1_0_1	AAA25966.1	40.00	10	6	0	8	17	377	386	7.2	16.5
Seq5604_125_bp_-1_0_1	AAA18786.1	50.00	8	4	0	10	17	130	137	9.5	14.6
Seq5604_125_bp_-1_1_0	AAA25966.1	39.13	23	14	0	19	41	395	417	2.7	19.3
Seq5604_125_bp_-1_1_0	AAR37016.1	53.85	13	6	0	2	14	1663	1675	4.1	20.3
Seq5604_125_bp_-1_1_0	CAA43372.1	45.45	11	6	0	15	25	225	235	4.5	17.7
Seq5604_125_bp_-1_1_0	BAA32991.1	57.14	7	3	0	24	30	14	20	4.6	15.0
Seq5604_125_bp_-1_1_0	AAA36565.1	26.09	23	17	0	4	26	142	164	5.4	16.1
Seq5604_125_bp_-1_1_0	AAA32624.1	75.00	4	1	0	3	6	482	485	5.6	17.7
Seq5604_125_bp_-1_1_0	CAA26230.1	42.86	15	8	1	25	38	466	480	6	17.7
Seq5604_125_bp_-1_1_0	CAA04196.1	25.00	28	21	0	7	34	341	368	6.4	17.1
Seq5604_125_bp_-1_1_0	AII71783.1	30.00	21	14	1	4	24	250	269	6.8	16.6
Seq5604_125_bp_-1_1_0	ABD33854.1	50.00	8	4	0	26	33	48	55	8.6	14.0
Seq5604_125_bp_-1_1_0	BAB79260.1	100.00	3	0	0	3	5	175	177	9.7	16.6
Seq5604_125_bp_-1_2_0	AAA25966.1	61.54	13	5	0	25	37	369	381	0.038	25.3
Seq5604_125_bp_-1_2_0	AAA42531.1	83.33	6	1	0	11	16	303	308	0.17	22.2
Seq5604_125_bp_-1_2_0	AAB64315.2	80.00	5	1	0	12	16	67	71	0.79	19.8
Seq5604_125_bp_-1_2_0	AAA24142.1	35.00	20	13	0	1	20	274	293	1.1	19.8
Seq5604_125_bp_-1_2_0	CAA45199.1	41.67	12	7	0	3	14	273	284	1.1	19.8
Seq5604_125_bp_-1_2_0	AAA32624.1	50.00	8	4	0	15	22	466	473	1.9	19.2
Seq5604_125_bp_-1_2_0	AAB26998.1	66.67	6	2	0	16	21	4	9	2.4	16.1
Seq5604_125_bp_-1_2_0	AAC97205.1	42.86	22	12	1	9	30	785	805	2.9	19.8
Seq5604_125_bp_-1_2_0	AAF01122.1	46.15	13	7	0	24	36	37	49	3.2	17.9
Seq5604_125_bp_-1_2_0	AAA36565.1	75.00	4	1	0	12	15	77	80	3.3	16.7
Seq5604_125_bp_-1_2_0	AAH69556.1	40.00	10	6	0	9	18	220	229	3.9	17.3
Seq5604_125_bp_-1_2_0	AAQ92751.2	46.67	15	8	0	24	38	803	817	4.9	19.2
Seq5604_125_bp_-1_2_0	CAA73529.1	75.00	4	1	0	12	15	269	272	5.3	16.7
Seq5604_125_bp_-1_2_0	AAX12058.1	36.36	11	7	0	7	17	203	213	5.3	16.7
Seq5604_125_bp_-1_2_0	BAA32991.1	30.77	13	9	0	21	33	43	55	7.1	14.3
Seq5604_125_bp_-1_2_0	AAA45888.1	41.67	12	7	0	9	20	52	63	7.3	16.7
Seq5604_125_bp_-1_2_0	AAB03707.1	37.50	8	5	0	1	8	1212	1219	7.4	18.5
Seq5604_125_bp_-1_2_0	EDO47375.1	60.00	5	2	0	23	27	50	54	8.3	15.5
