Seq6140_143_bp_1_0_0	ENA|BAA32956|BAA32956.1	52.00	27	12	2	1	27	186	210	0.00033	30.7
Seq6140_143_bp_1_0_0	ENA|AAI27517|AAI27517.1	53.33	15	7	0	7	21	528	542	0.15	23.4
Seq6140_143_bp_1_0_0	ENA|CAA26023|CAA26023.1	66.67	9	3	0	6	14	11	19	0.46	21.1
Seq6140_143_bp_1_0_0	ENA|AAC08817|AAC08817.1	37.50	16	10	0	13	28	44	59	1.3	18.3
Seq6140_143_bp_1_0_0	ENA|BAA32991|BAA32991.1	71.43	7	2	0	41	47	31	37	1.4	17.0
Seq6140_143_bp_1_0_0	ENA|AAB96524|AAB96524.1	71.43	7	2	0	8	14	82	88	1.5	18.3
Seq6140_143_bp_1_0_0	ENA|AAC97205|AAC97205.1	36.00	27	16	2	2	28	54	78	2.8	20.2
Seq6140_143_bp_1_0_0	ENA|ABD33854|ABD33854.1	33.33	12	8	0	21	32	52	63	3.4	15.6
Seq6140_143_bp_1_0_0	ENA|CAD53387|CAD53387.1	38.89	18	11	0	8	25	32	49	5.3	17.9
Seq6140_143_bp_1_0_0	ENA|AAR37016|AAR37016.1	85.71	7	1	0	8	14	913	919	7	19.7
Seq6140_143_bp_1_1_0	ENA|ABK71357|ABK71357.1	100.00	47	0	0	1	47	218	264	8e-33	126.6
Seq6140_143_bp_1_1_0	ENA|CAA43419|CAA43419.1	44.44	18	10	0	2	19	57	74	0.23	22.0
Seq6140_143_bp_1_1_0	ENA|CAL82360|CAL82360.1	33.33	18	12	0	11	28	147	164	0.29	23.5
Seq6140_143_bp_1_1_0	ENA|AAA36114|AAA36114.1	38.46	13	8	0	29	41	477	489	0.64	21.0
Seq6140_143_bp_1_1_0	ENA|CAA29968|CAA29968.1	85.71	7	1	0	15	21	8	14	0.68	19.5
Seq6140_143_bp_1_1_0	ENA|CAA45708|CAA45708.1	50.00	16	8	0	8	23	948	963	1.4	21.5
Seq6140_143_bp_1_1_0	ENA|AAC49865|AAC49865.1	50.00	8	4	0	33	40	202	209	1.6	19.1
Seq6140_143_bp_1_1_0	ENA|CAA26939|CAA26939.1	42.86	16	8	2	2	15	159	174	2	19.5
Seq6140_143_bp_1_1_0	ENA|CAA45199|CAA45199.1	50.00	12	6	0	23	34	367	378	3.2	18.6
Seq6140_143_bp_1_1_0	ENA|AAC40132|AAC40132.1	41.67	12	7	0	2	13	184	195	4.5	18.1
Seq6140_143_bp_1_1_0	ENA|ABD33854|ABD33854.1	55.56	9	4	0	27	35	11	19	4.6	15.1
Seq6140_143_bp_1_1_0	ENA|EDO47375|EDO47375.1	54.55	13	5	2	3	13	39	51	4.9	16.6
Seq6140_143_bp_1_1_0	ENA|AAA18786|AAA18786.1	50.00	10	5	0	7	16	110	119	5	17.1
Seq6140_143_bp_1_1_0	ENA|CAA73529|CAA73529.1	50.00	12	6	0	2	13	46	57	7	16.6
Seq6140_143_bp_1_2_0	ENA|BAA32991|BAA32991.1	100.00	7	0	1	13	18	29	35	1.7	16.7
Seq6140_143_bp_1_2_0	ENA|BAA05866|BAA05866.1	100.00	4	0	0	12	15	153	156	5.3	17.2
Seq6140_143_bp_-1_0_0	ENA|BAA32956|BAA32956.1	50.00	20	10	0	24	43	181	200	0.00082	29.4
Seq6140_143_bp_-1_0_0	ENA|CAA26023|CAA26023.1	57.14	14	6	0	31	44	7	20	0.051	24.3
Seq6140_143_bp_-1_0_0	ENA|ABD49687|ABD49687.1	64.29	15	5	1	32	45	190	204	0.23	24.3
Seq6140_143_bp_-1_0_0	ENA|CAD53387|CAD53387.1	52.63	20	9	1	28	47	29	47	0.46	21.5
Seq6140_143_bp_-1_0_0	ENA|CAD53387|CAD53387.1	52.63	20	9	1	28	47	95	113	0.46	21.5
Seq6140_143_bp_-1_0_0	ENA|CAD53387|CAD53387.1	52.63	20	9	1	28	47	161	179	0.46	21.5
Seq6140_143_bp_-1_0_0	ENA|CAD53387|CAD53387.1	52.63	20	9	1	28	47	227	245	0.46	21.5
Seq6140_143_bp_-1_0_0	ENA|CAD53387|CAD53387.1	52.63	20	9	1	28	47	293	311	0.46	21.5
Seq6140_143_bp_-1_0_0	ENA|CAD53387|CAD53387.1	52.63	20	9	1	28	47	359	377	0.46	21.5
Seq6140_143_bp_-1_0_0	ENA|CAD53387|CAD53387.1	52.63	20	9	1	28	47	425	443	0.46	21.5
Seq6140_143_bp_-1_0_0	ENA|AAC08817|AAC08817.1	46.15	13	7	0	32	44	123	135	0.97	18.7
Seq6140_143_bp_-1_0_0	ENA|AAI27517|AAI27517.1	40.00	15	9	0	31	45	347	361	1	20.6
Seq6140_143_bp_-1_0_0	ENA|ABK71357|ABK71357.1	60.00	10	4	0	29	38	336	345	1.7	19.2
Seq6140_143_bp_-1_0_0	ENA|AAB96524|AAB96524.1	50.00	8	4	0	36	43	81	88	2.9	17.3
Seq6140_143_bp_-1_0_0	ENA|AAC78721|AAC78721.1	42.11	19	11	0	24	42	570	588	3	19.2
Seq6140_143_bp_-1_0_0	ENA|CAA73529|CAA73529.1	50.00	8	4	0	21	28	144	151	5.8	16.9
Seq6140_143_bp_-1_0_0	ENA|AAC97205|AAC97205.1	54.55	12	5	1	22	33	316	326	9.7	18.3
Seq6140_143_bp_-1_1_0	ENA|ABK71357|ABK71357.1	55.00	20	9	0	24	43	222	241	0.46	21.1
Seq6140_143_bp_-1_1_0	ENA|ABD33854|ABD33854.1	40.00	10	6	0	11	20	49	58	1.1	17.2
Seq6140_143_bp_-1_1_0	ENA|CAA36714|CAA36714.1	40.00	20	12	0	18	37	174	193	5.8	17.7
Seq6140_143_bp_-1_1_0	ENA|AAB66912|AAB66912.1	30.77	26	18	0	9	34	783	808	8.4	18.1
Seq6140_143_bp_-1_2_0	ENA|BAA32956|BAA32956.1	36.84	38	24	0	10	47	173	210	0.26	21.1
Seq6140_143_bp_-1_2_0	ENA|AAC08817|AAC08817.1	25.53	48	35	1	1	47	27	74	0.87	18.9
Seq6140_143_bp_-1_2_0	ENA|ABD49687|ABD49687.1	34.78	23	15	0	25	47	187	209	1.1	22.0
Seq6140_143_bp_-1_2_0	ENA|AAR31603|AAR31603.1	42.11	19	11	0	1	19	275	293	1.8	18.9
Seq6140_143_bp_-1_2_0	ENA|AAF79734|AAF79734.1	34.48	29	19	0	18	46	329	357	2.3	20.6
Seq6140_143_bp_-1_2_0	ENA|AAB03707|AAB03707.1	77.78	9	2	0	35	43	1015	1023	4.1	19.8
Seq6140_143_bp_-1_2_0	ENA|ABD33854|ABD33854.1	35.00	20	13	0	28	47	16	35	5.4	14.9
Seq6140_143_bp_-1_2_0	ENA|CAA26939|CAA26939.1	40.00	10	6	0	24	33	232	241	7.5	17.5
Seq6140_143_bp_-1_2_0	ENA|AAI27517|AAI27517.1	71.43	7	2	0	23	29	383	389	7.7	17.5
Seq6140_143_bp_-1_2_0	ENA|CAA29968|CAA29968.1	50.00	10	5	0	10	19	138	147	8.6	15.8
Seq6140_143_bp_-1_2_0	ENA|AAB26998|AAB26998.1	50.00	8	4	0	30	37	69	76	8.7	14.5
Seq6140_143_bp_-1_2_0	ENA|ABK71357|ABK71357.1	63.64	11	4	0	37	47	149	159	8.9	16.7
Seq6140_143_bp_-1_2_0	ENA|AAQ92751|AAQ92751.2	43.48	24	13	1	21	44	88	110	9.6	18.4
