Seq6312_195_bp_1_0_0	ENA|ACH70901|ACH70901.1	50.00	8	4	0	3	10	97	104	0.31	19.6
Seq6312_195_bp_1_0_0	ENA|CAA45199|CAA45199.1	50.00	8	4	0	1	8	407	414	0.98	18.3
Seq6312_195_bp_1_0_0	ENA|AAB03707|AAB03707.1	44.44	9	5	0	1	9	1344	1352	1.2	19.6
Seq6312_195_bp_1_0_0	ENA|ACT10338|ACT10338.1	50.00	8	4	0	1	8	304	311	2	17.0
Seq6312_195_bp_1_0_0	ENA|AAR37016|AAR37016.1	50.00	8	4	0	4	11	956	963	2	19.6
Seq6312_195_bp_1_0_0	ENA|ABD49687|ABD49687.1	66.67	6	2	0	4	9	1709	1714	2.3	19.0
Seq6312_195_bp_1_0_0	ENA|AAA36114|AAA36114.1	80.00	5	1	0	4	8	342	346	2.6	17.0
Seq6312_195_bp_1_0_0	ENA|CAA11507|CAA11507.1	62.50	8	3	0	1	8	592	599	2.8	18.3
Seq6312_195_bp_1_0_0	ENA|CAA26023|CAA26023.1	100.00	3	0	0	3	5	203	205	3	16.4
Seq6312_195_bp_1_0_0	ENA|CAA26939|CAA26939.1	33.33	6	4	0	6	11	471	476	4.4	16.4
Seq6312_195_bp_1_0_0	ENA|ABK71357|ABK71357.1	57.14	7	3	0	4	10	200	206	4.5	15.7
Seq6312_195_bp_1_0_0	ENA|AAB66912|AAB66912.1	62.50	8	3	0	4	11	498	505	4.6	17.0
Seq6312_195_bp_1_0_0	ENA|ABD33854|ABD33854.1	75.00	4	1	0	4	7	51	54	4.6	13.1
Seq6312_195_bp_1_0_0	ENA|BAA32018|BAA32018.1	60.00	5	2	0	4	8	558	562	4.8	16.4
Seq6312_195_bp_1_0_0	ENA|AAA32624|AAA32624.1	75.00	4	1	0	1	4	232	235	6.3	15.7
Seq6312_195_bp_1_0_0	ENA|CAA73529|CAA73529.1	50.00	6	3	0	1	6	102	107	7.9	14.4
Seq6312_195_bp_1_0_0	ENA|AAA25966|AAA25966.1	66.67	6	2	0	3	8	185	190	8.5	15.7
Seq6312_195_bp_1_0_0	ENA|EDO47375|EDO47375.1	50.00	4	2	0	8	11	128	131	8.5	13.8
Seq6312_195_bp_1_0_0	ENA|AAC40132|AAC40132.1	100.00	3	0	0	4	6	436	438	8.7	15.1
Seq6312_195_bp_1_0_0	ENA|AAA72732|AAA72732.1	60.00	5	2	0	6	10	209	213	8.9	14.4
Seq6312_195_bp_1_0_0	ENA|CCP43727|CCP43727.1	37.50	8	5	0	3	10	226	233	9.3	14.4
Seq6312_195_bp_1_0_0	ENA|AAC49865|AAC49865.1	75.00	4	1	0	3	6	189	192	9.3	14.4
Seq6312_195_bp_1_0_1	ENA|AAA32624|AAA32624.1	85.71	7	1	0	9	15	193	199	0.26	20.7
Seq6312_195_bp_1_0_1	ENA|EDO47375|EDO47375.1	66.67	6	2	0	3	8	171	176	2.6	15.9
Seq6312_195_bp_1_0_1	ENA|AAB26998|AAB26998.1	75.00	4	1	0	1	4	25	28	6.5	13.3
Seq6312_195_bp_1_0_1	ENA|BAA32991|BAA32991.1	60.00	5	2	0	5	9	41	45	8.1	12.7
Seq6312_195_bp_1_0_2	ENA|AAA24145|AAA24145.1	75.00	8	2	0	15	22	412	419	0.13	22.1
Seq6312_195_bp_1_0_2	ENA|AAA32624|AAA32624.1	40.00	10	6	0	4	13	468	477	0.31	21.0
Seq6312_195_bp_1_0_2	ENA|BAA36759|BAA36759.1	80.00	5	1	0	17	21	113	117	1.1	18.3
Seq6312_195_bp_1_0_2	ENA|BAA32956|BAA32956.1	38.89	18	11	0	5	22	8	25	1.2	17.8
Seq6312_195_bp_1_0_2	ENA|AAB96524|AAB96524.1	40.00	15	9	0	2	16	51	65	1.5	17.3
Seq6312_195_bp_1_0_2	ENA|AAC49865|AAC49865.1	50.00	8	4	0	13	20	29	36	2.6	17.3
Seq6312_195_bp_1_0_2	ENA|BAB17681|BAB17681.1	66.67	6	2	0	13	18	111	116	3.1	16.7
Seq6312_195_bp_1_0_2	ENA|AAR37016|AAR37016.1	46.15	13	7	0	9	21	1558	1570	4.2	19.4
Seq6312_195_bp_1_0_2	ENA|CAA29956|CAA29956.1	40.00	10	6	0	6	15	93	102	4.2	16.7
Seq6312_195_bp_1_0_2	ENA|BAA32991|BAA32991.1	100.00	3	0	0	18	20	58	60	4.9	14.0
Seq6312_195_bp_1_0_2	ENA|AAC78721|AAC78721.1	50.00	14	7	0	1	14	75	88	5.2	17.3
Seq6312_195_bp_1_0_2	ENA|AAA72732|AAA72732.1	55.56	9	4	0	4	12	60	68	7.2	15.6
Seq6312_195_bp_1_0_2	ENA|EDO47375|EDO47375.1	60.00	5	2	0	16	20	151	155	9	14.6
Seq6312_195_bp_1_0_3	ENA|CAA26023|CAA26023.1	40.00	10	6	0	2	11	267	276	0.71	18.6
Seq6312_195_bp_1_0_3	ENA|CAA26023|CAA26023.1	40.00	10	6	0	2	11	294	303	0.71	18.6
Seq6312_195_bp_1_0_3	ENA|ABK71357|ABK71357.1	38.46	13	8	0	1	13	97	109	1.7	17.3
Seq6312_195_bp_1_0_3	ENA|AAC08817|AAC08817.1	33.33	12	8	0	1	12	123	134	1.8	16.0
Seq6312_195_bp_1_0_3	ENA|AAB66912|AAB66912.1	66.67	6	2	0	5	10	692	697	2.7	18.0
Seq6312_195_bp_1_0_3	ENA|AAA25966|AAA25966.1	50.00	8	4	0	1	8	191	198	3.3	17.3
Seq6312_195_bp_1_0_3	ENA|BAA05866|BAA05866.1	45.45	11	6	0	2	12	112	122	3.4	16.0
Seq6312_195_bp_1_0_3	ENA|AAA36114|AAA36114.1	55.56	9	4	0	4	12	500	508	3.6	16.6
Seq6312_195_bp_1_0_3	ENA|CCP43727|CCP43727.1	50.00	6	3	0	6	11	55	60	3.6	16.0
Seq6312_195_bp_1_0_3	ENA|AAR37016|AAR37016.1	45.45	11	6	0	3	13	687	697	4.3	18.6
Seq6312_195_bp_1_0_3	ENA|AAC17860|AAC17860.1	57.14	7	3	0	3	9	136	142	4.5	16.0
Seq6312_195_bp_1_0_3	ENA|AAC40132|AAC40132.1	33.33	12	8	0	1	12	213	224	5.2	16.0
Seq6312_195_bp_1_0_3	ENA|AAA36539|AAA36539.1	60.00	5	2	0	7	11	203	207	5.2	16.0
Seq6312_195_bp_1_0_3	ENA|AAB03707|AAB03707.1	62.50	8	3	0	2	9	268	275	6.1	17.3
Seq6312_195_bp_1_0_3	ENA|CAA43419|CAA43419.1	40.00	10	6	0	4	13	49	58	6.3	15.3
Seq6312_195_bp_1_0_3	ENA|AAF79734|AAF79734.1	30.00	10	7	0	2	11	782	791	6.4	17.3
Seq6312_195_bp_1_0_3	ENA|ABD33854|ABD33854.1	66.67	6	2	0	7	12	31	36	6.6	12.7
Seq6312_195_bp_1_0_3	ENA|CAA24711|CAA24711.1	75.00	4	1	0	2	5	163	166	7.2	14.0
Seq6312_195_bp_1_0_3	ENA|AAA32624|AAA32624.1	50.00	6	3	0	7	12	291	296	8.7	15.3
Seq6312_195_bp_1_0_3	ENA|CAA11507|CAA11507.1	50.00	6	3	0	5	10	361	366	9.1	16.6
Seq6312_195_bp_1_1_0	ENA|ACT10338|ACT10338.1	100.00	64	0	0	1	64	268	331	4e-55	201.2
Seq6312_195_bp_1_1_0	ENA|AAA24145|AAA24145.1	50.00	14	7	0	10	23	374	387	0.85	20.9
Seq6312_195_bp_1_1_0	ENA|AAC78721|AAC78721.1	29.17	24	17	0	37	60	320	343	1.2	20.9
Seq6312_195_bp_1_1_0	ENA|CAA45708|CAA45708.1	40.00	20	12	0	2	21	1002	1021	1.3	22.1
Seq6312_195_bp_1_1_0	ENA|AAC08817|AAC08817.1	34.78	23	15	0	8	30	136	158	1.4	18.6
Seq6312_195_bp_1_1_0	ENA|ABG75784|ABG75784.1	35.00	22	13	2	11	30	258	279	1.9	19.2
Seq6312_195_bp_1_1_0	ENA|ABK71357|ABK71357.1	50.00	10	5	0	37	46	92	101	2.3	19.2
Seq6312_195_bp_1_1_0	ENA|AAC97205|AAC97205.1	25.93	27	20	0	21	47	594	620	3.4	20.3
Seq6312_195_bp_1_1_0	ENA|CAL82360|CAL82360.1	33.33	26	16	2	12	35	439	464	3.5	20.3
Seq6312_195_bp_1_1_0	ENA|AAI27517|AAI27517.1	36.84	19	12	0	25	43	358	376	3.6	19.2
Seq6312_195_bp_1_1_0	ENA|AAB03707|AAB03707.1	66.67	9	3	0	44	52	1032	1040	3.7	20.3
Seq6312_195_bp_1_1_0	ENA|BAA32018|BAA32018.1	43.48	24	13	1	41	64	399	421	3.8	19.2
Seq6312_195_bp_1_1_0	ENA|CAA36714|CAA36714.1	55.56	9	4	0	6	14	102	110	4.2	18.6
Seq6312_195_bp_1_1_0	ENA|CAA45199|CAA45199.1	40.00	15	9	0	9	23	179	193	4.2	18.6
Seq6312_195_bp_1_1_0	ENA|ABN10845|ABN10845.1	41.67	12	7	0	18	29	64	75	4.4	17.4
Seq6312_195_bp_1_1_0	ENA|AAQ92751|AAQ92751.2	50.00	14	7	0	6	19	278	291	5.5	19.7
Seq6312_195_bp_1_1_0	ENA|BAA05866|BAA05866.1	41.18	18	10	1	13	29	43	60	6.1	17.4
Seq6312_195_bp_1_1_0	ENA|AAR37016|AAR37016.1	50.00	10	5	0	22	31	235	244	6.2	20.3
Seq6312_195_bp_1_1_0	ENA|AAC49865|AAC49865.1	75.00	8	2	0	12	19	302	309	6.5	17.4
Seq6312_195_bp_1_1_0	ENA|AAR31603|AAR31603.1	80.00	5	1	0	31	35	152	156	6.5	17.4
Seq6312_195_bp_1_1_0	ENA|AAA36114|AAA36114.1	33.33	24	16	0	37	60	186	209	6.7	18.0
Seq6312_195_bp_1_1_0	ENA|AAC17860|AAC17860.1	27.78	18	13	0	11	28	295	312	8	17.4
Seq6312_195_bp_1_2_0	ENA|AAB03707|AAB03707.1	43.75	16	9	0	14	29	5	20	2.4	20.5
Seq6312_195_bp_1_2_0	ENA|BAA32991|BAA32991.1	50.00	10	5	0	10	19	23	32	2.5	16.1
Seq6312_195_bp_1_2_0	ENA|AAC26660|AAC26660.1	45.45	11	6	0	29	39	107	117	3.3	17.5
Seq6312_195_bp_1_2_0	ENA|AAB26998|AAB26998.1	80.00	5	1	0	5	9	75	79	4	15.6
Seq6312_195_bp_1_2_0	ENA|CAA11507|CAA11507.1	36.36	23	14	1	15	36	1271	1293	6.3	19.0
Seq6312_195_bp_1_2_0	ENA|AAC78721|AAC78721.1	38.89	18	11	0	24	41	412	429	8.4	17.5
Seq6312_195_bp_1_2_1	ENA|AAF79734|AAF79734.1	35.71	14	9	0	4	17	70	83	5.8	17.9
Seq6312_195_bp_1_2_1	ENA|AAB66912|AAB66912.1	50.00	12	6	0	2	13	333	344	7.4	16.9
Seq6312_195_bp_1_2_1	ENA|ACH70901|ACH70901.1	50.00	10	5	0	1	10	170	179	8.1	15.4
Seq6312_195_bp_1_2_1	ENA|ABG75784|ABG75784.1	36.36	11	7	0	4	14	77	87	9.8	14.9
Seq6312_195_bp_-1_0_0	ENA|BAB79260|BAB79260.1	40.00	20	12	0	30	49	230	249	1.4	20.2
Seq6312_195_bp_-1_0_0	ENA|ACT10338|ACT10338.1	37.04	30	17	3	29	58	282	308	3.2	18.7
Seq6312_195_bp_-1_0_0	ENA|AAA24145|AAA24145.1	71.43	7	2	0	52	58	358	364	3.8	18.7
Seq6312_195_bp_-1_0_0	ENA|CAA43419|CAA43419.1	62.50	8	3	0	39	46	197	204	4.2	18.2
Seq6312_195_bp_-1_0_0	ENA|AAA32624|AAA32624.1	46.67	15	8	0	38	52	127	141	4.3	18.7
Seq6312_195_bp_-1_0_0	ENA|CAA29956|CAA29956.1	38.46	13	8	0	49	61	33	45	4.3	18.2
Seq6312_195_bp_-1_0_0	ENA|BAA32991|BAA32991.1	40.00	10	6	0	55	64	51	60	6	15.3
Seq6312_195_bp_-1_0_0	ENA|ABD49687|ABD49687.1	58.33	12	5	0	38	49	844	855	6.9	19.7
Seq6312_195_bp_-1_0_0	ENA|BAA32018|BAA32018.1	45.45	11	6	0	54	64	162	172	7.1	18.2
Seq6312_195_bp_-1_0_0	ENA|AAC49865|AAC49865.1	33.33	18	12	0	11	28	173	190	7.3	17.3
Seq6312_195_bp_-1_0_0	ENA|CAA24711|CAA24711.1	24.24	33	25	0	25	57	60	92	7.6	16.3
Seq6312_195_bp_-1_0_0	ENA|AAA18786|AAA18786.1	44.44	9	5	0	3	11	167	175	8.3	16.8
Seq6312_195_bp_-1_0_0	ENA|BAA36759|BAA36759.1	39.29	31	17	3	14	43	249	277	8.9	16.8
Seq6312_195_bp_-1_0_0	ENA|AAC17860|AAC17860.1	83.33	6	1	0	58	63	95	100	9	17.3
Seq6312_195_bp_-1_0_0	ENA|AAI27517|AAI27517.1	55.56	9	4	0	54	62	12	20	9.2	17.8
Seq6312_195_bp_-1_0_0	ENA|AAC08817|AAC08817.1	55.56	9	4	0	20	28	131	139	9.5	15.8
Seq6312_195_bp_-1_0_0	ENA|AAC97205|AAC97205.1	37.50	26	15	2	14	37	270	295	9.6	18.7
Seq6312_195_bp_-1_1_0	ENA|AAB26998|AAB26998.1	54.55	11	5	0	2	12	51	61	0.013	22.1
Seq6312_195_bp_-1_1_0	ENA|ACT10338|ACT10338.1	75.00	8	2	0	6	13	249	256	0.042	22.7
Seq6312_195_bp_-1_1_0	ENA|CAA26023|CAA26023.1	83.33	6	1	0	4	9	306	311	0.59	18.9
Seq6312_195_bp_-1_1_0	ENA|AAB66912|AAB66912.1	41.67	12	7	0	1	12	292	303	0.93	19.5
Seq6312_195_bp_-1_1_0	ENA|AAC26660|AAC26660.1	57.14	7	3	0	2	8	225	231	0.96	17.6
Seq6312_195_bp_-1_1_0	ENA|CAL82360|CAL82360.1	83.33	6	1	0	6	11	464	469	1.3	19.5
Seq6312_195_bp_-1_1_0	ENA|AAA42531|AAA42531.1	40.00	10	6	0	2	11	381	390	1.5	17.6
Seq6312_195_bp_-1_1_0	ENA|AAC08817|AAC08817.1	42.86	7	4	0	4	10	23	29	2.2	15.7
Seq6312_195_bp_-1_1_0	ENA|AAR37016|AAR37016.1	50.00	8	4	0	6	13	421	428	2.3	19.5
Seq6312_195_bp_-1_1_0	ENA|AAA25966|AAA25966.1	66.67	6	2	0	7	12	191	196	2.7	17.6
Seq6312_195_bp_-1_1_0	ENA|BAA32956|BAA32956.1	62.50	8	3	0	2	9	43	50	3	15.7
Seq6312_195_bp_-1_1_0	ENA|AAQ92751|AAQ92751.2	57.14	7	3	0	6	12	927	933	3.3	18.2
Seq6312_195_bp_-1_1_0	ENA|CAA43419|CAA43419.1	42.86	7	4	0	4	10	41	47	5.1	15.7
Seq6312_195_bp_-1_1_0	ENA|AAA36539|AAA36539.1	75.00	4	1	0	5	8	424	427	6.5	15.7
Seq6312_195_bp_-1_1_0	ENA|ABN10845|ABN10845.1	50.00	6	3	0	6	11	111	116	7.1	14.4
Seq6312_195_bp_-1_1_0	ENA|BAA05866|BAA05866.1	42.86	7	4	0	1	7	144	150	9.8	14.4
Seq6312_195_bp_-1_1_1	ENA|BAA36759|BAA36759.1	62.50	8	3	0	1	8	11	18	0.15	21.3
Seq6312_195_bp_-1_1_1	ENA|AAA72732|AAA72732.1	35.29	17	11	0	6	22	278	294	0.16	21.3
Seq6312_195_bp_-1_1_1	ENA|CAA26939|CAA26939.1	38.46	13	8	0	10	22	129	141	0.67	20.0
Seq6312_195_bp_-1_1_1	ENA|CAA26023|CAA26023.1	27.27	22	16	0	1	22	204	225	0.69	19.4
Seq6312_195_bp_-1_1_1	ENA|ABD33854|ABD33854.1	80.00	5	1	0	18	22	26	30	0.95	16.4
Seq6312_195_bp_-1_1_1	ENA|AAI27517|AAI27517.1	57.14	7	3	0	8	14	373	379	1.6	18.8
Seq6312_195_bp_-1_1_1	ENA|ACT10338|ACT10338.1	30.77	13	9	0	10	22	38	50	1.6	18.2
Seq6312_195_bp_-1_1_1	ENA|BAB17681|BAB17681.1	60.00	5	2	0	5	9	109	113	1.7	17.6
Seq6312_195_bp_-1_1_1	ENA|AAC49865|AAC49865.1	66.67	6	2	0	5	10	184	189	3.2	17.0
Seq6312_195_bp_-1_1_1	ENA|ABK71357|ABK71357.1	50.00	6	3	0	1	6	214	219	3.6	17.0
Seq6312_195_bp_-1_1_1	ENA|ABD49687|ABD49687.1	100.00	4	0	0	9	12	75	78	4.6	18.8
Seq6312_195_bp_-1_1_1	ENA|AAC97205|AAC97205.1	66.67	9	3	0	11	19	355	363	5	18.2
Seq6312_195_bp_-1_1_1	ENA|CAA73529|CAA73529.1	33.33	12	8	0	2	13	240	251	6	15.7
Seq6312_195_bp_-1_1_1	ENA|AAA36539|AAA36539.1	42.86	7	4	0	1	7	93	99	6.8	16.4
Seq6312_195_bp_-1_1_1	ENA|AAC40132|AAC40132.1	44.44	9	5	0	8	16	214	222	6.8	16.4
Seq6312_195_bp_-1_1_1	ENA|AAR31603|AAR31603.1	57.14	7	3	0	8	14	250	256	7.1	15.7
Seq6312_195_bp_-1_1_1	ENA|CAA28033|CAA28033.1	80.00	5	1	0	10	14	909	913	7.8	17.6
Seq6312_195_bp_-1_1_1	ENA|CAA29956|CAA29956.1	80.00	5	1	0	12	16	258	262	8.1	15.7
Seq6312_195_bp_-1_1_1	ENA|BAA32018|BAA32018.1	66.67	6	2	0	4	9	226	231	8.7	16.4
Seq6312_195_bp_-1_1_1	ENA|BAA05866|BAA05866.1	100.00	3	0	0	9	11	30	32	9.9	15.1
Seq6312_195_bp_-1_1_2	ENA|ABK71357|ABK71357.1	50.00	12	6	0	1	12	149	160	2.3	17.1
Seq6312_195_bp_-1_1_2	ENA|CAA36714|CAA36714.1	62.50	8	3	0	4	11	67	74	2.8	17.1
Seq6312_195_bp_-1_1_2	ENA|CAA45199|CAA45199.1	41.67	12	7	0	4	15	137	148	4.2	16.5
Seq6312_195_bp_-1_1_2	ENA|AAR31603|AAR31603.1	44.44	9	5	0	7	15	135	143	6.3	15.4
Seq6312_195_bp_-1_1_2	ENA|ABD49687|ABD49687.1	50.00	10	5	0	6	15	815	824	6.8	17.6
Seq6312_195_bp_-1_1_2	ENA|BAB17681|BAB17681.1	36.36	11	7	0	4	14	198	208	7.8	14.8
Seq6312_195_bp_-1_1_2	ENA|AAB96524|AAB96524.1	57.14	7	3	0	8	14	83	89	7.8	14.2
Seq6312_195_bp_-1_1_2	ENA|AAF79734|AAF79734.1	60.00	10	4	0	4	13	38	47	8.4	17.1
Seq6312_195_bp_-1_1_3	ENA|AAA18786|AAA18786.1	57.14	7	3	0	1	7	91	97	1.5	16.8
Seq6312_195_bp_-1_1_3	ENA|AAA42531|AAA42531.1	66.67	6	2	0	6	11	349	354	3.3	16.1
Seq6312_195_bp_-1_1_3	ENA|BAA32991|BAA32991.1	57.14	7	3	0	3	9	13	19	5.2	13.0
Seq6312_195_bp_-1_2_0	ENA|CAA11507|CAA11507.1	71.43	7	2	0	5	11	1136	1142	1.7	19.6
Seq6312_195_bp_-1_2_0	ENA|AAC26660|AAC26660.1	44.44	9	5	0	9	17	249	257	3.7	16.1
Seq6312_195_bp_-1_2_0	ENA|AAB26998|AAB26998.1	54.55	11	5	0	5	15	3	13	4	14.3
Seq6312_195_bp_-1_2_0	ENA|CAA29968|CAA29968.1	66.67	6	2	0	1	6	101	106	4.3	15.5
Seq6312_195_bp_-1_2_0	ENA|AAR31603|AAR31603.1	83.33	6	1	0	9	14	73	78	4.8	16.1
Seq6312_195_bp_-1_2_0	ENA|ABN10845|ABN10845.1	33.33	12	8	0	4	15	158	169	4.8	15.5
Seq6312_195_bp_-1_2_0	ENA|AAA42531|AAA42531.1	38.46	13	8	0	1	13	280	292	5.6	16.1
Seq6312_195_bp_-1_2_0	ENA|AAA72732|AAA72732.1	75.00	4	1	0	1	4	280	283	9.9	14.9
Seq6312_195_bp_-1_2_1	ENA|AAB03707|AAB03707.1	80.00	5	1	0	6	10	972	976	0.54	20.6
Seq6312_195_bp_-1_2_1	ENA|AAR37016|AAR37016.1	54.55	11	5	0	1	11	198	208	0.92	20.6
Seq6312_195_bp_-1_2_1	ENA|BAA05866|BAA05866.1	44.44	9	5	0	3	11	38	46	1.1	17.4
Seq6312_195_bp_-1_2_1	ENA|BAA32956|BAA32956.1	44.44	9	5	0	2	10	182	190	1.2	16.8
Seq6312_195_bp_-1_2_1	ENA|AAC08817|AAC08817.1	66.67	6	2	0	1	6	147	152	2.1	15.5
Seq6312_195_bp_-1_2_1	ENA|CAA45708|CAA45708.1	50.00	6	3	0	6	11	438	443	2.2	18.7
Seq6312_195_bp_-1_2_1	ENA|CAA11507|CAA11507.1	50.00	10	5	0	1	10	652	661	3.1	18.1
Seq6312_195_bp_-1_2_1	ENA|AAC78721|AAC78721.1	57.14	7	3	0	2	8	291	297	3.6	16.8
Seq6312_195_bp_-1_2_1	ENA|AAA25966|AAA25966.1	60.00	11	4	1	1	10	599	609	3.9	16.8
Seq6312_195_bp_-1_2_1	ENA|CAA36214|CAA36214.1	57.14	7	3	0	4	10	226	232	4	15.5
Seq6312_195_bp_-1_2_1	ENA|CAA28033|CAA28033.1	45.45	11	6	0	1	11	919	929	4.5	17.4
Seq6312_195_bp_-1_2_1	ENA|EDO47375|EDO47375.1	27.27	11	8	0	1	11	11	21	5.8	14.2
Seq6312_195_bp_-1_2_1	ENA|CAL82360|CAL82360.1	44.44	9	5	0	1	9	402	410	6.7	16.8
Seq6312_195_bp_-1_2_1	ENA|CAA26939|CAA26939.1	57.14	7	3	0	3	9	338	344	7.2	15.5
Seq6312_195_bp_-1_2_1	ENA|ABD49687|ABD49687.1	44.44	9	5	0	1	9	296	304	8.8	16.8
Seq6312_195_bp_-1_2_1	ENA|AAB26998|AAB26998.1	40.00	10	6	0	2	11	62	71	8.9	12.3
Seq6312_195_bp_-1_2_1	ENA|AAA72732|AAA72732.1	44.44	9	5	0	3	11	270	278	9.4	14.2
Seq6312_195_bp_-1_2_2	ENA|BAB79260|BAB79260.1	45.00	20	11	0	1	20	152	171	0.047	24.1
Seq6312_195_bp_-1_2_2	ENA|AAA25966|AAA25966.1	55.56	9	4	0	20	28	555	563	1	20.4
Seq6312_195_bp_-1_2_2	ENA|ABG75784|ABG75784.1	37.50	16	10	0	1	16	79	94	1.3	18.8
Seq6312_195_bp_-1_2_2	ENA|CAA29956|CAA29956.1	30.77	13	9	0	19	31	239	251	1.6	18.8
Seq6312_195_bp_-1_2_2	ENA|AAC97205|AAC97205.1	100.00	5	0	0	22	26	13	17	1.7	20.4
Seq6312_195_bp_-1_2_2	ENA|CAL82360|CAL82360.1	40.00	16	9	1	14	29	875	889	1.8	20.4
Seq6312_195_bp_-1_2_2	ENA|AAA42531|AAA42531.1	24.00	25	19	0	9	33	41	65	3.4	17.7
Seq6312_195_bp_-1_2_2	ENA|CAA45199|CAA45199.1	41.67	12	7	0	1	12	261	272	4.1	17.7
Seq6312_195_bp_-1_2_2	ENA|CAA45708|CAA45708.1	54.55	11	5	0	4	14	562	572	4.3	19.3
Seq6312_195_bp_-1_2_2	ENA|AAA32624|AAA32624.1	50.00	18	8	2	14	31	215	230	4.5	17.7
Seq6312_195_bp_-1_2_2	ENA|ABK71357|ABK71357.1	50.00	8	4	0	1	8	292	299	4.6	17.2
Seq6312_195_bp_-1_2_2	ENA|AAA18786|AAA18786.1	21.74	23	18	0	1	23	81	103	4.8	16.6
Seq6312_195_bp_-1_2_2	ENA|CAA43419|CAA43419.1	66.67	6	2	0	21	26	289	294	6.5	16.6
Seq6312_195_bp_-1_2_2	ENA|BAA05866|BAA05866.1	42.86	14	8	0	19	32	106	119	7.8	16.1
Seq6312_195_bp_-1_2_2	ENA|AAQ92751|AAQ92751.2	41.67	12	7	0	3	14	217	228	8	18.2
Seq6312_195_bp_-1_2_2	ENA|CCP43727|CCP43727.1	71.43	7	2	0	23	29	71	77	8.3	16.1
Seq6312_195_bp_-1_2_2	ENA|AAA36114|AAA36114.1	80.00	5	1	0	1	5	141	145	8.8	16.6
Seq6312_195_bp_-1_2_2	ENA|AAC26660|AAC26660.1	33.33	12	8	0	2	13	118	129	9.3	15.5
