Seq7845_278_bp_1_0_0	AAA32376.1	57.14	7	3	0	17	23	132	138	0.89	18.0
Seq7845_278_bp_1_0_0	AAF01122.1	62.50	8	3	0	17	24	189	196	1.4	18.5
Seq7845_278_bp_1_0_0	AII71783.1	71.43	7	2	0	2	8	259	265	4.3	16.5
Seq7845_278_bp_1_0_0	ACT10338.1	43.75	16	9	0	3	18	49	64	5.4	16.5
Seq7845_278_bp_1_0_0	AAI27517.1	35.71	14	9	0	11	24	41	54	5.8	17.0
Seq7845_278_bp_1_0_0	ABG75784.1	37.50	16	10	0	4	19	230	245	6.1	16.0
Seq7845_278_bp_1_0_0	AEE27845.1	45.45	11	6	0	8	18	590	600	6.8	18.0
Seq7845_278_bp_1_0_0	AAA24969.1	75.00	8	2	0	6	13	904	911	7.4	18.0
Seq7845_278_bp_1_0_0	BAB17681.1	35.71	14	9	0	11	24	233	246	7.5	15.5
Seq7845_278_bp_1_0_0	AAH69556.1	58.33	13	5	1	1	12	289	301	8.3	15.5
Seq7845_278_bp_1_0_0	AAA24142.1	42.86	7	4	0	17	23	288	294	8.6	16.0
Seq7845_278_bp_1_0_1	ABG75784.1	57.14	7	3	0	13	19	247	253	0.44	20.1
Seq7845_278_bp_1_0_1	AAQ92751.2	80.00	5	1	0	11	15	533	537	1.4	20.6
Seq7845_278_bp_1_0_1	AAB64315.2	83.33	6	1	0	15	20	321	326	1.8	18.1
Seq7845_278_bp_1_0_1	AAA45888.1	45.45	11	6	0	5	15	165	175	2.1	18.1
Seq7845_278_bp_1_0_1	AAA25966.1	62.50	8	3	0	12	19	682	689	2.7	18.6
Seq7845_278_bp_1_0_1	AAA18786.1	60.00	5	2	0	1	5	85	89	2.8	17.1
Seq7845_278_bp_1_0_1	AAA32624.1	40.00	15	9	0	3	17	129	143	3.9	17.6
Seq7845_278_bp_1_0_1	AAR37016.1	50.00	8	4	0	3	10	1893	1900	4.4	19.6
Seq7845_278_bp_1_0_1	ABS38337.1	50.00	8	4	0	13	20	1266	1273	4.8	18.6
Seq7845_278_bp_1_0_1	BAA32956.1	60.00	5	2	0	1	5	127	131	6	15.6
Seq7845_278_bp_1_0_1	AAA72732.1	75.00	9	2	1	12	20	191	198	6.3	16.1
Seq7845_278_bp_1_0_1	CAA26230.1	37.50	8	5	0	9	16	348	355	7.9	16.6
Seq7845_278_bp_1_0_1	ABN10845.1	60.00	5	2	0	12	16	53	57	8.5	15.2
Seq7845_278_bp_1_0_2	ACT10338.1	50.00	10	5	0	7	16	26	35	0.19	20.9
Seq7845_278_bp_1_0_2	ABL74574.1	57.14	7	3	0	1	7	74	80	1.4	17.6
Seq7845_278_bp_1_0_2	ABD33854.1	38.46	13	8	0	2	14	10	22	2.2	14.8
Seq7845_278_bp_1_0_2	AAH69556.1	44.44	9	5	0	7	15	260	268	2.2	17.0
Seq7845_278_bp_1_0_2	CAA43372.1	26.67	15	11	0	2	16	362	376	4.4	16.4
Seq7845_278_bp_1_0_2	AAA72732.1	37.50	8	5	0	2	9	25	32	4.9	15.9
Seq7845_278_bp_1_0_2	AIR13712.1	33.33	12	8	0	1	12	74	85	5.1	15.9
Seq7845_278_bp_1_0_2	CAA11507.1	50.00	10	5	0	1	10	1305	1314	9.4	17.0
Seq7845_278_bp_1_1_0	AAI27517.1	83.33	6	1	0	7	12	155	160	0.97	20.0
Seq7845_278_bp_1_1_0	BAA32991.1	21.05	19	15	0	7	25	42	60	2	15.9
Seq7845_278_bp_1_1_0	ABL74574.1	100.00	3	0	0	24	26	115	117	2.5	17.6
Seq7845_278_bp_1_1_0	ABD33854.1	80.00	5	1	0	1	5	32	36	2.8	15.3
Seq7845_278_bp_1_1_0	AAC97205.1	50.00	12	6	0	12	23	1210	1221	4.5	18.8
Seq7845_278_bp_1_1_0	AAB03707.1	50.00	10	5	0	6	15	613	622	5	18.8
Seq7845_278_bp_1_1_0	AAA18786.1	33.33	9	6	0	5	13	149	157	5.1	16.5
Seq7845_278_bp_1_1_0	AAR37016.1	100.00	3	0	0	25	27	75	77	5.6	19.4
Seq7845_278_bp_1_1_0	AAA36565.1	57.14	7	3	0	14	20	112	118	7.1	15.3
Seq7845_278_bp_1_1_0	AAA42531.1	71.43	8	2	1	6	12	179	186	7.2	16.5
Seq7845_278_bp_1_1_0	AEE27845.1	41.67	12	7	0	11	22	30	41	7.5	18.2
Seq7845_278_bp_1_1_0	AAX84812.1	50.00	4	2	0	6	9	88	91	9.6	15.3
Seq7845_278_bp_1_1_1	AAQ92751.2	50.00	8	4	0	6	13	1150	1157	0.3	22.8
Seq7845_278_bp_1_1_1	ABD33854.1	50.00	6	3	0	4	9	39	44	0.61	17.3
Seq7845_278_bp_1_1_1	AAA32624.1	37.50	16	10	0	5	20	320	335	0.61	20.3
Seq7845_278_bp_1_1_1	CAA45199.1	66.67	6	2	0	22	27	78	83	0.84	19.7
Seq7845_278_bp_1_1_1	CAA26230.1	37.50	16	10	0	5	20	357	372	2.3	18.5
Seq7845_278_bp_1_1_1	CAA11507.1	66.67	6	2	0	6	11	922	927	2.4	19.7
Seq7845_278_bp_1_1_1	AEE27845.1	66.67	6	2	0	18	23	751	756	2.5	19.7
Seq7845_278_bp_1_1_1	BAA32991.1	50.00	4	2	0	9	12	28	31	3.5	14.9
Seq7845_278_bp_1_1_1	CAA43372.1	50.00	8	4	0	2	9	30	37	3.9	17.3
Seq7845_278_bp_1_1_1	AAR37016.1	80.00	5	1	0	21	25	1294	1298	4.1	19.7
Seq7845_278_bp_1_1_1	BAA32018.1	80.00	5	1	0	23	27	52	56	5.8	17.3
Seq7845_278_bp_1_1_1	BAB17681.1	33.33	9	6	0	11	19	58	66	5.8	16.1
Seq7845_278_bp_1_1_1	ABS38337.1	53.33	18	7	3	2	17	109	125	7.6	17.9
Seq7845_278_bp_1_1_1	AAF01122.1	37.50	16	10	0	12	27	188	203	7.9	16.1
Seq7845_278_bp_1_1_1	AAA42531.1	45.45	11	6	0	15	25	23	33	8.1	16.1
Seq7845_278_bp_1_1_1	BAB79260.1	44.44	9	5	0	1	9	46	54	9.4	16.1
Seq7845_278_bp_1_1_2	CAA73529.1	57.14	7	3	0	7	13	6	12	1.1	17.9
Seq7845_278_bp_1_1_2	AAA25966.1	57.14	7	3	0	4	10	8	14	2.8	17.9
Seq7845_278_bp_1_1_2	BAA32956.1	66.67	11	3	2	3	13	201	209	3.7	15.7
Seq7845_278_bp_1_1_2	ACH70904.1	42.86	7	4	0	11	17	339	345	4.3	16.3
Seq7845_278_bp_1_1_2	AAA65607.1	60.00	5	2	0	1	5	362	366	4.3	16.3
Seq7845_278_bp_1_1_2	AAB96524.1	42.86	7	4	0	1	7	121	127	4.7	15.2
Seq7845_278_bp_1_1_2	CAA74140.1	66.67	6	2	0	3	8	84	89	5.1	17.4
Seq7845_278_bp_1_1_2	AAQ92751.2	83.33	6	1	0	5	10	324	329	5.2	17.9
Seq7845_278_bp_1_1_2	CAA45199.1	60.00	5	2	0	12	16	350	354	5.5	16.3
Seq7845_278_bp_1_1_2	AAA32624.1	50.00	6	3	0	12	17	48	53	6.1	16.3
Seq7845_278_bp_1_1_2	CAA43372.1	33.33	12	8	0	4	15	178	189	7	15.7
Seq7845_278_bp_1_1_2	CAA11507.1	46.15	13	7	0	4	16	1191	1203	7.3	17.4
Seq7845_278_bp_1_1_2	AAH69556.1	100.00	4	0	0	7	10	266	269	7.5	15.2
Seq7845_278_bp_1_1_2	AAC78721.1	66.67	6	2	0	8	13	398	403	7.7	16.3
Seq7845_278_bp_1_1_2	AAA24969.1	100.00	4	0	0	1	4	1222	1225	8.1	17.4
Seq7845_278_bp_1_1_2	CAD53387.1	60.00	5	2	0	3	7	29	33	8.4	15.7
Seq7845_278_bp_1_1_2	AAX12058.1	60.00	5	2	0	12	16	224	228	9.7	14.6
Seq7845_278_bp_1_1_2	EDO47375.1	50.00	6	3	0	10	15	140	145	9.7	14.1
Seq7845_278_bp_1_2_0	AEE27845.1	100.00	92	0	0	1	92	635	726	2.7e-60	220.7
Seq7845_278_bp_1_2_0	AAA32376.1	26.67	30	22	0	4	33	83	112	0.38	21.2
Seq7845_278_bp_1_2_0	BAA32018.1	26.32	19	14	0	13	31	352	370	2.6	20.3
Seq7845_278_bp_1_2_0	AAB03707.1	50.00	16	8	0	7	22	1234	1249	3	21.2
Seq7845_278_bp_1_2_0	AAB26998.1	66.67	6	2	0	61	66	13	18	3.9	16.6
Seq7845_278_bp_1_2_0	AAA45888.1	62.50	8	3	0	61	68	137	144	4	18.9
Seq7845_278_bp_1_2_0	ABD49687.1	36.36	22	14	0	8	29	455	476	9	19.8
Seq7845_278_bp_-1_0_0	AAC08817.1	41.67	12	7	0	13	24	17	28	0.25	19.9
Seq7845_278_bp_-1_0_0	AAA72732.1	40.00	10	6	0	16	25	186	195	0.72	19.3
Seq7845_278_bp_-1_0_0	AAC78721.1	71.43	7	2	0	20	26	378	384	1	19.9
Seq7845_278_bp_-1_0_0	BAB17681.1	47.06	17	9	0	9	25	127	143	1.4	18.2
Seq7845_278_bp_-1_0_0	CAA26230.1	37.50	17	10	1	6	22	377	392	1.9	18.8
Seq7845_278_bp_-1_0_0	CAA74140.1	62.50	8	3	0	19	26	713	720	2.1	19.3
Seq7845_278_bp_-1_0_0	AAX12058.1	50.00	10	5	0	15	24	144	153	2.1	17.6
Seq7845_278_bp_-1_0_0	AAA32624.1	41.67	12	7	0	6	17	340	351	2.7	18.2
Seq7845_278_bp_-1_0_0	AAA42531.1	60.00	5	2	0	2	6	179	183	3	17.6
Seq7845_278_bp_-1_0_0	AAR31603.1	75.00	4	1	0	9	12	61	64	3.8	17.0
Seq7845_278_bp_-1_0_0	AAX84812.1	50.00	6	3	0	21	26	181	186	4	16.4
Seq7845_278_bp_-1_0_0	ABD33854.1	30.00	10	7	0	15	24	14	23	5.6	14.0
Seq7845_278_bp_-1_0_0	AAC97205.1	41.67	12	7	0	16	27	516	527	6.2	18.2
Seq7845_278_bp_-1_0_0	AAI27517.1	45.45	11	6	0	15	25	565	575	6.7	17.0
Seq7845_278_bp_-1_0_0	CAA73529.1	60.00	5	2	0	2	6	188	192	7	15.8
Seq7845_278_bp_-1_0_0	BAA32018.1	38.89	18	11	0	9	26	169	186	7.1	17.0
Seq7845_278_bp_-1_0_0	AAH69556.1	36.36	11	7	0	12	22	189	199	7.7	15.8
Seq7845_278_bp_-1_0_0	BAA32956.1	66.67	6	2	0	3	8	134	139	8	15.2
Seq7845_278_bp_-1_0_0	ABN10845.1	80.00	5	1	0	7	11	26	30	8.3	15.2
Seq7845_278_bp_-1_0_0	BAA32991.1	66.67	3	1	0	5	7	23	25	8.9	13.4
Seq7845_278_bp_-1_0_0	ACT10338.1	50.00	8	4	0	10	17	144	151	9.7	15.8
Seq7845_278_bp_-1_0_1	ABD49687.1	40.91	25	13	3	10	31	806	830	0.1	25.0
Seq7845_278_bp_-1_0_1	EDO47375.1	46.15	13	7	0	5	17	117	129	0.1	21.8
Seq7845_278_bp_-1_0_1	ABD33854.1	44.44	9	5	0	19	27	3	11	0.22	19.1
Seq7845_278_bp_-1_0_1	CAA04196.1	50.00	12	6	0	11	22	34	45	0.23	21.8
Seq7845_278_bp_-1_0_1	CAA26230.1	55.56	9	4	0	8	16	322	330	0.44	21.3
Seq7845_278_bp_-1_0_1	AAA45888.1	42.11	21	11	2	1	19	147	167	0.63	20.2
Seq7845_278_bp_-1_0_1	ABK71357.1	80.00	5	1	0	13	17	172	176	2.7	18.1
Seq7845_278_bp_-1_0_1	AAB26998.1	60.00	5	2	0	26	30	43	47	3.6	15.4
Seq7845_278_bp_-1_0_1	AEE27845.1	100.00	5	0	0	8	12	738	742	4.7	19.1
Seq7845_278_bp_-1_0_1	ABL74574.1	80.00	5	1	0	20	24	24	28	6.1	16.5
Seq7845_278_bp_-1_0_1	AAF01122.1	50.00	8	4	0	12	19	264	271	7.8	16.5
Seq7845_278_bp_-1_0_1	AAB96524.1	75.00	4	1	0	26	29	99	102	8.1	15.4
Seq7845_278_bp_-1_0_1	AAA26915.1	50.00	4	2	0	29	32	434	437	9.5	16.5
Seq7845_278_bp_-1_0_2	ABN10845.1	71.43	7	2	0	6	12	65	71	0.18	20.6
Seq7845_278_bp_-1_0_2	BAB79260.1	27.27	11	8	0	4	14	356	366	0.26	21.2
Seq7845_278_bp_-1_0_2	AAA45888.1	54.55	13	5	2	4	16	109	119	0.48	20.1
Seq7845_278_bp_-1_0_2	AAA45888.1	62.50	8	3	0	4	11	63	70	0.7	19.5
Seq7845_278_bp_-1_0_2	AAA72732.1	71.43	7	2	0	4	10	3	9	0.57	19.5
Seq7845_278_bp_-1_0_2	AAI27517.1	100.00	5	0	0	19	23	154	158	0.73	20.1
Seq7845_278_bp_-1_0_2	CAA73529.1	66.67	6	2	0	11	16	97	102	1.6	17.8
Seq7845_278_bp_-1_0_2	ABD33854.1	33.33	6	4	0	16	21	3	8	1.8	15.5
Seq7845_278_bp_-1_0_2	AAH69556.1	100.00	4	0	0	15	18	275	278	2.6	17.2
Seq7845_278_bp_-1_0_2	AAR31603.1	57.14	7	3	0	4	10	94	100	2.8	17.2
Seq7845_278_bp_-1_0_2	BAA32956.1	66.67	10	3	1	14	22	3	12	4	16.1
Seq7845_278_bp_-1_0_2	AAR37016.1	50.00	12	6	0	10	21	1916	1927	4.2	19.5
Seq7845_278_bp_-1_0_2	EDO47375.1	28.57	7	5	0	4	10	113	119	5.2	15.5
Seq7845_278_bp_-1_0_2	AAB03707.1	50.00	10	5	0	1	10	70	79	5.3	18.4
Seq7845_278_bp_-1_0_2	CAA74140.1	50.00	10	5	0	14	23	681	690	5.4	17.8
Seq7845_278_bp_-1_0_2	AEE27845.1	80.00	5	1	0	18	22	1351	1355	5.4	18.4
Seq7845_278_bp_-1_0_2	BAA32991.1	60.00	5	2	0	18	22	40	44	8.7	13.3
Seq7845_278_bp_-1_0_2	BAE97662.1	26.09	23	17	0	2	24	1123	1145	9.3	17.2
Seq7845_278_bp_-1_0_2	ACH70904.1	37.50	8	5	0	14	21	58	65	9.5	15.5
Seq7845_278_bp_-1_0_2	AAA36565.1	40.00	10	6	0	11	20	2	11	9.6	14.4
Seq7845_278_bp_-1_0_2	AAA32376.1	50.00	6	3	0	16	21	111	116	9.9	14.4
Seq7845_278_bp_-1_1_0	BAA32956.1	45.45	11	6	0	70	80	4	14	2.3	18.8
Seq7845_278_bp_-1_1_0	AAX12058.1	41.67	12	7	0	47	58	100	111	3	18.8
Seq7845_278_bp_-1_1_0	AAA18786.1	21.21	33	26	0	35	67	211	243	4.1	18.4
Seq7845_278_bp_-1_1_0	AAQ92751.2	20.00	30	24	0	26	55	109	138	5.7	20.2
Seq7845_278_bp_-1_1_0	AAC17860.1	41.18	18	10	1	6	23	364	380	6.1	18.4
Seq7845_278_bp_-1_1_0	CAA04196.1	26.92	26	19	0	1	26	83	108	6.2	18.4
Seq7845_278_bp_-1_1_0	AAA36565.1	31.58	19	13	0	57	75	115	133	8.8	16.5
Seq7845_278_bp_-1_1_0	AAA24142.1	75.00	8	2	0	13	20	156	163	9	17.9
Seq7845_278_bp_-1_1_0	EDO47375.1	75.00	8	2	0	2	9	95	102	9.9	16.5
Seq7845_278_bp_-1_2_0	AAB26998.1	38.46	13	8	0	3	15	26	38	0.22	18.4
Seq7845_278_bp_-1_2_0	ACT10338.1	71.43	7	2	0	6	12	320	326	0.49	19.6
Seq7845_278_bp_-1_2_0	AAA65607.1	57.14	7	3	0	4	10	87	93	1.5	17.9
Seq7845_278_bp_-1_2_0	CAA74140.1	66.67	6	2	0	10	15	341	346	1.7	19.0
Seq7845_278_bp_-1_2_0	ABD33854.1	42.86	7	4	0	9	15	49	55	1.8	15.1
Seq7845_278_bp_-1_2_0	AAC08817.1	71.43	7	2	0	5	11	12	18	2.1	16.2
Seq7845_278_bp_-1_2_0	AAA18786.1	100.00	4	0	0	2	5	102	105	3.4	16.2
Seq7845_278_bp_-1_2_0	BAA32018.1	66.67	6	2	0	6	11	225	230	3.6	17.3
Seq7845_278_bp_-1_2_0	AAR37016.1	42.86	7	4	0	11	17	1258	1264	4.2	19.0
Seq7845_278_bp_-1_2_0	AAH69556.1	41.67	12	7	0	1	12	29	40	5.6	15.6
Seq7845_278_bp_-1_2_0	AAA25966.1	44.44	9	5	0	7	15	647	655	6.1	16.7
Seq7845_278_bp_-1_2_0	AAB96524.1	100.00	3	0	0	2	4	93	95	7.3	14.5
Seq7845_278_bp_-1_2_0	AII71783.1	66.67	6	2	0	10	15	135	140	8.1	15.1
Seq7845_278_bp_-1_2_0	CAA45199.1	75.00	4	1	0	2	5	362	365	8.4	15.6
Seq7845_278_bp_-1_2_1	CAA43372.1	45.45	11	6	0	19	29	381	391	1.6	19.1
Seq7845_278_bp_-1_2_1	BAB79260.1	55.56	9	4	0	3	11	396	404	1.7	19.1
Seq7845_278_bp_-1_2_1	ABD49687.1	31.58	19	13	0	14	32	138	156	3.2	20.1
Seq7845_278_bp_-1_2_1	ABN10845.1	31.25	16	11	0	20	35	166	181	3.3	17.1
Seq7845_278_bp_-1_2_1	BAA32018.1	30.77	26	18	0	2	27	548	573	4.6	18.1
Seq7845_278_bp_-1_2_1	AAA72732.1	62.50	8	3	0	6	13	157	164	4.6	17.1
Seq7845_278_bp_-1_2_1	AAA32624.1	33.33	12	8	0	22	33	209	220	5.4	17.6
Seq7845_278_bp_-1_2_1	ABD33854.1	20.69	29	23	0	3	31	12	40	7.5	14.0
Seq7845_278_bp_-1_2_1	CAA74140.1	55.56	9	4	0	7	15	513	521	9.4	17.6
Seq7845_278_bp_-1_2_1	AAB03707.1	46.15	13	7	0	22	34	150	162	9.7	18.1
Seq7845_278_bp_-1_2_2	AAB26998.1	66.67	6	2	0	10	15	26	31	0.51	18.1
Seq7845_278_bp_-1_2_2	AAA65607.1	66.67	9	3	0	19	27	86	94	0.78	19.7
Seq7845_278_bp_-1_2_2	BAA32018.1	100.00	5	0	0	5	9	380	384	1.3	19.7
Seq7845_278_bp_-1_2_2	ABK71357.1	35.00	20	13	0	12	31	229	248	2.4	18.1
Seq7845_278_bp_-1_2_2	AAA42531.1	53.33	17	7	2	7	21	302	318	2.5	18.1
Seq7845_278_bp_-1_2_2	AAA45888.1	50.00	10	5	0	13	22	27	36	3.5	17.5
Seq7845_278_bp_-1_2_2	ACT10338.1	50.00	12	6	0	15	26	313	324	3.5	17.5
Seq7845_278_bp_-1_2_2	AAC97205.1	62.50	8	3	0	16	23	835	842	5.3	18.6
Seq7845_278_bp_-1_2_2	BAB79260.1	62.50	8	3	0	23	30	230	237	5.9	17.0
Seq7845_278_bp_-1_2_2	BAB17681.1	30.77	13	9	0	11	23	153	165	7.3	15.9
Seq7845_278_bp_-1_2_2	ABS38337.1	56.25	19	7	3	16	31	845	863	7.8	18.1
Seq7845_278_bp_-1_2_2	CAA74140.1	40.00	15	9	0	15	29	682	696	8.2	17.5
