Seq7488_273_bp_1_0_0	AAR37016.1	33.33	12	8	0	8	19	1474	1485	0.58	22.1
Seq7488_273_bp_1_0_0	CAA04196.1	71.43	7	2	0	12	18	126	132	1.4	18.3
Seq7488_273_bp_1_0_0	ACT10338.1	33.33	9	6	0	10	18	62	70	2.1	17.6
Seq7488_273_bp_1_0_0	BAA32956.1	42.86	7	4	0	12	18	188	194	2.7	16.4
Seq7488_273_bp_1_0_0	AAC17860.1	45.45	11	6	0	6	16	70	80	5.1	16.4
Seq7488_273_bp_1_0_0	CAA45199.1	83.33	6	1	0	3	8	110	115	5.8	16.4
Seq7488_273_bp_1_0_0	ABG75784.1	26.67	15	11	0	5	19	125	139	6	15.7
Seq7488_273_bp_1_0_0	AAA65607.1	66.67	6	2	0	5	10	339	344	6.9	15.7
Seq7488_273_bp_1_0_0	AAB26998.1	37.50	8	5	0	9	16	35	42	8.5	13.2
Seq7488_273_bp_1_0_0	AAB64315.2	33.33	12	8	0	1	12	10	21	9.4	15.1
Seq7488_273_bp_1_0_1	CAA74140.1	58.33	12	5	0	14	25	737	748	0.05	24.9
Seq7488_273_bp_1_0_1	AAX12058.1	43.75	17	9	1	6	22	34	49	0.46	20.0
Seq7488_273_bp_1_0_1	BAA32956.1	26.09	23	17	0	7	29	109	131	1.1	18.3
Seq7488_273_bp_1_0_1	AAB96524.1	38.46	13	8	0	16	28	138	150	2.1	17.2
Seq7488_273_bp_1_0_1	AAA72732.1	33.33	12	8	0	9	20	155	166	2.4	17.7
Seq7488_273_bp_1_0_1	AAA18786.1	25.00	24	18	0	7	30	67	90	3	17.2
Seq7488_273_bp_1_0_1	BAB79260.1	37.50	16	10	0	3	18	147	162	3.5	17.7
Seq7488_273_bp_1_0_1	AAR37016.1	35.71	14	9	0	16	29	501	514	3.9	20.0
Seq7488_273_bp_1_0_1	ABK71357.1	28.00	25	18	0	1	25	151	175	4.1	17.2
Seq7488_273_bp_1_0_1	AAC78721.1	57.14	7	3	0	23	29	358	364	5.1	17.7
Seq7488_273_bp_1_0_1	AAX84812.1	20.00	25	20	0	4	28	114	138	5.5	16.1
Seq7488_273_bp_1_0_1	AAC97205.1	70.00	11	3	1	16	26	51	60	6.3	18.3
Seq7488_273_bp_1_0_1	AAI27517.1	38.46	13	8	0	15	27	321	333	9.2	16.6
Seq7488_273_bp_1_0_2	AAI27517.1	55.56	9	4	0	4	12	103	111	0.19	21.1
Seq7488_273_bp_1_0_2	CAA04196.1	57.14	7	3	0	1	7	107	113	0.63	18.8
Seq7488_273_bp_1_0_2	BAB17681.1	27.27	11	8	0	2	12	177	187	0.7	18.0
Seq7488_273_bp_1_0_2	ABD33854.1	100.00	3	0	0	4	6	53	55	0.78	15.8
Seq7488_273_bp_1_0_2	AAR31603.1	100.00	3	0	0	2	4	64	66	0.84	18.0
Seq7488_273_bp_1_0_2	AAA42531.1	45.45	11	6	0	2	12	165	175	0.99	18.0
Seq7488_273_bp_1_0_2	AAC97205.1	66.67	6	2	0	4	9	163	168	1.9	18.8
Seq7488_273_bp_1_0_2	BAB70780.1	37.50	8	5	0	5	12	206	213	2.1	17.3
Seq7488_273_bp_1_0_2	AAA32624.1	80.00	5	1	0	5	9	125	129	2.2	17.3
Seq7488_273_bp_1_0_2	AAA65607.1	50.00	6	3	0	3	8	299	304	2.6	16.5
Seq7488_273_bp_1_0_2	AAA36565.1	33.33	9	6	0	1	9	76	84	3.4	15.0
Seq7488_273_bp_1_0_2	AAB26998.1	75.00	4	1	0	5	8	38	41	4.5	13.5
Seq7488_273_bp_1_0_2	ACT10338.1	33.33	12	8	0	1	12	59	70	4.6	15.8
Seq7488_273_bp_1_0_2	AAX12058.1	42.86	7	4	0	6	12	218	224	5.5	15.0
Seq7488_273_bp_1_0_2	AAR37016.1	50.00	4	2	0	1	4	7	10	5.8	18.0
Seq7488_273_bp_1_0_2	BAA32018.1	60.00	5	2	0	5	9	347	351	7.3	15.8
Seq7488_273_bp_1_0_2	ABS38337.1	50.00	8	4	0	5	12	1269	1276	8.7	16.5
Seq7488_273_bp_1_0_2	ABL74574.1	50.00	4	2	0	2	5	115	118	9.4	14.2
Seq7488_273_bp_1_0_3	AAC17860.1	71.43	7	2	0	14	20	41	47	1	18.8
Seq7488_273_bp_1_0_3	BAB70780.1	29.41	17	12	0	3	19	56	72	1.8	18.2
Seq7488_273_bp_1_0_3	AAB26998.1	50.00	8	4	0	7	14	12	19	3.2	14.7
Seq7488_273_bp_1_0_3	AAA72732.1	50.00	13	6	1	5	17	201	212	8.1	15.3
Seq7488_273_bp_1_1_0	AAA72732.1	28.57	21	15	0	14	34	284	304	1.4	19.8
Seq7488_273_bp_1_1_0	AAC97205.1	57.14	15	6	1	26	39	16	30	1.4	21.7
Seq7488_273_bp_1_1_0	AAR31603.1	29.17	24	17	0	4	27	241	264	2	19.3
Seq7488_273_bp_1_1_0	AAA26915.1	62.50	8	3	0	24	31	392	399	2.8	19.3
Seq7488_273_bp_1_1_0	BAB79260.1	31.25	16	11	0	52	67	359	374	3.8	18.8
Seq7488_273_bp_1_1_0	AAQ92751.2	30.30	33	23	0	3	35	59	91	4.2	20.2
Seq7488_273_bp_1_1_0	AAA18786.1	37.93	31	18	2	6	36	202	230	4.4	17.8
Seq7488_273_bp_1_1_0	AAC08817.1	35.29	19	11	2	14	30	89	107	5.2	16.9
Seq7488_273_bp_1_1_0	BAB70780.1	19.23	26	21	0	9	34	195	220	5.6	18.3
Seq7488_273_bp_1_1_0	ACH70904.1	23.53	17	13	0	53	69	41	57	5.8	17.8
Seq7488_273_bp_1_1_0	AAI27517.1	47.37	20	10	1	23	42	411	429	6.8	18.3
Seq7488_273_bp_1_1_0	CAA74140.1	47.06	18	9	1	6	23	364	380	7.6	18.8
Seq7488_273_bp_1_1_0	CAA73529.1	26.67	15	11	0	7	21	41	55	8.5	16.9
Seq7488_273_bp_1_1_0	AAA42531.1	75.00	8	2	0	21	28	366	373	8.6	17.3
Seq7488_273_bp_1_1_1	ABD33854.1	42.86	7	4	0	1	7	50	56	0.94	15.4
Seq7488_273_bp_1_1_1	ACT10338.1	10.00	10	9	0	1	10	163	172	1.1	17.7
Seq7488_273_bp_1_1_1	AAA24142.1	50.00	6	3	0	6	11	180	185	1.3	17.7
Seq7488_273_bp_1_1_1	AAI27517.1	20.00	10	8	0	1	10	324	333	1.7	17.7
Seq7488_273_bp_1_1_1	AAC78721.1	33.33	9	6	0	1	9	246	254	2	17.7
Seq7488_273_bp_1_1_1	ABD49687.1	60.00	10	4	0	2	11	1160	1169	2.9	18.5
Seq7488_273_bp_1_1_1	BAA32991.1	22.22	9	7	0	2	10	14	22	2.9	13.8
Seq7488_273_bp_1_1_1	CAA73529.1	50.00	4	2	0	2	5	144	147	3.9	15.4
Seq7488_273_bp_1_1_1	CAA26230.1	55.56	9	4	0	3	11	509	517	4.7	16.1
Seq7488_273_bp_1_1_1	BAA32956.1	40.00	5	3	0	6	10	173	177	5.1	14.6
Seq7488_273_bp_1_1_1	AAA25966.1	50.00	6	3	0	3	8	652	657	6	16.1
Seq7488_273_bp_1_1_1	CAA45199.1	42.86	7	4	0	2	8	282	288	6.6	15.4
Seq7488_273_bp_1_1_1	ACH70904.1	100.00	3	0	0	2	4	238	240	8.5	14.6
Seq7488_273_bp_1_1_1	AAB26998.1	100.00	2	0	0	4	5	73	74	9.2	12.3
Seq7488_273_bp_1_1_1	AAC97205.1	60.00	5	2	0	2	6	350	354	9.8	16.1
Seq7488_273_bp_1_2_0	AAC97205.1	100.00	90	0	0	1	90	435	524	5.2e-63	229.5
Seq7488_273_bp_1_2_0	CAA43372.1	50.00	12	6	0	70	81	217	228	2.2	19.9
Seq7488_273_bp_1_2_0	AAB64315.2	30.95	45	29	3	41	82	213	257	4.8	18.4
Seq7488_273_bp_1_2_0	BAE97662.1	40.00	28	15	3	42	66	169	196	5.9	19.9
Seq7488_273_bp_1_2_0	AAA72732.1	15.22	47	39	1	44	89	137	183	6.3	17.9
Seq7488_273_bp_1_2_0	AAX84812.1	36.84	19	12	0	23	41	32	50	6.5	17.4
Seq7488_273_bp_1_2_0	AAC78721.1	16.07	56	47	0	33	88	599	654	6.8	18.9
Seq7488_273_bp_1_2_0	AAF01122.1	71.43	7	2	0	4	10	66	72	7.5	17.9
Seq7488_273_bp_1_2_0	CAA45199.1	50.00	12	6	0	46	57	239	250	9.2	17.9
Seq7488_273_bp_1_2_0	ACH70904.1	36.36	11	7	0	12	22	237	247	9.8	17.4
Seq7488_273_bp_-1_0_0	CAA11507.1	50.00	10	5	0	2	11	26	35	0.55	20.7
Seq7488_273_bp_-1_0_0	AAB64315.2	100.00	4	0	0	8	11	33	36	0.56	18.6
Seq7488_273_bp_-1_0_0	BAA32991.1	50.00	6	3	0	6	11	18	23	0.81	15.8
Seq7488_273_bp_-1_0_0	AIR13712.1	66.67	6	2	0	5	10	111	116	1.5	17.2
Seq7488_273_bp_-1_0_0	BAA32956.1	27.27	11	8	0	1	11	13	23	1.5	16.5
Seq7488_273_bp_-1_0_0	AAF01122.1	50.00	6	3	0	7	12	114	119	1.7	17.2
Seq7488_273_bp_-1_0_0	AAX84812.1	75.00	4	1	0	1	4	90	93	2.7	15.8
Seq7488_273_bp_-1_0_0	BAB17681.1	37.50	8	5	0	4	11	167	174	3.2	15.8
Seq7488_273_bp_-1_0_0	EDO47375.1	75.00	4	1	0	9	12	123	126	3.5	15.1
Seq7488_273_bp_-1_0_0	AAA45888.1	66.67	6	2	0	7	12	234	239	4.4	15.8
Seq7488_273_bp_-1_0_0	AAX12058.1	50.00	8	4	0	1	8	47	54	5.1	15.1
Seq7488_273_bp_-1_0_0	AAA65607.1	80.00	5	1	0	6	10	140	144	6.7	15.1
Seq7488_273_bp_-1_0_0	CAA04196.1	57.14	7	3	0	2	8	293	299	7.5	15.1
Seq7488_273_bp_-1_0_0	BAE97662.1	71.43	7	2	0	4	10	494	500	7.8	16.5
Seq7488_273_bp_-1_0_0	AAA36565.1	37.50	8	5	0	3	10	18	25	7.9	13.7
Seq7488_273_bp_-1_0_0	BAB70780.1	57.14	7	3	0	3	9	246	252	8.6	15.1
Seq7488_273_bp_-1_0_0	AAA72732.1	100.00	4	0	0	5	8	207	210	9	14.4
Seq7488_273_bp_-1_0_0	ABG75784.1	42.86	7	4	0	4	10	196	202	9	14.4
Seq7488_273_bp_-1_0_0	AAB26998.1	66.67	3	1	0	1	3	76	78	9.6	12.3
Seq7488_273_bp_-1_0_1	ACH70904.1	53.33	15	7	0	3	17	332	346	0.13	21.8
Seq7488_273_bp_-1_0_1	AAA32624.1	25.00	16	12	0	3	18	63	78	0.95	19.5
Seq7488_273_bp_-1_0_1	CAA26230.1	17.65	17	14	0	2	18	92	108	1	19.5
Seq7488_273_bp_-1_0_1	AAF01122.1	50.00	12	6	0	6	17	331	342	1	18.9
Seq7488_273_bp_-1_0_1	AAH69556.1	33.33	17	10	2	5	21	184	198	2.7	17.2
Seq7488_273_bp_-1_0_1	ABN10845.1	33.33	9	6	0	1	9	162	170	2.9	16.6
Seq7488_273_bp_-1_0_1	AAC97205.1	66.67	9	3	0	4	12	311	319	3.3	18.9
Seq7488_273_bp_-1_0_1	CAA04196.1	80.00	5	1	0	20	24	9	13	3.7	17.2
Seq7488_273_bp_-1_0_1	AAA32376.1	35.00	20	13	0	5	24	98	117	5	15.5
Seq7488_273_bp_-1_0_1	AAA18786.1	57.14	7	3	0	1	7	261	267	5.2	16.0
Seq7488_273_bp_-1_0_1	AIR13712.1	66.67	9	3	0	1	9	74	82	6.3	16.0
Seq7488_273_bp_-1_0_1	AAA42531.1	57.14	7	3	0	14	20	188	194	7.4	16.0
Seq7488_273_bp_-1_0_1	AEE27845.1	60.00	10	4	0	4	13	1277	1286	7.9	17.8
Seq7488_273_bp_-1_0_1	BAA32956.1	40.00	10	6	0	2	11	4	13	8.8	14.9
Seq7488_273_bp_-1_0_2	AAR31603.1	50.00	12	6	0	38	49	64	75	1.1	19.8
Seq7488_273_bp_-1_0_2	ABD49687.1	36.36	11	7	0	43	53	811	821	1.3	22.0
Seq7488_273_bp_-1_0_2	AAB26998.1	66.67	6	2	0	9	14	26	31	1.8	17.0
Seq7488_273_bp_-1_0_2	AIR13712.1	40.00	21	12	1	17	36	166	186	2.4	18.6
Seq7488_273_bp_-1_0_2	AAA36565.1	16.67	12	10	0	12	23	52	63	2.6	17.5
Seq7488_273_bp_-1_0_2	AAR37016.1	57.14	7	3	0	6	12	2245	2251	3.7	20.9
Seq7488_273_bp_-1_0_2	ABN10845.1	75.00	4	1	0	1	4	54	57	4.9	17.0
Seq7488_273_bp_-1_0_2	AAA65607.1	21.43	14	11	0	13	26	298	311	5.6	17.5
Seq7488_273_bp_-1_0_2	AAC97205.1	62.50	8	3	0	10	17	544	551	5.9	19.2
Seq7488_273_bp_-1_0_2	EDO47375.1	60.00	12	4	2	36	45	174	185	6.1	16.4
Seq7488_273_bp_-1_0_2	CAA26230.1	37.50	16	10	0	12	27	408	423	8.3	17.5
Seq7488_273_bp_-1_0_2	BAB17681.1	50.00	10	5	0	5	14	208	217	8.7	16.4
Seq7488_273_bp_-1_0_2	CAA04196.1	42.86	7	4	0	4	10	368	374	9	17.0
Seq7488_273_bp_-1_0_2	AAA72732.1	22.22	18	14	0	16	33	51	68	9.8	16.4
Seq7488_273_bp_-1_1_0	AAA72732.1	41.18	17	10	0	1	17	255	271	0.26	20.4
Seq7488_273_bp_-1_1_0	CAA04196.1	57.14	7	3	0	3	9	182	188	0.35	20.4
Seq7488_273_bp_-1_1_0	BAA32956.1	50.00	6	3	0	5	10	7	12	0.44	19.1
Seq7488_273_bp_-1_1_0	AAA24142.1	100.00	4	0	0	3	6	167	170	1.5	18.4
Seq7488_273_bp_-1_1_0	EDO47375.1	23.53	17	13	0	1	17	40	56	1.6	17.1
Seq7488_273_bp_-1_1_0	AAX12058.1	50.00	6	3	0	1	6	247	252	2.2	17.1
Seq7488_273_bp_-1_1_0	AAB96524.1	16.67	12	10	0	4	15	21	32	2.4	16.4
Seq7488_273_bp_-1_1_0	AAQ92751.2	50.00	8	4	0	9	16	1307	1314	2.8	19.1
Seq7488_273_bp_-1_1_0	BAA32991.1	30.00	10	7	0	2	11	57	66	3.5	14.4
Seq7488_273_bp_-1_1_0	ABN10845.1	71.43	7	2	0	9	15	116	122	4.4	15.7
Seq7488_273_bp_-1_1_0	AAA42531.1	44.44	9	5	0	11	19	213	221	4.9	16.4
Seq7488_273_bp_-1_1_0	AAA25966.1	50.00	8	4	0	13	20	647	654	5.7	17.1
Seq7488_273_bp_-1_1_0	AAH69556.1	50.00	6	3	0	9	14	253	258	6	15.7
Seq7488_273_bp_-1_1_0	CAA11507.1	33.33	12	8	0	7	18	104	115	6.8	17.7
Seq7488_273_bp_-1_1_0	AAR37016.1	25.00	16	12	0	3	18	1406	1421	7.3	18.4
Seq7488_273_bp_-1_1_0	AAC78721.1	42.86	7	4	0	1	7	79	85	8.3	16.4
Seq7488_273_bp_-1_1_0	CAA45199.1	60.00	5	2	0	1	5	280	284	9.1	15.7
Seq7488_273_bp_-1_1_0	AAC97205.1	35.71	14	9	0	6	19	264	277	9.4	17.1
Seq7488_273_bp_-1_1_0	AAB26998.1	100.00	2	0	0	4	5	26	27	9.5	13.1
Seq7488_273_bp_-1_1_0	AAA32624.1	30.77	13	9	0	3	15	339	351	10	15.7
Seq7488_273_bp_-1_1_1	ABD33854.1	42.86	7	4	0	1	7	38	44	0.33	18.2
Seq7488_273_bp_-1_1_1	AAB64315.2	50.00	10	5	0	9	18	193	202	1.2	18.7
Seq7488_273_bp_-1_1_1	AAA45888.1	28.57	14	10	0	1	14	132	145	1.4	18.7
Seq7488_273_bp_-1_1_1	CAA45199.1	33.33	9	6	0	6	14	461	469	3.3	17.8
Seq7488_273_bp_-1_1_1	AAA72732.1	40.00	10	6	0	6	15	5	14	4.4	16.8
Seq7488_273_bp_-1_1_2	BAA32956.1	45.00	20	11	0	6	25	100	119	0.031	23.9
Seq7488_273_bp_-1_1_2	AAA72732.1	58.33	12	5	0	18	29	90	101	0.41	20.7
Seq7488_273_bp_-1_1_2	AAC97205.1	28.57	21	15	0	1	21	795	815	0.54	22.3
Seq7488_273_bp_-1_1_2	BAB70780.1	46.15	13	7	0	7	19	476	488	0.92	20.2
Seq7488_273_bp_-1_1_2	AIR13712.1	40.00	10	6	0	12	21	68	77	2.7	18.1
Seq7488_273_bp_-1_1_2	BAA32018.1	40.00	20	12	0	5	24	169	188	3.5	18.6
Seq7488_273_bp_-1_1_2	CAD53387.1	22.22	18	14	0	16	33	47	64	4	18.1
Seq7488_273_bp_-1_1_2	CAA73529.1	34.78	24	15	1	11	34	230	252	4.6	17.0
Seq7488_273_bp_-1_1_2	ABN10845.1	33.33	12	8	0	4	15	55	66	5.2	16.5
Seq7488_273_bp_-1_1_2	AAQ92751.2	38.89	18	11	0	9	26	460	477	5.3	19.1
Seq7488_273_bp_-1_1_2	AAA45888.1	50.00	10	5	0	6	15	47	56	8.8	16.5
Seq7488_273_bp_-1_1_2	ABS38337.1	27.27	22	16	0	17	38	565	586	9.8	18.1
Seq7488_273_bp_-1_2_0	ABN10845.1	38.89	19	11	1	5	22	56	74	0.37	19.5
Seq7488_273_bp_-1_2_0	CAA11507.1	33.33	9	6	0	2	10	921	929	0.77	21.1
Seq7488_273_bp_-1_2_0	AII71783.1	40.00	10	6	0	5	14	216	225	2.2	17.4
Seq7488_273_bp_-1_2_0	AAR31603.1	22.22	9	7	0	6	14	143	151	2.4	17.4
Seq7488_273_bp_-1_2_0	AAX84812.1	50.00	6	3	0	14	19	104	109	2.4	16.8
Seq7488_273_bp_-1_2_0	AAX12058.1	23.08	13	10	0	10	22	243	255	2.9	16.8
Seq7488_273_bp_-1_2_0	ABD33854.1	75.00	4	1	0	3	6	41	44	2.9	14.7
Seq7488_273_bp_-1_2_0	AAA25966.1	60.00	11	4	1	5	14	346	356	3.6	17.9
Seq7488_273_bp_-1_2_0	AAA32624.1	27.27	11	8	0	2	12	355	365	3.8	17.4
Seq7488_273_bp_-1_2_0	BAB17681.1	50.00	8	4	0	1	8	106	113	4.1	16.3
Seq7488_273_bp_-1_2_0	AAB64315.2	50.00	12	6	0	1	12	117	128	4.9	16.3
Seq7488_273_bp_-1_2_0	CAA04196.1	60.00	5	2	0	17	21	260	264	6.1	16.3
Seq7488_273_bp_-1_2_0	AAA24142.1	30.00	10	7	0	4	13	418	427	9.2	15.8
Seq7488_273_bp_-1_2_1	ABN10845.1	32.14	29	19	1	2	29	73	101	0.13	22.7
Seq7488_273_bp_-1_2_1	ABN10845.1	80.00	5	1	0	45	49	106	110	0.68	20.2
Seq7488_273_bp_-1_2_1	AAA36565.1	50.00	10	5	0	49	58	159	168	0.52	20.2
Seq7488_273_bp_-1_2_1	AAI27517.1	87.50	8	1	0	39	46	404	411	1.8	20.2
Seq7488_273_bp_-1_2_1	AAH69556.1	50.00	12	6	0	48	59	281	292	1.8	19.2
Seq7488_273_bp_-1_2_1	AAA45888.1	42.86	7	4	0	19	25	122	128	2.3	19.2
Seq7488_273_bp_-1_2_1	BAA32991.1	30.00	10	7	0	26	35	54	63	3.1	16.3
Seq7488_273_bp_-1_2_1	AAB64315.2	62.50	8	3	0	27	34	14	21	3.9	18.3
Seq7488_273_bp_-1_2_1	AAC78721.1	62.50	8	3	0	52	59	72	79	4	19.2
Seq7488_273_bp_-1_2_1	CAA11507.1	42.86	14	8	0	37	50	385	398	4.1	20.2
Seq7488_273_bp_-1_2_1	ABK71357.1	33.33	18	12	0	13	30	246	263	4.3	18.3
Seq7488_273_bp_-1_2_1	ABL74574.1	36.84	19	12	0	6	24	262	280	4.7	17.8
Seq7488_273_bp_-1_2_1	BAA32956.1	66.67	6	2	0	53	58	5	10	4.8	17.3
Seq7488_273_bp_-1_2_1	AAC17860.1	41.67	25	14	1	9	33	338	361	6.6	17.8
Seq7488_273_bp_-1_2_1	AAR31603.1	37.04	27	17	0	4	30	282	308	7.3	17.3
Seq7488_273_bp_-1_2_1	ABD33854.1	50.00	4	2	0	48	51	44	47	7.7	14.9
Seq7488_273_bp_-1_2_1	CAA26230.1	20.00	10	8	0	20	29	16	25	8.8	17.8
Seq7488_273_bp_-1_2_1	CAA04196.1	50.00	8	4	0	34	41	48	55	9.2	17.3
Seq7488_273_bp_-1_2_1	AAB26998.1	66.67	6	2	0	56	61	4	9	9.3	14.9
Seq7488_273_bp_-1_2_1	AAC97205.1	28.57	14	10	0	23	36	269	282	9.8	18.8
