Seq8413_486_bp_1_0_0	ENA|AAI27517|AAI27517.1	100.00	162	0	0	1	162	401	562	3.1e-147	509.1
Seq8413_486_bp_1_0_0	ENA|AAI27517|AAI27517.1	42.42	38	19	5	101	133	323	360	0.056	26.5
Seq8413_486_bp_1_0_0	ENA|AAI27517|AAI27517.1	33.33	27	18	0	97	123	100	126	0.36	23.9
Seq8413_486_bp_1_0_0	ENA|AAC97205|AAC97205.1	37.50	33	20	1	102	133	5	37	0.002	32.4
Seq8413_486_bp_1_0_0	ENA|ABD49687|ABD49687.1	50.00	37	15	7	99	130	91	125	0.0085	30.8
Seq8413_486_bp_1_0_0	ENA|CAD53387|CAD53387.1	56.25	16	7	0	119	134	34	49	0.069	26.0
Seq8413_486_bp_1_0_0	ENA|CAD53387|CAD53387.1	56.25	16	7	0	119	134	100	115	0.069	26.0
Seq8413_486_bp_1_0_0	ENA|CAD53387|CAD53387.1	56.25	16	7	0	119	134	166	181	0.069	26.0
Seq8413_486_bp_1_0_0	ENA|CAD53387|CAD53387.1	56.25	16	7	0	119	134	232	247	0.069	26.0
Seq8413_486_bp_1_0_0	ENA|CAD53387|CAD53387.1	56.25	16	7	0	119	134	298	313	0.069	26.0
Seq8413_486_bp_1_0_0	ENA|CAD53387|CAD53387.1	56.25	16	7	0	119	134	364	379	0.069	26.0
Seq8413_486_bp_1_0_0	ENA|CAD53387|CAD53387.1	56.25	16	7	0	119	134	430	445	0.069	26.0
Seq8413_486_bp_1_0_0	ENA|CAD53387|CAD53387.1	85.71	7	1	0	128	134	462	468	0.21	24.4
Seq8413_486_bp_1_0_0	ENA|CAA26023|CAA26023.1	53.33	15	7	0	50	64	5	19	0.077	25.5
Seq8413_486_bp_1_0_0	ENA|CAA26023|CAA26023.1	52.94	17	8	0	20	36	196	212	0.11	24.9
Seq8413_486_bp_1_0_0	ENA|CAA45708|CAA45708.1	26.67	48	33	3	79	123	983	1030	0.15	26.5
Seq8413_486_bp_1_0_0	ENA|AAR37016|AAR37016.1	50.00	14	7	0	118	131	1043	1056	0.23	26.5
Seq8413_486_bp_1_0_0	ENA|AAR31603|AAR31603.1	42.11	19	11	0	103	121	250	268	0.29	23.3
Seq8413_486_bp_1_0_0	ENA|AAR31603|AAR31603.1	57.89	23	8	4	101	120	288	309	0.61	22.3
Seq8413_486_bp_1_0_0	ENA|AAC08817|AAC08817.1	33.33	21	14	0	116	136	119	139	0.29	22.3
Seq8413_486_bp_1_0_0	ENA|AAA25966|AAA25966.1	61.54	14	5	1	107	119	491	504	0.3	24.4
Seq8413_486_bp_1_0_0	ENA|BAA32956|BAA32956.1	43.75	16	9	0	121	136	190	205	0.39	22.3
Seq8413_486_bp_1_0_0	ENA|AAA24145|AAA24145.1	34.78	23	15	0	140	162	98	120	1.2	21.7
Seq8413_486_bp_1_0_0	ENA|AAA18786|AAA18786.1	41.18	17	10	0	94	110	70	86	1.5	20.7
Seq8413_486_bp_1_0_0	ENA|BAA36759|BAA36759.1	50.00	10	5	0	89	98	93	102	1.6	20.7
Seq8413_486_bp_1_0_0	ENA|AAA36539|AAA36539.1	55.56	9	4	0	125	133	62	70	1.8	21.2
Seq8413_486_bp_1_0_0	ENA|CCP43727|CCP43727.1	61.54	17	5	4	47	59	137	153	2.6	20.1
Seq8413_486_bp_1_0_0	ENA|AAA42531|AAA42531.1	43.48	24	13	1	25	48	369	391	3.1	20.1
Seq8413_486_bp_1_0_0	ENA|AAB96524|AAB96524.1	41.67	12	7	0	57	68	81	92	3.1	19.0
Seq8413_486_bp_1_0_0	ENA|CAA11507|CAA11507.1	71.43	7	2	0	48	54	490	496	3.6	21.7
Seq8413_486_bp_1_0_0	ENA|AAC40132|AAC40132.1	38.46	13	8	0	22	34	27	39	3.8	20.1
Seq8413_486_bp_1_0_0	ENA|BAB17681|BAB17681.1	26.09	23	17	0	47	69	22	44	4.5	19.0
Seq8413_486_bp_1_0_0	ENA|AAC17860|AAC17860.1	66.67	9	3	0	72	80	16	24	4.7	19.6
Seq8413_486_bp_1_0_0	ENA|ABK71357|ABK71357.1	71.43	7	2	0	131	137	77	83	6	19.0
Seq8413_486_bp_1_0_0	ENA|CAA29968|CAA29968.1	50.00	6	3	0	14	19	96	101	6.6	18.0
Seq8413_486_bp_1_0_0	ENA|AAA72732|AAA72732.1	57.14	7	3	0	140	146	225	231	7.3	18.5
Seq8413_486_bp_1_0_0	ENA|CAA45199|CAA45199.1	80.00	5	1	0	137	141	408	412	7.5	19.0
Seq8413_486_bp_1_0_0	ENA|AAA32624|AAA32624.1	66.67	13	4	1	118	130	39	50	8.3	19.0
Seq8413_486_bp_1_0_0	ENA|CAA28033|CAA28033.1	38.10	22	13	1	96	116	56	77	9.7	20.1
Seq8413_486_bp_1_0_0	ENA|BAA32991|BAA32991.1	42.86	7	4	0	26	32	10	16	9.9	15.8
Seq8413_486_bp_1_1_0	ENA|AAI27517|AAI27517.1	33.87	66	41	4	78	139	474	539	0.01	29.0
Seq8413_486_bp_1_1_0	ENA|AAR31603|AAR31603.1	32.00	51	34	1	109	159	244	293	0.097	24.9
Seq8413_486_bp_1_1_0	ENA|CAA43419|CAA43419.1	50.00	16	8	0	50	65	300	315	0.32	23.4
Seq8413_486_bp_1_1_0	ENA|ABD49687|ABD49687.1	47.37	19	10	0	21	39	116	134	0.51	24.9
Seq8413_486_bp_1_1_0	ENA|CAA45199|CAA45199.1	53.33	15	7	0	137	151	166	180	0.58	22.8
Seq8413_486_bp_1_1_0	ENA|ACH70901|ACH70901.1	26.47	34	25	0	19	52	293	326	0.63	22.3
Seq8413_486_bp_1_1_0	ENA|CAD53387|CAD53387.1	52.94	19	8	2	126	142	67	85	0.88	22.3
Seq8413_486_bp_1_1_0	ENA|BAA32956|BAA32956.1	60.00	10	4	0	126	135	183	192	1.1	20.8
Seq8413_486_bp_1_1_0	ENA|AAC08817|AAC08817.1	35.71	14	9	0	97	110	113	126	1.1	20.3
Seq8413_486_bp_1_1_0	ENA|CAA26023|CAA26023.1	62.50	8	3	0	101	108	12	19	1.4	21.3
Seq8413_486_bp_1_1_0	ENA|BAA32018|BAA32018.1	29.17	24	17	0	85	108	363	386	1.6	21.8
Seq8413_486_bp_1_1_0	ENA|ABN10845|ABN10845.1	61.54	14	5	1	78	90	162	175	3.2	19.2
Seq8413_486_bp_1_1_0	ENA|AAA72732|AAA72732.1	80.00	5	1	0	97	101	280	284	3.2	19.7
Seq8413_486_bp_1_1_0	ENA|CCP43727|CCP43727.1	36.36	22	14	0	133	154	255	276	3.4	19.7
Seq8413_486_bp_1_1_0	ENA|AAC26660|AAC26660.1	83.33	6	1	0	45	50	127	132	3.7	19.2
Seq8413_486_bp_1_1_0	ENA|AAA18786|AAA18786.1	71.43	7	2	0	125	131	174	180	3.9	19.2
Seq8413_486_bp_1_1_0	ENA|CAB75732|CAB75732.1	34.48	31	19	2	92	121	165	194	4	21.3
Seq8413_486_bp_1_1_0	ENA|AAA24145|AAA24145.1	43.75	16	9	0	112	127	87	102	4.7	19.7
Seq8413_486_bp_1_1_0	ENA|ABD33854|ABD33854.1	54.55	11	5	0	151	161	12	22	5.4	16.6
Seq8413_486_bp_1_1_0	ENA|BAB17681|BAB17681.1	33.33	22	14	1	41	62	171	191	5.6	18.7
Seq8413_486_bp_1_1_0	ENA|AAC97205|AAC97205.1	50.00	10	5	0	39	48	338	347	6	20.8
Seq8413_486_bp_1_1_0	ENA|BAA05866|BAA05866.1	50.00	8	4	0	27	34	172	179	6.3	18.7
Seq8413_486_bp_1_1_0	ENA|AAC49865|AAC49865.1	58.33	12	5	0	74	85	228	239	6.7	18.7
Seq8413_486_bp_1_1_0	ENA|AAR37016|AAR37016.1	48.00	27	13	2	89	115	1038	1062	7.9	21.3
Seq8413_486_bp_1_1_0	ENA|CAA29968|CAA29968.1	27.78	18	13	0	63	80	79	96	8	17.7
Seq8413_486_bp_1_1_0	ENA|CAA26939|CAA26939.1	30.77	13	9	0	103	115	129	141	8	19.2
Seq8413_486_bp_1_1_0	ENA|BAA36759|BAA36759.1	100.00	4	0	0	146	149	17	20	8.2	18.2
Seq8413_486_bp_1_1_0	ENA|CAA36714|CAA36714.1	35.71	14	9	0	85	98	85	98	9.2	18.7
Seq8413_486_bp_1_2_0	ENA|AAC78721|AAC78721.1	34.09	46	29	2	1	44	243	288	0.013	27.0
Seq8413_486_bp_1_2_0	ENA|AAR37016|AAR37016.1	35.71	14	9	0	18	31	330	343	0.044	27.0
Seq8413_486_bp_1_2_0	ENA|AAR37016|AAR37016.1	60.00	10	4	0	31	40	1392	1401	0.71	23.0
Seq8413_486_bp_1_2_0	ENA|CAA45199|CAA45199.1	57.14	15	6	1	4	18	37	50	0.09	23.7
Seq8413_486_bp_1_2_0	ENA|CAA26939|CAA26939.1	87.50	8	1	0	34	41	322	329	0.11	23.7
Seq8413_486_bp_1_2_0	ENA|AAC26660|AAC26660.1	71.43	7	2	0	28	34	184	190	0.12	22.3
Seq8413_486_bp_1_2_0	ENA|CAA43419|CAA43419.1	75.00	8	2	0	34	41	20	27	0.18	22.3
Seq8413_486_bp_1_2_0	ENA|CAA43419|CAA43419.1	33.33	12	8	0	14	25	34	45	0.28	21.7
Seq8413_486_bp_1_2_0	ENA|ABK71357|ABK71357.1	50.00	12	6	0	33	44	75	86	0.29	21.7
Seq8413_486_bp_1_2_0	ENA|ABK71357|ABK71357.1	57.14	15	6	1	28	41	196	210	0.46	21.0
Seq8413_486_bp_1_2_0	ENA|AAA25966|AAA25966.1	38.10	23	13	2	1	23	485	505	0.35	22.3
Seq8413_486_bp_1_2_0	ENA|AAA25966|AAA25966.1	54.55	11	5	0	28	38	34	44	0.56	21.7
Seq8413_486_bp_1_2_0	ENA|AAA25966|AAA25966.1	41.18	17	10	0	2	18	649	665	0.56	21.7
Seq8413_486_bp_1_2_0	ENA|CAA29968|CAA29968.1	41.67	12	7	0	24	35	100	111	0.38	20.3
Seq8413_486_bp_1_2_0	ENA|AAI27517|AAI27517.1	50.00	10	5	0	32	41	373	382	0.46	21.7
Seq8413_486_bp_1_2_0	ENA|CAA36714|CAA36714.1	55.56	9	4	0	8	16	319	327	0.57	21.0
Seq8413_486_bp_1_2_0	ENA|CAD53387|CAD53387.1	38.10	22	13	1	10	31	458	478	0.61	21.0
Seq8413_486_bp_1_2_0	ENA|AAA18786|AAA18786.1	83.33	6	1	0	40	45	264	269	0.83	19.7
Seq8413_486_bp_1_2_0	ENA|CAA73529|CAA73529.1	100.00	4	0	0	24	27	257	260	0.85	19.7
Seq8413_486_bp_1_2_0	ENA|AAC97205|AAC97205.1	44.44	21	10	3	14	31	1032	1052	0.95	21.7
Seq8413_486_bp_1_2_0	ENA|AAA32624|AAA32624.1	75.00	8	2	0	34	41	274	281	1	20.3
Seq8413_486_bp_1_2_0	ENA|CAA29956|CAA29956.1	100.00	4	0	0	2	5	289	292	1.2	19.7
Seq8413_486_bp_1_2_0	ENA|ABD49687|ABD49687.1	66.67	6	2	0	28	33	967	972	1.3	21.7
Seq8413_486_bp_1_2_0	ENA|BAB79260|BAB79260.1	35.71	14	9	0	29	42	394	407	1.4	19.7
Seq8413_486_bp_1_2_0	ENA|AAA24145|AAA24145.1	53.33	15	7	0	31	45	205	219	1.4	19.7
Seq8413_486_bp_1_2_0	ENA|AAB03707|AAB03707.1	58.33	12	5	0	33	44	1010	1021	1.7	21.0
Seq8413_486_bp_1_2_0	ENA|AAB66912|AAB66912.1	33.33	15	10	0	1	15	585	599	1.8	20.3
Seq8413_486_bp_1_2_0	ENA|AAA72732|AAA72732.1	41.67	12	7	0	12	23	121	132	2.4	18.3
Seq8413_486_bp_1_2_0	ENA|CAA28033|CAA28033.1	42.86	7	4	0	22	28	1232	1238	2.5	20.3
Seq8413_486_bp_1_2_0	ENA|BAA32956|BAA32956.1	40.00	10	6	0	2	11	25	34	2.6	17.6
Seq8413_486_bp_1_2_0	ENA|CAA26023|CAA26023.1	66.67	6	2	0	31	36	279	284	3	18.3
Seq8413_486_bp_1_2_0	ENA|BAA32018|BAA32018.1	53.85	15	6	2	8	22	448	460	3	19.0
Seq8413_486_bp_1_2_0	ENA|AAC08817|AAC08817.1	57.14	7	3	0	11	17	24	30	3.1	17.0
Seq8413_486_bp_1_2_0	ENA|BAB17681|BAB17681.1	80.00	5	1	0	19	23	109	113	3.4	17.6
Seq8413_486_bp_1_2_0	ENA|AAB96524|AAB96524.1	30.00	10	7	0	1	10	58	67	3.6	17.0
Seq8413_486_bp_1_2_0	ENA|CAA36214|CAA36214.1	45.45	11	6	0	6	16	160	170	3.7	17.6
Seq8413_486_bp_1_2_0	ENA|AAC17860|AAC17860.1	30.00	10	7	0	7	16	369	378	5	17.6
Seq8413_486_bp_1_2_0	ENA|AAA36539|AAA36539.1	35.71	14	9	0	25	38	423	436	5.7	17.6
Seq8413_486_bp_1_2_0	ENA|AAB26998|AAB26998.1	75.00	4	1	0	25	28	35	38	6	15.0
Seq8413_486_bp_1_2_0	ENA|AAQ92751|AAQ92751.2	50.00	10	5	0	12	21	240	249	6.5	19.0
Seq8413_486_bp_1_2_0	ENA|AAF79734|AAF79734.1	80.00	5	1	0	30	34	1296	1300	6.8	19.0
Seq8413_486_bp_1_2_0	ENA|ACH70901|ACH70901.1	40.00	10	6	0	15	24	182	191	6.8	17.0
Seq8413_486_bp_1_2_0	ENA|CAA45708|CAA45708.1	46.67	16	8	1	29	43	853	868	7.1	19.0
Seq8413_486_bp_1_2_0	ENA|ACT10338|ACT10338.1	100.00	3	0	0	1	3	119	121	7.3	17.0
Seq8413_486_bp_1_2_0	ENA|AAC40132|AAC40132.1	33.33	16	10	1	28	43	392	406	8.8	17.0
Seq8413_486_bp_1_2_0	ENA|BAA05866|BAA05866.1	33.33	9	6	0	4	12	231	239	9	16.3
Seq8413_486_bp_1_2_0	ENA|AAR31603|AAR31603.1	50.00	8	4	0	15	22	247	254	9.6	16.3
Seq8413_486_bp_1_2_0	ENA|AAC49865|AAC49865.1	60.00	5	2	0	21	25	281	285	9.6	16.3
Seq8413_486_bp_1_2_0	ENA|CCP43727|CCP43727.1	40.00	10	6	0	10	19	304	313	9.6	16.3
Seq8413_486_bp_1_2_1	ENA|CAA29956|CAA29956.1	57.14	7	3	0	13	19	292	298	0.68	19.8
Seq8413_486_bp_1_2_1	ENA|CAA36214|CAA36214.1	61.54	16	5	3	15	27	11	26	0.8	19.3
Seq8413_486_bp_1_2_1	ENA|CAA45199|CAA45199.1	66.67	6	2	0	1	6	410	415	1.8	18.8
Seq8413_486_bp_1_2_1	ENA|AAC97205|AAC97205.1	44.44	9	5	0	20	28	279	287	2.2	19.8
Seq8413_486_bp_1_2_1	ENA|BAA32991|BAA32991.1	50.00	8	4	0	18	25	28	35	2.4	15.6
Seq8413_486_bp_1_2_1	ENA|ABN10845|ABN10845.1	35.71	14	9	0	2	15	109	122	3.6	16.6
Seq8413_486_bp_1_2_1	ENA|AAA25966|AAA25966.1	53.85	14	6	1	14	26	306	319	3.9	18.2
Seq8413_486_bp_1_2_1	ENA|CAA73529|CAA73529.1	40.00	10	6	0	20	29	256	265	4.5	16.6
Seq8413_486_bp_1_2_1	ENA|BAA32956|BAA32956.1	50.00	6	3	0	17	22	153	158	5	16.1
Seq8413_486_bp_1_2_1	ENA|BAA05866|BAA05866.1	66.67	6	2	0	12	17	160	165	5	16.6
Seq8413_486_bp_1_2_1	ENA|CCP43727|CCP43727.1	55.56	9	4	0	2	10	138	146	5.3	16.6
Seq8413_486_bp_1_2_1	ENA|AAC08817|AAC08817.1	66.67	6	2	0	18	23	2	7	5.3	15.6
Seq8413_486_bp_1_2_1	ENA|CAD53387|CAD53387.1	66.67	6	2	0	1	6	15	20	5.6	17.2
Seq8413_486_bp_1_2_1	ENA|BAB79260|BAB79260.1	100.00	4	0	0	11	14	440	443	7.2	16.6
Seq8413_486_bp_1_2_1	ENA|AAC17860|AAC17860.1	55.56	9	4	0	8	16	327	335	9.3	16.1
Seq8413_486_bp_1_2_2	ENA|BAB17681|BAB17681.1	85.71	7	1	0	52	58	187	193	0.11	23.3
Seq8413_486_bp_1_2_2	ENA|BAA32956|BAA32956.1	36.36	22	14	0	34	55	73	94	0.25	21.8
Seq8413_486_bp_1_2_2	ENA|AAR31603|AAR31603.1	35.71	30	18	2	16	43	248	277	0.28	22.3
Seq8413_486_bp_1_2_2	ENA|ABK71357|ABK71357.1	66.67	9	3	0	29	37	323	331	0.91	20.8
Seq8413_486_bp_1_2_2	ENA|AAA25966|AAA25966.1	33.33	12	8	0	63	74	118	129	2.5	20.3
Seq8413_486_bp_1_2_2	ENA|BAA32991|BAA32991.1	60.00	13	4	3	65	77	26	35	2.8	16.7
Seq8413_486_bp_1_2_2	ENA|AAC08817|AAC08817.1	20.69	29	23	0	15	43	7	35	3.1	17.7
Seq8413_486_bp_1_2_2	ENA|AAA18786|AAA18786.1	62.50	8	3	0	54	61	132	139	3.7	18.2
Seq8413_486_bp_1_2_2	ENA|ABD49687|ABD49687.1	40.91	22	13	0	42	63	1353	1374	4.1	20.8
Seq8413_486_bp_1_2_2	ENA|AAC97205|AAC97205.1	45.45	11	6	0	59	69	96	106	4.2	20.3
Seq8413_486_bp_1_2_2	ENA|CAD53387|CAD53387.1	68.75	24	5	8	35	57	10	26	4.9	18.7
Seq8413_486_bp_1_2_2	ENA|AAI27517|AAI27517.1	40.00	22	12	2	42	63	438	457	5.7	18.7
Seq8413_486_bp_1_2_2	ENA|AAB66912|AAB66912.1	31.03	30	20	1	23	52	284	312	6.3	19.2
Seq8413_486_bp_1_2_2	ENA|CAA26939|CAA26939.1	30.43	24	16	1	47	69	482	505	7.7	18.2
Seq8413_486_bp_1_2_2	ENA|CCP43727|CCP43727.1	53.33	17	7	2	52	66	138	154	8.9	17.2
Seq8413_486_bp_1_2_2	ENA|AAQ92751|AAQ92751.2	38.46	13	8	0	42	54	1191	1203	9.1	19.2
Seq8413_486_bp_1_2_2	ENA|AAA32624|AAA32624.1	60.00	10	4	0	60	69	278	287	9.8	17.7
Seq8413_486_bp_-1_0_0	ENA|CAA26023|CAA26023.1	44.12	35	19	1	26	59	16	50	0.12	24.8
Seq8413_486_bp_-1_0_0	ENA|AAC08817|AAC08817.1	50.00	12	6	0	101	112	55	66	0.77	20.8
Seq8413_486_bp_-1_0_0	ENA|AAA72732|AAA72732.1	31.03	30	20	1	89	118	255	283	0.78	21.8
Seq8413_486_bp_-1_0_0	ENA|ABD49687|ABD49687.1	46.67	15	8	0	101	115	109	123	1.1	23.8
Seq8413_486_bp_-1_0_0	ENA|CAA43419|CAA43419.1	28.57	28	20	0	3	30	213	240	1.3	21.3
Seq8413_486_bp_-1_0_0	ENA|BAA32956|BAA32956.1	58.33	12	5	0	98	109	155	166	1.4	20.3
Seq8413_486_bp_-1_0_0	ENA|AAR37016|AAR37016.1	66.67	9	3	0	54	62	1310	1318	1.5	23.8
Seq8413_486_bp_-1_0_0	ENA|AAA18786|AAA18786.1	66.67	6	2	0	21	26	78	83	1.8	20.3
Seq8413_486_bp_-1_0_0	ENA|ABD33854|ABD33854.1	50.00	8	4	0	141	148	41	48	2.4	17.9
Seq8413_486_bp_-1_0_0	ENA|CAD53387|CAD53387.1	47.06	17	9	0	21	37	8	24	3.4	20.3
Seq8413_486_bp_-1_0_0	ENA|CAA73529|CAA73529.1	50.00	12	6	0	71	82	1	12	3.7	19.4
Seq8413_486_bp_-1_0_0	ENA|BAB79260|BAB79260.1	42.11	19	11	0	48	66	410	428	4.3	19.9
Seq8413_486_bp_-1_0_0	ENA|CAA45199|CAA45199.1	83.33	6	1	0	21	26	44	49	4.4	19.9
Seq8413_486_bp_-1_0_0	ENA|ABK71357|ABK71357.1	33.33	24	16	0	99	122	51	74	4.9	19.4
Seq8413_486_bp_-1_0_0	ENA|AAS77176|AAS77176.1	33.33	15	10	0	129	143	195	209	5.3	18.9
Seq8413_486_bp_-1_0_0	ENA|AAC97205|AAC97205.1	60.00	10	4	0	10	19	1061	1070	8	20.3
Seq8413_486_bp_-1_0_0	ENA|CAA28033|CAA28033.1	50.00	10	5	0	17	26	1226	1235	8.4	20.3
Seq8413_486_bp_-1_1_0	ENA|BAB17681|BAB17681.1	40.91	23	13	1	13	34	1	23	0.036	24.6
Seq8413_486_bp_-1_1_0	ENA|CCP43727|CCP43727.1	54.55	23	10	1	24	46	113	134	0.043	24.6
Seq8413_486_bp_-1_1_0	ENA|CCP43727|CCP43727.1	54.55	11	5	0	38	48	178	188	0.5	21.0
Seq8413_486_bp_-1_1_0	ENA|CAL82360|CAL82360.1	87.50	8	1	0	45	52	178	185	0.049	26.3
Seq8413_486_bp_-1_1_0	ENA|CAA26023|CAA26023.1	58.33	12	5	0	22	33	16	27	0.075	24.0
Seq8413_486_bp_-1_1_0	ENA|CAA26023|CAA26023.1	43.48	23	13	0	23	45	334	356	0.58	21.0
Seq8413_486_bp_-1_1_0	ENA|AAB66912|AAB66912.1	47.37	21	10	2	1	19	654	674	0.94	21.6
Seq8413_486_bp_-1_1_0	ENA|BAA32956|BAA32956.1	66.67	13	4	1	23	35	18	29	1.1	19.2
Seq8413_486_bp_-1_1_0	ENA|CAA11507|CAA11507.1	34.78	23	15	0	32	54	1117	1139	1.4	21.6
Seq8413_486_bp_-1_1_0	ENA|ABD33854|ABD33854.1	50.00	6	3	0	32	37	42	47	1.7	16.9
Seq8413_486_bp_-1_1_0	ENA|ABD49687|ABD49687.1	45.45	11	6	0	1	11	607	617	1.7	21.6
Seq8413_486_bp_-1_1_0	ENA|BAB79260|BAB79260.1	47.37	22	10	3	12	33	46	64	2.3	19.2
Seq8413_486_bp_-1_1_0	ENA|AAA32624|AAA32624.1	71.43	7	2	0	48	54	101	107	2.7	19.2
Seq8413_486_bp_-1_1_0	ENA|AAB03707|AAB03707.1	83.33	6	1	0	42	47	213	218	3.1	20.4
Seq8413_486_bp_-1_1_0	ENA|AAA18786|AAA18786.1	43.75	17	9	1	25	41	242	257	3.1	18.0
Seq8413_486_bp_-1_1_0	ENA|BAA36759|BAA36759.1	50.00	8	4	0	47	54	83	90	3.3	18.0
Seq8413_486_bp_-1_1_0	ENA|ABK71357|ABK71357.1	80.00	5	1	0	37	41	310	314	4.3	18.0
Seq8413_486_bp_-1_1_0	ENA|CAA28033|CAA28033.1	50.00	8	4	0	47	54	969	976	4.4	19.8
Seq8413_486_bp_-1_1_0	ENA|BAA32018|BAA32018.1	35.29	17	11	0	16	32	525	541	4.8	18.6
Seq8413_486_bp_-1_1_0	ENA|AAA25966|AAA25966.1	33.33	18	12	0	13	30	382	399	5.5	18.6
Seq8413_486_bp_-1_1_0	ENA|AAA36114|AAA36114.1	57.14	7	3	0	41	47	6	12	5.8	18.0
Seq8413_486_bp_-1_1_0	ENA|AAC08817|AAC08817.1	41.67	12	7	0	16	27	76	87	6.1	16.3
Seq8413_486_bp_-1_1_0	ENA|AAC97205|AAC97205.1	53.85	13	6	0	10	22	253	265	6.1	19.2
Seq8413_486_bp_-1_1_0	ENA|CAA24711|CAA24711.1	35.29	17	11	0	38	54	27	43	6.7	16.3
Seq8413_486_bp_-1_1_0	ENA|AAF79734|AAF79734.1	54.55	11	5	0	2	12	437	447	7.1	19.2
Seq8413_486_bp_-1_1_0	ENA|AAS77176|AAS77176.1	50.00	8	4	0	40	47	211	218	7.3	16.9
Seq8413_486_bp_-1_1_0	ENA|AAR37016|AAR37016.1	50.00	22	10	2	13	34	812	831	7.6	19.8
Seq8413_486_bp_-1_1_0	ENA|BAA05866|BAA05866.1	80.00	5	1	0	43	47	13	17	7.8	16.9
Seq8413_486_bp_-1_1_0	ENA|AAC49865|AAC49865.1	57.14	7	3	0	20	26	217	223	8.3	16.9
Seq8413_486_bp_-1_1_0	ENA|CAA29956|CAA29956.1	50.00	10	5	0	15	24	113	122	9.4	16.9
Seq8413_486_bp_-1_1_0	ENA|AAQ92751|AAQ92751.2	100.00	5	0	0	40	44	827	831	10	18.6
Seq8413_486_bp_-1_1_1	ENA|ABN10845|ABN10845.1	62.50	8	3	0	5	12	55	62	0.62	19.1
Seq8413_486_bp_-1_1_1	ENA|AAC49865|AAC49865.1	42.86	14	8	0	14	27	94	107	0.63	19.6
Seq8413_486_bp_-1_1_1	ENA|ABK71357|ABK71357.1	50.00	14	7	0	9	22	248	261	0.71	19.6
Seq8413_486_bp_-1_1_1	ENA|AAA36114|AAA36114.1	100.00	5	0	0	23	27	415	419	2.1	18.5
Seq8413_486_bp_-1_1_1	ENA|BAB79260|BAB79260.1	46.15	13	7	0	13	25	365	377	4.1	17.3
Seq8413_486_bp_-1_1_1	ENA|CCP43727|CCP43727.1	50.00	10	5	0	16	25	200	209	4.4	16.8
Seq8413_486_bp_-1_1_1	ENA|AAB26998|AAB26998.1	35.29	18	11	1	6	23	46	62	5.1	14.5
Seq8413_486_bp_-1_1_1	ENA|AAB03707|AAB03707.1	50.00	10	5	0	8	17	233	242	5.6	18.5
Seq8413_486_bp_-1_1_1	ENA|BAA36759|BAA36759.1	75.00	4	1	0	5	8	15	18	5.7	16.2
Seq8413_486_bp_-1_1_1	ENA|CAA45199|CAA45199.1	46.15	13	7	0	10	22	44	56	6.2	16.8
Seq8413_486_bp_-1_1_1	ENA|AAC08817|AAC08817.1	50.00	6	3	0	5	10	117	122	6.8	15.0
Seq8413_486_bp_-1_1_1	ENA|AAA32624|AAA32624.1	30.43	23	16	0	3	25	362	384	6.9	16.8
Seq8413_486_bp_-1_1_1	ENA|ACH70901|ACH70901.1	55.56	9	4	0	9	17	114	122	7	16.2
Seq8413_486_bp_-1_1_1	ENA|AAC97205|AAC97205.1	41.67	14	7	2	3	14	256	269	7.3	17.9
Seq8413_486_bp_-1_1_1	ENA|BAB17681|BAB17681.1	25.00	16	12	0	5	20	217	232	7.9	15.6
Seq8413_486_bp_-1_1_1	ENA|AAA24145|AAA24145.1	60.00	5	2	0	7	11	312	316	8.8	16.2
Seq8413_486_bp_-1_1_1	ENA|AAA25966|AAA25966.1	57.14	7	3	0	20	26	211	217	9.3	16.8
Seq8413_486_bp_-1_1_2	ENA|ACT10338|ACT10338.1	36.11	37	23	1	9	44	307	343	0.005	28.1
Seq8413_486_bp_-1_1_2	ENA|CAA26023|CAA26023.1	36.67	34	19	4	1	30	248	281	0.015	26.4
Seq8413_486_bp_-1_1_2	ENA|CAA26023|CAA26023.1	58.33	12	5	0	5	16	8	19	0.022	25.9
Seq8413_486_bp_-1_1_2	ENA|CAA26023|CAA26023.1	36.84	19	12	0	13	31	291	309	0.047	24.8
Seq8413_486_bp_-1_1_2	ENA|CAD53387|CAD53387.1	33.33	24	16	0	6	29	13	36	0.061	24.8
Seq8413_486_bp_-1_1_2	ENA|CAD53387|CAD53387.1	33.33	24	16	0	6	29	79	102	0.061	24.8
Seq8413_486_bp_-1_1_2	ENA|CAD53387|CAD53387.1	33.33	24	16	0	6	29	145	168	0.061	24.8
Seq8413_486_bp_-1_1_2	ENA|CAD53387|CAD53387.1	33.33	24	16	0	6	29	211	234	0.061	24.8
Seq8413_486_bp_-1_1_2	ENA|CAD53387|CAD53387.1	33.33	24	16	0	6	29	277	300	0.061	24.8
Seq8413_486_bp_-1_1_2	ENA|CAD53387|CAD53387.1	33.33	24	16	0	6	29	343	366	0.061	24.8
Seq8413_486_bp_-1_1_2	ENA|CAD53387|CAD53387.1	33.33	24	16	0	6	29	409	432	0.061	24.8
Seq8413_486_bp_-1_1_2	ENA|CAA36714|CAA36714.1	58.33	12	5	0	1	12	317	328	0.12	23.7
Seq8413_486_bp_-1_1_2	ENA|ABK71357|ABK71357.1	33.33	25	16	1	4	27	38	62	0.21	22.6
Seq8413_486_bp_-1_1_2	ENA|CAA28033|CAA28033.1	60.00	10	4	0	3	12	1226	1235	0.23	24.3
Seq8413_486_bp_-1_1_2	ENA|ABD49687|ABD49687.1	33.33	18	12	0	23	40	1165	1182	0.31	24.3
Seq8413_486_bp_-1_1_2	ENA|ABD49687|ABD49687.1	64.29	15	5	1	50	63	101	115	0.65	23.2
Seq8413_486_bp_-1_1_2	ENA|CAA45199|CAA45199.1	70.00	11	3	1	3	13	41	50	0.38	22.1
Seq8413_486_bp_-1_1_2	ENA|AAA18786|AAA18786.1	71.43	7	2	0	8	14	79	85	0.96	19.9
Seq8413_486_bp_-1_1_2	ENA|AAI27517|AAI27517.1	42.11	21	11	2	12	32	345	363	1.5	20.5
Seq8413_486_bp_-1_1_2	ENA|AAC40132|AAC40132.1	42.86	14	8	0	47	60	340	353	1.7	19.9
Seq8413_486_bp_-1_1_2	ENA|AAA25966|AAA25966.1	57.14	7	3	0	16	22	279	285	1.8	20.5
Seq8413_486_bp_-1_1_2	ENA|AAB03707|AAB03707.1	36.84	19	12	0	14	32	573	591	2.3	21.0
Seq8413_486_bp_-1_1_2	ENA|BAA32956|BAA32956.1	50.00	10	5	0	25	34	188	197	2.3	18.3
Seq8413_486_bp_-1_1_2	ENA|AAA36539|AAA36539.1	57.14	7	3	0	29	35	93	99	2.5	19.4
Seq8413_486_bp_-1_1_2	ENA|AAR31603|AAR31603.1	83.33	6	1	0	8	13	304	309	2.5	18.8
Seq8413_486_bp_-1_1_2	ENA|AAA36114|AAA36114.1	44.44	18	10	0	24	41	416	433	2.6	19.4
Seq8413_486_bp_-1_1_2	ENA|AAB26998|AAB26998.1	40.00	10	6	0	3	12	32	41	2.7	16.7
Seq8413_486_bp_-1_1_2	ENA|AAA32624|AAA32624.1	20.00	20	16	0	19	38	423	442	2.7	19.4
Seq8413_486_bp_-1_1_2	ENA|AAC26660|AAC26660.1	66.67	6	2	0	55	60	57	62	2.8	18.3
Seq8413_486_bp_-1_1_2	ENA|BAB17681|BAB17681.1	71.43	7	2	0	1	7	262	268	3	18.3
Seq8413_486_bp_-1_1_2	ENA|BAA32991|BAA32991.1	60.00	5	2	0	15	19	9	13	3.4	16.1
Seq8413_486_bp_-1_1_2	ENA|CAA29956|CAA29956.1	40.00	15	9	0	44	58	29	43	4.1	18.3
Seq8413_486_bp_-1_1_2	ENA|CAA26939|CAA26939.1	18.18	22	18	0	21	42	473	494	4.2	18.8
Seq8413_486_bp_-1_1_2	ENA|AAC97205|AAC97205.1	83.33	6	1	0	55	60	457	462	4.3	19.9
Seq8413_486_bp_-1_1_2	ENA|BAA36759|BAA36759.1	57.14	7	3	0	23	29	119	125	4.5	17.8
Seq8413_486_bp_-1_1_2	ENA|BAB79260|BAB79260.1	42.86	7	4	0	22	28	410	416	4.9	18.3
Seq8413_486_bp_-1_1_2	ENA|ACH70901|ACH70901.1	30.77	13	9	0	44	56	177	189	5.6	17.8
Seq8413_486_bp_-1_1_2	ENA|BAA32018|BAA32018.1	100.00	5	0	0	7	11	363	367	6.6	18.3
Seq8413_486_bp_-1_1_2	ENA|CAA11507|CAA11507.1	27.78	18	13	0	27	44	858	875	6.8	19.4
Seq8413_486_bp_-1_1_2	ENA|BAA05866|BAA05866.1	35.71	14	9	0	2	15	163	176	6.9	17.2
Seq8413_486_bp_-1_1_2	ENA|AAA72732|AAA72732.1	50.00	12	6	0	23	34	145	156	7	17.2
Seq8413_486_bp_-1_1_2	ENA|CCP43727|CCP43727.1	31.25	16	11	0	46	61	302	317	7.3	17.2
Seq8413_486_bp_-1_1_2	ENA|AAC08817|AAC08817.1	66.67	6	2	0	27	32	122	127	7.4	16.1
Seq8413_486_bp_-1_1_2	ENA|CAA45708|CAA45708.1	41.67	12	7	0	21	32	699	710	7.6	19.4
Seq8413_486_bp_-1_1_2	ENA|AAC17860|AAC17860.1	35.71	14	9	0	6	19	276	289	9	17.2
Seq8413_486_bp_-1_2_0	ENA|AAI27517|AAI27517.1	32.26	31	21	0	8	38	511	541	0.029	26.4
Seq8413_486_bp_-1_2_0	ENA|AAI27517|AAI27517.1	55.56	9	4	0	20	28	102	110	0.75	21.7
Seq8413_486_bp_-1_2_0	ENA|AAI27517|AAI27517.1	54.55	11	5	0	16	26	455	465	0.75	21.7
Seq8413_486_bp_-1_2_0	ENA|ABD49687|ABD49687.1	38.89	18	11	0	11	28	98	115	0.13	25.8
Seq8413_486_bp_-1_2_0	ENA|BAA32018|BAA32018.1	45.00	21	11	1	41	60	4	24	0.24	23.5
Seq8413_486_bp_-1_2_0	ENA|CAA26023|CAA26023.1	60.00	10	4	0	16	25	10	19	0.33	22.3
Seq8413_486_bp_-1_2_0	ENA|AAC17860|AAC17860.1	38.46	13	8	0	8	20	309	321	0.53	21.7
Seq8413_486_bp_-1_2_0	ENA|AAB66912|AAB66912.1	45.45	11	6	0	15	25	312	322	0.53	22.9
Seq8413_486_bp_-1_2_0	ENA|CAA73529|CAA73529.1	35.29	17	11	0	8	24	33	49	0.53	21.1
Seq8413_486_bp_-1_2_0	ENA|BAA32991|BAA32991.1	41.18	18	10	1	8	24	2	19	0.67	18.8
Seq8413_486_bp_-1_2_0	ENA|EDO47375|EDO47375.1	66.67	6	2	0	69	74	141	146	0.82	19.9
Seq8413_486_bp_-1_2_0	ENA|BAB79260|BAB79260.1	62.50	8	3	0	5	12	408	415	0.87	21.1
Seq8413_486_bp_-1_2_0	ENA|BAA32956|BAA32956.1	66.67	9	3	0	17	25	182	190	0.91	19.9
Seq8413_486_bp_-1_2_0	ENA|AAC97205|AAC97205.1	44.44	9	5	0	7	15	758	766	1	22.3
Seq8413_486_bp_-1_2_0	ENA|BAB17681|BAB17681.1	57.14	7	3	0	48	54	31	37	1.2	19.9
Seq8413_486_bp_-1_2_0	ENA|AAC49865|AAC49865.1	53.85	14	6	1	11	23	25	38	1.4	19.9
Seq8413_486_bp_-1_2_0	ENA|ABK71357|ABK71357.1	37.04	30	17	3	17	46	184	210	1.6	19.9
Seq8413_486_bp_-1_2_0	ENA|CAA36214|CAA36214.1	57.14	7	3	0	14	20	173	179	2.9	18.8
Seq8413_486_bp_-1_2_0	ENA|AAC40132|AAC40132.1	41.18	18	10	1	7	24	422	438	3.1	19.4
Seq8413_486_bp_-1_2_0	ENA|AAA25966|AAA25966.1	45.45	11	6	0	63	73	321	331	3.1	19.9
Seq8413_486_bp_-1_2_0	ENA|ABD33854|ABD33854.1	45.45	11	6	0	45	55	1	11	3.1	16.4
Seq8413_486_bp_-1_2_0	ENA|CCP43727|CCP43727.1	30.30	33	23	0	29	61	136	168	3.2	18.8
Seq8413_486_bp_-1_2_0	ENA|CAD53387|CAD53387.1	71.43	7	2	0	32	38	59	65	3.2	19.4
Seq8413_486_bp_-1_2_0	ENA|CAA24711|CAA24711.1	71.43	7	2	0	59	65	10	16	3.7	17.6
Seq8413_486_bp_-1_2_0	ENA|AAB03707|AAB03707.1	26.32	19	14	0	41	59	630	648	3.9	20.5
Seq8413_486_bp_-1_2_0	ENA|AAA24145|AAA24145.1	38.46	13	8	0	25	37	94	106	4.4	18.8
Seq8413_486_bp_-1_2_0	ENA|BAA05866|BAA05866.1	23.53	17	13	0	52	68	15	31	4.4	18.2
Seq8413_486_bp_-1_2_0	ENA|AAA72732|AAA72732.1	57.14	7	3	0	9	15	293	299	4.5	18.2
Seq8413_486_bp_-1_2_0	ENA|CAA45199|CAA45199.1	50.00	8	4	0	27	34	66	73	4.5	18.8
Seq8413_486_bp_-1_2_0	ENA|AAA36539|AAA36539.1	66.67	6	2	0	23	28	465	470	4.5	18.8
Seq8413_486_bp_-1_2_0	ENA|AAB26998|AAB26998.1	41.67	13	7	1	20	31	35	47	5.7	15.8
Seq8413_486_bp_-1_2_0	ENA|CAA29968|CAA29968.1	41.67	12	7	0	60	71	177	188	6.2	17.0
Seq8413_486_bp_-1_2_0	ENA|ACH70901|ACH70901.1	100.00	4	0	0	8	11	244	247	7.5	17.6
Seq8413_486_bp_-1_2_0	ENA|AAF79734|AAF79734.1	40.00	10	6	0	7	16	3	12	8.8	19.4
Seq8413_486_bp_-1_2_1	ENA|ABD49687|ABD49687.1	39.29	29	17	1	11	39	1661	1688	0.047	27.2
Seq8413_486_bp_-1_2_1	ENA|CAA45199|CAA45199.1	34.78	23	15	0	52	74	405	427	0.83	21.2
Seq8413_486_bp_-1_2_1	ENA|EDO47375|EDO47375.1	50.00	12	6	0	47	58	166	177	0.94	19.7
Seq8413_486_bp_-1_2_1	ENA|AAB26998|AAB26998.1	62.50	8	3	0	68	75	12	19	1.1	18.2
Seq8413_486_bp_-1_2_1	ENA|AAB66912|AAB66912.1	53.33	36	14	6	15	44	901	936	1.2	21.7
Seq8413_486_bp_-1_2_1	ENA|AAC08817|AAC08817.1	57.14	7	3	0	22	28	82	88	1.6	18.7
Seq8413_486_bp_-1_2_1	ENA|BAB17681|BAB17681.1	50.00	10	5	0	24	33	187	196	1.9	19.2
Seq8413_486_bp_-1_2_1	ENA|AAI27517|AAI27517.1	43.75	16	9	0	55	70	402	417	2.9	19.7
Seq8413_486_bp_-1_2_1	ENA|BAB79260|BAB79260.1	35.00	20	13	0	28	47	400	419	3.1	19.2
Seq8413_486_bp_-1_2_1	ENA|AAA18786|AAA18786.1	46.15	13	7	0	41	53	63	75	3.7	18.2
Seq8413_486_bp_-1_2_1	ENA|BAA36759|BAA36759.1	80.00	5	1	0	25	29	150	154	5.5	17.7
Seq8413_486_bp_-1_2_1	ENA|BAA32956|BAA32956.1	34.78	23	15	0	26	48	190	212	5.7	17.2
Seq8413_486_bp_-1_2_1	ENA|AAA24145|AAA24145.1	33.33	15	10	0	5	19	113	127	6.2	18.2
Seq8413_486_bp_-1_2_1	ENA|ABD33854|ABD33854.1	36.36	11	7	0	1	11	34	44	6.8	15.2
Seq8413_486_bp_-1_2_1	ENA|AAB96524|AAB96524.1	66.67	6	2	0	16	21	117	122	7	16.7
Seq8413_486_bp_-1_2_1	ENA|CAA26023|CAA26023.1	66.67	6	2	0	65	70	133	138	7.2	17.7
Seq8413_486_bp_-1_2_1	ENA|BAA32991|BAA32991.1	75.00	4	1	0	72	75	14	17	7.3	15.2
Seq8413_486_bp_-1_2_1	ENA|AAA36539|AAA36539.1	42.86	16	8	2	11	26	11	24	8.8	17.7
Seq8413_486_bp_-1_2_1	ENA|AAA25966|AAA25966.1	66.67	6	2	0	22	27	322	327	9.4	18.2
