Seq10063_393_bp_1_0_0	ENA|AAI27517|AAI27517.1	53.85	13	6	0	5	17	467	479	0.26	21.4
Seq10063_393_bp_1_0_0	ENA|AAA72732|AAA72732.1	64.29	19	5	5	1	15	240	257	0.36	20.0
Seq10063_393_bp_1_0_0	ENA|AAB66912|AAB66912.1	71.43	7	2	0	11	17	929	935	1.3	19.7
Seq10063_393_bp_1_0_0	ENA|AAC49865|AAC49865.1	62.50	10	3	2	7	16	70	77	1.9	17.7
Seq10063_393_bp_1_0_0	ENA|BAB79260|BAB79260.1	66.67	10	3	1	7	15	48	57	2.6	17.7
Seq10063_393_bp_1_0_0	ENA|AAR37016|AAR37016.1	46.15	13	7	0	1	13	1410	1422	2.6	20.0
Seq10063_393_bp_1_0_0	ENA|AAA36114|AAA36114.1	54.55	11	5	0	2	12	437	447	2.9	17.7
Seq10063_393_bp_1_0_0	ENA|AAA18786|AAA18786.1	60.00	20	6	5	6	21	230	248	3	16.7
Seq10063_393_bp_1_0_0	ENA|ABK71357|ABK71357.1	66.67	6	2	0	8	13	17	22	3.3	17.0
Seq10063_393_bp_1_0_0	ENA|AAR31603|AAR31603.1	75.00	9	2	1	14	21	250	258	3.7	16.7
Seq10063_393_bp_1_0_0	ENA|CAA26939|CAA26939.1	50.00	10	5	0	6	15	439	448	4	17.3
Seq10063_393_bp_1_0_0	ENA|CAD53387|CAD53387.1	75.00	10	2	2	8	17	59	66	4.5	17.0
Seq10063_393_bp_1_0_0	ENA|AAC17860|AAC17860.1	83.33	21	2	9	7	19	108	127	4.6	16.7
Seq10063_393_bp_1_0_0	ENA|CCP43727|CCP43727.1	100.00	4	0	0	16	19	148	151	4.6	16.3
Seq10063_393_bp_1_0_0	ENA|CAA36214|CAA36214.1	80.00	5	1	0	15	19	243	247	5.4	16.0
Seq10063_393_bp_1_0_0	ENA|CAL82360|CAL82360.1	75.00	11	2	3	7	14	792	802	5.6	18.0
Seq10063_393_bp_1_0_0	ENA|AAC78721|AAC78721.1	50.00	17	7	3	5	21	267	280	5.9	17.0
Seq10063_393_bp_1_0_0	ENA|AAQ92751|AAQ92751.2	85.71	9	1	2	6	12	27	35	6	18.0
Seq10063_393_bp_1_0_0	ENA|AAB96524|AAB96524.1	50.00	11	5	1	7	17	6	15	6.5	15.0
Seq10063_393_bp_1_0_0	ENA|AAC40132|AAC40132.1	57.14	7	3	0	4	10	448	454	6.6	16.3
Seq10063_393_bp_1_0_0	ENA|AAA32624|AAA32624.1	36.36	11	7	0	1	11	63	73	7.2	16.3
Seq10063_393_bp_1_0_0	ENA|BAA32956|BAA32956.1	80.00	5	1	0	11	15	46	50	7.3	15.0
Seq10063_393_bp_1_0_0	ENA|BAB17681|BAB17681.1	100.00	10	0	3	2	10	133	140	7.6	15.3
Seq10063_393_bp_1_0_0	ENA|AAA24145|AAA24145.1	54.55	11	5	0	10	20	202	212	8	16.0
Seq10063_393_bp_1_0_0	ENA|CAA43419|CAA43419.1	56.25	23	7	7	2	17	23	45	8	15.6
Seq10063_393_bp_1_1_0	ENA|ABD33854|ABD33854.1	57.14	7	3	0	10	16	58	64	0.21	18.4
Seq10063_393_bp_1_1_0	ENA|AAA25966|AAA25966.1	60.00	12	4	2	8	18	137	147	0.84	19.9
Seq10063_393_bp_1_1_0	ENA|AAB26998|AAB26998.1	62.50	10	3	2	11	18	25	34	1.2	16.2
Seq10063_393_bp_1_1_0	ENA|BAA32991|BAA32991.1	62.50	10	3	2	11	20	14	21	2.1	15.1
Seq10063_393_bp_1_1_0	ENA|AAA36539|AAA36539.1	41.18	18	10	1	3	20	359	375	2.5	17.7
Seq10063_393_bp_1_1_0	ENA|BAA05866|BAA05866.1	50.00	17	6	5	3	19	227	238	2.7	17.0
Seq10063_393_bp_1_1_0	ENA|AAA24145|AAA24145.1	62.50	8	3	0	3	10	81	88	3.1	17.3
Seq10063_393_bp_1_1_0	ENA|AAB66912|AAB66912.1	66.67	14	4	2	5	18	857	868	3.8	18.1
Seq10063_393_bp_1_1_0	ENA|CAA36214|CAA36214.1	80.00	5	1	0	1	5	213	217	4.4	16.2
Seq10063_393_bp_1_1_0	ENA|AAA32624|AAA32624.1	50.00	13	5	3	5	17	300	309	4.5	17.0
Seq10063_393_bp_1_1_0	ENA|CAA28033|CAA28033.1	71.43	7	2	0	9	15	535	541	5.2	18.1
Seq10063_393_bp_1_1_0	ENA|ACT10338|ACT10338.1	80.00	5	1	0	16	20	106	110	5.5	16.2
Seq10063_393_bp_1_1_0	ENA|AAR37016|AAR37016.1	66.67	10	3	1	5	13	2018	2027	5.6	18.8
Seq10063_393_bp_1_1_0	ENA|AAC97205|AAC97205.1	57.14	7	3	0	7	13	896	902	6.3	17.7
Seq10063_393_bp_1_1_0	ENA|CAA73529|CAA73529.1	40.00	12	6	2	10	19	243	254	6.4	15.5
Seq10063_393_bp_1_1_0	ENA|AAI27517|AAI27517.1	72.73	20	3	9	1	11	4	23	8.2	16.2
Seq10063_393_bp_1_1_0	ENA|AAC78721|AAC78721.1	83.33	7	1	1	3	9	239	244	9.2	16.2
Seq10063_393_bp_1_2_0	ENA|BAB17681|BAB17681.1	46.15	13	7	0	6	18	176	188	0.11	21.4
Seq10063_393_bp_1_2_0	ENA|AAA42531|AAA42531.1	54.55	11	5	0	6	16	41	51	0.72	19.2
Seq10063_393_bp_1_2_0	ENA|BAA32991|BAA32991.1	80.00	5	1	0	16	20	31	35	1.7	15.4
Seq10063_393_bp_1_2_0	ENA|AAA18786|AAA18786.1	44.44	9	5	0	3	11	186	194	5.3	15.8
Seq10063_393_bp_-1_0_0	ENA|AAI27517|AAI27517.1	46.67	19	8	4	2	16	404	422	0.032	24.4
Seq10063_393_bp_-1_0_0	ENA|CAA26939|CAA26939.1	60.00	10	4	0	3	12	466	475	0.29	21.2
Seq10063_393_bp_-1_0_0	ENA|CAA26939|CAA26939.1	55.56	9	4	0	4	12	523	531	0.29	21.2
Seq10063_393_bp_-1_0_0	ENA|AAA72732|AAA72732.1	64.29	18	5	4	5	20	146	161	0.42	19.8
Seq10063_393_bp_-1_0_0	ENA|CAA29956|CAA29956.1	50.00	8	4	0	6	13	287	294	0.65	19.4
Seq10063_393_bp_-1_0_0	ENA|AAC08817|AAC08817.1	43.75	19	9	3	3	21	87	102	0.72	18.0
Seq10063_393_bp_-1_0_0	ENA|AAA25966|AAA25966.1	50.00	14	7	0	6	19	686	699	0.76	20.1
Seq10063_393_bp_-1_0_0	ENA|CAA26023|CAA26023.1	50.00	10	5	0	12	21	306	315	0.84	19.1
Seq10063_393_bp_-1_0_0	ENA|AAQ92751|AAQ92751.2	55.56	9	4	0	3	11	413	421	0.88	20.8
Seq10063_393_bp_-1_0_0	ENA|AAC97205|AAC97205.1	58.33	15	5	3	9	21	661	674	1	20.5
Seq10063_393_bp_-1_0_0	ENA|ABN10845|ABN10845.1	100.00	4	0	0	4	7	39	42	2.1	16.9
Seq10063_393_bp_-1_0_0	ENA|ABD49687|ABD49687.1	61.54	16	5	3	4	19	123	135	2.3	19.8
Seq10063_393_bp_-1_0_0	ENA|ABK71357|ABK71357.1	66.67	6	2	0	1	6	59	64	2.8	17.3
Seq10063_393_bp_-1_0_0	ENA|CAD53387|CAD53387.1	66.67	6	2	0	4	9	36	41	2.9	17.6
Seq10063_393_bp_-1_0_0	ENA|AAB03707|AAB03707.1	60.00	14	4	4	7	20	796	805	3	19.1
Seq10063_393_bp_-1_0_0	ENA|AAA32624|AAA32624.1	100.00	4	0	0	1	4	105	108	3	17.6
Seq10063_393_bp_-1_0_0	ENA|AAR31603|AAR31603.1	57.14	8	3	1	4	11	137	143	5	16.2
Seq10063_393_bp_-1_0_0	ENA|CAA73529|CAA73529.1	62.50	9	3	1	1	8	41	49	5.3	15.9
Seq10063_393_bp_-1_0_0	ENA|CAA28033|CAA28033.1	43.75	20	9	4	3	18	1019	1038	5.7	18.0
Seq10063_393_bp_-1_0_0	ENA|AAC49865|AAC49865.1	75.00	11	2	3	2	9	15	25	6.3	15.9
Seq10063_393_bp_-1_0_0	ENA|ABG75784|ABG75784.1	54.55	14	5	3	2	12	183	196	7.6	15.5
Seq10063_393_bp_-1_0_0	ENA|AAC78721|AAC78721.1	50.00	15	6	3	5	19	632	643	7.8	16.6
Seq10063_393_bp_-1_0_0	ENA|AAF79734|AAF79734.1	100.00	4	0	0	13	16	466	469	8	17.6
Seq10063_393_bp_-1_0_0	ENA|CAA45708|CAA45708.1	45.45	13	6	2	8	18	1292	1304	8.4	17.6
Seq10063_393_bp_-1_0_0	ENA|BAB79260|BAB79260.1	100.00	3	0	0	10	12	200	202	8.5	15.9
Seq10063_393_bp_-1_0_0	ENA|CAA24711|CAA24711.1	30.77	13	9	0	2	14	42	54	8.7	14.4
Seq10063_393_bp_-1_0_0	ENA|CAL82360|CAL82360.1	62.50	8	3	0	11	18	1014	1021	9	17.3
Seq10063_393_bp_-1_0_0	ENA|BAA32991|BAA32991.1	100.00	3	0	0	7	9	18	20	9.2	13.0
Seq10063_393_bp_-1_0_0	ENA|ACT10338|ACT10338.1	60.00	5	2	0	10	14	302	306	9.3	15.5
Seq10063_393_bp_-1_0_0	ENA|EDO47375|EDO47375.1	75.00	4	1	0	16	19	9	12	9.5	14.4
Seq10063_393_bp_-1_0_0	ENA|CAA29968|CAA29968.1	66.67	3	1	0	11	13	99	101	9.7	14.4
Seq10063_393_bp_-1_1_0	ENA|AAC40132|AAC40132.1	62.50	8	3	0	8	15	57	64	0.49	19.7
Seq10063_393_bp_-1_1_0	ENA|CAA26023|CAA26023.1	100.00	6	0	1	3	7	78	83	2.4	17.0
Seq10063_393_bp_-1_1_0	ENA|CAA36214|CAA36214.1	100.00	4	0	0	11	14	101	104	2.5	16.6
Seq10063_393_bp_-1_1_0	ENA|CAA45199|CAA45199.1	66.67	6	2	0	4	9	415	420	3	17.0
Seq10063_393_bp_-1_1_0	ENA|AAB26998|AAB26998.1	66.67	6	2	0	1	6	18	23	3.1	14.4
Seq10063_393_bp_-1_1_0	ENA|AAA36114|AAA36114.1	57.14	7	3	0	9	15	162	168	3.2	17.0
Seq10063_393_bp_-1_1_0	ENA|AAC26660|AAC26660.1	50.00	6	3	0	5	10	45	50	4.5	15.5
Seq10063_393_bp_-1_1_0	ENA|AAI27517|AAI27517.1	100.00	3	0	0	2	4	102	104	4.7	16.6
Seq10063_393_bp_-1_1_0	ENA|CAA36714|CAA36714.1	100.00	4	0	0	4	7	72	75	4.9	16.3
Seq10063_393_bp_-1_1_0	ENA|AAQ92751|AAQ92751.2	80.00	5	1	0	8	12	264	268	5.1	17.8
Seq10063_393_bp_-1_1_0	ENA|BAA36759|BAA36759.1	57.14	7	3	0	9	15	283	289	5.1	15.5
Seq10063_393_bp_-1_1_0	ENA|BAA05866|BAA05866.1	83.33	7	1	1	8	13	105	111	5.4	15.5
Seq10063_393_bp_-1_1_0	ENA|BAB17681|BAB17681.1	85.71	9	1	2	8	14	241	249	6.2	15.1
Seq10063_393_bp_-1_1_0	ENA|BAA32018|BAA32018.1	83.33	8	1	2	7	12	540	547	6.4	16.3
Seq10063_393_bp_-1_1_0	ENA|AAC97205|AAC97205.1	72.73	16	3	5	1	13	722	735	7.4	17.0
Seq10063_393_bp_-1_1_0	ENA|CAA24711|CAA24711.1	55.56	9	4	0	1	9	59	67	8.4	14.0
Seq10063_393_bp_-1_1_0	ENA|ACT10338|ACT10338.1	62.50	9	3	1	4	11	275	283	8.6	15.1
Seq10063_393_bp_-1_1_0	ENA|AAC49865|AAC49865.1	60.00	5	2	0	8	12	251	255	9.3	14.8
Seq10063_393_bp_-1_1_0	ENA|BAB79260|BAB79260.1	55.56	9	4	0	7	15	405	413	9.9	15.1
Seq10063_393_bp_-1_2_0	ENA|AAC17860|AAC17860.1	54.55	11	5	0	2	12	163	173	1.1	18.7
Seq10063_393_bp_-1_2_0	ENA|BAA32018|BAA32018.1	60.00	10	4	0	2	11	165	174	2	18.4
Seq10063_393_bp_-1_2_0	ENA|AAA18786|AAA18786.1	85.71	8	1	1	4	10	183	190	3.8	16.3
Seq10063_393_bp_-1_2_0	ENA|AAA36114|AAA36114.1	52.63	24	9	5	1	19	262	285	4.7	16.9
Seq10063_393_bp_-1_2_0	ENA|CAL82360|CAL82360.1	53.33	16	7	1	3	18	740	754	6.2	17.8
Seq10063_393_bp_-1_2_0	ENA|AAA25966|AAA25966.1	58.33	17	5	5	3	19	112	123	6.5	16.9
Seq10063_393_bp_-1_2_0	ENA|AAC26660|AAC26660.1	80.00	5	1	0	11	15	141	145	6.7	15.3
Seq10063_393_bp_-1_2_0	ENA|AAF79734|AAF79734.1	66.67	11	3	2	7	17	658	666	8.4	17.5
Seq10063_393_bp_-1_2_0	ENA|AAB26998|AAB26998.1	75.00	10	2	2	1	10	10	17	8.8	13.2
