Seq1872_84_bp_1_0_0	ENA|AAA36539|AAA36539.1	40.00	10	6	0	9	18	324	333	0.35	20.5
Seq1872_84_bp_1_0_0	ENA|ACH70901|ACH70901.1	75.00	8	2	0	5	12	331	338	0.42	19.8
Seq1872_84_bp_1_0_0	ENA|BAB79260|BAB79260.1	33.33	12	8	0	7	18	190	201	0.53	19.8
Seq1872_84_bp_1_0_0	ENA|ABK71357|ABK71357.1	40.00	15	9	0	2	16	142	156	0.68	19.2
Seq1872_84_bp_1_0_0	ENA|AAB96524|AAB96524.1	30.77	13	9	0	1	13	60	72	0.85	17.8
Seq1872_84_bp_1_0_0	ENA|BAA32991|BAA32991.1	35.71	14	9	0	2	15	27	40	1.9	15.2
Seq1872_84_bp_1_0_0	ENA|EDO47375|EDO47375.1	42.86	7	4	0	8	14	30	36	2.1	16.5
Seq1872_84_bp_1_0_0	ENA|ABN10845|ABN10845.1	50.00	6	3	0	13	18	104	109	2.5	16.5
Seq1872_84_bp_1_0_0	ENA|ACT10338|ACT10338.1	75.00	8	2	0	9	16	16	23	2.8	17.2
Seq1872_84_bp_1_0_0	ENA|BAA32018|BAA32018.1	83.33	6	1	0	4	9	537	542	2.8	17.8
Seq1872_84_bp_1_0_0	ENA|BAB17681|BAB17681.1	41.67	12	7	0	8	19	209	220	3.1	16.5
Seq1872_84_bp_1_0_0	ENA|ABD49687|ABD49687.1	62.50	8	3	0	3	10	1204	1211	3.1	19.2
Seq1872_84_bp_1_0_0	ENA|AAB66912|AAB66912.1	62.50	8	3	0	1	8	605	612	4.2	17.8
Seq1872_84_bp_1_0_0	ENA|BAA36759|BAA36759.1	45.45	11	6	0	3	13	173	183	5	15.9
Seq1872_84_bp_1_0_0	ENA|AAC97205|AAC97205.1	33.33	15	10	0	2	16	1216	1230	5.4	17.8
Seq1872_84_bp_1_0_0	ENA|CAA43419|CAA43419.1	41.67	12	7	0	1	12	184	195	6.3	15.9
Seq1872_84_bp_1_0_0	ENA|AAR37016|AAR37016.1	43.75	17	9	1	4	19	1007	1023	6.5	18.5
Seq1872_84_bp_1_0_0	ENA|AAA25966|AAA25966.1	57.14	7	3	0	1	7	442	448	7.8	16.5
Seq1872_84_bp_1_0_0	ENA|CAA26939|CAA26939.1	100.00	4	0	0	7	10	174	177	9.6	15.9
Seq1872_84_bp_1_0_0	ENA|AAI27517|AAI27517.1	40.00	10	6	0	1	10	482	491	9.9	15.9
Seq1872_84_bp_1_1_0	ENA|AAR37016|AAR37016.1	96.30	27	1	0	1	27	1293	1319	2.9e-20	86.7
Seq1872_84_bp_1_1_0	ENA|AAR37016|AAR37016.1	35.00	20	13	0	5	24	1768	1787	0.44	23.0
Seq1872_84_bp_1_1_0	ENA|AAA18786|AAA18786.1	66.67	9	3	0	12	20	179	187	0.14	21.5
Seq1872_84_bp_1_1_0	ENA|AAA24145|AAA24145.1	26.09	23	17	0	1	23	108	130	0.72	19.9
Seq1872_84_bp_1_1_0	ENA|ABD49687|ABD49687.1	61.54	15	5	2	11	25	1055	1067	1.9	20.4
Seq1872_84_bp_1_1_0	ENA|AAC08817|AAC08817.1	66.67	6	2	0	5	10	37	42	2.1	16.8
Seq1872_84_bp_1_1_0	ENA|BAA05866|BAA05866.1	45.45	11	6	0	6	16	283	293	2.8	17.3
Seq1872_84_bp_1_1_0	ENA|CAB75732|CAB75732.1	55.56	9	4	0	5	13	779	787	3.6	18.9
Seq1872_84_bp_1_1_0	ENA|CAA36214|CAA36214.1	30.00	20	14	0	7	26	157	176	3.9	16.8
Seq1872_84_bp_1_1_0	ENA|AAC40132|AAC40132.1	37.50	16	10	0	4	19	432	447	4.3	17.3
Seq1872_84_bp_1_1_0	ENA|CAA45708|CAA45708.1	50.00	12	6	0	11	22	508	519	4.7	18.9
Seq1872_84_bp_1_1_0	ENA|BAA32956|BAA32956.1	26.67	15	11	0	3	17	69	83	5.4	15.8
Seq1872_84_bp_1_1_0	ENA|AAB66912|AAB66912.1	71.43	7	2	0	4	10	494	500	5.8	17.9
Seq1872_84_bp_1_1_0	ENA|ABK71357|ABK71357.1	77.78	11	2	2	10	18	87	97	6.7	16.3
Seq1872_84_bp_1_1_0	ENA|ABD33854|ABD33854.1	75.00	4	1	0	21	24	41	44	6.8	13.7
Seq1872_84_bp_1_1_0	ENA|CAA11507|CAA11507.1	45.45	11	6	0	16	26	917	927	8.3	17.9
Seq1872_84_bp_1_1_0	ENA|ACT10338|ACT10338.1	62.50	8	3	0	5	12	131	138	9.7	15.8
Seq1872_84_bp_1_2_0	ENA|BAB79260|BAB79260.1	42.86	21	12	0	2	22	59	79	0.096	22.8
Seq1872_84_bp_1_2_0	ENA|AAC49865|AAC49865.1	54.55	11	5	0	5	15	76	86	0.33	20.6
Seq1872_84_bp_1_2_0	ENA|CAA36214|CAA36214.1	33.33	12	8	0	3	14	203	214	0.66	19.4
Seq1872_84_bp_1_2_0	ENA|CAA45708|CAA45708.1	37.50	24	15	0	4	27	472	495	0.7	21.7
Seq1872_84_bp_1_2_0	ENA|CAB75732|CAB75732.1	33.33	21	14	0	3	23	270	290	1.1	20.6
Seq1872_84_bp_1_2_0	ENA|CAA24711|CAA24711.1	50.00	8	4	0	6	13	85	92	3.7	16.1
Seq1872_84_bp_1_2_0	ENA|AAC97205|AAC97205.1	50.00	13	6	1	2	14	777	788	3.8	18.9
Seq1872_84_bp_1_2_0	ENA|CAA11507|CAA11507.1	45.00	21	11	1	2	22	177	196	4.2	18.9
Seq1872_84_bp_1_2_0	ENA|CAA36714|CAA36714.1	50.00	10	5	0	11	20	392	401	4.6	17.2
Seq1872_84_bp_1_2_0	ENA|AAR37016|AAR37016.1	37.50	16	10	0	3	18	1908	1923	4.9	19.4
Seq1872_84_bp_1_2_0	ENA|AAA36114|AAA36114.1	55.56	9	4	0	18	26	322	330	5	17.2
Seq1872_84_bp_1_2_0	ENA|CAA43419|CAA43419.1	45.45	11	6	0	3	13	155	165	5.3	16.6
Seq1872_84_bp_1_2_0	ENA|CAA29956|CAA29956.1	71.43	7	2	0	2	8	186	192	5.4	16.6
Seq1872_84_bp_1_2_0	ENA|AAC26660|AAC26660.1	80.00	5	1	0	9	13	224	228	5.4	16.1
Seq1872_84_bp_1_2_0	ENA|CAA73529|CAA73529.1	50.00	6	3	0	9	14	254	259	8.3	15.5
Seq1872_84_bp_1_2_0	ENA|BAA36759|BAA36759.1	66.67	6	2	0	19	24	90	95	8.7	15.5
Seq1872_84_bp_1_2_0	ENA|AAB66912|AAB66912.1	55.56	9	4	0	11	19	496	504	8.8	17.2
Seq1872_84_bp_1_2_0	ENA|AAB03707|AAB03707.1	77.78	11	2	2	15	25	403	411	8.8	17.8
Seq1872_84_bp_1_2_0	ENA|BAA32956|BAA32956.1	80.00	5	1	0	3	7	101	105	9.3	15.0
Seq1872_84_bp_1_2_0	ENA|AAA36539|AAA36539.1	66.67	6	2	0	17	22	390	395	9.7	16.1
Seq1872_84_bp_-1_0_0	ENA|CAA26023|CAA26023.1	62.50	8	3	0	3	10	12	19	0.62	19.9
Seq1872_84_bp_-1_0_0	ENA|AAI27517|AAI27517.1	46.15	13	7	0	7	19	104	116	0.96	19.9
Seq1872_84_bp_-1_0_0	ENA|AAC97205|AAC97205.1	31.82	22	15	0	6	27	169	190	2	19.9
Seq1872_84_bp_-1_0_0	ENA|AAA18786|AAA18786.1	38.89	18	11	0	8	25	178	195	2.5	17.3
Seq1872_84_bp_-1_0_0	ENA|ABN10845|ABN10845.1	33.33	12	8	0	10	21	113	124	2.9	16.8
Seq1872_84_bp_-1_0_0	ENA|AAC08817|AAC08817.1	33.33	12	8	0	7	18	21	32	3	16.3
Seq1872_84_bp_-1_0_0	ENA|CAA24711|CAA24711.1	35.29	17	11	0	3	19	44	60	3.3	16.3
Seq1872_84_bp_-1_0_0	ENA|CAA45708|CAA45708.1	31.58	19	13	0	10	28	179	197	3.5	19.4
Seq1872_84_bp_-1_0_0	ENA|AAB96524|AAB96524.1	50.00	10	5	0	4	13	82	91	3.5	16.3
Seq1872_84_bp_-1_0_0	ENA|CCP43727|CCP43727.1	50.00	10	5	0	11	20	88	97	4.4	16.8
Seq1872_84_bp_-1_0_0	ENA|AAR31603|AAR31603.1	35.29	17	11	0	3	19	250	266	4.4	16.8
Seq1872_84_bp_-1_0_0	ENA|ABK71357|ABK71357.1	62.50	8	3	0	7	14	303	310	4.9	16.8
Seq1872_84_bp_-1_0_0	ENA|ABD33854|ABD33854.1	50.00	8	4	0	21	28	42	49	5	14.3
Seq1872_84_bp_-1_0_0	ENA|ABD49687|ABD49687.1	38.89	18	11	0	8	25	1029	1046	7.6	18.4
Seq1872_84_bp_-1_0_0	ENA|BAA32956|BAA32956.1	66.67	6	2	0	21	26	152	157	7.8	15.3
Seq1872_84_bp_-1_0_0	ENA|AAB66912|AAB66912.1	31.25	16	11	0	1	16	12	27	8.3	17.3
Seq1872_84_bp_-1_0_0	ENA|CAA36714|CAA36714.1	40.00	10	6	0	6	15	324	333	8.5	16.3
Seq1872_84_bp_-1_0_0	ENA|AAQ92751|AAQ92751.2	38.46	13	8	0	10	22	967	979	8.6	17.9
Seq1872_84_bp_-1_0_0	ENA|CAD53387|CAD53387.1	57.14	7	3	0	4	10	464	470	9.1	16.3
Seq1872_84_bp_-1_0_0	ENA|ACH70901|ACH70901.1	55.56	9	4	0	11	19	151	159	9.3	15.8
Seq1872_84_bp_-1_1_0	ENA|ABK71357|ABK71357.1	66.67	9	3	0	11	19	186	194	0.18	21.1
Seq1872_84_bp_-1_1_0	ENA|AAC08817|AAC08817.1	50.00	10	5	0	1	10	126	135	0.6	18.1
Seq1872_84_bp_-1_1_0	ENA|ABD33854|ABD33854.1	44.44	9	5	0	1	9	28	36	0.85	16.3
Seq1872_84_bp_-1_1_0	ENA|AAI27517|AAI27517.1	71.43	7	2	0	7	13	293	299	0.98	19.3
Seq1872_84_bp_-1_1_0	ENA|BAA32956|BAA32956.1	71.43	7	2	0	12	18	54	60	1.2	17.5
Seq1872_84_bp_-1_1_0	ENA|CAD53387|CAD53387.1	55.56	9	4	0	7	15	464	472	1.3	18.7
Seq1872_84_bp_-1_1_0	ENA|CAA45708|CAA45708.1	71.43	7	2	0	10	16	705	711	1.6	19.9
Seq1872_84_bp_-1_1_0	ENA|EDO47375|EDO47375.1	33.33	15	10	0	5	19	3	17	1.7	16.9
Seq1872_84_bp_-1_1_0	ENA|CAA26939|CAA26939.1	46.15	13	7	0	7	19	293	305	2.2	18.1
Seq1872_84_bp_-1_1_0	ENA|AAA25966|AAA25966.1	33.33	15	10	0	2	16	184	198	2.7	18.1
Seq1872_84_bp_-1_1_0	ENA|AAC49865|AAC49865.1	50.00	10	5	0	4	13	274	283	2.9	16.9
Seq1872_84_bp_-1_1_0	ENA|CAB75732|CAB75732.1	41.67	12	7	0	5	16	189	200	2.9	18.7
Seq1872_84_bp_-1_1_0	ENA|AAB66912|AAB66912.1	40.00	10	6	0	10	19	921	930	3.5	18.1
Seq1872_84_bp_-1_1_0	ENA|CAA26023|CAA26023.1	26.67	15	11	0	2	16	196	210	5	16.3
Seq1872_84_bp_-1_1_0	ENA|CAA45199|CAA45199.1	30.00	10	7	0	10	19	89	98	6	16.3
Seq1872_84_bp_-1_1_0	ENA|AAC40132|AAC40132.1	31.25	16	11	0	4	19	388	403	6.1	16.3
Seq1872_84_bp_-1_1_0	ENA|AAF79734|AAF79734.1	45.45	11	6	0	5	15	775	785	7.9	17.5
Seq1872_84_bp_-1_1_0	ENA|AAC78721|AAC78721.1	42.86	14	8	0	4	17	522	535	8.4	16.3
Seq1872_84_bp_-1_2_0	ENA|BAA36759|BAA36759.1	77.78	10	2	1	4	13	151	159	0.21	21.0
Seq1872_84_bp_-1_2_0	ENA|ACH70901|ACH70901.1	83.33	6	1	0	11	16	178	183	0.26	21.0
Seq1872_84_bp_-1_2_0	ENA|AAC08817|AAC08817.1	38.46	13	8	0	12	24	99	111	0.77	18.3
Seq1872_84_bp_-1_2_0	ENA|BAA32956|BAA32956.1	50.00	10	5	0	3	12	189	198	1	18.3
Seq1872_84_bp_-1_2_0	ENA|AAB66912|AAB66912.1	31.25	16	11	0	9	24	31	46	1.4	19.9
Seq1872_84_bp_-1_2_0	ENA|AAA72732|AAA72732.1	25.00	20	15	0	6	25	123	142	1.5	18.3
Seq1872_84_bp_-1_2_0	ENA|CAB75732|CAB75732.1	22.73	22	17	0	4	25	192	213	1.8	19.9
Seq1872_84_bp_-1_2_0	ENA|CAD53387|CAD53387.1	66.67	6	2	0	5	10	33	38	2.4	18.3
Seq1872_84_bp_-1_2_0	ENA|EDO47375|EDO47375.1	50.00	6	3	0	9	14	74	79	2.9	16.6
Seq1872_84_bp_-1_2_0	ENA|AAB03707|AAB03707.1	43.75	16	9	0	2	17	866	881	3.1	19.4
Seq1872_84_bp_-1_2_0	ENA|ABG75784|ABG75784.1	40.00	10	6	0	16	25	266	275	3.2	17.2
Seq1872_84_bp_-1_2_0	ENA|AAF79734|AAF79734.1	31.25	16	11	0	6	21	466	481	3.2	19.4
Seq1872_84_bp_-1_2_0	ENA|AAA25966|AAA25966.1	62.50	8	3	0	12	19	605	612	3.5	18.3
Seq1872_84_bp_-1_2_0	ENA|AAA36114|AAA36114.1	57.14	7	3	0	13	19	503	509	3.6	17.7
Seq1872_84_bp_-1_2_0	ENA|AAA32624|AAA32624.1	37.50	16	10	0	6	21	128	143	3.7	17.7
Seq1872_84_bp_-1_2_0	ENA|CAA24711|CAA24711.1	55.56	9	4	0	16	24	84	92	3.8	16.1
Seq1872_84_bp_-1_2_0	ENA|ABN10845|ABN10845.1	36.36	11	7	0	16	26	63	73	4.7	16.1
Seq1872_84_bp_-1_2_0	ENA|AAI27517|AAI27517.1	35.29	17	11	0	8	24	460	476	5.9	17.2
Seq1872_84_bp_-1_2_0	ENA|CAA36214|CAA36214.1	55.56	9	4	0	7	15	37	45	6.5	16.1
Seq1872_84_bp_-1_2_0	ENA|CAA43419|CAA43419.1	35.00	20	13	0	4	23	30	49	7.8	16.1
Seq1872_84_bp_-1_2_0	ENA|AAC97205|AAC97205.1	40.00	16	9	1	10	24	1135	1150	8.3	17.7
Seq1872_84_bp_-1_2_0	ENA|CAA28033|CAA28033.1	25.00	20	15	0	1	20	956	975	8.7	17.7
Seq1872_84_bp_-1_2_0	ENA|CCP43727|CCP43727.1	40.00	10	6	0	17	26	282	291	10	15.5
