Seq1111_56_bp_1_0_0	ENA|ABD33854|ABD33854.1	100.00	5	0	0	1	5	21	25	0.0076	22.2
Seq1111_56_bp_1_0_0	ENA|CAA45708|CAA45708.1	85.71	8	1	1	3	9	875	882	0.76	20.1
Seq1111_56_bp_1_0_0	ENA|AAQ92751|AAQ92751.2	100.00	4	0	0	6	9	112	115	1.4	19.1
Seq1111_56_bp_1_0_0	ENA|AAB26998|AAB26998.1	100.00	3	0	0	6	8	63	65	1.9	14.5
Seq1111_56_bp_1_0_0	ENA|AAC78721|AAC78721.1	80.00	5	1	0	2	6	321	325	2	17.6
Seq1111_56_bp_1_0_0	ENA|AAB03707|AAB03707.1	100.00	4	0	0	5	8	783	786	2	18.6
Seq1111_56_bp_1_0_0	ENA|CAA11507|CAA11507.1	100.00	4	0	0	1	4	325	328	2.8	18.1
Seq1111_56_bp_1_0_0	ENA|BAA05866|BAA05866.1	66.67	6	2	0	3	8	274	279	3.7	15.5
Seq1111_56_bp_1_0_0	ENA|AAB96524|AAB96524.1	100.00	3	0	0	1	3	156	158	4.5	14.5
Seq1111_56_bp_1_0_0	ENA|ABN10845|ABN10845.1	100.00	3	0	0	1	3	110	112	5.2	14.5
Seq1111_56_bp_1_0_0	ENA|AAC26660|AAC26660.1	100.00	3	0	0	7	9	97	99	6.1	14.5
Seq1111_56_bp_1_0_0	ENA|AAR37016|AAR37016.1	100.00	4	0	0	4	7	1010	1013	6.6	17.6
Seq1111_56_bp_1_0_0	ENA|CCP43727|CCP43727.1	100.00	3	0	0	1	3	216	218	7.7	14.5
Seq1111_56_bp_1_0_0	ENA|ACT10338|ACT10338.1	80.00	5	1	0	3	7	252	256	9	14.5
Seq1111_56_bp_1_0_0	ENA|BAB17681|BAB17681.1	100.00	3	0	0	3	5	80	82	9	14.0
Seq1111_56_bp_1_0_0	ENA|BAA36759|BAA36759.1	100.00	3	0	0	5	7	282	284	9.5	14.0
Seq1111_56_bp_1_1_0	ENA|AAC17860|AAC17860.1	94.44	18	1	0	1	18	268	285	1.2e-16	71.6
Seq1111_56_bp_1_1_0	ENA|AAC17860|AAC17860.1	100.00	6	0	0	5	10	217	222	0.0016	28.0
Seq1111_56_bp_1_1_0	ENA|AAQ92751|AAQ92751.2	100.00	5	0	0	3	7	1009	1013	0.24	22.5
Seq1111_56_bp_1_1_0	ENA|CAA26023|CAA26023.1	100.00	4	0	0	5	8	217	220	0.44	19.8
Seq1111_56_bp_1_1_0	ENA|AAR37016|AAR37016.1	83.33	6	1	0	7	12	1176	1181	1.2	20.9
Seq1111_56_bp_1_1_0	ENA|ABD49687|ABD49687.1	80.00	5	1	0	6	10	238	242	2.8	19.2
Seq1111_56_bp_1_1_0	ENA|CAA36214|CAA36214.1	80.00	5	1	0	1	5	86	90	3.3	16.5
Seq1111_56_bp_1_1_0	ENA|AAC78721|AAC78721.1	80.00	5	1	0	8	12	322	326	4.9	17.1
Seq1111_56_bp_1_1_0	ENA|AAC08817|AAC08817.1	100.00	3	0	0	12	14	88	90	5.1	14.9
Seq1111_56_bp_1_1_0	ENA|AAB26998|AAB26998.1	100.00	3	0	0	2	4	21	23	5.4	13.8
Seq1111_56_bp_1_1_0	ENA|CAA43419|CAA43419.1	100.00	3	0	0	6	8	284	286	5.6	16.0
Seq1111_56_bp_1_1_0	ENA|CAA24711|CAA24711.1	100.00	3	0	0	12	14	44	46	5.6	14.9
Seq1111_56_bp_1_1_0	ENA|EDO47375|EDO47375.1	100.00	3	0	0	5	7	150	152	6.1	14.9
Seq1111_56_bp_1_1_0	ENA|ABN10845|ABN10845.1	100.00	3	0	0	1	3	79	81	7	14.9
Seq1111_56_bp_1_1_0	ENA|CAA36714|CAA36714.1	100.00	3	0	0	11	13	86	88	7	16.0
Seq1111_56_bp_1_1_0	ENA|CAA45708|CAA45708.1	83.33	7	1	1	6	11	808	814	7.4	17.6
Seq1111_56_bp_1_1_0	ENA|AAA42531|AAA42531.1	100.00	3	0	0	7	9	273	275	8.4	15.4
Seq1111_56_bp_1_1_0	ENA|AAA18786|AAA18786.1	100.00	3	0	0	1	3	49	51	8.4	14.9
Seq1111_56_bp_1_2_0	ENA|BAB79260|BAB79260.1	83.33	6	1	0	4	9	89	94	0.6	19.6
Seq1111_56_bp_1_2_0	ENA|AAS77176|AAS77176.1	100.00	9	0	3	1	9	254	259	0.75	18.6
Seq1111_56_bp_1_2_0	ENA|BAA05866|BAA05866.1	100.00	4	0	0	8	11	250	253	0.8	18.6
Seq1111_56_bp_1_2_0	ENA|CAA24711|CAA24711.1	100.00	4	0	0	14	17	127	130	0.87	17.6
Seq1111_56_bp_1_2_0	ENA|AAA24145|AAA24145.1	75.00	10	2	2	11	18	18	27	1.7	18.1
Seq1111_56_bp_1_2_0	ENA|AAC26660|AAC26660.1	80.00	5	1	0	7	11	11	15	1.8	17.1
Seq1111_56_bp_1_2_0	ENA|AAC97205|AAC97205.1	62.50	8	3	0	10	17	71	78	4.3	18.1
Seq1111_56_bp_1_2_0	ENA|AAQ92751|AAQ92751.2	100.00	4	0	0	14	17	85	88	6.6	17.6
Seq1111_56_bp_1_2_0	ENA|AAA25966|AAA25966.1	85.71	8	1	1	1	7	613	620	6.8	16.7
Seq1111_56_bp_1_2_0	ENA|ABG75784|ABG75784.1	85.71	12	1	5	5	16	210	216	7.9	15.2
Seq1111_56_bp_1_2_0	ENA|ACT10338|ACT10338.1	100.00	3	0	0	10	12	8	10	9.7	15.2
Seq1111_56_bp_-1_0_0	ENA|CAA24711|CAA24711.1	100.00	4	0	0	3	6	107	110	2.9	15.2
Seq1111_56_bp_-1_0_0	ENA|EDO47375|EDO47375.1	100.00	4	0	0	1	4	60	63	3.1	15.2
Seq1111_56_bp_-1_0_0	ENA|ABN10845|ABN10845.1	100.00	4	0	0	1	4	214	217	3.6	15.2
Seq1111_56_bp_-1_0_0	ENA|ACH70901|ACH70901.1	100.00	4	0	0	5	8	216	219	4.5	15.6
Seq1111_56_bp_-1_0_0	ENA|CCP43727|CCP43727.1	100.00	4	0	0	4	7	77	80	5.4	15.2
Seq1111_56_bp_-1_0_0	ENA|CAA26023|CAA26023.1	100.00	4	0	0	1	4	27	30	6.2	15.2
Seq1111_56_bp_-1_0_0	ENA|BAB79260|BAB79260.1	100.00	4	0	0	1	4	94	97	7.3	15.2
Seq1111_56_bp_-1_0_0	ENA|AAB26998|AAB26998.1	66.67	6	2	0	1	6	8	13	9.2	12.3
Seq1111_56_bp_-1_0_0	ENA|AAA24145|AAA24145.1	80.00	5	1	0	5	9	179	183	9.6	14.8
Seq1111_56_bp_-1_1_0	ENA|BAA32991|BAA32991.1	100.00	3	0	0	14	16	32	34	0.33	17.7
Seq1111_56_bp_-1_1_0	ENA|BAA32956|BAA32956.1	100.00	3	0	0	2	4	89	91	1	17.7
Seq1111_56_bp_-1_1_0	ENA|ABN10845|ABN10845.1	100.00	3	0	0	9	11	23	25	1.6	17.1
Seq1111_56_bp_-1_1_0	ENA|AAC26660|AAC26660.1	100.00	3	0	0	12	14	215	217	1.8	17.1
Seq1111_56_bp_-1_1_0	ENA|CAA26939|CAA26939.1	100.00	3	0	0	1	3	18	20	2.7	17.7
Seq1111_56_bp_-1_1_0	ENA|CAL82360|CAL82360.1	80.00	5	1	0	10	14	942	946	4.1	18.3
Seq1111_56_bp_-1_1_0	ENA|CAA28033|CAA28033.1	100.00	3	0	0	7	9	42	44	4.1	18.3
Seq1111_56_bp_-1_1_0	ENA|BAB79260|BAB79260.1	75.00	4	1	0	11	14	392	395	4.7	16.5
Seq1111_56_bp_-1_1_0	ENA|AAB96524|AAB96524.1	100.00	3	0	0	16	18	180	182	6.2	14.8
Seq1111_56_bp_-1_1_0	ENA|AAF79734|AAF79734.1	100.00	3	0	0	1	3	3	5	6.7	17.7
Seq1111_56_bp_-1_1_0	ENA|AAC49865|AAC49865.1	100.00	3	0	0	15	17	19	21	7.4	15.4
Seq1111_56_bp_-1_1_0	ENA|CAA11507|CAA11507.1	100.00	3	0	0	8	10	924	926	9.1	17.1
Seq1111_56_bp_-1_1_0	ENA|AAQ92751|AAQ92751.2	100.00	3	0	0	8	10	547	549	9.2	17.1
Seq1111_56_bp_-1_2_0	ENA|ABK71357|ABK71357.1	100.00	5	0	0	3	7	206	210	0.01	25.2
Seq1111_56_bp_-1_2_0	ENA|AAA42531|AAA42531.1	83.33	6	1	0	2	7	158	163	0.087	22.1
Seq1111_56_bp_-1_2_0	ENA|CAA45199|CAA45199.1	100.00	4	0	0	10	13	196	199	0.37	20.3
Seq1111_56_bp_-1_2_0	ENA|AAF79734|AAF79734.1	83.33	6	1	0	11	16	847	852	0.49	21.5
Seq1111_56_bp_-1_2_0	ENA|AAC97205|AAC97205.1	100.00	4	0	0	3	6	437	440	0.64	20.9
Seq1111_56_bp_-1_2_0	ENA|CAL82360|CAL82360.1	100.00	4	0	0	12	15	810	813	0.66	20.9
Seq1111_56_bp_-1_2_0	ENA|CAA11507|CAA11507.1	83.33	6	1	0	11	16	152	157	0.7	20.9
Seq1111_56_bp_-1_2_0	ENA|AAQ92751|AAQ92751.2	100.00	4	0	0	15	18	1131	1134	0.71	20.9
Seq1111_56_bp_-1_2_0	ENA|AAR37016|AAR37016.1	100.00	4	0	0	7	10	681	684	1.8	20.3
Seq1111_56_bp_-1_2_0	ENA|CAA24711|CAA24711.1	75.00	4	1	0	2	5	123	126	2.5	16.1
Seq1111_56_bp_-1_2_0	ENA|BAB79260|BAB79260.1	80.00	5	1	0	13	17	182	186	2.8	17.3
Seq1111_56_bp_-1_2_0	ENA|ABG75784|ABG75784.1	100.00	3	0	0	16	18	256	258	3	16.7
Seq1111_56_bp_-1_2_0	ENA|ACH70901|ACH70901.1	100.00	3	0	0	16	18	189	191	3.4	16.7
Seq1111_56_bp_-1_2_0	ENA|CAA73529|CAA73529.1	100.00	3	0	0	7	9	65	67	3.9	16.1
Seq1111_56_bp_-1_2_0	ENA|AAA24145|AAA24145.1	100.00	3	0	0	12	14	78	80	4.3	16.7
Seq1111_56_bp_-1_2_0	ENA|AAA72732|AAA72732.1	100.00	3	0	0	11	13	27	29	4.5	16.1
Seq1111_56_bp_-1_2_0	ENA|CAA43419|CAA43419.1	100.00	3	0	0	3	5	198	200	5.2	16.1
Seq1111_56_bp_-1_2_0	ENA|CAA29956|CAA29956.1	100.00	3	0	0	11	13	194	196	5.3	16.1
Seq1111_56_bp_-1_2_0	ENA|ACT10338|ACT10338.1	100.00	3	0	0	7	9	367	369	5.5	16.1
Seq1111_56_bp_-1_2_0	ENA|AAA18786|AAA18786.1	100.00	3	0	0	14	16	162	164	5.7	15.5
Seq1111_56_bp_-1_2_0	ENA|AAC40132|AAC40132.1	100.00	3	0	0	7	9	376	378	6.7	16.1
Seq1111_56_bp_-1_2_0	ENA|AAC78721|AAC78721.1	100.00	3	0	0	1	3	148	150	9.2	16.1
Seq1111_56_bp_-1_2_0	ENA|CAA36214|CAA36214.1	100.00	3	0	0	9	11	168	170	9.6	14.9
Seq1111_56_bp_-1_2_0	ENA|AAA36539|AAA36539.1	100.00	3	0	0	15	17	317	319	9.8	15.5
