Seq5307_131_bp_1_0_0	ENA|CAA26023|CAA26023.1	97.67	43	1	0	1	43	1	43	1e-37	142.7
Seq5307_131_bp_1_0_0	ENA|CAA26023|CAA26023.1	66.67	12	4	0	30	41	174	185	3.8e-05	34.5
Seq5307_131_bp_1_0_0	ENA|CAA26023|CAA26023.1	50.00	12	6	0	26	37	82	93	0.049	24.2
Seq5307_131_bp_1_0_0	ENA|CAA26023|CAA26023.1	44.44	20	10	2	25	42	107	126	0.049	24.2
Seq5307_131_bp_1_0_0	ENA|CAA26023|CAA26023.1	60.00	10	4	0	27	36	149	158	0.22	22.0
Seq5307_131_bp_1_0_0	ENA|AAB26998|AAB26998.1	87.50	8	1	0	30	37	4	11	0.0032	25.8
Seq5307_131_bp_1_0_0	ENA|BAB79260|BAB79260.1	72.73	13	3	2	31	43	202	212	0.084	23.7
Seq5307_131_bp_1_0_0	ENA|BAB79260|BAB79260.1	46.15	13	7	0	26	38	351	363	0.26	22.0
Seq5307_131_bp_1_0_0	ENA|BAB79260|BAB79260.1	43.75	17	9	1	25	40	427	443	0.56	20.9
Seq5307_131_bp_1_0_0	ENA|CAD53387|CAD53387.1	57.89	21	8	2	2	20	451	471	0.14	23.1
Seq5307_131_bp_1_0_0	ENA|CAD53387|CAD53387.1	75.00	14	3	2	7	20	5	16	0.29	22.0
Seq5307_131_bp_1_0_0	ENA|CAD53387|CAD53387.1	75.00	14	3	2	7	20	71	82	0.29	22.0
Seq5307_131_bp_1_0_0	ENA|CAD53387|CAD53387.1	75.00	14	3	2	7	20	137	148	0.29	22.0
Seq5307_131_bp_1_0_0	ENA|CAD53387|CAD53387.1	75.00	14	3	2	7	20	203	214	0.29	22.0
Seq5307_131_bp_1_0_0	ENA|CAD53387|CAD53387.1	75.00	14	3	2	7	20	269	280	0.29	22.0
Seq5307_131_bp_1_0_0	ENA|CAD53387|CAD53387.1	75.00	14	3	2	7	20	335	346	0.29	22.0
Seq5307_131_bp_1_0_0	ENA|CAD53387|CAD53387.1	75.00	14	3	2	7	20	401	412	0.29	22.0
Seq5307_131_bp_1_0_0	ENA|BAA32956|BAA32956.1	60.00	10	4	0	14	23	162	171	0.18	21.5
Seq5307_131_bp_1_0_0	ENA|AAI27517|AAI27517.1	53.33	15	7	0	5	19	450	464	0.23	22.6
Seq5307_131_bp_1_0_0	ENA|CAA24711|CAA24711.1	55.56	9	4	0	30	38	107	115	0.31	20.4
Seq5307_131_bp_1_0_0	ENA|AAC08817|AAC08817.1	47.06	19	9	2	7	25	44	60	0.41	19.9
Seq5307_131_bp_1_0_0	ENA|ABD49687|ABD49687.1	60.00	16	6	1	14	29	520	534	0.68	22.6
Seq5307_131_bp_1_0_0	ENA|AAR31603|AAR31603.1	50.00	12	6	0	1	12	297	308	0.85	19.9
Seq5307_131_bp_1_0_0	ENA|CAA11507|CAA11507.1	62.50	8	3	0	31	38	39	46	1.6	20.9
Seq5307_131_bp_1_0_0	ENA|AAB96524|AAB96524.1	80.00	5	1	0	12	16	84	88	2.1	17.7
Seq5307_131_bp_1_0_0	ENA|AAC26660|AAC26660.1	28.57	14	10	0	25	38	4	17	2.9	17.7
Seq5307_131_bp_1_0_0	ENA|AAC97205|AAC97205.1	100.00	4	0	0	37	40	764	767	3.1	19.9
Seq5307_131_bp_1_0_0	ENA|AAB66912|AAB66912.1	55.56	21	8	3	12	30	516	535	3.4	19.3
Seq5307_131_bp_1_0_0	ENA|AAF79734|AAF79734.1	60.00	10	4	0	4	13	188	197	3.7	19.9
Seq5307_131_bp_1_0_0	ENA|CAA26939|CAA26939.1	33.33	9	6	0	35	43	7	15	4.4	18.2
Seq5307_131_bp_1_0_0	ENA|AAA72732|AAA72732.1	47.37	21	10	2	14	32	43	63	5.1	17.1
Seq5307_131_bp_1_0_0	ENA|AAR37016|AAR37016.1	66.67	9	3	0	26	34	1128	1136	5.8	19.9
Seq5307_131_bp_1_0_0	ENA|CAA29956|CAA29956.1	50.00	8	4	0	13	20	369	376	6.1	17.1
Seq5307_131_bp_1_0_0	ENA|ACT10338|ACT10338.1	75.00	4	1	0	37	40	301	304	6.3	17.1
Seq5307_131_bp_1_0_0	ENA|ABD33854|ABD33854.1	42.86	7	4	0	30	36	9	15	9.5	13.9
Seq5307_131_bp_1_1_0	ENA|CAA26939|CAA26939.1	54.55	11	5	0	13	23	176	186	0.041	24.2
Seq5307_131_bp_1_1_0	ENA|AAB66912|AAB66912.1	57.14	7	3	0	18	24	917	923	1.1	20.1
Seq5307_131_bp_1_1_0	ENA|AAC78721|AAC78721.1	42.11	19	11	0	5	23	344	362	1.2	19.5
Seq5307_131_bp_1_1_0	ENA|AAA36539|AAA36539.1	42.86	7	4	0	12	18	48	54	1.3	18.9
Seq5307_131_bp_1_1_0	ENA|AAR31603|AAR31603.1	33.33	12	8	0	3	14	212	223	1.3	18.4
Seq5307_131_bp_1_1_0	ENA|CAA43419|CAA43419.1	33.33	15	10	0	3	17	46	60	1.5	18.4
Seq5307_131_bp_1_1_0	ENA|BAA36759|BAA36759.1	80.00	5	1	0	20	24	257	261	1.8	17.8
Seq5307_131_bp_1_1_0	ENA|AAA25966|AAA25966.1	30.00	10	7	0	1	10	105	114	1.9	18.9
Seq5307_131_bp_1_1_0	ENA|AAC08817|AAC08817.1	100.00	4	0	0	19	22	121	124	2.1	16.6
Seq5307_131_bp_1_1_0	ENA|CAA36714|CAA36714.1	80.00	5	1	0	1	5	456	460	2.8	17.8
Seq5307_131_bp_1_1_0	ENA|AAC49865|AAC49865.1	80.00	5	1	0	9	13	325	329	3	17.2
Seq5307_131_bp_1_1_0	ENA|AAB96524|AAB96524.1	40.00	10	6	0	1	10	168	177	3.7	16.0
Seq5307_131_bp_1_1_0	ENA|AAS77176|AAS77176.1	50.00	6	3	0	1	6	156	161	3.9	16.6
Seq5307_131_bp_1_1_0	ENA|BAA05866|BAA05866.1	37.50	8	5	0	12	19	38	45	4.1	16.6
Seq5307_131_bp_1_1_0	ENA|AAC97205|AAC97205.1	75.00	8	2	0	2	9	908	915	4.9	18.4
Seq5307_131_bp_1_1_0	ENA|CAA26023|CAA26023.1	66.67	6	2	0	19	24	275	280	5.1	16.6
Seq5307_131_bp_1_1_0	ENA|AAI27517|AAI27517.1	44.44	9	5	0	16	24	525	533	5.2	17.2
Seq5307_131_bp_1_1_0	ENA|AAA18786|AAA18786.1	100.00	4	0	0	20	23	241	244	5.3	16.0
Seq5307_131_bp_1_1_0	ENA|AAR37016|AAR37016.1	71.43	7	2	0	12	18	925	931	6.1	18.9
Seq5307_131_bp_1_1_0	ENA|BAA32956|BAA32956.1	66.67	6	2	0	16	21	105	110	6.2	15.4
Seq5307_131_bp_1_1_0	ENA|ABD49687|ABD49687.1	80.00	5	1	0	19	23	188	192	6.6	18.4
Seq5307_131_bp_1_1_0	ENA|CAA28033|CAA28033.1	66.67	6	2	0	18	23	60	65	7.5	17.8
Seq5307_131_bp_1_1_0	ENA|BAB79260|BAB79260.1	46.15	13	7	0	5	17	75	87	8.7	16.0
Seq5307_131_bp_1_1_0	ENA|AAA24145|AAA24145.1	71.43	7	2	0	16	22	420	426	8.8	16.0
Seq5307_131_bp_1_1_0	ENA|CAA45199|CAA45199.1	69.23	15	4	2	2	16	277	289	9	16.0
Seq5307_131_bp_1_1_0	ENA|CAD53387|CAD53387.1	55.56	9	4	0	14	22	461	469	9.5	16.0
Seq5307_131_bp_1_1_1	ENA|ABG75784|ABG75784.1	66.67	6	2	0	10	15	309	314	1.3	17.9
Seq5307_131_bp_1_1_1	ENA|CAA26939|CAA26939.1	83.33	6	1	0	12	17	20	25	3.3	17.4
Seq5307_131_bp_1_1_1	ENA|BAA32991|BAA32991.1	60.00	5	2	0	13	17	42	46	3.4	14.3
Seq5307_131_bp_1_1_1	ENA|BAB79260|BAB79260.1	30.77	13	9	0	2	14	168	180	3.7	16.9
Seq5307_131_bp_1_1_1	ENA|AAI27517|AAI27517.1	66.67	6	2	0	5	10	178	183	4.8	16.9
Seq5307_131_bp_1_1_1	ENA|AAC49865|AAC49865.1	28.57	14	10	0	5	18	205	218	7.6	15.3
Seq5307_131_bp_1_1_1	ENA|AAC26660|AAC26660.1	66.67	6	2	0	3	8	138	143	8.4	14.8
Seq5307_131_bp_1_1_1	ENA|BAA32956|BAA32956.1	100.00	4	0	0	2	5	44	47	9.7	14.3
Seq5307_131_bp_1_2_0	ENA|ABD49687|ABD49687.1	39.29	29	17	1	4	31	95	123	0.0018	31.1
Seq5307_131_bp_1_2_0	ENA|AAR31603|AAR31603.1	41.38	29	17	0	9	37	283	311	0.0019	28.7
Seq5307_131_bp_1_2_0	ENA|AAR31603|AAR31603.1	54.55	11	5	0	6	16	272	282	0.083	23.2
Seq5307_131_bp_1_2_0	ENA|AAR31603|AAR31603.1	29.17	24	17	0	8	31	245	268	0.29	21.4
Seq5307_131_bp_1_2_0	ENA|BAB79260|BAB79260.1	58.33	12	5	0	31	42	263	274	0.006	27.5
Seq5307_131_bp_1_2_0	ENA|AAC08817|AAC08817.1	48.00	26	13	1	5	29	2	27	0.091	22.0
Seq5307_131_bp_1_2_0	ENA|AAC08817|AAC08817.1	55.56	9	4	0	12	20	133	141	0.74	19.0
Seq5307_131_bp_1_2_0	ENA|AAQ92751|AAQ92751.2	66.67	9	3	0	1	9	1025	1033	0.099	25.0
Seq5307_131_bp_1_2_0	ENA|AAI27517|AAI27517.1	33.33	21	14	0	11	31	98	118	0.15	23.2
Seq5307_131_bp_1_2_0	ENA|CAA36214|CAA36214.1	50.00	10	5	0	30	39	110	119	0.27	21.4
Seq5307_131_bp_1_2_0	ENA|CAA26023|CAA26023.1	57.14	15	6	1	7	21	8	21	0.34	21.4
Seq5307_131_bp_1_2_0	ENA|CAB75732|CAB75732.1	66.67	9	3	0	12	20	245	253	0.45	22.6
Seq5307_131_bp_1_2_0	ENA|CCP43727|CCP43727.1	50.00	10	5	0	6	15	260	269	1	19.6
Seq5307_131_bp_1_2_0	ENA|CAD53387|CAD53387.1	55.56	9	4	0	24	32	8	16	1	20.2
Seq5307_131_bp_1_2_0	ENA|AAA32624|AAA32624.1	60.00	10	4	0	14	23	90	99	2.4	19.0
Seq5307_131_bp_1_2_0	ENA|ACT10338|ACT10338.1	83.33	6	1	0	35	40	19	24	2.8	18.4
Seq5307_131_bp_1_2_0	ENA|AAA18786|AAA18786.1	42.11	21	11	2	6	26	62	80	2.9	17.8
Seq5307_131_bp_1_2_0	ENA|CAA45708|CAA45708.1	45.45	11	6	0	8	18	1027	1037	3.1	20.2
Seq5307_131_bp_1_2_0	ENA|CAA36714|CAA36714.1	62.50	8	3	0	35	42	87	94	3.3	18.4
Seq5307_131_bp_1_2_0	ENA|AAA25966|AAA25966.1	62.50	8	3	0	15	22	718	725	3.4	19.0
Seq5307_131_bp_1_2_0	ENA|BAA32956|BAA32956.1	66.67	6	2	0	24	29	74	79	3.4	17.2
Seq5307_131_bp_1_2_0	ENA|AAA36114|AAA36114.1	35.71	14	9	0	30	43	496	509	3.6	18.4
Seq5307_131_bp_1_2_0	ENA|ACH70901|ACH70901.1	100.00	3	0	0	3	5	294	296	3.9	17.8
Seq5307_131_bp_1_2_0	ENA|CAA43419|CAA43419.1	50.00	8	4	0	15	22	30	37	3.9	17.8
Seq5307_131_bp_1_2_0	ENA|AAB66912|AAB66912.1	80.00	5	1	0	19	23	624	628	4.3	19.0
Seq5307_131_bp_1_2_0	ENA|BAA32018|BAA32018.1	47.06	17	9	0	2	18	322	338	4.4	18.4
Seq5307_131_bp_1_2_0	ENA|BAB17681|BAB17681.1	46.15	13	7	0	5	17	219	231	4.4	17.2
Seq5307_131_bp_1_2_0	ENA|AAR37016|AAR37016.1	50.00	8	4	0	22	29	1174	1181	4.7	20.2
Seq5307_131_bp_1_2_0	ENA|AAA72732|AAA72732.1	57.14	7	3	0	23	29	279	285	5	17.2
Seq5307_131_bp_1_2_0	ENA|AAA42531|AAA42531.1	50.00	8	4	0	17	24	273	280	6.2	17.2
Seq5307_131_bp_1_2_0	ENA|AAF79734|AAF79734.1	44.44	9	5	0	12	20	82	90	6.5	19.0
Seq5307_131_bp_1_2_0	ENA|CAA45199|CAA45199.1	27.27	11	8	0	3	13	409	419	7.4	17.2
Seq5307_131_bp_1_2_0	ENA|ABN10845|ABN10845.1	100.00	3	0	0	41	43	196	198	7.9	15.9
Seq5307_131_bp_1_2_0	ENA|AAC97205|AAC97205.1	33.33	15	10	0	25	39	413	427	8.3	18.4
Seq5307_131_bp_1_2_0	ENA|ABK71357|ABK71357.1	33.33	12	8	0	11	22	90	101	8.8	16.6
Seq5307_131_bp_1_2_0	ENA|CAA29956|CAA29956.1	66.67	6	2	0	15	20	371	376	8.9	16.6
Seq5307_131_bp_1_2_0	ENA|AAC17860|AAC17860.1	44.44	9	5	0	33	41	242	250	9.6	16.6
Seq5307_131_bp_-1_0_0	ENA|AAF79734|AAF79734.1	60.00	20	8	0	5	24	342	361	0.00047	32.8
Seq5307_131_bp_-1_0_0	ENA|AAF79734|AAF79734.1	25.81	31	23	0	1	31	484	514	0.25	23.8
Seq5307_131_bp_-1_0_0	ENA|CAA26023|CAA26023.1	75.00	17	4	1	26	41	8	24	0.0024	28.6
Seq5307_131_bp_-1_0_0	ENA|CAD53387|CAD53387.1	41.67	24	14	0	13	36	60	83	0.042	24.8
Seq5307_131_bp_-1_0_0	ENA|CAD53387|CAD53387.1	41.67	24	14	0	13	36	126	149	0.042	24.8
Seq5307_131_bp_-1_0_0	ENA|CAD53387|CAD53387.1	41.67	24	14	0	13	36	192	215	0.042	24.8
Seq5307_131_bp_-1_0_0	ENA|CAD53387|CAD53387.1	41.67	24	14	0	13	36	258	281	0.042	24.8
Seq5307_131_bp_-1_0_0	ENA|CAD53387|CAD53387.1	41.67	24	14	0	13	36	324	347	0.042	24.8
Seq5307_131_bp_-1_0_0	ENA|CAD53387|CAD53387.1	41.67	24	14	0	13	36	390	413	0.042	24.8
Seq5307_131_bp_-1_0_0	ENA|CAB75732|CAB75732.1	32.35	35	23	1	7	41	1091	1124	0.2	23.8
Seq5307_131_bp_-1_0_0	ENA|AAQ92751|AAQ92751.2	53.33	15	7	0	8	22	129	143	2.2	20.6
Seq5307_131_bp_-1_0_0	ENA|AAR31603|AAR31603.1	38.89	18	11	0	7	24	282	299	2.3	18.4
Seq5307_131_bp_-1_0_0	ENA|BAB17681|BAB17681.1	27.78	18	13	0	5	22	54	71	2.7	17.9
Seq5307_131_bp_-1_0_0	ENA|AAI27517|AAI27517.1	58.33	12	5	0	26	37	449	460	2.8	19.0
Seq5307_131_bp_-1_0_0	ENA|AAC17860|AAC17860.1	42.11	19	11	0	12	30	135	153	2.8	18.4
Seq5307_131_bp_-1_0_0	ENA|ABK71357|ABK71357.1	66.67	6	2	0	23	28	299	304	3.7	17.9
Seq5307_131_bp_-1_0_0	ENA|CCP43727|CCP43727.1	28.00	25	18	0	13	37	143	167	4.6	17.4
Seq5307_131_bp_-1_0_0	ENA|AAC08817|AAC08817.1	50.00	12	6	0	5	16	56	67	6.6	15.8
Seq5307_131_bp_-1_0_0	ENA|BAA32018|BAA32018.1	30.77	13	9	0	3	15	390	402	8.5	17.4
Seq5307_131_bp_-1_0_0	ENA|BAA05866|BAA05866.1	50.00	12	6	0	1	12	18	29	8.7	16.3
Seq5307_131_bp_-1_0_0	ENA|AAC78721|AAC78721.1	83.33	6	1	0	26	31	575	580	9.1	17.4
Seq5307_131_bp_-1_1_0	ENA|CAA26023|CAA26023.1	54.55	11	5	0	2	12	238	248	0.85	20.0
Seq5307_131_bp_-1_1_0	ENA|AAR37016|AAR37016.1	50.00	14	7	0	20	33	1033	1046	0.87	22.6
Seq5307_131_bp_-1_1_0	ENA|CCP43727|CCP43727.1	39.13	24	14	1	9	31	152	175	1.1	19.4
Seq5307_131_bp_-1_1_0	ENA|AAI27517|AAI27517.1	42.86	14	8	0	26	39	450	463	1.3	20.0
Seq5307_131_bp_-1_1_0	ENA|AAC49865|AAC49865.1	45.45	11	6	0	24	34	103	113	1.8	18.7
Seq5307_131_bp_-1_1_0	ENA|ABK71357|ABK71357.1	46.67	15	8	0	18	32	112	126	2	18.7
Seq5307_131_bp_-1_1_0	ENA|EDO47375|EDO47375.1	50.00	6	3	0	1	6	147	152	3.8	16.8
Seq5307_131_bp_-1_1_0	ENA|AAA25966|AAA25966.1	38.10	22	13	1	21	42	383	403	3.8	18.7
Seq5307_131_bp_-1_1_0	ENA|AAA72732|AAA72732.1	66.67	6	2	0	36	41	284	289	4	17.5
Seq5307_131_bp_-1_1_0	ENA|ACT10338|ACT10338.1	33.33	12	8	0	2	13	132	143	5	17.5
Seq5307_131_bp_-1_1_0	ENA|AAC17860|AAC17860.1	42.86	14	8	0	29	42	10	23	5.3	17.5
Seq5307_131_bp_-1_1_0	ENA|BAA32991|BAA32991.1	71.43	7	2	0	21	27	35	41	5.3	14.9
Seq5307_131_bp_-1_1_0	ENA|BAA36759|BAA36759.1	60.00	19	6	4	9	27	2	16	5.8	16.8
Seq5307_131_bp_-1_1_0	ENA|AAB26998|AAB26998.1	33.33	9	6	0	34	42	33	41	6	14.9
Seq5307_131_bp_-1_1_0	ENA|AAR31603|AAR31603.1	33.33	12	8	0	4	15	289	300	6.5	16.8
Seq5307_131_bp_-1_1_0	ENA|AAQ92751|AAQ92751.2	38.89	18	11	0	6	23	849	866	7.1	18.7
Seq5307_131_bp_-1_1_0	ENA|AAS77176|AAS77176.1	28.57	21	15	0	7	27	267	287	8.8	16.2
Seq5307_131_bp_-1_1_0	ENA|AAC40132|AAC40132.1	66.67	6	2	0	2	7	289	294	9.2	16.8
Seq5307_131_bp_-1_2_0	ENA|AAI27517|AAI27517.1	83.33	6	1	0	3	8	127	132	0.83	18.6
Seq5307_131_bp_-1_2_0	ENA|AAS77176|AAS77176.1	83.33	6	1	0	1	6	93	98	1.5	16.7
Seq5307_131_bp_-1_2_0	ENA|AAF79734|AAF79734.1	71.43	7	2	0	1	7	420	426	2	18.6
Seq5307_131_bp_-1_2_0	ENA|ABD49687|ABD49687.1	55.56	9	4	0	1	9	444	452	3.7	18.0
Seq5307_131_bp_-1_2_0	ENA|AAC78721|AAC78721.1	57.14	7	3	0	1	7	400	406	5.3	16.1
Seq5307_131_bp_-1_2_0	ENA|AAC40132|AAC40132.1	33.33	9	6	0	2	10	215	223	5.7	15.5
Seq5307_131_bp_-1_2_0	ENA|AAA36539|AAA36539.1	80.00	5	1	0	1	5	112	116	5.7	15.5
Seq5307_131_bp_-1_2_0	ENA|CAA28033|CAA28033.1	71.43	7	2	0	4	10	783	789	6.5	16.7
Seq5307_131_bp_-1_2_0	ENA|CAB75732|CAB75732.1	42.86	7	4	0	4	10	795	801	8.7	16.1
Seq5307_131_bp_-1_2_0	ENA|CAD53387|CAD53387.1	80.00	5	1	0	1	5	53	57	9	14.8
Seq5307_131_bp_-1_2_0	ENA|ABN10845|ABN10845.1	75.00	4	1	0	2	5	210	213	9.4	13.6
Seq5307_131_bp_-1_2_1	ENA|CAD53387|CAD53387.1	70.00	10	3	0	6	15	457	466	0.064	23.4
Seq5307_131_bp_-1_2_1	ENA|AAC08817|AAC08817.1	66.67	6	2	0	14	19	82	87	0.23	19.9
Seq5307_131_bp_-1_2_1	ENA|CCP43727|CCP43727.1	42.86	14	8	0	1	14	139	152	0.32	20.4
Seq5307_131_bp_-1_2_1	ENA|ABD49687|ABD49687.1	36.84	19	12	0	3	21	535	553	0.73	21.6
Seq5307_131_bp_-1_2_1	ENA|ABK71357|ABK71357.1	71.43	7	2	0	11	17	136	142	0.8	19.3
Seq5307_131_bp_-1_2_1	ENA|AAC26660|AAC26660.1	66.67	6	2	0	19	24	13	18	0.83	18.7
Seq5307_131_bp_-1_2_1	ENA|CAA26023|CAA26023.1	44.44	9	5	0	10	18	11	19	1.8	18.1
Seq5307_131_bp_-1_2_1	ENA|AAI27517|AAI27517.1	55.56	9	4	0	3	11	456	464	1.9	18.7
Seq5307_131_bp_-1_2_1	ENA|BAB17681|BAB17681.1	75.00	4	1	0	16	19	187	190	2	17.5
Seq5307_131_bp_-1_2_1	ENA|AAQ92751|AAQ92751.2	45.45	11	6	0	6	16	1143	1153	2.9	19.3
Seq5307_131_bp_-1_2_1	ENA|AAC17860|AAC17860.1	50.00	10	5	0	5	14	148	157	2.9	17.5
Seq5307_131_bp_-1_2_1	ENA|AAB26998|AAB26998.1	57.14	7	3	0	16	22	14	20	4.2	14.6
Seq5307_131_bp_-1_2_1	ENA|AAR37016|AAR37016.1	41.67	12	7	0	7	18	196	207	4.9	19.3
Seq5307_131_bp_-1_2_1	ENA|ACH70901|ACH70901.1	57.14	7	3	0	7	13	155	161	5.7	16.3
Seq5307_131_bp_-1_2_1	ENA|AAF79734|AAF79734.1	71.43	7	2	0	9	15	149	155	6.7	18.1
Seq5307_131_bp_-1_2_1	ENA|AAR31603|AAR31603.1	66.67	6	2	0	19	24	174	179	7.6	15.8
Seq5307_131_bp_-1_2_1	ENA|AAA32624|AAA32624.1	45.45	11	6	0	6	16	472	482	8	16.3
Seq5307_131_bp_-1_2_1	ENA|CAA43419|CAA43419.1	20.00	10	8	0	13	22	53	62	8.4	15.8
Seq5307_131_bp_-1_2_1	ENA|CAA29956|CAA29956.1	80.00	5	1	0	11	15	156	160	8.6	15.8
Seq5307_131_bp_-1_2_1	ENA|CAA11507|CAA11507.1	55.56	9	4	0	3	11	254	262	9.2	17.5
Seq5307_131_bp_-1_2_1	ENA|CAA29968|CAA29968.1	50.00	4	2	0	15	18	98	101	9.9	14.6
