Seq5572_130_bp_1_0_0	ENA|AAC78721|AAC78721.1	88.37	43	5	0	1	43	451	493	1.3e-17	76.8
Seq5572_130_bp_1_0_0	ENA|ABG75784|ABG75784.1	53.12	36	15	4	1	34	148	181	0.39	20.9
Seq5572_130_bp_1_0_0	ENA|AAC49865|AAC49865.1	29.03	31	22	0	11	41	104	134	0.96	19.7
Seq5572_130_bp_1_0_0	ENA|CAA36714|CAA36714.1	24.24	33	25	0	5	37	3	35	2.1	19.1
Seq5572_130_bp_1_0_0	ENA|AAA36539|AAA36539.1	23.08	39	30	0	1	39	169	207	2.1	19.1
Seq5572_130_bp_1_0_0	ENA|BAA32956|BAA32956.1	27.27	33	24	0	11	43	105	137	3.3	17.2
Seq5572_130_bp_1_0_0	ENA|AAA72732|AAA72732.1	23.08	40	30	1	1	40	82	120	4	17.5
Seq5572_130_bp_1_0_0	ENA|CAL82360|CAL82360.1	26.32	41	28	3	6	43	741	781	4.5	19.4
Seq5572_130_bp_1_0_0	ENA|AAA25966|AAA25966.1	25.71	37	26	2	5	39	581	617	7.2	17.8
Seq5572_130_bp_1_0_0	ENA|ABD49687|ABD49687.1	23.81	45	32	3	2	43	693	737	7.3	19.1
Seq5572_130_bp_1_0_0	ENA|AAF79734|AAF79734.1	21.95	42	32	1	2	42	454	495	9.3	18.4
Seq5572_130_bp_1_1_0	ENA|BAA32991|BAA32991.1	50.00	12	6	0	4	15	24	35	0.27	18.3
Seq5572_130_bp_1_1_0	ENA|CAA29956|CAA29956.1	36.36	11	7	0	2	12	282	292	0.4	20.2
Seq5572_130_bp_1_1_0	ENA|CAA11507|CAA11507.1	41.67	12	7	0	8	19	921	932	0.66	21.3
Seq5572_130_bp_1_1_0	ENA|CAA24711|CAA24711.1	62.50	8	3	0	2	9	20	27	0.67	18.3
Seq5572_130_bp_1_1_0	ENA|ABD49687|ABD49687.1	41.18	17	10	0	2	18	1097	1113	1.4	20.6
Seq5572_130_bp_1_1_0	ENA|CAA26023|CAA26023.1	23.53	17	13	0	4	20	39	55	2.5	17.6
Seq5572_130_bp_1_1_0	ENA|CAA45708|CAA45708.1	64.29	18	5	4	1	18	1290	1303	2.7	19.4
Seq5572_130_bp_1_1_0	ENA|AAC26660|AAC26660.1	42.86	14	8	0	1	14	43	56	2.8	16.8
Seq5572_130_bp_1_1_0	ENA|CAA29968|CAA29968.1	40.00	10	6	0	2	11	97	106	3.5	16.1
Seq5572_130_bp_1_1_0	ENA|AAB26998|AAB26998.1	12.50	16	14	0	5	20	40	55	4	14.6
Seq5572_130_bp_1_1_0	ENA|AAA25966|AAA25966.1	27.27	11	8	0	4	14	114	124	4.5	17.6
Seq5572_130_bp_1_1_0	ENA|AAC97205|AAC97205.1	35.29	18	11	1	4	21	758	774	4.6	18.3
Seq5572_130_bp_1_1_0	ENA|CAA36714|CAA36714.1	38.46	13	8	0	4	16	371	383	4.9	16.8
Seq5572_130_bp_1_1_0	ENA|AAA36539|AAA36539.1	45.45	14	6	3	2	12	9	22	5	16.8
Seq5572_130_bp_1_1_0	ENA|CCP43727|CCP43727.1	35.29	19	11	2	1	19	133	149	5.8	16.1
Seq5572_130_bp_1_1_0	ENA|AAA72732|AAA72732.1	41.67	12	7	0	5	16	292	303	7	15.7
Seq5572_130_bp_1_1_0	ENA|CAL82360|CAL82360.1	46.15	13	7	0	1	13	703	715	7.8	17.6
Seq5572_130_bp_1_1_0	ENA|CAA28033|CAA28033.1	26.32	22	14	3	2	20	713	734	7.9	17.6
Seq5572_130_bp_1_1_0	ENA|AAC08817|AAC08817.1	29.41	18	12	1	4	20	2	19	9.8	14.2
Seq5572_130_bp_1_1_1	ENA|ABN10845|ABN10845.1	31.25	16	11	0	1	16	19	34	0.068	21.8
Seq5572_130_bp_1_1_1	ENA|AAB96524|AAB96524.1	37.50	8	5	0	1	8	58	65	0.11	20.9
Seq5572_130_bp_1_1_1	ENA|BAA36759|BAA36759.1	33.33	15	10	0	1	15	276	290	0.12	21.4
Seq5572_130_bp_1_1_1	ENA|ABK71357|ABK71357.1	33.33	20	12	2	1	20	141	158	0.21	20.9
Seq5572_130_bp_1_1_1	ENA|CAA26023|CAA26023.1	35.71	14	9	0	5	18	98	111	0.56	19.6
Seq5572_130_bp_1_1_1	ENA|ACH70901|ACH70901.1	25.00	16	12	0	4	19	216	231	0.71	19.1
Seq5572_130_bp_1_1_1	ENA|AAQ92751|AAQ92751.2	35.29	17	11	0	1	17	223	239	0.79	20.9
Seq5572_130_bp_1_1_1	ENA|AAR37016|AAR37016.1	33.33	12	8	0	1	12	301	312	0.99	21.4
Seq5572_130_bp_1_1_1	ENA|BAA32991|BAA32991.1	40.00	5	3	0	1	5	28	32	1.2	16.0
Seq5572_130_bp_1_1_1	ENA|AAC97205|AAC97205.1	33.33	18	12	0	2	19	550	567	1.3	20.0
Seq5572_130_bp_1_1_1	ENA|CAA29968|CAA29968.1	30.77	13	9	0	1	13	58	70	1.3	17.4
Seq5572_130_bp_1_1_1	ENA|AAA32624|AAA32624.1	42.86	15	8	1	1	15	397	410	1.4	18.7
Seq5572_130_bp_1_1_1	ENA|ACT10338|ACT10338.1	50.00	9	4	1	1	8	298	306	1.4	18.2
Seq5572_130_bp_1_1_1	ENA|AAB03707|AAB03707.1	42.11	20	11	1	2	20	822	841	1.5	20.0
Seq5572_130_bp_1_1_1	ENA|CAA45199|CAA45199.1	42.86	7	4	0	1	7	66	72	1.7	18.2
Seq5572_130_bp_1_1_1	ENA|CAA73529|CAA73529.1	36.36	11	7	0	7	17	34	44	1.8	17.4
Seq5572_130_bp_1_1_1	ENA|CAA45708|CAA45708.1	42.11	21	11	2	1	20	319	338	2.2	19.6
Seq5572_130_bp_1_1_1	ENA|ABD49687|ABD49687.1	31.25	16	11	0	1	16	46	61	2.5	19.6
Seq5572_130_bp_1_1_1	ENA|CAL82360|CAL82360.1	42.86	14	8	0	6	19	519	532	2.5	19.1
Seq5572_130_bp_1_1_1	ENA|AAF79734|AAF79734.1	83.33	6	1	0	6	11	653	658	2.8	19.1
Seq5572_130_bp_1_1_1	ENA|AAA24145|AAA24145.1	28.57	14	10	0	2	15	95	108	3.1	17.4
Seq5572_130_bp_1_1_1	ENA|BAB17681|BAB17681.1	45.45	11	6	0	9	19	6	16	3.4	16.5
Seq5572_130_bp_1_1_1	ENA|CAA26939|CAA26939.1	62.50	8	3	0	12	19	556	563	3.8	17.4
Seq5572_130_bp_1_1_1	ENA|AAC49865|AAC49865.1	50.00	10	4	2	1	8	122	131	4	16.5
Seq5572_130_bp_1_1_1	ENA|AAA36539|AAA36539.1	38.46	13	8	0	1	13	99	111	4.3	16.9
Seq5572_130_bp_1_1_1	ENA|AAA18786|AAA18786.1	66.67	6	2	0	1	6	89	94	4.4	16.0
Seq5572_130_bp_1_1_1	ENA|BAA32956|BAA32956.1	22.22	18	14	0	1	18	28	45	4.8	15.6
Seq5572_130_bp_1_1_1	ENA|AAC26660|AAC26660.1	28.57	14	10	0	6	19	98	111	5.7	15.6
Seq5572_130_bp_1_1_1	ENA|AAC40132|AAC40132.1	85.71	8	1	1	6	13	242	248	5.8	16.5
Seq5572_130_bp_1_1_1	ENA|CAA43419|CAA43419.1	25.00	12	9	0	4	15	346	357	6	16.0
Seq5572_130_bp_1_1_1	ENA|CAA28033|CAA28033.1	26.67	15	11	0	5	19	1118	1132	6.2	17.8
Seq5572_130_bp_1_1_1	ENA|AAI27517|AAI27517.1	31.25	20	11	4	1	20	166	181	7.1	16.5
Seq5572_130_bp_1_1_1	ENA|CAA36714|CAA36714.1	43.75	18	9	2	2	17	275	292	7.6	16.0
Seq5572_130_bp_1_1_1	ENA|AAC78721|AAC78721.1	36.36	11	7	0	5	15	108	118	8	16.5
Seq5572_130_bp_1_1_1	ENA|CAA36214|CAA36214.1	71.43	7	2	0	11	17	202	208	9	15.1
Seq5572_130_bp_1_1_1	ENA|ABG75784|ABG75784.1	77.78	11	2	2	6	16	205	213	9.2	15.1
Seq5572_130_bp_1_2_0	ENA|AAC40132|AAC40132.1	36.67	32	19	2	5	34	422	453	0.099	23.2
Seq5572_130_bp_1_2_0	ENA|AAC49865|AAC49865.1	46.67	16	8	1	6	20	14	29	0.89	19.5
Seq5572_130_bp_1_2_0	ENA|CAA24711|CAA24711.1	25.00	25	18	1	4	27	21	45	1.2	18.1
Seq5572_130_bp_1_2_0	ENA|BAA32991|BAA32991.1	45.45	11	6	0	8	18	13	23	1.5	16.4
Seq5572_130_bp_1_2_0	ENA|CAA11507|CAA11507.1	23.33	30	23	0	5	34	396	425	2.3	20.1
Seq5572_130_bp_1_2_0	ENA|AAC97205|AAC97205.1	58.33	13	5	1	11	23	346	357	2.6	19.8
Seq5572_130_bp_1_2_0	ENA|CAA45199|CAA45199.1	40.00	21	12	1	14	33	404	424	4	17.8
Seq5572_130_bp_1_2_0	ENA|ACT10338|ACT10338.1	29.41	17	12	0	16	32	164	180	4.1	17.4
Seq5572_130_bp_1_2_0	ENA|AAQ92751|AAQ92751.2	47.83	25	12	2	4	26	1200	1224	5.7	18.8
Seq5572_130_bp_1_2_0	ENA|CAA29956|CAA29956.1	26.67	15	11	0	10	24	117	131	7.8	16.4
Seq5572_130_bp_-1_0_0	ENA|CAA29968|CAA29968.1	28.57	31	20	3	2	29	84	114	0.038	23.3
Seq5572_130_bp_-1_0_0	ENA|AAR31603|AAR31603.1	33.33	36	22	3	1	33	104	139	0.049	23.6
Seq5572_130_bp_-1_0_0	ENA|AAR31603|AAR31603.1	32.00	28	17	3	3	27	285	312	0.67	19.9
Seq5572_130_bp_-1_0_0	ENA|AAI27517|AAI27517.1	45.45	11	6	0	13	23	297	307	0.069	24.0
Seq5572_130_bp_-1_0_0	ENA|AAI27517|AAI27517.1	25.00	16	12	0	12	27	178	193	0.33	21.7
Seq5572_130_bp_-1_0_0	ENA|ACH70901|ACH70901.1	28.57	14	10	0	21	34	72	85	0.15	22.1
Seq5572_130_bp_-1_0_0	ENA|CAA26939|CAA26939.1	25.00	33	24	1	1	33	279	310	0.19	22.5
Seq5572_130_bp_-1_0_0	ENA|BAA32956|BAA32956.1	31.25	34	22	2	1	34	146	177	0.2	21.0
Seq5572_130_bp_-1_0_0	ENA|ACT10338|ACT10338.1	36.00	27	16	2	2	26	287	313	0.28	21.4
Seq5572_130_bp_-1_0_0	ENA|ABD49687|ABD49687.1	43.75	16	9	0	11	26	131	146	0.34	23.3
Seq5572_130_bp_-1_0_0	ENA|ABD49687|ABD49687.1	20.69	29	23	0	2	30	1131	1159	0.57	22.5
Seq5572_130_bp_-1_0_0	ENA|CAA29956|CAA29956.1	31.82	22	15	0	2	23	29	50	0.46	20.6
Seq5572_130_bp_-1_0_0	ENA|CAA45199|CAA45199.1	28.57	22	15	1	5	26	374	394	0.96	19.9
Seq5572_130_bp_-1_0_0	ENA|BAA32991|BAA32991.1	42.86	7	4	0	17	23	11	17	1.1	16.8
Seq5572_130_bp_-1_0_0	ENA|CAA73529|CAA73529.1	66.67	6	2	0	16	21	40	45	1.2	18.7
Seq5572_130_bp_-1_0_0	ENA|AAA36539|AAA36539.1	34.48	32	19	3	6	34	407	438	1.6	19.1
Seq5572_130_bp_-1_0_0	ENA|CAA36214|CAA36214.1	16.67	31	25	1	4	34	30	59	1.7	18.4
Seq5572_130_bp_-1_0_0	ENA|AAA25966|AAA25966.1	46.67	21	8	6	13	31	306	322	1.9	19.5
Seq5572_130_bp_-1_0_0	ENA|BAB17681|BAB17681.1	40.00	32	15	7	9	33	137	168	2	18.0
Seq5572_130_bp_-1_0_0	ENA|AAR37016|AAR37016.1	35.71	31	18	3	2	29	1170	1200	2.2	21.0
Seq5572_130_bp_-1_0_0	ENA|BAA05866|BAA05866.1	36.36	11	7	0	11	21	209	219	2.3	18.0
Seq5572_130_bp_-1_0_0	ENA|AAC97205|AAC97205.1	35.29	42	22	8	1	34	810	851	2.5	19.9
Seq5572_130_bp_-1_0_0	ENA|BAB79260|BAB79260.1	37.50	17	10	1	6	21	399	415	2.6	18.4
Seq5572_130_bp_-1_0_0	ENA|AAA24145|AAA24145.1	31.25	16	11	0	1	16	153	168	3.4	18.0
Seq5572_130_bp_-1_0_0	ENA|ABD33854|ABD33854.1	50.00	9	4	1	15	23	55	62	3.7	15.0
Seq5572_130_bp_-1_0_0	ENA|CCP43727|CCP43727.1	50.00	8	4	0	7	14	305	312	4	17.2
Seq5572_130_bp_-1_0_0	ENA|AAC08817|AAC08817.1	28.57	14	10	0	13	26	81	94	4.2	16.1
Seq5572_130_bp_-1_0_0	ENA|AAA42531|AAA42531.1	44.00	31	14	6	10	34	263	293	6.1	16.8
Seq5572_130_bp_-1_0_0	ENA|AAF79734|AAF79734.1	66.67	9	3	0	26	34	1214	1222	6.2	18.7
Seq5572_130_bp_-1_0_0	ENA|AAC26660|AAC26660.1	31.25	16	11	0	12	27	220	235	6.7	16.1
Seq5572_130_bp_-1_0_0	ENA|ABK71357|ABK71357.1	40.00	24	12	4	6	29	66	85	7.5	16.5
Seq5572_130_bp_-1_0_0	ENA|AAA18786|AAA18786.1	66.67	6	2	0	6	11	262	267	8.9	15.7
Seq5572_130_bp_-1_0_0	ENA|CAA28033|CAA28033.1	40.00	15	9	0	1	15	591	605	9.1	18.0
Seq5572_130_bp_-1_0_0	ENA|ABN10845|ABN10845.1	30.00	10	7	0	10	19	13	22	9.4	15.3
Seq5572_130_bp_-1_0_0	ENA|BAA32018|BAA32018.1	55.56	9	4	0	7	15	430	438	9.5	16.8
Seq5572_130_bp_-1_0_0	ENA|AAB26998|AAB26998.1	25.00	12	9	0	10	21	8	19	9.6	13.8
Seq5572_130_bp_-1_1_0	ENA|BAA32956|BAA32956.1	38.89	19	11	1	3	20	115	133	0.91	18.0
Seq5572_130_bp_-1_1_0	ENA|AAA42531|AAA42531.1	41.67	12	7	0	9	20	143	154	1.3	18.4
Seq5572_130_bp_-1_1_0	ENA|AAC40132|AAC40132.1	31.58	19	13	0	1	19	299	317	3.5	17.2
Seq5572_130_bp_-1_1_0	ENA|CAA73529|CAA73529.1	30.77	13	9	0	1	13	203	215	5.8	15.6
Seq5572_130_bp_-1_1_0	ENA|ABN10845|ABN10845.1	25.00	16	12	0	2	17	106	121	7.9	14.9
Seq5572_130_bp_-1_1_1	ENA|AAC26660|AAC26660.1	31.25	16	11	0	5	20	12	27	1.3	17.9
Seq5572_130_bp_-1_1_1	ENA|AAR37016|AAR37016.1	42.11	20	11	1	2	21	1581	1599	1.3	21.1
Seq5572_130_bp_-1_1_1	ENA|AAS77176|AAS77176.1	38.89	19	11	1	5	22	104	122	1.4	17.9
Seq5572_130_bp_-1_1_1	ENA|CAA73529|CAA73529.1	35.29	18	11	1	4	20	28	45	3	16.8
Seq5572_130_bp_-1_1_1	ENA|AAB96524|AAB96524.1	40.00	10	6	0	6	15	92	101	4.5	15.6
Seq5572_130_bp_-1_1_1	ENA|AAR31603|AAR31603.1	26.32	19	14	0	4	22	52	70	4.6	16.4
Seq5572_130_bp_-1_1_1	ENA|ABK71357|ABK71357.1	30.00	20	14	0	2	21	257	276	5.2	16.4
Seq5572_130_bp_-1_1_1	ENA|AAC40132|AAC40132.1	53.33	16	7	1	1	16	67	81	6.6	16.4
Seq5572_130_bp_-1_1_1	ENA|AAA72732|AAA72732.1	35.71	14	9	0	2	15	86	99	7.4	15.6
Seq5572_130_bp_-1_1_1	ENA|AAC08817|AAC08817.1	57.14	7	3	0	12	18	92	98	8.3	14.4
Seq5572_130_bp_-1_1_1	ENA|ABN10845|ABN10845.1	23.81	21	16	0	1	21	95	115	8.7	14.8
Seq5572_130_bp_-1_1_1	ENA|AAA32624|AAA32624.1	27.27	25	16	3	1	22	213	237	9.3	16.0
Seq5572_130_bp_-1_1_1	ENA|EDO47375|EDO47375.1	25.00	16	12	0	2	17	107	122	9.8	14.4
Seq5572_130_bp_-1_2_0	ENA|CCP43727|CCP43727.1	39.29	30	17	2	15	42	229	258	1.2	19.3
Seq5572_130_bp_-1_2_0	ENA|AAB03707|AAB03707.1	33.33	41	24	5	1	38	663	701	1.3	21.3
Seq5572_130_bp_-1_2_0	ENA|AAA42531|AAA42531.1	28.57	30	20	2	6	35	150	177	2.2	18.7
Seq5572_130_bp_-1_2_0	ENA|CAA43419|CAA43419.1	27.78	37	26	1	5	40	119	155	3.7	17.8
Seq5572_130_bp_-1_2_0	ENA|BAA32991|BAA32991.1	24.00	27	19	2	12	38	23	47	4.1	15.3
Seq5572_130_bp_-1_2_0	ENA|AAC49865|AAC49865.1	23.68	48	29	10	4	41	28	75	8.5	16.4
Seq5572_130_bp_-1_2_0	ENA|ACH70901|ACH70901.1	23.68	39	29	1	2	39	280	318	9.2	16.4
