Seq6343_104_bp_1_0_0	AEE27845.1	91.18	34	3	0	1	34	301	334	7.4e-17	75.0
Seq6343_104_bp_1_0_0	BAE97662.1	34.62	29	17	3	1	29	68	93	2.2	19.9
Seq6343_104_bp_1_0_0	AII71783.1	52.63	22	9	3	13	34	64	82	4.1	17.1
Seq6343_104_bp_1_0_0	CAA04196.1	35.29	17	11	0	8	24	205	221	5.5	17.1
Seq6343_104_bp_1_0_0	CAA73529.1	45.45	11	6	0	13	23	49	59	6.8	16.2
Seq6343_104_bp_1_0_0	BAA32991.1	44.44	9	5	0	1	9	18	26	8.5	13.8
Seq6343_104_bp_1_0_0	ACT10338.1	50.00	12	6	0	2	13	202	213	9.5	16.2
Seq6343_104_bp_1_1_0	AAA18786.1	29.41	17	12	0	5	21	199	215	1.2	18.0
Seq6343_104_bp_1_1_0	BAB17681.1	42.86	7	4	0	5	11	214	220	1.7	17.5
Seq6343_104_bp_1_1_0	AAX12058.1	42.86	7	4	0	1	7	213	219	3.5	16.5
Seq6343_104_bp_1_1_0	ABD33854.1	75.00	4	1	0	6	9	5	8	4.7	13.9
Seq6343_104_bp_1_1_0	AAR37016.1	83.33	6	1	0	11	16	1319	1324	5.1	19.0
Seq6343_104_bp_1_1_0	ABN10845.1	20.00	10	8	0	2	11	11	20	5.5	15.5
Seq6343_104_bp_1_1_0	AAC08817.1	60.00	5	2	0	3	7	83	87	5.9	14.9
Seq6343_104_bp_1_1_0	AAA72732.1	22.22	9	7	0	2	10	217	225	7.8	15.5
Seq6343_104_bp_1_1_0	AAC78721.1	62.50	8	3	0	1	8	337	344	8.2	16.5
Seq6343_104_bp_1_1_0	CAA26230.1	41.18	18	10	1	3	20	275	291	9.6	16.0
Seq6343_104_bp_1_2_0	AAX12058.1	44.44	9	5	0	4	12	133	141	0.059	21.7
Seq6343_104_bp_1_2_0	AAQ92751.2	57.14	7	3	0	7	13	778	784	0.46	21.1
Seq6343_104_bp_1_2_0	AAA25966.1	50.00	6	3	0	2	7	444	449	0.58	19.8
Seq6343_104_bp_1_2_0	BAA32991.1	57.14	7	3	0	6	12	22	28	1.2	15.4
Seq6343_104_bp_1_2_0	AAA32624.1	55.56	9	4	0	3	11	481	489	1.5	17.9
Seq6343_104_bp_1_2_0	AAI27517.1	50.00	6	3	0	1	6	255	260	2.7	17.3
Seq6343_104_bp_1_2_0	ACT10338.1	57.14	7	3	0	4	10	303	309	2.7	16.7
Seq6343_104_bp_1_2_0	AAR31603.1	100.00	3	0	0	1	3	19	21	3.5	16.0
Seq6343_104_bp_1_2_0	AAC08817.1	40.00	5	3	0	1	5	2	6	4.2	14.8
Seq6343_104_bp_1_2_0	AAR37016.1	75.00	4	1	0	4	7	1567	1570	4.4	18.6
Seq6343_104_bp_1_2_0	AII71783.1	75.00	4	1	0	5	8	152	155	5	15.4
Seq6343_104_bp_1_2_0	CAA11507.1	50.00	6	3	0	8	13	392	397	6	17.3
Seq6343_104_bp_1_2_0	AAF01122.1	60.00	5	2	0	5	9	62	66	6.1	15.4
Seq6343_104_bp_1_2_0	BAB17681.1	75.00	4	1	0	3	6	218	221	6.8	14.8
Seq6343_104_bp_1_2_0	AAB96524.1	100.00	3	0	0	5	7	25	27	7.2	14.1
Seq6343_104_bp_1_2_0	AAH69556.1	75.00	4	1	0	10	13	279	282	7.6	14.8
Seq6343_104_bp_1_2_0	ABN10845.1	100.00	3	0	0	10	12	106	108	8.3	14.1
Seq6343_104_bp_1_2_0	ABS38337.1	100.00	3	0	0	3	5	1013	1015	8.5	16.7
Seq6343_104_bp_1_2_0	CAA26230.1	44.44	9	5	0	3	11	518	526	8.9	15.4
Seq6343_104_bp_1_2_1	AAC08817.1	27.27	11	8	0	6	16	23	33	3	15.8
Seq6343_104_bp_1_2_1	ABN10845.1	100.00	3	0	0	1	3	107	109	3.9	15.8
Seq6343_104_bp_1_2_1	CAA73529.1	66.67	6	2	0	12	17	34	39	4.9	15.8
Seq6343_104_bp_1_2_1	AII71783.1	80.00	5	1	0	9	13	90	94	5.5	15.8
Seq6343_104_bp_1_2_1	AAB03707.1	38.46	13	8	0	6	18	795	807	6.5	17.7
Seq6343_104_bp_1_2_1	ACT10338.1	41.67	12	7	0	5	16	357	368	9.2	15.4
Seq6343_104_bp_1_2_1	CAA43372.1	57.14	7	3	0	13	19	341	347	9.8	15.4
Seq6343_104_bp_1_2_1	AAH69556.1	60.00	12	4	2	10	19	259	270	10	14.9
Seq6343_104_bp_-1_0_0	AAA26915.1	27.78	18	13	0	5	22	74	91	1.2	19.5
Seq6343_104_bp_-1_0_0	CAA04196.1	71.43	7	2	0	9	15	1	7	2.9	18.1
Seq6343_104_bp_-1_0_0	AAR31603.1	62.50	8	3	0	27	34	125	132	4.3	17.1
Seq6343_104_bp_-1_0_0	AAQ92751.2	40.00	15	9	0	13	27	207	221	4.8	19.0
Seq6343_104_bp_-1_0_0	AAF01122.1	45.45	11	6	0	9	19	170	180	4.9	17.1
Seq6343_104_bp_-1_0_0	AII71783.1	50.00	8	4	0	5	12	60	67	7.7	16.1
Seq6343_104_bp_-1_1_0	AAA42531.1	75.00	8	2	0	27	34	266	273	1.7	18.7
Seq6343_104_bp_-1_1_0	ABN10845.1	45.45	11	6	0	24	34	175	185	1.8	17.8
Seq6343_104_bp_-1_1_0	ABD49687.1	75.00	8	2	0	8	15	223	230	2.8	20.2
Seq6343_104_bp_-1_1_0	BAB17681.1	60.00	5	2	0	8	12	108	112	3.2	17.3
Seq6343_104_bp_-1_1_0	CAA73529.1	33.33	9	6	0	26	34	157	165	4.3	16.9
Seq6343_104_bp_-1_1_0	AAR31603.1	57.14	7	3	0	2	8	77	83	5.2	16.9
Seq6343_104_bp_-1_1_0	AAB96524.1	37.50	8	5	0	4	11	55	62	5.6	15.9
Seq6343_104_bp_-1_1_0	AAQ92751.2	22.22	18	14	0	10	27	222	239	5.9	18.7
Seq6343_104_bp_-1_1_0	AAC08817.1	20.00	15	12	0	20	34	119	133	6.8	15.4
Seq6343_104_bp_-1_1_0	BAB79260.1	57.14	7	3	0	17	23	438	444	7	16.9
Seq6343_104_bp_-1_1_0	AAC78721.1	28.57	14	10	0	12	25	253	266	7.5	17.3
Seq6343_104_bp_-1_1_0	BAA32018.1	33.33	15	10	0	19	33	367	381	9.5	16.9
Seq6343_104_bp_-1_1_0	AAB64315.2	30.77	13	9	0	6	18	121	133	9.5	15.9
Seq6343_104_bp_-1_1_0	AAC97205.1	44.44	9	5	0	16	24	761	769	9.7	17.8
Seq6343_104_bp_-1_2_0	AAA45888.1	75.00	4	1	0	5	8	163	166	2.5	18.1
Seq6343_104_bp_-1_2_0	CAA43372.1	54.55	12	5	1	3	14	266	276	2.7	18.1
Seq6343_104_bp_-1_2_0	AAB96524.1	50.00	10	5	0	20	29	87	96	3.3	16.6
Seq6343_104_bp_-1_2_0	AAA32624.1	35.29	17	11	0	6	22	397	413	3.4	18.1
Seq6343_104_bp_-1_2_0	ABG75784.1	44.44	9	5	0	14	22	284	292	3.9	17.1
Seq6343_104_bp_-1_2_0	AAB26998.1	40.00	10	6	0	4	13	11	20	5.2	14.7
Seq6343_104_bp_-1_2_0	BAB79260.1	36.36	11	7	0	15	25	133	143	5.6	17.1
Seq6343_104_bp_-1_2_0	AAX12058.1	29.41	17	12	0	15	31	121	137	6.6	16.1
Seq6343_104_bp_-1_2_0	AAC08817.1	60.00	5	2	0	2	6	102	106	7.5	15.2
Seq6343_104_bp_-1_2_0	AAR31603.1	35.71	14	9	0	4	17	149	162	7.8	16.1
Seq6343_104_bp_-1_2_0	ABN10845.1	66.67	3	1	0	6	8	108	110	9.8	15.2
