Seq7585_241_bp_1_0_0	ENA|AAQ92751|AAQ92751.2	96.25	80	3	0	1	80	1301	1380	1.5e-58	214.7
Seq7585_241_bp_1_0_0	ENA|CAB75732|CAB75732.1	31.71	41	28	0	12	52	515	555	0.037	27.1
Seq7585_241_bp_1_0_0	ENA|AAB96524|AAB96524.1	30.43	23	16	0	2	24	118	140	0.3	21.4
Seq7585_241_bp_1_0_0	ENA|BAA36759|BAA36759.1	31.25	16	11	0	15	30	76	91	0.66	20.9
Seq7585_241_bp_1_0_0	ENA|CCP43727|CCP43727.1	37.14	37	22	2	30	65	272	307	0.75	20.9
Seq7585_241_bp_1_0_0	ENA|CAL82360|CAL82360.1	72.73	11	3	0	69	79	143	153	1.4	22.0
Seq7585_241_bp_1_0_0	ENA|CAA26939|CAA26939.1	54.55	11	5	0	68	78	27	37	2.6	19.9
Seq7585_241_bp_1_0_0	ENA|AAS77176|AAS77176.1	31.82	22	15	0	2	23	204	225	2.7	18.9
Seq7585_241_bp_1_0_0	ENA|CAA29956|CAA29956.1	35.29	17	11	0	35	51	221	237	4.9	18.4
Seq7585_241_bp_1_0_0	ENA|AAF79734|AAF79734.1	30.00	20	14	0	6	25	713	732	6.4	19.9
Seq7585_241_bp_1_0_0	ENA|ACT10338|ACT10338.1	60.00	10	4	0	38	47	329	338	7.1	17.8
Seq7585_241_bp_1_0_0	ENA|CAA45199|CAA45199.1	38.89	18	11	0	18	35	174	191	8.5	17.8
Seq7585_241_bp_1_0_0	ENA|AAC78721|AAC78721.1	38.46	13	8	0	49	61	660	672	8.5	18.4
Seq7585_241_bp_1_0_0	ENA|AAC26660|AAC26660.1	42.86	14	8	0	10	23	151	164	9.3	16.8
Seq7585_241_bp_1_0_0	ENA|CAA43419|CAA43419.1	33.33	15	10	0	62	76	81	95	9.4	17.3
Seq7585_241_bp_1_0_0	ENA|AAA42531|AAA42531.1	50.00	12	6	0	24	35	20	31	9.8	17.3
Seq7585_241_bp_1_1_0	ENA|CAA36214|CAA36214.1	40.00	15	9	0	11	25	273	287	0.94	20.4
Seq7585_241_bp_1_1_0	ENA|AAA72732|AAA72732.1	36.84	19	12	0	52	70	150	168	1.8	19.4
Seq7585_241_bp_1_1_0	ENA|CAA43419|CAA43419.1	25.00	32	24	0	6	37	209	240	2.2	19.4
Seq7585_241_bp_1_1_0	ENA|CAA26939|CAA26939.1	29.17	24	17	0	9	32	350	373	3.3	19.4
Seq7585_241_bp_1_1_0	ENA|ABN10845|ABN10845.1	35.71	14	9	0	9	22	56	69	3.4	18.0
Seq7585_241_bp_1_1_0	ENA|AAC40132|AAC40132.1	30.43	23	16	0	44	66	167	189	7.1	18.0
Seq7585_241_bp_1_1_0	ENA|CAA28033|CAA28033.1	21.62	37	29	0	24	60	790	826	7.3	19.4
Seq7585_241_bp_1_1_0	ENA|ACH70901|ACH70901.1	57.14	14	6	0	54	67	152	165	7.4	17.6
Seq7585_241_bp_1_1_0	ENA|BAA05866|BAA05866.1	38.89	18	11	0	44	61	210	227	8.7	17.1
Seq7585_241_bp_1_1_0	ENA|AAR31603|AAR31603.1	38.46	13	8	0	10	22	143	155	9.2	17.1
Seq7585_241_bp_1_2_0	ENA|AAA42531|AAA42531.1	32.00	25	17	0	18	42	141	165	0.17	23.3
Seq7585_241_bp_1_2_0	ENA|ABG75784|ABG75784.1	50.00	10	5	0	1	10	246	255	0.67	21.0
Seq7585_241_bp_1_2_0	ENA|ABD49687|ABD49687.1	45.00	21	11	1	49	69	235	254	1.1	22.7
Seq7585_241_bp_1_2_0	ENA|CAA11507|CAA11507.1	42.11	20	11	1	1	19	694	713	1.3	22.1
Seq7585_241_bp_1_2_0	ENA|ABN10845|ABN10845.1	38.46	14	8	1	44	57	102	114	1.5	19.3
Seq7585_241_bp_1_2_0	ENA|AAB26998|AAB26998.1	33.33	15	10	0	7	21	53	67	1.7	17.6
Seq7585_241_bp_1_2_0	ENA|CAA26939|CAA26939.1	26.32	19	14	0	22	40	11	29	1.8	20.4
Seq7585_241_bp_1_2_0	ENA|AAQ92751|AAQ92751.2	50.00	12	6	0	60	71	1054	1065	2	21.6
Seq7585_241_bp_1_2_0	ENA|AAF79734|AAF79734.1	35.00	20	13	0	20	39	959	978	2.1	21.6
Seq7585_241_bp_1_2_0	ENA|CAL82360|CAL82360.1	50.00	8	4	0	58	65	968	975	2.7	21.0
Seq7585_241_bp_1_2_0	ENA|EDO47375|EDO47375.1	62.50	8	3	0	45	52	122	129	2.8	18.2
Seq7585_241_bp_1_2_0	ENA|CAA43419|CAA43419.1	40.00	15	9	0	63	77	118	132	3.7	18.7
Seq7585_241_bp_1_2_0	ENA|CAA26023|CAA26023.1	53.85	14	6	1	28	41	122	134	3.8	18.7
Seq7585_241_bp_1_2_0	ENA|BAA32956|BAA32956.1	60.00	5	2	0	28	32	130	134	4.5	17.6
Seq7585_241_bp_1_2_0	ENA|AAA25966|AAA25966.1	50.00	8	4	0	30	37	125	132	4.8	19.3
Seq7585_241_bp_1_2_0	ENA|AAR37016|AAR37016.1	71.43	7	2	0	71	77	1483	1489	4.9	21.0
Seq7585_241_bp_1_2_0	ENA|CAA28033|CAA28033.1	31.58	19	13	0	44	62	44	62	5.8	19.9
Seq7585_241_bp_1_2_0	ENA|ABK71357|ABK71357.1	35.29	17	11	0	54	70	198	214	7.8	17.6
Seq7585_241_bp_1_2_0	ENA|CAA45199|CAA45199.1	66.67	6	2	0	11	16	446	451	9.7	17.6
Seq7585_241_bp_-1_0_0	ENA|BAA32991|BAA32991.1	38.89	19	11	1	34	51	14	32	1.1	18.1
Seq7585_241_bp_-1_0_0	ENA|CAA11507|CAA11507.1	37.50	16	10	0	18	33	607	622	1.6	21.9
Seq7585_241_bp_-1_0_0	ENA|AAA25966|AAA25966.1	54.55	11	5	0	55	65	117	127	1.7	20.8
Seq7585_241_bp_-1_0_0	ENA|AAB66912|AAB66912.1	33.33	21	14	0	54	74	179	199	2.2	20.8
Seq7585_241_bp_-1_0_0	ENA|CAA45199|CAA45199.1	50.00	8	4	0	46	53	65	72	2.4	19.7
Seq7585_241_bp_-1_0_0	ENA|AAC26660|AAC26660.1	33.33	15	10	0	39	53	76	90	2.7	18.6
Seq7585_241_bp_-1_0_0	ENA|AAB03707|AAB03707.1	31.25	16	11	0	48	63	1136	1151	3.3	20.8
Seq7585_241_bp_-1_0_0	ENA|ACT10338|ACT10338.1	38.46	13	8	0	39	51	290	302	4.1	18.6
Seq7585_241_bp_-1_0_0	ENA|BAA36759|BAA36759.1	41.67	12	7	0	33	44	147	158	4.4	18.1
Seq7585_241_bp_-1_0_0	ENA|CAA24711|CAA24711.1	33.33	23	14	2	9	31	1	21	5.5	17.0
Seq7585_241_bp_-1_0_0	ENA|EDO47375|EDO47375.1	50.00	6	3	0	42	47	124	129	6	17.0
Seq7585_241_bp_-1_0_0	ENA|AAQ92751|AAQ92751.2	43.75	16	9	0	6	21	348	363	6.7	19.7
Seq7585_241_bp_-1_0_0	ENA|AAF79734|AAF79734.1	30.77	26	18	0	52	77	436	461	7	19.7
Seq7585_241_bp_-1_0_0	ENA|CAA29956|CAA29956.1	37.50	16	10	0	60	75	17	32	8	17.6
Seq7585_241_bp_-1_0_0	ENA|ABD49687|ABD49687.1	47.37	21	10	2	28	48	733	751	8.2	19.7
Seq7585_241_bp_-1_0_0	ENA|AAS77176|AAS77176.1	26.67	15	11	0	47	61	156	170	8.9	17.0
Seq7585_241_bp_-1_0_0	ENA|CAA28033|CAA28033.1	31.03	30	20	1	4	33	1270	1298	9	19.2
Seq7585_241_bp_-1_0_0	ENA|CAA36214|CAA36214.1	45.45	11	6	0	32	42	140	150	9.3	17.0
Seq7585_241_bp_-1_0_0	ENA|BAA05866|BAA05866.1	50.00	8	4	0	37	44	148	155	9.4	17.0
Seq7585_241_bp_-1_0_0	ENA|AAC78721|AAC78721.1	46.15	13	7	0	50	62	93	105	9.8	18.1
Seq7585_241_bp_-1_1_0	ENA|AAA42531|AAA42531.1	29.17	24	17	0	27	50	233	256	0.23	22.8
Seq7585_241_bp_-1_1_0	ENA|AAF79734|AAF79734.1	18.75	32	26	0	17	48	1401	1432	1.7	21.7
Seq7585_241_bp_-1_1_0	ENA|AAA18786|AAA18786.1	22.58	31	24	0	17	47	121	151	2.9	18.6
Seq7585_241_bp_-1_1_0	ENA|AAA36539|AAA36539.1	75.00	8	2	0	48	55	66	73	3.5	19.1
Seq7585_241_bp_-1_1_0	ENA|CAA29968|CAA29968.1	23.81	21	16	0	42	62	61	81	4.3	17.5
Seq7585_241_bp_-1_1_0	ENA|CAA43419|CAA43419.1	31.25	16	11	0	43	58	66	81	5.6	18.0
Seq7585_241_bp_-1_1_0	ENA|EDO47375|EDO47375.1	29.63	27	19	0	8	34	107	133	5.9	17.0
Seq7585_241_bp_-1_1_0	ENA|BAA05866|BAA05866.1	41.67	12	7	0	21	32	263	274	6.6	17.5
Seq7585_241_bp_-1_1_0	ENA|AAA32624|AAA32624.1	33.33	15	10	0	44	58	22	36	7.8	18.0
Seq7585_241_bp_-1_1_0	ENA|BAA32018|BAA32018.1	35.71	14	9	0	22	35	168	181	9.2	18.0
Seq7585_241_bp_-1_2_0	ENA|ABG75784|ABG75784.1	55.56	9	4	0	3	11	76	84	0.7	18.2
Seq7585_241_bp_-1_2_0	ENA|CAA45708|CAA45708.1	55.56	9	4	0	1	9	806	814	0.82	20.3
Seq7585_241_bp_-1_2_0	ENA|EDO47375|EDO47375.1	50.00	8	4	0	5	12	43	50	1.1	16.9
Seq7585_241_bp_-1_2_0	ENA|ABD33854|ABD33854.1	100.00	4	0	0	4	7	21	24	2.4	14.1
Seq7585_241_bp_-1_2_0	ENA|CAA28033|CAA28033.1	71.43	7	2	0	2	8	899	905	4.5	17.5
Seq7585_241_bp_-1_2_0	ENA|CAA11507|CAA11507.1	83.33	6	1	0	4	9	325	330	4.7	17.5
Seq7585_241_bp_-1_2_0	ENA|CCP43727|CCP43727.1	44.44	9	5	0	1	9	24	32	4.7	15.5
Seq7585_241_bp_-1_2_0	ENA|ABK71357|ABK71357.1	45.45	11	6	0	2	12	182	192	5.4	15.5
Seq7585_241_bp_-1_2_0	ENA|AAC17860|AAC17860.1	55.56	9	4	0	2	10	334	342	5.9	15.5
Seq7585_241_bp_-1_2_0	ENA|AAC26660|AAC26660.1	80.00	5	1	0	4	8	139	143	5.9	14.8
Seq7585_241_bp_-1_2_0	ENA|AAB96524|AAB96524.1	50.00	8	4	0	3	10	155	162	6.8	14.1
Seq7585_241_bp_-1_2_1	ENA|AAI27517|AAI27517.1	50.00	10	5	0	3	12	493	502	0.83	19.9
Seq7585_241_bp_-1_2_1	ENA|AAR31603|AAR31603.1	50.00	12	6	0	4	15	260	271	1.1	18.7
Seq7585_241_bp_-1_2_1	ENA|AAQ92751|AAQ92751.2	29.41	17	12	0	7	23	688	704	1.9	19.9
Seq7585_241_bp_-1_2_1	ENA|AAC26660|AAC26660.1	35.29	17	11	0	5	21	230	246	2.9	16.9
Seq7585_241_bp_-1_2_1	ENA|AAR37016|AAR37016.1	35.29	17	11	0	3	19	1554	1570	3.2	19.9
Seq7585_241_bp_-1_2_1	ENA|CAA24711|CAA24711.1	35.71	14	9	0	5	18	6	19	4.5	15.6
Seq7585_241_bp_-1_2_1	ENA|BAB79260|BAB79260.1	22.73	22	17	0	3	24	255	276	5	16.9
Seq7585_241_bp_-1_2_1	ENA|AAC08817|AAC08817.1	44.44	9	5	0	3	11	37	45	9	14.4
Seq7585_241_bp_-1_2_2	ENA|CAA36214|CAA36214.1	46.67	15	8	0	8	22	176	190	0.54	20.0
Seq7585_241_bp_-1_2_2	ENA|BAA32991|BAA32991.1	25.93	27	20	0	2	28	8	34	0.69	17.5
Seq7585_241_bp_-1_2_2	ENA|EDO47375|EDO47375.1	62.50	8	3	0	20	27	147	154	0.94	18.5
Seq7585_241_bp_-1_2_2	ENA|ABD33854|ABD33854.1	57.14	7	3	0	21	27	47	53	1.3	16.5
Seq7585_241_bp_-1_2_2	ENA|AAA42531|AAA42531.1	31.82	22	15	0	2	23	242	263	1.9	18.5
Seq7585_241_bp_-1_2_2	ENA|AAC49865|AAC49865.1	83.33	6	1	0	25	30	17	22	4.5	17.0
Seq7585_241_bp_-1_2_2	ENA|CAA36714|CAA36714.1	50.00	17	8	1	6	22	414	429	8.8	16.5
Seq7585_241_bp_-1_2_2	ENA|AAA32624|AAA32624.1	35.00	20	13	0	6	25	501	520	9.8	16.5
