Seq8221_539_bp_1_0_0	AAA24142.1	92.38	105	8	0	1	105	351	455	2.3e-104	365.7
Seq8221_539_bp_1_0_0	CAA04196.1	100.00	5	0	0	13	17	68	72	1.3	20.9
Seq8221_539_bp_1_0_0	AAA45888.1	100.00	4	0	0	94	97	161	164	1.6	20.5
Seq8221_539_bp_1_0_0	BAB70780.1	83.33	6	1	0	85	90	374	379	5.1	19.1
Seq8221_539_bp_1_0_0	EDO47375.1	62.50	8	3	0	70	77	129	136	5.3	17.6
Seq8221_539_bp_1_0_0	AII71783.1	100.00	4	0	0	72	75	226	229	8.4	17.6
Seq8221_539_bp_1_0_0	CAA11507.1	100.00	4	0	0	67	70	940	943	10	19.5
Seq8221_539_bp_1_1_0	BAB70780.1	100.00	5	0	0	52	56	131	135	2.4	20.1
Seq8221_539_bp_1_1_0	AAB26998.1	100.00	4	0	0	64	67	30	33	2.6	17.4
Seq8221_539_bp_1_1_0	AAA23282.1	100.00	7	0	1	83	89	82	87	2.8	20.1
Seq8221_539_bp_1_1_0	AAR37016.1	100.00	6	0	0	46	51	400	405	3.3	21.9
Seq8221_539_bp_1_1_0	BAA32956.1	100.00	4	0	0	71	74	94	97	3.6	18.3
Seq8221_539_bp_1_1_0	CAA45199.1	75.00	8	2	0	77	84	139	146	4.3	19.2
Seq8221_539_bp_1_1_0	AAA42531.1	83.33	6	1	0	2	7	149	154	4.9	18.8
Seq8221_539_bp_1_1_0	AAA65607.1	100.00	4	0	0	58	61	117	120	6.2	18.3
Seq8221_539_bp_1_1_0	CAA26230.1	100.00	8	0	2	66	71	315	322	6.9	18.8
Seq8221_539_bp_1_1_0	AAA24142.1	100.00	4	0	0	70	73	326	329	7.5	18.3
Seq8221_539_bp_1_1_0	AAA26915.1	100.00	3	0	0	75	77	435	437	7.8	18.3
Seq8221_539_bp_1_2_0	AII71783.1	85.71	7	1	0	6	12	299	305	0.092	21.5
Seq8221_539_bp_1_2_0	AAB96524.1	100.00	4	0	0	6	9	75	78	0.32	18.9
Seq8221_539_bp_1_2_0	AAH69556.1	66.67	9	3	0	6	14	96	104	1.1	17.9
Seq8221_539_bp_1_2_0	AAX84812.1	100.00	3	0	0	3	5	190	192	2.3	16.4
Seq8221_539_bp_1_2_0	ABD33854.1	100.00	3	0	0	7	9	17	19	3.7	13.8
Seq8221_539_bp_1_2_0	AAA23282.1	100.00	3	0	0	3	5	211	213	5.5	16.4
Seq8221_539_bp_1_2_0	AAA18786.1	100.00	3	0	0	12	14	150	152	7.4	14.8
Seq8221_539_bp_1_2_0	ABD49687.1	100.00	3	0	0	5	7	802	804	8	17.4
Seq8221_539_bp_1_2_0	AAA72732.1	100.00	3	0	0	6	8	136	138	8.5	14.8
Seq8221_539_bp_1_2_0	AAA36565.1	100.00	3	0	0	9	11	72	74	9.2	13.8
Seq8221_539_bp_1_2_0	AAA32624.1	100.00	3	0	0	1	3	477	479	9.9	15.3
Seq8221_539_bp_1_2_1	ABS38337.1	83.33	6	1	0	11	16	531	536	1.8	20.5
Seq8221_539_bp_1_2_1	CAA73529.1	100.00	6	0	1	5	10	97	101	2.1	18.0
Seq8221_539_bp_1_2_1	AAA23282.1	100.00	4	0	0	12	15	440	443	3.1	18.5
Seq8221_539_bp_1_2_1	AAR37016.1	83.33	6	1	0	12	17	707	712	3.2	20.5
Seq8221_539_bp_1_2_1	CAA45199.1	80.00	5	1	0	8	12	368	372	5.1	17.5
Seq8221_539_bp_1_2_1	AAA24969.1	100.00	4	0	0	13	16	645	648	5.8	19.0
Seq8221_539_bp_1_2_1	AAA32376.1	66.67	6	2	0	11	16	43	48	7.4	15.5
Seq8221_539_bp_1_2_1	BAB17681.1	100.00	3	0	0	9	11	271	273	8.2	16.0
Seq8221_539_bp_1_2_2	BAA32956.1	100.00	4	0	0	5	8	100	103	0.27	19.5
Seq8221_539_bp_1_2_2	AAB26998.1	100.00	4	0	0	1	4	4	7	0.99	16.2
Seq8221_539_bp_1_2_2	CAA73529.1	100.00	3	0	0	9	11	40	42	1.8	17.2
Seq8221_539_bp_1_2_2	AAA24969.1	80.00	5	1	0	9	13	854	858	1.9	19.5
Seq8221_539_bp_1_2_2	CAA43372.1	100.00	3	0	0	14	16	113	115	3.7	16.7
Seq8221_539_bp_1_2_2	ABN10845.1	100.00	3	0	0	3	5	55	57	3.7	15.8
Seq8221_539_bp_1_2_2	AAA36565.1	100.00	3	0	0	15	17	118	120	3.9	15.3
Seq8221_539_bp_1_2_2	CAA11507.1	80.00	5	1	0	7	11	864	868	4.5	18.1
Seq8221_539_bp_1_2_2	AAA45888.1	100.00	4	0	0	1	4	29	32	4.7	16.2
Seq8221_539_bp_1_2_2	AAH69556.1	100.00	3	0	0	7	9	279	281	5.1	15.8
Seq8221_539_bp_1_2_2	BAB79260.1	100.00	4	0	0	1	4	204	207	5.5	16.2
Seq8221_539_bp_1_2_2	ACH70904.1	100.00	3	0	0	15	17	250	252	8.1	15.3
Seq8221_539_bp_1_2_2	AAA18786.1	75.00	4	1	0	9	12	89	92	8.3	14.8
Seq8221_539_bp_1_2_2	ABK71357.1	100.00	3	0	0	15	17	288	290	8.4	15.3
Seq8221_539_bp_1_2_2	AAC08817.1	100.00	2	0	0	9	10	106	107	9.7	13.9
Seq8221_539_bp_1_2_2	AAX84812.1	100.00	3	0	0	12	14	178	180	9.9	14.3
Seq8221_539_bp_1_2_3	BAB17681.1	71.43	7	2	0	1	7	79	85	0.35	19.8
Seq8221_539_bp_1_2_3	AAF01122.1	100.00	4	0	0	11	14	23	26	1	18.7
Seq8221_539_bp_1_2_3	BAA32956.1	100.00	3	0	0	7	9	161	163	4.8	15.6
Seq8221_539_bp_1_2_3	ABN10845.1	100.00	6	0	2	16	19	53	58	5	15.6
Seq8221_539_bp_1_2_3	AAA42531.1	100.00	3	0	0	7	9	183	185	8.5	15.6
Seq8221_539_bp_1_2_3	EDO47375.1	75.00	4	1	0	3	6	171	174	8.6	14.5
Seq8221_539_bp_1_2_4	ABN10845.1	100.00	5	0	0	7	11	77	81	0.057	21.4
Seq8221_539_bp_1_2_4	AAA18786.1	100.00	6	0	1	8	13	5	9	3.1	15.9
Seq8221_539_bp_1_2_4	AAR31603.1	66.67	12	3	3	2	13	23	31	3.8	15.9
Seq8221_539_bp_1_2_4	CAA43372.1	100.00	3	0	0	3	5	55	57	6.5	15.5
Seq8221_539_bp_1_2_4	ABG75784.1	100.00	3	0	0	6	8	264	266	6.7	15.0
Seq8221_539_bp_1_2_4	BAA32956.1	100.00	3	0	0	8	10	9	11	8.4	14.1
Seq8221_539_bp_-1_0_0	AAX84812.1	100.00	4	0	0	10	13	38	41	0.83	18.1
Seq8221_539_bp_-1_0_0	CAA11507.1	80.00	5	1	0	12	16	782	786	1.7	19.6
Seq8221_539_bp_-1_0_0	AAC97205.1	100.00	8	0	2	4	11	733	738	6	17.6
Seq8221_539_bp_-1_0_0	AAA24142.1	83.33	8	1	2	8	15	272	277	6.2	16.1
Seq8221_539_bp_-1_0_0	ABD33854.1	100.00	3	0	0	5	7	10	12	6.9	13.1
Seq8221_539_bp_-1_0_0	AAA32376.1	100.00	3	0	0	8	10	123	125	9.1	14.1
Seq8221_539_bp_-1_0_0	ACH70904.1	100.00	3	0	0	15	17	78	80	9.5	15.1
Seq8221_539_bp_-1_0_1	AAB26998.1	100.00	4	0	0	12	15	30	33	0.75	18.3
Seq8221_539_bp_-1_0_1	ABS38337.1	75.00	8	2	0	29	36	531	538	1.1	21.8
Seq8221_539_bp_-1_0_1	AII71783.1	100.00	4	0	0	42	45	157	160	2.9	18.3
Seq8221_539_bp_-1_0_1	AAA72732.1	100.00	4	0	0	42	45	114	117	2.9	18.3
Seq8221_539_bp_-1_0_1	CAD53387.1	100.00	4	0	0	13	16	479	482	3.3	18.8
Seq8221_539_bp_-1_0_1	CAA73529.1	100.00	4	0	0	43	46	186	189	5	17.3
Seq8221_539_bp_-1_0_1	ABL74574.1	100.00	4	0	0	43	46	284	287	5.2	17.3
Seq8221_539_bp_-1_0_1	AAR37016.1	83.33	6	1	0	22	27	1371	1376	5.5	20.3
Seq8221_539_bp_-1_0_1	ABK71357.1	100.00	4	0	0	32	35	7	10	6.7	17.3
Seq8221_539_bp_-1_0_1	CAA04196.1	100.00	4	0	0	43	46	345	348	7.4	17.3
Seq8221_539_bp_-1_0_1	AAH69556.1	87.50	11	1	3	19	27	127	136	7.6	16.8
Seq8221_539_bp_-1_0_1	AAC97205.1	100.00	4	0	0	14	17	360	363	7.8	18.8
Seq8221_539_bp_-1_0_1	AAX12058.1	100.00	3	0	0	6	8	168	170	9.5	16.3
Seq8221_539_bp_-1_0_2	CAA04196.1	100.00	4	0	0	9	12	303	306	0.55	19.0
Seq8221_539_bp_-1_0_2	AAA32624.1	100.00	6	0	1	1	5	193	198	1.7	17.6
Seq8221_539_bp_-1_0_2	ABG75784.1	100.00	3	0	0	3	5	193	195	1.9	16.7
Seq8221_539_bp_-1_0_2	ABN10845.1	100.00	3	0	0	5	7	109	111	2.5	15.8
Seq8221_539_bp_-1_0_2	AAA24142.1	100.00	3	0	0	4	6	301	303	5.1	15.8
Seq8221_539_bp_-1_0_2	ABS38337.1	100.00	4	0	0	1	4	957	960	5.6	17.2
Seq8221_539_bp_-1_0_2	AAA42531.1	100.00	3	0	0	8	10	156	158	5.9	15.4
Seq8221_539_bp_-1_0_2	CAA26230.1	100.00	3	0	0	5	7	16	18	6.2	15.8
Seq8221_539_bp_-1_0_2	ACT10338.1	100.00	3	0	0	9	11	346	348	7.9	14.9
Seq8221_539_bp_-1_0_2	CAA11507.1	100.00	3	0	0	3	5	290	292	8	16.7
Seq8221_539_bp_-1_0_3	AAA36565.1	83.33	6	1	0	1	6	66	71	0.21	19.2
Seq8221_539_bp_-1_0_3	BAA32991.1	80.00	6	1	1	6	11	28	32	0.5	16.7
Seq8221_539_bp_-1_0_3	BAB17681.1	75.00	4	1	0	8	11	118	121	2.6	16.2
Seq8221_539_bp_-1_0_3	AAA24142.1	100.00	3	0	0	11	13	420	422	4.2	16.2
Seq8221_539_bp_-1_0_3	CAA26230.1	100.00	3	0	0	10	12	6	8	6.8	15.8
Seq8221_539_bp_-1_0_3	AIR13712.1	100.00	3	0	0	8	10	25	27	7.2	15.0
Seq8221_539_bp_-1_0_3	AAI27517.1	100.00	3	0	0	4	6	446	448	7.2	15.8
Seq8221_539_bp_-1_0_3	ACH70904.1	100.00	3	0	0	8	10	47	49	7.8	15.0
Seq8221_539_bp_-1_0_3	AAB26998.1	100.00	2	0	0	5	6	13	14	9.6	12.4
Seq8221_539_bp_-1_0_3	BAB79260.1	100.00	3	0	0	1	3	170	172	9.6	15.0
Seq8221_539_bp_-1_1_0	AAA36565.1	100.00	3	0	0	10	12	77	79	1.5	16.4
Seq8221_539_bp_-1_1_0	AAF01122.1	100.00	4	0	0	6	9	295	298	1.7	17.4
Seq8221_539_bp_-1_1_0	CAA73529.1	100.00	3	0	0	10	12	269	271	2.5	16.4
Seq8221_539_bp_-1_1_0	AAA42531.1	80.00	5	1	0	10	14	304	308	2.5	16.9
Seq8221_539_bp_-1_1_0	AAB64315.2	100.00	3	0	0	10	12	67	69	3	16.4
Seq8221_539_bp_-1_1_0	CAA04196.1	80.00	5	1	0	7	11	19	23	3.8	16.4
Seq8221_539_bp_-1_1_0	AAR37016.1	100.00	4	0	0	8	11	1461	1464	3.8	18.9
Seq8221_539_bp_-1_1_0	AAA24142.1	100.00	3	0	0	11	13	406	408	4.1	16.4
Seq8221_539_bp_-1_1_0	ABD33854.1	100.00	3	0	0	7	9	11	13	6.3	12.9
Seq8221_539_bp_-1_1_0	BAB17681.1	100.00	3	0	0	1	3	85	87	9.4	14.4
Seq8221_539_bp_-1_1_1	AAA24969.1	100.00	6	0	0	4	9	1305	1310	0.16	24.2
Seq8221_539_bp_-1_1_1	BAB17681.1	100.00	4	0	0	15	18	225	228	1.7	18.3
Seq8221_539_bp_-1_1_1	AAB96524.1	80.00	5	1	0	4	8	19	23	4.1	16.5
Seq8221_539_bp_-1_1_1	ABN10845.1	100.00	4	0	0	8	11	2	5	4.8	16.5
Seq8221_539_bp_-1_1_1	AAC78721.1	100.00	4	0	0	4	7	610	613	5.7	17.8
Seq8221_539_bp_-1_1_1	CAA26230.1	100.00	4	0	0	14	17	227	230	6.4	17.4
Seq8221_539_bp_-1_1_1	AAA23282.1	100.00	4	0	0	14	17	163	166	6.5	17.4
Seq8221_539_bp_-1_1_1	AAA32624.1	100.00	4	0	0	19	22	231	234	8.1	16.9
Seq8221_539_bp_-1_1_1	AAA42531.1	80.00	5	1	0	15	19	205	209	8.2	16.5
Seq8221_539_bp_-1_1_1	AAC17860.1	77.78	10	2	1	1	10	142	150	8.7	16.5
Seq8221_539_bp_-1_1_1	AAI27517.1	100.00	4	0	0	6	9	60	63	9	16.9
Seq8221_539_bp_-1_1_1	BAE97662.1	100.00	4	0	0	5	8	572	575	9.2	17.8
Seq8221_539_bp_-1_1_1	AAA32376.1	71.43	7	2	0	28	34	162	168	9.3	15.1
Seq8221_539_bp_-1_1_1	AIR13712.1	80.00	5	1	0	24	28	313	317	9.4	16.0
Seq8221_539_bp_-1_1_1	CAA45199.1	80.00	5	1	0	2	6	181	185	9.8	16.5
Seq8221_539_bp_-1_1_2	AAC78721.1	100.00	4	0	0	18	21	209	212	2.1	19.9
Seq8221_539_bp_-1_1_2	AAH69556.1	85.71	8	1	1	31	37	260	267	3.2	18.1
Seq8221_539_bp_-1_1_2	CAA73529.1	100.00	3	0	0	25	27	39	41	5.3	17.2
Seq8221_539_bp_-1_1_2	AAR31603.1	100.00	3	0	0	25	27	142	144	6.3	17.2
Seq8221_539_bp_-1_1_2	BAB17681.1	100.00	4	0	0	47	50	137	140	7.2	16.7
Seq8221_539_bp_-1_1_2	AAX84812.1	100.00	4	0	0	34	37	173	176	8.2	16.3
Seq8221_539_bp_-1_1_2	AAA18786.1	100.00	3	0	0	4	6	158	160	9.3	16.3
Seq8221_539_bp_-1_2_0	CAA26230.1	100.00	5	0	0	29	33	287	291	0.29	21.8
Seq8221_539_bp_-1_2_0	AAC78721.1	83.33	6	1	0	22	27	287	292	0.7	20.8
Seq8221_539_bp_-1_2_0	AAF01122.1	100.00	4	0	0	13	16	99	102	3	17.8
Seq8221_539_bp_-1_2_0	AAA23282.1	100.00	4	0	0	21	24	482	485	3.2	18.3
Seq8221_539_bp_-1_2_0	ACT10338.1	100.00	4	0	0	9	12	3	6	4.4	17.3
Seq8221_539_bp_-1_2_0	ABN10845.1	100.00	3	0	0	8	10	23	25	4.9	16.4
Seq8221_539_bp_-1_2_0	AAA24142.1	100.00	4	0	0	22	25	33	36	5	17.3
Seq8221_539_bp_-1_2_0	AAB96524.1	100.00	3	0	0	5	7	25	27	5.8	15.9
Seq8221_539_bp_-1_2_0	AAA45888.1	80.00	5	1	0	15	19	211	215	6	16.8
Seq8221_539_bp_-1_2_0	AAA24969.1	85.71	8	1	1	22	28	971	978	6	18.8
Seq8221_539_bp_-1_2_0	ABD49687.1	100.00	4	0	0	3	6	704	707	9.2	18.3
Seq8221_539_bp_-1_2_0	AAB26998.1	100.00	3	0	0	15	17	1	3	9.4	13.9
Seq8221_539_bp_-1_2_0	AAX84812.1	100.00	3	0	0	1	3	30	32	9.8	15.4
Seq8221_539_bp_-1_2_1	AAA24969.1	100.00	5	0	0	22	26	272	276	0.65	21.8
Seq8221_539_bp_-1_2_1	AAA45888.1	100.00	4	0	0	9	12	358	361	1.3	18.8
Seq8221_539_bp_-1_2_1	AAB64315.2	71.43	7	2	0	21	27	215	221	1.6	18.3
Seq8221_539_bp_-1_2_1	AAQ92751.2	100.00	4	0	0	7	10	246	249	3.3	19.3
Seq8221_539_bp_-1_2_1	AAC97205.1	100.00	9	0	3	7	15	1113	1118	4.2	18.8
Seq8221_539_bp_-1_2_1	CAA04196.1	80.00	5	1	0	23	27	262	266	7.9	16.2
Seq8221_539_bp_-1_2_1	AAH69556.1	100.00	3	0	0	8	10	214	216	8.1	15.7
Seq8221_539_bp_-1_2_1	AAA18786.1	100.00	3	0	0	18	20	15	17	10	15.2
Seq8221_539_bp_-1_2_2	ABG75784.1	100.00	4	0	0	18	21	7	10	0.95	19.6
Seq8221_539_bp_-1_2_2	AAI27517.1	100.00	4	0	0	20	23	49	52	3.2	18.7
Seq8221_539_bp_-1_2_2	AEE27845.1	100.00	7	0	1	27	32	70	76	4.1	19.6
Seq8221_539_bp_-1_2_2	BAB79260.1	100.00	4	0	0	24	27	207	210	6	17.4
Seq8221_539_bp_-1_2_2	BAA32956.1	100.00	3	0	0	3	5	89	91	6.9	16.1
Seq8221_539_bp_-1_2_2	AAB64315.2	100.00	4	0	0	6	9	198	201	7.9	16.5
Seq8221_539_bp_-1_2_2	AAA72732.1	80.00	5	1	0	6	10	122	126	10	16.1
