Seq9056_834_bp_1_0_0	AAB03707.1	91.37	278	24	0	1	278	1001	1278	6.4e-170	586.5
Seq9056_834_bp_1_0_0	AAA24969.1	28.36	140	96	6	141	277	1290	1426	1.2e-12	64.1
Seq9056_834_bp_1_0_0	BAA32018.1	35.90	41	25	2	65	104	500	539	0.13	26.2
Seq9056_834_bp_1_0_0	AIR13712.1	34.78	23	15	0	1	23	287	309	2.1	21.2
Seq9056_834_bp_1_0_0	CAA11507.1	33.33	21	14	0	205	225	680	700	3.4	22.6
Seq9056_834_bp_1_0_0	EDO47375.1	35.71	29	18	1	181	209	1	28	5.7	18.9
Seq9056_834_bp_1_0_0	BAA32956.1	44.44	44	20	8	220	262	91	127	6.3	18.9
Seq9056_834_bp_1_0_0	AII71783.1	20.00	78	60	3	161	236	52	128	6.7	19.4
Seq9056_834_bp_1_0_0	ABK71357.1	37.50	24	15	0	114	137	7	30	8	19.4
Seq9056_834_bp_1_1_0	ABG75784.1	85.71	7	1	0	18	24	175	181	0.95	19.2
Seq9056_834_bp_1_1_0	CAA43372.1	46.15	13	7	0	17	29	4	16	1.2	19.2
Seq9056_834_bp_1_1_0	BAB17681.1	35.71	14	9	0	1	14	164	177	1.7	18.2
Seq9056_834_bp_1_1_0	BAA32956.1	66.67	6	2	0	28	33	7	12	2.7	17.1
Seq9056_834_bp_1_1_0	AAA24142.1	50.00	10	5	0	18	27	310	319	2.8	18.2
Seq9056_834_bp_1_1_0	AAR37016.1	66.67	9	3	0	10	18	598	606	4.8	19.8
Seq9056_834_bp_1_1_0	CAA74140.1	57.14	7	3	0	21	27	496	502	7.9	17.7
Seq9056_834_bp_1_1_0	EDO47375.1	39.13	25	14	2	11	33	152	176	9.6	15.0
Seq9056_834_bp_1_1_1	AAA65607.1	71.43	7	2	0	24	30	241	247	0.35	21.2
Seq9056_834_bp_1_1_1	CAA26230.1	33.33	15	10	0	7	21	352	366	0.54	21.2
Seq9056_834_bp_1_1_1	AAA23282.1	29.41	17	12	0	10	26	324	340	0.77	20.7
Seq9056_834_bp_1_1_1	BAA32956.1	71.43	7	2	0	32	38	7	13	1.2	18.6
Seq9056_834_bp_1_1_1	EDO47375.1	62.50	8	3	0	20	27	147	154	2.1	17.6
Seq9056_834_bp_1_1_1	BAA32991.1	30.77	13	9	0	26	38	5	17	2.2	16.1
Seq9056_834_bp_1_1_1	ABG75784.1	28.57	14	10	0	6	19	194	207	3.4	17.6
Seq9056_834_bp_1_1_1	AAA32624.1	26.67	15	11	0	7	21	315	329	4	18.1
Seq9056_834_bp_1_1_1	CAA43372.1	66.67	6	2	0	28	33	11	16	6.2	17.1
Seq9056_834_bp_1_1_1	BAB79260.1	30.77	13	9	0	4	16	439	451	6.8	17.1
Seq9056_834_bp_1_1_1	AAR31603.1	44.44	9	5	0	3	11	78	86	7	16.6
Seq9056_834_bp_1_1_1	AAB96524.1	60.00	5	2	0	3	7	54	58	7.9	15.6
Seq9056_834_bp_1_1_2	AEE27845.1	46.67	15	8	0	2	16	404	418	0.24	22.4
Seq9056_834_bp_1_1_2	AAA24142.1	50.00	8	4	0	6	13	291	298	0.95	18.8
Seq9056_834_bp_1_1_2	AAA32376.1	30.00	10	7	0	8	17	43	52	1.9	16.4
Seq9056_834_bp_1_1_2	AAB26998.1	66.67	6	2	0	3	8	3	8	3.1	14.6
Seq9056_834_bp_1_1_2	AAA72732.1	80.00	5	1	0	7	11	164	168	3.4	16.4
Seq9056_834_bp_1_1_2	AAA45888.1	57.14	7	3	0	2	8	357	363	4.2	16.4
Seq9056_834_bp_1_1_2	AAX12058.1	46.15	13	7	0	5	17	38	50	4.5	15.8
Seq9056_834_bp_1_1_2	AAC78721.1	45.45	11	6	0	5	15	212	222	4.8	17.0
Seq9056_834_bp_1_1_2	ABS38337.1	57.14	7	3	0	7	13	530	536	6	17.6
Seq9056_834_bp_1_1_2	BAA32991.1	42.86	7	4	0	11	17	34	40	6	13.4
Seq9056_834_bp_1_1_2	AAI27517.1	42.86	7	4	0	8	14	147	153	6.3	16.4
Seq9056_834_bp_1_1_2	CAA04196.1	66.67	6	2	0	6	11	9	14	6.8	15.8
Seq9056_834_bp_1_1_2	AII71783.1	40.00	10	6	0	8	17	1	10	7.5	15.2
Seq9056_834_bp_1_1_2	ACH70904.1	75.00	4	1	0	8	11	1	4	8.7	15.2
Seq9056_834_bp_1_1_2	AAQ92751.2	33.33	9	6	0	3	11	248	256	9.5	17.0
Seq9056_834_bp_1_1_2	BAA32018.1	57.14	7	3	0	4	10	375	381	9.9	15.8
Seq9056_834_bp_1_1_3	CAA43372.1	50.00	8	4	0	14	21	37	44	2.2	18.2
Seq9056_834_bp_1_1_3	AAA25966.1	83.33	6	1	0	21	26	91	96	3.9	18.2
Seq9056_834_bp_1_1_3	ABD33854.1	23.53	17	13	0	6	22	25	41	7.1	13.8
Seq9056_834_bp_1_1_3	AAA32624.1	31.25	16	11	0	6	21	147	162	7.5	16.7
Seq9056_834_bp_1_1_4	AAH69556.1	75.00	8	2	0	20	27	181	188	0.37	20.8
Seq9056_834_bp_1_1_4	AAA23282.1	42.86	14	8	0	22	35	539	552	1	20.3
Seq9056_834_bp_1_1_4	AAB64315.2	31.25	16	11	0	4	19	212	227	1.2	19.3
Seq9056_834_bp_1_1_4	AAC08817.1	33.33	15	10	0	5	19	6	20	1.8	17.7
Seq9056_834_bp_1_1_4	AAA65607.1	26.32	19	14	0	3	21	296	314	1.9	18.7
Seq9056_834_bp_1_1_4	AII71783.1	19.23	26	21	0	9	34	249	274	2.3	18.2
Seq9056_834_bp_1_1_4	ABS38337.1	30.77	26	18	0	8	33	771	796	3.2	19.8
Seq9056_834_bp_1_1_4	BAB79260.1	27.78	18	13	0	9	26	144	161	3.4	18.2
Seq9056_834_bp_1_1_4	AAC97205.1	50.00	10	5	0	2	11	158	167	4.4	19.3
Seq9056_834_bp_1_1_4	AAF01122.1	62.50	8	3	0	22	29	160	167	8	16.6
Seq9056_834_bp_1_1_4	AAB96524.1	50.00	12	6	0	21	32	161	172	8.2	15.6
Seq9056_834_bp_1_1_4	CAA04196.1	31.82	22	15	0	9	30	140	161	8.8	16.6
Seq9056_834_bp_1_1_4	AAA72732.1	55.56	9	4	0	19	27	307	315	9.4	16.1
Seq9056_834_bp_1_1_5	AAA32376.1	26.67	15	11	0	8	22	126	140	0.86	18.2
Seq9056_834_bp_1_1_5	CAA26230.1	55.56	9	4	0	11	19	271	279	1.9	18.8
Seq9056_834_bp_1_1_5	AAX12058.1	36.00	26	16	1	1	26	183	207	1.9	17.7
Seq9056_834_bp_1_1_5	AAA24142.1	71.43	7	2	0	15	21	324	330	4.5	17.2
Seq9056_834_bp_1_1_5	CAA43372.1	33.33	23	14	2	1	22	299	320	5.8	16.7
Seq9056_834_bp_1_1_5	BAB79260.1	20.83	24	19	0	4	27	251	274	6.3	16.7
Seq9056_834_bp_1_1_5	AAA18786.1	66.67	6	2	0	5	10	190	195	7.5	15.6
Seq9056_834_bp_1_1_5	AAC08817.1	37.50	8	5	0	8	15	8	15	9.3	14.6
Seq9056_834_bp_1_1_6	AAA23282.1	42.86	14	8	0	4	17	171	184	0.5	20.1
Seq9056_834_bp_1_1_6	ABK71357.1	41.67	12	7	0	6	17	11	22	1.2	18.2
Seq9056_834_bp_1_1_6	AAA32624.1	57.14	7	3	0	10	16	487	493	1.6	18.2
Seq9056_834_bp_1_1_6	ABD49687.1	35.71	14	9	0	4	17	144	157	2.3	19.5
Seq9056_834_bp_1_1_6	ABS38337.1	36.36	11	7	0	5	15	378	388	2.6	18.8
Seq9056_834_bp_1_1_6	AAA72732.1	45.45	11	6	0	1	11	227	237	3.5	16.4
Seq9056_834_bp_1_1_6	BAA32991.1	100.00	2	0	0	2	3	28	29	4.2	13.9
Seq9056_834_bp_1_1_6	CAA45199.1	55.56	9	4	0	5	13	374	382	5.2	16.4
Seq9056_834_bp_1_1_6	CAA04196.1	42.86	7	4	0	10	16	278	284	6.9	15.8
Seq9056_834_bp_1_1_6	BAB17681.1	50.00	8	4	0	3	10	153	160	7	15.1
Seq9056_834_bp_1_1_6	AAR37016.1	71.43	7	2	0	8	14	2242	2248	7.1	18.2
Seq9056_834_bp_1_1_6	ACH70904.1	45.45	11	6	0	4	14	69	79	9	15.1
Seq9056_834_bp_1_1_6	CAA26230.1	44.44	9	5	0	5	13	298	306	9.1	15.8
Seq9056_834_bp_1_1_6	AAA36565.1	75.00	4	1	0	3	6	165	168	9.7	13.9
Seq9056_834_bp_1_1_7	AAR31603.1	62.50	8	3	0	1	8	102	109	2.5	17.4
Seq9056_834_bp_1_1_7	CAA73529.1	50.00	8	4	0	4	11	202	209	3	16.8
Seq9056_834_bp_1_1_7	BAB79260.1	27.27	11	8	0	8	18	439	449	3.4	17.4
Seq9056_834_bp_1_1_7	CAA45199.1	66.67	6	2	0	17	22	351	356	7.3	16.3
Seq9056_834_bp_1_1_8	AAC97205.1	44.44	9	5	0	2	10	1215	1223	0.21	21.8
Seq9056_834_bp_1_1_8	AAA45888.1	60.00	5	2	0	1	5	180	184	0.57	18.7
Seq9056_834_bp_1_1_8	AAB96524.1	25.00	8	6	0	2	9	132	139	0.99	16.8
Seq9056_834_bp_1_1_8	AAA24969.1	44.44	9	5	0	2	10	1324	1332	2.2	18.7
Seq9056_834_bp_1_1_8	ABN10845.1	50.00	6	3	0	6	11	77	82	4.1	15.0
Seq9056_834_bp_1_1_8	AAA18786.1	50.00	4	2	0	2	5	185	188	5	15.0
Seq9056_834_bp_1_1_8	AAA26915.1	28.57	7	5	0	4	10	278	284	5.7	15.6
Seq9056_834_bp_1_1_8	AAA25966.1	75.00	4	1	0	4	7	137	140	5.7	16.2
Seq9056_834_bp_1_1_8	AAB64315.2	80.00	5	1	0	5	9	1	5	6.1	15.0
Seq9056_834_bp_1_1_8	AAC08817.1	100.00	2	0	0	4	5	5	6	7.1	13.7
Seq9056_834_bp_1_1_8	CAA43372.1	42.86	7	4	0	2	8	16	22	7.6	15.0
Seq9056_834_bp_1_1_8	AII71783.1	80.00	5	1	0	7	11	82	86	8.6	14.4
Seq9056_834_bp_1_1_8	AAA72732.1	66.67	6	2	0	5	10	50	55	8.7	14.4
Seq9056_834_bp_1_1_8	BAB70780.1	50.00	6	3	0	5	10	272	277	8.8	15.0
Seq9056_834_bp_1_1_9	ABN10845.1	53.85	15	6	2	2	14	18	32	0.24	19.4
Seq9056_834_bp_1_1_9	CAA26230.1	42.86	7	4	0	1	7	14	20	1.3	18.4
Seq9056_834_bp_1_1_9	AAB64315.2	44.44	9	5	0	2	10	121	129	1.6	17.3
Seq9056_834_bp_1_1_9	AAA45888.1	44.44	9	5	0	4	12	57	65	4	16.2
Seq9056_834_bp_1_1_9	AAX12058.1	30.00	10	7	0	3	12	207	216	4.1	15.6
Seq9056_834_bp_1_1_9	CAA43372.1	80.00	5	1	0	5	9	295	299	8.7	15.1
Seq9056_834_bp_1_1_9	ABD33854.1	40.00	5	3	0	5	9	7	11	8.8	12.4
Seq9056_834_bp_1_1_9	AII71783.1	57.14	7	3	0	4	10	33	39	9.4	14.6
Seq9056_834_bp_1_1_9	AAA24142.1	50.00	6	3	0	1	6	90	95	9.5	15.1
Seq9056_834_bp_1_1_9	BAB79260.1	57.14	7	3	0	6	12	91	97	9.5	15.1
Seq9056_834_bp_1_2_0	AAR37016.1	35.29	17	11	0	25	41	1300	1316	0.37	24.0
Seq9056_834_bp_1_2_0	AAB03707.1	25.00	20	15	0	1	20	400	419	0.44	23.0
Seq9056_834_bp_1_2_0	AAC97205.1	41.18	18	10	1	4	20	243	260	0.78	22.0
Seq9056_834_bp_1_2_0	BAA32991.1	30.77	13	9	0	19	31	27	39	1	17.4
Seq9056_834_bp_1_2_0	ABD49687.1	50.00	10	5	0	31	40	259	268	1.1	22.0
Seq9056_834_bp_1_2_0	AAB96524.1	26.32	19	14	0	16	34	54	72	1.3	18.4
Seq9056_834_bp_1_2_0	CAA11507.1	25.00	20	15	0	1	20	392	411	2.4	20.4
Seq9056_834_bp_1_2_0	AAA24969.1	20.00	20	16	0	1	20	418	437	2.7	20.4
Seq9056_834_bp_1_2_0	ABD33854.1	45.45	14	6	3	30	40	34	47	3.6	15.4
Seq9056_834_bp_1_2_0	AAF01122.1	27.78	18	13	0	4	21	16	33	3.8	17.9
Seq9056_834_bp_1_2_0	ACT10338.1	44.44	9	5	0	24	32	119	127	3.9	17.9
Seq9056_834_bp_1_2_0	ABG75784.1	66.67	6	2	0	16	21	243	248	6.1	16.9
Seq9056_834_bp_1_2_0	CAA45199.1	50.00	10	5	0	32	41	61	70	6.5	17.4
Seq9056_834_bp_1_2_0	AAA26915.1	37.50	8	5	0	30	37	271	278	8.9	16.9
Seq9056_834_bp_1_2_1	AEE27845.1	42.86	21	12	0	35	55	283	303	0.54	23.2
Seq9056_834_bp_1_2_1	AAR37016.1	39.29	28	17	0	34	61	725	752	0.63	23.7
Seq9056_834_bp_1_2_1	AAC17860.1	45.45	22	12	0	40	61	146	167	0.66	21.1
Seq9056_834_bp_1_2_1	AIR13712.1	18.52	27	22	0	37	63	192	218	1.5	19.5
Seq9056_834_bp_1_2_1	AAB96524.1	33.33	9	6	0	15	23	58	66	2.5	18.0
Seq9056_834_bp_1_2_1	BAE97662.1	33.33	27	18	0	35	61	66	92	3.6	20.1
Seq9056_834_bp_1_2_1	AAC08817.1	30.43	23	16	0	40	62	45	67	4.5	17.0
Seq9056_834_bp_1_2_1	BAA32991.1	60.00	5	2	0	15	19	28	32	7.6	14.9
Seq9056_834_bp_1_2_2	AAA42531.1	80.00	5	1	0	1	5	204	208	0.065	21.7
Seq9056_834_bp_1_2_2	ABS38337.1	66.67	6	2	0	1	6	430	435	0.62	20.2
Seq9056_834_bp_1_2_2	AII71783.1	75.00	4	1	0	5	8	152	155	0.74	17.9
Seq9056_834_bp_1_2_2	AAB96524.1	100.00	3	0	0	5	7	25	27	0.76	17.1
Seq9056_834_bp_1_2_2	ACH70904.1	33.33	9	6	0	1	9	150	158	0.87	17.9
Seq9056_834_bp_1_2_2	ABN10845.1	60.00	5	2	0	2	6	12	16	0.89	17.1
Seq9056_834_bp_1_2_2	ACT10338.1	50.00	6	3	0	5	10	130	135	0.93	17.9
Seq9056_834_bp_1_2_2	AAH69556.1	50.00	6	3	0	2	7	283	288	1.2	17.1
Seq9056_834_bp_1_2_2	CAA26230.1	100.00	3	0	0	5	7	193	195	2.3	17.1
Seq9056_834_bp_1_2_2	AAX84812.1	50.00	4	2	0	1	4	91	94	2.7	15.5
Seq9056_834_bp_1_2_2	AAA18786.1	60.00	5	2	0	2	6	5	9	3.1	15.5
Seq9056_834_bp_1_2_2	BAB17681.1	75.00	4	1	0	2	5	225	228	3.2	15.5
Seq9056_834_bp_1_2_2	AAR31603.1	40.00	5	3	0	6	10	65	69	3.8	15.5
Seq9056_834_bp_1_2_2	AAI27517.1	42.86	7	4	0	1	7	312	318	4	16.3
Seq9056_834_bp_1_2_2	BAA32956.1	57.14	8	3	1	1	8	7	13	4.2	14.8
Seq9056_834_bp_1_2_2	AAA65607.1	28.57	7	5	0	2	8	295	301	4.3	15.5
Seq9056_834_bp_1_2_2	AAF01122.1	40.00	5	3	0	5	9	62	66	4.4	15.5
Seq9056_834_bp_1_2_2	BAB79260.1	75.00	4	1	0	3	6	100	103	5.2	15.5
Seq9056_834_bp_1_2_2	AAX12058.1	60.00	5	2	0	2	6	212	216	5.4	14.8
Seq9056_834_bp_1_2_2	AAA32624.1	75.00	4	1	0	6	9	268	271	6	15.5
Seq9056_834_bp_1_2_2	ABG75784.1	75.00	4	1	0	3	6	12	15	6.1	14.8
Seq9056_834_bp_1_2_2	BAA32991.1	100.00	2	0	0	6	7	22	23	6.6	12.5
Seq9056_834_bp_1_2_2	ABK71357.1	20.00	5	4	0	4	8	353	357	7.2	14.8
Seq9056_834_bp_1_2_2	AAA45888.1	28.57	7	5	0	1	7	78	84	7.3	14.8
Seq9056_834_bp_1_2_2	AAR37016.1	37.50	8	5	0	3	10	362	369	9	17.1
Seq9056_834_bp_1_2_2	AAA36565.1	50.00	4	2	0	3	6	82	85	9.1	13.2
Seq9056_834_bp_1_2_3	AAA25966.1	50.00	8	4	0	6	13	310	317	0.22	22.3
Seq9056_834_bp_1_2_3	BAA32991.1	57.14	7	3	0	4	10	29	35	0.56	17.5
Seq9056_834_bp_1_2_3	AAH69556.1	30.77	13	9	0	10	22	222	234	0.71	19.3
Seq9056_834_bp_1_2_3	ABD49687.1	44.44	9	5	0	2	10	965	973	0.77	21.7
Seq9056_834_bp_1_2_3	AAA42531.1	55.56	9	4	0	8	16	216	224	2	18.1
Seq9056_834_bp_1_2_3	BAA32956.1	25.00	20	15	0	5	24	98	117	2.5	16.9
Seq9056_834_bp_1_2_3	AAA36565.1	41.67	12	7	0	12	23	78	89	3	16.3
Seq9056_834_bp_1_2_3	CAA74140.1	30.00	10	7	0	6	15	467	476	3.2	18.7
Seq9056_834_bp_1_2_3	ACT10338.1	42.86	7	4	0	12	18	131	137	4.6	16.9
Seq9056_834_bp_1_2_3	AAB03707.1	50.00	6	3	0	7	12	647	652	4.7	18.7
Seq9056_834_bp_1_2_3	EDO47375.1	42.86	7	4	0	13	19	148	154	5.1	15.8
Seq9056_834_bp_1_2_3	AII71783.1	36.36	12	7	1	1	12	151	161	5.4	16.3
Seq9056_834_bp_1_2_3	ABD33854.1	27.27	11	8	0	13	23	47	57	5.9	14.0
Seq9056_834_bp_1_2_3	AAQ92751.2	44.44	9	5	0	13	21	1215	1223	7	18.1
Seq9056_834_bp_1_2_3	AAA24969.1	50.00	6	3	0	7	12	736	741	7.7	18.1
Seq9056_834_bp_1_2_3	AAA24142.1	75.00	4	1	0	1	4	256	259	7.8	16.3
Seq9056_834_bp_1_2_3	AAA26915.1	50.00	8	4	0	20	27	354	361	8.1	16.3
Seq9056_834_bp_1_2_3	AAC97205.1	44.44	9	5	0	19	27	544	552	9.2	17.5
Seq9056_834_bp_1_2_3	CAA26230.1	27.27	11	8	0	1	11	428	438	9.5	16.3
Seq9056_834_bp_1_2_3	AAA23282.1	80.00	5	1	0	19	23	127	131	9.7	16.3
Seq9056_834_bp_1_2_4	AAA72732.1	58.33	13	5	1	11	22	214	226	0.37	20.3
Seq9056_834_bp_1_2_4	BAA32956.1	55.56	10	4	1	3	12	130	138	0.55	19.2
Seq9056_834_bp_1_2_4	CAA11507.1	23.81	21	16	0	6	26	396	416	5.1	18.6
Seq9056_834_bp_1_2_4	AAR31603.1	55.56	9	4	0	12	20	296	304	6	16.3
Seq9056_834_bp_1_2_4	BAA32991.1	100.00	2	0	0	6	7	28	29	6.1	14.0
Seq9056_834_bp_1_2_4	AAF01122.1	29.41	17	12	0	11	27	7	23	6.8	16.3
Seq9056_834_bp_1_2_4	AAB26998.1	100.00	3	0	0	2	4	12	14	7	14.0
Seq9056_834_bp_1_2_4	AAR37016.1	33.33	18	12	0	9	26	1684	1701	8.5	18.6
Seq9056_834_bp_1_2_4	AIR13712.1	66.67	3	1	0	4	6	136	138	8.7	15.7
Seq9056_834_bp_1_2_5	AAH69556.1	50.00	8	4	0	10	17	223	230	0.36	20.6
Seq9056_834_bp_1_2_5	BAA32991.1	100.00	3	0	0	22	24	28	30	1.8	16.1
Seq9056_834_bp_1_2_5	AAA23282.1	36.36	11	7	0	14	24	342	352	2.1	18.9
Seq9056_834_bp_1_2_5	AAB64315.2	80.00	5	1	0	11	15	68	72	3.9	17.2
Seq9056_834_bp_1_2_5	AAX12058.1	27.78	18	13	0	5	22	93	110	4.7	16.6
Seq9056_834_bp_1_2_5	AAQ92751.2	60.00	5	2	0	19	23	318	322	5	18.9
Seq9056_834_bp_1_2_5	BAB70780.1	42.86	7	4	0	13	19	79	85	5.6	17.2
Seq9056_834_bp_1_2_5	AAC97205.1	100.00	5	0	0	17	21	198	202	6.5	18.3
Seq9056_834_bp_1_2_5	AAI27517.1	100.00	4	0	0	16	19	570	573	6.8	17.2
Seq9056_834_bp_1_2_5	CAA11507.1	62.50	8	3	0	3	10	1110	1117	7.1	18.3
Seq9056_834_bp_1_2_5	BAA32018.1	62.50	8	3	0	9	16	370	377	7.1	17.2
Seq9056_834_bp_1_2_5	AAC78721.1	54.55	11	5	0	10	20	372	382	7.6	17.2
Seq9056_834_bp_1_2_5	AAX84812.1	55.56	9	4	0	4	12	99	107	8.4	15.5
Seq9056_834_bp_1_2_5	AAA36565.1	100.00	3	0	0	11	13	78	80	8.9	14.9
Seq9056_834_bp_1_2_5	AAB26998.1	42.86	7	4	0	16	22	8	14	9.1	13.8
Seq9056_834_bp_1_2_6	ACH70904.1	26.67	15	11	0	1	15	312	326	1.4	19.0
Seq9056_834_bp_1_2_6	AAA65607.1	71.43	7	2	0	24	30	172	178	3.1	17.9
Seq9056_834_bp_1_2_6	CAA26230.1	38.46	15	8	2	3	17	340	352	3.2	18.5
Seq9056_834_bp_1_2_6	ABD33854.1	60.00	5	2	0	16	20	43	47	3.8	15.1
Seq9056_834_bp_1_2_6	AAB64315.2	25.00	12	9	0	7	18	312	323	4	17.3
Seq9056_834_bp_1_2_6	AAA25966.1	23.53	17	13	0	2	18	270	286	4.1	18.5
Seq9056_834_bp_1_2_6	ACT10338.1	33.33	12	8	0	25	36	292	303	4.8	17.3
Seq9056_834_bp_1_2_6	BAB17681.1	20.00	15	12	0	3	17	23	37	4.9	16.8
Seq9056_834_bp_1_2_6	AAC17860.1	28.57	14	10	0	5	18	26	39	5	17.3
Seq9056_834_bp_1_2_6	CAA11507.1	36.84	19	12	0	11	29	1034	1052	5.1	19.0
Seq9056_834_bp_1_2_6	AEE27845.1	36.00	25	16	0	11	35	690	714	5.3	19.0
Seq9056_834_bp_1_2_6	AAA18786.1	28.57	14	10	0	24	37	77	90	7	16.2
Seq9056_834_bp_1_2_6	AAH69556.1	37.50	17	10	1	19	35	253	268	7.9	16.2
Seq9056_834_bp_1_2_6	AAA24969.1	45.45	11	6	0	7	17	616	626	8.3	18.5
Seq9056_834_bp_1_2_6	ABN10845.1	40.00	10	6	0	19	28	116	125	8.3	15.6
Seq9056_834_bp_1_2_6	AAR37016.1	27.27	22	16	0	3	24	499	520	8.6	19.0
Seq9056_834_bp_1_2_6	AAB26998.1	33.33	9	6	0	20	28	27	35	9.6	14.0
Seq9056_834_bp_-1_0_0	ACT10338.1	44.44	9	5	0	2	10	189	197	3.3	16.6
Seq9056_834_bp_-1_0_0	AAC17860.1	62.50	8	3	0	1	8	292	299	3.5	16.6
Seq9056_834_bp_-1_0_0	ABN10845.1	57.14	7	3	0	8	14	72	78	4.5	15.3
Seq9056_834_bp_-1_0_0	BAB70780.1	33.33	12	8	0	3	14	54	65	6.3	15.9
Seq9056_834_bp_-1_0_0	AAA23282.1	50.00	8	4	0	1	8	146	153	7.3	15.9
Seq9056_834_bp_-1_0_0	AAA65607.1	41.67	12	7	0	2	13	313	324	7.4	15.3
Seq9056_834_bp_-1_0_0	AAA42531.1	36.36	11	7	0	2	12	65	75	7.8	15.3
Seq9056_834_bp_-1_0_0	BAB79260.1	38.46	13	8	0	3	15	311	323	9	15.3
Seq9056_834_bp_-1_0_0	AAR31603.1	30.77	13	9	0	3	15	296	308	10	14.7
Seq9056_834_bp_-1_0_1	AAA72732.1	30.43	24	16	1	1	24	101	123	1.3	19.1
Seq9056_834_bp_-1_0_1	CAA73529.1	41.67	12	7	0	22	33	38	49	4.2	17.1
Seq9056_834_bp_-1_0_1	BAB79260.1	55.56	9	4	0	15	23	276	284	4.9	17.6
Seq9056_834_bp_-1_0_1	AAH69556.1	33.33	12	8	0	28	39	67	78	6.5	16.6
Seq9056_834_bp_-1_0_1	CAA43372.1	50.00	18	7	4	14	28	162	178	8.6	16.6
Seq9056_834_bp_-1_0_2	CAA74140.1	45.45	11	6	0	1	11	885	895	2.2	18.2
Seq9056_834_bp_-1_0_2	AAB03707.1	50.00	10	5	0	4	13	203	212	3.3	18.2
Seq9056_834_bp_-1_0_2	AAB64315.2	80.00	5	1	0	8	12	129	133	4.2	15.8
Seq9056_834_bp_-1_0_2	AAC97205.1	83.33	6	1	0	1	6	1231	1236	4.4	17.6
Seq9056_834_bp_-1_0_2	ACT10338.1	50.00	6	3	0	6	11	327	332	5	15.8
Seq9056_834_bp_-1_0_2	AAB96524.1	30.77	13	9	0	1	13	111	123	5.6	14.5
Seq9056_834_bp_-1_0_2	ABK71357.1	50.00	10	5	0	1	10	69	78	7.2	15.1
Seq9056_834_bp_-1_0_2	AAA18786.1	60.00	5	2	0	4	8	188	192	7.8	14.5
Seq9056_834_bp_-1_0_2	AAR37016.1	57.14	7	3	0	5	11	1227	1233	8.1	17.6
Seq9056_834_bp_-1_0_2	AII71783.1	66.67	6	2	0	4	9	10	15	8.9	14.5
Seq9056_834_bp_-1_0_2	AAA72732.1	66.67	10	3	1	3	12	259	267	9.1	14.5
Seq9056_834_bp_-1_0_3	AAC08817.1	54.55	11	5	0	4	14	96	106	0.0038	26.0
Seq9056_834_bp_-1_0_3	ABN10845.1	38.46	13	8	0	4	16	47	59	0.37	19.8
Seq9056_834_bp_-1_0_3	CAA43372.1	57.14	7	3	0	8	14	344	350	0.5	20.3
Seq9056_834_bp_-1_0_3	ABD33854.1	37.50	8	5	0	2	9	4	11	0.65	17.2
Seq9056_834_bp_-1_0_3	AAB64315.2	33.33	9	6	0	13	21	28	36	1.1	18.7
Seq9056_834_bp_-1_0_3	AAA23282.1	62.50	8	3	0	6	13	303	310	1.4	19.3
Seq9056_834_bp_-1_0_3	AAA24142.1	55.56	9	4	0	8	16	239	247	1.6	18.7
Seq9056_834_bp_-1_0_3	AAC78721.1	57.14	7	3	0	8	14	237	243	1.6	19.3
Seq9056_834_bp_-1_0_3	AAR37016.1	40.00	15	9	0	4	18	1602	1616	2	20.8
Seq9056_834_bp_-1_0_3	CAA04196.1	44.44	9	5	0	16	24	376	384	2.1	18.2
Seq9056_834_bp_-1_0_3	AAB96524.1	45.45	11	6	0	3	13	90	100	2.7	16.7
Seq9056_834_bp_-1_0_3	AAA45888.1	50.00	8	4	0	7	14	176	183	3.8	17.2
Seq9056_834_bp_-1_0_3	BAB17681.1	27.27	11	8	0	6	16	71	81	3.9	16.7
Seq9056_834_bp_-1_0_3	AAA72732.1	41.67	12	7	0	9	20	142	153	4.4	16.7
Seq9056_834_bp_-1_0_3	AAH69556.1	40.00	10	6	0	17	26	43	52	6.1	16.2
Seq9056_834_bp_-1_0_3	AAA36565.1	66.67	6	2	0	21	26	79	84	6.8	15.1
Seq9056_834_bp_-1_0_3	CAA26230.1	50.00	8	4	0	13	20	351	358	7.7	16.7
Seq9056_834_bp_-1_0_3	ABS38337.1	38.46	13	8	0	5	17	866	878	8.6	17.7
Seq9056_834_bp_-1_0_3	AAQ92751.2	42.86	14	8	0	14	27	421	434	9.2	17.7
Seq9056_834_bp_-1_0_4	AAA45888.1	42.86	23	12	2	11	31	64	86	0.15	22.3
Seq9056_834_bp_-1_0_4	CAA26230.1	30.00	20	14	0	11	30	75	94	0.33	21.7
Seq9056_834_bp_-1_0_4	AAA36565.1	41.67	12	7	0	23	34	79	90	2.1	17.3
Seq9056_834_bp_-1_0_4	AAA23282.1	41.67	12	7	0	6	17	149	160	2.3	18.9
Seq9056_834_bp_-1_0_4	ABN10845.1	57.14	7	3	0	1	7	25	31	2.8	17.3
Seq9056_834_bp_-1_0_4	AAA25966.1	17.65	17	14	0	12	28	159	175	4.2	18.4
Seq9056_834_bp_-1_0_4	AAR37016.1	40.00	15	9	0	14	28	1105	1119	4.3	20.1
Seq9056_834_bp_-1_0_4	ABS38337.1	50.00	8	4	0	11	18	630	637	5	18.9
Seq9056_834_bp_-1_0_4	BAA32956.1	100.00	4	0	0	28	31	6	9	5.7	16.1
Seq9056_834_bp_-1_0_4	AAA65607.1	28.00	25	18	0	4	28	153	177	6.7	16.7
Seq9056_834_bp_-1_0_4	ABD33854.1	75.00	4	1	0	3	6	10	13	7.9	13.9
Seq9056_834_bp_-1_0_4	AAF01122.1	31.58	19	13	0	1	19	125	143	9.8	16.1
Seq9056_834_bp_-1_0_5	AAA24142.1	42.86	7	4	0	7	13	403	409	0.31	20.0
Seq9056_834_bp_-1_0_5	AAB64315.2	57.14	7	3	0	1	7	126	132	1.3	17.6
Seq9056_834_bp_-1_0_5	AAF01122.1	40.00	10	6	0	1	10	141	150	1.4	17.6
Seq9056_834_bp_-1_0_5	BAA32991.1	80.00	5	1	0	9	13	57	61	1.5	15.1
Seq9056_834_bp_-1_0_5	ACT10338.1	42.86	7	4	0	7	13	128	134	2.3	16.9
Seq9056_834_bp_-1_0_5	ABK71357.1	27.27	11	8	0	1	11	272	282	3.3	16.3
Seq9056_834_bp_-1_0_5	AAA42531.1	40.00	10	6	0	1	10	192	201	3.4	16.3
Seq9056_834_bp_-1_0_5	AAA36565.1	75.00	4	1	0	9	12	162	165	3.5	15.1
Seq9056_834_bp_-1_0_5	BAE97662.1	50.00	10	5	0	1	10	357	366	4.2	17.6
Seq9056_834_bp_-1_0_5	BAB70780.1	37.50	8	5	0	2	9	95	102	6.5	15.7
Seq9056_834_bp_-1_0_5	ABD33854.1	100.00	2	0	0	11	12	47	48	7.2	12.6
Seq9056_834_bp_-1_0_5	AAB96524.1	30.00	10	7	0	1	10	163	172	8.8	13.8
Seq9056_834_bp_-1_0_5	AAA26915.1	44.44	9	5	0	2	10	192	200	9.3	15.1
Seq9056_834_bp_-1_0_5	AAA25966.1	100.00	4	0	0	1	4	352	355	9.4	15.7
Seq9056_834_bp_-1_0_5	ABD49687.1	30.00	10	7	0	2	11	805	814	9.4	16.9
Seq9056_834_bp_-1_0_6	AAA45888.1	60.00	10	4	0	12	21	140	149	0.64	19.5
Seq9056_834_bp_-1_0_6	CAA74140.1	50.00	12	6	0	1	12	489	500	0.78	20.5
Seq9056_834_bp_-1_0_6	ABN10845.1	42.86	7	4	0	10	16	45	51	4.1	16.0
Seq9056_834_bp_-1_0_6	ABD33854.1	40.00	5	3	0	12	16	6	10	4.8	14.0
Seq9056_834_bp_-1_0_6	AAR37016.1	85.71	7	1	0	10	16	1925	1931	5.4	19.0
Seq9056_834_bp_-1_0_6	AAA72732.1	60.00	5	2	0	15	19	110	114	5.8	16.0
Seq9056_834_bp_-1_0_6	BAB79260.1	50.00	6	3	0	10	15	283	288	5.9	16.5
Seq9056_834_bp_-1_0_6	AAX84812.1	66.67	6	2	0	11	16	191	196	6	15.5
Seq9056_834_bp_-1_0_6	AAA36565.1	50.00	8	4	0	2	9	28	35	8.5	14.5
Seq9056_834_bp_-1_0_6	AAA18786.1	50.00	8	4	0	7	14	124	131	9.6	15.0
Seq9056_834_bp_-1_0_7	CAA74140.1	36.36	11	7	0	1	11	640	650	0.92	19.9
Seq9056_834_bp_-1_0_7	BAA32956.1	66.67	6	2	0	3	8	126	131	2.1	16.6
Seq9056_834_bp_-1_0_7	AAR37016.1	60.00	5	2	0	4	8	201	205	2.3	19.9
Seq9056_834_bp_-1_0_7	AAA42531.1	27.27	11	8	0	7	17	124	134	2.6	17.1
Seq9056_834_bp_-1_0_7	AAA72732.1	66.67	6	2	0	2	7	4	9	3	16.6
Seq9056_834_bp_-1_0_7	AAA23282.1	57.14	7	3	0	3	9	371	377	5.4	16.6
Seq9056_834_bp_-1_0_7	ACT10338.1	50.00	6	3	0	1	6	344	349	5.4	16.0
Seq9056_834_bp_-1_0_7	AAI27517.1	50.00	6	3	0	7	12	19	24	5.6	16.6
Seq9056_834_bp_-1_0_7	BAB17681.1	33.33	6	4	0	7	12	36	41	5.6	15.5
Seq9056_834_bp_-1_0_7	CAA11507.1	38.46	13	8	0	2	14	189	201	6	17.7
Seq9056_834_bp_-1_0_7	ABN10845.1	75.00	4	1	0	5	8	54	57	6.5	14.9
Seq9056_834_bp_-1_0_7	BAA32018.1	57.14	7	3	0	7	13	169	175	8.5	16.0
Seq9056_834_bp_-1_0_7	AAB64315.2	57.14	7	3	0	10	16	210	216	9.5	14.9
Seq9056_834_bp_-1_0_8	AAX84812.1	40.00	20	12	0	2	21	177	196	0.66	19.6
Seq9056_834_bp_-1_0_8	AAA18786.1	40.00	15	9	0	25	39	9	23	0.76	19.6
Seq9056_834_bp_-1_0_8	ACH70904.1	31.82	25	15	3	2	23	278	302	1	19.6
Seq9056_834_bp_-1_0_8	AAA25966.1	28.57	7	5	0	15	21	483	489	1.4	20.2
Seq9056_834_bp_-1_0_8	ABS38337.1	50.00	13	6	1	27	39	185	196	1.6	20.7
Seq9056_834_bp_-1_0_8	AAC97205.1	50.00	8	4	0	17	24	897	904	2.3	20.2
Seq9056_834_bp_-1_0_8	ABD33854.1	26.67	15	11	0	1	15	48	62	2.9	15.5
Seq9056_834_bp_-1_0_8	CAA26230.1	71.43	7	2	0	26	32	6	12	3.4	18.4
Seq9056_834_bp_-1_0_8	BAA32956.1	36.36	11	7	0	19	29	2	12	4.3	16.7
Seq9056_834_bp_-1_0_8	CAA45199.1	50.00	8	4	0	17	24	214	221	4.3	17.9
Seq9056_834_bp_-1_0_8	ABD49687.1	42.86	7	4	0	13	19	1536	1542	4.7	19.6
Seq9056_834_bp_-1_0_8	AAA42531.1	66.67	6	2	0	15	20	300	305	5.2	17.3
Seq9056_834_bp_-1_0_8	AAH69556.1	75.00	4	1	0	27	30	286	289	6.1	16.7
Seq9056_834_bp_-1_0_8	AAA36565.1	42.86	7	4	0	25	31	51	57	7.3	15.5
Seq9056_834_bp_-1_0_8	ACT10338.1	100.00	4	0	0	36	39	373	376	7.6	16.7
Seq9056_834_bp_-1_0_8	AII71783.1	37.50	8	5	0	14	21	154	161	8.9	16.1
Seq9056_834_bp_-1_0_8	AAR37016.1	55.56	10	4	1	17	25	1588	1597	9.2	19.0
Seq9056_834_bp_-1_0_9	ABS38337.1	71.43	7	2	0	6	12	1229	1235	0.37	22.6
Seq9056_834_bp_-1_0_9	BAA32991.1	50.00	6	3	0	13	18	27	32	0.42	18.2
Seq9056_834_bp_-1_0_9	BAA32956.1	44.44	9	5	0	21	29	132	140	0.82	18.9
Seq9056_834_bp_-1_0_9	ABD33854.1	27.27	11	8	0	4	14	39	49	0.92	17.0
Seq9056_834_bp_-1_0_9	ACH70904.1	26.32	19	14	0	1	19	279	297	2.2	18.2
Seq9056_834_bp_-1_0_9	AAI27517.1	42.86	7	4	0	26	32	222	228	2.3	18.9
Seq9056_834_bp_-1_0_9	AII71783.1	26.32	19	14	0	5	23	144	162	2.8	17.6
Seq9056_834_bp_-1_0_9	AAA32624.1	29.41	17	12	0	2	18	256	272	3.1	18.2
Seq9056_834_bp_-1_0_9	AAR37016.1	100.00	4	0	0	22	25	277	280	3.8	20.1
Seq9056_834_bp_-1_0_9	CAA04196.1	27.27	11	8	0	4	14	373	383	3.8	17.6
Seq9056_834_bp_-1_0_9	AAB96524.1	45.45	11	6	0	1	11	9	19	4	16.4
Seq9056_834_bp_-1_0_9	AAC97205.1	80.00	5	1	0	19	23	763	767	4.7	18.9
Seq9056_834_bp_-1_0_9	CAA26230.1	80.00	5	1	0	26	30	8	12	5	17.6
Seq9056_834_bp_-1_0_9	AAA45888.1	100.00	3	0	0	21	23	38	40	5.3	17.0
Seq9056_834_bp_-1_0_9	CAA74140.1	45.45	11	6	0	1	11	762	772	5.4	18.2
Seq9056_834_bp_-1_0_9	AAA36565.1	75.00	4	1	0	26	29	54	57	5.5	15.7
Seq9056_834_bp_-1_0_9	BAB79260.1	100.00	3	0	0	21	23	421	423	6.2	17.0
Seq9056_834_bp_-1_0_9	AAR31603.1	50.00	4	2	0	19	22	140	143	6.9	16.4
Seq9056_834_bp_-1_0_9	AAB64315.2	44.44	9	5	0	18	26	29	37	6.9	16.4
Seq9056_834_bp_-1_0_9	AAA23282.1	100.00	3	0	0	21	23	212	214	7.7	17.0
Seq9056_834_bp_-1_0_9	CAA43372.1	40.00	10	6	0	12	21	397	406	8.6	16.4
Seq9056_834_bp_-1_0_9	AAC78721.1	40.00	10	6	0	23	32	144	153	9	17.0
Seq9056_834_bp_-1_0_9	ABD49687.1	50.00	12	6	0	1	12	736	747	9.6	18.2
Seq9056_834_bp_-1_0_9	ABG75784.1	36.36	11	7	0	3	13	297	307	9.9	15.7
Seq9056_834_bp_-1_0_9	BAB70780.1	66.67	6	2	0	4	9	414	419	9.9	16.4
Seq9056_834_bp_-1_1_0	ABD33854.1	57.14	7	3	0	3	9	58	64	0.014	21.4
Seq9056_834_bp_-1_1_0	AAA32624.1	60.00	5	2	0	2	6	426	430	0.045	22.8
Seq9056_834_bp_-1_1_0	AAF01122.1	100.00	4	0	0	2	5	292	295	0.085	21.4
Seq9056_834_bp_-1_1_0	AAC08817.1	100.00	3	0	0	2	4	5	7	0.25	18.6
Seq9056_834_bp_-1_1_0	ACH70904.1	55.56	10	4	1	3	11	287	296	0.34	19.3
Seq9056_834_bp_-1_1_0	ABG75784.1	100.00	4	0	0	8	11	84	87	0.48	18.6
Seq9056_834_bp_-1_1_0	CAA26230.1	75.00	4	1	0	1	4	433	436	0.86	18.6
Seq9056_834_bp_-1_1_0	ABD49687.1	37.50	8	5	0	2	9	511	518	1	20.0
Seq9056_834_bp_-1_1_0	AAA36565.1	71.43	11	2	4	2	8	71	81	2.8	15.2
Seq9056_834_bp_-1_1_0	AAI27517.1	50.00	4	2	0	2	5	417	420	3.7	16.6
Seq9056_834_bp_-1_1_0	BAB79260.1	50.00	4	2	0	2	5	54	57	4.6	15.9
Seq9056_834_bp_-1_1_0	BAA32991.1	42.86	7	4	0	4	10	46	52	4.7	13.1
Seq9056_834_bp_-1_1_0	AAB96524.1	100.00	2	0	0	2	3	134	135	4.9	14.5
Seq9056_834_bp_-1_1_0	AAH69556.1	60.00	5	2	0	3	7	251	255	5	15.2
Seq9056_834_bp_-1_1_0	BAA32956.1	66.67	3	1	0	1	3	25	27	5.5	14.5
Seq9056_834_bp_-1_1_0	AAX84812.1	66.67	3	1	0	9	11	159	161	6	14.5
Seq9056_834_bp_-1_1_0	AAA18786.1	100.00	2	0	0	2	3	187	188	6.9	14.5
Seq9056_834_bp_-1_1_0	AAC97205.1	33.33	6	4	0	3	8	340	345	7.5	16.6
Seq9056_834_bp_-1_1_0	AAR31603.1	42.86	8	4	1	1	7	81	88	8.4	14.5
Seq9056_834_bp_-1_1_0	AAB64315.2	100.00	2	0	0	2	3	174	175	8.4	14.5
Seq9056_834_bp_-1_1_0	AIR13712.1	66.67	3	1	0	1	3	135	137	8.4	14.5
Seq9056_834_bp_-1_1_0	AAA45888.1	100.00	2	0	0	2	3	183	184	9.7	14.5
Seq9056_834_bp_-1_1_1	CAA45199.1	85.71	8	1	1	79	85	214	221	0.23	23.3
Seq9056_834_bp_-1_1_1	CAA11507.1	33.33	24	16	0	6	29	3	26	0.31	24.4
Seq9056_834_bp_-1_1_1	AAI27517.1	55.56	9	4	0	41	49	160	168	0.63	22.1
Seq9056_834_bp_-1_1_1	ABD49687.1	35.71	14	9	0	73	86	37	50	0.84	23.3
Seq9056_834_bp_-1_1_1	BAB17681.1	33.33	15	10	0	30	44	260	274	2	19.4
Seq9056_834_bp_-1_1_1	CAA04196.1	35.29	17	11	0	43	59	364	380	2	19.9
Seq9056_834_bp_-1_1_1	BAB79260.1	55.56	9	4	0	14	22	63	71	2.2	19.9
Seq9056_834_bp_-1_1_1	AAA23282.1	27.78	19	13	1	31	48	544	562	2.8	19.9
Seq9056_834_bp_-1_1_1	AAA32624.1	60.00	5	2	0	5	9	481	485	3.7	19.4
Seq9056_834_bp_-1_1_1	CAA26230.1	26.67	30	22	0	6	35	16	45	4	19.4
Seq9056_834_bp_-1_1_1	CAA74140.1	55.56	9	4	0	70	78	469	477	4.5	19.9
Seq9056_834_bp_-1_1_1	AAC78721.1	50.00	12	6	0	47	58	638	649	4.7	19.4
Seq9056_834_bp_-1_1_1	ABS38337.1	100.00	4	0	0	5	8	1013	1016	6.1	19.9
Seq9056_834_bp_-1_1_1	ABD33854.1	23.08	26	20	0	22	47	19	44	6.5	15.5
Seq9056_834_bp_-1_1_1	AAR31603.1	44.44	19	10	1	66	84	110	127	7.2	17.7
Seq9056_834_bp_-1_1_1	AAA32376.1	71.43	7	2	0	16	22	107	113	8.1	16.6
Seq9056_834_bp_-1_1_1	AAX12058.1	40.00	10	6	0	67	76	36	45	8.6	17.1
Seq9056_834_bp_-1_1_1	AEE27845.1	71.43	7	2	0	20	26	138	144	9.4	19.4
Seq9056_834_bp_-1_1_2	BAB79260.1	50.00	16	8	0	20	35	48	63	0.58	20.9
Seq9056_834_bp_-1_1_2	AAC97205.1	50.00	10	5	0	3	12	475	484	1.1	21.4
Seq9056_834_bp_-1_1_2	AAC17860.1	29.17	24	17	0	8	31	385	408	1.5	19.4
Seq9056_834_bp_-1_1_2	AAA24969.1	30.77	13	9	0	12	24	347	359	2.7	20.4
Seq9056_834_bp_-1_1_2	AAC78721.1	66.67	9	3	0	2	10	143	151	3.4	18.9
Seq9056_834_bp_-1_1_2	AAR31603.1	35.71	14	9	0	28	41	93	106	6.5	16.9
Seq9056_834_bp_-1_1_2	AAA18786.1	36.36	11	7	0	11	21	36	46	7.4	16.4
Seq9056_834_bp_-1_1_2	ABD49687.1	50.00	8	4	0	8	15	614	621	8.3	18.9
Seq9056_834_bp_-1_1_2	AAA24142.1	20.00	20	16	0	14	33	408	427	8.7	16.9
Seq9056_834_bp_-1_1_3	AIR13712.1	28.57	21	15	0	30	50	127	147	0.25	23.0
Seq9056_834_bp_-1_1_3	CAA11507.1	50.00	12	6	0	11	22	690	701	0.51	24.0
Seq9056_834_bp_-1_1_3	CAA11507.1	31.82	22	15	0	76	97	919	940	0.72	23.5
Seq9056_834_bp_-1_1_3	AAA25966.1	20.59	35	27	1	10	44	317	350	0.79	22.5
Seq9056_834_bp_-1_1_3	AAA25966.1	42.11	19	11	0	37	55	406	424	0.79	22.5
Seq9056_834_bp_-1_1_3	BAB79260.1	38.89	18	11	0	83	100	374	391	1	21.4
Seq9056_834_bp_-1_1_3	AAA36565.1	40.00	10	6	0	39	48	28	37	2.3	18.8
Seq9056_834_bp_-1_1_3	AAC17860.1	26.67	30	22	0	22	51	149	178	2.7	19.9
Seq9056_834_bp_-1_1_3	EDO47375.1	50.00	8	4	0	58	65	115	122	3.6	18.3
Seq9056_834_bp_-1_1_3	AAA72732.1	32.14	28	19	0	17	44	275	302	4.2	18.8
Seq9056_834_bp_-1_1_3	AAX84812.1	37.50	8	5	0	18	25	101	108	4.4	18.3
Seq9056_834_bp_-1_1_3	ACH70904.1	27.78	18	13	0	61	78	62	79	4.8	18.8
Seq9056_834_bp_-1_1_3	AAH69556.1	21.43	14	11	0	74	87	166	179	5.7	18.3
Seq9056_834_bp_-1_1_3	AAB03707.1	24.00	25	19	0	26	50	662	686	6.1	20.4
Seq9056_834_bp_-1_1_3	AAB96524.1	25.00	20	15	0	56	75	94	113	7.1	17.2
Seq9056_834_bp_-1_1_3	AAR37016.1	75.00	8	2	0	6	13	24	31	7.2	20.9
Seq9056_834_bp_-1_1_3	AAA42531.1	62.50	8	3	0	51	58	152	159	7.2	18.3
Seq9056_834_bp_-1_1_3	AAC78721.1	83.33	6	1	0	3	8	332	337	8.6	18.8
Seq9056_834_bp_-1_1_3	AEE27845.1	40.91	22	13	0	27	48	283	304	8.7	19.9
Seq9056_834_bp_-1_1_3	BAE97662.1	42.86	23	12	2	43	63	1119	1141	10	19.3
Seq9056_834_bp_-1_2_0	AAA65607.1	27.27	22	16	0	45	66	293	314	0.36	22.0
Seq9056_834_bp_-1_2_0	AIR13712.1	35.71	14	9	0	50	63	251	264	3	18.7
Seq9056_834_bp_-1_2_0	AAC97205.1	53.85	13	6	0	32	44	969	981	3.1	20.6
Seq9056_834_bp_-1_2_0	AAX12058.1	27.27	11	8	0	27	37	87	97	4.7	17.8
Seq9056_834_bp_-1_2_0	AAH69556.1	50.00	10	5	0	1	10	41	50	7.1	17.3
Seq9056_834_bp_-1_2_0	AAC08817.1	13.64	22	19	0	40	61	4	25	7.3	16.4
Seq9056_834_bp_-1_2_0	ABD49687.1	40.91	22	13	0	23	44	806	827	7.9	19.6
Seq9056_834_bp_-1_2_0	EDO47375.1	42.86	14	8	0	24	37	95	108	8.3	16.4
Seq9056_834_bp_-1_2_0	AAB26998.1	37.50	8	5	0	34	41	40	47	9	15.0
Seq9056_834_bp_-1_2_1	AAA45888.1	71.43	7	2	0	1	7	379	385	1.2	18.5
Seq9056_834_bp_-1_2_1	BAB17681.1	55.56	9	4	0	10	18	84	92	1.7	17.5
Seq9056_834_bp_-1_2_1	AAA24142.1	83.33	6	1	0	1	6	229	234	1.9	18.0
Seq9056_834_bp_-1_2_1	AAA32624.1	31.25	16	11	0	4	19	83	98	2.2	18.0
Seq9056_834_bp_-1_2_1	AAA42531.1	80.00	5	1	0	16	20	280	284	3.4	17.0
Seq9056_834_bp_-1_2_1	AAC17860.1	50.00	10	5	0	1	10	373	382	5	16.5
Seq9056_834_bp_-1_2_1	AAA18786.1	80.00	5	1	0	1	5	180	184	6.5	15.4
Seq9056_834_bp_-1_2_1	AAB96524.1	33.33	6	4	0	6	11	94	99	9	14.4
Seq9056_834_bp_-1_2_2	AAA45888.1	35.48	31	20	0	54	84	146	176	0.0017	30.2
Seq9056_834_bp_-1_2_2	AAX84812.1	25.93	27	20	0	23	49	47	73	0.14	23.1
Seq9056_834_bp_-1_2_2	ABD33854.1	40.00	15	9	0	10	24	19	33	0.23	20.6
Seq9056_834_bp_-1_2_2	AAB03707.1	26.67	15	11	0	7	21	1364	1378	4.8	20.6
Seq9056_834_bp_-1_2_2	AAC78721.1	55.56	9	4	0	69	77	207	215	6.6	19.1
Seq9056_834_bp_-1_2_2	BAB79260.1	31.82	22	15	0	76	97	279	300	8.7	18.0
Seq9056_834_bp_-1_2_3	ABN10845.1	75.00	8	2	0	3	10	99	106	0.63	20.5
Seq9056_834_bp_-1_2_3	AAA45888.1	54.55	11	5	0	40	50	169	179	0.81	21.0
Seq9056_834_bp_-1_2_3	AAA32376.1	56.25	17	7	1	10	26	125	140	1.8	18.7
Seq9056_834_bp_-1_2_3	AAA18786.1	25.00	12	9	0	22	33	4	15	2	19.1
Seq9056_834_bp_-1_2_3	BAB70780.1	45.45	23	12	1	27	48	35	57	3.6	19.1
Seq9056_834_bp_-1_2_3	AAA72732.1	50.00	10	5	0	26	35	5	14	6	17.7
Seq9056_834_bp_-1_2_3	BAB79260.1	37.50	16	10	0	14	29	271	286	6.3	18.2
Seq9056_834_bp_-1_2_3	AAB03707.1	100.00	5	0	0	31	35	1321	1325	7.2	19.6
Seq9056_834_bp_-1_2_3	AII71783.1	36.36	11	7	0	11	21	63	73	8.1	17.3
Seq9056_834_bp_-1_2_3	CAA45199.1	30.00	21	14	1	57	77	108	127	8.9	17.7
Seq9056_834_bp_-1_2_3	AAA25966.1	27.78	18	13	0	52	69	235	252	9.8	18.2
