Seq9056_834_bp_1_0_0	AAB03707.1	91.37	278	24	0	1	278	1001	1278	0	859.8
Seq9056_834_bp_1_0_0	AAA25966.1	100.00	6	0	0	66	71	721	726	2.1	22.4
Seq9056_834_bp_1_0_0	BAB17681.1	100.00	5	0	0	43	47	247	251	6.4	19.3
Seq9056_834_bp_1_0_0	ABS38337.1	100.00	8	0	1	36	43	735	741	6.5	21.5
Seq9056_834_bp_1_0_0	AAA24969.1	85.71	7	1	0	5	11	1078	1084	7.7	21.5
Seq9056_834_bp_1_0_0	BAA32018.1	100.00	5	0	0	266	270	251	255	7.8	20.2
Seq9056_834_bp_1_0_0	AAC78721.1	100.00	5	0	0	94	98	45	49	8.4	20.2
Seq9056_834_bp_1_0_0	AAF01122.1	100.00	5	0	0	21	25	135	139	8.6	19.3
Seq9056_834_bp_1_0_0	AII71783.1	100.00	5	0	0	73	77	130	134	9.4	18.9
Seq9056_834_bp_1_1_0	ABG75784.1	85.71	7	1	0	18	24	175	181	0.28	21.0
Seq9056_834_bp_1_1_0	AAF01122.1	100.00	4	0	0	20	23	265	268	1.7	18.7
Seq9056_834_bp_1_1_0	AAA24969.1	83.33	6	1	0	3	8	542	547	1.8	20.6
Seq9056_834_bp_1_1_0	AAC78721.1	100.00	4	0	0	22	25	482	485	4.1	18.2
Seq9056_834_bp_1_1_0	AAR37016.1	83.33	6	1	0	10	15	598	603	5.3	19.6
Seq9056_834_bp_1_1_0	ABD49687.1	100.00	4	0	0	18	21	458	461	9.8	18.2
Seq9056_834_bp_1_1_1	AAA65607.1	71.43	7	2	0	24	30	241	247	1.3	19.2
Seq9056_834_bp_1_1_1	BAA32956.1	71.43	7	2	0	32	38	7	13	4.4	16.7
Seq9056_834_bp_1_1_1	AAC17860.1	100.00	4	0	0	12	15	335	338	6.2	17.1
Seq9056_834_bp_1_1_2	AAA72732.1	100.00	4	0	0	5	8	59	62	1.2	17.9
Seq9056_834_bp_1_1_2	AAC08817.1	100.00	7	0	2	13	17	156	162	3.3	15.5
Seq9056_834_bp_1_1_2	ACH70904.1	100.00	3	0	0	8	10	1	3	3.7	16.5
Seq9056_834_bp_1_1_2	AAA32376.1	100.00	3	0	0	7	9	110	112	4.7	15.1
Seq9056_834_bp_1_1_2	AAC97205.1	100.00	4	0	0	14	17	983	986	4.7	17.9
Seq9056_834_bp_1_1_2	AAR37016.1	100.00	4	0	0	12	15	1954	1957	6.4	18.4
Seq9056_834_bp_1_1_2	CAA04196.1	100.00	4	0	0	4	7	83	86	8	15.5
Seq9056_834_bp_1_1_2	ABG75784.1	100.00	3	0	0	12	14	84	86	8.2	15.1
Seq9056_834_bp_1_1_3	AAA25966.1	83.33	6	1	0	21	26	91	96	1.3	19.8
Seq9056_834_bp_1_1_3	AAA45888.1	100.00	4	0	0	26	29	159	162	3.7	17.3
Seq9056_834_bp_1_1_3	AAA26915.1	100.00	4	0	0	18	21	190	193	4.5	17.3
Seq9056_834_bp_1_1_3	AAA18786.1	80.00	5	1	0	5	9	159	163	4.6	16.5
Seq9056_834_bp_1_1_3	AAA24142.1	100.00	6	0	1	18	22	240	245	9.9	16.1
Seq9056_834_bp_1_1_4	AAH69556.1	85.71	7	1	0	20	26	181	187	0.016	25.4
Seq9056_834_bp_1_1_4	ABS38337.1	85.71	7	1	0	13	19	776	782	0.19	23.9
Seq9056_834_bp_1_1_4	AAA72732.1	100.00	4	0	0	19	22	307	310	0.7	20.0
Seq9056_834_bp_1_1_4	ABN10845.1	100.00	4	0	0	23	26	173	176	3.7	17.0
Seq9056_834_bp_1_1_4	AAB96524.1	100.00	4	0	0	25	28	11	14	4.4	16.5
Seq9056_834_bp_1_1_4	AAA42531.1	100.00	4	0	0	26	29	216	219	4.6	17.5
Seq9056_834_bp_1_1_4	ABK71357.1	100.00	4	0	0	22	25	345	348	6.1	17.0
Seq9056_834_bp_1_1_4	AAF01122.1	62.50	8	3	0	22	29	160	167	6.2	17.0
Seq9056_834_bp_1_1_4	AAA36565.1	100.00	3	0	0	19	21	52	54	7.5	15.5
Seq9056_834_bp_1_1_5	AAC17860.1	83.33	6	1	0	20	25	172	177	0.72	19.8
Seq9056_834_bp_1_1_5	AAA24142.1	83.33	6	1	0	15	20	324	329	1.1	19.3
Seq9056_834_bp_1_1_5	CAA26230.1	80.00	5	1	0	15	19	275	279	3.8	17.8
Seq9056_834_bp_1_1_5	ABS38337.1	100.00	4	0	0	18	21	796	799	4.3	18.8
Seq9056_834_bp_1_1_5	ABD33854.1	100.00	3	0	0	24	26	39	41	4.7	14.3
Seq9056_834_bp_1_1_5	AAA26915.1	80.00	5	1	0	20	24	174	178	6.1	16.8
Seq9056_834_bp_1_1_5	AEE27845.1	100.00	4	0	0	8	11	81	84	6.5	18.3
Seq9056_834_bp_1_1_5	BAA32956.1	100.00	3	0	0	18	20	94	96	7.6	15.3
Seq9056_834_bp_1_1_6	ABK71357.1	83.33	6	1	0	6	11	11	16	0.18	21.0
Seq9056_834_bp_1_1_6	CAA11507.1	100.00	8	0	2	8	15	80	85	0.65	21.0
Seq9056_834_bp_1_1_6	AAB03707.1	85.71	8	1	1	9	16	728	734	2.7	18.9
Seq9056_834_bp_1_1_6	CAA26230.1	100.00	4	0	0	5	8	68	71	3.1	17.4
Seq9056_834_bp_1_1_6	AAA23282.1	80.00	12	2	2	7	17	174	184	3.1	17.4
Seq9056_834_bp_1_1_6	AAR37016.1	100.00	4	0	0	8	11	2242	2245	6.2	18.4
Seq9056_834_bp_1_1_6	AAA18786.1	100.00	3	0	0	8	10	42	44	8.2	14.9
Seq9056_834_bp_1_1_6	BAA32991.1	100.00	2	0	0	2	3	28	29	8.6	12.8
Seq9056_834_bp_1_1_6	ABN10845.1	100.00	3	0	0	12	14	68	70	9.4	14.3
Seq9056_834_bp_1_1_6	AAA24142.1	100.00	3	0	0	13	15	255	257	9.6	15.4
Seq9056_834_bp_1_1_7	AAB96524.1	100.00	4	0	0	6	9	47	50	2.3	16.7
Seq9056_834_bp_1_1_7	AAA72732.1	100.00	4	0	0	6	9	240	243	3.9	16.7
Seq9056_834_bp_1_1_7	BAE97662.1	83.33	6	1	0	12	17	220	225	4.2	18.4
Seq9056_834_bp_1_1_7	CAA45199.1	80.00	5	1	0	18	22	352	356	5.7	16.7
Seq9056_834_bp_1_1_7	ABD49687.1	100.00	6	0	1	10	15	235	239	8.2	18.0
Seq9056_834_bp_1_1_7	ABD33854.1	100.00	3	0	0	4	6	26	28	8.5	13.2
Seq9056_834_bp_1_1_7	ABG75784.1	100.00	3	0	0	10	12	86	88	9.1	15.3
Seq9056_834_bp_1_1_7	AAA32376.1	80.00	5	1	0	3	7	156	160	9.3	14.5
Seq9056_834_bp_1_1_7	AAR31603.1	100.00	8	0	2	2	8	103	109	9.6	15.3
Seq9056_834_bp_1_1_8	AII71783.1	80.00	5	1	0	7	11	82	86	1.3	17.2
Seq9056_834_bp_1_1_8	AAA26915.1	100.00	4	0	0	8	11	237	240	1.4	17.7
Seq9056_834_bp_1_1_8	AAB64315.2	80.00	5	1	0	5	9	1	5	1.4	17.2
Seq9056_834_bp_1_1_8	AAA32376.1	100.00	3	0	0	6	8	50	52	3	15.1
Seq9056_834_bp_1_1_8	BAB79260.1	100.00	3	0	0	1	3	34	36	3.8	16.2
Seq9056_834_bp_1_1_8	AAC08817.1	100.00	2	0	0	4	5	5	6	4	14.6
Seq9056_834_bp_1_1_8	AAB96524.1	100.00	2	0	0	4	5	134	135	4.5	14.6
Seq9056_834_bp_1_1_8	BAB17681.1	100.00	3	0	0	6	8	254	256	4.7	15.1
Seq9056_834_bp_1_1_8	AAA72732.1	80.00	5	1	0	6	10	51	55	5.3	15.1
Seq9056_834_bp_1_1_8	AAA18786.1	100.00	2	0	0	4	5	187	188	6.4	14.6
Seq9056_834_bp_1_1_8	ABD33854.1	100.00	2	0	0	5	6	58	59	6.4	12.5
Seq9056_834_bp_1_1_8	ABN10845.1	75.00	4	1	0	6	9	77	80	7.4	14.1
Seq9056_834_bp_1_1_8	BAB70780.1	100.00	3	0	0	6	8	273	275	8	15.1
Seq9056_834_bp_1_1_8	AAF01122.1	100.00	2	0	0	4	5	292	293	8.8	14.6
Seq9056_834_bp_1_1_8	AAA45888.1	100.00	2	0	0	4	5	183	184	8.9	14.6
Seq9056_834_bp_1_1_8	AAC17860.1	100.00	2	0	0	4	5	99	100	9.5	14.6
Seq9056_834_bp_1_1_8	BAA32991.1	100.00	2	0	0	3	4	31	32	9.6	12.0
Seq9056_834_bp_1_1_9	AAA25966.1	100.00	4	0	0	11	14	404	407	2.2	18.0
Seq9056_834_bp_1_1_9	BAA32018.1	100.00	4	0	0	8	11	138	141	2.7	17.5
Seq9056_834_bp_1_1_9	BAB70780.1	80.00	5	1	0	10	14	192	196	3	17.0
Seq9056_834_bp_1_1_9	AAX12058.1	100.00	6	0	1	8	13	270	274	3.4	15.9
Seq9056_834_bp_1_1_9	AAA45888.1	100.00	6	0	1	7	12	151	155	6.5	15.4
Seq9056_834_bp_1_1_9	ABD49687.1	100.00	4	0	0	10	13	1219	1222	7.2	17.5
Seq9056_834_bp_1_1_9	AAA32376.1	100.00	3	0	0	10	12	74	76	8.2	13.9
Seq9056_834_bp_1_1_9	AAA24969.1	100.00	4	0	0	6	9	219	222	8.9	17.0
Seq9056_834_bp_1_2_0	AAB96524.1	100.00	4	0	0	41	44	168	171	0.33	20.5
Seq9056_834_bp_1_2_0	AAC08817.1	100.00	4	0	0	29	32	9	12	1.4	18.2
Seq9056_834_bp_1_2_0	AAB64315.2	100.00	4	0	0	30	33	299	302	5.2	17.2
Seq9056_834_bp_1_2_0	AAR37016.1	100.00	4	0	0	19	22	127	130	5.5	20.0
Seq9056_834_bp_1_2_0	CAA73529.1	100.00	3	0	0	19	21	208	210	8	16.3
Seq9056_834_bp_1_2_1	AEE27845.1	100.00	8	0	0	41	48	284	291	0.039	26.9
Seq9056_834_bp_1_2_1	AEE27845.1	100.00	8	0	0	41	48	292	299	0.039	26.9
Seq9056_834_bp_1_2_1	CAA11507.1	77.78	9	2	0	4	12	793	801	1.4	21.8
Seq9056_834_bp_1_2_1	AAR37016.1	100.00	9	0	2	53	61	818	824	4.1	20.9
Seq9056_834_bp_1_2_1	AAC17860.1	75.00	8	2	0	42	49	135	142	4.3	18.3
Seq9056_834_bp_1_2_1	AAQ92751.2	100.00	5	0	0	25	29	593	597	4.4	20.1
Seq9056_834_bp_1_2_1	BAA32018.1	83.33	6	1	0	2	7	114	119	4.8	18.8
Seq9056_834_bp_1_2_1	AAA23282.1	100.00	4	0	0	2	5	336	339	5.8	18.3
Seq9056_834_bp_1_2_1	CAA26230.1	100.00	13	0	5	48	55	414	426	7.6	17.9
Seq9056_834_bp_1_2_2	AAA42531.1	80.00	5	1	0	1	5	204	208	0.65	18.4
Seq9056_834_bp_1_2_2	AAB96524.1	100.00	3	0	0	5	7	25	27	1.4	16.2
Seq9056_834_bp_1_2_2	ABG75784.1	100.00	6	0	1	4	9	13	17	1.7	16.6
Seq9056_834_bp_1_2_2	AII71783.1	100.00	3	0	0	6	8	153	155	2.3	16.2
Seq9056_834_bp_1_2_2	ABN10845.1	100.00	3	0	0	4	6	24	26	3.9	14.9
Seq9056_834_bp_1_2_2	CAA26230.1	100.00	3	0	0	5	7	193	195	4.1	16.2
Seq9056_834_bp_1_2_2	AAA65607.1	100.00	3	0	0	4	6	103	105	6.5	14.9
Seq9056_834_bp_1_2_2	BAB17681.1	75.00	4	1	0	2	5	225	228	6.5	14.5
Seq9056_834_bp_1_2_2	AAA45888.1	100.00	3	0	0	8	10	218	220	6.7	14.9
Seq9056_834_bp_1_2_2	AAC17860.1	100.00	3	0	0	8	10	218	220	7.2	14.9
Seq9056_834_bp_1_2_2	BAA32991.1	100.00	2	0	0	6	7	22	23	7.3	12.3
Seq9056_834_bp_1_2_2	AAA23282.1	75.00	4	1	0	7	10	335	338	7.4	15.3
Seq9056_834_bp_1_2_2	AAB64315.2	100.00	3	0	0	2	4	3	5	7.7	14.5
Seq9056_834_bp_1_2_2	AIR13712.1	100.00	3	0	0	2	4	329	331	7.7	14.5
Seq9056_834_bp_1_2_2	AAA26915.1	100.00	3	0	0	3	5	453	455	8.1	14.9
Seq9056_834_bp_1_2_2	AAA32624.1	75.00	4	1	0	7	10	430	433	9	14.9
Seq9056_834_bp_1_2_3	ABG75784.1	80.00	5	1	0	8	12	15	19	3.7	17.0
Seq9056_834_bp_1_2_3	ABN10845.1	100.00	3	0	0	23	25	202	204	4.9	16.0
Seq9056_834_bp_1_2_3	BAA32991.1	100.00	3	0	0	4	6	33	35	5.9	14.1
Seq9056_834_bp_1_2_3	AAA23282.1	80.00	5	1	0	19	23	127	131	6.5	17.0
Seq9056_834_bp_1_2_3	AAB64315.2	100.00	7	0	2	3	9	68	72	7.3	16.0
Seq9056_834_bp_1_2_4	AAA72732.1	70.00	11	3	1	13	22	216	226	1.3	18.5
Seq9056_834_bp_1_2_4	EDO47375.1	100.00	4	0	0	15	18	15	18	1.5	17.6
Seq9056_834_bp_1_2_4	AAB26998.1	100.00	3	0	0	2	4	12	14	2.1	15.8
Seq9056_834_bp_1_2_4	BAA32956.1	100.00	3	0	0	3	5	130	132	4.1	16.2
Seq9056_834_bp_1_2_4	AAX84812.1	80.00	5	1	0	12	16	117	121	4.5	16.2
Seq9056_834_bp_1_2_4	AAR31603.1	100.00	4	0	0	23	26	237	240	4.6	16.7
Seq9056_834_bp_1_2_4	ACH70904.1	100.00	4	0	0	23	26	334	337	5.1	16.7
Seq9056_834_bp_1_2_4	ABD33854.1	100.00	3	0	0	18	20	35	37	5.7	14.0
Seq9056_834_bp_1_2_4	AAC17860.1	100.00	4	0	0	24	27	116	119	5.8	16.7
Seq9056_834_bp_1_2_4	AAA25966.1	100.00	4	0	0	17	20	340	343	7.3	17.1
Seq9056_834_bp_1_2_4	BAA32991.1	100.00	2	0	0	6	7	28	29	8.2	13.5
Seq9056_834_bp_1_2_4	AAA32624.1	100.00	4	0	0	11	14	373	376	9.6	16.2
Seq9056_834_bp_1_2_4	ACT10338.1	83.33	8	1	2	19	26	296	301	9.7	15.8
Seq9056_834_bp_1_2_5	AAC97205.1	100.00	5	0	0	17	21	198	202	0.5	22.1
Seq9056_834_bp_1_2_5	BAA32991.1	100.00	3	0	0	22	24	28	30	0.73	17.4
Seq9056_834_bp_1_2_5	AAI27517.1	100.00	4	0	0	16	19	570	573	1.2	19.7
Seq9056_834_bp_1_2_5	BAB70780.1	100.00	4	0	0	2	5	135	138	3.6	17.9
Seq9056_834_bp_1_2_5	AAA23282.1	80.00	5	1	0	4	8	148	152	4.2	17.9
Seq9056_834_bp_1_2_5	AAB64315.2	80.00	5	1	0	11	15	68	72	4.7	16.9
Seq9056_834_bp_1_2_5	CAA11507.1	100.00	4	0	0	3	6	1110	1113	5.2	18.8
Seq9056_834_bp_1_2_5	AAA65607.1	100.00	6	0	1	5	9	123	128	7.1	16.4
Seq9056_834_bp_1_2_5	AAQ92751.2	100.00	4	0	0	4	7	432	435	7.2	18.3
Seq9056_834_bp_1_2_5	AAA45888.1	100.00	3	0	0	20	22	136	138	7.4	16.4
Seq9056_834_bp_1_2_5	AAA36565.1	100.00	3	0	0	11	13	78	80	8.5	15.0
Seq9056_834_bp_1_2_6	ABN10845.1	85.71	8	1	1	22	29	63	69	2.4	17.5
Seq9056_834_bp_1_2_6	BAA32991.1	100.00	3	0	0	18	20	4	6	4.6	14.9
Seq9056_834_bp_1_2_6	AAA24142.1	100.00	4	0	0	29	32	401	404	4.9	17.5
Seq9056_834_bp_1_2_6	AAA65607.1	71.43	7	2	0	24	30	172	178	5.4	17.1
Seq9056_834_bp_1_2_6	CAA11507.1	100.00	4	0	0	1	4	542	545	6	18.8
Seq9056_834_bp_1_2_6	ABD33854.1	100.00	8	0	3	12	19	23	27	7.7	14.0
Seq9056_834_bp_1_2_6	AAC17860.1	85.71	10	1	3	14	23	35	41	8	16.6
Seq9056_834_bp_1_2_6	AAA72732.1	100.00	4	0	0	27	30	44	47	8.2	16.2
Seq9056_834_bp_-1_0_0	CAA11507.1	83.33	6	1	0	3	8	1368	1373	0.97	20.2
Seq9056_834_bp_-1_0_0	ABS38337.1	83.33	6	1	0	2	7	235	240	1.2	19.7
Seq9056_834_bp_-1_0_0	AAA65607.1	100.00	4	0	0	12	15	267	270	4.2	16.1
Seq9056_834_bp_-1_0_0	AAB03707.1	71.43	7	2	0	5	11	840	846	6.1	17.5
Seq9056_834_bp_-1_0_0	BAB79260.1	80.00	5	1	0	7	11	170	174	7	15.7
Seq9056_834_bp_-1_0_0	ACT10338.1	80.00	5	1	0	4	8	191	195	8.1	15.2
Seq9056_834_bp_-1_0_0	ABN10845.1	66.67	6	2	0	8	13	72	77	8.4	14.3
Seq9056_834_bp_-1_0_1	AAR31603.1	100.00	4	0	0	32	35	161	164	1.7	18.7
Seq9056_834_bp_-1_0_1	BAA32018.1	100.00	4	0	0	12	15	51	54	2.2	19.2
Seq9056_834_bp_-1_0_1	EDO47375.1	80.00	5	1	0	29	33	10	14	3.9	16.7
Seq9056_834_bp_-1_0_1	BAB79260.1	100.00	4	0	0	20	23	247	250	4.6	17.7
Seq9056_834_bp_-1_0_1	AAH69556.1	80.00	5	1	0	1	5	190	194	6.2	16.7
Seq9056_834_bp_-1_0_1	ABS38337.1	80.00	13	2	3	9	19	931	942	6.3	18.7
Seq9056_834_bp_-1_0_2	AAB64315.2	85.71	8	1	1	5	12	127	133	0.16	20.6
Seq9056_834_bp_-1_0_2	AAC97205.1	83.33	6	1	0	1	6	1231	1236	1.2	19.5
Seq9056_834_bp_-1_0_2	AAA24142.1	100.00	4	0	0	1	4	429	432	2	17.3
Seq9056_834_bp_-1_0_2	AAA45888.1	100.00	3	0	0	10	12	223	225	3.6	16.2
Seq9056_834_bp_-1_0_2	ABK71357.1	100.00	3	0	0	9	11	144	146	7.3	15.1
Seq9056_834_bp_-1_0_2	ABD49687.1	100.00	4	0	0	2	5	703	706	7.4	17.3
Seq9056_834_bp_-1_0_2	ACT10338.1	100.00	3	0	0	9	11	330	332	7.6	15.1
Seq9056_834_bp_-1_0_2	AAA26915.1	80.00	5	1	0	5	9	281	285	9	15.1
Seq9056_834_bp_-1_0_3	AAA23282.1	83.33	6	1	0	6	11	303	308	0.27	21.6
Seq9056_834_bp_-1_0_3	AAC08817.1	54.55	11	5	0	4	14	96	106	0.66	18.6
Seq9056_834_bp_-1_0_3	ABS38337.1	100.00	4	0	0	12	15	983	986	0.86	21.1
Seq9056_834_bp_-1_0_3	AAA18786.1	80.00	5	1	0	16	20	157	161	2.2	17.5
Seq9056_834_bp_-1_0_3	AAB64315.2	100.00	4	0	0	23	26	13	16	2.6	17.5
Seq9056_834_bp_-1_0_3	AAC78721.1	100.00	4	0	0	5	8	211	214	2.7	18.6
Seq9056_834_bp_-1_0_3	AAB03707.1	100.00	4	0	0	9	12	259	262	5.3	18.6
Seq9056_834_bp_-1_0_3	AAQ92751.2	100.00	4	0	0	6	9	1376	1379	5.3	18.6
Seq9056_834_bp_-1_0_3	AAB96524.1	100.00	3	0	0	16	18	160	162	6	15.5
Seq9056_834_bp_-1_0_3	AAC17860.1	100.00	4	0	0	24	27	338	341	6.5	16.5
Seq9056_834_bp_-1_0_3	AAA36565.1	100.00	3	0	0	21	23	79	81	7.6	14.9
Seq9056_834_bp_-1_0_4	BAA32956.1	100.00	4	0	0	28	31	6	9	0.97	18.8
Seq9056_834_bp_-1_0_4	BAB79260.1	77.78	12	2	3	4	15	96	104	1.4	19.3
Seq9056_834_bp_-1_0_4	ABN10845.1	100.00	4	0	0	3	6	27	30	1.4	18.2
Seq9056_834_bp_-1_0_4	ABL74574.1	100.00	4	0	0	14	17	267	270	1.9	18.2
Seq9056_834_bp_-1_0_4	AAA42531.1	100.00	4	0	0	6	9	208	211	2.6	18.2
Seq9056_834_bp_-1_0_4	AAX12058.1	100.00	4	0	0	5	8	134	137	2.6	17.7
Seq9056_834_bp_-1_0_4	CAA04196.1	100.00	4	0	0	7	10	128	131	2.8	18.2
Seq9056_834_bp_-1_0_4	CAA11507.1	100.00	4	0	0	31	34	83	86	3	19.8
Seq9056_834_bp_-1_0_4	AAA45888.1	71.43	7	2	0	23	29	78	84	5.2	17.2
Seq9056_834_bp_-1_0_4	CAA26230.1	80.00	5	1	0	16	20	191	195	5.2	17.7
Seq9056_834_bp_-1_0_4	AAA26915.1	80.00	5	1	0	6	10	228	232	6.2	17.2
Seq9056_834_bp_-1_0_4	AAB26998.1	100.00	3	0	0	34	36	68	70	9.2	14.0
Seq9056_834_bp_-1_0_4	AAA24969.1	100.00	4	0	0	2	5	679	682	9.4	18.2
Seq9056_834_bp_-1_0_5	AAA25966.1	100.00	4	0	0	1	4	352	355	1.1	18.9
Seq9056_834_bp_-1_0_5	BAA32991.1	100.00	3	0	0	11	13	59	61	1.2	15.4
Seq9056_834_bp_-1_0_5	BAE97662.1	100.00	4	0	0	6	9	328	331	1.7	18.9
Seq9056_834_bp_-1_0_5	AAB64315.2	100.00	3	0	0	9	11	242	244	2.8	16.4
Seq9056_834_bp_-1_0_5	AAA42531.1	100.00	3	0	0	7	9	267	269	6.4	15.4
Seq9056_834_bp_-1_0_5	ABN10845.1	100.00	3	0	0	1	3	51	53	7.2	14.4
Seq9056_834_bp_-1_0_5	AAA72732.1	100.00	3	0	0	2	4	261	263	10	14.4
Seq9056_834_bp_-1_0_6	AAA18786.1	80.00	5	1	0	7	11	124	128	2.3	17.1
Seq9056_834_bp_-1_0_6	AAR37016.1	85.71	7	1	0	10	16	1925	1931	2.5	20.1
Seq9056_834_bp_-1_0_6	BAB79260.1	100.00	4	0	0	14	17	247	250	2.7	17.6
Seq9056_834_bp_-1_0_6	AAA45888.1	100.00	3	0	0	3	5	122	124	3.2	17.1
Seq9056_834_bp_-1_0_6	AII71783.1	100.00	4	0	0	12	15	131	134	3.7	16.7
Seq9056_834_bp_-1_0_6	CAA73529.1	85.71	10	1	3	14	20	30	39	4.5	16.2
Seq9056_834_bp_-1_0_6	AAX12058.1	100.00	3	0	0	17	19	17	19	8.7	15.2
Seq9056_834_bp_-1_0_7	AAA23282.1	100.00	5	0	0	10	14	33	37	0.13	22.0
Seq9056_834_bp_-1_0_7	BAA32956.1	100.00	6	0	1	4	8	126	131	0.84	17.9
Seq9056_834_bp_-1_0_7	ABN10845.1	100.00	3	0	0	6	8	55	57	7.1	14.8
Seq9056_834_bp_-1_0_7	AEE27845.1	100.00	4	0	0	4	7	616	619	7.5	17.4
Seq9056_834_bp_-1_0_7	AAA24969.1	100.00	4	0	0	11	14	230	233	8.2	17.4
Seq9056_834_bp_-1_0_7	AAA18786.1	100.00	3	0	0	3	5	173	175	8.6	14.8
Seq9056_834_bp_-1_0_7	AAR37016.1	100.00	6	0	1	3	8	1891	1895	8.8	17.9
Seq9056_834_bp_-1_0_8	CAA26230.1	100.00	6	0	0	31	36	288	293	0.019	26.0
Seq9056_834_bp_-1_0_8	BAA32956.1	100.00	4	0	0	24	27	136	139	0.57	19.7
Seq9056_834_bp_-1_0_8	AAB03707.1	83.33	6	1	0	31	36	796	801	1.8	20.7
Seq9056_834_bp_-1_0_8	ACT10338.1	100.00	4	0	0	36	39	373	376	2.1	18.6
Seq9056_834_bp_-1_0_8	ABD33854.1	100.00	3	0	0	11	13	28	30	3.1	15.5
Seq9056_834_bp_-1_0_8	AAX84812.1	100.00	3	0	0	15	17	190	192	3.7	17.0
Seq9056_834_bp_-1_0_8	AAA26915.1	100.00	4	0	0	4	7	265	268	5.2	17.6
Seq9056_834_bp_-1_0_8	ABS38337.1	80.00	5	1	0	8	12	1229	1233	6.8	18.6
Seq9056_834_bp_-1_0_8	AAA36565.1	100.00	3	0	0	29	31	55	57	7.7	15.5
Seq9056_834_bp_-1_0_8	AAA23282.1	100.00	3	0	0	15	17	211	213	8.7	17.0
Seq9056_834_bp_-1_0_8	AAC97205.1	100.00	4	0	0	25	28	793	796	9.1	18.1
Seq9056_834_bp_-1_0_9	ABS38337.1	71.43	7	2	0	6	12	1229	1235	0.5	22.2
Seq9056_834_bp_-1_0_9	AAB96524.1	100.00	6	0	1	10	14	176	181	1.2	18.2
Seq9056_834_bp_-1_0_9	AAA32624.1	100.00	4	0	0	8	11	171	174	1.6	19.2
Seq9056_834_bp_-1_0_9	AAR37016.1	100.00	4	0	0	22	25	277	280	1.8	21.2
Seq9056_834_bp_-1_0_9	AAA24142.1	100.00	4	0	0	5	8	129	132	2.8	18.2
Seq9056_834_bp_-1_0_9	BAE97662.1	100.00	4	0	0	8	11	16	19	3.5	19.2
Seq9056_834_bp_-1_0_9	AAX84812.1	100.00	3	0	0	22	24	161	163	5.6	16.2
Seq9056_834_bp_-1_0_9	AAA45888.1	100.00	3	0	0	21	23	38	40	6.5	16.7
Seq9056_834_bp_-1_0_9	BAA32991.1	100.00	3	0	0	15	17	33	35	6.5	14.2
Seq9056_834_bp_-1_0_9	BAB79260.1	100.00	3	0	0	21	23	421	423	7.6	16.7
Seq9056_834_bp_-1_0_9	AAA36565.1	100.00	3	0	0	27	29	55	57	7.9	15.2
Seq9056_834_bp_-1_0_9	EDO47375.1	100.00	3	0	0	13	15	74	76	8.8	15.2
Seq9056_834_bp_-1_0_9	CAA26230.1	80.00	5	1	0	26	30	8	12	9.2	16.7
Seq9056_834_bp_-1_0_9	AAA23282.1	100.00	3	0	0	21	23	212	214	9.3	16.7
Seq9056_834_bp_-1_1_0	AAF01122.1	100.00	4	0	0	2	5	292	295	0.045	22.3
Seq9056_834_bp_-1_1_0	ABG75784.1	100.00	4	0	0	8	11	84	87	0.071	21.4
Seq9056_834_bp_-1_1_0	AAC08817.1	100.00	3	0	0	2	4	5	7	0.36	18.1
Seq9056_834_bp_-1_1_0	AAA36565.1	100.00	3	0	0	6	8	79	81	2.5	15.3
Seq9056_834_bp_-1_1_0	ABD33854.1	57.14	7	3	0	3	9	58	64	2.5	13.9
Seq9056_834_bp_-1_1_0	AAA32624.1	60.00	5	2	0	2	6	426	430	2.9	16.7
Seq9056_834_bp_-1_1_0	AAH69556.1	100.00	3	0	0	4	6	252	254	4.4	15.3
Seq9056_834_bp_-1_1_0	AAB96524.1	100.00	2	0	0	2	3	134	135	5.1	14.4
Seq9056_834_bp_-1_1_0	AAA42531.1	100.00	3	0	0	8	10	340	342	5.6	15.3
Seq9056_834_bp_-1_1_0	AAA18786.1	100.00	2	0	0	2	3	187	188	7.2	14.4
Seq9056_834_bp_-1_1_0	AAB64315.2	100.00	2	0	0	2	3	174	175	8.8	14.4
Seq9056_834_bp_-1_1_0	ABS38337.1	100.00	3	0	0	3	5	531	533	9.4	16.3
Seq9056_834_bp_-1_1_1	CAA45199.1	85.71	8	1	1	79	85	214	221	0.14	24.0
Seq9056_834_bp_-1_1_1	BAA32991.1	100.00	13	0	5	46	56	31	40	0.28	20.2
Seq9056_834_bp_-1_1_1	BAA32018.1	100.00	7	0	1	40	46	241	246	1.3	21.2
Seq9056_834_bp_-1_1_1	ABS38337.1	100.00	4	0	0	5	8	1013	1016	1.4	22.1
Seq9056_834_bp_-1_1_1	AAC78721.1	100.00	7	0	1	37	42	390	396	1.4	21.2
Seq9056_834_bp_-1_1_1	AAA32376.1	83.33	6	1	0	16	21	107	112	1.9	18.8
Seq9056_834_bp_-1_1_1	AAR37016.1	100.00	7	0	1	3	9	372	377	2.5	22.1
Seq9056_834_bp_-1_1_1	AAX12058.1	100.00	4	0	0	23	26	105	108	2.9	18.8
Seq9056_834_bp_-1_1_1	AAA42531.1	100.00	4	0	0	59	62	349	352	3	19.3
Seq9056_834_bp_-1_1_1	BAB79260.1	71.43	7	2	0	16	22	65	71	3.5	19.3
Seq9056_834_bp_-1_1_1	CAA04196.1	100.00	4	0	0	23	26	414	417	4.4	18.8
Seq9056_834_bp_-1_1_1	AIR13712.1	100.00	4	0	0	43	46	4	7	4.8	18.3
Seq9056_834_bp_-1_1_1	AAB64315.2	100.00	4	0	0	62	65	247	250	4.8	18.3
Seq9056_834_bp_-1_1_1	CAA74140.1	100.00	4	0	0	7	10	184	187	7	19.3
Seq9056_834_bp_-1_1_1	AAA23282.1	100.00	4	0	0	19	22	388	391	8.1	18.3
Seq9056_834_bp_-1_1_1	AAI27517.1	100.00	7	0	2	43	49	164	168	8.4	18.3
Seq9056_834_bp_-1_1_1	CAA11507.1	100.00	7	0	1	16	22	39	44	9.9	19.3
Seq9056_834_bp_-1_1_2	EDO47375.1	100.00	6	0	0	18	23	10	15	0.014	25.0
Seq9056_834_bp_-1_1_2	AAA18786.1	100.00	5	0	0	17	21	92	96	0.33	20.9
Seq9056_834_bp_-1_1_2	AAC17860.1	77.78	9	2	0	17	25	77	85	0.52	20.9
Seq9056_834_bp_-1_1_2	AAA32624.1	87.50	9	1	1	22	30	57	64	2.2	19.1
Seq9056_834_bp_-1_1_2	AAA24969.1	83.33	6	1	0	35	40	877	882	2.6	20.5
Seq9056_834_bp_-1_1_2	BAE97662.1	83.33	6	1	0	34	39	468	473	4.8	19.1
Seq9056_834_bp_-1_1_2	AAR31603.1	100.00	4	0	0	40	43	153	156	4.8	17.3
Seq9056_834_bp_-1_1_2	BAB79260.1	100.00	4	0	0	29	32	57	60	6.5	17.3
Seq9056_834_bp_-1_1_2	CAA43372.1	100.00	4	0	0	33	36	43	46	8	16.9
Seq9056_834_bp_-1_1_2	AAB96524.1	75.00	4	1	0	16	19	168	171	9.1	15.5
Seq9056_834_bp_-1_1_3	BAB79260.1	75.00	8	2	0	49	56	384	391	1.3	21.1
Seq9056_834_bp_-1_1_3	AAA23282.1	83.33	6	1	0	76	81	474	479	1.6	21.1
Seq9056_834_bp_-1_1_3	CAA74140.1	100.00	5	0	0	60	64	629	633	1.9	21.5
Seq9056_834_bp_-1_1_3	AAA42531.1	83.33	6	1	0	29	34	166	171	2.9	19.6
Seq9056_834_bp_-1_1_3	ABK71357.1	100.00	5	0	0	90	94	260	264	3.9	19.2
Seq9056_834_bp_-1_1_3	AAC17860.1	100.00	5	0	0	42	46	136	140	4.2	19.2
Seq9056_834_bp_-1_1_3	AAC78721.1	83.33	6	1	0	3	8	332	337	5	19.6
Seq9056_834_bp_-1_1_3	AAB64315.2	83.33	6	1	0	45	50	245	250	6.4	18.2
Seq9056_834_bp_-1_1_3	ABD49687.1	100.00	5	0	0	94	98	1397	1401	6.5	20.6
Seq9056_834_bp_-1_1_3	ABL74574.1	100.00	4	0	0	96	99	35	38	7.7	17.8
Seq9056_834_bp_-1_1_3	AAQ92751.2	66.67	9	3	0	31	39	94	102	9.8	19.6
Seq9056_834_bp_-1_2_0	AAA26915.1	100.00	4	0	0	49	52	191	194	4.5	18.6
Seq9056_834_bp_-1_2_0	ABK71357.1	100.00	4	0	0	17	20	147	150	6.3	17.8
Seq9056_834_bp_-1_2_0	ABG75784.1	100.00	4	0	0	1	4	234	237	7	17.4
Seq9056_834_bp_-1_2_0	AAA65607.1	100.00	4	0	0	12	15	202	205	8.2	17.4
Seq9056_834_bp_-1_2_0	AAQ92751.2	100.00	4	0	0	37	40	440	443	9.5	19.0
Seq9056_834_bp_-1_2_1	AAA24142.1	100.00	5	0	0	2	6	230	234	0.022	24.5
Seq9056_834_bp_-1_2_1	AAA24142.1	100.00	4	0	0	4	7	119	122	0.5	20.0
Seq9056_834_bp_-1_2_1	AAA18786.1	100.00	4	0	0	1	4	180	183	0.44	19.4
Seq9056_834_bp_-1_2_1	AAA45888.1	71.43	7	2	0	1	7	379	385	1.3	18.3
Seq9056_834_bp_-1_2_1	AAA42531.1	80.00	5	1	0	16	20	280	284	2	17.7
Seq9056_834_bp_-1_2_1	AAA32624.1	80.00	5	1	0	4	8	83	87	2.7	17.7
Seq9056_834_bp_-1_2_1	BAA32991.1	100.00	3	0	0	7	9	7	9	3.6	14.4
Seq9056_834_bp_-1_2_1	EDO47375.1	80.00	5	1	0	12	16	81	85	4.5	15.5
Seq9056_834_bp_-1_2_1	BAB79260.1	100.00	4	0	0	12	15	8	11	4.9	16.6
Seq9056_834_bp_-1_2_1	AAC08817.1	100.00	3	0	0	7	9	100	102	8.1	14.4
Seq9056_834_bp_-1_2_2	AAR31603.1	83.33	6	1	0	35	40	111	116	2.2	19.6
Seq9056_834_bp_-1_2_2	AAA25966.1	100.00	5	0	0	86	90	591	595	3.5	20.1
Seq9056_834_bp_-1_2_2	CAA45199.1	100.00	4	0	0	66	69	238	241	4.3	19.2
Seq9056_834_bp_-1_2_2	AII71783.1	100.00	4	0	0	24	27	269	272	5.3	18.2
Seq9056_834_bp_-1_2_2	BAA32991.1	100.00	4	0	0	14	17	61	64	5.8	16.0
Seq9056_834_bp_-1_2_2	AAA45888.1	100.00	4	0	0	61	64	65	68	6.5	18.2
Seq9056_834_bp_-1_2_2	ACT10338.1	80.00	5	1	0	72	76	298	302	6.6	18.2
Seq9056_834_bp_-1_2_2	ABD33854.1	100.00	3	0	0	22	24	55	57	7.2	15.5
Seq9056_834_bp_-1_2_2	ABG75784.1	100.00	4	0	0	41	44	233	236	7.3	17.8
Seq9056_834_bp_-1_2_2	AAX84812.1	100.00	4	0	0	89	92	194	197	7.4	17.3
Seq9056_834_bp_-1_2_2	AAC78721.1	83.33	6	1	0	11	16	538	543	8.2	18.7
Seq9056_834_bp_-1_2_2	AAA32624.1	100.00	4	0	0	75	78	244	247	8.7	18.2
Seq9056_834_bp_-1_2_2	CAA26230.1	100.00	4	0	0	60	63	547	550	9.3	18.2
Seq9056_834_bp_-1_2_2	AAA23282.1	100.00	4	0	0	49	52	223	226	9.4	18.2
Seq9056_834_bp_-1_2_3	ABN10845.1	85.71	7	1	0	4	10	100	106	0.063	23.9
Seq9056_834_bp_-1_2_3	AAB03707.1	100.00	5	0	0	31	35	1321	1325	0.98	22.6
Seq9056_834_bp_-1_2_3	AAA32376.1	80.00	5	1	0	37	41	128	132	3.3	17.8
Seq9056_834_bp_-1_2_3	CAA74140.1	77.78	10	2	1	8	16	113	122	4	19.9
Seq9056_834_bp_-1_2_3	AAA45888.1	83.33	6	1	0	61	66	33	38	5.4	18.2
Seq9056_834_bp_-1_2_3	CAA04196.1	100.00	4	0	0	29	32	44	47	5.8	18.2
Seq9056_834_bp_-1_2_3	AAI27517.1	100.00	4	0	0	4	7	263	266	6.1	18.6
Seq9056_834_bp_-1_2_3	AAA25966.1	100.00	4	0	0	43	46	682	685	7.3	18.6
Seq9056_834_bp_-1_2_3	BAB79260.1	75.00	8	2	0	68	75	328	335	8.3	17.8
Seq9056_834_bp_-1_2_3	BAA32018.1	100.00	4	0	0	29	32	458	461	8.5	18.2
