Seq10030_92_bp_1_0_0	CAA45199.1	38.46	13	8	0	8	20	215	227	1.5	19.0
Seq10030_92_bp_1_0_0	ABD49687.1	40.00	16	9	1	1	15	491	506	1.8	20.7
Seq10030_92_bp_1_0_0	CAA74140.1	50.00	25	11	3	6	27	773	797	3.9	18.6
Seq10030_92_bp_1_0_0	CAA04196.1	45.45	11	6	0	1	11	371	381	5.5	16.9
Seq10030_92_bp_1_0_0	AAQ92751.2	46.67	17	8	2	2	18	1144	1158	5.7	18.6
Seq10030_92_bp_1_0_0	CAA26230.1	57.14	7	3	0	23	29	218	224	7.2	16.9
Seq10030_92_bp_1_0_0	AAA24142.1	45.45	12	6	1	19	29	360	371	7.7	16.5
Seq10030_92_bp_1_0_0	AAB03707.1	36.00	28	16	3	2	29	596	620	9.7	17.8
Seq10030_92_bp_1_1_0	AAX84812.1	40.00	20	12	0	5	24	94	113	0.097	22.0
Seq10030_92_bp_1_1_0	AAA36565.1	31.82	23	15	1	1	23	39	60	0.38	19.5
Seq10030_92_bp_1_1_0	AAR37016.1	45.00	23	11	3	6	28	422	441	0.56	22.8
Seq10030_92_bp_1_1_0	CAA73529.1	50.00	13	6	1	18	30	259	270	1.1	18.7
Seq10030_92_bp_1_1_0	ACT10338.1	33.33	15	10	0	16	30	308	322	1.2	19.1
Seq10030_92_bp_1_1_0	AAC17860.1	32.00	28	17	3	1	28	278	302	1.2	19.1
Seq10030_92_bp_1_1_0	EDO47375.1	66.67	6	2	0	13	18	171	176	1.8	17.5
Seq10030_92_bp_1_1_0	AAA23282.1	46.67	16	8	1	5	20	440	454	2.3	18.7
Seq10030_92_bp_1_1_0	ABN10845.1	54.55	11	5	0	16	26	124	134	2.7	17.0
Seq10030_92_bp_1_1_0	AAI27517.1	41.18	18	10	1	12	29	156	172	3.1	18.3
Seq10030_92_bp_1_1_0	CAA04196.1	44.44	9	5	0	15	23	181	189	3.9	17.5
Seq10030_92_bp_1_1_0	AAA24142.1	25.00	27	18	3	3	26	159	185	4.2	17.5
Seq10030_92_bp_1_1_0	CAA45199.1	80.00	5	1	0	13	17	192	196	4.3	17.5
Seq10030_92_bp_1_1_0	AAB64315.2	45.45	11	6	0	5	15	312	322	5.3	16.6
Seq10030_92_bp_1_1_0	AEE27845.1	52.17	30	11	7	5	27	96	125	5.4	18.7
Seq10030_92_bp_1_1_0	AAC97205.1	50.00	12	6	0	7	18	1103	1114	6.3	18.3
Seq10030_92_bp_1_1_0	BAB70780.1	21.43	28	22	0	2	29	462	489	7.6	16.6
Seq10030_92_bp_1_1_0	AAA45888.1	31.82	22	15	0	5	26	307	328	8	16.2
Seq10030_92_bp_1_1_0	AAH69556.1	37.50	8	5	0	18	25	214	221	8.4	15.8
Seq10030_92_bp_1_1_0	AAB26998.1	28.57	14	10	0	1	14	65	78	8.9	13.8
Seq10030_92_bp_1_1_0	AAQ92751.2	34.62	26	17	0	1	26	963	988	9.2	17.9
Seq10030_92_bp_1_2_0	AIR13712.1	47.83	30	12	7	1	30	64	86	1.1	19.0
Seq10030_92_bp_1_2_0	AAR31603.1	35.29	17	11	0	5	21	135	151	1.4	18.6
Seq10030_92_bp_1_2_0	CAA45199.1	26.92	26	19	0	3	28	221	246	1.5	19.0
Seq10030_92_bp_1_2_0	AAA72732.1	34.62	28	17	2	1	28	42	67	1.8	18.2
Seq10030_92_bp_1_2_0	AAA32624.1	47.06	18	9	1	14	30	474	491	2.2	18.6
Seq10030_92_bp_1_2_0	CAA11507.1	36.36	22	14	0	9	30	232	253	4.3	19.0
Seq10030_92_bp_1_2_0	AII71783.1	31.82	24	15	2	5	26	3	26	5.3	16.5
Seq10030_92_bp_1_2_0	CAA43372.1	30.77	28	18	2	5	30	182	209	5.3	17.0
Seq10030_92_bp_1_2_0	BAA32991.1	62.50	8	3	0	1	8	57	64	6.4	14.1
Seq10030_92_bp_1_2_0	AAH69556.1	42.86	14	8	0	5	18	271	284	6.8	16.1
Seq10030_92_bp_1_2_0	AAA26915.1	45.45	11	6	0	14	24	368	378	7.8	16.5
Seq10030_92_bp_1_2_0	AAA32376.1	42.86	15	8	1	6	19	95	109	8.9	14.9
Seq10030_92_bp_-1_0_0	AII71783.1	33.33	24	16	0	4	27	35	58	1.7	18.2
Seq10030_92_bp_-1_0_0	AAA25966.1	55.56	24	8	6	13	30	440	463	2.5	18.9
Seq10030_92_bp_-1_0_0	CAA45199.1	50.00	16	8	0	5	20	132	147	4.2	17.5
Seq10030_92_bp_-1_0_0	AAB03707.1	42.86	14	8	0	1	14	955	968	5.9	18.5
Seq10030_92_bp_-1_0_0	AAA26915.1	61.54	15	5	2	3	15	73	87	6.7	16.8
Seq10030_92_bp_-1_0_0	AAF01122.1	50.00	24	9	6	2	19	356	379	6.9	16.4
Seq10030_92_bp_-1_0_0	AEE27845.1	35.00	20	13	0	6	25	1119	1138	7.5	18.2
Seq10030_92_bp_-1_0_0	CAA74140.1	42.31	29	15	3	1	29	297	322	8.1	17.5
Seq10030_92_bp_-1_0_0	AAB26998.1	43.48	24	13	1	1	23	20	43	9.8	13.6
Seq10030_92_bp_-1_1_0	AAF01122.1	63.64	11	4	0	6	16	366	376	0.12	22.4
Seq10030_92_bp_-1_1_0	AAB26998.1	45.45	11	6	0	14	24	69	79	1.1	16.8
Seq10030_92_bp_-1_1_0	AII71783.1	45.45	11	6	0	14	24	172	182	1.6	18.3
Seq10030_92_bp_-1_1_0	BAA32991.1	40.00	10	6	0	14	23	15	24	2.1	15.7
Seq10030_92_bp_-1_1_0	CAA73529.1	35.71	14	9	0	6	19	35	48	3.1	17.2
Seq10030_92_bp_-1_1_0	ABK71357.1	40.00	15	9	0	16	30	47	61	4.1	17.2
Seq10030_92_bp_-1_1_0	CAA43372.1	38.89	20	11	2	4	23	145	162	4.6	17.2
Seq10030_92_bp_-1_1_0	AAA25966.1	43.75	19	9	3	7	22	431	449	4.8	17.9
Seq10030_92_bp_-1_1_0	AAA24142.1	36.36	29	14	7	6	30	193	218	6.3	16.8
Seq10030_92_bp_-1_1_0	AAA45888.1	55.56	9	4	0	12	20	6	14	6.9	16.5
Seq10030_92_bp_-1_1_0	AEE27845.1	62.50	8	3	0	13	20	32	39	7	18.3
Seq10030_92_bp_-1_1_0	AAA36565.1	75.00	10	2	2	16	23	47	56	8.2	15.0
Seq10030_92_bp_-1_1_0	AAH69556.1	26.67	15	11	0	15	29	133	147	8.9	15.7
Seq10030_92_bp_-1_2_0	ABK71357.1	45.83	29	13	5	1	29	175	198	0.25	21.3
Seq10030_92_bp_-1_2_0	AAI27517.1	41.67	29	14	5	2	25	20	48	0.51	20.9
Seq10030_92_bp_-1_2_0	AAA36565.1	31.25	16	11	0	2	17	30	45	1.6	17.5
Seq10030_92_bp_-1_2_0	ACT10338.1	30.77	29	18	3	3	29	92	119	2.3	18.2
Seq10030_92_bp_-1_2_0	AAA32376.1	19.23	26	21	0	1	26	31	56	2.6	16.8
Seq10030_92_bp_-1_2_0	AAF01122.1	33.33	21	14	0	1	21	126	146	3.5	17.5
Seq10030_92_bp_-1_2_0	AAA25966.1	53.85	14	6	1	15	28	575	587	4.1	18.2
Seq10030_92_bp_-1_2_0	EDO47375.1	30.00	30	21	0	1	30	72	101	5.7	15.7
Seq10030_92_bp_-1_2_0	ABD49687.1	50.00	12	6	0	3	14	1159	1170	6	18.8
Seq10030_92_bp_-1_2_0	AAA24969.1	33.33	30	20	0	1	30	264	293	6.7	18.5
