Seq10023_791_bp_1_0_0	ABG75784.1	40.91	23	13	1	108	130	67	88	0.2	23.5
Seq10023_791_bp_1_0_0	AAB64315.2	50.00	18	9	0	96	113	99	116	4.9	18.9
Seq10023_791_bp_1_0_0	CAA45199.1	71.43	7	2	0	36	42	20	26	5.1	19.3
Seq10023_791_bp_1_0_0	BAB79260.1	31.58	19	13	0	30	48	435	453	6.7	18.9
Seq10023_791_bp_1_0_0	AAC78721.1	46.15	13	7	0	46	58	477	489	7.2	19.3
Seq10023_791_bp_1_0_0	AAH69556.1	66.67	6	2	0	78	83	71	76	8.4	17.9
Seq10023_791_bp_1_1_0	AAA45888.1	50.00	16	8	0	100	115	6	21	0.49	22.5
Seq10023_791_bp_1_1_0	BAB17681.1	70.00	11	3	1	12	22	158	167	1.2	20.7
Seq10023_791_bp_1_1_0	AAC78721.1	34.78	23	15	0	90	112	485	507	1.6	21.6
Seq10023_791_bp_1_1_0	ABD33854.1	45.45	11	6	0	42	52	33	43	2.5	17.5
Seq10023_791_bp_1_1_0	AAR37016.1	43.75	17	9	1	107	122	913	929	3	22.5
Seq10023_791_bp_1_1_0	ABG75784.1	66.67	9	3	0	13	21	269	277	3.5	19.3
Seq10023_791_bp_1_1_0	AAA18786.1	40.00	15	9	0	56	70	4	18	4	18.9
Seq10023_791_bp_1_1_0	CAA43372.1	66.67	9	3	0	20	28	131	139	4.5	19.3
Seq10023_791_bp_1_1_0	BAB70780.1	35.29	17	11	0	82	98	133	149	7.1	18.9
Seq10023_791_bp_1_1_0	ACT10338.1	54.55	11	5	0	31	41	186	196	7.7	18.4
Seq10023_791_bp_1_1_0	AII71783.1	17.24	29	24	0	27	55	125	153	8.3	18.0
Seq10023_791_bp_1_1_0	AIR13712.1	46.15	13	7	0	96	108	62	74	8.8	18.0
Seq10023_791_bp_1_2_0	AAA24969.1	41.67	25	14	1	31	54	678	702	0.5	24.4
Seq10023_791_bp_1_2_0	CAA73529.1	50.00	14	7	0	75	88	152	165	0.92	21.1
Seq10023_791_bp_1_2_0	BAB79260.1	36.84	19	12	0	44	62	425	443	2.1	20.6
Seq10023_791_bp_1_2_0	CAA26230.1	35.00	20	13	0	30	49	78	97	2.6	20.6
Seq10023_791_bp_1_2_0	AAR31603.1	54.55	11	5	0	73	83	65	75	2.9	19.6
Seq10023_791_bp_1_2_0	AAQ92751.2	40.62	34	19	2	61	94	1058	1089	3.2	21.6
Seq10023_791_bp_1_2_0	CAA43372.1	42.86	22	12	1	31	52	342	362	3.7	19.6
Seq10023_791_bp_1_2_0	ABD49687.1	40.00	20	12	0	78	97	803	822	4	21.6
Seq10023_791_bp_1_2_0	AAX12058.1	36.36	22	14	0	66	87	107	128	4.7	18.7
Seq10023_791_bp_1_2_0	AAR37016.1	45.00	22	11	2	32	53	1839	1858	5.4	21.6
Seq10023_791_bp_1_2_0	AAA72732.1	55.56	9	4	0	101	109	224	232	9.9	17.7
Seq10023_791_bp_-1_0_0	ACT10338.1	43.75	16	9	0	1	16	298	313	1.1	21.3
Seq10023_791_bp_-1_0_0	EDO47375.1	54.55	11	5	0	51	61	4	14	1.4	19.9
Seq10023_791_bp_-1_0_0	AAR31603.1	28.57	14	10	0	96	109	231	244	1.8	20.4
Seq10023_791_bp_-1_0_0	AAB26998.1	83.33	6	1	0	3	8	3	8	3	17.5
Seq10023_791_bp_-1_0_0	ABN10845.1	62.50	8	3	0	1	8	23	30	4.3	18.5
Seq10023_791_bp_-1_0_0	AAA23282.1	32.35	35	23	1	40	73	470	504	5.8	19.4
Seq10023_791_bp_-1_0_0	BAA32018.1	22.22	18	14	0	37	54	252	269	6.3	19.4
Seq10023_791_bp_-1_0_0	AAB64315.2	20.83	24	19	0	34	57	102	125	6.3	18.5
Seq10023_791_bp_-1_0_0	CAD53387.1	50.00	20	9	2	35	54	15	32	7	18.9
Seq10023_791_bp_-1_0_0	ABG75784.1	33.33	30	18	3	47	76	175	201	8.2	18.0
Seq10023_791_bp_-1_0_0	ABK71357.1	38.46	13	8	0	44	56	23	35	9.6	18.0
Seq10023_791_bp_-1_0_0	AAA32624.1	45.45	11	6	0	44	54	19	29	9.8	18.5
Seq10023_791_bp_-1_0_0	AAA45888.1	26.47	34	25	0	11	44	301	334	9.9	18.0
Seq10023_791_bp_-1_1_0	ABD33854.1	41.18	18	10	1	2	19	18	34	0.21	21.1
Seq10023_791_bp_-1_1_0	CAA43372.1	37.50	18	10	2	106	123	13	28	0.67	22.1
Seq10023_791_bp_-1_1_0	ACH70904.1	60.00	10	4	0	16	25	54	63	1.2	21.1
Seq10023_791_bp_-1_1_0	CAA45199.1	37.50	16	10	0	79	94	52	67	2.1	20.6
Seq10023_791_bp_-1_1_0	AAQ92751.2	50.00	14	7	0	18	31	294	307	4.3	21.1
Seq10023_791_bp_-1_1_0	CAD53387.1	28.57	14	10	0	15	28	41	54	4.4	19.7
Seq10023_791_bp_-1_1_0	AAB96524.1	66.67	6	2	0	44	49	167	172	4.5	18.2
Seq10023_791_bp_-1_1_0	CAA73529.1	47.06	17	9	0	83	99	41	57	4.7	18.7
Seq10023_791_bp_-1_1_0	AAX12058.1	50.00	8	4	0	4	11	152	159	4.7	18.7
Seq10023_791_bp_-1_1_0	BAA32956.1	54.55	11	5	0	113	123	91	101	5	18.2
Seq10023_791_bp_-1_1_0	AAA18786.1	75.00	16	3	4	13	27	132	144	8.7	17.7
Seq10023_791_bp_-1_2_0	AAA45888.1	63.64	11	4	0	79	89	91	101	0.59	22.2
Seq10023_791_bp_-1_2_0	AAB26998.1	62.50	8	3	0	80	87	8	15	0.78	19.5
Seq10023_791_bp_-1_2_0	AAA32624.1	83.33	6	1	0	84	89	313	318	2.7	20.4
Seq10023_791_bp_-1_2_0	CAA26230.1	83.33	6	1	0	84	89	350	355	2.9	20.4
Seq10023_791_bp_-1_2_0	CAA45199.1	31.25	33	22	1	70	102	277	308	3.3	20.0
Seq10023_791_bp_-1_2_0	AAB03707.1	27.27	22	16	0	53	74	316	337	6.9	20.4
Seq10023_791_bp_-1_2_0	AAC17860.1	21.05	19	15	0	39	57	234	252	7.1	18.6
Seq10023_791_bp_-1_2_0	AAA72732.1	55.56	9	4	0	87	95	38	46	9.9	17.7
