Seq10064_92_bp_1_0_0	ENA|BAA05866|BAA05866.1	58.33	12	5	0	5	16	127	138	0.014	24.6
Seq10064_92_bp_1_0_0	ENA|CAA29956|CAA29956.1	36.36	11	7	0	11	21	77	87	0.9	18.9
Seq10064_92_bp_1_0_0	ENA|CAA29968|CAA29968.1	33.33	9	6	0	6	14	35	43	1.1	17.7
Seq10064_92_bp_1_0_0	ENA|BAA32956|BAA32956.1	75.00	4	1	0	1	4	25	28	1.2	17.7
Seq10064_92_bp_1_0_0	ENA|ABK71357|ABK71357.1	83.33	6	1	0	14	19	1	6	1.4	18.3
Seq10064_92_bp_1_0_0	ENA|ACT10338|ACT10338.1	46.15	13	7	0	8	20	215	227	1.4	18.3
Seq10064_92_bp_1_0_0	ENA|CCP43727|CCP43727.1	75.00	4	1	0	1	4	135	138	1.9	17.7
Seq10064_92_bp_1_0_0	ENA|AAC08817|AAC08817.1	66.67	7	2	1	3	8	83	89	2.1	16.4
Seq10064_92_bp_1_0_0	ENA|AAB26998|AAB26998.1	60.00	5	2	0	6	10	40	44	2.5	15.2
Seq10064_92_bp_1_0_0	ENA|CAA26939|CAA26939.1	83.33	6	1	0	16	21	325	330	3.2	17.7
Seq10064_92_bp_1_0_0	ENA|AAA42531|AAA42531.1	37.50	8	5	0	9	16	64	71	3.4	17.0
Seq10064_92_bp_1_0_0	ENA|AAB66912|AAB66912.1	46.15	13	7	0	1	13	434	446	3.4	18.3
Seq10064_92_bp_1_0_0	ENA|ACH70901|ACH70901.1	50.00	6	3	0	10	15	94	99	4.8	16.4
Seq10064_92_bp_1_0_0	ENA|AAC26660|AAC26660.1	62.50	8	3	0	14	21	153	160	5.2	15.8
Seq10064_92_bp_1_0_0	ENA|AAA24145|AAA24145.1	25.00	12	9	0	1	12	309	320	6	16.4
Seq10064_92_bp_1_0_0	ENA|CAA45199|CAA45199.1	41.67	12	7	0	8	19	254	265	6.2	16.4
Seq10064_92_bp_1_0_0	ENA|AAA72732|AAA72732.1	71.43	7	2	0	9	15	71	77	6.3	15.8
Seq10064_92_bp_1_0_0	ENA|AAR31603|AAR31603.1	50.00	8	4	0	7	14	199	206	6.6	15.8
Seq10064_92_bp_1_0_0	ENA|AAA32624|AAA32624.1	50.00	8	4	0	11	18	172	179	6.8	16.4
Seq10064_92_bp_1_0_0	ENA|AAB03707|AAB03707.1	75.00	4	1	0	1	4	1390	1393	7.4	17.7
Seq10064_92_bp_1_0_0	ENA|CAA45708|CAA45708.1	50.00	8	4	0	13	20	952	959	8.2	17.7
Seq10064_92_bp_1_0_0	ENA|CAA24711|CAA24711.1	40.00	10	6	0	6	15	162	171	8.2	14.5
Seq10064_92_bp_1_0_0	ENA|AAS77176|AAS77176.1	80.00	5	1	0	15	19	61	65	8.8	15.2
Seq10064_92_bp_1_0_0	ENA|ABD49687|ABD49687.1	50.00	8	4	0	2	9	1044	1051	9.1	17.7
Seq10064_92_bp_1_0_0	ENA|AAC49865|AAC49865.1	62.50	9	3	1	9	16	175	183	9.9	15.2
Seq10064_92_bp_1_1_0	ENA|AAC08817|AAC08817.1	62.50	8	3	0	5	12	118	125	0.34	19.1
Seq10064_92_bp_1_1_0	ENA|AAC08817|AAC08817.1	55.56	9	4	0	8	16	18	26	0.77	17.9
Seq10064_92_bp_1_1_0	ENA|AAA25966|AAA25966.1	40.00	15	9	0	2	16	666	680	0.7	20.3
Seq10064_92_bp_1_1_0	ENA|ABD49687|ABD49687.1	71.43	7	2	0	5	11	376	382	0.73	21.4
Seq10064_92_bp_1_1_0	ENA|CAA26023|CAA26023.1	62.50	8	3	0	7	14	306	313	1.3	18.5
Seq10064_92_bp_1_1_0	ENA|AAC17860|AAC17860.1	83.33	6	1	0	14	19	339	344	1.3	18.5
Seq10064_92_bp_1_1_0	ENA|ABK71357|ABK71357.1	45.45	11	6	0	10	20	213	223	4	16.7
Seq10064_92_bp_1_1_0	ENA|CAL82360|CAL82360.1	50.00	10	5	0	12	21	514	523	4.1	18.5
Seq10064_92_bp_1_1_0	ENA|CAA45708|CAA45708.1	38.89	18	11	0	4	21	976	993	4.8	18.5
Seq10064_92_bp_1_1_0	ENA|AAR37016|AAR37016.1	38.46	13	8	0	8	20	1349	1361	4.9	19.1
Seq10064_92_bp_1_1_0	ENA|CCP43727|CCP43727.1	80.00	5	1	0	1	5	183	187	5.3	16.1
Seq10064_92_bp_1_1_0	ENA|AAI27517|AAI27517.1	80.00	5	1	0	10	14	14	18	6.3	16.7
Seq10064_92_bp_1_1_0	ENA|CAA73529|CAA73529.1	50.00	10	5	0	12	21	235	244	6.6	15.5
Seq10064_92_bp_1_1_0	ENA|AAF79734|AAF79734.1	27.78	18	13	0	3	20	912	929	6.8	17.9
Seq10064_92_bp_1_1_0	ENA|AAB96524|AAB96524.1	80.00	5	1	0	10	14	112	116	9.8	14.3
Seq10064_92_bp_1_2_0	ENA|AAA32624|AAA32624.1	54.55	11	5	0	2	12	208	218	0.37	20.7
Seq10064_92_bp_1_2_0	ENA|AAB96524|AAB96524.1	50.00	10	5	0	5	14	136	145	2.9	16.2
Seq10064_92_bp_1_2_0	ENA|BAA32991|BAA32991.1	100.00	3	0	0	12	14	15	17	5.1	13.9
Seq10064_92_bp_1_2_0	ENA|CAA36214|CAA36214.1	100.00	3	0	0	14	16	213	215	6.8	15.6
Seq10064_92_bp_1_2_0	ENA|AAA18786|AAA18786.1	50.00	6	3	0	4	9	259	264	8.7	15.1
Seq10064_92_bp_-1_0_0	ENA|BAA32991|BAA32991.1	44.44	9	5	0	7	15	13	21	2.8	14.8
Seq10064_92_bp_-1_0_0	ENA|ABN10845|ABN10845.1	80.00	5	1	0	2	6	205	209	4.5	15.8
Seq10064_92_bp_-1_0_0	ENA|CAA29956|CAA29956.1	66.67	6	2	0	1	6	243	248	5.5	16.3
Seq10064_92_bp_-1_1_0	ENA|CAA45199|CAA45199.1	60.00	16	6	1	1	15	301	316	0.032	24.1
Seq10064_92_bp_-1_1_0	ENA|AAR31603|AAR31603.1	57.14	7	3	0	4	10	141	147	0.63	19.3
Seq10064_92_bp_-1_1_0	ENA|ABD33854|ABD33854.1	66.67	6	2	0	2	7	25	30	1.5	15.7
Seq10064_92_bp_-1_1_0	ENA|AAB03707|AAB03707.1	66.67	6	2	0	4	9	22	27	1.7	19.9
Seq10064_92_bp_-1_1_0	ENA|AAA72732|AAA72732.1	50.00	6	3	0	12	17	242	247	3.1	16.9
Seq10064_92_bp_-1_1_0	ENA|AAA25966|AAA25966.1	100.00	5	0	0	14	18	414	418	3.1	18.1
Seq10064_92_bp_-1_1_0	ENA|AAC49865|AAC49865.1	55.56	9	4	0	13	21	4	12	3.2	16.9
Seq10064_92_bp_-1_1_0	ENA|ABK71357|ABK71357.1	66.67	6	2	0	9	14	27	32	3.6	16.9
Seq10064_92_bp_-1_1_0	ENA|CAA28033|CAA28033.1	62.50	8	3	0	12	19	957	964	3.7	18.7
Seq10064_92_bp_-1_1_0	ENA|CAA45708|CAA45708.1	45.45	11	6	0	9	19	708	718	4.3	18.7
Seq10064_92_bp_-1_1_0	ENA|ACT10338|ACT10338.1	62.50	8	3	0	8	15	170	177	5.7	16.3
Seq10064_92_bp_-1_1_0	ENA|AAC08817|AAC08817.1	40.00	10	6	0	11	20	50	59	7.8	14.5
Seq10064_92_bp_-1_1_0	ENA|AAB66912|AAB66912.1	55.56	9	4	0	10	18	714	722	8.7	16.9
Seq10064_92_bp_-1_2_0	ENA|CAL82360|CAL82360.1	50.00	16	8	0	5	20	48	63	0.055	24.7
Seq10064_92_bp_-1_2_0	ENA|AAI27517|AAI27517.1	83.33	6	1	0	16	21	499	504	0.085	23.0
Seq10064_92_bp_-1_2_0	ENA|AAC08817|AAC08817.1	57.14	7	3	0	15	21	118	124	0.25	19.5
Seq10064_92_bp_-1_2_0	ENA|BAA32956|BAA32956.1	100.00	4	0	0	16	19	161	164	0.51	18.9
Seq10064_92_bp_-1_2_0	ENA|CAD53387|CAD53387.1	71.43	7	2	0	15	21	464	470	0.81	19.5
Seq10064_92_bp_-1_2_0	ENA|ABD49687|ABD49687.1	50.00	12	6	0	10	21	534	545	0.82	21.3
Seq10064_92_bp_-1_2_0	ENA|AAF79734|AAF79734.1	83.33	6	1	0	3	8	369	374	1	20.7
Seq10064_92_bp_-1_2_0	ENA|AAA36114|AAA36114.1	55.56	9	4	0	5	13	161	169	1.2	18.9
Seq10064_92_bp_-1_2_0	ENA|AAA25966|AAA25966.1	44.44	19	10	1	2	20	476	493	1.7	18.9
Seq10064_92_bp_-1_2_0	ENA|CAA29956|CAA29956.1	100.00	4	0	0	15	18	242	245	2	17.8
Seq10064_92_bp_-1_2_0	ENA|CAA26023|CAA26023.1	63.64	13	4	2	11	21	8	20	2	17.8
Seq10064_92_bp_-1_2_0	ENA|AAA32624|AAA32624.1	44.44	9	5	0	9	17	161	169	2.8	17.8
Seq10064_92_bp_-1_2_0	ENA|AAR37016|AAR37016.1	53.85	13	6	0	1	13	2277	2289	3.7	19.5
Seq10064_92_bp_-1_2_0	ENA|CAA45199|CAA45199.1	66.67	6	2	0	5	10	32	37	3.7	17.2
Seq10064_92_bp_-1_2_0	ENA|ABN10845|ABN10845.1	66.67	6	2	0	14	19	201	206	3.8	16.0
Seq10064_92_bp_-1_2_0	ENA|CAB75732|CAB75732.1	28.57	21	15	0	1	21	1100	1120	4.1	18.3
Seq10064_92_bp_-1_2_0	ENA|AAC97205|AAC97205.1	66.67	6	2	0	15	20	13	18	4.3	18.3
Seq10064_92_bp_-1_2_0	ENA|AAA42531|AAA42531.1	33.33	9	6	0	7	15	62	70	4.5	16.6
Seq10064_92_bp_-1_2_0	ENA|AAA18786|AAA18786.1	60.00	5	2	0	16	20	239	243	4.7	16.0
Seq10064_92_bp_-1_2_0	ENA|BAB17681|BAB17681.1	66.67	6	2	0	15	20	264	269	4.8	16.0
Seq10064_92_bp_-1_2_0	ENA|EDO47375|EDO47375.1	33.33	12	8	0	2	13	10	21	4.9	15.4
Seq10064_92_bp_-1_2_0	ENA|AAS77176|AAS77176.1	45.45	11	6	0	5	15	61	71	5	16.0
Seq10064_92_bp_-1_2_0	ENA|CAA26939|CAA26939.1	66.67	6	2	0	15	20	293	298	6.5	16.6
Seq10064_92_bp_-1_2_0	ENA|AAA72732|AAA72732.1	60.00	5	2	0	12	16	82	86	7.9	15.4
Seq10064_92_bp_-1_2_0	ENA|ABK71357|ABK71357.1	40.00	10	6	0	7	16	330	339	9.3	15.4
