Seq239_71_bp_1_0_0	AAX12058.1	54.55	11	5	0	12	22	144	154	0.2	20.8
Seq239_71_bp_1_0_0	AAB64315.2	100.00	4	0	0	10	13	46	49	0.55	19.6
Seq239_71_bp_1_0_0	AAA32624.1	55.56	9	4	0	2	10	153	161	0.87	19.6
Seq239_71_bp_1_0_0	AAB03707.1	57.14	15	6	1	3	16	327	341	1	20.8
Seq239_71_bp_1_0_0	ABG75784.1	66.67	6	2	0	11	16	195	200	1.7	17.8
Seq239_71_bp_1_0_0	AAA25966.1	30.00	10	7	0	6	15	678	687	1.8	19.0
Seq239_71_bp_1_0_0	BAA32018.1	50.00	6	3	0	8	13	1	6	2.3	18.4
Seq239_71_bp_1_0_0	ABN10845.1	75.00	4	1	0	10	13	53	56	2.7	16.7
Seq239_71_bp_1_0_0	CAA26230.1	66.67	6	2	0	9	14	350	355	3.1	17.8
Seq239_71_bp_1_0_0	AAC78721.1	42.11	20	11	1	4	23	161	179	3.7	17.8
Seq239_71_bp_1_0_0	AAA45888.1	75.00	4	1	0	10	13	172	175	4.6	16.7
Seq239_71_bp_1_0_0	AAA18786.1	33.33	12	8	0	12	23	140	151	4.8	16.1
Seq239_71_bp_1_0_0	ABL74574.1	57.14	7	3	0	4	10	204	210	5.2	16.1
Seq239_71_bp_1_0_0	CAD53387.1	50.00	6	3	0	11	16	477	482	6	16.7
Seq239_71_bp_1_0_0	AAX84812.1	66.67	6	2	0	11	16	161	166	6.1	15.5
Seq239_71_bp_1_0_0	AAF01122.1	43.75	16	9	0	7	22	123	138	6.6	16.1
Seq239_71_bp_1_0_0	AAR37016.1	33.33	12	8	0	1	12	1157	1168	8.2	18.4
Seq239_71_bp_1_0_0	AAA23282.1	25.00	16	12	0	5	20	97	112	9.7	16.1
Seq239_71_bp_1_0_0	AAA32376.1	30.00	10	7	0	1	10	77	86	9.9	14.4
Seq239_71_bp_1_1_0	AAA24142.1	40.00	10	6	0	12	21	442	451	0.37	20.6
Seq239_71_bp_1_1_0	AAA25966.1	57.14	7	3	0	17	23	347	353	0.86	20.1
Seq239_71_bp_1_1_0	BAA32956.1	25.00	20	15	0	1	20	188	207	1.5	17.4
Seq239_71_bp_1_1_0	ABN10845.1	50.00	6	3	0	9	14	157	162	2.3	16.9
Seq239_71_bp_1_1_0	AAC08817.1	55.56	9	4	0	15	23	60	68	2.5	16.4
Seq239_71_bp_1_1_0	AEE27845.1	83.33	6	1	0	3	8	1256	1261	3.4	19.0
Seq239_71_bp_1_1_0	AAA42531.1	50.00	8	4	0	8	15	130	137	4	16.9
Seq239_71_bp_1_1_0	AAF01122.1	44.44	9	5	0	1	9	265	273	7.7	15.9
Seq239_71_bp_1_1_0	AAA23282.1	40.00	10	6	0	12	21	371	380	8.1	16.4
Seq239_71_bp_1_2_0	AAA24969.1	100.00	23	0	0	1	23	660	682	2.6e-13	62.8
Seq239_71_bp_1_2_0	AAB03707.1	42.86	21	12	0	3	23	575	595	0.017	26.7
Seq239_71_bp_1_2_0	BAB70780.1	37.50	16	10	0	6	21	390	405	4.6	17.0
Seq239_71_bp_1_2_0	AIR13712.1	66.67	6	2	0	18	23	72	77	6.3	16.0
Seq239_71_bp_1_2_0	AAA26915.1	46.15	13	7	0	10	22	21	33	6.3	16.5
Seq239_71_bp_1_2_0	ACH70904.1	26.67	15	11	0	8	22	210	224	6.8	16.0
Seq239_71_bp_1_2_0	BAE97662.1	66.67	9	3	0	4	12	395	403	7.5	17.5
Seq239_71_bp_1_2_0	ABD33854.1	36.36	11	7	0	10	20	20	30	9.7	12.9
Seq239_71_bp_-1_0_0	AAA45888.1	41.18	17	10	0	5	21	54	70	0.63	19.6
Seq239_71_bp_-1_0_0	ABN10845.1	20.00	20	16	0	4	23	31	50	3	16.5
Seq239_71_bp_-1_0_0	BAB79260.1	46.67	17	8	2	6	22	330	344	3	17.5
Seq239_71_bp_-1_0_0	AAI27517.1	47.06	20	9	3	3	19	158	177	3.9	17.5
Seq239_71_bp_-1_0_0	CAA43372.1	37.50	8	5	0	7	14	150	157	7.8	16.0
Seq239_71_bp_-1_0_0	ACH70904.1	28.57	14	10	0	7	20	298	311	9.5	15.5
Seq239_71_bp_-1_1_0	EDO47375.1	44.44	9	5	0	12	20	35	43	0.099	21.3
Seq239_71_bp_-1_1_0	EDO47375.1	50.00	8	4	0	12	19	55	62	0.22	20.1
Seq239_71_bp_-1_1_0	AII71783.1	60.00	10	4	0	7	16	130	139	0.55	19.5
Seq239_71_bp_-1_1_0	AAA36565.1	44.44	9	5	0	3	11	76	84	1.5	17.2
Seq239_71_bp_-1_1_0	AAB26998.1	44.44	10	5	1	4	13	25	33	1.6	16.0
Seq239_71_bp_-1_1_0	AAA42531.1	80.00	5	1	0	4	8	304	308	3.4	17.2
Seq239_71_bp_-1_1_0	CAA26230.1	80.00	5	1	0	16	20	561	565	4.8	17.2
Seq239_71_bp_-1_1_0	AAA45888.1	41.67	12	7	0	10	21	20	31	4.9	16.6
Seq239_71_bp_-1_1_0	BAA32018.1	66.67	6	2	0	16	21	280	285	5.4	17.2
Seq239_71_bp_-1_1_0	CAA45199.1	50.00	8	4	0	13	20	101	108	6	16.6
Seq239_71_bp_-1_1_0	AAC97205.1	50.00	8	4	0	15	22	765	772	7	17.8
Seq239_71_bp_-1_1_0	AAI27517.1	57.14	7	3	0	9	15	48	54	7.4	16.6
Seq239_71_bp_-1_1_0	AAX12058.1	66.67	6	2	0	12	17	56	61	7.7	15.4
Seq239_71_bp_-1_1_0	BAA32956.1	100.00	4	0	0	20	23	47	50	8.8	14.8
Seq239_71_bp_-1_1_0	AAA25966.1	45.45	11	6	0	9	19	394	404	9	16.6
Seq239_71_bp_-1_1_0	BAB70780.1	45.45	11	6	0	9	19	55	65	9	16.0
Seq239_71_bp_-1_1_0	AAX84812.1	33.33	9	6	0	12	20	188	196	9.6	14.8
Seq239_71_bp_-1_2_0	AAC08817.1	66.67	6	2	0	18	23	118	123	0.3	19.5
Seq239_71_bp_-1_2_0	AAA24142.1	28.57	22	15	1	1	21	251	272	0.56	20.0
Seq239_71_bp_-1_2_0	AAB64315.2	55.56	9	4	0	7	15	34	42	1.3	18.3
Seq239_71_bp_-1_2_0	CAA11507.1	54.55	11	5	0	3	13	20	30	1.7	20.0
Seq239_71_bp_-1_2_0	AAB03707.1	50.00	12	6	0	3	14	794	805	1.7	20.0
Seq239_71_bp_-1_2_0	ABL74574.1	50.00	8	4	0	1	8	90	97	2.5	17.2
Seq239_71_bp_-1_2_0	AAC78721.1	80.00	5	1	0	8	12	335	339	2.6	18.3
Seq239_71_bp_-1_2_0	AAA25966.1	50.00	8	4	0	16	23	153	160	4.1	17.8
Seq239_71_bp_-1_2_0	AAA36565.1	100.00	3	0	0	7	9	77	79	6.5	15.0
Seq239_71_bp_-1_2_0	AAX12058.1	28.57	7	5	0	13	19	13	19	7.2	15.5
Seq239_71_bp_-1_2_0	CAA45199.1	28.57	14	10	0	2	15	277	290	8.3	16.1
Seq239_71_bp_-1_2_0	AAA24969.1	38.46	13	8	0	3	15	822	834	8.4	17.8
Seq239_71_bp_-1_2_0	AAX84812.1	100.00	3	0	0	19	21	87	89	8.8	15.0
Seq239_71_bp_-1_2_0	AAA32624.1	33.33	9	6	0	3	11	411	419	9.1	16.1
Seq239_71_bp_-1_2_0	AAA42531.1	75.00	4	1	0	6	9	303	306	9.9	15.5
