Seq5987_136_bp_1_0_0	ENA|AAR37016|AAR37016.1	50.00	14	7	0	15	28	2135	2148	5.6	20.0
Seq5987_136_bp_1_0_0	ENA|CAA29968|CAA29968.1	57.14	7	3	0	36	42	188	194	6.1	16.2
Seq5987_136_bp_1_0_0	ENA|AAA42531|AAA42531.1	75.00	8	2	0	20	27	372	379	8.6	16.7
Seq5987_136_bp_1_0_0	ENA|BAA36759|BAA36759.1	75.00	4	1	0	39	42	115	118	8.8	16.2
Seq5987_136_bp_1_1_0	ENA|AAS77176|AAS77176.1	100.00	45	0	0	1	45	233	277	2.9e-36	137.6
Seq5987_136_bp_1_1_0	ENA|BAB17681|BAB17681.1	50.00	16	8	0	5	20	112	127	0.078	23.1
Seq5987_136_bp_1_1_0	ENA|AAA42531|AAA42531.1	31.82	22	15	0	19	40	150	171	1.7	19.2
Seq5987_136_bp_1_1_0	ENA|BAA05866|BAA05866.1	40.00	10	6	0	29	38	195	204	3.7	17.7
Seq5987_136_bp_1_1_0	ENA|CAA43419|CAA43419.1	54.55	11	5	0	21	31	144	154	6	17.2
Seq5987_136_bp_1_1_0	ENA|CAA36214|CAA36214.1	40.91	23	13	1	19	40	200	222	7	16.7
Seq5987_136_bp_1_1_0	ENA|AAF79734|AAF79734.1	66.67	9	3	0	11	19	414	422	8.3	18.7
Seq5987_136_bp_1_1_0	ENA|AAB26998|AAB26998.1	50.00	8	4	0	3	10	19	26	9.6	14.2
Seq5987_136_bp_1_1_0	ENA|AAC08817|AAC08817.1	33.33	15	10	0	3	17	86	100	9.7	15.2
Seq5987_136_bp_1_2_0	ENA|CAA28033|CAA28033.1	39.13	23	14	0	4	26	467	489	0.47	22.7
Seq5987_136_bp_1_2_0	ENA|CAA29968|CAA29968.1	50.00	14	7	0	21	34	25	38	0.63	19.6
Seq5987_136_bp_1_2_0	ENA|AAA36539|AAA36539.1	33.33	12	8	0	14	25	11	22	0.74	20.6
Seq5987_136_bp_1_2_0	ENA|CAA26023|CAA26023.1	31.58	20	13	1	23	42	162	180	0.86	20.1
Seq5987_136_bp_1_2_0	ENA|BAB79260|BAB79260.1	41.67	12	7	0	26	37	394	405	2.1	19.0
Seq5987_136_bp_1_2_0	ENA|CAA73529|CAA73529.1	50.00	10	5	0	23	32	36	45	2.6	18.0
Seq5987_136_bp_1_2_0	ENA|AAC26660|AAC26660.1	41.67	12	7	0	31	42	4	15	5	16.9
Seq5987_136_bp_-1_0_0	ENA|CAA26023|CAA26023.1	50.00	20	9	2	28	45	114	133	0.57	20.7
Seq5987_136_bp_-1_0_0	ENA|AAI27517|AAI27517.1	50.00	24	10	4	3	22	58	81	4.2	18.4
Seq5987_136_bp_-1_0_0	ENA|AAS77176|AAS77176.1	35.71	14	9	0	4	17	264	277	9.7	16.1
Seq5987_136_bp_-1_1_0	ENA|ACT10338|ACT10338.1	44.44	19	10	1	24	41	361	379	2.9	18.4
Seq5987_136_bp_-1_1_0	ENA|CCP43727|CCP43727.1	75.00	8	2	0	5	12	30	37	3.3	17.9
Seq5987_136_bp_-1_1_0	ENA|AAC49865|AAC49865.1	60.00	10	4	0	35	44	194	203	4.5	17.5
Seq5987_136_bp_-1_1_0	ENA|CAA26939|CAA26939.1	41.67	12	7	0	18	29	225	236	5.7	17.9
Seq5987_136_bp_-1_1_0	ENA|CAB75732|CAB75732.1	46.15	13	7	0	8	20	494	506	8.2	18.4
Seq5987_136_bp_-1_1_0	ENA|AAC08817|AAC08817.1	50.00	10	5	0	4	13	8	17	9.8	15.2
Seq5987_136_bp_-1_2_0	ENA|CCP43727|CCP43727.1	50.00	17	8	1	23	39	307	322	1.1	19.5
Seq5987_136_bp_-1_2_0	ENA|AAI27517|AAI27517.1	40.00	15	9	0	4	18	525	539	1.4	20.1
Seq5987_136_bp_-1_2_0	ENA|CAA45199|CAA45199.1	45.45	11	6	0	26	36	374	384	1.5	19.5
Seq5987_136_bp_-1_2_0	ENA|BAA32018|BAA32018.1	38.89	18	11	0	4	21	378	395	2	19.5
Seq5987_136_bp_-1_2_0	ENA|ABG75784|ABG75784.1	54.55	11	5	0	5	15	215	225	2.9	18.0
Seq5987_136_bp_-1_2_0	ENA|CAA36214|CAA36214.1	62.50	8	3	0	4	11	141	148	4	17.5
Seq5987_136_bp_-1_2_0	ENA|AAA72732|AAA72732.1	47.06	17	9	0	17	33	51	67	4.1	17.5
Seq5987_136_bp_-1_2_0	ENA|ABD33854|ABD33854.1	30.77	13	9	0	5	17	26	38	5	14.9
Seq5987_136_bp_-1_2_0	ENA|AAA18786|AAA18786.1	50.00	8	4	0	28	35	243	250	5	17.0
Seq5987_136_bp_-1_2_0	ENA|AAC08817|AAC08817.1	45.45	11	6	0	10	20	124	134	5.9	15.9
Seq5987_136_bp_-1_2_0	ENA|AAA36539|AAA36539.1	57.14	7	3	0	4	10	202	208	8.6	17.0
