Seq5728_109_bp_1_0_0	AAA72732.1	80.00	5	1	0	14	18	280	284	0.28	21.2
Seq5728_109_bp_1_0_0	AAA45888.1	62.50	8	3	0	18	25	12	19	0.34	21.2
Seq5728_109_bp_1_0_0	CAA04196.1	44.44	18	10	0	14	31	38	55	0.56	20.6
Seq5728_109_bp_1_0_0	BAA32956.1	47.06	20	9	3	12	28	157	176	0.64	19.4
Seq5728_109_bp_1_0_0	BAA32018.1	29.17	24	17	0	2	25	363	386	0.83	20.6
Seq5728_109_bp_1_0_0	AAR31603.1	31.25	16	11	0	8	23	275	290	1	19.4
Seq5728_109_bp_1_0_0	AII71783.1	54.55	11	5	0	20	30	283	293	1.4	18.8
Seq5728_109_bp_1_0_0	ABN10845.1	100.00	5	0	0	3	7	171	175	1.5	18.2
Seq5728_109_bp_1_0_0	ABD33854.1	100.00	3	0	0	34	36	60	62	1.5	16.4
Seq5728_109_bp_1_0_0	ACT10338.1	63.64	12	4	1	5	15	20	31	1.8	18.8
Seq5728_109_bp_1_0_0	AAR37016.1	52.00	27	12	2	6	32	1038	1062	2.1	21.2
Seq5728_109_bp_1_0_0	AAA26915.1	35.71	14	9	0	2	15	85	98	2.1	18.8
Seq5728_109_bp_1_0_0	BAE97662.1	46.15	13	7	0	3	15	168	180	2.3	20.0
Seq5728_109_bp_1_0_0	ACH70904.1	66.67	6	2	0	17	22	290	295	2.5	18.2
Seq5728_109_bp_1_0_0	CAA26230.1	30.77	13	9	0	20	32	118	130	2.5	18.8
Seq5728_109_bp_1_0_0	AAI27517.1	50.00	10	5	0	21	30	360	369	4	18.2
Seq5728_109_bp_1_0_0	CAA43372.1	50.00	8	4	0	21	28	360	367	4.2	17.6
Seq5728_109_bp_1_0_0	AAX84812.1	44.44	9	5	0	6	14	25	33	5.3	16.4
Seq5728_109_bp_1_0_0	AAF01122.1	57.14	7	3	0	19	25	369	375	5.7	17.0
Seq5728_109_bp_1_0_0	ABD49687.1	66.67	6	2	0	20	25	818	823	7.4	18.8
Seq5728_109_bp_1_1_0	AAR31603.1	58.33	12	5	0	17	28	248	259	0.017	25.3
Seq5728_109_bp_1_1_0	ABD49687.1	80.00	5	1	0	5	9	224	228	0.69	22.3
Seq5728_109_bp_1_1_0	AEE27845.1	37.50	16	10	0	16	31	887	902	0.85	21.7
Seq5728_109_bp_1_1_0	AAA18786.1	53.33	16	7	1	17	32	218	232	1.3	18.7
Seq5728_109_bp_1_1_0	ABK71357.1	50.00	18	8	2	9	26	321	336	1.8	18.7
Seq5728_109_bp_1_1_0	AAC97205.1	50.00	10	5	0	9	18	275	284	2.6	19.9
Seq5728_109_bp_1_1_0	AAF01122.1	55.56	9	4	0	10	18	112	120	2.7	18.1
Seq5728_109_bp_1_1_0	CAA04196.1	80.00	5	1	0	8	12	38	42	3	18.1
Seq5728_109_bp_1_1_0	ABD33854.1	60.00	5	2	0	10	14	60	64	3.6	15.1
Seq5728_109_bp_1_1_0	AAI27517.1	100.00	4	0	0	16	19	398	401	4.2	18.1
Seq5728_109_bp_1_1_0	CAA43372.1	50.00	10	5	0	7	16	152	161	4.4	17.5
Seq5728_109_bp_1_1_0	BAB17681.1	80.00	5	1	0	4	8	263	267	4.4	16.9
Seq5728_109_bp_1_1_0	ACH70904.1	100.00	6	0	1	10	14	289	294	5.8	16.9
Seq5728_109_bp_1_1_0	AAR37016.1	55.56	9	4	0	11	19	1500	1508	7.1	19.3
Seq5728_109_bp_1_1_0	AAA25966.1	37.50	8	5	0	3	10	492	499	7.5	17.5
Seq5728_109_bp_1_1_0	BAA32956.1	33.33	15	10	0	16	30	77	91	7.6	15.7
Seq5728_109_bp_1_1_0	BAE97662.1	50.00	8	4	0	18	25	671	678	7.8	18.1
Seq5728_109_bp_1_2_0	AAI27517.1	100.00	35	0	0	1	35	485	519	9e-31	120.0
Seq5728_109_bp_1_2_0	AAA25966.1	61.54	14	5	1	23	35	491	504	0.14	23.3
Seq5728_109_bp_1_2_0	ABL74574.1	50.00	12	6	0	5	16	93	104	0.46	20.3
Seq5728_109_bp_1_2_0	AAA18786.1	41.18	17	10	0	10	26	70	86	1.2	18.7
Seq5728_109_bp_1_2_0	AAR31603.1	50.00	8	4	0	26	33	150	157	2.1	18.2
Seq5728_109_bp_1_2_0	AEE27845.1	83.33	6	1	0	14	19	59	64	2.2	20.3
Seq5728_109_bp_1_2_0	CAD53387.1	45.45	11	6	0	17	27	467	477	3.2	18.2
Seq5728_109_bp_1_2_0	AAA45888.1	55.56	9	4	0	17	25	9	17	3.5	17.7
Seq5728_109_bp_1_2_0	AAA24969.1	66.67	10	3	1	16	24	1025	1034	4.7	19.3
Seq5728_109_bp_1_2_0	AAA42531.1	75.00	8	2	0	3	10	230	237	4.9	17.2
Seq5728_109_bp_1_2_0	BAA32956.1	50.00	6	3	0	12	17	49	54	5.4	16.2
Seq5728_109_bp_1_2_0	AAC97205.1	57.14	7	3	0	7	13	198	204	7.5	18.2
Seq5728_109_bp_1_2_0	AAA72732.1	83.33	6	1	0	1	6	43	48	7.8	16.2
Seq5728_109_bp_1_2_0	AAA36565.1	42.86	7	4	0	11	17	67	73	8.4	15.2
Seq5728_109_bp_1_2_0	AAA23282.1	42.86	7	4	0	25	31	373	379	9.8	16.7
Seq5728_109_bp_1_2_0	AAR37016.1	62.50	8	3	0	14	21	1040	1047	9.9	18.7
Seq5728_109_bp_-1_0_0	ABS38337.1	87.50	8	1	0	3	10	178	185	0.3	23.1
Seq5728_109_bp_-1_0_0	AIR13712.1	45.83	25	13	1	1	25	168	191	0.59	20.1
Seq5728_109_bp_-1_0_0	ABN10845.1	62.50	8	3	0	27	34	55	62	2.9	17.2
Seq5728_109_bp_-1_0_0	AAA32624.1	71.43	7	2	0	6	12	101	107	5	17.7
Seq5728_109_bp_-1_0_0	BAB70780.1	50.00	10	5	0	16	25	337	346	6.4	17.2
Seq5728_109_bp_-1_0_0	AAA23282.1	50.00	8	4	0	5	12	227	234	7.4	17.2
Seq5728_109_bp_-1_0_0	ABL74574.1	38.46	13	8	0	5	17	83	95	7.4	16.2
Seq5728_109_bp_-1_1_0	BAA32018.1	38.89	18	11	0	1	18	7	24	0.8	20.6
Seq5728_109_bp_-1_1_0	BAB17681.1	57.14	7	3	0	6	12	31	37	1.5	18.5
Seq5728_109_bp_-1_1_0	ABD33854.1	45.45	11	6	0	3	13	1	11	2.9	15.4
Seq5728_109_bp_-1_1_0	AAA32376.1	71.43	7	2	0	17	23	10	16	3.8	16.5
Seq5728_109_bp_-1_1_0	AAC08817.1	75.00	4	1	0	31	34	3	6	5.2	15.9
Seq5728_109_bp_-1_1_0	AAA36565.1	41.67	12	7	0	18	29	149	160	5.3	15.9
Seq5728_109_bp_-1_1_0	AAH69556.1	66.67	6	2	0	23	28	277	282	9.3	15.9
Seq5728_109_bp_-1_1_0	CAA45199.1	40.91	23	13	1	1	22	54	76	9.9	16.5
Seq5728_109_bp_-1_2_0	AAA45888.1	58.33	12	5	0	5	16	39	50	0.071	23.4
Seq5728_109_bp_-1_2_0	AAR37016.1	66.67	9	3	0	11	19	1310	1318	0.61	22.9
Seq5728_109_bp_-1_2_0	BAB79260.1	42.11	19	11	0	5	23	410	428	4.9	17.4
Seq5728_109_bp_-1_2_0	AAB96524.1	44.44	9	5	0	13	21	58	66	5.6	15.9
Seq5728_109_bp_-1_2_0	BAB70780.1	71.43	7	2	0	29	35	25	31	7.3	16.9
Seq5728_109_bp_-1_2_0	AAA65607.1	66.67	6	2	0	16	21	118	123	7.7	16.4
Seq5728_109_bp_-1_2_0	ACT10338.1	53.85	13	6	0	23	35	141	153	8.2	16.4
Seq5728_109_bp_-1_2_0	BAA32956.1	66.67	6	2	0	10	15	97	102	8.7	15.4
Seq5728_109_bp_-1_2_0	ABD49687.1	62.50	8	3	0	6	13	1056	1063	9	18.4
