Seq7469_282_bp_1_0_0	ENA|AAB96524|AAB96524.1	33.33	9	6	0	40	48	57	65	1.5	19.4
Seq7469_282_bp_1_0_0	ENA|CAL82360|CAL82360.1	17.65	17	14	0	77	93	105	121	3.7	20.8
Seq7469_282_bp_1_0_0	ENA|AAQ92751|AAQ92751.2	50.00	12	6	0	73	84	663	674	5.5	20.3
Seq7469_282_bp_1_0_0	ENA|ABN10845|ABN10845.1	29.03	31	22	0	39	69	17	47	5.9	17.5
Seq7469_282_bp_1_0_0	ENA|CAB75732|CAB75732.1	44.44	18	10	0	72	89	3	20	6.3	19.8
Seq7469_282_bp_1_0_0	ENA|AAC08817|AAC08817.1	27.27	22	16	0	58	79	60	81	8	16.6
Seq7469_282_bp_1_0_0	ENA|CAA24711|CAA24711.1	55.56	9	4	0	19	27	20	28	8.7	16.6
Seq7469_282_bp_1_0_0	ENA|CAA29956|CAA29956.1	36.36	11	7	0	19	29	282	292	9.9	17.5
Seq7469_282_bp_1_1_0	ENA|CAA28033|CAA28033.1	47.37	19	10	0	38	56	357	375	1.2	22.4
Seq7469_282_bp_1_1_0	ENA|AAC08817|AAC08817.1	45.45	11	6	0	59	69	126	136	3.4	17.9
Seq7469_282_bp_1_1_0	ENA|ABK71357|ABK71357.1	44.00	30	14	5	61	86	172	200	4	18.9
Seq7469_282_bp_1_1_0	ENA|BAA32991|BAA32991.1	60.00	5	2	0	57	61	32	36	5.8	15.9
Seq7469_282_bp_1_1_0	ENA|AAR37016|AAR37016.1	21.43	14	11	0	69	82	175	188	8.5	20.4
Seq7469_282_bp_1_1_0	ENA|BAB79260|BAB79260.1	80.00	12	2	2	48	57	384	395	9.2	17.9
Seq7469_282_bp_1_2_0	ENA|AAC78721|AAC78721.1	100.00	93	0	0	1	93	435	527	4e-58	212.5
Seq7469_282_bp_1_2_0	ENA|ABG75784|ABG75784.1	30.61	53	34	4	14	64	196	246	0.9	20.8
Seq7469_282_bp_1_2_0	ENA|BAA32018|BAA32018.1	52.94	18	8	1	53	70	346	362	2.5	20.3
Seq7469_282_bp_1_2_0	ENA|AAB66912|AAB66912.1	30.61	50	34	1	12	60	157	206	2.7	20.8
Seq7469_282_bp_1_2_0	ENA|AAC97205|AAC97205.1	36.00	26	16	1	68	92	61	86	3.5	20.8
Seq7469_282_bp_1_2_0	ENA|CAA36214|CAA36214.1	53.33	16	7	1	38	53	191	205	6	18.0
Seq7469_282_bp_1_2_0	ENA|ACH70901|ACH70901.1	26.67	30	22	0	52	81	26	55	7	18.0
Seq7469_282_bp_1_2_0	ENA|AAF79734|AAF79734.1	22.22	27	21	0	63	89	1030	1056	7.6	19.9
Seq7469_282_bp_1_2_0	ENA|AAC49865|AAC49865.1	33.33	27	18	0	15	41	143	169	8.7	17.5
Seq7469_282_bp_-1_0_0	ENA|ABN10845|ABN10845.1	57.14	7	3	0	18	24	51	57	0.21	22.4
Seq7469_282_bp_-1_0_0	ENA|CAA26939|CAA26939.1	26.67	31	22	1	44	74	279	308	1.1	21.4
Seq7469_282_bp_-1_0_0	ENA|AAC78721|AAC78721.1	30.00	22	14	2	30	49	80	101	1.3	21.4
Seq7469_282_bp_-1_0_0	ENA|AAA24145|AAA24145.1	71.43	7	2	0	13	19	442	448	1.8	20.3
Seq7469_282_bp_-1_0_0	ENA|ABD33854|ABD33854.1	57.14	7	3	0	75	81	8	14	3	16.8
Seq7469_282_bp_-1_0_0	ENA|CAA26023|CAA26023.1	30.77	26	18	0	69	94	85	110	3.1	19.3
Seq7469_282_bp_-1_0_0	ENA|AAB26998|AAB26998.1	42.86	7	4	0	23	29	13	19	3.7	16.8
Seq7469_282_bp_-1_0_0	ENA|AAR31603|AAR31603.1	31.82	22	15	0	55	76	118	139	3.7	18.8
Seq7469_282_bp_-1_0_0	ENA|AAI27517|AAI27517.1	34.62	26	17	0	47	72	154	179	4.7	19.3
Seq7469_282_bp_-1_0_0	ENA|CAA36714|CAA36714.1	38.46	13	8	0	43	55	402	414	5.2	18.8
Seq7469_282_bp_-1_0_0	ENA|AAA42531|AAA42531.1	62.50	8	3	0	13	20	152	159	6.1	18.3
Seq7469_282_bp_-1_0_0	ENA|ACT10338|ACT10338.1	35.00	20	13	0	59	78	303	322	6.1	18.3
Seq7469_282_bp_-1_0_0	ENA|CAA29968|CAA29968.1	54.55	11	5	0	60	70	105	115	6.2	17.3
Seq7469_282_bp_-1_0_0	ENA|AAC97205|AAC97205.1	66.67	9	3	0	70	78	844	852	6.7	19.8
Seq7469_282_bp_-1_0_0	ENA|BAB79260|BAB79260.1	33.33	27	18	0	68	94	257	283	7.1	18.3
Seq7469_282_bp_-1_0_0	ENA|AAA36539|AAA36539.1	26.67	15	11	0	13	27	402	416	7.4	18.3
Seq7469_282_bp_-1_0_0	ENA|CAA73529|CAA73529.1	66.67	6	2	0	59	64	40	45	8.6	17.3
Seq7469_282_bp_-1_0_0	ENA|BAA05866|BAA05866.1	66.67	9	3	0	74	82	129	137	9.5	17.3
Seq7469_282_bp_-1_0_0	ENA|AAA72732|AAA72732.1	33.33	52	32	4	39	90	136	183	9.7	17.3
Seq7469_282_bp_-1_1_0	ENA|AAA42531|AAA42531.1	41.67	12	7	0	51	62	277	288	0.41	22.3
Seq7469_282_bp_-1_1_0	ENA|AAR37016|AAR37016.1	38.46	28	16	2	46	71	1569	1596	1.7	22.8
Seq7469_282_bp_-1_1_0	ENA|AAB03707|AAB03707.1	40.91	22	13	0	49	70	276	297	2.8	21.3
Seq7469_282_bp_-1_1_0	ENA|AAF79734|AAF79734.1	30.43	23	16	0	2	24	919	941	4.1	20.8
Seq7469_282_bp_-1_1_0	ENA|AAA18786|AAA18786.1	33.33	24	16	0	6	29	7	30	5.9	17.8
Seq7469_282_bp_-1_1_0	ENA|CAA26023|CAA26023.1	31.25	16	11	0	4	19	134	149	6	18.3
Seq7469_282_bp_-1_1_0	ENA|CAA73529|CAA73529.1	71.43	7	2	0	14	20	97	103	6	17.8
Seq7469_282_bp_-1_1_0	ENA|AAC08817|AAC08817.1	44.44	9	5	0	68	76	93	101	6.8	16.8
Seq7469_282_bp_-1_1_0	ENA|ABD33854|ABD33854.1	66.67	6	2	0	60	65	9	14	7.7	15.3
Seq7469_282_bp_-1_1_0	ENA|AAB96524|AAB96524.1	62.50	8	3	0	12	19	93	100	8	16.8
Seq7469_282_bp_-1_1_0	ENA|AAA72732|AAA72732.1	28.57	14	10	0	10	23	13	26	9.4	17.3
Seq7469_282_bp_-1_2_0	ENA|AAC49865|AAC49865.1	30.00	20	14	0	28	47	18	37	0.82	21.0
Seq7469_282_bp_-1_2_0	ENA|CAA36214|CAA36214.1	39.13	23	14	0	8	30	277	299	1.5	20.0
Seq7469_282_bp_-1_2_0	ENA|AAI27517|AAI27517.1	38.89	18	11	0	65	82	394	411	2.9	20.0
Seq7469_282_bp_-1_2_0	ENA|AAR37016|AAR37016.1	31.82	22	15	0	48	69	241	262	2.9	22.0
Seq7469_282_bp_-1_2_0	ENA|CAA28033|CAA28033.1	23.08	26	20	0	31	56	1283	1308	4.4	20.5
Seq7469_282_bp_-1_2_0	ENA|CCP43727|CCP43727.1	30.77	26	18	0	55	80	280	305	4.4	18.5
Seq7469_282_bp_-1_2_0	ENA|AAA42531|AAA42531.1	29.41	17	12	0	53	69	161	177	5.2	18.5
Seq7469_282_bp_-1_2_0	ENA|ACT10338|ACT10338.1	37.50	16	10	0	12	27	341	356	5.2	18.5
