Seq7262_293_bp_1_0_0	ACT10338.1	38.89	18	11	0	52	69	67	84	0.067	24.9
Seq7262_293_bp_1_0_0	ABD33854.1	41.18	17	10	0	61	77	28	44	0.18	20.9
Seq7262_293_bp_1_0_0	AAB26998.1	31.58	19	13	0	6	24	42	60	3.4	16.9
Seq7262_293_bp_1_0_0	ACH70904.1	44.44	9	5	0	3	11	296	304	3.9	18.9
Seq7262_293_bp_1_0_0	CAA43372.1	31.25	16	11	0	23	38	335	350	4.5	18.9
Seq7262_293_bp_1_0_0	AAC08817.1	75.00	4	1	0	93	96	2	5	5	17.4
Seq7262_293_bp_1_0_0	CAA04196.1	38.46	13	8	0	58	70	396	408	6.3	18.4
Seq7262_293_bp_1_0_0	ABN10845.1	25.00	8	6	0	89	96	16	23	6.5	17.4
Seq7262_293_bp_1_0_0	AAA65607.1	27.78	18	13	0	10	27	286	303	7.7	17.9
Seq7262_293_bp_1_0_0	AAX12058.1	21.74	23	18	0	5	27	152	174	8.1	17.4
Seq7262_293_bp_1_1_0	AAA24969.1	100.00	97	0	0	1	97	868	964	1.1e-56	208.9
Seq7262_293_bp_1_1_0	AAB03707.1	36.71	83	50	4	18	96	874	956	2.8e-08	48.0
Seq7262_293_bp_1_1_0	CAA11507.1	38.10	45	26	3	13	56	964	1006	0.02	28.5
Seq7262_293_bp_1_1_0	AAC17860.1	25.00	32	24	0	61	92	351	382	0.19	23.6
Seq7262_293_bp_1_1_0	ABK71357.1	50.00	16	8	0	81	96	225	240	1.5	20.4
Seq7262_293_bp_1_1_0	CAA73529.1	26.92	26	19	0	8	33	163	188	1.5	19.9
Seq7262_293_bp_1_1_0	AAA36565.1	36.84	19	12	0	61	79	15	33	5.8	17.2
Seq7262_293_bp_1_1_0	BAB70780.1	39.29	28	17	0	35	62	233	260	6.5	18.6
Seq7262_293_bp_1_2_0	AAB26998.1	50.00	10	5	0	56	65	42	51	0.28	20.6
Seq7262_293_bp_1_2_0	AAC78721.1	36.84	19	12	0	24	42	108	126	0.5	22.8
Seq7262_293_bp_1_2_0	ABN10845.1	30.77	27	18	1	23	48	53	79	1.1	20.1
Seq7262_293_bp_1_2_0	AAB64315.2	19.05	21	17	0	12	32	164	184	2.2	19.6
Seq7262_293_bp_1_2_0	AAA72732.1	33.33	21	14	0	31	51	8	28	7	17.8
Seq7262_293_bp_1_2_0	AAX84812.1	71.43	7	2	0	36	42	49	55	7.1	17.4
Seq7262_293_bp_1_2_0	AAA32376.1	71.43	7	2	0	9	15	128	134	7.3	16.9
Seq7262_293_bp_1_2_0	ABD49687.1	25.71	35	26	0	52	86	1601	1635	7.9	20.1
Seq7262_293_bp_1_2_0	AAQ92751.2	30.00	20	14	0	61	80	694	713	8.7	19.6
Seq7262_293_bp_1_2_0	BAA32956.1	100.00	3	0	0	22	24	26	28	8.7	16.9
Seq7262_293_bp_1_2_0	AAA36565.1	33.33	12	8	0	83	94	50	61	9.4	16.5
Seq7262_293_bp_-1_0_0	AAA42531.1	54.55	11	5	0	73	83	86	96	0.28	22.9
Seq7262_293_bp_-1_0_0	EDO47375.1	27.27	22	16	0	64	85	162	183	0.71	20.5
Seq7262_293_bp_-1_0_0	CAA45199.1	46.67	15	8	0	30	44	256	270	0.91	21.5
Seq7262_293_bp_-1_0_0	AAR31603.1	38.89	19	11	1	28	46	127	144	1.2	20.5
Seq7262_293_bp_-1_0_0	ABG75784.1	33.33	26	16	2	1	24	177	202	1.6	20.0
Seq7262_293_bp_-1_0_0	BAB17681.1	57.14	14	6	0	11	24	142	155	2	19.5
Seq7262_293_bp_-1_0_0	BAA32991.1	45.45	11	6	0	74	84	19	29	2.6	17.1
Seq7262_293_bp_-1_0_0	ABK71357.1	38.46	13	8	0	58	70	143	155	2.7	19.5
Seq7262_293_bp_-1_0_0	AAA65607.1	44.44	9	5	0	36	44	102	110	3.6	19.1
Seq7262_293_bp_-1_0_0	AAA72732.1	50.00	12	6	0	1	12	157	168	4.3	18.6
Seq7262_293_bp_-1_0_0	AAB03707.1	41.94	32	18	1	63	93	1102	1133	5	20.5
Seq7262_293_bp_-1_0_0	AAH69556.1	35.71	14	9	0	61	74	146	159	5.7	18.1
Seq7262_293_bp_-1_0_0	AAA36565.1	40.00	10	6	0	35	44	6	15	6.1	17.1
Seq7262_293_bp_-1_0_0	AAA25966.1	45.45	11	6	0	57	67	253	263	6.9	19.1
Seq7262_293_bp_-1_0_0	AAX12058.1	33.33	15	10	0	2	16	224	238	7.1	17.6
Seq7262_293_bp_-1_0_0	CAA74140.1	27.59	29	21	0	61	89	654	682	8.8	19.1
Seq7262_293_bp_-1_0_0	AAC78721.1	13.64	22	19	0	1	22	381	402	8.8	18.6
Seq7262_293_bp_-1_1_0	AII71783.1	35.00	20	13	0	47	66	223	242	0.12	23.7
Seq7262_293_bp_-1_1_0	BAB70780.1	40.00	22	12	2	46	65	29	50	0.61	22.1
Seq7262_293_bp_-1_1_0	ABN10845.1	22.58	31	24	0	61	91	67	97	0.84	20.5
Seq7262_293_bp_-1_1_0	AAC17860.1	33.33	21	14	0	43	63	320	340	1.1	21.0
Seq7262_293_bp_-1_1_0	AAH69556.1	41.67	12	7	0	53	64	126	137	1.7	19.9
Seq7262_293_bp_-1_1_0	AAA42531.1	31.25	16	11	0	44	59	29	44	2.2	19.9
Seq7262_293_bp_-1_1_0	AAA24969.1	34.78	24	15	1	55	78	627	649	3.9	21.0
Seq7262_293_bp_-1_1_0	CAA73529.1	100.00	4	0	0	33	36	96	99	4.6	18.3
Seq7262_293_bp_-1_1_0	AAB26998.1	50.00	8	4	0	39	46	72	79	5.9	16.1
Seq7262_293_bp_-1_1_0	AAR37016.1	66.67	6	2	0	30	35	277	282	6	21.0
Seq7262_293_bp_-1_1_0	CAA04196.1	100.00	4	0	0	33	36	257	260	6.9	18.3
Seq7262_293_bp_-1_1_0	AAA24142.1	40.00	10	6	0	46	55	38	47	7.4	18.3
Seq7262_293_bp_-1_1_0	AAC78721.1	37.50	16	10	0	5	20	229	244	7.6	18.8
Seq7262_293_bp_-1_1_0	AAI27517.1	28.57	22	15	1	44	65	558	578	9.5	18.3
Seq7262_293_bp_-1_2_0	EDO47375.1	22.86	35	27	0	52	86	73	107	0.12	23.0
Seq7262_293_bp_-1_2_0	ABL74574.1	41.18	17	10	0	31	47	150	166	0.75	21.0
Seq7262_293_bp_-1_2_0	ACT10338.1	60.00	10	4	0	85	94	53	62	1.4	20.5
Seq7262_293_bp_-1_2_0	AAR31603.1	34.78	29	15	6	12	34	121	149	2.4	19.5
Seq7262_293_bp_-1_2_0	AAC97205.1	45.45	25	12	3	32	56	693	714	3.2	21.0
Seq7262_293_bp_-1_2_0	BAB79260.1	54.55	11	5	0	68	78	55	65	4.5	19.0
Seq7262_293_bp_-1_2_0	AIR13712.1	54.55	11	5	0	75	85	270	280	6.4	18.0
Seq7262_293_bp_-1_2_0	CAA45199.1	60.00	10	4	0	31	40	452	461	6.5	18.5
Seq7262_293_bp_-1_2_0	AAA32624.1	33.33	12	8	0	15	26	314	325	7.2	18.5
Seq7262_293_bp_-1_2_0	CAA26230.1	28.57	14	10	0	15	28	339	352	7.6	18.5
Seq7262_293_bp_-1_2_0	AAA72732.1	62.50	8	3	0	70	77	69	76	8.4	17.5
Seq7262_293_bp_-1_2_0	AAC08817.1	30.00	10	7	0	5	14	27	36	8.7	16.6
Seq7262_293_bp_-1_2_0	AAX84812.1	75.00	8	2	0	70	77	123	130	8.7	17.1
Seq7262_293_bp_-1_2_0	CAA11507.1	33.33	12	8	0	16	27	324	335	9.2	19.5
