Seq7473_211_bp_1_0_0	ENA|BAA32956|BAA32956.1	36.00	25	16	0	4	28	186	210	0.27	21.6
Seq7473_211_bp_1_0_0	ENA|AAI27517|AAI27517.1	42.86	22	12	1	1	21	529	550	0.28	23.0
Seq7473_211_bp_1_0_0	ENA|AAC08817|AAC08817.1	44.44	20	10	2	21	40	79	96	5	16.9
Seq7473_211_bp_1_0_0	ENA|AAB03707|AAB03707.1	38.89	18	11	0	1	18	1049	1066	8.4	19.2
Seq7473_211_bp_1_0_0	ENA|CAA73529|CAA73529.1	44.44	9	5	0	19	27	234	242	8.5	16.9
Seq7473_211_bp_1_0_0	ENA|ABN10845|ABN10845.1	44.44	9	5	0	37	45	155	163	9.3	16.4
Seq7473_211_bp_1_0_0	ENA|BAA32018|BAA32018.1	37.50	16	10	0	32	47	495	510	10	17.8
Seq7473_211_bp_1_1_0	ENA|AAC78721|AAC78721.1	100.00	70	0	0	1	70	568	637	7.6e-48	177.9
Seq7473_211_bp_1_1_0	ENA|CAA29968|CAA29968.1	57.14	14	6	0	44	57	41	54	0.63	20.2
Seq7473_211_bp_1_1_0	ENA|BAA32956|BAA32956.1	33.33	27	18	0	13	39	181	207	0.94	19.8
Seq7473_211_bp_1_1_0	ENA|AAC26660|AAC26660.1	29.41	18	12	1	43	59	82	99	1.6	19.3
Seq7473_211_bp_1_1_0	ENA|ABG75784|ABG75784.1	60.00	10	4	0	49	58	152	161	3.7	18.3
Seq7473_211_bp_1_1_0	ENA|AAC17860|AAC17860.1	32.14	29	19	1	40	67	343	371	4.8	18.3
Seq7473_211_bp_1_1_0	ENA|BAA32018|BAA32018.1	36.36	11	7	0	45	55	239	249	5.2	18.8
Seq7473_211_bp_1_1_0	ENA|AAA24145|AAA24145.1	45.45	11	6	0	35	45	22	32	7.3	17.9
Seq7473_211_bp_1_1_0	ENA|ABD49687|ABD49687.1	63.64	11	4	0	7	17	520	530	7.3	19.8
Seq7473_211_bp_1_1_0	ENA|AAA72732|AAA72732.1	26.92	26	19	0	24	49	140	165	9.3	16.9
Seq7473_211_bp_1_1_0	ENA|CAB75732|CAB75732.1	46.15	13	7	0	34	46	560	572	9.3	18.8
Seq7473_211_bp_1_2_0	ENA|AAC78721|AAC78721.1	40.00	25	15	0	20	44	341	365	0.47	22.4
Seq7473_211_bp_1_2_0	ENA|AAC40132|AAC40132.1	39.47	44	23	6	5	48	35	72	0.97	20.9
Seq7473_211_bp_1_2_0	ENA|AAF79734|AAF79734.1	33.33	29	18	2	2	28	310	338	1.4	21.9
Seq7473_211_bp_1_2_0	ENA|CAA29956|CAA29956.1	41.67	12	7	0	45	56	281	292	1.6	19.8
Seq7473_211_bp_1_2_0	ENA|CAA24711|CAA24711.1	24.00	25	19	0	13	37	20	44	2.1	18.3
Seq7473_211_bp_1_2_0	ENA|ABD49687|ABD49687.1	52.94	17	8	0	4	20	455	471	2.4	21.4
Seq7473_211_bp_1_2_0	ENA|BAA32956|BAA32956.1	50.00	10	5	0	34	43	170	179	2.5	18.3
Seq7473_211_bp_1_2_0	ENA|BAA05866|BAA05866.1	40.91	23	13	1	23	44	245	267	2.6	18.8
Seq7473_211_bp_1_2_0	ENA|AAA36539|AAA36539.1	40.00	15	9	0	7	21	3	17	2.8	19.3
Seq7473_211_bp_1_2_0	ENA|AAC49865|AAC49865.1	50.00	19	9	1	29	47	309	326	3.9	18.3
Seq7473_211_bp_1_2_0	ENA|AAA25966|AAA25966.1	36.36	11	7	0	30	40	300	310	4.2	19.3
Seq7473_211_bp_1_2_0	ENA|ABK71357|ABK71357.1	42.86	15	8	1	40	54	20	33	4.4	18.3
Seq7473_211_bp_1_2_0	ENA|CAA36214|CAA36214.1	100.00	5	0	0	64	68	82	86	5.1	17.8
Seq7473_211_bp_1_2_0	ENA|AAR31603|AAR31603.1	40.00	15	9	0	39	53	12	26	5.5	17.8
Seq7473_211_bp_1_2_0	ENA|AAR37016|AAR37016.1	62.50	8	3	0	24	31	747	754	6.5	20.4
Seq7473_211_bp_1_2_0	ENA|AAI27517|AAI27517.1	50.00	6	3	0	51	56	443	448	6.9	18.3
Seq7473_211_bp_1_2_0	ENA|BAA32018|BAA32018.1	55.56	9	4	0	9	17	440	448	7.2	18.3
Seq7473_211_bp_1_2_0	ENA|CAA29968|CAA29968.1	26.67	15	11	0	40	54	91	105	9.3	16.2
Seq7473_211_bp_-1_0_0	ENA|BAA32956|BAA32956.1	40.00	10	6	0	45	54	82	91	0.5	20.7
Seq7473_211_bp_-1_0_0	ENA|AAS77176|AAS77176.1	33.33	21	14	0	15	35	146	166	1.3	19.7
Seq7473_211_bp_-1_0_0	ENA|AAF79734|AAF79734.1	76.92	13	3	0	57	69	338	350	1.7	21.7
Seq7473_211_bp_-1_0_0	ENA|CAA26023|CAA26023.1	50.00	10	5	0	16	25	122	131	1.8	19.7
Seq7473_211_bp_-1_0_0	ENA|AAC08817|AAC08817.1	50.00	20	9	2	48	67	54	71	2	18.2
Seq7473_211_bp_-1_0_0	ENA|AAC78721|AAC78721.1	50.00	12	6	0	41	52	669	680	2.2	20.2
Seq7473_211_bp_-1_0_0	ENA|AAA25966|AAA25966.1	30.00	10	7	0	16	25	245	254	2.4	20.2
Seq7473_211_bp_-1_0_0	ENA|AAB66912|AAB66912.1	66.67	6	2	0	20	25	638	643	4.2	19.7
Seq7473_211_bp_-1_0_0	ENA|AAB03707|AAB03707.1	40.00	10	6	0	9	18	559	568	6.1	19.7
Seq7473_211_bp_-1_0_0	ENA|AAQ92751|AAQ92751.2	53.85	13	6	0	58	70	125	137	6.1	19.7
Seq7473_211_bp_-1_0_0	ENA|AAA18786|AAA18786.1	33.33	12	8	0	54	65	28	39	6.6	17.2
Seq7473_211_bp_-1_0_0	ENA|AAC40132|AAC40132.1	66.67	6	2	0	9	14	473	478	8.2	17.7
Seq7473_211_bp_-1_0_0	ENA|BAB17681|BAB17681.1	45.45	12	6	1	6	17	111	121	9.2	16.7
Seq7473_211_bp_-1_1_0	ENA|CAA29968|CAA29968.1	38.89	18	11	0	44	61	55	72	0.099	22.9
Seq7473_211_bp_-1_1_0	ENA|CAD53387|CAD53387.1	87.50	8	1	0	60	67	462	469	0.49	22.0
Seq7473_211_bp_-1_1_0	ENA|AAC49865|AAC49865.1	53.85	13	6	0	7	19	3	15	2.3	19.1
Seq7473_211_bp_-1_1_0	ENA|AAC78721|AAC78721.1	42.86	14	8	0	15	28	221	234	3.3	19.6
Seq7473_211_bp_-1_1_0	ENA|ACT10338|ACT10338.1	24.00	25	19	0	3	27	344	368	3.6	18.7
Seq7473_211_bp_-1_1_0	ENA|CAA36714|CAA36714.1	40.00	15	9	0	11	25	53	67	4.4	18.7
Seq7473_211_bp_-1_1_0	ENA|AAA18786|AAA18786.1	54.55	11	5	0	58	68	130	140	4.8	17.7
Seq7473_211_bp_-1_1_0	ENA|AAC08817|AAC08817.1	87.50	10	1	2	62	69	79	88	5.4	16.8
Seq7473_211_bp_-1_1_0	ENA|CAA36214|CAA36214.1	50.00	10	5	0	37	46	25	34	5.4	17.7
Seq7473_211_bp_-1_1_0	ENA|AAI27517|AAI27517.1	75.00	8	2	0	56	63	103	110	5.5	18.7
Seq7473_211_bp_-1_1_0	ENA|AAR31603|AAR31603.1	31.25	16	11	0	49	64	295	310	5.8	17.7
Seq7473_211_bp_-1_1_0	ENA|BAA32956|BAA32956.1	36.36	11	7	0	37	47	90	100	7.1	16.8
Seq7473_211_bp_-1_1_0	ENA|AAB26998|AAB26998.1	66.67	10	3	1	53	62	24	32	9.5	14.9
Seq7473_211_bp_-1_2_0	ENA|CAA26023|CAA26023.1	38.71	33	19	2	37	69	119	149	0.0024	29.3
Seq7473_211_bp_-1_2_0	ENA|CAA24711|CAA24711.1	21.43	14	11	0	49	62	75	88	3	17.8
Seq7473_211_bp_-1_2_0	ENA|CAA29956|CAA29956.1	38.10	21	13	0	32	52	174	194	3.4	18.7
Seq7473_211_bp_-1_2_0	ENA|CAA11507|CAA11507.1	33.33	28	18	1	35	61	37	64	3.5	20.5
Seq7473_211_bp_-1_2_0	ENA|AAA72732|AAA72732.1	66.67	6	2	0	2	7	220	225	5.3	17.8
Seq7473_211_bp_-1_2_0	ENA|ABD33854|ABD33854.1	50.00	6	3	0	60	65	6	11	5.3	15.5
Seq7473_211_bp_-1_2_0	ENA|AAC40132|AAC40132.1	54.55	11	5	0	50	60	59	69	5.9	18.2
Seq7473_211_bp_-1_2_0	ENA|BAA32956|BAA32956.1	50.00	8	4	0	32	39	139	146	9	16.4
Seq7473_211_bp_-1_2_0	ENA|CAA45708|CAA45708.1	33.33	22	14	1	21	41	845	866	9.6	19.1
