Seq713_74_bp_1_0_0	AAA65607.1	100.00	24	0	0	1	24	301	324	1.7e-16	71.4
Seq713_74_bp_1_0_0	AAA18786.1	55.56	9	4	0	2	10	47	55	1.6	17.8
Seq713_74_bp_1_0_0	AAA26915.1	83.33	6	1	0	19	24	33	38	5.9	16.7
Seq713_74_bp_1_0_0	AAC08817.1	40.00	15	9	0	3	17	75	89	6.6	15.0
Seq713_74_bp_1_0_0	AAC97205.1	62.50	8	3	0	4	11	956	963	7.1	17.8
Seq713_74_bp_1_0_0	AAA45888.1	71.43	7	2	0	16	22	216	222	7.1	16.1
Seq713_74_bp_1_0_0	AIR13712.1	50.00	10	5	0	3	12	117	126	8.8	15.5
Seq713_74_bp_1_1_0	AAC08817.1	27.78	18	13	0	4	21	136	153	0.47	18.9
Seq713_74_bp_1_1_0	BAB70780.1	50.00	10	5	0	1	10	56	65	0.94	19.4
Seq713_74_bp_1_1_0	CAA04196.1	36.36	22	14	0	3	24	134	155	1.2	18.9
Seq713_74_bp_1_1_0	AAA23282.1	57.14	7	3	0	8	14	115	121	4.9	17.2
Seq713_74_bp_1_1_0	ABD33854.1	37.50	8	5	0	17	24	34	41	5.3	13.9
Seq713_74_bp_1_2_0	AAI27517.1	83.33	6	1	0	3	8	253	258	0.58	20.4
Seq713_74_bp_1_2_0	AAF01122.1	45.45	11	6	0	12	22	64	74	3.1	17.3
Seq713_74_bp_1_2_0	AAB96524.1	75.00	4	1	0	6	9	62	65	3.2	16.2
Seq713_74_bp_1_2_0	AAA32376.1	41.67	14	7	2	9	20	14	27	6	15.2
Seq713_74_bp_1_2_0	EDO47375.1	66.67	6	2	0	7	12	162	167	6.5	15.2
Seq713_74_bp_1_2_0	AAX12058.1	30.77	13	9	0	7	19	157	169	6.6	15.7
Seq713_74_bp_1_2_0	AAC97205.1	80.00	5	1	0	13	17	386	390	6.9	17.8
Seq713_74_bp_1_2_0	AAB03707.1	100.00	4	0	0	13	16	645	648	7.7	17.8
Seq713_74_bp_-1_0_0	BAB79260.1	71.43	7	2	0	2	8	54	60	0.027	24.4
Seq713_74_bp_-1_0_0	BAB17681.1	50.00	8	4	0	11	18	13	20	0.69	19.1
Seq713_74_bp_-1_0_0	AAA45888.1	50.00	10	5	0	1	10	357	366	0.96	19.1
Seq713_74_bp_-1_0_0	BAA32956.1	50.00	10	5	0	2	11	47	56	1.2	17.9
Seq713_74_bp_-1_0_0	AAF01122.1	50.00	6	3	0	2	7	292	297	1.4	18.5
Seq713_74_bp_-1_0_0	CAA73529.1	38.46	13	8	0	8	20	260	272	1.6	17.9
Seq713_74_bp_-1_0_0	BAA32018.1	37.50	16	10	0	8	23	362	377	2.4	18.5
Seq713_74_bp_-1_0_0	AAA25966.1	57.14	7	3	0	14	20	403	409	2.7	18.5
Seq713_74_bp_-1_0_0	CAA26230.1	50.00	8	4	0	10	17	270	277	3.2	17.9
Seq713_74_bp_-1_0_0	ABK71357.1	55.56	9	4	0	3	11	61	69	3.2	17.3
Seq713_74_bp_-1_0_0	CAA45199.1	40.00	15	9	0	7	21	116	130	4	17.3
Seq713_74_bp_-1_0_0	CAA43372.1	44.44	9	5	0	14	22	407	415	5.3	16.7
Seq713_74_bp_-1_0_0	AIR13712.1	30.77	13	9	0	7	19	100	112	6.3	16.1
Seq713_74_bp_-1_0_0	AAA65607.1	37.50	8	5	0	15	22	25	32	7	16.1
Seq713_74_bp_-1_0_0	AAC08817.1	66.67	3	1	0	2	4	5	7	7.1	14.9
Seq713_74_bp_-1_0_0	AAA36565.1	40.00	5	3	0	2	6	71	75	7.2	14.9
Seq713_74_bp_-1_0_0	CAA74140.1	55.56	9	4	0	14	22	396	404	7.7	17.3
Seq713_74_bp_-1_0_0	AAB26998.1	75.00	4	1	0	12	15	17	20	7.7	13.7
Seq713_74_bp_-1_0_0	AAB96524.1	50.00	6	3	0	12	17	111	116	8	14.9
Seq713_74_bp_-1_0_0	BAB70780.1	37.50	8	5	0	7	14	149	156	9	16.1
Seq713_74_bp_-1_0_0	AAR31603.1	80.00	5	1	0	1	5	263	267	9.2	15.5
Seq713_74_bp_-1_1_0	BAA32991.1	40.00	10	6	0	7	16	23	32	0.065	20.5
Seq713_74_bp_-1_1_0	AAC97205.1	53.85	13	6	0	11	23	318	330	1.2	20.5
Seq713_74_bp_-1_1_0	AAA24142.1	66.67	6	2	0	13	18	89	94	1.3	18.8
Seq713_74_bp_-1_1_0	AAA25966.1	50.00	8	4	0	16	23	5	12	1.5	19.4
Seq713_74_bp_-1_1_0	AAA32376.1	42.86	7	4	0	9	15	19	25	3.5	16.0
Seq713_74_bp_-1_1_0	AAB26998.1	33.33	9	6	0	9	17	40	48	4.9	14.4
Seq713_74_bp_-1_1_0	AAB96524.1	37.50	8	5	0	12	19	58	65	5.4	15.5
Seq713_74_bp_-1_1_0	ABN10845.1	33.33	9	6	0	8	16	15	23	6.3	15.5
Seq713_74_bp_-1_1_0	AAA24969.1	30.77	14	9	1	10	23	317	329	6.4	18.2
Seq713_74_bp_-1_1_0	ABK71357.1	62.50	8	3	0	13	20	168	175	7.2	16.0
Seq713_74_bp_-1_1_0	AAC17860.1	30.77	13	9	0	9	21	31	43	7.9	16.0
Seq713_74_bp_-1_1_0	AAA26915.1	33.33	9	6	0	8	16	130	138	8.9	16.0
Seq713_74_bp_-1_2_0	AAB03707.1	75.00	8	2	0	14	21	301	308	0.24	22.9
Seq713_74_bp_-1_2_0	CAA73529.1	40.00	15	9	0	4	18	97	111	0.5	19.5
Seq713_74_bp_-1_2_0	AAA45888.1	66.67	6	2	0	11	16	348	353	4.6	16.7
Seq713_74_bp_-1_2_0	BAB17681.1	60.00	5	2	0	4	8	117	121	4.9	16.2
Seq713_74_bp_-1_2_0	CAA11507.1	54.55	11	5	0	9	19	326	336	5.1	18.4
Seq713_74_bp_-1_2_0	AAC78721.1	50.00	8	4	0	8	15	108	115	5.5	17.3
Seq713_74_bp_-1_2_0	AAA25966.1	37.50	16	10	0	6	21	198	213	5.9	17.3
Seq713_74_bp_-1_2_0	BAA32991.1	33.33	9	6	0	2	10	22	30	8.2	13.4
Seq713_74_bp_-1_2_0	AAA42531.1	55.56	20	8	2	2	19	127	146	9.7	15.6
