Seq5533_137_bp_1_0_0	BAA32956.1	33.33	28	18	1	15	42	170	196	0.6	19.8
Seq5533_137_bp_1_0_0	AAR37016.1	28.21	43	28	4	6	44	968	1010	0.6	23.3
Seq5533_137_bp_1_0_0	AAC97205.1	30.95	43	29	1	4	45	22	64	0.94	21.7
Seq5533_137_bp_1_0_0	AAA36565.1	30.56	39	25	3	6	43	81	117	1.1	18.5
Seq5533_137_bp_1_0_0	CAA74140.1	25.00	45	33	1	1	45	362	405	1.7	20.4
Seq5533_137_bp_1_0_0	AAA18786.1	21.95	41	32	0	5	45	182	222	2.2	18.2
Seq5533_137_bp_1_0_0	ABD49687.1	27.27	34	24	1	12	44	500	533	2.5	20.7
Seq5533_137_bp_1_0_0	ABL74574.1	30.56	36	25	0	3	38	224	259	4.5	17.3
Seq5533_137_bp_1_0_0	BAB70780.1	30.30	36	23	3	10	45	186	218	4.9	17.9
Seq5533_137_bp_1_0_0	AAC78721.1	31.03	31	20	2	7	35	396	426	6.7	17.9
Seq5533_137_bp_1_0_0	CAA26230.1	57.89	24	8	5	24	43	237	259	6.9	17.6
Seq5533_137_bp_1_0_0	CAA45199.1	28.57	29	20	1	4	31	306	334	7.2	17.3
Seq5533_137_bp_1_0_0	AII71783.1	18.75	32	26	0	7	38	229	260	8.9	16.3
Seq5533_137_bp_1_0_0	AAA42531.1	31.03	32	20	3	5	33	267	298	9	16.6
Seq5533_137_bp_1_0_0	AAC08817.1	30.30	39	23	6	13	45	118	156	9.1	15.4
Seq5533_137_bp_1_1_0	EDO47375.1	27.27	47	32	3	2	45	129	175	2.3	17.7
Seq5533_137_bp_1_1_0	CAA74140.1	26.47	34	25	0	4	37	677	710	8.7	18.0
Seq5533_137_bp_1_2_0	AAC17860.1	100.00	45	0	0	1	45	185	229	9.9e-21	86.5
Seq5533_137_bp_1_2_0	AAC17860.1	56.82	47	19	3	1	45	116	161	1.2e-06	39.7
Seq5533_137_bp_1_2_0	AAC17860.1	50.00	45	19	7	1	45	55	92	0.0028	28.5
Seq5533_137_bp_1_2_0	AAC17860.1	37.78	47	28	2	1	45	253	299	0.0035	28.2
Seq5533_137_bp_1_2_0	AAA24969.1	30.77	45	27	6	2	40	1163	1207	1.4	21.4
Seq5533_137_bp_1_2_0	AAA32376.1	30.00	41	28	1	3	42	41	81	1.8	17.9
Seq5533_137_bp_1_2_0	AAA45888.1	39.13	24	14	1	6	28	199	222	8.9	16.6
Seq5533_137_bp_1_2_0	AAA18786.1	21.21	35	26	2	13	45	57	91	9.6	16.0
Seq5533_137_bp_-1_0_0	AAF01122.1	72.73	13	3	2	1	11	12	24	0.6	18.6
Seq5533_137_bp_-1_0_0	ACT10338.1	45.45	11	6	0	1	11	148	158	2	16.9
Seq5533_137_bp_-1_0_0	ABS38337.1	45.45	11	6	0	1	11	231	241	2	18.6
Seq5533_137_bp_-1_0_0	AAQ92751.2	71.43	7	2	0	1	7	764	770	2.2	18.6
Seq5533_137_bp_-1_0_0	BAA32956.1	40.00	10	6	0	1	10	36	45	2.4	15.8
Seq5533_137_bp_-1_0_0	AAX12058.1	30.00	10	7	0	1	10	207	216	3	15.8
Seq5533_137_bp_-1_0_0	AAC08817.1	45.45	11	6	0	1	11	154	164	4	14.6
Seq5533_137_bp_-1_0_0	ABK71357.1	50.00	10	5	0	2	11	14	23	4.1	15.8
Seq5533_137_bp_-1_0_0	ABG75784.1	37.50	8	5	0	2	9	63	70	5	15.2
Seq5533_137_bp_-1_0_0	AII71783.1	40.00	10	6	0	2	11	131	140	7.2	14.6
Seq5533_137_bp_-1_0_0	AAC78721.1	45.45	12	6	1	1	11	191	202	7.2	15.8
Seq5533_137_bp_-1_0_0	AAB64315.2	36.36	11	7	0	1	11	150	160	7.7	14.6
Seq5533_137_bp_-1_0_0	AIR13712.1	62.50	8	3	0	4	11	171	178	7.7	14.6
Seq5533_137_bp_-1_0_0	AAC17860.1	36.36	11	7	0	1	11	42	52	9.4	14.6
Seq5533_137_bp_-1_0_1	CAA73529.1	38.46	14	8	1	3	15	58	71	1.5	17.3
Seq5533_137_bp_-1_0_1	AAX12058.1	66.67	6	2	0	4	9	59	64	2.1	16.8
Seq5533_137_bp_-1_0_1	AAA23282.1	80.00	5	1	0	10	14	347	351	2.2	17.7
Seq5533_137_bp_-1_0_1	AAA42531.1	30.00	10	7	0	6	15	196	205	2.9	16.8
Seq5533_137_bp_-1_0_1	AAA25966.1	44.44	9	5	0	5	13	67	75	3.8	17.3
Seq5533_137_bp_-1_0_1	BAA32956.1	33.33	12	8	0	4	15	126	137	4.2	15.3
Seq5533_137_bp_-1_0_1	AAA65607.1	41.67	12	7	0	1	12	236	247	5.2	15.8
Seq5533_137_bp_-1_0_1	AAR37016.1	23.08	13	10	0	3	15	1585	1597	6.3	18.2
Seq5533_137_bp_-1_0_1	BAA32991.1	100.00	3	0	0	12	14	57	59	7	12.9
Seq5533_137_bp_-1_0_1	CAA11507.1	55.56	9	4	0	3	11	1183	1191	7	17.3
Seq5533_137_bp_-1_0_1	ABK71357.1	80.00	5	1	0	7	11	192	196	7.2	15.3
Seq5533_137_bp_-1_0_1	ABL74574.1	46.15	14	7	1	2	14	28	41	7.8	14.9
Seq5533_137_bp_-1_0_1	AAB26998.1	33.33	13	8	1	3	15	42	53	7.9	12.9
Seq5533_137_bp_-1_0_1	CAA43372.1	37.50	8	5	0	8	15	9	16	8	15.3
Seq5533_137_bp_-1_0_1	AAA72732.1	38.46	13	8	0	1	13	31	43	8.3	14.9
Seq5533_137_bp_-1_0_1	AAX84812.1	50.00	13	6	1	3	15	190	201	8.6	14.4
Seq5533_137_bp_-1_0_1	EDO47375.1	54.55	13	5	2	2	14	66	76	9.6	13.9
Seq5533_137_bp_-1_0_1	AAQ92751.2	38.46	13	8	0	1	13	571	583	9.7	16.8
Seq5533_137_bp_-1_0_1	AAF01122.1	44.44	9	5	0	3	11	193	201	9.9	14.9
Seq5533_137_bp_-1_1_0	AAH69556.1	34.29	37	23	2	2	37	256	291	0.74	20.0
Seq5533_137_bp_-1_1_0	AAX84812.1	36.00	26	16	1	5	30	181	205	0.88	19.4
Seq5533_137_bp_-1_1_0	AAA42531.1	23.53	35	26	1	4	37	101	135	1.5	19.4
Seq5533_137_bp_-1_1_0	AAB26998.1	50.00	12	6	0	27	38	53	64	1.8	16.8
Seq5533_137_bp_-1_1_0	CAA73529.1	33.33	25	16	1	22	45	134	158	3.2	17.7
Seq5533_137_bp_-1_1_0	AAA25966.1	31.03	30	20	1	6	34	420	449	3.4	19.0
Seq5533_137_bp_-1_1_0	AAI27517.1	23.33	32	23	2	14	43	410	441	4.3	18.4
Seq5533_137_bp_-1_1_0	CAA43372.1	25.00	45	33	1	2	45	295	339	4.7	17.7
Seq5533_137_bp_-1_1_0	ABD49687.1	33.33	26	16	2	15	40	1495	1518	5	19.7
Seq5533_137_bp_-1_1_0	BAA32956.1	32.00	26	17	1	3	27	35	60	5.9	16.4
Seq5533_137_bp_-1_1_0	CAA11507.1	36.36	22	14	0	4	25	234	255	6.2	19.0
Seq5533_137_bp_-1_1_0	AAA24142.1	36.36	23	14	1	4	25	33	55	6.3	17.4
Seq5533_137_bp_-1_1_0	BAA32991.1	44.44	19	10	1	26	43	8	26	7.3	14.5
Seq5533_137_bp_-1_1_0	ABK71357.1	26.83	43	30	2	4	44	233	275	8.1	16.8
Seq5533_137_bp_-1_1_0	AEE27845.1	29.27	45	29	4	5	45	806	850	9.6	18.4
Seq5533_137_bp_-1_2_0	AAA24969.1	37.50	24	15	0	2	25	797	820	0.16	24.0
Seq5533_137_bp_-1_2_0	AAH69556.1	35.71	29	18	1	2	29	189	217	0.25	21.0
Seq5533_137_bp_-1_2_0	AAA45888.1	27.59	29	21	0	2	30	84	112	0.32	21.0
Seq5533_137_bp_-1_2_0	EDO47375.1	25.00	25	18	1	2	26	125	148	0.5	19.3
Seq5533_137_bp_-1_2_0	CAA26230.1	23.33	30	23	0	1	30	341	370	0.59	20.6
Seq5533_137_bp_-1_2_0	ABN10845.1	47.37	24	10	5	5	28	101	119	0.72	19.0
Seq5533_137_bp_-1_2_0	ACH70904.1	31.58	21	13	2	2	22	290	308	1.5	18.6
Seq5533_137_bp_-1_2_0	AAA42531.1	44.00	31	14	6	2	29	132	159	1.6	18.6
Seq5533_137_bp_-1_2_0	AAA26915.1	46.67	15	8	0	3	17	332	346	1.9	18.6
Seq5533_137_bp_-1_2_0	AAC78721.1	33.33	30	20	0	1	30	629	658	2.2	19.0
Seq5533_137_bp_-1_2_0	CAA73529.1	28.00	25	18	0	6	30	57	81	2.3	17.6
Seq5533_137_bp_-1_2_0	AAR37016.1	31.82	23	15	1	8	30	959	980	2.4	20.6
Seq5533_137_bp_-1_2_0	AAR31603.1	25.00	24	18	0	1	24	137	160	3.4	17.3
Seq5533_137_bp_-1_2_0	BAA32991.1	30.00	10	7	0	19	28	16	25	4.5	14.6
Seq5533_137_bp_-1_2_0	AAA25966.1	40.00	24	12	4	10	29	246	269	4.7	18.0
Seq5533_137_bp_-1_2_0	AAI27517.1	28.57	22	15	1	1	21	4	25	4.8	17.6
Seq5533_137_bp_-1_2_0	AAB96524.1	35.71	15	9	1	6	19	164	178	4.8	16.0
Seq5533_137_bp_-1_2_0	AAC97205.1	32.14	29	19	1	1	28	1201	1229	5	18.6
Seq5533_137_bp_-1_2_0	AAA32624.1	26.32	21	14	2	10	30	315	333	5.3	17.3
Seq5533_137_bp_-1_2_0	CAA04196.1	26.67	15	11	0	10	24	17	31	5.4	17.0
Seq5533_137_bp_-1_2_0	ABD33854.1	27.27	12	8	1	15	26	43	53	6.5	14.0
Seq5533_137_bp_-1_2_0	AAA23282.1	42.11	24	11	5	6	29	371	389	7.2	17.0
Seq5533_137_bp_-1_2_0	AAB64315.2	35.71	14	9	0	4	17	116	129	8.2	16.0
Seq5533_137_bp_-1_2_0	CAA11507.1	85.71	7	1	0	8	14	1294	1300	8.5	18.0
Seq5533_137_bp_-1_2_0	ABG75784.1	31.58	23	13	4	5	26	295	314	9.7	15.6
Seq5533_137_bp_-1_2_1	ABG75784.1	50.00	10	5	0	5	14	293	302	1.5	17.4
Seq5533_137_bp_-1_2_1	BAB70780.1	45.45	11	6	0	3	13	90	100	2.2	17.4
Seq5533_137_bp_-1_2_1	ABS38337.1	50.00	10	5	0	5	14	339	348	4.1	17.9
Seq5533_137_bp_-1_2_1	AEE27845.1	40.00	10	6	0	5	14	1226	1235	4.5	17.9
Seq5533_137_bp_-1_2_1	CAA04196.1	62.50	8	3	0	3	10	169	176	5.3	15.9
Seq5533_137_bp_-1_2_1	AAB03707.1	33.33	12	8	0	2	13	941	952	6.2	17.4
Seq5533_137_bp_-1_2_1	AII71783.1	50.00	8	4	0	2	9	173	180	7.6	14.9
Seq5533_137_bp_-1_2_1	AIR13712.1	35.71	14	9	0	1	14	40	53	8.1	14.9
Seq5533_137_bp_-1_2_1	AAX12058.1	44.44	9	5	0	6	14	56	64	9.4	14.4
