Seq635_75_bp_1_0_0	ENA|CAA26023|CAA26023.1	100.00	25	0	0	1	25	26	50	7.4e-18	76.0
Seq635_75_bp_1_0_0	ENA|CAA26023|CAA26023.1	60.00	15	6	0	2	16	171	185	0.00061	29.7
Seq635_75_bp_1_0_0	ENA|CAA26023|CAA26023.1	36.00	27	16	2	1	25	108	134	0.014	25.3
Seq635_75_bp_1_0_0	ENA|CAA26023|CAA26023.1	40.91	22	13	0	2	23	145	166	0.014	25.3
Seq635_75_bp_1_0_0	ENA|CAA26023|CAA26023.1	50.00	12	6	0	2	13	83	94	0.3	20.8
Seq635_75_bp_1_0_0	ENA|CAA26023|CAA26023.1	26.67	15	11	0	2	16	58	72	0.69	19.6
Seq635_75_bp_1_0_0	ENA|AAB26998|AAB26998.1	80.00	11	2	1	5	14	4	14	0.035	21.6
Seq635_75_bp_1_0_0	ENA|BAB79260|BAB79260.1	69.23	15	4	2	6	20	202	214	0.2	21.6
Seq635_75_bp_1_0_0	ENA|BAB79260|BAB79260.1	46.67	16	8	1	1	15	428	443	0.82	19.6
Seq635_75_bp_1_0_0	ENA|AAS77176|AAS77176.1	35.00	23	13	3	3	22	134	156	0.91	18.8
Seq635_75_bp_1_0_0	ENA|EDO47375|EDO47375.1	25.00	20	15	0	3	22	110	129	1	18.0
Seq635_75_bp_1_0_0	ENA|CAA45199|CAA45199.1	77.78	10	2	1	17	25	264	273	1.5	18.8
Seq635_75_bp_1_0_0	ENA|AAR31603|AAR31603.1	42.86	15	8	1	11	24	131	145	1.8	18.0
Seq635_75_bp_1_0_0	ENA|AAB03707|AAB03707.1	100.00	5	0	0	20	24	701	705	1.9	20.0
Seq635_75_bp_1_0_0	ENA|CAA24711|CAA24711.1	55.56	9	4	0	5	13	107	115	2.2	16.8
Seq635_75_bp_1_0_0	ENA|AAC49865|AAC49865.1	53.33	18	7	3	1	15	31	48	2.4	17.6
Seq635_75_bp_1_0_0	ENA|AAC97205|AAC97205.1	50.00	8	4	0	12	19	764	771	2.9	19.2
Seq635_75_bp_1_0_0	ENA|CAA26939|CAA26939.1	36.36	12	7	1	11	22	8	18	3.1	18.0
Seq635_75_bp_1_0_0	ENA|AAR37016|AAR37016.1	43.75	17	9	1	8	23	1887	1903	3.1	20.0
Seq635_75_bp_1_0_0	ENA|AAA24145|AAA24145.1	75.00	9	2	1	14	21	430	438	3.3	17.6
Seq635_75_bp_1_0_0	ENA|ABN10845|ABN10845.1	37.50	17	10	1	5	20	82	98	3.6	16.4
Seq635_75_bp_1_0_0	ENA|BAA32956|BAA32956.1	33.33	16	10	1	10	24	87	102	4.6	15.9
Seq635_75_bp_1_0_0	ENA|CAA45708|CAA45708.1	45.45	12	6	1	14	24	302	313	6.1	18.4
Seq635_75_bp_1_0_0	ENA|ABD49687|ABD49687.1	50.00	14	6	2	14	25	681	694	6.8	18.4
Seq635_75_bp_1_0_0	ENA|AAC26660|AAC26660.1	30.00	10	7	0	4	13	8	17	7.2	15.5
Seq635_75_bp_1_0_0	ENA|ACT10338|ACT10338.1	66.67	6	2	0	17	22	293	298	8.2	15.9
Seq635_75_bp_1_0_0	ENA|AAA25966|AAA25966.1	44.44	9	5	0	17	25	405	413	8.7	16.8
Seq635_75_bp_1_0_0	ENA|CAA28033|CAA28033.1	57.14	16	6	2	3	16	228	243	8.9	17.6
Seq635_75_bp_1_0_0	ENA|CAA11507|CAA11507.1	55.56	9	4	0	5	13	38	46	9.3	17.6
Seq635_75_bp_1_0_0	ENA|ABD33854|ABD33854.1	20.00	20	16	0	1	20	2	21	9.5	13.1
Seq635_75_bp_1_0_0	ENA|BAA32018|BAA32018.1	75.00	4	1	0	19	22	19	22	9.8	16.4
Seq635_75_bp_1_1_0	ENA|CAA26939|CAA26939.1	60.00	11	4	1	7	17	16	25	1.1	19.0
Seq635_75_bp_1_1_0	ENA|ABG75784|ABG75784.1	50.00	8	4	0	8	15	307	314	1.3	17.9
Seq635_75_bp_1_1_0	ENA|BAA32991|BAA32991.1	60.00	5	2	0	13	17	42	46	5	13.7
Seq635_75_bp_1_1_0	ENA|AAA36539|AAA36539.1	50.00	10	5	0	4	13	216	225	5.6	16.4
Seq635_75_bp_1_1_0	ENA|AAB26998|AAB26998.1	36.36	11	7	0	2	12	17	27	9.2	13.0
Seq635_75_bp_1_1_0	ENA|AAR37016|AAR37016.1	71.43	7	2	0	7	13	1565	1571	9.3	17.9
Seq635_75_bp_1_1_0	ENA|AAB96524|AAB96524.1	57.14	7	3	0	3	9	56	62	9.9	14.1
Seq635_75_bp_1_2_0	ENA|BAB79260|BAB79260.1	63.64	11	4	0	7	17	264	274	0.0064	26.2
Seq635_75_bp_1_2_0	ENA|AAI27517|AAI27517.1	85.71	8	1	1	1	8	102	108	0.093	22.7
Seq635_75_bp_1_2_0	ENA|CAA36214|CAA36214.1	50.00	10	5	0	5	14	110	119	0.29	20.1
Seq635_75_bp_1_2_0	ENA|AAA36114|AAA36114.1	40.00	15	9	0	5	19	496	510	0.66	19.7
Seq635_75_bp_1_2_0	ENA|CAD53387|CAD53387.1	53.85	14	6	1	4	17	20	32	0.87	19.2
Seq635_75_bp_1_2_0	ENA|ABD49687|ABD49687.1	54.55	11	5	0	4	14	673	683	0.9	21.0
Seq635_75_bp_1_2_0	ENA|AAR31603|AAR31603.1	54.55	11	5	0	3	13	302	312	1	18.4
Seq635_75_bp_1_2_0	ENA|AAC97205|AAC97205.1	35.71	14	9	0	1	14	414	427	1.2	20.1
Seq635_75_bp_1_2_0	ENA|AAC08817|AAC08817.1	54.55	11	5	0	7	17	40	50	1.7	16.6
Seq635_75_bp_1_2_0	ENA|CAA45199|CAA45199.1	38.89	20	11	2	2	19	172	191	2	17.9
Seq635_75_bp_1_2_0	ENA|BAA36759|BAA36759.1	50.00	13	6	1	4	15	151	163	4	16.2
Seq635_75_bp_1_2_0	ENA|ABN10845|ABN10845.1	33.33	12	8	0	2	13	117	128	4.1	15.8
Seq635_75_bp_1_2_0	ENA|CAA26939|CAA26939.1	60.00	5	2	0	2	6	294	298	4.3	17.1
Seq635_75_bp_1_2_0	ENA|AAB26998|AAB26998.1	42.86	7	4	0	1	7	35	41	4.9	14.0
Seq635_75_bp_1_2_0	ENA|CAA26023|CAA26023.1	41.67	14	7	2	1	12	12	25	5.3	16.2
Seq635_75_bp_1_2_0	ENA|AAR37016|AAR37016.1	44.44	9	5	0	3	11	1177	1185	5.3	18.8
Seq635_75_bp_1_2_0	ENA|ACT10338|ACT10338.1	83.33	6	1	0	10	15	19	24	7.1	15.8
Seq635_75_bp_1_2_0	ENA|AAC17860|AAC17860.1	42.86	7	4	0	1	7	276	282	7.5	15.8
Seq635_75_bp_1_2_0	ENA|AAA18786|AAA18786.1	35.71	14	9	0	4	17	241	254	8.8	14.9
Seq635_75_bp_1_2_0	ENA|BAB17681|BAB17681.1	80.00	5	1	0	14	18	261	265	9	14.9
Seq635_75_bp_1_2_0	ENA|ABK71357|ABK71357.1	80.00	5	1	0	13	17	165	169	9	15.3
Seq635_75_bp_1_2_0	ENA|AAB66912|AAB66912.1	33.33	15	10	0	1	15	520	534	9.2	16.6
Seq635_75_bp_1_2_0	ENA|BAA32956|BAA32956.1	100.00	3	0	0	2	4	77	79	9.3	14.5
Seq635_75_bp_-1_0_0	ENA|AAF79734|AAF79734.1	41.18	17	10	0	8	24	412	428	0.18	23.5
Seq635_75_bp_-1_0_0	ENA|CAA29956|CAA29956.1	24.00	25	19	0	1	25	250	274	0.24	21.1
Seq635_75_bp_-1_0_0	ENA|AAS77176|AAS77176.1	85.71	7	1	0	15	21	92	98	1.2	18.3
Seq635_75_bp_-1_0_0	ENA|CAA24711|CAA24711.1	40.00	10	6	0	9	18	138	147	2.2	16.7
Seq635_75_bp_-1_0_0	ENA|BAA32956|BAA32956.1	26.09	24	17	1	1	24	189	211	2.7	16.7
Seq635_75_bp_-1_0_0	ENA|CAA26023|CAA26023.1	36.36	22	14	0	1	22	309	330	2.8	17.5
Seq635_75_bp_-1_0_0	ENA|CAA45708|CAA45708.1	40.00	15	9	0	4	18	1123	1137	2.8	19.5
Seq635_75_bp_-1_0_0	ENA|AAA24145|AAA24145.1	41.67	12	7	0	11	22	20	31	3.4	17.5
Seq635_75_bp_-1_0_0	ENA|BAA32018|BAA32018.1	35.71	14	9	0	7	20	381	394	4.5	17.5
Seq635_75_bp_-1_0_0	ENA|CAA43419|CAA43419.1	35.00	20	13	0	1	20	2	21	4.6	16.7
Seq635_75_bp_-1_0_0	ENA|ABD49687|ABD49687.1	25.00	16	12	0	9	24	445	460	7	18.3
Seq635_75_bp_-1_0_0	ENA|AAB96524|AAB96524.1	35.29	18	11	1	3	19	112	129	8.9	14.8
Seq635_75_bp_-1_1_0	ENA|BAA32956|BAA32956.1	25.00	24	18	0	1	24	163	186	0.59	18.9
Seq635_75_bp_-1_1_0	ENA|AAB03707|AAB03707.1	33.33	21	14	0	4	24	1041	1061	3	19.2
Seq635_75_bp_-1_1_0	ENA|AAC08817|AAC08817.1	33.33	18	12	0	1	18	135	152	4.3	15.6
Seq635_75_bp_-1_1_0	ENA|AAC78721|AAC78721.1	60.00	10	4	0	13	22	671	680	4.6	17.6
Seq635_75_bp_-1_1_0	ENA|AAA18786|AAA18786.1	41.18	17	10	0	2	18	83	99	7.1	15.6
Seq635_75_bp_-1_1_0	ENA|CAA45708|CAA45708.1	33.33	21	14	0	4	24	1208	1228	8	17.9
Seq635_75_bp_-1_1_0	ENA|AAC49865|AAC49865.1	42.86	14	8	0	11	24	315	328	8.6	15.6
Seq635_75_bp_-1_1_0	ENA|CAA43419|CAA43419.1	66.67	9	3	0	15	23	50	58	9.5	15.6
Seq635_75_bp_-1_2_0	ENA|ABD33854|ABD33854.1	37.50	17	10	1	2	18	27	42	1.3	16.1
Seq635_75_bp_-1_2_0	ENA|EDO47375|EDO47375.1	46.67	15	8	0	3	17	149	163	1.3	17.6
Seq635_75_bp_-1_2_0	ENA|AAI27517|AAI27517.1	41.18	18	10	1	2	19	97	113	1.9	18.7
Seq635_75_bp_-1_2_0	ENA|CAA29968|CAA29968.1	38.46	13	8	0	1	13	151	163	7.9	15.0
