Seq690_57_bp_1_0_0	AAR37016.1	46.15	13	7	0	1	13	973	985	0.68	21.8
Seq690_57_bp_1_0_0	BAE97662.1	60.00	10	4	0	4	13	190	199	1.6	19.6
Seq690_57_bp_1_0_0	EDO47375.1	45.45	11	6	0	4	14	136	146	6	15.0
Seq690_57_bp_1_0_0	AAC78721.1	41.18	17	10	0	3	19	530	546	6.5	16.7
Seq690_57_bp_1_0_0	AAR31603.1	30.77	13	9	0	2	14	20	32	6.9	15.6
Seq690_57_bp_1_0_0	ABK71357.1	38.46	13	8	0	1	13	197	209	7.8	15.6
Seq690_57_bp_1_0_0	BAB17681.1	41.67	12	7	0	1	12	120	131	8.4	15.0
Seq690_57_bp_1_0_0	AAC17860.1	45.45	11	6	0	7	17	357	367	8.5	15.6
Seq690_57_bp_1_0_0	ABG75784.1	33.33	12	8	0	4	15	214	225	9.5	15.0
Seq690_57_bp_1_0_0	AAB64315.2	44.44	9	5	0	8	16	75	83	10	15.0
Seq690_57_bp_1_1_0	AAA26915.1	42.86	14	8	0	2	15	25	38	0.61	19.3
Seq690_57_bp_1_1_0	ABS38337.1	55.56	9	4	0	7	15	1268	1276	2.4	18.8
Seq690_57_bp_1_1_0	AAB64315.2	45.45	11	6	0	3	13	317	327	4.2	16.0
Seq690_57_bp_1_1_0	ACH70904.1	62.50	8	3	0	5	12	53	60	4.6	16.0
Seq690_57_bp_1_1_0	EDO47375.1	38.46	13	8	0	3	15	8	20	7.5	14.3
Seq690_57_bp_1_1_0	AEE27845.1	54.55	11	5	0	1	11	1084	1094	8	17.1
Seq690_57_bp_1_1_0	ABG75784.1	55.56	9	4	0	7	15	227	235	8.4	14.9
Seq690_57_bp_1_2_0	AAA65607.1	100.00	18	0	0	1	18	110	127	9.4e-13	58.5
Seq690_57_bp_1_2_0	BAB79260.1	42.86	14	8	0	1	14	155	168	0.43	20.0
Seq690_57_bp_1_2_0	CAA11507.1	55.56	9	4	0	10	18	925	933	1.3	20.0
Seq690_57_bp_1_2_0	CAA04196.1	62.50	8	3	0	8	15	15	22	2.6	17.3
Seq690_57_bp_1_2_0	CAA74140.1	50.00	8	4	0	2	9	6	13	2.7	18.4
Seq690_57_bp_1_2_0	AAC78721.1	38.89	18	11	0	1	18	169	186	2.9	17.8
Seq690_57_bp_1_2_0	AAR37016.1	40.00	15	9	0	3	17	52	66	4.6	18.9
Seq690_57_bp_1_2_0	ABL74574.1	50.00	8	4	0	9	16	275	282	7.9	15.1
Seq690_57_bp_1_2_0	BAB70780.1	57.14	7	3	0	11	17	87	93	9	15.6
Seq690_57_bp_1_2_0	AAB26998.1	80.00	5	1	0	5	9	75	79	9.7	12.9
Seq690_57_bp_-1_0_0	AAA24969.1	50.00	14	7	0	4	17	863	876	0.46	21.8
Seq690_57_bp_-1_0_0	AAR31603.1	50.00	10	5	0	4	13	179	188	5.5	15.9
Seq690_57_bp_-1_1_0	AAA65607.1	62.50	8	3	0	5	12	323	330	0.57	19.4
Seq690_57_bp_-1_1_0	ABS38337.1	42.86	14	8	0	2	15	1269	1282	1.3	20.0
Seq690_57_bp_-1_1_0	AAH69556.1	50.00	12	6	0	7	18	31	42	2.4	17.0
Seq690_57_bp_-1_1_0	CAA26230.1	46.15	13	7	0	1	13	295	307	2.9	17.6
Seq690_57_bp_-1_1_0	CAA11507.1	41.67	12	7	0	1	12	1120	1131	3.1	18.8
Seq690_57_bp_-1_1_0	ABG75784.1	40.00	10	6	0	1	10	12	21	3.7	16.4
Seq690_57_bp_-1_1_0	CAA73529.1	29.41	17	12	0	1	17	119	135	4.9	15.8
Seq690_57_bp_-1_1_0	AAR37016.1	100.00	4	0	0	12	15	125	128	5.3	18.8
Seq690_57_bp_-1_1_0	AAA72732.1	100.00	4	0	0	9	12	284	287	5.5	15.8
Seq690_57_bp_-1_1_0	ABD49687.1	41.67	12	7	0	7	18	1707	1718	5.8	18.2
Seq690_57_bp_-1_1_0	AAA23282.1	75.00	4	1	0	12	15	558	561	6.6	16.4
Seq690_57_bp_-1_1_0	AAB03707.1	62.50	8	3	0	4	11	648	655	6.9	17.6
Seq690_57_bp_-1_1_0	AAX84812.1	80.00	5	1	0	4	8	100	104	9	14.6
Seq690_57_bp_-1_1_0	AAC97205.1	55.56	9	4	0	4	12	641	649	9.2	17.0
Seq690_57_bp_-1_1_0	ACH70904.1	37.50	8	5	0	8	15	138	145	9.3	15.2
Seq690_57_bp_-1_2_0	AAC17860.1	47.06	17	9	0	1	17	119	135	0.24	20.8
Seq690_57_bp_-1_2_0	AAA45888.1	54.55	11	5	0	7	17	357	367	0.32	20.2
Seq690_57_bp_-1_2_0	ABK71357.1	50.00	10	5	0	4	13	84	93	1.4	18.0
Seq690_57_bp_-1_2_0	BAB79260.1	50.00	8	4	0	9	16	157	164	1.8	18.0
Seq690_57_bp_-1_2_0	AAC78721.1	54.55	11	5	0	8	18	373	383	1.8	18.6
Seq690_57_bp_-1_2_0	AAA32624.1	50.00	8	4	0	8	15	273	280	2.9	17.5
Seq690_57_bp_-1_2_0	CAA26230.1	71.43	7	2	0	4	10	294	300	3.1	17.5
Seq690_57_bp_-1_2_0	CAA43372.1	66.67	6	2	0	7	12	361	366	3.4	16.9
Seq690_57_bp_-1_2_0	AEE27845.1	35.71	14	9	0	4	17	1393	1406	3.6	18.6
Seq690_57_bp_-1_2_0	AAF01122.1	27.27	11	8	0	8	18	243	253	6.5	15.8
Seq690_57_bp_-1_2_0	AAC97205.1	33.33	15	10	0	1	15	405	419	6.7	17.5
Seq690_57_bp_-1_2_0	AAA18786.1	44.44	9	5	0	7	15	243	251	6.7	15.2
Seq690_57_bp_-1_2_0	AAR31603.1	57.14	7	3	0	7	13	306	312	8.1	15.2
Seq690_57_bp_-1_2_0	CAD53387.1	50.00	10	5	0	1	10	456	465	8.5	15.8
Seq690_57_bp_-1_2_0	ACH70904.1	44.44	9	5	0	1	9	37	45	8.9	15.2
Seq690_57_bp_-1_2_0	AAA42531.1	50.00	6	3	0	3	8	240	245	9.5	15.2
Seq690_57_bp_-1_2_0	AAX12058.1	80.00	5	1	0	11	15	48	52	9.8	14.7
Seq690_57_bp_-1_2_0	EDO47375.1	35.71	14	9	0	4	17	104	117	9.9	14.1
