Seq7262_293_bp_1_0_0	ENA|AAB26998|AAB26998.1	31.58	19	13	0	6	24	42	60	3.2	15.6
Seq7262_293_bp_1_0_0	ENA|AAA36539|AAA36539.1	71.43	7	2	0	29	35	23	29	4.3	17.8
Seq7262_293_bp_1_0_0	ENA|ACH70901|ACH70901.1	44.44	9	5	0	3	11	296	304	4.4	17.4
Seq7262_293_bp_1_0_0	ENA|CAA43419|CAA43419.1	27.78	18	13	0	10	27	286	303	6	16.9
Seq7262_293_bp_1_0_1	ENA|ACT10338|ACT10338.1	38.89	18	11	0	14	31	67	84	0.072	23.3
Seq7262_293_bp_1_0_1	ENA|ABD33854|ABD33854.1	45.45	11	6	0	23	33	28	38	3.2	15.2
Seq7262_293_bp_1_0_1	ENA|AAC08817|AAC08817.1	100.00	6	0	0	25	30	128	133	4.1	16.1
Seq7262_293_bp_1_0_1	ENA|AAC40132|AAC40132.1	38.46	13	8	0	20	32	450	462	4.5	17.5
Seq7262_293_bp_1_0_1	ENA|ACH70901|ACH70901.1	21.74	23	18	0	8	30	238	260	8.9	16.1
Seq7262_293_bp_1_0_2	ENA|AAA42531|AAA42531.1	46.15	13	7	0	2	14	110	122	4.2	16.5
Seq7262_293_bp_1_0_2	ENA|CAA11507|CAA11507.1	66.67	6	2	0	13	18	488	493	4.9	18.1
Seq7262_293_bp_1_0_2	ENA|AAA32624|AAA32624.1	40.00	15	9	0	3	17	502	516	5.6	16.5
Seq7262_293_bp_1_0_2	ENA|AAB96524|AAB96524.1	50.00	10	5	0	6	15	125	134	6	14.9
Seq7262_293_bp_1_1_0	ENA|CAA45708|CAA45708.1	100.00	97	0	0	1	97	868	964	2.6e-60	221.0
Seq7262_293_bp_1_1_0	ENA|AAB03707|AAB03707.1	36.71	83	50	4	18	96	874	956	1.2e-09	52.5
Seq7262_293_bp_1_1_0	ENA|CAA11507|CAA11507.1	38.10	45	26	3	13	56	964	1006	0.0032	31.2
Seq7262_293_bp_1_1_0	ENA|AAC17860|AAC17860.1	20.93	44	34	1	49	92	340	382	0.032	26.1
Seq7262_293_bp_1_1_0	ENA|CAA73529|CAA73529.1	26.92	26	19	0	8	33	163	188	0.36	22.0
Seq7262_293_bp_1_1_0	ENA|ABK71357|ABK71357.1	50.00	16	8	0	81	96	225	240	0.7	21.5
Seq7262_293_bp_1_1_0	ENA|CAA29968|CAA29968.1	36.84	19	12	0	61	79	43	61	3	18.4
Seq7262_293_bp_1_1_0	ENA|AAC78721|AAC78721.1	37.50	16	10	0	75	90	61	76	5	19.5
Seq7262_293_bp_1_1_0	ENA|AAQ92751|AAQ92751.2	23.33	30	23	0	30	59	651	680	5	20.5
Seq7262_293_bp_1_1_0	ENA|AAA36114|AAA36114.1	39.29	28	17	0	35	62	258	285	5.3	19.0
Seq7262_293_bp_1_1_0	ENA|CAA29956|CAA29956.1	17.65	17	14	0	8	24	232	248	5.6	18.4
Seq7262_293_bp_1_1_0	ENA|AAA18786|AAA18786.1	30.00	44	28	4	6	49	90	129	5.6	17.9
Seq7262_293_bp_1_1_0	ENA|AAA42531|AAA42531.1	46.15	13	7	0	45	57	202	214	5.8	18.4
Seq7262_293_bp_1_1_0	ENA|BAA05866|BAA05866.1	28.57	14	10	0	55	68	19	32	6.4	17.9
Seq7262_293_bp_1_1_0	ENA|AAB26998|AAB26998.1	100.00	4	0	0	32	35	42	45	6.7	15.9
Seq7262_293_bp_1_1_0	ENA|AAA32624|AAA32624.1	23.08	26	20	0	34	59	51	76	7.6	18.4
Seq7262_293_bp_1_1_0	ENA|CAB75732|CAB75732.1	38.89	18	11	0	43	60	910	927	8.3	19.5
Seq7262_293_bp_1_1_0	ENA|AAC97205|AAC97205.1	33.33	21	14	0	43	63	946	966	8.8	19.5
Seq7262_293_bp_1_2_0	ENA|CAA24711|CAA24711.1	71.43	7	2	0	9	15	128	134	0.14	20.1
Seq7262_293_bp_1_2_0	ENA|CAA45199|CAA45199.1	15.38	13	11	0	3	15	288	300	0.57	19.4
Seq7262_293_bp_1_2_0	ENA|AAA72732|AAA72732.1	50.00	10	5	0	5	14	193	202	1.4	17.5
Seq7262_293_bp_1_2_0	ENA|AAC17860|AAC17860.1	50.00	6	3	0	1	6	375	380	1.8	17.5
Seq7262_293_bp_1_2_0	ENA|AAC08817|AAC08817.1	100.00	4	0	0	3	6	114	117	2.6	15.6
Seq7262_293_bp_1_2_0	ENA|AAA24145|AAA24145.1	40.00	10	6	0	5	14	358	367	3.1	16.9
Seq7262_293_bp_1_2_0	ENA|AAR31603|AAR31603.1	33.33	9	6	0	7	15	163	171	3.5	16.3
Seq7262_293_bp_1_2_0	ENA|ABK71357|ABK71357.1	33.33	6	4	0	2	7	269	274	3.9	16.3
Seq7262_293_bp_1_2_0	ENA|AAR37016|AAR37016.1	26.67	15	11	0	1	15	1526	1540	4.3	18.8
Seq7262_293_bp_1_2_0	ENA|BAB79260|BAB79260.1	20.00	10	8	0	5	14	115	124	4.7	16.3
Seq7262_293_bp_1_2_0	ENA|AAC40132|AAC40132.1	25.00	8	6	0	2	9	140	147	4.9	16.3
Seq7262_293_bp_1_2_0	ENA|AAA42531|AAA42531.1	37.50	8	5	0	6	13	263	270	6.2	15.6
Seq7262_293_bp_1_2_0	ENA|AAQ92751|AAQ92751.2	37.50	8	5	0	8	15	1312	1319	8.9	16.9
Seq7262_293_bp_1_2_0	ENA|AAC26660|AAC26660.1	44.44	9	5	0	5	13	150	158	9.4	14.4
Seq7262_293_bp_1_2_1	ENA|AAB26998|AAB26998.1	50.00	10	5	0	32	41	42	51	0.098	21.4
Seq7262_293_bp_1_2_1	ENA|ABN10845|ABN10845.1	35.29	17	11	0	8	24	63	79	1.1	19.4
Seq7262_293_bp_1_2_1	ENA|CAA26939|CAA26939.1	36.84	19	12	0	36	54	403	421	2	19.9
Seq7262_293_bp_1_2_1	ENA|AAA72732|AAA72732.1	33.33	21	14	0	7	27	8	28	2.2	18.9
Seq7262_293_bp_1_2_1	ENA|BAA05866|BAA05866.1	33.33	15	10	0	22	36	212	226	3.1	18.4
Seq7262_293_bp_1_2_1	ENA|AAQ92751|AAQ92751.2	30.00	20	14	0	37	56	694	713	3.4	20.4
Seq7262_293_bp_1_2_1	ENA|AAC26660|AAC26660.1	71.43	7	2	0	12	18	74	80	3.6	17.9
Seq7262_293_bp_1_2_1	ENA|AAA18786|AAA18786.1	25.00	20	15	0	27	46	196	215	3.8	17.9
Seq7262_293_bp_1_2_1	ENA|AAR31603|AAR31603.1	26.32	19	14	0	4	22	32	50	4.6	17.9
Seq7262_293_bp_1_2_1	ENA|AAC78721|AAC78721.1	33.33	18	12	0	1	18	109	126	6.6	18.4
Seq7262_293_bp_1_2_1	ENA|CAA24711|CAA24711.1	30.77	13	9	0	7	19	107	119	6.8	16.3
Seq7262_293_bp_1_2_1	ENA|ABD33854|ABD33854.1	15.00	20	17	0	3	22	10	29	7.2	14.8
Seq7262_293_bp_1_2_1	ENA|BAB79260|BAB79260.1	25.00	12	9	0	3	14	250	261	8.7	17.4
Seq7262_293_bp_1_2_1	ENA|AAA25966|AAA25966.1	30.77	13	9	0	25	37	625	637	9.7	17.9
Seq7262_293_bp_1_2_2	ENA|CAA45199|CAA45199.1	37.50	8	5	0	3	10	258	265	1.9	17.3
Seq7262_293_bp_1_2_2	ENA|ABK71357|ABK71357.1	50.00	6	3	0	3	8	110	115	4.9	15.5
Seq7262_293_bp_1_2_2	ENA|ABG75784|ABG75784.1	25.00	8	6	0	3	10	8	15	6.2	14.9
Seq7262_293_bp_1_2_2	ENA|AAA36114|AAA36114.1	37.50	8	5	0	3	10	355	362	6.6	15.5
Seq7262_293_bp_1_2_2	ENA|CAA45708|CAA45708.1	66.67	6	2	0	6	11	71	76	8.6	16.7
Seq7262_293_bp_1_2_2	ENA|AAC40132|AAC40132.1	30.00	10	7	0	1	10	163	172	9.1	14.9
Seq7262_293_bp_-1_0_0	ENA|ABG75784|ABG75784.1	33.33	26	16	2	1	24	177	202	0.22	20.9
Seq7262_293_bp_-1_0_0	ENA|BAB17681|BAB17681.1	57.14	14	6	0	11	24	142	155	0.87	18.7
Seq7262_293_bp_-1_0_0	ENA|AAS77176|AAS77176.1	33.33	15	10	0	2	16	239	253	0.91	18.7
Seq7262_293_bp_-1_0_0	ENA|AAA72732|AAA72732.1	50.00	12	6	0	1	12	157	168	0.99	18.7
Seq7262_293_bp_-1_0_0	ENA|AAC78721|AAC78721.1	13.64	22	19	0	1	22	381	402	1.5	19.3
Seq7262_293_bp_-1_0_0	ENA|AAA36114|AAA36114.1	37.50	8	5	0	1	8	290	297	6.8	16.6
Seq7262_293_bp_-1_0_0	ENA|CAA73529|CAA73529.1	50.00	8	4	0	1	8	57	64	7.6	15.5
Seq7262_293_bp_-1_0_0	ENA|AAF79734|AAF79734.1	30.00	20	14	0	5	24	13	32	9	17.6
Seq7262_293_bp_-1_0_0	ENA|AAA36539|AAA36539.1	26.67	15	11	0	10	24	230	244	9	16.0
Seq7262_293_bp_-1_0_1	ENA|AAA42531|AAA42531.1	54.55	11	5	0	48	58	86	96	1	20.6
Seq7262_293_bp_-1_0_1	ENA|EDO47375|EDO47375.1	27.27	22	16	0	39	60	162	183	1.6	18.9
Seq7262_293_bp_-1_0_1	ENA|CAA45199|CAA45199.1	46.67	15	8	0	5	19	256	270	2.9	19.3
Seq7262_293_bp_-1_0_1	ENA|BAA32991|BAA32991.1	45.45	11	6	0	49	59	19	29	3.4	16.3
Seq7262_293_bp_-1_0_1	ENA|AAR31603|AAR31603.1	38.89	19	11	1	3	21	127	144	3.7	18.4
Seq7262_293_bp_-1_0_1	ENA|ABK71357|ABK71357.1	38.46	13	8	0	33	45	143	155	5.6	18.0
Seq7262_293_bp_-1_0_1	ENA|CAA43419|CAA43419.1	44.44	9	5	0	11	19	102	110	9.6	17.1
Seq7262_293_bp_-1_1_0	ENA|BAA05866|BAA05866.1	35.00	20	13	0	28	47	223	242	0.27	21.7
Seq7262_293_bp_-1_1_0	ENA|AAC17860|AAC17860.1	33.33	21	14	0	24	44	320	340	1.4	19.7
Seq7262_293_bp_-1_1_0	ENA|ABN10845|ABN10845.1	50.00	8	4	0	9	16	89	96	2	18.3
Seq7262_293_bp_-1_1_0	ENA|CAA36214|CAA36214.1	41.67	12	7	0	34	45	126	137	2	18.7
Seq7262_293_bp_-1_1_0	ENA|AAA42531|AAA42531.1	31.25	16	11	0	25	40	29	44	2.5	18.7
Seq7262_293_bp_-1_1_0	ENA|AAB26998|AAB26998.1	50.00	8	4	0	20	27	72	79	3.7	15.8
Seq7262_293_bp_-1_1_0	ENA|CAA73529|CAA73529.1	100.00	4	0	0	14	17	96	99	4.7	17.3
Seq7262_293_bp_-1_1_0	ENA|AAI27517|AAI27517.1	28.57	22	15	1	25	46	558	578	5.2	18.3
Seq7262_293_bp_-1_1_0	ENA|AAA36114|AAA36114.1	36.84	21	12	2	28	46	30	50	6.2	17.8
Seq7262_293_bp_-1_1_0	ENA|AAR37016|AAR37016.1	66.67	6	2	0	11	16	277	282	7.4	19.7
Seq7262_293_bp_-1_1_0	ENA|AAC40132|AAC40132.1	100.00	4	0	0	14	17	311	314	7.9	17.3
Seq7262_293_bp_-1_1_1	ENA|CAA73529|CAA73529.1	44.44	9	5	0	3	11	238	246	1.6	17.1
Seq7262_293_bp_-1_1_1	ENA|ABK71357|ABK71357.1	30.00	10	7	0	5	14	276	285	2.1	17.1
Seq7262_293_bp_-1_1_1	ENA|CAA45199|CAA45199.1	50.00	6	3	0	6	11	216	221	5.9	15.9
Seq7262_293_bp_-1_1_1	ENA|CAL82360|CAL82360.1	80.00	5	1	0	6	10	995	999	7.1	17.1
Seq7262_293_bp_-1_1_1	ENA|ACT10338|ACT10338.1	60.00	5	2	0	7	11	128	132	7.2	15.3
Seq7262_293_bp_-1_2_0	ENA|AAC17860|AAC17860.1	50.00	10	5	0	1	10	76	85	2.8	16.6
Seq7262_293_bp_-1_2_0	ENA|AAS77176|AAS77176.1	80.00	5	1	0	3	7	117	121	3.2	15.9
Seq7262_293_bp_-1_2_0	ENA|CAL82360|CAL82360.1	62.50	8	3	0	4	11	44	51	3.3	18.0
Seq7262_293_bp_-1_2_0	ENA|CAA73529|CAA73529.1	33.33	9	6	0	4	12	13	21	4.9	15.2
Seq7262_293_bp_-1_2_0	ENA|BAA05866|BAA05866.1	100.00	4	0	0	9	12	52	55	5.5	15.2
Seq7262_293_bp_-1_2_0	ENA|AAI27517|AAI27517.1	44.44	9	5	0	4	12	239	247	6.4	15.9
Seq7262_293_bp_-1_2_0	ENA|ABK71357|ABK71357.1	80.00	5	1	0	3	7	246	250	6.6	15.2
Seq7262_293_bp_-1_2_0	ENA|AAA42531|AAA42531.1	33.33	9	6	0	4	12	133	141	6.8	15.2
Seq7262_293_bp_-1_2_0	ENA|BAA36759|BAA36759.1	42.86	7	4	0	6	12	100	106	8.2	14.5
Seq7262_293_bp_-1_2_0	ENA|AAC40132|AAC40132.1	37.50	8	5	0	1	8	322	329	8.3	15.2
Seq7262_293_bp_-1_2_0	ENA|EDO47375|EDO47375.1	60.00	5	2	0	4	8	42	46	8.7	13.7
Seq7262_293_bp_-1_2_0	ENA|CAA11507|CAA11507.1	50.00	6	3	0	5	10	579	584	8.8	16.6
Seq7262_293_bp_-1_2_0	ENA|AAA72732|AAA72732.1	42.86	7	4	0	5	11	29	35	8.8	14.5
Seq7262_293_bp_-1_2_0	ENA|AAQ92751|AAQ92751.2	30.00	10	7	0	1	10	596	605	8.9	16.6
Seq7262_293_bp_-1_2_0	ENA|CAA29968|CAA29968.1	33.33	6	4	0	4	9	24	29	9	13.7
Seq7262_293_bp_-1_2_0	ENA|CAA26939|CAA26939.1	66.67	6	2	0	5	10	446	451	9.8	15.2
Seq7262_293_bp_-1_2_0	ENA|ABN10845|ABN10845.1	28.57	7	5	0	2	8	67	73	9.9	13.7
Seq7262_293_bp_-1_2_1	ENA|AAA24145|AAA24145.1	57.14	7	3	0	2	8	158	164	2	17.1
Seq7262_293_bp_-1_2_1	ENA|AAR37016|AAR37016.1	40.00	10	6	0	2	11	980	989	6.1	17.8
Seq7262_293_bp_-1_2_1	ENA|AAB66912|AAB66912.1	40.00	10	6	0	2	11	95	104	6.4	16.4
Seq7262_293_bp_-1_2_1	ENA|ABN10845|ABN10845.1	44.44	9	5	0	3	11	134	142	6.5	14.3
Seq7262_293_bp_-1_2_1	ENA|AAS77176|AAS77176.1	57.14	7	3	0	1	7	111	117	8.5	14.3
Seq7262_293_bp_-1_2_2	ENA|EDO47375|EDO47375.1	22.86	35	27	0	24	58	73	107	0.048	23.8
Seq7262_293_bp_-1_2_2	ENA|BAA36759|BAA36759.1	41.18	17	10	0	3	19	150	166	0.92	20.1
Seq7262_293_bp_-1_2_2	ENA|AAC97205|AAC97205.1	45.45	25	12	3	4	28	693	714	2.7	20.6
Seq7262_293_bp_-1_2_2	ENA|BAB79260|BAB79260.1	54.55	11	5	0	40	50	55	65	4.1	18.5
Seq7262_293_bp_-1_2_2	ENA|CAA45199|CAA45199.1	60.00	10	4	0	3	12	452	461	4.3	18.5
Seq7262_293_bp_-1_2_2	ENA|CCP43727|CCP43727.1	54.55	11	5	0	47	57	270	280	6.1	17.5
Seq7262_293_bp_-1_2_2	ENA|ABD49687|ABD49687.1	23.53	34	26	0	3	36	111	144	7.4	19.6
Seq7262_293_bp_-1_2_2	ENA|ABN10845|ABN10845.1	50.00	10	5	0	3	12	80	89	8.1	16.5
Seq7262_293_bp_-1_2_2	ENA|AAA72732|AAA72732.1	30.77	13	9	0	21	33	301	313	8.1	17.0
Seq7262_293_bp_-1_2_2	ENA|AAC40132|AAC40132.1	63.64	11	4	0	51	61	101	111	8.6	17.5
Seq7262_293_bp_-1_2_2	ENA|AAA42531|AAA42531.1	25.93	27	20	0	20	46	120	146	9.9	17.0
