Seq7613_242_bp_1_0_0	ABD49687.1	66.67	12	4	0	60	71	1133	1144	0.7	23.4
Seq7613_242_bp_1_0_0	CAA43372.1	50.00	10	5	0	12	21	18	27	0.71	21.3
Seq7613_242_bp_1_0_0	CAD53387.1	41.94	37	18	6	31	63	19	53	0.86	21.3
Seq7613_242_bp_1_0_0	BAA32956.1	37.50	16	10	0	62	77	155	170	1	19.8
Seq7613_242_bp_1_0_0	AAA26915.1	50.00	10	5	0	60	69	453	462	1.1	20.8
Seq7613_242_bp_1_0_0	AAI27517.1	83.33	6	1	0	2	7	321	326	1.4	20.8
Seq7613_242_bp_1_0_0	AAC08817.1	43.75	16	9	0	3	18	149	164	3.3	17.7
Seq7613_242_bp_1_0_0	AAA36565.1	33.33	29	18	2	32	60	80	106	3.4	17.7
Seq7613_242_bp_1_0_0	ABN10845.1	50.00	8	4	0	73	80	192	199	4.4	17.7
Seq7613_242_bp_1_0_0	CAA74140.1	42.86	14	8	0	50	63	308	321	4.5	19.8
Seq7613_242_bp_1_0_0	CAA45199.1	33.33	19	12	1	36	54	422	439	4.6	18.8
Seq7613_242_bp_1_0_0	AAC78721.1	35.71	14	9	0	44	57	594	607	4.7	19.3
Seq7613_242_bp_1_0_0	CAA73529.1	28.57	22	15	1	51	71	162	183	5.5	17.7
Seq7613_242_bp_1_0_0	AEE27845.1	36.84	19	12	0	37	55	638	656	6.6	19.8
Seq7613_242_bp_1_0_0	AAA18786.1	75.00	8	2	0	60	67	237	244	7.5	17.2
Seq7613_242_bp_1_0_0	AAA32376.1	50.00	8	4	0	51	58	93	100	9.7	16.2
Seq7613_242_bp_1_0_0	ACH70904.1	30.43	23	16	0	57	79	152	174	9.9	17.2
Seq7613_242_bp_1_1_0	AAR31603.1	42.86	14	8	0	42	55	229	242	0.32	22.1
Seq7613_242_bp_1_1_0	CAD53387.1	44.44	18	10	0	43	60	460	477	0.34	22.6
Seq7613_242_bp_1_1_0	ABL74574.1	71.43	7	2	0	33	39	112	118	0.4	21.6
Seq7613_242_bp_1_1_0	AAQ92751.2	50.00	14	7	0	42	55	759	772	0.47	23.6
Seq7613_242_bp_1_1_0	AAC97205.1	43.75	16	9	0	39	54	214	229	0.84	22.6
Seq7613_242_bp_1_1_0	ABD49687.1	47.37	20	10	1	39	58	283	301	1.7	22.1
Seq7613_242_bp_1_1_0	AAA42531.1	57.14	7	3	0	12	18	142	148	2.2	19.5
Seq7613_242_bp_1_1_0	ACT10338.1	45.45	11	6	0	58	68	117	127	2.2	19.5
Seq7613_242_bp_1_1_0	BAA32956.1	52.94	21	8	4	54	74	182	198	3.4	18.0
Seq7613_242_bp_1_1_0	AAB26998.1	57.14	7	3	0	66	72	32	38	3.6	16.5
Seq7613_242_bp_1_1_0	ABK71357.1	75.00	9	2	1	58	65	196	204	4.1	18.5
Seq7613_242_bp_1_1_0	AAI27517.1	54.55	11	5	0	41	51	209	219	4.6	19.0
Seq7613_242_bp_1_1_0	BAB70780.1	38.46	13	8	0	6	18	303	315	5.3	18.5
Seq7613_242_bp_1_1_0	AAC78721.1	58.33	12	5	0	44	55	569	580	7.3	18.5
Seq7613_242_bp_1_1_0	CAA04196.1	20.83	24	19	0	41	64	173	196	9	17.5
Seq7613_242_bp_1_2_0	AAR37016.1	100.00	80	0	0	1	80	635	714	2.4e-59	218.1
Seq7613_242_bp_1_2_0	AAA45888.1	19.05	43	34	1	33	75	244	285	0.13	23.7
Seq7613_242_bp_1_2_0	AAF01122.1	55.56	9	4	0	22	30	195	203	0.81	21.0
Seq7613_242_bp_1_2_0	CAA74140.1	62.50	8	3	0	25	32	2	9	1.4	21.5
Seq7613_242_bp_1_2_0	BAE97662.1	35.00	20	13	0	39	58	44	63	1.7	21.5
Seq7613_242_bp_1_2_0	AAA42531.1	45.45	11	6	0	9	19	323	333	1.8	19.9
Seq7613_242_bp_1_2_0	AAA25966.1	46.15	13	7	0	56	68	505	517	3.2	19.9
Seq7613_242_bp_1_2_0	ACH70904.1	33.33	15	10	0	45	59	41	55	4.9	18.3
Seq7613_242_bp_1_2_0	EDO47375.1	50.00	10	5	0	69	78	17	26	5.3	17.2
Seq7613_242_bp_1_2_0	CAA45199.1	28.57	14	10	0	19	32	140	153	8.9	17.8
Seq7613_242_bp_1_2_0	AAB64315.2	27.78	18	13	0	63	80	177	194	9	17.2
Seq7613_242_bp_1_2_0	AAR31603.1	17.24	29	24	0	49	77	244	272	9	17.2
Seq7613_242_bp_-1_0_0	AAX84812.1	46.15	13	7	0	2	14	168	180	2.3	17.7
Seq7613_242_bp_-1_0_0	AAQ92751.2	75.00	8	2	0	13	20	677	684	2.4	20.2
Seq7613_242_bp_-1_0_0	AAA45888.1	55.56	9	4	0	19	27	140	148	2.7	18.2
Seq7613_242_bp_-1_0_0	BAA32991.1	57.14	7	3	0	28	34	4	10	3.9	15.2
Seq7613_242_bp_-1_0_0	BAA32018.1	50.00	10	5	0	20	29	19	28	4.4	18.2
Seq7613_242_bp_-1_0_0	AAA24142.1	36.36	11	7	0	3	13	270	280	4.5	17.7
Seq7613_242_bp_-1_0_0	ABD33854.1	50.00	8	4	0	19	26	15	22	5	14.7
Seq7613_242_bp_-1_0_0	AAA18786.1	36.36	11	7	0	18	28	165	175	5.2	16.7
Seq7613_242_bp_-1_0_0	BAB17681.1	40.00	10	6	0	17	26	11	20	5.4	16.7
Seq7613_242_bp_-1_0_0	ABN10845.1	23.08	26	20	0	2	27	26	51	6	16.2
Seq7613_242_bp_-1_0_0	AEE27845.1	36.36	11	7	0	16	26	1093	1103	6.7	18.7
Seq7613_242_bp_-1_0_0	AAX12058.1	38.46	13	8	0	3	15	32	44	7.5	16.2
Seq7613_242_bp_-1_0_0	CAA43372.1	100.00	5	0	0	8	12	97	101	7.9	16.7
Seq7613_242_bp_-1_0_0	AAC78721.1	38.46	13	8	0	13	25	539	551	9	17.2
Seq7613_242_bp_-1_0_1	BAA32956.1	40.00	15	9	0	21	35	182	196	1.2	18.5
Seq7613_242_bp_-1_0_1	CAD53387.1	71.43	7	2	0	25	31	47	53	2	19.0
Seq7613_242_bp_-1_0_1	CAA74140.1	47.06	17	9	0	18	34	683	699	3.6	19.0
Seq7613_242_bp_-1_0_1	AAA23282.1	50.00	6	3	0	14	19	125	130	4.4	18.0
Seq7613_242_bp_-1_0_1	AAA25966.1	44.44	9	5	0	22	30	5	13	5.5	18.0
Seq7613_242_bp_-1_0_1	AAI27517.1	45.45	11	6	0	25	35	293	303	6.3	17.5
Seq7613_242_bp_-1_0_1	ABN10845.1	55.56	9	4	0	23	31	202	210	6.6	16.0
Seq7613_242_bp_-1_0_1	AAA32376.1	41.67	12	7	0	21	32	21	32	7.4	15.5
Seq7613_242_bp_-1_0_1	AAQ92751.2	36.36	11	7	0	22	32	783	793	7.4	18.5
Seq7613_242_bp_-1_0_1	AAA42531.1	54.55	11	5	0	26	36	289	299	8.2	16.5
Seq7613_242_bp_-1_0_1	AAC97205.1	50.00	10	5	0	7	16	861	870	9.1	18.0
Seq7613_242_bp_-1_1_0	CAA45199.1	50.00	6	3	0	15	20	65	70	0.52	20.2
Seq7613_242_bp_-1_1_0	BAB17681.1	66.67	6	2	0	14	19	185	190	0.95	18.5
Seq7613_242_bp_-1_1_0	AAB26998.1	50.00	10	5	0	14	23	12	21	1.3	16.3
Seq7613_242_bp_-1_1_0	CAA11507.1	33.33	12	8	0	8	19	284	295	1.5	20.2
Seq7613_242_bp_-1_1_0	ABD49687.1	50.00	14	7	0	8	21	117	130	1.9	20.2
Seq7613_242_bp_-1_1_0	AAR31603.1	57.14	7	3	0	16	22	152	158	2.4	17.4
Seq7613_242_bp_-1_1_0	CAA74140.1	66.67	9	3	0	7	15	487	495	4.6	18.0
Seq7613_242_bp_-1_1_0	AAA24142.1	33.33	12	8	0	6	17	292	303	4.8	16.8
Seq7613_242_bp_-1_1_0	BAA32956.1	30.00	22	14	2	1	22	11	30	4.9	15.7
Seq7613_242_bp_-1_1_0	ABN10845.1	100.00	3	0	0	19	21	56	58	5	15.7
Seq7613_242_bp_-1_1_0	AAB64315.2	42.86	7	4	0	16	22	29	35	5.2	16.3
Seq7613_242_bp_-1_1_0	ABK71357.1	45.45	12	6	1	7	17	133	144	5.8	16.3
Seq7613_242_bp_-1_1_0	AAF01122.1	50.00	6	3	0	14	19	15	20	5.9	16.3
Seq7613_242_bp_-1_1_0	AAA45888.1	80.00	5	1	0	18	22	96	100	6	16.3
Seq7613_242_bp_-1_1_0	AAC17860.1	66.67	6	2	0	18	23	36	41	6.4	16.3
Seq7613_242_bp_-1_1_0	AAH69556.1	75.00	4	1	0	17	20	171	174	6.9	15.7
Seq7613_242_bp_-1_1_0	AAR37016.1	50.00	8	4	0	16	23	1578	1585	7.7	18.5
Seq7613_242_bp_-1_1_0	AAA36565.1	80.00	5	1	0	19	23	41	45	8.1	14.6
Seq7613_242_bp_-1_1_0	AAA42531.1	42.86	7	4	0	17	23	122	128	8.7	15.7
Seq7613_242_bp_-1_1_0	CAA73529.1	26.32	19	14	0	4	22	215	233	9	15.2
Seq7613_242_bp_-1_1_1	AAH69556.1	28.57	14	10	0	12	25	79	92	3.4	17.1
Seq7613_242_bp_-1_1_1	AAB64315.2	83.33	6	1	0	22	27	30	35	3.6	17.1
Seq7613_242_bp_-1_1_1	ACH70904.1	40.00	15	9	0	13	27	117	131	4	17.1
Seq7613_242_bp_-1_1_1	ABD33854.1	38.46	13	8	0	15	27	31	43	4.3	14.5
Seq7613_242_bp_-1_1_1	AAR37016.1	36.36	22	14	0	1	22	142	163	8.4	18.7
Seq7613_242_bp_-1_1_1	ABD49687.1	50.00	12	6	0	17	28	1580	1591	8.7	18.2
Seq7613_242_bp_-1_1_1	AAC97205.1	36.36	11	7	0	9	19	953	963	9	17.6
Seq7613_242_bp_-1_1_1	CAA11507.1	28.57	21	15	0	2	22	667	687	9.9	17.6
Seq7613_242_bp_-1_1_2	AAC17860.1	26.09	23	17	0	5	27	132	154	4	17.2
Seq7613_242_bp_-1_1_2	AAA26915.1	44.44	9	5	0	16	24	256	264	6.4	16.7
Seq7613_242_bp_-1_1_2	AAA42531.1	66.67	6	2	0	19	24	210	215	7.6	16.2
Seq7613_242_bp_-1_1_2	AAI27517.1	28.57	22	15	1	7	27	373	394	7.9	16.7
Seq7613_242_bp_-1_2_0	BAA32018.1	40.74	32	16	5	43	72	506	534	2	20.4
Seq7613_242_bp_-1_2_0	AAC78721.1	60.00	10	4	0	10	19	587	596	2.9	20.0
Seq7613_242_bp_-1_2_0	CAD53387.1	33.33	21	14	0	57	77	444	464	3	19.5
Seq7613_242_bp_-1_2_0	AAA25966.1	47.06	17	9	0	22	38	21	37	3.1	20.0
Seq7613_242_bp_-1_2_0	ABD49687.1	38.10	22	13	1	57	78	197	217	5.3	20.4
Seq7613_242_bp_-1_2_0	EDO47375.1	34.62	27	17	1	50	76	68	93	5.6	17.2
Seq7613_242_bp_-1_2_0	BAA32956.1	45.45	11	6	0	46	56	36	46	6.2	17.2
Seq7613_242_bp_-1_2_0	CAA43372.1	100.00	5	0	0	30	34	305	309	8.6	17.6
Seq7613_242_bp_-1_2_0	AAA26915.1	62.50	8	3	0	28	35	69	76	9.6	17.6
