Seq10052_505_bp_1_0_0	ENA|ABN10845|ABN10845.1	50.00	10	5	0	1	10	115	124	0.18	19.7
Seq10052_505_bp_1_0_0	ENA|CAA28033|CAA28033.1	60.00	10	4	0	3	12	983	992	0.23	21.9
Seq10052_505_bp_1_0_0	ENA|AAC40132|AAC40132.1	66.67	6	2	0	2	7	381	386	0.24	20.4
Seq10052_505_bp_1_0_0	ENA|AAC40132|AAC40132.1	85.71	7	1	0	5	11	442	448	0.39	19.7
Seq10052_505_bp_1_0_0	ENA|BAA05866|BAA05866.1	45.45	11	6	0	1	11	278	288	0.25	19.7
Seq10052_505_bp_1_0_0	ENA|CCP43727|CCP43727.1	80.00	5	1	0	8	12	305	309	0.45	18.9
Seq10052_505_bp_1_0_0	ENA|AAC49865|AAC49865.1	83.33	6	1	0	6	11	283	288	0.45	18.9
Seq10052_505_bp_1_0_0	ENA|AAA18786|AAA18786.1	80.00	5	1	0	8	12	263	267	0.6	18.2
Seq10052_505_bp_1_0_0	ENA|CAA43419|CAA43419.1	66.67	6	2	0	5	10	194	199	0.83	18.2
Seq10052_505_bp_1_0_0	ENA|AAC17860|AAC17860.1	50.00	6	3	0	2	7	104	109	0.92	18.2
Seq10052_505_bp_1_0_0	ENA|AAC97205|AAC97205.1	50.00	10	5	0	1	10	196	205	1	19.7
Seq10052_505_bp_1_0_0	ENA|BAB79260|BAB79260.1	66.67	6	2	0	5	10	397	402	1	18.2
Seq10052_505_bp_1_0_0	ENA|CAA24711|CAA24711.1	60.00	5	2	0	5	9	41	45	1.1	16.7
Seq10052_505_bp_1_0_0	ENA|ABD33854|ABD33854.1	100.00	3	0	0	1	3	28	30	1.1	15.3
Seq10052_505_bp_1_0_0	ENA|ABK71357|ABK71357.1	66.67	6	2	0	6	11	71	76	1.4	17.5
Seq10052_505_bp_1_0_0	ENA|EDO47375|EDO47375.1	100.00	4	0	0	9	12	31	34	1.9	16.0
Seq10052_505_bp_1_0_0	ENA|AAR31603|AAR31603.1	57.14	7	3	0	6	12	264	270	2	16.7
Seq10052_505_bp_1_0_0	ENA|AAB66912|AAB66912.1	40.00	10	6	0	1	10	491	500	2.1	18.2
Seq10052_505_bp_1_0_0	ENA|BAA32018|BAA32018.1	50.00	10	5	0	2	11	286	295	2.3	17.5
Seq10052_505_bp_1_0_0	ENA|ACT10338|ACT10338.1	60.00	5	2	0	8	12	292	296	2.4	16.7
Seq10052_505_bp_1_0_0	ENA|BAA32991|BAA32991.1	42.86	7	4	0	4	10	13	19	3.2	13.8
Seq10052_505_bp_1_0_0	ENA|AAI27517|AAI27517.1	75.00	4	1	0	6	9	494	497	3.6	16.7
Seq10052_505_bp_1_0_0	ENA|AAC78721|AAC78721.1	57.14	7	3	0	2	8	115	121	4.1	16.7
Seq10052_505_bp_1_0_0	ENA|CAB75732|CAB75732.1	44.44	9	5	0	4	12	634	642	4.2	17.5
Seq10052_505_bp_1_0_0	ENA|AAA25966|AAA25966.1	60.00	5	2	0	4	8	513	517	4.4	16.7
Seq10052_505_bp_1_0_0	ENA|CAA36714|CAA36714.1	80.00	5	1	0	4	8	409	413	4.7	16.0
Seq10052_505_bp_1_0_0	ENA|AAA32624|AAA32624.1	50.00	8	4	0	5	12	177	184	5.2	16.0
Seq10052_505_bp_1_0_0	ENA|CAA26939|CAA26939.1	36.36	11	7	0	1	11	428	438	5.6	16.0
Seq10052_505_bp_1_0_0	ENA|AAC08817|AAC08817.1	44.44	9	5	0	4	12	4	12	7	13.8
Seq10052_505_bp_1_0_0	ENA|AAB03707|AAB03707.1	33.33	9	6	0	2	10	542	550	8	16.7
Seq10052_505_bp_1_0_0	ENA|AAA36114|AAA36114.1	60.00	5	2	0	8	12	189	193	8.2	15.3
Seq10052_505_bp_1_0_0	ENA|AAR37016|AAR37016.1	75.00	4	1	0	7	10	789	792	8.2	17.5
Seq10052_505_bp_1_0_0	ENA|BAA32956|BAA32956.1	75.00	4	1	0	6	9	13	16	9.2	13.8
Seq10052_505_bp_1_0_0	ENA|ABD49687|ABD49687.1	42.86	7	4	0	6	12	1207	1213	9.8	16.7
Seq10052_505_bp_1_0_0	ENA|CAA29956|CAA29956.1	50.00	8	4	0	5	12	117	124	9.8	14.6
Seq10052_505_bp_1_0_1	ENA|CAA11507|CAA11507.1	50.00	14	7	0	21	34	1260	1273	0.27	23.3
Seq10052_505_bp_1_0_1	ENA|AAB96524|AAB96524.1	75.00	8	2	0	20	27	98	105	0.77	18.9
Seq10052_505_bp_1_0_1	ENA|AAC97205|AAC97205.1	33.33	18	12	0	2	19	809	826	3.4	19.4
Seq10052_505_bp_1_0_1	ENA|CAA26939|CAA26939.1	45.45	11	6	0	22	32	97	107	4.9	17.8
Seq10052_505_bp_1_0_1	ENA|AAI27517|AAI27517.1	45.45	11	6	0	10	20	63	73	5	17.8
Seq10052_505_bp_1_0_1	ENA|AAC78721|AAC78721.1	44.44	19	10	1	16	34	144	161	5.7	17.8
Seq10052_505_bp_1_0_1	ENA|AAS77176|AAS77176.1	44.44	9	5	0	17	25	28	36	7.5	16.1
Seq10052_505_bp_1_0_1	ENA|AAR31603|AAR31603.1	35.71	14	9	0	5	18	290	303	8.4	16.1
Seq10052_505_bp_1_0_1	ENA|CCP43727|CCP43727.1	33.33	12	8	0	8	19	100	111	8.4	16.1
Seq10052_505_bp_1_0_1	ENA|AAA18786|AAA18786.1	62.50	8	3	0	9	16	257	264	9.9	15.6
Seq10052_505_bp_1_0_2	ENA|AAB26998|AAB26998.1	57.14	7	3	0	35	41	47	53	0.18	20.7
Seq10052_505_bp_1_0_2	ENA|CAA29956|CAA29956.1	50.00	12	6	0	49	60	367	378	0.26	22.4
Seq10052_505_bp_1_0_2	ENA|AAB66912|AAB66912.1	60.00	10	4	0	46	55	911	920	0.43	23.0
Seq10052_505_bp_1_0_2	ENA|ABD49687|ABD49687.1	66.67	9	3	0	52	60	129	137	0.78	23.0
Seq10052_505_bp_1_0_2	ENA|AAC97205|AAC97205.1	53.85	13	6	0	44	56	679	691	0.84	22.4
Seq10052_505_bp_1_0_2	ENA|BAA32956|BAA32956.1	75.00	8	2	0	15	22	197	204	1.1	19.5
Seq10052_505_bp_1_0_2	ENA|CAA24711|CAA24711.1	25.00	16	12	0	49	64	155	170	1.3	18.9
Seq10052_505_bp_1_0_2	ENA|AAB96524|AAB96524.1	50.00	16	8	0	21	36	48	63	2.1	18.3
Seq10052_505_bp_1_0_2	ENA|CAB75732|CAB75732.1	41.18	17	10	0	48	64	115	131	2.6	20.7
Seq10052_505_bp_1_0_2	ENA|AAC08817|AAC08817.1	40.00	10	6	0	51	60	135	144	2.6	17.8
Seq10052_505_bp_1_0_2	ENA|CAA43419|CAA43419.1	44.00	26	14	1	8	33	24	48	2.7	18.9
Seq10052_505_bp_1_0_2	ENA|CAA28033|CAA28033.1	38.89	18	11	0	32	49	598	615	2.9	20.7
Seq10052_505_bp_1_0_2	ENA|AAI27517|AAI27517.1	46.15	13	7	0	48	60	29	41	2.9	19.5
Seq10052_505_bp_1_0_2	ENA|BAB17681|BAB17681.1	23.53	17	13	0	37	53	150	166	4.5	17.8
Seq10052_505_bp_1_0_2	ENA|AAC78721|AAC78721.1	53.33	16	7	1	20	34	364	379	4.9	18.9
Seq10052_505_bp_1_0_2	ENA|CAA36214|CAA36214.1	43.75	16	9	0	22	37	71	86	5	17.8
Seq10052_505_bp_1_0_2	ENA|BAA05866|BAA05866.1	32.00	25	17	0	6	30	162	186	5	17.8
Seq10052_505_bp_1_0_2	ENA|AAR37016|AAR37016.1	42.86	7	4	0	38	44	514	520	5.1	20.7
Seq10052_505_bp_1_0_2	ENA|AAA36539|AAA36539.1	33.33	18	12	0	45	62	411	428	5.2	18.3
Seq10052_505_bp_1_0_2	ENA|AAC17860|AAC17860.1	37.50	16	10	0	4	19	192	207	6.6	17.8
Seq10052_505_bp_1_0_2	ENA|CAD53387|CAD53387.1	80.00	5	1	0	18	22	43	47	8	17.8
Seq10052_505_bp_1_0_2	ENA|BAA32991|BAA32991.1	66.67	6	2	0	54	59	46	51	8.1	14.9
Seq10052_505_bp_1_0_2	ENA|ACH70901|ACH70901.1	50.00	6	3	0	61	66	95	100	8.5	17.2
Seq10052_505_bp_1_0_2	ENA|CAA26939|CAA26939.1	31.58	19	13	0	41	59	286	304	9	17.8
Seq10052_505_bp_1_0_2	ENA|ACT10338|ACT10338.1	42.86	15	8	1	7	20	83	97	9.1	17.2
Seq10052_505_bp_1_0_3	ENA|AAB03707|AAB03707.1	55.56	9	4	0	3	11	683	691	1.4	19.7
Seq10052_505_bp_1_0_3	ENA|AAC49865|AAC49865.1	55.56	9	4	0	6	14	70	78	1.8	17.3
Seq10052_505_bp_1_0_3	ENA|ABD49687|ABD49687.1	50.00	12	6	0	4	15	240	251	2.7	19.1
Seq10052_505_bp_1_0_3	ENA|BAA05866|BAA05866.1	62.50	8	3	0	6	13	224	231	3.8	16.1
Seq10052_505_bp_1_0_3	ENA|CAA28033|CAA28033.1	44.44	9	5	0	7	15	593	601	4.6	17.9
Seq10052_505_bp_1_0_3	ENA|AAA42531|AAA42531.1	36.36	11	7	0	2	12	42	52	4.7	16.1
Seq10052_505_bp_1_0_3	ENA|CAB75732|CAB75732.1	54.55	11	5	0	2	12	529	539	6.1	17.3
Seq10052_505_bp_1_0_3	ENA|AAA32624|AAA32624.1	55.56	9	4	0	3	11	120	128	6.3	16.1
Seq10052_505_bp_1_0_3	ENA|AAC97205|AAC97205.1	66.67	6	2	0	7	12	1041	1046	6.4	17.3
Seq10052_505_bp_1_0_3	ENA|AAB26998|AAB26998.1	75.00	4	1	0	9	12	39	42	7.4	13.0
Seq10052_505_bp_1_0_3	ENA|AAC40132|AAC40132.1	66.67	6	2	0	8	13	345	350	8.5	15.5
Seq10052_505_bp_1_0_4	ENA|EDO47375|EDO47375.1	66.67	6	2	0	4	9	183	188	0.79	17.8
Seq10052_505_bp_1_0_4	ENA|CAA36214|CAA36214.1	80.00	5	1	0	6	10	154	158	1.9	17.2
Seq10052_505_bp_1_0_4	ENA|BAA05866|BAA05866.1	40.00	10	6	0	6	15	17	26	2.9	16.6
Seq10052_505_bp_1_0_4	ENA|AAC17860|AAC17860.1	57.14	7	3	0	2	8	59	65	3.9	16.6
Seq10052_505_bp_1_0_4	ENA|AAA32624|AAA32624.1	62.50	8	3	0	3	10	106	113	4.9	16.6
Seq10052_505_bp_1_0_4	ENA|AAA25966|AAA25966.1	44.44	9	5	0	9	17	513	521	6.7	16.6
Seq10052_505_bp_1_0_4	ENA|AAA72732|AAA72732.1	35.71	14	9	0	2	15	118	131	6.7	15.4
Seq10052_505_bp_1_0_4	ENA|AAR31603|AAR31603.1	40.00	10	6	0	7	16	36	45	7	15.4
Seq10052_505_bp_1_0_4	ENA|CAA26939|CAA26939.1	44.44	9	5	0	1	9	183	191	8	16.0
Seq10052_505_bp_1_0_4	ENA|AAQ92751|AAQ92751.2	54.55	11	5	0	5	15	391	401	8.3	17.2
Seq10052_505_bp_1_0_4	ENA|BAA32018|BAA32018.1	62.50	8	3	0	5	12	291	298	8.7	16.0
Seq10052_505_bp_1_1_0	ENA|AAF79734|AAF79734.1	75.00	8	2	0	4	11	522	529	0.29	22.5
Seq10052_505_bp_1_1_0	ENA|CAA43419|CAA43419.1	36.84	19	12	0	1	19	180	198	0.37	20.1
Seq10052_505_bp_1_1_0	ENA|CAA11507|CAA11507.1	44.44	18	10	0	2	19	842	859	0.61	21.3
Seq10052_505_bp_1_1_0	ENA|AAR37016|AAR37016.1	46.15	13	7	0	6	18	1371	1383	1	21.3
Seq10052_505_bp_1_1_0	ENA|AAI27517|AAI27517.1	33.33	15	10	0	5	19	133	147	1.3	19.0
Seq10052_505_bp_1_1_0	ENA|BAA32991|BAA32991.1	80.00	5	1	0	1	5	14	18	1.7	15.4
Seq10052_505_bp_1_1_0	ENA|ABK71357|ABK71357.1	50.00	17	7	3	3	19	61	74	1.9	17.8
Seq10052_505_bp_1_1_0	ENA|CAA29956|CAA29956.1	53.85	13	6	0	5	17	179	191	1.9	17.8
Seq10052_505_bp_1_1_0	ENA|AAA42531|AAA42531.1	50.00	12	6	0	1	12	267	278	1.9	17.8
Seq10052_505_bp_1_1_0	ENA|EDO47375|EDO47375.1	50.00	12	6	0	7	18	74	85	2.1	16.6
Seq10052_505_bp_1_1_0	ENA|AAC49865|AAC49865.1	71.43	7	2	0	2	8	15	21	2.5	17.2
Seq10052_505_bp_1_1_0	ENA|CAA24711|CAA24711.1	44.44	9	5	0	3	11	162	170	2.9	16.0
Seq10052_505_bp_1_1_0	ENA|AAC17860|AAC17860.1	66.67	6	2	0	4	9	216	221	4.5	16.6
Seq10052_505_bp_1_1_0	ENA|AAB66912|AAB66912.1	55.56	9	4	0	3	11	519	527	4.6	17.8
Seq10052_505_bp_1_1_0	ENA|AAS77176|AAS77176.1	71.43	7	2	0	11	17	24	30	4.7	16.0
Seq10052_505_bp_1_1_0	ENA|CAA29968|CAA29968.1	36.36	11	7	0	1	11	93	103	4.8	15.4
Seq10052_505_bp_1_1_0	ENA|BAA05866|BAA05866.1	66.67	6	2	0	15	20	263	268	5	16.0
Seq10052_505_bp_1_1_0	ENA|AAC97205|AAC97205.1	66.67	6	2	0	4	9	32	37	6	17.8
Seq10052_505_bp_1_1_0	ENA|AAA18786|AAA18786.1	50.00	8	4	0	5	12	93	100	6.5	15.4
Seq10052_505_bp_1_1_0	ENA|CAA73529|CAA73529.1	100.00	4	0	0	13	16	48	51	6.6	15.4
Seq10052_505_bp_1_1_0	ENA|AAA25966|AAA25966.1	66.67	6	2	0	4	9	718	723	7.7	16.6
Seq10052_505_bp_1_1_0	ENA|ABD49687|ABD49687.1	50.00	10	5	0	9	18	1608	1617	8.1	17.8
Seq10052_505_bp_1_1_0	ENA|AAC08817|AAC08817.1	30.77	13	9	0	4	16	135	147	8.4	14.3
Seq10052_505_bp_1_1_1	ENA|AAA18786|AAA18786.1	34.78	23	15	0	10	32	217	239	0.29	20.9
Seq10052_505_bp_1_1_1	ENA|AAA72732|AAA72732.1	100.00	5	0	0	11	15	299	303	0.51	20.3
Seq10052_505_bp_1_1_1	ENA|AAA25966|AAA25966.1	80.00	5	1	0	7	11	369	373	0.79	20.9
Seq10052_505_bp_1_1_1	ENA|AAR31603|AAR31603.1	31.82	22	15	0	9	30	280	301	1.2	19.2
Seq10052_505_bp_1_1_1	ENA|AAC08817|AAC08817.1	35.71	14	9	0	6	19	132	145	1.2	18.0
Seq10052_505_bp_1_1_1	ENA|AAQ92751|AAQ92751.2	26.09	23	17	0	12	34	984	1006	1.5	20.9
Seq10052_505_bp_1_1_1	ENA|ABD49687|ABD49687.1	50.00	8	4	0	3	10	99	106	1.8	20.9
Seq10052_505_bp_1_1_1	ENA|ABD33854|ABD33854.1	55.56	9	4	0	13	21	35	43	2.4	15.8
Seq10052_505_bp_1_1_1	ENA|CAA45708|CAA45708.1	62.50	8	3	0	28	35	511	518	2.4	20.3
Seq10052_505_bp_1_1_1	ENA|CAA45199|CAA45199.1	66.67	6	2	0	1	6	208	213	2.4	18.6
Seq10052_505_bp_1_1_1	ENA|AAC97205|AAC97205.1	55.56	9	4	0	10	18	18	26	2.9	19.8
Seq10052_505_bp_1_1_1	ENA|AAI27517|AAI27517.1	75.00	10	2	2	1	10	513	520	3	18.6
Seq10052_505_bp_1_1_1	ENA|BAA05866|BAA05866.1	33.33	21	14	0	12	32	205	225	3.5	17.5
Seq10052_505_bp_1_1_1	ENA|AAA24145|AAA24145.1	41.67	12	7	0	20	31	117	128	3.5	18.0
Seq10052_505_bp_1_1_1	ENA|AAR37016|AAR37016.1	45.45	11	6	0	11	21	1768	1778	3.7	20.3
Seq10052_505_bp_1_1_1	ENA|CAD53387|CAD53387.1	80.00	5	1	0	6	10	466	470	3.8	18.0
Seq10052_505_bp_1_1_1	ENA|ACH70901|ACH70901.1	33.33	18	12	0	11	28	103	120	4	17.5
Seq10052_505_bp_1_1_1	ENA|CAA29956|CAA29956.1	100.00	3	0	0	9	11	375	377	4.2	17.5
Seq10052_505_bp_1_1_1	ENA|AAB26998|AAB26998.1	37.50	8	5	0	29	36	42	49	6.2	14.6
Seq10052_505_bp_1_1_1	ENA|CAA26023|CAA26023.1	50.00	8	4	0	7	14	307	314	6.2	16.9
Seq10052_505_bp_1_1_1	ENA|BAA36759|BAA36759.1	71.43	7	2	0	17	23	147	153	6.9	16.3
Seq10052_505_bp_1_1_1	ENA|CAA26939|CAA26939.1	71.43	7	2	0	26	32	121	127	9.1	16.9
Seq10052_505_bp_1_1_1	ENA|AAC17860|AAC17860.1	35.00	20	13	0	1	20	277	296	9.6	16.3
Seq10052_505_bp_1_1_2	ENA|BAA32991|BAA32991.1	42.86	7	4	0	3	9	13	19	1.4	15.9
Seq10052_505_bp_1_1_2	ENA|AAC40132|AAC40132.1	33.33	18	12	0	1	18	430	447	2.8	17.7
Seq10052_505_bp_1_1_2	ENA|AAB96524|AAB96524.1	50.00	8	4	0	14	21	94	101	3.6	15.9
Seq10052_505_bp_1_1_2	ENA|AAR31603|AAR31603.1	66.67	6	2	0	2	7	83	88	4.2	16.5
Seq10052_505_bp_1_1_2	ENA|ABD49687|ABD49687.1	50.00	12	6	0	7	18	1586	1597	4.5	18.8
Seq10052_505_bp_1_1_2	ENA|AAI27517|AAI27517.1	44.44	9	5	0	6	14	306	314	5.1	17.1
Seq10052_505_bp_1_1_2	ENA|AAA72732|AAA72732.1	62.50	8	3	0	9	16	132	139	5.9	15.9
Seq10052_505_bp_1_1_2	ENA|EDO47375|EDO47375.1	44.44	9	5	0	6	14	171	179	7.8	14.8
Seq10052_505_bp_1_1_2	ENA|CCP43727|CCP43727.1	45.45	11	6	0	1	11	175	185	9	15.4
Seq10052_505_bp_1_1_2	ENA|AAC08817|AAC08817.1	44.44	9	5	0	10	18	34	42	9.5	14.2
Seq10052_505_bp_1_1_3	ENA|AAR31603|AAR31603.1	45.00	20	11	0	21	40	250	269	5e-05	34.0
Seq10052_505_bp_1_1_3	ENA|AAC08817|AAC08817.1	47.06	18	9	1	27	44	130	146	0.15	21.4
Seq10052_505_bp_1_1_3	ENA|BAA32956|BAA32956.1	46.67	15	8	0	31	45	184	198	0.2	21.4
Seq10052_505_bp_1_1_3	ENA|AAI27517|AAI27517.1	35.00	20	13	0	20	39	502	521	0.57	21.4
Seq10052_505_bp_1_1_3	ENA|ACT10338|ACT10338.1	33.33	18	12	0	29	46	112	129	1.2	19.7
Seq10052_505_bp_1_1_3	ENA|AAR37016|AAR37016.1	41.18	17	10	0	25	41	2197	2213	1.5	22.0
Seq10052_505_bp_1_1_3	ENA|CAA26023|CAA26023.1	45.45	11	6	0	20	30	15	25	1.8	19.1
Seq10052_505_bp_1_1_3	ENA|CAA11507|CAA11507.1	46.67	15	8	0	30	44	1029	1043	1.9	20.9
Seq10052_505_bp_1_1_3	ENA|AAB66912|AAB66912.1	33.33	12	8	0	19	30	45	56	1.9	20.3
Seq10052_505_bp_1_1_3	ENA|CAA36714|CAA36714.1	31.58	19	13	0	15	33	86	104	3.2	18.6
Seq10052_505_bp_1_1_3	ENA|BAA32991|BAA32991.1	33.33	15	10	0	22	36	14	28	3.4	15.7
Seq10052_505_bp_1_1_3	ENA|AAC26660|AAC26660.1	26.32	19	14	0	7	25	11	29	3.8	17.4
Seq10052_505_bp_1_1_3	ENA|CAL82360|CAL82360.1	57.14	7	3	0	9	15	282	288	3.9	19.7
Seq10052_505_bp_1_1_3	ENA|ABK71357|ABK71357.1	75.00	4	1	0	34	37	350	353	5.5	17.4
Seq10052_505_bp_1_1_3	ENA|AAB26998|AAB26998.1	50.00	8	4	0	22	29	51	58	5.6	15.1
Seq10052_505_bp_1_1_3	ENA|AAA24145|AAA24145.1	80.00	5	1	0	17	21	163	167	6.7	17.4
Seq10052_505_bp_1_1_3	ENA|AAA36539|AAA36539.1	50.00	8	4	0	16	23	136	143	6.9	17.4
Seq10052_505_bp_1_1_3	ENA|ACH70901|ACH70901.1	33.33	15	10	0	17	31	227	241	7.7	16.8
Seq10052_505_bp_1_1_3	ENA|AAS77176|AAS77176.1	40.00	15	9	0	5	19	246	260	9	16.3
Seq10052_505_bp_1_1_3	ENA|ABD33854|ABD33854.1	37.50	8	5	0	39	46	51	58	9.7	14.0
Seq10052_505_bp_1_1_4	ENA|BAA32018|BAA32018.1	44.44	9	5	0	11	19	451	459	1.2	19.2
Seq10052_505_bp_1_1_4	ENA|ABD49687|ABD49687.1	57.14	7	3	0	9	15	1334	1340	1.3	20.4
Seq10052_505_bp_1_1_4	ENA|CAA43419|CAA43419.1	57.14	7	3	0	6	12	344	350	1.6	17.9
Seq10052_505_bp_1_1_4	ENA|AAA36539|AAA36539.1	50.00	6	3	0	9	14	22	27	2.1	17.9
Seq10052_505_bp_1_1_4	ENA|CAA45199|CAA45199.1	57.14	7	3	0	5	11	83	89	4.8	16.6
Seq10052_505_bp_1_1_4	ENA|AAC08817|AAC08817.1	36.36	11	7	0	9	19	84	94	5.9	14.7
Seq10052_505_bp_1_1_4	ENA|BAB79260|BAB79260.1	66.67	6	2	0	14	19	387	392	7	16.0
Seq10052_505_bp_1_1_4	ENA|BAA05866|BAA05866.1	60.00	5	2	0	15	19	269	273	7.4	15.4
Seq10052_505_bp_1_1_4	ENA|AAA32624|AAA32624.1	50.00	6	3	0	5	10	299	304	8	16.0
Seq10052_505_bp_1_1_4	ENA|ABD33854|ABD33854.1	66.67	3	1	0	4	6	51	53	8.6	12.9
Seq10052_505_bp_1_1_4	ENA|AAR37016|AAR37016.1	75.00	4	1	0	8	11	1205	1208	9.6	17.9
Seq10052_505_bp_1_2_0	ENA|AAI27517|AAI27517.1	71.43	7	2	0	1	7	514	520	0.015	24.4
Seq10052_505_bp_1_2_0	ENA|BAA32018|BAA32018.1	80.00	5	1	0	1	5	304	308	0.1	21.7
Seq10052_505_bp_1_2_0	ENA|CAA26023|CAA26023.1	57.14	7	3	0	2	8	278	284	0.16	20.4
Seq10052_505_bp_1_2_0	ENA|AAB66912|AAB66912.1	100.00	4	0	0	1	4	656	659	0.25	21.1
Seq10052_505_bp_1_2_0	ENA|AAB66912|AAB66912.1	100.00	4	0	0	2	5	19	22	0.39	20.4
Seq10052_505_bp_1_2_0	ENA|AAR37016|AAR37016.1	80.00	5	1	0	4	8	1393	1397	0.39	21.7
Seq10052_505_bp_1_2_0	ENA|ABD49687|ABD49687.1	100.00	4	0	0	2	5	620	623	0.72	20.4
Seq10052_505_bp_1_2_0	ENA|AAC97205|AAC97205.1	66.67	6	2	0	2	7	723	728	0.82	19.7
Seq10052_505_bp_1_2_0	ENA|BAA05866|BAA05866.1	44.44	9	5	0	2	10	258	266	0.83	17.7
Seq10052_505_bp_1_2_0	ENA|AAA42531|AAA42531.1	50.00	6	3	0	3	8	53	58	1.7	17.0
Seq10052_505_bp_1_2_0	ENA|AAC08817|AAC08817.1	75.00	4	1	0	1	4	85	88	1.7	15.7
Seq10052_505_bp_1_2_0	ENA|BAA32991|BAA32991.1	100.00	3	0	0	5	7	8	10	1.9	14.3
Seq10052_505_bp_1_2_0	ENA|CAA26939|CAA26939.1	66.67	6	2	0	3	8	562	567	2.4	17.0
Seq10052_505_bp_1_2_0	ENA|AAA18786|AAA18786.1	60.00	5	2	0	1	5	240	244	2.9	15.7
Seq10052_505_bp_1_2_0	ENA|CAA11507|CAA11507.1	66.67	6	2	0	5	10	903	908	3.6	17.7
Seq10052_505_bp_1_2_0	ENA|AAC17860|AAC17860.1	57.14	7	3	0	1	7	273	279	4.4	15.7
Seq10052_505_bp_1_2_0	ENA|AAC78721|AAC78721.1	57.14	7	3	0	2	8	318	324	4.5	16.3
Seq10052_505_bp_1_2_0	ENA|AAA25966|AAA25966.1	60.00	5	2	0	4	8	177	181	4.8	16.3
Seq10052_505_bp_1_2_0	ENA|BAA36759|BAA36759.1	75.00	4	1	0	5	8	271	274	4.9	15.0
Seq10052_505_bp_1_2_0	ENA|CAA45199|CAA45199.1	75.00	4	1	0	3	6	103	106	5	15.7
Seq10052_505_bp_1_2_0	ENA|CAA28033|CAA28033.1	57.14	7	3	0	1	7	55	61	5.4	17.0
Seq10052_505_bp_1_2_0	ENA|CAA24711|CAA24711.1	75.00	4	1	0	5	8	90	93	7.3	13.6
Seq10052_505_bp_1_2_0	ENA|BAB79260|BAB79260.1	75.00	4	1	0	1	4	228	231	7.5	15.0
Seq10052_505_bp_1_2_0	ENA|CAD53387|CAD53387.1	75.00	4	1	0	4	7	462	465	8.3	15.0
Seq10052_505_bp_1_2_0	ENA|AAA36114|AAA36114.1	100.00	3	0	0	3	5	233	235	8.4	15.0
Seq10052_505_bp_1_2_0	ENA|AAA32624|AAA32624.1	60.00	5	2	0	4	8	37	41	8.6	15.0
Seq10052_505_bp_1_2_0	ENA|ACH70901|ACH70901.1	75.00	4	1	0	5	8	8	11	9.4	14.3
Seq10052_505_bp_1_2_0	ENA|CAA45708|CAA45708.1	60.00	5	2	0	2	6	247	251	9.7	16.3
Seq10052_505_bp_1_2_0	ENA|CAA29956|CAA29956.1	57.14	7	3	0	4	10	40	46	9.8	14.3
Seq10052_505_bp_1_2_1	ENA|ABD49687|ABD49687.1	53.85	13	6	0	31	43	91	103	0.011	28.7
Seq10052_505_bp_1_2_1	ENA|AAC97205|AAC97205.1	50.00	10	5	0	6	15	780	789	0.084	25.3
Seq10052_505_bp_1_2_1	ENA|AAI27517|AAI27517.1	50.00	10	5	0	30	39	498	507	0.13	23.6
Seq10052_505_bp_1_2_1	ENA|AAB66912|AAB66912.1	57.89	22	8	3	24	44	507	526	0.67	21.9
Seq10052_505_bp_1_2_1	ENA|AAC26660|AAC26660.1	55.56	9	4	0	40	48	54	62	0.88	19.6
Seq10052_505_bp_1_2_1	ENA|ACT10338|ACT10338.1	35.71	14	9	0	35	48	83	96	0.9	20.2
Seq10052_505_bp_1_2_1	ENA|AAF79734|AAF79734.1	33.33	12	8	0	26	37	110	121	1	21.9
Seq10052_505_bp_1_2_1	ENA|AAR31603|AAR31603.1	35.71	14	9	0	26	39	281	294	1.1	19.6
Seq10052_505_bp_1_2_1	ENA|AAB03707|AAB03707.1	38.10	22	13	1	24	45	134	154	1.5	21.3
Seq10052_505_bp_1_2_1	ENA|AAC08817|AAC08817.1	31.82	22	15	0	27	48	106	127	1.7	17.9
Seq10052_505_bp_1_2_1	ENA|ABK71357|ABK71357.1	57.14	7	3	0	32	38	76	82	1.9	19.1
Seq10052_505_bp_1_2_1	ENA|AAA72732|AAA72732.1	55.56	9	4	0	20	28	46	54	2.3	18.5
Seq10052_505_bp_1_2_1	ENA|AAR37016|AAR37016.1	57.14	7	3	0	29	35	1040	1046	2.5	21.3
Seq10052_505_bp_1_2_1	ENA|CAA26023|CAA26023.1	55.56	9	4	0	34	42	15	23	2.8	18.5
Seq10052_505_bp_1_2_1	ENA|CAA36214|CAA36214.1	50.00	6	3	0	12	17	251	256	4.8	17.4
Seq10052_505_bp_1_2_1	ENA|CAA45708|CAA45708.1	83.33	6	1	0	43	48	705	710	5	19.6
Seq10052_505_bp_1_2_1	ENA|CAA45199|CAA45199.1	25.00	20	15	0	27	46	364	383	5	17.9
Seq10052_505_bp_1_2_1	ENA|CAA43419|CAA43419.1	46.67	15	8	0	16	30	35	49	5.8	17.4
Seq10052_505_bp_1_2_1	ENA|AAS77176|AAS77176.1	37.50	8	5	0	25	32	41	48	6.7	16.8
Seq10052_505_bp_1_2_1	ENA|BAA32956|BAA32956.1	31.25	16	11	0	34	49	158	173	7.2	16.2
Seq10052_505_bp_1_2_1	ENA|AAC40132|AAC40132.1	53.85	13	6	0	10	22	393	405	7.4	17.4
Seq10052_505_bp_1_2_1	ENA|CAD53387|CAD53387.1	31.58	19	13	0	18	36	454	472	7.7	17.4
Seq10052_505_bp_1_2_1	ENA|CAA28033|CAA28033.1	50.00	8	4	0	25	32	487	494	9.1	18.5
Seq10052_505_bp_1_2_1	ENA|AAB96524|AAB96524.1	66.67	6	2	0	35	40	84	89	9.2	15.7
Seq10052_505_bp_1_2_1	ENA|BAA32018|BAA32018.1	60.00	5	2	0	34	38	429	433	9.5	17.4
Seq10052_505_bp_1_2_2	ENA|CAA45199|CAA45199.1	54.55	11	5	0	2	12	88	98	0.011	24.9
Seq10052_505_bp_1_2_2	ENA|CAA45708|CAA45708.1	71.43	7	2	0	3	9	1024	1030	0.062	24.1
Seq10052_505_bp_1_2_2	ENA|AAC08817|AAC08817.1	50.00	6	3	0	2	7	85	90	0.15	19.6
Seq10052_505_bp_1_2_2	ENA|AAC08817|AAC08817.1	66.67	6	2	0	5	10	8	13	0.72	17.3
Seq10052_505_bp_1_2_2	ENA|AAR37016|AAR37016.1	83.33	6	1	0	1	6	410	415	0.28	22.6
Seq10052_505_bp_1_2_2	ENA|CAA24711|CAA24711.1	42.86	7	4	0	4	10	162	168	0.28	18.8
Seq10052_505_bp_1_2_2	ENA|AAR31603|AAR31603.1	80.00	5	1	0	6	10	196	200	0.31	19.6
Seq10052_505_bp_1_2_2	ENA|CAA26023|CAA26023.1	50.00	8	4	0	3	10	10	17	0.37	19.6
Seq10052_505_bp_1_2_2	ENA|CAA29968|CAA29968.1	55.56	9	4	0	2	10	137	145	0.53	18.1
Seq10052_505_bp_1_2_2	ENA|AAI27517|AAI27517.1	50.00	6	3	0	2	7	295	300	0.56	19.6
Seq10052_505_bp_1_2_2	ENA|AAI27517|AAI27517.1	44.44	9	5	0	1	9	513	521	0.56	19.6
Seq10052_505_bp_1_2_2	ENA|AAB66912|AAB66912.1	80.00	5	1	0	5	9	936	940	0.88	19.6
Seq10052_505_bp_1_2_2	ENA|AAC49865|AAC49865.1	50.00	8	4	0	5	12	107	114	0.89	18.1
Seq10052_505_bp_1_2_2	ENA|ABK71357|ABK71357.1	40.00	10	6	0	3	12	73	82	1	18.1
Seq10052_505_bp_1_2_2	ENA|CAA29956|CAA29956.1	57.14	7	3	0	4	10	341	347	1	18.1
Seq10052_505_bp_1_2_2	ENA|AAA36539|AAA36539.1	80.00	5	1	0	6	10	65	69	1.3	18.1
Seq10052_505_bp_1_2_2	ENA|AAA36114|AAA36114.1	100.00	4	0	0	6	9	394	397	1.4	18.1
Seq10052_505_bp_1_2_2	ENA|BAA32018|BAA32018.1	66.67	6	2	0	2	7	316	321	1.7	18.1
Seq10052_505_bp_1_2_2	ENA|BAB79260|BAB79260.1	40.00	10	6	0	2	11	228	237	2.1	17.3
Seq10052_505_bp_1_2_2	ENA|CAA36214|CAA36214.1	42.86	7	4	0	5	11	133	139	2.3	16.5
Seq10052_505_bp_1_2_2	ENA|ABD49687|ABD49687.1	57.14	7	3	0	5	11	543	549	2.7	18.8
Seq10052_505_bp_1_2_2	ENA|BAA32956|BAA32956.1	60.00	5	2	0	6	10	189	193	2.7	15.8
Seq10052_505_bp_1_2_2	ENA|ACH70901|ACH70901.1	44.44	9	5	0	4	12	184	192	2.7	16.5
Seq10052_505_bp_1_2_2	ENA|CAB75732|CAB75732.1	50.00	6	3	0	1	6	190	195	3.1	18.1
Seq10052_505_bp_1_2_2	ENA|AAA25966|AAA25966.1	44.44	9	5	0	5	13	177	185	3.2	17.3
Seq10052_505_bp_1_2_2	ENA|AAC26660|AAC26660.1	37.50	8	5	0	4	11	118	125	3.3	15.8
Seq10052_505_bp_1_2_2	ENA|CAL82360|CAL82360.1	41.67	12	7	0	2	13	216	227	3.4	18.1
Seq10052_505_bp_1_2_2	ENA|CAA36714|CAA36714.1	25.00	8	6	0	5	12	296	303	3.5	16.5
Seq10052_505_bp_1_2_2	ENA|AAC40132|AAC40132.1	80.00	5	1	0	4	8	371	375	3.6	16.5
Seq10052_505_bp_1_2_2	ENA|BAA36759|BAA36759.1	60.00	5	2	0	5	9	151	155	3.7	15.8
Seq10052_505_bp_1_2_2	ENA|AAB96524|AAB96524.1	30.00	10	7	0	2	11	81	90	4	15.0
Seq10052_505_bp_1_2_2	ENA|AAC17860|AAC17860.1	57.14	7	3	0	5	11	23	29	5.2	15.8
Seq10052_505_bp_1_2_2	ENA|AAA18786|AAA18786.1	50.00	6	3	0	3	8	241	246	5.7	15.0
Seq10052_505_bp_1_2_2	ENA|CAA28033|CAA28033.1	45.45	11	6	0	1	11	566	576	5.7	17.3
Seq10052_505_bp_1_2_2	ENA|AAB03707|AAB03707.1	57.14	7	3	0	2	8	865	871	6	17.3
Seq10052_505_bp_1_2_2	ENA|AAQ92751|AAQ92751.2	60.00	5	2	0	5	9	1203	1207	6	17.3
Seq10052_505_bp_1_2_2	ENA|CAD53387|CAD53387.1	75.00	4	1	0	3	6	34	37	6.3	15.8
Seq10052_505_bp_1_2_2	ENA|EDO47375|EDO47375.1	66.67	3	1	0	9	11	54	56	6.7	14.3
Seq10052_505_bp_1_2_2	ENA|CAA43419|CAA43419.1	75.00	4	1	0	7	10	111	114	7.6	15.0
Seq10052_505_bp_1_2_2	ENA|AAA42531|AAA42531.1	40.00	5	3	0	9	13	280	284	8	15.0
Seq10052_505_bp_1_2_2	ENA|AAC97205|AAC97205.1	50.00	6	3	0	6	11	1099	1104	8.9	16.5
Seq10052_505_bp_1_2_2	ENA|AAS77176|AAS77176.1	66.67	3	1	0	3	5	235	237	9.9	14.3
Seq10052_505_bp_1_2_3	ENA|AAC40132|AAC40132.1	37.50	16	10	0	17	32	381	396	0.34	21.3
Seq10052_505_bp_1_2_3	ENA|CAA28033|CAA28033.1	33.33	24	16	0	1	24	246	269	0.92	21.3
Seq10052_505_bp_1_2_3	ENA|BAA05866|BAA05866.1	44.44	18	10	0	14	31	17	34	1.3	18.7
Seq10052_505_bp_1_2_3	ENA|AAC17860|AAC17860.1	25.00	20	15	0	11	30	59	78	5	17.1
Seq10052_505_bp_1_2_3	ENA|CAA36714|CAA36714.1	66.67	9	3	0	4	12	111	119	5.6	17.1
Seq10052_505_bp_1_2_3	ENA|AAA25966|AAA25966.1	36.36	11	7	0	13	23	91	101	6.1	17.7
Seq10052_505_bp_1_2_3	ENA|BAA32991|BAA32991.1	75.00	4	1	0	29	32	66	69	7.1	14.0
Seq10052_505_bp_1_2_4	ENA|CAA11507|CAA11507.1	36.36	22	14	0	8	29	258	279	0.9	21.7
Seq10052_505_bp_1_2_4	ENA|CAL82360|CAL82360.1	42.86	14	8	0	1	14	220	233	1.3	21.1
Seq10052_505_bp_1_2_4	ENA|AAA36114|AAA36114.1	42.86	14	8	0	18	31	234	247	1.7	19.4
Seq10052_505_bp_1_2_4	ENA|CAA26023|CAA26023.1	83.33	6	1	0	9	14	101	106	2.8	18.2
Seq10052_505_bp_1_2_4	ENA|BAB79260|BAB79260.1	83.33	6	1	0	34	39	389	394	3.3	18.2
Seq10052_505_bp_1_2_4	ENA|BAA32956|BAA32956.1	50.00	10	5	0	16	25	106	115	3.4	17.1
Seq10052_505_bp_1_2_4	ENA|ABD49687|ABD49687.1	70.00	10	3	0	15	24	1605	1614	3.7	20.0
Seq10052_505_bp_1_2_4	ENA|AAB03707|AAB03707.1	45.45	11	6	0	7	17	359	369	4.4	19.4
Seq10052_505_bp_1_2_4	ENA|AAB66912|AAB66912.1	33.33	27	18	0	1	27	665	691	4.5	18.8
Seq10052_505_bp_1_2_4	ENA|AAR37016|AAR37016.1	47.06	17	9	0	18	34	1141	1157	5	20.0
Seq10052_505_bp_1_2_4	ENA|CAA26939|CAA26939.1	53.85	13	6	0	26	38	161	173	6	17.7
Seq10052_505_bp_-1_0_0	ENA|ABG75784|ABG75784.1	29.63	27	19	0	4	30	123	149	0.028	24.6
Seq10052_505_bp_-1_0_0	ENA|AAC08817|AAC08817.1	85.71	7	1	0	26	32	76	82	0.59	19.3
Seq10052_505_bp_-1_0_0	ENA|ABD49687|ABD49687.1	53.33	16	7	1	16	31	21	35	3	20.3
Seq10052_505_bp_-1_0_0	ENA|AAS77176|AAS77176.1	44.44	18	10	0	6	23	163	180	3.2	17.6
Seq10052_505_bp_-1_0_0	ENA|BAA32956|BAA32956.1	41.67	12	7	0	24	35	182	193	3.4	17.1
Seq10052_505_bp_-1_0_0	ENA|AAA24145|AAA24145.1	30.77	13	9	0	1	13	266	278	3.5	18.2
Seq10052_505_bp_-1_0_0	ENA|AAR31603|AAR31603.1	66.67	9	3	0	12	20	6	14	3.7	17.6
Seq10052_505_bp_-1_0_0	ENA|AAC17860|AAC17860.1	55.56	9	4	0	28	36	404	412	4.5	17.6
Seq10052_505_bp_-1_0_0	ENA|ABN10845|ABN10845.1	46.15	13	7	0	28	40	182	194	5	16.6
Seq10052_505_bp_-1_0_0	ENA|AAC49865|AAC49865.1	80.00	5	1	0	31	35	29	33	5.2	17.1
Seq10052_505_bp_-1_0_0	ENA|CAA29956|CAA29956.1	71.43	7	2	0	8	14	368	374	6	17.1
Seq10052_505_bp_-1_0_0	ENA|BAA32991|BAA32991.1	38.46	13	8	0	11	23	10	22	6.9	14.4
Seq10052_505_bp_-1_0_0	ENA|CAD53387|CAD53387.1	32.26	33	21	2	6	36	441	473	7.8	17.1
Seq10052_505_bp_-1_0_0	ENA|CAA36214|CAA36214.1	28.57	14	10	0	28	41	151	164	9.8	16.0
Seq10052_505_bp_-1_0_1	ENA|AAB03707|AAB03707.1	40.00	10	6	0	1	10	182	191	0.47	21.2
Seq10052_505_bp_-1_0_1	ENA|BAA36759|BAA36759.1	50.00	12	6	0	2	13	277	288	0.57	18.6
Seq10052_505_bp_-1_0_1	ENA|AAQ92751|AAQ92751.2	42.86	7	4	0	5	11	1295	1301	1.8	19.3
Seq10052_505_bp_-1_0_1	ENA|AAA72732|AAA72732.1	75.00	4	1	0	2	5	296	299	2.3	16.7
Seq10052_505_bp_-1_0_1	ENA|CAA26023|CAA26023.1	60.00	5	2	0	2	6	128	132	2.8	16.7
Seq10052_505_bp_-1_0_1	ENA|BAA32991|BAA32991.1	100.00	4	0	0	1	4	37	40	2.9	14.2
Seq10052_505_bp_-1_0_1	ENA|BAA32018|BAA32018.1	57.14	7	3	0	1	7	149	155	2.9	17.3
Seq10052_505_bp_-1_0_1	ENA|CAA45199|CAA45199.1	100.00	3	0	0	5	7	214	216	3.4	16.7
Seq10052_505_bp_-1_0_1	ENA|BAA05866|BAA05866.1	60.00	5	2	0	4	8	231	235	3.5	16.1
Seq10052_505_bp_-1_0_1	ENA|EDO47375|EDO47375.1	44.44	9	5	0	6	14	48	56	5.1	14.8
Seq10052_505_bp_-1_0_1	ENA|AAC40132|AAC40132.1	66.67	6	2	0	7	12	397	402	5.3	16.1
Seq10052_505_bp_-1_0_1	ENA|CAA11507|CAA11507.1	50.00	10	5	0	1	10	446	455	6.2	17.3
Seq10052_505_bp_-1_0_1	ENA|AAR37016|AAR37016.1	33.33	9	6	0	2	10	202	210	6.9	18.0
Seq10052_505_bp_-1_0_1	ENA|AAA24145|AAA24145.1	44.44	9	5	0	5	13	98	106	7.8	15.4
Seq10052_505_bp_-1_0_1	ENA|CAB75732|CAB75732.1	75.00	8	2	0	7	14	538	545	8.1	16.7
Seq10052_505_bp_-1_0_1	ENA|AAR31603|AAR31603.1	42.86	7	4	0	8	14	321	327	8.5	14.8
Seq10052_505_bp_-1_0_1	ENA|CAA43419|CAA43419.1	22.22	9	7	0	5	13	347	355	9.4	14.8
Seq10052_505_bp_-1_0_1	ENA|AAI27517|AAI27517.1	75.00	4	1	0	5	8	182	185	9.7	15.4
Seq10052_505_bp_-1_0_2	ENA|AAI27517|AAI27517.1	75.00	8	2	0	6	13	544	551	3.2	17.1
Seq10052_505_bp_-1_0_2	ENA|CAA45708|CAA45708.1	55.56	9	4	0	4	12	1102	1110	5.4	17.7
Seq10052_505_bp_-1_0_2	ENA|AAB03707|AAB03707.1	60.00	10	4	0	4	13	1091	1100	7.2	17.1
Seq10052_505_bp_-1_0_2	ENA|BAA32956|BAA32956.1	40.00	10	6	0	2	11	60	69	8.6	14.1
Seq10052_505_bp_-1_0_3	ENA|AAC17860|AAC17860.1	50.00	10	5	0	3	12	131	140	0.84	18.5
Seq10052_505_bp_-1_0_3	ENA|AAA36114|AAA36114.1	83.33	6	1	0	5	10	247	252	1	18.5
Seq10052_505_bp_-1_0_3	ENA|CAA43419|CAA43419.1	55.56	9	4	0	2	10	247	255	1.2	17.8
Seq10052_505_bp_-1_0_3	ENA|CAB75732|CAB75732.1	60.00	10	4	0	3	12	25	34	1.5	19.1
Seq10052_505_bp_-1_0_3	ENA|AAB03707|AAB03707.1	71.43	7	2	0	5	11	1226	1232	1.8	19.1
Seq10052_505_bp_-1_0_3	ENA|BAA32991|BAA32991.1	66.67	6	2	0	7	12	50	55	2	14.6
Seq10052_505_bp_-1_0_3	ENA|CCP43727|CCP43727.1	55.56	9	4	0	5	13	165	173	2.5	16.5
Seq10052_505_bp_-1_0_3	ENA|AAA18786|AAA18786.1	50.00	10	5	0	3	12	30	39	3.2	15.9
Seq10052_505_bp_-1_0_3	ENA|AAR37016|AAR37016.1	57.14	7	3	0	5	11	1693	1699	4.6	18.5
Seq10052_505_bp_-1_0_3	ENA|AAA32624|AAA32624.1	57.14	7	3	0	7	13	178	184	6.1	15.9
Seq10052_505_bp_-1_0_3	ENA|ABN10845|ABN10845.1	36.36	11	7	0	2	12	180	190	6.2	14.6
Seq10052_505_bp_-1_0_3	ENA|ABK71357|ABK71357.1	36.36	11	7	0	3	13	257	267	6.8	15.2
Seq10052_505_bp_-1_0_3	ENA|BAA32956|BAA32956.1	100.00	4	0	0	5	8	39	42	9.2	13.9
Seq10052_505_bp_-1_0_3	ENA|AAQ92751|AAQ92751.2	44.44	9	5	0	4	12	841	849	9.9	16.5
Seq10052_505_bp_-1_0_4	ENA|ABK71357|ABK71357.1	46.67	15	8	0	16	30	44	58	1.1	19.5
Seq10052_505_bp_-1_0_4	ENA|CAA29968|CAA29968.1	71.43	7	2	0	9	15	183	189	1.3	18.4
Seq10052_505_bp_-1_0_4	ENA|CAD53387|CAD53387.1	62.50	8	3	0	19	26	43	50	1.5	19.5
Seq10052_505_bp_-1_0_4	ENA|CAA11507|CAA11507.1	66.67	9	3	0	3	11	1179	1187	1.9	20.6
Seq10052_505_bp_-1_0_4	ENA|AAA25966|AAA25966.1	42.11	21	11	2	9	27	68	88	3.2	18.9
Seq10052_505_bp_-1_0_4	ENA|AAR31603|AAR31603.1	50.00	8	4	0	19	26	157	164	4.5	17.3
Seq10052_505_bp_-1_0_4	ENA|BAA32956|BAA32956.1	57.14	7	3	0	19	25	192	198	6.1	16.2
Seq10052_505_bp_-1_0_4	ENA|AAA72732|AAA72732.1	55.56	9	4	0	24	32	166	174	6.1	16.7
Seq10052_505_bp_-1_0_4	ENA|CAA26939|CAA26939.1	80.00	5	1	0	31	35	402	406	7.6	17.3
Seq10052_505_bp_-1_0_4	ENA|CAL82360|CAL82360.1	54.55	11	5	0	12	22	1057	1067	7.9	18.4
Seq10052_505_bp_-1_0_4	ENA|ABD33854|ABD33854.1	60.00	5	2	0	26	30	1	5	8.2	14.0
Seq10052_505_bp_-1_0_4	ENA|AAB66912|AAB66912.1	53.85	14	6	1	16	28	763	776	8.4	17.8
Seq10052_505_bp_-1_0_4	ENA|AAQ92751|AAQ92751.2	57.14	7	3	0	33	39	223	229	8.5	18.4
Seq10052_505_bp_-1_0_4	ENA|AAA32624|AAA32624.1	40.00	10	6	0	25	34	295	304	9.9	16.7
Seq10052_505_bp_-1_0_5	ENA|CAL82360|CAL82360.1	80.00	5	1	0	4	8	1129	1133	1.5	18.9
Seq10052_505_bp_-1_0_5	ENA|BAB79260|BAB79260.1	100.00	4	0	0	5	8	377	380	2.2	16.8
Seq10052_505_bp_-1_0_5	ENA|AAA32624|AAA32624.1	71.43	7	2	0	1	7	24	30	2.5	16.8
Seq10052_505_bp_-1_0_5	ENA|AAI27517|AAI27517.1	100.00	4	0	0	4	7	449	452	4.4	16.2
Seq10052_505_bp_-1_0_5	ENA|BAA32018|BAA32018.1	50.00	10	5	0	1	10	603	612	4.7	16.2
Seq10052_505_bp_-1_0_5	ENA|AAA25966|AAA25966.1	60.00	5	2	0	4	8	73	77	5.4	16.2
Seq10052_505_bp_-1_0_5	ENA|AAB66912|AAB66912.1	80.00	5	1	0	4	8	615	619	6.9	16.2
Seq10052_505_bp_-1_0_5	ENA|CAA43419|CAA43419.1	57.14	7	3	0	1	7	248	254	6.9	14.8
Seq10052_505_bp_-1_0_5	ENA|ABK71357|ABK71357.1	80.00	5	1	0	5	9	100	104	7	14.8
Seq10052_505_bp_-1_0_5	ENA|ABD49687|ABD49687.1	50.00	8	4	0	1	8	1456	1463	7.8	16.8
Seq10052_505_bp_-1_0_5	ENA|BAB17681|BAB17681.1	50.00	6	3	0	1	6	39	44	8.2	14.1
Seq10052_505_bp_-1_0_5	ENA|AAS77176|AAS77176.1	100.00	3	0	0	6	8	216	218	8.6	14.1
Seq10052_505_bp_-1_0_5	ENA|AAC40132|AAC40132.1	80.00	5	1	0	6	10	235	239	8.8	14.8
Seq10052_505_bp_-1_0_5	ENA|CAD53387|CAD53387.1	80.00	5	1	0	3	7	64	68	9.3	14.8
Seq10052_505_bp_-1_0_5	ENA|AAA36114|AAA36114.1	62.50	8	3	0	1	8	5	12	9.4	14.8
Seq10052_505_bp_-1_1_0	ENA|ACH70901|ACH70901.1	50.00	12	6	0	5	16	91	102	0.094	21.7
Seq10052_505_bp_-1_1_0	ENA|CAA45708|CAA45708.1	63.64	11	4	0	4	14	1275	1285	0.26	22.3
Seq10052_505_bp_-1_1_0	ENA|AAF79734|AAF79734.1	40.00	10	6	0	6	15	57	66	0.57	21.2
Seq10052_505_bp_-1_1_0	ENA|AAR31603|AAR31603.1	57.14	7	3	0	8	14	160	166	3.4	16.4
Seq10052_505_bp_-1_1_0	ENA|CAA28033|CAA28033.1	46.15	13	7	0	4	16	958	970	3.9	18.2
Seq10052_505_bp_-1_1_0	ENA|AAR37016|AAR37016.1	50.00	10	5	0	1	10	1689	1698	6.8	18.2
Seq10052_505_bp_-1_1_0	ENA|CAA36714|CAA36714.1	80.00	5	1	0	12	16	223	227	7	15.8
Seq10052_505_bp_-1_1_0	ENA|AAC40132|AAC40132.1	62.50	8	3	0	1	8	405	412	7.1	15.8
Seq10052_505_bp_-1_1_0	ENA|AAB26998|AAB26998.1	100.00	3	0	0	7	9	77	79	9	12.8
Seq10052_505_bp_-1_1_1	ENA|CAA45199|CAA45199.1	80.00	5	1	0	21	25	80	84	2.9	18.2
Seq10052_505_bp_-1_1_1	ENA|AAR37016|AAR37016.1	66.67	6	2	0	20	25	842	847	3.1	20.4
Seq10052_505_bp_-1_1_1	ENA|AAA72732|AAA72732.1	50.00	10	5	0	4	13	286	295	4.2	17.1
Seq10052_505_bp_-1_1_1	ENA|CAA36714|CAA36714.1	57.14	7	3	0	4	10	222	228	4.2	17.6
Seq10052_505_bp_-1_1_1	ENA|BAB79260|BAB79260.1	83.33	6	1	0	10	15	298	303	6	17.1
Seq10052_505_bp_-1_1_1	ENA|BAA32956|BAA32956.1	50.00	8	4	0	18	25	129	136	6	15.9
Seq10052_505_bp_-1_1_1	ENA|AAC40132|AAC40132.1	100.00	4	0	0	2	5	71	74	6.2	17.1
Seq10052_505_bp_-1_1_1	ENA|ABD33854|ABD33854.1	60.00	5	2	0	28	32	2	6	8.4	13.7
Seq10052_505_bp_-1_1_1	ENA|AAA32624|AAA32624.1	62.50	8	3	0	3	10	198	205	9.8	16.5
Seq10052_505_bp_-1_1_1	ENA|ACH70901|ACH70901.1	57.14	7	3	0	23	29	71	77	9.9	15.9
Seq10052_505_bp_-1_1_2	ENA|ABD49687|ABD49687.1	60.00	10	4	0	3	12	787	796	0.58	21.1
Seq10052_505_bp_-1_1_2	ENA|AAC26660|AAC26660.1	66.67	6	2	0	1	6	80	85	1	17.5
Seq10052_505_bp_-1_1_2	ENA|AAA42531|AAA42531.1	57.14	7	3	0	4	10	237	243	1.5	17.5
Seq10052_505_bp_-1_1_2	ENA|CAA26023|CAA26023.1	62.50	8	3	0	6	13	269	276	3.4	16.3
Seq10052_505_bp_-1_1_2	ENA|CAA45708|CAA45708.1	100.00	5	0	0	5	9	886	890	3.9	18.1
Seq10052_505_bp_-1_1_2	ENA|CAA29968|CAA29968.1	40.00	10	6	0	3	12	87	96	3.9	15.1
Seq10052_505_bp_-1_1_2	ENA|AAA25966|AAA25966.1	66.67	6	2	0	8	13	470	475	4.2	16.9
Seq10052_505_bp_-1_1_2	ENA|ABN10845|ABN10845.1	57.14	7	3	0	6	12	116	122	4.4	15.1
Seq10052_505_bp_-1_1_2	ENA|AAA24145|AAA24145.1	80.00	5	1	0	9	13	91	95	6	15.7
Seq10052_505_bp_-1_1_2	ENA|EDO47375|EDO47375.1	80.00	5	1	0	6	10	15	19	8.3	13.9
Seq10052_505_bp_-1_1_2	ENA|CAA36214|CAA36214.1	75.00	4	1	0	2	5	158	161	8.9	14.5
Seq10052_505_bp_-1_1_2	ENA|CAA36714|CAA36714.1	27.27	11	8	0	2	12	135	145	9	15.1
Seq10052_505_bp_-1_1_2	ENA|AAA72732|AAA72732.1	80.00	5	1	0	4	8	135	139	9.1	14.5
Seq10052_505_bp_-1_1_2	ENA|CCP43727|CCP43727.1	57.14	7	3	0	6	12	249	255	9.5	14.5
Seq10052_505_bp_-1_1_2	ENA|AAC49865|AAC49865.1	25.00	12	9	0	1	12	64	75	9.5	14.5
Seq10052_505_bp_-1_1_2	ENA|CAB75732|CAB75732.1	44.44	9	5	0	2	10	509	517	9.7	16.3
Seq10052_505_bp_-1_1_3	ENA|CAA45199|CAA45199.1	80.00	5	1	0	5	9	410	414	0.14	21.2
Seq10052_505_bp_-1_1_3	ENA|ABD49687|ABD49687.1	66.67	6	2	0	1	6	91	96	0.2	22.6
Seq10052_505_bp_-1_1_3	ENA|CAA29956|CAA29956.1	100.00	3	0	0	4	6	375	377	0.29	19.9
Seq10052_505_bp_-1_1_3	ENA|AAA25966|AAA25966.1	66.67	6	2	0	1	6	318	323	0.35	20.6
Seq10052_505_bp_-1_1_3	ENA|AAA25966|AAA25966.1	100.00	3	0	0	4	6	371	373	0.56	19.9
Seq10052_505_bp_-1_1_3	ENA|AAQ92751|AAQ92751.2	57.14	7	3	0	6	12	1246	1252	0.42	21.2
Seq10052_505_bp_-1_1_3	ENA|ACT10338|ACT10338.1	37.50	8	5	0	6	13	119	126	0.48	19.2
Seq10052_505_bp_-1_1_3	ENA|AAC97205|AAC97205.1	57.14	7	3	0	4	10	998	1004	0.6	20.6
Seq10052_505_bp_-1_1_3	ENA|AAI27517|AAI27517.1	75.00	4	1	0	5	8	539	542	0.73	19.2
Seq10052_505_bp_-1_1_3	ENA|AAC26660|AAC26660.1	60.00	5	2	0	1	5	54	58	1.3	17.2
Seq10052_505_bp_-1_1_3	ENA|BAA32991|BAA32991.1	50.00	8	4	0	6	13	32	39	1.4	15.1
Seq10052_505_bp_-1_1_3	ENA|AAR31603|AAR31603.1	36.36	11	7	0	3	13	17	27	1.6	17.2
Seq10052_505_bp_-1_1_3	ENA|CAA45708|CAA45708.1	83.33	6	1	0	8	13	1438	1443	1.9	19.2
Seq10052_505_bp_-1_1_3	ENA|BAB17681|BAB17681.1	57.14	7	3	0	5	11	189	195	2.2	16.5
Seq10052_505_bp_-1_1_3	ENA|AAC08817|AAC08817.1	75.00	4	1	0	2	5	133	136	3.2	15.1
Seq10052_505_bp_-1_1_3	ENA|BAA05866|BAA05866.1	60.00	5	2	0	3	7	283	287	3.9	15.8
Seq10052_505_bp_-1_1_3	ENA|CAL82360|CAL82360.1	50.00	8	4	0	5	12	802	809	3.9	17.8
Seq10052_505_bp_-1_1_3	ENA|CAD53387|CAD53387.1	100.00	3	0	0	3	5	486	488	6.2	15.8
Seq10052_505_bp_-1_1_3	ENA|CAA28033|CAA28033.1	75.00	4	1	0	3	6	23	26	6.3	17.2
Seq10052_505_bp_-1_1_3	ENA|BAA32956|BAA32956.1	66.67	3	1	0	6	8	91	93	6.6	14.4
Seq10052_505_bp_-1_1_3	ENA|CAA26939|CAA26939.1	57.14	7	3	0	2	8	295	301	7	15.8
Seq10052_505_bp_-1_1_3	ENA|CAA43419|CAA43419.1	55.56	9	4	0	4	12	327	335	7.2	15.1
Seq10052_505_bp_-1_1_3	ENA|AAA36114|AAA36114.1	55.56	9	4	0	5	13	342	350	9.7	15.1
Seq10052_505_bp_-1_1_3	ENA|AAC49865|AAC49865.1	66.67	6	2	0	7	12	139	144	10	14.4
Seq10052_505_bp_-1_1_4	ENA|BAA32991|BAA32991.1	55.56	9	4	0	12	20	33	41	0.41	17.9
Seq10052_505_bp_-1_1_4	ENA|AAF79734|AAF79734.1	54.55	11	5	0	15	25	254	264	4	18.9
Seq10052_505_bp_-1_1_4	ENA|CAA24711|CAA24711.1	36.36	22	14	0	2	23	144	165	8.5	14.7
Seq10052_505_bp_-1_1_5	ENA|AAA36114|AAA36114.1	40.00	15	9	0	6	20	142	156	0.065	23.1
Seq10052_505_bp_-1_1_5	ENA|EDO47375|EDO47375.1	46.67	15	8	0	4	18	39	53	0.086	21.3
Seq10052_505_bp_-1_1_5	ENA|AAA24145|AAA24145.1	63.64	11	4	0	6	16	314	324	1.1	18.8
Seq10052_505_bp_-1_1_5	ENA|CCP43727|CCP43727.1	55.56	9	4	0	12	20	123	131	1.2	18.2
Seq10052_505_bp_-1_1_5	ENA|AAQ92751|AAQ92751.2	40.00	10	6	0	1	10	1230	1239	1.5	20.0
Seq10052_505_bp_-1_1_5	ENA|CAA28033|CAA28033.1	40.00	10	6	0	5	14	1130	1139	2.1	19.4
Seq10052_505_bp_-1_1_5	ENA|ABK71357|ABK71357.1	80.00	5	1	0	3	7	210	214	3.2	17.0
Seq10052_505_bp_-1_1_5	ENA|CAA45199|CAA45199.1	80.00	5	1	0	10	14	432	436	4	17.0
Seq10052_505_bp_-1_1_5	ENA|ABN10845|ABN10845.1	100.00	4	0	0	9	12	188	191	4.3	15.8
Seq10052_505_bp_-1_1_5	ENA|AAA32624|AAA32624.1	100.00	4	0	0	12	15	281	284	4.4	17.0
Seq10052_505_bp_-1_1_5	ENA|ACT10338|ACT10338.1	80.00	5	1	0	16	20	209	213	5	16.4
Seq10052_505_bp_-1_1_5	ENA|CAA73529|CAA73529.1	66.67	6	2	0	9	14	50	55	5.4	15.8
Seq10052_505_bp_-1_1_5	ENA|AAA25966|AAA25966.1	50.00	13	6	1	2	14	187	198	6.1	17.0
Seq10052_505_bp_-1_1_5	ENA|ABD49687|ABD49687.1	62.50	8	3	0	5	12	980	987	6.2	18.2
Seq10052_505_bp_-1_1_5	ENA|AAR31603|AAR31603.1	44.44	9	5	0	6	14	225	233	6.4	15.8
Seq10052_505_bp_-1_1_5	ENA|CAA43419|CAA43419.1	45.45	11	6	0	10	20	323	333	7.1	15.8
Seq10052_505_bp_-1_1_5	ENA|BAA32991|BAA32991.1	50.00	6	3	0	7	12	49	54	7.2	13.3
Seq10052_505_bp_-1_1_5	ENA|CAA29956|CAA29956.1	57.14	7	3	0	8	14	82	88	7.2	15.8
Seq10052_505_bp_-1_1_5	ENA|CAA26023|CAA26023.1	45.45	11	6	0	7	17	305	315	7.4	15.8
Seq10052_505_bp_-1_1_5	ENA|AAA18786|AAA18786.1	50.00	6	3	0	2	7	73	78	7.8	15.2
Seq10052_505_bp_-1_1_5	ENA|BAA32018|BAA32018.1	100.00	4	0	0	11	14	54	57	7.9	16.4
Seq10052_505_bp_-1_1_5	ENA|AAC17860|AAC17860.1	50.00	8	4	0	10	17	146	153	7.9	15.8
Seq10052_505_bp_-1_1_5	ENA|AAR37016|AAR37016.1	44.44	19	10	1	2	19	1801	1819	8.3	18.2
Seq10052_505_bp_-1_1_5	ENA|AAC78721|AAC78721.1	80.00	5	1	0	9	13	566	570	8.4	16.4
Seq10052_505_bp_-1_1_5	ENA|CAA29968|CAA29968.1	66.67	6	2	0	4	9	68	73	8.6	14.5
Seq10052_505_bp_-1_1_5	ENA|AAC97205|AAC97205.1	35.71	14	9	0	3	16	198	211	10	17.0
Seq10052_505_bp_-1_2_0	ENA|ABN10845|ABN10845.1	42.86	14	8	0	2	15	204	217	1.4	17.0
Seq10052_505_bp_-1_2_0	ENA|AAC40132|AAC40132.1	71.43	7	2	0	7	13	267	273	1.4	18.1
Seq10052_505_bp_-1_2_0	ENA|AAA32624|AAA32624.1	80.00	5	1	0	3	7	282	286	2.3	17.6
Seq10052_505_bp_-1_2_0	ENA|CAA29968|CAA29968.1	41.67	12	7	0	4	15	13	24	2.6	15.9
Seq10052_505_bp_-1_2_0	ENA|CAA26023|CAA26023.1	42.86	14	8	0	2	15	73	86	3.5	16.5
Seq10052_505_bp_-1_2_0	ENA|AAA24145|AAA24145.1	80.00	5	1	0	2	6	260	264	8.6	15.4
Seq10052_505_bp_-1_2_0	ENA|CAA24711|CAA24711.1	35.71	14	9	0	1	14	149	162	10	13.7
Seq10052_505_bp_-1_2_1	ENA|AAA24145|AAA24145.1	71.43	7	2	0	4	10	417	423	0.68	21.3
Seq10052_505_bp_-1_2_1	ENA|AAA25966|AAA25966.1	45.45	11	6	0	29	39	182	192	0.74	21.8
Seq10052_505_bp_-1_2_1	ENA|AAB26998|AAB26998.1	55.56	9	4	0	12	20	20	28	0.77	18.5
Seq10052_505_bp_-1_2_1	ENA|CCP43727|CCP43727.1	38.89	18	11	0	10	27	197	214	2.2	19.1
Seq10052_505_bp_-1_2_1	ENA|AAB96524|AAB96524.1	41.67	12	7	0	23	34	93	104	3.8	17.5
Seq10052_505_bp_-1_2_1	ENA|AAI27517|AAI27517.1	66.67	9	3	0	49	57	378	386	3.9	19.1
Seq10052_505_bp_-1_2_1	ENA|AAC78721|AAC78721.1	38.46	13	8	0	29	41	259	271	4.4	19.1
Seq10052_505_bp_-1_2_1	ENA|CAA36714|CAA36714.1	37.50	24	15	0	25	48	314	337	4.5	18.5
Seq10052_505_bp_-1_2_1	ENA|CAA29956|CAA29956.1	60.00	10	4	0	41	50	1	10	5.2	18.0
Seq10052_505_bp_-1_2_1	ENA|AAA18786|AAA18786.1	43.75	16	9	0	38	53	131	146	5.4	17.5
Seq10052_505_bp_-1_2_1	ENA|CAA24711|CAA24711.1	44.44	9	5	0	39	47	112	120	7.3	16.4
Seq10052_505_bp_-1_2_1	ENA|CAA28033|CAA28033.1	57.14	7	3	0	22	28	235	241	8.2	19.1
Seq10052_505_bp_-1_2_1	ENA|CAA11507|CAA11507.1	38.10	21	13	0	42	62	695	715	8.6	19.1
Seq10052_505_bp_-1_2_1	ENA|AAA36114|AAA36114.1	50.00	8	4	0	11	18	5	12	9.8	17.5
Seq10052_505_bp_-1_2_2	ENA|BAA32956|BAA32956.1	100.00	4	0	0	1	4	185	188	0.42	18.4
Seq10052_505_bp_-1_2_2	ENA|BAA32956|BAA32956.1	100.00	4	0	0	1	4	192	195	0.42	18.4
Seq10052_505_bp_-1_2_2	ENA|BAA32956|BAA32956.1	100.00	4	0	0	1	4	200	203	0.42	18.4
Seq10052_505_bp_-1_2_2	ENA|ACT10338|ACT10338.1	50.00	8	4	0	3	10	96	103	0.77	18.4
Seq10052_505_bp_-1_2_2	ENA|ABK71357|ABK71357.1	55.56	9	4	0	3	11	344	352	1.2	17.7
Seq10052_505_bp_-1_2_2	ENA|BAA36759|BAA36759.1	80.00	5	1	0	2	6	52	56	1.4	17.1
Seq10052_505_bp_-1_2_2	ENA|CAA28033|CAA28033.1	83.33	6	1	0	4	9	1281	1286	1.6	19.0
Seq10052_505_bp_-1_2_2	ENA|AAB03707|AAB03707.1	100.00	4	0	0	1	4	857	860	2.7	18.4
Seq10052_505_bp_-1_2_2	ENA|AAF79734|AAF79734.1	80.00	5	1	0	1	5	407	411	2.8	18.4
Seq10052_505_bp_-1_2_2	ENA|CAA26023|CAA26023.1	80.00	5	1	0	3	7	73	77	2.9	16.4
Seq10052_505_bp_-1_2_2	ENA|ABD49687|ABD49687.1	55.56	9	4	0	2	10	1255	1263	3.3	18.4
Seq10052_505_bp_-1_2_2	ENA|AAS77176|AAS77176.1	37.50	8	5	0	3	10	19	26	5.3	15.1
Seq10052_505_bp_-1_2_2	ENA|AAB96524|AAB96524.1	100.00	3	0	0	1	3	84	86	5.3	14.5
Seq10052_505_bp_-1_2_2	ENA|CAD53387|CAD53387.1	50.00	8	4	0	3	10	47	54	5.8	15.8
Seq10052_505_bp_-1_2_2	ENA|CAA73529|CAA73529.1	75.00	4	1	0	1	4	45	48	7.7	14.5
Seq10052_505_bp_-1_2_2	ENA|AAA25966|AAA25966.1	80.00	5	1	0	1	5	652	656	8.2	15.8
Seq10052_505_bp_-1_2_2	ENA|EDO47375|EDO47375.1	75.00	4	1	0	9	12	127	130	8.3	13.8
Seq10052_505_bp_-1_2_2	ENA|CAA36714|CAA36714.1	60.00	5	2	0	7	11	130	134	8.3	15.1
Seq10052_505_bp_-1_2_2	ENA|AAC40132|AAC40132.1	60.00	5	2	0	1	5	214	218	8.5	15.1
Seq10052_505_bp_-1_2_2	ENA|AAR31603|AAR31603.1	100.00	3	0	0	9	11	18	20	9.1	14.5
Seq10052_505_bp_-1_2_3	ENA|AAC26660|AAC26660.1	55.56	9	4	0	12	20	32	40	0.76	18.7
Seq10052_505_bp_-1_2_3	ENA|ABN10845|ABN10845.1	50.00	11	5	1	11	20	9	19	1.4	17.6
Seq10052_505_bp_-1_2_3	ENA|BAA36759|BAA36759.1	80.00	5	1	0	3	7	18	22	5.6	15.9
Seq10052_505_bp_-1_2_3	ENA|AAI27517|AAI27517.1	45.45	11	6	0	1	11	347	357	7.7	16.5
Seq10052_505_bp_-1_2_4	ENA|AAA36114|AAA36114.1	45.45	11	6	0	1	11	263	273	0.13	21.3
Seq10052_505_bp_-1_2_4	ENA|CAL82360|CAL82360.1	37.50	8	5	0	2	9	1198	1205	0.88	19.8
Seq10052_505_bp_-1_2_4	ENA|AAB03707|AAB03707.1	37.50	8	5	0	1	8	1172	1179	1.5	19.1
Seq10052_505_bp_-1_2_4	ENA|EDO47375|EDO47375.1	42.86	7	4	0	3	9	50	56	1.6	16.2
Seq10052_505_bp_-1_2_4	ENA|AAF79734|AAF79734.1	50.00	8	4	0	3	10	883	890	1.6	19.1
Seq10052_505_bp_-1_2_4	ENA|ABK71357|ABK71357.1	60.00	5	2	0	5	9	238	242	4.9	15.5
Seq10052_505_bp_-1_2_4	ENA|AAA18786|AAA18786.1	60.00	5	2	0	4	8	264	268	5.8	14.8
Seq10052_505_bp_-1_2_4	ENA|ABG75784|ABG75784.1	57.14	7	3	0	1	7	30	36	6.7	14.8
Seq10052_505_bp_-1_2_4	ENA|BAA32956|BAA32956.1	66.67	3	1	0	9	11	130	132	7.4	14.0
Seq10052_505_bp_-1_2_4	ENA|ACH70901|ACH70901.1	30.00	10	7	0	1	10	287	296	7.6	14.8
Seq10052_505_bp_-1_2_4	ENA|CAA43419|CAA43419.1	50.00	6	3	0	1	6	148	153	7.8	14.8
Seq10052_505_bp_-1_2_4	ENA|CAB75732|CAB75732.1	80.00	5	1	0	1	5	895	899	8.9	16.2
Seq10052_505_bp_-1_2_4	ENA|ABD33854|ABD33854.1	100.00	2	0	0	9	10	43	44	9.7	11.9
Seq10052_505_bp_-1_2_4	ENA|CAA28033|CAA28033.1	50.00	4	2	0	7	10	41	44	9.9	16.2
