Seq1884_61_bp_1_0_0	ENA|AAA24145|AAA24145.1	90.00	19	1	9	11	20	408	426	0.31	20.7
Seq1884_61_bp_1_0_0	ENA|AAC17860|AAC17860.1	62.50	8	3	0	8	15	325	332	0.89	19.0
Seq1884_61_bp_1_0_0	ENA|AAA42531|AAA42531.1	71.43	8	2	1	10	16	299	306	6.4	16.0
Seq1884_61_bp_1_0_0	ENA|AAR31603|AAR31603.1	57.14	17	6	3	5	20	54	68	6.8	15.7
Seq1884_61_bp_1_0_0	ENA|CAA45199|CAA45199.1	72.73	18	3	7	2	16	208	221	7.7	16.0
Seq1884_61_bp_1_1_0	ENA|AAR37016|AAR37016.1	100.00	20	0	0	1	20	1393	1412	5.5e-15	68.8
Seq1884_61_bp_1_1_0	ENA|ABN10845|ABN10845.1	64.29	18	5	4	2	19	129	142	2.7	16.5
Seq1884_61_bp_1_1_0	ENA|ABD33854|ABD33854.1	60.00	5	2	0	3	7	50	54	3.3	14.4
Seq1884_61_bp_1_1_0	ENA|AAB96524|AAB96524.1	47.06	18	9	1	4	20	145	162	3.7	15.8
Seq1884_61_bp_1_1_0	ENA|CAA26939|CAA26939.1	63.64	12	4	1	10	20	53	64	4.3	17.2
Seq1884_61_bp_1_1_0	ENA|AAI27517|AAI27517.1	50.00	8	4	0	8	15	239	246	7.1	16.5
Seq1884_61_bp_1_1_0	ENA|AAS77176|AAS77176.1	58.33	16	5	4	8	19	258	273	7.1	15.4
Seq1884_61_bp_1_1_0	ENA|ABK71357|ABK71357.1	50.00	19	8	3	2	18	307	324	7.2	15.8
Seq1884_61_bp_1_1_0	ENA|ABG75784|ABG75784.1	50.00	11	5	1	9	19	14	23	7.6	15.4
Seq1884_61_bp_1_1_0	ENA|AAF79734|AAF79734.1	57.14	7	3	0	4	10	940	946	8.3	17.5
Seq1884_61_bp_1_1_0	ENA|CAA73529|CAA73529.1	42.86	7	4	0	10	16	92	98	8.4	15.1
Seq1884_61_bp_1_1_0	ENA|AAA36114|AAA36114.1	60.00	10	4	0	8	17	211	220	9.6	15.8
Seq1884_61_bp_1_2_0	ENA|CAA26023|CAA26023.1	66.67	11	3	2	9	17	164	174	0.038	23.4
Seq1884_61_bp_1_2_0	ENA|BAB79260|BAB79260.1	50.00	16	7	2	2	17	195	208	0.3	20.7
Seq1884_61_bp_1_2_0	ENA|BAB79260|BAB79260.1	71.43	7	2	0	12	18	438	444	0.87	19.1
Seq1884_61_bp_1_2_0	ENA|ABD33854|ABD33854.1	62.50	9	3	1	2	9	36	44	0.36	17.6
Seq1884_61_bp_1_2_0	ENA|AAC40132|AAC40132.1	63.64	13	4	2	7	19	420	430	0.41	20.3
Seq1884_61_bp_1_2_0	ENA|AAC97205|AAC97205.1	50.00	8	4	0	8	15	764	771	0.48	21.4
Seq1884_61_bp_1_2_0	ENA|AAA32624|AAA32624.1	80.00	5	1	0	12	16	510	514	0.59	19.9
Seq1884_61_bp_1_2_0	ENA|CAA73529|CAA73529.1	66.67	6	2	0	7	12	207	212	1.2	18.0
Seq1884_61_bp_1_2_0	ENA|AAR37016|AAR37016.1	46.15	13	7	0	5	17	2010	2022	1.2	21.1
Seq1884_61_bp_1_2_0	ENA|ABN10845|ABN10845.1	100.00	9	0	4	8	16	53	57	1.2	17.6
Seq1884_61_bp_1_2_0	ENA|CCP43727|CCP43727.1	71.43	7	2	0	2	8	47	53	2.4	17.2
Seq1884_61_bp_1_2_0	ENA|CAA36714|CAA36714.1	80.00	5	1	0	10	14	278	282	4.3	16.8
Seq1884_61_bp_1_2_0	ENA|BAA32956|BAA32956.1	54.55	12	5	1	7	18	123	133	4.4	15.6
Seq1884_61_bp_1_2_0	ENA|AAC78721|AAC78721.1	85.71	9	1	2	2	8	173	181	4.8	17.2
Seq1884_61_bp_1_2_0	ENA|CAA36214|CAA36214.1	50.00	9	4	1	2	9	166	174	4.8	16.0
Seq1884_61_bp_1_2_0	ENA|BAB17681|BAB17681.1	50.00	6	3	0	7	12	21	26	7.2	15.2
Seq1884_61_bp_1_2_0	ENA|AAQ92751|AAQ92751.2	54.55	12	5	1	1	11	526	537	7.3	17.6
Seq1884_61_bp_1_2_0	ENA|CAA24711|CAA24711.1	57.14	7	3	0	11	17	131	137	9.9	14.1
Seq1884_61_bp_-1_0_0	ENA|AAA72732|AAA72732.1	55.56	9	4	0	9	17	291	299	0.14	21.3
Seq1884_61_bp_-1_0_0	ENA|AAA36114|AAA36114.1	100.00	7	0	1	8	13	88	94	0.17	21.7
Seq1884_61_bp_-1_0_0	ENA|ACT10338|ACT10338.1	54.55	11	5	0	4	14	193	203	0.17	21.3
Seq1884_61_bp_-1_0_0	ENA|ACH70901|ACH70901.1	100.00	4	0	0	3	6	240	243	0.37	20.1
Seq1884_61_bp_-1_0_0	ENA|AAA42531|AAA42531.1	66.67	10	3	1	5	14	267	275	0.4	20.1
Seq1884_61_bp_-1_0_0	ENA|CAA45199|CAA45199.1	75.00	10	2	2	9	16	381	390	0.49	20.1
Seq1884_61_bp_-1_0_0	ENA|CAA11507|CAA11507.1	66.67	6	2	0	3	8	26	31	1.4	20.1
Seq1884_61_bp_-1_0_0	ENA|AAA24145|AAA24145.1	75.00	9	2	1	3	10	130	138	1.4	18.5
Seq1884_61_bp_-1_0_0	ENA|AAA25966|AAA25966.1	60.00	5	2	0	13	17	343	347	3	18.1
Seq1884_61_bp_-1_0_0	ENA|CAL82360|CAL82360.1	83.33	7	1	1	12	18	39	44	3	18.9
Seq1884_61_bp_-1_0_0	ENA|CAB75732|CAB75732.1	80.00	5	1	0	11	15	1127	1131	3.6	18.5
Seq1884_61_bp_-1_0_0	ENA|AAS77176|AAS77176.1	100.00	3	0	0	11	13	183	185	3.6	16.4
Seq1884_61_bp_-1_0_0	ENA|AAA32624|AAA32624.1	83.33	7	1	1	1	6	428	434	3.7	17.3
Seq1884_61_bp_-1_0_0	ENA|AAC97205|AAC97205.1	57.14	7	3	0	1	7	1112	1118	3.8	18.5
Seq1884_61_bp_-1_0_0	ENA|BAA05866|BAA05866.1	83.33	7	1	1	13	18	185	191	3.8	16.4
Seq1884_61_bp_-1_0_0	ENA|ABD33854|ABD33854.1	50.00	6	3	0	10	15	58	63	5.6	13.6
Seq1884_61_bp_-1_0_0	ENA|AAF79734|AAF79734.1	75.00	9	2	1	6	13	1014	1022	5.8	18.1
Seq1884_61_bp_-1_0_0	ENA|BAA32956|BAA32956.1	66.67	6	2	0	13	18	96	101	6	15.2
Seq1884_61_bp_-1_0_0	ENA|AAQ92751|AAQ92751.2	30.77	13	9	0	4	16	447	459	7.2	17.7
Seq1884_61_bp_-1_0_0	ENA|CAA29968|CAA29968.1	50.00	6	3	0	2	7	158	163	7.2	14.8
Seq1884_61_bp_-1_0_0	ENA|BAA32018|BAA32018.1	80.00	5	1	0	4	8	184	188	7.6	16.4
Seq1884_61_bp_-1_0_0	ENA|CAA28033|CAA28033.1	44.44	9	5	0	5	13	936	944	8.8	17.3
Seq1884_61_bp_-1_0_0	ENA|AAA36539|AAA36539.1	100.00	3	0	0	18	20	330	332	9.8	15.6
Seq1884_61_bp_-1_1_0	ENA|BAA05866|BAA05866.1	57.14	14	6	0	7	20	3	16	1.9	17.5
Seq1884_61_bp_-1_1_0	ENA|AAC78721|AAC78721.1	66.67	9	3	0	5	13	419	427	2.6	18.1
Seq1884_61_bp_-1_1_0	ENA|ABD49687|ABD49687.1	57.14	15	6	1	1	14	1313	1327	2.7	19.4
Seq1884_61_bp_-1_1_0	ENA|CAA29956|CAA29956.1	66.67	14	4	2	7	18	314	327	3.5	16.9
Seq1884_61_bp_-1_1_0	ENA|CAA45708|CAA45708.1	71.43	7	2	0	7	13	1183	1189	4.6	18.5
Seq1884_61_bp_-1_1_0	ENA|AAA18786|AAA18786.1	55.56	9	4	0	3	11	219	227	4.8	15.9
Seq1884_61_bp_-1_1_0	ENA|AAF79734|AAF79734.1	66.67	9	3	0	12	20	1165	1173	6.7	17.8
Seq1884_61_bp_-1_1_0	ENA|CAA36214|CAA36214.1	50.00	17	8	1	2	18	63	78	8.2	15.3
Seq1884_61_bp_-1_2_0	ENA|BAA32991|BAA32991.1	75.00	10	2	2	7	14	7	16	0.13	19.1
Seq1884_61_bp_-1_2_0	ENA|CAA28033|CAA28033.1	50.00	13	6	1	1	13	53	64	2.5	19.1
Seq1884_61_bp_-1_2_0	ENA|AAC08817|AAC08817.1	75.00	10	2	2	6	15	118	125	4.1	15.3
Seq1884_61_bp_-1_2_0	ENA|AAC26660|AAC26660.1	66.67	6	2	0	4	9	231	236	5.3	15.6
Seq1884_61_bp_-1_2_0	ENA|CAA26023|CAA26023.1	62.50	8	3	0	10	17	19	26	6.3	15.9
Seq1884_61_bp_-1_2_0	ENA|ACT10338|ACT10338.1	80.00	5	1	0	9	13	28	32	7.9	15.6
Seq1884_61_bp_-1_2_0	ENA|AAR31603|AAR31603.1	53.85	18	6	5	1	13	247	264	8.3	15.3
Seq1884_61_bp_-1_2_0	ENA|AAA24145|AAA24145.1	57.14	7	3	0	1	7	117	123	9.2	15.6
Seq1884_61_bp_-1_2_0	ENA|AAB66912|AAB66912.1	60.00	10	4	0	2	11	507	516	9.6	16.6
