Seq6343_104_bp_1_0_0	ENA|AAF79734|AAF79734.1	100.00	34	0	0	1	34	356	389	1.1e-21	91.1
Seq6343_104_bp_1_0_0	ENA|AAA18786|AAA18786.1	40.91	24	13	2	11	32	189	212	0.17	21.6
Seq6343_104_bp_1_0_0	ENA|CAB75732|CAB75732.1	33.33	30	18	3	1	30	68	94	0.59	21.9
Seq6343_104_bp_1_0_0	ENA|BAA05866|BAA05866.1	44.44	31	15	4	5	34	55	82	1.4	18.7
Seq6343_104_bp_1_0_0	ENA|AAC78721|AAC78721.1	50.00	10	5	0	15	24	513	522	2.9	18.7
Seq6343_104_bp_1_0_0	ENA|BAA32956|BAA32956.1	45.45	11	6	0	22	32	195	205	5.1	16.2
Seq6343_104_bp_1_0_0	ENA|ABD33854|ABD33854.1	40.00	23	12	3	11	30	19	41	5.6	14.4
Seq6343_104_bp_1_0_0	ENA|ACT10338|ACT10338.1	50.00	12	6	0	2	13	202	213	6	16.9
Seq6343_104_bp_1_0_0	ENA|CAA26023|CAA26023.1	62.50	8	3	0	13	20	368	375	7.3	16.5
Seq6343_104_bp_1_0_0	ENA|CAA73529|CAA73529.1	53.85	14	6	1	13	25	49	62	8	15.9
Seq6343_104_bp_1_0_0	ENA|AAS77176|AAS77176.1	43.75	19	9	3	3	18	187	205	8.4	15.9
Seq6343_104_bp_1_0_0	ENA|AAC49865|AAC49865.1	40.00	15	9	0	5	19	145	159	9.5	15.9
Seq6343_104_bp_1_0_0	ENA|AAA36114|AAA36114.1	50.00	12	6	0	19	30	418	429	9.5	16.5
Seq6343_104_bp_1_1_0	ENA|ACT10338|ACT10338.1	58.33	16	5	4	10	21	235	250	0.19	21.2
Seq6343_104_bp_1_1_0	ENA|AAA32624|AAA32624.1	66.67	9	3	0	11	19	117	125	0.43	20.5
Seq6343_104_bp_1_1_0	ENA|AAR37016|AAR37016.1	50.00	10	5	0	10	19	1318	1327	0.71	21.9
Seq6343_104_bp_1_1_0	ENA|AAC78721|AAC78721.1	40.00	15	9	0	1	15	76	90	0.91	19.8
Seq6343_104_bp_1_1_0	ENA|AAA18786|AAA18786.1	80.00	5	1	0	13	17	180	184	1.2	18.0
Seq6343_104_bp_1_1_0	ENA|CAA73529|CAA73529.1	38.89	18	11	0	1	18	225	242	1.3	18.0
Seq6343_104_bp_1_1_0	ENA|AAC26660|AAC26660.1	60.00	10	4	0	12	21	62	71	2	17.2
Seq6343_104_bp_1_1_0	ENA|AAA36539|AAA36539.1	41.18	17	10	0	3	19	226	242	4.6	16.9
Seq6343_104_bp_1_1_0	ENA|AAR31603|AAR31603.1	57.14	7	3	0	9	15	246	252	5.2	16.2
Seq6343_104_bp_1_1_0	ENA|BAB17681|BAB17681.1	33.33	12	8	0	1	12	253	264	5.5	15.8
Seq6343_104_bp_1_1_0	ENA|CAA45708|CAA45708.1	55.56	9	4	0	8	16	856	864	6.8	18.0
Seq6343_104_bp_1_1_0	ENA|AAA24145|AAA24145.1	50.00	10	5	0	3	12	334	343	7.1	16.2
Seq6343_104_bp_1_1_0	ENA|CAA24711|CAA24711.1	31.25	16	11	0	6	21	134	149	7.2	14.7
Seq6343_104_bp_1_1_0	ENA|ABD49687|ABD49687.1	62.50	8	3	0	12	19	766	773	9.5	17.6
Seq6343_104_bp_1_2_0	ENA|AAC26660|AAC26660.1	83.33	6	1	0	1	6	60	65	0.12	20.6
Seq6343_104_bp_1_2_0	ENA|AAQ92751|AAQ92751.2	58.33	13	5	1	2	13	846	858	2.7	18.5
Seq6343_104_bp_1_2_0	ENA|CAA29956|CAA29956.1	60.00	5	2	0	9	13	102	106	3.1	16.4
Seq6343_104_bp_1_2_0	ENA|BAA32991|BAA32991.1	57.14	7	3	0	6	12	22	28	3.2	13.9
Seq6343_104_bp_1_2_0	ENA|AAC78721|AAC78721.1	58.33	14	5	2	2	13	579	592	4.1	16.8
Seq6343_104_bp_1_2_0	ENA|AAI27517|AAI27517.1	50.00	10	5	0	2	11	402	411	4.8	16.4
Seq6343_104_bp_1_2_0	ENA|BAA36759|BAA36759.1	100.00	4	0	0	8	11	127	130	5.5	15.2
Seq6343_104_bp_1_2_0	ENA|ABN10845|ABN10845.1	100.00	3	0	0	10	12	106	108	5.5	14.8
Seq6343_104_bp_1_2_0	ENA|CAA73529|CAA73529.1	100.00	3	0	0	10	12	207	209	6.9	14.8
Seq6343_104_bp_1_2_0	ENA|CAA36214|CAA36214.1	100.00	3	0	0	10	12	279	281	7.6	14.8
Seq6343_104_bp_1_2_0	ENA|CCP43727|CCP43727.1	50.00	8	4	0	4	11	160	167	8.1	14.8
Seq6343_104_bp_1_2_0	ENA|AAB96524|AAB96524.1	55.56	14	4	5	5	13	108	121	8.2	13.9
Seq6343_104_bp_1_2_0	ENA|ABD49687|ABD49687.1	45.45	12	6	1	3	13	1034	1045	9.9	16.8
Seq6343_104_bp_1_2_1	ENA|AAA36539|AAA36539.1	44.44	18	10	0	2	19	393	410	0.06	23.1
Seq6343_104_bp_1_2_1	ENA|CAA36214|CAA36214.1	60.00	12	4	2	10	19	259	270	1	18.3
Seq6343_104_bp_1_2_1	ENA|BAA05866|BAA05866.1	62.50	8	3	0	8	15	64	71	1.7	17.6
Seq6343_104_bp_1_2_1	ENA|AAB03707|AAB03707.1	50.00	20	9	2	2	19	597	616	2.1	19.4
Seq6343_104_bp_1_2_1	ENA|AAA72732|AAA72732.1	50.00	12	6	0	1	12	77	88	2.2	17.2
Seq6343_104_bp_1_2_1	ENA|AAC26660|AAC26660.1	53.33	19	7	4	2	16	198	216	2.3	16.9
Seq6343_104_bp_1_2_1	ENA|AAA36114|AAA36114.1	47.06	22	9	5	1	18	412	432	3.5	17.2
Seq6343_104_bp_1_2_1	ENA|ABG75784|ABG75784.1	41.67	12	7	0	5	16	147	158	4.5	16.1
Seq6343_104_bp_1_2_1	ENA|ACT10338|ACT10338.1	37.50	16	10	0	1	16	353	368	5.6	16.1
Seq6343_104_bp_1_2_1	ENA|CAA73529|CAA73529.1	66.67	6	2	0	12	17	34	39	6.5	15.4
Seq6343_104_bp_1_2_1	ENA|AAA25966|AAA25966.1	83.33	6	1	0	4	9	505	510	7.9	16.5
Seq6343_104_bp_1_2_1	ENA|AAI27517|AAI27517.1	50.00	10	5	0	10	19	427	436	8.3	16.1
Seq6343_104_bp_-1_0_0	ENA|AAB96524|AAB96524.1	55.56	20	8	2	14	31	4	23	1.3	18.1
Seq6343_104_bp_-1_0_0	ENA|AAF79734|AAF79734.1	33.33	33	22	0	1	33	323	355	1.6	20.7
Seq6343_104_bp_-1_0_0	ENA|AAQ92751|AAQ92751.2	50.00	18	8	2	13	30	207	222	1.9	20.4
Seq6343_104_bp_-1_0_0	ENA|AAC08817|AAC08817.1	41.18	19	10	2	16	34	56	72	2.7	16.8
Seq6343_104_bp_-1_0_0	ENA|AAI27517|AAI27517.1	41.18	17	10	0	17	33	339	355	4	18.1
Seq6343_104_bp_-1_0_0	ENA|CAA29956|CAA29956.1	45.45	11	6	0	9	19	170	180	4.1	17.4
Seq6343_104_bp_-1_0_0	ENA|CAL82360|CAL82360.1	36.36	23	14	1	11	32	566	588	4.4	19.1
Seq6343_104_bp_-1_0_0	ENA|AAC17860|AAC17860.1	50.00	17	8	1	8	23	109	125	4.4	17.4
Seq6343_104_bp_-1_0_0	ENA|CCP43727|CCP43727.1	35.71	14	9	0	13	26	279	292	8.5	16.1
Seq6343_104_bp_-1_0_0	ENA|CAA11507|CAA11507.1	66.67	9	3	0	26	34	699	707	8.9	18.1
Seq6343_104_bp_-1_1_0	ENA|AAA42531|AAA42531.1	72.73	13	3	2	22	34	263	273	0.075	23.3
Seq6343_104_bp_-1_1_0	ENA|ABD49687|ABD49687.1	61.11	23	7	5	1	20	214	234	0.14	24.5
Seq6343_104_bp_-1_1_0	ENA|AAC97205|AAC97205.1	62.50	26	6	10	11	26	663	688	0.73	21.6
Seq6343_104_bp_-1_1_0	ENA|AAC49865|AAC49865.1	55.56	13	4	4	10	18	121	133	0.79	19.6
Seq6343_104_bp_-1_1_0	ENA|AAR37016|AAR37016.1	45.83	30	13	6	11	34	1562	1591	0.8	22.5
Seq6343_104_bp_-1_1_0	ENA|BAA32018|BAA32018.1	33.33	15	10	0	19	33	367	381	1.5	19.6
Seq6343_104_bp_-1_1_0	ENA|ACH70901|ACH70901.1	66.67	6	2	0	15	20	218	223	1.5	18.8
Seq6343_104_bp_-1_1_0	ENA|AAB66912|AAB66912.1	71.43	7	2	0	1	7	21	27	1.7	20.0
Seq6343_104_bp_-1_1_0	ENA|BAB17681|BAB17681.1	60.00	5	2	0	8	12	108	112	2	18.0
Seq6343_104_bp_-1_1_0	ENA|CAA28033|CAA28033.1	50.00	14	7	0	2	15	844	857	2.3	20.0
Seq6343_104_bp_-1_1_0	ENA|AAQ92751|AAQ92751.2	22.22	18	14	0	10	27	222	239	2.5	20.0
Seq6343_104_bp_-1_1_0	ENA|AAA36539|AAA36539.1	53.33	22	7	7	6	26	409	424	2.6	18.4
Seq6343_104_bp_-1_1_0	ENA|AAC78721|AAC78721.1	28.57	14	10	0	12	25	253	266	3.7	18.4
Seq6343_104_bp_-1_1_0	ENA|CAA73529|CAA73529.1	30.77	13	9	0	13	25	33	45	4.5	16.8
Seq6343_104_bp_-1_1_0	ENA|AAA72732|AAA72732.1	80.00	5	1	0	30	34	152	156	5.1	16.8
Seq6343_104_bp_-1_1_0	ENA|BAB79260|BAB79260.1	60.00	5	2	0	7	11	406	410	5.6	17.2
Seq6343_104_bp_-1_1_0	ENA|AAA24145|AAA24145.1	80.00	5	1	0	11	15	98	102	5.7	17.2
Seq6343_104_bp_-1_1_0	ENA|ABN10845|ABN10845.1	50.00	8	4	0	27	34	178	185	6.2	16.0
Seq6343_104_bp_-1_1_0	ENA|CAA26023|CAA26023.1	100.00	3	0	0	16	18	195	197	6.2	16.8
Seq6343_104_bp_-1_1_0	ENA|AAA32624|AAA32624.1	25.00	20	15	0	5	24	508	527	6.4	17.2
Seq6343_104_bp_-1_1_0	ENA|AAC17860|AAC17860.1	55.56	9	4	0	2	10	181	189	6.6	16.8
Seq6343_104_bp_-1_1_0	ENA|AAA25966|AAA25966.1	66.67	6	2	0	6	11	213	218	6.7	17.6
Seq6343_104_bp_-1_1_0	ENA|CCP43727|CCP43727.1	33.33	15	10	0	1	15	96	110	7	16.4
Seq6343_104_bp_-1_1_0	ENA|CAA11507|CAA11507.1	33.33	19	12	1	3	21	1289	1306	7.2	18.4
Seq6343_104_bp_-1_1_0	ENA|AAC26660|AAC26660.1	50.00	8	4	0	2	9	1	8	7.2	16.0
Seq6343_104_bp_-1_1_0	ENA|AAC08817|AAC08817.1	40.00	10	6	0	1	10	86	95	7.7	15.2
Seq6343_104_bp_-1_1_0	ENA|CAA43419|CAA43419.1	100.00	5	0	0	2	6	91	95	7.8	16.4
Seq6343_104_bp_-1_1_0	ENA|ABK71357|ABK71357.1	57.14	7	3	0	25	31	47	53	7.9	16.4
Seq6343_104_bp_-1_1_0	ENA|BAA36759|BAA36759.1	33.33	25	12	7	8	32	14	31	8.1	16.0
Seq6343_104_bp_-1_1_0	ENA|CAA26939|CAA26939.1	77.78	14	2	5	19	27	186	199	9	16.8
Seq6343_104_bp_-1_1_0	ENA|ABD33854|ABD33854.1	75.00	4	1	0	28	31	57	60	9.4	13.6
Seq6343_104_bp_-1_2_0	ENA|EDO47375|EDO47375.1	60.00	11	4	1	3	13	27	36	0.23	20.5
Seq6343_104_bp_-1_2_0	ENA|AAC26660|AAC26660.1	70.00	10	3	0	10	19	4	13	0.32	20.5
Seq6343_104_bp_-1_2_0	ENA|AAQ92751|AAQ92751.2	53.85	14	6	1	1	13	1241	1254	0.54	22.2
Seq6343_104_bp_-1_2_0	ENA|BAB79260|BAB79260.1	39.13	25	14	2	7	31	191	213	0.74	20.1
Seq6343_104_bp_-1_2_0	ENA|ABN10845|ABN10845.1	33.33	19	12	1	5	22	18	36	0.85	18.8
Seq6343_104_bp_-1_2_0	ENA|AAA72732|AAA72732.1	54.55	12	5	1	3	14	222	232	0.91	19.3
Seq6343_104_bp_-1_2_0	ENA|ABG75784|ABG75784.1	43.75	20	9	4	14	29	284	303	0.91	19.3
Seq6343_104_bp_-1_2_0	ENA|CAL82360|CAL82360.1	50.00	18	8	2	13	28	373	390	1.2	20.9
Seq6343_104_bp_-1_2_0	ENA|AAA32624|AAA32624.1	35.29	17	11	0	6	22	397	413	2.7	18.4
Seq6343_104_bp_-1_2_0	ENA|AAR37016|AAR37016.1	41.18	18	10	1	4	20	1933	1950	3.8	20.1
Seq6343_104_bp_-1_2_0	ENA|AAF79734|AAF79734.1	38.46	13	8	0	9	21	1346	1358	4.1	19.3
Seq6343_104_bp_-1_2_0	ENA|CAA36714|CAA36714.1	75.00	9	2	1	6	13	456	464	4.2	17.6
Seq6343_104_bp_-1_2_0	ENA|AAA25966|AAA25966.1	75.00	10	2	2	6	13	373	382	4.8	18.0
Seq6343_104_bp_-1_2_0	ENA|AAB96524|AAB96524.1	60.00	5	2	0	4	8	56	60	6.9	15.5
Seq6343_104_bp_-1_2_0	ENA|CAA26023|CAA26023.1	71.43	7	2	0	13	19	63	69	7.9	16.3
Seq6343_104_bp_-1_2_0	ENA|CAA28033|CAA28033.1	36.84	19	12	0	9	27	970	988	8.4	18.0
Seq6343_104_bp_-1_2_0	ENA|AAB03707|AAB03707.1	83.33	7	1	1	5	11	702	707	8.9	18.0
Seq6343_104_bp_-1_2_0	ENA|CCP43727|CCP43727.1	71.43	8	2	1	2	9	122	128	9	15.9
