Seq7937_207_bp_1_0_0	ENA|AAB26998|AAB26998.1	37.50	8	5	0	5	12	36	43	1.9	14.9
Seq7937_207_bp_1_0_0	ENA|AAC08817|AAC08817.1	57.14	7	3	0	2	8	45	51	4.8	14.5
Seq7937_207_bp_1_0_0	ENA|CAA29968|CAA29968.1	60.00	5	2	0	1	5	16	20	5.9	14.5
Seq7937_207_bp_1_0_1	ENA|BAA05866|BAA05866.1	35.71	29	18	1	8	36	148	175	0.035	24.2
Seq7937_207_bp_1_0_1	ENA|AAR37016|AAR37016.1	60.00	10	4	0	10	19	1462	1471	0.087	25.8
Seq7937_207_bp_1_0_1	ENA|CAA36714|CAA36714.1	53.33	15	7	0	21	35	69	83	0.49	21.0
Seq7937_207_bp_1_0_1	ENA|AAA36539|AAA36539.1	55.56	22	8	4	11	28	26	47	0.66	20.6
Seq7937_207_bp_1_0_1	ENA|ABN10845|ABN10845.1	33.33	27	18	0	3	29	18	44	0.91	18.9
Seq7937_207_bp_1_0_1	ENA|AAS77176|AAS77176.1	37.50	16	10	0	5	20	131	146	2.1	18.1
Seq7937_207_bp_1_0_1	ENA|ACT10338|ACT10338.1	50.00	11	5	1	2	12	34	43	2.1	18.5
Seq7937_207_bp_1_0_1	ENA|AAC97205|AAC97205.1	50.00	8	4	0	2	9	993	1000	2.2	20.1
Seq7937_207_bp_1_0_1	ENA|AAB96524|AAB96524.1	41.67	12	7	0	4	15	87	98	2.3	17.3
Seq7937_207_bp_1_0_1	ENA|BAB79260|BAB79260.1	30.77	26	18	0	8	33	101	126	2.5	18.5
Seq7937_207_bp_1_0_1	ENA|BAA32956|BAA32956.1	53.85	13	6	0	4	16	50	62	2.6	17.3
Seq7937_207_bp_1_0_1	ENA|AAA72732|AAA72732.1	50.00	8	4	0	18	25	117	124	3	17.7
Seq7937_207_bp_1_0_1	ENA|AAI27517|AAI27517.1	29.17	25	17	1	12	35	264	288	3.2	18.5
Seq7937_207_bp_1_0_1	ENA|BAB17681|BAB17681.1	38.89	18	11	0	15	32	241	258	3.4	17.3
Seq7937_207_bp_1_0_1	ENA|AAA36114|AAA36114.1	38.46	13	8	0	24	36	397	409	3.6	18.1
Seq7937_207_bp_1_0_1	ENA|CAA28033|CAA28033.1	34.78	24	15	1	2	25	1150	1172	5.2	18.9
Seq7937_207_bp_1_0_1	ENA|AAC40132|AAC40132.1	50.00	8	4	0	15	22	420	427	5.8	17.3
Seq7937_207_bp_1_0_1	ENA|BAA32991|BAA32991.1	50.00	6	3	0	32	37	54	59	5.9	14.5
Seq7937_207_bp_1_0_1	ENA|AAC26660|AAC26660.1	25.00	12	9	0	25	36	239	250	7.1	16.1
Seq7937_207_bp_1_0_1	ENA|AAC78721|AAC78721.1	71.43	7	2	0	30	36	422	428	8.1	17.3
Seq7937_207_bp_1_0_1	ENA|AAA42531|AAA42531.1	25.81	32	23	1	6	37	117	147	8.1	16.5
Seq7937_207_bp_1_0_1	ENA|CAA11507|CAA11507.1	60.00	18	6	3	15	32	1117	1131	9.2	18.1
Seq7937_207_bp_1_0_1	ENA|AAB03707|AAB03707.1	77.78	10	2	1	1	9	1157	1166	9.3	18.1
Seq7937_207_bp_1_0_2	ENA|ACH70901|ACH70901.1	54.55	11	5	0	7	17	80	90	0.28	20.2
Seq7937_207_bp_1_0_2	ENA|AAA25966|AAA25966.1	35.71	14	9	0	3	16	166	179	1.4	19.0
Seq7937_207_bp_1_0_2	ENA|AAB66912|AAB66912.1	50.00	10	5	0	7	16	700	709	1.8	19.0
Seq7937_207_bp_1_0_2	ENA|BAB79260|BAB79260.1	44.44	9	5	0	3	11	383	391	2.1	17.7
Seq7937_207_bp_1_0_2	ENA|AAA36114|AAA36114.1	60.00	10	4	0	2	11	165	174	4.2	16.8
Seq7937_207_bp_1_0_2	ENA|CAL82360|CAL82360.1	41.67	12	7	0	1	12	93	104	4.3	18.1
Seq7937_207_bp_1_0_2	ENA|ABN10845|ABN10845.1	50.00	8	4	0	6	13	194	201	4.3	15.5
Seq7937_207_bp_1_0_2	ENA|AAA18786|AAA18786.1	66.67	6	2	0	11	16	110	115	5.3	15.5
Seq7937_207_bp_1_0_2	ENA|AAA72732|AAA72732.1	50.00	15	7	1	1	15	113	126	8.1	15.1
Seq7937_207_bp_1_1_0	ENA|BAB79260|BAB79260.1	100.00	68	0	0	1	68	368	435	9.8e-50	183.6
Seq7937_207_bp_1_1_0	ENA|AAC97205|AAC97205.1	63.16	23	7	4	43	65	758	776	0.0051	29.8
Seq7937_207_bp_1_1_0	ENA|AAC97205|AAC97205.1	38.10	21	13	0	28	48	260	280	0.51	23.2
Seq7937_207_bp_1_1_0	ENA|AAR37016|AAR37016.1	44.12	39	19	5	26	62	1139	1174	0.097	26.5
Seq7937_207_bp_1_1_0	ENA|ABD49687|ABD49687.1	52.17	25	11	2	10	34	1460	1482	0.33	24.3
Seq7937_207_bp_1_1_0	ENA|CAA11507|CAA11507.1	42.31	66	30	14	4	64	171	227	0.33	23.9
Seq7937_207_bp_1_1_0	ENA|CAA26023|CAA26023.1	37.50	38	20	6	25	62	120	151	0.34	22.1
Seq7937_207_bp_1_1_0	ENA|ABN10845|ABN10845.1	42.86	22	12	1	1	22	177	197	1.5	19.1
Seq7937_207_bp_1_1_0	ENA|CAA73529|CAA73529.1	61.54	16	5	3	19	33	32	45	1.8	19.1
Seq7937_207_bp_1_1_0	ENA|ACH70901|ACH70901.1	45.00	21	11	1	32	51	192	212	1.9	19.5
Seq7937_207_bp_1_1_0	ENA|CAA28033|CAA28033.1	30.19	63	37	10	6	64	1007	1063	1.9	21.3
Seq7937_207_bp_1_1_0	ENA|CAA43419|CAA43419.1	28.95	41	27	3	4	44	171	208	1.9	19.5
Seq7937_207_bp_1_1_0	ENA|AAA24145|AAA24145.1	45.00	21	11	1	26	46	414	433	2.4	19.5
Seq7937_207_bp_1_1_0	ENA|ABK71357|ABK71357.1	26.79	60	41	4	8	66	83	139	2.5	19.1
Seq7937_207_bp_1_1_0	ENA|BAA05866|BAA05866.1	35.71	16	9	2	31	46	146	159	2.6	18.8
Seq7937_207_bp_1_1_0	ENA|CAA45708|CAA45708.1	53.85	16	6	3	43	58	302	314	2.8	21.0
Seq7937_207_bp_1_1_0	ENA|AAQ92751|AAQ92751.2	50.00	26	11	4	36	57	1006	1031	3.3	20.6
Seq7937_207_bp_1_1_0	ENA|BAA32018|BAA32018.1	33.33	24	14	3	25	45	1	24	4.1	19.1
Seq7937_207_bp_1_1_0	ENA|AAA36114|AAA36114.1	27.59	31	21	2	5	35	439	467	4.3	18.8
Seq7937_207_bp_1_1_0	ENA|AAC17860|AAC17860.1	27.27	23	16	1	34	55	327	349	5.7	18.0
Seq7937_207_bp_1_1_0	ENA|AAB66912|AAB66912.1	35.71	28	18	0	30	57	513	540	6	19.1
Seq7937_207_bp_1_1_0	ENA|CAA24711|CAA24711.1	27.78	18	13	0	36	53	15	32	6.6	16.6
Seq7937_207_bp_1_1_0	ENA|AAB03707|AAB03707.1	30.43	24	16	1	31	54	635	657	6.8	19.5
Seq7937_207_bp_1_1_0	ENA|AAC49865|AAC49865.1	38.89	18	11	0	9	26	55	72	7.5	17.3
Seq7937_207_bp_1_1_0	ENA|AAI27517|AAI27517.1	53.85	14	6	1	32	44	405	418	8	18.0
Seq7937_207_bp_1_1_0	ENA|ABG75784|ABG75784.1	45.45	11	6	0	42	52	86	96	9	16.9
Seq7937_207_bp_1_2_0	ENA|CAA26023|CAA26023.1	44.00	27	14	2	23	47	225	251	0.081	23.6
Seq7937_207_bp_1_2_0	ENA|AAA42531|AAA42531.1	39.13	24	14	1	10	33	258	280	0.082	23.6
Seq7937_207_bp_1_2_0	ENA|AAC17860|AAC17860.1	31.43	38	24	3	6	42	285	320	0.5	21.1
Seq7937_207_bp_1_2_0	ENA|AAQ92751|AAQ92751.2	39.02	54	25	13	7	48	1305	1357	0.61	22.6
Seq7937_207_bp_1_2_0	ENA|AAC08817|AAC08817.1	31.43	40	24	5	9	47	95	130	0.65	19.3
Seq7937_207_bp_1_2_0	ENA|AAA25966|AAA25966.1	48.48	48	17	15	5	45	547	586	0.87	21.1
Seq7937_207_bp_1_2_0	ENA|ABK71357|ABK71357.1	43.48	25	13	2	23	45	27	51	2	19.0
Seq7937_207_bp_1_2_0	ENA|CAA11507|CAA11507.1	52.17	31	11	8	17	39	461	491	2.1	20.8
Seq7937_207_bp_1_2_0	ENA|AAI27517|AAI27517.1	40.00	30	15	5	17	41	486	515	2.4	19.3
Seq7937_207_bp_1_2_0	ENA|BAA32018|BAA32018.1	50.00	16	8	0	30	45	550	565	2.6	19.3
Seq7937_207_bp_1_2_0	ENA|ACH70901|ACH70901.1	28.57	21	15	0	19	39	217	237	3.1	18.2
Seq7937_207_bp_1_2_0	ENA|CAA26939|CAA26939.1	33.33	24	16	0	1	24	74	97	4.8	18.2
Seq7937_207_bp_1_2_0	ENA|CAA36714|CAA36714.1	41.18	18	10	1	13	29	314	331	5.1	17.9
Seq7937_207_bp_1_2_0	ENA|CCP43727|CCP43727.1	54.55	12	5	1	38	48	138	149	5.8	17.2
Seq7937_207_bp_1_2_0	ENA|BAA32956|BAA32956.1	27.27	22	16	0	1	22	68	89	6.1	16.4
Seq7937_207_bp_1_2_0	ENA|CAA36214|CAA36214.1	37.50	45	25	5	4	44	82	125	6.9	16.8
Seq7937_207_bp_1_2_0	ENA|AAA32624|AAA32624.1	30.77	27	18	1	13	38	277	303	7.2	17.5
Seq7937_207_bp_1_2_0	ENA|AAA24145|AAA24145.1	41.67	12	7	0	24	35	157	168	8	17.2
Seq7937_207_bp_1_2_0	ENA|CAA45199|CAA45199.1	39.13	27	14	4	21	47	398	420	8.2	17.2
Seq7937_207_bp_1_2_0	ENA|CAA28033|CAA28033.1	32.43	38	25	1	11	47	1032	1069	8.3	18.6
Seq7937_207_bp_1_2_0	ENA|BAA05866|BAA05866.1	30.43	25	16	2	21	43	213	237	8.7	16.4
Seq7937_207_bp_1_2_0	ENA|AAC26660|AAC26660.1	29.41	34	24	0	2	35	54	87	9.3	16.1
Seq7937_207_bp_1_2_1	ENA|AAB96524|AAB96524.1	53.33	15	7	0	1	15	50	64	0.56	18.5
Seq7937_207_bp_1_2_1	ENA|CAA26023|CAA26023.1	50.00	18	8	2	1	18	363	378	1.5	18.1
Seq7937_207_bp_1_2_1	ENA|AAC17860|AAC17860.1	50.00	20	8	4	1	16	197	216	2.8	17.2
Seq7937_207_bp_1_2_1	ENA|AAA36539|AAA36539.1	100.00	7	0	1	12	17	462	468	3.2	17.2
Seq7937_207_bp_1_2_1	ENA|AAC97205|AAC97205.1	43.75	18	9	2	2	19	1052	1067	3.6	18.5
Seq7937_207_bp_1_2_1	ENA|AAR37016|AAR37016.1	42.86	14	8	0	2	15	727	740	5.1	18.9
Seq7937_207_bp_1_2_1	ENA|AAI27517|AAI27517.1	37.50	16	10	0	2	17	405	420	5.3	16.8
Seq7937_207_bp_1_2_1	ENA|CAA29968|CAA29968.1	41.67	12	7	0	1	12	113	124	7	14.8
Seq7937_207_bp_1_2_1	ENA|AAA24145|AAA24145.1	57.14	7	3	0	11	17	89	95	7.1	16.0
Seq7937_207_bp_1_2_1	ENA|ABD33854|ABD33854.1	29.41	17	12	0	1	17	14	30	7.1	13.1
Seq7937_207_bp_1_2_1	ENA|CAA11507|CAA11507.1	45.45	11	6	0	8	18	621	631	8.8	17.2
Seq7937_207_bp_1_2_1	ENA|AAC40132|AAC40132.1	38.89	19	11	1	1	18	444	462	9.5	15.6
Seq7937_207_bp_-1_0_0	ENA|AAC17860|AAC17860.1	44.83	30	16	1	1	30	267	295	0.01	26.2
Seq7937_207_bp_-1_0_0	ENA|AAC17860|AAC17860.1	55.56	19	8	1	8	26	120	137	0.76	19.9
Seq7937_207_bp_-1_0_0	ENA|AAR37016|AAR37016.1	61.54	13	5	0	7	19	1319	1331	0.099	25.4
Seq7937_207_bp_-1_0_0	ENA|AAC08817|AAC08817.1	35.00	20	13	0	2	21	3	22	0.17	20.7
Seq7937_207_bp_-1_0_0	ENA|AAC08817|AAC08817.1	45.00	21	11	1	1	21	71	90	0.86	18.4
Seq7937_207_bp_-1_0_0	ENA|AAI27517|AAI27517.1	46.15	13	7	0	15	27	105	117	0.84	20.3
Seq7937_207_bp_-1_0_0	ENA|ABK71357|ABK71357.1	35.00	23	13	3	14	33	151	173	1.2	19.2
Seq7937_207_bp_-1_0_0	ENA|CAA43419|CAA43419.1	35.29	17	11	0	6	22	2	18	2	18.4
Seq7937_207_bp_-1_0_0	ENA|AAB96524|AAB96524.1	36.36	22	14	0	12	33	35	56	2.3	17.2
Seq7937_207_bp_-1_0_0	ENA|AAR31603|AAR31603.1	42.11	20	11	1	2	20	243	262	2.3	18.0
Seq7937_207_bp_-1_0_0	ENA|BAA32991|BAA32991.1	33.33	12	8	0	11	22	8	19	3.2	15.2
Seq7937_207_bp_-1_0_0	ENA|AAS77176|AAS77176.1	43.75	16	9	0	12	27	37	52	3.5	17.2
Seq7937_207_bp_-1_0_0	ENA|CAA24711|CAA24711.1	60.00	11	4	1	7	17	158	167	4.7	16.0
Seq7937_207_bp_-1_0_0	ENA|ABD49687|ABD49687.1	42.11	19	11	0	3	21	124	142	5.3	19.2
Seq7937_207_bp_-1_0_0	ENA|CCP43727|CCP43727.1	32.14	28	19	0	1	28	84	111	6.7	16.4
Seq7937_207_bp_-1_0_0	ENA|AAQ92751|AAQ92751.2	39.29	31	17	3	3	32	1197	1225	7.2	18.4
Seq7937_207_bp_-1_0_0	ENA|CAA45199|CAA45199.1	35.29	19	11	2	7	25	158	174	7.2	16.8
Seq7937_207_bp_-1_0_0	ENA|BAA05866|BAA05866.1	41.67	12	7	0	7	18	39	50	8.1	16.0
Seq7937_207_bp_-1_0_0	ENA|AAB66912|AAB66912.1	55.56	10	4	1	15	24	297	305	8.3	17.6
Seq7937_207_bp_-1_0_0	ENA|BAB17681|BAB17681.1	54.55	13	5	2	8	20	156	166	9.3	15.6
Seq7937_207_bp_-1_0_0	ENA|ACH70901|ACH70901.1	50.00	8	4	0	9	16	6	13	9.3	16.0
Seq7937_207_bp_-1_0_0	ENA|ABN10845|ABN10845.1	35.71	14	9	0	16	29	130	143	9.7	15.2
Seq7937_207_bp_-1_0_1	ENA|CAA29956|CAA29956.1	37.50	8	5	0	2	9	123	130	0.52	19.0
Seq7937_207_bp_-1_0_1	ENA|BAB17681|BAB17681.1	38.46	15	8	2	1	13	214	228	0.71	18.1
Seq7937_207_bp_-1_0_1	ENA|AAC08817|AAC08817.1	100.00	3	0	0	5	7	83	85	2.6	15.4
Seq7937_207_bp_-1_0_1	ENA|AAC17860|AAC17860.1	100.00	4	0	0	6	9	168	171	2.7	16.8
Seq7937_207_bp_-1_0_1	ENA|AAA18786|AAA18786.1	62.50	8	3	0	2	9	43	50	3.2	15.9
Seq7937_207_bp_-1_0_1	ENA|BAA36759|BAA36759.1	33.33	6	4	0	6	11	276	281	3.5	15.9
Seq7937_207_bp_-1_0_1	ENA|CAL82360|CAL82360.1	40.00	10	6	0	1	10	969	978	4.4	17.7
Seq7937_207_bp_-1_0_1	ENA|CAA26939|CAA26939.1	75.00	4	1	0	5	8	403	406	5	16.3
Seq7937_207_bp_-1_0_1	ENA|CAA45708|CAA45708.1	45.45	11	6	0	3	13	419	429	5.2	17.7
Seq7937_207_bp_-1_0_1	ENA|AAB26998|AAB26998.1	66.67	3	1	0	5	7	46	48	6.1	13.1
Seq7937_207_bp_-1_0_1	ENA|ABN10845|ABN10845.1	50.00	6	3	0	3	8	20	25	6.6	14.5
Seq7937_207_bp_-1_0_1	ENA|ABG75784|ABG75784.1	36.36	11	7	0	2	12	15	25	6.9	15.0
Seq7937_207_bp_-1_0_2	ENA|AAB66912|AAB66912.1	54.55	11	5	0	1	11	516	526	1.2	19.0
Seq7937_207_bp_-1_0_2	ENA|AAQ92751|AAQ92751.2	50.00	8	4	0	3	10	240	247	1.3	19.5
Seq7937_207_bp_-1_0_2	ENA|AAI27517|AAI27517.1	41.67	12	7	0	1	12	34	45	2	17.6
Seq7937_207_bp_-1_0_2	ENA|ABK71357|ABK71357.1	57.14	7	3	0	1	7	43	49	4.5	15.7
Seq7937_207_bp_-1_0_2	ENA|AAC26660|AAC26660.1	60.00	5	2	0	1	5	119	123	5.8	14.8
Seq7937_207_bp_-1_0_2	ENA|AAA18786|AAA18786.1	62.50	8	3	0	5	12	217	224	6.1	14.8
Seq7937_207_bp_-1_0_2	ENA|AAC08817|AAC08817.1	55.56	9	4	0	3	11	134	142	6.8	13.9
Seq7937_207_bp_-1_0_2	ENA|BAA32991|BAA32991.1	50.00	6	3	0	7	12	45	50	7.8	12.5
Seq7937_207_bp_-1_0_2	ENA|CAA26023|CAA26023.1	33.33	9	6	0	1	9	16	24	8.5	14.8
Seq7937_207_bp_-1_0_2	ENA|AAC17860|AAC17860.1	57.14	7	3	0	3	9	219	225	9.1	14.8
Seq7937_207_bp_-1_0_2	ENA|CCP43727|CCP43727.1	50.00	8	4	0	4	11	288	295	10	14.3
Seq7937_207_bp_-1_1_0	ENA|AAR31603|AAR31603.1	85.71	7	1	0	1	7	106	112	0.029	22.6
Seq7937_207_bp_-1_1_0	ENA|CAA29956|CAA29956.1	60.00	10	4	0	1	10	152	161	0.1	21.0
Seq7937_207_bp_-1_1_0	ENA|CAA26023|CAA26023.1	100.00	4	0	0	4	7	14	17	0.15	20.5
Seq7937_207_bp_-1_1_0	ENA|AAC08817|AAC08817.1	66.67	6	2	0	2	7	107	112	0.57	17.3
Seq7937_207_bp_-1_1_0	ENA|BAA32956|BAA32956.1	66.67	6	2	0	4	9	183	188	0.76	17.3
Seq7937_207_bp_-1_1_0	ENA|ABK71357|ABK71357.1	62.50	8	3	0	1	8	166	173	0.93	17.8
Seq7937_207_bp_-1_1_0	ENA|BAA32018|BAA32018.1	75.00	4	1	0	5	8	429	432	1.1	18.3
Seq7937_207_bp_-1_1_0	ENA|CAA26939|CAA26939.1	50.00	8	4	0	2	9	494	501	1.4	17.8
Seq7937_207_bp_-1_1_0	ENA|AAI27517|AAI27517.1	71.43	8	2	1	4	10	530	537	1.5	17.8
Seq7937_207_bp_-1_1_0	ENA|BAA05866|BAA05866.1	75.00	4	1	0	3	6	216	219	1.6	16.7
Seq7937_207_bp_-1_1_0	ENA|AAA72732|AAA72732.1	100.00	4	0	0	7	10	288	291	1.6	16.7
Seq7937_207_bp_-1_1_0	ENA|AAF79734|AAF79734.1	71.43	7	2	0	2	8	115	121	1.7	18.9
Seq7937_207_bp_-1_1_0	ENA|AAA36539|AAA36539.1	50.00	8	4	0	3	10	366	373	1.7	17.3
Seq7937_207_bp_-1_1_0	ENA|ACH70901|ACH70901.1	66.67	6	2	0	5	10	262	267	2.7	16.2
Seq7937_207_bp_-1_1_0	ENA|AAR37016|AAR37016.1	60.00	10	4	0	1	10	778	787	2.8	18.9
Seq7937_207_bp_-1_1_0	ENA|CAD53387|CAD53387.1	80.00	5	1	0	5	9	43	47	3.7	16.2
Seq7937_207_bp_-1_1_0	ENA|CAB75732|CAB75732.1	71.43	7	2	0	2	8	250	256	4.1	17.3
Seq7937_207_bp_-1_1_0	ENA|ABD49687|ABD49687.1	60.00	15	4	5	1	10	184	198	4.2	17.8
Seq7937_207_bp_-1_1_0	ENA|AAB96524|AAB96524.1	75.00	4	1	0	4	7	82	85	4.2	14.6
Seq7937_207_bp_-1_1_0	ENA|AAB03707|AAB03707.1	80.00	5	1	0	5	9	174	178	4.8	17.3
Seq7937_207_bp_-1_1_0	ENA|AAC40132|AAC40132.1	50.00	8	4	0	1	8	96	103	5.1	15.6
Seq7937_207_bp_-1_1_0	ENA|AAC97205|AAC97205.1	37.50	8	5	0	3	10	134	141	6.2	16.7
Seq7937_207_bp_-1_1_0	ENA|CAA28033|CAA28033.1	37.50	8	5	0	3	10	22	29	6.5	16.7
Seq7937_207_bp_-1_1_0	ENA|AAA24145|AAA24145.1	80.00	5	1	0	2	6	163	167	7	15.1
Seq7937_207_bp_-1_1_0	ENA|AAA36114|AAA36114.1	37.50	8	5	0	1	8	176	183	7.7	15.1
Seq7937_207_bp_-1_1_0	ENA|EDO47375|EDO47375.1	100.00	3	0	0	6	8	54	56	8.6	13.5
Seq7937_207_bp_-1_1_0	ENA|ABN10845|ABN10845.1	100.00	3	0	0	3	5	129	131	9.8	13.5
Seq7937_207_bp_-1_1_1	ENA|AAA25966|AAA25966.1	42.86	14	8	0	5	18	109	122	0.72	20.5
Seq7937_207_bp_-1_1_1	ENA|CAA36714|CAA36714.1	50.00	18	8	2	8	25	132	147	0.84	19.7
Seq7937_207_bp_-1_1_1	ENA|ABK71357|ABK71357.1	37.50	29	15	5	2	25	36	64	0.89	19.2
Seq7937_207_bp_-1_1_1	ENA|ABG75784|ABG75784.1	60.00	12	4	2	15	26	192	201	1.3	18.4
Seq7937_207_bp_-1_1_1	ENA|AAB26998|AAB26998.1	29.41	17	12	0	2	18	31	47	1.5	16.3
Seq7937_207_bp_-1_1_1	ENA|BAA32956|BAA32956.1	33.33	15	10	0	12	26	189	203	2.2	17.1
Seq7937_207_bp_-1_1_1	ENA|AAA32624|AAA32624.1	60.00	13	4	3	7	19	474	483	3	18.0
Seq7937_207_bp_-1_1_1	ENA|AAR37016|AAR37016.1	20.83	24	19	0	2	25	945	968	4.1	19.7
Seq7937_207_bp_-1_1_1	ENA|AAA42531|AAA42531.1	41.67	12	7	0	11	22	12	23	5.2	16.7
Seq7937_207_bp_-1_1_1	ENA|ABD49687|ABD49687.1	61.54	14	5	1	11	24	230	242	5.3	18.8
Seq7937_207_bp_-1_1_1	ENA|AAA24145|AAA24145.1	36.36	12	7	1	11	22	424	434	6.2	16.7
Seq7937_207_bp_-1_1_1	ENA|EDO47375|EDO47375.1	36.36	11	7	0	16	26	3	13	8	15.0
Seq7937_207_bp_-1_1_1	ENA|CAA29968|CAA29968.1	46.15	16	7	3	5	17	53	68	8.3	15.0
Seq7937_207_bp_-1_1_1	ENA|CAA45708|CAA45708.1	41.67	12	7	0	15	26	1294	1305	8.3	18.0
Seq7937_207_bp_-1_1_1	ENA|CAD53387|CAD53387.1	38.10	21	13	0	5	25	58	78	8.8	16.3
Seq7937_207_bp_-1_1_1	ENA|BAA05866|BAA05866.1	55.56	10	4	1	1	9	121	130	9.6	15.4
Seq7937_207_bp_-1_1_1	ENA|CAA11507|CAA11507.1	29.41	17	12	0	6	22	150	166	9.8	17.5
Seq7937_207_bp_-1_1_2	ENA|AAA25966|AAA25966.1	37.50	16	10	0	3	18	413	428	0.24	21.9
Seq7937_207_bp_-1_1_2	ENA|ACH70901|ACH70901.1	50.00	27	10	7	4	23	237	263	0.5	19.9
Seq7937_207_bp_-1_1_2	ENA|CAA26023|CAA26023.1	43.75	16	9	0	2	17	47	62	0.71	19.4
Seq7937_207_bp_-1_1_2	ENA|AAA36539|AAA36539.1	40.00	23	12	3	2	21	253	275	0.88	19.4
Seq7937_207_bp_-1_1_2	ENA|AAA18786|AAA18786.1	25.00	16	12	0	8	23	149	164	1.2	18.2
Seq7937_207_bp_-1_1_2	ENA|AAB96524|AAB96524.1	60.00	17	6	2	5	20	68	83	1.9	17.0
Seq7937_207_bp_-1_1_2	ENA|AAA42531|AAA42531.1	33.33	22	14	1	1	21	271	292	2.2	17.8
Seq7937_207_bp_-1_1_2	ENA|CAA24711|CAA24711.1	35.00	21	13	1	3	22	32	52	2.3	16.6
Seq7937_207_bp_-1_1_2	ENA|BAA32956|BAA32956.1	50.00	12	6	0	7	18	145	156	3.7	16.1
Seq7937_207_bp_-1_1_2	ENA|BAA32018|BAA32018.1	36.36	22	14	0	1	22	369	390	4.6	17.4
Seq7937_207_bp_-1_1_2	ENA|BAA05866|BAA05866.1	62.50	8	3	0	4	11	237	244	5.3	16.1
Seq7937_207_bp_-1_1_2	ENA|AAR31603|AAR31603.1	31.25	16	11	0	7	22	80	95	5.7	16.1
Seq7937_207_bp_-1_1_2	ENA|AAC26660|AAC26660.1	50.00	8	4	0	1	8	134	141	5.9	15.7
Seq7937_207_bp_-1_1_2	ENA|CAA28033|CAA28033.1	27.27	22	16	0	2	23	657	678	7.1	17.8
Seq7937_207_bp_-1_1_2	ENA|BAB79260|BAB79260.1	71.43	7	2	0	11	17	129	135	7.7	16.1
Seq7937_207_bp_-1_1_2	ENA|AAS77176|AAS77176.1	44.44	9	5	0	5	13	138	146	8.6	15.3
Seq7937_207_bp_-1_2_0	ENA|CAA11507|CAA11507.1	37.50	16	10	0	4	19	301	316	2.5	19.1
Seq7937_207_bp_-1_2_0	ENA|CAA43419|CAA43419.1	71.43	7	2	0	4	10	54	60	5.6	16.0
Seq7937_207_bp_-1_2_0	ENA|AAR37016|AAR37016.1	50.00	17	8	1	2	18	800	815	7.2	18.4
Seq7937_207_bp_-1_2_0	ENA|AAR31603|AAR31603.1	38.46	14	8	1	5	18	191	203	8.4	15.3
Seq7937_207_bp_-1_2_1	ENA|BAA32018|BAA32018.1	46.67	15	8	0	2	16	152	166	0.0042	27.0
Seq7937_207_bp_-1_2_1	ENA|AAA72732|AAA72732.1	40.00	16	9	1	2	16	41	56	0.19	20.5
Seq7937_207_bp_-1_2_1	ENA|CAA45708|CAA45708.1	45.45	11	6	0	5	15	704	714	0.33	22.0
Seq7937_207_bp_-1_2_1	ENA|ABD49687|ABD49687.1	50.00	8	4	0	6	13	73	80	0.73	21.0
Seq7937_207_bp_-1_2_1	ENA|AAC97205|AAC97205.1	66.67	6	2	0	8	13	674	679	0.75	20.5
Seq7937_207_bp_-1_2_1	ENA|AAI27517|AAI27517.1	66.67	6	2	0	3	8	484	489	1	19.0
Seq7937_207_bp_-1_2_1	ENA|AAA36539|AAA36539.1	54.55	13	5	2	3	15	120	130	1.1	18.5
Seq7937_207_bp_-1_2_1	ENA|AAC78721|AAC78721.1	45.45	11	6	0	3	13	385	395	1.1	19.0
Seq7937_207_bp_-1_2_1	ENA|AAA25966|AAA25966.1	80.00	5	1	0	8	12	546	550	1.7	18.5
Seq7937_207_bp_-1_2_1	ENA|AAB96524|AAB96524.1	55.56	9	4	0	2	10	80	88	1.8	16.5
Seq7937_207_bp_-1_2_1	ENA|CAA26023|CAA26023.1	66.67	6	2	0	9	14	203	208	1.8	17.5
Seq7937_207_bp_-1_2_1	ENA|AAR37016|AAR37016.1	44.44	9	5	0	3	11	59	67	2	20.0
Seq7937_207_bp_-1_2_1	ENA|CAA28033|CAA28033.1	66.67	6	2	0	7	12	1209	1214	2.2	19.0
Seq7937_207_bp_-1_2_1	ENA|CCP43727|CCP43727.1	62.50	8	3	0	1	8	184	191	2.2	17.0
Seq7937_207_bp_-1_2_1	ENA|AAB66912|AAB66912.1	62.50	8	3	0	8	15	213	220	2.2	18.5
Seq7937_207_bp_-1_2_1	ENA|CAB75732|CAB75732.1	40.00	10	6	0	2	11	888	897	2.7	18.5
Seq7937_207_bp_-1_2_1	ENA|CAA24711|CAA24711.1	37.50	8	5	0	6	13	163	170	3.2	15.5
Seq7937_207_bp_-1_2_1	ENA|ABK71357|ABK71357.1	62.50	8	3	0	8	15	177	184	3.5	16.5
Seq7937_207_bp_-1_2_1	ENA|BAA32956|BAA32956.1	30.00	10	7	0	2	11	66	75	3.9	15.5
Seq7937_207_bp_-1_2_1	ENA|BAA05866|BAA05866.1	100.00	3	0	0	8	10	30	32	4.1	16.0
Seq7937_207_bp_-1_2_1	ENA|AAC08817|AAC08817.1	50.00	6	3	0	3	8	37	42	4.1	15.0
Seq7937_207_bp_-1_2_1	ENA|CAA36714|CAA36714.1	33.33	12	8	0	4	15	94	105	4.3	16.5
Seq7937_207_bp_-1_2_1	ENA|CAA45199|CAA45199.1	75.00	4	1	0	7	10	407	410	4.4	16.5
Seq7937_207_bp_-1_2_1	ENA|AAA36114|AAA36114.1	80.00	5	1	0	5	9	368	372	4.7	16.5
Seq7937_207_bp_-1_2_1	ENA|BAA32991|BAA32991.1	33.33	12	8	0	1	12	1	12	5.1	13.5
Seq7937_207_bp_-1_2_1	ENA|ACT10338|ACT10338.1	50.00	6	3	0	1	6	198	203	5.1	16.0
Seq7937_207_bp_-1_2_1	ENA|BAA36759|BAA36759.1	60.00	5	2	0	2	6	253	257	5.3	15.5
Seq7937_207_bp_-1_2_1	ENA|CAA36214|CAA36214.1	28.57	7	5	0	7	13	130	136	5.6	15.5
Seq7937_207_bp_-1_2_1	ENA|ABN10845|ABN10845.1	50.00	6	3	0	1	6	201	206	5.6	15.0
Seq7937_207_bp_-1_2_1	ENA|BAB79260|BAB79260.1	57.14	7	3	0	2	8	411	417	5.9	16.0
Seq7937_207_bp_-1_2_1	ENA|CAA73529|CAA73529.1	54.55	16	5	5	1	11	124	139	7	15.0
Seq7937_207_bp_-1_2_1	ENA|AAB26998|AAB26998.1	50.00	6	3	0	10	15	54	59	8	13.0
Seq7937_207_bp_-1_2_1	ENA|AAC49865|AAC49865.1	50.00	8	4	0	9	16	132	139	8.3	15.0
Seq7937_207_bp_-1_2_1	ENA|CAA11507|CAA11507.1	100.00	4	0	0	1	4	1188	1191	8.6	17.0
Seq7937_207_bp_-1_2_1	ENA|ACH70901|ACH70901.1	35.71	14	9	0	2	15	58	71	9	15.0
Seq7937_207_bp_-1_2_2	ENA|AAI27517|AAI27517.1	46.67	15	8	0	4	18	307	321	0.73	20.5
Seq7937_207_bp_-1_2_2	ENA|AAC40132|AAC40132.1	45.83	27	13	3	1	24	339	365	0.9	19.8
Seq7937_207_bp_-1_2_2	ENA|BAA32991|BAA32991.1	30.00	21	14	1	4	23	17	37	0.92	17.0
Seq7937_207_bp_-1_2_2	ENA|CAA45199|CAA45199.1	36.36	22	14	0	10	31	232	253	2.1	18.6
Seq7937_207_bp_-1_2_2	ENA|CAA73529|CAA73529.1	45.45	25	12	3	6	27	128	152	4.4	16.7
Seq7937_207_bp_-1_2_2	ENA|CAA26023|CAA26023.1	38.89	22	11	4	12	29	221	242	5	17.0
Seq7937_207_bp_-1_2_2	ENA|AAA42531|AAA42531.1	50.00	15	7	1	9	23	199	212	7.6	16.4
