Seq7953_218_bp_1_0_0	BAE97662.1	100.00	72	0	0	1	72	201	272	1.8e-28	114.3
Seq7953_218_bp_1_0_0	AAR31603.1	21.21	69	52	3	6	71	244	312	0.15	23.1
Seq7953_218_bp_1_0_0	AAA24969.1	24.49	50	37	1	1	50	989	1037	0.2	24.9
Seq7953_218_bp_1_0_0	AAA32624.1	24.59	64	46	3	1	61	215	278	1.4	20.5
Seq7953_218_bp_1_0_0	AII71783.1	24.53	59	40	6	2	60	90	142	2	19.3
Seq7953_218_bp_1_0_0	AAA45888.1	26.32	69	42	12	4	60	259	327	2.5	19.3
Seq7953_218_bp_1_0_0	BAB70780.1	22.41	60	45	2	2	61	54	111	2.6	19.5
Seq7953_218_bp_1_0_0	BAA32956.1	23.40	48	36	1	7	53	32	79	3.9	17.7
Seq7953_218_bp_1_0_0	CAA11507.1	23.81	67	48	4	4	67	989	1054	6	19.8
Seq7953_218_bp_1_0_0	AIR13712.1	28.57	85	50	15	1	71	245	328	7.1	17.5
Seq7953_218_bp_1_1_0	AAC97205.1	45.45	11	6	0	2	12	67	77	3.8	17.7
Seq7953_218_bp_1_1_0	AAA23282.1	57.14	7	3	0	5	11	87	93	9.2	15.3
Seq7953_218_bp_1_1_1	AAA24142.1	66.67	6	2	0	1	6	377	382	0.13	21.3
Seq7953_218_bp_1_1_1	AAB64315.2	40.00	10	6	0	2	11	85	94	0.59	18.7
Seq7953_218_bp_1_1_1	BAB17681.1	37.50	8	5	0	2	9	177	184	0.7	18.1
Seq7953_218_bp_1_1_1	CAA04196.1	42.86	7	4	0	1	7	307	313	1.1	18.1
Seq7953_218_bp_1_1_1	BAA32018.1	25.00	12	9	0	1	12	410	421	1.6	18.1
Seq7953_218_bp_1_1_1	AAA36565.1	62.50	10	3	2	2	11	79	86	2.6	15.5
Seq7953_218_bp_1_1_1	AAA25966.1	36.36	11	7	0	3	13	637	647	2.6	17.6
Seq7953_218_bp_1_1_1	BAB79260.1	25.00	12	9	0	1	12	325	336	3.4	16.6
Seq7953_218_bp_1_1_1	AAB96524.1	33.33	6	4	0	2	7	178	183	4	15.0
Seq7953_218_bp_1_1_1	CAA26230.1	30.77	13	9	0	1	13	308	320	4.1	16.6
Seq7953_218_bp_1_1_1	AAC97205.1	57.14	7	3	0	2	8	876	882	4.4	17.6
Seq7953_218_bp_1_1_1	ACH70904.1	27.27	11	8	0	1	11	177	187	5.4	15.5
Seq7953_218_bp_1_1_1	AAA65607.1	55.56	9	4	0	4	12	99	107	5.5	15.5
Seq7953_218_bp_1_1_1	AAA42531.1	41.67	15	7	3	2	13	328	342	5.8	15.5
Seq7953_218_bp_1_1_1	ACT10338.1	37.50	8	5	0	1	8	61	68	5.8	15.5
Seq7953_218_bp_1_1_1	AAC78721.1	50.00	8	4	0	6	13	212	219	6.9	16.1
Seq7953_218_bp_1_1_1	AAR31603.1	18.18	11	9	0	1	11	86	96	7	15.0
Seq7953_218_bp_1_1_1	AAA45888.1	36.36	11	7	0	1	11	77	87	8	15.0
Seq7953_218_bp_1_1_1	AAX12058.1	40.00	10	6	0	1	10	1	10	8.2	14.5
Seq7953_218_bp_1_1_1	ABG75784.1	37.50	8	5	0	6	13	280	287	9.3	14.5
Seq7953_218_bp_1_1_1	AAA72732.1	45.45	12	6	1	3	13	85	96	9.3	14.5
Seq7953_218_bp_1_1_1	AAB03707.1	50.00	8	4	0	6	13	120	127	9.6	16.6
Seq7953_218_bp_1_1_1	AAQ92751.2	55.56	9	4	0	4	12	663	671	9.6	16.6
Seq7953_218_bp_1_1_2	AIR13712.1	30.00	22	14	2	1	20	61	82	8.6	15.6
Seq7953_218_bp_1_1_2	BAB70780.1	28.57	22	15	1	1	22	243	263	9.6	16.0
Seq7953_218_bp_1_1_3	CAA43372.1	44.44	9	5	0	3	11	151	159	2.6	17.2
Seq7953_218_bp_1_1_3	AAA24969.1	45.45	11	6	0	4	14	1492	1502	4.1	18.3
Seq7953_218_bp_1_1_3	AAB64315.2	42.86	15	8	1	2	15	267	281	7.4	15.2
Seq7953_218_bp_1_2_0	CAA26230.1	44.44	9	5	0	3	11	319	327	0.47	19.7
Seq7953_218_bp_1_2_0	ABL74574.1	66.67	6	2	0	3	8	37	42	0.48	18.7
Seq7953_218_bp_1_2_0	AAA42531.1	42.86	7	4	0	5	11	130	136	0.64	18.7
Seq7953_218_bp_1_2_0	EDO47375.1	30.00	10	7	0	1	10	161	170	0.86	17.2
Seq7953_218_bp_1_2_0	ABD33854.1	50.00	12	6	0	1	12	24	35	1.1	15.2
Seq7953_218_bp_1_2_0	AAB26998.1	50.00	9	4	1	3	11	32	39	1.4	15.2
Seq7953_218_bp_1_2_0	AAC97205.1	60.00	5	2	0	7	11	715	719	1.4	19.2
Seq7953_218_bp_1_2_0	ACH70904.1	33.33	6	4	0	3	8	69	74	1.6	17.2
Seq7953_218_bp_1_2_0	CAA04196.1	37.50	8	5	0	4	11	354	361	1.9	17.2
Seq7953_218_bp_1_2_0	CAA74140.1	37.50	8	5	0	4	11	649	656	2.1	18.2
Seq7953_218_bp_1_2_0	AAA32624.1	50.00	6	3	0	3	8	282	287	2.3	17.2
Seq7953_218_bp_1_2_0	BAA32956.1	36.36	11	7	0	2	12	187	197	2.6	15.7
Seq7953_218_bp_1_2_0	AAH69556.1	37.50	8	5	0	1	8	299	306	2.7	16.2
Seq7953_218_bp_1_2_0	CAA45199.1	50.00	6	3	0	7	12	427	432	2.9	16.7
Seq7953_218_bp_1_2_0	AEE27845.1	16.67	12	10	0	1	12	150	161	3.2	18.2
Seq7953_218_bp_1_2_0	AAA65607.1	33.33	9	6	0	4	12	341	349	3.2	16.2
Seq7953_218_bp_1_2_0	BAA32991.1	40.00	5	3	0	4	8	3	7	3.3	13.8
Seq7953_218_bp_1_2_0	ABG75784.1	44.44	9	5	0	1	9	133	141	3.8	15.7
Seq7953_218_bp_1_2_0	CAA43372.1	66.67	8	2	2	6	11	396	403	5	15.7
Seq7953_218_bp_1_2_0	ABS38337.1	57.14	7	3	0	1	7	1274	1280	5.6	17.2
Seq7953_218_bp_1_2_0	CAA11507.1	50.00	8	4	0	1	8	20	27	5.9	17.2
Seq7953_218_bp_1_2_0	AAQ92751.2	50.00	8	4	0	1	8	718	725	6	17.2
Seq7953_218_bp_1_2_0	CAA73529.1	33.33	6	4	0	2	7	241	246	6.4	14.8
Seq7953_218_bp_1_2_0	AAA72732.1	30.00	10	7	0	3	12	147	156	7.3	14.8
Seq7953_218_bp_1_2_0	AAB96524.1	40.00	5	3	0	6	10	177	181	8.4	13.8
Seq7953_218_bp_1_2_0	ABN10845.1	57.14	7	3	0	6	12	179	185	9.8	13.8
Seq7953_218_bp_1_2_1	BAA32991.1	37.04	33	17	6	3	29	33	65	6.2e-05	30.9
Seq7953_218_bp_1_2_1	BAA32991.1	37.50	27	15	3	3	29	6	29	0.0016	26.2
Seq7953_218_bp_1_2_1	EDO47375.1	37.04	35	17	8	3	29	148	182	0.00038	29.7
Seq7953_218_bp_1_2_1	ABD33854.1	26.32	19	14	0	7	25	45	63	0.00065	27.4
Seq7953_218_bp_1_2_1	AAC97205.1	45.83	28	13	4	8	31	869	896	0.0033	29.3
Seq7953_218_bp_1_2_1	AAC97205.1	45.45	11	6	0	3	13	782	792	0.037	25.8
Seq7953_218_bp_1_2_1	AAC97205.1	37.50	16	10	0	9	24	740	755	0.33	22.7
Seq7953_218_bp_1_2_1	AAC97205.1	30.00	27	14	7	3	22	268	294	0.43	22.3
Seq7953_218_bp_1_2_1	AAC97205.1	36.00	29	16	4	3	28	527	554	0.56	21.9
Seq7953_218_bp_1_2_1	AAB26998.1	23.08	29	20	3	3	30	52	78	0.012	23.5
Seq7953_218_bp_1_2_1	AAA42531.1	30.77	31	18	5	1	26	326	356	0.035	24.3
Seq7953_218_bp_1_2_1	AAA42531.1	20.00	32	24	2	1	30	169	200	0.18	21.9
Seq7953_218_bp_1_2_1	AAA42531.1	33.33	28	16	4	3	30	204	227	0.3	21.1
Seq7953_218_bp_1_2_1	AAR37016.1	37.93	34	18	5	2	30	2059	2092	0.071	25.8
Seq7953_218_bp_1_2_1	BAA32956.1	60.00	13	4	3	21	30	12	24	0.095	21.9
Seq7953_218_bp_1_2_1	BAA32956.1	38.89	20	11	2	4	21	71	90	0.63	19.2
Seq7953_218_bp_1_2_1	CAA04196.1	30.77	13	9	0	12	24	39	51	0.19	21.9
Seq7953_218_bp_1_2_1	CAA04196.1	40.00	20	12	0	12	31	204	223	0.56	20.4
Seq7953_218_bp_1_2_1	AAA36565.1	41.67	12	7	0	4	15	155	166	0.22	20.4
Seq7953_218_bp_1_2_1	CAA26230.1	41.67	28	14	4	3	26	342	369	0.25	21.9
Seq7953_218_bp_1_2_1	CAA26230.1	24.00	25	19	0	4	28	178	202	0.74	20.4
Seq7953_218_bp_1_2_1	AAA24142.1	66.67	6	2	0	7	12	208	213	0.35	21.1
Seq7953_218_bp_1_2_1	AAA32624.1	16.67	30	25	0	1	30	428	457	0.53	20.7
Seq7953_218_bp_1_2_1	ACH70904.1	25.93	36	20	9	3	29	143	178	0.62	20.0
Seq7953_218_bp_1_2_1	BAB70780.1	18.18	23	18	1	10	31	302	324	0.64	20.4
Seq7953_218_bp_1_2_1	BAB17681.1	35.71	15	9	1	4	18	168	181	1.1	18.8
Seq7953_218_bp_1_2_1	AEE27845.1	32.00	27	17	2	5	29	722	748	1.1	21.1
Seq7953_218_bp_1_2_1	ABL74574.1	38.46	15	8	2	3	17	41	53	1.5	18.4
Seq7953_218_bp_1_2_1	AAB64315.2	23.33	34	23	4	1	30	10	43	1.7	18.4
Seq7953_218_bp_1_2_1	CAA73529.1	26.09	24	17	1	1	23	123	146	1.8	18.0
Seq7953_218_bp_1_2_1	AAB96524.1	40.00	15	9	0	4	18	21	35	2.1	17.2
Seq7953_218_bp_1_2_1	AAQ92751.2	25.93	27	20	0	2	28	888	914	2.4	20.0
Seq7953_218_bp_1_2_1	AAR31603.1	42.86	7	4	0	20	26	63	69	2.8	17.6
Seq7953_218_bp_1_2_1	AAB03707.1	37.50	19	10	3	16	31	693	711	3.1	19.6
Seq7953_218_bp_1_2_1	AAX12058.1	28.57	14	10	0	17	30	94	107	3.1	17.2
Seq7953_218_bp_1_2_1	AAA23282.1	22.22	18	14	0	3	20	127	144	3.7	18.0
Seq7953_218_bp_1_2_1	AAX84812.1	100.00	2	0	0	9	10	107	108	4.4	16.5
Seq7953_218_bp_1_2_1	AAI27517.1	42.86	7	4	0	23	29	312	318	5	17.6
Seq7953_218_bp_1_2_1	BAA32018.1	43.75	17	9	1	11	27	85	100	5.3	17.6
Seq7953_218_bp_1_2_1	AAA24969.1	38.46	15	8	2	13	25	785	799	5.7	18.8
Seq7953_218_bp_1_2_1	AAH69556.1	31.25	20	11	4	10	25	288	307	5.7	16.5
Seq7953_218_bp_1_2_1	ABD49687.1	29.41	19	12	2	1	19	1414	1430	6.4	18.8
Seq7953_218_bp_1_2_1	ABN10845.1	25.00	16	12	0	15	30	103	118	6.9	15.7
Seq7953_218_bp_1_2_1	CAA43372.1	20.00	10	8	0	8	17	395	404	7.6	16.5
Seq7953_218_bp_1_2_1	AAA45888.1	28.57	7	5	0	23	29	78	84	9.1	16.1
Seq7953_218_bp_1_2_1	ABG75784.1	22.22	20	14	2	7	24	121	140	9.7	15.7
Seq7953_218_bp_1_2_1	AAA25966.1	50.00	4	2	0	20	23	316	319	10	16.8
Seq7953_218_bp_-1_0_0	AAA72732.1	22.54	75	55	4	1	71	72	146	0.49	21.3
Seq7953_218_bp_-1_0_0	BAB79260.1	36.17	51	30	4	14	60	176	226	0.71	21.3
Seq7953_218_bp_-1_0_0	AAR37016.1	30.36	62	39	6	9	70	1920	1975	0.71	23.7
Seq7953_218_bp_-1_0_0	AAH69556.1	29.85	74	47	7	1	70	217	287	2.9	18.7
Seq7953_218_bp_-1_0_0	ACT10338.1	32.86	79	47	9	2	71	146	224	8.8	17.4
Seq7953_218_bp_-1_0_0	AIR13712.1	27.14	75	51	5	3	72	233	307	8.9	17.1
Seq7953_218_bp_-1_1_0	ABD49687.1	40.00	27	15	2	3	27	801	827	0.82	21.6
Seq7953_218_bp_-1_1_0	BAB79260.1	42.11	19	11	0	1	19	436	454	1.8	18.6
Seq7953_218_bp_-1_1_0	CAA74140.1	44.44	18	10	0	7	24	553	570	4.5	18.2
Seq7953_218_bp_-1_1_0	AII71783.1	27.27	22	16	0	2	23	248	269	4.7	16.6
Seq7953_218_bp_-1_1_0	AAA24142.1	21.43	14	11	0	7	20	243	256	6.8	16.6
Seq7953_218_bp_-1_1_0	ABN10845.1	31.25	16	11	0	1	16	89	104	8.2	15.2
Seq7953_218_bp_-1_1_1	AAA45888.1	60.00	10	4	0	1	10	151	160	1.2	17.5
Seq7953_218_bp_-1_1_1	BAB70780.1	33.33	9	6	0	1	9	261	269	4.3	15.9
Seq7953_218_bp_-1_1_1	BAA32956.1	30.00	10	7	0	1	10	44	53	5.7	14.3
Seq7953_218_bp_-1_1_1	CAA11507.1	37.50	8	5	0	3	10	562	569	5.7	17.0
Seq7953_218_bp_-1_1_1	CAA45199.1	25.00	8	6	0	3	10	362	369	6	15.4
Seq7953_218_bp_-1_1_1	CAA26230.1	33.33	9	6	0	2	10	427	435	7.1	15.4
Seq7953_218_bp_-1_1_1	AAA18786.1	66.67	6	2	0	5	10	257	262	7.1	14.3
Seq7953_218_bp_-1_1_1	AAA23282.1	55.56	9	4	0	2	10	541	549	7.2	15.4
Seq7953_218_bp_-1_1_1	AAX12058.1	33.33	9	6	0	2	10	255	263	7.3	14.3
Seq7953_218_bp_-1_1_1	AAC17860.1	37.50	8	5	0	3	10	407	414	7.5	14.8
Seq7953_218_bp_-1_1_1	AAA32624.1	60.00	5	2	0	6	10	82	86	9.4	14.8
Seq7953_218_bp_-1_1_1	AAF01122.1	33.33	9	6	0	2	10	359	367	9.8	14.3
Seq7953_218_bp_-1_1_2	AAB26998.1	83.33	6	1	0	6	11	3	8	0.7	16.2
Seq7953_218_bp_-1_1_2	AAA72732.1	41.67	12	7	0	1	12	289	300	1.3	17.3
Seq7953_218_bp_-1_1_2	AAX84812.1	37.50	8	5	0	3	10	45	52	2	16.2
Seq7953_218_bp_-1_1_2	AAA42531.1	27.27	11	8	0	2	12	64	74	4.9	15.7
Seq7953_218_bp_-1_1_2	ACT10338.1	42.86	7	4	0	6	12	71	77	4.9	15.7
Seq7953_218_bp_-1_1_2	AAB64315.2	27.27	11	8	0	2	12	175	185	6.1	15.1
Seq7953_218_bp_-1_1_2	BAE97662.1	33.33	12	8	0	1	12	916	927	6.5	16.8
Seq7953_218_bp_-1_1_2	AAX12058.1	50.00	8	4	0	1	8	122	129	7.4	14.5
Seq7953_218_bp_-1_2_0	BAA32991.1	36.36	44	21	11	4	38	5	46	0.00014	30.1
Seq7953_218_bp_-1_2_0	AAC97205.1	56.52	36	10	13	4	27	870	904	0.033	26.4
Seq7953_218_bp_-1_2_0	AAC97205.1	23.33	31	23	1	6	36	711	740	0.087	25.0
Seq7953_218_bp_-1_2_0	AAB03707.1	32.35	36	23	2	6	39	677	712	0.12	24.7
Seq7953_218_bp_-1_2_0	AAA32624.1	20.69	29	23	0	3	31	455	483	0.22	22.5
Seq7953_218_bp_-1_2_0	AAR37016.1	44.44	38	15	11	1	27	1230	1267	0.25	24.5
Seq7953_218_bp_-1_2_0	AAR37016.1	36.36	25	14	3	16	40	1553	1574	0.3	24.2
Seq7953_218_bp_-1_2_0	AAR37016.1	22.22	28	21	1	10	36	262	289	0.66	23.0
Seq7953_218_bp_-1_2_0	AAA42531.1	19.35	33	25	2	6	36	145	177	0.29	21.6
Seq7953_218_bp_-1_2_0	BAA32018.1	46.67	16	8	1	17	32	163	177	0.32	22.2
Seq7953_218_bp_-1_2_0	ABD33854.1	40.00	10	6	0	6	15	44	53	0.51	18.2
Seq7953_218_bp_-1_2_0	AAA25966.1	27.59	32	21	3	2	31	242	272	0.54	21.6
Seq7953_218_bp_-1_2_0	EDO47375.1	30.00	37	21	7	4	36	121	154	0.56	19.6
Seq7953_218_bp_-1_2_0	BAA32956.1	29.41	22	12	5	4	20	7	28	0.62	19.6
Seq7953_218_bp_-1_2_0	ABD49687.1	32.00	28	17	3	17	41	35	62	0.71	22.5
Seq7953_218_bp_-1_2_0	AAB26998.1	44.00	33	14	8	6	36	47	73	0.92	17.6
Seq7953_218_bp_-1_2_0	AAA45888.1	21.74	25	18	2	13	37	32	54	1.4	19.3
Seq7953_218_bp_-1_2_0	ACH70904.1	33.33	19	10	4	7	21	132	150	1.6	19.1
Seq7953_218_bp_-1_2_0	ABN10845.1	35.48	45	20	14	2	40	85	121	1.7	18.2
Seq7953_218_bp_-1_2_0	CAA04196.1	21.21	34	26	1	4	36	260	293	2.2	18.8
Seq7953_218_bp_-1_2_0	AAB64315.2	36.84	25	12	6	1	20	24	47	2.6	18.2
Seq7953_218_bp_-1_2_0	BAB17681.1	42.86	15	8	1	7	20	173	187	2.6	17.9
Seq7953_218_bp_-1_2_0	CAA73529.1	19.44	40	29	4	5	40	96	135	2.6	17.9
Seq7953_218_bp_-1_2_0	CAA26230.1	34.78	25	15	2	11	35	379	401	3.6	18.5
Seq7953_218_bp_-1_2_0	AAA36565.1	50.00	11	5	1	3	13	159	168	4.2	16.5
Seq7953_218_bp_-1_2_0	CAA45199.1	21.05	19	15	0	20	38	411	429	4.4	17.9
Seq7953_218_bp_-1_2_0	BAB79260.1	20.00	33	24	3	6	35	395	427	5.1	17.6
Seq7953_218_bp_-1_2_0	AAQ92751.2	35.29	20	11	3	17	35	774	791	5.8	19.1
Seq7953_218_bp_-1_2_0	ABS38337.1	27.27	22	16	0	19	40	117	138	6.5	18.8
Seq7953_218_bp_-1_2_0	AAR31603.1	26.92	31	19	5	6	36	62	87	6.6	16.8
Seq7953_218_bp_-1_2_0	AAA24142.1	37.50	19	10	3	4	22	407	422	7.4	17.1
Seq7953_218_bp_-1_2_0	AAI27517.1	35.71	14	9	0	18	31	154	167	7.9	17.4
Seq7953_218_bp_-1_2_0	CAA43372.1	26.09	24	17	1	4	26	15	38	8.2	16.8
Seq7953_218_bp_-1_2_0	AAA23282.1	23.08	26	20	0	5	30	351	376	9.1	17.1
Seq7953_218_bp_-1_2_1	ABN10845.1	32.00	27	17	2	1	25	95	121	0.045	22.8
Seq7953_218_bp_-1_2_1	ABN10845.1	54.55	14	5	3	5	18	47	57	0.21	20.5
Seq7953_218_bp_-1_2_1	EDO47375.1	33.33	26	16	2	1	24	101	126	0.085	21.7
Seq7953_218_bp_-1_2_1	AAC97205.1	47.06	20	9	3	7	24	887	905	0.56	21.7
Seq7953_218_bp_-1_2_1	CAA04196.1	30.43	25	16	2	2	24	3	27	0.6	20.0
Seq7953_218_bp_-1_2_1	BAA32956.1	23.81	22	16	1	1	22	117	137	0.66	18.8
Seq7953_218_bp_-1_2_1	AAR37016.1	35.29	17	11	0	10	26	2016	2032	0.71	22.2
Seq7953_218_bp_-1_2_1	CAA73529.1	40.00	16	9	1	3	18	26	40	0.86	18.8
Seq7953_218_bp_-1_2_1	AAC08817.1	26.67	15	11	0	5	19	96	110	1.1	17.7
Seq7953_218_bp_-1_2_1	AAA45888.1	37.50	26	15	2	1	25	106	130	1.5	18.6
Seq7953_218_bp_-1_2_1	AAH69556.1	22.73	23	17	1	1	23	267	288	2.1	17.7
Seq7953_218_bp_-1_2_1	AAB26998.1	22.73	22	17	0	2	23	31	52	2.1	15.7
Seq7953_218_bp_-1_2_1	BAA32018.1	44.44	24	10	6	3	21	150	172	2.4	18.6
Seq7953_218_bp_-1_2_1	AAX12058.1	36.36	11	7	0	9	19	124	134	2.7	17.2
Seq7953_218_bp_-1_2_1	AAA24142.1	35.00	23	13	3	2	21	33	55	3	17.7
Seq7953_218_bp_-1_2_1	BAA32991.1	40.00	10	6	0	14	23	24	33	4.8	14.3
Seq7953_218_bp_-1_2_1	ABD33854.1	40.00	11	6	1	13	23	39	48	5.3	14.0
Seq7953_218_bp_-1_2_1	ACT10338.1	55.56	11	4	2	11	19	294	304	6.7	16.3
Seq7953_218_bp_-1_2_1	AAA32624.1	57.14	7	3	0	14	20	355	361	7.4	16.6
Seq7953_218_bp_-1_2_1	AAA23282.1	41.18	30	10	13	4	20	543	572	8	16.6
Seq7953_218_bp_-1_2_1	AAA25966.1	33.33	15	10	0	6	20	64	78	8.4	16.9
Seq7953_218_bp_-1_2_1	CAA11507.1	37.50	16	10	0	10	25	1087	1102	8.7	17.7
