Seq148_97_bp_1_0_0	CAA73529.1	62.50	8	3	0	13	20	39	46	0.086	22.1
Seq148_97_bp_1_0_0	BAB79260.1	35.29	17	11	0	3	19	384	400	0.097	22.6
Seq148_97_bp_1_0_0	AII71783.1	60.00	10	4	0	15	24	299	308	0.2	21.0
Seq148_97_bp_1_0_0	AAH69556.1	66.67	9	3	0	15	23	96	104	0.89	18.8
Seq148_97_bp_1_0_0	BAA32956.1	35.00	20	13	0	2	21	128	147	0.9	18.3
Seq148_97_bp_1_0_0	AAX84812.1	44.44	9	5	0	12	20	190	198	0.99	18.3
Seq148_97_bp_1_0_0	BAA32991.1	30.77	13	9	0	2	14	20	32	1.9	15.6
Seq148_97_bp_1_0_0	ABS38337.1	31.25	17	11	1	6	22	938	953	2.6	19.4
Seq148_97_bp_1_0_0	ACT10338.1	36.36	11	7	0	12	22	32	42	3.4	17.2
Seq148_97_bp_1_0_0	AAA23282.1	44.44	9	5	0	6	14	205	213	3.4	17.7
Seq148_97_bp_1_0_0	AAA25966.1	33.33	16	10	1	8	23	483	497	4.4	17.7
Seq148_97_bp_1_0_0	AAA72732.1	35.29	19	11	2	1	19	107	123	5.7	16.1
Seq148_97_bp_1_0_0	AAA24969.1	42.86	15	8	1	2	15	1360	1374	6.2	18.3
Seq148_97_bp_1_0_0	AAA42531.1	22.22	18	14	0	1	18	149	166	7	16.1
Seq148_97_bp_1_0_0	AAB26998.1	40.00	5	3	0	18	22	40	44	9	13.4
Seq148_97_bp_1_0_0	ACH70904.1	100.00	4	0	0	4	7	78	81	9.2	15.6
Seq148_97_bp_1_0_0	AAB96524.1	50.00	8	4	0	11	18	71	78	10	14.5
Seq148_97_bp_1_1_0	AAA24142.1	87.50	32	4	0	1	32	343	374	8.2e-18	76.4
Seq148_97_bp_1_1_0	AAC17860.1	50.00	14	7	0	12	25	323	336	0.79	19.8
Seq148_97_bp_1_1_0	AAR37016.1	50.00	14	7	0	19	32	344	357	1.2	21.7
Seq148_97_bp_1_1_0	BAA32956.1	80.00	5	1	0	7	11	30	34	9.6	15.2
Seq148_97_bp_1_2_0	BAB79260.1	57.14	7	3	0	15	21	441	447	1.3	18.9
Seq148_97_bp_1_2_0	AAA42531.1	71.43	7	2	0	3	9	149	155	4.5	16.8
Seq148_97_bp_1_2_0	ACT10338.1	36.84	19	12	0	1	19	333	351	6.4	16.3
Seq148_97_bp_1_2_0	CAA04196.1	36.36	11	7	0	5	15	262	272	6.8	16.3
Seq148_97_bp_1_2_0	AEE27845.1	43.75	17	9	1	3	18	821	837	7.6	17.9
Seq148_97_bp_1_2_0	AAR31603.1	37.50	8	5	0	7	14	55	62	7.6	15.8
Seq148_97_bp_1_2_0	BAB17681.1	37.50	8	5	0	1	8	158	165	9	15.2
Seq148_97_bp_1_2_0	AAA23282.1	38.46	13	8	0	3	15	189	201	9	16.3
Seq148_97_bp_1_2_0	AAC97205.1	40.00	10	6	0	11	20	1046	1055	9.5	17.3
Seq148_97_bp_-1_0_0	AAR37016.1	50.00	8	4	0	1	8	1565	1572	0.8	20.7
Seq148_97_bp_-1_0_0	AAX84812.1	71.43	7	2	0	1	7	187	193	1.5	16.4
Seq148_97_bp_-1_0_0	AAA42531.1	75.00	4	1	0	6	9	156	159	1.7	17.0
Seq148_97_bp_-1_0_0	ABN10845.1	37.50	8	5	0	2	9	22	29	2.2	15.8
Seq148_97_bp_-1_0_0	ABS38337.1	57.14	7	3	0	1	7	458	464	2.4	18.2
Seq148_97_bp_-1_0_0	AII71783.1	50.00	8	4	0	2	9	155	162	3.1	15.8
Seq148_97_bp_-1_0_0	ABG75784.1	100.00	3	0	0	1	3	193	195	3.1	15.8
Seq148_97_bp_-1_0_0	CAA04196.1	100.00	4	0	0	7	10	303	306	4.2	15.8
Seq148_97_bp_-1_0_0	BAB79260.1	50.00	6	3	0	2	7	174	179	4.5	15.8
Seq148_97_bp_-1_0_0	AAB64315.2	25.00	8	6	0	2	9	121	128	5	15.1
Seq148_97_bp_-1_0_0	AAA32624.1	100.00	3	0	0	1	3	196	198	5.2	15.8
Seq148_97_bp_-1_0_0	AAA23282.1	30.00	10	7	0	1	10	206	215	5.6	15.8
Seq148_97_bp_-1_0_0	ACT10338.1	33.33	9	6	0	1	9	296	304	5.8	15.1
Seq148_97_bp_-1_0_0	AAB96524.1	50.00	6	3	0	5	10	92	97	6.5	13.9
Seq148_97_bp_-1_0_0	AAA25966.1	75.00	4	1	0	2	5	4	7	7	15.8
Seq148_97_bp_-1_0_0	ABD33854.1	50.00	4	2	0	3	6	44	47	7.9	12.1
Seq148_97_bp_-1_0_0	CAA26230.1	42.86	7	4	0	1	7	137	143	8.2	15.1
Seq148_97_bp_-1_0_0	ABK71357.1	42.86	7	4	0	4	10	280	286	8.3	14.5
Seq148_97_bp_-1_0_0	CAA11507.1	75.00	4	1	0	1	4	290	293	8.5	16.4
Seq148_97_bp_-1_0_0	AAA32376.1	50.00	8	4	0	3	10	121	128	9	13.3
Seq148_97_bp_-1_0_0	AAC78721.1	40.00	10	6	0	1	10	208	217	9.7	15.1
Seq148_97_bp_-1_0_0	AAA24142.1	100.00	3	0	0	2	4	301	303	10	14.5
Seq148_97_bp_-1_0_1	AAA36565.1	83.33	6	1	0	1	6	66	71	0.34	19.2
Seq148_97_bp_-1_0_1	BAA32991.1	26.67	15	11	0	4	18	21	35	1.6	15.6
Seq148_97_bp_-1_0_1	AAX84812.1	62.50	8	3	0	11	18	209	216	2.4	16.8
Seq148_97_bp_-1_0_1	AAC78721.1	42.86	7	4	0	9	15	208	214	3.1	18.0
Seq148_97_bp_-1_0_1	AIR13712.1	33.33	18	12	0	1	18	218	235	5	16.2
Seq148_97_bp_-1_0_1	CAA43372.1	40.00	10	6	0	11	20	350	359	6.2	16.2
Seq148_97_bp_-1_0_1	AAA25966.1	28.57	14	10	0	3	16	344	357	7.2	16.8
Seq148_97_bp_-1_0_1	CAA26230.1	36.36	11	7	0	11	21	377	387	8.3	16.2
Seq148_97_bp_-1_1_0	AAA24142.1	28.00	28	18	3	4	28	396	423	7.7	16.6
Seq148_97_bp_-1_2_0	AAC08817.1	36.84	19	12	0	10	28	51	69	1.4	17.6
Seq148_97_bp_-1_2_0	ABS38337.1	43.75	16	9	0	11	26	970	985	2.8	19.6
Seq148_97_bp_-1_2_0	AAA24142.1	66.67	6	2	0	26	31	206	211	3.8	17.6
Seq148_97_bp_-1_2_0	BAA32956.1	55.56	9	4	0	23	31	128	136	4.9	16.2
Seq148_97_bp_-1_2_0	AAC97205.1	38.89	18	11	0	3	20	940	957	5.2	18.6
Seq148_97_bp_-1_2_0	AAC17860.1	26.32	19	14	0	6	24	330	348	6.7	16.6
Seq148_97_bp_-1_2_0	AAA72732.1	35.71	14	9	0	10	23	165	178	7.2	16.2
