Seq10027_879_bp_1_0_0	AAX12058.1	55.56	9	4	0	3	11	240	248	0.54	18.7
Seq10027_879_bp_1_0_0	BAA32018.1	60.00	10	4	0	4	13	453	462	0.9	19.2
Seq10027_879_bp_1_0_0	ABD49687.1	46.67	15	8	0	1	15	611	625	0.99	20.5
Seq10027_879_bp_1_0_0	EDO47375.1	71.43	7	2	0	3	9	166	172	1.7	16.5
Seq10027_879_bp_1_0_0	AAI27517.1	55.56	9	4	0	6	14	421	429	2.1	17.9
Seq10027_879_bp_1_0_0	AAA23282.1	55.56	9	4	0	3	11	270	278	3.6	17.0
Seq10027_879_bp_1_0_0	AAR31603.1	66.67	6	2	0	7	12	65	70	3.9	16.1
Seq10027_879_bp_1_0_0	AAB26998.1	75.00	4	1	0	8	11	27	30	4.2	13.9
Seq10027_879_bp_1_0_0	AAA25966.1	75.00	4	1	0	9	12	153	156	6.2	16.5
Seq10027_879_bp_1_0_0	CAA04196.1	80.00	5	1	0	10	14	45	49	6.5	15.7
Seq10027_879_bp_1_0_0	AAA26915.1	57.14	7	3	0	1	7	22	28	7.2	15.7
Seq10027_879_bp_1_0_0	AAQ92751.2	54.55	12	5	1	1	11	1064	1075	8.5	17.0
Seq10027_879_bp_1_0_0	BAB70780.1	66.67	6	2	0	9	14	207	212	9.9	15.2
Seq10027_879_bp_1_0_1	AAB64315.2	46.15	13	7	0	2	14	65	77	0.086	21.6
Seq10027_879_bp_1_0_1	ACT10338.1	70.00	11	3	1	2	11	257	267	1.8	17.5
Seq10027_879_bp_1_0_1	CAA73529.1	66.67	6	2	0	1	6	160	165	2.9	16.3
Seq10027_879_bp_1_0_1	AAR31603.1	66.67	6	2	0	9	14	291	296	3.4	16.3
Seq10027_879_bp_1_0_1	BAB70780.1	66.67	9	3	0	3	11	145	153	3.8	16.7
Seq10027_879_bp_1_0_1	BAA32956.1	66.67	6	2	0	8	13	45	50	5.1	15.0
Seq10027_879_bp_1_0_1	EDO47375.1	57.14	7	3	0	3	9	91	97	6	14.6
Seq10027_879_bp_1_0_1	ABK71357.1	75.00	9	2	1	5	12	69	77	6.7	15.5
Seq10027_879_bp_1_0_1	AAA24969.1	75.00	9	2	1	3	11	951	958	8.6	17.1
Seq10027_879_bp_1_0_1	ABN10845.1	45.45	11	6	0	1	11	132	142	9	14.2
Seq10027_879_bp_1_0_1	AAA36565.1	45.45	11	6	0	2	12	58	68	9.2	13.8
Seq10027_879_bp_1_0_1	CAA74140.1	50.00	15	6	3	1	15	357	368	9.3	16.3
Seq10027_879_bp_1_0_1	AAH69556.1	100.00	4	0	0	10	13	271	274	9.4	14.6
Seq10027_879_bp_1_0_2	AAA24142.1	45.45	11	6	0	3	13	133	143	1.3	18.2
Seq10027_879_bp_1_0_2	AAB96524.1	66.67	6	2	0	1	6	59	64	1.6	16.7
Seq10027_879_bp_1_0_2	CAA11507.1	83.33	6	1	0	11	16	624	629	1.8	19.4
Seq10027_879_bp_1_0_2	AAA26915.1	66.67	12	3	3	2	13	276	284	2.4	17.4
Seq10027_879_bp_1_0_2	AAA72732.1	66.67	6	2	0	4	9	225	230	2.7	16.7
Seq10027_879_bp_1_0_2	AAB64315.2	50.00	11	5	1	7	16	152	162	6.2	15.5
Seq10027_879_bp_1_0_2	ABD49687.1	40.00	10	6	0	4	13	842	851	8.2	17.4
Seq10027_879_bp_1_0_2	AAC78721.1	50.00	8	4	0	5	12	650	657	9.4	15.9
Seq10027_879_bp_1_0_3	ACT10338.1	83.33	6	1	0	9	14	323	328	2.4	17.1
Seq10027_879_bp_1_0_3	AEE27845.1	83.33	6	1	0	6	11	779	784	3.9	18.2
Seq10027_879_bp_1_0_3	ABG75784.1	50.00	8	4	0	5	12	172	179	5.2	15.6
Seq10027_879_bp_1_0_3	BAB17681.1	57.14	22	6	8	2	15	136	157	7.5	14.8
Seq10027_879_bp_1_0_3	BAA32018.1	50.00	8	4	0	8	15	444	451	7.9	16.0
Seq10027_879_bp_1_1_0	EDO47375.1	42.86	15	8	1	2	16	31	44	0.7	17.9
Seq10027_879_bp_1_1_0	AAA23282.1	75.00	9	2	1	8	16	422	429	0.97	19.0
Seq10027_879_bp_1_1_0	ABK71357.1	75.00	8	2	0	1	8	311	318	1.8	17.5
Seq10027_879_bp_1_1_0	AAH69556.1	66.67	6	2	0	11	16	71	76	1.9	17.2
Seq10027_879_bp_1_1_0	BAB17681.1	66.67	11	3	2	6	16	72	80	2.8	16.4
Seq10027_879_bp_1_1_0	AIR13712.1	85.71	8	1	1	2	9	271	277	3.4	16.4
Seq10027_879_bp_1_1_0	ABN10845.1	40.00	10	6	0	2	11	190	199	4.8	15.3
Seq10027_879_bp_1_1_0	CAA74140.1	54.55	12	5	1	4	15	861	871	7.1	16.8
Seq10027_879_bp_1_1_0	BAB70780.1	57.14	7	3	0	9	15	483	489	8	15.7
Seq10027_879_bp_1_1_0	AAA45888.1	50.00	6	3	0	3	8	108	113	8.1	15.3
Seq10027_879_bp_1_1_0	AAR31603.1	36.36	11	7	0	2	12	129	139	8.9	14.9
Seq10027_879_bp_1_1_1	AAA26915.1	70.00	10	3	0	30	39	104	113	1.2	19.7
Seq10027_879_bp_1_1_1	AAB64315.2	47.06	17	9	0	6	22	100	116	1.6	18.8
Seq10027_879_bp_1_1_1	AAA45888.1	41.38	32	17	3	4	33	294	324	1.8	18.8
Seq10027_879_bp_1_1_1	AAQ92751.2	32.26	31	21	0	7	37	125	155	2	20.6
Seq10027_879_bp_1_1_1	AEE27845.1	43.48	28	13	5	10	37	280	302	2	20.6
Seq10027_879_bp_1_1_1	AAF01122.1	47.06	17	9	0	11	27	130	146	4.9	17.3
Seq10027_879_bp_1_1_1	AAA25966.1	48.39	41	16	10	6	38	208	246	5.1	18.2
Seq10027_879_bp_1_1_1	BAE97662.1	36.00	27	16	2	1	25	673	699	5.3	18.8
Seq10027_879_bp_1_1_1	ABK71357.1	41.18	17	10	0	22	38	125	141	5.8	17.0
Seq10027_879_bp_1_1_1	AIR13712.1	42.31	28	15	2	6	31	141	168	6.3	16.8
Seq10027_879_bp_1_1_1	AAA65607.1	83.33	6	1	0	4	9	270	275	7	16.8
Seq10027_879_bp_1_1_1	AAR31603.1	42.11	21	11	2	4	24	274	292	7.6	16.5
Seq10027_879_bp_1_1_1	ACH70904.1	77.78	10	2	1	1	9	112	121	10	16.2
Seq10027_879_bp_1_2_0	AAC97205.1	55.56	22	8	4	22	43	44	61	2.2	20.4
Seq10027_879_bp_1_2_0	AAB26998.1	57.14	7	3	0	2	8	41	47	3.4	15.8
Seq10027_879_bp_1_2_0	BAB70780.1	36.00	29	16	4	15	43	133	157	5	17.8
Seq10027_879_bp_1_2_0	AAB96524.1	40.00	22	12	2	11	30	109	130	5.3	16.3
Seq10027_879_bp_1_2_0	AAA23282.1	37.50	27	15	3	9	33	49	74	5.9	17.8
Seq10027_879_bp_1_2_0	AEE27845.1	33.33	27	18	0	17	43	10	36	6.4	19.0
Seq10027_879_bp_1_2_0	AAA32624.1	100.00	5	0	0	1	5	336	340	7.9	17.2
Seq10027_879_bp_1_2_0	AAB03707.1	83.33	6	1	0	35	40	689	694	9.2	18.4
Seq10027_879_bp_1_2_1	CAA11507.1	46.67	16	8	1	5	19	246	261	0.2	22.8
Seq10027_879_bp_1_2_1	ABS38337.1	71.43	7	2	0	7	13	113	119	0.31	22.1
Seq10027_879_bp_1_2_1	AAX84812.1	55.56	9	4	0	1	9	31	39	0.64	18.6
Seq10027_879_bp_1_2_1	AII71783.1	50.00	16	7	2	1	16	172	185	0.85	18.6
Seq10027_879_bp_1_2_1	AAQ92751.2	58.33	13	5	1	7	19	544	555	1.1	20.3
Seq10027_879_bp_1_2_1	AAA45888.1	64.29	18	5	4	2	17	235	250	1.4	18.2
Seq10027_879_bp_1_2_1	AIR13712.1	50.00	8	4	0	11	18	137	144	1.9	17.5
Seq10027_879_bp_1_2_1	AAA65607.1	54.55	13	5	2	6	18	323	333	2.1	17.5
Seq10027_879_bp_1_2_1	AAC17860.1	87.50	10	1	2	8	16	311	319	2.3	17.5
Seq10027_879_bp_1_2_1	AAI27517.1	71.43	7	2	0	2	8	106	112	2.6	17.9
Seq10027_879_bp_1_2_1	AAA26915.1	45.45	12	6	1	3	13	446	457	2.7	17.5
Seq10027_879_bp_1_2_1	AAA25966.1	54.55	13	5	2	2	12	80	92	4.1	17.5
Seq10027_879_bp_1_2_1	ABD33854.1	62.50	10	3	2	5	14	39	46	4.1	14.0
Seq10027_879_bp_1_2_1	AAA32624.1	53.85	16	6	3	4	19	392	404	4.8	16.8
Seq10027_879_bp_1_2_1	CAA26230.1	60.00	11	4	1	2	11	67	77	5.1	16.8
Seq10027_879_bp_1_2_1	CAA45199.1	40.00	10	6	0	3	12	376	385	6.8	16.1
Seq10027_879_bp_1_2_1	ABK71357.1	54.55	15	5	4	3	17	171	181	6.9	15.8
Seq10027_879_bp_1_2_1	AAR37016.1	33.33	18	12	0	2	19	411	428	7.8	18.2
Seq10027_879_bp_1_2_1	AAA18786.1	46.67	17	8	2	3	17	132	148	8	15.1
Seq10027_879_bp_-1_0_0	ACT10338.1	44.44	33	15	6	1	27	298	330	0.097	23.1
Seq10027_879_bp_-1_0_0	AAR31603.1	39.13	24	14	1	12	34	288	311	0.48	20.6
Seq10027_879_bp_-1_0_0	AAI27517.1	38.46	27	16	1	15	40	90	116	0.85	20.6
Seq10027_879_bp_-1_0_0	AAR37016.1	35.71	28	18	0	13	40	509	536	1.7	21.5
Seq10027_879_bp_-1_0_0	AAA45888.1	41.67	27	14	3	11	37	319	342	2	18.7
Seq10027_879_bp_-1_0_0	AAQ92751.2	42.86	38	16	10	2	29	532	569	2.4	20.3
Seq10027_879_bp_-1_0_0	ABD49687.1	40.00	21	12	1	9	28	384	404	3	20.3
Seq10027_879_bp_-1_0_0	ABK71357.1	37.93	34	18	5	6	37	271	301	3.8	17.7
Seq10027_879_bp_-1_0_0	AAA18786.1	55.56	9	4	0	24	32	70	78	4.2	17.1
Seq10027_879_bp_-1_0_0	ABN10845.1	62.50	8	3	0	1	8	23	30	4.2	16.8
Seq10027_879_bp_-1_0_0	ABL74574.1	31.58	20	13	1	3	21	142	161	4.5	17.1
Seq10027_879_bp_-1_0_0	CAA45199.1	52.94	21	8	4	10	29	46	63	4.7	17.7
Seq10027_879_bp_-1_0_0	BAE97662.1	31.82	22	15	0	14	35	1077	1098	4.7	19.0
Seq10027_879_bp_-1_0_0	AAB64315.2	77.78	11	2	2	13	23	312	320	5.1	17.1
Seq10027_879_bp_-1_0_0	AAA24142.1	47.37	24	10	5	6	24	150	173	5.6	17.4
Seq10027_879_bp_-1_0_0	CAD53387.1	100.00	4	0	0	10	13	13	16	6.2	17.4
Seq10027_879_bp_-1_0_0	CAA04196.1	57.14	27	9	6	2	22	65	91	6.4	17.1
Seq10027_879_bp_-1_0_0	ACH70904.1	51.72	39	14	10	3	31	3	41	6.9	16.8
Seq10027_879_bp_-1_0_0	AAB26998.1	83.33	6	1	0	3	8	3	8	6.9	14.6
Seq10027_879_bp_-1_0_0	AIR13712.1	42.31	30	15	4	15	40	78	107	7.7	16.5
Seq10027_879_bp_-1_1_0	ABD33854.1	44.44	9	5	0	3	11	19	27	0.64	16.4
Seq10027_879_bp_-1_1_0	AAA18786.1	55.56	10	4	1	6	15	174	182	1.3	17.4
Seq10027_879_bp_-1_1_0	AAC78721.1	45.45	11	6	0	3	13	122	132	2	18.1
Seq10027_879_bp_-1_1_0	AAX12058.1	50.00	8	4	0	4	11	152	159	2.1	16.7
Seq10027_879_bp_-1_1_0	AAA23282.1	62.50	8	3	0	4	11	119	126	3.4	17.1
Seq10027_879_bp_-1_1_0	AAA42531.1	50.00	10	5	0	3	12	235	244	3.8	16.4
Seq10027_879_bp_-1_1_0	EDO47375.1	62.50	9	3	1	3	11	42	49	7.7	14.3
Seq10027_879_bp_-1_1_0	ABD49687.1	100.00	4	0	0	10	13	200	203	7.7	17.4
Seq10027_879_bp_-1_1_0	AAB03707.1	71.43	7	2	0	1	7	1187	1193	7.9	17.1
Seq10027_879_bp_-1_1_0	AAR37016.1	45.45	11	6	0	2	12	1171	1181	8.3	17.8
Seq10027_879_bp_-1_1_0	ABK71357.1	28.57	14	10	0	2	15	161	174	9.1	15.0
Seq10027_879_bp_-1_1_1	AAB96524.1	46.15	13	7	0	2	14	10	22	0.078	21.1
Seq10027_879_bp_-1_1_1	AAC08817.1	41.67	12	7	0	2	13	138	149	0.21	19.5
Seq10027_879_bp_-1_1_1	AAA32624.1	100.00	6	0	0	6	11	255	260	0.29	20.7
Seq10027_879_bp_-1_1_1	AAA26915.1	53.33	16	7	1	2	16	68	83	1	18.7
Seq10027_879_bp_-1_1_1	CAD53387.1	83.33	6	1	0	8	13	479	484	1.9	17.9
Seq10027_879_bp_-1_1_1	BAB79260.1	50.00	8	4	0	3	10	13	20	2.3	17.5
Seq10027_879_bp_-1_1_1	AAR31603.1	54.55	16	5	5	2	12	299	314	2.9	16.7
Seq10027_879_bp_-1_1_1	CAA74140.1	60.00	11	4	1	3	12	321	331	3.5	17.9
Seq10027_879_bp_-1_1_1	AAQ92751.2	53.85	13	6	0	3	15	295	307	3.9	18.3
Seq10027_879_bp_-1_1_1	BAA32956.1	57.14	7	3	0	1	7	102	108	4.2	15.4
Seq10027_879_bp_-1_1_1	ABN10845.1	44.44	9	5	0	7	15	206	214	4.3	15.4
Seq10027_879_bp_-1_1_1	AAA24142.1	40.00	17	9	2	2	16	135	151	5.1	16.3
Seq10027_879_bp_-1_1_1	AAB03707.1	77.78	11	2	2	5	15	1066	1074	5.1	17.9
Seq10027_879_bp_-1_1_1	AAA65607.1	50.00	8	4	0	4	11	31	38	9.1	15.0
Seq10027_879_bp_-1_1_2	AAA42531.1	53.85	13	6	0	6	18	319	331	5.2	16.9
Seq10027_879_bp_-1_1_2	AAB03707.1	44.00	28	14	3	5	29	831	858	5.2	18.7
Seq10027_879_bp_-1_1_2	AAQ92751.2	59.09	28	9	6	5	28	192	217	6.4	18.4
Seq10027_879_bp_-1_1_2	AIR13712.1	50.00	14	6	2	15	28	216	227	6.7	16.3
Seq10027_879_bp_-1_2_0	AAR31603.1	83.33	6	1	0	2	7	263	268	3.1	18.3
Seq10027_879_bp_-1_2_0	AAF01122.1	50.00	12	6	0	38	49	176	187	4.4	18.0
Seq10027_879_bp_-1_2_0	BAA32991.1	71.43	7	2	0	5	11	49	55	5.1	15.4
Seq10027_879_bp_-1_2_0	AAA24142.1	62.50	8	3	0	1	8	352	359	5.2	18.0
Seq10027_879_bp_-1_2_0	ABK71357.1	57.14	26	9	5	2	22	62	87	5.3	17.7
Seq10027_879_bp_-1_2_0	CAA73529.1	52.17	36	11	13	28	55	57	87	5.8	17.1
Seq10027_879_bp_-1_2_0	CAA45199.1	66.67	6	2	0	20	25	80	85	6.6	17.7
Seq10027_879_bp_-1_2_0	AAI27517.1	45.83	32	13	8	1	24	527	558	6.7	18.0
Seq10027_879_bp_-1_2_0	AAA24969.1	70.00	10	3	0	37	46	1235	1244	7.6	19.2
Seq10027_879_bp_-1_2_0	AAC78721.1	57.14	15	6	1	16	30	587	600	7.6	18.0
Seq10027_879_bp_-1_2_0	AAR37016.1	40.91	24	13	2	4	27	1297	1318	7.7	19.8
Seq10027_879_bp_-1_2_0	AAA25966.1	55.00	30	9	10	25	47	271	297	8.1	18.0
Seq10027_879_bp_-1_2_0	AAA45888.1	55.56	9	4	0	3	11	200	208	9.7	16.9
