Seq5578_178_bp_1_0_0	ENA|AAC78721|AAC78721.1	83.05	59	10	0	1	59	551	609	3.6e-42	158.8
Seq5578_178_bp_1_0_0	ENA|AAF79734|AAF79734.1	85.71	7	1	0	7	13	628	634	2.5	20.9
Seq5578_178_bp_1_0_0	ENA|AAC26660|AAC26660.1	83.33	6	1	0	43	48	198	203	4.2	17.6
Seq5578_178_bp_1_0_0	ENA|AAQ92751|AAQ92751.2	66.67	9	3	0	9	17	603	611	8.2	19.0
Seq5578_178_bp_1_0_0	ENA|AAC08817|AAC08817.1	100.00	4	0	0	34	37	56	59	9.2	15.7
Seq5578_178_bp_1_0_0	ENA|AAA72732|AAA72732.1	100.00	4	0	0	24	27	208	211	9.5	16.6
Seq5578_178_bp_1_0_0	ENA|ABD33854|ABD33854.1	100.00	3	0	0	46	48	22	24	9.9	14.3
Seq5578_178_bp_1_1_0	ENA|CAA24711|CAA24711.1	100.00	4	0	0	7	10	133	136	0.39	20.5
Seq5578_178_bp_1_1_0	ENA|BAA32018|BAA32018.1	83.33	6	1	0	22	27	439	444	1	21.0
Seq5578_178_bp_1_1_0	ENA|ABG75784|ABG75784.1	100.00	4	0	0	12	15	214	217	3.3	18.2
Seq5578_178_bp_1_1_0	ENA|AAR31603|AAR31603.1	100.00	4	0	0	56	59	12	15	4.7	17.8
Seq5578_178_bp_1_1_0	ENA|AAC40132|AAC40132.1	100.00	4	0	0	55	58	202	205	5	18.2
Seq5578_178_bp_1_1_0	ENA|AAA18786|AAA18786.1	100.00	4	0	0	25	28	167	170	5.2	17.3
Seq5578_178_bp_1_1_0	ENA|AAF79734|AAF79734.1	100.00	9	0	3	33	38	414	422	5.9	19.6
Seq5578_178_bp_1_1_0	ENA|AAC78721|AAC78721.1	85.71	9	1	2	24	30	617	625	6.9	18.2
Seq5578_178_bp_1_1_0	ENA|CAA26023|CAA26023.1	100.00	4	0	0	23	26	325	328	7.4	17.3
Seq5578_178_bp_1_1_0	ENA|AAS77176|AAS77176.1	100.00	4	0	0	19	22	12	15	7.6	16.9
Seq5578_178_bp_1_1_0	ENA|AAC08817|AAC08817.1	100.00	4	0	0	51	54	58	61	7.7	16.0
Seq5578_178_bp_1_1_0	ENA|CAB75732|CAB75732.1	83.33	6	1	0	12	17	190	195	8.6	18.7
Seq5578_178_bp_1_1_0	ENA|EDO47375|EDO47375.1	100.00	9	0	4	3	7	128	136	9.1	16.0
Seq5578_178_bp_1_1_0	ENA|AAR37016|AAR37016.1	71.43	7	2	0	42	48	748	754	9.3	19.6
Seq5578_178_bp_1_1_0	ENA|CAD53387|CAD53387.1	100.00	4	0	0	22	25	55	58	9.4	17.3
Seq5578_178_bp_1_1_0	ENA|CAA43419|CAA43419.1	80.00	5	1	0	21	25	19	23	9.4	16.9
Seq5578_178_bp_1_1_0	ENA|AAA36114|AAA36114.1	100.00	4	0	0	31	34	445	448	9.6	17.3
Seq5578_178_bp_1_1_0	ENA|AAA42531|AAA42531.1	100.00	4	0	0	16	19	75	78	9.9	16.9
Seq5578_178_bp_1_2_0	ENA|AAC17860|AAC17860.1	85.71	7	1	0	10	16	80	86	0.38	21.0
Seq5578_178_bp_1_2_0	ENA|AAA42531|AAA42531.1	100.00	5	0	0	20	24	250	254	0.51	20.6
Seq5578_178_bp_1_2_0	ENA|AAS77176|AAS77176.1	100.00	4	0	0	15	18	2	5	1.4	18.6
Seq5578_178_bp_1_2_0	ENA|BAA32991|BAA32991.1	100.00	3	0	0	16	18	26	28	3.4	15.3
Seq5578_178_bp_1_2_0	ENA|BAA05866|BAA05866.1	80.00	5	1	0	4	8	67	71	4	17.2
Seq5578_178_bp_1_2_0	ENA|CAA29956|CAA29956.1	100.00	4	0	0	24	27	25	28	4.8	17.2
Seq5578_178_bp_1_2_0	ENA|ABD33854|ABD33854.1	100.00	3	0	0	4	6	36	38	6	14.3
Seq5578_178_bp_1_2_0	ENA|BAA36759|BAA36759.1	100.00	4	0	0	19	22	237	240	7.1	16.2
Seq5578_178_bp_1_2_0	ENA|CAL82360|CAL82360.1	83.33	6	1	0	30	35	437	442	8.2	18.2
Seq5578_178_bp_1_2_0	ENA|ACT10338|ACT10338.1	100.00	4	0	0	27	30	341	344	9.3	16.2
Seq5578_178_bp_1_2_1	ENA|CAA29956|CAA29956.1	100.00	4	0	0	5	8	136	139	0.87	18.2
Seq5578_178_bp_1_2_1	ENA|AAQ92751|AAQ92751.2	100.00	4	0	0	1	4	1358	1361	1	19.9
Seq5578_178_bp_1_2_1	ENA|BAB17681|BAB17681.1	100.00	4	0	0	3	6	210	213	1.4	17.0
Seq5578_178_bp_1_2_1	ENA|AAA72732|AAA72732.1	100.00	3	0	0	9	11	263	265	1.6	17.0
Seq5578_178_bp_1_2_1	ENA|AAB03707|AAB03707.1	100.00	4	0	0	5	8	1022	1025	3.1	18.2
Seq5578_178_bp_1_2_1	ENA|CAA36214|CAA36214.1	100.00	3	0	0	8	10	252	254	3.3	15.9
Seq5578_178_bp_1_2_1	ENA|ABD49687|ABD49687.1	100.00	4	0	0	5	8	308	311	3.9	18.2
Seq5578_178_bp_1_2_1	ENA|AAC08817|AAC08817.1	100.00	3	0	0	5	7	35	37	7.7	13.7
Seq5578_178_bp_1_2_1	ENA|AAA32624|AAA32624.1	100.00	3	0	0	7	9	213	215	8	15.4
Seq5578_178_bp_-1_0_0	ENA|BAA32956|BAA32956.1	100.00	4	0	0	16	19	3	6	1.4	18.3
Seq5578_178_bp_-1_0_0	ENA|AAC26660|AAC26660.1	100.00	4	0	0	20	23	218	221	1.7	18.3
Seq5578_178_bp_-1_0_0	ENA|AAA25966|AAA25966.1	100.00	4	0	0	36	39	170	173	1.8	19.8
Seq5578_178_bp_-1_0_0	ENA|CAA26023|CAA26023.1	100.00	4	0	0	30	33	173	176	1.9	18.8
Seq5578_178_bp_-1_0_0	ENA|AAC49865|AAC49865.1	100.00	4	0	0	8	11	48	51	2.2	18.3
Seq5578_178_bp_-1_0_0	ENA|BAA32018|BAA32018.1	100.00	4	0	0	9	12	375	378	4.2	18.3
Seq5578_178_bp_-1_0_0	ENA|CAA36714|CAA36714.1	100.00	4	0	0	6	9	80	83	8.3	16.9
Seq5578_178_bp_-1_1_0	ENA|AAF79734|AAF79734.1	76.92	13	3	0	29	41	338	350	0.00016	34.8
Seq5578_178_bp_-1_1_0	ENA|AAQ92751|AAQ92751.2	77.78	9	2	0	34	42	129	137	0.097	25.5
Seq5578_178_bp_-1_1_0	ENA|AAC78721|AAC78721.1	100.00	6	0	0	33	38	639	644	0.14	24.0
Seq5578_178_bp_-1_1_0	ENA|AAR37016|AAR37016.1	100.00	4	0	0	44	47	74	77	1.4	22.4
Seq5578_178_bp_-1_1_0	ENA|CAA28033|CAA28033.1	100.00	5	0	0	2	6	897	901	1.6	21.4
Seq5578_178_bp_-1_1_0	ENA|AAC08817|AAC08817.1	87.50	11	1	3	31	38	56	66	2.3	17.8
Seq5578_178_bp_-1_1_0	ENA|CAA24711|CAA24711.1	80.00	5	1	0	53	57	51	55	2.5	17.8
Seq5578_178_bp_-1_1_0	ENA|CAA26939|CAA26939.1	80.00	5	1	0	54	58	139	143	4	18.8
Seq5578_178_bp_-1_1_0	ENA|CCP43727|CCP43727.1	100.00	4	0	0	52	55	328	331	4.7	17.8
Seq5578_178_bp_-1_1_0	ENA|AAB96524|AAB96524.1	100.00	4	0	0	35	38	5	8	5.3	16.8
Seq5578_178_bp_-1_1_0	ENA|ACT10338|ACT10338.1	83.33	7	1	1	54	59	126	132	5.5	17.8
Seq5578_178_bp_-1_1_0	ENA|AAA24145|AAA24145.1	100.00	4	0	0	1	4	101	104	6.4	17.8
Seq5578_178_bp_-1_1_0	ENA|CAA36714|CAA36714.1	100.00	4	0	0	2	5	58	61	6.5	17.8
Seq5578_178_bp_-1_1_0	ENA|ABD33854|ABD33854.1	100.00	3	0	0	12	14	21	23	7.5	14.7
Seq5578_178_bp_-1_1_0	ENA|AAA18786|AAA18786.1	80.00	5	1	0	50	54	5	9	7.5	16.8
Seq5578_178_bp_-1_1_0	ENA|CAA73529|CAA73529.1	100.00	4	0	0	31	34	87	90	7.7	16.8
Seq5578_178_bp_-1_1_0	ENA|AAC17860|AAC17860.1	66.67	9	3	0	33	41	77	85	8.1	17.3
Seq5578_178_bp_-1_1_0	ENA|AAB66912|AAB66912.1	66.67	6	2	0	47	52	815	820	8.9	18.3
Seq5578_178_bp_-1_2_0	ENA|CAD53387|CAD53387.1	87.50	8	1	0	32	39	462	469	0.068	24.6
Seq5578_178_bp_-1_2_0	ENA|AAC08817|AAC08817.1	87.50	10	1	2	34	41	79	88	0.7	19.5
Seq5578_178_bp_-1_2_0	ENA|BAA05866|BAA05866.1	100.00	4	0	0	54	57	265	268	2.7	18.5
Seq5578_178_bp_-1_2_0	ENA|ABG75784|ABG75784.1	100.00	4	0	0	48	51	107	110	2.7	18.5
Seq5578_178_bp_-1_2_0	ENA|AAC49865|AAC49865.1	100.00	4	0	0	48	51	226	229	2.9	18.5
Seq5578_178_bp_-1_2_0	ENA|CAA29968|CAA29968.1	80.00	5	1	0	16	20	55	59	3.4	17.5
Seq5578_178_bp_-1_2_0	ENA|AAR31603|AAR31603.1	83.33	6	1	0	21	26	88	93	4	18.0
Seq5578_178_bp_-1_2_0	ENA|CAA26023|CAA26023.1	100.00	10	0	4	10	19	168	173	4.7	18.0
Seq5578_178_bp_-1_2_0	ENA|AAI27517|AAI27517.1	83.33	6	1	0	28	33	103	108	5.1	18.5
Seq5578_178_bp_-1_2_0	ENA|CAA11507|CAA11507.1	100.00	8	0	2	2	7	312	319	5.8	19.5
Seq5578_178_bp_-1_2_0	ENA|AAS77176|AAS77176.1	100.00	4	0	0	10	13	259	262	7	17.0
