Seq6329_168_bp_1_0_0	ENA|CAA28033|CAA28033.1	100.00	5	0	0	2	6	928	932	0.53	21.1
Seq6329_168_bp_1_0_0	ENA|CAL82360|CAL82360.1	83.33	6	1	0	8	13	478	483	1	20.2
Seq6329_168_bp_1_0_0	ENA|AAA42531|AAA42531.1	100.00	4	0	0	10	13	215	218	2.2	17.3
Seq6329_168_bp_1_0_0	ENA|AAC78721|AAC78721.1	100.00	4	0	0	8	11	409	412	2.7	17.8
Seq6329_168_bp_1_0_0	ENA|BAA32991|BAA32991.1	75.00	4	1	0	8	11	19	22	5.3	13.5
Seq6329_168_bp_1_0_1	ENA|CAA43419|CAA43419.1	100.00	4	0	0	10	13	1	4	0.28	20.2
Seq6329_168_bp_1_0_1	ENA|AAB26998|AAB26998.1	100.00	3	0	0	6	8	14	16	0.63	16.8
Seq6329_168_bp_1_0_1	ENA|AAC78721|AAC78721.1	66.67	6	2	0	10	15	647	652	1.1	19.1
Seq6329_168_bp_1_0_1	ENA|AAF79734|AAF79734.1	100.00	6	0	1	1	6	675	679	1.6	19.6
Seq6329_168_bp_1_0_1	ENA|AAB96524|AAB96524.1	100.00	3	0	0	9	11	15	17	2.2	16.2
Seq6329_168_bp_1_0_1	ENA|ABG75784|ABG75784.1	75.00	4	1	0	2	5	193	196	2.5	16.8
Seq6329_168_bp_1_0_1	ENA|BAA32991|BAA32991.1	75.00	4	1	0	1	4	25	28	2.6	14.5
Seq6329_168_bp_1_0_1	ENA|CAA26939|CAA26939.1	100.00	3	0	0	2	4	244	246	3.1	17.4
Seq6329_168_bp_1_0_1	ENA|ABD33854|ABD33854.1	75.00	4	1	0	5	8	43	46	3.6	13.9
Seq6329_168_bp_1_0_1	ENA|AAA24145|AAA24145.1	100.00	7	0	2	9	13	167	173	3.6	16.8
Seq6329_168_bp_1_0_1	ENA|CAA29968|CAA29968.1	100.00	3	0	0	14	16	169	171	4.9	15.1
Seq6329_168_bp_1_0_1	ENA|BAB79260|BAB79260.1	100.00	3	0	0	9	11	287	289	5.2	16.2
Seq6329_168_bp_1_0_1	ENA|AAR31603|AAR31603.1	71.43	7	2	0	1	7	206	212	5.6	15.6
Seq6329_168_bp_1_0_1	ENA|AAA25966|AAA25966.1	100.00	3	0	0	5	7	346	348	5.6	16.8
Seq6329_168_bp_1_0_1	ENA|AAC26660|AAC26660.1	100.00	3	0	0	14	16	252	254	6.4	15.1
Seq6329_168_bp_1_0_1	ENA|AAA18786|AAA18786.1	100.00	3	0	0	14	16	126	128	6.7	15.1
Seq6329_168_bp_1_0_1	ENA|AAI27517|AAI27517.1	100.00	3	0	0	10	12	444	446	6.7	16.2
Seq6329_168_bp_1_0_1	ENA|CAA73529|CAA73529.1	100.00	3	0	0	14	16	12	14	6.8	15.1
Seq6329_168_bp_1_0_1	ENA|BAB17681|BAB17681.1	100.00	3	0	0	14	16	270	272	6.8	15.1
Seq6329_168_bp_1_0_1	ENA|AAB66912|AAB66912.1	100.00	3	0	0	5	7	450	452	7.1	16.8
Seq6329_168_bp_1_0_1	ENA|AAC97205|AAC97205.1	100.00	3	0	0	3	5	1216	1218	9.2	16.8
Seq6329_168_bp_1_0_1	ENA|CAL82360|CAL82360.1	75.00	4	1	0	1	4	457	460	9.6	16.8
Seq6329_168_bp_1_1_0	ENA|AAF79734|AAF79734.1	83.64	55	9	0	1	55	123	177	1.7e-46	174.2
Seq6329_168_bp_1_1_0	ENA|AAF79734|AAF79734.1	85.71	7	1	0	6	12	852	858	0.15	24.9
Seq6329_168_bp_1_1_0	ENA|AAF79734|AAF79734.1	100.00	5	0	0	22	26	771	775	0.67	22.7
Seq6329_168_bp_1_1_0	ENA|AAC17860|AAC17860.1	75.00	8	2	0	25	32	145	152	0.57	21.1
Seq6329_168_bp_1_1_0	ENA|CAL82360|CAL82360.1	100.00	5	0	0	8	12	570	574	0.59	22.7
Seq6329_168_bp_1_1_0	ENA|AAC08817|AAC08817.1	83.33	6	1	0	29	34	55	60	1.4	18.4
Seq6329_168_bp_1_1_0	ENA|CAA36214|CAA36214.1	100.00	4	0	0	4	7	250	253	3.8	17.9
Seq6329_168_bp_1_1_0	ENA|ABN10845|ABN10845.1	100.00	3	0	0	16	18	42	44	3.9	17.4
Seq6329_168_bp_1_1_0	ENA|AAA36114|AAA36114.1	100.00	3	0	0	16	18	481	483	8.8	17.4
Seq6329_168_bp_1_1_0	ENA|AAA18786|AAA18786.1	62.50	8	3	0	3	10	230	237	9.6	16.3
Seq6329_168_bp_1_1_0	ENA|CAA73529|CAA73529.1	100.00	4	0	0	52	55	62	65	9.8	16.3
Seq6329_168_bp_1_2_0	ENA|AAA32624|AAA32624.1	100.00	4	0	0	1	4	356	359	0.0069	26.1
Seq6329_168_bp_1_2_0	ENA|CAA26023|CAA26023.1	100.00	3	0	0	3	5	182	184	0.19	20.9
Seq6329_168_bp_1_2_0	ENA|CAA26939|CAA26939.1	100.00	3	0	0	3	5	10	12	0.28	20.9
Seq6329_168_bp_1_2_0	ENA|CAA26939|CAA26939.1	75.00	4	1	0	1	4	404	407	0.28	20.9
Seq6329_168_bp_1_2_0	ENA|CAA45708|CAA45708.1	100.00	4	0	0	6	9	351	354	0.33	22.0
Seq6329_168_bp_1_2_0	ENA|BAB17681|BAB17681.1	100.00	3	0	0	1	3	219	221	0.65	18.5
Seq6329_168_bp_1_2_0	ENA|ABD33854|ABD33854.1	100.00	3	0	0	8	10	36	38	1.1	15.7
Seq6329_168_bp_1_2_0	ENA|AAB96524|AAB96524.1	100.00	3	0	0	6	8	58	60	1.5	16.8
Seq6329_168_bp_1_2_0	ENA|BAB79260|BAB79260.1	100.00	4	0	0	13	16	263	266	1.6	18.0
Seq6329_168_bp_1_2_0	ENA|ABN10845|ABN10845.1	100.00	2	0	0	5	6	90	91	3.7	15.7
Seq6329_168_bp_1_2_0	ENA|AAA18786|AAA18786.1	100.00	2	0	0	4	5	187	188	4.6	15.7
Seq6329_168_bp_1_2_0	ENA|CAA73529|CAA73529.1	100.00	3	0	0	10	12	256	258	4.7	15.7
Seq6329_168_bp_1_2_0	ENA|AAC78721|AAC78721.1	100.00	3	0	0	6	8	638	640	5.1	16.8
Seq6329_168_bp_1_2_0	ENA|BAA05866|BAA05866.1	100.00	3	0	0	8	10	67	69	5.2	15.7
Seq6329_168_bp_1_2_0	ENA|BAA32956|BAA32956.1	66.67	3	1	0	4	6	26	28	5.3	15.1
Seq6329_168_bp_1_2_0	ENA|AAC49865|AAC49865.1	100.00	2	0	0	5	6	46	47	5.6	15.7
Seq6329_168_bp_1_2_0	ENA|CAA29956|CAA29956.1	100.00	2	0	0	4	5	292	293	6.3	15.7
Seq6329_168_bp_1_2_0	ENA|AAA42531|AAA42531.1	100.00	2	0	0	5	6	124	125	6.5	15.7
Seq6329_168_bp_1_2_0	ENA|AAC17860|AAC17860.1	100.00	2	0	0	4	5	99	100	6.9	15.7
Seq6329_168_bp_1_2_0	ENA|CAA36714|CAA36714.1	80.00	5	1	0	9	13	142	146	7.8	15.7
Seq6329_168_bp_1_2_0	ENA|CCP43727|CCP43727.1	66.67	3	1	0	4	6	136	138	8.1	15.1
Seq6329_168_bp_1_2_1	ENA|AAC78721|AAC78721.1	100.00	4	0	0	17	20	240	243	0.75	20.0
Seq6329_168_bp_1_2_1	ENA|AAB26998|AAB26998.1	100.00	4	0	0	14	17	7	10	1.4	16.0
Seq6329_168_bp_1_2_1	ENA|ABD49687|ABD49687.1	100.00	4	0	0	18	21	1202	1205	1.9	20.0
Seq6329_168_bp_1_2_1	ENA|AAS77176|AAS77176.1	100.00	3	0	0	8	10	146	148	2.1	17.3
Seq6329_168_bp_1_2_1	ENA|AAC49865|AAC49865.1	100.00	6	0	1	1	6	225	229	3.2	16.9
Seq6329_168_bp_1_2_1	ENA|CAA45199|CAA45199.1	100.00	3	0	0	8	10	383	385	3.3	17.3
Seq6329_168_bp_1_2_1	ENA|CAA24711|CAA24711.1	71.43	7	2	0	11	17	104	110	4.2	15.5
Seq6329_168_bp_1_2_1	ENA|AAR31603|AAR31603.1	80.00	5	1	0	1	5	74	78	4.3	16.4
Seq6329_168_bp_1_2_1	ENA|CAA26939|CAA26939.1	100.00	3	0	0	18	20	9	11	5.4	16.9
Seq6329_168_bp_1_2_1	ENA|AAB66912|AAB66912.1	100.00	4	0	0	16	19	350	353	6.4	17.3
Seq6329_168_bp_1_2_1	ENA|ACT10338|ACT10338.1	100.00	4	0	0	14	17	149	152	6.8	16.0
Seq6329_168_bp_1_2_1	ENA|BAA32956|BAA32956.1	100.00	3	0	0	2	4	122	124	6.8	15.1
Seq6329_168_bp_1_2_1	ENA|ABG75784|ABG75784.1	100.00	3	0	0	10	12	170	172	7.4	15.5
Seq6329_168_bp_1_2_1	ENA|AAA36539|AAA36539.1	100.00	4	0	0	12	15	381	384	8.2	16.0
Seq6329_168_bp_1_2_1	ENA|ABD33854|ABD33854.1	100.00	2	0	0	9	10	43	44	9.6	12.8
Seq6329_168_bp_-1_0_0	ENA|BAA32018|BAA32018.1	100.00	8	0	1	7	13	285	292	0.21	23.2
Seq6329_168_bp_-1_0_0	ENA|CAA73529|CAA73529.1	100.00	5	0	0	46	50	227	231	0.26	21.7
Seq6329_168_bp_-1_0_0	ENA|BAA32991|BAA32991.1	100.00	4	0	0	20	23	49	52	0.78	18.1
Seq6329_168_bp_-1_0_0	ENA|AAA72732|AAA72732.1	83.33	6	1	0	6	11	203	208	0.86	20.1
Seq6329_168_bp_-1_0_0	ENA|AAC40132|AAC40132.1	90.00	13	1	3	41	50	54	66	0.92	20.7
Seq6329_168_bp_-1_0_0	ENA|CAA24711|CAA24711.1	83.33	6	1	0	25	30	88	93	2	18.1
Seq6329_168_bp_-1_0_0	ENA|AAC26660|AAC26660.1	100.00	9	0	3	41	49	91	96	4.1	17.6
Seq6329_168_bp_-1_0_0	ENA|AAC78721|AAC78721.1	83.33	6	1	0	18	23	95	100	5.2	18.6
Seq6329_168_bp_-1_0_0	ENA|AAR37016|AAR37016.1	71.43	7	2	0	20	26	641	647	6.2	20.1
Seq6329_168_bp_-1_0_0	ENA|ABD49687|ABD49687.1	85.71	7	1	0	1	7	7	13	6.4	19.6
Seq6329_168_bp_-1_0_0	ENA|AAA24145|AAA24145.1	100.00	4	0	0	7	10	180	183	7.1	17.6
Seq6329_168_bp_-1_0_0	ENA|AAA36539|AAA36539.1	100.00	4	0	0	41	44	277	280	7.3	17.6
Seq6329_168_bp_-1_0_0	ENA|AAA25966|AAA25966.1	100.00	4	0	0	6	9	587	590	7.8	18.1
Seq6329_168_bp_-1_0_0	ENA|CAA29956|CAA29956.1	100.00	4	0	0	47	50	310	313	8.2	17.1
Seq6329_168_bp_-1_0_0	ENA|ACT10338|ACT10338.1	100.00	3	0	0	53	55	87	89	8.4	17.1
Seq6329_168_bp_-1_0_0	ENA|CAA26939|CAA26939.1	100.00	4	0	0	19	22	236	239	8.7	17.6
Seq6329_168_bp_-1_0_0	ENA|BAB79260|BAB79260.1	100.00	4	0	0	35	38	279	282	9.7	17.1
Seq6329_168_bp_-1_1_0	ENA|CAA36214|CAA36214.1	80.00	5	1	0	10	14	143	147	1.6	17.4
Seq6329_168_bp_-1_1_0	ENA|CAA28033|CAA28033.1	100.00	4	0	0	7	10	1053	1056	3.3	18.4
Seq6329_168_bp_-1_1_0	ENA|AAB26998|AAB26998.1	100.00	3	0	0	13	15	3	5	4.5	13.9
Seq6329_168_bp_-1_1_0	ENA|AAC78721|AAC78721.1	100.00	4	0	0	2	5	272	275	6.7	16.4
Seq6329_168_bp_-1_1_0	ENA|CAA26939|CAA26939.1	80.00	5	1	0	12	16	140	144	7.9	15.9
Seq6329_168_bp_-1_1_0	ENA|AAI27517|AAI27517.1	80.00	5	1	0	8	12	393	397	8.2	15.9
Seq6329_168_bp_-1_1_0	ENA|AAA36539|AAA36539.1	100.00	3	0	0	11	13	218	220	9.2	15.4
Seq6329_168_bp_-1_1_1	ENA|AAB96524|AAB96524.1	100.00	5	0	0	5	9	11	15	0.018	23.2
Seq6329_168_bp_-1_1_1	ENA|AAA36114|AAA36114.1	100.00	5	0	0	5	9	65	69	0.05	23.2
Seq6329_168_bp_-1_1_1	ENA|AAQ92751|AAQ92751.2	83.33	6	1	0	10	15	1094	1099	0.43	21.5
Seq6329_168_bp_-1_1_1	ENA|AAC40132|AAC40132.1	80.00	5	1	0	1	5	70	74	1.4	18.2
Seq6329_168_bp_-1_1_1	ENA|AAA18786|AAA18786.1	80.00	5	1	0	5	9	76	80	1.7	17.1
Seq6329_168_bp_-1_1_1	ENA|AAB03707|AAB03707.1	100.00	4	0	0	4	7	1108	1111	1.9	19.3
Seq6329_168_bp_-1_1_1	ENA|BAA32956|BAA32956.1	100.00	3	0	0	8	10	78	80	2.8	16.0
Seq6329_168_bp_-1_1_1	ENA|AAR37016|AAR37016.1	100.00	6	0	1	1	6	1565	1569	3.2	19.3
Seq6329_168_bp_-1_1_1	ENA|AAC17860|AAC17860.1	100.00	6	0	1	1	6	119	123	3.7	16.6
Seq6329_168_bp_-1_1_1	ENA|CAL82360|CAL82360.1	71.43	7	2	0	3	9	460	466	3.7	18.2
Seq6329_168_bp_-1_1_1	ENA|ABD33854|ABD33854.1	100.00	2	0	0	3	4	44	45	3.8	13.9
Seq6329_168_bp_-1_1_1	ENA|AAC26660|AAC26660.1	100.00	3	0	0	4	6	74	76	4.9	15.5
Seq6329_168_bp_-1_1_1	ENA|CAA26023|CAA26023.1	100.00	3	0	0	10	12	191	193	5	16.0
Seq6329_168_bp_-1_1_1	ENA|AAS77176|AAS77176.1	100.00	5	0	1	3	7	148	151	5.4	15.5
Seq6329_168_bp_-1_1_1	ENA|BAA32991|BAA32991.1	100.00	2	0	0	2	3	27	28	5.9	13.3
Seq6329_168_bp_-1_1_1	ENA|AAF79734|AAF79734.1	100.00	4	0	0	13	16	15	18	6	17.7
Seq6329_168_bp_-1_1_1	ENA|AAC49865|AAC49865.1	100.00	3	0	0	4	6	208	210	6.2	15.5
Seq6329_168_bp_-1_1_1	ENA|CAA29956|CAA29956.1	100.00	3	0	0	4	6	92	94	7	15.5
Seq6329_168_bp_-1_1_1	ENA|CAA36214|CAA36214.1	100.00	3	0	0	6	8	86	88	8.2	15.0
Seq6329_168_bp_-1_1_1	ENA|AAA72732|AAA72732.1	100.00	3	0	0	6	8	53	55	8.4	15.0
Seq6329_168_bp_-1_1_1	ENA|ABG75784|ABG75784.1	100.00	3	0	0	5	7	288	290	8.4	15.0
Seq6329_168_bp_-1_1_1	ENA|CAA36714|CAA36714.1	100.00	3	0	0	4	6	312	314	8.5	15.5
Seq6329_168_bp_-1_2_0	ENA|BAB79260|BAB79260.1	100.00	4	0	0	10	13	106	109	0.41	20.4
Seq6329_168_bp_-1_2_0	ENA|AAA25966|AAA25966.1	100.00	4	0	0	4	7	178	181	0.43	20.9
Seq6329_168_bp_-1_2_0	ENA|ABD49687|ABD49687.1	100.00	4	0	0	14	17	1569	1572	0.68	21.5
Seq6329_168_bp_-1_2_0	ENA|BAA32956|BAA32956.1	100.00	3	0	0	13	15	99	101	0.96	18.0
Seq6329_168_bp_-1_2_0	ENA|ABD33854|ABD33854.1	100.00	3	0	0	2	4	38	40	0.99	16.2
Seq6329_168_bp_-1_2_0	ENA|CAA45708|CAA45708.1	80.00	5	1	0	3	7	562	566	1.4	20.4
Seq6329_168_bp_-1_2_0	ENA|ABG75784|ABG75784.1	100.00	3	0	0	14	16	195	197	2.1	17.4
Seq6329_168_bp_-1_2_0	ENA|AAC97205|AAC97205.1	100.00	4	0	0	7	10	562	565	2.5	19.2
Seq6329_168_bp_-1_2_0	ENA|AAI27517|AAI27517.1	100.00	4	0	0	16	19	342	345	2.7	18.0
Seq6329_168_bp_-1_2_0	ENA|CAA11507|CAA11507.1	100.00	4	0	0	8	11	261	264	2.7	19.2
Seq6329_168_bp_-1_2_0	ENA|AAB03707|AAB03707.1	85.71	9	1	2	6	14	398	404	2.8	19.2
Seq6329_168_bp_-1_2_0	ENA|BAA32018|BAA32018.1	100.00	3	0	0	14	16	4	6	4.2	17.4
Seq6329_168_bp_-1_2_0	ENA|AAR37016|AAR37016.1	100.00	4	0	0	7	10	161	164	4.6	19.2
Seq6329_168_bp_-1_2_0	ENA|AAA32624|AAA32624.1	62.50	8	3	0	3	10	364	371	5.2	16.8
Seq6329_168_bp_-1_2_0	ENA|AAC08817|AAC08817.1	100.00	3	0	0	6	8	124	126	5.3	15.0
Seq6329_168_bp_-1_2_0	ENA|ABK71357|ABK71357.1	100.00	3	0	0	11	13	120	122	5.6	16.2
Seq6329_168_bp_-1_2_0	ENA|CAA28033|CAA28033.1	80.00	5	1	0	4	8	130	134	5.7	18.0
Seq6329_168_bp_-1_2_0	ENA|AAA42531|AAA42531.1	100.00	3	0	0	3	5	121	123	5.8	16.2
Seq6329_168_bp_-1_2_0	ENA|AAA36539|AAA36539.1	100.00	3	0	0	11	13	217	219	7	16.2
Seq6329_168_bp_-1_2_0	ENA|AAC78721|AAC78721.1	100.00	3	0	0	11	13	437	439	9.7	16.2
Seq6329_168_bp_-1_2_0	ENA|CAA36214|CAA36214.1	100.00	3	0	0	7	9	242	244	9.9	15.0
Seq6329_168_bp_-1_2_1	ENA|AAA25966|AAA25966.1	66.67	9	3	0	23	31	568	576	0.21	22.7
Seq6329_168_bp_-1_2_1	ENA|AAC08817|AAC08817.1	100.00	7	0	1	1	6	40	46	0.73	18.6
Seq6329_168_bp_-1_2_1	ENA|AAB03707|AAB03707.1	83.33	6	1	0	10	15	1363	1368	1.1	21.1
Seq6329_168_bp_-1_2_1	ENA|EDO47375|EDO47375.1	80.00	5	1	0	23	27	100	104	1.2	18.1
Seq6329_168_bp_-1_2_1	ENA|CAA45199|CAA45199.1	100.00	4	0	0	9	12	290	293	1.5	19.1
Seq6329_168_bp_-1_2_1	ENA|CAA11507|CAA11507.1	100.00	4	0	0	4	7	1116	1119	2.2	20.1
Seq6329_168_bp_-1_2_1	ENA|CAA43419|CAA43419.1	66.67	6	2	0	9	14	36	41	4.7	17.1
Seq6329_168_bp_-1_2_1	ENA|AAA18786|AAA18786.1	83.33	8	1	2	13	18	256	263	4.8	16.6
Seq6329_168_bp_-1_2_1	ENA|BAA32956|BAA32956.1	100.00	6	0	2	7	12	131	134	5.4	16.1
Seq6329_168_bp_-1_2_1	ENA|AAR31603|AAR31603.1	100.00	3	0	0	11	13	242	244	5.9	16.6
Seq6329_168_bp_-1_2_1	ENA|AAC40132|AAC40132.1	83.33	9	1	3	5	13	420	425	6	17.1
Seq6329_168_bp_-1_2_1	ENA|ABD33854|ABD33854.1	100.00	3	0	0	8	10	10	12	6.5	14.1
Seq6329_168_bp_-1_2_1	ENA|CAA45708|CAA45708.1	100.00	10	0	4	20	25	1356	1365	6.7	18.6
Seq6329_168_bp_-1_2_1	ENA|CAA26023|CAA26023.1	100.00	4	0	0	2	5	229	232	6.8	16.6
Seq6329_168_bp_-1_2_1	ENA|AAA42531|AAA42531.1	83.33	7	1	1	9	14	265	271	6.9	16.6
Seq6329_168_bp_-1_2_1	ENA|AAI27517|AAI27517.1	100.00	3	0	0	7	9	166	168	7.4	17.1
Seq6329_168_bp_-1_2_1	ENA|BAA32991|BAA32991.1	100.00	3	0	0	1	3	17	19	9.6	13.6
Seq6329_168_bp_-1_2_1	ENA|AAC17860|AAC17860.1	100.00	3	0	0	12	14	293	295	10	16.1
