Seq7613_242_bp_1_0_0	ENA|CAA29968|CAA29968.1	31.43	39	24	4	26	64	104	138	0.31	21.5
Seq7613_242_bp_1_0_0	ENA|ABD49687|ABD49687.1	35.94	73	41	9	3	72	76	142	0.51	23.9
Seq7613_242_bp_1_0_0	ENA|ABD49687|ABD49687.1	61.54	13	5	0	60	72	1132	1144	0.78	23.3
Seq7613_242_bp_1_0_0	ENA|AAC08817|AAC08817.1	25.00	52	36	4	2	53	106	153	0.71	19.9
Seq7613_242_bp_1_0_0	ENA|AAI27517|AAI27517.1	31.58	87	52	11	1	80	273	355	0.76	21.8
Seq7613_242_bp_1_0_0	ENA|CAA45708|CAA45708.1	28.89	46	32	1	21	66	1140	1184	1	22.7
Seq7613_242_bp_1_0_0	ENA|AAR37016|AAR37016.1	28.85	54	37	2	24	75	1341	1394	1.1	23.3
Seq7613_242_bp_1_0_0	ENA|AAA18786|AAA18786.1	41.18	17	10	0	59	75	68	84	1.8	19.3
Seq7613_242_bp_1_0_0	ENA|AAA36539|AAA36539.1	27.45	58	37	7	8	65	76	126	2.1	19.9
Seq7613_242_bp_1_0_0	ENA|CAD53387|CAD53387.1	48.78	59	21	18	31	74	415	470	2.3	19.9
Seq7613_242_bp_1_0_0	ENA|AAF79734|AAF79734.1	29.09	62	39	7	19	74	507	567	2.3	21.5
Seq7613_242_bp_1_0_0	ENA|ABN10845|ABN10845.1	40.74	31	16	4	12	39	91	120	2.8	18.4
Seq7613_242_bp_1_0_0	ENA|AAB96524|AAB96524.1	47.37	20	10	1	41	60	110	128	3.6	17.8
Seq7613_242_bp_1_0_0	ENA|CAA36714|CAA36714.1	26.92	26	19	0	44	69	437	462	3.9	19.0
Seq7613_242_bp_1_0_0	ENA|BAA32956|BAA32956.1	25.00	45	30	5	15	56	153	195	4	17.8
Seq7613_242_bp_1_0_0	ENA|AAA24145|AAA24145.1	31.82	22	15	0	11	32	12	33	4.7	18.7
Seq7613_242_bp_1_0_0	ENA|AAB66912|AAB66912.1	36.36	22	14	0	1	22	574	595	5	19.6
Seq7613_242_bp_1_0_0	ENA|BAB17681|BAB17681.1	53.33	15	7	0	23	37	4	18	5.2	17.8
Seq7613_242_bp_1_0_0	ENA|ACT10338|ACT10338.1	21.88	65	50	1	8	72	60	123	5.9	18.1
Seq7613_242_bp_1_0_0	ENA|AAC97205|AAC97205.1	26.00	54	37	4	7	59	16	66	6.6	19.6
Seq7613_242_bp_1_0_0	ENA|ACH70901|ACH70901.1	28.57	30	20	2	5	32	289	318	6.7	17.8
Seq7613_242_bp_1_0_0	ENA|AAR31603|AAR31603.1	27.27	51	32	7	21	69	249	294	7.5	17.5
Seq7613_242_bp_1_0_0	ENA|BAA32991|BAA32991.1	27.27	22	16	0	20	41	8	29	8.3	15.1
Seq7613_242_bp_1_0_0	ENA|CAA43419|CAA43419.1	23.81	43	32	1	33	74	3	45	8.3	17.5
Seq7613_242_bp_1_0_0	ENA|BAA32018|BAA32018.1	27.08	51	35	3	22	69	503	553	9.2	18.1
Seq7613_242_bp_1_1_0	ENA|BAA32991|BAA32991.1	33.33	26	16	2	12	37	37	60	1.9	16.9
Seq7613_242_bp_1_1_0	ENA|AAR31603|AAR31603.1	35.00	42	26	2	13	53	200	240	2.3	18.9
Seq7613_242_bp_1_1_0	ENA|BAA36759|BAA36759.1	42.11	20	11	1	33	52	112	130	5.4	17.4
Seq7613_242_bp_1_1_1	ENA|ABK71357|ABK71357.1	60.00	12	4	2	1	10	301	312	1.5	17.4
Seq7613_242_bp_1_1_1	ENA|CAA26939|CAA26939.1	66.67	9	3	0	4	12	293	301	1.8	17.8
Seq7613_242_bp_1_1_1	ENA|AAC97205|AAC97205.1	57.14	7	3	0	2	8	279	285	2.2	18.6
Seq7613_242_bp_1_1_1	ENA|CAA73529|CAA73529.1	50.00	15	6	3	1	12	136	150	3.3	15.8
Seq7613_242_bp_1_1_1	ENA|AAB26998|AAB26998.1	50.00	6	3	0	4	9	32	37	6.4	13.0
Seq7613_242_bp_1_1_1	ENA|AAC08817|AAC08817.1	50.00	8	4	0	4	11	132	139	7.3	13.8
Seq7613_242_bp_1_1_1	ENA|CAD53387|CAD53387.1	75.00	9	2	1	2	10	466	473	7.7	15.4
Seq7613_242_bp_1_2_0	ENA|AAR37016|AAR37016.1	97.50	80	2	0	1	80	635	714	6.3e-50	186.8
Seq7613_242_bp_1_2_0	ENA|ABD49687|ABD49687.1	32.14	60	38	4	2	59	118	175	0.041	27.5
Seq7613_242_bp_1_2_0	ENA|AAC08817|AAC08817.1	25.58	47	32	4	24	68	17	61	0.095	22.9
Seq7613_242_bp_1_2_0	ENA|CAA29956|CAA29956.1	37.04	28	17	1	9	35	113	140	0.36	22.2
Seq7613_242_bp_1_2_0	ENA|CAA45708|CAA45708.1	38.46	40	24	1	19	57	1230	1269	0.58	23.5
Seq7613_242_bp_1_2_0	ENA|AAA42531|AAA42531.1	33.33	39	22	6	9	46	323	356	0.59	21.5
Seq7613_242_bp_1_2_0	ENA|AAR31603|AAR31603.1	35.14	39	24	2	2	38	274	312	0.63	21.2
Seq7613_242_bp_1_2_0	ENA|AAA36114|AAA36114.1	34.78	50	30	4	22	67	109	158	0.77	21.5
Seq7613_242_bp_1_2_0	ENA|AAA72732|AAA72732.1	42.11	20	11	1	3	22	268	286	0.94	20.5
Seq7613_242_bp_1_2_0	ENA|ABK71357|ABK71357.1	28.57	28	20	0	20	47	275	302	1.1	20.5
Seq7613_242_bp_1_2_0	ENA|AAC40132|AAC40132.1	40.43	60	28	13	4	62	345	392	1.1	20.9
Seq7613_242_bp_1_2_0	ENA|AAC97205|AAC97205.1	33.90	75	39	16	14	74	1079	1151	1.2	22.2
Seq7613_242_bp_1_2_0	ENA|AAQ92751|AAQ92751.2	27.59	61	42	3	1	59	19	78	1.3	22.2
Seq7613_242_bp_1_2_0	ENA|AAC49865|AAC49865.1	29.41	34	24	0	32	65	160	193	2	19.5
Seq7613_242_bp_1_2_0	ENA|CAB75732|CAB75732.1	29.55	47	31	3	1	46	316	360	2.2	21.2
Seq7613_242_bp_1_2_0	ENA|BAA32956|BAA32956.1	31.58	40	26	2	19	56	48	87	2.5	18.5
Seq7613_242_bp_1_2_0	ENA|AAF79734|AAF79734.1	26.67	81	55	6	3	79	518	596	2.7	21.2
Seq7613_242_bp_1_2_0	ENA|CAA11507|CAA11507.1	37.14	39	22	4	32	66	627	665	3.2	20.9
Seq7613_242_bp_1_2_0	ENA|CAA26023|CAA26023.1	18.87	54	43	1	22	75	233	285	3.6	18.9
Seq7613_242_bp_1_2_0	ENA|AAA32624|AAA32624.1	39.53	52	26	9	4	46	202	253	4.8	18.9
Seq7613_242_bp_1_2_0	ENA|BAA32991|BAA32991.1	25.81	31	23	0	14	44	33	63	5	15.9
Seq7613_242_bp_1_2_0	ENA|AAA24145|AAA24145.1	28.57	32	20	4	15	42	100	131	5.3	18.5
Seq7613_242_bp_1_2_0	ENA|AAI27517|AAI27517.1	35.90	44	25	5	2	43	360	400	5.4	18.9
Seq7613_242_bp_1_2_0	ENA|CAA24711|CAA24711.1	40.00	24	12	4	36	59	53	72	6.3	16.9
Seq7613_242_bp_1_2_0	ENA|BAB17681|BAB17681.1	35.29	38	22	4	26	59	50	87	6.3	17.5
Seq7613_242_bp_1_2_0	ENA|AAA25966|AAA25966.1	38.46	27	16	1	42	68	492	517	6.6	18.9
Seq7613_242_bp_1_2_0	ENA|ACT10338|ACT10338.1	37.84	42	23	5	42	78	202	243	7	17.9
Seq7613_242_bp_1_2_0	ENA|CAA43419|CAA43419.1	38.10	22	13	1	26	46	108	129	8.2	17.5
Seq7613_242_bp_1_2_0	ENA|CAA45199|CAA45199.1	30.56	43	25	7	32	67	258	300	8.4	17.9
Seq7613_242_bp_1_2_0	ENA|CAA29968|CAA29968.1	39.47	41	23	3	10	49	26	64	8.7	16.5
Seq7613_242_bp_1_2_0	ENA|AAB26998|AAB26998.1	26.92	26	19	0	53	78	15	40	8.8	15.2
Seq7613_242_bp_1_2_0	ENA|AAC26660|AAC26660.1	25.81	71	46	9	1	65	118	185	9	16.9
Seq7613_242_bp_-1_0_0	ENA|AAA18786|AAA18786.1	38.10	54	26	12	20	71	8	51	0.54	21.1
Seq7613_242_bp_-1_0_0	ENA|BAA36759|BAA36759.1	50.00	20	9	2	17	36	140	157	0.89	20.5
Seq7613_242_bp_-1_0_0	ENA|AAC08817|AAC08817.1	57.14	18	6	4	38	55	83	96	2.1	18.4
Seq7613_242_bp_-1_0_0	ENA|BAA32991|BAA32991.1	30.77	49	27	10	26	71	2	43	2.1	17.1
Seq7613_242_bp_-1_0_0	ENA|BAA32018|BAA32018.1	25.00	28	21	0	2	29	1	28	3.6	19.6
Seq7613_242_bp_-1_0_0	ENA|AAA42531|AAA42531.1	30.00	57	35	7	5	56	129	183	6.2	18.1
Seq7613_242_bp_-1_0_0	ENA|CAA29956|CAA29956.1	27.27	22	16	0	30	51	118	139	7.3	17.8
Seq7613_242_bp_-1_0_0	ENA|ABD33854|ABD33854.1	38.46	16	8	3	62	77	32	44	8.2	15.0
Seq7613_242_bp_-1_0_0	ENA|AAC40132|AAC40132.1	45.95	47	20	10	8	44	320	366	9.1	17.8
Seq7613_242_bp_-1_0_0	ENA|ABN10845|ABN10845.1	23.08	26	20	0	2	27	26	51	9.6	16.5
Seq7613_242_bp_-1_1_0	ENA|AAR37016|AAR37016.1	44.68	58	26	11	16	67	1578	1630	0.035	28.2
Seq7613_242_bp_-1_1_0	ENA|AAR37016|AAR37016.1	27.54	78	50	9	5	73	673	750	0.35	24.9
Seq7613_242_bp_-1_1_0	ENA|AAI27517|AAI27517.1	36.23	85	44	16	1	75	395	473	0.052	25.6
Seq7613_242_bp_-1_1_0	ENA|AAC17860|AAC17860.1	25.71	35	26	0	43	77	135	169	0.1	24.2
Seq7613_242_bp_-1_1_0	ENA|ABD49687|ABD49687.1	37.04	27	17	0	8	34	117	143	0.2	25.3
Seq7613_242_bp_-1_1_0	ENA|BAA32991|BAA32991.1	39.13	27	14	4	1	27	13	35	0.21	20.5
Seq7613_242_bp_-1_1_0	ENA|AAQ92751|AAQ92751.2	31.25	52	33	4	25	75	127	175	0.34	24.2
Seq7613_242_bp_-1_1_0	ENA|CCP43727|CCP43727.1	27.27	45	32	1	36	79	121	165	0.37	22.0
Seq7613_242_bp_-1_1_0	ENA|AAA18786|AAA18786.1	30.56	40	25	4	22	59	58	95	0.49	21.2
Seq7613_242_bp_-1_1_0	ENA|AAC97205|AAC97205.1	29.31	62	41	4	22	79	911	972	0.82	22.7
Seq7613_242_bp_-1_1_0	ENA|AAB26998|AAB26998.1	46.15	13	7	0	14	26	12	24	1.4	18.0
Seq7613_242_bp_-1_1_0	ENA|CAA45199|CAA45199.1	60.00	11	4	1	10	20	61	70	1.4	20.5
Seq7613_242_bp_-1_1_0	ENA|CAA29956|CAA29956.1	29.79	49	33	2	17	65	124	170	1.5	20.1
Seq7613_242_bp_-1_1_0	ENA|ABN10845|ABN10845.1	33.33	22	14	1	6	26	55	76	1.8	19.0
Seq7613_242_bp_-1_1_0	ENA|AAC49865|AAC49865.1	35.00	40	26	0	41	80	201	240	2.1	19.4
Seq7613_242_bp_-1_1_0	ENA|CAA26939|CAA26939.1	40.43	59	28	12	5	57	418	470	2.2	20.1
Seq7613_242_bp_-1_1_0	ENA|BAA32956|BAA32956.1	33.33	20	12	2	1	20	11	28	2.3	18.7
Seq7613_242_bp_-1_1_0	ENA|BAB17681|BAB17681.1	26.67	66	44	6	14	78	185	245	2.9	18.7
Seq7613_242_bp_-1_1_0	ENA|CAA26023|CAA26023.1	30.43	25	16	2	57	79	239	263	3.2	19.0
Seq7613_242_bp_-1_1_0	ENA|AAA42531|AAA42531.1	25.00	53	39	1	26	77	83	135	3.2	19.0
Seq7613_242_bp_-1_1_0	ENA|AAB96524|AAB96524.1	27.78	18	13	0	25	42	6	23	3.3	18.0
Seq7613_242_bp_-1_1_0	ENA|AAC08817|AAC08817.1	26.83	47	30	6	30	76	20	60	3.5	17.6
Seq7613_242_bp_-1_1_0	ENA|AAA36539|AAA36539.1	22.58	31	24	0	43	73	105	135	3.9	19.0
Seq7613_242_bp_-1_1_0	ENA|CAA45708|CAA45708.1	28.33	68	43	8	16	79	311	374	4.5	20.5
Seq7613_242_bp_-1_1_0	ENA|AAB66912|AAB66912.1	50.00	12	6	0	12	23	308	319	4.6	19.8
Seq7613_242_bp_-1_1_0	ENA|AAA24145|AAA24145.1	29.03	37	22	6	6	38	302	336	4.8	18.7
Seq7613_242_bp_-1_1_0	ENA|ACH70901|ACH70901.1	47.06	18	9	1	34	51	115	131	4.9	18.3
Seq7613_242_bp_-1_1_0	ENA|CAA11507|CAA11507.1	33.33	21	14	0	26	46	667	687	5.2	20.1
Seq7613_242_bp_-1_1_0	ENA|AAC78721|AAC78721.1	24.32	40	28	3	38	77	581	617	5.4	19.0
Seq7613_242_bp_-1_1_0	ENA|ABK71357|ABK71357.1	26.47	34	25	0	44	77	96	129	6.4	18.0
Seq7613_242_bp_-1_1_0	ENA|AAA36114|AAA36114.1	31.37	58	35	7	18	71	416	470	6.7	18.3
Seq7613_242_bp_-1_1_0	ENA|AAR31603|AAR31603.1	25.00	35	24	3	21	52	226	260	7.2	17.6
Seq7613_242_bp_-1_1_0	ENA|AAC26660|AAC26660.1	31.58	19	13	0	17	35	214	232	7.2	17.2
Seq7613_242_bp_-1_1_0	ENA|CAA29968|CAA29968.1	25.00	24	18	0	7	30	57	80	8.9	16.5
Seq7613_242_bp_-1_1_0	ENA|AAA25966|AAA25966.1	26.83	41	30	0	31	71	177	217	9.3	18.3
Seq7613_242_bp_-1_2_0	ENA|BAA32956|BAA32956.1	38.64	53	27	9	17	69	36	79	0.12	23.0
Seq7613_242_bp_-1_2_0	ENA|AAC97205|AAC97205.1	28.33	67	43	7	9	75	28	87	0.29	24.2
Seq7613_242_bp_-1_2_0	ENA|ABD49687|ABD49687.1	34.04	51	31	4	27	73	852	902	0.4	24.2
Seq7613_242_bp_-1_2_0	ENA|CAA73529|CAA73529.1	38.64	54	27	10	8	60	213	257	0.47	21.4
Seq7613_242_bp_-1_2_0	ENA|EDO47375|EDO47375.1	37.04	28	17	1	50	77	68	94	0.51	20.7
Seq7613_242_bp_-1_2_0	ENA|AAA32624|AAA32624.1	30.77	74	45	9	6	74	113	182	0.71	21.7
Seq7613_242_bp_-1_2_0	ENA|AAS77176|AAS77176.1	35.90	52	25	13	12	58	213	256	0.77	20.7
Seq7613_242_bp_-1_2_0	ENA|CAA29956|CAA29956.1	34.15	46	27	5	28	69	332	376	1	20.7
Seq7613_242_bp_-1_2_0	ENA|AAI27517|AAI27517.1	34.15	46	27	5	27	69	286	329	1	21.4
Seq7613_242_bp_-1_2_0	ENA|CAB75732|CAB75732.1	30.23	48	30	5	34	79	88	132	1.3	22.0
Seq7613_242_bp_-1_2_0	ENA|AAA25966|AAA25966.1	28.57	53	35	4	4	52	140	192	1.5	21.0
Seq7613_242_bp_-1_2_0	ENA|AAB66912|AAB66912.1	39.22	62	31	11	2	59	45	99	2	21.0
Seq7613_242_bp_-1_2_0	ENA|CAA36714|CAA36714.1	29.63	59	38	5	13	70	92	146	2.4	19.7
Seq7613_242_bp_-1_2_0	ENA|CAD53387|CAD53387.1	28.57	28	20	0	49	76	436	463	3.2	19.4
Seq7613_242_bp_-1_2_0	ENA|CAA11507|CAA11507.1	50.00	29	13	3	23	48	39	67	3.5	20.7
Seq7613_242_bp_-1_2_0	ENA|AAR37016|AAR37016.1	28.85	57	37	5	2	57	969	1021	3.9	21.4
Seq7613_242_bp_-1_2_0	ENA|ABD33854|ABD33854.1	50.00	12	6	0	61	72	27	38	4.6	15.9
Seq7613_242_bp_-1_2_0	ENA|BAA32018|BAA32018.1	35.29	41	22	7	28	68	236	269	4.9	19.1
Seq7613_242_bp_-1_2_0	ENA|ABN10845|ABN10845.1	20.83	24	19	0	18	41	58	81	5.2	17.5
Seq7613_242_bp_-1_2_0	ENA|AAC08817|AAC08817.1	23.33	64	46	4	13	73	3	65	5.8	16.9
Seq7613_242_bp_-1_2_0	ENA|CAA43419|CAA43419.1	40.00	48	21	13	16	52	152	197	6.9	17.8
Seq7613_242_bp_-1_2_0	ENA|ABK71357|ABK71357.1	54.55	11	5	0	31	41	303	313	6.9	17.8
Seq7613_242_bp_-1_2_0	ENA|AAB26998|AAB26998.1	45.00	20	11	0	20	39	2	21	7	15.6
Seq7613_242_bp_-1_2_0	ENA|CAA26023|CAA26023.1	42.50	48	23	8	23	70	172	211	7.1	17.8
Seq7613_242_bp_-1_2_0	ENA|AAC78721|AAC78721.1	60.00	10	4	0	10	19	587	596	8	18.5
Seq7613_242_bp_-1_2_0	ENA|CAA45708|CAA45708.1	62.50	18	6	2	58	75	1194	1209	9.2	19.4
