Seq9114_785_bp_1_0_0	ENA|AAR37016|AAR37016.1	96.17	261	10	0	1	261	1301	1561	3.2e-201	691.1
Seq9114_785_bp_1_0_0	ENA|AAA72732|AAA72732.1	25.00	24	18	0	127	150	114	137	1.3	21.8
Seq9114_785_bp_1_0_0	ENA|AAC08817|AAC08817.1	50.00	10	5	0	87	96	18	27	1.7	20.4
Seq9114_785_bp_1_0_0	ENA|BAA32991|BAA32991.1	28.57	21	15	0	182	202	30	50	2	18.9
Seq9114_785_bp_1_0_0	ENA|ACT10338|ACT10338.1	50.00	14	7	0	240	253	89	102	3.1	20.8
Seq9114_785_bp_1_0_0	ENA|CAA36214|CAA36214.1	51.85	30	13	3	52	79	111	139	3.3	20.4
Seq9114_785_bp_1_0_0	ENA|BAB79260|BAB79260.1	43.75	16	9	0	210	225	63	78	3.5	20.8
Seq9114_785_bp_1_0_0	ENA|AAC26660|AAC26660.1	46.67	15	8	0	170	184	54	68	3.8	19.9
Seq9114_785_bp_1_0_0	ENA|CAA24711|CAA24711.1	43.75	16	9	0	51	66	91	106	4.9	18.9
Seq9114_785_bp_1_0_0	ENA|AAB66912|AAB66912.1	45.83	26	13	2	224	249	268	291	5.2	21.3
Seq9114_785_bp_1_0_0	ENA|AAA18786|AAA18786.1	66.67	9	3	0	4	12	179	187	5.5	19.4
Seq9114_785_bp_1_0_0	ENA|ABK71357|ABK71357.1	35.00	21	13	1	141	160	122	142	5.5	19.9
Seq9114_785_bp_1_0_0	ENA|AAA36114|AAA36114.1	36.96	54	29	8	206	251	13	66	7.4	19.9
Seq9114_785_bp_1_0_0	ENA|BAB17681|BAB17681.1	38.46	27	16	1	130	156	190	215	7.6	18.9
Seq9114_785_bp_1_0_0	ENA|AAI27517|AAI27517.1	57.14	7	3	0	178	184	534	540	8.5	19.9
Seq9114_785_bp_1_0_0	ENA|CCP43727|CCP43727.1	35.00	20	13	0	139	158	289	308	9	18.9
Seq9114_785_bp_1_1_0	ENA|AAC49865|AAC49865.1	66.67	6	2	0	2	7	81	86	0.26	21.0
Seq9114_785_bp_1_1_0	ENA|CCP43727|CCP43727.1	37.50	16	10	0	12	27	201	216	0.38	20.4
Seq9114_785_bp_1_1_0	ENA|AAC97205|AAC97205.1	50.00	13	6	1	7	18	1216	1228	0.96	21.0
Seq9114_785_bp_1_1_0	ENA|ABK71357|ABK71357.1	53.85	13	6	0	10	22	51	63	2.1	18.1
Seq9114_785_bp_1_1_0	ENA|AAC26660|AAC26660.1	80.00	5	1	0	1	5	224	228	2.2	17.6
Seq9114_785_bp_1_1_0	ENA|CAA36714|CAA36714.1	50.00	10	5	0	3	12	392	401	2.7	18.1
Seq9114_785_bp_1_1_0	ENA|CAA43419|CAA43419.1	36.36	11	7	0	16	26	121	131	3.1	17.6
Seq9114_785_bp_1_1_0	ENA|BAB17681|BAB17681.1	50.00	6	3	0	16	21	224	229	3.4	17.0
Seq9114_785_bp_1_1_0	ENA|AAB66912|AAB66912.1	55.56	9	4	0	3	11	496	504	5.2	18.1
Seq9114_785_bp_1_1_0	ENA|AAF79734|AAF79734.1	57.14	7	3	0	7	13	67	73	5.4	18.7
Seq9114_785_bp_1_1_0	ENA|AAA36114|AAA36114.1	40.00	10	6	0	15	24	155	164	6.2	17.0
Seq9114_785_bp_1_1_0	ENA|AAA32624|AAA32624.1	40.00	10	6	0	19	28	446	455	6.4	17.0
Seq9114_785_bp_1_1_0	ENA|AAA42531|AAA42531.1	41.67	12	7	0	12	23	97	108	7	16.4
Seq9114_785_bp_1_1_0	ENA|AAI27517|AAI27517.1	46.15	13	7	0	10	22	485	497	7.2	17.0
Seq9114_785_bp_1_1_0	ENA|AAB03707|AAB03707.1	77.78	11	2	2	7	17	403	411	7.5	18.1
Seq9114_785_bp_1_1_0	ENA|CAA29968|CAA29968.1	50.00	6	3	0	20	25	100	105	7.8	15.2
Seq9114_785_bp_1_1_0	ENA|CAA45708|CAA45708.1	77.78	11	2	2	7	17	421	429	8.2	18.1
Seq9114_785_bp_1_1_0	ENA|AAA72732|AAA72732.1	60.00	10	4	0	15	24	243	252	8.4	15.8
Seq9114_785_bp_1_1_0	ENA|AAA36539|AAA36539.1	66.67	6	2	0	9	14	390	395	8.5	16.4
Seq9114_785_bp_1_1_0	ENA|AAA25966|AAA25966.1	100.00	3	0	0	8	10	285	287	8.7	17.0
Seq9114_785_bp_1_1_0	ENA|BAA32991|BAA32991.1	75.00	4	1	0	21	24	49	52	9.1	13.5
Seq9114_785_bp_1_1_0	ENA|CAB75732|CAB75732.1	33.33	15	10	0	1	15	276	290	9.2	17.6
Seq9114_785_bp_1_1_0	ENA|CAA29956|CAA29956.1	50.00	6	3	0	2	7	92	97	9.9	15.8
Seq9114_785_bp_1_1_1	ENA|CAA26023|CAA26023.1	66.67	11	3	2	71	79	164	174	0.32	22.6
Seq9114_785_bp_1_1_1	ENA|AAA42531|AAA42531.1	58.82	18	7	1	42	58	288	305	0.32	22.6
Seq9114_785_bp_1_1_1	ENA|AAC97205|AAC97205.1	43.75	16	9	0	70	85	764	779	1.4	22.1
Seq9114_785_bp_1_1_1	ENA|AAA36539|AAA36539.1	50.00	12	6	0	49	60	460	471	1.5	20.7
Seq9114_785_bp_1_1_1	ENA|AAA32624|AAA32624.1	75.00	8	2	0	42	49	240	247	1.6	20.7
Seq9114_785_bp_1_1_1	ENA|AAB96524|AAB96524.1	50.00	6	3	0	10	15	163	168	3.1	18.2
Seq9114_785_bp_1_1_1	ENA|AAA18786|AAA18786.1	38.46	13	8	0	79	91	30	42	3.1	18.7
Seq9114_785_bp_1_1_1	ENA|CAA36214|CAA36214.1	35.29	17	11	0	43	59	71	87	3.6	18.7
Seq9114_785_bp_1_1_1	ENA|BAB79260|BAB79260.1	62.50	8	3	0	72	79	201	208	3.8	19.2
Seq9114_785_bp_1_1_1	ENA|AAR37016|AAR37016.1	43.75	16	9	0	25	40	1060	1075	5.1	21.1
Seq9114_785_bp_1_1_1	ENA|CAL82360|CAL82360.1	42.11	20	11	1	8	27	1008	1026	5.4	20.2
Seq9114_785_bp_1_1_1	ENA|AAC49865|AAC49865.1	38.89	19	11	1	31	49	68	85	9.9	17.3
Seq9114_785_bp_1_1_2	ENA|AAR37016|AAR37016.1	34.78	23	15	0	12	34	1115	1137	1.1	23.6
Seq9114_785_bp_1_1_2	ENA|AAC97205|AAC97205.1	43.75	16	9	0	52	67	719	734	1.1	22.6
Seq9114_785_bp_1_1_2	ENA|ABK71357|ABK71357.1	42.86	24	12	3	6	26	62	85	1.3	20.7
Seq9114_785_bp_1_1_2	ENA|ABN10845|ABN10845.1	66.67	6	2	0	27	32	50	55	1.5	19.7
Seq9114_785_bp_1_1_2	ENA|AAB26998|AAB26998.1	71.43	7	2	0	24	30	2	8	1.5	18.2
Seq9114_785_bp_1_1_2	ENA|CAA45199|CAA45199.1	58.33	14	5	2	61	74	307	318	1.7	20.7
Seq9114_785_bp_1_1_2	ENA|CAA26023|CAA26023.1	71.43	7	2	0	26	32	34	40	2.6	19.7
Seq9114_785_bp_1_1_2	ENA|ABD49687|ABD49687.1	42.86	14	8	0	6	19	94	107	3	21.7
Seq9114_785_bp_1_1_2	ENA|CAA36714|CAA36714.1	41.67	12	7	0	38	49	234	245	4.5	19.2
Seq9114_785_bp_1_1_2	ENA|AAC40132|AAC40132.1	62.50	8	3	0	78	85	20	27	4.5	19.2
Seq9114_785_bp_1_1_2	ENA|CAA28033|CAA28033.1	75.00	8	2	0	64	71	1013	1020	6.2	20.2
Seq9114_785_bp_1_1_2	ENA|BAA32956|BAA32956.1	30.00	10	7	0	5	14	97	106	7.7	17.2
Seq9114_785_bp_1_1_2	ENA|BAA32018|BAA32018.1	26.32	19	14	0	42	60	400	418	8.1	18.7
Seq9114_785_bp_1_1_2	ENA|BAB79260|BAB79260.1	71.43	7	2	0	26	32	202	208	8.3	18.2
Seq9114_785_bp_1_1_2	ENA|AAA25966|AAA25966.1	77.78	11	2	2	4	12	305	315	9.3	18.7
Seq9114_785_bp_1_1_2	ENA|CAA29956|CAA29956.1	80.00	5	1	0	75	79	116	120	9.5	17.7
Seq9114_785_bp_1_1_3	ENA|ABN10845|ABN10845.1	80.00	5	1	0	5	9	54	58	0.061	21.8
Seq9114_785_bp_1_1_3	ENA|AAC49865|AAC49865.1	46.67	15	8	0	1	15	36	50	0.35	19.9
Seq9114_785_bp_1_1_3	ENA|AAR37016|AAR37016.1	42.86	7	4	0	6	12	1933	1939	0.66	21.8
Seq9114_785_bp_1_1_3	ENA|BAA32991|BAA32991.1	75.00	4	1	0	15	18	13	16	2.4	14.8
Seq9114_785_bp_1_1_3	ENA|AAC78721|AAC78721.1	100.00	3	0	0	3	5	106	108	2.6	18.0
Seq9114_785_bp_1_1_3	ENA|AAR31603|AAR31603.1	75.00	4	1	0	10	13	80	83	3	16.7
Seq9114_785_bp_1_1_3	ENA|AAB96524|AAB96524.1	42.86	7	4	0	6	12	56	62	4.1	15.5
Seq9114_785_bp_1_1_3	ENA|BAB79260|BAB79260.1	100.00	3	0	0	5	7	54	56	4.2	16.7
Seq9114_785_bp_1_1_3	ENA|CAA26939|CAA26939.1	100.00	3	0	0	5	7	445	447	5.2	16.7
Seq9114_785_bp_1_1_3	ENA|AAI27517|AAI27517.1	60.00	5	2	0	9	13	414	418	5.4	16.7
Seq9114_785_bp_1_1_3	ENA|CAA26023|CAA26023.1	100.00	3	0	0	12	14	173	175	5.4	16.1
Seq9114_785_bp_1_1_3	ENA|AAS77176|AAS77176.1	75.00	4	1	0	12	15	148	151	6.3	15.5
Seq9114_785_bp_1_1_3	ENA|BAA36759|BAA36759.1	75.00	4	1	0	6	9	15	18	6.3	15.5
Seq9114_785_bp_1_1_3	ENA|AAA24145|AAA24145.1	50.00	6	3	0	3	8	50	55	6.4	16.1
Seq9114_785_bp_1_1_3	ENA|ABG75784|ABG75784.1	44.44	9	5	0	6	14	241	249	6.7	15.5
Seq9114_785_bp_1_1_3	ENA|CAD53387|CAD53387.1	100.00	3	0	0	12	14	477	479	7	16.1
Seq9114_785_bp_1_1_3	ENA|AAA25966|AAA25966.1	100.00	3	0	0	12	14	683	685	9.8	16.1
Seq9114_785_bp_1_1_3	ENA|CAA45199|CAA45199.1	40.00	5	3	0	8	12	66	70	9.9	15.5
Seq9114_785_bp_1_1_4	ENA|AAA18786|AAA18786.1	57.14	7	3	0	4	10	126	132	0.31	18.9
Seq9114_785_bp_1_1_4	ENA|ABD33854|ABD33854.1	71.43	7	2	0	3	9	10	16	0.52	16.1
Seq9114_785_bp_1_1_4	ENA|ABN10845|ABN10845.1	50.00	6	3	0	3	8	48	53	0.55	17.8
Seq9114_785_bp_1_1_4	ENA|AAR37016|AAR37016.1	62.50	8	3	0	2	9	1927	1934	0.57	21.2
Seq9114_785_bp_1_1_4	ENA|CAA26939|CAA26939.1	80.00	5	1	0	1	5	27	31	1.4	17.8
Seq9114_785_bp_1_1_4	ENA|AAC78721|AAC78721.1	66.67	6	2	0	3	8	211	216	2.5	17.2
Seq9114_785_bp_1_1_4	ENA|AAR31603|AAR31603.1	66.67	6	2	0	5	10	132	137	2.6	16.1
Seq9114_785_bp_1_1_4	ENA|ABD49687|ABD49687.1	80.00	5	1	0	3	7	1022	1026	2.9	18.4
Seq9114_785_bp_1_1_4	ENA|CAA43419|CAA43419.1	100.00	4	0	0	4	7	143	146	2.9	16.1
Seq9114_785_bp_1_1_4	ENA|BAA32956|BAA32956.1	80.00	5	1	0	4	8	2	6	3.6	15.0
Seq9114_785_bp_1_1_4	ENA|BAB17681|BAB17681.1	66.67	6	2	0	4	9	71	76	4.6	15.0
Seq9114_785_bp_1_1_4	ENA|AAC26660|AAC26660.1	75.00	4	1	0	3	6	218	221	6.3	14.4
Seq9114_785_bp_1_1_4	ENA|CAA36214|CAA36214.1	42.86	7	4	0	1	7	281	287	7.4	14.4
Seq9114_785_bp_1_1_4	ENA|CAA36714|CAA36714.1	100.00	4	0	0	7	10	391	394	7.7	15.0
Seq9114_785_bp_1_1_4	ENA|AAB26998|AAB26998.1	100.00	3	0	0	8	10	17	19	8.9	12.2
Seq9114_785_bp_1_2_0	ENA|BAA36759|BAA36759.1	70.00	10	3	0	120	129	150	159	0.066	25.0
Seq9114_785_bp_1_2_0	ENA|AAC17860|AAC17860.1	62.50	8	3	0	99	106	325	332	1.4	21.1
Seq9114_785_bp_1_2_0	ENA|ABN10845|ABN10845.1	66.67	13	4	1	83	94	65	77	2	19.6
Seq9114_785_bp_1_2_0	ENA|CAA24711|CAA24711.1	37.50	16	10	0	60	75	8	23	2.2	19.2
Seq9114_785_bp_1_2_0	ENA|CAA45708|CAA45708.1	45.45	11	6	0	33	43	1323	1333	2.6	22.1
Seq9114_785_bp_1_2_0	ENA|AAC08817|AAC08817.1	38.46	13	8	0	13	25	79	91	2.8	18.7
Seq9114_785_bp_1_2_0	ENA|AAR37016|AAR37016.1	38.10	21	13	0	10	30	1014	1034	2.8	22.6
Seq9114_785_bp_1_2_0	ENA|CCP43727|CCP43727.1	80.00	11	2	1	60	70	180	189	3	19.6
Seq9114_785_bp_1_2_0	ENA|AAA25966|AAA25966.1	46.15	13	7	0	54	66	202	214	3.4	20.6
Seq9114_785_bp_1_2_0	ENA|ACH70901|ACH70901.1	75.00	8	2	0	5	12	331	338	4.5	19.2
Seq9114_785_bp_1_2_0	ENA|AAR31603|AAR31603.1	80.00	5	1	0	80	84	152	156	5.7	18.7
Seq9114_785_bp_1_2_0	ENA|AAA24145|AAA24145.1	83.33	6	1	0	102	107	412	417	7.9	18.7
Seq9114_785_bp_1_2_0	ENA|AAA36539|AAA36539.1	40.00	10	6	0	9	18	324	333	8.1	18.7
Seq9114_785_bp_1_2_0	ENA|BAB17681|BAB17681.1	33.33	15	10	0	8	22	209	223	9.1	17.7
Seq9114_785_bp_1_2_0	ENA|ACT10338|ACT10338.1	80.00	5	1	0	80	84	298	302	9.2	18.2
Seq9114_785_bp_1_2_0	ENA|CAA26939|CAA26939.1	66.67	6	2	0	79	84	571	576	9.6	18.7
Seq9114_785_bp_1_2_1	ENA|CAA26023|CAA26023.1	66.67	13	4	1	1	13	157	168	0.027	26.1
Seq9114_785_bp_1_2_1	ENA|AAA36539|AAA36539.1	100.00	5	0	0	8	12	331	335	0.51	22.2
Seq9114_785_bp_1_2_1	ENA|AAA42531|AAA42531.1	60.00	10	4	0	19	28	218	227	0.59	21.7
Seq9114_785_bp_1_2_1	ENA|ABD33854|ABD33854.1	38.46	13	8	0	29	41	32	44	0.74	18.7
Seq9114_785_bp_1_2_1	ENA|AAA32624|AAA32624.1	53.85	15	6	2	38	52	474	486	1.1	21.2
Seq9114_785_bp_1_2_1	ENA|BAA32018|BAA32018.1	55.56	9	4	0	50	58	404	412	3.6	19.7
Seq9114_785_bp_1_2_1	ENA|BAB17681|BAB17681.1	31.25	16	11	0	30	45	68	83	4.4	18.2
Seq9114_785_bp_1_2_1	ENA|BAA05866|BAA05866.1	42.86	14	8	0	75	88	30	43	4.9	18.2
Seq9114_785_bp_1_2_1	ENA|ABD49687|ABD49687.1	42.86	14	8	0	53	66	742	755	4.9	20.7
Seq9114_785_bp_1_2_1	ENA|ACH70901|ACH70901.1	80.00	5	1	0	61	65	148	152	7.8	17.7
Seq9114_785_bp_1_2_1	ENA|ACT10338|ACT10338.1	60.00	10	4	0	77	86	18	27	8.4	17.7
Seq9114_785_bp_1_2_1	ENA|CAA26939|CAA26939.1	71.43	7	2	0	1	7	463	469	8.7	18.2
Seq9114_785_bp_1_2_1	ENA|AAR31603|AAR31603.1	41.18	17	10	0	23	39	230	246	9.8	17.2
Seq9114_785_bp_1_2_2	ENA|AAC08817|AAC08817.1	45.45	11	6	0	11	21	93	103	0.23	19.7
Seq9114_785_bp_1_2_2	ENA|ACT10338|ACT10338.1	100.00	4	0	0	4	7	40	43	1.8	18.0
Seq9114_785_bp_1_2_2	ENA|BAA32991|BAA32991.1	37.50	8	5	0	6	13	2	9	2.1	15.3
Seq9114_785_bp_1_2_2	ENA|BAA36759|BAA36759.1	42.86	7	4	0	10	16	41	47	2.8	16.9
Seq9114_785_bp_1_2_2	ENA|AAC40132|AAC40132.1	100.00	4	0	0	11	14	78	81	4.5	16.9
Seq9114_785_bp_1_2_2	ENA|AAC49865|AAC49865.1	60.00	5	2	0	5	9	196	200	6.5	15.8
Seq9114_785_bp_1_2_2	ENA|AAA18786|AAA18786.1	100.00	4	0	0	6	9	103	106	7.7	15.3
Seq9114_785_bp_1_2_2	ENA|AAR37016|AAR37016.1	50.00	8	4	0	7	14	1783	1790	9.9	18.0
Seq9114_785_bp_1_2_3	ENA|ABD49687|ABD49687.1	71.43	7	2	0	9	15	810	816	0.59	21.3
Seq9114_785_bp_1_2_3	ENA|CAL82360|CAL82360.1	70.00	13	3	3	5	14	420	432	1.3	19.7
Seq9114_785_bp_1_2_3	ENA|AAC49865|AAC49865.1	100.00	4	0	0	11	14	35	38	2.8	16.6
Seq9114_785_bp_1_2_3	ENA|AAC40132|AAC40132.1	100.00	4	0	0	10	13	24	27	2.8	17.1
Seq9114_785_bp_1_2_3	ENA|CAA26023|CAA26023.1	71.43	7	2	0	7	13	111	117	3.2	16.6
Seq9114_785_bp_1_2_3	ENA|BAA32956|BAA32956.1	80.00	5	1	0	7	11	44	48	7.2	14.5
Seq9114_785_bp_1_2_3	ENA|CAA45199|CAA45199.1	45.45	11	6	0	4	14	121	131	7.8	15.6
Seq9114_785_bp_1_2_3	ENA|CAA24711|CAA24711.1	60.00	5	2	0	7	11	120	124	8.3	14.0
Seq9114_785_bp_1_2_3	ENA|EDO47375|EDO47375.1	60.00	5	2	0	11	15	120	124	9	14.0
Seq9114_785_bp_1_2_3	ENA|AAA42531|AAA42531.1	66.67	6	2	0	7	12	346	351	9	15.1
Seq9114_785_bp_1_2_3	ENA|CAA26939|CAA26939.1	50.00	11	5	1	4	14	458	467	9.3	15.6
Seq9114_785_bp_-1_0_0	ENA|AAQ92751|AAQ92751.2	30.77	53	36	1	3	54	101	153	0.093	25.7
Seq9114_785_bp_-1_0_0	ENA|AAA18786|AAA18786.1	36.84	19	12	0	40	58	68	86	0.33	21.5
Seq9114_785_bp_-1_0_0	ENA|AAI27517|AAI27517.1	41.67	26	14	2	13	38	343	366	0.51	22.0
Seq9114_785_bp_-1_0_0	ENA|AAR31603|AAR31603.1	25.00	24	18	0	29	52	259	282	0.59	21.0
Seq9114_785_bp_-1_0_0	ENA|CAB75732|CAB75732.1	42.31	28	15	2	20	47	1119	1144	1	22.0
Seq9114_785_bp_-1_0_0	ENA|CAA11507|CAA11507.1	20.00	20	16	0	12	31	937	956	1.7	21.5
Seq9114_785_bp_-1_0_0	ENA|AAC08817|AAC08817.1	37.93	31	18	2	26	54	14	44	1.7	18.4
Seq9114_785_bp_-1_0_0	ENA|CAA26939|CAA26939.1	36.11	39	23	3	9	47	395	430	3	19.4
Seq9114_785_bp_-1_0_0	ENA|AAC78721|AAC78721.1	39.13	23	14	0	2	24	438	460	3.5	19.4
Seq9114_785_bp_-1_0_0	ENA|CAA45708|CAA45708.1	28.57	43	30	1	20	62	1111	1152	3.8	20.5
Seq9114_785_bp_-1_0_0	ENA|ABD33854|ABD33854.1	50.00	8	4	0	53	60	50	57	4.2	15.7
Seq9114_785_bp_-1_0_0	ENA|BAB79260|BAB79260.1	35.29	17	11	0	26	42	313	329	4.8	18.4
Seq9114_785_bp_-1_0_0	ENA|AAC49865|AAC49865.1	55.56	9	4	0	25	33	10	18	5	17.8
Seq9114_785_bp_-1_0_0	ENA|ACH70901|ACH70901.1	42.86	24	12	3	40	60	32	55	5.5	17.8
Seq9114_785_bp_-1_0_0	ENA|ABK71357|ABK71357.1	42.86	14	8	0	4	17	156	169	5.7	17.8
Seq9114_785_bp_-1_0_0	ENA|CAA29956|CAA29956.1	45.45	11	6	0	17	27	126	136	8	17.3
Seq9114_785_bp_-1_0_0	ENA|CAA26023|CAA26023.1	31.25	16	11	0	35	50	279	294	8.2	17.3
Seq9114_785_bp_-1_0_0	ENA|AAS77176|AAS77176.1	33.33	12	8	0	18	29	5	16	8.8	16.8
Seq9114_785_bp_-1_0_0	ENA|BAA32956|BAA32956.1	45.45	11	6	0	28	38	165	175	9.2	16.3
Seq9114_785_bp_-1_0_0	ENA|AAC40132|AAC40132.1	36.36	11	7	0	34	44	430	440	10	17.3
Seq9114_785_bp_-1_0_1	ENA|CAA36714|CAA36714.1	35.29	17	11	0	4	20	381	397	0.032	25.2
Seq9114_785_bp_-1_0_1	ENA|ABK71357|ABK71357.1	62.50	8	3	0	14	21	170	177	0.13	22.8
Seq9114_785_bp_-1_0_1	ENA|CAA45199|CAA45199.1	46.15	13	7	0	25	37	60	72	0.25	22.2
Seq9114_785_bp_-1_0_1	ENA|CAA26023|CAA26023.1	40.00	10	6	0	9	18	196	205	0.67	20.4
Seq9114_785_bp_-1_0_1	ENA|AAB03707|AAB03707.1	41.67	12	7	0	23	34	1140	1151	0.71	22.2
Seq9114_785_bp_-1_0_1	ENA|AAA72732|AAA72732.1	62.50	8	3	0	9	16	266	273	1.2	19.3
Seq9114_785_bp_-1_0_1	ENA|AAI27517|AAI27517.1	62.50	8	3	0	15	22	531	538	1.5	19.9
Seq9114_785_bp_-1_0_1	ENA|AAA25966|AAA25966.1	30.77	13	9	0	21	33	208	220	1.9	19.9
Seq9114_785_bp_-1_0_1	ENA|AAR31603|AAR31603.1	50.00	8	4	0	37	44	101	108	1.9	18.7
Seq9114_785_bp_-1_0_1	ENA|ABD49687|ABD49687.1	36.36	22	14	0	20	41	16	37	2	21.0
Seq9114_785_bp_-1_0_1	ENA|CAA29956|CAA29956.1	53.85	14	6	1	31	44	17	29	2.2	18.7
Seq9114_785_bp_-1_0_1	ENA|AAB96524|AAB96524.1	54.55	11	5	0	3	13	95	105	2.5	17.5
Seq9114_785_bp_-1_0_1	ENA|AAA36539|AAA36539.1	80.00	5	1	0	15	19	68	72	2.8	18.7
Seq9114_785_bp_-1_0_1	ENA|AAA36114|AAA36114.1	38.10	21	13	0	3	23	110	130	3	18.7
Seq9114_785_bp_-1_0_1	ENA|CAA11507|CAA11507.1	37.50	16	10	0	20	35	1262	1277	3.5	19.9
Seq9114_785_bp_-1_0_1	ENA|ABG75784|ABG75784.1	31.58	21	13	2	11	30	79	98	6	16.9
Seq9114_785_bp_-1_0_1	ENA|AAC40132|AAC40132.1	57.14	7	3	0	4	10	374	380	6.1	17.5
Seq9114_785_bp_-1_0_1	ENA|ABN10845|ABN10845.1	57.14	7	3	0	11	17	125	131	6.3	16.3
Seq9114_785_bp_-1_0_1	ENA|AAA32624|AAA32624.1	38.46	13	8	0	22	34	251	263	6.7	17.5
Seq9114_785_bp_-1_0_1	ENA|AAA42531|AAA42531.1	44.44	9	5	0	34	42	120	128	7.4	16.9
Seq9114_785_bp_-1_0_1	ENA|CAA45708|CAA45708.1	39.13	23	14	0	22	44	1084	1106	8.5	18.7
Seq9114_785_bp_-1_0_1	ENA|BAA32991|BAA32991.1	66.67	6	2	0	33	38	50	55	9.8	14.0
Seq9114_785_bp_-1_0_2	ENA|CAA36214|CAA36214.1	33.33	12	8	0	6	17	163	174	0.38	20.5
Seq9114_785_bp_-1_0_2	ENA|CAA45199|CAA45199.1	60.00	10	4	0	8	17	57	66	0.58	20.5
Seq9114_785_bp_-1_0_2	ENA|AAB66912|AAB66912.1	35.29	18	11	1	4	21	817	833	1.1	20.5
Seq9114_785_bp_-1_0_2	ENA|AAC26660|AAC26660.1	75.00	4	1	0	17	20	217	220	1.5	18.2
Seq9114_785_bp_-1_0_2	ENA|AAC78721|AAC78721.1	100.00	4	0	0	17	20	210	213	1.8	19.4
Seq9114_785_bp_-1_0_2	ENA|ACT10338|ACT10338.1	40.91	24	13	2	6	27	333	356	2.3	18.2
Seq9114_785_bp_-1_0_2	ENA|AAR31603|AAR31603.1	40.00	10	6	0	4	13	226	235	2.9	17.7
Seq9114_785_bp_-1_0_2	ENA|AAA18786|AAA18786.1	33.33	12	8	0	2	13	65	76	3.5	17.1
Seq9114_785_bp_-1_0_2	ENA|CAA73529|CAA73529.1	37.50	8	5	0	11	18	203	210	3.6	17.1
Seq9114_785_bp_-1_0_2	ENA|AAQ92751|AAQ92751.2	35.00	21	13	1	4	23	621	641	3.7	19.4
Seq9114_785_bp_-1_0_2	ENA|ABD33854|ABD33854.1	100.00	3	0	0	15	17	42	44	6	14.2
Seq9114_785_bp_-1_0_2	ENA|AAA36539|AAA36539.1	80.00	5	1	0	24	28	68	72	6.1	17.1
Seq9114_785_bp_-1_0_2	ENA|AAC08817|AAC08817.1	66.67	6	2	0	24	29	53	58	6.6	15.4
Seq9114_785_bp_-1_0_2	ENA|CAA28033|CAA28033.1	50.00	10	5	0	3	12	61	70	7.5	18.2
Seq9114_785_bp_-1_0_2	ENA|BAB17681|BAB17681.1	50.00	8	4	0	25	32	60	67	7.7	15.9
Seq9114_785_bp_-1_0_2	ENA|BAA36759|BAA36759.1	80.00	5	1	0	5	9	278	282	8.1	15.9
Seq9114_785_bp_-1_0_2	ENA|CAA29968|CAA29968.1	60.00	5	2	0	4	8	111	115	8.1	15.4
Seq9114_785_bp_-1_0_2	ENA|BAA32956|BAA32956.1	40.00	5	3	0	17	21	131	135	8.7	15.4
Seq9114_785_bp_-1_0_2	ENA|AAC40132|AAC40132.1	66.67	9	3	0	1	9	194	202	8.9	16.5
Seq9114_785_bp_-1_0_2	ENA|AAA25966|AAA25966.1	66.67	6	2	0	19	24	647	652	9	17.1
Seq9114_785_bp_-1_0_2	ENA|AAC49865|AAC49865.1	66.67	6	2	0	1	6	109	114	9.1	15.9
Seq9114_785_bp_-1_0_3	ENA|CAA45199|CAA45199.1	77.78	9	2	0	66	74	64	72	0.79	21.4
Seq9114_785_bp_-1_0_3	ENA|CAA26939|CAA26939.1	58.33	12	5	0	48	59	295	306	0.95	21.4
Seq9114_785_bp_-1_0_3	ENA|ACT10338|ACT10338.1	50.00	16	7	2	62	77	334	347	1.9	19.9
Seq9114_785_bp_-1_0_3	ENA|CAA36714|CAA36714.1	31.58	19	13	0	9	27	329	347	2.3	19.9
Seq9114_785_bp_-1_0_3	ENA|CAA11507|CAA11507.1	35.29	17	11	0	65	81	1173	1189	3.2	20.9
Seq9114_785_bp_-1_0_3	ENA|BAA05866|BAA05866.1	50.00	18	9	0	9	26	3	20	4.3	18.3
Seq9114_785_bp_-1_0_3	ENA|CCP43727|CCP43727.1	30.77	26	18	0	18	43	159	184	4.6	18.3
Seq9114_785_bp_-1_0_3	ENA|AAB26998|AAB26998.1	50.00	6	3	0	70	75	12	17	4.6	16.2
Seq9114_785_bp_-1_0_3	ENA|AAF79734|AAF79734.1	66.67	9	3	0	14	22	1165	1173	4.8	20.4
Seq9114_785_bp_-1_0_3	ENA|BAA32956|BAA32956.1	50.00	8	4	0	57	64	96	103	6	17.3
Seq9114_785_bp_-1_0_3	ENA|CAA28033|CAA28033.1	35.71	14	9	0	2	15	629	642	6.1	19.9
Seq9114_785_bp_-1_0_3	ENA|AAB96524|AAB96524.1	25.00	8	6	0	59	66	132	139	7.4	16.7
Seq9114_785_bp_-1_0_3	ENA|ABD49687|ABD49687.1	31.82	22	15	0	45	66	943	964	7.9	19.9
Seq9114_785_bp_-1_0_3	ENA|ABN10845|ABN10845.1	62.50	8	3	0	64	71	185	192	8.6	16.7
Seq9114_785_bp_-1_0_3	ENA|AAB03707|AAB03707.1	45.45	11	6	0	5	15	407	417	9	19.3
Seq9114_785_bp_-1_0_3	ENA|CAA45708|CAA45708.1	31.58	19	13	0	5	23	1237	1255	9.9	19.3
Seq9114_785_bp_-1_0_4	ENA|AAR37016|AAR37016.1	52.63	20	9	1	5	23	1312	1331	0.053	26.2
Seq9114_785_bp_-1_0_4	ENA|BAB79260|BAB79260.1	57.14	14	6	0	1	14	418	431	0.29	21.3
Seq9114_785_bp_-1_0_4	ENA|CAA26023|CAA26023.1	62.50	8	3	0	14	21	12	19	0.75	19.7
Seq9114_785_bp_-1_0_4	ENA|AAC08817|AAC08817.1	35.29	17	11	0	13	29	126	142	0.94	18.1
Seq9114_785_bp_-1_0_4	ENA|ABD49687|ABD49687.1	66.67	9	3	0	10	18	695	703	1.1	21.3
Seq9114_785_bp_-1_0_4	ENA|BAA32991|BAA32991.1	60.00	5	2	0	5	9	28	32	1.8	16.0
Seq9114_785_bp_-1_0_4	ENA|AAI27517|AAI27517.1	53.85	16	6	3	14	26	298	313	2.4	18.7
Seq9114_785_bp_-1_0_4	ENA|AAC78721|AAC78721.1	45.45	11	6	0	13	23	598	608	2.8	18.7
Seq9114_785_bp_-1_0_4	ENA|AAB26998|AAB26998.1	50.00	6	3	0	9	14	14	19	3	15.4
Seq9114_785_bp_-1_0_4	ENA|BAA32956|BAA32956.1	71.43	7	2	0	10	16	122	128	3.8	16.5
Seq9114_785_bp_-1_0_4	ENA|CAD53387|CAD53387.1	57.14	7	3	0	15	21	464	470	6.1	17.0
Seq9114_785_bp_-1_0_4	ENA|AAB96524|AAB96524.1	50.00	10	5	0	15	24	82	91	6.8	15.4
Seq9114_785_bp_-1_0_4	ENA|CAA36214|CAA36214.1	50.00	8	4	0	7	14	172	179	7.7	16.0
Seq9114_785_bp_-1_0_4	ENA|ABN10845|ABN10845.1	100.00	2	0	0	8	9	108	109	7.9	15.4
Seq9114_785_bp_-1_0_4	ENA|ABK71357|ABK71357.1	62.50	8	3	0	18	25	303	310	9.2	16.0
Seq9114_785_bp_-1_0_4	ENA|CAA29956|CAA29956.1	37.50	8	5	0	9	16	330	337	9.3	16.0
Seq9114_785_bp_-1_1_0	ENA|AAC08817|AAC08817.1	50.00	10	5	0	1	10	126	135	0.78	17.4
Seq9114_785_bp_-1_1_0	ENA|AAC97205|AAC97205.1	57.14	7	3	0	7	13	311	317	2.7	18.6
Seq9114_785_bp_-1_1_0	ENA|AAB26998|AAB26998.1	100.00	3	0	0	13	15	52	54	4.2	13.9
Seq9114_785_bp_-1_1_0	ENA|CAA24711|CAA24711.1	57.14	7	3	0	5	11	77	83	6.1	14.5
Seq9114_785_bp_-1_1_0	ENA|ACT10338|ACT10338.1	42.86	14	8	0	2	15	10	23	6.1	15.7
Seq9114_785_bp_-1_1_1	ENA|AAA18786|AAA18786.1	27.27	11	8	0	5	15	219	229	0.78	18.2
Seq9114_785_bp_-1_1_1	ENA|CAB75732|CAB75732.1	41.67	12	7	0	1	12	103	114	0.88	20.1
Seq9114_785_bp_-1_1_1	ENA|CAA26023|CAA26023.1	46.15	13	7	0	2	14	15	27	1.7	17.5
Seq9114_785_bp_-1_1_1	ENA|ABG75784|ABG75784.1	80.00	5	1	0	11	15	71	75	2.2	16.9
Seq9114_785_bp_-1_1_1	ENA|CCP43727|CCP43727.1	80.00	5	1	0	3	7	259	263	2.3	16.9
Seq9114_785_bp_-1_1_1	ENA|AAR37016|AAR37016.1	50.00	10	5	0	2	11	1056	1065	2.8	19.5
Seq9114_785_bp_-1_1_1	ENA|CAA24711|CAA24711.1	62.50	8	3	0	7	14	127	134	3	15.6
Seq9114_785_bp_-1_1_1	ENA|AAB96524|AAB96524.1	66.67	6	2	0	9	14	6	11	3.2	15.6
Seq9114_785_bp_-1_1_1	ENA|AAR31603|AAR31603.1	37.50	8	5	0	1	8	249	256	3.6	16.2
Seq9114_785_bp_-1_1_1	ENA|CAA26939|CAA26939.1	42.86	14	8	0	1	14	173	186	4	16.9
Seq9114_785_bp_-1_1_1	ENA|BAA32018|BAA32018.1	44.44	9	5	0	3	11	28	36	4.4	16.9
Seq9114_785_bp_-1_1_1	ENA|AAA32624|AAA32624.1	50.00	8	4	0	4	11	89	96	5.7	16.2
Seq9114_785_bp_-1_1_1	ENA|ACH70901|ACH70901.1	25.00	8	6	0	8	15	122	129	6.1	15.6
Seq9114_785_bp_-1_1_1	ENA|ABD33854|ABD33854.1	60.00	5	2	0	8	12	34	38	6.5	13.0
Seq9114_785_bp_-1_1_1	ENA|AAC08817|AAC08817.1	33.33	9	6	0	6	14	11	19	6.5	14.3
Seq9114_785_bp_-1_1_1	ENA|CAA11507|CAA11507.1	41.67	12	7	0	4	15	833	844	9.1	16.9
Seq9114_785_bp_-1_1_1	ENA|AAB03707|AAB03707.1	45.45	11	6	0	4	14	1085	1095	9.2	16.9
Seq9114_785_bp_-1_1_2	ENA|CAA43419|CAA43419.1	54.55	11	5	0	71	81	77	87	2.3	19.7
Seq9114_785_bp_-1_1_2	ENA|AAI27517|AAI27517.1	66.67	21	5	6	73	87	575	595	3.7	19.7
Seq9114_785_bp_-1_1_2	ENA|AAR37016|AAR37016.1	66.67	13	4	1	2	14	1512	1523	3.8	21.6
Seq9114_785_bp_-1_1_2	ENA|ACH70901|ACH70901.1	33.33	12	8	0	38	49	278	289	4.4	18.7
Seq9114_785_bp_-1_1_2	ENA|CAA73529|CAA73529.1	33.33	15	10	0	71	85	10	24	6.4	17.7
Seq9114_785_bp_-1_1_2	ENA|CAA45708|CAA45708.1	50.00	12	6	0	69	80	1133	1144	6.6	20.2
Seq9114_785_bp_-1_1_2	ENA|ABD49687|ABD49687.1	36.84	19	12	0	18	36	49	67	7.4	20.2
Seq9114_785_bp_-1_1_2	ENA|CAA24711|CAA24711.1	71.43	7	2	0	69	75	128	134	7.8	16.8
Seq9114_785_bp_-1_1_2	ENA|ABN10845|ABN10845.1	66.67	6	2	0	89	94	108	113	9.6	16.8
Seq9114_785_bp_-1_1_3	ENA|CAA43419|CAA43419.1	31.25	33	22	1	30	62	109	140	0.0065	27.6
Seq9114_785_bp_-1_1_3	ENA|AAA36539|AAA36539.1	50.00	12	6	0	49	60	212	223	0.14	23.5
Seq9114_785_bp_-1_1_3	ENA|EDO47375|EDO47375.1	55.56	9	4	0	35	43	123	131	0.48	20.4
Seq9114_785_bp_-1_1_3	ENA|CAA29968|CAA29968.1	37.50	17	10	1	10	26	107	122	1	19.4
Seq9114_785_bp_-1_1_3	ENA|BAA32991|BAA32991.1	75.00	10	2	2	30	37	7	16	1.5	17.3
Seq9114_785_bp_-1_1_3	ENA|CAA26023|CAA26023.1	66.67	13	4	1	33	45	19	30	2	19.4
Seq9114_785_bp_-1_1_3	ENA|CAB75732|CAB75732.1	50.00	8	4	0	47	54	703	710	2.1	20.9
Seq9114_785_bp_-1_1_3	ENA|ABG75784|ABG75784.1	45.45	11	6	0	45	55	30	40	3.2	18.3
Seq9114_785_bp_-1_1_3	ENA|BAA32956|BAA32956.1	100.00	4	0	0	39	42	24	27	4.4	17.3
Seq9114_785_bp_-1_1_3	ENA|AAB66912|AAB66912.1	54.55	11	5	0	25	35	507	517	4.7	19.4
Seq9114_785_bp_-1_1_3	ENA|AAR31603|AAR31603.1	50.00	14	7	0	4	17	298	311	4.8	17.8
Seq9114_785_bp_-1_1_3	ENA|AAA36114|AAA36114.1	55.56	9	4	0	15	23	118	126	5.2	18.3
Seq9114_785_bp_-1_1_3	ENA|ABK71357|ABK71357.1	35.00	20	13	0	34	53	90	109	5.4	17.8
Seq9114_785_bp_-1_1_3	ENA|AAA72732|AAA72732.1	46.15	13	7	0	11	23	123	135	6.4	17.3
Seq9114_785_bp_-1_1_3	ENA|CAD53387|CAD53387.1	42.86	14	8	0	2	15	7	20	7.2	17.8
Seq9114_785_bp_-1_1_3	ENA|AAC97205|AAC97205.1	80.00	5	1	0	41	45	766	770	8.5	18.9
Seq9114_785_bp_-1_1_3	ENA|CAL82360|CAL82360.1	71.43	7	2	0	39	45	604	610	8.8	18.9
Seq9114_785_bp_-1_1_3	ENA|AAF79734|AAF79734.1	28.57	28	20	0	24	51	873	900	9.9	18.9
Seq9114_785_bp_-1_1_4	ENA|AAI27517|AAI27517.1	71.43	7	2	0	1	7	517	523	0.00062	29.2
Seq9114_785_bp_-1_1_4	ENA|AAI27517|AAI27517.1	50.00	6	3	0	2	7	275	280	0.029	23.6
Seq9114_785_bp_-1_1_4	ENA|AAI27517|AAI27517.1	37.50	8	5	0	1	8	358	365	0.7	19.0
Seq9114_785_bp_-1_1_4	ENA|AAI27517|AAI27517.1	45.45	12	6	1	1	11	501	512	0.7	19.0
Seq9114_785_bp_-1_1_4	ENA|CAA26939|CAA26939.1	42.86	7	4	0	5	11	566	572	0.0021	27.3
Seq9114_785_bp_-1_1_4	ENA|AAR31603|AAR31603.1	50.00	10	5	0	1	10	306	315	0.0084	24.6
Seq9114_785_bp_-1_1_4	ENA|CAA45708|CAA45708.1	50.00	8	4	0	1	8	1024	1031	0.011	26.4
Seq9114_785_bp_-1_1_4	ENA|AAA32624|AAA32624.1	42.86	7	4	0	5	11	420	426	0.048	22.7
Seq9114_785_bp_-1_1_4	ENA|AAA32624|AAA32624.1	60.00	5	2	0	7	11	520	524	0.048	22.7
Seq9114_785_bp_-1_1_4	ENA|AAA32624|AAA32624.1	66.67	3	1	0	9	11	357	359	0.62	19.0
Seq9114_785_bp_-1_1_4	ENA|ABD49687|ABD49687.1	80.00	5	1	0	3	7	543	547	0.083	23.6
Seq9114_785_bp_-1_1_4	ENA|AAR37016|AAR37016.1	33.33	9	6	0	1	9	900	908	0.11	23.6
Seq9114_785_bp_-1_1_4	ENA|CAA26023|CAA26023.1	75.00	9	2	1	1	9	305	312	0.13	20.9
Seq9114_785_bp_-1_1_4	ENA|AAC08817|AAC08817.1	50.00	6	3	0	3	8	120	125	0.19	19.0
Seq9114_785_bp_-1_1_4	ENA|AAC08817|AAC08817.1	30.00	10	7	0	1	10	24	33	0.67	17.2
Seq9114_785_bp_-1_1_4	ENA|AAC08817|AAC08817.1	100.00	3	0	0	1	3	86	88	0.67	17.2
Seq9114_785_bp_-1_1_4	ENA|CAA24711|CAA24711.1	37.50	8	5	0	3	10	163	170	0.21	19.0
Seq9114_785_bp_-1_1_4	ENA|AAA25966|AAA25966.1	40.00	11	6	1	2	11	673	683	0.24	20.9
Seq9114_785_bp_-1_1_4	ENA|CAA45199|CAA45199.1	28.57	7	5	0	5	11	456	462	0.3	19.9
Seq9114_785_bp_-1_1_4	ENA|AAB66912|AAB66912.1	40.00	10	6	0	1	10	595	604	0.31	20.9
Seq9114_785_bp_-1_1_4	ENA|CAB75732|CAB75732.1	40.00	10	6	0	1	10	178	187	0.38	20.9
Seq9114_785_bp_-1_1_4	ENA|ACH70901|ACH70901.1	80.00	5	1	0	3	7	262	266	0.43	19.0
Seq9114_785_bp_-1_1_4	ENA|ABK71357|ABK71357.1	75.00	4	1	0	3	6	47	50	0.44	19.0
Seq9114_785_bp_-1_1_4	ENA|AAQ92751|AAQ92751.2	50.00	8	4	0	3	10	55	62	0.46	20.9
Seq9114_785_bp_-1_1_4	ENA|AAC78721|AAC78721.1	40.00	10	6	0	2	11	201	210	0.8	19.0
Seq9114_785_bp_-1_1_4	ENA|CAL82360|CAL82360.1	37.50	8	5	0	3	10	61	68	0.8	19.9
Seq9114_785_bp_-1_1_4	ENA|AAA42531|AAA42531.1	50.00	6	3	0	6	11	56	61	0.87	18.1
Seq9114_785_bp_-1_1_4	ENA|BAA32956|BAA32956.1	60.00	5	2	0	3	7	163	167	0.89	17.2
Seq9114_785_bp_-1_1_4	ENA|AAF79734|AAF79734.1	80.00	5	1	0	4	8	541	545	0.9	19.9
Seq9114_785_bp_-1_1_4	ENA|AAC17860|AAC17860.1	50.00	8	4	0	3	10	22	29	0.92	18.1
Seq9114_785_bp_-1_1_4	ENA|AAC40132|AAC40132.1	75.00	4	1	0	2	5	195	198	1.1	18.1
Seq9114_785_bp_-1_1_4	ENA|BAB17681|BAB17681.1	42.86	7	4	0	5	11	31	37	1.2	17.2
Seq9114_785_bp_-1_1_4	ENA|AAS77176|AAS77176.1	100.00	3	0	0	1	3	235	237	1.2	17.2
Seq9114_785_bp_-1_1_4	ENA|BAA36759|BAA36759.1	100.00	3	0	0	1	3	259	261	1.2	17.2
Seq9114_785_bp_-1_1_4	ENA|BAA05866|BAA05866.1	100.00	3	0	0	1	3	258	260	1.3	17.2
Seq9114_785_bp_-1_1_4	ENA|AAA24145|AAA24145.1	100.00	4	0	0	5	8	379	382	1.9	17.2
Seq9114_785_bp_-1_1_4	ENA|CAA36714|CAA36714.1	37.50	8	5	0	2	9	113	120	2	17.2
Seq9114_785_bp_-1_1_4	ENA|AAC26660|AAC26660.1	75.00	4	1	0	3	6	57	60	2	16.3
Seq9114_785_bp_-1_1_4	ENA|CAD53387|CAD53387.1	80.00	5	1	0	1	5	467	471	2.1	17.2
Seq9114_785_bp_-1_1_4	ENA|AAA18786|AAA18786.1	60.00	5	2	0	6	10	196	200	2.1	16.3
Seq9114_785_bp_-1_1_4	ENA|CAA36214|CAA36214.1	16.67	6	5	0	5	10	131	136	2.4	16.3
Seq9114_785_bp_-1_1_4	ENA|AAC49865|AAC49865.1	50.00	4	2	0	6	9	106	109	2.6	16.3
Seq9114_785_bp_-1_1_4	ENA|AAC97205|AAC97205.1	50.00	6	3	0	2	7	495	500	2.7	18.1
Seq9114_785_bp_-1_1_4	ENA|CAA11507|CAA11507.1	66.67	3	1	0	9	11	923	925	3	18.1
Seq9114_785_bp_-1_1_4	ENA|AAB03707|AAB03707.1	75.00	4	1	0	7	10	324	327	3	18.1
Seq9114_785_bp_-1_1_4	ENA|BAB79260|BAB79260.1	40.00	5	3	0	7	11	50	54	3.6	16.3
Seq9114_785_bp_-1_1_4	ENA|BAA32018|BAA32018.1	33.33	9	6	0	2	10	520	528	4.9	16.3
Seq9114_785_bp_-1_1_4	ENA|CAA43419|CAA43419.1	60.00	5	2	0	4	8	42	46	5.4	15.3
Seq9114_785_bp_-1_1_4	ENA|ABD33854|ABD33854.1	50.00	2	1	0	10	11	43	44	6.3	12.6
Seq9114_785_bp_-1_1_4	ENA|CAA28033|CAA28033.1	40.00	5	3	0	7	11	445	449	9.6	16.3
Seq9114_785_bp_-1_1_4	ENA|CAA29956|CAA29956.1	66.67	6	2	0	5	10	218	223	10	14.4
Seq9114_785_bp_-1_1_5	ENA|AAR31603|AAR31603.1	50.00	8	4	0	28	35	97	104	0.03	25.0
Seq9114_785_bp_-1_1_5	ENA|ABD33854|ABD33854.1	36.36	11	7	0	34	44	26	36	0.73	18.0
Seq9114_785_bp_-1_1_5	ENA|AAA32624|AAA32624.1	45.45	11	6	0	15	25	191	201	1.3	20.2
Seq9114_785_bp_-1_1_5	ENA|ABK71357|ABK71357.1	75.00	8	2	0	47	54	187	194	1.4	19.6
Seq9114_785_bp_-1_1_5	ENA|CAA29968|CAA29968.1	44.44	9	5	0	2	10	130	138	1.5	18.6
Seq9114_785_bp_-1_1_5	ENA|AAA72732|AAA72732.1	60.00	5	2	0	2	6	224	228	2.4	18.6
Seq9114_785_bp_-1_1_5	ENA|AAC08817|AAC08817.1	45.45	11	6	0	35	45	125	135	2.6	17.5
Seq9114_785_bp_-1_1_5	ENA|AAI27517|AAI27517.1	57.14	7	3	0	18	24	178	184	3.2	19.1
Seq9114_785_bp_-1_1_5	ENA|BAA32956|BAA32956.1	71.43	7	2	0	47	53	54	60	4.9	17.0
Seq9114_785_bp_-1_1_5	ENA|AAQ92751|AAQ92751.2	62.50	8	3	0	14	21	923	930	5	19.6
Seq9114_785_bp_-1_1_5	ENA|AAB96524|AAB96524.1	37.50	8	5	0	30	37	164	171	6.2	16.4
Seq9114_785_bp_-1_1_5	ENA|EDO47375|EDO47375.1	33.33	12	8	0	39	50	10	21	6.3	16.4
Seq9114_785_bp_-1_1_5	ENA|AAB03707|AAB03707.1	40.00	15	9	0	12	26	390	404	7.1	19.1
Seq9114_785_bp_-1_1_5	ENA|AAC78721|AAC78721.1	33.33	18	12	0	35	52	518	535	7.3	18.0
Seq9114_785_bp_-1_1_5	ENA|AAA36539|AAA36539.1	66.67	6	2	0	26	31	333	338	7.5	17.5
Seq9114_785_bp_-1_1_5	ENA|AAA36114|AAA36114.1	46.67	17	8	2	40	54	229	245	8	17.5
Seq9114_785_bp_-1_2_0	ENA|BAB17681|BAB17681.1	57.14	7	3	0	2	8	74	80	0.21	19.5
Seq9114_785_bp_-1_2_0	ENA|AAQ92751|AAQ92751.2	33.33	6	4	0	5	10	1335	1340	0.38	21.0
Seq9114_785_bp_-1_2_0	ENA|AAA32624|AAA32624.1	40.00	5	3	0	5	9	196	200	1.1	18.1
Seq9114_785_bp_-1_2_0	ENA|ABD33854|ABD33854.1	33.33	3	2	0	7	9	44	46	1.6	14.5
Seq9114_785_bp_-1_2_0	ENA|CAA11507|CAA11507.1	37.50	8	5	0	2	9	539	546	1.7	18.8
Seq9114_785_bp_-1_2_0	ENA|AAB03707|AAB03707.1	30.00	10	7	0	1	10	18	27	1.7	18.8
Seq9114_785_bp_-1_2_0	ENA|CAA26939|CAA26939.1	50.00	6	3	0	3	8	23	28	1.9	17.4
Seq9114_785_bp_-1_2_0	ENA|AAC97205|AAC97205.1	50.00	4	2	0	7	10	758	761	2.5	18.1
Seq9114_785_bp_-1_2_0	ENA|CAA45199|CAA45199.1	60.00	5	2	0	3	7	62	66	2.6	16.6
Seq9114_785_bp_-1_2_0	ENA|CAA36214|CAA36214.1	100.00	3	0	0	6	8	280	282	2.8	15.9
Seq9114_785_bp_-1_2_0	ENA|BAA32991|BAA32991.1	66.67	3	1	0	5	7	30	32	2.8	13.7
Seq9114_785_bp_-1_2_0	ENA|AAC49865|AAC49865.1	37.50	8	5	0	1	8	116	123	3	15.9
Seq9114_785_bp_-1_2_0	ENA|ABN10845|ABN10845.1	75.00	4	1	0	4	7	105	108	3.3	15.2
Seq9114_785_bp_-1_2_0	ENA|AAA42531|AAA42531.1	66.67	6	2	0	2	7	120	125	3.5	15.9
Seq9114_785_bp_-1_2_0	ENA|AAA18786|AAA18786.1	50.00	8	4	0	3	10	92	99	4	15.2
Seq9114_785_bp_-1_2_0	ENA|CAA36714|CAA36714.1	25.00	4	3	0	6	9	378	381	4.2	15.9
Seq9114_785_bp_-1_2_0	ENA|CAL82360|CAL82360.1	28.57	7	5	0	2	8	455	461	4.2	17.4
Seq9114_785_bp_-1_2_0	ENA|AAB96524|AAB96524.1	50.00	4	2	0	5	8	166	169	4.6	14.5
Seq9114_785_bp_-1_2_0	ENA|EDO47375|EDO47375.1	50.00	6	3	0	4	9	10	15	4.6	14.5
Seq9114_785_bp_-1_2_0	ENA|CAA29956|CAA29956.1	33.33	6	4	0	4	9	374	379	5.5	15.2
Seq9114_785_bp_-1_2_0	ENA|ACT10338|ACT10338.1	28.57	7	5	0	2	8	293	299	5.7	15.2
Seq9114_785_bp_-1_2_0	ENA|AAC78721|AAC78721.1	100.00	3	0	0	5	7	208	210	6	15.9
Seq9114_785_bp_-1_2_0	ENA|CAA73529|CAA73529.1	80.00	5	1	0	2	6	86	90	6.6	14.5
Seq9114_785_bp_-1_2_0	ENA|AAS77176|AAS77176.1	50.00	4	2	0	4	7	2	5	6.9	14.5
Seq9114_785_bp_-1_2_0	ENA|AAR31603|AAR31603.1	20.00	5	4	0	5	9	101	105	7.8	14.5
Seq9114_785_bp_-1_2_0	ENA|ABD49687|ABD49687.1	50.00	4	2	0	6	9	264	267	8.9	16.6
Seq9114_785_bp_-1_2_1	ENA|BAA36759|BAA36759.1	44.44	9	5	0	9	17	1	9	3.9	16.2
Seq9114_785_bp_-1_2_1	ENA|AAC78721|AAC78721.1	36.36	11	7	0	4	14	449	459	6.2	16.7
Seq9114_785_bp_-1_2_1	ENA|AAA32624|AAA32624.1	54.55	11	5	0	3	13	456	466	9.9	15.6
Seq9114_785_bp_-1_2_2	ENA|CAA26023|CAA26023.1	46.15	13	7	0	70	82	299	311	1.4	20.7
Seq9114_785_bp_-1_2_2	ENA|AAQ92751|AAQ92751.2	57.14	7	3	0	43	49	780	786	1.7	22.3
Seq9114_785_bp_-1_2_2	ENA|AAR31603|AAR31603.1	90.00	13	1	3	98	107	28	40	1.7	20.2
Seq9114_785_bp_-1_2_2	ENA|AAC78721|AAC78721.1	27.27	11	8	0	1	11	665	675	2.4	20.7
Seq9114_785_bp_-1_2_2	ENA|AAA36114|AAA36114.1	38.10	21	13	0	89	109	356	376	2.7	20.2
Seq9114_785_bp_-1_2_2	ENA|BAA32991|BAA32991.1	60.00	5	2	0	59	63	27	31	3.2	17.0
Seq9114_785_bp_-1_2_2	ENA|ABN10845|ABN10845.1	66.67	6	2	0	41	46	103	108	3.4	18.6
Seq9114_785_bp_-1_2_2	ENA|AAA36539|AAA36539.1	35.00	20	13	0	76	95	238	257	7.1	18.6
Seq9114_785_bp_-1_2_2	ENA|ABD49687|ABD49687.1	36.36	11	7	0	5	15	959	969	8.5	20.2
Seq9114_785_bp_-1_2_3	ENA|ABG75784|ABG75784.1	38.46	13	8	0	62	74	275	287	0.46	22.2
Seq9114_785_bp_-1_2_3	ENA|ABN10845|ABN10845.1	35.71	28	18	0	66	93	10	37	0.46	21.6
Seq9114_785_bp_-1_2_3	ENA|AAR37016|AAR37016.1	40.00	15	9	0	97	111	571	585	0.53	24.9
Seq9114_785_bp_-1_2_3	ENA|AAB66912|AAB66912.1	40.74	27	16	0	69	95	308	334	1.9	21.6
Seq9114_785_bp_-1_2_3	ENA|ACH70901|ACH70901.1	83.33	6	1	0	113	118	178	183	2.3	20.0
Seq9114_785_bp_-1_2_3	ENA|AAA32624|AAA32624.1	50.00	6	3	0	29	34	356	361	3.3	20.0
Seq9114_785_bp_-1_2_3	ENA|CAL82360|CAL82360.1	26.67	15	11	0	88	102	976	990	3.8	21.1
Seq9114_785_bp_-1_2_3	ENA|CAA36714|CAA36714.1	40.00	10	6	0	37	46	134	143	4.3	19.5
Seq9114_785_bp_-1_2_3	ENA|ABK71357|ABK71357.1	31.25	16	11	0	9	24	48	63	4.9	18.9
Seq9114_785_bp_-1_2_3	ENA|BAA36759|BAA36759.1	77.78	10	2	1	106	115	151	159	5.5	18.4
Seq9114_785_bp_-1_2_3	ENA|BAA32018|BAA32018.1	50.00	12	6	0	31	42	153	164	5.7	19.5
Seq9114_785_bp_-1_2_3	ENA|CAA11507|CAA11507.1	42.11	19	11	0	41	59	16	34	5.8	20.6
Seq9114_785_bp_-1_2_3	ENA|CAA26939|CAA26939.1	50.00	6	3	0	29	34	404	409	7.4	18.9
Seq9114_785_bp_-1_2_3	ENA|ABD33854|ABD33854.1	38.10	21	13	0	54	74	25	45	7.8	15.7
Seq9114_785_bp_-1_2_3	ENA|CAA28033|CAA28033.1	58.33	12	5	0	75	86	1037	1048	7.9	20.0
Seq9114_785_bp_-1_2_3	ENA|AAC49865|AAC49865.1	46.15	14	7	1	92	105	43	55	8.9	17.9
