Seq10049_963_bp_1_0_0	AAQ92751.2	42.86	14	8	0	2	15	1002	1015	0.68	20.7
Seq10049_963_bp_1_0_0	AAA32376.1	44.44	9	5	0	2	10	114	122	1.3	16.8
Seq10049_963_bp_1_0_0	BAB79260.1	55.56	9	4	0	2	10	248	256	1.4	18.1
Seq10049_963_bp_1_0_0	ABN10845.1	60.00	5	2	0	2	6	194	198	2.5	16.1
Seq10049_963_bp_1_0_0	AAA36565.1	66.67	6	2	0	1	6	9	14	4.7	14.8
Seq10049_963_bp_1_0_0	BAB17681.1	50.00	6	3	0	3	8	141	146	4.9	15.5
Seq10049_963_bp_1_0_0	AAA25966.1	66.67	6	2	0	4	9	120	125	5.2	16.8
Seq10049_963_bp_1_0_0	ABK71357.1	50.00	8	4	0	4	11	33	40	6.6	15.5
Seq10049_963_bp_1_0_0	AAA72732.1	33.33	9	6	0	2	10	110	118	8.5	14.8
Seq10049_963_bp_1_0_0	CAA11507.1	50.00	8	4	0	3	10	1221	1228	9.4	16.8
Seq10049_963_bp_1_0_0	AEE27845.1	50.00	8	4	0	7	14	407	414	9.6	16.8
Seq10049_963_bp_1_0_0	AAA23282.1	58.33	15	5	3	4	15	230	244	9.7	15.5
Seq10049_963_bp_1_0_1	BAA32018.1	46.15	13	7	0	1	13	171	183	0.089	23.6
Seq10049_963_bp_1_0_1	CAA73529.1	38.10	21	13	0	6	26	71	91	0.19	21.4
Seq10049_963_bp_1_0_1	AAB26998.1	31.82	22	15	0	4	25	42	63	0.39	18.5
Seq10049_963_bp_1_0_1	CAA04196.1	29.17	24	17	0	8	31	295	318	0.43	20.8
Seq10049_963_bp_1_0_1	BAA32956.1	50.00	14	7	0	9	22	124	137	0.47	19.6
Seq10049_963_bp_1_0_1	AAA26915.1	36.36	22	14	0	7	28	68	89	0.7	20.2
Seq10049_963_bp_1_0_1	ABG75784.1	23.81	21	16	0	5	25	42	62	1	19.1
Seq10049_963_bp_1_0_1	AAB64315.2	43.48	24	13	1	8	30	55	78	2.3	17.9
Seq10049_963_bp_1_0_1	ABD33854.1	46.15	14	7	1	18	31	50	62	4.7	14.5
Seq10049_963_bp_1_0_1	AAA24969.1	50.00	10	5	0	18	27	783	792	7	18.5
Seq10049_963_bp_1_0_1	AAR37016.1	38.46	13	8	0	9	21	1546	1558	7.3	19.1
Seq10049_963_bp_1_0_1	AAF01122.1	37.50	16	10	0	14	29	319	334	8.3	16.2
Seq10049_963_bp_1_0_1	AAA45888.1	44.44	9	5	0	14	22	109	117	8.4	16.2
Seq10049_963_bp_1_0_1	AAA42531.1	28.57	14	10	0	17	30	161	174	8.5	16.2
Seq10049_963_bp_1_0_1	AAI27517.1	60.00	10	4	0	22	31	337	346	8.7	16.8
Seq10049_963_bp_1_0_1	AAB96524.1	50.00	10	5	0	5	14	100	109	8.9	15.1
Seq10049_963_bp_1_0_1	AEE27845.1	38.89	18	11	0	1	18	1282	1299	9.3	17.9
Seq10049_963_bp_1_0_2	CAA11507.1	50.00	14	7	0	5	18	1260	1273	0.21	22.7
Seq10049_963_bp_1_0_2	AAB96524.1	75.00	8	2	0	4	11	98	105	0.38	19.0
Seq10049_963_bp_1_0_2	AAX12058.1	40.00	10	6	0	1	10	13	22	1.3	17.8
Seq10049_963_bp_1_0_2	CAA26230.1	45.45	11	6	0	6	16	86	96	4	17.2
Seq10049_963_bp_1_0_2	AAA24142.1	37.50	16	10	0	4	19	398	413	5	16.5
Seq10049_963_bp_1_0_2	BAB79260.1	42.11	20	11	1	1	19	280	299	7.5	15.9
Seq10049_963_bp_1_0_3	AAF01122.1	44.44	18	10	0	2	19	319	336	0.47	20.0
Seq10049_963_bp_1_0_3	AAA65607.1	43.75	16	9	0	8	23	24	39	0.7	19.4
Seq10049_963_bp_1_0_3	BAA32956.1	75.00	8	2	0	15	22	197	204	0.94	18.2
Seq10049_963_bp_1_0_3	CAA74140.1	43.75	16	9	0	7	22	326	341	1.8	19.4
Seq10049_963_bp_1_0_3	AAC17860.1	37.50	16	10	0	4	19	192	207	1.8	18.2
Seq10049_963_bp_1_0_3	AAR37016.1	41.18	17	10	0	6	22	992	1008	1.9	20.6
Seq10049_963_bp_1_0_3	ACT10338.1	42.86	15	8	1	7	20	83	97	2.6	17.5
Seq10049_963_bp_1_0_3	AII71783.1	31.58	19	13	0	1	19	157	175	3.2	16.9
Seq10049_963_bp_1_0_3	CAA11507.1	35.29	17	11	0	2	18	152	168	3.9	18.8
Seq10049_963_bp_1_0_3	AAB96524.1	40.00	10	6	0	9	18	79	88	4.5	15.7
Seq10049_963_bp_1_0_3	AAR31603.1	55.56	9	4	0	8	16	257	265	5.1	16.3
Seq10049_963_bp_1_0_3	AAA45888.1	66.67	6	2	0	5	10	358	363	5.9	16.3
Seq10049_963_bp_1_0_3	AAI27517.1	50.00	12	6	0	6	17	418	429	6	16.9
Seq10049_963_bp_1_0_3	AEE27845.1	28.57	21	15	0	2	22	1000	1020	6	18.2
Seq10049_963_bp_1_0_3	AAB26998.1	37.50	16	10	0	3	18	4	19	6.8	13.8
Seq10049_963_bp_1_0_3	CAA45199.1	44.44	9	5	0	2	10	289	297	7.2	16.3
Seq10049_963_bp_1_0_3	ABD49687.1	57.14	17	6	3	5	18	734	750	7.3	18.2
Seq10049_963_bp_1_0_3	AAA72732.1	50.00	10	5	0	14	23	280	289	7.4	15.7
Seq10049_963_bp_1_0_3	CAD53387.1	80.00	5	1	0	18	22	43	47	7.7	16.3
Seq10049_963_bp_1_0_3	ABK71357.1	33.33	12	8	0	7	18	79	90	8.7	15.7
Seq10049_963_bp_1_0_3	AAQ92751.2	50.00	8	4	0	8	15	869	876	8.8	17.5
Seq10049_963_bp_1_0_3	AAA32376.1	33.33	9	6	0	14	22	163	171	9.4	14.4
Seq10049_963_bp_1_0_3	AAX12058.1	57.14	7	3	0	1	7	59	65	9.7	15.1
Seq10049_963_bp_1_0_3	BAB17681.1	33.33	12	8	0	10	21	162	173	9.7	15.1
Seq10049_963_bp_1_0_4	AAB26998.1	57.14	7	3	0	11	17	47	53	0.023	21.8
Seq10049_963_bp_1_0_4	AAB64315.2	40.00	15	9	0	2	16	71	85	0.23	20.5
Seq10049_963_bp_1_0_4	ABD49687.1	60.00	10	4	0	2	11	793	802	0.5	21.8
Seq10049_963_bp_1_0_4	AAA25966.1	45.45	11	6	0	3	13	392	402	0.79	19.8
Seq10049_963_bp_1_0_4	AAH69556.1	54.55	11	5	0	3	13	76	86	0.81	18.6
Seq10049_963_bp_1_0_4	AAA26915.1	40.00	15	9	0	2	16	414	428	1.2	18.6
Seq10049_963_bp_1_0_4	ABG75784.1	38.46	13	8	0	2	14	238	250	2	17.3
Seq10049_963_bp_1_0_4	BAB17681.1	40.00	10	6	0	9	18	217	226	2.7	16.6
Seq10049_963_bp_1_0_4	AAA45888.1	28.57	7	5	0	7	13	127	133	5.7	16.0
Seq10049_963_bp_1_0_4	AAR37016.1	50.00	6	3	0	6	11	1583	1588	6	18.6
Seq10049_963_bp_1_0_4	AAA18786.1	40.00	11	6	1	4	13	81	91	6.2	15.4
Seq10049_963_bp_1_0_4	EDO47375.1	50.00	6	3	0	12	17	178	183	6.8	14.7
Seq10049_963_bp_1_0_4	BAB70780.1	50.00	6	3	0	3	8	115	120	7.2	16.0
Seq10049_963_bp_1_0_4	AAR31603.1	37.50	8	5	0	9	16	80	87	7.5	15.4
Seq10049_963_bp_1_0_4	AAA32624.1	50.00	6	3	0	9	14	301	306	7.7	16.0
Seq10049_963_bp_1_0_4	AEE27845.1	33.33	6	4	0	13	18	1119	1124	8.4	17.3
Seq10049_963_bp_1_0_4	ABK71357.1	50.00	8	4	0	2	9	69	76	8.5	15.4
Seq10049_963_bp_1_0_4	BAA32991.1	40.00	5	3	0	14	18	4	8	9.2	12.8
Seq10049_963_bp_1_0_4	AAC17860.1	35.71	14	9	0	2	15	340	353	9.3	15.4
Seq10049_963_bp_1_0_5	ABD49687.1	66.67	9	3	0	5	13	129	137	0.36	22.3
Seq10049_963_bp_1_0_5	AAF01122.1	50.00	12	6	0	2	13	367	378	0.43	19.9
Seq10049_963_bp_1_0_5	AAA32376.1	25.00	16	12	0	2	17	155	170	0.46	18.6
Seq10049_963_bp_1_0_5	BAE97662.1	41.18	17	10	0	1	17	115	131	0.56	21.1
Seq10049_963_bp_1_0_5	CAA74140.1	71.43	7	2	0	2	8	918	924	1.1	19.9
Seq10049_963_bp_1_0_5	AAI27517.1	46.15	13	7	0	1	13	29	41	2.4	18.0
Seq10049_963_bp_1_0_5	AAC97205.1	62.50	8	3	0	1	8	13	20	3.2	18.6
Seq10049_963_bp_1_0_5	ACH70904.1	50.00	6	3	0	14	19	95	100	5	16.2
Seq10049_963_bp_1_0_5	BAA32991.1	66.67	6	2	0	7	12	46	51	5.1	13.8
Seq10049_963_bp_1_0_5	CAA43372.1	57.14	7	3	0	9	15	359	365	5.7	16.2
Seq10049_963_bp_1_0_5	AAC78721.1	41.67	12	7	0	3	14	265	276	6	16.8
Seq10049_963_bp_1_0_5	AAA65607.1	62.50	8	3	0	6	13	42	49	7.5	15.6
Seq10049_963_bp_1_0_5	ABK71357.1	37.50	8	5	0	10	17	187	194	7.6	15.6
Seq10049_963_bp_1_0_5	AAC08817.1	26.32	19	14	0	1	19	4	22	7.8	14.4
Seq10049_963_bp_1_0_5	CAA11507.1	50.00	8	4	0	12	19	115	122	7.9	17.4
Seq10049_963_bp_1_0_5	BAA32018.1	60.00	5	2	0	2	6	303	307	8.4	16.2
Seq10049_963_bp_1_0_5	AAA25966.1	29.41	17	12	0	2	18	318	334	9.6	16.2
Seq10049_963_bp_1_0_6	AAB03707.1	50.00	10	5	0	3	12	683	692	0.62	20.9
Seq10049_963_bp_1_0_6	BAE97662.1	54.55	11	5	0	2	12	529	539	1.2	19.6
Seq10049_963_bp_1_0_6	AAC08817.1	50.00	10	5	0	3	12	116	125	1.7	16.3
Seq10049_963_bp_1_0_6	ABD49687.1	50.00	12	6	0	4	15	240	251	1.9	19.6
Seq10049_963_bp_1_0_6	AII71783.1	62.50	8	3	0	6	13	224	231	3.1	16.3
Seq10049_963_bp_1_0_6	AAB64315.2	55.56	9	4	0	6	14	70	78	5.1	15.7
Seq10049_963_bp_1_0_6	AAA23282.1	46.15	13	7	0	1	13	90	102	5.6	16.3
Seq10049_963_bp_1_0_6	AAA42531.1	36.36	11	7	0	2	12	42	52	9	15.1
Seq10049_963_bp_1_0_6	ACT10338.1	55.56	9	4	0	2	10	1	9	9	15.1
Seq10049_963_bp_1_0_6	AAC78721.1	50.00	8	4	0	4	11	100	107	9.9	15.7
Seq10049_963_bp_1_0_7	EDO47375.1	66.67	6	2	0	4	9	183	188	1.7	16.7
Seq10049_963_bp_1_0_7	AAH69556.1	80.00	5	1	0	6	10	154	158	6.2	15.5
Seq10049_963_bp_1_0_7	AII71783.1	40.00	10	6	0	6	15	17	26	6.3	15.5
Seq10049_963_bp_1_0_7	AAR31603.1	40.00	10	6	0	7	16	36	45	6.7	15.5
Seq10049_963_bp_1_0_7	CAA26230.1	44.44	9	5	0	1	9	172	180	7.4	16.1
Seq10049_963_bp_1_0_7	AAQ92751.2	46.67	15	8	0	1	15	387	401	7.7	17.3
Seq10049_963_bp_1_0_7	BAA32018.1	62.50	8	3	0	5	12	291	298	8.2	16.1
Seq10049_963_bp_1_0_7	AAC17860.1	57.14	7	3	0	2	8	59	65	8.2	15.5
Seq10049_963_bp_1_0_7	ABN10845.1	38.46	13	8	0	2	14	24	36	10	14.2
Seq10049_963_bp_1_1_0	AAC17860.1	50.00	10	5	0	12	21	191	200	0.55	19.8
Seq10049_963_bp_1_1_0	AAA42531.1	31.58	19	13	0	3	21	268	286	1.2	18.6
Seq10049_963_bp_1_1_0	AAC97205.1	60.00	10	4	0	4	13	1196	1205	1.6	19.8
Seq10049_963_bp_1_1_0	ABS38337.1	33.33	15	10	0	6	20	379	393	2.6	19.2
Seq10049_963_bp_1_1_0	AAH69556.1	27.78	18	13	0	4	21	241	258	3.2	16.8
Seq10049_963_bp_1_1_0	ACT10338.1	50.00	8	4	0	14	21	38	45	4.1	16.8
Seq10049_963_bp_1_1_0	AAA24142.1	38.46	13	8	0	1	13	21	33	4.7	16.8
Seq10049_963_bp_1_1_0	BAB79260.1	28.57	14	10	0	4	17	169	182	7.1	16.1
Seq10049_963_bp_1_1_0	AAB64315.2	62.50	8	3	0	2	9	70	77	7.7	15.5
Seq10049_963_bp_1_1_0	AAA36565.1	30.00	10	7	0	12	21	9	18	9	14.3
Seq10049_963_bp_1_1_0	AAA32376.1	50.00	8	4	0	1	8	157	164	9.2	14.3
Seq10049_963_bp_1_1_0	AAX12058.1	33.33	9	6	0	12	20	102	110	9.6	14.9
Seq10049_963_bp_1_1_1	EDO47375.1	42.86	7	4	0	9	15	166	172	0.22	19.8
Seq10049_963_bp_1_1_1	EDO47375.1	80.00	5	1	0	10	14	121	125	0.79	17.9
Seq10049_963_bp_1_1_1	ABD33854.1	75.00	4	1	0	11	14	58	61	0.63	16.7
Seq10049_963_bp_1_1_1	AAB26998.1	27.27	11	8	0	6	16	19	29	0.77	16.7
Seq10049_963_bp_1_1_1	AAR37016.1	45.45	11	6	0	4	14	791	801	1.2	21.0
Seq10049_963_bp_1_1_1	AAB03707.1	35.71	14	9	0	3	16	825	838	1.6	19.8
Seq10049_963_bp_1_1_1	AAA36565.1	37.50	8	5	0	10	17	161	168	1.6	16.7
Seq10049_963_bp_1_1_1	AII71783.1	38.46	13	8	0	6	18	218	230	2	17.3
Seq10049_963_bp_1_1_1	CAA45199.1	57.14	7	3	0	1	7	383	389	3	17.3
Seq10049_963_bp_1_1_1	ABD49687.1	38.46	13	8	0	6	18	1210	1222	3	19.1
Seq10049_963_bp_1_1_1	AEE27845.1	80.00	5	1	0	6	10	727	731	3.7	18.5
Seq10049_963_bp_1_1_1	BAB17681.1	33.33	6	4	0	11	16	150	155	4	16.0
Seq10049_963_bp_1_1_1	AAH69556.1	80.00	5	1	0	14	18	214	218	4.5	16.0
Seq10049_963_bp_1_1_1	ABN10845.1	33.33	10	6	1	3	11	109	118	4.9	15.4
Seq10049_963_bp_1_1_1	AAA23282.1	50.00	8	4	0	4	11	166	173	5.4	16.7
Seq10049_963_bp_1_1_1	BAA32991.1	100.00	3	0	0	4	6	67	69	5.5	13.6
Seq10049_963_bp_1_1_1	AAA42531.1	26.67	15	11	0	4	18	167	181	5.6	16.0
Seq10049_963_bp_1_1_1	ACT10338.1	37.50	8	5	0	2	9	118	125	5.6	16.0
Seq10049_963_bp_1_1_1	CAA43372.1	75.00	4	1	0	9	12	14	17	6	16.0
Seq10049_963_bp_1_1_1	ACH70904.1	60.00	5	2	0	9	13	134	138	7.9	15.4
Seq10049_963_bp_1_1_1	AAI27517.1	100.00	4	0	0	4	7	505	508	8.4	16.0
Seq10049_963_bp_1_1_1	CAA04196.1	66.67	6	2	0	13	18	226	231	9	15.4
Seq10049_963_bp_1_1_1	CAA73529.1	31.25	16	11	0	3	18	180	195	9.1	14.8
Seq10049_963_bp_1_1_1	AAB96524.1	60.00	5	2	0	6	10	174	178	9.4	14.2
Seq10049_963_bp_1_1_2	AAA23282.1	50.00	12	6	0	2	13	163	174	0.22	21.4
Seq10049_963_bp_1_1_2	AAA36565.1	36.84	19	12	0	1	19	56	74	0.24	19.6
Seq10049_963_bp_1_1_2	AAA24142.1	31.58	19	13	0	1	19	148	166	0.42	20.2
Seq10049_963_bp_1_1_2	AEE27845.1	85.71	7	1	0	13	19	467	473	1.9	19.6
Seq10049_963_bp_1_1_2	AAB64315.2	36.36	11	7	0	4	14	273	283	2.5	17.1
Seq10049_963_bp_1_1_2	AAA42531.1	50.00	10	5	0	1	10	253	262	3	17.1
Seq10049_963_bp_1_1_2	AAC78721.1	50.00	10	5	0	6	15	223	232	5.1	17.1
Seq10049_963_bp_1_1_2	AAR31603.1	50.00	10	5	0	5	14	251	260	5.8	15.8
Seq10049_963_bp_1_1_2	AIR13712.1	100.00	5	0	0	4	8	212	216	5.8	15.8
Seq10049_963_bp_1_1_2	ABN10845.1	43.75	16	9	0	1	16	27	42	5.8	15.2
Seq10049_963_bp_1_1_2	AAA32624.1	62.50	8	3	0	6	13	121	128	6	16.5
Seq10049_963_bp_1_1_2	AAC97205.1	25.00	16	12	0	2	17	46	61	6	17.7
Seq10049_963_bp_1_1_2	BAA32991.1	80.00	5	1	0	10	14	14	18	6.6	13.4
Seq10049_963_bp_1_1_2	CAA74140.1	22.22	18	14	0	2	19	565	582	6.9	17.1
Seq10049_963_bp_1_1_2	AAA32376.1	27.78	18	13	0	2	19	130	147	7.1	14.6
Seq10049_963_bp_1_1_2	CAA43372.1	36.36	11	7	0	8	18	394	404	7.2	15.8
Seq10049_963_bp_1_1_2	ABD49687.1	31.25	16	11	0	4	19	937	952	8.1	17.7
Seq10049_963_bp_1_1_3	AAA72732.1	100.00	5	0	0	11	15	299	303	0.6	19.1
Seq10049_963_bp_1_1_3	AAA25966.1	80.00	5	1	0	7	11	369	373	0.61	20.3
Seq10049_963_bp_1_1_3	ABD49687.1	50.00	8	4	0	3	10	99	106	2.2	19.7
Seq10049_963_bp_1_1_3	CAA45199.1	66.67	6	2	0	1	6	208	213	3	17.3
Seq10049_963_bp_1_1_3	AAC97205.1	55.56	9	4	0	10	18	18	26	3.5	18.5
Seq10049_963_bp_1_1_3	AAF01122.1	100.00	3	0	0	9	11	375	377	3.6	16.7
Seq10049_963_bp_1_1_3	AAA24142.1	30.77	13	9	0	7	19	88	100	4.3	16.7
Seq10049_963_bp_1_1_3	CAD53387.1	80.00	5	1	0	6	10	466	470	4.8	16.7
Seq10049_963_bp_1_1_3	AAA32624.1	57.14	7	3	0	11	17	359	365	5	16.7
Seq10049_963_bp_1_1_3	CAA26230.1	57.14	7	3	0	11	17	396	402	5.3	16.7
Seq10049_963_bp_1_1_3	AAA45888.1	50.00	8	4	0	7	14	307	314	5.5	16.2
Seq10049_963_bp_1_1_3	AAI27517.1	55.56	9	4	0	1	9	513	521	5.6	16.7
Seq10049_963_bp_1_1_3	AAQ92751.2	40.00	10	6	0	8	17	1334	1343	5.8	17.9
Seq10049_963_bp_1_1_3	AAR31603.1	75.00	4	1	0	9	12	120	123	7	15.6
Seq10049_963_bp_1_1_4	BAA32991.1	33.33	12	8	0	1	12	13	24	0.31	17.3
Seq10049_963_bp_1_1_4	AAI27517.1	44.44	9	5	0	4	12	306	314	1.1	18.6
Seq10049_963_bp_1_1_4	EDO47375.1	44.44	9	5	0	4	12	171	179	2.1	16.0
Seq10049_963_bp_1_1_4	AAX84812.1	37.50	8	5	0	4	11	108	115	2.6	16.0
Seq10049_963_bp_1_1_4	AAR37016.1	66.67	6	2	0	1	6	482	487	2.6	19.3
Seq10049_963_bp_1_1_4	AAC08817.1	50.00	8	4	0	1	8	25	32	2.9	15.3
Seq10049_963_bp_1_1_4	CAA04196.1	75.00	4	1	0	4	7	381	384	2.9	16.7
Seq10049_963_bp_1_1_4	ABD49687.1	60.00	10	4	0	1	10	1206	1215	3	18.6
Seq10049_963_bp_1_1_4	AAB26998.1	50.00	8	4	0	5	12	19	26	3.4	14.0
Seq10049_963_bp_1_1_4	AIR13712.1	57.14	7	3	0	7	13	228	234	3.6	16.0
Seq10049_963_bp_1_1_4	CAA26230.1	66.67	6	2	0	7	12	111	116	3.9	16.7
Seq10049_963_bp_1_1_4	ACT10338.1	50.00	8	4	0	2	9	164	171	4.3	16.0
Seq10049_963_bp_1_1_4	AAA18786.1	42.86	7	4	0	7	13	146	152	7.1	14.7
Seq10049_963_bp_1_1_4	AAA45888.1	100.00	3	0	0	5	7	376	378	10	14.7
Seq10049_963_bp_1_1_5	AAC08817.1	80.00	5	1	0	1	5	119	123	2.5	15.6
Seq10049_963_bp_1_1_5	CAA43372.1	50.00	8	4	0	5	12	74	81	2.7	16.9
Seq10049_963_bp_1_1_5	ACH70904.1	30.00	10	7	0	5	14	184	193	3.5	16.3
Seq10049_963_bp_1_1_5	AAA24142.1	80.00	5	1	0	6	10	157	161	4.4	16.3
Seq10049_963_bp_1_1_5	ABD33854.1	75.00	4	1	0	11	14	59	62	5.5	13.1
Seq10049_963_bp_1_1_5	AAA65607.1	44.44	9	5	0	5	13	160	168	5.5	15.6
Seq10049_963_bp_1_1_5	AAI27517.1	44.44	9	5	0	2	10	269	277	5.7	16.3
Seq10049_963_bp_1_1_5	AAA18786.1	44.44	9	5	0	6	14	75	83	6.2	15.0
Seq10049_963_bp_1_1_5	ABD49687.1	50.00	8	4	0	5	12	793	800	6.8	17.5
Seq10049_963_bp_1_1_5	BAA32956.1	30.00	10	7	0	5	14	45	54	7.4	14.4
Seq10049_963_bp_1_1_5	AAX84812.1	42.86	7	4	0	4	10	27	33	8.1	14.4
Seq10049_963_bp_1_1_5	CAA26230.1	37.50	8	5	0	3	10	267	274	8.2	15.6
Seq10049_963_bp_1_1_5	AEE27845.1	62.50	8	3	0	4	11	58	65	8.5	16.9
Seq10049_963_bp_1_1_5	CAA74140.1	50.00	8	4	0	7	14	62	69	8.8	16.3
Seq10049_963_bp_1_1_5	AAX12058.1	75.00	4	1	0	11	14	62	65	9.5	14.4
Seq10049_963_bp_1_1_5	AAC78721.1	36.36	11	7	0	3	13	179	189	9.7	15.6
Seq10049_963_bp_1_1_6	AAR31603.1	54.55	11	5	0	4	14	259	269	0.071	22.4
Seq10049_963_bp_1_1_6	BAA32956.1	46.67	15	8	0	5	19	184	198	0.43	19.2
Seq10049_963_bp_1_1_6	ACT10338.1	33.33	18	12	0	3	20	112	129	0.5	19.8
Seq10049_963_bp_1_1_6	CAA11507.1	46.67	15	8	0	4	18	1029	1043	0.72	21.1
Seq10049_963_bp_1_1_6	AAR37016.1	66.67	9	3	0	7	15	2205	2213	1.2	21.1
Seq10049_963_bp_1_1_6	AAC08817.1	44.44	9	5	0	11	19	141	149	1.3	17.2
Seq10049_963_bp_1_1_6	CAA74140.1	40.00	10	6	0	1	10	496	505	1.9	19.2
Seq10049_963_bp_1_1_6	AAA23282.1	38.46	13	8	0	2	14	241	253	4.3	17.2
Seq10049_963_bp_1_1_6	ABK71357.1	75.00	4	1	0	8	11	350	353	6.7	16.0
Seq10049_963_bp_1_1_6	ABD33854.1	37.50	8	5	0	13	20	51	58	6.8	13.4
Seq10049_963_bp_1_1_6	BAA32018.1	28.57	14	10	0	6	19	302	315	7.1	16.6
Seq10049_963_bp_1_1_6	CAA26230.1	40.00	10	6	0	2	11	332	341	9.7	16.0
Seq10049_963_bp_1_1_7	BAA32018.1	44.44	9	5	0	11	19	451	459	1.3	19.0
Seq10049_963_bp_1_1_7	AAA65607.1	57.14	7	3	0	6	12	344	350	1.8	17.8
Seq10049_963_bp_1_1_7	AAA36565.1	38.46	13	8	0	2	14	66	78	2.8	15.9
Seq10049_963_bp_1_1_7	CAA43372.1	60.00	5	2	0	5	9	14	18	3	17.1
Seq10049_963_bp_1_1_7	CAA45199.1	57.14	7	3	0	5	11	83	89	3.4	17.1
Seq10049_963_bp_1_1_7	ABD49687.1	57.14	7	3	0	9	15	1335	1341	3.6	19.0
Seq10049_963_bp_1_1_7	AAC78721.1	57.14	7	3	0	1	7	315	321	7.2	16.5
Seq10049_963_bp_1_1_7	BAB79260.1	66.67	6	2	0	14	19	387	392	7.4	15.9
Seq10049_963_bp_1_1_7	AII71783.1	60.00	5	2	0	15	19	269	273	7.6	15.3
Seq10049_963_bp_1_1_7	ABD33854.1	66.67	3	1	0	4	6	51	53	8.3	12.9
Seq10049_963_bp_1_1_7	AAX84812.1	26.67	15	11	0	2	16	103	117	8.6	14.7
Seq10049_963_bp_1_2_0	AII71783.1	56.25	19	7	3	3	21	260	275	0.27	21.3
Seq10049_963_bp_1_2_0	AAA72732.1	21.43	28	22	0	9	36	257	284	0.58	20.2
Seq10049_963_bp_1_2_0	BAA32991.1	50.00	8	4	0	29	36	42	49	0.84	17.5
Seq10049_963_bp_1_2_0	BAB79260.1	33.33	18	12	0	22	39	352	369	1.8	19.1
Seq10049_963_bp_1_2_0	BAA32018.1	31.58	19	13	0	17	35	589	607	2.4	19.1
Seq10049_963_bp_1_2_0	ABN10845.1	37.04	29	17	2	1	29	69	95	2.6	17.5
Seq10049_963_bp_1_2_0	AAF01122.1	35.29	17	11	0	5	21	87	103	3.1	18.0
Seq10049_963_bp_1_2_0	AAB64315.2	22.73	22	17	0	18	39	205	226	3.9	17.5
Seq10049_963_bp_1_2_0	AAH69556.1	31.82	22	15	0	9	30	184	205	5.3	16.9
Seq10049_963_bp_1_2_0	AAR37016.1	34.78	23	15	0	8	30	1131	1153	6.1	19.6
Seq10049_963_bp_1_2_0	BAA32956.1	66.67	6	2	0	31	36	10	15	7.6	15.8
Seq10049_963_bp_1_2_0	ACH70904.1	26.92	26	19	0	14	39	240	265	8.8	16.4
Seq10049_963_bp_1_2_0	ACT10338.1	36.00	28	16	3	5	32	123	147	9.4	16.4
Seq10049_963_bp_1_2_0	AAB96524.1	44.44	9	5	0	29	37	138	146	9.6	15.3
Seq10049_963_bp_1_2_0	ABS38337.1	50.00	10	5	0	25	34	913	922	9.9	18.0
Seq10049_963_bp_1_2_1	AAI27517.1	71.43	7	2	0	7	13	514	520	0.17	21.6
Seq10049_963_bp_1_2_1	AAA45888.1	50.00	10	5	0	5	14	275	284	0.29	20.2
Seq10049_963_bp_1_2_1	CAA43372.1	71.43	7	2	0	2	8	358	364	0.31	20.2
Seq10049_963_bp_1_2_1	CAD53387.1	55.56	9	4	0	5	13	462	470	0.38	20.2
Seq10049_963_bp_1_2_1	AAR31603.1	36.36	11	7	0	4	14	262	272	1	18.2
Seq10049_963_bp_1_2_1	BAA32018.1	80.00	5	1	0	7	11	304	308	1.9	18.2
Seq10049_963_bp_1_2_1	CAA04196.1	50.00	10	5	0	6	15	10	19	2.1	17.5
Seq10049_963_bp_1_2_1	AAR37016.1	80.00	5	1	0	10	14	1393	1397	2.8	19.5
Seq10049_963_bp_1_2_1	CAA74140.1	50.00	10	5	0	5	14	922	931	2.9	18.2
Seq10049_963_bp_1_2_1	ABD49687.1	50.00	10	5	0	4	13	106	115	3.3	18.8
Seq10049_963_bp_1_2_1	AII71783.1	44.44	9	5	0	8	16	258	266	3.9	16.1
Seq10049_963_bp_1_2_1	ABS38337.1	44.44	9	5	0	2	10	530	538	3.9	18.2
Seq10049_963_bp_1_2_1	BAA32956.1	46.15	13	7	0	4	16	158	170	4.2	15.4
Seq10049_963_bp_1_2_1	AAA24142.1	50.00	6	3	0	1	6	157	162	5.6	16.1
Seq10049_963_bp_1_2_1	AAC97205.1	50.00	8	4	0	6	13	721	728	5.9	17.5
Seq10049_963_bp_1_2_1	AAB03707.1	42.86	14	8	0	2	15	973	986	6.6	17.5
Seq10049_963_bp_1_2_1	AEE27845.1	37.50	16	10	0	1	16	1183	1198	6.6	17.5
Seq10049_963_bp_1_2_1	CAA26230.1	66.67	6	2	0	9	14	551	556	6.8	16.1
Seq10049_963_bp_1_2_1	ACH70904.1	54.55	12	5	1	3	14	1	11	7	15.4
Seq10049_963_bp_1_2_1	AAA25966.1	50.00	8	4	0	1	8	173	180	8.7	16.1
Seq10049_963_bp_1_2_1	BAA32991.1	100.00	3	0	0	11	13	8	10	8.8	12.7
Seq10049_963_bp_1_2_2	AAC97205.1	42.86	14	8	0	5	18	780	793	0.025	27.0
Seq10049_963_bp_1_2_2	ABD49687.1	53.85	13	6	0	30	42	91	103	0.079	25.8
Seq10049_963_bp_1_2_2	AAI27517.1	50.00	10	5	0	29	38	498	507	0.21	22.9
Seq10049_963_bp_1_2_2	ACT10338.1	35.71	14	9	0	34	47	83	96	0.7	20.5
Seq10049_963_bp_1_2_2	CAA45199.1	25.00	20	15	0	26	45	364	383	0.84	20.5
Seq10049_963_bp_1_2_2	BAA32956.1	25.00	24	18	0	5	28	14	37	0.85	19.4
Seq10049_963_bp_1_2_2	CAA04196.1	62.50	8	3	0	34	41	42	49	1.1	20.0
Seq10049_963_bp_1_2_2	AAB03707.1	38.10	22	13	1	23	44	134	154	1.6	21.1
Seq10049_963_bp_1_2_2	AEE27845.1	28.57	14	10	0	23	36	53	66	1.7	21.1
Seq10049_963_bp_1_2_2	AAR37016.1	52.63	21	9	2	4	24	2189	2207	1.8	21.7
Seq10049_963_bp_1_2_2	CAA74140.1	52.94	19	8	2	23	41	511	527	2.5	20.0
Seq10049_963_bp_1_2_2	AAA65607.1	46.67	15	8	0	15	29	35	49	3.3	18.2
Seq10049_963_bp_1_2_2	AAA72732.1	55.56	9	4	0	19	27	46	54	4.2	17.6
Seq10049_963_bp_1_2_2	AAR31603.1	35.71	14	9	0	25	38	281	294	4.4	17.6
Seq10049_963_bp_1_2_2	ABK71357.1	57.14	7	3	0	31	37	76	82	4.9	17.6
Seq10049_963_bp_1_2_2	AAA36565.1	30.00	20	14	0	12	31	80	99	5	16.4
Seq10049_963_bp_1_2_2	AAB26998.1	66.67	6	2	0	16	21	5	10	5.3	15.3
Seq10049_963_bp_1_2_2	AAH69556.1	50.00	6	3	0	11	16	251	256	6	17.0
Seq10049_963_bp_1_2_2	CAD53387.1	31.58	19	13	0	17	35	454	472	6.5	17.6
Seq10049_963_bp_1_2_2	AAA42531.1	18.42	38	31	0	4	41	350	387	7.5	17.0
Seq10049_963_bp_1_2_2	AAX12058.1	37.50	8	5	0	24	31	26	33	7.9	16.4
Seq10049_963_bp_1_2_2	BAB79260.1	71.43	7	2	0	17	23	167	173	8.7	17.0
Seq10049_963_bp_1_2_2	AAA25966.1	60.00	5	2	0	3	7	315	319	9.2	17.6
Seq10049_963_bp_1_2_2	AAB64315.2	57.14	7	3	0	11	17	16	22	9.4	16.4
Seq10049_963_bp_1_2_2	AAX84812.1	27.27	11	8	0	29	39	194	204	9.9	15.8
Seq10049_963_bp_1_2_3	CAA45199.1	54.55	11	5	0	2	12	88	98	0.1	21.7
Seq10049_963_bp_1_2_3	AAA24969.1	71.43	7	2	0	3	9	1024	1030	0.86	20.3
Seq10049_963_bp_1_2_3	AAA36565.1	55.56	9	4	0	2	10	109	117	1.8	16.1
Seq10049_963_bp_1_2_3	AAA32376.1	42.86	7	4	0	4	10	162	168	1.9	16.1
Seq10049_963_bp_1_2_3	AAI27517.1	44.44	9	5	0	1	9	513	521	2.4	17.5
Seq10049_963_bp_1_2_3	CAA04196.1	37.50	8	5	0	5	12	38	45	2.7	16.8
Seq10049_963_bp_1_2_3	AAR37016.1	83.33	6	1	0	1	6	410	415	3.5	18.9
Seq10049_963_bp_1_2_3	AAB64315.2	50.00	8	4	0	5	12	107	114	3.5	16.1
Seq10049_963_bp_1_2_3	AAR31603.1	80.00	5	1	0	6	10	196	200	3.5	16.1
Seq10049_963_bp_1_2_3	ABK71357.1	40.00	10	6	0	3	12	73	82	4	16.1
Seq10049_963_bp_1_2_3	AAF01122.1	57.14	7	3	0	4	10	341	347	4	16.1
Seq10049_963_bp_1_2_3	AAA45888.1	50.00	8	4	0	3	10	10	17	4.1	16.1
Seq10049_963_bp_1_2_3	ABS38337.1	41.67	12	7	0	2	13	216	227	5	17.5
Seq10049_963_bp_1_2_3	CAA74140.1	80.00	5	1	0	5	9	940	944	6	16.8
Seq10049_963_bp_1_2_3	ACH70904.1	44.44	9	5	0	4	12	184	192	6.1	15.3
Seq10049_963_bp_1_2_3	CAA43372.1	80.00	5	1	0	6	10	3	7	7	15.3
Seq10049_963_bp_1_2_3	AAA25966.1	44.44	9	5	0	5	13	177	185	7.4	16.1
Seq10049_963_bp_1_2_3	BAB79260.1	40.00	10	6	0	2	11	228	237	7.6	15.3
Seq10049_963_bp_1_2_3	BAB70780.1	100.00	4	0	0	6	9	369	372	8.1	15.3
Seq10049_963_bp_1_2_3	AAH69556.1	42.86	7	4	0	5	11	133	139	8.3	14.6
Seq10049_963_bp_1_2_4	CAA04196.1	25.00	24	18	0	9	32	319	342	0.48	20.6
Seq10049_963_bp_1_2_4	AII71783.1	44.44	18	10	0	14	31	17	34	2.2	17.9
Seq10049_963_bp_1_2_4	ABL74574.1	11.11	27	24	0	5	31	199	225	6.2	16.3
Seq10049_963_bp_1_2_4	AAA26915.1	54.55	11	5	0	2	12	109	119	6.8	16.9
Seq10049_963_bp_1_2_4	AAF01122.1	35.29	17	11	0	9	25	287	303	7.9	16.3
Seq10049_963_bp_1_2_4	AAC17860.1	31.58	19	13	0	11	29	257	275	8.6	16.3
Seq10049_963_bp_1_2_5	ABS38337.1	42.86	14	8	0	1	14	220	233	1.2	20.7
Seq10049_963_bp_1_2_5	CAA11507.1	33.33	21	14	0	8	28	258	278	1.3	20.7
Seq10049_963_bp_1_2_5	CAA74140.1	33.33	27	18	0	1	27	669	695	1.3	20.2
Seq10049_963_bp_1_2_5	AAB03707.1	45.45	11	6	0	7	17	359	369	2.7	19.6
Seq10049_963_bp_1_2_5	AAA45888.1	83.33	6	1	0	9	14	101	106	3.3	17.4
Seq10049_963_bp_1_2_5	BAA32956.1	50.00	10	5	0	16	25	106	115	3.9	16.4
Seq10049_963_bp_1_2_5	AAC08817.1	50.00	10	5	0	13	22	144	153	6.3	15.3
Seq10049_963_bp_1_2_5	ABD49687.1	70.00	10	3	0	15	24	1606	1615	6.8	18.5
Seq10049_963_bp_1_2_5	AAC78721.1	47.06	18	9	1	11	27	258	275	8.2	16.9
Seq10049_963_bp_1_2_6	CAA26230.1	50.00	10	5	0	2	11	210	219	0.92	18.5
Seq10049_963_bp_1_2_6	BAB79260.1	83.33	6	1	0	5	10	389	394	1.2	17.9
Seq10049_963_bp_1_2_6	AII71783.1	42.86	7	4	0	2	8	105	111	1.9	16.6
Seq10049_963_bp_1_2_6	BAB70780.1	33.33	9	6	0	2	10	426	434	3	16.6
Seq10049_963_bp_1_2_6	AAA25966.1	30.00	10	7	0	1	10	449	458	4.5	16.6
Seq10049_963_bp_1_2_6	BAA32018.1	42.86	7	4	0	3	9	585	591	6	15.9
Seq10049_963_bp_1_2_6	CAA43372.1	44.44	9	5	0	1	9	281	289	9.4	14.6
Seq10049_963_bp_1_2_6	AAA32376.1	50.00	8	4	0	4	11	120	127	9.7	13.3
Seq10049_963_bp_-1_0_0	ABG75784.1	40.00	15	9	0	4	18	123	137	0.0051	26.0
Seq10049_963_bp_-1_0_0	AAA24142.1	30.77	13	9	0	1	13	256	268	0.27	20.8
Seq10049_963_bp_-1_0_0	AAF01122.1	71.43	7	2	0	8	14	368	374	2.1	17.5
Seq10049_963_bp_-1_0_0	AAX12058.1	54.55	11	5	0	6	16	148	158	2.4	16.9
Seq10049_963_bp_-1_0_0	ABL74574.1	50.00	8	4	0	4	11	116	123	2.6	16.9
Seq10049_963_bp_-1_0_0	AAR31603.1	62.50	8	3	0	12	19	6	13	2.9	16.9
Seq10049_963_bp_-1_0_0	AAA42531.1	71.43	7	2	0	12	18	357	363	3.4	16.9
Seq10049_963_bp_-1_0_0	CAA43372.1	44.44	9	5	0	4	12	397	405	3.6	16.9
Seq10049_963_bp_-1_0_0	AAH69556.1	50.00	8	4	0	10	17	32	39	4.2	16.2
Seq10049_963_bp_-1_0_0	BAA32956.1	80.00	5	1	0	11	15	79	83	4.5	15.6
Seq10049_963_bp_-1_0_0	ABS38337.1	30.77	13	9	0	5	17	554	566	4.6	18.2
Seq10049_963_bp_-1_0_0	CAA04196.1	28.57	14	10	0	3	16	183	196	5.7	16.2
Seq10049_963_bp_-1_0_0	ABD49687.1	61.54	15	5	2	7	19	1478	1492	6	18.2
Seq10049_963_bp_-1_0_0	EDO47375.1	50.00	6	3	0	4	9	176	181	6.3	14.9
Seq10049_963_bp_-1_0_0	ACH70904.1	33.33	9	6	0	1	9	132	140	7.5	15.6
Seq10049_963_bp_-1_0_0	BAA32991.1	75.00	4	1	0	11	14	10	13	8.6	13.0
Seq10049_963_bp_-1_0_0	AAC78721.1	57.14	7	3	0	2	8	81	87	8.9	16.2
Seq10049_963_bp_-1_0_0	BAB17681.1	100.00	3	0	0	2	4	175	177	8.9	14.9
Seq10049_963_bp_-1_0_0	AAA26915.1	44.44	9	5	0	11	19	296	304	9.6	15.6
Seq10049_963_bp_-1_0_0	CAA45199.1	33.33	15	10	0	2	16	425	439	9.6	15.6
Seq10049_963_bp_-1_0_1	ABD49687.1	100.00	5	0	0	7	11	31	35	0.98	20.2
Seq10049_963_bp_-1_0_1	BAA32956.1	44.44	9	5	0	4	12	182	190	2.2	16.0
Seq10049_963_bp_-1_0_1	ABK71357.1	44.44	9	5	0	3	11	133	141	2.4	16.7
Seq10049_963_bp_-1_0_1	ACH70904.1	55.56	9	4	0	1	9	35	43	3.7	16.0
Seq10049_963_bp_-1_0_1	AAA42531.1	50.00	10	5	0	1	10	10	19	6.3	15.3
Seq10049_963_bp_-1_0_1	ABG75784.1	50.00	11	5	1	2	11	77	87	8.1	14.6
Seq10049_963_bp_-1_0_1	AAB26998.1	44.44	9	5	0	4	12	22	30	8.7	12.5
Seq10049_963_bp_-1_0_2	ABL74574.1	50.00	12	6	0	2	13	277	288	1.1	17.7
Seq10049_963_bp_-1_0_2	AAB03707.1	40.00	10	6	0	1	10	182	191	1.4	19.6
Seq10049_963_bp_-1_0_2	AAQ92751.2	42.86	7	4	0	5	11	1295	1301	3.3	18.3
Seq10049_963_bp_-1_0_2	AII71783.1	36.36	11	7	0	4	14	243	253	4	15.9
Seq10049_963_bp_-1_0_2	AAA45888.1	50.00	10	5	0	2	11	128	137	4.9	15.9
Seq10049_963_bp_-1_0_2	BAA32018.1	57.14	7	3	0	1	7	149	155	5.2	16.5
Seq10049_963_bp_-1_0_2	EDO47375.1	44.44	9	5	0	6	14	48	56	5.6	14.7
Seq10049_963_bp_-1_0_2	BAA32991.1	100.00	4	0	0	1	4	37	40	7.1	12.8
Seq10049_963_bp_-1_0_2	CAA11507.1	50.00	10	5	0	1	10	446	455	7.3	17.1
Seq10049_963_bp_-1_0_2	CAA04196.1	66.67	6	2	0	7	12	343	348	7.9	15.3
Seq10049_963_bp_-1_0_2	AAR37016.1	50.00	10	5	0	5	14	1749	1758	8.1	17.7
Seq10049_963_bp_-1_0_2	AAC78721.1	40.00	10	6	0	2	11	614	623	8.3	15.9
Seq10049_963_bp_-1_0_2	AAA72732.1	75.00	4	1	0	2	5	296	299	8.9	14.7
Seq10049_963_bp_-1_0_3	BAA32991.1	41.67	12	7	0	1	12	44	55	1.3	15.2
Seq10049_963_bp_-1_0_3	BAB70780.1	55.56	9	4	0	2	10	219	227	1.7	17.7
Seq10049_963_bp_-1_0_3	AIR13712.1	50.00	12	6	0	2	13	162	173	1.8	17.1
Seq10049_963_bp_-1_0_3	AAA65607.1	55.56	9	4	0	2	10	247	255	2	17.1
Seq10049_963_bp_-1_0_3	AAC17860.1	50.00	10	5	0	3	12	131	140	2.2	17.1
Seq10049_963_bp_-1_0_3	AAB03707.1	71.43	7	2	0	5	11	1226	1232	3.1	18.3
Seq10049_963_bp_-1_0_3	BAE97662.1	60.00	10	4	0	3	12	25	34	5.9	17.1
Seq10049_963_bp_-1_0_3	AAC97205.1	41.67	12	7	0	2	13	227	238	6.3	17.1
Seq10049_963_bp_-1_0_3	AAA18786.1	50.00	10	5	0	3	12	30	39	7.4	14.6
Seq10049_963_bp_-1_0_3	AAR37016.1	44.44	9	5	0	3	11	1691	1699	7.8	17.7
Seq10049_963_bp_-1_0_3	ABN10845.1	36.36	11	7	0	2	12	180	190	9	14.0
Seq10049_963_bp_-1_0_4	AAA36565.1	71.43	7	2	0	9	15	155	161	1.4	17.6
Seq10049_963_bp_-1_0_4	AAA25966.1	42.11	21	11	2	9	27	68	88	2	19.1
Seq10049_963_bp_-1_0_4	ABK71357.1	50.00	14	7	0	16	29	44	57	3.1	17.6
Seq10049_963_bp_-1_0_4	CAA11507.1	46.15	13	7	0	2	14	207	219	5.4	18.6
Seq10049_963_bp_-1_0_4	AAB26998.1	36.36	11	7	0	13	23	58	68	5.8	14.4
Seq10049_963_bp_-1_0_4	CAD53387.1	62.50	8	3	0	19	26	43	50	5.9	17.0
Seq10049_963_bp_-1_0_4	AAA45888.1	37.50	16	10	0	2	17	339	354	6.5	16.5
Seq10049_963_bp_-1_0_4	AAA72732.1	37.50	16	10	0	5	20	132	147	7.6	16.0
Seq10049_963_bp_-1_0_4	AAQ92751.2	25.93	27	20	0	1	27	392	418	7.7	18.1
Seq10049_963_bp_-1_0_5	AAX12058.1	32.00	25	17	0	4	28	193	217	0.89	19.3
Seq10049_963_bp_-1_0_5	ABD33854.1	55.56	9	4	0	15	23	23	31	2.2	15.9
Seq10049_963_bp_-1_0_5	ACH70904.1	54.55	11	5	0	10	20	271	281	3.2	17.9
Seq10049_963_bp_-1_0_5	ABK71357.1	31.58	19	13	0	18	36	29	47	4.6	17.4
Seq10049_963_bp_-1_0_5	AIR13712.1	45.45	11	6	0	3	13	122	132	5.6	16.9
Seq10049_963_bp_-1_0_5	AAB64315.2	50.00	10	5	0	20	29	177	186	5.6	16.9
Seq10049_963_bp_-1_0_5	BAB17681.1	42.86	7	4	0	32	38	153	159	6.6	16.4
Seq10049_963_bp_-1_0_5	AAA45888.1	45.45	11	6	0	12	22	342	352	9	16.4
Seq10049_963_bp_-1_0_6	AAA24969.1	31.58	19	13	0	3	21	99	117	0.88	21.0
Seq10049_963_bp_-1_0_6	AAR31603.1	35.29	17	11	0	1	17	209	225	0.93	18.7
Seq10049_963_bp_-1_0_6	AAA65607.1	45.45	11	6	0	6	16	313	323	1	18.7
Seq10049_963_bp_-1_0_6	ACT10338.1	42.86	14	8	0	5	18	188	201	3.6	17.0
Seq10049_963_bp_-1_0_6	AAA25966.1	30.77	13	9	0	6	18	37	49	4.4	17.5
Seq10049_963_bp_-1_0_6	AAC08817.1	28.57	14	10	0	8	21	38	51	4.9	15.2
Seq10049_963_bp_-1_0_6	AAC78721.1	38.46	13	8	0	4	16	22	34	6.1	17.0
Seq10049_963_bp_-1_0_6	AAA32624.1	33.33	18	12	0	1	18	17	34	7	16.4
Seq10049_963_bp_-1_0_6	ABD33854.1	33.33	9	6	0	7	15	34	42	9.1	12.9
Seq10049_963_bp_-1_0_6	CAD53387.1	35.29	17	11	0	5	21	447	463	9.7	15.8
Seq10049_963_bp_-1_1_0	AEE27845.1	40.00	10	6	0	1	10	2	11	0.18	22.2
Seq10049_963_bp_-1_1_0	ACH70904.1	66.67	6	2	0	6	11	97	102	0.76	18.2
Seq10049_963_bp_-1_1_0	AAR31603.1	57.14	7	3	0	3	9	160	166	1.7	16.8
Seq10049_963_bp_-1_1_0	AAA23282.1	45.45	11	6	0	1	11	218	228	1.9	17.5
Seq10049_963_bp_-1_1_0	AAB26998.1	100.00	3	0	0	2	4	77	79	2.7	14.1
Seq10049_963_bp_-1_1_0	AAA26915.1	80.00	5	1	0	7	11	223	227	3.9	16.2
Seq10049_963_bp_-1_1_0	AAA24969.1	55.56	9	4	0	1	9	1277	1285	4.9	17.5
Seq10049_963_bp_-1_1_0	ABD33854.1	22.22	9	7	0	1	9	52	60	5.4	12.8
Seq10049_963_bp_-1_1_0	AAC08817.1	50.00	10	5	0	1	10	52	61	5.5	14.1
Seq10049_963_bp_-1_1_0	CAA04196.1	37.50	8	5	0	2	9	308	315	8.5	14.8
Seq10049_963_bp_-1_1_0	ABG75784.1	57.14	7	3	0	4	10	79	85	10	14.1
Seq10049_963_bp_-1_1_1	AAR37016.1	44.44	18	10	0	12	29	2014	2031	3.3	20.3
Seq10049_963_bp_-1_1_1	BAA32956.1	50.00	8	4	0	18	25	129	136	4.1	16.5
Seq10049_963_bp_-1_1_1	AAA32624.1	31.58	19	13	0	1	19	480	498	4.8	17.6
Seq10049_963_bp_-1_1_1	AAA26915.1	57.14	7	3	0	4	10	222	228	6.1	17.1
Seq10049_963_bp_-1_1_1	CAA45199.1	80.00	5	1	0	21	25	80	84	6.1	17.1
Seq10049_963_bp_-1_1_1	ABL74574.1	57.14	7	3	0	26	32	45	51	7.8	16.0
Seq10049_963_bp_-1_1_1	BAB79260.1	83.33	6	1	0	10	15	298	303	8.4	16.5
Seq10049_963_bp_-1_1_1	ABG75784.1	31.25	16	11	0	3	18	247	262	8.4	16.0
Seq10049_963_bp_-1_1_1	AAA72732.1	50.00	10	5	0	4	13	286	295	8.4	16.0
Seq10049_963_bp_-1_1_1	AAA24969.1	54.55	11	5	0	13	23	399	409	9.1	18.2
Seq10049_963_bp_-1_1_1	AAB26998.1	100.00	3	0	0	26	28	60	62	9.4	13.8
Seq10049_963_bp_-1_1_1	ACH70904.1	57.14	7	3	0	23	29	71	77	9.6	16.0
Seq10049_963_bp_-1_1_1	AAA65607.1	40.00	10	6	0	10	19	151	160	9.8	16.0
Seq10049_963_bp_-1_1_2	ABD49687.1	60.00	10	4	0	3	12	788	797	0.63	20.9
Seq10049_963_bp_-1_1_2	AAA42531.1	57.14	7	3	0	4	10	237	243	3.2	16.4
Seq10049_963_bp_-1_1_2	AAX84812.1	66.67	6	2	0	1	6	55	60	4.5	15.2
Seq10049_963_bp_-1_1_2	AAA36565.1	40.00	10	6	0	3	12	59	68	5.1	14.5
Seq10049_963_bp_-1_1_2	ABN10845.1	57.14	7	3	0	6	12	116	122	6.5	14.5
Seq10049_963_bp_-1_1_2	AAB64315.2	25.00	12	9	0	1	12	64	75	9.6	14.5
Seq10049_963_bp_-1_1_2	AAA32624.1	45.45	11	6	0	3	13	452	462	9.7	15.2
Seq10049_963_bp_-1_1_3	CAA45199.1	80.00	5	1	0	5	9	410	414	0.67	19.0
Seq10049_963_bp_-1_1_3	AAF01122.1	60.00	5	2	0	4	8	375	379	1.3	17.7
Seq10049_963_bp_-1_1_3	ACT10338.1	37.50	8	5	0	6	13	119	126	1.3	17.7
Seq10049_963_bp_-1_1_3	AAA25966.1	66.67	6	2	0	1	6	318	323	1.6	18.4
Seq10049_963_bp_-1_1_3	ABD49687.1	66.67	6	2	0	1	6	91	96	2.4	19.0
Seq10049_963_bp_-1_1_3	AAQ92751.2	57.14	7	3	0	6	12	1246	1252	3	18.4
Seq10049_963_bp_-1_1_3	AAI27517.1	75.00	4	1	0	5	8	539	542	3.1	17.1
Seq10049_963_bp_-1_1_3	AAR31603.1	36.36	11	7	0	3	13	17	27	4.1	15.8
Seq10049_963_bp_-1_1_3	AAC97205.1	57.14	7	3	0	4	10	998	1004	4.1	17.7
Seq10049_963_bp_-1_1_3	BAA32991.1	50.00	8	4	0	6	13	32	39	4.9	13.3
Seq10049_963_bp_-1_1_3	AAB03707.1	30.77	13	9	0	1	13	1215	1227	6.9	17.1
Seq10049_963_bp_-1_1_3	AAA24969.1	83.33	6	1	0	8	13	1438	1443	7.6	17.1
Seq10049_963_bp_-1_1_3	BAB17681.1	57.14	7	3	0	5	11	189	195	7.9	14.6
Seq10049_963_bp_-1_1_3	AII71783.1	60.00	5	2	0	3	7	283	287	8.8	14.6
Seq10049_963_bp_-1_1_4	EDO47375.1	54.55	11	5	0	4	14	39	49	0.5	18.2
Seq10049_963_bp_-1_1_4	AAA23282.1	40.00	10	6	0	5	14	388	397	0.95	18.9
Seq10049_963_bp_-1_1_4	AAQ92751.2	36.36	11	7	0	1	11	1230	1240	1.5	19.5
Seq10049_963_bp_-1_1_4	AAA24142.1	66.67	9	3	0	6	14	304	312	2.9	16.9
Seq10049_963_bp_-1_1_4	CAA45199.1	55.56	9	4	0	6	14	428	436	4.6	16.3
Seq10049_963_bp_-1_1_4	BAA32991.1	37.50	8	5	0	7	14	49	56	6.3	13.0
Seq10049_963_bp_-1_1_4	AAA25966.1	50.00	13	6	1	2	14	187	198	6.9	16.3
Seq10049_963_bp_-1_1_4	BAB70780.1	42.86	7	4	0	6	12	117	123	7.2	15.6
Seq10049_963_bp_-1_1_4	ABK71357.1	80.00	5	1	0	3	7	210	214	8.6	15.0
Seq10049_963_bp_-1_1_4	AAA36565.1	45.45	11	6	0	4	14	40	50	9.4	13.7
Seq10049_963_bp_-1_1_4	CAA73529.1	66.67	6	2	0	9	14	50	55	9.8	14.3
Seq10049_963_bp_-1_1_5	ABD33854.1	62.50	8	3	0	4	11	31	38	0.26	17.3
Seq10049_963_bp_-1_1_5	CAA43372.1	50.00	8	4	0	5	12	390	397	1.7	17.3
Seq10049_963_bp_-1_1_5	BAE97662.1	36.36	11	7	0	1	11	74	84	4.5	17.3
Seq10049_963_bp_-1_1_5	AAA32376.1	66.67	6	2	0	4	9	68	73	4.8	14.5
Seq10049_963_bp_-1_1_5	AEE27845.1	40.00	10	6	0	2	11	244	253	5.5	17.3
Seq10049_963_bp_-1_1_5	BAA32956.1	30.00	10	7	0	3	12	203	212	5.8	14.5
Seq10049_963_bp_-1_1_5	EDO47375.1	60.00	5	2	0	8	12	150	154	8.3	13.8
Seq10049_963_bp_-1_1_6	EDO47375.1	44.44	9	5	0	3	11	170	178	0.58	17.9
Seq10049_963_bp_-1_1_6	AAR31603.1	30.77	13	9	0	1	13	54	66	0.63	18.6
Seq10049_963_bp_-1_1_6	CAA43372.1	80.00	5	1	0	4	8	233	237	0.79	18.6
Seq10049_963_bp_-1_1_6	CAA26230.1	50.00	6	3	0	8	13	462	467	1.1	18.6
Seq10049_963_bp_-1_1_6	CAA04196.1	57.14	7	3	0	1	7	378	384	1.3	17.9
Seq10049_963_bp_-1_1_6	AAA32624.1	50.00	6	3	0	8	13	425	430	2.6	17.2
Seq10049_963_bp_-1_1_6	ABD49687.1	44.44	9	5	0	5	13	507	515	3.2	18.6
Seq10049_963_bp_-1_1_6	ABD33854.1	42.86	7	4	0	7	13	42	48	3.3	13.8
Seq10049_963_bp_-1_1_6	AEE27845.1	80.00	5	1	0	4	8	1283	1287	4.2	17.9
Seq10049_963_bp_-1_1_6	AAC78721.1	100.00	4	0	0	9	12	308	311	5.2	16.5
Seq10049_963_bp_-1_1_6	BAB17681.1	60.00	5	2	0	8	12	271	275	5.4	15.1
Seq10049_963_bp_-1_1_6	AAB26998.1	50.00	4	2	0	10	13	70	73	6.4	13.1
Seq10049_963_bp_-1_1_6	AAR37016.1	40.00	10	6	0	4	13	516	525	6.9	17.9
Seq10049_963_bp_-1_1_6	ACH70904.1	75.00	4	1	0	10	13	165	168	7	15.1
Seq10049_963_bp_-1_1_6	ABK71357.1	25.00	8	6	0	4	11	310	317	7.2	15.1
Seq10049_963_bp_-1_1_6	AAA42531.1	30.77	13	9	0	1	13	17	29	7.5	15.1
Seq10049_963_bp_-1_1_6	AAA36565.1	50.00	6	3	0	2	7	111	116	8.3	13.8
Seq10049_963_bp_-1_1_6	AAX12058.1	57.14	7	3	0	2	8	191	197	8.4	14.5
Seq10049_963_bp_-1_1_6	BAE97662.1	50.00	8	4	0	5	12	927	934	8.5	16.5
Seq10049_963_bp_-1_1_6	AAA72732.1	80.00	5	1	0	5	9	82	86	9.5	14.5
Seq10049_963_bp_-1_2_0	CAA04196.1	50.00	12	6	0	2	13	208	219	0.095	21.9
Seq10049_963_bp_-1_2_0	AAA45888.1	42.86	14	8	0	2	15	73	86	0.14	21.2
Seq10049_963_bp_-1_2_0	ABN10845.1	42.86	14	8	0	2	15	204	217	0.2	19.8
Seq10049_963_bp_-1_2_0	AAA32624.1	80.00	5	1	0	3	7	282	286	0.49	19.8
Seq10049_963_bp_-1_2_0	AAA32376.1	35.71	14	9	0	1	14	149	162	1.1	17.1
Seq10049_963_bp_-1_2_0	AAB64315.2	50.00	12	6	0	4	15	313	324	2	17.1
Seq10049_963_bp_-1_2_0	ACT10338.1	57.14	7	3	0	6	12	61	67	2.4	17.1
Seq10049_963_bp_-1_2_0	AAA25966.1	71.43	7	2	0	2	8	654	660	2.7	17.8
Seq10049_963_bp_-1_2_0	CAA26230.1	60.00	5	2	0	3	7	319	323	3.4	17.1
Seq10049_963_bp_-1_2_0	AAA65607.1	50.00	8	4	0	4	11	297	304	3.5	16.4
Seq10049_963_bp_-1_2_0	CAA45199.1	50.00	10	5	0	1	10	348	357	4.5	16.4
Seq10049_963_bp_-1_2_0	AAB26998.1	37.50	8	5	0	3	10	32	39	4.9	13.7
Seq10049_963_bp_-1_2_0	BAA32956.1	28.57	14	10	0	1	14	84	97	5.1	15.0
Seq10049_963_bp_-1_2_0	AAR37016.1	50.00	12	6	0	4	15	426	437	5.4	18.5
Seq10049_963_bp_-1_2_0	BAA32018.1	57.14	7	3	0	8	14	413	419	5.9	16.4
Seq10049_963_bp_-1_2_0	BAB17681.1	37.50	8	5	0	1	8	168	175	6.6	15.0
Seq10049_963_bp_-1_2_0	AAA26915.1	33.33	15	10	0	1	15	223	237	7	15.7
Seq10049_963_bp_-1_2_0	AAB96524.1	36.36	11	7	0	4	14	151	161	7.1	14.4
Seq10049_963_bp_-1_2_0	AEE27845.1	33.33	12	8	0	1	12	328	339	8	17.1
Seq10049_963_bp_-1_2_0	ACH70904.1	50.00	8	4	0	4	11	129	136	8.5	15.0
Seq10049_963_bp_-1_2_0	ABK71357.1	36.36	11	7	0	2	12	337	347	8.8	15.0
Seq10049_963_bp_-1_2_0	AAF01122.1	80.00	5	1	0	1	5	7	11	8.8	15.0
Seq10049_963_bp_-1_2_1	BAB17681.1	100.00	4	0	0	1	4	176	179	0.43	18.5
Seq10049_963_bp_-1_2_1	AAB26998.1	50.00	8	4	0	1	8	26	33	0.55	16.3
Seq10049_963_bp_-1_2_1	AAA42531.1	50.00	6	3	0	5	10	265	270	1.6	17.0
Seq10049_963_bp_-1_2_1	CAA73529.1	40.00	5	3	0	2	6	131	135	3	15.6
Seq10049_963_bp_-1_2_1	CAA45199.1	30.00	10	7	0	1	10	283	292	5.1	15.6
Seq10049_963_bp_-1_2_1	ABL74574.1	25.00	8	6	0	3	10	23	30	5.1	14.9
Seq10049_963_bp_-1_2_1	ABS38337.1	66.67	6	2	0	2	7	165	170	5.2	17.0
Seq10049_963_bp_-1_2_1	BAB70780.1	37.50	8	5	0	2	9	190	197	5.3	15.6
Seq10049_963_bp_-1_2_1	BAA32991.1	50.00	4	2	0	1	4	32	35	5.4	12.8
Seq10049_963_bp_-1_2_1	AAB96524.1	100.00	3	0	0	2	4	178	180	5.4	14.2
Seq10049_963_bp_-1_2_1	AAA23282.1	40.00	5	3	0	1	5	350	354	6.1	15.6
Seq10049_963_bp_-1_2_1	AAA65607.1	33.33	9	6	0	2	10	215	223	6.5	14.9
Seq10049_963_bp_-1_2_1	ACT10338.1	42.86	7	4	0	4	10	300	306	6.8	14.9
Seq10049_963_bp_-1_2_1	AAC78721.1	80.00	5	1	0	3	7	393	397	7.2	15.6
Seq10049_963_bp_-1_2_1	AAX12058.1	37.50	8	5	0	3	10	56	63	7.8	14.2
Seq10049_963_bp_-1_2_1	CAA74140.1	60.00	5	2	0	6	10	36	40	9.8	15.6
Seq10049_963_bp_-1_2_2	AAA25966.1	45.45	11	6	0	1	11	182	192	1	19.9
Seq10049_963_bp_-1_2_2	AAA18786.1	43.75	16	9	0	10	25	131	146	1.2	18.3
Seq10049_963_bp_-1_2_2	AAC78721.1	38.46	13	8	0	1	13	259	271	2.9	18.3
Seq10049_963_bp_-1_2_2	AAA26915.1	38.89	18	11	0	3	20	320	337	2.9	17.8
Seq10049_963_bp_-1_2_2	AAA36565.1	45.45	11	6	0	12	22	86	96	4.5	15.6
Seq10049_963_bp_-1_2_2	AAA32376.1	44.44	9	5	0	11	19	112	120	4.7	15.6
Seq10049_963_bp_-1_2_2	AAF01122.1	60.00	10	4	0	13	22	1	10	4.8	16.7
Seq10049_963_bp_-1_2_2	AAA23282.1	62.50	8	3	0	9	16	377	384	5	17.2
Seq10049_963_bp_-1_2_2	AAB64315.2	36.36	11	7	0	1	11	272	282	6	16.2
Seq10049_963_bp_-1_2_2	AAR37016.1	38.89	18	11	0	6	23	2169	2186	9.5	18.3
Seq10049_963_bp_-1_2_3	AAA23282.1	83.33	6	1	0	4	9	539	544	0.59	19.3
Seq10049_963_bp_-1_2_3	ABK71357.1	55.56	9	4	0	3	11	344	352	0.64	18.6
Seq10049_963_bp_-1_2_3	ACT10338.1	50.00	8	4	0	3	10	96	103	0.66	18.6
Seq10049_963_bp_-1_2_3	BAA32956.1	100.00	4	0	0	1	4	185	188	1.6	16.5
Seq10049_963_bp_-1_2_3	ABL74574.1	80.00	5	1	0	2	6	52	56	2.1	16.5
Seq10049_963_bp_-1_2_3	CAD53387.1	41.67	12	7	0	1	12	467	478	3.7	16.5
Seq10049_963_bp_-1_2_3	AAA45888.1	80.00	5	1	0	3	7	73	77	4.5	15.8
Seq10049_963_bp_-1_2_3	ABD49687.1	55.56	9	4	0	2	10	1256	1264	4.6	17.9
Seq10049_963_bp_-1_2_3	AAX12058.1	37.50	8	5	0	3	10	4	11	5.3	15.1
Seq10049_963_bp_-1_2_3	AAA26915.1	60.00	5	2	0	7	11	130	134	5.5	15.8
Seq10049_963_bp_-1_2_3	AAB03707.1	66.67	6	2	0	1	6	857	862	6	17.2
Seq10049_963_bp_-1_2_3	AEE27845.1	80.00	5	1	0	1	5	352	356	6.1	17.2
Seq10049_963_bp_-1_2_3	CAA74140.1	36.36	11	7	0	1	11	746	756	6.6	16.5
Seq10049_963_bp_-1_2_3	CAA43372.1	25.00	8	6	0	3	10	119	126	7.8	15.1
Seq10049_963_bp_-1_2_3	AAA18786.1	42.86	7	4	0	5	11	22	28	8.1	14.4
Seq10049_963_bp_-1_2_3	AAA32376.1	33.33	6	4	0	2	7	144	149	8.6	13.6
Seq10049_963_bp_-1_2_3	EDO47375.1	75.00	4	1	0	9	12	127	130	9.3	13.6
Seq10049_963_bp_-1_2_3	AAR31603.1	100.00	3	0	0	9	11	18	20	9.9	14.4
Seq10049_963_bp_-1_2_3	AAR37016.1	27.27	11	8	0	1	11	234	244	9.9	17.2
Seq10049_963_bp_-1_2_4	AAX84812.1	55.56	9	4	0	12	20	7	15	0.44	19.4
Seq10049_963_bp_-1_2_4	ABN10845.1	50.00	11	5	1	11	20	9	19	1.9	17.1
Seq10049_963_bp_-1_2_4	BAE97662.1	38.46	13	8	0	2	14	208	220	4.5	18.2
Seq10049_963_bp_-1_2_4	AAA23282.1	50.00	12	6	0	6	17	25	36	4.8	17.1
Seq10049_963_bp_-1_2_4	ABL74574.1	35.29	17	11	0	3	19	18	34	5.2	16.0
Seq10049_963_bp_-1_2_4	BAA32956.1	36.36	11	7	0	10	20	90	100	5.6	15.5
Seq10049_963_bp_-1_2_4	AAA18786.1	25.00	12	9	0	11	22	178	189	7	15.5
Seq10049_963_bp_-1_2_4	CAA45199.1	27.78	18	13	0	3	20	49	66	8.3	16.0
Seq10049_963_bp_-1_2_4	AIR13712.1	50.00	8	4	0	9	16	41	48	8.5	15.5
Seq10049_963_bp_-1_2_4	AAB26998.1	42.86	7	4	0	8	14	34	40	9.3	13.2
Seq10049_963_bp_-1_2_4	AAA65607.1	50.00	10	5	0	3	12	13	22	9.4	15.5
Seq10049_963_bp_-1_2_5	BAB70780.1	44.44	9	5	0	1	9	238	246	3.1	17.1
Seq10049_963_bp_-1_2_5	AAB26998.1	33.33	12	8	0	1	12	5	16	4.2	14.0
Seq10049_963_bp_-1_2_5	ABS38337.1	37.50	8	5	0	2	9	1198	1205	8	17.1
Seq10049_963_bp_-1_2_5	AAB03707.1	36.36	11	7	0	5	15	1273	1283	8.5	17.1
Seq10049_963_bp_-1_2_5	CAA43372.1	62.50	8	3	0	7	14	179	186	9	15.2
Seq10049_963_bp_-1_2_5	EDO47375.1	42.86	7	4	0	3	9	50	56	9.6	14.0
Seq10049_963_bp_-1_2_6	AAR37016.1	47.06	17	9	0	8	24	31	47	1.7	21.1
Seq10049_963_bp_-1_2_6	AAC78721.1	33.33	18	12	0	5	22	438	455	3.2	18.4
Seq10049_963_bp_-1_2_6	AAA26915.1	27.27	22	16	0	8	29	107	128	4.6	17.3
Seq10049_963_bp_-1_2_6	AAA23282.1	40.00	15	9	0	8	22	544	558	5.5	17.3
Seq10049_963_bp_-1_2_6	AAA42531.1	50.00	12	6	0	5	16	17	28	7.8	16.2
Seq10049_963_bp_-1_2_7	AAA24969.1	50.00	10	5	0	1	10	344	353	0.068	23.6
Seq10049_963_bp_-1_2_7	AAX12058.1	71.43	7	2	0	1	7	198	204	0.87	17.5
Seq10049_963_bp_-1_2_7	AAB26998.1	75.00	4	1	0	6	9	45	48	1.7	14.7
Seq10049_963_bp_-1_2_7	AAB96524.1	50.00	6	3	0	2	7	17	22	6.1	14.0
