Seq5487_145_bp_1_0_0	BAA32956.1	50.00	8	4	0	4	11	20	27	1.8	17.9
Seq5487_145_bp_1_0_0	AAB96524.1	26.32	19	14	0	20	38	41	59	2.3	17.4
Seq5487_145_bp_1_0_0	ABN10845.1	35.71	14	9	0	15	28	163	176	3.7	16.9
Seq5487_145_bp_1_0_0	AAA26915.1	34.62	27	17	1	11	37	408	433	5.5	17.4
Seq5487_145_bp_1_0_0	AAA25966.1	66.67	6	2	0	2	7	444	449	5.9	17.9
Seq5487_145_bp_1_0_0	ABS38337.1	58.33	12	5	0	24	35	1042	1053	7.3	18.5
Seq5487_145_bp_1_0_0	AAR31603.1	31.82	25	15	3	2	26	143	164	7.7	16.4
Seq5487_145_bp_1_0_0	AAA32624.1	33.33	15	10	0	23	37	153	167	8.6	16.9
Seq5487_145_bp_1_0_0	EDO47375.1	50.00	16	7	2	6	19	124	139	9	15.4
Seq5487_145_bp_1_0_0	CAA73529.1	28.57	14	10	0	18	31	132	145	9.1	15.9
Seq5487_145_bp_1_1_0	AAB64315.2	100.00	23	0	0	1	23	18	40	2.5e-19	80.5
Seq5487_145_bp_1_1_0	CAA11507.1	45.45	11	6	0	10	20	26	36	0.39	22.1
Seq5487_145_bp_1_1_0	AAB26998.1	44.44	9	5	0	7	15	9	17	1.3	16.2
Seq5487_145_bp_1_1_0	AAA32624.1	75.00	10	2	2	4	11	278	287	3.8	17.4
Seq5487_145_bp_1_1_0	BAB17681.1	100.00	3	0	0	12	14	111	113	4.5	16.2
Seq5487_145_bp_1_1_0	CAA74140.1	83.33	6	1	0	13	18	807	812	4.5	18.0
Seq5487_145_bp_1_1_0	BAA32956.1	75.00	4	1	0	17	20	5	8	5.2	15.6
Seq5487_145_bp_1_1_0	AAA36565.1	28.57	7	5	0	13	19	73	79	6.1	15.1
Seq5487_145_bp_1_1_0	AEE27845.1	50.00	6	3	0	10	15	1022	1027	6.6	18.0
Seq5487_145_bp_1_1_0	AAR37016.1	31.25	16	11	0	5	20	1228	1243	7.4	18.6
Seq5487_145_bp_1_1_0	ABN10845.1	55.56	9	4	0	5	13	123	131	7.8	15.1
Seq5487_145_bp_1_1_0	BAA32991.1	36.36	11	7	0	13	23	17	27	8.4	13.3
Seq5487_145_bp_1_1_0	CAA26230.1	62.50	8	3	0	14	21	449	456	8.9	16.2
Seq5487_145_bp_1_1_0	AAB96524.1	42.86	7	4	0	9	15	109	115	9.9	14.5
Seq5487_145_bp_1_1_1	AAB64315.2	100.00	16	0	0	1	16	50	65	1.4e-10	50.9
Seq5487_145_bp_1_1_1	AAA32376.1	71.43	7	2	0	10	16	95	101	0.86	17.5
Seq5487_145_bp_1_1_1	CAA74140.1	50.00	10	5	0	3	12	21	30	3	18.1
Seq5487_145_bp_1_1_1	AAA65607.1	66.67	6	2	0	7	12	248	253	4.2	16.2
Seq5487_145_bp_1_1_1	AAF01122.1	40.00	10	6	0	5	14	262	271	6.4	15.6
Seq5487_145_bp_1_1_1	AAC17860.1	83.33	6	1	0	4	9	181	186	7	15.6
Seq5487_145_bp_1_1_1	AAA72732.1	71.43	7	2	0	8	14	198	204	8.1	15.0
Seq5487_145_bp_1_1_1	ABS38337.1	46.67	15	8	0	2	16	1134	1148	9.1	16.9
Seq5487_145_bp_1_2_0	BAB79260.1	38.46	13	8	0	1	13	395	407	0.54	19.4
Seq5487_145_bp_1_2_0	ABS38337.1	100.00	6	0	0	4	9	255	260	0.64	20.6
Seq5487_145_bp_1_2_0	AIR13712.1	63.64	11	4	0	4	14	264	274	0.93	18.1
Seq5487_145_bp_1_2_0	BAA32991.1	42.86	7	4	0	4	10	19	25	2.6	14.3
Seq5487_145_bp_1_2_0	AAC17860.1	63.64	11	4	0	2	12	6	16	2.8	16.8
Seq5487_145_bp_1_2_0	AAA24142.1	80.00	5	1	0	9	13	406	410	3	16.8
Seq5487_145_bp_1_2_0	BAB70780.1	55.56	9	4	0	4	12	295	303	3.2	16.8
Seq5487_145_bp_1_2_0	ABD49687.1	50.00	10	5	0	2	11	805	814	4.7	18.1
Seq5487_145_bp_1_2_0	AAH69556.1	60.00	5	2	0	7	11	284	288	4.8	15.6
Seq5487_145_bp_1_2_0	AAA32624.1	66.67	10	3	1	2	11	239	247	5.3	16.2
Seq5487_145_bp_1_2_0	CAA11507.1	100.00	5	0	0	3	7	1351	1355	5.8	17.5
Seq5487_145_bp_1_2_0	CAA43372.1	50.00	15	7	1	1	14	307	321	6.4	15.6
Seq5487_145_bp_1_2_0	CAA73529.1	80.00	5	1	0	3	7	64	68	6.5	15.0
Seq5487_145_bp_1_2_0	ABL74574.1	27.27	11	8	0	3	13	75	85	6.9	15.0
Seq5487_145_bp_1_2_0	ABK71357.1	55.56	10	4	1	5	13	316	325	8.7	15.0
Seq5487_145_bp_1_2_0	BAB17681.1	100.00	4	0	0	3	6	99	102	9.8	14.3
Seq5487_145_bp_1_2_1	AAA72732.1	37.50	8	5	0	2	9	28	35	0.95	17.8
Seq5487_145_bp_1_2_1	BAE97662.1	33.33	12	8	0	1	12	922	933	1.5	19.0
Seq5487_145_bp_1_2_1	ABS38337.1	44.44	9	5	0	1	9	535	543	3.8	17.8
Seq5487_145_bp_1_2_1	AAC97205.1	33.33	9	6	0	2	10	2	10	5.5	17.2
Seq5487_145_bp_1_2_1	CAA73529.1	22.22	9	7	0	3	11	192	200	6.6	14.7
Seq5487_145_bp_1_2_1	AAR37016.1	33.33	9	6	0	4	12	2255	2263	6.8	17.8
Seq5487_145_bp_1_2_1	ABL74574.1	37.50	8	5	0	2	9	218	225	7	14.7
Seq5487_145_bp_1_2_1	AAA24142.1	50.00	6	3	0	6	11	118	123	7.1	15.3
Seq5487_145_bp_1_2_1	AAA25966.1	33.33	9	6	0	2	10	355	363	7.4	15.9
Seq5487_145_bp_1_2_1	BAB70780.1	44.44	9	5	0	4	12	400	408	7.6	15.3
Seq5487_145_bp_1_2_1	AAC08817.1	50.00	4	2	0	9	12	145	148	9.1	13.5
Seq5487_145_bp_-1_0_0	CAA43372.1	60.00	5	2	0	10	14	14	18	0.91	18.7
Seq5487_145_bp_-1_0_0	AAR31603.1	100.00	3	0	0	14	16	143	145	3.7	16.2
Seq5487_145_bp_-1_0_0	ABN10845.1	33.33	9	6	0	4	12	110	118	3.8	15.6
Seq5487_145_bp_-1_0_0	AAC08817.1	60.00	5	2	0	12	16	33	37	4.3	15.0
Seq5487_145_bp_-1_0_0	ACT10338.1	33.33	9	6	0	6	14	362	370	4.4	16.2
Seq5487_145_bp_-1_0_0	EDO47375.1	50.00	6	3	0	6	11	149	154	4.9	15.0
Seq5487_145_bp_-1_0_0	BAA32956.1	37.50	8	5	0	7	14	19	26	5.5	15.0
Seq5487_145_bp_-1_0_0	AAB96524.1	27.27	11	8	0	2	12	1	11	7.2	14.4
Seq5487_145_bp_-1_0_0	ABL74574.1	75.00	4	1	0	9	12	43	46	7.4	15.0
Seq5487_145_bp_-1_0_1	AAC08817.1	46.67	16	8	1	3	18	124	138	3.3	16.0
Seq5487_145_bp_-1_0_1	AAI27517.1	30.77	13	9	0	11	23	530	542	3.8	17.6
Seq5487_145_bp_-1_0_1	BAA32956.1	30.43	25	16	2	1	23	171	195	4.2	16.0
Seq5487_145_bp_-1_0_1	CAA74140.1	33.33	15	10	0	1	15	19	33	6	17.6
Seq5487_145_bp_-1_0_1	BAA32018.1	62.50	8	3	0	5	12	205	212	8.3	16.5
Seq5487_145_bp_-1_1_0	ABG75784.1	39.13	26	14	3	4	26	272	297	0.075	23.1
Seq5487_145_bp_-1_1_0	AAR37016.1	57.14	14	6	0	2	15	850	863	0.79	22.6
Seq5487_145_bp_-1_1_0	BAA32991.1	35.71	14	9	0	25	38	2	15	0.92	17.3
Seq5487_145_bp_-1_1_0	AAF01122.1	70.00	10	3	0	1	10	330	339	0.94	19.7
Seq5487_145_bp_-1_1_0	BAA32018.1	75.00	8	2	0	9	16	108	115	2.2	19.2
Seq5487_145_bp_-1_1_0	AAA24142.1	37.50	16	10	0	10	25	137	152	3	18.3
Seq5487_145_bp_-1_1_0	AAB96524.1	55.56	9	4	0	15	23	169	177	3.4	16.8
Seq5487_145_bp_-1_1_0	AAA24969.1	77.78	9	2	0	14	22	564	572	5.2	19.2
Seq5487_145_bp_-1_1_0	AAA23282.1	27.78	18	13	0	3	20	284	301	5.3	17.8
Seq5487_145_bp_-1_1_0	AAB64315.2	71.43	7	2	0	26	32	32	38	5.9	16.8
Seq5487_145_bp_-1_1_0	CAA73529.1	50.00	8	4	0	23	30	139	146	6.8	16.3
Seq5487_145_bp_-1_1_0	BAB17681.1	44.44	9	5	0	9	17	255	263	6.8	16.3
Seq5487_145_bp_-1_2_0	AAX12058.1	30.00	10	7	0	4	13	128	137	0.66	18.2
Seq5487_145_bp_-1_2_0	AAB64315.2	22.22	9	7	0	4	12	42	50	1.2	17.7
Seq5487_145_bp_-1_2_0	ABL74574.1	50.00	8	4	0	1	8	26	33	2.2	16.6
Seq5487_145_bp_-1_2_0	AAA25966.1	50.00	6	3	0	7	12	309	314	2.5	17.7
Seq5487_145_bp_-1_2_0	ABD33854.1	28.57	7	5	0	1	7	3	9	3.3	13.8
Seq5487_145_bp_-1_2_0	ABG75784.1	60.00	10	4	0	1	10	120	129	5	15.4
Seq5487_145_bp_-1_2_0	AAR31603.1	83.33	8	1	2	4	9	96	103	7.5	14.9
Seq5487_145_bp_-1_2_0	AAR37016.1	57.14	7	3	0	3	9	1929	1935	7.8	17.7
Seq5487_145_bp_-1_2_0	ABD49687.1	60.00	5	2	0	5	9	46	50	8.3	17.1
Seq5487_145_bp_-1_2_0	AAA18786.1	33.33	6	4	0	6	11	184	189	8.9	14.3
Seq5487_145_bp_-1_2_0	AAI27517.1	25.00	8	6	0	4	11	161	168	9.1	15.4
Seq5487_145_bp_-1_2_1	ABG75784.1	50.00	14	7	0	2	15	211	224	0.0087	25.0
Seq5487_145_bp_-1_2_1	CAA11507.1	50.00	17	8	1	1	16	446	462	0.57	21.1
Seq5487_145_bp_-1_2_1	BAE97662.1	55.56	9	4	0	6	14	80	88	4.3	17.8
