Seq6238_191_bp_1_1_0	AII71783.1	36.36	11	7	0	6	16	153	163	0.15	20.8
Seq6238_191_bp_1_1_0	AAA45888.1	28.57	14	10	0	1	14	105	118	0.57	19.2
Seq6238_191_bp_1_1_0	AAI27517.1	33.33	12	8	0	5	16	266	277	2	18.0
Seq6238_191_bp_1_1_0	AAA18786.1	33.33	16	10	1	1	16	166	180	3.6	16.0
Seq6238_191_bp_1_1_0	BAB70780.1	28.57	14	10	0	1	14	23	36	3.7	16.8
Seq6238_191_bp_1_1_0	ABN10845.1	40.00	10	6	0	4	13	42	51	3.8	15.6
Seq6238_191_bp_1_1_0	CAA26230.1	28.57	14	10	0	2	15	135	148	4.3	16.8
Seq6238_191_bp_1_1_0	AAA24142.1	50.00	12	6	0	2	13	137	148	4.5	16.4
Seq6238_191_bp_1_1_0	AEE27845.1	62.50	8	3	0	9	16	1262	1269	4.6	18.0
Seq6238_191_bp_1_1_0	CAA73529.1	30.00	10	7	0	5	14	189	198	4.8	15.6
Seq6238_191_bp_1_1_0	CAA43372.1	50.00	10	4	2	2	9	154	163	5.4	16.0
Seq6238_191_bp_1_1_0	AAB26998.1	20.00	10	8	0	2	11	47	56	5.5	13.6
Seq6238_191_bp_1_1_0	EDO47375.1	42.86	7	4	0	1	7	115	121	5.7	14.8
Seq6238_191_bp_1_1_0	BAB79260.1	33.33	9	6	0	8	16	177	185	5.9	16.0
Seq6238_191_bp_1_1_0	AAA32376.1	27.27	11	8	0	2	12	107	117	6.8	14.4
Seq6238_191_bp_1_1_0	CAA04196.1	50.00	6	3	0	6	11	183	188	7.2	15.6
Seq6238_191_bp_1_1_0	AAB64315.2	37.50	8	5	0	4	11	66	73	7.4	15.2
Seq6238_191_bp_1_1_0	AAA36565.1	57.14	7	3	0	10	16	2	8	8.6	14.0
Seq6238_191_bp_1_1_0	AAC97205.1	37.50	8	5	0	7	14	886	893	9	16.8
Seq6238_191_bp_1_1_0	AAA23282.1	20.00	15	12	0	1	15	112	126	9.5	15.6
Seq6238_191_bp_1_2_0	ABS38337.1	100.00	11	0	0	1	11	785	795	7e-07	40.1
Seq6238_191_bp_1_2_0	CAA43372.1	42.86	7	4	0	1	7	9	15	0.35	19.5
Seq6238_191_bp_1_2_0	AEE27845.1	55.56	9	4	0	1	9	1045	1053	0.6	20.5
Seq6238_191_bp_1_2_0	AAC08817.1	70.00	11	3	1	1	11	65	74	0.75	17.1
Seq6238_191_bp_1_2_0	AAA36565.1	44.44	9	5	0	1	9	159	167	0.77	17.1
Seq6238_191_bp_1_2_0	ACH70904.1	60.00	5	2	0	3	7	286	290	0.84	18.0
Seq6238_191_bp_1_2_0	AAC97205.1	44.44	9	5	0	1	9	538	546	2	18.5
Seq6238_191_bp_1_2_0	AAB96524.1	50.00	4	2	0	4	7	175	178	2.3	15.6
Seq6238_191_bp_1_2_0	ABG75784.1	50.00	6	3	0	2	7	118	123	2.8	16.1
Seq6238_191_bp_1_2_0	EDO47375.1	75.00	4	1	0	4	7	168	171	3.3	15.1
Seq6238_191_bp_1_2_0	BAB17681.1	33.33	9	6	0	2	10	148	156	3.4	15.6
Seq6238_191_bp_1_2_0	AAR37016.1	42.86	7	4	0	1	7	938	944	3.8	18.5
Seq6238_191_bp_1_2_0	AAA42531.1	37.50	8	5	0	3	10	161	168	4.8	15.6
Seq6238_191_bp_1_2_0	ABD33854.1	100.00	2	0	0	6	7	52	53	5.9	12.7
Seq6238_191_bp_1_2_0	AAF01122.1	37.50	8	5	0	4	11	93	100	6.4	15.1
Seq6238_191_bp_1_2_0	AAB26998.1	100.00	2	0	0	6	7	51	52	7.2	12.7
Seq6238_191_bp_1_2_0	BAA32018.1	42.86	7	4	0	1	7	405	411	7.5	15.6
Seq6238_191_bp_1_2_0	AAB64315.2	75.00	4	1	0	7	10	69	72	7.7	14.6
Seq6238_191_bp_1_2_0	AAB03707.1	60.00	5	2	0	3	7	10	14	8.3	16.6
Seq6238_191_bp_1_2_0	CAA04196.1	40.00	5	3	0	3	7	304	308	9.7	14.6
Seq6238_191_bp_1_2_1	ABS38337.1	100.00	11	0	0	1	11	797	807	2.5e-06	38.3
Seq6238_191_bp_1_2_1	ABK71357.1	36.36	11	7	0	1	11	68	78	0.19	20.3
Seq6238_191_bp_1_2_1	AAA18786.1	50.00	8	4	0	4	11	261	268	0.8	17.7
Seq6238_191_bp_1_2_1	AAF01122.1	100.00	4	0	0	6	9	120	123	2.3	16.7
Seq6238_191_bp_1_2_1	AAC97205.1	50.00	10	5	0	2	11	597	606	2.5	18.2
Seq6238_191_bp_1_2_1	AAA24969.1	37.50	8	5	0	2	9	566	573	4.4	17.7
Seq6238_191_bp_1_2_1	AAI27517.1	80.00	5	1	0	6	10	307	311	6.9	15.6
Seq6238_191_bp_1_2_1	ACT10338.1	44.44	9	5	0	1	9	191	199	9.1	14.6
Seq6238_191_bp_1_2_2	ABS38337.1	100.00	10	0	0	1	10	809	818	0.00015	32.2
Seq6238_191_bp_1_2_2	AAF01122.1	37.50	8	5	0	2	9	195	202	2.6	16.3
Seq6238_191_bp_1_2_2	BAB17681.1	37.50	8	5	0	2	9	245	252	2.7	15.8
Seq6238_191_bp_1_2_2	AAA23282.1	50.00	10	5	0	1	10	133	142	2.7	16.8
Seq6238_191_bp_1_2_2	AAC78721.1	50.00	8	4	0	2	9	657	664	3.2	16.8
Seq6238_191_bp_1_2_2	AAX12058.1	50.00	8	4	0	2	9	140	147	3.8	15.3
Seq6238_191_bp_1_2_2	AAA72732.1	57.14	7	3	0	1	7	217	223	4.3	15.3
Seq6238_191_bp_1_2_2	BAE97662.1	40.00	10	6	0	1	10	740	749	5.3	16.8
Seq6238_191_bp_1_2_2	ABL74574.1	57.14	7	3	0	2	8	165	171	5.6	14.8
Seq6238_191_bp_1_2_2	BAA32956.1	50.00	8	4	0	2	9	51	58	5.8	14.3
Seq6238_191_bp_1_2_2	AAA24142.1	75.00	4	1	0	1	4	71	74	6.1	15.3
Seq6238_191_bp_1_2_2	AAA36565.1	75.00	4	1	0	1	4	36	39	6.5	13.8
Seq6238_191_bp_1_2_2	CAA04196.1	37.50	8	5	0	2	9	191	198	7.9	14.8
Seq6238_191_bp_1_2_2	ABG75784.1	37.50	8	5	0	3	10	50	57	8.4	14.3
Seq6238_191_bp_1_2_3	ABS38337.1	100.00	10	0	0	1	10	838	847	0.00027	31.4
Seq6238_191_bp_1_2_3	AAA23282.1	60.00	5	2	0	2	6	31	35	3.3	16.5
Seq6238_191_bp_1_2_3	CAA43372.1	55.56	9	4	0	1	9	126	134	3.6	16.0
Seq6238_191_bp_1_2_3	ABN10845.1	50.00	8	4	0	1	8	9	16	4.3	14.8
Seq6238_191_bp_1_2_3	CAA04196.1	57.14	7	3	0	1	7	361	367	5.4	15.4
Seq6238_191_bp_1_2_3	AII71783.1	50.00	8	4	0	1	8	233	240	6	14.8
Seq6238_191_bp_1_2_3	AIR13712.1	37.50	8	5	0	2	9	288	295	6.4	14.8
Seq6238_191_bp_1_2_3	AAA65607.1	80.00	5	1	0	4	8	128	132	7.1	14.8
Seq6238_191_bp_1_2_3	AAA24969.1	60.00	10	4	0	1	10	57	66	8.5	16.5
Seq6238_191_bp_1_2_3	BAE97662.1	50.00	10	5	0	1	10	795	804	9.4	16.0
Seq6238_191_bp_-1_0_0	ACH70904.1	50.00	8	4	0	3	10	72	79	0.17	20.2
Seq6238_191_bp_-1_0_0	AAR37016.1	60.00	5	2	0	1	5	25	29	0.57	21.2
Seq6238_191_bp_-1_0_0	AAA36565.1	50.00	4	2	0	1	4	161	164	0.62	17.2
Seq6238_191_bp_-1_0_0	AAH69556.1	37.50	8	5	0	1	8	25	32	0.81	17.7
Seq6238_191_bp_-1_0_0	CAA73529.1	40.00	5	3	0	1	5	96	100	1	17.2
Seq6238_191_bp_-1_0_0	AAA42531.1	66.67	8	2	2	1	6	199	206	1	17.7
Seq6238_191_bp_-1_0_0	ABN10845.1	25.00	8	6	0	1	8	114	121	1.1	16.7
Seq6238_191_bp_-1_0_0	ABD49687.1	75.00	4	1	0	1	4	1422	1425	1.1	19.7
Seq6238_191_bp_-1_0_0	AAA45888.1	66.67	6	2	0	5	10	67	72	1.4	17.2
Seq6238_191_bp_-1_0_0	BAB17681.1	33.33	9	6	0	1	9	174	182	1.4	16.7
Seq6238_191_bp_-1_0_0	CAA04196.1	50.00	6	3	0	1	6	257	262	1.6	17.2
Seq6238_191_bp_-1_0_0	AAB26998.1	30.00	10	7	0	1	10	36	45	1.6	14.7
Seq6238_191_bp_-1_0_0	BAA32991.1	40.00	5	3	0	3	7	5	9	2	14.2
Seq6238_191_bp_-1_0_0	AAC97205.1	50.00	4	2	0	1	4	282	285	2.3	18.2
Seq6238_191_bp_-1_0_0	AAA24142.1	30.00	10	7	0	1	10	169	178	2.4	16.7
Seq6238_191_bp_-1_0_0	ABL74574.1	30.00	11	7	1	1	10	41	51	3	15.7
Seq6238_191_bp_-1_0_0	BAB79260.1	37.50	8	5	0	2	9	324	331	3.3	16.2
Seq6238_191_bp_-1_0_0	AAX84812.1	100.00	3	0	0	4	6	91	93	4.7	14.7
Seq6238_191_bp_-1_0_0	EDO47375.1	60.00	5	2	0	3	7	147	151	5.3	14.2
Seq6238_191_bp_-1_0_0	AAC78721.1	60.00	5	2	0	6	10	99	103	6.7	15.7
Seq6238_191_bp_-1_0_0	AEE27845.1	50.00	4	2	0	1	4	391	394	7	16.7
Seq6238_191_bp_-1_0_0	CAA26230.1	100.00	4	0	0	5	8	32	35	7.8	15.2
Seq6238_191_bp_-1_0_0	ABG75784.1	66.67	6	2	0	5	10	14	19	8.6	14.2
Seq6238_191_bp_-1_0_0	ABD33854.1	42.86	9	4	2	1	7	48	56	9.6	11.8
Seq6238_191_bp_-1_0_1	AEE27845.1	55.56	9	4	0	1	9	1022	1030	0.8	19.9
Seq6238_191_bp_-1_0_1	CAA04196.1	33.33	9	6	0	1	9	50	58	0.94	17.9
Seq6238_191_bp_-1_0_1	AAB96524.1	37.50	8	5	0	1	8	27	34	1.2	16.5
Seq6238_191_bp_-1_0_1	EDO47375.1	50.00	8	4	0	3	10	101	108	1.2	16.5
Seq6238_191_bp_-1_0_1	ABN10845.1	50.00	8	4	0	3	10	95	102	1.4	16.5
Seq6238_191_bp_-1_0_1	AAC97205.1	60.00	5	2	0	1	5	112	116	1.4	18.9
Seq6238_191_bp_-1_0_1	ABK71357.1	33.33	9	6	0	2	10	119	127	1.6	17.0
Seq6238_191_bp_-1_0_1	AAA45888.1	30.00	10	7	0	1	10	116	125	1.7	17.0
Seq6238_191_bp_-1_0_1	CAA73529.1	66.67	3	1	0	1	3	99	101	1.7	16.5
Seq6238_191_bp_-1_0_1	AAA42531.1	28.57	7	5	0	1	7	199	205	1.7	17.0
Seq6238_191_bp_-1_0_1	CAA74140.1	33.33	9	6	0	2	10	88	96	2.1	17.9
Seq6238_191_bp_-1_0_1	ACH70904.1	33.33	6	4	0	1	6	150	155	4.3	15.5
Seq6238_191_bp_-1_0_1	BAB79260.1	42.86	7	4	0	1	7	192	198	5.4	15.5
Seq6238_191_bp_-1_0_1	AAX84812.1	50.00	6	3	0	1	6	91	96	5.5	14.5
Seq6238_191_bp_-1_0_1	AAB64315.2	50.00	8	4	0	3	10	198	205	5.5	15.0
Seq6238_191_bp_-1_0_1	ABD33854.1	22.22	9	7	0	2	10	14	22	5.9	12.5
Seq6238_191_bp_-1_0_1	BAA32991.1	40.00	5	3	0	1	5	23	27	6.3	12.5
Seq6238_191_bp_-1_0_1	ACT10338.1	42.86	7	4	0	4	10	340	346	6.5	15.0
Seq6238_191_bp_-1_0_1	CAA26230.1	40.00	10	6	0	1	10	9	18	6.6	15.5
Seq6238_191_bp_-1_0_1	AAB26998.1	28.57	7	5	0	1	7	27	33	7.2	12.5
Seq6238_191_bp_-1_0_1	AAR31603.1	30.00	10	7	0	1	10	64	73	7.6	14.5
Seq6238_191_bp_-1_0_1	AAI27517.1	20.00	10	8	0	1	10	312	321	9.5	15.0
Seq6238_191_bp_-1_0_1	AAR37016.1	37.50	8	5	0	1	8	1570	1577	9.7	17.0
Seq6238_191_bp_-1_0_2	CAA26230.1	57.14	7	3	0	5	11	326	332	3.1	16.8
Seq6238_191_bp_-1_0_2	AAA18786.1	50.00	12	5	2	2	11	171	182	3.4	15.5
Seq6238_191_bp_-1_0_2	ABK71357.1	42.86	7	4	0	5	11	56	62	4.7	15.5
Seq6238_191_bp_-1_0_2	ABD33854.1	33.33	6	4	0	6	11	55	60	5.8	12.7
Seq6238_191_bp_-1_0_2	CAD53387.1	100.00	4	0	0	5	8	481	484	6.3	15.5
Seq6238_191_bp_-1_0_2	CAA45199.1	50.00	6	3	0	6	11	305	310	7.7	15.1
Seq6238_191_bp_-1_0_2	AAR31603.1	57.14	8	3	1	5	11	160	167	9.3	14.3
Seq6238_191_bp_-1_1_0	BAB70780.1	45.45	11	6	0	1	11	40	50	1.6	17.7
Seq6238_191_bp_-1_1_0	AAA24969.1	41.67	12	7	0	1	12	256	267	1.9	19.1
Seq6238_191_bp_-1_1_0	AAA23282.1	45.45	11	6	0	1	11	98	108	2.5	17.2
Seq6238_191_bp_-1_1_0	AAH69556.1	45.45	11	6	0	1	11	125	135	2.5	16.3
Seq6238_191_bp_-1_1_0	AAI27517.1	33.33	9	6	0	4	12	585	593	2.6	17.2
Seq6238_191_bp_-1_1_0	AAX84812.1	25.00	8	6	0	2	9	201	208	3.5	15.4
Seq6238_191_bp_-1_1_0	AAC78721.1	50.00	10	5	0	2	11	470	479	4	16.8
Seq6238_191_bp_-1_1_0	ABS38337.1	40.00	10	6	0	3	12	878	887	5.4	17.2
Seq6238_191_bp_-1_1_0	AAX12058.1	27.27	11	8	0	2	12	121	131	5.6	15.0
Seq6238_191_bp_-1_1_0	AAA45888.1	66.67	6	2	0	1	6	108	113	5.7	15.4
Seq6238_191_bp_-1_1_0	ABD33854.1	27.27	12	8	1	2	12	19	30	6.2	12.7
Seq6238_191_bp_-1_1_0	ABN10845.1	30.00	10	7	0	1	10	191	200	8.1	14.1
Seq6238_191_bp_-1_1_0	AAB96524.1	50.00	10	5	0	3	12	93	102	9.4	13.6
Seq6238_191_bp_-1_2_0	AAF01122.1	36.36	11	7	0	1	11	295	305	4.1	15.8
Seq6238_191_bp_-1_2_0	ABN10845.1	60.00	10	4	0	2	11	61	70	5.2	14.6
Seq6238_191_bp_-1_2_0	BAA32018.1	63.64	12	4	1	1	11	114	125	6.6	15.8
Seq6238_191_bp_-1_2_0	CAA73529.1	40.00	10	6	0	1	10	108	117	9.3	14.1
