Seq7476_280_bp_1_0_0	ENA|CAL82360|CAL82360.1	71.43	7	2	0	4	10	1239	1245	1.2	19.2
Seq7476_280_bp_1_0_0	ENA|CAA11507|CAA11507.1	60.00	11	4	1	1	10	1215	1225	1.8	18.7
Seq7476_280_bp_1_0_0	ENA|AAA72732|AAA72732.1	50.00	8	4	0	3	10	149	156	1.9	16.5
Seq7476_280_bp_1_0_0	ENA|CAA36214|CAA36214.1	100.00	4	0	0	2	5	80	83	4.6	15.1
Seq7476_280_bp_1_0_0	ENA|CAA45708|CAA45708.1	80.00	5	1	0	6	10	878	882	4.9	17.4
Seq7476_280_bp_1_0_0	ENA|AAB96524|AAB96524.1	60.00	5	2	0	4	8	43	47	5.2	14.2
Seq7476_280_bp_1_0_0	ENA|CAA28033|CAA28033.1	57.14	7	3	0	3	9	244	250	5.7	16.9
Seq7476_280_bp_1_0_0	ENA|BAA32018|BAA32018.1	60.00	5	2	0	5	9	194	198	6.9	15.6
Seq7476_280_bp_1_0_0	ENA|AAC40132|AAC40132.1	37.50	8	5	0	2	9	375	382	7.1	15.1
Seq7476_280_bp_1_0_0	ENA|AAC97205|AAC97205.1	50.00	9	4	1	3	10	379	387	7.3	16.5
Seq7476_280_bp_1_0_0	ENA|CAA24711|CAA24711.1	75.00	4	1	0	5	8	70	73	8.7	13.4
Seq7476_280_bp_1_0_0	ENA|BAB79260|BAB79260.1	80.00	5	1	0	1	5	77	81	9	14.7
Seq7476_280_bp_1_0_0	ENA|AAA36539|AAA36539.1	50.00	6	3	0	4	9	321	326	9.4	14.7
Seq7476_280_bp_1_0_1	ENA|CAD53387|CAD53387.1	46.15	13	7	0	4	16	26	38	2	18.1
Seq7476_280_bp_1_0_1	ENA|BAA32956|BAA32956.1	35.71	14	9	0	7	20	195	208	2.7	16.4
Seq7476_280_bp_1_0_2	ENA|BAA32956|BAA32956.1	75.00	8	2	0	12	19	201	208	1.8	17.7
Seq7476_280_bp_1_0_2	ENA|AAA25966|AAA25966.1	52.94	17	8	0	15	31	646	662	3.5	18.5
Seq7476_280_bp_1_0_3	ENA|AAC17860|AAC17860.1	50.00	10	5	0	2	11	266	275	4.2	16.3
Seq7476_280_bp_1_0_3	ENA|CAA36714|CAA36714.1	46.15	13	7	0	3	15	152	164	5.9	16.0
Seq7476_280_bp_1_0_3	ENA|ABG75784|ABG75784.1	55.56	9	4	0	1	9	103	111	6.4	15.3
Seq7476_280_bp_1_0_3	ENA|AAB96524|AAB96524.1	57.14	7	3	0	4	10	4	10	7.8	14.2
Seq7476_280_bp_1_0_3	ENA|CAA29956|CAA29956.1	70.00	13	3	3	1	13	72	81	9.5	14.9
Seq7476_280_bp_1_1_0	ENA|CAB75732|CAB75732.1	37.04	27	17	0	2	28	102	128	0.2	23.4
Seq7476_280_bp_1_1_0	ENA|AAC78721|AAC78721.1	36.84	21	12	2	7	25	524	544	3.4	18.4
Seq7476_280_bp_1_1_0	ENA|AAQ92751|AAQ92751.2	53.85	13	6	0	14	26	85	97	8.1	18.2
Seq7476_280_bp_1_1_1	ENA|AAQ92751|AAQ92751.2	72.73	13	3	2	2	12	190	202	0.23	22.0
Seq7476_280_bp_1_1_1	ENA|AAS77176|AAS77176.1	66.67	9	3	0	2	10	55	63	0.42	18.9
Seq7476_280_bp_1_1_1	ENA|CAB75732|CAB75732.1	50.00	12	6	0	1	12	49	60	0.97	19.6
Seq7476_280_bp_1_1_1	ENA|CAA43419|CAA43419.1	100.00	5	0	0	7	11	179	183	2	16.9
Seq7476_280_bp_1_1_1	ENA|CCP43727|CCP43727.1	50.00	10	5	0	2	11	28	37	3	16.2
Seq7476_280_bp_1_1_1	ENA|CAA45708|CAA45708.1	50.00	10	5	0	2	11	1090	1099	3.6	18.1
Seq7476_280_bp_1_1_1	ENA|AAC40132|AAC40132.1	57.14	7	3	0	5	11	219	225	4.3	16.2
Seq7476_280_bp_1_1_1	ENA|CAA29968|CAA29968.1	36.36	11	7	0	2	12	116	126	6.5	14.2
Seq7476_280_bp_1_1_1	ENA|CAL82360|CAL82360.1	55.56	9	4	0	3	11	617	625	8.5	16.6
Seq7476_280_bp_1_1_1	ENA|CAA29956|CAA29956.1	57.14	7	3	0	2	8	256	262	9.4	14.6
Seq7476_280_bp_1_1_2	ENA|CAA45199|CAA45199.1	58.33	12	5	0	2	13	50	61	0.97	19.6
Seq7476_280_bp_1_1_2	ENA|ABD49687|ABD49687.1	34.78	23	15	0	2	24	435	457	1	21.4
Seq7476_280_bp_1_1_2	ENA|BAA32018|BAA32018.1	38.46	28	16	2	2	28	558	584	4.3	17.8
Seq7476_280_bp_1_1_2	ENA|CAA73529|CAA73529.1	53.33	18	7	3	2	19	45	59	4.3	16.6
Seq7476_280_bp_1_1_2	ENA|CAA45708|CAA45708.1	36.00	27	16	2	2	28	1033	1057	4.6	19.0
Seq7476_280_bp_1_1_2	ENA|CAA24711|CAA24711.1	47.06	19	9	2	2	18	141	159	5.1	15.7
Seq7476_280_bp_1_1_2	ENA|ACH70901|ACH70901.1	75.00	8	2	0	17	24	122	129	5.6	16.6
Seq7476_280_bp_1_1_2	ENA|AAB03707|AAB03707.1	41.67	26	14	2	4	28	1043	1067	6.2	18.4
Seq7476_280_bp_1_1_2	ENA|EDO47375|EDO47375.1	72.73	12	3	1	9	19	64	75	8.1	15.1
Seq7476_280_bp_1_1_2	ENA|AAF79734|AAF79734.1	34.62	30	17	4	1	26	680	709	9.5	17.8
Seq7476_280_bp_1_2_0	ENA|AAC97205|AAC97205.1	100.00	92	0	0	1	92	35	126	1.9e-46	174.5
Seq7476_280_bp_1_2_0	ENA|AAF79734|AAF79734.1	32.65	54	33	5	19	68	516	568	1.1	22.8
Seq7476_280_bp_1_2_0	ENA|BAA32956|BAA32956.1	27.27	36	24	3	38	71	178	212	2	19.1
Seq7476_280_bp_1_2_0	ENA|CAA45708|CAA45708.1	35.29	72	33	21	25	83	1093	1156	2	21.9
Seq7476_280_bp_1_2_0	ENA|CAD53387|CAD53387.1	34.55	69	36	14	3	65	20	80	2.9	19.7
Seq7476_280_bp_1_2_0	ENA|CAB75732|CAB75732.1	29.41	35	24	1	29	62	83	117	4.3	20.4
Seq7476_280_bp_1_2_0	ENA|AAA24145|AAA24145.1	36.67	31	19	1	60	90	377	406	7.4	18.2
Seq7476_280_bp_1_2_0	ENA|BAA32018|BAA32018.1	64.29	17	5	3	51	64	561	577	9.9	18.2
Seq7476_280_bp_-1_0_0	ENA|AAA42531|AAA42531.1	58.33	12	5	0	21	32	282	293	1.3	19.1
Seq7476_280_bp_-1_0_0	ENA|EDO47375|EDO47375.1	39.13	25	14	2	9	33	94	116	1.6	17.8
Seq7476_280_bp_-1_0_0	ENA|AAC08817|AAC08817.1	80.00	5	1	0	28	32	112	116	2.6	16.8
Seq7476_280_bp_-1_0_0	ENA|ABD33854|ABD33854.1	44.44	9	5	0	8	16	51	59	3.3	15.2
Seq7476_280_bp_-1_0_0	ENA|CAA26939|CAA26939.1	30.00	20	14	0	3	22	41	60	3.7	18.1
Seq7476_280_bp_-1_0_0	ENA|ACH70901|ACH70901.1	50.00	8	4	0	1	8	3	10	4.6	17.2
Seq7476_280_bp_-1_0_0	ENA|AAR37016|AAR37016.1	35.29	17	11	0	6	22	1916	1932	4.8	19.8
Seq7476_280_bp_-1_0_0	ENA|AAA32624|AAA32624.1	83.33	6	1	0	9	14	455	460	6.6	17.2
Seq7476_280_bp_-1_0_0	ENA|BAA32956|BAA32956.1	33.33	18	12	0	16	33	36	53	6.6	15.8
Seq7476_280_bp_-1_0_0	ENA|ABN10845|ABN10845.1	33.33	15	10	0	3	17	66	80	6.8	15.8
Seq7476_280_bp_-1_0_0	ENA|ACT10338|ACT10338.1	50.00	14	7	0	15	28	340	353	9.4	16.2
Seq7476_280_bp_-1_0_1	ENA|BAA32956|BAA32956.1	55.56	9	4	0	13	21	8	16	2.5	16.9
Seq7476_280_bp_-1_0_1	ENA|CAA73529|CAA73529.1	71.43	7	2	0	9	15	38	44	2.6	17.2
Seq7476_280_bp_-1_0_1	ENA|BAA32991|BAA32991.1	57.14	7	3	0	16	22	59	65	3.6	14.7
Seq7476_280_bp_-1_0_2	ENA|BAA32956|BAA32956.1	100.00	7	0	1	13	19	10	15	1.1	18.0
Seq7476_280_bp_-1_0_2	ENA|AAC08817|AAC08817.1	46.67	16	8	1	2	16	142	157	2.5	16.3
Seq7476_280_bp_-1_0_2	ENA|BAA32991|BAA32991.1	60.00	5	2	0	17	21	15	19	2.7	15.0
Seq7476_280_bp_-1_0_2	ENA|ACH70901|ACH70901.1	37.50	16	10	0	1	16	226	241	2.8	17.3
Seq7476_280_bp_-1_0_2	ENA|AAC49865|AAC49865.1	41.18	21	10	4	5	21	201	221	3.3	17.0
Seq7476_280_bp_-1_0_2	ENA|CAA36714|CAA36714.1	63.64	11	4	0	4	14	51	61	3.7	17.3
Seq7476_280_bp_-1_0_2	ENA|CAA29956|CAA29956.1	58.33	13	5	1	10	21	90	102	3.7	17.0
Seq7476_280_bp_-1_0_2	ENA|AAQ92751|AAQ92751.2	60.00	10	4	0	12	21	886	895	4.3	18.6
Seq7476_280_bp_-1_0_2	ENA|AAC97205|AAC97205.1	60.00	18	6	3	3	18	1098	1114	6	18.0
Seq7476_280_bp_-1_0_2	ENA|ABD33854|ABD33854.1	100.00	3	0	0	18	20	61	63	9.4	13.0
Seq7476_280_bp_-1_1_0	ENA|AAR31603|AAR31603.1	39.13	23	14	0	9	31	283	305	0.57	20.2
Seq7476_280_bp_-1_1_0	ENA|ABG75784|ABG75784.1	46.15	13	7	0	18	30	14	26	1.9	18.4
Seq7476_280_bp_-1_1_0	ENA|CAA73529|CAA73529.1	50.00	16	7	2	5	20	90	103	2	18.1
Seq7476_280_bp_-1_1_0	ENA|CAA36214|CAA36214.1	42.11	20	11	1	15	34	213	231	2.7	17.8
Seq7476_280_bp_-1_1_0	ENA|AAC08817|AAC08817.1	40.00	29	15	4	2	30	50	74	4.9	16.0
Seq7476_280_bp_-1_1_0	ENA|CAA29968|CAA29968.1	50.00	15	6	3	6	20	105	116	4.9	16.3
Seq7476_280_bp_-1_1_0	ENA|AAR37016|AAR37016.1	29.63	30	19	3	7	33	2082	2111	7.1	19.3
Seq7476_280_bp_-1_1_0	ENA|EDO47375|EDO47375.1	54.55	13	5	2	2	13	139	150	8.6	15.4
Seq7476_280_bp_-1_1_1	ENA|AAC97205|AAC97205.1	75.00	8	2	0	2	9	699	706	0.55	20.6
Seq7476_280_bp_-1_1_1	ENA|AAB03707|AAB03707.1	83.33	6	1	0	7	12	374	379	2.6	18.5
Seq7476_280_bp_-1_1_1	ENA|EDO47375|EDO47375.1	100.00	4	0	0	8	11	114	117	8.1	13.9
Seq7476_280_bp_-1_1_1	ENA|ABD33854|ABD33854.1	57.14	7	3	0	3	9	13	19	8.7	12.2
Seq7476_280_bp_-1_1_1	ENA|AAB66912|AAB66912.1	62.50	8	3	0	5	12	566	573	9.3	15.9
Seq7476_280_bp_-1_1_2	ENA|CCP43727|CCP43727.1	85.71	7	1	0	2	8	236	242	0.13	21.2
Seq7476_280_bp_-1_1_2	ENA|AAQ92751|AAQ92751.2	63.64	12	4	1	3	14	1247	1257	1.3	20.0
Seq7476_280_bp_-1_1_2	ENA|BAA05866|BAA05866.1	55.56	9	4	0	4	12	286	294	1.9	17.2
Seq7476_280_bp_-1_1_2	ENA|AAA36539|AAA36539.1	50.00	8	4	0	1	8	252	259	3	17.2
Seq7476_280_bp_-1_1_2	ENA|BAB17681|BAB17681.1	62.50	8	3	0	5	12	66	73	3.9	16.0
Seq7476_280_bp_-1_1_2	ENA|CAA28033|CAA28033.1	71.43	7	2	0	3	9	428	434	4.6	18.0
Seq7476_280_bp_-1_1_2	ENA|EDO47375|EDO47375.1	42.86	7	4	0	11	17	115	121	4.7	15.2
Seq7476_280_bp_-1_1_2	ENA|ABK71357|ABK71357.1	41.67	12	7	0	2	13	131	142	5.3	16.0
Seq7476_280_bp_-1_1_2	ENA|AAR37016|AAR37016.1	46.15	13	7	0	5	17	2061	2073	6.2	18.4
Seq7476_280_bp_-1_1_2	ENA|CAA29956|CAA29956.1	55.56	9	4	0	8	16	146	154	6.9	15.6
Seq7476_280_bp_-1_1_2	ENA|AAC78721|AAC78721.1	40.00	16	9	1	2	16	179	194	7.1	16.4
Seq7476_280_bp_-1_1_2	ENA|AAC17860|AAC17860.1	44.44	9	5	0	4	12	185	193	7.5	15.6
Seq7476_280_bp_-1_1_2	ENA|AAA72732|AAA72732.1	66.67	12	3	3	3	14	66	74	7.5	15.2
Seq7476_280_bp_-1_1_2	ENA|AAB03707|AAB03707.1	41.67	12	7	0	3	14	662	673	8.2	17.2
Seq7476_280_bp_-1_1_2	ENA|AAA36114|AAA36114.1	33.33	9	6	0	5	13	17	25	9.2	15.6
Seq7476_280_bp_-1_1_3	ENA|CAA36214|CAA36214.1	70.00	10	3	0	5	14	136	145	0.64	18.5
Seq7476_280_bp_-1_1_3	ENA|CAA45199|CAA45199.1	71.43	7	2	0	7	13	421	427	0.99	18.5
Seq7476_280_bp_-1_1_3	ENA|ACT10338|ACT10338.1	70.00	12	3	2	4	13	155	166	1.8	17.4
Seq7476_280_bp_-1_1_3	ENA|CAA73529|CAA73529.1	60.00	5	2	0	9	13	142	146	6.3	15.0
Seq7476_280_bp_-1_1_3	ENA|ABK71357|ABK71357.1	66.67	6	2	0	4	9	20	25	8.4	15.0
Seq7476_280_bp_-1_1_3	ENA|AAR31603|AAR31603.1	44.44	9	5	0	4	12	208	216	9.6	14.6
Seq7476_280_bp_-1_2_0	ENA|CAA26023|CAA26023.1	51.22	52	20	11	28	69	57	107	0.021	26.3
Seq7476_280_bp_-1_2_0	ENA|AAR37016|AAR37016.1	36.96	53	29	7	16	66	1552	1599	0.074	27.0
Seq7476_280_bp_-1_2_0	ENA|AAC78721|AAC78721.1	52.63	22	9	3	2	23	229	247	0.41	22.8
Seq7476_280_bp_-1_2_0	ENA|BAA05866|BAA05866.1	46.88	44	17	12	2	42	107	141	0.42	21.6
Seq7476_280_bp_-1_2_0	ENA|AAR31603|AAR31603.1	37.50	16	10	0	57	72	72	87	0.58	21.2
Seq7476_280_bp_-1_2_0	ENA|BAB79260|BAB79260.1	47.62	24	11	3	41	61	236	259	0.61	21.6
Seq7476_280_bp_-1_2_0	ENA|ABN10845|ABN10845.1	34.48	35	19	6	28	59	22	53	0.65	20.4
Seq7476_280_bp_-1_2_0	ENA|BAA32956|BAA32956.1	53.85	13	6	0	53	65	3	15	1.1	19.7
Seq7476_280_bp_-1_2_0	ENA|AAA42531|AAA42531.1	34.21	43	25	5	6	44	253	294	1.2	20.4
Seq7476_280_bp_-1_2_0	ENA|AAS77176|AAS77176.1	58.33	13	5	1	37	48	252	264	1.9	19.3
Seq7476_280_bp_-1_2_0	ENA|ABD49687|ABD49687.1	47.62	24	11	3	9	32	804	824	2.3	21.6
Seq7476_280_bp_-1_2_0	ENA|AAA32624|AAA32624.1	42.86	26	12	5	14	39	225	245	3.4	19.3
Seq7476_280_bp_-1_2_0	ENA|CAA73529|CAA73529.1	60.00	19	6	4	15	33	30	44	4	18.1
Seq7476_280_bp_-1_2_0	ENA|AAA72732|AAA72732.1	55.56	9	4	0	15	23	259	267	4.6	18.1
Seq7476_280_bp_-1_2_0	ENA|AAB26998|AAB26998.1	83.33	6	1	0	55	60	3	8	5.7	15.8
Seq7476_280_bp_-1_2_0	ENA|BAB17681|BAB17681.1	80.00	5	1	0	9	13	243	247	6.7	17.3
Seq7476_280_bp_-1_2_0	ENA|AAA36539|AAA36539.1	100.00	4	0	0	3	6	24	27	6.8	18.1
Seq7476_280_bp_-1_2_0	ENA|ABD33854|ABD33854.1	55.56	10	4	1	37	46	5	13	7.7	15.0
Seq7476_280_bp_-1_2_0	ENA|CAA45199|CAA45199.1	37.50	17	10	1	5	20	100	116	8.7	17.7
