Seq7671_261_bp_1_0_0	AAX84812.1	100.00	39	0	0	1	39	7	45	3.8e-24	96.8
Seq7671_261_bp_1_0_0	AAA65607.1	41.94	36	18	5	3	35	91	124	0.22	21.9
Seq7671_261_bp_1_0_0	AAA23282.1	45.45	27	12	5	1	24	31	55	8.6	17.1
Seq7671_261_bp_1_0_1	AAX84812.1	100.00	15	0	0	1	15	51	65	3.3e-10	49.1
Seq7671_261_bp_1_0_1	AAR31603.1	44.44	9	5	0	1	9	155	163	0.57	18.9
Seq7671_261_bp_1_0_1	AAA24142.1	41.67	14	7	2	1	12	63	76	2	17.6
Seq7671_261_bp_1_0_1	BAA32018.1	50.00	16	7	2	2	15	306	321	2	18.0
Seq7671_261_bp_1_0_1	ABD49687.1	45.45	11	6	0	3	13	995	1005	2.1	19.4
Seq7671_261_bp_1_0_1	CAA73529.1	36.36	11	7	0	5	15	67	77	2.3	16.6
Seq7671_261_bp_1_0_1	CAA26230.1	50.00	10	5	0	1	10	25	34	4.5	16.6
Seq7671_261_bp_1_0_1	AAB96524.1	44.44	9	5	0	6	14	172	180	5.3	14.8
Seq7671_261_bp_1_0_1	AII71783.1	40.00	10	6	0	3	12	219	228	6.3	15.3
Seq7671_261_bp_1_0_1	ABN10845.1	50.00	8	4	0	1	8	69	76	8.3	14.4
Seq7671_261_bp_1_0_1	AAA65607.1	42.86	7	4	0	2	8	196	202	10	14.8
Seq7671_261_bp_1_0_2	AAX84812.1	100.00	16	0	0	1	16	72	87	3.3e-11	52.5
Seq7671_261_bp_1_0_2	CAA45199.1	50.00	14	7	0	2	15	78	91	0.53	19.6
Seq7671_261_bp_1_0_2	CAA43372.1	50.00	13	6	1	2	14	261	272	2.2	17.4
Seq7671_261_bp_1_0_2	AAC78721.1	36.36	11	7	0	5	15	290	300	2.6	17.8
Seq7671_261_bp_1_0_2	ABK71357.1	70.00	11	3	1	6	15	177	187	3.6	16.5
Seq7671_261_bp_1_0_2	AII71783.1	45.45	11	6	0	2	12	44	54	7.4	15.1
Seq7671_261_bp_1_0_2	ABG75784.1	50.00	10	5	0	2	11	61	70	7.5	15.1
Seq7671_261_bp_1_0_2	BAB17681.1	54.55	11	5	0	4	14	128	138	8.9	14.7
Seq7671_261_bp_1_0_2	AAA42531.1	50.00	10	5	0	6	15	97	106	9.2	15.1
Seq7671_261_bp_1_1_0	AII71783.1	71.43	7	2	0	2	8	97	103	0.85	17.9
Seq7671_261_bp_1_1_0	ABD33854.1	25.00	8	6	0	4	11	38	45	1.3	15.0
Seq7671_261_bp_1_1_0	AAR37016.1	80.00	5	1	0	7	11	1203	1207	1.7	19.9
Seq7671_261_bp_1_1_0	AAA18786.1	57.14	8	3	1	6	12	84	91	2	16.5
Seq7671_261_bp_1_1_0	AAA36565.1	50.00	6	3	0	6	11	139	144	2.5	15.5
Seq7671_261_bp_1_1_0	AAX12058.1	40.00	10	6	0	2	11	121	130	2.9	16.0
Seq7671_261_bp_1_1_0	AAA23282.1	37.50	8	5	0	3	10	369	376	3	16.9
Seq7671_261_bp_1_1_0	AAR31603.1	50.00	11	5	1	1	11	95	104	3.4	16.0
Seq7671_261_bp_1_1_0	AAA32376.1	50.00	8	4	0	2	9	83	90	3.5	15.0
Seq7671_261_bp_1_1_0	CAA74140.1	44.44	9	5	0	2	10	639	647	4.9	16.9
Seq7671_261_bp_1_1_0	AAA45888.1	25.00	12	9	0	1	12	122	133	5.5	15.5
Seq7671_261_bp_1_1_0	AAA25966.1	42.86	7	4	0	4	10	677	683	7.3	16.0
Seq7671_261_bp_1_1_0	AAA32624.1	50.00	8	4	0	1	8	157	164	7.4	15.5
Seq7671_261_bp_1_1_0	AAA42531.1	50.00	6	3	0	5	10	120	125	7.6	15.0
Seq7671_261_bp_1_1_0	AAC17860.1	30.00	10	7	0	3	12	161	170	8	15.0
Seq7671_261_bp_1_1_0	BAA32956.1	75.00	4	1	0	9	12	27	30	8.1	14.0
Seq7671_261_bp_1_1_0	AAI27517.1	60.00	5	2	0	6	10	444	448	8.2	15.5
Seq7671_261_bp_1_1_0	ABN10845.1	25.00	9	6	1	2	10	12	19	8.3	14.0
Seq7671_261_bp_1_1_0	AAB64315.2	33.33	12	8	0	1	12	113	124	8.9	14.5
Seq7671_261_bp_1_1_0	AAQ92751.2	60.00	5	2	0	6	10	1149	1153	9.7	16.5
Seq7671_261_bp_1_1_1	AAH69556.1	45.45	11	6	0	1	11	285	295	0.012	24.0
Seq7671_261_bp_1_1_1	CAA73529.1	50.00	10	5	0	2	11	97	106	0.29	19.3
Seq7671_261_bp_1_1_1	ACT10338.1	71.43	7	2	0	5	11	320	326	0.58	18.8
Seq7671_261_bp_1_1_1	AAA45888.1	62.50	8	3	0	1	8	113	120	0.82	18.3
Seq7671_261_bp_1_1_1	CAA26230.1	37.50	8	5	0	3	10	194	201	0.84	18.8
Seq7671_261_bp_1_1_1	AAC78721.1	57.14	7	3	0	4	10	75	81	1	18.8
Seq7671_261_bp_1_1_1	AAA42531.1	44.44	9	5	0	4	12	382	390	1.2	17.8
Seq7671_261_bp_1_1_1	AEE27845.1	40.00	10	6	0	1	10	388	397	1.4	19.3
Seq7671_261_bp_1_1_1	AAI27517.1	57.14	7	3	0	6	12	197	203	1.8	17.8
Seq7671_261_bp_1_1_1	ABN10845.1	27.27	11	8	0	1	11	174	184	2	16.2
Seq7671_261_bp_1_1_1	ABD49687.1	66.67	6	2	0	2	7	812	817	2.5	18.8
Seq7671_261_bp_1_1_1	EDO47375.1	28.57	7	5	0	1	7	118	124	3.4	15.2
Seq7671_261_bp_1_1_1	ABG75784.1	27.27	11	8	0	1	11	136	146	4	15.7
Seq7671_261_bp_1_1_1	CAA43372.1	30.00	10	7	0	2	11	112	121	5.2	15.7
Seq7671_261_bp_1_1_1	CAA04196.1	100.00	3	0	0	2	4	258	260	5.2	15.7
Seq7671_261_bp_1_1_1	AAC97205.1	80.00	5	1	0	4	8	782	786	5.2	17.2
Seq7671_261_bp_1_1_1	AAB26998.1	100.00	3	0	0	6	8	3	5	5.9	13.1
Seq7671_261_bp_1_1_1	AAA32624.1	50.00	4	2	0	1	4	244	247	6.5	15.7
Seq7671_261_bp_1_1_1	AAR31603.1	50.00	8	4	0	5	12	12	19	8.2	14.6
Seq7671_261_bp_1_1_1	AAA32376.1	36.36	11	7	0	2	12	134	144	8.8	13.6
Seq7671_261_bp_1_1_1	AAA23282.1	42.86	7	4	0	5	11	181	187	9.8	15.2
Seq7671_261_bp_1_1_2	AAA45888.1	55.56	9	4	0	2	10	54	62	0.33	19.4
Seq7671_261_bp_1_1_2	AAB96524.1	44.44	9	5	0	2	10	153	161	1.5	16.1
Seq7671_261_bp_1_1_2	AII71783.1	42.86	7	4	0	1	7	300	306	3.6	15.5
Seq7671_261_bp_1_1_2	AAX12058.1	60.00	5	2	0	2	6	262	266	4.7	15.0
Seq7671_261_bp_1_1_2	ABG75784.1	50.00	6	3	0	4	9	293	298	5.3	15.0
Seq7671_261_bp_1_1_2	AAB26998.1	100.00	3	0	0	5	7	42	44	6	12.8
Seq7671_261_bp_1_1_2	CAA73529.1	75.00	4	1	0	4	7	5	8	6.7	14.4
Seq7671_261_bp_1_1_2	CAA04196.1	50.00	8	4	0	1	8	144	151	7	15.0
Seq7671_261_bp_1_1_2	AAA42531.1	50.00	8	4	0	1	8	240	247	9.2	14.4
Seq7671_261_bp_1_1_3	ABN10845.1	54.55	11	5	0	1	11	94	104	0.014	23.2
Seq7671_261_bp_1_1_3	AAA32376.1	50.00	10	5	0	1	10	126	135	0.64	17.4
Seq7671_261_bp_1_1_3	AAB96524.1	33.33	9	6	0	2	10	157	165	0.69	17.4
Seq7671_261_bp_1_1_3	AII71783.1	37.50	8	5	0	1	8	131	138	1.6	16.8
Seq7671_261_bp_1_1_3	AAA25966.1	50.00	10	5	0	2	11	641	650	2.7	17.4
Seq7671_261_bp_1_1_3	CAA43372.1	80.00	5	1	0	1	5	173	177	3.1	16.3
Seq7671_261_bp_1_1_3	AAF01122.1	37.50	8	5	0	1	8	32	39	4.1	15.8
Seq7671_261_bp_1_1_3	EDO47375.1	37.50	8	5	0	1	8	100	107	4.3	14.7
Seq7671_261_bp_1_1_3	AAA65607.1	50.00	6	3	0	6	11	102	107	8	14.7
Seq7671_261_bp_1_1_3	CAA26230.1	44.44	9	5	0	2	10	291	299	8.4	15.2
Seq7671_261_bp_1_1_3	AAA23282.1	37.50	8	5	0	4	11	49	56	8.6	15.2
Seq7671_261_bp_1_1_3	AAX12058.1	42.86	7	4	0	4	10	178	184	8.6	14.2
Seq7671_261_bp_1_1_3	BAB79260.1	20.00	10	8	0	1	10	249	258	9.7	14.7
Seq7671_261_bp_1_1_3	CAA11507.1	44.44	9	5	0	1	9	1039	1047	9.7	16.3
Seq7671_261_bp_-1_0_0	AAX84812.1	71.43	7	2	0	8	14	87	93	1.9	16.8
Seq7671_261_bp_-1_0_0	AAA32376.1	30.00	10	7	0	1	10	114	123	7.4	14.3
Seq7671_261_bp_-1_0_0	AAA45888.1	26.67	15	11	0	1	15	97	111	9.1	15.1
Seq7671_261_bp_-1_0_0	ABN10845.1	35.71	15	9	1	2	15	19	33	9.1	14.3
Seq7671_261_bp_-1_0_1	AAB96524.1	50.00	13	6	1	2	13	156	168	0.29	19.1
Seq7671_261_bp_-1_0_1	AII71783.1	50.00	15	6	3	1	15	223	234	0.86	18.2
Seq7671_261_bp_-1_0_1	AAA45888.1	77.78	11	2	2	5	13	154	164	1.4	17.8
Seq7671_261_bp_-1_0_1	ABN10845.1	46.15	16	7	3	1	13	21	36	1.5	16.9
Seq7671_261_bp_-1_0_1	AAA72732.1	57.14	7	3	0	7	13	219	225	1.6	17.4
Seq7671_261_bp_-1_0_1	BAB79260.1	44.44	9	5	0	5	13	167	175	1.7	17.8
Seq7671_261_bp_-1_0_1	AAA32624.1	50.00	10	5	0	6	15	191	200	2	17.8
Seq7671_261_bp_-1_0_1	ABS38337.1	53.85	14	6	1	3	15	1255	1268	2	19.1
Seq7671_261_bp_-1_0_1	AAA36565.1	40.00	15	9	0	1	15	78	92	2	16.1
Seq7671_261_bp_-1_0_1	AAF01122.1	83.33	6	1	0	7	12	317	322	2.5	16.9
Seq7671_261_bp_-1_0_1	AAA42531.1	57.14	7	3	0	1	7	236	242	6.1	15.7
Seq7671_261_bp_-1_0_1	ABD49687.1	66.67	6	2	0	10	15	233	238	6.2	17.8
Seq7671_261_bp_-1_0_1	AAH69556.1	44.44	9	5	0	4	12	180	188	8.4	14.8
Seq7671_261_bp_-1_0_2	CAA45199.1	66.67	9	3	0	7	15	207	215	1.6	19.2
Seq7671_261_bp_-1_0_2	CAA73529.1	47.37	22	10	3	17	35	81	102	3.1	17.4
Seq7671_261_bp_-1_0_2	BAA32956.1	14.29	21	18	0	14	34	131	151	3.9	16.7
Seq7671_261_bp_-1_0_2	CAA43372.1	22.58	32	24	1	3	34	136	166	7.3	16.7
Seq7671_261_bp_-1_0_2	ABS38337.1	42.11	20	11	1	1	19	1000	1019	8.5	18.1
Seq7671_261_bp_-1_0_2	AAB96524.1	50.00	16	7	2	2	17	53	66	8.6	15.3
Seq7671_261_bp_-1_0_2	ACT10338.1	38.89	18	11	0	15	32	331	348	8.7	16.4
Seq7671_261_bp_-1_1_0	AAH69556.1	71.43	7	2	0	3	9	188	194	0.39	19.6
Seq7671_261_bp_-1_1_0	AAX12058.1	46.15	13	7	0	3	15	211	223	0.47	19.2
Seq7671_261_bp_-1_1_0	ABS38337.1	50.00	10	5	0	1	10	131	140	0.54	21.2
Seq7671_261_bp_-1_1_0	CAA04196.1	38.46	13	8	0	2	14	355	367	2.2	17.6
Seq7671_261_bp_-1_1_0	AIR13712.1	35.71	14	9	0	1	14	280	293	2.3	17.2
Seq7671_261_bp_-1_1_0	BAA32956.1	55.56	9	4	0	5	13	42	50	2.6	16.3
Seq7671_261_bp_-1_1_0	AAA24969.1	53.85	13	6	0	1	13	58	70	2.6	19.2
Seq7671_261_bp_-1_1_0	ABN10845.1	46.15	14	7	1	1	14	114	126	2.6	16.3
Seq7671_261_bp_-1_1_0	AAR37016.1	37.50	16	10	0	3	18	1789	1804	3	19.6
Seq7671_261_bp_-1_1_0	ACH70904.1	40.00	10	6	0	8	17	113	122	3.3	16.7
Seq7671_261_bp_-1_1_0	CAD53387.1	50.00	8	4	0	9	16	33	40	3.4	17.2
Seq7671_261_bp_-1_1_0	ACT10338.1	37.50	16	10	0	3	18	84	99	3.5	16.7
Seq7671_261_bp_-1_1_0	CAA74140.1	83.33	6	1	0	9	14	924	929	3.6	18.0
Seq7671_261_bp_-1_1_0	AAA32376.1	55.56	9	4	0	6	14	74	82	4.8	15.1
Seq7671_261_bp_-1_1_0	AAI27517.1	33.33	15	10	0	2	16	396	410	5.3	16.7
Seq7671_261_bp_-1_1_0	BAB79260.1	62.50	8	3	0	7	14	261	268	5.4	16.3
Seq7671_261_bp_-1_1_0	AAA18786.1	44.44	9	5	0	6	14	213	221	5.6	15.5
Seq7671_261_bp_-1_1_0	AAQ92751.2	41.67	12	7	0	5	16	407	418	6.9	17.6
Seq7671_261_bp_-1_1_0	AAC78721.1	80.00	5	1	0	4	8	75	79	7.8	16.3
Seq7671_261_bp_-1_1_0	AAA45888.1	50.00	8	4	0	10	17	305	312	7.8	15.5
Seq7671_261_bp_-1_1_0	ABL74574.1	50.00	16	7	2	3	16	114	129	7.8	15.1
Seq7671_261_bp_-1_1_0	AAC97205.1	66.67	6	2	0	3	8	781	786	8.1	17.2
Seq7671_261_bp_-1_1_0	ABG75784.1	44.44	9	5	0	3	11	267	275	8.4	15.1
Seq7671_261_bp_-1_1_0	BAA32991.1	44.44	9	5	0	10	18	49	57	10	12.7
Seq7671_261_bp_-1_2_0	AAB26998.1	36.36	11	7	0	4	14	50	60	0.17	18.5
Seq7671_261_bp_-1_2_0	EDO47375.1	44.44	10	5	1	1	10	177	185	0.2	19.5
Seq7671_261_bp_-1_2_0	AAA45888.1	83.33	6	1	0	7	12	36	41	0.21	20.5
Seq7671_261_bp_-1_2_0	ABG75784.1	36.36	11	7	0	4	14	304	314	0.33	19.5
Seq7671_261_bp_-1_2_0	BAA32956.1	57.14	7	3	0	3	9	133	139	0.88	17.5
Seq7671_261_bp_-1_2_0	BAA32018.1	33.33	9	6	0	1	9	183	191	1.3	18.5
Seq7671_261_bp_-1_2_0	AAX84812.1	60.00	5	2	0	10	14	87	91	1.4	17.1
Seq7671_261_bp_-1_2_0	CAA26230.1	55.56	9	4	0	5	13	365	373	1.6	18.0
Seq7671_261_bp_-1_2_0	AAA32624.1	62.50	8	3	0	5	12	328	335	2.2	17.5
Seq7671_261_bp_-1_2_0	AAA24142.1	80.00	5	1	0	1	5	293	297	2.6	17.1
Seq7671_261_bp_-1_2_0	BAB79260.1	80.00	5	1	0	7	11	207	211	2.6	17.1
Seq7671_261_bp_-1_2_0	AAI27517.1	44.44	9	5	0	1	9	202	210	3.4	17.1
Seq7671_261_bp_-1_2_0	AAA25966.1	80.00	5	1	0	8	12	245	249	4.1	17.1
Seq7671_261_bp_-1_2_0	ABS38337.1	41.67	12	7	0	2	13	741	752	5.2	17.5
Seq7671_261_bp_-1_2_0	CAA73529.1	23.08	13	10	0	1	13	22	34	6	15.1
Seq7671_261_bp_-1_2_0	AAC17860.1	42.86	7	4	0	7	13	329	335	6.4	15.6
Seq7671_261_bp_-1_2_0	CAA11507.1	40.00	10	6	0	4	13	910	919	7.5	17.1
Seq7671_261_bp_-1_2_0	ABD33854.1	20.00	10	8	0	5	14	52	61	7.6	12.6
Seq7671_261_bp_-1_2_0	AAR31603.1	60.00	5	2	0	7	11	131	135	9.8	14.6
Seq7671_261_bp_-1_2_1	AAA32624.1	45.45	11	6	0	1	11	108	118	0.18	20.8
Seq7671_261_bp_-1_2_1	ABS38337.1	60.00	10	4	0	2	11	750	759	0.32	21.3
Seq7671_261_bp_-1_2_1	BAA32956.1	37.50	8	5	0	1	8	79	86	4.9	14.7
Seq7671_261_bp_-1_2_1	AAA72732.1	50.00	8	4	0	4	11	134	141	5.3	15.1
Seq7671_261_bp_-1_2_1	ABG75784.1	66.67	6	2	0	6	11	174	179	7.2	14.7
Seq7671_261_bp_-1_2_1	AAI27517.1	50.00	8	4	0	1	8	389	396	9.5	15.1
Seq7671_261_bp_-1_2_2	AAC08817.1	44.44	9	5	0	2	10	66	74	1.7	16.1
Seq7671_261_bp_-1_2_2	EDO47375.1	33.33	12	8	0	1	12	60	71	5.2	14.7
Seq7671_261_bp_-1_2_2	AAB96524.1	45.45	13	6	2	3	13	131	143	6.9	14.2
Seq7671_261_bp_-1_2_2	AAA45888.1	80.00	5	1	0	2	6	158	162	7.4	15.1
Seq7671_261_bp_-1_2_2	CAA04196.1	36.36	11	7	0	3	13	117	127	8	15.1
Seq7671_261_bp_-1_2_2	AAX84812.1	40.00	10	6	0	4	13	9	18	8.5	14.2
Seq7671_261_bp_-1_2_2	AAF01122.1	41.67	12	7	0	1	12	191	202	9.8	14.7
