Seq8569_434_bp_1_0_0	ENA|CAL82360|CAL82360.1	100.00	10	0	0	1	10	809	818	7.6e-05	33.2
Seq8569_434_bp_1_0_0	ENA|AAS77176|AAS77176.1	60.00	10	4	0	1	10	102	111	1	17.3
Seq8569_434_bp_1_0_0	ENA|BAA36759|BAA36759.1	57.14	7	3	0	2	8	165	171	2.9	15.8
Seq8569_434_bp_1_0_0	ENA|BAA32956|BAA32956.1	50.00	8	4	0	2	9	51	58	3	15.3
Seq8569_434_bp_1_0_0	ENA|AAA72732|AAA72732.1	57.14	7	3	0	1	7	217	223	3.1	15.8
Seq8569_434_bp_1_0_0	ENA|CAA29956|CAA29956.1	37.50	8	5	0	2	9	195	202	3.7	15.8
Seq8569_434_bp_1_0_0	ENA|CAA28033|CAA28033.1	62.50	8	3	0	1	8	875	882	4.5	17.3
Seq8569_434_bp_1_0_0	ENA|CAA45199|CAA45199.1	57.14	7	3	0	3	9	13	19	4.7	15.8
Seq8569_434_bp_1_0_0	ENA|AAC78721|AAC78721.1	50.00	10	5	0	1	10	460	469	4.7	16.3
Seq8569_434_bp_1_0_0	ENA|CAA29968|CAA29968.1	75.00	4	1	0	1	4	64	67	5.5	14.2
Seq8569_434_bp_1_0_0	ENA|CAB75732|CAB75732.1	40.00	10	6	0	1	10	740	749	5.6	16.8
Seq8569_434_bp_1_0_0	ENA|CAA11507|CAA11507.1	71.43	7	2	0	4	10	1315	1321	6.5	16.8
Seq8569_434_bp_1_0_0	ENA|AAC40132|AAC40132.1	50.00	8	4	0	2	9	449	456	6.6	15.3
Seq8569_434_bp_1_0_0	ENA|BAB17681|BAB17681.1	37.50	8	5	0	2	9	245	252	7.6	14.2
Seq8569_434_bp_1_0_0	ENA|AAC49865|AAC49865.1	50.00	8	4	0	3	10	164	171	9	14.2
Seq8569_434_bp_1_0_1	ENA|CAL82360|CAL82360.1	100.00	24	0	0	1	24	838	861	2.6e-13	62.6
Seq8569_434_bp_1_0_1	ENA|CAA28033|CAA28033.1	52.63	19	9	0	3	21	850	868	0.0041	28.7
Seq8569_434_bp_1_0_1	ENA|AAA24145|AAA24145.1	38.46	13	8	0	8	20	100	112	1.2	19.0
Seq8569_434_bp_1_0_1	ENA|CAA36214|CAA36214.1	55.56	9	4	0	5	13	205	213	1.8	17.8
Seq8569_434_bp_1_0_1	ENA|CAA45199|CAA45199.1	30.00	20	14	0	5	24	286	305	2.7	17.8
Seq8569_434_bp_1_0_1	ENA|BAA32018|BAA32018.1	27.27	22	16	0	3	24	280	301	2.7	18.2
Seq8569_434_bp_1_0_1	ENA|CAA43419|CAA43419.1	22.73	22	17	0	3	24	93	114	2.8	17.4
Seq8569_434_bp_1_0_1	ENA|CAA45708|CAA45708.1	53.85	13	6	0	1	13	57	69	2.9	19.4
Seq8569_434_bp_1_0_1	ENA|AAB03707|AAB03707.1	42.86	22	12	1	1	22	341	361	4.5	18.6
Seq8569_434_bp_1_0_1	ENA|AAA36539|AAA36539.1	38.89	18	11	0	1	18	189	206	4.7	17.0
Seq8569_434_bp_1_0_1	ENA|ABD49687|ABD49687.1	28.57	21	15	0	4	24	1	21	5.5	18.6
Seq8569_434_bp_1_0_1	ENA|AAR37016|AAR37016.1	37.50	16	10	0	2	17	880	895	5.7	19.0
Seq8569_434_bp_1_0_1	ENA|CAA73529|CAA73529.1	38.46	13	8	0	11	23	152	164	6.2	15.8
Seq8569_434_bp_1_0_1	ENA|BAA05866|BAA05866.1	30.77	13	9	0	12	24	111	123	6.9	15.8
Seq8569_434_bp_1_0_1	ENA|CAB75732|CAB75732.1	25.00	20	15	0	2	21	370	389	8.4	17.4
Seq8569_434_bp_1_0_1	ENA|AAC26660|AAC26660.1	35.00	20	13	0	4	23	7	26	9.8	15.0
Seq8569_434_bp_1_0_2	ENA|CAL82360|CAL82360.1	100.00	17	0	0	1	17	864	880	2.1e-08	45.8
Seq8569_434_bp_1_0_2	ENA|ABD33854|ABD33854.1	21.43	14	11	0	3	16	7	20	0.89	16.1
Seq8569_434_bp_1_0_2	ENA|AAA24145|AAA24145.1	42.86	14	8	0	3	16	143	156	2.5	17.4
Seq8569_434_bp_1_0_2	ENA|AAB03707|AAB03707.1	33.33	15	10	0	2	16	1198	1212	3.9	18.4
Seq8569_434_bp_1_0_2	ENA|CAA45199|CAA45199.1	28.57	14	10	0	3	16	117	130	4.7	16.5
Seq8569_434_bp_1_0_2	ENA|CAA28033|CAA28033.1	42.86	14	8	0	2	15	205	218	5	17.9
Seq8569_434_bp_1_0_2	ENA|CAA11507|CAA11507.1	43.75	17	9	1	1	17	766	781	7	17.4
Seq8569_434_bp_1_0_2	ENA|AAS77176|AAS77176.1	57.14	7	3	0	3	9	104	110	7.2	15.2
Seq8569_434_bp_1_0_2	ENA|AAC49865|AAC49865.1	60.00	10	4	0	8	17	120	129	8.1	15.2
Seq8569_434_bp_1_0_2	ENA|CAA29968|CAA29968.1	30.00	10	7	0	1	10	37	46	9	14.2
Seq8569_434_bp_1_0_2	ENA|AAA32624|AAA32624.1	50.00	10	5	0	6	15	170	179	9.4	15.6
Seq8569_434_bp_1_0_2	ENA|BAA32956|BAA32956.1	21.43	14	11	0	1	14	50	63	9.7	14.2
Seq8569_434_bp_1_0_2	ENA|AAF79734|AAF79734.1	40.00	15	9	0	3	17	886	900	10	17.0
Seq8569_434_bp_1_0_3	ENA|CAL82360|CAL82360.1	100.00	24	0	0	1	24	892	915	1.4e-13	63.5
Seq8569_434_bp_1_0_3	ENA|CAL82360|CAL82360.1	42.11	19	11	0	6	24	375	393	0.81	21.1
Seq8569_434_bp_1_0_3	ENA|AAC49865|AAC49865.1	47.62	22	11	1	2	23	146	166	0.16	21.5
Seq8569_434_bp_1_0_3	ENA|CAA73529|CAA73529.1	35.00	20	13	0	3	22	113	132	2.2	17.4
Seq8569_434_bp_1_0_3	ENA|AAA36114|AAA36114.1	43.48	26	13	3	2	24	429	454	2.3	18.2
Seq8569_434_bp_1_0_3	ENA|AAB03707|AAB03707.1	28.57	21	15	0	1	21	171	191	3.5	19.0
Seq8569_434_bp_1_0_3	ENA|AAA25966|AAA25966.1	29.41	17	12	0	2	18	708	724	4.3	17.8
Seq8569_434_bp_1_0_3	ENA|AAC17860|AAC17860.1	60.00	10	4	0	5	14	291	300	4.3	16.9
Seq8569_434_bp_1_0_3	ENA|CAA43419|CAA43419.1	29.41	17	12	0	8	24	150	166	5.1	16.5
Seq8569_434_bp_1_0_3	ENA|ABK71357|ABK71357.1	55.56	9	4	0	9	17	82	90	5.2	16.5
Seq8569_434_bp_1_0_3	ENA|AAA32624|AAA32624.1	33.33	23	14	2	1	21	271	293	5.5	16.9
Seq8569_434_bp_1_0_3	ENA|ABG75784|ABG75784.1	19.05	21	17	0	4	24	133	153	5.7	16.1
Seq8569_434_bp_1_0_3	ENA|CAA28033|CAA28033.1	25.00	16	12	0	2	17	9	24	5.8	18.2
Seq8569_434_bp_1_0_3	ENA|AAA36539|AAA36539.1	33.33	23	14	2	2	22	25	47	6.5	16.5
Seq8569_434_bp_1_0_3	ENA|AAC08817|AAC08817.1	27.78	18	13	0	4	21	108	125	6.7	14.9
Seq8569_434_bp_1_0_3	ENA|CAA45199|CAA45199.1	62.50	8	3	0	12	19	466	473	8.4	16.1
Seq8569_434_bp_1_0_3	ENA|CAB75732|CAB75732.1	29.41	17	12	0	5	21	867	883	8.8	17.4
Seq8569_434_bp_1_0_3	ENA|BAA32991|BAA32991.1	28.57	14	10	0	7	20	51	64	9	13.2
Seq8569_434_bp_1_0_3	ENA|BAA36759|BAA36759.1	33.33	12	8	0	10	21	63	74	9.1	15.3
Seq8569_434_bp_1_0_4	ENA|CAL82360|CAL82360.1	100.00	16	0	0	1	16	929	944	2.7e-08	45.3
Seq8569_434_bp_1_0_4	ENA|CAA28033|CAA28033.1	53.85	13	6	0	4	16	941	953	0.11	23.3
Seq8569_434_bp_1_0_4	ENA|CAA28033|CAA28033.1	42.86	14	8	0	1	14	346	359	0.78	20.5
Seq8569_434_bp_1_0_4	ENA|CAA36214|CAA36214.1	40.00	10	6	0	4	13	193	202	6.1	15.4
Seq8569_434_bp_1_0_4	ENA|CAA45708|CAA45708.1	53.33	16	7	1	2	16	1295	1310	8.2	17.3
Seq8569_434_bp_1_0_4	ENA|CAB75732|CAB75732.1	40.00	15	9	0	2	16	504	518	8.6	16.8
Seq8569_434_bp_1_0_4	ENA|AAA36539|AAA36539.1	30.77	13	9	0	1	13	268	280	9.2	15.4
Seq8569_434_bp_1_0_4	ENA|CAA11507|CAA11507.1	35.71	14	9	0	2	15	80	93	10	16.8
Seq8569_434_bp_1_1_0	ENA|BAB17681|BAB17681.1	40.00	10	6	0	1	10	104	113	0.64	18.0
Seq8569_434_bp_1_1_0	ENA|AAR31603|AAR31603.1	50.00	8	4	0	2	9	113	120	1.1	17.5
Seq8569_434_bp_1_1_0	ENA|CAA36214|CAA36214.1	57.14	7	3	0	3	9	15	21	1.5	16.9
Seq8569_434_bp_1_1_0	ENA|AAF79734|AAF79734.1	50.00	10	5	0	1	10	932	941	1.6	19.2
Seq8569_434_bp_1_1_0	ENA|BAB79260|BAB79260.1	22.22	9	7	0	1	9	235	243	1.6	17.5
Seq8569_434_bp_1_1_0	ENA|AAR37016|AAR37016.1	44.44	9	5	0	1	9	1170	1178	1.7	19.7
Seq8569_434_bp_1_1_0	ENA|AAC49865|AAC49865.1	50.00	6	3	0	6	11	196	201	2.4	16.4
Seq8569_434_bp_1_1_0	ENA|CAA29968|CAA29968.1	30.00	10	7	0	2	11	68	77	3.1	15.2
Seq8569_434_bp_1_1_0	ENA|BAA32956|BAA32956.1	80.00	5	1	0	4	8	147	151	3.4	15.2
Seq8569_434_bp_1_1_0	ENA|AAA72732|AAA72732.1	50.00	6	3	0	6	11	120	125	3.4	15.8
Seq8569_434_bp_1_1_0	ENA|AAA24145|AAA24145.1	30.00	10	7	0	2	11	331	340	3.4	16.4
Seq8569_434_bp_1_1_0	ENA|CAL82360|CAL82360.1	66.67	10	3	1	2	10	501	510	4.3	17.5
Seq8569_434_bp_1_1_0	ENA|BAA05866|BAA05866.1	60.00	5	2	0	6	10	160	164	4.8	15.2
Seq8569_434_bp_1_1_0	ENA|AAA32624|AAA32624.1	75.00	4	1	0	7	10	212	215	5.5	15.8
Seq8569_434_bp_1_1_0	ENA|ACT10338|ACT10338.1	30.00	10	7	0	1	10	195	204	6	15.2
Seq8569_434_bp_1_1_0	ENA|AAC26660|AAC26660.1	28.57	7	5	0	3	9	105	111	8.5	14.1
Seq8569_434_bp_1_1_0	ENA|AAA18786|AAA18786.1	40.00	5	3	0	2	6	99	103	8.8	14.1
Seq8569_434_bp_1_1_0	ENA|AAI27517|AAI27517.1	33.33	9	6	0	2	10	263	271	8.9	15.2
Seq8569_434_bp_1_1_1	ENA|EDO47375|EDO47375.1	9.09	11	10	0	2	12	114	124	2.5	15.6
Seq8569_434_bp_1_1_1	ENA|AAC97205|AAC97205.1	27.27	11	8	0	2	12	1234	1244	4.6	17.5
Seq8569_434_bp_1_1_1	ENA|CAA26023|CAA26023.1	27.27	11	8	0	2	12	109	119	5.1	15.6
Seq8569_434_bp_1_1_1	ENA|BAA32956|BAA32956.1	27.27	11	8	0	2	12	129	139	7.1	14.2
Seq8569_434_bp_1_1_1	ENA|AAR31603|AAR31603.1	50.00	6	3	0	4	9	61	66	8	14.7
Seq8569_434_bp_1_2_0	ENA|BAB17681|BAB17681.1	55.56	9	4	0	1	9	85	93	3.7	15.6
Seq8569_434_bp_1_2_0	ENA|AAS77176|AAS77176.1	62.50	8	3	0	4	11	118	125	3.8	15.6
Seq8569_434_bp_1_2_0	ENA|ABD33854|ABD33854.1	42.86	7	4	0	2	8	4	10	5.6	12.9
Seq8569_434_bp_-1_0_0	ENA|EDO47375|EDO47375.1	50.00	10	5	0	1	10	111	120	0.21	19.0
Seq8569_434_bp_-1_0_0	ENA|AAA72732|AAA72732.1	37.50	8	5	0	3	10	8	15	5	15.1
Seq8569_434_bp_-1_0_0	ENA|ABG75784|ABG75784.1	40.00	10	6	0	1	10	294	303	5	15.1
Seq8569_434_bp_-1_0_0	ENA|CAA29956|CAA29956.1	55.56	9	4	0	2	10	313	321	6	15.1
Seq8569_434_bp_-1_0_0	ENA|AAB96524|AAB96524.1	42.86	7	4	0	4	10	90	96	6.4	13.9
Seq8569_434_bp_-1_0_0	ENA|ABD33854|ABD33854.1	22.22	9	7	0	2	10	3	11	6.9	12.3
Seq8569_434_bp_-1_0_0	ENA|BAB79260|BAB79260.1	44.44	9	5	0	2	10	204	212	7.1	15.1
Seq8569_434_bp_-1_0_0	ENA|BAA32956|BAA32956.1	57.14	7	3	0	4	10	124	130	7.2	13.9
Seq8569_434_bp_-1_0_0	ENA|ABN10845|ABN10845.1	42.86	7	4	0	2	8	32	38	7.4	13.9
Seq8569_434_bp_-1_0_0	ENA|ACH70901|ACH70901.1	80.00	5	1	0	4	8	298	302	8.2	14.5
Seq8569_434_bp_-1_0_0	ENA|AAB26998|AAB26998.1	50.00	8	4	0	1	8	50	57	8.4	12.3
Seq8569_434_bp_-1_0_0	ENA|AAI27517|AAI27517.1	25.00	8	6	0	1	8	227	234	9.1	15.1
Seq8569_434_bp_-1_0_1	ENA|ABN10845|ABN10845.1	36.36	11	7	0	1	11	23	33	0.91	17.2
Seq8569_434_bp_-1_0_1	ENA|CAB75732|CAB75732.1	36.36	11	7	0	1	11	579	589	1.1	19.4
Seq8569_434_bp_-1_0_1	ENA|AAC40132|AAC40132.1	33.33	9	6	0	1	9	101	109	2	17.2
Seq8569_434_bp_-1_0_1	ENA|BAA36759|BAA36759.1	66.67	6	2	0	1	6	61	66	2.6	16.1
Seq8569_434_bp_-1_0_1	ENA|AAC97205|AAC97205.1	40.00	10	6	0	2	11	792	801	3.5	17.7
Seq8569_434_bp_-1_0_1	ENA|CAA36214|CAA36214.1	100.00	4	0	0	4	7	266	269	3.9	15.5
Seq8569_434_bp_-1_0_1	ENA|AAA72732|AAA72732.1	57.14	7	3	0	5	11	12	18	4	15.5
Seq8569_434_bp_-1_0_1	ENA|AAR37016|AAR37016.1	50.00	10	5	0	2	11	353	362	4.5	18.3
Seq8569_434_bp_-1_0_1	ENA|CAA26939|CAA26939.1	80.00	5	1	0	1	5	150	154	5	16.1
Seq8569_434_bp_-1_0_1	ENA|CAL82360|CAL82360.1	50.00	6	3	0	3	8	355	360	5.2	17.2
Seq8569_434_bp_-1_0_1	ENA|AAQ92751|AAQ92751.2	45.45	11	6	0	1	11	323	333	5.6	17.2
Seq8569_434_bp_-1_0_1	ENA|BAB79260|BAB79260.1	60.00	5	2	0	5	9	249	253	5.7	15.5
Seq8569_434_bp_-1_0_1	ENA|ABK71357|ABK71357.1	71.43	7	2	0	5	11	66	72	6.8	15.0
Seq8569_434_bp_-1_0_1	ENA|CAA26023|CAA26023.1	50.00	6	3	0	1	6	143	148	7	15.0
Seq8569_434_bp_-1_0_1	ENA|ACT10338|ACT10338.1	33.33	9	6	0	1	9	38	46	7.1	15.0
Seq8569_434_bp_-1_0_1	ENA|AAA18786|AAA18786.1	50.00	8	4	0	4	11	149	156	7.1	14.4
Seq8569_434_bp_-1_0_1	ENA|AAC17860|AAC17860.1	60.00	5	2	0	1	5	90	94	7.5	15.0
Seq8569_434_bp_-1_0_1	ENA|CAA36714|CAA36714.1	42.86	7	4	0	1	7	331	337	8.4	15.0
Seq8569_434_bp_-1_0_1	ENA|AAR31603|AAR31603.1	37.50	8	5	0	1	8	151	158	8.7	14.4
Seq8569_434_bp_-1_0_1	ENA|CAA24711|CAA24711.1	36.36	11	7	0	1	11	121	131	9.7	13.3
Seq8569_434_bp_-1_0_2	ENA|CAA11507|CAA11507.1	38.46	13	8	0	2	14	262	274	0.57	21.0
Seq8569_434_bp_-1_0_2	ENA|AAB03707|AAB03707.1	54.55	11	5	0	2	12	246	256	0.58	21.0
Seq8569_434_bp_-1_0_2	ENA|CAA73529|CAA73529.1	33.33	12	8	0	1	12	156	167	2.1	16.8
Seq8569_434_bp_-1_0_2	ENA|AAA42531|AAA42531.1	46.15	14	7	1	2	15	185	197	2.1	17.2
Seq8569_434_bp_-1_0_2	ENA|AAC26660|AAC26660.1	21.43	14	11	0	1	14	230	243	2.7	16.3
Seq8569_434_bp_-1_0_2	ENA|CAA26023|CAA26023.1	60.00	10	4	0	1	10	67	76	4	16.3
Seq8569_434_bp_-1_0_2	ENA|AAF79734|AAF79734.1	33.33	9	6	0	3	11	1273	1281	4.1	18.2
Seq8569_434_bp_-1_0_2	ENA|BAA36759|BAA36759.1	38.46	13	8	0	3	15	159	171	4.2	15.8
Seq8569_434_bp_-1_0_2	ENA|CAA45708|CAA45708.1	50.00	6	3	0	2	7	291	296	4.3	18.2
Seq8569_434_bp_-1_0_2	ENA|AAB66912|AAB66912.1	83.33	6	1	0	2	7	322	327	5	17.2
Seq8569_434_bp_-1_0_2	ENA|CAA43419|CAA43419.1	55.56	9	4	0	4	12	104	112	5.2	15.8
Seq8569_434_bp_-1_0_2	ENA|BAB79260|BAB79260.1	62.50	8	3	0	3	10	134	141	6.4	15.8
Seq8569_434_bp_-1_0_2	ENA|AAB96524|AAB96524.1	27.27	11	8	0	2	12	113	123	6.9	14.4
Seq8569_434_bp_-1_0_2	ENA|CAA26939|CAA26939.1	36.36	11	7	0	1	11	310	320	7.9	15.8
Seq8569_434_bp_-1_0_2	ENA|ABG75784|ABG75784.1	50.00	8	4	0	6	13	50	57	8.3	14.9
Seq8569_434_bp_-1_0_2	ENA|AAA24145|AAA24145.1	15.38	13	11	0	2	14	71	83	8.8	15.3
Seq8569_434_bp_-1_0_2	ENA|AAC78721|AAC78721.1	45.45	11	6	0	4	14	228	238	9.3	15.8
Seq8569_434_bp_-1_0_3	ENA|ABN10845|ABN10845.1	50.00	8	4	0	2	9	107	114	2.2	15.8
Seq8569_434_bp_-1_0_3	ENA|CAL82360|CAL82360.1	57.14	7	3	0	3	9	503	509	2.6	18.1
Seq8569_434_bp_-1_0_3	ENA|CAA11507|CAA11507.1	50.00	10	5	0	1	10	1090	1099	6	16.9
Seq8569_434_bp_-1_0_3	ENA|AAS77176|AAS77176.1	40.00	10	6	0	1	10	105	114	6.3	14.6
Seq8569_434_bp_-1_0_3	ENA|AAC40132|AAC40132.1	40.00	10	6	0	1	10	137	146	6.9	15.2
Seq8569_434_bp_-1_0_3	ENA|ABD49687|ABD49687.1	55.56	9	4	0	1	9	653	661	7.5	16.9
Seq8569_434_bp_-1_0_3	ENA|CAA29956|CAA29956.1	50.00	6	3	0	5	10	53	58	8	14.6
Seq8569_434_bp_-1_0_3	ENA|AAC26660|AAC26660.1	60.00	5	2	0	2	6	204	208	8.1	14.0
Seq8569_434_bp_-1_0_3	ENA|AAB96524|AAB96524.1	75.00	4	1	0	3	6	89	92	8.7	13.5
Seq8569_434_bp_-1_0_4	ENA|CCP43727|CCP43727.1	33.33	9	6	0	1	9	274	282	1.5	16.9
Seq8569_434_bp_-1_0_4	ENA|AAB66912|AAB66912.1	50.00	8	4	0	2	9	867	874	2.1	17.9
Seq8569_434_bp_-1_0_4	ENA|AAA72732|AAA72732.1	83.33	6	1	0	1	6	15	20	2.1	16.4
Seq8569_434_bp_-1_0_4	ENA|CAA11507|CAA11507.1	71.43	7	2	0	4	10	622	628	2.1	18.5
Seq8569_434_bp_-1_0_4	ENA|CAA45708|CAA45708.1	62.50	8	3	0	2	9	248	255	3.4	17.9
Seq8569_434_bp_-1_0_4	ENA|ABD33854|ABD33854.1	42.86	7	4	0	1	7	19	25	3.8	13.2
Seq8569_434_bp_-1_0_4	ENA|CAA36714|CAA36714.1	66.67	6	2	0	2	7	200	205	4.4	15.8
Seq8569_434_bp_-1_0_4	ENA|AAC17860|AAC17860.1	40.00	10	6	0	1	10	246	255	5.6	15.3
Seq8569_434_bp_-1_0_4	ENA|ACH70901|ACH70901.1	37.50	8	5	0	1	8	44	51	6.9	14.8
Seq8569_434_bp_-1_0_4	ENA|BAA32956|BAA32956.1	40.00	10	6	0	1	10	115	124	8.3	13.7
Seq8569_434_bp_-1_0_4	ENA|AAA32624|AAA32624.1	55.56	9	4	0	1	9	447	455	9.8	14.8
Seq8569_434_bp_-1_0_4	ENA|AAC26660|AAC26660.1	60.00	5	2	0	4	8	155	159	9.9	13.7
Seq8569_434_bp_-1_1_0	ENA|ABG75784|ABG75784.1	40.00	10	6	0	3	12	49	58	0.88	17.9
Seq8569_434_bp_-1_1_0	ENA|BAA32018|BAA32018.1	41.67	12	7	0	1	12	138	149	3.3	17.0
Seq8569_434_bp_-1_1_0	ENA|CAA45199|CAA45199.1	44.44	9	5	0	2	10	465	473	3.4	16.5
Seq8569_434_bp_-1_1_0	ENA|AAC78721|AAC78721.1	71.43	7	2	0	3	9	51	57	3.5	17.0
Seq8569_434_bp_-1_1_0	ENA|BAB17681|BAB17681.1	44.44	9	5	0	4	12	244	252	3.7	15.6
Seq8569_434_bp_-1_1_0	ENA|AAB03707|AAB03707.1	44.44	9	5	0	3	11	1134	1142	5.1	17.4
Seq8569_434_bp_-1_1_0	ENA|AAA25966|AAA25966.1	33.33	12	8	0	1	12	429	440	7	16.0
Seq8569_434_bp_-1_1_0	ENA|AAA36114|AAA36114.1	62.50	8	3	0	3	10	254	261	9.1	15.1
Seq8569_434_bp_-1_1_1	ENA|AAB66912|AAB66912.1	41.67	12	7	0	1	12	351	362	1.4	19.4
Seq8569_434_bp_-1_1_1	ENA|BAB17681|BAB17681.1	54.55	12	5	1	6	16	117	128	1.7	17.4
Seq8569_434_bp_-1_1_1	ENA|AAC26660|AAC26660.1	40.00	16	9	1	4	18	179	194	3.5	16.1
Seq8569_434_bp_-1_1_1	ENA|AAA36539|AAA36539.1	42.86	16	8	2	5	18	325	340	4.9	16.6
Seq8569_434_bp_-1_1_1	ENA|AAR31603|AAR31603.1	26.67	15	11	0	1	15	94	108	5.9	15.7
Seq8569_434_bp_-1_1_1	ENA|AAA24145|AAA24145.1	38.46	13	8	0	5	17	322	334	6.2	16.1
Seq8569_434_bp_-1_1_1	ENA|ABN10845|ABN10845.1	20.00	10	8	0	1	10	45	54	6.8	14.9
Seq8569_434_bp_-1_1_1	ENA|CAL82360|CAL82360.1	50.00	10	5	0	1	10	1005	1014	7.4	17.4
Seq8569_434_bp_-1_1_1	ENA|AAB26998|AAB26998.1	37.50	8	5	0	6	13	43	50	7.5	13.3
Seq8569_434_bp_-1_1_1	ENA|CAA28033|CAA28033.1	36.36	11	7	0	8	18	42	52	9.7	17.0
Seq8569_434_bp_-1_2_0	ENA|CAA28033|CAA28033.1	43.75	16	9	0	1	16	546	561	0.066	24.1
Seq8569_434_bp_-1_2_0	ENA|CAA28033|CAA28033.1	40.00	18	9	3	2	16	930	947	0.77	20.6
Seq8569_434_bp_-1_2_0	ENA|ABK71357|ABK71357.1	50.00	8	4	0	1	8	267	274	0.31	20.1
Seq8569_434_bp_-1_2_0	ENA|ACH70901|ACH70901.1	44.44	9	5	0	5	13	78	86	0.43	19.5
Seq8569_434_bp_-1_2_0	ENA|CAL82360|CAL82360.1	41.67	12	7	0	5	16	927	938	0.54	21.1
Seq8569_434_bp_-1_2_0	ENA|BAB17681|BAB17681.1	36.36	11	7	0	4	14	71	81	0.94	18.0
Seq8569_434_bp_-1_2_0	ENA|AAA36114|AAA36114.1	33.33	12	8	0	5	16	271	282	1.2	18.5
Seq8569_434_bp_-1_2_0	ENA|CAA29968|CAA29968.1	16.67	12	10	0	4	15	32	43	1.3	17.0
Seq8569_434_bp_-1_2_0	ENA|AAA25966|AAA25966.1	40.00	10	6	0	2	11	417	426	1.7	18.5
Seq8569_434_bp_-1_2_0	ENA|AAA42531|AAA42531.1	46.15	13	7	0	1	13	231	243	1.9	17.5
Seq8569_434_bp_-1_2_0	ENA|BAB79260|BAB79260.1	33.33	12	8	0	2	13	267	278	3.1	17.0
Seq8569_434_bp_-1_2_0	ENA|AAC26660|AAC26660.1	33.33	9	6	0	4	12	14	22	3.5	16.0
Seq8569_434_bp_-1_2_0	ENA|AAA18786|AAA18786.1	30.77	13	9	0	4	16	3	15	3.7	16.0
Seq8569_434_bp_-1_2_0	ENA|AAC49865|AAC49865.1	45.45	11	6	0	2	12	201	211	4.5	16.0
Seq8569_434_bp_-1_2_0	ENA|AAA36539|AAA36539.1	33.33	9	6	0	8	16	194	202	4.6	16.5
Seq8569_434_bp_-1_2_0	ENA|ABD49687|ABD49687.1	20.00	15	12	0	2	16	321	335	5.7	18.0
Seq8569_434_bp_-1_2_0	ENA|BAA05866|BAA05866.1	28.57	7	5	0	8	14	269	275	5.9	15.5
Seq8569_434_bp_-1_2_0	ENA|ABN10845|ABN10845.1	41.67	12	7	0	1	12	59	70	5.9	15.0
Seq8569_434_bp_-1_2_0	ENA|AAC78721|AAC78721.1	57.14	7	3	0	4	10	298	304	6.3	16.5
Seq8569_434_bp_-1_2_0	ENA|CAA26939|CAA26939.1	33.33	12	8	0	1	12	428	439	7.6	16.0
Seq8569_434_bp_-1_2_0	ENA|CAA36214|CAA36214.1	25.00	12	9	0	2	13	177	188	8.1	15.0
Seq8569_434_bp_-1_2_0	ENA|AAR31603|AAR31603.1	40.00	19	9	4	2	16	138	156	8.7	15.0
Seq8569_434_bp_-1_2_0	ENA|ABD33854|ABD33854.1	8.33	12	11	0	5	16	9	20	9.7	12.4
Seq8569_434_bp_-1_2_1	ENA|AAC17860|AAC17860.1	38.89	18	11	0	2	19	397	414	0.071	22.6
Seq8569_434_bp_-1_2_1	ENA|ABD33854|ABD33854.1	17.65	17	14	0	1	17	3	19	0.57	16.9
Seq8569_434_bp_-1_2_1	ENA|CAA26023|CAA26023.1	28.57	14	10	0	1	14	32	45	1	18.6
Seq8569_434_bp_-1_2_1	ENA|BAB79260|BAB79260.1	33.33	9	6	0	5	13	198	206	1.2	18.6
Seq8569_434_bp_-1_2_1	ENA|AAC97205|AAC97205.1	42.86	14	8	0	4	17	679	692	1.3	20.0
Seq8569_434_bp_-1_2_1	ENA|AAB96524|AAB96524.1	55.56	9	4	0	5	13	92	100	1.7	16.9
Seq8569_434_bp_-1_2_1	ENA|ABN10845|ABN10845.1	30.77	14	9	1	6	19	89	101	1.9	16.9
Seq8569_434_bp_-1_2_1	ENA|AAR31603|AAR31603.1	40.00	10	6	0	1	10	75	84	2.2	17.3
Seq8569_434_bp_-1_2_1	ENA|CAA36714|CAA36714.1	25.00	16	12	0	2	17	430	445	2.3	17.8
Seq8569_434_bp_-1_2_1	ENA|CAL82360|CAL82360.1	42.86	16	8	2	2	15	940	955	2.5	19.1
Seq8569_434_bp_-1_2_1	ENA|BAA36759|BAA36759.1	27.78	18	13	0	1	18	208	225	2.6	16.9
Seq8569_434_bp_-1_2_1	ENA|AAA25966|AAA25966.1	30.77	13	9	0	7	19	484	496	2.6	18.2
Seq8569_434_bp_-1_2_1	ENA|AAB03707|AAB03707.1	54.55	11	5	0	9	19	1268	1278	2.7	19.1
Seq8569_434_bp_-1_2_1	ENA|BAA05866|BAA05866.1	30.00	10	7	0	8	17	156	165	2.7	16.9
Seq8569_434_bp_-1_2_1	ENA|AAC26660|AAC26660.1	29.41	17	12	0	3	19	7	23	3.1	16.4
Seq8569_434_bp_-1_2_1	ENA|CAA29956|CAA29956.1	28.57	14	10	0	4	17	13	26	3.3	16.9
Seq8569_434_bp_-1_2_1	ENA|CAA28033|CAA28033.1	22.22	9	7	0	2	10	609	617	4.6	18.2
Seq8569_434_bp_-1_2_1	ENA|AAF79734|AAF79734.1	31.58	20	13	1	1	19	1002	1021	5.1	18.2
Seq8569_434_bp_-1_2_1	ENA|BAB17681|BAB17681.1	37.50	8	5	0	1	8	104	111	5.9	15.6
Seq8569_434_bp_-1_2_1	ENA|AAR37016|AAR37016.1	25.00	12	9	0	8	19	1459	1470	6	18.6
Seq8569_434_bp_-1_2_1	ENA|BAA32018|BAA32018.1	50.00	10	5	0	7	16	306	315	7.2	16.4
Seq8569_434_bp_-1_2_1	ENA|CAA73529|CAA73529.1	35.71	14	9	0	2	15	108	121	7.8	15.1
Seq8569_434_bp_-1_2_1	ENA|AAA24145|AAA24145.1	30.00	10	7	0	10	19	325	334	9.5	15.6
Seq8569_434_bp_-1_2_1	ENA|AAC40132|AAC40132.1	55.56	9	4	0	6	14	335	343	9.8	15.6
Seq8569_434_bp_-1_2_2	ENA|ABD33854|ABD33854.1	26.67	16	11	1	2	16	32	47	6.6	13.1
Seq8569_434_bp_-1_2_2	ENA|CAL82360|CAL82360.1	45.45	11	6	0	7	17	1051	1061	7.6	17.2
Seq8569_434_bp_-1_2_2	ENA|AAC40132|AAC40132.1	35.29	18	11	1	1	17	115	132	7.9	15.7
Seq8569_434_bp_-1_2_2	ENA|CAA28033|CAA28033.1	35.71	14	9	0	3	16	299	312	9.8	16.9
Seq8569_434_bp_-1_2_3	ENA|BAA36759|BAA36759.1	50.00	18	8	2	4	19	29	46	4.2	16.5
Seq8569_434_bp_-1_2_4	ENA|AAF79734|AAF79734.1	55.56	9	4	0	1	9	1077	1085	5.8	17.1
Seq8569_434_bp_-1_2_4	ENA|CAA26023|CAA26023.1	30.00	10	7	0	1	10	116	125	7.7	14.7
Seq8569_434_bp_-1_2_4	ENA|EDO47375|EDO47375.1	44.44	9	5	0	2	10	100	108	9.9	13.3
