Seq10018_105_bp_1_0_0	ENA|BAA32991|BAA32991.1	28.57	14	10	0	1	14	7	20	0.55	17.5
Seq10018_105_bp_1_0_0	ENA|BAA32991|BAA32991.1	62.50	8	3	0	10	17	59	66	0.79	17.0
Seq10018_105_bp_1_0_0	ENA|CAA45199|CAA45199.1	40.00	10	6	0	17	26	433	442	2.6	18.0
Seq10018_105_bp_1_0_0	ENA|AAC97205|AAC97205.1	28.57	21	15	0	2	22	862	882	3.2	19.1
Seq10018_105_bp_1_0_0	ENA|ABD49687|ABD49687.1	26.32	19	14	0	2	20	156	174	6.2	18.6
Seq10018_105_bp_1_0_0	ENA|AAA18786|AAA18786.1	40.00	10	6	0	6	15	64	73	6.2	15.9
Seq10018_105_bp_1_0_0	ENA|CAD53387|CAD53387.1	23.81	21	16	0	6	26	61	81	7.9	16.4
Seq10018_105_bp_1_0_0	ENA|AAB96524|AAB96524.1	25.00	20	15	0	1	20	163	182	8.9	14.8
Seq10018_105_bp_1_1_0	ENA|CAL82360|CAL82360.1	32.00	25	17	0	2	26	95	119	0.28	23.0
Seq10018_105_bp_1_1_0	ENA|BAA05866|BAA05866.1	60.00	10	4	0	11	20	207	216	1.4	18.6
Seq10018_105_bp_1_1_0	ENA|AAC97205|AAC97205.1	83.33	6	1	0	2	7	993	998	1.8	20.2
Seq10018_105_bp_1_1_0	ENA|ABN10845|ABN10845.1	35.71	14	9	0	14	27	28	41	3	17.0
Seq10018_105_bp_1_1_0	ENA|AAA36539|AAA36539.1	42.86	14	8	0	12	25	76	89	6.3	17.0
Seq10018_105_bp_1_1_0	ENA|CAA43419|CAA43419.1	31.25	16	11	0	4	19	26	41	7	16.4
Seq10018_105_bp_1_1_0	ENA|AAC26660|AAC26660.1	15.38	13	11	0	13	25	6	18	7.2	15.9
Seq10018_105_bp_1_1_0	ENA|AAA42531|AAA42531.1	33.33	15	10	0	3	17	276	290	7.4	16.4
Seq10018_105_bp_1_1_0	ENA|CAA29968|CAA29968.1	23.08	26	20	0	6	31	30	55	7.9	15.3
Seq10018_105_bp_1_1_0	ENA|CAA36214|CAA36214.1	30.00	10	7	0	14	23	181	190	8.4	15.9
Seq10018_105_bp_1_1_0	ENA|CAA45708|CAA45708.1	50.00	8	4	0	20	27	667	674	9.2	18.0
Seq10018_105_bp_1_2_0	ENA|BAA32018|BAA32018.1	46.67	15	8	0	7	21	422	436	0.32	21.4
Seq10018_105_bp_1_2_0	ENA|CAA73529|CAA73529.1	60.00	10	4	0	8	17	57	66	0.87	18.7
Seq10018_105_bp_1_2_0	ENA|ABD33854|ABD33854.1	75.00	4	1	0	4	7	4	7	1.8	15.5
Seq10018_105_bp_1_2_0	ENA|CAA28033|CAA28033.1	33.33	18	12	0	4	21	372	389	2.8	19.3
Seq10018_105_bp_1_2_0	ENA|AAA25966|AAA25966.1	42.86	7	4	0	17	23	318	324	4.6	17.7
Seq10018_105_bp_1_2_0	ENA|CAA26023|CAA26023.1	100.00	3	0	0	22	24	164	166	5.1	16.6
Seq10018_105_bp_1_2_0	ENA|BAA32956|BAA32956.1	50.00	8	4	0	15	22	124	131	5.7	15.5
Seq10018_105_bp_1_2_0	ENA|ABN10845|ABN10845.1	40.00	5	3	0	18	22	87	91	5.9	15.5
Seq10018_105_bp_1_2_0	ENA|CAA11507|CAA11507.1	66.67	6	2	0	2	7	1332	1337	5.9	18.2
Seq10018_105_bp_1_2_0	ENA|AAA42531|AAA42531.1	62.50	8	3	0	8	15	113	120	7.2	16.1
Seq10018_105_bp_-1_0_0	ENA|ACH70901|ACH70901.1	71.43	7	2	0	20	26	100	106	0.38	20.4
Seq10018_105_bp_-1_0_0	ENA|AAA25966|AAA25966.1	50.00	16	8	0	9	24	108	123	0.52	21.0
Seq10018_105_bp_-1_0_0	ENA|CAA24711|CAA24711.1	37.50	8	5	0	17	24	16	23	0.91	18.1
Seq10018_105_bp_-1_0_0	ENA|ABK71357|ABK71357.1	44.44	19	10	1	8	25	336	354	1.9	18.1
Seq10018_105_bp_-1_0_0	ENA|AAA18786|AAA18786.1	35.71	14	9	0	2	15	203	216	2.1	17.5
Seq10018_105_bp_-1_0_0	ENA|EDO47375|EDO47375.1	26.67	15	11	0	5	19	1	15	3.2	16.4
Seq10018_105_bp_-1_0_0	ENA|AAA32624|AAA32624.1	27.27	22	16	0	3	24	457	478	4	17.5
Seq10018_105_bp_-1_0_0	ENA|AAB96524|AAB96524.1	36.36	11	7	0	9	19	107	117	4.7	15.8
Seq10018_105_bp_-1_0_0	ENA|AAC97205|AAC97205.1	17.65	17	14	0	7	23	1201	1217	6.2	18.1
Seq10018_105_bp_-1_0_0	ENA|CAA73529|CAA73529.1	55.56	9	4	0	3	11	231	239	6.8	15.8
Seq10018_105_bp_-1_0_0	ENA|AAQ92751|AAQ92751.2	34.62	26	17	0	1	26	610	635	6.9	18.1
Seq10018_105_bp_-1_0_0	ENA|CAA29956|CAA29956.1	26.67	18	11	3	10	24	1	18	9.1	15.8
Seq10018_105_bp_-1_0_0	ENA|CAA28033|CAA28033.1	55.56	9	4	0	18	26	986	994	9.4	17.5
Seq10018_105_bp_-1_0_0	ENA|CAA11507|CAA11507.1	75.00	8	2	0	10	17	1052	1059	9.8	17.5
Seq10018_105_bp_-1_1_0	ENA|CAA26023|CAA26023.1	25.00	20	15	0	5	24	199	218	1.2	19.1
Seq10018_105_bp_-1_1_0	ENA|CAA26939|CAA26939.1	31.82	22	15	0	6	27	167	188	2.7	18.5
Seq10018_105_bp_-1_1_0	ENA|CAA29956|CAA29956.1	31.58	19	13	0	1	19	340	358	3.8	17.4
Seq10018_105_bp_-1_1_0	ENA|CAA45199|CAA45199.1	35.71	14	9	0	9	22	49	62	4.8	17.4
Seq10018_105_bp_-1_1_0	ENA|CAA24711|CAA24711.1	71.43	7	2	0	9	15	163	169	5.6	15.7
Seq10018_105_bp_-1_1_0	ENA|BAA32018|BAA32018.1	24.00	25	19	0	1	25	237	261	6.2	17.4
Seq10018_105_bp_-1_1_0	ENA|AAA24145|AAA24145.1	37.50	16	10	0	12	27	61	76	6.8	16.8
Seq10018_105_bp_-1_1_0	ENA|AAR31603|AAR31603.1	57.14	7	3	0	4	10	232	238	7.1	16.2
Seq10018_105_bp_-1_1_0	ENA|AAQ92751|AAQ92751.2	62.50	8	3	0	18	25	829	836	9	17.9
Seq10018_105_bp_-1_1_0	ENA|CAA36714|CAA36714.1	60.00	5	2	0	25	29	198	202	9.8	16.2
Seq10018_105_bp_-1_2_0	ENA|AAI27517|AAI27517.1	50.00	14	7	0	15	28	211	224	0.13	23.1
Seq10018_105_bp_-1_2_0	ENA|AAB96524|AAB96524.1	45.45	11	6	0	8	18	97	107	1.2	18.2
Seq10018_105_bp_-1_2_0	ENA|BAA32956|BAA32956.1	50.00	12	6	0	14	25	183	194	1.3	18.2
Seq10018_105_bp_-1_2_0	ENA|AAA24145|AAA24145.1	41.67	12	7	0	19	30	213	224	2.8	18.2
Seq10018_105_bp_-1_2_0	ENA|CAA24711|CAA24711.1	37.50	16	10	0	8	23	16	31	3.3	16.6
Seq10018_105_bp_-1_2_0	ENA|CAA73529|CAA73529.1	54.55	11	5	0	4	14	192	202	3.6	17.2
Seq10018_105_bp_-1_2_0	ENA|AAA72732|AAA72732.1	55.56	9	4	0	3	11	28	36	4	17.2
Seq10018_105_bp_-1_2_0	ENA|AAA42531|AAA42531.1	45.45	11	6	0	1	11	70	80	5	17.2
Seq10018_105_bp_-1_2_0	ENA|BAA36759|BAA36759.1	27.27	11	8	0	2	12	217	227	5.4	16.6
Seq10018_105_bp_-1_2_0	ENA|ABK71357|ABK71357.1	44.44	9	5	0	26	34	206	214	6.8	16.6
Seq10018_105_bp_-1_2_0	ENA|AAA36114|AAA36114.1	50.00	6	3	0	9	14	89	94	9.1	16.6
