Seq10066_857_bp_1_0_0	ENA|CAB75732|CAB75732.1	100.00	9	0	2	13	19	524	532	0.03	25.3
Seq10066_857_bp_1_0_0	ENA|AAQ92751|AAQ92751.2	100.00	5	0	0	14	18	481	485	0.16	23.2
Seq10066_857_bp_1_0_0	ENA|ACT10338|ACT10338.1	100.00	4	0	0	15	18	25	28	1.9	17.8
Seq10066_857_bp_1_0_0	ENA|CAA28033|CAA28033.1	100.00	4	0	0	10	13	310	313	2	19.4
Seq10066_857_bp_1_0_0	ENA|ABG75784|ABG75784.1	100.00	3	0	0	12	14	306	308	3.1	16.7
Seq10066_857_bp_1_0_0	ENA|CAA11507|CAA11507.1	100.00	4	0	0	8	11	686	689	4.4	18.3
Seq10066_857_bp_1_0_0	ENA|AAA32624|AAA32624.1	80.00	5	1	0	3	7	240	244	5.2	16.7
Seq10066_857_bp_1_0_0	ENA|AAR37016|AAR37016.1	100.00	4	0	0	4	7	1078	1081	5.2	18.9
Seq10066_857_bp_1_0_0	ENA|BAA36759|BAA36759.1	100.00	3	0	0	13	15	82	84	8.5	15.1
Seq10066_857_bp_1_0_0	ENA|ABN10845|ABN10845.1	100.00	3	0	0	14	16	186	188	9.2	14.5
Seq10066_857_bp_1_0_0	ENA|AAC40132|AAC40132.1	80.00	5	1	0	6	10	465	469	9.5	15.6
Seq10066_857_bp_1_0_1	ENA|ABD33854|ABD33854.1	100.00	3	0	0	43	45	2	4	5.1	15.0
Seq10066_857_bp_1_0_1	ENA|CAA36214|CAA36214.1	100.00	4	0	0	28	31	142	145	6.9	16.8
Seq10066_857_bp_1_0_1	ENA|CAA29956|CAA29956.1	100.00	4	0	0	2	5	143	146	8.3	16.8
Seq10066_857_bp_1_0_1	ENA|AAA42531|AAA42531.1	100.00	4	0	0	15	18	325	328	8.6	16.8
Seq10066_857_bp_1_1_0	ENA|EDO47375|EDO47375.1	83.33	6	1	0	33	38	56	61	1.5	18.6
Seq10066_857_bp_1_1_0	ENA|AAC40132|AAC40132.1	100.00	4	0	0	16	19	185	188	2	19.5
Seq10066_857_bp_1_1_0	ENA|ABD49687|ABD49687.1	100.00	5	0	0	42	46	862	866	3.8	20.4
Seq10066_857_bp_1_1_0	ENA|AAF79734|AAF79734.1	100.00	5	0	0	19	23	153	157	4.4	20.0
Seq10066_857_bp_1_1_0	ENA|BAA05866|BAA05866.1	100.00	4	0	0	44	47	158	161	4.5	17.7
Seq10066_857_bp_1_1_0	ENA|ACT10338|ACT10338.1	100.00	4	0	0	39	42	201	204	5.7	17.7
Seq10066_857_bp_1_1_0	ENA|CAA24711|CAA24711.1	80.00	5	1	0	27	31	108	112	6.5	16.3
Seq10066_857_bp_1_1_0	ENA|AAA72732|AAA72732.1	71.43	7	2	0	11	17	305	311	8.4	16.8
Seq10066_857_bp_1_1_0	ENA|BAB79260|BAB79260.1	100.00	4	0	0	51	54	98	101	8.8	17.2
Seq10066_857_bp_1_1_0	ENA|CAA28033|CAA28033.1	83.33	6	1	0	48	53	982	987	9.7	18.6
Seq10066_857_bp_1_1_1	ENA|AAI27517|AAI27517.1	100.00	4	0	0	13	16	220	223	1.4	18.6
Seq10066_857_bp_1_1_1	ENA|AAS77176|AAS77176.1	100.00	3	0	0	10	12	183	185	4.5	15.9
Seq10066_857_bp_1_1_1	ENA|AAC26660|AAC26660.1	100.00	3	0	0	8	10	16	18	7.4	14.9
Seq10066_857_bp_1_1_1	ENA|AAA36114|AAA36114.1	100.00	3	0	0	10	12	92	94	7.8	15.9
Seq10066_857_bp_1_1_1	ENA|AAR31603|AAR31603.1	100.00	3	0	0	8	10	177	179	9.3	14.9
Seq10066_857_bp_1_1_1	ENA|CAA45199|CAA45199.1	71.43	7	2	0	1	7	422	428	9.7	15.4
Seq10066_857_bp_1_1_1	ENA|AAR37016|AAR37016.1	100.00	4	0	0	14	17	1498	1501	9.8	17.7
Seq10066_857_bp_1_2_0	ENA|CAB75732|CAB75732.1	100.00	5	0	0	6	10	566	570	0.45	21.7
Seq10066_857_bp_1_2_0	ENA|AAR37016|AAR37016.1	100.00	5	0	0	19	23	828	832	0.47	22.7
Seq10066_857_bp_1_2_0	ENA|AAR31603|AAR31603.1	80.00	5	1	0	12	16	141	145	0.9	18.9
Seq10066_857_bp_1_2_0	ENA|AAC49865|AAC49865.1	100.00	4	0	0	6	9	10	13	1.2	18.4
Seq10066_857_bp_1_2_0	ENA|AAC26660|AAC26660.1	100.00	4	0	0	7	10	168	171	1.3	17.9
Seq10066_857_bp_1_2_0	ENA|AAA42531|AAA42531.1	83.33	6	1	0	10	15	262	267	2	17.9
Seq10066_857_bp_1_2_0	ENA|AAC17860|AAC17860.1	83.33	6	1	0	6	11	224	229	2.1	17.9
Seq10066_857_bp_1_2_0	ENA|AAA36539|AAA36539.1	100.00	4	0	0	17	20	314	317	2.5	17.9
Seq10066_857_bp_1_2_0	ENA|CAA45708|CAA45708.1	54.55	11	5	0	3	13	1326	1336	3	19.3
Seq10066_857_bp_1_2_0	ENA|ABK71357|ABK71357.1	100.00	3	0	0	1	3	196	198	3.7	17.0
Seq10066_857_bp_1_2_0	ENA|ABD33854|ABD33854.1	100.00	3	0	0	6	8	16	18	4.5	14.1
Seq10066_857_bp_1_2_0	ENA|CAA29956|CAA29956.1	100.00	3	0	0	12	14	290	292	5.1	16.5
Seq10066_857_bp_1_2_0	ENA|AAA32624|AAA32624.1	100.00	3	0	0	3	5	119	121	5.1	17.0
Seq10066_857_bp_1_2_0	ENA|AAB66912|AAB66912.1	80.00	5	1	0	16	20	510	514	6.5	17.4
Seq10066_857_bp_1_2_0	ENA|CAA26939|CAA26939.1	100.00	3	0	0	12	14	349	351	7.6	16.5
Seq10066_857_bp_1_2_0	ENA|CCP43727|CCP43727.1	80.00	5	1	0	7	11	290	294	8.3	15.6
Seq10066_857_bp_1_2_1	ENA|BAA36759|BAA36759.1	83.33	6	1	0	44	49	265	270	1.1	19.6
Seq10066_857_bp_1_2_1	ENA|BAA32956|BAA32956.1	100.00	4	0	0	5	8	13	16	2	18.2
Seq10066_857_bp_1_2_1	ENA|ACT10338|ACT10338.1	83.33	6	1	0	20	25	129	134	2.7	18.7
Seq10066_857_bp_1_2_1	ENA|CCP43727|CCP43727.1	100.00	4	0	0	39	42	214	217	3.1	18.2
Seq10066_857_bp_1_2_1	ENA|CAA26939|CAA26939.1	83.33	6	1	0	9	14	86	91	3.9	18.7
Seq10066_857_bp_1_2_1	ENA|CAA45199|CAA45199.1	100.00	4	0	0	26	29	94	97	4.4	18.2
Seq10066_857_bp_1_2_1	ENA|CAA43419|CAA43419.1	100.00	4	0	0	25	28	182	185	4.7	17.7
Seq10066_857_bp_1_2_1	ENA|AAS77176|AAS77176.1	100.00	7	0	2	19	25	148	152	6.9	16.8
Seq10066_857_bp_1_2_1	ENA|CAA24711|CAA24711.1	80.00	5	1	0	31	35	75	79	7.7	15.9
Seq10066_857_bp_1_2_1	ENA|AAB03707|AAB03707.1	100.00	4	0	0	28	31	1260	1263	9	18.7
Seq10066_857_bp_-1_0_0	ENA|AAC08817|AAC08817.1	77.78	10	2	1	10	18	78	87	0.32	20.6
Seq10066_857_bp_-1_0_0	ENA|AAA36539|AAA36539.1	83.33	6	1	0	40	45	461	466	0.96	20.6
Seq10066_857_bp_-1_0_0	ENA|CAA73529|CAA73529.1	100.00	4	0	0	42	45	239	242	3.7	17.8
Seq10066_857_bp_-1_0_0	ENA|BAB17681|BAB17681.1	100.00	4	0	0	20	23	29	32	6.8	16.9
Seq10066_857_bp_-1_0_0	ENA|AAA42531|AAA42531.1	85.71	8	1	1	4	10	136	143	9.4	16.9
Seq10066_857_bp_-1_0_0	ENA|BAA32956|BAA32956.1	66.67	6	2	0	15	20	91	96	9.6	16.0
Seq10066_857_bp_-1_0_1	ENA|CAD53387|CAD53387.1	100.00	4	0	0	9	12	33	36	1.3	18.0
Seq10066_857_bp_-1_0_1	ENA|AAC17860|AAC17860.1	80.00	5	1	0	4	8	15	19	2.4	16.8
Seq10066_857_bp_-1_0_1	ENA|AAB03707|AAB03707.1	83.33	6	1	0	3	8	63	68	3.5	18.0
Seq10066_857_bp_-1_0_1	ENA|CAA45199|CAA45199.1	100.00	3	0	0	8	10	1	3	4	16.3
Seq10066_857_bp_-1_0_1	ENA|AAA36114|AAA36114.1	100.00	3	0	0	8	10	495	497	4.3	16.3
Seq10066_857_bp_-1_0_1	ENA|AAA32624|AAA32624.1	80.00	5	1	0	3	7	470	474	4.4	16.3
Seq10066_857_bp_-1_0_1	ENA|BAB17681|BAB17681.1	100.00	3	0	0	2	4	194	196	5.2	15.1
Seq10066_857_bp_-1_0_1	ENA|CAA36214|CAA36214.1	100.00	3	0	0	2	4	215	217	5.7	15.1
Seq10066_857_bp_-1_0_1	ENA|AAR37016|AAR37016.1	100.00	4	0	0	9	12	579	582	5.8	18.0
Seq10066_857_bp_-1_0_1	ENA|AAC08817|AAC08817.1	100.00	3	0	0	10	12	122	124	6.6	13.9
Seq10066_857_bp_-1_0_1	ENA|CAA43419|CAA43419.1	80.00	5	1	0	8	12	1	5	6.8	15.1
Seq10066_857_bp_-1_0_1	ENA|AAI27517|AAI27517.1	100.00	3	0	0	7	9	366	368	7.3	15.7
Seq10066_857_bp_-1_0_1	ENA|AAC78721|AAC78721.1	100.00	3	0	0	7	9	156	158	8.2	15.7
Seq10066_857_bp_-1_0_1	ENA|BAB79260|BAB79260.1	100.00	3	0	0	4	6	190	192	8.3	15.1
Seq10066_857_bp_-1_0_1	ENA|BAA32956|BAA32956.1	100.00	3	0	0	10	12	190	192	8.6	13.9
Seq10066_857_bp_-1_1_0	ENA|AAR31603|AAR31603.1	100.00	5	0	0	37	41	45	49	0.32	22.1
Seq10066_857_bp_-1_1_0	ENA|AAC26660|AAC26660.1	100.00	4	0	0	41	44	47	50	2.2	18.9
Seq10066_857_bp_-1_1_0	ENA|AAA36114|AAA36114.1	100.00	4	0	0	62	65	93	96	3.2	19.3
Seq10066_857_bp_-1_1_0	ENA|ABD33854|ABD33854.1	100.00	4	0	0	66	69	11	14	3.6	16.2
Seq10066_857_bp_-1_1_0	ENA|AAA32624|AAA32624.1	80.00	5	1	0	16	20	423	427	4.5	18.9
Seq10066_857_bp_-1_1_0	ENA|CAA73529|CAA73529.1	100.00	4	0	0	50	53	219	222	5.9	17.5
Seq10066_857_bp_-1_1_0	ENA|AAA72732|AAA72732.1	100.00	4	0	0	35	38	287	290	6.7	17.5
Seq10066_857_bp_-1_1_0	ENA|ACH70901|ACH70901.1	100.00	6	0	1	5	10	163	167	7.7	17.5
Seq10066_857_bp_-1_1_0	ENA|CAA29968|CAA29968.1	100.00	4	0	0	67	70	8	11	7.8	16.6
Seq10066_857_bp_-1_1_0	ENA|BAA32991|BAA32991.1	75.00	4	1	0	46	49	11	14	9.5	14.8
Seq10066_857_bp_-1_1_0	ENA|CAA36714|CAA36714.1	100.00	4	0	0	8	11	468	471	9.8	17.5
Seq10066_857_bp_-1_2_0	ENA|ACH70901|ACH70901.1	100.00	10	0	3	13	22	310	316	0.51	20.6
Seq10066_857_bp_-1_2_0	ENA|AAC49865|AAC49865.1	83.33	6	1	0	26	31	35	40	1.2	19.2
Seq10066_857_bp_-1_2_0	ENA|BAB17681|BAB17681.1	80.00	5	1	0	3	7	75	79	1.9	18.3
Seq10066_857_bp_-1_2_0	ENA|CAA36714|CAA36714.1	75.00	4	1	0	7	10	435	438	6.1	17.3
Seq10066_857_bp_-1_2_0	ENA|AAC08817|AAC08817.1	100.00	4	0	0	31	34	56	59	7.4	15.5
Seq10066_857_bp_-1_2_0	ENA|ACT10338|ACT10338.1	66.67	9	3	0	13	21	112	120	9.4	16.4
Seq10066_857_bp_-1_2_1	ENA|ABN10845|ABN10845.1	100.00	4	0	0	11	14	180	183	0.58	19.1
Seq10066_857_bp_-1_2_1	ENA|BAA05866|BAA05866.1	100.00	6	0	1	17	22	138	142	0.83	19.1
Seq10066_857_bp_-1_2_1	ENA|BAB79260|BAB79260.1	72.73	12	3	1	2	12	150	161	1.7	18.7
Seq10066_857_bp_-1_2_1	ENA|CAA45199|CAA45199.1	100.00	4	0	0	5	8	1	4	2.4	18.2
Seq10066_857_bp_-1_2_1	ENA|EDO47375|EDO47375.1	100.00	3	0	0	9	11	133	135	6.6	15.3
Seq10066_857_bp_-1_2_1	ENA|CAA29968|CAA29968.1	100.00	3	0	0	9	11	145	147	6.8	15.3
Seq10066_857_bp_-1_2_1	ENA|AAA24145|AAA24145.1	75.00	8	2	0	1	8	114	121	8.3	16.3
Seq10066_857_bp_-1_2_1	ENA|AAQ92751|AAQ92751.2	100.00	4	0	0	15	18	514	517	9.2	17.7
Seq10066_857_bp_-1_2_1	ENA|AAA25966|AAA25966.1	80.00	5	1	0	19	23	287	291	9.3	16.8
