Seq10005_495_bp_1_0_0	ACT10338.1	72.73	13	3	2	7	18	298	309	0.56	20.2
Seq10005_495_bp_1_0_0	AAA25966.1	57.14	7	3	0	1	7	492	498	1.7	19.5
Seq10005_495_bp_1_0_0	AAC97205.1	50.00	33	13	7	1	28	385	415	1.8	20.2
Seq10005_495_bp_1_0_0	CAA45199.1	50.00	21	8	5	12	27	368	388	1.8	18.8
Seq10005_495_bp_1_0_0	CAA11507.1	42.86	14	8	0	3	16	567	580	2.5	19.9
Seq10005_495_bp_1_0_0	AAA24142.1	60.00	11	4	1	1	11	415	424	2.8	18.1
Seq10005_495_bp_1_0_0	AAF01122.1	40.00	15	9	0	17	31	59	73	3	17.7
Seq10005_495_bp_1_0_0	AAB64315.2	50.00	10	5	0	14	23	197	206	3.3	17.4
Seq10005_495_bp_1_0_0	AAR37016.1	40.74	39	16	12	1	27	955	993	3.3	20.2
Seq10005_495_bp_1_0_0	AAC08817.1	62.50	9	3	1	7	14	100	108	3.5	16.3
Seq10005_495_bp_1_0_0	AAA26915.1	71.43	7	2	0	15	21	71	77	3.7	17.7
Seq10005_495_bp_1_0_0	AAB26998.1	60.00	5	2	0	27	31	35	39	4.4	14.9
Seq10005_495_bp_1_0_0	AEE27845.1	37.50	16	10	0	16	31	1005	1020	6.5	18.5
Seq10005_495_bp_1_0_0	ABK71357.1	38.46	29	16	3	5	30	141	169	9.5	16.0
Seq10005_495_bp_1_0_0	AAA45888.1	50.00	11	5	1	3	12	163	173	9.7	16.0
Seq10005_495_bp_1_0_0	AAH69556.1	75.00	4	1	0	26	29	212	215	9.9	15.6
Seq10005_495_bp_1_0_0	ABD49687.1	40.74	34	16	7	1	27	230	263	10	18.1
Seq10005_495_bp_1_0_1	AAA32624.1	50.00	10	5	0	2	11	27	36	2.2	17.2
Seq10005_495_bp_1_0_1	CAA73529.1	66.67	6	2	0	6	11	148	153	3.5	15.5
Seq10005_495_bp_1_0_1	AAC97205.1	57.14	7	3	0	5	11	1005	1011	3.8	17.6
Seq10005_495_bp_1_0_1	CAA74140.1	50.00	8	4	0	3	10	75	82	3.8	17.2
Seq10005_495_bp_1_0_1	AAA18786.1	80.00	5	1	0	1	5	239	243	6	14.7
Seq10005_495_bp_1_0_1	AAI27517.1	55.56	9	4	0	1	9	484	492	7.3	15.5
Seq10005_495_bp_1_0_1	BAA32018.1	80.00	5	1	0	4	8	364	368	7.7	15.5
Seq10005_495_bp_1_0_1	CAA45199.1	60.00	5	2	0	1	5	40	44	7.7	15.1
Seq10005_495_bp_1_0_1	AAA36565.1	44.44	9	5	0	2	10	40	48	8.6	13.5
Seq10005_495_bp_1_0_2	AAI27517.1	45.83	26	13	2	1	25	395	419	0.53	21.7
Seq10005_495_bp_1_0_2	AAF01122.1	45.00	20	11	0	27	46	196	215	0.76	20.5
Seq10005_495_bp_1_0_2	BAB70780.1	34.29	38	23	3	3	37	350	387	1.8	19.6
Seq10005_495_bp_1_0_2	AAB26998.1	36.00	27	16	2	19	43	34	60	1.8	17.0
Seq10005_495_bp_1_0_2	CAA74140.1	60.00	27	8	7	18	42	819	840	1.9	20.5
Seq10005_495_bp_1_0_2	AEE27845.1	30.00	36	21	6	18	47	1302	1337	2.8	20.5
Seq10005_495_bp_1_0_2	AAA45888.1	63.64	12	4	1	41	52	10	20	3.2	18.4
Seq10005_495_bp_1_0_2	AAA18786.1	50.00	17	8	1	36	52	202	217	3.3	17.8
Seq10005_495_bp_1_0_2	AAH69556.1	62.50	8	3	0	8	15	70	77	3.8	17.8
Seq10005_495_bp_1_0_2	AAQ92751.2	100.00	9	0	2	14	22	1199	1205	4.1	19.9
Seq10005_495_bp_1_0_2	ACH70904.1	55.00	28	9	8	3	30	304	323	4.4	17.8
Seq10005_495_bp_1_0_2	AAR37016.1	45.45	42	18	9	20	52	636	677	5.6	20.2
Seq10005_495_bp_1_0_2	AAA25966.1	52.94	23	8	6	18	39	324	341	5.8	18.4
Seq10005_495_bp_1_0_2	AAX12058.1	46.15	14	7	1	22	35	24	36	6.1	17.0
Seq10005_495_bp_1_0_2	BAA32018.1	53.33	17	7	2	35	51	423	437	6.2	18.1
Seq10005_495_bp_1_0_2	CAD53387.1	50.00	21	9	3	6	26	63	80	8.8	17.3
Seq10005_495_bp_1_0_2	CAA43372.1	33.33	15	10	0	27	41	375	389	8.9	17.0
Seq10005_495_bp_1_0_3	ABN10845.1	40.91	25	13	3	2	24	39	62	0.018	25.3
Seq10005_495_bp_1_0_3	AAA32376.1	55.56	21	8	3	21	40	7	25	0.13	22.2
Seq10005_495_bp_1_0_3	AAA65607.1	56.25	18	7	2	22	37	330	347	0.79	20.7
Seq10005_495_bp_1_0_3	AAR37016.1	64.29	19	5	5	6	24	1888	1901	1.1	22.8
Seq10005_495_bp_1_0_3	AAC17860.1	36.84	21	12	2	9	29	363	381	2.1	19.4
Seq10005_495_bp_1_0_3	AIR13712.1	50.00	19	9	1	22	39	55	73	3.1	18.5
Seq10005_495_bp_1_0_3	AAB03707.1	54.55	11	5	0	24	34	407	417	3.6	20.3
Seq10005_495_bp_1_0_3	AAR31603.1	35.71	14	9	0	31	44	8	21	3.9	18.2
Seq10005_495_bp_1_0_3	AAC97205.1	50.00	28	11	6	23	50	960	981	4	20.0
Seq10005_495_bp_1_0_3	AAA25966.1	40.91	33	13	11	11	39	125	150	4.4	19.1
Seq10005_495_bp_1_0_3	ACT10338.1	54.17	32	11	8	10	36	199	227	4.6	18.2
Seq10005_495_bp_1_0_3	AAA18786.1	46.67	15	8	0	21	35	243	257	4.8	17.5
Seq10005_495_bp_1_0_3	AAA42531.1	53.85	13	6	0	50	62	201	213	6.9	17.5
Seq10005_495_bp_1_0_3	AAC08817.1	38.89	20	11	2	23	42	107	124	6.9	16.3
Seq10005_495_bp_1_0_3	AAB96524.1	43.75	16	9	0	1	16	87	102	7.7	16.3
Seq10005_495_bp_1_0_3	ABK71357.1	50.00	16	8	0	26	41	273	288	8.1	17.2
Seq10005_495_bp_1_0_3	CAA73529.1	57.14	7	3	0	6	12	98	104	9.1	16.6
Seq10005_495_bp_1_0_3	EDO47375.1	30.77	13	9	0	3	15	117	129	9.6	16.0
Seq10005_495_bp_1_1_0	AEE27845.1	43.90	51	23	10	33	77	468	514	1.3	23.2
Seq10005_495_bp_1_1_0	AAR31603.1	36.00	25	16	0	51	75	280	304	3	19.8
Seq10005_495_bp_1_1_0	CAA45199.1	38.71	38	19	7	86	116	35	72	3	20.3
Seq10005_495_bp_1_1_0	AAC17860.1	33.33	35	22	2	104	136	155	189	3.1	20.1
Seq10005_495_bp_1_1_0	AAA26915.1	40.54	47	22	10	27	63	200	246	3.5	20.1
Seq10005_495_bp_1_1_0	CAA74140.1	38.60	79	35	22	2	64	607	679	4.1	20.8
Seq10005_495_bp_1_1_0	AAB03707.1	40.00	41	21	6	5	43	644	680	5	21.1
Seq10005_495_bp_1_1_0	AAA32376.1	33.33	24	16	0	43	66	150	173	5.4	18.0
Seq10005_495_bp_1_1_0	BAE97662.1	37.78	56	28	11	29	78	759	809	5.9	20.6
Seq10005_495_bp_1_1_0	AAC97205.1	41.94	41	18	10	35	73	14	46	6.4	20.6
Seq10005_495_bp_1_1_0	AAA36565.1	75.00	8	2	0	51	58	3	10	7.3	17.5
Seq10005_495_bp_1_1_0	AAB96524.1	40.00	20	12	0	15	34	95	114	8	17.5
Seq10005_495_bp_1_1_0	AAA18786.1	33.33	75	44	9	2	72	180	249	8.1	18.0
Seq10005_495_bp_1_1_0	ABD49687.1	60.00	16	6	1	89	104	97	111	8.7	20.6
Seq10005_495_bp_1_1_1	CAA11507.1	41.67	12	7	0	1	12	824	835	3.1	18.3
Seq10005_495_bp_1_1_1	AAB64315.2	66.67	6	2	0	3	8	108	113	4.4	15.7
Seq10005_495_bp_1_1_1	ABK71357.1	62.50	9	3	1	5	13	46	53	4.9	15.7
Seq10005_495_bp_1_1_1	AAQ92751.2	60.00	11	4	1	4	13	1297	1307	5.2	17.5
Seq10005_495_bp_1_1_1	AAB26998.1	42.86	7	4	0	3	9	15	21	6	13.2
Seq10005_495_bp_1_1_1	ABS38337.1	55.56	9	4	0	2	10	1035	1043	6.1	17.2
Seq10005_495_bp_1_1_1	ABD49687.1	33.33	12	8	0	2	13	723	734	6.3	17.5
Seq10005_495_bp_1_1_1	CAA04196.1	50.00	10	5	0	1	10	376	385	7	15.4
Seq10005_495_bp_1_1_1	AAC08817.1	57.14	9	3	2	6	12	142	150	7.5	13.9
Seq10005_495_bp_1_2_0	ABK71357.1	56.52	30	10	7	36	61	144	170	0.9	20.7
Seq10005_495_bp_1_2_0	ABD33854.1	30.00	21	14	1	2	22	4	23	1.1	17.8
Seq10005_495_bp_1_2_0	AAB96524.1	30.00	30	21	0	14	43	21	50	1.2	19.2
Seq10005_495_bp_1_2_0	AAC17860.1	38.64	53	27	9	12	63	92	136	1.2	20.4
Seq10005_495_bp_1_2_0	BAA32991.1	30.77	13	9	0	45	57	46	58	5.6	15.5
Seq10005_495_bp_1_2_0	ACH70904.1	46.67	16	8	1	25	40	3	17	7.2	17.5
Seq10005_495_bp_1_2_0	EDO47375.1	71.43	7	2	0	11	17	40	46	8.3	16.4
Seq10005_495_bp_1_2_0	AAA24142.1	43.75	16	9	0	54	69	45	60	8.9	17.5
Seq10005_495_bp_1_2_0	ABG75784.1	42.86	14	8	0	37	50	232	245	9.1	16.9
Seq10005_495_bp_1_2_0	AAA24969.1	42.86	37	16	9	1	34	541	571	9.2	19.2
Seq10005_495_bp_1_2_1	ACT10338.1	69.23	18	4	5	44	61	298	310	0.015	26.6
Seq10005_495_bp_1_2_1	AAQ92751.2	44.12	39	19	5	32	69	1043	1077	0.021	28.0
Seq10005_495_bp_1_2_1	BAA32956.1	50.00	48	18	12	9	50	60	101	0.85	19.9
Seq10005_495_bp_1_2_1	AAR37016.1	56.25	17	7	1	54	70	547	562	1.8	22.3
Seq10005_495_bp_1_2_1	AAR31603.1	63.64	12	4	1	23	34	161	171	2.6	18.9
Seq10005_495_bp_1_2_1	AAH69556.1	41.38	38	17	9	33	70	102	130	4.8	17.9
Seq10005_495_bp_1_2_1	AAA65607.1	50.00	17	7	3	29	42	220	236	7.1	17.6
Seq10005_495_bp_1_2_1	ABG75784.1	34.78	24	15	1	8	31	87	109	7.6	17.2
Seq10005_495_bp_1_2_1	ABD49687.1	70.00	12	3	2	55	64	144	155	8.1	19.6
Seq10005_495_bp_1_2_1	BAA32991.1	42.86	26	12	5	40	60	18	43	8.4	14.9
Seq10005_495_bp_1_2_1	ABL74574.1	58.33	14	5	2	57	70	260	271	8.7	16.9
Seq10005_495_bp_1_2_1	CAA45199.1	43.75	21	9	5	39	55	62	81	8.9	17.6
Seq10005_495_bp_1_2_2	BAA32956.1	40.00	10	6	0	1	10	195	204	1	17.6
Seq10005_495_bp_1_2_2	AAB96524.1	40.00	10	6	0	2	11	141	150	1.5	16.8
Seq10005_495_bp_1_2_2	BAB17681.1	33.33	9	6	0	4	12	110	118	4.5	15.7
Seq10005_495_bp_1_2_2	AAX84812.1	50.00	13	6	1	3	14	116	128	4.9	15.3
Seq10005_495_bp_1_2_2	AAA24969.1	50.00	8	4	0	1	8	139	146	5.4	17.9
Seq10005_495_bp_1_2_2	ABN10845.1	40.00	10	6	0	5	14	38	47	6	15.0
Seq10005_495_bp_1_2_2	BAA32991.1	66.67	6	2	0	1	6	64	69	6.7	13.1
Seq10005_495_bp_-1_0_0	AAB96524.1	39.58	62	29	14	4	54	9	67	0.27	21.0
Seq10005_495_bp_-1_0_0	AEE27845.1	45.83	25	13	1	25	48	447	471	0.92	22.2
Seq10005_495_bp_-1_0_0	ABD33854.1	50.00	24	10	4	29	52	11	30	1.5	17.0
Seq10005_495_bp_-1_0_0	AAA26915.1	38.46	43	24	4	4	46	51	89	1.8	19.6
Seq10005_495_bp_-1_0_0	CAA26230.1	81.82	17	2	6	34	50	397	407	3.2	19.0
Seq10005_495_bp_-1_0_0	AAA23282.1	41.38	33	17	4	13	43	155	185	3.3	19.0
Seq10005_495_bp_-1_0_0	AAR37016.1	35.48	34	20	3	17	48	192	224	4.1	20.7
Seq10005_495_bp_-1_0_0	AAI27517.1	34.78	23	15	0	22	44	323	345	4.1	18.7
Seq10005_495_bp_-1_0_0	AAA45888.1	71.43	7	2	0	22	28	12	18	5.9	17.5
Seq10005_495_bp_-1_0_0	AII71783.1	36.00	31	16	6	18	48	25	49	7	17.0
Seq10005_495_bp_-1_0_0	ABD49687.1	57.14	18	6	4	19	36	137	150	7.8	19.3
Seq10005_495_bp_-1_0_0	AAC78721.1	63.64	12	4	1	16	27	595	605	10	17.5
Seq10005_495_bp_-1_0_1	AAC17860.1	32.14	28	19	0	18	45	75	102	3.5	18.5
Seq10005_495_bp_-1_0_1	BAE97662.1	33.33	24	16	0	18	41	105	128	7.9	18.7
Seq10005_495_bp_-1_0_1	BAA32991.1	43.75	16	9	0	40	55	26	41	8.6	14.5
Seq10005_495_bp_-1_0_2	AAA26915.1	63.64	11	4	0	7	17	201	211	0.8	20.1
Seq10005_495_bp_-1_0_2	AAA24969.1	48.00	26	13	1	5	29	414	439	1.4	21.0
Seq10005_495_bp_-1_0_2	AAA72732.1	52.17	26	11	3	7	31	159	182	2.8	17.7
Seq10005_495_bp_-1_0_2	AAC97205.1	50.00	12	6	0	17	28	234	245	3.2	19.5
Seq10005_495_bp_-1_0_2	AAB64315.2	56.25	19	7	3	6	21	299	317	3.6	17.4
Seq10005_495_bp_-1_0_2	AAB96524.1	40.00	25	12	5	1	25	59	78	3.8	16.5
Seq10005_495_bp_-1_0_2	AAC08817.1	57.14	7	3	0	22	28	101	107	5.1	15.9
Seq10005_495_bp_-1_0_2	AAR37016.1	44.44	38	15	11	1	33	353	384	8.7	18.9
Seq10005_495_bp_-1_0_2	CAA74140.1	63.64	15	4	4	3	17	504	514	9.7	17.4
Seq10005_495_bp_-1_0_3	AAB64315.2	75.00	8	2	0	2	9	16	23	0.032	22.5
Seq10005_495_bp_-1_0_3	AAA42531.1	75.00	9	2	1	2	9	87	95	0.077	21.5
Seq10005_495_bp_-1_0_3	ACH70904.1	33.33	9	6	0	2	10	165	173	0.21	19.9
Seq10005_495_bp_-1_0_3	AAI27517.1	50.00	8	4	0	3	10	396	403	0.49	19.4
Seq10005_495_bp_-1_0_3	BAA32956.1	57.14	7	3	0	4	10	135	141	0.71	17.4
Seq10005_495_bp_-1_0_3	AAQ92751.2	55.56	9	4	0	2	10	800	808	0.8	19.9
Seq10005_495_bp_-1_0_3	BAB17681.1	66.67	6	2	0	2	7	62	67	1.9	16.3
Seq10005_495_bp_-1_0_3	CAA73529.1	75.00	4	1	0	2	5	143	146	1.9	16.3
Seq10005_495_bp_-1_0_3	BAA32991.1	60.00	5	2	0	2	6	57	61	1.9	14.3
Seq10005_495_bp_-1_0_3	CAA04196.1	75.00	4	1	0	2	5	305	308	2.8	16.3
Seq10005_495_bp_-1_0_3	AEE27845.1	37.50	8	5	0	2	9	1048	1055	4.6	17.4
Seq10005_495_bp_-1_0_3	AAA36565.1	75.00	4	1	0	1	4	122	125	4.6	14.3
Seq10005_495_bp_-1_0_3	ABK71357.1	60.00	5	2	0	6	10	365	369	5	15.3
Seq10005_495_bp_-1_0_3	AAC97205.1	50.00	6	3	0	1	6	1174	1179	5.7	16.9
Seq10005_495_bp_-1_0_3	ABG75784.1	60.00	5	2	0	2	6	303	307	5.9	14.8
Seq10005_495_bp_-1_0_3	AAA24142.1	57.14	7	3	0	1	7	245	251	6	15.3
Seq10005_495_bp_-1_0_3	CAA45199.1	33.33	9	6	0	2	10	326	334	6.3	15.3
Seq10005_495_bp_-1_0_3	EDO47375.1	60.00	5	2	0	2	6	122	126	7.2	13.8
Seq10005_495_bp_-1_0_3	CAA26230.1	60.00	5	2	0	2	6	464	468	7.4	15.3
Seq10005_495_bp_-1_0_3	ABD49687.1	62.50	8	3	0	3	10	398	405	7.8	16.9
Seq10005_495_bp_-1_0_3	AAB26998.1	60.00	5	2	0	1	5	32	36	8.6	12.2
Seq10005_495_bp_-1_0_3	ABD33854.1	50.00	4	2	0	2	5	58	61	9.8	11.7
Seq10005_495_bp_-1_1_0	AIR13712.1	42.11	20	11	1	5	23	74	93	0.52	19.7
Seq10005_495_bp_-1_1_0	ABK71357.1	72.73	12	3	1	10	20	100	111	0.95	19.0
Seq10005_495_bp_-1_1_0	AAA32376.1	54.55	11	5	0	5	15	96	106	1.2	17.6
Seq10005_495_bp_-1_1_0	ACT10338.1	50.00	17	8	1	1	17	153	168	1.3	18.7
Seq10005_495_bp_-1_1_0	AAR31603.1	45.00	24	11	4	1	20	34	57	3.6	16.9
Seq10005_495_bp_-1_1_0	AAA23282.1	31.25	18	11	2	7	24	234	249	4.8	17.2
Seq10005_495_bp_-1_1_0	ABG75784.1	47.62	26	11	5	3	24	63	87	7	15.8
Seq10005_495_bp_-1_1_0	AAA26915.1	54.55	11	5	0	4	14	307	317	8.1	16.2
Seq10005_495_bp_-1_1_0	CAA45199.1	26.67	15	11	0	10	24	437	451	8.1	16.2
Seq10005_495_bp_-1_1_0	AAC78721.1	66.67	9	3	0	10	18	168	176	9	16.5
Seq10005_495_bp_-1_1_0	AAA24969.1	62.50	8	3	0	16	23	603	610	9.7	17.6
Seq10005_495_bp_-1_1_0	ABD33854.1	42.86	7	4	0	4	10	3	9	10	13.0
Seq10005_495_bp_-1_1_1	BAA32991.1	53.33	16	7	1	2	16	13	28	0.0005	27.7
Seq10005_495_bp_-1_1_1	AAB64315.2	72.73	16	3	5	3	16	17	29	0.35	20.5
Seq10005_495_bp_-1_1_1	ACH70904.1	66.67	9	3	0	18	26	229	237	0.61	19.8
Seq10005_495_bp_-1_1_1	AAR37016.1	62.50	8	3	0	9	16	1257	1264	3.1	20.1
Seq10005_495_bp_-1_1_1	CAA45199.1	46.15	17	7	4	1	17	451	463	5.1	17.1
Seq10005_495_bp_-1_1_1	AAC97205.1	57.14	7	3	0	5	11	429	435	5.2	18.4
Seq10005_495_bp_-1_1_1	ACT10338.1	37.50	17	10	1	6	22	307	322	5.3	16.7
Seq10005_495_bp_-1_1_1	AAB03707.1	70.00	15	3	5	1	15	703	712	5.8	18.4
Seq10005_495_bp_-1_1_1	BAB17681.1	28.57	24	15	3	7	27	28	51	6	16.0
Seq10005_495_bp_-1_1_1	AAF01122.1	66.67	6	2	0	7	12	59	64	6.5	16.4
Seq10005_495_bp_-1_1_2	AIR13712.1	55.17	41	13	12	1	39	197	227	0.26	21.4
Seq10005_495_bp_-1_1_2	AAA26915.1	52.17	28	11	5	7	32	68	92	1.7	19.2
Seq10005_495_bp_-1_1_2	CAA45199.1	58.33	12	5	0	3	14	320	331	3.2	18.3
Seq10005_495_bp_-1_1_2	AII71783.1	57.89	25	8	6	4	27	26	45	4.1	17.3
Seq10005_495_bp_-1_1_2	CAA74140.1	48.15	34	14	7	5	38	43	69	5.1	18.6
Seq10005_495_bp_-1_1_2	ABL74574.1	48.15	34	14	7	11	38	123	155	5.8	16.7
Seq10005_495_bp_-1_1_2	ABD49687.1	47.83	32	12	9	17	39	1074	1105	7.3	18.9
Seq10005_495_bp_-1_1_2	BAB17681.1	60.00	10	4	0	2	11	258	267	8.3	16.1
Seq10005_495_bp_-1_1_2	AAQ92751.2	40.74	37	16	10	6	38	1177	1207	9	18.3
Seq10005_495_bp_-1_1_3	AAA24142.1	71.43	7	2	0	5	11	199	205	0.48	19.3
Seq10005_495_bp_-1_1_3	ABS38337.1	71.43	7	2	0	4	10	139	145	1.8	18.9
Seq10005_495_bp_-1_1_3	AAC97205.1	83.33	6	1	0	2	7	34	39	2.3	18.5
Seq10005_495_bp_-1_1_3	BAB70780.1	66.67	6	2	0	4	9	316	321	3.6	16.4
Seq10005_495_bp_-1_1_3	BAE97662.1	50.00	8	4	0	5	12	638	645	3.6	17.7
Seq10005_495_bp_-1_1_3	AAA32624.1	71.43	7	2	0	6	12	444	450	5.1	16.0
Seq10005_495_bp_-1_1_3	CAA26230.1	71.43	7	2	0	2	8	221	227	5.5	16.0
Seq10005_495_bp_-1_1_3	AAX84812.1	100.00	4	0	0	6	9	172	175	6.9	14.4
Seq10005_495_bp_-1_1_3	BAA32956.1	50.00	10	5	0	2	11	193	202	8.2	14.0
Seq10005_495_bp_-1_1_3	AAA32376.1	50.00	8	4	0	3	10	58	65	8.9	13.6
Seq10005_495_bp_-1_1_3	ABD49687.1	54.55	12	5	1	1	11	1206	1217	9.2	16.9
Seq10005_495_bp_-1_1_3	CAA11507.1	100.00	4	0	0	3	6	847	850	9.6	16.4
Seq10005_495_bp_-1_1_4	AEE27845.1	66.67	10	3	1	1	9	811	820	0.22	21.9
Seq10005_495_bp_-1_1_4	AAB03707.1	40.00	10	6	0	2	11	418	427	2.7	18.3
Seq10005_495_bp_-1_1_4	AAR37016.1	100.00	4	0	0	3	6	59	62	3.4	18.7
Seq10005_495_bp_-1_1_4	ABD49687.1	80.00	5	1	0	1	5	1713	1717	4.4	17.9
Seq10005_495_bp_-1_1_4	CAA11507.1	50.00	8	4	0	2	9	410	417	4.6	17.5
Seq10005_495_bp_-1_1_4	AAH69556.1	55.56	11	4	2	3	11	174	184	5.5	15.0
Seq10005_495_bp_-1_1_4	AAA24142.1	60.00	5	2	0	2	6	301	305	6.1	15.4
Seq10005_495_bp_-1_1_4	ACT10338.1	100.00	4	0	0	5	8	274	277	6.9	15.0
Seq10005_495_bp_-1_1_4	AAB64315.2	66.67	8	2	2	3	10	29	34	7.7	14.6
Seq10005_495_bp_-1_1_4	CAA45199.1	50.00	6	3	0	3	8	385	390	8.3	15.0
Seq10005_495_bp_-1_1_4	BAA32018.1	80.00	5	1	0	6	10	133	137	8.3	15.4
Seq10005_495_bp_-1_1_5	AAH69556.1	55.56	11	4	2	8	18	240	248	0.95	18.9
Seq10005_495_bp_-1_1_5	AAA24142.1	40.00	33	15	8	1	25	204	236	1.8	18.6
Seq10005_495_bp_-1_1_5	BAB79260.1	85.71	7	1	0	5	11	27	33	2.8	17.9
Seq10005_495_bp_-1_1_5	CAA73529.1	50.00	17	7	3	6	22	190	203	3.3	16.9
Seq10005_495_bp_-1_1_5	CAA45199.1	36.84	22	12	3	2	23	79	97	3.6	17.6
Seq10005_495_bp_-1_1_5	CAA43372.1	31.58	19	13	0	9	27	74	92	3.9	17.3
Seq10005_495_bp_-1_1_5	CAA74140.1	40.00	18	9	3	2	17	588	604	5.6	17.9
Seq10005_495_bp_-1_1_5	AAA36565.1	83.33	7	1	1	6	11	54	60	6.1	15.3
Seq10005_495_bp_-1_1_5	BAB70780.1	50.00	8	4	0	11	18	368	375	7.1	16.6
Seq10005_495_bp_-1_1_5	AAA72732.1	55.56	9	4	0	18	26	112	120	7.2	15.9
Seq10005_495_bp_-1_1_5	AAA32624.1	35.29	17	11	0	2	18	324	340	7.6	16.6
Seq10005_495_bp_-1_1_5	AAR37016.1	43.75	18	9	2	2	18	185	201	8.6	18.6
Seq10005_495_bp_-1_1_5	AEE27845.1	41.67	28	14	4	1	27	694	718	10	17.6
Seq10005_495_bp_-1_2_0	AAQ92751.2	100.00	8	0	1	5	11	760	767	0.31	21.4
Seq10005_495_bp_-1_2_0	ACH70904.1	55.56	9	4	0	2	10	51	59	0.91	17.9
Seq10005_495_bp_-1_2_0	AAC08817.1	50.00	11	5	1	1	10	87	97	1	16.6
Seq10005_495_bp_-1_2_0	AAA23282.1	71.43	7	2	0	3	9	293	299	1.1	18.4
Seq10005_495_bp_-1_2_0	AAA18786.1	50.00	8	4	0	1	8	116	123	1.2	17.0
Seq10005_495_bp_-1_2_0	AAF01122.1	90.00	14	1	4	1	10	1	14	1.3	17.5
Seq10005_495_bp_-1_2_0	ABS38337.1	71.43	7	2	0	3	9	1018	1024	1.3	19.2
Seq10005_495_bp_-1_2_0	BAA32956.1	57.14	7	3	0	2	8	175	181	3.2	15.3
Seq10005_495_bp_-1_2_0	AAX84812.1	44.44	9	5	0	3	11	131	139	3.5	15.3
Seq10005_495_bp_-1_2_0	CAA04196.1	66.67	6	2	0	1	6	351	356	6.2	15.3
Seq10005_495_bp_-1_2_0	BAB79260.1	66.67	6	2	0	4	9	212	217	6.7	15.3
Seq10005_495_bp_-1_2_0	EDO47375.1	80.00	5	1	0	4	8	9	13	6.9	14.0
Seq10005_495_bp_-1_2_0	ABD33854.1	100.00	3	0	0	6	8	32	34	7.8	12.2
Seq10005_495_bp_-1_2_0	AAB64315.2	80.00	5	1	0	2	6	9	13	8.7	14.4
Seq10005_495_bp_-1_2_0	CAD53387.1	66.67	6	2	0	3	8	489	494	9.7	14.9
Seq10005_495_bp_-1_2_0	CAA73529.1	42.86	7	4	0	3	9	232	238	9.7	14.0
Seq10005_495_bp_-1_2_1	CAD53387.1	62.50	8	3	0	11	18	10	17	1.5	18.6
Seq10005_495_bp_-1_2_1	AAR31603.1	63.64	14	4	3	9	19	278	291	1.6	17.9
Seq10005_495_bp_-1_2_1	AIR13712.1	66.67	9	3	0	9	17	247	255	1.6	17.9
Seq10005_495_bp_-1_2_1	AAA45888.1	71.43	7	2	0	15	21	8	14	1.8	17.9
Seq10005_495_bp_-1_2_1	ABD49687.1	62.50	20	6	4	1	20	666	681	2.2	19.9
Seq10005_495_bp_-1_2_1	AEE27845.1	43.75	16	9	0	6	21	24	39	2.7	19.2
Seq10005_495_bp_-1_2_1	AAI27517.1	56.25	18	7	2	6	21	379	396	3.5	17.6
Seq10005_495_bp_-1_2_1	AAA24142.1	66.67	6	2	0	16	21	199	204	4.2	16.9
Seq10005_495_bp_-1_2_1	AAX84812.1	46.15	14	7	1	1	13	192	205	4.2	16.0
Seq10005_495_bp_-1_2_1	BAB79260.1	83.33	6	1	0	5	10	4	9	4.2	16.9
Seq10005_495_bp_-1_2_1	BAA32956.1	46.15	19	7	6	1	19	154	166	4.7	15.6
Seq10005_495_bp_-1_2_1	BAA32991.1	100.00	9	0	2	9	15	46	54	5.8	13.7
Seq10005_495_bp_-1_2_1	CAA43372.1	36.36	11	7	0	1	11	350	360	5.9	16.3
Seq10005_495_bp_-1_2_1	CAA11507.1	43.75	22	9	6	1	16	1011	1032	6.3	17.9
Seq10005_495_bp_-1_2_1	CAA04196.1	57.14	7	3	0	11	17	294	300	7.3	16.0
Seq10005_495_bp_-1_2_1	AAA25966.1	45.45	11	6	0	1	11	92	102	9.9	16.3
Seq10005_495_bp_-1_2_2	AAC97205.1	66.67	13	4	1	6	18	466	477	0.053	25.2
Seq10005_495_bp_-1_2_2	BAA32991.1	50.00	12	5	2	18	29	23	32	0.97	16.8
Seq10005_495_bp_-1_2_2	AAA36565.1	75.00	9	2	1	9	16	68	76	1.1	17.9
Seq10005_495_bp_-1_2_2	AAB26998.1	33.33	15	10	0	15	29	33	47	2.3	15.8
Seq10005_495_bp_-1_2_2	ABD33854.1	36.36	11	7	0	3	13	52	62	3	15.1
Seq10005_495_bp_-1_2_2	AAA32376.1	77.78	12	2	3	8	19	166	174	3.1	16.5
Seq10005_495_bp_-1_2_2	BAE97662.1	30.77	13	9	0	2	14	1102	1114	3.7	18.9
Seq10005_495_bp_-1_2_2	AAX12058.1	57.14	7	3	0	10	16	62	68	3.8	16.8
Seq10005_495_bp_-1_2_2	AAR31603.1	36.36	11	7	0	3	13	244	254	4.5	16.8
Seq10005_495_bp_-1_2_2	ABL74574.1	55.56	9	4	0	7	15	5	13	5	16.5
Seq10005_495_bp_-1_2_2	CAA45199.1	47.37	25	10	6	9	29	44	66	5	17.2
Seq10005_495_bp_-1_2_2	AEE27845.1	35.29	17	11	0	13	29	885	901	5.7	18.6
Seq10005_495_bp_-1_2_2	CAA26230.1	54.55	12	5	1	17	27	226	237	5.9	17.2
Seq10005_495_bp_-1_2_2	BAB17681.1	44.44	21	10	3	5	23	144	163	6	16.1
Seq10005_495_bp_-1_2_2	CAA74140.1	46.15	15	7	2	1	13	33	47	6.1	17.9
Seq10005_495_bp_-1_2_2	AAI27517.1	42.86	23	12	2	5	26	492	513	6.3	17.2
Seq10005_495_bp_-1_2_2	AAH69556.1	37.50	16	10	0	6	21	242	257	6.6	16.1
Seq10005_495_bp_-1_2_2	AAA42531.1	75.00	9	2	1	15	22	196	204	6.6	16.5
Seq10005_495_bp_-1_2_2	AAB64315.2	35.29	18	11	1	6	23	275	291	7.1	16.1
Seq10005_495_bp_-1_2_2	BAA32018.1	50.00	14	6	2	3	14	380	393	8.3	16.8
Seq10005_495_bp_-1_2_2	ACH70904.1	40.00	15	9	0	3	17	179	193	9.7	15.8
Seq10005_495_bp_-1_2_3	AAA26915.1	52.63	22	9	3	1	19	146	167	1.8	18.2
Seq10005_495_bp_-1_2_3	AAA24969.1	40.00	17	9	2	1	17	122	136	2.9	19.3
Seq10005_495_bp_-1_2_3	ABK71357.1	38.89	18	11	0	3	20	277	294	2.9	17.2
Seq10005_495_bp_-1_2_3	AAA32376.1	62.50	8	3	0	6	13	61	68	5.5	15.1
Seq10005_495_bp_-1_2_3	AAB03707.1	53.33	19	7	4	6	21	604	621	8.1	17.5
Seq10005_495_bp_-1_2_4	AAB03707.1	31.67	69	41	9	6	70	703	766	0.026	27.7
Seq10005_495_bp_-1_2_4	AAB64315.2	23.53	34	26	0	16	49	185	218	1.2	20.0
Seq10005_495_bp_-1_2_4	AAQ92751.2	34.15	42	27	1	18	58	579	620	1.3	22.0
Seq10005_495_bp_-1_2_4	ABD33854.1	40.91	25	13	3	22	46	27	48	2.5	16.6
Seq10005_495_bp_-1_2_4	AIR13712.1	27.27	22	16	0	31	52	17	38	3.2	18.6
Seq10005_495_bp_-1_2_4	AAC08817.1	27.27	34	24	1	9	41	128	161	4.3	17.2
Seq10005_495_bp_-1_2_4	CAA26230.1	31.43	37	24	2	1	36	230	265	4.5	18.9
Seq10005_495_bp_-1_2_4	AAC97205.1	42.86	23	12	2	33	53	1096	1118	4.5	20.0
Seq10005_495_bp_-1_2_4	CAA74140.1	53.85	13	6	0	19	31	700	712	6	19.2
