Seq6328_196_bp_1_0_0	ENA|AAF79734|AAF79734.1	92.31	65	5	0	1	65	106	170	1.3e-40	154.9
Seq6328_196_bp_1_0_0	ENA|AAF79734|AAF79734.1	33.33	50	32	2	15	63	599	647	0.057	26.5
Seq6328_196_bp_1_0_0	ENA|AAF79734|AAF79734.1	36.54	56	33	4	11	63	193	247	0.08	26.0
Seq6328_196_bp_1_0_0	ENA|AAF79734|AAF79734.1	26.98	63	46	0	1	63	303	365	0.08	26.0
Seq6328_196_bp_1_0_0	ENA|AAC17860|AAC17860.1	46.67	34	16	4	29	58	113	146	0.26	22.5
Seq6328_196_bp_1_0_0	ENA|CAB75732|CAB75732.1	24.44	45	34	0	20	64	924	968	1.4	21.5
Seq6328_196_bp_1_0_0	ENA|AAA36539|AAA36539.1	28.57	21	15	0	34	54	362	382	1.7	20.0
Seq6328_196_bp_1_0_0	ENA|AAC78721|AAC78721.1	24.44	46	34	1	18	63	295	339	1.7	20.5
Seq6328_196_bp_1_0_0	ENA|AAB03707|AAB03707.1	44.00	25	14	0	4	28	1312	1336	1.7	21.5
Seq6328_196_bp_1_0_0	ENA|AAS77176|AAS77176.1	30.30	33	23	0	24	56	37	69	2.8	18.5
Seq6328_196_bp_1_0_0	ENA|ABD49687|ABD49687.1	28.57	68	45	5	1	63	178	245	5.7	20.0
Seq6328_196_bp_1_0_0	ENA|CAA29968|CAA29968.1	25.58	43	32	0	23	65	31	73	7.2	16.5
Seq6328_196_bp_1_0_0	ENA|AAI27517|AAI27517.1	25.93	27	20	0	33	59	332	358	7.7	18.0
Seq6328_196_bp_1_0_0	ENA|CAA11507|CAA11507.1	31.71	46	28	5	5	45	1018	1063	8.8	19.0
Seq6328_196_bp_1_0_0	ENA|CAA26023|CAA26023.1	62.50	8	3	0	8	15	198	205	9.8	17.0
Seq6328_196_bp_1_0_0	ENA|CAA73529|CAA73529.1	31.58	19	13	0	25	43	51	69	9.9	16.5
Seq6328_196_bp_1_1_0	ENA|CAA26023|CAA26023.1	33.33	21	14	0	3	23	22	42	5.6	16.6
Seq6328_196_bp_1_1_0	ENA|ABD33854|ABD33854.1	66.67	6	2	0	9	14	8	13	9.1	13.2
Seq6328_196_bp_1_1_1	ENA|AAA32624|AAA32624.1	100.00	4	0	0	1	4	356	359	0.26	20.8
Seq6328_196_bp_1_1_1	ENA|AAA18786|AAA18786.1	50.00	10	5	0	3	12	88	97	0.49	18.9
Seq6328_196_bp_1_1_1	ENA|AAB96524|AAB96524.1	42.86	7	4	0	6	12	168	174	0.83	17.6
Seq6328_196_bp_1_1_1	ENA|AAA25966|AAA25966.1	44.44	9	5	0	2	10	681	689	0.85	19.6
Seq6328_196_bp_1_1_1	ENA|CAA36714|CAA36714.1	33.33	15	10	0	1	15	433	447	0.86	18.9
Seq6328_196_bp_1_1_1	ENA|CAA26939|CAA26939.1	75.00	4	1	0	1	4	404	407	1	18.9
Seq6328_196_bp_1_1_1	ENA|BAA32956|BAA32956.1	33.33	9	6	0	4	12	26	34	1.5	17.0
Seq6328_196_bp_1_1_1	ENA|AAC49865|AAC49865.1	37.50	8	5	0	4	11	174	181	1.5	17.6
Seq6328_196_bp_1_1_1	ENA|BAB17681|BAB17681.1	50.00	6	3	0	5	10	78	83	1.9	17.0
Seq6328_196_bp_1_1_1	ENA|CCP43727|CCP43727.1	40.00	5	3	0	4	8	136	140	2.3	17.0
Seq6328_196_bp_1_1_1	ENA|ABD33854|ABD33854.1	60.00	5	2	0	7	11	35	39	2.6	14.4
Seq6328_196_bp_1_1_1	ENA|CAA26023|CAA26023.1	50.00	8	4	0	3	10	182	189	2.6	17.0
Seq6328_196_bp_1_1_1	ENA|AAC17860|AAC17860.1	37.50	8	5	0	3	10	98	105	2.8	17.0
Seq6328_196_bp_1_1_1	ENA|ABD49687|ABD49687.1	40.00	16	9	1	2	16	663	678	3.1	18.9
Seq6328_196_bp_1_1_1	ENA|AAI27517|AAI27517.1	57.14	7	3	0	8	14	354	360	4	17.0
Seq6328_196_bp_1_1_1	ENA|CAA45708|CAA45708.1	66.67	6	2	0	4	9	349	354	4.2	18.3
Seq6328_196_bp_1_1_1	ENA|AAR31603|AAR31603.1	25.00	8	6	0	1	8	122	129	5.3	15.7
Seq6328_196_bp_1_1_1	ENA|AAF79734|AAF79734.1	57.14	7	3	0	7	13	777	783	6.2	17.6
Seq6328_196_bp_1_1_1	ENA|AAS77176|AAS77176.1	50.00	6	3	0	9	14	232	237	7.2	15.1
Seq6328_196_bp_1_1_1	ENA|BAB79260|BAB79260.1	100.00	4	0	0	13	16	263	266	7.2	15.7
Seq6328_196_bp_1_1_1	ENA|AAB26998|AAB26998.1	28.57	7	5	0	4	10	45	51	7.3	13.2
Seq6328_196_bp_1_1_1	ENA|AAA72732|AAA72732.1	36.36	11	7	0	5	15	298	308	7.7	15.1
Seq6328_196_bp_1_1_1	ENA|ABN10845|ABN10845.1	50.00	4	2	0	1	4	54	57	8.3	14.4
Seq6328_196_bp_1_1_1	ENA|CAA43419|CAA43419.1	37.50	8	5	0	5	12	6	13	8.9	15.1
Seq6328_196_bp_1_1_1	ENA|ABK71357|ABK71357.1	50.00	4	2	0	4	7	141	144	9	15.1
Seq6328_196_bp_1_1_2	ENA|CAA45199|CAA45199.1	62.50	8	3	0	7	14	67	74	0.86	18.7
Seq6328_196_bp_1_1_2	ENA|ABK71357|ABK71357.1	44.44	9	5	0	2	10	133	141	1.1	18.1
Seq6328_196_bp_1_1_2	ENA|ABN10845|ABN10845.1	36.36	11	7	0	3	13	191	201	1.6	16.7
Seq6328_196_bp_1_1_2	ENA|ACH70901|ACH70901.1	50.00	10	5	0	4	13	217	226	1.6	17.4
Seq6328_196_bp_1_1_2	ENA|ABD49687|ABD49687.1	40.00	10	6	0	1	10	832	841	3.1	18.7
Seq6328_196_bp_1_1_2	ENA|AAS77176|AAS77176.1	100.00	3	0	0	8	10	146	148	3.3	16.1
Seq6328_196_bp_1_1_2	ENA|BAA36759|BAA36759.1	33.33	12	8	0	1	12	227	238	3.3	16.1
Seq6328_196_bp_1_1_2	ENA|AAC97205|AAC97205.1	66.67	9	3	0	4	12	911	919	3.5	18.1
Seq6328_196_bp_1_1_2	ENA|CAA45708|CAA45708.1	30.77	13	9	0	1	13	203	215	4.3	18.1
Seq6328_196_bp_1_1_2	ENA|ACT10338|ACT10338.1	66.67	6	2	0	2	7	150	155	4.4	16.1
Seq6328_196_bp_1_1_2	ENA|CCP43727|CCP43727.1	30.77	13	9	0	1	13	129	141	5.8	15.4
Seq6328_196_bp_1_1_2	ENA|BAB17681|BAB17681.1	42.86	7	4	0	6	12	75	81	7.6	14.7
Seq6328_196_bp_1_1_2	ENA|CAA24711|CAA24711.1	50.00	6	3	0	1	6	54	59	7.6	14.1
Seq6328_196_bp_1_1_2	ENA|AAA25966|AAA25966.1	60.00	5	2	0	10	14	373	377	7.9	16.1
Seq6328_196_bp_1_1_2	ENA|CAA26939|CAA26939.1	33.33	6	4	0	8	13	405	410	9.7	15.4
Seq6328_196_bp_1_2_0	ENA|CAA36214|CAA36214.1	57.14	14	6	0	1	14	77	90	0.55	18.9
Seq6328_196_bp_1_2_0	ENA|AAI27517|AAI27517.1	30.77	13	9	0	2	14	88	100	4.8	16.7
Seq6328_196_bp_1_2_1	ENA|ABD33854|ABD33854.1	33.33	15	10	0	1	15	25	39	2.2	14.7
Seq6328_196_bp_1_2_1	ENA|BAA32991|BAA32991.1	36.36	11	7	0	1	11	12	22	3.4	14.1
Seq6328_196_bp_1_2_1	ENA|AAA32624|AAA32624.1	38.46	13	8	0	1	13	60	72	5.8	16.3
Seq6328_196_bp_1_2_1	ENA|AAC40132|AAC40132.1	28.57	14	10	0	1	14	261	274	7.5	15.7
Seq6328_196_bp_1_2_1	ENA|AAR37016|AAR37016.1	45.45	11	6	0	1	11	1187	1197	8.3	17.9
Seq6328_196_bp_1_2_1	ENA|AAA42531|AAA42531.1	58.33	12	5	0	4	15	209	220	8.7	15.2
Seq6328_196_bp_1_2_2	ENA|AAA24145|AAA24145.1	44.44	9	5	0	6	14	312	320	0.61	19.3
Seq6328_196_bp_1_2_2	ENA|AAR31603|AAR31603.1	46.67	15	8	0	1	15	206	220	1.1	18.0
Seq6328_196_bp_1_2_2	ENA|AAQ92751|AAQ92751.2	20.00	15	12	0	1	15	1290	1304	1.2	20.0
Seq6328_196_bp_1_2_2	ENA|AAB66912|AAB66912.1	30.77	13	9	0	3	15	311	323	1.2	19.3
Seq6328_196_bp_1_2_2	ENA|AAB26998|AAB26998.1	75.00	4	1	0	5	8	13	16	1.6	15.3
Seq6328_196_bp_1_2_2	ENA|BAA32991|BAA32991.1	40.00	15	9	0	1	15	25	39	2.2	14.7
Seq6328_196_bp_1_2_2	ENA|ABG75784|ABG75784.1	50.00	13	6	1	2	13	193	205	2.6	16.6
Seq6328_196_bp_1_2_2	ENA|CAA28033|CAA28033.1	13.33	15	13	0	1	15	5	19	2.7	18.6
Seq6328_196_bp_1_2_2	ENA|BAA32956|BAA32956.1	66.67	3	1	0	4	6	26	28	2.7	16.0
Seq6328_196_bp_1_2_2	ENA|AAI27517|AAI27517.1	75.00	4	1	0	6	9	512	515	3.1	17.3
Seq6328_196_bp_1_2_2	ENA|ACT10338|ACT10338.1	50.00	6	3	0	6	11	119	124	3.2	16.6
Seq6328_196_bp_1_2_2	ENA|AAB96524|AAB96524.1	37.50	8	5	0	7	14	13	20	3.8	15.3
Seq6328_196_bp_1_2_2	ENA|CCP43727|CCP43727.1	66.67	3	1	0	4	6	136	138	4.2	16.0
Seq6328_196_bp_1_2_2	ENA|ABK71357|ABK71357.1	50.00	4	2	0	3	6	140	143	4.7	16.0
Seq6328_196_bp_1_2_2	ENA|ABD33854|ABD33854.1	75.00	4	1	0	5	8	43	46	5.1	13.3
Seq6328_196_bp_1_2_2	ENA|BAB79260|BAB79260.1	20.00	10	8	0	1	10	407	416	5.7	16.0
Seq6328_196_bp_1_2_2	ENA|CAA26939|CAA26939.1	40.00	10	6	0	5	14	473	482	7.1	16.0
Seq6328_196_bp_1_2_2	ENA|AAC26660|AAC26660.1	42.86	7	4	0	9	15	119	125	7.9	14.7
Seq6328_196_bp_1_2_2	ENA|AAC78721|AAC78721.1	66.67	6	2	0	10	15	647	652	8.3	16.0
Seq6328_196_bp_1_2_2	ENA|CAA36714|CAA36714.1	30.00	10	7	0	6	15	278	287	9	15.3
Seq6328_196_bp_1_2_2	ENA|EDO47375|EDO47375.1	25.00	12	9	0	3	14	128	139	9.1	14.0
Seq6328_196_bp_1_2_2	ENA|CAL82360|CAL82360.1	33.33	6	4	0	1	6	1011	1016	9.8	16.6
Seq6328_196_bp_-1_0_0	ENA|CAA43419|CAA43419.1	38.46	13	8	0	3	15	77	89	1.6	17.7
Seq6328_196_bp_-1_0_0	ENA|AAA36114|AAA36114.1	55.56	9	4	0	3	11	446	454	2.2	17.7
Seq6328_196_bp_-1_0_0	ENA|AAQ92751|AAQ92751.2	45.45	11	6	0	4	14	239	249	3.8	18.3
Seq6328_196_bp_-1_0_0	ENA|AAA72732|AAA72732.1	33.33	16	10	1	1	16	201	215	4.9	15.8
Seq6328_196_bp_-1_0_0	ENA|CAA26023|CAA26023.1	30.00	10	7	0	4	13	339	348	6	15.8
Seq6328_196_bp_-1_0_0	ENA|CAA36214|CAA36214.1	80.00	5	1	0	10	14	143	147	7.3	15.1
Seq6328_196_bp_-1_0_0	ENA|BAA32018|BAA32018.1	55.56	9	4	0	5	13	336	344	9.4	15.8
Seq6328_196_bp_-1_0_1	ENA|CAL82360|CAL82360.1	50.00	12	6	0	1	12	458	469	0.0089	27.0
Seq6328_196_bp_-1_0_1	ENA|AAB96524|AAB96524.1	72.73	11	3	0	1	11	7	17	0.0092	24.1
Seq6328_196_bp_-1_0_1	ENA|AAR37016|AAR37016.1	35.71	14	9	0	1	14	242	255	0.19	23.4
Seq6328_196_bp_-1_0_1	ENA|AAQ92751|AAQ92751.2	46.15	13	7	0	1	13	935	947	0.49	21.3
Seq6328_196_bp_-1_0_1	ENA|AAA25966|AAA25966.1	55.56	9	4	0	4	12	469	477	0.68	19.9
Seq6328_196_bp_-1_0_1	ENA|AAC40132|AAC40132.1	66.67	6	2	0	1	6	70	75	0.73	19.2
Seq6328_196_bp_-1_0_1	ENA|CAA36714|CAA36714.1	44.44	9	5	0	2	10	378	386	1.2	18.5
Seq6328_196_bp_-1_0_1	ENA|AAA36114|AAA36114.1	100.00	5	0	0	5	9	65	69	2.1	17.8
Seq6328_196_bp_-1_0_1	ENA|CAA26023|CAA26023.1	50.00	8	4	0	9	16	376	383	2.5	17.0
Seq6328_196_bp_-1_0_1	ENA|AAA18786|AAA18786.1	45.45	11	6	0	6	16	257	267	2.9	16.3
Seq6328_196_bp_-1_0_1	ENA|CAA24711|CAA24711.1	42.86	7	4	0	3	9	38	44	3	15.6
Seq6328_196_bp_-1_0_1	ENA|CAA29968|CAA29968.1	40.00	10	6	0	6	15	72	81	3.4	15.6
Seq6328_196_bp_-1_0_1	ENA|AAA32624|AAA32624.1	57.14	16	6	2	3	16	359	374	3.4	17.0
Seq6328_196_bp_-1_0_1	ENA|AAF79734|AAF79734.1	20.00	15	12	0	1	15	656	670	3.6	18.5
Seq6328_196_bp_-1_0_1	ENA|BAA32956|BAA32956.1	21.43	14	11	0	3	16	28	41	3.7	15.6
Seq6328_196_bp_-1_0_1	ENA|CAA26939|CAA26939.1	44.44	9	5	0	8	16	98	106	3.7	17.0
Seq6328_196_bp_-1_0_1	ENA|ABN10845|ABN10845.1	60.00	5	2	0	2	6	22	26	3.8	15.6
Seq6328_196_bp_-1_0_1	ENA|AAC78721|AAC78721.1	30.00	10	7	0	4	13	311	320	4.4	17.0
Seq6328_196_bp_-1_0_1	ENA|AAC97205|AAC97205.1	50.00	8	4	0	8	15	1200	1207	4.9	17.8
Seq6328_196_bp_-1_0_1	ENA|CAA36214|CAA36214.1	60.00	5	2	0	2	6	280	284	5.3	15.6
Seq6328_196_bp_-1_0_1	ENA|CCP43727|CCP43727.1	36.36	11	7	0	4	14	102	112	5.7	15.6
Seq6328_196_bp_-1_0_1	ENA|CAA29956|CAA29956.1	66.67	6	2	0	9	14	41	46	6.4	15.6
Seq6328_196_bp_-1_0_1	ENA|CAB75732|CAB75732.1	33.33	12	8	0	4	15	915	926	7.4	17.0
Seq6328_196_bp_-1_0_1	ENA|ABD33854|ABD33854.1	100.00	2	0	0	3	4	44	45	7.7	12.8
Seq6328_196_bp_-1_0_1	ENA|CAA11507|CAA11507.1	16.67	12	10	0	1	12	587	598	8.5	17.0
Seq6328_196_bp_-1_0_1	ENA|AAA72732|AAA72732.1	63.64	13	4	2	4	16	163	173	8.5	14.9
Seq6328_196_bp_-1_0_1	ENA|AAR31603|AAR31603.1	50.00	10	5	0	7	16	295	304	8.9	14.9
Seq6328_196_bp_-1_0_1	ENA|AAB66912|AAB66912.1	50.00	10	5	0	3	12	815	824	9.5	16.3
Seq6328_196_bp_-1_0_1	ENA|CAA43419|CAA43419.1	42.86	7	4	0	3	9	28	34	9.9	14.9
Seq6328_196_bp_-1_0_2	ENA|BAA32956|BAA32956.1	71.43	7	2	0	8	14	71	77	3.4	16.2
Seq6328_196_bp_-1_0_2	ENA|CAA29968|CAA29968.1	45.45	11	6	0	8	18	121	131	8.2	14.8
Seq6328_196_bp_-1_1_0	ENA|AAB26998|AAB26998.1	36.36	11	7	0	3	13	10	20	0.24	18.0
Seq6328_196_bp_-1_1_0	ENA|AAR37016|AAR37016.1	41.67	12	7	0	2	13	1573	1584	0.24	22.9
Seq6328_196_bp_-1_1_0	ENA|ABD49687|ABD49687.1	71.43	7	2	0	7	13	1569	1575	0.47	21.5
Seq6328_196_bp_-1_1_0	ENA|ACH70901|ACH70901.1	50.00	8	4	0	2	9	291	298	1.1	18.0
Seq6328_196_bp_-1_1_0	ENA|BAA32956|BAA32956.1	33.33	12	8	0	3	14	3	14	2.7	15.9
Seq6328_196_bp_-1_1_0	ENA|ABG75784|ABG75784.1	50.00	6	3	0	4	9	192	197	3.9	15.9
Seq6328_196_bp_-1_1_0	ENA|AAC49865|AAC49865.1	42.86	7	4	0	7	13	47	53	4.1	15.9
Seq6328_196_bp_-1_1_0	ENA|ABN10845|ABN10845.1	42.86	7	4	0	3	9	50	56	7	14.5
Seq6328_196_bp_-1_1_0	ENA|CAA29956|CAA29956.1	44.44	9	5	0	3	11	13	21	7.4	15.2
Seq6328_196_bp_-1_1_0	ENA|AAA18786|AAA18786.1	60.00	5	2	0	9	13	129	133	8.4	14.5
Seq6328_196_bp_-1_1_0	ENA|BAB79260|BAB79260.1	50.00	8	4	0	3	10	106	113	8.8	15.2
Seq6328_196_bp_-1_1_0	ENA|AAC40132|AAC40132.1	40.00	10	6	0	2	11	417	426	9.2	15.2
Seq6328_196_bp_-1_1_0	ENA|AAA36114|AAA36114.1	80.00	5	1	0	8	12	119	123	9.8	15.2
Seq6328_196_bp_-1_1_1	ENA|CAA28033|CAA28033.1	24.24	33	25	0	17	49	909	941	0.56	22.7
Seq6328_196_bp_-1_1_1	ENA|BAA32991|BAA32991.1	66.67	6	2	0	43	48	25	30	1.2	17.3
Seq6328_196_bp_-1_1_1	ENA|AAQ92751|AAQ92751.2	46.15	13	7	0	1	13	737	749	1.2	21.6
Seq6328_196_bp_-1_1_1	ENA|CAA36714|CAA36714.1	16.00	25	21	0	7	31	134	158	1.9	19.4
Seq6328_196_bp_-1_1_1	ENA|AAB03707|AAB03707.1	53.85	13	6	0	9	21	1362	1374	2.6	20.5
Seq6328_196_bp_-1_1_1	ENA|AAC78721|AAC78721.1	50.00	16	8	0	15	30	355	370	2.7	19.4
Seq6328_196_bp_-1_1_1	ENA|ACT10338|ACT10338.1	35.00	20	13	0	12	31	197	216	3.2	18.4
Seq6328_196_bp_-1_1_1	ENA|BAA32956|BAA32956.1	32.00	27	17	2	7	33	131	155	3.7	17.3
Seq6328_196_bp_-1_1_1	ENA|AAC08817|AAC08817.1	33.33	21	14	0	18	38	88	108	4	16.7
Seq6328_196_bp_-1_1_1	ENA|AAA25966|AAA25966.1	66.67	9	3	0	23	31	568	576	4.1	18.9
Seq6328_196_bp_-1_1_1	ENA|AAB96524|AAB96524.1	42.11	20	11	1	18	37	36	54	4.7	16.7
Seq6328_196_bp_-1_1_1	ENA|BAA05866|BAA05866.1	35.71	14	9	0	35	48	221	234	5.3	17.3
Seq6328_196_bp_-1_1_1	ENA|CAA73529|CAA73529.1	38.10	21	13	0	26	46	189	209	6.8	16.7
Seq6328_196_bp_-1_1_1	ENA|BAA36759|BAA36759.1	46.15	13	7	0	36	48	260	272	7.1	16.7
Seq6328_196_bp_-1_1_1	ENA|BAB79260|BAB79260.1	28.57	21	15	0	10	30	130	150	7.6	17.3
Seq6328_196_bp_-1_1_1	ENA|CAA45199|CAA45199.1	40.00	10	6	0	38	47	275	284	7.9	17.3
Seq6328_196_bp_-1_1_1	ENA|AAC49865|AAC49865.1	33.33	27	18	0	11	37	193	219	8	16.7
Seq6328_196_bp_-1_1_1	ENA|AAC17860|AAC17860.1	66.67	9	3	0	18	26	221	229	9.8	16.7
Seq6328_196_bp_-1_2_0	ENA|AAA36539|AAA36539.1	39.13	23	14	0	30	52	360	382	0.14	23.6
Seq6328_196_bp_-1_2_0	ENA|CAA45199|CAA45199.1	47.37	20	10	1	37	56	389	407	0.2	23.0
Seq6328_196_bp_-1_2_0	ENA|AAA42531|AAA42531.1	30.00	31	21	1	1	31	213	242	0.25	22.5
Seq6328_196_bp_-1_2_0	ENA|AAA42531|AAA42531.1	32.14	28	19	0	14	41	23	50	0.36	21.9
Seq6328_196_bp_-1_2_0	ENA|CAB75732|CAB75732.1	43.75	16	9	0	1	16	703	718	0.34	23.6
Seq6328_196_bp_-1_2_0	ENA|AAA36114|AAA36114.1	50.00	12	6	0	3	14	109	120	0.48	21.9
Seq6328_196_bp_-1_2_0	ENA|CAA73529|CAA73529.1	38.89	18	11	0	8	25	245	262	1.7	19.1
Seq6328_196_bp_-1_2_0	ENA|CAL82360|CAL82360.1	38.46	13	8	0	51	63	118	130	1.7	21.4
Seq6328_196_bp_-1_2_0	ENA|AAC78721|AAC78721.1	38.89	18	11	0	1	18	96	113	2	20.2
Seq6328_196_bp_-1_2_0	ENA|BAA32956|BAA32956.1	38.10	21	13	0	36	56	124	144	2.8	18.0
Seq6328_196_bp_-1_2_0	ENA|CAA45708|CAA45708.1	55.56	9	4	0	10	18	1149	1157	3	20.8
Seq6328_196_bp_-1_2_0	ENA|CAA43419|CAA43419.1	55.56	9	4	0	7	15	121	129	3.4	18.6
Seq6328_196_bp_-1_2_0	ENA|CAA24711|CAA24711.1	71.43	7	2	0	16	22	87	93	3.4	17.5
Seq6328_196_bp_-1_2_0	ENA|CAA28033|CAA28033.1	33.33	9	6	0	9	17	312	320	3.7	20.2
Seq6328_196_bp_-1_2_0	ENA|AAF79734|AAF79734.1	33.33	18	12	0	2	19	633	650	4.2	20.2
Seq6328_196_bp_-1_2_0	ENA|CAA26023|CAA26023.1	37.93	30	18	1	28	56	23	52	5.1	18.0
Seq6328_196_bp_-1_2_0	ENA|CAA11507|CAA11507.1	42.86	14	8	0	5	18	827	840	5.7	19.7
Seq6328_196_bp_-1_2_0	ENA|AAC17860|AAC17860.1	38.89	18	11	0	20	37	382	399	7.8	17.5
Seq6328_196_bp_-1_2_0	ENA|ABD33854|ABD33854.1	75.00	4	1	0	9	12	48	51	8.2	14.7
Seq6328_196_bp_-1_2_0	ENA|AAA32624|AAA32624.1	71.43	7	2	0	53	59	381	387	9.8	17.5
