Seq6439_156_bp_1_0_0	ENA|AAI27517|AAI27517.1	100.00	5	0	0	13	17	519	523	0.64	21.4
Seq6439_156_bp_1_0_0	ENA|CAA45708|CAA45708.1	61.54	13	5	0	15	27	1024	1036	1.2	21.8
Seq6439_156_bp_1_0_0	ENA|ABD49687|ABD49687.1	69.23	13	4	0	14	26	115	127	1.8	21.4
Seq6439_156_bp_1_0_0	ENA|CAA29968|CAA29968.1	100.00	4	0	0	47	50	173	176	2.5	17.8
Seq6439_156_bp_1_0_0	ENA|BAA32956|BAA32956.1	100.00	4	0	0	27	30	16	19	2.7	17.8
Seq6439_156_bp_1_0_0	ENA|AAC08817|AAC08817.1	100.00	4	0	0	21	24	121	124	2.7	17.4
Seq6439_156_bp_1_0_0	ENA|AAR31603|AAR31603.1	100.00	7	0	1	20	25	261	267	3	18.3
Seq6439_156_bp_1_0_0	ENA|CAA26939|CAA26939.1	83.33	6	1	0	2	7	210	215	3.9	18.7
Seq6439_156_bp_1_0_0	ENA|AAQ92751|AAQ92751.2	85.71	8	1	1	43	49	1201	1208	5	19.6
Seq6439_156_bp_1_0_0	ENA|AAB96524|AAB96524.1	100.00	5	0	1	40	43	58	62	7.8	16.0
Seq6439_156_bp_1_0_0	ENA|CAA29956|CAA29956.1	100.00	4	0	0	46	49	179	182	8.4	16.9
Seq6439_156_bp_1_0_0	ENA|AAA42531|AAA42531.1	100.00	4	0	0	45	48	167	170	8.7	16.9
Seq6439_156_bp_1_0_0	ENA|CAA24711|CAA24711.1	83.33	7	1	1	26	32	17	22	9.7	15.6
Seq6439_156_bp_1_1_0	ENA|AAA36114|AAA36114.1	83.33	6	1	0	26	31	202	207	1.5	19.9
Seq6439_156_bp_1_1_0	ENA|AAC49865|AAC49865.1	100.00	7	0	1	39	45	30	35	1.8	19.0
Seq6439_156_bp_1_1_0	ENA|AAB96524|AAB96524.1	100.00	4	0	0	40	43	139	142	3.3	17.3
Seq6439_156_bp_1_1_0	ENA|AAC97205|AAC97205.1	100.00	4	0	0	24	27	320	323	3.7	19.9
Seq6439_156_bp_1_1_0	ENA|AAB66912|AAB66912.1	100.00	4	0	0	20	23	545	548	4.9	19.0
Seq6439_156_bp_1_1_0	ENA|CAA45199|CAA45199.1	100.00	6	0	1	3	7	303	308	6	17.7
Seq6439_156_bp_1_1_0	ENA|AAA25966|AAA25966.1	100.00	4	0	0	43	46	295	298	6.8	18.2
Seq6439_156_bp_1_1_0	ENA|AAA72732|AAA72732.1	100.00	3	0	0	22	24	265	267	7.1	16.9
Seq6439_156_bp_1_1_0	ENA|BAA32956|BAA32956.1	100.00	3	0	0	21	23	79	81	8.6	16.0
Seq6439_156_bp_1_1_0	ENA|CAA26023|CAA26023.1	100.00	3	0	0	22	24	195	197	8.6	16.9
Seq6439_156_bp_1_1_0	ENA|AAR37016|AAR37016.1	100.00	4	0	0	35	38	2217	2220	8.9	19.4
Seq6439_156_bp_1_2_0	ENA|CCP43727|CCP43727.1	100.00	51	0	0	1	51	235	285	1.5e-47	175.4
Seq6439_156_bp_1_2_0	ENA|CCP43727|CCP43727.1	72.09	43	12	0	9	51	286	328	6e-22	90.4
Seq6439_156_bp_1_2_0	ENA|CCP43727|CCP43727.1	70.00	10	3	0	26	35	218	227	0.77	20.2
Seq6439_156_bp_1_2_0	ENA|AAQ92751|AAQ92751.2	100.00	5	0	0	33	37	215	219	2.4	20.7
Seq6439_156_bp_1_2_0	ENA|AAC49865|AAC49865.1	62.50	8	3	0	5	12	100	107	3.3	18.1
Seq6439_156_bp_1_2_0	ENA|AAB96524|AAB96524.1	100.00	4	0	0	33	36	111	114	3.3	17.3
Seq6439_156_bp_1_2_0	ENA|CAA29956|CAA29956.1	100.00	4	0	0	15	18	3	6	3.7	18.1
Seq6439_156_bp_1_2_0	ENA|ACT10338|ACT10338.1	100.00	4	0	0	22	25	195	198	3.9	18.1
Seq6439_156_bp_1_2_0	ENA|CAA28033|CAA28033.1	83.33	6	1	0	21	26	2	7	4	19.8
Seq6439_156_bp_1_2_0	ENA|ABG75784|ABG75784.1	80.00	5	1	0	7	11	12	16	4.2	17.7
Seq6439_156_bp_1_2_0	ENA|AAI27517|AAI27517.1	100.00	4	0	0	14	17	78	81	5.8	18.1
Seq6439_156_bp_1_2_0	ENA|ABN10845|ABN10845.1	100.00	4	0	0	29	32	190	193	6.8	16.4
Seq6439_156_bp_1_2_0	ENA|CAA36214|CAA36214.1	100.00	4	0	0	30	33	125	128	7.1	16.8
Seq6439_156_bp_1_2_0	ENA|CAA36714|CAA36714.1	100.00	4	0	0	6	9	201	204	8.1	17.3
Seq6439_156_bp_1_2_0	ENA|AAB66912|AAB66912.1	77.78	12	2	3	22	30	884	895	8.9	18.1
Seq6439_156_bp_1_2_0	ENA|AAA72732|AAA72732.1	100.00	11	0	4	36	44	100	108	9.6	16.4
Seq6439_156_bp_1_2_0	ENA|CAA26939|CAA26939.1	100.00	4	0	0	25	28	175	178	9.7	17.3
Seq6439_156_bp_-1_0_0	ENA|CAA36714|CAA36714.1	100.00	3	0	0	38	40	435	437	2.5	19.1
Seq6439_156_bp_-1_0_0	ENA|AAC97205|AAC97205.1	100.00	4	0	0	3	6	787	790	2.7	20.4
Seq6439_156_bp_-1_0_0	ENA|AAA36539|AAA36539.1	100.00	3	0	0	30	32	332	334	4.6	18.2
Seq6439_156_bp_-1_0_0	ENA|ACH70901|ACH70901.1	100.00	3	0	0	35	37	148	150	4.7	17.7
Seq6439_156_bp_-1_0_0	ENA|ABG75784|ABG75784.1	100.00	3	0	0	50	52	85	87	5.5	17.3
Seq6439_156_bp_-1_0_0	ENA|ABD49687|ABD49687.1	100.00	4	0	0	18	21	1061	1064	6.6	19.5
Seq6439_156_bp_-1_0_0	ENA|AAR37016|AAR37016.1	100.00	8	0	2	35	41	1312	1318	6.7	19.9
Seq6439_156_bp_-1_0_0	ENA|BAA36759|BAA36759.1	100.00	3	0	0	4	6	115	117	6.8	16.9
Seq6439_156_bp_-1_0_0	ENA|AAA25966|AAA25966.1	100.00	3	0	0	30	32	323	325	6.9	18.2
Seq6439_156_bp_-1_0_0	ENA|CAA45199|CAA45199.1	100.00	3	0	0	15	17	213	215	8.1	17.3
Seq6439_156_bp_-1_0_0	ENA|CAA28033|CAA28033.1	100.00	4	0	0	24	27	1074	1077	8.9	18.6
Seq6439_156_bp_-1_1_0	ENA|CCP43727|CCP43727.1	100.00	9	0	1	31	39	194	201	0.046	24.3
Seq6439_156_bp_-1_1_0	ENA|CCP43727|CCP43727.1	75.00	13	3	1	29	41	163	174	0.16	22.5
Seq6439_156_bp_-1_1_0	ENA|AAA36539|AAA36539.1	100.00	5	0	0	25	29	105	109	0.58	21.2
Seq6439_156_bp_-1_1_0	ENA|CAA26023|CAA26023.1	100.00	5	0	0	32	36	230	234	0.87	20.3
Seq6439_156_bp_-1_1_0	ENA|ABK71357|ABK71357.1	83.33	6	1	0	15	20	236	241	1.6	19.4
Seq6439_156_bp_-1_1_0	ENA|AAQ92751|AAQ92751.2	100.00	5	0	0	36	40	827	831	3.1	20.3
Seq6439_156_bp_-1_1_0	ENA|CAA29968|CAA29968.1	100.00	4	0	0	15	18	12	15	3.8	17.1
Seq6439_156_bp_-1_1_0	ENA|ACT10338|ACT10338.1	100.00	8	0	2	13	18	214	221	4.1	18.0
Seq6439_156_bp_-1_1_0	ENA|AAI27517|AAI27517.1	100.00	4	0	0	48	51	583	586	6.1	18.0
Seq6439_156_bp_-1_1_0	ENA|BAA32018|BAA32018.1	100.00	4	0	0	13	16	567	570	6.4	18.0
Seq6439_156_bp_-1_1_0	ENA|AAB96524|AAB96524.1	80.00	5	1	0	22	26	36	40	8.8	15.8
Seq6439_156_bp_-1_1_0	ENA|AAB66912|AAB66912.1	100.00	4	0	0	13	16	118	121	9.3	18.0
Seq6439_156_bp_-1_1_0	ENA|AAA25966|AAA25966.1	100.00	4	0	0	35	38	375	378	9.8	17.6
Seq6439_156_bp_-1_2_0	ENA|CCP43727|CCP43727.1	100.00	6	0	0	13	18	268	273	0.013	26.2
Seq6439_156_bp_-1_2_0	ENA|AAB96524|AAB96524.1	100.00	4	0	0	2	5	77	80	2.3	17.8
Seq6439_156_bp_-1_2_0	ENA|AAA32624|AAA32624.1	100.00	3	0	0	28	30	497	499	3	18.9
Seq6439_156_bp_-1_2_0	ENA|BAA36759|BAA36759.1	100.00	4	0	0	8	11	244	247	3.6	17.8
Seq6439_156_bp_-1_2_0	ENA|BAA05866|BAA05866.1	100.00	4	0	0	24	27	257	260	3.8	17.8
Seq6439_156_bp_-1_2_0	ENA|AAR37016|AAR37016.1	83.33	6	1	0	38	43	1620	1625	4.2	20.6
Seq6439_156_bp_-1_2_0	ENA|ABD49687|ABD49687.1	80.00	5	1	0	29	33	944	948	4.5	20.0
Seq6439_156_bp_-1_2_0	ENA|CAA24711|CAA24711.1	100.00	4	0	0	4	7	101	104	4.6	16.7
Seq6439_156_bp_-1_2_0	ENA|CAA36214|CAA36214.1	100.00	4	0	0	17	20	3	6	5.5	17.2
Seq6439_156_bp_-1_2_0	ENA|AAC78721|AAC78721.1	80.00	5	1	0	30	34	454	458	5.6	18.3
Seq6439_156_bp_-1_2_0	ENA|BAB17681|BAB17681.1	100.00	3	0	0	27	29	157	159	7.2	16.7
Seq6439_156_bp_-1_2_0	ENA|AAC17860|AAC17860.1	100.00	4	0	0	38	41	6	9	7.3	17.2
Seq6439_156_bp_-1_2_0	ENA|ABN10845|ABN10845.1	100.00	3	0	0	26	28	163	165	8.3	16.1
Seq6439_156_bp_-1_2_0	ENA|CAA45708|CAA45708.1	100.00	4	0	0	41	44	561	564	8.4	18.9
Seq6439_156_bp_-1_2_0	ENA|AAA36114|AAA36114.1	100.00	4	0	0	17	20	17	20	8.9	17.2
Seq6439_156_bp_-1_2_0	ENA|AAC97205|AAC97205.1	100.00	4	0	0	40	43	533	536	9.9	18.3
