Seq76_73_bp_1_0_0	AAA23282.1	91.67	24	2	0	1	24	301	324	2.1e-14	65.0
Seq76_73_bp_1_0_0	ABS38337.1	38.10	21	13	0	2	22	1027	1047	0.24	22.8
Seq76_73_bp_1_0_0	BAB79260.1	50.00	12	6	0	9	20	18	29	1.4	18.8
Seq76_73_bp_1_0_0	BAE97662.1	50.00	12	6	0	9	20	35	46	3.3	18.8
Seq76_73_bp_1_0_0	BAB17681.1	80.00	5	1	0	7	11	11	15	5.7	15.9
Seq76_73_bp_1_0_0	AAQ92751.2	41.18	17	10	0	7	23	230	246	5.9	18.2
Seq76_73_bp_1_0_0	AAA72732.1	66.67	6	2	0	3	8	97	102	6.4	15.9
Seq76_73_bp_1_0_0	AAX84812.1	100.00	4	0	0	3	6	27	30	7	15.4
Seq76_73_bp_1_0_0	ABK71357.1	50.00	12	6	0	12	23	126	137	7.6	15.9
Seq76_73_bp_1_0_0	BAA32018.1	80.00	5	1	0	3	7	282	286	8.5	16.5
Seq76_73_bp_1_1_0	BAB17681.1	75.00	4	1	0	5	8	219	222	0.71	18.0
Seq76_73_bp_1_1_0	AAB26998.1	33.33	9	6	0	3	11	45	53	2	14.7
Seq76_73_bp_1_1_0	AAC97205.1	55.56	9	4	0	3	11	756	764	2	18.7
Seq76_73_bp_1_1_0	BAE97662.1	60.00	5	2	0	2	6	607	611	2.9	18.0
Seq76_73_bp_1_1_0	AAA45888.1	42.86	7	4	0	1	7	127	133	5.9	15.4
Seq76_73_bp_1_1_0	CAA04196.1	50.00	6	3	0	5	10	368	373	6.4	15.4
Seq76_73_bp_1_1_0	CAA73529.1	50.00	6	3	0	5	10	209	214	6.6	14.7
Seq76_73_bp_1_1_0	ABD49687.1	60.00	5	2	0	5	9	1715	1719	6.6	17.4
Seq76_73_bp_1_1_0	AII71783.1	100.00	3	0	0	4	6	231	233	7.4	14.7
Seq76_73_bp_1_1_0	AAC08817.1	40.00	5	3	0	1	5	1	5	9.6	13.4
Seq76_73_bp_1_1_0	AAC17860.1	50.00	6	3	0	4	9	98	103	9.6	14.7
Seq76_73_bp_1_2_0	AAA24969.1	60.00	10	4	0	3	12	349	358	0.65	21.3
Seq76_73_bp_1_2_0	AAB26998.1	80.00	5	1	0	1	5	43	47	0.78	16.7
Seq76_73_bp_1_2_0	AAC08817.1	40.00	10	6	0	3	12	3	12	0.81	17.7
Seq76_73_bp_1_2_0	CAA11507.1	66.67	9	3	0	1	9	569	577	1.2	20.3
Seq76_73_bp_1_2_0	AAA32624.1	71.43	7	2	0	11	17	473	479	2.5	17.7
Seq76_73_bp_1_2_0	BAA32991.1	66.67	6	2	0	13	18	30	35	2.7	14.7
Seq76_73_bp_1_2_0	CAA43372.1	37.50	8	5	0	8	15	263	270	5.6	16.2
Seq76_73_bp_1_2_0	CAA26230.1	31.25	16	11	0	2	17	4	19	7.4	16.2
Seq76_73_bp_1_2_0	ABD49687.1	40.00	10	6	0	6	15	1355	1364	7.9	17.7
Seq76_73_bp_1_2_0	AAA25966.1	62.50	8	3	0	5	12	410	417	9.4	16.2
Seq76_73_bp_-1_1_0	ACH70904.1	45.45	11	6	0	1	11	235	245	1.1	18.3
Seq76_73_bp_-1_1_0	AAA42531.1	66.67	6	2	0	1	6	217	222	1.9	17.7
Seq76_73_bp_-1_1_0	AAA24969.1	35.71	14	9	0	1	14	764	777	2	19.6
Seq76_73_bp_-1_1_0	AAB96524.1	50.00	8	4	0	3	10	176	183	3.4	15.8
Seq76_73_bp_-1_1_0	CAD53387.1	30.00	10	7	0	6	15	491	500	3.7	17.0
Seq76_73_bp_-1_1_0	ACT10338.1	46.15	13	7	0	6	18	330	342	4.5	16.4
Seq76_73_bp_-1_1_0	AAA32376.1	55.56	9	4	0	9	17	151	159	4.8	15.1
Seq76_73_bp_-1_1_0	ABL74574.1	57.14	7	3	0	8	14	190	196	5.1	15.8
Seq76_73_bp_-1_1_0	AAC17860.1	28.57	14	10	0	1	14	87	100	7.2	15.8
Seq76_73_bp_-1_1_0	AAA24142.1	57.14	7	3	0	3	9	257	263	7.8	15.8
Seq76_73_bp_-1_1_0	CAA26230.1	60.00	5	2	0	9	13	263	267	9.5	15.8
Seq76_73_bp_-1_2_0	BAA32956.1	50.00	10	5	0	7	16	167	176	0.081	21.7
Seq76_73_bp_-1_2_0	AAR37016.1	42.86	14	8	0	9	22	1379	1392	0.19	24.0
Seq76_73_bp_-1_2_0	ABK71357.1	45.45	11	6	0	7	17	67	77	0.21	21.1
Seq76_73_bp_-1_2_0	AAA32376.1	60.00	10	4	0	8	17	51	60	0.48	18.9
Seq76_73_bp_-1_2_0	CAA74140.1	37.50	16	10	0	2	17	62	77	1.7	19.4
Seq76_73_bp_-1_2_0	BAB79260.1	54.55	11	5	0	2	12	65	75	1.9	18.3
Seq76_73_bp_-1_2_0	AAR31603.1	41.18	17	10	0	1	17	290	306	2	17.7
Seq76_73_bp_-1_2_0	CAA26230.1	42.86	7	4	0	3	9	308	314	2.3	18.3
Seq76_73_bp_-1_2_0	ABD49687.1	38.46	13	8	0	5	17	303	315	3.1	19.4
Seq76_73_bp_-1_2_0	BAB70780.1	66.67	10	3	1	7	16	64	72	4.3	17.1
Seq76_73_bp_-1_2_0	AAB64315.2	83.33	6	1	0	7	12	112	117	4.3	16.6
Seq76_73_bp_-1_2_0	ABL74574.1	50.00	10	5	0	14	23	99	108	5.6	16.0
Seq76_73_bp_-1_2_0	CAA45199.1	80.00	5	1	0	15	19	208	212	6.1	16.6
Seq76_73_bp_-1_2_0	ACH70904.1	37.50	8	5	0	12	19	1	8	6.8	16.0
Seq76_73_bp_-1_2_0	AAA36565.1	60.00	5	2	0	13	17	43	47	7	14.9
