Seq8494_456_bp_1_0_0	AAX12058.1	98.03	152	3	0	1	152	101	252	2.3e-105	368.8
Seq8494_456_bp_1_0_0	ABG75784.1	45.00	21	11	1	15	35	279	298	1.9	20.5
Seq8494_456_bp_1_0_0	AAB96524.1	27.78	18	13	0	39	56	60	77	2.1	19.5
Seq8494_456_bp_1_0_0	BAB17681.1	43.75	16	9	0	122	137	112	127	2.2	20.0
Seq8494_456_bp_1_0_0	AAQ92751.2	55.56	9	4	0	31	39	533	541	4.3	21.4
Seq8494_456_bp_1_0_0	AAR37016.1	25.00	20	15	0	122	141	89	108	5.3	21.8
Seq8494_456_bp_1_0_0	CAA43372.1	25.00	20	15	0	128	147	198	217	6.2	19.1
Seq8494_456_bp_1_0_0	AII71783.1	41.67	12	7	0	111	122	249	260	6.3	18.6
Seq8494_456_bp_1_0_0	AAB64315.2	55.56	9	4	0	28	36	42	50	6.7	18.6
Seq8494_456_bp_1_0_0	AAA25966.1	40.00	10	6	0	32	41	682	691	7.7	19.5
Seq8494_456_bp_1_0_0	AAX84812.1	27.78	18	13	0	70	87	8	25	8.7	17.7
Seq8494_456_bp_1_0_0	AAA26915.1	33.33	21	14	0	78	98	412	432	9.3	18.6
Seq8494_456_bp_1_1_0	AAX84812.1	66.67	6	2	0	5	10	200	205	0.3	18.9
Seq8494_456_bp_1_1_0	AEE27845.1	55.56	9	4	0	2	10	1096	1104	0.65	20.4
Seq8494_456_bp_1_1_0	ABD49687.1	33.33	9	6	0	3	11	76	84	2.2	18.9
Seq8494_456_bp_1_1_0	AAA45888.1	80.00	5	1	0	5	9	139	143	2.3	16.7
Seq8494_456_bp_1_1_0	BAA32956.1	50.00	6	3	0	5	10	43	48	3.5	15.2
Seq8494_456_bp_1_1_0	AAA32376.1	60.00	5	2	0	6	10	110	114	4.7	14.4
Seq8494_456_bp_1_1_0	EDO47375.1	100.00	4	0	0	1	4	77	80	5.1	14.4
Seq8494_456_bp_1_1_0	ACH70904.1	57.14	7	3	0	1	7	57	63	5.8	15.2
Seq8494_456_bp_1_1_0	AAB26998.1	100.00	3	0	0	7	9	53	55	5.9	13.0
Seq8494_456_bp_1_1_0	ACT10338.1	37.50	8	5	0	3	10	82	89	6.3	15.2
Seq8494_456_bp_1_1_0	AAB64315.2	71.43	7	2	0	2	8	276	282	8.7	14.4
Seq8494_456_bp_1_1_0	CAA74140.1	66.67	6	2	0	5	10	713	718	8.8	15.9
Seq8494_456_bp_1_1_1	ABD33854.1	30.77	13	9	0	3	15	8	20	0.36	17.7
Seq8494_456_bp_1_1_1	ABG75784.1	75.00	8	2	0	8	15	106	113	0.55	19.4
Seq8494_456_bp_1_1_1	AAA45888.1	66.67	6	2	0	3	8	136	141	0.67	19.4
Seq8494_456_bp_1_1_1	BAA32018.1	45.45	11	6	0	10	20	362	372	0.74	20.0
Seq8494_456_bp_1_1_1	AAA24142.1	46.15	13	7	0	1	13	443	455	1.7	18.3
Seq8494_456_bp_1_1_1	ABN10845.1	37.50	16	10	0	4	19	90	105	1.8	17.2
Seq8494_456_bp_1_1_1	AAA32376.1	50.00	10	5	0	7	16	99	108	3	16.0
Seq8494_456_bp_1_1_1	EDO47375.1	36.36	11	7	0	10	20	28	38	3.3	16.0
Seq8494_456_bp_1_1_1	BAB17681.1	75.00	4	1	0	4	7	22	25	4.7	16.0
Seq8494_456_bp_1_1_1	BAB79260.1	26.67	15	11	0	3	17	52	66	5.3	16.6
Seq8494_456_bp_1_1_1	BAA32956.1	33.33	6	4	0	16	21	147	152	5.3	15.5
Seq8494_456_bp_1_1_1	AAB26998.1	60.00	5	2	0	6	10	3	7	6.3	13.8
Seq8494_456_bp_1_1_1	CAA73529.1	60.00	5	2	0	5	9	40	44	6.8	15.5
Seq8494_456_bp_1_1_1	AAB64315.2	50.00	6	3	0	4	9	46	51	8.1	15.5
Seq8494_456_bp_1_1_1	AAR37016.1	55.56	9	4	0	10	18	1696	1704	8.3	18.3
Seq8494_456_bp_1_1_1	ACT10338.1	55.56	9	4	0	10	18	340	348	9.4	15.5
Seq8494_456_bp_1_1_2	ABN10845.1	42.86	7	4	0	3	9	77	83	1.4	16.4
Seq8494_456_bp_1_1_2	AAQ92751.2	33.33	9	6	0	1	9	207	215	2.4	18.3
Seq8494_456_bp_1_1_2	BAB70780.1	33.33	9	6	0	2	10	451	459	3.2	16.4
Seq8494_456_bp_1_1_2	AAX12058.1	40.00	10	6	0	1	10	120	129	4.3	15.1
Seq8494_456_bp_1_1_2	BAB17681.1	42.86	7	4	0	2	8	253	259	4.3	15.1
Seq8494_456_bp_1_1_2	AAA72732.1	57.14	7	3	0	2	8	139	145	4.9	15.1
Seq8494_456_bp_1_1_2	AAR31603.1	75.00	4	1	0	1	4	72	75	5.1	15.1
Seq8494_456_bp_1_1_2	AIR13712.1	50.00	6	3	0	5	10	270	275	5.1	15.1
Seq8494_456_bp_1_1_2	CAA04196.1	44.44	9	5	0	2	10	388	396	6.4	15.1
Seq8494_456_bp_1_1_2	AAB96524.1	50.00	6	3	0	5	10	96	101	6.8	13.8
Seq8494_456_bp_1_1_2	AAB26998.1	37.50	8	5	0	2	9	4	11	6.9	12.6
Seq8494_456_bp_1_1_2	ABD33854.1	25.00	8	6	0	2	9	3	10	8.6	11.9
Seq8494_456_bp_1_1_2	AEE27845.1	44.44	9	5	0	1	9	1061	1069	8.7	16.4
Seq8494_456_bp_1_1_2	AAA45888.1	50.00	8	4	0	2	9	87	94	8.9	14.5
Seq8494_456_bp_1_1_2	ACT10338.1	100.00	3	0	0	8	10	160	162	9	14.5
Seq8494_456_bp_1_1_2	AAC08817.1	40.00	5	3	0	5	9	83	87	9.1	13.2
Seq8494_456_bp_1_1_2	CAA43372.1	30.00	10	7	0	1	10	200	209	9.5	14.5
Seq8494_456_bp_1_1_2	CAA73529.1	44.44	9	5	0	1	9	210	218	9.8	13.8
Seq8494_456_bp_1_1_3	AAA32376.1	41.38	29	17	0	5	33	113	141	0.0052	26.2
Seq8494_456_bp_1_1_3	AAB26998.1	35.71	14	9	0	25	38	4	17	0.033	22.4
Seq8494_456_bp_1_1_3	ABD33854.1	62.50	8	3	0	1	8	4	11	0.18	19.7
Seq8494_456_bp_1_1_3	AAA72732.1	37.50	16	10	0	4	19	12	27	0.6	20.2
Seq8494_456_bp_1_1_3	AAA24142.1	66.67	6	2	0	22	27	288	293	0.86	20.2
Seq8494_456_bp_1_1_3	BAB79260.1	37.50	16	10	0	23	38	202	217	0.87	20.2
Seq8494_456_bp_1_1_3	AAR37016.1	24.14	29	22	0	7	35	1911	1939	1.4	21.9
Seq8494_456_bp_1_1_3	AAA45888.1	27.27	11	8	0	19	29	83	93	1.5	19.1
Seq8494_456_bp_1_1_3	ACT10338.1	71.43	7	2	0	13	19	343	349	1.6	19.1
Seq8494_456_bp_1_1_3	AAI27517.1	26.67	30	22	0	1	30	204	233	2.4	19.1
Seq8494_456_bp_1_1_3	AAR31603.1	25.00	12	9	0	26	37	94	105	2.8	18.0
Seq8494_456_bp_1_1_3	AAC97205.1	80.00	5	1	0	19	23	104	108	4.8	19.1
Seq8494_456_bp_1_1_3	AAC17860.1	42.86	14	8	0	21	34	107	120	5	17.5
Seq8494_456_bp_1_1_3	ABG75784.1	100.00	5	0	0	27	31	106	110	5.5	17.0
Seq8494_456_bp_1_1_3	BAB70780.1	31.03	32	20	3	3	31	430	461	5.8	17.5
Seq8494_456_bp_1_1_3	CAA45199.1	40.00	10	6	0	30	39	61	70	8.1	17.0
Seq8494_456_bp_1_1_3	AAX84812.1	50.00	10	5	0	2	11	224	233	8.4	15.9
Seq8494_456_bp_1_1_3	AAA25966.1	37.50	8	5	0	30	37	368	375	8.5	17.5
Seq8494_456_bp_1_1_3	AAA36565.1	25.00	8	6	0	16	23	51	58	8.8	15.3
Seq8494_456_bp_1_1_3	AAF01122.1	60.00	5	2	0	33	37	375	379	9.3	16.4
Seq8494_456_bp_1_1_3	CAA26230.1	25.00	8	6	0	17	24	192	199	9.5	17.0
Seq8494_456_bp_1_1_3	AAB96524.1	37.50	8	5	0	18	25	108	115	9.7	15.3
Seq8494_456_bp_1_1_3	CAA73529.1	75.00	4	1	0	17	20	188	191	9.8	15.9
Seq8494_456_bp_1_1_3	EDO47375.1	22.22	18	14	0	6	23	107	124	9.9	15.3
Seq8494_456_bp_1_1_4	AAB26998.1	28.57	14	10	0	3	16	1	14	0.081	21.5
Seq8494_456_bp_1_1_4	CAA74140.1	60.00	10	4	0	1	10	856	865	0.66	22.1
Seq8494_456_bp_1_1_4	BAB79260.1	37.50	8	5	0	13	20	198	205	0.97	20.5
Seq8494_456_bp_1_1_4	ABN10845.1	38.46	14	8	1	6	18	43	56	0.97	19.4
Seq8494_456_bp_1_1_4	AAA18786.1	50.00	8	4	0	16	23	187	194	1.7	18.9
Seq8494_456_bp_1_1_4	ABD49687.1	43.75	17	9	1	27	43	230	245	1.7	21.5
Seq8494_456_bp_1_1_4	AAA45888.1	36.36	12	7	1	6	17	174	184	3.5	18.3
Seq8494_456_bp_1_1_4	EDO47375.1	41.67	12	7	0	10	21	33	44	3.6	17.3
Seq8494_456_bp_1_1_4	ABD33854.1	55.56	9	4	0	6	14	9	17	3.6	15.7
Seq8494_456_bp_1_1_4	AAA36565.1	66.67	6	2	0	49	54	5	10	4.5	16.7
Seq8494_456_bp_1_1_4	CAA04196.1	57.14	7	3	0	16	22	17	23	5.4	17.8
Seq8494_456_bp_1_1_4	BAA32991.1	33.33	6	4	0	40	45	23	28	5.6	15.1
Seq8494_456_bp_1_1_4	CAA26230.1	57.14	20	6	6	30	47	1	16	7.1	17.8
Seq8494_456_bp_1_1_4	CAA73529.1	50.00	10	5	0	43	52	36	45	7.3	16.7
Seq8494_456_bp_1_1_4	BAA32956.1	41.67	27	14	3	22	47	4	28	8	16.2
Seq8494_456_bp_1_1_4	AII71783.1	30.77	13	9	0	4	16	220	232	8.1	16.7
Seq8494_456_bp_1_1_4	AAX84812.1	36.36	11	7	0	42	52	187	197	8.7	16.2
Seq8494_456_bp_1_1_4	AAA32624.1	80.00	5	1	0	6	10	242	246	9.4	17.3
Seq8494_456_bp_1_2_0	BAA32991.1	41.67	12	7	0	2	13	24	35	0.005	24.0
Seq8494_456_bp_1_2_0	AAB26998.1	62.50	8	3	0	3	10	40	47	0.0058	24.0
Seq8494_456_bp_1_2_0	AAA26915.1	33.33	9	6	0	2	10	371	379	0.12	22.2
Seq8494_456_bp_1_2_0	AAC97205.1	30.77	13	9	0	3	15	627	639	1.6	19.9
Seq8494_456_bp_1_2_0	AAX84812.1	25.00	16	12	0	4	19	98	113	4.9	15.7
Seq8494_456_bp_1_2_0	AAA23282.1	36.36	11	7	0	10	20	376	386	5.3	16.9
Seq8494_456_bp_1_2_0	CAA04196.1	80.00	5	1	0	1	5	339	343	5.8	16.3
Seq8494_456_bp_1_2_0	AAA36565.1	100.00	4	0	0	15	18	154	157	7.7	14.6
Seq8494_456_bp_1_2_0	ABS38337.1	26.32	19	14	0	3	21	949	967	7.7	17.5
Seq8494_456_bp_1_2_0	AAQ92751.2	33.33	6	4	0	6	11	317	322	8.3	17.5
Seq8494_456_bp_1_2_0	CAA73529.1	80.00	5	1	0	14	18	219	223	8.3	15.2
Seq8494_456_bp_1_2_0	ABG75784.1	50.00	4	2	0	7	10	192	195	9.4	15.2
Seq8494_456_bp_1_2_1	ABN10845.1	50.00	8	4	0	17	24	91	98	0.095	21.6
Seq8494_456_bp_1_2_1	AEE27845.1	62.50	8	3	0	9	16	948	955	0.43	22.1
Seq8494_456_bp_1_2_1	ABG75784.1	42.86	14	8	0	5	18	183	196	1.6	18.0
Seq8494_456_bp_1_2_1	BAB79260.1	66.67	6	2	0	17	22	422	427	1.6	18.5
Seq8494_456_bp_1_2_1	BAA32956.1	40.00	10	6	0	7	16	91	100	2.1	17.0
Seq8494_456_bp_1_2_1	AAA72732.1	42.86	7	4	0	7	13	225	231	2.2	17.5
Seq8494_456_bp_1_2_1	AAB26998.1	33.33	9	6	0	5	13	12	20	2.3	15.5
Seq8494_456_bp_1_2_1	AAB96524.1	80.00	5	1	0	20	24	94	98	3.8	16.0
Seq8494_456_bp_1_2_1	CAA11507.1	33.33	12	8	0	8	19	208	219	4.7	18.5
Seq8494_456_bp_1_2_1	AAB64315.2	44.44	9	5	0	15	23	121	129	6.5	16.0
Seq8494_456_bp_1_2_1	AII71783.1	30.00	10	7	0	13	22	153	162	8.5	15.5
Seq8494_456_bp_1_2_2	CAA73529.1	33.33	16	10	1	3	18	197	211	0.3	20.1
Seq8494_456_bp_1_2_2	CAA04196.1	42.86	7	4	0	12	18	364	370	0.96	19.0
Seq8494_456_bp_1_2_2	AAA25966.1	35.71	14	9	0	8	21	111	124	2.4	18.5
Seq8494_456_bp_1_2_2	AAC08817.1	20.00	10	8	0	2	11	97	106	3.4	15.8
Seq8494_456_bp_1_2_2	ABS38337.1	38.46	13	8	0	5	17	1255	1267	4.2	18.5
Seq8494_456_bp_1_2_2	AAA23282.1	50.00	6	3	0	12	17	543	548	5.5	16.8
Seq8494_456_bp_1_2_2	BAA32956.1	42.86	7	4	0	9	15	98	104	6.2	15.2
Seq8494_456_bp_1_2_2	ACH70904.1	80.00	5	1	0	5	9	79	83	7.2	15.8
Seq8494_456_bp_1_2_2	AAA32624.1	33.33	9	6	0	8	16	474	482	7.3	16.3
Seq8494_456_bp_1_2_2	AAR37016.1	62.50	8	3	0	9	16	1067	1074	7.4	18.5
Seq8494_456_bp_1_2_2	ABN10845.1	36.36	11	7	0	1	11	98	108	9	14.7
Seq8494_456_bp_1_2_3	ABN10845.1	66.67	12	3	3	2	13	108	116	1.7	17.1
Seq8494_456_bp_1_2_3	AAA25966.1	61.54	14	5	1	5	18	232	244	2.6	18.2
Seq8494_456_bp_1_2_3	AAA26915.1	66.67	7	2	1	2	8	435	440	3.5	17.1
Seq8494_456_bp_1_2_3	BAA32991.1	100.00	2	0	0	3	4	28	29	4.7	13.9
Seq8494_456_bp_1_2_3	AAA24142.1	57.14	7	3	0	8	14	317	323	4.9	16.6
Seq8494_456_bp_1_2_3	CAA73529.1	57.14	7	3	0	5	11	40	46	6.1	15.5
Seq8494_456_bp_1_2_3	ABK71357.1	42.86	7	4	0	3	9	141	147	8.2	15.5
Seq8494_456_bp_1_2_3	BAE97662.1	35.71	14	9	0	6	19	672	685	8.2	17.1
Seq8494_456_bp_1_2_3	AAA45888.1	100.00	2	0	0	2	3	164	165	8.4	15.5
Seq8494_456_bp_1_2_3	CAA43372.1	100.00	2	0	0	2	3	269	270	9	15.5
Seq8494_456_bp_1_2_3	BAA32956.1	66.67	3	1	0	4	6	90	92	9.5	14.4
Seq8494_456_bp_1_2_3	CAA74140.1	55.56	9	4	0	6	14	664	672	9.6	16.6
Seq8494_456_bp_1_2_4	BAA32991.1	71.43	9	2	2	2	8	27	35	0.27	17.5
Seq8494_456_bp_1_2_4	ABL74574.1	33.33	9	6	0	5	13	17	25	0.72	18.2
Seq8494_456_bp_1_2_4	AIR13712.1	33.33	9	6	0	2	10	135	143	1.3	17.5
Seq8494_456_bp_1_2_4	AAA18786.1	37.50	8	5	0	5	12	89	96	2.5	16.2
Seq8494_456_bp_1_2_4	AAC78721.1	33.33	9	6	0	5	13	638	646	2.6	17.5
Seq8494_456_bp_1_2_4	BAA32956.1	50.00	4	2	0	4	7	90	93	3.1	15.6
Seq8494_456_bp_1_2_4	ABK71357.1	40.00	5	3	0	2	6	140	144	3.5	16.2
Seq8494_456_bp_1_2_4	AAA24969.1	57.14	7	3	0	5	11	351	357	3.7	18.2
Seq8494_456_bp_1_2_4	AAB96524.1	30.77	13	9	0	1	13	175	187	4.2	15.0
Seq8494_456_bp_1_2_4	AAR37016.1	75.00	4	1	0	2	5	1073	1076	5.7	18.2
Seq8494_456_bp_1_2_4	AAB26998.1	66.67	3	1	0	1	3	45	47	6.6	13.0
Seq8494_456_bp_1_2_4	CAA11507.1	66.67	6	2	0	5	10	544	549	7.8	16.9
Seq8494_456_bp_1_2_4	AAF01122.1	50.00	8	4	0	5	12	17	24	8.2	15.0
Seq8494_456_bp_1_2_4	ABD33854.1	33.33	6	4	0	5	10	44	49	8.3	12.4
Seq8494_456_bp_1_2_4	AAC17860.1	100.00	6	0	0	6	11	82	87	8.9	15.0
Seq8494_456_bp_1_2_4	AAA25966.1	50.00	6	3	0	5	10	410	415	9.9	15.6
Seq8494_456_bp_1_2_5	AAA24142.1	60.00	5	2	0	35	39	49	53	5.8	17.4
Seq8494_456_bp_1_2_5	ABN10845.1	71.43	7	2	0	1	7	104	110	7.2	16.0
Seq8494_456_bp_1_2_5	AII71783.1	50.00	6	3	0	36	41	149	154	7.4	16.5
Seq8494_456_bp_1_2_5	AAI27517.1	55.56	9	4	0	17	25	427	435	7.5	17.4
Seq8494_456_bp_1_2_5	ABD49687.1	42.86	14	8	0	7	20	1710	1723	8.3	18.8
Seq8494_456_bp_1_2_5	CAA73529.1	20.00	20	16	0	10	29	239	258	9	16.0
Seq8494_456_bp_-1_0_0	AAA45888.1	40.91	24	13	2	12	33	114	137	0.56	21.1
Seq8494_456_bp_-1_0_0	ABL74574.1	36.84	21	12	2	21	39	270	290	2.3	18.7
Seq8494_456_bp_-1_0_0	AAC17860.1	41.67	12	7	0	29	40	333	344	4.5	18.2
Seq8494_456_bp_-1_0_0	CAA74140.1	35.71	14	9	0	21	34	499	512	5.2	19.2
Seq8494_456_bp_-1_0_0	ABD33854.1	100.00	4	0	0	20	23	9	12	5.3	15.2
Seq8494_456_bp_-1_0_0	ABN10845.1	25.00	20	15	0	30	49	69	88	6.5	16.7
Seq8494_456_bp_-1_0_0	BAB17681.1	20.00	20	16	0	29	48	158	177	8	16.7
Seq8494_456_bp_-1_0_0	AAA24969.1	23.33	30	23	0	30	59	534	563	8.2	19.2
Seq8494_456_bp_-1_0_0	AAH69556.1	27.27	11	8	0	39	49	216	226	8.9	16.7
Seq8494_456_bp_-1_0_0	AAR37016.1	55.56	9	4	0	43	51	1553	1561	8.9	19.7
Seq8494_456_bp_-1_0_1	CAA26230.1	17.86	28	23	0	12	39	264	291	0.36	21.8
Seq8494_456_bp_-1_0_1	ABD33854.1	46.15	13	7	0	18	30	5	17	0.63	17.9
Seq8494_456_bp_-1_0_1	BAB70780.1	35.00	21	13	1	1	20	439	459	0.68	20.7
Seq8494_456_bp_-1_0_1	CAA04196.1	54.55	11	5	0	5	15	381	391	1.3	19.5
Seq8494_456_bp_-1_0_1	AAA23282.1	55.56	9	4	0	14	22	48	56	1.7	19.5
Seq8494_456_bp_-1_0_1	AAX12058.1	28.57	21	15	0	12	32	231	251	1.8	18.4
Seq8494_456_bp_-1_0_1	BAA32018.1	38.89	18	11	0	7	24	480	497	1.9	19.5
Seq8494_456_bp_-1_0_1	CAA74140.1	26.67	15	11	0	12	26	355	369	1.9	20.1
Seq8494_456_bp_-1_0_1	AAA24142.1	40.00	10	6	0	16	25	288	297	2	19.0
Seq8494_456_bp_-1_0_1	BAB79260.1	38.46	13	8	0	17	29	112	124	3	18.4
Seq8494_456_bp_-1_0_1	AAA45888.1	36.36	11	7	0	11	21	61	71	3.7	17.9
Seq8494_456_bp_-1_0_1	AAC78721.1	50.00	12	6	0	11	22	286	297	4.4	18.4
Seq8494_456_bp_-1_0_1	ABG75784.1	50.00	6	3	0	25	30	105	110	4.4	17.3
Seq8494_456_bp_-1_0_1	CAA45199.1	33.33	18	12	0	1	18	280	297	4.5	17.9
Seq8494_456_bp_-1_0_1	AIR13712.1	23.08	13	10	0	18	30	1	13	4.6	17.3
Seq8494_456_bp_-1_0_1	AAA32376.1	34.78	23	15	0	6	28	115	137	5.3	16.2
Seq8494_456_bp_-1_0_1	AAA42531.1	100.00	4	0	0	3	6	154	157	5.4	17.3
Seq8494_456_bp_-1_0_1	EDO47375.1	36.84	20	12	1	7	26	89	107	5.8	16.2
Seq8494_456_bp_-1_0_1	AAA72732.1	50.00	10	5	0	21	30	150	159	6.4	16.7
Seq8494_456_bp_-1_0_1	AAC97205.1	25.00	16	12	0	2	17	124	139	7.7	18.4
Seq8494_456_bp_-1_0_1	ACT10338.1	33.33	15	10	0	12	26	93	107	7.9	16.7
Seq8494_456_bp_-1_0_1	AAA18786.1	37.50	8	5	0	14	21	5	12	8	16.2
Seq8494_456_bp_-1_0_1	CAA11507.1	80.00	5	1	0	20	24	1087	1091	8.5	18.4
Seq8494_456_bp_-1_0_1	AAQ92751.2	62.50	8	3	0	21	28	1	8	8.6	18.4
Seq8494_456_bp_-1_0_1	AAH69556.1	50.00	6	3	0	16	21	282	287	9	16.2
Seq8494_456_bp_-1_0_1	ABN10845.1	42.86	7	4	0	16	22	98	104	9.5	15.6
Seq8494_456_bp_-1_0_1	BAA32991.1	37.50	8	5	0	31	38	59	66	9.7	13.9
Seq8494_456_bp_-1_0_2	ABL74574.1	26.09	23	17	0	4	26	253	275	0.34	20.6
Seq8494_456_bp_-1_0_2	CAA11507.1	38.46	13	8	0	21	33	1172	1184	1.1	21.2
Seq8494_456_bp_-1_0_2	CAA43372.1	28.57	14	10	0	3	16	384	397	1.7	18.8
Seq8494_456_bp_-1_0_2	CAA04196.1	23.81	21	16	0	8	28	249	269	1.7	18.8
Seq8494_456_bp_-1_0_2	AAH69556.1	37.50	8	5	0	12	19	210	217	1.9	18.2
Seq8494_456_bp_-1_0_2	AAB96524.1	28.57	14	10	0	15	28	22	35	2.6	17.0
Seq8494_456_bp_-1_0_2	AAR37016.1	44.44	9	5	0	14	22	1564	1572	2.7	20.6
Seq8494_456_bp_-1_0_2	AAA32376.1	35.71	14	9	0	1	14	73	86	3.6	16.4
Seq8494_456_bp_-1_0_2	BAA32991.1	15.38	13	11	0	17	29	20	32	4.9	14.6
Seq8494_456_bp_-1_0_2	AAA65607.1	44.44	9	5	0	4	12	91	99	5	17.0
Seq8494_456_bp_-1_0_2	AAA23282.1	45.45	11	6	0	2	12	136	146	5.1	17.6
Seq8494_456_bp_-1_0_2	EDO47375.1	50.00	6	3	0	2	7	102	107	5.9	15.8
Seq8494_456_bp_-1_0_2	ABG75784.1	22.22	9	7	0	6	14	201	209	6.4	16.4
Seq8494_456_bp_-1_0_2	AAX84812.1	71.43	7	2	0	9	15	7	13	7.1	15.8
Seq8494_456_bp_-1_0_2	AAA36565.1	50.00	8	4	0	8	15	61	68	7.7	15.2
Seq8494_456_bp_-1_0_2	BAB70780.1	42.86	7	4	0	14	20	300	306	9.6	16.4
Seq8494_456_bp_-1_0_2	AAB64315.2	44.44	9	5	0	4	12	233	241	9.8	15.8
Seq8494_456_bp_-1_1_0	ABD49687.1	38.24	39	21	5	36	69	118	156	0.3	25.2
Seq8494_456_bp_-1_1_0	AAA72732.1	45.45	11	6	0	31	41	224	234	1.3	20.6
Seq8494_456_bp_-1_1_0	CAA26230.1	40.00	10	6	0	24	33	8	17	2.4	20.6
Seq8494_456_bp_-1_1_0	AAA25966.1	46.15	13	7	0	77	89	242	254	3.1	20.6
Seq8494_456_bp_-1_1_0	ABS38337.1	26.67	15	11	0	85	99	1262	1276	3.8	21.1
Seq8494_456_bp_-1_1_0	AEE27845.1	30.77	26	18	0	86	111	10	35	4.1	21.1
Seq8494_456_bp_-1_1_0	AAH69556.1	29.63	29	19	2	41	69	69	95	5.3	18.5
Seq8494_456_bp_-1_1_0	ABN10845.1	50.00	8	4	0	40	47	39	46	5.4	18.0
Seq8494_456_bp_-1_1_0	CAA11507.1	22.73	22	17	0	51	72	1031	1052	5.7	20.6
Seq8494_456_bp_-1_1_0	BAA32018.1	44.44	9	5	0	39	47	183	191	7.5	19.0
Seq8494_456_bp_-1_1_0	AAB64315.2	62.50	8	3	0	24	31	196	203	7.9	18.0
Seq8494_456_bp_-1_1_0	AAR37016.1	29.55	44	31	0	1	44	1043	1086	9.4	20.6
Seq8494_456_bp_-1_1_1	AAR37016.1	55.56	9	4	0	10	18	97	105	0.4	22.5
Seq8494_456_bp_-1_1_1	ACH70904.1	50.00	8	4	0	9	16	231	238	2.1	17.4
Seq8494_456_bp_-1_1_1	AEE27845.1	42.86	14	8	0	1	14	939	952	2.2	19.3
Seq8494_456_bp_-1_1_1	ABK71357.1	66.67	6	2	0	9	14	79	84	2.2	17.4
Seq8494_456_bp_-1_1_1	ABL74574.1	42.86	7	4	0	11	17	160	166	2.7	16.7
Seq8494_456_bp_-1_1_1	EDO47375.1	45.45	11	6	0	8	18	109	119	2.7	16.1
Seq8494_456_bp_-1_1_1	AAA18786.1	36.36	11	7	0	2	12	157	167	3.8	16.1
Seq8494_456_bp_-1_1_1	AAB64315.2	55.56	9	4	0	6	14	282	290	7.1	15.4
Seq8494_456_bp_-1_1_1	ABN10845.1	31.25	16	11	0	3	18	1	16	7.4	14.8
Seq8494_456_bp_-1_1_1	AAA65607.1	66.67	6	2	0	13	18	294	299	7.9	15.4
Seq8494_456_bp_-1_2_0	CAA43372.1	31.25	16	11	0	6	21	97	112	0.29	21.3
Seq8494_456_bp_-1_2_0	AAA72732.1	20.00	25	20	0	1	25	79	103	0.31	20.8
Seq8494_456_bp_-1_2_0	AIR13712.1	44.44	9	5	0	17	25	228	236	0.98	19.2
Seq8494_456_bp_-1_2_0	CAA45199.1	41.67	12	7	0	11	22	373	384	2	18.7
Seq8494_456_bp_-1_2_0	AAA18786.1	50.00	8	4	0	14	21	243	250	2.3	17.6
Seq8494_456_bp_-1_2_0	BAA32018.1	30.77	26	18	0	7	32	499	524	3.8	18.2
Seq8494_456_bp_-1_2_0	AAA24969.1	36.84	19	12	0	6	24	327	345	8.8	18.2
Seq8494_456_bp_-1_2_0	ACH70904.1	21.74	24	18	1	9	31	27	50	8.9	16.1
Seq8494_456_bp_-1_2_0	AAX12058.1	35.29	17	11	0	13	29	219	235	9.7	15.5
Seq8494_456_bp_-1_2_1	ACH70904.1	50.00	8	4	0	8	15	356	363	2	17.7
Seq8494_456_bp_-1_2_1	AAA18786.1	55.56	9	4	0	2	10	4	12	2.1	17.2
Seq8494_456_bp_-1_2_1	ABS38337.1	50.00	13	6	1	9	20	1104	1116	2.3	19.3
Seq8494_456_bp_-1_2_1	ABN10845.1	27.27	11	8	0	1	11	94	104	2.4	16.7
Seq8494_456_bp_-1_2_1	BAB79260.1	50.00	10	5	0	1	10	200	209	2.5	17.7
Seq8494_456_bp_-1_2_1	AAX12058.1	41.67	12	7	0	9	20	154	165	3.1	16.7
Seq8494_456_bp_-1_2_1	AAA45888.1	100.00	5	0	0	6	10	174	178	4.2	16.7
Seq8494_456_bp_-1_2_1	AAA24969.1	46.15	13	7	0	6	18	593	605	5.6	18.3
Seq8494_456_bp_-1_2_1	CAA73529.1	35.29	17	11	0	5	21	29	45	6.2	15.6
Seq8494_456_bp_-1_2_1	AAA23282.1	80.00	5	1	0	14	18	385	389	6.2	16.7
Seq8494_456_bp_-1_2_1	ABL74574.1	33.33	12	8	0	9	20	135	146	6.5	15.6
Seq8494_456_bp_-1_2_1	AAB26998.1	80.00	5	1	0	6	10	4	8	7.5	13.5
Seq8494_456_bp_-1_2_1	AAB96524.1	42.86	7	4	0	1	7	94	100	8.5	14.6
Seq8494_456_bp_-1_2_1	ABG75784.1	37.50	8	5	0	2	9	292	299	9.8	15.1
Seq8494_456_bp_-1_2_2	BAB17681.1	66.67	9	3	0	23	31	121	129	1	19.2
Seq8494_456_bp_-1_2_2	CAA04196.1	25.00	19	12	3	7	22	226	244	2.1	18.8
Seq8494_456_bp_-1_2_2	AAA32624.1	35.00	22	13	2	8	29	290	309	2.6	18.8
Seq8494_456_bp_-1_2_2	AAA32376.1	21.43	14	11	0	25	38	116	129	3	17.0
Seq8494_456_bp_-1_2_2	AAC17860.1	50.00	10	5	0	20	29	233	242	5.1	17.4
Seq8494_456_bp_-1_2_2	AII71783.1	55.56	9	4	0	29	37	293	301	5.3	17.0
Seq8494_456_bp_-1_2_2	AAB64315.2	50.00	10	5	0	8	17	126	135	7.5	16.5
Seq8494_456_bp_-1_2_2	AAA45888.1	18.75	16	13	0	20	35	128	143	8.7	16.5
Seq8494_456_bp_-1_2_2	AAA23282.1	30.77	13	9	0	1	13	220	232	9.3	17.0
Seq8494_456_bp_-1_2_2	ABG75784.1	29.41	17	12	0	23	39	200	216	9.6	16.1
Seq8494_456_bp_-1_2_3	AAA24142.1	30.77	13	9	0	1	13	291	303	0.65	19.0
Seq8494_456_bp_-1_2_3	AAA32624.1	44.44	9	5	0	2	10	457	465	2.6	17.1
Seq8494_456_bp_-1_2_3	CAA73529.1	57.14	7	3	0	1	7	263	269	4.8	15.3
Seq8494_456_bp_-1_2_3	AAA65607.1	50.00	8	4	0	3	10	51	58	6.3	15.3
Seq8494_456_bp_-1_2_3	AAC78721.1	23.08	13	10	0	1	13	627	639	7.5	15.9
Seq8494_456_bp_-1_2_4	AAA45888.1	42.86	7	4	0	8	14	158	164	1.7	17.5
Seq8494_456_bp_-1_2_4	AEE27845.1	44.44	9	5	0	6	14	616	624	1.8	19.3
Seq8494_456_bp_-1_2_4	CAA04196.1	33.33	9	6	0	5	13	65	73	1.8	17.5
Seq8494_456_bp_-1_2_4	EDO47375.1	50.00	8	4	0	3	10	55	62	1.9	16.3
Seq8494_456_bp_-1_2_4	AAA42531.1	40.00	10	6	0	3	12	276	285	2.5	16.9
Seq8494_456_bp_-1_2_4	AAB64315.2	62.50	8	3	0	6	13	90	97	3.2	16.3
Seq8494_456_bp_-1_2_4	AAB26998.1	66.67	6	2	0	3	8	28	33	3.9	13.9
Seq8494_456_bp_-1_2_4	AAA25966.1	75.00	4	1	0	11	14	119	122	4.6	16.9
Seq8494_456_bp_-1_2_4	AAX84812.1	50.00	6	3	0	4	9	205	210	5	15.1
Seq8494_456_bp_-1_2_4	CAA73529.1	42.86	19	8	5	1	14	19	37	5.9	15.1
Seq8494_456_bp_-1_2_4	CAD53387.1	42.86	7	4	0	7	13	49	55	7.1	15.7
Seq8494_456_bp_-1_2_4	ACH70904.1	60.00	5	2	0	10	14	292	296	7.6	15.1
Seq8494_456_bp_-1_2_4	CAA45199.1	50.00	6	3	0	1	6	19	24	9.8	15.1
Seq8494_456_bp_-1_2_4	BAA32956.1	57.14	7	3	0	4	10	124	130	9.9	13.9
