Seq9101_784_bp_1_0_0	AAR37016.1	99.62	261	1	0	1	261	1	261	1.5e-145	506.2
Seq9101_784_bp_1_0_0	AAR37016.1	31.05	228	131	38	50	252	453	667	0.092	28.5
Seq9101_784_bp_1_0_0	AAI27517.1	30.54	192	116	25	81	261	209	386	0.004	31.0
Seq9101_784_bp_1_0_0	ABK71357.1	31.58	199	104	47	53	229	48	221	0.12	25.5
Seq9101_784_bp_1_0_0	AAA65607.1	41.67	39	21	3	35	71	94	131	0.56	23.2
Seq9101_784_bp_1_0_0	ACT10338.1	24.86	229	130	56	37	244	105	298	2	21.5
Seq9101_784_bp_1_0_0	ABD49687.1	27.94	162	98	26	37	187	722	868	2.6	23.2
Seq9101_784_bp_1_0_0	AAA26915.1	30.00	41	28	1	200	239	374	414	3.9	20.7
Seq9101_784_bp_1_0_0	BAA32956.1	27.03	37	27	0	79	115	40	76	5	19.2
Seq9101_784_bp_1_0_0	AAX12058.1	38.10	22	13	1	141	161	209	230	5.4	19.5
Seq9101_784_bp_1_0_0	AAA42531.1	26.32	87	56	11	124	204	175	256	6.4	19.7
Seq9101_784_bp_1_0_0	CAA43372.1	33.33	47	26	8	111	157	253	291	6.8	19.7
Seq9101_784_bp_1_0_0	BAE97662.1	33.33	33	20	3	219	251	196	225	7.7	21.0
Seq9101_784_bp_1_0_0	AIR13712.1	36.11	40	23	4	125	164	264	299	8.9	19.0
Seq9101_784_bp_1_0_0	AAC08817.1	26.19	43	31	1	65	107	123	164	8.9	18.0
Seq9101_784_bp_1_1_0	AAR37016.1	52.63	23	9	4	4	22	666	688	0.57	23.3
Seq9101_784_bp_1_1_0	AAB26998.1	27.27	11	8	0	7	17	34	44	3.2	15.9
Seq9101_784_bp_1_1_0	ACT10338.1	30.00	20	14	0	15	34	198	217	3.3	18.2
Seq9101_784_bp_1_1_0	CAA43372.1	41.18	17	10	0	12	28	304	320	5.3	17.5
Seq9101_784_bp_1_1_0	CAA04196.1	41.18	39	20	5	4	42	36	69	5.4	17.5
Seq9101_784_bp_1_1_0	AAA24142.1	31.43	36	24	1	4	39	205	239	7.2	17.2
Seq9101_784_bp_1_1_0	ABK71357.1	42.42	37	19	4	10	45	39	72	7.4	16.9
Seq9101_784_bp_1_1_0	CAA45199.1	46.88	44	17	12	2	35	77	118	7.4	17.2
Seq9101_784_bp_1_1_0	AAI27517.1	51.52	45	16	12	3	36	452	495	7.5	17.5
Seq9101_784_bp_1_1_0	AIR13712.1	36.11	43	23	7	3	43	203	240	8.1	16.6
Seq9101_784_bp_1_1_0	AAH69556.1	35.29	17	11	0	3	19	45	61	9.2	16.3
Seq9101_784_bp_1_1_1	AAB64315.2	35.38	75	42	10	69	143	10	74	0.13	24.6
Seq9101_784_bp_1_1_1	AAR31603.1	30.56	37	25	1	82	118	52	87	0.72	22.1
Seq9101_784_bp_1_1_1	ABN10845.1	28.85	58	37	6	8	65	40	91	0.9	21.2
Seq9101_784_bp_1_1_1	AAR37016.1	30.48	130	73	25	58	172	1451	1570	1.2	24.3
Seq9101_784_bp_1_1_1	AAF01122.1	60.00	10	4	0	160	169	368	377	1.6	21.2
Seq9101_784_bp_1_1_1	ABD49687.1	28.57	74	50	4	17	86	1183	1256	2	23.0
Seq9101_784_bp_1_1_1	BAA32956.1	31.82	22	15	0	93	114	6	27	2	20.0
Seq9101_784_bp_1_1_1	AAC97205.1	22.14	146	102	15	32	173	657	791	2.7	22.1
Seq9101_784_bp_1_1_1	ABG75784.1	61.54	13	5	0	71	83	15	27	3	20.0
Seq9101_784_bp_1_1_1	ABD33854.1	50.00	17	7	3	160	173	33	49	4.1	17.2
Seq9101_784_bp_1_1_1	AAA25966.1	32.14	30	19	2	9	38	219	246	4.5	20.6
Seq9101_784_bp_1_1_1	ABL74574.1	66.67	9	3	0	86	94	149	157	5.1	19.0
Seq9101_784_bp_1_1_1	AAA24142.1	35.29	17	11	0	103	119	154	170	5.2	19.7
Seq9101_784_bp_1_1_1	AAA45888.1	57.14	15	6	1	51	65	170	183	5.5	19.3
Seq9101_784_bp_1_1_1	AAA32624.1	26.92	27	19	1	134	159	75	101	6	19.7
Seq9101_784_bp_1_1_1	AAB26998.1	40.00	16	9	1	144	159	47	61	6.1	16.9
Seq9101_784_bp_1_1_1	CAA26230.1	25.88	98	63	13	35	126	428	518	6.4	19.7
Seq9101_784_bp_1_1_1	CAA11507.1	25.00	28	21	0	115	142	941	968	6.7	20.9
Seq9101_784_bp_1_1_1	CAA74140.1	29.80	185	106	34	6	167	490	663	7	20.3
Seq9101_784_bp_1_1_1	BAA32991.1	35.71	16	9	2	156	171	31	44	8.1	16.3
Seq9101_784_bp_1_1_1	AAA24969.1	35.71	30	18	2	121	150	1276	1303	9	20.6
Seq9101_784_bp_1_1_2	BAA32018.1	41.67	12	7	0	1	12	244	255	1.4	18.8
Seq9101_784_bp_1_1_2	ABD33854.1	44.44	9	5	0	10	18	9	17	2.3	14.8
Seq9101_784_bp_1_1_2	AAA24142.1	44.44	9	5	0	6	14	59	67	2.6	17.4
Seq9101_784_bp_1_1_2	AAA45888.1	58.33	12	5	0	5	16	22	33	3	17.0
Seq9101_784_bp_1_1_2	AAF01122.1	40.00	15	9	0	2	16	129	143	3.9	16.6
Seq9101_784_bp_1_1_2	ABN10845.1	38.89	18	11	0	1	18	120	137	4.2	15.7
Seq9101_784_bp_1_1_2	CAA74140.1	35.29	17	11	0	2	18	469	485	5.2	17.4
Seq9101_784_bp_1_1_2	AII71783.1	43.75	16	9	0	3	18	26	41	5.8	15.7
Seq9101_784_bp_1_1_2	AAA72732.1	50.00	13	6	1	6	18	44	55	5.9	15.7
Seq9101_784_bp_1_1_2	AAA32376.1	30.77	13	9	0	2	14	102	114	6	14.8
Seq9101_784_bp_1_1_2	ACT10338.1	30.00	10	7	0	2	11	191	200	7.3	15.7
Seq9101_784_bp_1_1_2	AAA25966.1	50.00	19	8	3	2	17	390	408	7.3	16.6
Seq9101_784_bp_1_1_2	AAB96524.1	54.55	11	5	0	3	13	6	16	8.6	14.3
Seq9101_784_bp_1_1_2	AAC97205.1	37.50	16	10	0	2	17	694	709	9	17.0
Seq9101_784_bp_1_1_2	AAR37016.1	35.71	14	9	0	4	17	1523	1536	9.2	17.9
Seq9101_784_bp_1_1_2	CAA11507.1	50.00	10	5	0	9	18	966	975	9.9	17.0
Seq9101_784_bp_1_1_3	AAA24969.1	44.44	18	10	0	1	18	688	705	0.27	22.6
Seq9101_784_bp_1_1_3	AAA32624.1	42.86	14	8	0	3	16	362	375	2.2	18.1
Seq9101_784_bp_1_1_3	AAR37016.1	85.71	7	1	0	14	20	29	35	2.7	19.9
Seq9101_784_bp_1_1_3	AAA18786.1	50.00	12	6	0	9	20	130	141	2.8	16.7
Seq9101_784_bp_1_1_3	ABN10845.1	52.94	20	8	3	2	19	105	123	3.1	16.3
Seq9101_784_bp_1_1_3	CAA26230.1	35.71	14	9	0	3	16	399	412	3.1	17.6
Seq9101_784_bp_1_1_3	AAA42531.1	62.50	8	3	0	9	16	82	89	4	16.7
Seq9101_784_bp_1_1_3	AAB03707.1	33.33	18	12	0	1	18	601	618	7.4	17.6
Seq9101_784_bp_1_1_3	AEE27845.1	35.71	14	9	0	3	16	866	879	7.5	17.6
Seq9101_784_bp_1_1_3	AIR13712.1	35.71	15	9	1	2	15	263	277	8.4	15.3
Seq9101_784_bp_1_1_3	AAR31603.1	55.56	21	8	3	2	20	246	265	8.4	15.3
Seq9101_784_bp_1_1_3	EDO47375.1	50.00	10	5	0	6	15	93	102	9	14.4
Seq9101_784_bp_1_2_0	ACT10338.1	45.83	24	13	0	2	25	298	321	0.0043	28.0
Seq9101_784_bp_1_2_0	AAB26998.1	33.33	42	24	6	5	44	29	66	0.15	20.5
Seq9101_784_bp_1_2_0	AAI27517.1	41.18	38	20	4	4	41	560	593	0.27	22.7
Seq9101_784_bp_1_2_0	AAA25966.1	43.48	25	13	2	19	43	8	30	0.32	22.7
Seq9101_784_bp_1_2_0	CAA74140.1	37.14	44	22	9	9	52	213	247	0.54	22.3
Seq9101_784_bp_1_2_0	ABD49687.1	50.00	28	11	6	19	45	493	515	0.77	22.7
Seq9101_784_bp_1_2_0	AAC97205.1	36.00	30	16	5	18	45	403	429	1.5	21.2
Seq9101_784_bp_1_2_0	AAA42531.1	44.44	19	10	1	16	33	338	356	1.6	19.5
Seq9101_784_bp_1_2_0	BAA32991.1	37.50	16	10	0	30	45	44	59	2	16.6
Seq9101_784_bp_1_2_0	CAA04196.1	21.21	35	26	2	1	35	281	313	2.8	18.8
Seq9101_784_bp_1_2_0	CAA45199.1	27.27	34	24	1	5	37	289	322	3.9	18.4
Seq9101_784_bp_1_2_0	CAD53387.1	32.43	39	25	2	6	44	8	44	4.2	18.4
Seq9101_784_bp_1_2_0	AAC17860.1	45.83	30	13	6	13	42	326	349	4.4	18.0
Seq9101_784_bp_1_2_0	ABD33854.1	50.00	8	4	0	38	45	40	47	4.8	15.2
Seq9101_784_bp_1_2_0	AAR37016.1	37.93	33	18	4	21	52	407	436	5.6	20.2
Seq9101_784_bp_1_2_0	ABN10845.1	31.25	16	11	0	2	17	160	175	6.1	16.6
Seq9101_784_bp_1_2_0	ABK71357.1	38.89	43	22	7	5	44	72	110	6.3	17.3
Seq9101_784_bp_1_2_0	AAB96524.1	41.18	20	10	3	23	39	100	119	6.6	16.3
Seq9101_784_bp_1_2_0	AEE27845.1	61.11	22	7	4	4	23	1100	1119	6.9	19.1
Seq9101_784_bp_1_2_0	AAA32624.1	35.71	14	9	0	35	48	470	483	8.7	17.3
Seq9101_784_bp_1_2_1	AAB03707.1	29.41	34	24	0	1	34	309	342	1.2	21.1
Seq9101_784_bp_1_2_1	BAB70780.1	42.86	14	8	0	3	16	104	117	1.8	19.1
Seq9101_784_bp_1_2_1	BAB17681.1	35.71	15	9	1	4	17	38	52	5.1	16.7
Seq9101_784_bp_1_2_1	AAF01122.1	42.11	22	11	3	13	31	101	122	5.5	17.0
Seq9101_784_bp_1_2_1	AAA72732.1	41.67	25	14	1	1	25	237	260	5.7	16.7
Seq9101_784_bp_1_2_1	AAA25966.1	50.00	18	9	0	12	29	327	344	6.5	17.7
Seq9101_784_bp_1_2_1	ABG75784.1	50.00	22	9	4	12	29	109	130	7.2	16.4
Seq9101_784_bp_1_2_1	CAA04196.1	41.67	26	14	2	8	31	359	384	9.4	16.4
Seq9101_784_bp_1_2_1	AAA32376.1	41.67	12	7	0	18	29	130	141	9.8	15.0
Seq9101_784_bp_1_2_2	BAB79260.1	54.55	11	5	0	5	15	391	401	0.28	21.2
Seq9101_784_bp_1_2_2	CAA26230.1	41.18	17	10	0	6	22	4	20	0.44	20.9
Seq9101_784_bp_1_2_2	ABK71357.1	38.89	18	11	0	6	23	173	190	0.63	19.7
Seq9101_784_bp_1_2_2	AAC78721.1	42.11	19	11	0	8	26	349	367	1.1	19.7
Seq9101_784_bp_1_2_2	BAA32991.1	50.00	6	3	0	4	9	23	28	1.1	16.4
Seq9101_784_bp_1_2_2	AAF01122.1	100.00	4	0	0	15	18	374	377	1.7	18.3
Seq9101_784_bp_1_2_2	AAA45888.1	40.00	15	9	0	12	26	11	25	1.8	18.3
Seq9101_784_bp_1_2_2	AAR37016.1	39.13	23	14	0	1	23	1218	1240	2.4	20.5
Seq9101_784_bp_1_2_2	AAA32624.1	35.71	14	9	0	9	22	397	410	3.1	17.9
Seq9101_784_bp_1_2_2	ABD49687.1	35.71	15	9	1	5	18	82	96	3.6	19.4
Seq9101_784_bp_1_2_2	AAQ92751.2	36.36	22	14	0	5	26	290	311	3.8	19.0
Seq9101_784_bp_1_2_2	BAA32956.1	40.00	10	6	0	9	18	26	35	4.4	16.1
Seq9101_784_bp_1_2_2	AAA25966.1	66.67	6	2	0	13	18	368	373	5.4	17.5
Seq9101_784_bp_1_2_2	AAC97205.1	21.43	14	11	0	7	20	967	980	5.5	18.3
Seq9101_784_bp_1_2_2	AAA32376.1	83.33	6	1	0	11	16	55	60	5.9	15.3
Seq9101_784_bp_1_2_2	AAR31603.1	41.67	12	7	0	7	18	111	122	6.7	16.1
Seq9101_784_bp_1_2_2	AAA18786.1	44.44	22	10	4	6	23	25	46	7	15.7
Seq9101_784_bp_1_2_2	BAB17681.1	40.00	15	9	0	4	18	65	79	7.2	15.7
Seq9101_784_bp_1_2_2	CAA45199.1	57.14	7	3	0	18	24	451	457	7.4	16.4
Seq9101_784_bp_1_2_2	AII71783.1	71.43	7	2	0	11	17	168	174	8	15.7
Seq9101_784_bp_1_2_2	AAB96524.1	27.78	18	13	0	8	25	162	179	8	15.0
Seq9101_784_bp_1_2_2	CAA43372.1	30.00	10	7	0	15	24	359	368	8.3	16.1
Seq9101_784_bp_1_2_2	AAI27517.1	81.82	14	2	3	12	22	112	125	9.1	16.4
Seq9101_784_bp_1_2_3	ABK71357.1	44.44	20	10	2	8	25	336	355	0.57	20.2
Seq9101_784_bp_1_2_3	AAC97205.1	38.89	19	11	1	14	31	267	285	1.4	20.6
Seq9101_784_bp_1_2_3	AAA25966.1	36.36	22	14	0	11	32	610	631	2.3	19.1
Seq9101_784_bp_1_2_3	ACH70904.1	29.17	25	17	1	1	25	164	187	2.5	18.0
Seq9101_784_bp_1_2_3	ABD49687.1	31.58	19	13	0	12	30	59	77	3.3	19.9
Seq9101_784_bp_1_2_3	AAR37016.1	35.00	20	13	0	9	28	397	416	3.5	20.2
Seq9101_784_bp_1_2_3	AAB26998.1	44.44	9	5	0	15	23	27	35	4.1	15.1
Seq9101_784_bp_1_2_3	AAQ92751.2	40.00	15	9	0	11	25	358	372	5.5	18.8
Seq9101_784_bp_1_2_3	BAA32991.1	33.33	15	8	3	14	28	22	33	5.8	14.4
Seq9101_784_bp_1_2_3	AAC17860.1	50.00	15	7	1	2	15	312	326	5.9	16.9
Seq9101_784_bp_1_2_3	AAI27517.1	27.27	22	16	0	5	26	308	329	6.5	17.3
Seq9101_784_bp_1_2_3	ABS38337.1	31.82	26	15	4	2	26	24	46	6.6	18.4
Seq9101_784_bp_1_2_3	ABL74574.1	30.43	23	16	0	7	29	136	158	6.8	16.2
Seq9101_784_bp_1_2_3	ABN10845.1	33.33	28	16	4	1	24	32	59	8.4	15.5
Seq9101_784_bp_1_2_4	AAR31603.1	33.78	87	49	13	10	89	9	89	0.063	24.8
Seq9101_784_bp_1_2_4	AAC17860.1	26.51	91	61	8	1	88	15	100	0.53	22.1
Seq9101_784_bp_1_2_4	AAA36565.1	35.71	28	18	0	72	99	56	83	0.99	19.9
Seq9101_784_bp_1_2_4	AAA23282.1	27.03	38	27	1	50	87	213	249	4	19.6
Seq9101_784_bp_1_2_4	CAA45199.1	38.46	45	24	6	17	55	329	373	4	19.3
Seq9101_784_bp_1_2_4	ABK71357.1	37.84	45	23	8	56	92	134	178	4.6	18.8
Seq9101_784_bp_1_2_4	AAA24969.1	29.55	48	31	4	44	87	694	741	5.9	20.4
Seq9101_784_bp_1_2_4	AAC78721.1	30.43	47	32	1	36	81	558	604	6.8	19.0
Seq9101_784_bp_1_2_4	AAI27517.1	20.41	49	39	0	20	68	54	102	8.5	18.5
Seq9101_784_bp_1_2_4	AAA26915.1	50.00	15	7	1	13	27	453	466	9.8	17.9
Seq9101_784_bp_-1_0_0	AAB26998.1	33.33	18	12	0	3	20	34	51	0.71	17.2
Seq9101_784_bp_-1_0_0	BAB17681.1	46.15	14	7	1	5	18	177	189	1.2	18.2
Seq9101_784_bp_-1_0_0	AAA23282.1	37.50	18	10	2	8	23	553	570	3	17.9
Seq9101_784_bp_-1_0_0	ABS38337.1	31.82	24	15	2	2	23	1268	1291	4.1	18.6
Seq9101_784_bp_-1_0_0	AAF01122.1	41.67	12	7	0	10	21	286	297	5.3	16.4
Seq9101_784_bp_-1_0_0	AAA24969.1	50.00	25	10	5	1	23	1305	1326	6.2	18.2
Seq9101_784_bp_-1_0_0	AIR13712.1	38.10	21	13	0	2	22	133	153	9.5	15.4
Seq9101_784_bp_-1_0_1	ABL74574.1	40.00	21	12	1	25	45	106	125	0.43	20.7
Seq9101_784_bp_-1_0_1	CAA45199.1	38.89	46	22	10	2	37	203	248	2	19.2
Seq9101_784_bp_-1_0_1	AAR31603.1	52.38	27	10	6	19	45	285	305	2.7	18.2
Seq9101_784_bp_-1_0_1	ABD49687.1	45.00	21	11	1	25	45	1386	1405	3.1	20.4
Seq9101_784_bp_-1_0_1	AAC97205.1	37.50	29	15	5	9	32	19	47	3.4	19.8
Seq9101_784_bp_-1_0_1	CAA26230.1	53.85	13	6	0	1	13	155	167	4.5	18.2
Seq9101_784_bp_-1_0_1	ABK71357.1	42.31	33	15	7	11	41	149	176	4.6	17.6
Seq9101_784_bp_-1_0_1	AAQ92751.2	37.50	24	15	0	4	27	787	810	4.7	19.5
Seq9101_784_bp_-1_0_1	AAC08817.1	46.67	17	8	2	16	32	128	142	4.8	16.4
Seq9101_784_bp_-1_0_1	AAR37016.1	45.45	43	18	10	3	45	739	771	6.3	19.8
Seq9101_784_bp_-1_0_1	CAA04196.1	27.50	43	29	3	3	44	125	165	6.3	17.3
Seq9101_784_bp_-1_0_1	AAA65607.1	42.86	32	16	4	10	37	18	49	6.9	17.0
Seq9101_784_bp_-1_0_1	ACT10338.1	42.86	14	8	0	22	35	122	135	7.2	17.0
Seq9101_784_bp_-1_0_1	AIR13712.1	26.09	23	17	0	13	35	8	30	9.2	16.4
Seq9101_784_bp_-1_0_1	AAB64315.2	21.88	35	25	3	4	35	169	203	9.2	16.4
Seq9101_784_bp_-1_0_2	AAA24142.1	42.86	21	12	0	2	22	372	392	0.16	22.2
Seq9101_784_bp_-1_0_2	AAR31603.1	40.00	21	12	1	10	30	236	255	1.6	18.4
Seq9101_784_bp_-1_0_2	AIR13712.1	53.33	15	7	0	12	26	5	19	1.6	18.4
Seq9101_784_bp_-1_0_2	AAQ92751.2	30.00	31	21	1	1	31	77	106	4	19.2
Seq9101_784_bp_-1_0_2	CAA43372.1	31.82	24	15	2	4	27	44	65	4.4	17.3
Seq9101_784_bp_-1_0_2	AAB96524.1	40.00	10	6	0	8	17	178	187	5.6	15.8
Seq9101_784_bp_-1_0_2	AAC17860.1	54.55	11	5	0	19	29	17	27	5.6	16.9
Seq9101_784_bp_-1_0_2	AAA24969.1	22.58	31	24	0	1	31	1004	1034	7.2	18.4
Seq9101_784_bp_-1_0_2	AAB03707.1	33.33	24	16	0	3	26	1000	1023	8.4	18.1
Seq9101_784_bp_-1_0_3	AAC08817.1	45.45	11	6	0	5	15	106	116	5	15.6
Seq9101_784_bp_-1_0_3	AAA23282.1	26.09	23	17	0	4	26	248	270	6.5	17.0
Seq9101_784_bp_-1_0_3	AIR13712.1	33.33	19	12	1	2	19	56	74	7.7	16.0
Seq9101_784_bp_-1_0_3	AAA32624.1	38.46	13	8	0	8	20	111	123	9.4	16.3
Seq9101_784_bp_-1_0_4	AAA45888.1	35.00	20	13	0	12	31	248	267	6.2	16.7
Seq9101_784_bp_-1_0_4	AAA32376.1	41.67	12	7	0	5	16	22	33	6.8	15.4
Seq9101_784_bp_-1_0_5	AAB64315.2	31.82	23	15	1	11	33	292	313	0.41	20.7
Seq9101_784_bp_-1_0_5	AAI27517.1	38.10	23	13	2	11	33	396	416	0.73	20.7
Seq9101_784_bp_-1_0_5	AAB96524.1	31.58	19	13	0	18	36	161	179	0.86	18.8
Seq9101_784_bp_-1_0_5	BAA32956.1	19.35	31	25	0	5	35	182	212	0.98	18.8
Seq9101_784_bp_-1_0_5	AAA18786.1	30.77	26	18	0	2	27	232	257	1.6	18.4
Seq9101_784_bp_-1_0_5	BAE97662.1	50.00	26	11	4	8	30	5	29	1.8	20.3
Seq9101_784_bp_-1_0_5	AAB26998.1	28.00	26	18	1	11	36	50	74	2.3	16.1
Seq9101_784_bp_-1_0_5	CAA74140.1	39.13	24	14	1	8	31	311	333	2.5	19.5
Seq9101_784_bp_-1_0_5	AAC97205.1	21.43	28	22	0	6	33	156	183	2.6	19.9
Seq9101_784_bp_-1_0_5	AAA42531.1	34.78	28	15	5	12	35	327	353	3	18.0
Seq9101_784_bp_-1_0_5	CAA04196.1	33.33	30	18	3	2	31	117	143	3.2	18.0
Seq9101_784_bp_-1_0_5	CAA45199.1	30.00	20	14	0	14	33	9	28	3.6	18.0
Seq9101_784_bp_-1_0_5	ABN10845.1	57.14	7	3	0	5	11	156	162	3.7	16.8
Seq9101_784_bp_-1_0_5	AAF01122.1	55.56	9	4	0	10	18	115	123	4.9	17.2
Seq9101_784_bp_-1_0_5	AII71783.1	25.00	33	24	1	2	34	273	304	5.2	16.8
Seq9101_784_bp_-1_0_5	AAA26915.1	31.82	22	15	0	1	22	301	322	6	17.2
Seq9101_784_bp_-1_0_5	AAA32376.1	21.21	34	26	1	4	36	63	96	6.3	15.7
Seq9101_784_bp_-1_0_5	AAR37016.1	54.55	12	5	1	9	19	106	117	7.9	19.1
Seq9101_784_bp_-1_0_5	AAX84812.1	55.56	9	4	0	1	9	102	110	8.3	15.7
Seq9101_784_bp_-1_0_6	BAA32991.1	31.71	47	28	6	8	52	11	53	0.19	20.0
Seq9101_784_bp_-1_0_6	ABD49687.1	40.00	35	18	5	6	38	496	527	0.37	23.7
Seq9101_784_bp_-1_0_6	ABD33854.1	38.89	19	11	1	24	41	44	62	0.7	18.0
Seq9101_784_bp_-1_0_6	AAC17860.1	40.00	20	12	0	3	22	58	77	1.1	20.0
Seq9101_784_bp_-1_0_6	ACH70904.1	42.11	20	11	1	33	51	258	277	3.1	18.4
Seq9101_784_bp_-1_0_6	CAA74140.1	31.25	17	11	1	12	27	806	822	3.2	19.7
Seq9101_784_bp_-1_0_6	AAI27517.1	55.56	19	8	1	29	46	379	397	3.2	19.0
Seq9101_784_bp_-1_0_6	ABL74574.1	48.00	29	13	4	14	42	234	258	3.9	17.7
Seq9101_784_bp_-1_0_6	AAB26998.1	28.89	54	32	9	2	47	27	79	4.2	15.7
Seq9101_784_bp_-1_0_6	AAA72732.1	40.00	15	9	0	38	52	123	137	5.2	17.4
Seq9101_784_bp_-1_0_6	CAD53387.1	58.33	14	5	2	31	42	1	14	5.3	18.0
Seq9101_784_bp_-1_0_6	AAA36565.1	80.00	5	1	0	12	16	79	83	5.6	16.4
Seq9101_784_bp_-1_0_6	ABK71357.1	57.14	17	6	3	19	35	358	371	6.2	17.4
Seq9101_784_bp_-1_0_6	CAA04196.1	28.57	40	25	5	17	51	275	314	6.9	17.4
Seq9101_784_bp_-1_0_6	BAA32956.1	38.46	13	8	0	12	24	14	26	6.9	16.4
Seq9101_784_bp_-1_0_6	AAF01122.1	41.18	17	10	0	23	39	145	161	7.7	17.0
Seq9101_784_bp_-1_0_6	ACT10338.1	50.00	29	12	5	25	48	143	171	8	17.0
Seq9101_784_bp_-1_0_6	AEE27845.1	26.92	27	19	1	16	41	1016	1042	9	18.7
Seq9101_784_bp_-1_0_6	AAR37016.1	34.62	26	17	0	16	41	1822	1847	9.5	19.4
Seq9101_784_bp_-1_0_6	AAC97205.1	26.83	42	30	1	11	51	869	910	9.9	18.4
Seq9101_784_bp_-1_1_0	CAA43372.1	66.67	9	3	0	6	14	312	320	0.39	20.2
Seq9101_784_bp_-1_1_0	CAA04196.1	46.67	15	8	0	6	20	130	144	0.54	19.8
Seq9101_784_bp_-1_1_0	AAC78721.1	29.41	17	12	0	2	18	169	185	1.2	19.3
Seq9101_784_bp_-1_1_0	AAC17860.1	57.14	15	6	1	1	15	175	188	3.3	17.1
Seq9101_784_bp_-1_1_0	AAR31603.1	42.86	14	8	0	5	18	253	266	4.8	16.2
Seq9101_784_bp_-1_1_0	AAA65607.1	36.36	11	7	0	3	13	54	64	5.4	16.2
Seq9101_784_bp_-1_1_0	BAA32956.1	37.50	16	10	0	4	19	162	177	5.7	15.3
Seq9101_784_bp_-1_1_0	AII71783.1	44.44	9	5	0	1	9	164	172	8.2	15.3
Seq9101_784_bp_-1_1_1	AAA72732.1	50.00	17	7	3	5	18	207	223	0.45	19.4
Seq9101_784_bp_-1_1_1	BAB79260.1	35.71	14	9	0	1	14	31	44	0.65	19.4
Seq9101_784_bp_-1_1_1	AAR37016.1	53.33	15	7	0	4	18	635	649	3.3	19.4
Seq9101_784_bp_-1_1_1	AAF01122.1	40.00	15	9	0	3	17	227	241	3.9	16.6
Seq9101_784_bp_-1_1_1	AAQ92751.2	37.50	16	10	0	2	17	946	961	4.5	18.2
Seq9101_784_bp_-1_1_1	AII71783.1	35.71	14	9	0	5	18	168	181	5.5	15.7
Seq9101_784_bp_-1_1_1	AAB96524.1	55.56	9	4	0	1	9	111	119	5.8	14.9
Seq9101_784_bp_-1_1_1	BAE97662.1	54.55	12	5	1	8	18	392	403	6.5	17.4
Seq9101_784_bp_-1_1_1	BAA32018.1	37.50	16	10	0	1	16	89	104	8.2	16.2
Seq9101_784_bp_-1_1_1	CAA11507.1	64.29	15	5	1	4	17	1285	1299	9.9	17.0
Seq9101_784_bp_-1_1_2	AAI27517.1	28.80	234	136	43	16	220	325	544	1	22.8
Seq9101_784_bp_-1_1_2	AAC17860.1	17.92	184	142	11	39	221	45	218	2.7	20.9
Seq9101_784_bp_-1_1_2	AAH69556.1	25.77	108	72	11	2	102	70	173	5	19.5
Seq9101_784_bp_-1_1_2	CAA26230.1	23.38	84	59	7	66	145	39	119	5.3	20.3
Seq9101_784_bp_-1_1_2	AAR31603.1	33.67	119	65	21	47	148	152	266	6.1	19.3
Seq9101_784_bp_-1_2_0	AAQ92751.2	33.85	71	43	6	2	66	783	853	0.32	24.2
Seq9101_784_bp_-1_2_0	AAC17860.1	27.03	80	54	6	2	77	99	176	0.46	21.9
Seq9101_784_bp_-1_2_0	AAA24969.1	42.22	53	26	8	1	52	321	366	0.71	23.2
Seq9101_784_bp_-1_2_0	ABL74574.1	47.37	21	10	2	55	75	47	65	7.4	17.3
Seq9101_784_bp_-1_2_0	CAA45199.1	26.87	75	49	8	4	75	48	117	8.4	17.8
Seq9101_784_bp_-1_2_0	AAC08817.1	30.19	63	37	10	15	68	20	81	8.4	16.3
Seq9101_784_bp_-1_2_0	BAB17681.1	45.83	25	13	1	29	52	71	95	9.7	16.8
Seq9101_784_bp_-1_2_1	AAA32624.1	34.78	23	15	0	18	40	397	419	0.29	22.6
Seq9101_784_bp_-1_2_1	CAA26230.1	43.33	34	17	4	24	55	4	35	0.81	21.2
Seq9101_784_bp_-1_2_1	AAA25966.1	35.71	30	18	2	1	29	111	139	1	21.2
Seq9101_784_bp_-1_2_1	AIR13712.1	31.37	57	35	6	4	54	136	192	1.8	19.2
Seq9101_784_bp_-1_2_1	AAR37016.1	34.09	53	29	9	10	53	107	159	3.3	21.2
Seq9101_784_bp_-1_2_1	BAA32956.1	52.38	25	10	4	14	36	85	107	3.7	17.5
Seq9101_784_bp_-1_2_1	AAI27517.1	33.33	37	22	4	21	54	378	413	4.8	18.7
Seq9101_784_bp_-1_2_1	ACH70904.1	31.25	16	11	0	3	18	133	148	6.3	17.5
Seq9101_784_bp_-1_2_1	BAA32991.1	40.74	36	16	9	24	53	25	57	9.8	14.4
Seq9101_784_bp_-1_2_2	AAA24142.1	30.23	47	30	4	13	55	160	206	6.6	18.0
Seq9101_784_bp_-1_2_2	AAC17860.1	30.23	48	30	5	9	53	212	257	7.2	17.7
Seq9101_784_bp_-1_2_2	CAA11507.1	50.00	22	10	2	41	62	478	497	7.5	19.4
Seq9101_784_bp_-1_2_2	AAF01122.1	33.33	39	20	9	4	35	261	297	7.9	17.4
Seq9101_784_bp_-1_2_2	AAB96524.1	41.67	25	14	1	2	25	58	82	8.4	16.3
Seq9101_784_bp_-1_2_2	BAB79260.1	31.25	68	44	4	3	69	373	437	9.4	17.4
Seq9101_784_bp_-1_2_3	ACH70904.1	37.50	24	15	0	6	29	291	314	1.2	19.7
Seq9101_784_bp_-1_2_3	ACT10338.1	30.56	36	25	0	14	49	294	329	1.3	19.7
Seq9101_784_bp_-1_2_3	AAA25966.1	27.27	50	32	6	4	48	107	155	2.9	19.4
Seq9101_784_bp_-1_2_3	AAA45888.1	25.00	20	15	0	29	48	183	202	4.2	17.9
Seq9101_784_bp_-1_2_3	ABN10845.1	53.85	13	6	0	12	24	185	197	6.6	16.4
Seq9101_784_bp_-1_2_3	AAB96524.1	30.23	47	30	4	4	49	103	146	8.3	15.8
Seq9101_784_bp_-1_2_3	ABK71357.1	30.43	23	16	0	15	37	129	151	8.9	16.7
Seq9101_784_bp_-1_2_3	AAF01122.1	44.12	42	19	8	8	42	124	164	9	16.7
Seq9101_784_bp_-1_2_3	AAA36565.1	55.56	9	4	0	18	26	116	124	9.1	15.5
Seq9101_784_bp_-1_2_3	BAB17681.1	40.91	29	13	7	28	49	120	148	9.8	16.1
