Seq1575_66_bp_1_0_0	ENA|AAA36114|AAA36114.1	66.67	6	2	0	3	8	279	284	5.3	16.8
Seq1575_66_bp_1_0_0	ENA|ABN10845|ABN10845.1	36.36	12	7	1	11	22	202	212	7.8	15.0
Seq1575_66_bp_1_1_0	ENA|AAQ92751|AAQ92751.2	100.00	21	0	0	1	21	518	538	1.2e-15	70.3
Seq1575_66_bp_1_1_0	ENA|AAC08817|AAC08817.1	63.64	13	4	2	3	15	140	150	2.1	16.5
Seq1575_66_bp_1_1_0	ENA|AAC17860|AAC17860.1	50.00	17	7	3	2	18	25	38	2.2	17.7
Seq1575_66_bp_1_1_0	ENA|BAA32956|BAA32956.1	41.67	12	7	0	1	12	187	198	5.2	15.5
Seq1575_66_bp_1_1_0	ENA|CAA43419|CAA43419.1	57.14	7	3	0	10	16	237	243	5.8	16.1
Seq1575_66_bp_1_1_0	ENA|AAA25966|AAA25966.1	62.50	12	3	4	8	19	685	692	7.3	16.8
Seq1575_66_bp_1_1_0	ENA|AAA36114|AAA36114.1	66.67	6	2	0	10	15	275	280	7.9	16.1
Seq1575_66_bp_1_1_0	ENA|BAA36759|BAA36759.1	66.67	6	2	0	11	16	220	225	8.5	15.2
Seq1575_66_bp_1_1_0	ENA|CAA36214|CAA36214.1	83.33	7	1	1	1	6	107	113	9	15.2
Seq1575_66_bp_1_1_0	ENA|AAC26660|AAC26660.1	41.67	13	7	1	8	19	206	218	9.3	14.9
Seq1575_66_bp_1_1_0	ENA|AAC97205|AAC97205.1	71.43	7	2	0	10	16	667	673	9.8	17.1
Seq1575_66_bp_1_2_0	ENA|AAC08817|AAC08817.1	100.00	5	0	0	1	5	77	81	0.97	17.4
Seq1575_66_bp_1_2_0	ENA|AAQ92751|AAQ92751.2	80.00	13	2	3	4	16	613	622	1.2	20.3
Seq1575_66_bp_1_2_0	ENA|AAA25966|AAA25966.1	77.78	12	2	3	3	14	707	715	3.5	17.7
Seq1575_66_bp_1_2_0	ENA|AAA42531|AAA42531.1	57.14	17	6	3	1	17	16	29	4.5	16.5
Seq1575_66_bp_1_2_0	ENA|AAC97205|AAC97205.1	40.00	15	9	0	1	15	73	87	5.8	17.7
Seq1575_66_bp_1_2_0	ENA|CAA36714|CAA36714.1	83.33	6	1	0	1	6	49	54	6.6	16.2
Seq1575_66_bp_1_2_0	ENA|ACT10338|ACT10338.1	100.00	18	0	10	1	11	68	82	6.8	15.8
Seq1575_66_bp_1_2_0	ENA|ABD33854|ABD33854.1	66.67	6	2	0	3	8	33	38	7.9	13.0
Seq1575_66_bp_1_2_0	ENA|AAA36114|AAA36114.1	38.89	22	11	4	1	19	228	248	8.7	15.8
Seq1575_66_bp_1_2_0	ENA|CAA73529|CAA73529.1	62.50	9	3	1	11	19	201	208	9	14.9
Seq1575_66_bp_-1_0_0	ENA|AAR31603|AAR31603.1	57.14	7	3	0	1	7	116	122	0.98	18.7
Seq1575_66_bp_-1_0_0	ENA|AAA25966|AAA25966.1	83.33	7	1	1	4	9	119	125	1.7	19.0
Seq1575_66_bp_-1_0_0	ENA|CAA28033|CAA28033.1	77.78	13	2	4	13	21	58	70	1.8	19.8
Seq1575_66_bp_-1_0_0	ENA|CAA45708|CAA45708.1	44.44	9	5	0	10	18	73	81	2.7	19.4
Seq1575_66_bp_-1_0_0	ENA|ACH70901|ACH70901.1	100.00	11	0	5	3	8	287	297	2.9	17.2
Seq1575_66_bp_-1_0_0	ENA|AAA36114|AAA36114.1	100.00	7	0	1	15	20	312	318	3.1	17.6
Seq1575_66_bp_-1_0_0	ENA|AAC17860|AAC17860.1	52.94	25	8	8	5	21	314	338	3.3	17.2
Seq1575_66_bp_-1_0_0	ENA|AAB66912|AAB66912.1	57.14	7	3	0	2	8	638	644	3.5	18.3
Seq1575_66_bp_-1_0_0	ENA|ABN10845|ABN10845.1	85.71	13	1	6	1	9	101	111	3.6	16.2
Seq1575_66_bp_-1_0_0	ENA|ABK71357|ABK71357.1	100.00	3	0	0	5	7	174	176	3.8	16.9
Seq1575_66_bp_-1_0_0	ENA|AAC26660|AAC26660.1	44.44	9	5	0	2	10	70	78	6.9	15.4
Seq1575_66_bp_-1_0_0	ENA|AAB03707|AAB03707.1	41.67	14	7	2	10	21	72	85	8.1	17.6
Seq1575_66_bp_-1_0_0	ENA|BAA32956|BAA32956.1	50.00	13	6	1	9	21	53	64	9.1	14.7
Seq1575_66_bp_-1_1_0	ENA|ABD33854|ABD33854.1	57.14	7	3	0	6	12	10	16	0.19	17.8
Seq1575_66_bp_-1_1_0	ENA|ABD49687|ABD49687.1	77.78	10	2	1	1	9	321	330	0.73	20.6
Seq1575_66_bp_-1_1_0	ENA|AAR31603|AAR31603.1	62.50	8	3	0	5	12	112	119	1.7	17.0
Seq1575_66_bp_-1_1_0	ENA|CAA26939|CAA26939.1	100.00	4	0	0	3	6	339	342	1.7	17.8
Seq1575_66_bp_-1_1_0	ENA|AAA72732|AAA72732.1	75.00	10	2	2	3	10	83	92	2.7	16.2
Seq1575_66_bp_-1_1_0	ENA|CAA29968|CAA29968.1	80.00	5	1	0	1	5	141	145	2.9	15.4
Seq1575_66_bp_-1_1_0	ENA|AAI27517|AAI27517.1	66.67	6	2	0	3	8	225	230	3.9	16.6
Seq1575_66_bp_-1_1_0	ENA|CAA43419|CAA43419.1	50.00	8	4	0	3	10	66	73	4.2	15.8
Seq1575_66_bp_-1_1_0	ENA|CAA26023|CAA26023.1	62.50	8	3	0	2	9	48	55	4.3	15.8
Seq1575_66_bp_-1_1_0	ENA|AAB26998|AAB26998.1	55.56	11	4	2	4	12	2	12	4.7	13.4
Seq1575_66_bp_-1_1_0	ENA|CAB75732|CAB75732.1	100.00	4	0	0	1	4	682	685	7.4	16.6
Seq1575_66_bp_-1_1_0	ENA|BAA05866|BAA05866.1	60.00	5	2	0	4	8	19	23	7.7	14.6
Seq1575_66_bp_-1_1_0	ENA|AAB03707|AAB03707.1	55.56	9	4	0	1	9	587	595	8.6	16.6
Seq1575_66_bp_-1_1_0	ENA|ABK71357|ABK71357.1	66.67	6	2	0	3	8	201	206	9.2	14.6
Seq1575_66_bp_-1_2_0	ENA|CAA36214|CAA36214.1	66.67	10	3	1	1	10	9	17	0.47	18.7
Seq1575_66_bp_-1_2_0	ENA|ABD49687|ABD49687.1	57.14	7	3	0	3	9	830	836	0.51	21.0
Seq1575_66_bp_-1_2_0	ENA|ABG75784|ABG75784.1	66.67	6	2	0	5	10	9	14	1.1	17.5
Seq1575_66_bp_-1_2_0	ENA|AAC08817|AAC08817.1	66.67	6	2	0	4	9	21	26	1.6	15.9
Seq1575_66_bp_-1_2_0	ENA|CAA45708|CAA45708.1	80.00	5	1	0	1	5	439	443	3.9	17.9
Seq1575_66_bp_-1_2_0	ENA|CAA24711|CAA24711.1	75.00	4	1	0	2	5	165	168	3.9	14.7
Seq1575_66_bp_-1_2_0	ENA|AAA24145|AAA24145.1	55.56	9	4	0	3	11	380	388	4.6	15.9
Seq1575_66_bp_-1_2_0	ENA|BAB79260|BAB79260.1	75.00	4	1	0	2	5	227	230	5.9	15.5
Seq1575_66_bp_-1_2_0	ENA|CAA45199|CAA45199.1	80.00	5	1	0	4	8	44	48	7.9	15.1
Seq1575_66_bp_-1_2_0	ENA|AAF79734|AAF79734.1	80.00	5	1	0	1	5	731	735	8.1	16.7
Seq1575_66_bp_-1_2_0	ENA|EDO47375|EDO47375.1	75.00	4	1	0	5	8	50	53	9.3	13.5
