Seq10063_393_bp_1_0_0	AAI27517.1	53.85	13	6	0	5	17	467	479	0.37	20.9
Seq10063_393_bp_1_0_0	ABK71357.1	46.15	13	7	0	3	15	338	350	1	18.7
Seq10063_393_bp_1_0_0	ACH70904.1	33.33	12	8	0	7	18	256	267	3.2	17.0
Seq10063_393_bp_1_0_0	AAX12058.1	33.33	21	14	0	1	21	38	58	4.3	16.2
Seq10063_393_bp_1_0_0	AAR37016.1	46.67	15	8	0	1	15	1410	1424	4.6	19.2
Seq10063_393_bp_1_0_0	AAA72732.1	50.00	10	5	0	10	19	229	238	4.9	16.2
Seq10063_393_bp_1_0_0	AAA24969.1	44.44	19	10	1	1	19	604	621	5.4	18.3
Seq10063_393_bp_1_0_0	AAF01122.1	45.45	11	6	0	5	15	326	336	7.7	15.7
Seq10063_393_bp_1_0_0	CAA04196.1	35.71	14	9	0	7	20	353	366	8.5	15.7
Seq10063_393_bp_1_0_0	AEE27845.1	55.56	9	4	0	12	20	860	868	8.6	17.5
Seq10063_393_bp_1_1_0	ABD33854.1	57.14	7	3	0	2	8	58	64	0.014	21.6
Seq10063_393_bp_1_1_0	AAB26998.1	62.50	10	3	2	3	10	25	34	0.2	18.1
Seq10063_393_bp_1_1_0	CAA73529.1	36.36	13	7	2	2	12	243	255	0.49	18.6
Seq10063_393_bp_1_1_0	BAA32991.1	62.50	10	3	2	3	12	14	21	0.69	16.1
Seq10063_393_bp_1_1_0	CAA74140.1	71.43	7	2	0	4	10	866	872	1.6	18.6
Seq10063_393_bp_1_1_0	AAA36565.1	50.00	4	2	0	3	6	77	80	2.3	15.6
Seq10063_393_bp_1_1_0	AAA25966.1	62.50	9	3	1	2	10	140	147	2.5	17.6
Seq10063_393_bp_1_1_0	CAA04196.1	57.14	7	3	0	5	11	293	299	2.9	16.6
Seq10063_393_bp_1_1_0	AAA45888.1	40.00	10	6	0	1	10	234	243	3.7	16.1
Seq10063_393_bp_1_1_0	AAH69556.1	50.00	8	4	0	5	12	288	295	4.2	15.6
Seq10063_393_bp_1_1_0	CAA45199.1	45.45	11	6	0	1	11	154	164	4.6	16.1
Seq10063_393_bp_1_1_0	ACT10338.1	80.00	5	1	0	8	12	106	110	5.3	15.6
Seq10063_393_bp_1_1_0	CAA43372.1	55.56	11	4	2	4	12	246	256	5.6	15.6
Seq10063_393_bp_1_1_0	BAA32018.1	66.67	11	3	2	1	11	252	260	6	16.1
Seq10063_393_bp_1_1_0	BAB70780.1	57.14	7	3	0	1	7	9	15	6.5	15.6
Seq10063_393_bp_1_1_0	CAD53387.1	57.14	7	3	0	6	12	36	42	6.7	15.6
Seq10063_393_bp_1_1_0	AAR31603.1	50.00	4	2	0	3	6	85	88	8.6	14.6
Seq10063_393_bp_1_1_0	EDO47375.1	75.00	4	1	0	2	5	122	125	9.8	13.6
Seq10063_393_bp_1_2_0	BAB17681.1	46.15	13	7	0	6	18	176	188	0.023	23.7
Seq10063_393_bp_1_2_0	AAA42531.1	50.00	12	6	0	5	16	40	51	0.66	19.4
Seq10063_393_bp_1_2_0	AAB03707.1	44.44	19	10	1	1	18	7	25	0.95	20.7
Seq10063_393_bp_1_2_0	AAA18786.1	44.44	9	5	0	3	11	186	194	1.1	18.1
Seq10063_393_bp_1_2_0	BAA32956.1	25.00	12	9	0	9	20	146	157	6.9	15.0
Seq10063_393_bp_1_2_0	BAB79260.1	75.00	4	1	0	3	6	174	177	8	15.9
Seq10063_393_bp_1_2_0	CAA45199.1	44.44	9	5	0	1	9	215	223	8.3	15.9
Seq10063_393_bp_1_2_0	ABD33854.1	42.86	7	4	0	1	7	41	47	9.1	12.8
Seq10063_393_bp_-1_0_0	AAH69556.1	57.14	7	3	0	4	10	152	158	0.97	17.4
Seq10063_393_bp_-1_0_0	CAA73529.1	57.14	7	3	0	2	8	43	49	1.7	16.5
Seq10063_393_bp_-1_0_0	AAB96524.1	100.00	4	0	0	4	7	84	87	2.3	15.5
Seq10063_393_bp_-1_0_0	CAD53387.1	66.67	6	2	0	4	9	36	41	3.1	16.5
Seq10063_393_bp_-1_0_0	AAA32624.1	100.00	4	0	0	1	4	105	108	4.5	16.0
Seq10063_393_bp_-1_0_0	AAB26998.1	66.67	6	2	0	3	8	29	34	5.1	13.0
Seq10063_393_bp_-1_0_0	AAA24142.1	50.00	6	3	0	4	9	114	119	5.4	15.5
Seq10063_393_bp_-1_0_0	ABK71357.1	60.00	5	2	0	1	5	168	172	6.2	15.0
Seq10063_393_bp_-1_0_0	AAA24969.1	57.14	7	3	0	3	9	615	621	6.5	17.0
Seq10063_393_bp_-1_0_0	CAA74140.1	80.00	5	1	0	2	6	518	522	7.8	16.0
Seq10063_393_bp_-1_0_0	CAA04196.1	50.00	8	4	0	3	10	45	52	9.4	14.5
Seq10063_393_bp_-1_0_0	AAI27517.1	44.44	9	5	0	2	10	404	412	9.5	15.0
Seq10063_393_bp_-1_0_0	AAA72732.1	57.14	7	3	0	3	9	232	238	9.8	14.0
Seq10063_393_bp_-1_0_1	AAX84812.1	30.00	10	7	0	1	10	205	214	0.97	17.0
Seq10063_393_bp_-1_0_1	AAA45888.1	40.00	10	6	0	1	10	306	315	1.1	17.6
Seq10063_393_bp_-1_0_1	ABK71357.1	57.14	7	3	0	3	9	168	174	6.5	14.9
Seq10063_393_bp_-1_0_1	AAC78721.1	66.67	6	2	0	4	9	351	356	8.1	15.4
Seq10063_393_bp_-1_0_1	ACH70904.1	37.50	8	5	0	2	9	231	238	9	14.4
Seq10063_393_bp_-1_1_0	BAB79260.1	47.06	17	9	0	2	18	400	416	0.058	23.1
Seq10063_393_bp_-1_1_0	AAX84812.1	38.46	13	8	0	5	17	20	32	1.8	17.1
Seq10063_393_bp_-1_1_0	AAA36565.1	37.50	8	5	0	13	20	106	113	3.1	15.9
Seq10063_393_bp_-1_1_0	CAA04196.1	62.50	8	3	0	8	15	1	8	4.3	16.7
Seq10063_393_bp_-1_1_0	AAA72732.1	26.67	15	11	0	2	16	81	95	5.7	15.9
Seq10063_393_bp_-1_1_0	AAI27517.1	100.00	3	0	0	2	4	102	104	7.9	16.3
Seq10063_393_bp_-1_1_0	AAB26998.1	66.67	6	2	0	1	6	18	23	8.2	13.3
Seq10063_393_bp_-1_1_0	AAA18786.1	41.67	12	7	0	7	18	145	156	8.6	15.0
Seq10063_393_bp_-1_1_0	AAC97205.1	50.00	8	4	0	4	11	1005	1012	9	17.1
Seq10063_393_bp_-1_1_0	AAA32624.1	33.33	15	10	0	2	16	108	122	9.3	15.9
Seq10063_393_bp_-1_1_0	ABD49687.1	57.14	7	3	0	3	9	70	76	9.3	17.6
Seq10063_393_bp_-1_1_0	AAA32376.1	22.22	9	7	0	4	12	7	15	9.9	14.2
Seq10063_393_bp_-1_2_0	AAC17860.1	54.55	11	5	0	2	12	163	173	1.3	18.5
Seq10063_393_bp_-1_2_0	BAA32018.1	60.00	10	4	0	2	11	165	174	2.6	18.0
Seq10063_393_bp_-1_2_0	AAA42531.1	33.33	15	10	0	6	20	335	349	3.9	16.7
Seq10063_393_bp_-1_2_0	BAB70780.1	62.50	8	3	0	9	16	247	254	6.4	16.3
Seq10063_393_bp_-1_2_0	AAA45888.1	50.00	10	5	0	1	10	167	176	9	15.5
