Seq24_60_bp_1_0_0	ENA|AAA18786|AAA18786.1	100.00	20	0	0	1	20	126	145	4.6e-15	65.9
Seq24_60_bp_1_0_0	ENA|CAA45199|CAA45199.1	77.78	9	2	0	12	20	166	174	0.12	22.1
Seq24_60_bp_1_0_0	ENA|CCP43727|CCP43727.1	83.33	6	1	0	12	17	113	118	0.83	18.8
Seq24_60_bp_1_0_0	ENA|CAA29968|CAA29968.1	35.71	14	9	0	7	20	138	151	1.1	17.7
Seq24_60_bp_1_0_0	ENA|AAC78721|AAC78721.1	31.25	16	11	0	5	20	352	367	3.6	17.7
Seq24_60_bp_1_0_0	ENA|ABK71357|ABK71357.1	33.33	15	10	0	4	18	24	38	4.2	16.6
Seq24_60_bp_1_0_0	ENA|AAB66912|AAB66912.1	46.67	17	8	2	1	15	181	197	4.9	17.7
Seq24_60_bp_1_0_0	ENA|AAA72732|AAA72732.1	42.86	14	8	0	5	18	50	63	5.2	16.0
Seq24_60_bp_1_0_0	ENA|AAA25966|AAA25966.1	57.14	7	3	0	9	15	85	91	5.5	17.1
Seq24_60_bp_1_0_0	ENA|AAC08817|AAC08817.1	50.00	6	3	0	9	14	50	55	5.5	14.9
Seq24_60_bp_1_0_0	ENA|AAA32624|AAA32624.1	83.33	6	1	0	8	13	277	282	5.8	16.6
Seq24_60_bp_1_0_0	ENA|CAA26023|CAA26023.1	66.67	6	2	0	15	20	119	124	6.2	16.0
Seq24_60_bp_1_0_0	ENA|CAA28033|CAA28033.1	46.15	13	7	0	4	16	599	611	6.7	17.7
Seq24_60_bp_1_0_0	ENA|ABD49687|ABD49687.1	53.85	13	6	0	6	18	1518	1530	8.7	17.7
Seq24_60_bp_1_0_0	ENA|AAI27517|AAI27517.1	36.36	11	7	0	2	12	207	217	9.4	16.0
Seq24_60_bp_1_1_0	ENA|AAB26998|AAB26998.1	33.33	6	4	0	14	19	51	56	1.7	15.6
Seq24_60_bp_1_1_0	ENA|AAC40132|AAC40132.1	62.50	8	3	0	3	10	44	51	1.7	18.2
Seq24_60_bp_1_1_0	ENA|AAC78721|AAC78721.1	57.14	7	3	0	7	13	493	499	4.9	17.1
Seq24_60_bp_1_1_0	ENA|CAA36714|CAA36714.1	36.36	11	7	0	3	13	460	470	9.2	15.6
Seq24_60_bp_1_2_0	ENA|EDO47375|EDO47375.1	40.00	10	6	0	2	11	120	129	0.74	18.1
Seq24_60_bp_1_2_0	ENA|BAA32991|BAA32991.1	37.50	8	5	0	3	10	29	36	4.3	14.0
Seq24_60_bp_1_2_0	ENA|CAA45199|CAA45199.1	35.71	14	9	0	1	14	56	69	5.1	16.6
Seq24_60_bp_1_2_0	ENA|CAA43419|CAA43419.1	50.00	6	3	0	11	16	114	119	5.6	16.0
Seq24_60_bp_1_2_0	ENA|AAA42531|AAA42531.1	42.86	7	4	0	1	7	219	225	8.2	15.5
Seq24_60_bp_1_2_0	ENA|AAA24145|AAA24145.1	60.00	5	2	0	12	16	51	55	9.7	15.5
Seq24_60_bp_1_2_0	ENA|AAA36539|AAA36539.1	60.00	5	2	0	10	14	79	83	9.9	15.5
Seq24_60_bp_-1_0_0	ENA|BAA32991|BAA32991.1	37.50	8	5	0	3	10	24	31	2.5	14.9
Seq24_60_bp_-1_0_0	ENA|AAB96524|AAB96524.1	50.00	8	4	0	12	19	119	126	3.3	16.0
Seq24_60_bp_-1_0_0	ENA|CAA11507|CAA11507.1	41.67	12	7	0	1	12	919	930	3.8	18.6
Seq24_60_bp_-1_0_0	ENA|AAA24145|AAA24145.1	57.14	7	3	0	7	13	312	318	3.9	17.0
Seq24_60_bp_-1_0_0	ENA|ACH70901|ACH70901.1	44.44	9	5	0	5	13	294	302	4.3	16.5
Seq24_60_bp_-1_0_0	ENA|CAA28033|CAA28033.1	75.00	8	2	0	11	18	494	501	5.2	18.1
Seq24_60_bp_-1_0_0	ENA|BAB17681|BAB17681.1	40.00	10	6	0	4	13	76	85	6.7	15.4
Seq24_60_bp_-1_0_0	ENA|AAS77176|AAS77176.1	27.27	11	8	0	9	19	28	38	7.1	15.4
Seq24_60_bp_-1_0_0	ENA|AAC97205|AAC97205.1	50.00	8	4	0	11	18	619	626	9.8	17.0
Seq24_60_bp_-1_1_0	ENA|AAA36539|AAA36539.1	46.67	15	8	0	2	16	200	214	0.4	20.3
Seq24_60_bp_-1_1_0	ENA|BAA32956|BAA32956.1	60.00	10	4	0	1	10	155	164	0.61	18.5
Seq24_60_bp_-1_1_0	ENA|CAA24711|CAA24711.1	28.57	14	10	0	3	16	1	14	0.75	17.9
Seq24_60_bp_-1_1_0	ENA|ABD49687|ABD49687.1	83.33	6	1	0	7	12	1061	1066	0.93	20.9
Seq24_60_bp_-1_1_0	ENA|ABK71357|ABK71357.1	71.43	7	2	0	9	15	308	314	1.6	17.9
Seq24_60_bp_-1_1_0	ENA|CAA36214|CAA36214.1	62.50	8	3	0	12	19	170	177	2	17.3
Seq24_60_bp_-1_1_0	ENA|CAA26939|CAA26939.1	58.33	13	5	1	1	13	495	506	3.7	17.3
Seq24_60_bp_-1_1_0	ENA|CAA73529|CAA73529.1	37.50	8	5	0	11	18	70	77	6	15.5
Seq24_60_bp_-1_1_0	ENA|AAB66912|AAB66912.1	41.67	12	7	0	6	17	212	223	8.7	16.7
Seq24_60_bp_-1_1_0	ENA|AAC17860|AAC17860.1	50.00	8	4	0	12	19	184	191	8.8	15.5
Seq24_60_bp_-1_1_0	ENA|BAB79260|BAB79260.1	50.00	8	4	0	10	17	325	332	9.6	15.5
Seq24_60_bp_-1_2_0	ENA|CAA29956|CAA29956.1	55.56	9	4	0	8	16	317	325	1.4	18.1
Seq24_60_bp_-1_2_0	ENA|ABN10845|ABN10845.1	44.44	9	5	0	11	19	208	216	4.7	15.6
Seq24_60_bp_-1_2_0	ENA|CAA36714|CAA36714.1	35.71	14	9	0	6	19	76	89	6.9	16.1
