Seq254_83_bp_1_0_0	AAA36565.1	62.50	8	3	0	1	8	3	10	0.34	18.2
Seq254_83_bp_1_0_0	AII71783.1	50.00	6	3	0	1	6	148	153	1	17.5
Seq254_83_bp_1_0_0	AAA26915.1	37.50	8	5	0	1	8	233	240	1.5	17.5
Seq254_83_bp_1_0_0	AAX12058.1	50.00	8	4	0	4	11	32	39	2.3	16.2
Seq254_83_bp_1_0_0	AAB03707.1	50.00	6	3	0	4	9	914	919	2.8	18.2
Seq254_83_bp_1_0_0	AEE27845.1	80.00	5	1	0	1	5	1102	1106	2.8	18.2
Seq254_83_bp_1_0_0	AAB26998.1	75.00	4	1	0	1	4	54	57	4.1	13.5
Seq254_83_bp_1_0_0	CAA26230.1	66.67	6	2	0	1	6	374	379	4.5	16.2
Seq254_83_bp_1_0_0	CAA74140.1	71.43	7	2	0	3	9	480	486	4.7	16.9
Seq254_83_bp_1_0_0	AAA32624.1	57.14	7	3	0	4	10	74	80	6.6	15.5
Seq254_83_bp_1_0_0	AAX84812.1	37.50	8	5	0	1	8	86	93	7.4	14.2
Seq254_83_bp_1_0_0	AAA25966.1	50.00	6	3	0	1	6	155	160	9	15.5
Seq254_83_bp_1_0_0	ABG75784.1	50.00	8	4	0	4	11	195	202	9.8	14.2
Seq254_83_bp_1_0_0	AAA72732.1	75.00	4	1	0	4	7	212	215	9.8	14.2
Seq254_83_bp_1_0_1	AAA25966.1	66.67	6	2	0	4	9	571	576	0.49	20.3
Seq254_83_bp_1_0_1	BAB79260.1	66.67	9	3	0	1	9	94	102	0.74	19.0
Seq254_83_bp_1_0_1	AAR37016.1	66.67	9	3	0	1	9	1134	1142	1	20.9
Seq254_83_bp_1_0_1	AAC78721.1	62.50	8	3	0	8	15	358	365	1.7	18.4
Seq254_83_bp_1_0_1	BAE97662.1	57.14	7	3	0	8	14	1095	1101	1.8	19.0
Seq254_83_bp_1_0_1	AAR31603.1	36.36	11	7	0	3	13	301	311	3	16.5
Seq254_83_bp_1_0_1	ABD33854.1	66.67	6	2	0	1	6	12	17	3.4	13.9
Seq254_83_bp_1_0_1	AAB64315.2	55.56	9	4	0	4	12	48	56	4.6	15.8
Seq254_83_bp_1_0_1	AAI27517.1	60.00	5	2	0	7	11	516	520	5.3	16.5
Seq254_83_bp_1_0_1	AAA42531.1	37.50	8	5	0	4	11	50	57	5.4	15.8
Seq254_83_bp_1_0_1	AAA36565.1	100.00	3	0	0	6	8	45	47	5.6	14.6
Seq254_83_bp_1_0_1	BAA32018.1	75.00	4	1	0	7	10	306	309	5.6	16.5
Seq254_83_bp_1_0_1	AAC17860.1	66.67	6	2	0	6	11	277	282	5.7	15.8
Seq254_83_bp_1_0_1	CAA43372.1	66.67	6	2	0	6	11	359	364	5.8	15.8
Seq254_83_bp_1_0_1	AAA26915.1	66.67	6	2	0	5	10	410	415	6.5	15.8
Seq254_83_bp_1_0_1	ABN10845.1	40.00	5	3	0	9	13	129	133	7.2	14.6
Seq254_83_bp_1_0_1	AAA18786.1	50.00	6	3	0	8	13	83	88	8.7	14.6
Seq254_83_bp_1_0_1	CAA73529.1	60.00	5	2	0	8	12	154	158	8.9	14.6
Seq254_83_bp_1_1_0	AAA32376.1	42.86	7	4	0	5	11	165	171	1.7	16.0
Seq254_83_bp_1_1_0	AAC97205.1	55.56	9	4	0	1	9	26	34	2.2	18.4
Seq254_83_bp_1_1_0	CAA26230.1	83.33	6	1	0	6	11	252	257	2.3	17.2
Seq254_83_bp_1_1_0	AAI27517.1	100.00	4	0	0	7	10	579	582	5.5	16.0
Seq254_83_bp_1_1_0	AAA24142.1	57.14	7	3	0	3	9	12	18	6.4	15.3
Seq254_83_bp_1_1_0	AII71783.1	28.57	7	5	0	1	7	252	258	6.7	14.7
Seq254_83_bp_1_1_0	BAA32956.1	60.00	5	2	0	5	9	198	202	7	14.1
Seq254_83_bp_1_1_0	AAA23282.1	40.00	10	6	0	1	10	66	75	8	15.3
Seq254_83_bp_1_1_0	AAA18786.1	75.00	4	1	0	7	10	97	100	8.8	14.1
Seq254_83_bp_1_1_0	AAB96524.1	75.00	4	1	0	4	7	85	88	9.3	13.5
Seq254_83_bp_1_2_0	AAA24969.1	100.00	27	0	0	1	27	785	811	4e-19	82.3
Seq254_83_bp_1_2_0	AAB03707.1	52.00	26	12	1	1	25	697	722	1.6e-05	37.0
Seq254_83_bp_1_2_0	AAA23282.1	50.00	10	5	0	10	19	291	300	0.91	19.9
Seq254_83_bp_1_2_0	AAI27517.1	66.67	9	3	0	4	12	462	470	1.4	19.3
Seq254_83_bp_1_2_0	AAB26998.1	50.00	8	4	0	2	9	52	59	1.7	16.1
Seq254_83_bp_1_2_0	AAB96524.1	30.77	13	9	0	4	16	18	30	1.9	17.2
Seq254_83_bp_1_2_0	BAB79260.1	37.50	16	10	0	8	23	401	416	4.4	17.2
Seq254_83_bp_1_2_0	ABK71357.1	41.67	12	7	0	6	17	181	192	5.2	16.7
Seq254_83_bp_1_2_0	AAA45888.1	71.43	7	2	0	3	9	43	49	5.4	16.7
Seq254_83_bp_1_2_0	ABS38337.1	71.43	7	2	0	14	20	623	629	5.9	18.3
Seq254_83_bp_1_2_0	BAA32991.1	60.00	5	2	0	13	17	60	64	6.1	14.0
Seq254_83_bp_1_2_0	BAA32018.1	57.14	7	3	0	2	8	88	94	8.5	16.7
Seq254_83_bp_1_2_0	AAA26915.1	44.44	9	5	0	18	26	1	9	9.2	16.1
Seq254_83_bp_-1_0_0	AAC17860.1	43.75	16	9	0	6	21	328	343	0.37	20.7
Seq254_83_bp_-1_0_0	AAA72732.1	30.43	23	16	0	1	23	251	273	0.42	20.1
Seq254_83_bp_-1_0_0	ABK71357.1	36.84	20	12	1	2	21	203	221	0.5	20.1
Seq254_83_bp_-1_0_0	AAC97205.1	42.86	14	8	0	6	19	39	52	1.6	20.1
Seq254_83_bp_-1_0_0	AAA42531.1	45.45	11	6	0	6	16	160	170	1.7	18.4
Seq254_83_bp_-1_0_0	CAA73529.1	71.43	7	2	0	12	18	86	92	1.8	17.8
Seq254_83_bp_-1_0_0	AII71783.1	45.45	11	6	0	6	16	16	26	2	17.8
Seq254_83_bp_-1_0_0	ABG75784.1	71.43	7	2	0	8	14	238	244	9.7	15.5
Seq254_83_bp_-1_1_0	AAA26915.1	53.85	13	6	0	5	17	51	63	1.2	19.2
Seq254_83_bp_-1_1_0	AAC97205.1	58.33	12	5	0	15	26	71	82	1.6	20.2
Seq254_83_bp_-1_1_0	AAC17860.1	45.45	11	6	0	17	27	79	89	4.4	17.1
Seq254_83_bp_-1_1_0	AAC78721.1	62.50	8	3	0	15	22	327	334	5	17.6
Seq254_83_bp_-1_1_0	AAX84812.1	66.67	9	3	0	9	17	123	131	5	16.1
Seq254_83_bp_-1_1_0	CAA04196.1	40.00	10	6	0	7	16	79	88	6.3	16.6
Seq254_83_bp_-1_1_0	AAF01122.1	66.67	6	2	0	19	24	342	347	7.9	16.1
Seq254_83_bp_-1_1_0	BAB79260.1	33.33	12	8	0	4	15	146	157	9.4	16.1
Seq254_83_bp_-1_1_0	AIR13712.1	57.14	7	3	0	16	22	104	110	9.8	15.5
Seq254_83_bp_-1_2_0	ACH70904.1	57.14	15	6	1	1	15	126	139	0.74	19.5
Seq254_83_bp_-1_2_0	CAA11507.1	50.00	10	5	0	12	21	1219	1228	1.9	20.0
Seq254_83_bp_-1_2_0	AAC97205.1	83.33	6	1	0	17	22	1038	1043	3.6	19.0
Seq254_83_bp_-1_2_0	AAA24142.1	35.71	14	9	0	4	17	241	254	5.5	16.9
Seq254_83_bp_-1_2_0	ABD33854.1	37.50	8	5	0	12	19	55	62	9.7	13.2
