Seq5156_142_bp_1_0_0	AAA25966.1	42.86	14	8	0	11	24	222	235	0.44	21.5
Seq5156_142_bp_1_0_0	ABD33854.1	33.33	9	6	0	12	20	56	64	0.56	17.7
Seq5156_142_bp_1_0_0	ABN10845.1	44.44	9	5	0	17	25	87	95	0.6	19.3
Seq5156_142_bp_1_0_0	BAB17681.1	66.67	6	2	0	14	19	150	155	4.9	16.6
Seq5156_142_bp_1_0_0	AAQ92751.2	50.00	16	8	0	8	23	392	407	5.4	18.8
Seq5156_142_bp_1_0_0	AAA23282.1	41.67	12	7	0	13	24	505	516	6.9	17.1
Seq5156_142_bp_1_0_0	ABL74574.1	40.00	10	6	0	1	10	86	95	7.4	16.0
Seq5156_142_bp_1_0_0	AAC08817.1	60.00	5	2	0	20	24	4	8	8.9	14.9
Seq5156_142_bp_1_0_0	AAF01122.1	75.00	4	1	0	18	21	124	127	9.5	16.0
Seq5156_142_bp_1_0_1	AAH69556.1	40.00	10	6	0	1	10	148	157	1.1	17.8
Seq5156_142_bp_1_0_1	AII71783.1	40.00	10	6	0	4	13	296	305	1.1	17.8
Seq5156_142_bp_1_0_1	AAB03707.1	75.00	8	2	0	1	8	465	472	3.1	18.4
Seq5156_142_bp_1_0_1	EDO47375.1	54.55	11	5	0	2	12	143	153	5.5	14.7
Seq5156_142_bp_1_0_1	AAX12058.1	33.33	12	8	0	2	13	198	209	7.8	14.7
Seq5156_142_bp_1_0_1	BAB70780.1	80.00	5	1	0	4	8	266	270	8.9	15.3
Seq5156_142_bp_1_1_0	AAA24969.1	100.00	47	0	0	1	47	1318	1364	1.1e-27	111.5
Seq5156_142_bp_1_1_0	AAB03707.1	28.21	40	28	1	1	40	1169	1207	0.14	24.7
Seq5156_142_bp_1_1_0	BAB17681.1	33.33	18	12	0	30	47	90	107	2.7	18.0
Seq5156_142_bp_1_1_0	BAA32018.1	42.86	14	8	0	34	47	271	284	4.3	18.5
Seq5156_142_bp_1_1_0	AAC97205.1	40.00	15	9	0	5	19	1213	1227	4.4	19.5
Seq5156_142_bp_1_1_0	BAB79260.1	54.55	11	5	0	9	19	442	452	8.1	17.1
Seq5156_142_bp_1_1_0	AAA25966.1	36.84	19	12	0	27	45	292	310	9.2	17.6
Seq5156_142_bp_1_2_0	BAB79260.1	42.11	19	11	0	23	41	206	224	0.096	23.6
Seq5156_142_bp_1_2_0	BAE97662.1	33.33	12	8	0	16	27	1131	1142	3.2	19.8
Seq5156_142_bp_1_2_0	CAA73529.1	27.27	22	16	0	16	37	217	238	3.4	17.7
Seq5156_142_bp_1_2_0	BAA32956.1	31.25	16	11	0	8	23	122	137	3.7	17.1
Seq5156_142_bp_1_2_0	ABN10845.1	40.00	21	12	1	18	37	113	133	3.9	17.1
Seq5156_142_bp_1_2_0	ABD49687.1	31.58	19	13	0	21	39	1065	1083	4.7	19.8
Seq5156_142_bp_1_2_0	AAR31603.1	42.86	7	4	0	23	29	94	100	5.7	17.1
Seq5156_142_bp_1_2_0	ABK71357.1	50.00	8	4	0	25	32	65	72	6.5	17.1
Seq5156_142_bp_1_2_0	AAA45888.1	41.67	12	7	0	22	33	84	95	6.6	17.1
Seq5156_142_bp_1_2_0	AAB96524.1	50.00	6	3	0	2	7	53	58	6.8	16.1
Seq5156_142_bp_1_2_0	CAA43372.1	62.50	8	3	0	9	16	236	243	7.1	17.1
Seq5156_142_bp_1_2_0	EDO47375.1	57.14	7	3	0	23	29	113	119	9.7	15.5
Seq5156_142_bp_1_2_0	AAI27517.1	57.14	7	3	0	23	29	264	270	9.9	17.1
Seq5156_142_bp_-1_0_0	ABD49687.1	40.00	20	12	0	13	32	1066	1085	0.018	27.4
Seq5156_142_bp_-1_0_0	AAX12058.1	22.22	27	21	0	4	30	98	124	1.2	18.7
Seq5156_142_bp_-1_0_0	AII71783.1	33.33	9	6	0	2	10	264	272	1.4	18.7
Seq5156_142_bp_-1_0_0	ACT10338.1	41.67	12	7	0	17	28	101	112	2.7	18.0
Seq5156_142_bp_-1_0_0	CAA04196.1	50.00	6	3	0	10	15	258	263	2.9	18.0
Seq5156_142_bp_-1_0_0	AAA42531.1	46.15	15	7	2	1	15	216	228	4	17.4
Seq5156_142_bp_-1_0_0	AAR37016.1	35.71	14	9	0	13	26	1827	1840	4.3	19.9
Seq5156_142_bp_-1_0_0	AAH69556.1	44.44	9	5	0	13	21	25	33	4.9	16.8
Seq5156_142_bp_-1_0_0	AAA72732.1	41.67	12	7	0	20	31	142	153	7.5	16.2
Seq5156_142_bp_-1_0_0	AAB64315.2	27.78	18	13	0	15	32	63	80	7.9	16.2
Seq5156_142_bp_-1_0_0	AAX84812.1	21.88	32	25	0	2	33	97	128	8.5	15.5
Seq5156_142_bp_-1_0_0	AAA65607.1	25.00	16	12	0	14	29	168	183	8.7	16.2
Seq5156_142_bp_-1_0_0	AAB03707.1	30.77	13	9	0	21	33	571	583	8.9	18.0
Seq5156_142_bp_-1_0_0	BAA32018.1	33.33	21	14	0	13	33	88	108	9.6	16.8
Seq5156_142_bp_-1_0_0	AAA24969.1	26.67	15	11	0	17	31	95	109	9.8	18.0
Seq5156_142_bp_-1_0_0	CAA73529.1	21.05	19	15	0	15	33	153	171	9.9	15.5
Seq5156_142_bp_-1_0_1	CAA04196.1	50.00	8	4	0	6	13	59	66	0.33	19.8
Seq5156_142_bp_-1_0_1	AAR37016.1	50.00	10	5	0	1	10	2331	2340	1.2	20.5
Seq5156_142_bp_-1_0_1	AAB96524.1	23.08	13	10	0	1	13	9	21	3.6	15.2
Seq5156_142_bp_-1_0_1	ABN10845.1	33.33	9	6	0	5	13	58	66	4.2	15.2
Seq5156_142_bp_-1_0_1	AAX84812.1	75.00	4	1	0	2	5	91	94	4.5	15.2
Seq5156_142_bp_-1_0_1	AII71783.1	80.00	5	1	0	8	12	259	263	5.9	15.2
Seq5156_142_bp_-1_0_1	AAC97205.1	57.14	7	3	0	6	12	49	55	5.9	17.2
Seq5156_142_bp_-1_0_1	AAB64315.2	80.00	5	1	0	7	11	34	38	6.2	15.2
Seq5156_142_bp_-1_0_1	AAA18786.1	55.56	9	4	0	5	13	220	228	7.9	14.5
Seq5156_142_bp_-1_0_1	CAA73529.1	75.00	4	1	0	1	4	95	98	8.1	14.5
Seq5156_142_bp_-1_0_1	BAB79260.1	60.00	5	2	0	9	13	145	149	8.4	15.2
Seq5156_142_bp_-1_0_1	AAB26998.1	75.00	4	1	0	8	11	29	32	9.1	12.5
Seq5156_142_bp_-1_0_1	BAA32956.1	100.00	3	0	0	2	4	7	9	9.7	13.9
Seq5156_142_bp_-1_1_0	ABD33854.1	62.50	8	3	0	8	15	9	16	0.15	19.4
Seq5156_142_bp_-1_1_0	AAA45888.1	58.33	12	5	0	11	22	80	91	1.3	18.9
Seq5156_142_bp_-1_1_0	BAB79260.1	54.55	11	5	0	10	20	348	358	1.6	18.9
Seq5156_142_bp_-1_1_0	BAE97662.1	54.55	11	5	0	10	20	1131	1141	2.6	19.4
Seq5156_142_bp_-1_1_0	ABN10845.1	42.86	7	4	0	8	14	26	32	3.6	16.6
Seq5156_142_bp_-1_1_0	BAB70780.1	31.58	19	13	0	10	28	51	69	3.6	17.7
Seq5156_142_bp_-1_1_0	AAB26998.1	33.33	12	8	0	6	17	2	13	4.2	14.9
Seq5156_142_bp_-1_1_0	CAA26230.1	62.50	8	3	0	9	16	81	88	4.2	17.7
Seq5156_142_bp_-1_1_0	AAR31603.1	55.56	9	4	0	9	17	72	80	5.3	16.6
Seq5156_142_bp_-1_1_0	BAA32018.1	19.05	21	17	0	9	29	367	387	6.7	17.2
Seq5156_142_bp_-1_1_0	AII71783.1	38.46	13	8	0	13	25	209	221	7.2	16.0
Seq5156_142_bp_-1_1_0	AAA72732.1	36.36	11	7	0	17	27	39	49	7.3	16.0
Seq5156_142_bp_-1_1_0	AAA65607.1	40.00	10	6	0	19	28	36	45	8.5	16.0
Seq5156_142_bp_-1_1_0	AAF01122.1	47.37	24	10	5	10	28	312	335	8.7	16.0
Seq5156_142_bp_-1_1_0	AAA42531.1	33.33	16	10	1	15	29	261	276	9	16.0
Seq5156_142_bp_-1_1_0	CAA73529.1	38.46	13	8	0	17	29	79	91	9.3	15.4
Seq5156_142_bp_-1_1_0	AEE27845.1	35.29	17	11	0	4	20	1282	1298	9.8	17.7
Seq5156_142_bp_-1_2_0	CAA04196.1	55.56	9	4	0	11	19	44	52	0.33	21.7
Seq5156_142_bp_-1_2_0	ABK71357.1	58.33	12	5	0	33	44	85	96	0.44	21.1
Seq5156_142_bp_-1_2_0	AAC08817.1	36.36	11	7	0	18	28	145	155	0.45	19.9
Seq5156_142_bp_-1_2_0	AAC97205.1	23.53	17	13	0	24	40	441	457	0.97	21.7
Seq5156_142_bp_-1_2_0	AAA24142.1	54.55	11	5	0	4	14	432	442	1.8	19.3
Seq5156_142_bp_-1_2_0	AAC78721.1	37.50	16	10	0	21	36	64	79	2.7	19.3
Seq5156_142_bp_-1_2_0	AAA45888.1	50.00	11	5	1	37	46	375	385	3.5	18.1
Seq5156_142_bp_-1_2_0	BAA32018.1	23.81	21	16	0	22	42	506	526	3.8	18.7
Seq5156_142_bp_-1_2_0	AAA25966.1	100.00	4	0	0	19	22	318	321	4.3	18.7
Seq5156_142_bp_-1_2_0	ACT10338.1	38.10	22	13	1	9	30	33	53	5.3	17.5
Seq5156_142_bp_-1_2_0	CAA74140.1	57.14	7	3	0	13	19	661	667	5.6	18.7
Seq5156_142_bp_-1_2_0	AAB96524.1	66.67	6	2	0	41	46	90	95	5.7	16.3
Seq5156_142_bp_-1_2_0	AII71783.1	16.67	12	10	0	34	45	140	151	6.3	16.9
Seq5156_142_bp_-1_2_0	AAA72732.1	37.50	8	5	0	5	12	8	15	6.4	16.9
Seq5156_142_bp_-1_2_0	AAX84812.1	22.73	22	17	0	21	42	14	35	7.1	16.3
Seq5156_142_bp_-1_2_0	CAA11507.1	55.56	9	4	0	20	28	26	34	7.9	18.7
Seq5156_142_bp_-1_2_0	BAA32956.1	80.00	5	1	0	5	9	144	148	9.5	15.7
Seq5156_142_bp_-1_2_0	ABN10845.1	57.14	7	3	0	4	10	32	38	9.8	15.7
Seq5156_142_bp_-1_2_0	ABD49687.1	42.86	14	8	0	32	45	814	827	9.8	18.7
