Seq690_57_bp_1_0_0	AAR37016.1	47.06	18	9	1	1	18	973	989	0.37	22.7
Seq690_57_bp_1_0_0	AAR31603.1	29.41	17	12	0	2	18	20	36	1.9	17.5
Seq690_57_bp_1_0_0	AAI27517.1	71.43	8	2	1	1	8	181	187	2.6	17.9
Seq690_57_bp_1_0_0	BAE97662.1	60.00	10	4	0	4	13	190	199	3.6	18.4
Seq690_57_bp_1_0_0	BAB17681.1	41.67	12	7	0	1	12	120	131	5.2	15.7
Seq690_57_bp_1_0_0	EDO47375.1	42.86	14	8	0	4	17	136	149	6.5	14.9
Seq690_57_bp_1_0_0	AAC78721.1	41.18	17	10	0	3	19	530	546	6.9	16.6
Seq690_57_bp_1_0_0	ABK71357.1	38.46	13	8	0	1	13	197	209	9.3	15.3
Seq690_57_bp_1_1_0	AAA26915.1	42.86	14	8	0	2	15	25	38	0.81	18.9
Seq690_57_bp_1_1_0	AAA72732.1	77.78	11	2	2	6	14	87	97	3.7	16.1
Seq690_57_bp_1_1_0	AAB64315.2	45.45	11	6	0	3	13	317	327	3.8	16.1
Seq690_57_bp_1_1_0	ACH70904.1	62.50	8	3	0	5	12	53	60	4.2	16.1
Seq690_57_bp_1_1_0	ABS38337.1	55.56	9	4	0	7	15	1268	1276	4.9	17.7
Seq690_57_bp_1_1_0	EDO47375.1	38.46	13	8	0	3	15	8	20	5	14.9
Seq690_57_bp_1_1_0	ABD33854.1	85.71	9	1	2	7	15	32	38	6.6	12.9
Seq690_57_bp_1_1_0	ABG75784.1	55.56	9	4	0	7	15	227	235	8	14.9
Seq690_57_bp_1_1_0	AEE27845.1	54.55	11	5	0	1	11	1084	1094	8.9	16.9
Seq690_57_bp_1_2_0	AAA65607.1	100.00	18	0	0	1	18	110	127	6.6e-12	55.7
Seq690_57_bp_1_2_0	BAB79260.1	47.06	18	9	1	1	17	155	172	0.44	20.0
Seq690_57_bp_1_2_0	CAA11507.1	55.56	9	4	0	10	18	925	933	1.3	20.0
Seq690_57_bp_1_2_0	CAA04196.1	62.50	8	3	0	8	15	15	22	2	17.7
Seq690_57_bp_1_2_0	AAR37016.1	40.00	15	9	0	3	17	52	66	3.8	19.2
Seq690_57_bp_1_2_0	CAA74140.1	50.00	8	4	0	2	9	6	13	4.4	17.7
Seq690_57_bp_1_2_0	AAC78721.1	38.89	18	11	0	1	18	169	186	5.4	16.9
Seq690_57_bp_1_2_0	ABL74574.1	50.00	11	5	1	9	18	275	285	6.8	15.3
Seq690_57_bp_1_2_0	BAB70780.1	57.14	7	3	0	11	17	87	93	8.6	15.7
Seq690_57_bp_-1_0_0	AAA24969.1	50.00	14	7	0	4	17	863	876	0.78	21.0
Seq690_57_bp_-1_0_0	AAR31603.1	77.78	14	2	5	4	12	179	192	4.3	16.3
Seq690_57_bp_-1_0_0	BAB70780.1	42.86	17	8	3	5	18	48	64	8.1	15.9
Seq690_57_bp_-1_1_0	ABS38337.1	42.86	14	8	0	2	15	1269	1282	1.3	20.0
Seq690_57_bp_-1_1_0	AAA65607.1	50.00	12	6	0	5	16	323	334	1.4	18.0
Seq690_57_bp_-1_1_0	CAA26230.1	46.15	13	7	0	1	13	295	307	2.2	18.0
Seq690_57_bp_-1_1_0	AAX84812.1	75.00	10	2	2	4	13	100	107	2.6	16.4
Seq690_57_bp_-1_1_0	ABG75784.1	40.00	10	6	0	1	10	12	21	2.7	16.8
Seq690_57_bp_-1_1_0	CAA73529.1	29.41	17	12	0	1	17	119	135	3.1	16.4
Seq690_57_bp_-1_1_0	AAH69556.1	50.00	12	6	0	7	18	31	42	3.4	16.4
Seq690_57_bp_-1_1_0	AAR37016.1	71.43	8	2	1	9	15	424	431	4	19.2
Seq690_57_bp_-1_1_0	AAB26998.1	62.50	10	3	2	6	13	51	60	4.5	14.1
Seq690_57_bp_-1_1_0	AAA23282.1	75.00	4	1	0	12	15	558	561	4.8	16.8
Seq690_57_bp_-1_1_0	CAA11507.1	41.67	12	7	0	1	12	1120	1131	5.1	18.0
Seq690_57_bp_-1_1_0	ABD49687.1	33.33	12	8	0	4	15	306	317	6.4	18.0
Seq690_57_bp_-1_1_0	ACH70904.1	37.50	8	5	0	8	15	138	145	6.8	15.7
Seq690_57_bp_-1_1_0	AAA42531.1	30.77	13	9	0	4	16	216	228	7.3	15.7
Seq690_57_bp_-1_1_0	CAA04196.1	44.44	10	5	1	9	18	363	371	7.8	15.7
Seq690_57_bp_-1_1_0	AAB64315.2	66.67	6	2	0	12	17	44	49	8	15.3
Seq690_57_bp_-1_1_0	AAA72732.1	100.00	4	0	0	9	12	284	287	9.8	14.9
Seq690_57_bp_-1_2_0	AAC17860.1	47.06	17	9	0	1	17	119	135	0.38	20.1
Seq690_57_bp_-1_2_0	AAA45888.1	54.55	11	5	0	7	17	357	367	0.84	18.8
Seq690_57_bp_-1_2_0	AAC78721.1	54.55	11	5	0	8	18	373	383	1.5	18.8
Seq690_57_bp_-1_2_0	BAB79260.1	50.00	8	4	0	9	16	157	164	2.4	17.6
Seq690_57_bp_-1_2_0	ABK71357.1	50.00	10	5	0	4	13	84	93	2.6	17.1
Seq690_57_bp_-1_2_0	ABS38337.1	41.18	18	10	1	1	18	182	198	2.8	18.8
Seq690_57_bp_-1_2_0	EDO47375.1	35.71	14	9	0	4	17	104	117	3.1	15.9
Seq690_57_bp_-1_2_0	CAA43372.1	66.67	6	2	0	7	12	361	366	3.8	16.7
Seq690_57_bp_-1_2_0	CAA26230.1	71.43	7	2	0	4	10	294	300	3.9	17.1
Seq690_57_bp_-1_2_0	AII71783.1	41.67	14	7	2	5	18	216	227	5	15.9
Seq690_57_bp_-1_2_0	AAC97205.1	33.33	15	10	0	1	15	405	419	6.2	17.6
Seq690_57_bp_-1_2_0	AAA32624.1	50.00	8	4	0	8	15	273	280	6.3	16.3
Seq690_57_bp_-1_2_0	AEE27845.1	35.71	14	9	0	4	17	1393	1406	7	17.6
Seq690_57_bp_-1_2_0	AAA18786.1	44.44	9	5	0	7	15	243	251	7.7	15.0
