Seq7956_256_bp_1_0_0	ENA|CAB75732|CAB75732.1	98.82	85	1	0	1	85	301	385	4.3e-65	236.3
Seq7956_256_bp_1_0_0	ENA|CAB75732|CAB75732.1	50.00	29	13	3	42	70	744	769	0.083	26.0
Seq7956_256_bp_1_0_0	ENA|CAA26939|CAA26939.1	43.75	16	9	0	60	75	135	150	0.51	22.4
Seq7956_256_bp_1_0_0	ENA|ABG75784|ABG75784.1	32.00	25	17	0	15	39	26	50	0.57	21.3
Seq7956_256_bp_1_0_0	ENA|AAB03707|AAB03707.1	44.44	18	10	0	19	36	815	832	0.6	23.4
Seq7956_256_bp_1_0_0	ENA|CAA28033|CAA28033.1	53.33	15	7	0	6	20	1180	1194	0.8	22.9
Seq7956_256_bp_1_0_0	ENA|AAA72732|AAA72732.1	36.36	11	7	0	61	71	107	117	3.4	18.7
Seq7956_256_bp_1_0_0	ENA|BAA32991|BAA32991.1	50.00	8	4	0	26	33	11	18	4.4	16.1
Seq7956_256_bp_1_0_0	ENA|AAA24145|AAA24145.1	46.15	13	7	0	70	82	31	43	4.9	18.7
Seq7956_256_bp_1_0_0	ENA|AAQ92751|AAQ92751.2	50.00	10	5	0	25	34	1336	1345	5	20.3
Seq7956_256_bp_1_0_0	ENA|AAA32624|AAA32624.1	32.00	25	17	0	8	32	84	108	5.5	18.7
Seq7956_256_bp_1_0_0	ENA|AAB66912|AAB66912.1	40.00	15	9	0	18	32	424	438	6.8	19.3
Seq7956_256_bp_1_0_0	ENA|CAA11507|CAA11507.1	41.67	12	7	0	55	66	495	506	6.9	19.8
Seq7956_256_bp_1_0_0	ENA|CAA36714|CAA36714.1	53.85	13	6	0	4	16	329	341	7	18.2
Seq7956_256_bp_1_0_0	ENA|AAA36114|AAA36114.1	38.46	13	8	0	63	75	345	357	7.6	18.2
Seq7956_256_bp_1_0_0	ENA|CAA45708|CAA45708.1	54.55	11	5	0	17	27	780	790	7.7	19.8
Seq7956_256_bp_1_0_0	ENA|ABD49687|ABD49687.1	50.00	12	6	0	39	50	377	388	8.6	19.8
Seq7956_256_bp_1_0_0	ENA|AAC17860|AAC17860.1	71.43	7	2	0	16	22	229	235	8.7	17.7
Seq7956_256_bp_1_0_0	ENA|BAA32956|BAA32956.1	38.46	13	8	0	72	84	32	44	9.1	16.7
Seq7956_256_bp_1_0_0	ENA|CCP43727|CCP43727.1	71.43	7	2	0	18	24	323	329	9.8	17.2
Seq7956_256_bp_1_1_0	ENA|AAI27517|AAI27517.1	85.71	7	1	0	15	21	69	75	0.044	24.0
Seq7956_256_bp_1_1_0	ENA|AAR37016|AAR37016.1	50.00	14	7	0	7	20	1236	1249	0.66	22.0
Seq7956_256_bp_1_1_0	ENA|BAB17681|BAB17681.1	50.00	10	5	0	1	10	159	168	0.73	18.8
Seq7956_256_bp_1_1_0	ENA|ABK71357|ABK71357.1	60.00	5	2	0	4	8	271	275	0.98	18.8
Seq7956_256_bp_1_1_0	ENA|BAA32018|BAA32018.1	38.89	18	11	0	4	21	237	254	2.6	18.1
Seq7956_256_bp_1_1_0	ENA|CAA36214|CAA36214.1	60.00	5	2	0	6	10	9	13	4.7	16.2
Seq7956_256_bp_1_1_0	ENA|BAA05866|BAA05866.1	57.14	7	3	0	7	13	31	37	4.7	16.2
Seq7956_256_bp_1_1_0	ENA|AAF79734|AAF79734.1	77.78	10	2	1	5	14	1279	1287	5.8	18.1
Seq7956_256_bp_1_1_0	ENA|CAA24711|CAA24711.1	50.00	8	4	0	14	21	148	155	6.4	14.9
Seq7956_256_bp_1_1_0	ENA|ABD49687|ABD49687.1	55.56	9	4	0	11	19	1034	1042	6.7	18.1
Seq7956_256_bp_1_1_0	ENA|ABN10845|ABN10845.1	40.00	10	6	0	10	19	178	187	7.9	14.9
Seq7956_256_bp_1_1_0	ENA|CAA26939|CAA26939.1	75.00	4	1	0	5	8	127	130	8.5	16.2
Seq7956_256_bp_1_1_1	ENA|CAA73529|CAA73529.1	45.45	11	6	0	17	27	76	86	2.9	18.3
Seq7956_256_bp_1_1_1	ENA|AAR31603|AAR31603.1	45.00	21	11	1	13	33	174	193	4.9	17.8
Seq7956_256_bp_1_1_1	ENA|EDO47375|EDO47375.1	35.71	14	9	0	9	22	101	114	5.6	16.8
Seq7956_256_bp_1_1_1	ENA|AAA24145|AAA24145.1	50.00	10	5	0	24	33	18	27	9.3	17.3
Seq7956_256_bp_1_1_1	ENA|CAA24711|CAA24711.1	26.67	30	22	0	1	30	128	157	9.8	15.8
Seq7956_256_bp_1_2_0	ENA|CAL82360|CAL82360.1	55.56	9	4	0	2	10	502	510	2	18.5
Seq7956_256_bp_1_2_0	ENA|AAB66912|AAB66912.1	66.67	6	2	0	5	10	905	910	2.3	17.8
Seq7956_256_bp_1_2_0	ENA|AAA25966|AAA25966.1	60.00	5	2	0	2	6	246	250	4.4	16.5
Seq7956_256_bp_1_2_0	ENA|CAA26023|CAA26023.1	60.00	5	2	0	2	6	38	42	8.9	14.5
Seq7956_256_bp_1_2_0	ENA|AAC26660|AAC26660.1	75.00	4	1	0	5	8	205	208	9.4	13.8
Seq7956_256_bp_1_2_1	ENA|ABD33854|ABD33854.1	75.00	4	1	0	1	4	46	49	1.2	15.2
Seq7956_256_bp_1_2_1	ENA|EDO47375|EDO47375.1	38.46	13	8	0	1	13	153	165	2.4	15.8
Seq7956_256_bp_1_2_1	ENA|AAS77176|AAS77176.1	100.00	4	0	0	4	7	3	6	2.5	16.3
Seq7956_256_bp_1_2_1	ENA|BAA32991|BAA32991.1	36.36	11	7	0	3	13	29	39	4	13.6
Seq7956_256_bp_1_2_1	ENA|ACT10338|ACT10338.1	40.00	10	6	0	4	13	117	126	4.9	15.8
Seq7956_256_bp_1_2_1	ENA|CAA11507|CAA11507.1	100.00	4	0	0	5	8	489	492	5.4	17.4
Seq7956_256_bp_1_2_1	ENA|CAL82360|CAL82360.1	66.67	6	2	0	3	8	165	170	7.4	16.9
Seq7956_256_bp_1_2_1	ENA|CAA29968|CAA29968.1	100.00	3	0	0	2	4	192	194	7.5	14.1
Seq7956_256_bp_1_2_2	ENA|AAA18786|AAA18786.1	57.14	7	3	0	1	7	169	175	2	16.2
Seq7956_256_bp_1_2_2	ENA|AAS77176|AAS77176.1	40.00	10	6	0	1	10	216	225	3.3	15.6
Seq7956_256_bp_1_2_2	ENA|CAA36214|CAA36214.1	60.00	5	2	0	3	7	158	162	3.4	15.6
Seq7956_256_bp_1_2_2	ENA|CAA28033|CAA28033.1	80.00	5	1	0	4	8	6	10	6.1	16.8
Seq7956_256_bp_1_2_2	ENA|AAB96524|AAB96524.1	75.00	4	1	0	4	7	118	121	7.3	13.7
Seq7956_256_bp_1_2_2	ENA|BAA05866|BAA05866.1	42.86	7	4	0	4	10	52	58	7.8	14.4
Seq7956_256_bp_1_2_2	ENA|AAA36539|AAA36539.1	75.00	4	1	0	7	10	251	254	7.9	15.0
Seq7956_256_bp_1_2_2	ENA|ABD33854|ABD33854.1	50.00	6	3	0	2	7	21	26	8.8	11.9
Seq7956_256_bp_1_2_2	ENA|CAL82360|CAL82360.1	66.67	6	2	0	4	9	280	285	8.9	16.2
Seq7956_256_bp_1_2_3	ENA|AAF79734|AAF79734.1	37.50	8	5	0	3	10	1098	1105	2.8	18.3
Seq7956_256_bp_1_2_3	ENA|CAL82360|CAL82360.1	57.14	7	3	0	2	8	882	888	3.8	17.6
Seq7956_256_bp_1_2_3	ENA|BAA36759|BAA36759.1	57.14	7	3	0	2	8	60	66	4.9	15.1
Seq7956_256_bp_1_2_3	ENA|CAA36714|CAA36714.1	66.67	6	2	0	6	11	194	199	5.1	15.8
Seq7956_256_bp_1_2_3	ENA|CAA28033|CAA28033.1	55.56	9	4	0	3	11	1157	1165	8.8	16.4
Seq7956_256_bp_1_2_3	ENA|CAA11507|CAA11507.1	57.14	7	3	0	1	7	556	562	9.2	16.4
Seq7956_256_bp_1_2_3	ENA|AAC26660|AAC26660.1	75.00	4	1	0	3	6	40	43	9.8	13.9
Seq7956_256_bp_-1_0_0	ENA|CCP43727|CCP43727.1	46.15	13	7	0	6	18	59	71	2.4	18.1
Seq7956_256_bp_-1_0_0	ENA|AAS77176|AAS77176.1	45.45	11	6	0	13	23	102	112	4.4	17.1
Seq7956_256_bp_-1_0_0	ENA|AAR31603|AAR31603.1	66.67	6	2	0	2	7	162	167	5	17.1
Seq7956_256_bp_-1_0_0	ENA|ABD49687|ABD49687.1	63.64	11	4	0	24	34	1617	1627	5.9	19.2
Seq7956_256_bp_-1_0_0	ENA|AAI27517|AAI27517.1	38.46	13	8	0	9	21	580	592	6.1	17.6
Seq7956_256_bp_-1_0_0	ENA|AAA36114|AAA36114.1	29.17	24	17	0	3	26	274	297	7.5	17.1
Seq7956_256_bp_-1_0_0	ENA|EDO47375|EDO47375.1	57.14	7	3	0	8	14	151	157	8.3	15.5
Seq7956_256_bp_-1_0_0	ENA|BAA32991|BAA32991.1	50.00	6	3	0	7	12	11	16	8.9	13.9
Seq7956_256_bp_-1_0_0	ENA|BAA32956|BAA32956.1	46.15	14	7	1	14	26	43	56	9.1	15.5
Seq7956_256_bp_-1_0_1	ENA|AAR37016|AAR37016.1	44.44	18	10	0	3	20	113	130	0.21	24.5
Seq7956_256_bp_-1_0_1	ENA|CAA28033|CAA28033.1	60.00	10	4	0	27	36	733	742	0.72	21.9
Seq7956_256_bp_-1_0_1	ENA|CAA43419|CAA43419.1	50.00	10	5	0	3	12	165	174	1.8	18.8
Seq7956_256_bp_-1_0_1	ENA|CAB75732|CAB75732.1	66.67	9	3	0	1	9	222	230	3.9	19.3
Seq7956_256_bp_-1_0_1	ENA|AAS77176|AAS77176.1	27.27	11	8	0	5	15	176	186	4.1	17.2
Seq7956_256_bp_-1_0_1	ENA|ACT10338|ACT10338.1	31.58	19	13	0	7	25	70	88	5.4	17.2
Seq7956_256_bp_-1_0_1	ENA|ABG75784|ABG75784.1	35.00	21	13	1	17	36	172	192	6.2	16.7
Seq7956_256_bp_-1_0_1	ENA|CCP43727|CCP43727.1	100.00	4	0	0	24	27	59	62	6.5	16.7
Seq7956_256_bp_-1_0_1	ENA|AAA42531|AAA42531.1	46.15	13	7	0	19	31	329	341	7.6	16.7
Seq7956_256_bp_-1_0_1	ENA|AAA72732|AAA72732.1	38.46	13	8	0	13	25	155	167	8.7	16.1
Seq7956_256_bp_-1_0_1	ENA|AAB66912|AAB66912.1	50.00	14	7	0	3	16	577	590	8.8	17.7
Seq7956_256_bp_-1_0_1	ENA|CAA36714|CAA36714.1	66.67	6	2	0	17	22	459	464	9	16.7
Seq7956_256_bp_-1_1_0	ENA|AAA72732|AAA72732.1	30.00	10	7	0	9	18	14	23	3.7	17.4
Seq7956_256_bp_-1_1_0	ENA|AAS77176|AAS77176.1	22.73	24	17	2	5	26	265	288	9.2	15.9
Seq7956_256_bp_-1_1_1	ENA|EDO47375|EDO47375.1	50.00	6	3	0	2	7	124	129	1.6	16.5
Seq7956_256_bp_-1_1_1	ENA|BAA32991|BAA32991.1	57.14	8	3	1	2	8	22	29	2.9	14.2
Seq7956_256_bp_-1_1_1	ENA|ABN10845|ABN10845.1	50.00	6	3	0	2	7	86	91	6	14.7
Seq7956_256_bp_-1_1_1	ENA|CAL82360|CAL82360.1	45.45	11	6	0	1	11	974	984	6.9	17.1
Seq7956_256_bp_-1_1_1	ENA|CAA29968|CAA29968.1	42.86	7	4	0	5	11	190	196	8	14.2
Seq7956_256_bp_-1_1_2	ENA|AAB26998|AAB26998.1	100.00	5	0	0	13	17	40	44	0.33	18.7
Seq7956_256_bp_-1_1_2	ENA|CAA73529|CAA73529.1	28.57	14	10	0	17	30	61	74	1.1	18.7
Seq7956_256_bp_-1_1_2	ENA|CAA45199|CAA45199.1	45.45	11	6	0	22	32	108	118	1.9	18.7
Seq7956_256_bp_-1_1_2	ENA|CAA26939|CAA26939.1	66.67	9	3	0	14	22	38	46	2.4	18.7
Seq7956_256_bp_-1_1_2	ENA|AAS77176|AAS77176.1	26.32	19	14	0	1	19	255	273	2.5	17.6
Seq7956_256_bp_-1_1_2	ENA|CAA29968|CAA29968.1	29.41	17	12	0	1	17	18	34	3.6	16.5
Seq7956_256_bp_-1_1_2	ENA|AAC26660|AAC26660.1	50.00	8	4	0	13	20	110	117	4.7	16.5
Seq7956_256_bp_-1_1_2	ENA|AAR31603|AAR31603.1	57.14	7	3	0	10	16	64	70	6	16.5
Seq7956_256_bp_-1_1_2	ENA|AAA25966|AAA25966.1	27.27	11	8	0	14	24	566	576	6.2	17.6
Seq7956_256_bp_-1_1_2	ENA|CAA26023|CAA26023.1	41.67	12	7	0	16	27	106	117	6.9	16.5
Seq7956_256_bp_-1_1_2	ENA|BAA32018|BAA32018.1	57.14	7	3	0	26	32	88	94	7.7	17.1
Seq7956_256_bp_-1_2_0	ENA|CAA28033|CAA28033.1	38.46	26	16	0	55	80	671	696	0.12	25.6
Seq7956_256_bp_-1_2_0	ENA|AAB96524|AAB96524.1	27.08	49	35	1	34	82	4	51	0.31	21.5
Seq7956_256_bp_-1_2_0	ENA|CAB75732|CAB75732.1	53.33	15	7	0	31	45	341	355	0.46	23.5
Seq7956_256_bp_-1_2_0	ENA|AAR31603|AAR31603.1	40.00	20	12	0	33	52	284	303	0.55	21.5
Seq7956_256_bp_-1_2_0	ENA|ACH70901|ACH70901.1	85.71	7	1	0	5	11	296	302	2.5	19.4
Seq7956_256_bp_-1_2_0	ENA|AAR37016|AAR37016.1	66.67	12	4	0	43	54	1771	1782	2.7	22.0
Seq7956_256_bp_-1_2_0	ENA|AAC78721|AAC78721.1	70.00	10	3	0	9	18	91	100	3.2	19.9
Seq7956_256_bp_-1_2_0	ENA|BAA32956|BAA32956.1	28.57	21	15	0	31	51	158	178	4.2	17.8
Seq7956_256_bp_-1_2_0	ENA|AAB66912|AAB66912.1	54.55	11	5	0	36	46	300	310	4.4	19.9
Seq7956_256_bp_-1_2_0	ENA|CAA29968|CAA29968.1	57.14	7	3	0	32	38	84	90	5.5	17.3
Seq7956_256_bp_-1_2_0	ENA|AAA36114|AAA36114.1	27.78	18	13	0	63	80	119	136	6.9	18.4
Seq7956_256_bp_-1_2_0	ENA|CAA26023|CAA26023.1	33.33	15	10	0	12	26	100	114	7.4	17.8
Seq7956_256_bp_-1_2_0	ENA|BAA36759|BAA36759.1	55.56	9	4	0	3	11	73	81	7.9	17.3
Seq7956_256_bp_-1_2_0	ENA|AAC97205|AAC97205.1	41.67	12	7	0	29	40	1083	1094	8	19.4
