Seq7788_292_bp_1_0_0	ABS38337.1	100.00	97	0	0	1	97	801	897	4.5e-62	226.6
Seq7788_292_bp_1_0_0	AAA23282.1	39.62	54	32	1	6	58	73	126	1.7e-06	40.8
Seq7788_292_bp_1_0_0	AAA65607.1	32.00	26	17	1	36	61	90	114	2.2	19.8
Seq7788_292_bp_1_0_0	ABD49687.1	40.00	15	9	0	32	46	1545	1559	2.9	21.6
Seq7788_292_bp_1_0_0	AAA24969.1	50.00	12	6	0	76	87	1469	1480	4.7	20.7
Seq7788_292_bp_1_0_0	BAA32018.1	36.84	19	12	0	17	35	46	64	6.5	18.9
Seq7788_292_bp_1_1_0	AEE27845.1	44.44	18	10	0	38	55	869	886	0.54	23.5
Seq7788_292_bp_1_1_0	BAB70780.1	31.82	22	15	0	25	46	45	66	1	21.0
Seq7788_292_bp_1_1_0	AAA32624.1	39.13	24	14	1	21	43	489	512	2.1	20.0
Seq7788_292_bp_1_1_0	BAB79260.1	24.14	32	22	3	4	32	341	372	2.6	19.6
Seq7788_292_bp_1_1_0	AAA45888.1	35.29	17	11	0	62	78	56	72	3	19.1
Seq7788_292_bp_1_1_0	ABL74574.1	35.00	21	13	1	20	39	233	253	4.4	18.1
Seq7788_292_bp_1_1_0	AAA72732.1	30.77	27	18	1	39	64	1	27	4.8	18.1
Seq7788_292_bp_1_1_0	AAA36565.1	50.00	8	4	0	52	59	45	52	6.9	16.6
Seq7788_292_bp_1_1_0	BAA32018.1	34.78	23	15	0	19	41	239	261	9.2	18.1
Seq7788_292_bp_1_1_0	ABS38337.1	38.46	13	8	0	25	37	524	536	9.6	19.1
Seq7788_292_bp_1_1_0	CAA74140.1	23.81	21	16	0	16	36	659	679	9.7	18.6
Seq7788_292_bp_1_1_1	BAB79260.1	33.33	12	8	0	3	14	382	393	0.88	19.0
Seq7788_292_bp_1_1_1	BAA32018.1	55.56	9	4	0	1	9	481	489	1.2	19.0
Seq7788_292_bp_1_1_1	AAA72732.1	80.00	5	1	0	4	8	1	5	2.7	16.9
Seq7788_292_bp_1_1_1	ABL74574.1	36.36	11	7	0	2	12	202	212	3.6	16.3
Seq7788_292_bp_1_1_1	ABN10845.1	33.33	9	6	0	4	12	178	186	3.9	15.8
Seq7788_292_bp_1_1_1	CAA45199.1	54.55	11	5	0	6	16	300	310	4	16.9
Seq7788_292_bp_1_1_1	AAX84812.1	35.71	14	9	0	3	16	220	233	5.9	15.2
Seq7788_292_bp_1_1_1	AAA65607.1	57.14	7	3	0	7	13	104	110	6.4	15.8
Seq7788_292_bp_1_1_1	ABS38337.1	38.46	13	8	0	1	13	310	322	7.2	17.4
Seq7788_292_bp_1_1_1	AAQ92751.2	46.15	14	7	1	5	18	5	17	7.8	17.4
Seq7788_292_bp_1_1_1	AEE27845.1	40.00	10	6	0	4	13	872	881	7.8	17.4
Seq7788_292_bp_1_2_0	AAC78721.1	66.67	6	2	0	5	10	302	307	0.61	19.3
Seq7788_292_bp_1_2_0	BAA32991.1	50.00	4	2	0	3	6	28	31	0.69	15.8
Seq7788_292_bp_1_2_0	CAA74140.1	50.00	8	4	0	1	8	754	761	0.85	19.3
Seq7788_292_bp_1_2_0	ABK71357.1	80.00	5	1	0	4	8	282	286	0.88	17.9
Seq7788_292_bp_1_2_0	AAA36565.1	37.50	8	5	0	3	10	71	78	1	16.5
Seq7788_292_bp_1_2_0	CAA04196.1	60.00	5	2	0	4	8	374	378	1.6	17.2
Seq7788_292_bp_1_2_0	AAQ92751.2	40.00	5	3	0	1	5	1151	1155	2	18.6
Seq7788_292_bp_1_2_0	AAA25966.1	60.00	5	2	0	1	5	90	94	2.7	17.2
Seq7788_292_bp_1_2_0	ABN10845.1	50.00	6	3	0	5	10	97	102	3.5	15.1
Seq7788_292_bp_1_2_0	CAA73529.1	100.00	3	0	0	8	10	59	61	6.9	14.4
Seq7788_292_bp_1_2_0	BAB79260.1	50.00	6	3	0	5	10	144	149	7	15.1
Seq7788_292_bp_1_2_0	AAB26998.1	100.00	2	0	0	2	3	13	14	8.2	12.3
Seq7788_292_bp_1_2_0	BAA32956.1	60.00	5	2	0	4	8	14	18	8.4	13.7
Seq7788_292_bp_1_2_0	BAA32018.1	75.00	4	1	0	7	10	359	362	9.4	15.1
Seq7788_292_bp_1_2_1	BAA32018.1	44.44	9	5	0	3	11	85	93	0.18	21.2
Seq7788_292_bp_1_2_1	ACH70904.1	50.00	6	3	0	5	10	149	154	0.27	19.8
Seq7788_292_bp_1_2_1	AAC97205.1	57.14	7	3	0	1	7	715	721	0.35	21.2
Seq7788_292_bp_1_2_1	AAA42531.1	30.00	10	7	0	1	10	199	208	0.78	18.4
Seq7788_292_bp_1_2_1	AAB96524.1	50.00	8	4	0	5	12	177	184	0.99	17.0
Seq7788_292_bp_1_2_1	BAA32991.1	33.33	6	4	0	1	6	60	65	1.6	14.8
Seq7788_292_bp_1_2_1	AAH69556.1	50.00	6	3	0	6	11	254	259	1.6	17.0
Seq7788_292_bp_1_2_1	ABD33854.1	33.33	6	4	0	1	6	48	53	2.4	14.1
Seq7788_292_bp_1_2_1	AAA23282.1	60.00	5	2	0	8	12	454	458	3	17.0
Seq7788_292_bp_1_2_1	AAX84812.1	100.00	3	0	0	6	8	91	93	3.2	15.5
Seq7788_292_bp_1_2_1	CAA04196.1	80.00	5	1	0	1	5	374	378	3.6	16.3
Seq7788_292_bp_1_2_1	BAE97662.1	100.00	4	0	0	8	11	489	492	3.6	17.7
Seq7788_292_bp_1_2_1	CAA73529.1	41.67	12	7	0	1	12	131	142	3.8	15.5
Seq7788_292_bp_1_2_1	EDO47375.1	60.00	5	2	0	2	6	137	141	4.3	14.8
Seq7788_292_bp_1_2_1	ABG75784.1	100.00	3	0	0	4	6	304	306	4.3	15.5
Seq7788_292_bp_1_2_1	AAB03707.1	100.00	4	0	0	8	11	54	57	4.4	17.7
Seq7788_292_bp_1_2_1	AAI27517.1	75.00	4	1	0	1	4	28	31	5	16.3
Seq7788_292_bp_1_2_1	ABN10845.1	33.33	6	4	0	7	12	47	52	7.8	14.1
Seq7788_292_bp_1_2_1	AAA45888.1	50.00	6	3	0	7	12	155	160	8.4	14.8
Seq7788_292_bp_1_2_1	AAA18786.1	100.00	3	0	0	10	12	100	102	9.5	14.1
Seq7788_292_bp_1_2_1	AAA24142.1	75.00	4	1	0	9	12	321	324	9.7	14.8
Seq7788_292_bp_1_2_2	AAA25966.1	44.44	31	15	4	3	30	75	104	0.013	27.0
Seq7788_292_bp_1_2_2	AAB96524.1	28.21	40	28	1	4	42	55	94	0.33	20.4
Seq7788_292_bp_1_2_2	ABS38337.1	58.33	12	5	0	6	17	1265	1276	1.6	20.8
Seq7788_292_bp_1_2_2	ABD49687.1	35.71	14	9	0	19	32	1238	1251	3	20.4
Seq7788_292_bp_1_2_2	AAX12058.1	62.50	8	3	0	25	32	103	110	3.4	17.5
Seq7788_292_bp_1_2_2	ABN10845.1	57.14	7	3	0	2	8	18	24	5.2	16.6
Seq7788_292_bp_1_2_2	AAC08817.1	42.86	7	4	0	5	11	33	39	7.3	15.6
Seq7788_292_bp_1_2_2	AAC97205.1	33.33	12	8	0	29	40	114	125	7.7	18.5
Seq7788_292_bp_1_2_2	CAA74140.1	29.17	24	17	0	11	34	654	677	8.1	18.0
Seq7788_292_bp_1_2_2	CAA26230.1	71.43	7	2	0	21	27	136	142	9.2	17.0
Seq7788_292_bp_1_2_2	AAB26998.1	28.57	7	5	0	5	11	45	51	9.2	14.2
Seq7788_292_bp_1_2_2	AAA72732.1	36.36	11	7	0	6	16	146	156	9.8	16.1
Seq7788_292_bp_1_2_3	ABS38337.1	45.45	11	6	0	4	14	281	291	2.5	18.7
Seq7788_292_bp_1_2_3	ACT10338.1	55.56	9	4	0	2	10	34	42	3.2	16.6
Seq7788_292_bp_1_2_3	AAC08817.1	75.00	4	1	0	7	10	118	121	4.1	15.0
Seq7788_292_bp_1_2_3	AAA18786.1	57.14	7	3	0	3	9	98	104	4.6	15.6
Seq7788_292_bp_1_2_3	AAA72732.1	25.00	8	6	0	8	15	11	18	5.3	15.6
Seq7788_292_bp_1_2_3	AAX84812.1	100.00	3	0	0	8	10	87	89	8	14.5
Seq7788_292_bp_1_2_4	ABG75784.1	62.50	8	3	0	4	11	299	306	0.51	18.8
Seq7788_292_bp_1_2_4	AEE27845.1	44.44	9	5	0	1	9	78	86	2.2	18.8
Seq7788_292_bp_1_2_4	CAA43372.1	40.00	10	6	0	1	10	96	105	4	16.2
Seq7788_292_bp_1_2_4	EDO47375.1	75.00	4	1	0	8	11	122	125	4.5	14.9
Seq7788_292_bp_1_2_4	CAA73529.1	60.00	5	2	0	7	11	142	146	6.4	14.9
Seq7788_292_bp_1_2_4	AAB64315.2	42.86	7	4	0	7	13	32	38	7.5	14.9
Seq7788_292_bp_1_2_4	ABS38337.1	57.14	7	3	0	7	13	450	456	7.6	16.8
Seq7788_292_bp_1_2_4	AAA32624.1	37.50	8	5	0	2	9	15	22	7.6	15.5
Seq7788_292_bp_1_2_4	AAA18786.1	42.86	7	4	0	2	8	183	189	9.5	14.2
Seq7788_292_bp_-1_0_0	AAA24142.1	29.17	24	17	0	25	48	133	156	1.6	20.6
Seq7788_292_bp_-1_0_0	AEE27845.1	41.67	12	7	0	26	37	1221	1232	3.5	21.1
Seq7788_292_bp_-1_0_0	AAX12058.1	27.27	22	16	0	21	42	73	94	3.5	18.7
Seq7788_292_bp_-1_0_0	AAA45888.1	50.00	17	8	1	58	74	172	187	3.5	19.2
Seq7788_292_bp_-1_0_0	AAA72732.1	83.33	6	1	0	33	38	1	6	4	18.7
Seq7788_292_bp_-1_1_0	ABN10845.1	52.63	19	9	0	57	75	65	83	0.16	22.8
Seq7788_292_bp_-1_1_0	AAA42531.1	29.41	34	24	0	56	89	86	119	1.5	20.4
Seq7788_292_bp_-1_1_0	AAA32376.1	30.61	53	34	4	9	61	83	131	2.5	18.5
Seq7788_292_bp_-1_1_0	CAA74140.1	30.77	13	9	0	76	88	85	97	4.8	19.9
Seq7788_292_bp_-1_1_0	ABG75784.1	44.44	9	5	0	54	62	35	43	6.1	18.0
Seq7788_292_bp_-1_1_0	AAA72732.1	46.15	13	7	0	13	25	243	255	6.1	18.0
Seq7788_292_bp_-1_1_0	ACH70904.1	26.67	15	11	0	64	78	276	290	6.9	18.0
Seq7788_292_bp_-1_1_0	EDO47375.1	27.27	11	8	0	2	12	33	43	7.1	17.1
Seq7788_292_bp_-1_1_0	AAA18786.1	37.50	16	10	0	24	39	88	103	7.2	17.5
Seq7788_292_bp_-1_1_0	CAA73529.1	57.14	7	3	0	72	78	140	146	7.3	17.5
Seq7788_292_bp_-1_1_0	AAA45888.1	66.67	6	2	0	36	41	67	72	7.3	18.0
Seq7788_292_bp_-1_1_0	AAC17860.1	30.56	36	25	0	6	41	330	365	7.8	18.0
Seq7788_292_bp_-1_1_0	AAX84812.1	41.67	12	7	0	13	24	51	62	8.5	17.1
Seq7788_292_bp_-1_2_0	ABL74574.1	83.33	6	1	0	5	10	166	171	0.96	17.4
Seq7788_292_bp_-1_2_0	AAA23282.1	57.14	7	3	0	1	7	281	287	1.2	18.0
Seq7788_292_bp_-1_2_0	AAA65607.1	66.67	6	2	0	3	8	108	113	1.9	16.8
Seq7788_292_bp_-1_2_0	AAC08817.1	50.00	6	3	0	1	6	97	102	2	15.5
Seq7788_292_bp_-1_2_0	CAA11507.1	100.00	5	0	0	3	7	180	184	4.4	17.4
Seq7788_292_bp_-1_2_0	BAB17681.1	80.00	5	1	0	6	10	93	97	4.9	14.9
Seq7788_292_bp_-1_2_0	AAB96524.1	60.00	5	2	0	2	6	129	133	7.6	13.7
Seq7788_292_bp_-1_2_1	AAA72732.1	75.00	8	2	0	15	22	13	20	0.21	21.1
Seq7788_292_bp_-1_2_1	AAA45888.1	50.00	12	6	0	5	16	60	71	0.38	20.5
Seq7788_292_bp_-1_2_1	AAA18786.1	40.00	15	9	0	9	23	5	19	0.79	18.9
Seq7788_292_bp_-1_2_1	BAA32956.1	31.25	16	11	0	2	17	134	149	1.9	17.3
Seq7788_292_bp_-1_2_1	ABN10845.1	50.00	8	4	0	13	20	25	32	1.9	17.3
Seq7788_292_bp_-1_2_1	ABS38337.1	36.84	19	12	0	3	21	365	383	2.6	19.5
Seq7788_292_bp_-1_2_1	BAA32018.1	71.43	7	2	0	13	19	456	462	2.6	18.4
Seq7788_292_bp_-1_2_1	AAA36565.1	28.57	14	10	0	13	26	51	64	4.4	15.7
Seq7788_292_bp_-1_2_1	AAC17860.1	33.33	15	10	0	7	21	324	338	5.1	16.8
Seq7788_292_bp_-1_2_2	AAA45888.1	46.67	15	8	0	2	16	26	40	0.41	19.9
Seq7788_292_bp_-1_2_2	CAA04196.1	31.25	16	11	0	2	17	384	399	0.98	18.7
Seq7788_292_bp_-1_2_2	AAF01122.1	71.43	7	2	0	9	15	191	197	1.3	18.2
Seq7788_292_bp_-1_2_2	AAB26998.1	55.56	9	4	0	9	17	10	18	4.1	14.2
Seq7788_292_bp_-1_2_2	AAA32376.1	50.00	10	5	0	6	15	107	116	4.1	15.3
Seq7788_292_bp_-1_2_2	AAX84812.1	37.50	8	5	0	11	18	137	144	5.5	15.3
Seq7788_292_bp_-1_2_2	BAE97662.1	50.00	8	4	0	7	14	630	637	5.6	17.6
Seq7788_292_bp_-1_2_2	BAB79260.1	30.77	13	9	0	2	14	99	111	7.1	15.9
Seq7788_292_bp_-1_2_2	AAA32624.1	37.50	8	5	0	3	10	237	244	8.1	15.9
Seq7788_292_bp_-1_2_2	AAA18786.1	40.00	10	6	0	5	14	5	14	9	14.8
Seq7788_292_bp_-1_2_2	AAB96524.1	80.00	5	1	0	13	17	156	160	9.2	14.2
Seq7788_292_bp_-1_2_2	EDO47375.1	41.67	12	7	0	3	14	105	116	9.4	14.2
Seq7788_292_bp_-1_2_2	CAA74140.1	54.55	11	5	0	5	15	678	688	9.7	16.5
Seq7788_292_bp_-1_2_3	ABS38337.1	46.43	33	15	5	1	28	814	846	0.099	24.5
Seq7788_292_bp_-1_2_3	AAB96524.1	35.29	17	11	0	1	17	84	100	0.13	21.3
Seq7788_292_bp_-1_2_3	AAA18786.1	80.00	5	1	0	9	13	101	105	1.1	18.7
Seq7788_292_bp_-1_2_3	AAX84812.1	40.00	10	6	0	4	13	202	211	5.7	16.1
Seq7788_292_bp_-1_2_3	ACH70904.1	33.33	12	8	0	17	28	152	163	6.1	16.6
Seq7788_292_bp_-1_2_3	AAQ92751.2	29.41	17	12	0	15	31	1075	1091	7.8	18.2
Seq7788_292_bp_-1_2_3	AAA25966.1	34.78	23	15	0	5	27	629	651	8.4	17.1
Seq7788_292_bp_-1_2_3	AAA65607.1	22.73	22	17	0	9	30	145	166	8.8	16.1
