Seq1648_58_bp_1_0_0	AAQ92751.2	100.00	19	0	0	1	19	1126	1144	1.4e-11	56.5
Seq1648_58_bp_1_0_0	AAB03707.1	45.45	11	6	0	7	17	472	482	0.75	20.9
Seq1648_58_bp_1_0_0	BAB17681.1	50.00	10	5	0	2	11	155	164	0.87	18.4
Seq1648_58_bp_1_0_0	ABK71357.1	26.32	19	14	0	1	19	285	303	2.8	17.1
Seq1648_58_bp_1_0_0	AAA32376.1	37.50	8	5	0	1	8	161	168	3.1	15.8
Seq1648_58_bp_1_0_0	AAC97205.1	45.45	11	6	0	5	15	21	31	3.8	18.4
Seq1648_58_bp_1_0_0	CAA74140.1	55.56	9	4	0	2	10	46	54	4.5	17.7
Seq1648_58_bp_1_0_0	ACT10338.1	55.56	9	4	0	1	9	304	312	4.5	16.5
Seq1648_58_bp_1_0_0	ABG75784.1	38.46	13	8	0	2	14	262	274	5.6	15.8
Seq1648_58_bp_1_0_0	BAA32956.1	30.77	13	9	0	7	19	173	185	5.8	15.2
Seq1648_58_bp_1_0_0	AAX84812.1	30.00	10	7	0	1	10	92	101	6.3	15.2
Seq1648_58_bp_1_0_0	CAA26230.1	35.71	14	9	0	3	16	223	236	6.4	16.5
Seq1648_58_bp_1_0_0	CAA11507.1	60.00	10	4	0	6	15	149	158	6.4	17.7
Seq1648_58_bp_1_0_0	AEE27845.1	23.53	17	13	0	3	19	162	178	6.6	17.7
Seq1648_58_bp_1_0_0	AAA18786.1	41.67	12	7	0	1	12	77	88	7.2	15.2
Seq1648_58_bp_1_0_0	CAA45199.1	22.22	18	14	0	2	19	48	65	8.2	15.8
Seq1648_58_bp_1_0_0	BAB70780.1	25.00	12	9	0	6	17	155	166	8.4	15.8
Seq1648_58_bp_1_1_0	AAA18786.1	55.56	9	4	0	4	12	180	188	0.29	19.9
Seq1648_58_bp_1_1_0	AAC08817.1	40.00	15	9	0	3	17	149	163	0.57	18.3
Seq1648_58_bp_1_1_0	BAB79260.1	71.43	7	2	0	7	13	438	444	0.73	19.4
Seq1648_58_bp_1_1_0	AAC78721.1	23.53	17	13	0	1	17	200	216	1.6	18.8
Seq1648_58_bp_1_1_0	AAR37016.1	50.00	8	4	0	10	17	341	348	1.7	20.5
Seq1648_58_bp_1_1_0	ACT10338.1	33.33	15	10	0	2	16	320	334	2	17.7
Seq1648_58_bp_1_1_0	CAA43372.1	45.45	11	6	0	3	13	141	151	2.1	17.7
Seq1648_58_bp_1_1_0	AAA24142.1	42.86	7	4	0	11	17	420	426	3.3	17.1
Seq1648_58_bp_1_1_0	BAA32956.1	36.36	11	7	0	9	19	24	34	4.8	15.5
Seq1648_58_bp_1_1_0	AAR31603.1	25.00	12	9	0	1	12	72	83	5.1	16.0
Seq1648_58_bp_1_1_0	AAA25966.1	50.00	6	3	0	9	14	269	274	5.2	17.1
Seq1648_58_bp_1_1_0	AAC97205.1	36.36	11	7	0	6	16	761	771	6	17.7
Seq1648_58_bp_1_1_0	AAB96524.1	60.00	5	2	0	11	15	62	66	6.2	14.9
Seq1648_58_bp_1_1_0	ABK71357.1	50.00	6	3	0	10	15	142	147	8.3	15.5
Seq1648_58_bp_1_1_0	CAA73529.1	50.00	6	3	0	6	11	35	40	8.9	14.9
Seq1648_58_bp_1_1_0	CAA74140.1	36.36	11	7	0	5	15	605	615	9.5	16.6
Seq1648_58_bp_1_2_0	AAR37016.1	77.78	9	2	0	3	11	955	963	0.0047	29.0
Seq1648_58_bp_1_2_0	BAA32956.1	33.33	18	12	0	1	18	12	29	0.0081	24.7
Seq1648_58_bp_1_2_0	ABD49687.1	62.50	8	3	0	3	10	1564	1571	0.36	22.2
Seq1648_58_bp_1_2_0	AIR13712.1	75.00	4	1	0	15	18	136	139	0.38	19.8
Seq1648_58_bp_1_2_0	AAH69556.1	55.56	9	4	0	6	14	299	307	1.2	17.9
Seq1648_58_bp_1_2_0	BAA32991.1	42.86	9	4	2	7	15	26	32	1.5	15.5
Seq1648_58_bp_1_2_0	AAQ92751.2	44.44	9	5	0	5	13	1025	1033	2.4	19.2
Seq1648_58_bp_1_2_0	ABG75784.1	75.00	4	1	0	7	10	85	88	2.9	16.7
Seq1648_58_bp_1_2_0	CAD53387.1	75.00	4	1	0	7	10	475	478	3.1	17.3
Seq1648_58_bp_1_2_0	AAX84812.1	60.00	5	2	0	6	10	158	162	3.3	16.1
Seq1648_58_bp_1_2_0	AAB96524.1	75.00	4	1	0	8	11	133	136	4	15.5
Seq1648_58_bp_1_2_0	AAC97205.1	54.55	11	5	0	5	15	234	244	4.9	17.9
Seq1648_58_bp_1_2_0	ABK71357.1	60.00	5	2	0	13	17	139	143	5.2	16.1
Seq1648_58_bp_1_2_0	AAA36565.1	42.86	7	4	0	8	14	127	133	5.4	14.9
Seq1648_58_bp_1_2_0	AAA26915.1	37.50	8	5	0	2	9	428	435	6.4	16.1
Seq1648_58_bp_1_2_0	ABD33854.1	50.00	4	2	0	9	12	44	47	7.2	13.0
Seq1648_58_bp_1_2_0	AAA23282.1	100.00	3	0	0	16	18	375	377	7.7	16.1
Seq1648_58_bp_1_2_0	ACT10338.1	50.00	13	5	3	5	17	294	303	8.1	15.5
Seq1648_58_bp_1_2_0	EDO47375.1	100.00	3	0	0	9	11	129	131	9	14.3
Seq1648_58_bp_1_2_0	ABL74574.1	50.00	8	4	0	1	8	115	122	9.1	14.9
Seq1648_58_bp_1_2_0	AAA25966.1	57.14	7	3	0	3	9	212	218	9.7	16.1
Seq1648_58_bp_-1_0_0	AAB96524.1	45.45	11	6	0	6	16	4	14	2.9	16.1
Seq1648_58_bp_-1_0_0	BAB70780.1	42.86	7	4	0	13	19	435	441	7.2	16.1
Seq1648_58_bp_-1_0_0	AAR31603.1	27.27	11	8	0	3	13	161	171	7.3	15.5
Seq1648_58_bp_-1_0_0	BAB79260.1	62.50	8	3	0	12	19	67	74	9.8	15.5
Seq1648_58_bp_-1_1_0	AAQ92751.2	40.00	10	6	0	1	10	781	790	1.5	19.9
Seq1648_58_bp_-1_1_0	BAA32991.1	60.00	5	2	0	10	14	25	29	1.6	15.5
Seq1648_58_bp_-1_1_0	AAA25966.1	33.33	12	8	0	1	12	368	379	2.4	18.3
Seq1648_58_bp_-1_1_0	AAA45888.1	37.50	8	5	0	6	13	131	138	4	16.6
Seq1648_58_bp_-1_1_0	AAA26915.1	42.86	7	4	0	1	7	273	279	4.8	16.6
Seq1648_58_bp_-1_1_0	AAA65607.1	60.00	12	4	2	2	11	113	124	5.5	16.1
Seq1648_58_bp_-1_1_0	AAA36565.1	33.33	9	6	0	6	14	71	79	7.7	14.4
Seq1648_58_bp_-1_1_0	BAA32018.1	42.86	7	4	0	10	16	1	7	9.1	16.1
Seq1648_58_bp_-1_1_0	AII71783.1	75.00	4	1	0	10	13	229	232	9.5	15.0
Seq1648_58_bp_-1_2_0	AAQ92751.2	72.73	12	3	1	7	18	1194	1204	0.49	21.5
Seq1648_58_bp_-1_2_0	AIR13712.1	50.00	10	5	0	5	14	187	196	1.5	17.7
Seq1648_58_bp_-1_2_0	AAA26915.1	36.36	11	7	0	5	15	124	134	2.2	17.7
Seq1648_58_bp_-1_2_0	CAA26230.1	35.71	16	9	2	1	16	223	236	4	17.1
Seq1648_58_bp_-1_2_0	AAA23282.1	33.33	9	6	0	10	18	244	252	4	17.1
Seq1648_58_bp_-1_2_0	CAA73529.1	33.33	6	4	0	10	15	204	209	4.6	15.9
Seq1648_58_bp_-1_2_0	AAC97205.1	26.67	15	11	0	3	17	966	980	5.6	17.7
Seq1648_58_bp_-1_2_0	AAX84812.1	62.50	8	3	0	3	10	35	42	5.9	15.2
Seq1648_58_bp_-1_2_0	AAB03707.1	36.36	11	7	0	8	18	670	680	6.2	17.7
Seq1648_58_bp_-1_2_0	BAA32991.1	50.00	8	4	0	8	15	25	32	6.4	13.4
Seq1648_58_bp_-1_2_0	AAA32624.1	30.77	13	9	0	3	15	186	198	8.4	15.9
