Seq5637_199_bp_1_0_0	ENA|AAC08817|AAC08817.1	29.63	27	19	0	4	30	118	144	4.2	17.1
Seq5637_199_bp_1_0_0	ENA|AAB66912|AAB66912.1	31.82	22	15	0	26	47	547	568	6.2	19.0
Seq5637_199_bp_1_0_0	ENA|AAA36539|AAA36539.1	71.43	7	2	0	35	41	351	357	6.3	18.1
Seq5637_199_bp_1_0_0	ENA|CAA26023|CAA26023.1	36.84	21	12	2	30	50	190	208	7.1	17.6
Seq5637_199_bp_1_0_0	ENA|BAA32018|BAA32018.1	31.25	16	11	0	39	54	376	391	8.1	18.1
Seq5637_199_bp_1_0_0	ENA|ABK71357|ABK71357.1	44.44	9	5	0	22	30	49	57	9.4	17.1
Seq5637_199_bp_1_1_0	ENA|AAB96524|AAB96524.1	33.33	12	8	0	28	39	58	69	0.93	19.2
Seq5637_199_bp_1_1_0	ENA|CAA26939|CAA26939.1	57.14	7	3	0	29	35	401	407	1.4	20.3
Seq5637_199_bp_1_1_0	ENA|AAB66912|AAB66912.1	60.00	10	4	0	7	16	478	487	1.5	20.8
Seq5637_199_bp_1_1_0	ENA|BAB17681|BAB17681.1	80.00	5	1	0	31	35	218	222	2	18.7
Seq5637_199_bp_1_1_0	ENA|AAR37016|AAR37016.1	35.00	21	13	1	25	44	958	978	2.6	21.4
Seq5637_199_bp_1_1_0	ENA|ABD49687|ABD49687.1	42.86	25	12	4	9	32	1653	1674	2.8	20.8
Seq5637_199_bp_1_1_0	ENA|AAA18786|AAA18786.1	33.33	9	6	0	30	38	39	47	4	17.6
Seq5637_199_bp_1_1_0	ENA|AAI27517|AAI27517.1	50.00	14	7	0	1	14	297	310	4.2	18.7
Seq5637_199_bp_1_1_0	ENA|CAA29968|CAA29968.1	50.00	10	5	0	41	50	82	91	4.2	17.1
Seq5637_199_bp_1_1_0	ENA|AAC08817|AAC08817.1	100.00	4	0	0	6	9	79	82	4.9	16.5
Seq5637_199_bp_1_1_0	ENA|AAB26998|AAB26998.1	42.86	7	4	0	7	13	28	34	5.2	15.4
Seq5637_199_bp_1_1_0	ENA|ABD33854|ABD33854.1	25.00	12	9	0	5	16	32	43	6.1	14.9
Seq5637_199_bp_1_1_0	ENA|AAA32624|AAA32624.1	35.29	17	11	0	35	51	169	185	7.6	17.6
Seq5637_199_bp_1_1_0	ENA|ABK71357|ABK71357.1	46.15	13	7	0	5	17	336	348	7.8	17.1
Seq5637_199_bp_1_1_0	ENA|CAA26023|CAA26023.1	27.27	22	16	0	32	53	39	60	8	17.1
Seq5637_199_bp_1_1_0	ENA|AAA24145|AAA24145.1	40.00	10	6	0	1	10	190	199	9.5	17.1
Seq5637_199_bp_1_2_0	ENA|AAC97205|AAC97205.1	100.00	65	0	0	1	65	885	949	1.4e-50	187.7
Seq5637_199_bp_1_2_0	ENA|BAA32018|BAA32018.1	46.67	15	8	0	46	60	311	325	0.67	21.7
Seq5637_199_bp_1_2_0	ENA|AAA24145|AAA24145.1	33.33	19	12	1	29	47	20	37	1.3	20.3
Seq5637_199_bp_1_2_0	ENA|AAA25966|AAA25966.1	42.86	7	4	0	15	21	314	320	2.1	20.3
Seq5637_199_bp_1_2_0	ENA|AAC17860|AAC17860.1	58.33	13	5	1	3	15	307	318	2.3	19.3
Seq5637_199_bp_1_2_0	ENA|ABN10845|ABN10845.1	42.86	7	4	0	4	10	65	71	2.4	18.3
Seq5637_199_bp_1_2_0	ENA|AAS77176|AAS77176.1	46.15	13	7	0	34	46	35	47	4.4	17.9
Seq5637_199_bp_1_2_0	ENA|CAA45199|CAA45199.1	54.55	12	5	1	10	20	210	221	5.1	18.3
Seq5637_199_bp_1_2_0	ENA|BAA32956|BAA32956.1	33.33	15	10	0	43	57	158	172	6.1	16.9
Seq5637_199_bp_1_2_0	ENA|CAA26939|CAA26939.1	61.54	16	5	3	5	17	143	158	8.3	17.9
Seq5637_199_bp_1_2_0	ENA|AAB66912|AAB66912.1	33.33	21	14	0	21	41	179	199	9.6	18.3
Seq5637_199_bp_-1_0_0	ENA|BAB17681|BAB17681.1	44.44	9	5	0	6	14	31	39	0.15	20.5
Seq5637_199_bp_-1_0_0	ENA|ABD49687|ABD49687.1	50.00	8	4	0	6	13	1198	1205	0.41	21.7
Seq5637_199_bp_-1_0_0	ENA|AAB66912|AAB66912.1	40.00	10	6	0	3	12	806	815	1.8	18.6
Seq5637_199_bp_-1_0_0	ENA|CAA26939|CAA26939.1	33.33	12	8	0	3	14	354	365	2.5	17.4
Seq5637_199_bp_-1_0_0	ENA|AAA25966|AAA25966.1	40.00	10	6	0	4	13	339	348	4.8	16.8
Seq5637_199_bp_-1_0_0	ENA|ABD33854|ABD33854.1	60.00	5	2	0	8	12	40	44	5.1	13.2
Seq5637_199_bp_-1_0_0	ENA|BAA32018|BAA32018.1	80.00	5	1	0	9	13	167	171	6.2	16.2
Seq5637_199_bp_-1_0_0	ENA|BAA05866|BAA05866.1	18.18	11	9	0	1	11	137	147	7	15.0
Seq5637_199_bp_-1_0_0	ENA|BAA32956|BAA32956.1	33.33	9	6	0	4	12	171	179	7.2	14.4
Seq5637_199_bp_-1_0_0	ENA|ACH70901|ACH70901.1	50.00	6	3	0	3	8	331	336	8.1	15.0
Seq5637_199_bp_-1_0_0	ENA|CAL82360|CAL82360.1	45.45	11	6	0	4	14	977	987	8.2	16.8
Seq5637_199_bp_-1_0_0	ENA|CAA28033|CAA28033.1	36.36	11	7	0	4	14	994	1004	8.3	16.8
Seq5637_199_bp_-1_0_0	ENA|AAB03707|AAB03707.1	25.00	12	9	0	2	13	667	678	8.7	16.8
Seq5637_199_bp_-1_0_0	ENA|AAA18786|AAA18786.1	50.00	6	3	0	9	14	86	91	9	14.4
Seq5637_199_bp_-1_0_1	ENA|AAC40132|AAC40132.1	55.56	9	4	0	23	31	388	396	5.4	17.4
Seq5637_199_bp_-1_0_1	ENA|AAA36114|AAA36114.1	71.43	7	2	0	23	29	424	430	5.7	17.4
Seq5637_199_bp_-1_0_1	ENA|ABD49687|ABD49687.1	57.14	7	3	0	29	35	1334	1340	9.2	18.4
Seq5637_199_bp_-1_1_0	ENA|AAB96524|AAB96524.1	37.50	8	5	0	2	9	157	164	4.4	14.5
Seq5637_199_bp_-1_1_0	ENA|AAC78721|AAC78721.1	50.00	8	4	0	2	9	82	89	5.1	16.1
Seq5637_199_bp_-1_1_0	ENA|AAA25966|AAA25966.1	60.00	5	2	0	1	5	157	161	5.5	16.1
Seq5637_199_bp_-1_1_0	ENA|CAA29956|CAA29956.1	60.00	5	2	0	1	5	32	36	8.6	14.5
Seq5637_199_bp_-1_1_0	ENA|CAA26023|CAA26023.1	71.43	8	2	1	1	8	185	191	8.7	14.5
Seq5637_199_bp_-1_1_0	ENA|CAA26939|CAA26939.1	80.00	5	1	0	1	5	188	192	8.9	15.1
Seq5637_199_bp_-1_1_0	ENA|CAA73529|CAA73529.1	100.00	3	0	0	1	3	198	200	9.1	14.0
Seq5637_199_bp_-1_1_0	ENA|BAA32018|BAA32018.1	100.00	4	0	0	2	5	163	166	9.7	15.1
Seq5637_199_bp_-1_1_1	ENA|BAA32956|BAA32956.1	54.55	11	5	0	39	49	95	105	0.64	20.0
Seq5637_199_bp_-1_1_1	ENA|ABD33854|ABD33854.1	40.00	10	6	0	12	21	3	12	6.3	14.9
Seq5637_199_bp_-1_1_1	ENA|ABD49687|ABD49687.1	46.15	13	7	0	34	46	1664	1676	9.2	19.0
Seq5637_199_bp_-1_1_1	ENA|AAA36539|AAA36539.1	57.14	7	3	0	9	15	60	66	9.2	17.2
Seq5637_199_bp_-1_1_1	ENA|CAA28033|CAA28033.1	60.00	10	4	0	1	10	431	440	9.6	18.6
Seq5637_199_bp_-1_2_0	ENA|BAA32956|BAA32956.1	33.33	12	8	0	15	26	21	32	0.3	21.1
Seq5637_199_bp_-1_2_0	ENA|AAS77176|AAS77176.1	34.78	24	15	1	23	46	254	276	4.3	17.7
Seq5637_199_bp_-1_2_0	ENA|AAA24145|AAA24145.1	62.50	8	3	0	17	24	52	59	4.9	18.2
