Seq5576_158_bp_1_0_0	AAR31603.1	44.44	9	5	0	1	9	122	130	6.3	16.0
Seq5576_158_bp_1_0_0	CAA11507.1	50.00	10	5	0	8	17	361	370	6.4	18.0
Seq5576_158_bp_1_0_0	CAA45199.1	57.14	7	3	0	3	9	410	416	8.8	16.0
Seq5576_158_bp_1_0_1	ABN10845.1	40.00	5	3	0	2	6	108	112	0.48	18.5
Seq5576_158_bp_1_0_1	CAA43372.1	71.43	7	2	0	6	12	302	308	3.9	16.3
Seq5576_158_bp_1_0_1	BAA32018.1	80.00	5	1	0	6	10	50	54	4.1	16.9
Seq5576_158_bp_1_0_1	ABG75784.1	50.00	6	3	0	5	10	308	313	4.3	15.8
Seq5576_158_bp_1_0_1	AAA26915.1	50.00	6	3	0	2	7	435	440	4.4	16.3
Seq5576_158_bp_1_0_1	AAB26998.1	50.00	4	2	0	4	7	54	57	4.7	13.7
Seq5576_158_bp_1_0_1	ACH70904.1	20.00	10	8	0	3	12	296	305	4.9	15.8
Seq5576_158_bp_1_0_1	AAA32624.1	100.00	3	0	0	3	5	514	516	4.9	16.3
Seq5576_158_bp_1_0_1	AAC08817.1	60.00	5	2	0	2	6	5	9	6.6	14.2
Seq5576_158_bp_1_0_1	AAA45888.1	100.00	2	0	0	2	3	164	165	7.3	15.3
Seq5576_158_bp_1_0_1	AAA25966.1	75.00	4	1	0	3	6	496	499	9.4	15.8
Seq5576_158_bp_1_1_0	AAC78721.1	100.00	52	0	0	1	52	518	569	2.5e-27	109.3
Seq5576_158_bp_1_1_0	CAA74140.1	63.64	11	4	0	3	13	789	799	0.3	23.2
Seq5576_158_bp_1_1_0	AAR31603.1	46.67	15	8	0	2	16	45	59	3.1	18.2
Seq5576_158_bp_1_1_0	AEE27845.1	42.11	19	11	0	30	48	563	581	3.3	20.2
Seq5576_158_bp_1_1_0	BAB70780.1	23.53	34	26	0	1	34	50	83	4.5	18.2
Seq5576_158_bp_1_1_0	ABG75784.1	25.00	20	15	0	28	47	249	268	5.7	17.3
Seq5576_158_bp_1_1_0	AAA36565.1	46.67	15	8	0	2	16	111	125	8.2	15.8
Seq5576_158_bp_1_1_0	AAF01122.1	20.83	24	19	0	13	36	176	199	9.3	16.8
Seq5576_158_bp_1_2_0	AAB26998.1	72.73	11	3	0	19	29	4	14	0.0029	25.5
Seq5576_158_bp_1_2_0	AAA45888.1	45.45	11	6	0	19	29	88	98	0.06	23.4
Seq5576_158_bp_1_2_0	BAA32956.1	26.09	23	17	0	6	28	100	122	0.41	19.8
Seq5576_158_bp_1_2_0	AAA25966.1	53.85	13	6	0	8	20	278	290	0.68	20.8
Seq5576_158_bp_1_2_0	CAA26230.1	31.25	16	11	0	1	16	335	350	0.75	20.3
Seq5576_158_bp_1_2_0	AAR31603.1	36.84	19	12	0	7	25	294	312	1.3	18.7
Seq5576_158_bp_1_2_0	AAB64315.2	50.00	10	5	0	20	29	48	57	5.3	16.6
Seq5576_158_bp_1_2_0	AAQ92751.2	25.00	12	9	0	5	16	547	558	5.3	18.7
Seq5576_158_bp_1_2_0	AAA32376.1	66.67	6	2	0	20	25	110	115	5.6	15.6
Seq5576_158_bp_1_2_0	AAA32624.1	57.14	7	3	0	1	7	509	515	5.8	17.2
Seq5576_158_bp_1_2_0	ABD33854.1	40.00	10	6	0	18	27	8	17	6.1	14.1
Seq5576_158_bp_1_2_0	ABD49687.1	85.71	7	1	0	19	25	1572	1578	6.4	18.7
Seq5576_158_bp_1_2_0	ABN10845.1	60.00	5	2	0	5	9	56	60	7	15.6
Seq5576_158_bp_1_2_1	AAB64315.2	13.33	15	13	0	1	15	119	133	0.96	18.5
Seq5576_158_bp_1_2_1	AAA24142.1	28.57	14	10	0	4	17	7	20	2.9	17.4
Seq5576_158_bp_1_2_1	BAB79260.1	42.86	7	4	0	4	10	201	207	2.9	17.4
Seq5576_158_bp_1_2_1	AAA72732.1	7.69	13	12	0	6	18	258	270	4.3	16.2
Seq5576_158_bp_1_2_1	AAC78721.1	33.33	9	6	0	11	19	598	606	6.2	16.8
Seq5576_158_bp_1_2_1	AAF01122.1	25.00	8	6	0	4	11	292	299	7.5	15.6
Seq5576_158_bp_1_2_1	AAA32376.1	44.44	9	5	0	5	13	110	118	7.6	14.5
Seq5576_158_bp_1_2_1	ABS38337.1	23.53	17	13	0	2	18	1012	1028	7.8	17.4
Seq5576_158_bp_1_2_1	CAA11507.1	50.00	6	3	0	1	6	270	275	8.2	17.4
Seq5576_158_bp_1_2_1	CAA74140.1	26.67	15	11	0	5	19	158	172	8.4	16.8
Seq5576_158_bp_-1_0_0	AAA72732.1	44.44	9	5	0	5	13	260	268	0.19	20.3
Seq5576_158_bp_-1_0_0	BAA32956.1	100.00	3	0	0	2	4	89	91	0.49	18.4
Seq5576_158_bp_-1_0_0	AAA45888.1	100.00	4	0	0	4	7	173	176	0.57	19.0
Seq5576_158_bp_-1_0_0	BAA32991.1	50.00	6	3	0	9	14	6	11	0.91	15.9
Seq5576_158_bp_-1_0_0	AAR37016.1	66.67	6	2	0	9	14	289	294	0.94	20.9
Seq5576_158_bp_-1_0_0	ABL74574.1	57.14	7	3	0	2	8	156	162	1.6	17.1
Seq5576_158_bp_-1_0_0	ABN10845.1	66.67	6	2	0	1	6	51	56	1.8	16.5
Seq5576_158_bp_-1_0_0	BAA32018.1	60.00	5	2	0	5	9	407	411	2.2	17.8
Seq5576_158_bp_-1_0_0	AAA24969.1	57.14	7	3	0	4	10	302	308	2.2	19.0
Seq5576_158_bp_-1_0_0	AAA18786.1	50.00	6	3	0	2	7	185	190	3.5	15.9
Seq5576_158_bp_-1_0_0	CAA73529.1	60.00	5	2	0	6	10	188	192	3.6	15.9
Seq5576_158_bp_-1_0_0	AAB96524.1	60.00	5	2	0	1	5	131	135	3.7	15.2
Seq5576_158_bp_-1_0_0	EDO47375.1	66.67	6	2	0	7	12	165	170	3.8	15.2
Seq5576_158_bp_-1_0_0	CAA45199.1	100.00	3	0	0	8	10	83	85	3.9	16.5
Seq5576_158_bp_-1_0_0	ABG75784.1	50.00	8	4	0	5	12	302	309	4	15.9
Seq5576_158_bp_-1_0_0	AAB64315.2	100.00	3	0	0	4	6	47	49	4.2	15.9
Seq5576_158_bp_-1_0_0	AAA42531.1	50.00	6	3	0	6	11	179	184	5	15.9
Seq5576_158_bp_-1_0_0	AAB26998.1	66.67	6	2	0	3	8	27	32	5.8	13.3
Seq5576_158_bp_-1_0_0	CAD53387.1	100.00	3	0	0	4	6	477	479	6.4	15.9
Seq5576_158_bp_-1_0_0	AAA23282.1	66.67	3	1	0	3	5	127	129	7.1	15.9
Seq5576_158_bp_-1_0_0	AAA65607.1	50.00	6	3	0	3	8	244	249	7.2	15.2
Seq5576_158_bp_-1_0_0	AAQ92751.2	28.57	7	5	0	7	13	320	326	7.2	17.1
Seq5576_158_bp_-1_0_0	AAA36565.1	33.33	6	4	0	5	10	51	56	7.8	14.0
Seq5576_158_bp_-1_0_0	CAA43372.1	60.00	5	2	0	10	14	287	291	8	15.2
Seq5576_158_bp_-1_0_0	BAB79260.1	50.00	4	2	0	4	7	201	204	8.7	15.2
Seq5576_158_bp_-1_0_0	AAA25966.1	100.00	4	0	0	10	13	170	173	8.9	15.9
Seq5576_158_bp_-1_0_0	AAH69556.1	25.00	8	6	0	5	12	284	291	9	14.6
Seq5576_158_bp_-1_0_0	AAR31603.1	37.50	8	5	0	2	9	80	87	9.7	14.6
Seq5576_158_bp_-1_0_1	ABN10845.1	66.67	6	2	0	10	15	53	58	0.033	22.6
Seq5576_158_bp_-1_0_1	AAA25966.1	30.00	10	7	0	6	15	678	687	1.1	19.3
Seq5576_158_bp_-1_0_1	AAI27517.1	27.27	11	8	0	4	14	441	451	1.3	18.7
Seq5576_158_bp_-1_0_1	AAA32624.1	38.46	14	8	1	4	17	505	517	1.7	18.1
Seq5576_158_bp_-1_0_1	ABK71357.1	50.00	4	2	0	14	17	141	144	2.7	17.0
Seq5576_158_bp_-1_0_1	BAA32018.1	80.00	5	1	0	9	13	2	6	3	17.6
Seq5576_158_bp_-1_0_1	AAR37016.1	71.43	7	2	0	6	12	1583	1589	5.1	18.7
Seq5576_158_bp_-1_0_1	ACH70904.1	45.45	11	6	0	3	13	288	298	7.8	15.3
Seq5576_158_bp_-1_0_1	BAA32956.1	50.00	4	2	0	14	17	26	29	9.8	14.2
Seq5576_158_bp_-1_1_0	ABK71357.1	50.00	10	5	0	8	17	19	28	0.07	22.5
Seq5576_158_bp_-1_1_0	AAX12058.1	44.44	9	5	0	10	18	121	129	0.077	21.9
Seq5576_158_bp_-1_1_0	AAR37016.1	100.00	4	0	0	4	7	74	77	0.29	23.1
Seq5576_158_bp_-1_1_0	AAX84812.1	66.67	6	2	0	1	6	103	108	0.33	19.5
Seq5576_158_bp_-1_1_0	CAA04196.1	25.00	12	9	0	1	12	22	33	0.6	19.5
Seq5576_158_bp_-1_1_0	ABS38337.1	50.00	8	4	0	3	10	1278	1285	0.82	20.7
Seq5576_158_bp_-1_1_0	BAA32956.1	20.00	10	8	0	6	15	90	99	1.5	17.2
Seq5576_158_bp_-1_1_0	AEE27845.1	23.08	13	10	0	4	16	1021	1033	2	19.5
Seq5576_158_bp_-1_1_0	AAA72732.1	44.44	9	5	0	10	18	5	13	2.3	17.2
Seq5576_158_bp_-1_1_0	CAA26230.1	22.22	9	7	0	8	16	311	319	2.7	17.8
Seq5576_158_bp_-1_1_0	AAA32376.1	66.67	6	2	0	12	17	50	55	2.8	16.0
Seq5576_158_bp_-1_1_0	CAA74140.1	55.56	9	4	0	10	18	88	96	3	18.3
Seq5576_158_bp_-1_1_0	AII71783.1	42.86	7	4	0	1	7	150	156	3.3	16.6
Seq5576_158_bp_-1_1_0	ABD49687.1	50.00	10	5	0	10	19	61	70	3.6	18.9
Seq5576_158_bp_-1_1_0	ACT10338.1	46.15	14	7	1	7	19	119	132	4.2	16.6
Seq5576_158_bp_-1_1_0	ABD33854.1	60.00	5	2	0	5	9	47	51	5.2	13.6
Seq5576_158_bp_-1_1_0	AAA36565.1	50.00	4	2	0	3	6	162	165	6	14.8
Seq5576_158_bp_-1_1_0	BAB79260.1	33.33	9	6	0	9	17	67	75	7.1	16.0
Seq5576_158_bp_-1_1_0	AAR31603.1	42.86	7	4	0	7	13	152	158	7.7	15.4
Seq5576_158_bp_-1_1_0	BAA32991.1	100.00	2	0	0	5	6	59	60	8.2	13.0
Seq5576_158_bp_-1_1_0	AAC97205.1	50.00	6	3	0	1	6	866	871	8.5	17.2
Seq5576_158_bp_-1_1_1	AAR31603.1	30.00	20	14	0	13	32	78	97	0.4	20.5
Seq5576_158_bp_-1_1_1	BAA32956.1	44.44	9	5	0	14	22	128	136	0.77	18.9
Seq5576_158_bp_-1_1_1	AAR37016.1	50.00	10	5	0	8	17	196	205	1.3	21.6
Seq5576_158_bp_-1_1_1	BAA32018.1	55.56	9	4	0	1	9	92	100	1.6	19.5
Seq5576_158_bp_-1_1_1	AAH69556.1	50.00	10	5	0	6	15	65	74	4.7	16.8
Seq5576_158_bp_-1_1_1	BAB79260.1	50.00	8	4	0	14	21	439	446	4.9	17.3
Seq5576_158_bp_-1_1_1	AAA26915.1	44.44	19	10	1	7	24	412	430	5	17.3
Seq5576_158_bp_-1_1_1	AAF01122.1	25.00	16	12	0	1	16	149	164	5.8	16.8
Seq5576_158_bp_-1_1_1	AAA45888.1	100.00	4	0	0	15	18	171	174	5.9	16.8
Seq5576_158_bp_-1_1_1	ABG75784.1	21.05	19	15	0	4	22	105	123	9.7	15.7
Seq5576_158_bp_-1_1_1	AAC78721.1	33.33	27	18	0	6	32	519	545	10	16.8
Seq5576_158_bp_-1_2_0	CAA26230.1	27.27	22	16	0	31	52	386	407	0.7	21.2
Seq5576_158_bp_-1_2_0	AAC78721.1	25.93	27	20	0	20	46	520	546	0.84	21.2
Seq5576_158_bp_-1_2_0	AAA72732.1	42.86	14	8	0	38	51	299	312	1.5	19.2
Seq5576_158_bp_-1_2_0	AAR37016.1	35.00	20	13	0	22	41	228	247	2.9	21.2
Seq5576_158_bp_-1_2_0	AII71783.1	53.85	13	6	0	23	35	36	48	3	18.2
Seq5576_158_bp_-1_2_0	AAA32624.1	18.18	22	18	0	31	52	349	370	5	18.2
Seq5576_158_bp_-1_2_0	ABN10845.1	27.78	18	13	0	1	18	71	88	5.9	16.7
Seq5576_158_bp_-1_2_0	AAC08817.1	29.41	17	12	0	34	50	102	118	6.3	16.2
Seq5576_158_bp_-1_2_0	CAA11507.1	15.38	39	33	0	13	51	465	503	6.5	19.2
Seq5576_158_bp_-1_2_0	AAQ92751.2	30.30	33	23	0	1	33	385	417	6.5	19.2
Seq5576_158_bp_-1_2_0	ABG75784.1	55.56	9	4	0	30	38	162	170	8.3	16.7
Seq5576_158_bp_-1_2_0	AAR31603.1	30.43	23	16	0	1	23	294	316	8.7	16.7
Seq5576_158_bp_-1_2_0	AAB96524.1	80.00	5	1	0	35	39	59	63	9.7	15.7
Seq5576_158_bp_-1_2_0	AAA18786.1	35.71	14	9	0	18	31	233	246	9.9	16.2
