Seq613_97_bp_1_0_0	ENA|AAA42531|AAA42531.1	100.00	32	0	0	1	32	226	257	1.1e-24	99.0
Seq613_97_bp_1_0_0	ENA|AAA72732|AAA72732.1	53.85	13	6	0	10	22	15	27	0.18	21.6
Seq613_97_bp_1_0_0	ENA|AAF79734|AAF79734.1	31.25	16	11	0	12	27	459	474	1.2	21.0
Seq613_97_bp_1_0_0	ENA|AAB03707|AAB03707.1	66.67	9	3	0	22	30	793	801	1.8	20.4
Seq613_97_bp_1_0_0	ENA|CCP43727|CCP43727.1	57.14	7	3	0	15	21	242	248	2.1	18.1
Seq613_97_bp_1_0_0	ENA|AAI27517|AAI27517.1	63.64	11	4	0	2	12	484	494	2.5	18.7
Seq613_97_bp_1_0_0	ENA|CAA11507|CAA11507.1	23.53	17	13	0	6	22	259	275	2.6	19.9
Seq613_97_bp_1_0_0	ENA|ABD33854|ABD33854.1	50.00	8	4	0	8	15	17	24	3	15.2
Seq613_97_bp_1_0_0	ENA|AAA25966|AAA25966.1	31.58	19	13	0	13	31	157	175	3.1	18.7
Seq613_97_bp_1_0_0	ENA|CAA43419|CAA43419.1	35.71	14	9	0	10	23	25	38	3.5	17.5
Seq613_97_bp_1_0_0	ENA|CAA28033|CAA28033.1	50.00	10	5	0	13	22	943	952	3.7	19.3
Seq613_97_bp_1_0_0	ENA|BAA05866|BAA05866.1	62.50	8	3	0	10	17	222	229	4.3	16.9
Seq613_97_bp_1_0_0	ENA|AAC08817|AAC08817.1	41.67	12	7	0	1	12	96	107	4.9	15.8
Seq613_97_bp_1_0_0	ENA|CAA24711|CAA24711.1	45.45	11	6	0	9	19	153	163	5.4	15.8
Seq613_97_bp_1_0_0	ENA|CAA73529|CAA73529.1	33.33	22	14	1	2	22	101	122	5.7	16.4
Seq613_97_bp_1_0_0	ENA|CAA45199|CAA45199.1	41.67	12	7	0	10	21	107	118	6.5	16.9
Seq613_97_bp_1_0_0	ENA|CAL82360|CAL82360.1	62.50	8	3	0	20	27	985	992	7.8	18.1
Seq613_97_bp_1_0_0	ENA|CAA45708|CAA45708.1	41.18	17	10	0	9	25	272	288	9.1	18.1
Seq613_97_bp_1_0_0	ENA|AAR31603|AAR31603.1	31.58	19	13	0	10	28	124	142	9.8	15.8
Seq613_97_bp_1_1_0	ENA|BAB17681|BAB17681.1	66.67	9	3	0	9	17	71	79	0.062	22.9
Seq613_97_bp_1_1_0	ENA|BAA32956|BAA32956.1	57.14	7	3	0	16	22	130	136	0.76	18.9
Seq613_97_bp_1_1_0	ENA|AAB26998|AAB26998.1	66.67	6	2	0	3	8	14	19	1.4	16.6
Seq613_97_bp_1_1_0	ENA|AAA25966|AAA25966.1	33.33	15	10	0	2	16	323	337	1.7	19.4
Seq613_97_bp_1_1_0	ENA|AAA24145|AAA24145.1	62.50	8	3	0	4	11	440	447	5.2	17.1
Seq613_97_bp_1_1_0	ENA|AAR37016|AAR37016.1	53.85	17	6	4	3	19	1578	1590	7.9	18.9
Seq613_97_bp_1_1_0	ENA|AAC08817|AAC08817.1	75.00	4	1	0	3	6	84	87	8.4	14.9
Seq613_97_bp_1_1_0	ENA|AAC26660|AAC26660.1	38.46	13	8	0	14	26	214	226	9.2	15.4
Seq613_97_bp_1_1_0	ENA|CAA26023|CAA26023.1	40.00	10	6	0	12	21	118	127	9.3	16.0
Seq613_97_bp_1_2_0	ENA|AAR31603|AAR31603.1	44.44	9	5	0	11	19	82	90	0.55	19.8
Seq613_97_bp_1_2_0	ENA|AAA24145|AAA24145.1	54.55	11	5	0	8	18	371	381	0.76	19.8
Seq613_97_bp_1_2_0	ENA|AAB96524|AAB96524.1	30.77	13	9	0	5	17	167	179	1.2	17.8
Seq613_97_bp_1_2_0	ENA|BAA32956|BAA32956.1	44.44	9	5	0	14	22	75	83	1.4	17.8
Seq613_97_bp_1_2_0	ENA|AAC49865|AAC49865.1	33.33	12	8	0	4	15	120	131	3	17.3
Seq613_97_bp_1_2_0	ENA|ABD33854|ABD33854.1	100.00	3	0	0	14	16	59	61	4.6	14.3
Seq613_97_bp_1_2_0	ENA|AAA36114|AAA36114.1	33.33	12	8	0	11	22	90	101	4.6	17.3
Seq613_97_bp_1_2_0	ENA|AAA18786|AAA18786.1	57.14	7	3	0	3	9	38	44	6.7	15.8
Seq613_97_bp_1_2_0	ENA|AAI27517|AAI27517.1	55.56	9	4	0	18	26	504	512	7.3	16.8
Seq613_97_bp_1_2_0	ENA|CAA29956|CAA29956.1	41.67	12	7	0	11	22	141	152	9.2	15.8
Seq613_97_bp_1_2_0	ENA|CAA73529|CAA73529.1	36.36	11	7	0	7	17	206	216	9.4	15.3
Seq613_97_bp_-1_0_0	ENA|BAA36759|BAA36759.1	83.33	6	1	0	3	8	113	118	1.1	18.1
Seq613_97_bp_-1_0_0	ENA|EDO47375|EDO47375.1	55.56	9	4	0	3	11	152	160	2.4	16.4
Seq613_97_bp_-1_1_0	ENA|BAB17681|BAB17681.1	38.10	23	13	2	8	28	37	59	0.52	19.9
Seq613_97_bp_-1_1_0	ENA|CAA11507|CAA11507.1	36.84	19	12	0	10	28	269	287	0.84	21.5
Seq613_97_bp_-1_1_0	ENA|CAA45708|CAA45708.1	50.00	14	7	0	14	27	1297	1310	1.4	21.0
Seq613_97_bp_-1_1_0	ENA|AAC17860|AAC17860.1	66.67	14	4	2	21	32	144	157	1.6	18.8
Seq613_97_bp_-1_1_0	ENA|ABD49687|ABD49687.1	54.55	11	5	0	3	13	1358	1368	2.2	20.4
Seq613_97_bp_-1_1_0	ENA|AAR37016|AAR37016.1	35.00	20	13	0	8	27	2021	2040	3	20.4
Seq613_97_bp_-1_1_0	ENA|BAA32018|BAA32018.1	42.86	14	8	0	18	31	562	575	3.6	18.3
Seq613_97_bp_-1_1_0	ENA|AAB03707|AAB03707.1	33.33	12	8	0	11	22	254	265	3.7	19.3
Seq613_97_bp_-1_1_0	ENA|AAA32624|AAA32624.1	46.15	13	7	0	14	26	477	489	6.1	17.2
Seq613_97_bp_-1_1_0	ENA|AAC40132|AAC40132.1	41.67	12	7	0	21	32	458	469	7.9	16.6
Seq613_97_bp_-1_1_0	ENA|AAR31603|AAR31603.1	50.00	6	3	0	4	9	78	83	8	16.1
Seq613_97_bp_-1_1_0	ENA|AAC08817|AAC08817.1	50.00	8	4	0	20	27	143	150	8	15.0
Seq613_97_bp_-1_1_0	ENA|AAA18786|AAA18786.1	37.50	8	5	0	3	10	182	189	9.3	15.6
Seq613_97_bp_-1_1_0	ENA|AAA42531|AAA42531.1	33.33	9	6	0	13	21	281	289	9.3	16.1
Seq613_97_bp_-1_1_0	ENA|AAC97205|AAC97205.1	23.81	21	16	0	11	31	556	576	9.6	17.7
Seq613_97_bp_-1_2_0	ENA|CAA45708|CAA45708.1	38.46	13	8	0	3	15	640	652	4.2	18.6
Seq613_97_bp_-1_2_0	ENA|ABD33854|ABD33854.1	80.00	5	1	0	15	19	7	11	4.8	13.7
Seq613_97_bp_-1_2_0	ENA|CAA45199|CAA45199.1	62.50	8	3	0	7	14	281	288	6.7	16.1
Seq613_97_bp_-1_2_0	ENA|ACT10338|ACT10338.1	50.00	8	4	0	10	17	132	139	8.2	15.5
Seq613_97_bp_-1_2_0	ENA|AAB03707|AAB03707.1	33.33	12	8	0	3	14	719	730	8.3	17.4
Seq613_97_bp_-1_2_0	ENA|AAB26998|AAB26998.1	75.00	4	1	0	8	11	71	74	8.7	13.1
Seq613_97_bp_-1_2_0	ENA|AAA24145|AAA24145.1	37.50	16	10	0	4	19	287	302	9.6	15.5
Seq613_97_bp_-1_2_1	ENA|AAS77176|AAS77176.1	30.00	10	7	0	1	10	232	241	0.44	18.7
Seq613_97_bp_-1_2_1	ENA|BAB79260|BAB79260.1	83.33	6	1	0	4	9	243	248	0.69	18.7
Seq613_97_bp_-1_2_1	ENA|AAI27517|AAI27517.1	40.00	10	6	0	2	11	294	303	0.9	18.7
Seq613_97_bp_-1_2_1	ENA|AAB26998|AAB26998.1	50.00	10	5	0	1	10	16	25	1	15.6
Seq613_97_bp_-1_2_1	ENA|AAC17860|AAC17860.1	36.36	11	7	0	1	11	66	76	1.1	17.9
Seq613_97_bp_-1_2_1	ENA|CAA45199|CAA45199.1	36.36	11	7	0	1	11	136	146	1.2	17.9
Seq613_97_bp_-1_2_1	ENA|AAF79734|AAF79734.1	100.00	4	0	0	3	6	193	196	1.3	19.4
Seq613_97_bp_-1_2_1	ENA|CAA28033|CAA28033.1	71.43	7	2	0	3	9	682	688	2	18.7
Seq613_97_bp_-1_2_1	ENA|AAR37016|AAR37016.1	80.00	5	1	0	4	8	757	761	2.1	19.4
Seq613_97_bp_-1_2_1	ENA|CAA36214|CAA36214.1	42.86	7	4	0	5	11	78	84	2.3	16.3
Seq613_97_bp_-1_2_1	ENA|AAC49865|AAC49865.1	50.00	6	3	0	5	10	74	79	2.5	16.3
Seq613_97_bp_-1_2_1	ENA|BAA32018|BAA32018.1	75.00	4	1	0	1	4	472	475	2.7	17.1
Seq613_97_bp_-1_2_1	ENA|AAC97205|AAC97205.1	57.14	7	3	0	3	9	771	777	3.2	17.9
Seq613_97_bp_-1_2_1	ENA|AAA25966|AAA25966.1	66.67	6	2	0	6	11	80	85	3.2	17.1
Seq613_97_bp_-1_2_1	ENA|AAC08817|AAC08817.1	75.00	4	1	0	2	5	22	25	3.4	14.8
Seq613_97_bp_-1_2_1	ENA|CAA24711|CAA24711.1	42.86	7	4	0	1	7	158	164	3.8	14.8
Seq613_97_bp_-1_2_1	ENA|AAA32624|AAA32624.1	33.33	9	6	0	3	11	39	47	3.9	16.3
Seq613_97_bp_-1_2_1	ENA|AAR31603|AAR31603.1	50.00	6	3	0	5	10	293	298	4.2	15.6
Seq613_97_bp_-1_2_1	ENA|CAA29968|CAA29968.1	80.00	5	1	0	7	11	177	181	4.2	14.8
Seq613_97_bp_-1_2_1	ENA|ABD49687|ABD49687.1	50.00	8	4	0	3	10	1682	1689	4.3	17.9
Seq613_97_bp_-1_2_1	ENA|AAA18786|AAA18786.1	75.00	4	1	0	3	6	77	80	5.7	14.8
Seq613_97_bp_-1_2_1	ENA|BAA36759|BAA36759.1	50.00	6	3	0	4	9	151	156	6.2	14.8
Seq613_97_bp_-1_2_1	ENA|AAB66912|AAB66912.1	66.67	6	2	0	2	7	655	660	6.7	16.3
Seq613_97_bp_-1_2_1	ENA|ABK71357|ABK71357.1	60.00	5	2	0	5	9	325	329	7.8	14.8
Seq613_97_bp_-1_2_1	ENA|AAC78721|AAC78721.1	54.55	12	5	1	1	11	160	171	8.2	15.6
Seq613_97_bp_-1_2_1	ENA|CAA36714|CAA36714.1	36.36	11	7	0	1	11	441	451	9.6	14.8
Seq613_97_bp_-1_2_1	ENA|AAB03707|AAB03707.1	50.00	8	4	0	4	11	233	240	9.7	16.3
