Seq8221_539_bp_1_0_0	ENA|AAA24145|AAA24145.1	100.00	105	0	0	1	105	361	465	1e-79	283.8
Seq8221_539_bp_1_0_0	ENA|AAA24145|AAA24145.1	38.46	29	16	3	59	87	87	112	0.37	22.8
Seq8221_539_bp_1_0_0	ENA|AAC40132|AAC40132.1	45.45	11	6	0	23	33	423	433	1.4	20.9
Seq8221_539_bp_1_0_0	ENA|AAC97205|AAC97205.1	33.33	37	24	1	17	52	94	130	2.6	21.4
Seq8221_539_bp_1_0_0	ENA|CAA29956|CAA29956.1	36.84	19	12	0	79	97	359	377	4.2	19.0
Seq8221_539_bp_1_0_0	ENA|AAA36114|AAA36114.1	46.15	13	7	0	85	97	399	411	5.6	19.0
Seq8221_539_bp_1_0_0	ENA|EDO47375|EDO47375.1	45.45	11	6	0	67	77	126	136	5.6	17.6
Seq8221_539_bp_1_0_0	ENA|BAA36759|BAA36759.1	50.00	10	5	0	94	103	58	67	6.1	18.0
Seq8221_539_bp_1_0_0	ENA|ACT10338|ACT10338.1	50.00	14	7	0	14	27	277	290	8.1	18.0
Seq8221_539_bp_1_1_0	ENA|AAR37016|AAR37016.1	54.17	26	11	2	28	51	380	405	0.093	27.1
Seq8221_539_bp_1_1_0	ENA|AAB26998|AAB26998.1	41.67	12	7	0	70	81	9	20	0.11	22.0
Seq8221_539_bp_1_1_0	ENA|AAB96524|AAB96524.1	32.00	26	17	1	16	40	43	68	0.58	20.8
Seq8221_539_bp_1_1_0	ENA|ABN10845|ABN10845.1	43.75	18	9	2	75	92	108	123	1.5	19.7
Seq8221_539_bp_1_1_0	ENA|BAB17681|BAB17681.1	43.75	16	9	0	16	31	96	111	1.9	19.7
Seq8221_539_bp_1_1_0	ENA|BAB79260|BAB79260.1	66.67	6	2	0	14	19	441	446	2.1	20.2
Seq8221_539_bp_1_1_0	ENA|AAC97205|AAC97205.1	50.00	10	5	0	10	19	1046	1055	2.6	21.4
Seq8221_539_bp_1_1_0	ENA|AAB03707|AAB03707.1	42.86	14	8	0	64	77	174	187	2.9	21.4
Seq8221_539_bp_1_1_0	ENA|CAA36714|CAA36714.1	62.50	8	3	0	70	77	430	437	3.2	19.7
Seq8221_539_bp_1_1_0	ENA|CAA45199|CAA45199.1	75.00	8	2	0	77	84	139	146	3.2	19.7
Seq8221_539_bp_1_1_0	ENA|CAA45708|CAA45708.1	39.29	29	17	1	29	56	317	345	4.6	20.8
Seq8221_539_bp_1_1_0	ENA|ABG75784|ABG75784.1	23.53	17	13	0	51	67	238	254	4.6	18.5
Seq8221_539_bp_1_1_0	ENA|AAC40132|AAC40132.1	33.33	37	24	1	30	65	174	210	4.7	19.1
Seq8221_539_bp_1_1_0	ENA|BAA32991|BAA32991.1	35.71	15	9	1	27	40	24	38	5	16.2
Seq8221_539_bp_1_1_0	ENA|AAC17860|AAC17860.1	41.67	12	7	0	76	87	38	49	6	18.5
Seq8221_539_bp_1_1_0	ENA|AAB66912|AAB66912.1	100.00	5	0	0	95	99	890	894	6.2	19.7
Seq8221_539_bp_1_1_0	ENA|BAA36759|BAA36759.1	50.00	10	5	0	34	43	17	26	6.3	17.9
Seq8221_539_bp_1_1_0	ENA|AAC08817|AAC08817.1	38.46	13	8	0	40	52	22	34	7.5	16.8
Seq8221_539_bp_1_1_0	ENA|AAA32624|AAA32624.1	57.14	14	6	0	34	47	315	328	7.6	18.5
Seq8221_539_bp_1_1_0	ENA|CAA29956|CAA29956.1	57.14	7	3	0	34	40	284	290	8	17.9
Seq8221_539_bp_1_1_0	ENA|AAA72732|AAA72732.1	43.75	16	9	0	34	49	225	240	9.8	17.4
Seq8221_539_bp_1_1_0	ENA|BAA32956|BAA32956.1	44.44	9	5	0	74	82	153	161	9.8	16.8
Seq8221_539_bp_1_2_0	ENA|CAA73529|CAA73529.1	62.50	8	3	0	4	11	39	46	0.0042	25.7
Seq8221_539_bp_1_2_0	ENA|BAA05866|BAA05866.1	60.00	10	4	0	6	15	299	308	0.012	24.4
Seq8221_539_bp_1_2_0	ENA|CAA36214|CAA36214.1	66.67	9	3	0	6	14	96	104	0.12	21.1
Seq8221_539_bp_1_2_0	ENA|AAS77176|AAS77176.1	45.45	11	6	0	2	12	165	175	0.46	19.0
Seq8221_539_bp_1_2_0	ENA|AAC26660|AAC26660.1	37.50	8	5	0	4	11	216	223	0.64	18.4
Seq8221_539_bp_1_2_0	ENA|AAR31603|AAR31603.1	37.50	8	5	0	2	9	140	147	0.82	18.4
Seq8221_539_bp_1_2_0	ENA|AAC78721|AAC78721.1	62.50	8	3	0	8	15	303	310	1.7	18.4
Seq8221_539_bp_1_2_0	ENA|ABD49687|ABD49687.1	45.45	11	6	0	5	15	1177	1187	1.7	19.7
Seq8221_539_bp_1_2_0	ENA|AAB96524|AAB96524.1	50.00	8	4	0	2	9	71	78	1.9	16.4
Seq8221_539_bp_1_2_0	ENA|AAB26998|AAB26998.1	40.00	5	3	0	9	13	40	44	2	15.0
Seq8221_539_bp_1_2_0	ENA|ABN10845|ABN10845.1	42.86	7	4	0	5	11	108	114	2.2	16.4
Seq8221_539_bp_1_2_0	ENA|CAA36714|CAA36714.1	57.14	7	3	0	5	11	435	441	2.9	17.0
Seq8221_539_bp_1_2_0	ENA|BAA32956|BAA32956.1	37.50	8	5	0	5	12	154	161	3.3	15.7
Seq8221_539_bp_1_2_0	ENA|BAA32991|BAA32991.1	40.00	5	3	0	1	5	28	32	4.3	13.7
Seq8221_539_bp_1_2_0	ENA|AAA25966|AAA25966.1	66.67	6	2	0	6	11	218	223	4.5	17.0
Seq8221_539_bp_1_2_0	ENA|AAA24145|AAA24145.1	42.86	7	4	0	6	12	50	56	4.5	16.4
Seq8221_539_bp_1_2_0	ENA|CAL82360|CAL82360.1	44.44	10	5	1	4	13	945	953	4.9	17.7
Seq8221_539_bp_1_2_0	ENA|AAF79734|AAF79734.1	80.00	5	1	0	10	14	527	531	5.6	17.7
Seq8221_539_bp_1_2_0	ENA|AAI27517|AAI27517.1	75.00	4	1	0	1	4	256	259	5.7	16.4
Seq8221_539_bp_1_2_0	ENA|ACT10338|ACT10338.1	30.00	10	7	0	4	13	33	42	6	15.7
Seq8221_539_bp_1_2_0	ENA|ABD33854|ABD33854.1	66.67	6	2	0	7	12	17	22	6.2	13.0
Seq8221_539_bp_1_2_0	ENA|AAA72732|AAA72732.1	40.00	10	6	0	1	10	114	123	7.5	15.0
Seq8221_539_bp_1_2_0	ENA|CAA28033|CAA28033.1	45.45	11	6	0	3	13	49	59	7.8	17.0
Seq8221_539_bp_1_2_0	ENA|CAA26939|CAA26939.1	80.00	5	1	0	2	6	214	218	8.5	15.7
Seq8221_539_bp_1_2_0	ENA|AAB66912|AAB66912.1	57.14	7	3	0	5	11	752	758	8.8	16.4
Seq8221_539_bp_1_2_1	ENA|AAA25966|AAA25966.1	39.13	27	14	4	8	34	496	518	0.74	20.9
Seq8221_539_bp_1_2_1	ENA|BAA32956|BAA32956.1	41.67	12	7	0	22	33	179	190	0.95	18.8
Seq8221_539_bp_1_2_1	ENA|CAA45199|CAA45199.1	38.10	21	13	0	8	28	368	388	2.1	18.8
Seq8221_539_bp_1_2_1	ENA|AAC08817|AAC08817.1	60.00	5	2	0	31	35	80	84	2.1	17.2
Seq8221_539_bp_1_2_1	ENA|AAB66912|AAB66912.1	27.27	22	16	0	3	24	446	467	2.9	19.3
Seq8221_539_bp_1_2_1	ENA|ABN10845|ABN10845.1	40.00	10	6	0	3	12	49	58	2.9	17.2
Seq8221_539_bp_1_2_1	ENA|ACH70901|ACH70901.1	55.56	9	4	0	21	29	288	296	3.3	17.7
Seq8221_539_bp_1_2_1	ENA|ABD49687|ABD49687.1	40.00	10	6	0	25	34	837	846	3.6	19.9
Seq8221_539_bp_1_2_1	ENA|AAI27517|AAI27517.1	50.00	10	5	0	16	25	384	393	3.8	18.3
Seq8221_539_bp_1_2_1	ENA|CAL82360|CAL82360.1	63.64	12	4	1	2	12	1275	1286	3.9	19.3
Seq8221_539_bp_1_2_1	ENA|AAC49865|AAC49865.1	27.27	22	16	0	12	33	261	282	4.4	17.2
Seq8221_539_bp_1_2_1	ENA|AAA36114|AAA36114.1	44.44	9	5	0	26	34	288	296	4.7	17.7
Seq8221_539_bp_1_2_1	ENA|AAC97205|AAC97205.1	42.86	14	8	0	9	22	27	40	5.4	18.8
Seq8221_539_bp_1_2_1	ENA|CAA24711|CAA24711.1	66.67	6	2	0	11	16	43	48	6.8	15.6
Seq8221_539_bp_1_2_1	ENA|ABK71357|ABK71357.1	55.56	9	4	0	24	32	44	52	7	16.6
Seq8221_539_bp_1_2_1	ENA|CAA28033|CAA28033.1	50.00	8	4	0	8	15	1303	1310	8	18.3
Seq8221_539_bp_1_2_1	ENA|AAR31603|AAR31603.1	40.00	10	6	0	23	32	249	258	8.8	16.1
Seq8221_539_bp_1_2_1	ENA|AAC40132|AAC40132.1	42.86	16	8	2	5	18	24	39	8.8	16.6
Seq8221_539_bp_1_2_2	ENA|CAA26023|CAA26023.1	42.86	14	8	0	3	16	92	105	0.15	21.3
Seq8221_539_bp_1_2_2	ENA|AAB26998|AAB26998.1	46.67	15	8	0	1	15	10	24	0.41	17.5
Seq8221_539_bp_1_2_2	ENA|AAC40132|AAC40132.1	50.00	10	5	0	2	11	65	74	0.44	20.0
Seq8221_539_bp_1_2_2	ENA|CAA45708|CAA45708.1	80.00	5	1	0	9	13	854	858	0.58	21.3
Seq8221_539_bp_1_2_2	ENA|CAA11507|CAA11507.1	55.56	9	4	0	9	17	1067	1075	0.8	20.7
Seq8221_539_bp_1_2_2	ENA|CAA29956|CAA29956.1	80.00	5	1	0	8	12	126	130	1.3	18.1
Seq8221_539_bp_1_2_2	ENA|AAA18786|AAA18786.1	50.00	8	4	0	6	13	25	32	1.4	17.5
Seq8221_539_bp_1_2_2	ENA|CAA73529|CAA73529.1	75.00	4	1	0	9	12	40	43	1.4	17.5
Seq8221_539_bp_1_2_2	ENA|AAA25966|AAA25966.1	57.14	7	3	0	9	15	184	190	3.7	17.5
Seq8221_539_bp_1_2_2	ENA|BAA32956|BAA32956.1	100.00	3	0	0	5	7	100	102	4	15.6
Seq8221_539_bp_1_2_2	ENA|ABN10845|ABN10845.1	80.00	5	1	0	1	5	53	57	4.1	15.6
Seq8221_539_bp_1_2_2	ENA|BAA32991|BAA32991.1	40.00	5	3	0	5	9	28	32	4.8	13.7
Seq8221_539_bp_1_2_2	ENA|CAA36714|CAA36714.1	40.00	5	3	0	6	10	131	135	5.6	16.2
Seq8221_539_bp_1_2_2	ENA|AAR31603|AAR31603.1	28.57	14	10	0	1	14	114	127	6.1	15.6
Seq8221_539_bp_1_2_2	ENA|AAB03707|AAB03707.1	40.00	10	6	0	7	16	503	512	6.9	17.5
Seq8221_539_bp_1_2_2	ENA|AAA42531|AAA42531.1	80.00	5	1	0	4	8	292	296	7.1	15.6
Seq8221_539_bp_1_2_2	ENA|BAA32018|BAA32018.1	58.33	12	5	0	6	17	9	20	7.4	16.2
Seq8221_539_bp_1_2_2	ENA|CAA45199|CAA45199.1	66.67	3	1	0	9	11	385	387	8.6	15.6
Seq8221_539_bp_1_2_2	ENA|AAC49865|AAC49865.1	28.57	7	5	0	8	14	173	179	9.2	15.0
Seq8221_539_bp_1_2_3	ENA|BAB17681|BAB17681.1	71.43	7	2	0	1	7	79	85	0.092	21.7
Seq8221_539_bp_1_2_3	ENA|AAC08817|AAC08817.1	55.56	9	4	0	12	20	79	87	0.86	17.7
Seq8221_539_bp_1_2_3	ENA|AAB96524|AAB96524.1	50.00	12	5	2	1	12	168	177	1.5	17.1
Seq8221_539_bp_1_2_3	ENA|AAA24145|AAA24145.1	100.00	4	0	0	6	9	250	253	2.5	17.7
Seq8221_539_bp_1_2_3	ENA|AAA32624|AAA32624.1	41.67	12	7	0	6	17	503	514	2.8	17.7
Seq8221_539_bp_1_2_3	ENA|AAA18786|AAA18786.1	44.44	9	5	0	1	9	89	97	3.2	16.5
Seq8221_539_bp_1_2_3	ENA|ABN10845|ABN10845.1	50.00	6	3	0	14	19	53	58	3.8	15.9
Seq8221_539_bp_1_2_3	ENA|CAA26023|CAA26023.1	75.00	4	1	0	17	20	164	167	4.5	16.5
Seq8221_539_bp_1_2_3	ENA|AAF79734|AAF79734.1	28.57	14	10	0	4	17	1066	1079	5.1	18.2
Seq8221_539_bp_1_2_3	ENA|AAA25966|AAA25966.1	71.43	7	2	0	10	16	7	13	5.6	17.1
Seq8221_539_bp_1_2_3	ENA|BAA32991|BAA32991.1	42.86	7	4	0	10	16	2	8	5.9	13.6
Seq8221_539_bp_1_2_3	ENA|AAA36114|AAA36114.1	60.00	10	4	0	11	20	56	65	5.9	16.5
Seq8221_539_bp_1_2_3	ENA|AAC97205|AAC97205.1	66.67	6	2	0	8	13	17	22	6.4	17.7
Seq8221_539_bp_1_2_3	ENA|AAC26660|AAC26660.1	40.00	10	6	0	4	13	202	211	6.6	15.4
Seq8221_539_bp_1_2_3	ENA|EDO47375|EDO47375.1	75.00	4	1	0	3	6	171	174	7.2	14.8
Seq8221_539_bp_1_2_3	ENA|CAA45708|CAA45708.1	71.43	7	2	0	2	8	536	542	7.8	17.7
Seq8221_539_bp_1_2_4	ENA|ABN10845|ABN10845.1	40.00	10	6	0	4	13	74	83	0.94	17.4
Seq8221_539_bp_1_2_4	ENA|AAI27517|AAI27517.1	62.50	8	3	0	5	12	195	202	1	18.7
Seq8221_539_bp_1_2_4	ENA|ABD33854|ABD33854.1	66.67	6	2	0	7	12	38	43	1.1	15.4
Seq8221_539_bp_1_2_4	ENA|BAB17681|BAB17681.1	45.45	11	6	0	2	12	249	259	1.9	16.7
Seq8221_539_bp_1_2_4	ENA|AAA72732|AAA72732.1	25.00	12	9	0	2	13	170	181	3.3	16.1
Seq8221_539_bp_1_2_4	ENA|ABG75784|ABG75784.1	50.00	8	4	0	6	13	282	289	5.1	15.4
Seq8221_539_bp_1_2_4	ENA|AAR31603|AAR31603.1	50.00	6	3	0	4	9	90	95	5.4	15.4
Seq8221_539_bp_1_2_4	ENA|ACH70901|ACH70901.1	33.33	12	8	0	2	13	52	63	5.9	15.4
Seq8221_539_bp_1_2_4	ENA|AAC17860|AAC17860.1	44.44	9	5	0	4	12	1	9	6.6	15.4
Seq8221_539_bp_-1_0_0	ENA|ABG75784|ABG75784.1	35.71	14	9	0	5	18	296	309	0.13	21.2
Seq8221_539_bp_-1_0_0	ENA|CAA26023|CAA26023.1	50.00	10	5	0	7	16	105	114	0.26	20.5
Seq8221_539_bp_-1_0_0	ENA|AAB26998|AAB26998.1	40.00	10	6	0	3	12	2	11	0.38	17.7
Seq8221_539_bp_-1_0_0	ENA|AAB96524|AAB96524.1	35.71	14	9	0	4	17	88	101	0.55	18.4
Seq8221_539_bp_-1_0_0	ENA|AAQ92751|AAQ92751.2	30.77	13	9	0	3	15	742	754	0.58	21.2
Seq8221_539_bp_-1_0_0	ENA|CAA36214|CAA36214.1	40.00	10	6	0	3	12	263	272	1.4	17.7
Seq8221_539_bp_-1_0_0	ENA|CAA45199|CAA45199.1	75.00	8	2	0	11	18	461	468	2.2	17.7
Seq8221_539_bp_-1_0_0	ENA|AAC40132|AAC40132.1	66.67	6	2	0	13	18	277	282	3.6	17.0
Seq8221_539_bp_-1_0_0	ENA|CAL82360|CAL82360.1	16.67	12	10	0	7	18	602	613	3.7	18.4
Seq8221_539_bp_-1_0_0	ENA|CAA11507|CAA11507.1	45.45	11	6	0	2	12	877	887	3.9	18.4
Seq8221_539_bp_-1_0_0	ENA|AAR31603|AAR31603.1	50.00	8	4	0	6	13	94	101	4	16.3
Seq8221_539_bp_-1_0_0	ENA|CAA43419|CAA43419.1	66.67	6	2	0	8	13	224	229	4.5	16.3
Seq8221_539_bp_-1_0_0	ENA|ABD49687|ABD49687.1	66.67	6	2	0	4	9	1021	1026	4.9	18.4
Seq8221_539_bp_-1_0_0	ENA|AAC17860|AAC17860.1	57.14	7	3	0	2	8	360	366	5	16.3
Seq8221_539_bp_-1_0_0	ENA|ABD33854|ABD33854.1	37.50	8	5	0	5	12	7	14	5.4	13.5
Seq8221_539_bp_-1_0_0	ENA|AAA24145|AAA24145.1	42.86	7	4	0	4	10	54	60	5.6	16.3
Seq8221_539_bp_-1_0_0	ENA|AAS77176|AAS77176.1	57.14	7	3	0	12	18	100	106	5.7	15.6
Seq8221_539_bp_-1_0_0	ENA|CAA29968|CAA29968.1	40.00	5	3	0	12	16	167	171	6.2	14.9
Seq8221_539_bp_-1_0_0	ENA|ABK71357|ABK71357.1	42.86	7	4	0	4	10	204	210	7.2	15.6
Seq8221_539_bp_-1_0_0	ENA|BAA32018|BAA32018.1	33.33	9	6	0	10	18	486	494	7.4	16.3
Seq8221_539_bp_-1_0_0	ENA|BAB79260|BAB79260.1	50.00	8	4	0	8	15	164	171	8.6	15.6
Seq8221_539_bp_-1_0_0	ENA|AAC97205|AAC97205.1	100.00	4	0	0	4	7	733	736	8.9	17.0
Seq8221_539_bp_-1_0_0	ENA|CAA28033|CAA28033.1	50.00	6	3	0	1	6	645	650	9.3	17.0
Seq8221_539_bp_-1_0_0	ENA|BAA05866|BAA05866.1	28.57	7	5	0	1	7	17	23	9.5	14.9
Seq8221_539_bp_-1_0_1	ENA|AAA24145|AAA24145.1	36.84	19	12	0	30	48	253	271	0.24	22.5
Seq8221_539_bp_-1_0_1	ENA|CAD53387|CAD53387.1	41.18	17	10	0	11	27	42	58	0.26	22.5
Seq8221_539_bp_-1_0_1	ENA|CAD53387|CAD53387.1	41.18	17	10	0	11	27	108	124	0.26	22.5
Seq8221_539_bp_-1_0_1	ENA|CAD53387|CAD53387.1	41.18	17	10	0	11	27	174	190	0.26	22.5
Seq8221_539_bp_-1_0_1	ENA|CAD53387|CAD53387.1	41.18	17	10	0	11	27	240	256	0.26	22.5
Seq8221_539_bp_-1_0_1	ENA|CAD53387|CAD53387.1	41.18	17	10	0	11	27	306	322	0.26	22.5
Seq8221_539_bp_-1_0_1	ENA|CAD53387|CAD53387.1	41.18	17	10	0	11	27	372	388	0.26	22.5
Seq8221_539_bp_-1_0_1	ENA|CAD53387|CAD53387.1	41.18	17	10	0	11	27	438	454	0.26	22.5
Seq8221_539_bp_-1_0_1	ENA|AAC08817|AAC08817.1	60.00	10	4	0	30	39	55	64	0.36	20.4
Seq8221_539_bp_-1_0_1	ENA|CAL82360|CAL82360.1	75.00	8	2	0	29	36	531	538	0.66	22.5
Seq8221_539_bp_-1_0_1	ENA|BAA32018|BAA32018.1	30.77	26	18	0	26	51	527	552	0.68	21.4
Seq8221_539_bp_-1_0_1	ENA|AAC97205|AAC97205.1	34.78	23	15	0	18	40	191	213	0.92	22.0
Seq8221_539_bp_-1_0_1	ENA|CAA28033|CAA28033.1	29.41	17	12	0	25	41	520	536	0.97	22.0
Seq8221_539_bp_-1_0_1	ENA|AAA32624|AAA32624.1	54.55	11	5	0	15	25	179	189	1.7	19.8
Seq8221_539_bp_-1_0_1	ENA|AAA42531|AAA42531.1	42.86	14	8	0	39	52	34	47	1.8	19.3
Seq8221_539_bp_-1_0_1	ENA|AAB03707|AAB03707.1	32.14	28	19	0	2	29	969	996	2.1	20.9
Seq8221_539_bp_-1_0_1	ENA|AAF79734|AAF79734.1	54.55	11	5	0	6	16	460	470	2.2	20.9
Seq8221_539_bp_-1_0_1	ENA|ACT10338|ACT10338.1	50.00	14	7	0	20	33	130	143	3.8	18.2
Seq8221_539_bp_-1_0_1	ENA|CAA73529|CAA73529.1	45.45	11	6	0	42	52	260	270	3.9	17.7
Seq8221_539_bp_-1_0_1	ENA|AAB66912|AAB66912.1	29.17	24	17	0	7	30	493	516	4.3	19.3
Seq8221_539_bp_-1_0_1	ENA|CAA26939|CAA26939.1	38.46	13	8	0	3	15	72	84	5.5	18.2
Seq8221_539_bp_-1_0_1	ENA|AAR31603|AAR31603.1	35.00	23	13	3	22	41	109	131	6.5	17.2
Seq8221_539_bp_-1_0_1	ENA|AAC49865|AAC49865.1	62.50	8	3	0	12	19	52	59	6.5	17.2
Seq8221_539_bp_-1_0_1	ENA|AAB26998|AAB26998.1	100.00	4	0	0	12	15	30	33	6.8	15.0
Seq8221_539_bp_-1_0_1	ENA|AAC26660|AAC26660.1	45.45	11	6	0	24	34	152	162	7.3	16.6
Seq8221_539_bp_-1_0_1	ENA|CAB75732|CAB75732.1	35.29	17	11	0	26	42	915	931	7.5	18.8
Seq8221_539_bp_-1_0_1	ENA|AAI27517|AAI27517.1	33.33	28	18	1	12	38	107	134	8	17.7
Seq8221_539_bp_-1_0_1	ENA|BAA36759|BAA36759.1	33.33	15	10	0	15	29	147	161	8.2	16.6
Seq8221_539_bp_-1_0_1	ENA|AAC78721|AAC78721.1	63.64	13	4	2	2	14	59	69	9	17.7
Seq8221_539_bp_-1_0_2	ENA|CAA36214|CAA36214.1	36.36	11	7	0	1	11	277	287	1.7	16.9
Seq8221_539_bp_-1_0_2	ENA|AAR37016|AAR37016.1	44.44	9	5	0	2	10	1564	1572	1.7	19.8
Seq8221_539_bp_-1_0_2	ENA|AAC08817|AAC08817.1	50.00	6	3	0	1	6	80	85	3	15.1
Seq8221_539_bp_-1_0_2	ENA|AAA42531|AAA42531.1	75.00	4	1	0	8	11	156	159	4.9	15.7
Seq8221_539_bp_-1_0_2	ENA|AAB96524|AAB96524.1	42.86	7	4	0	6	12	91	97	7.7	13.9
Seq8221_539_bp_-1_0_2	ENA|EDO47375|EDO47375.1	42.86	7	4	0	4	10	178	184	7.8	13.9
Seq8221_539_bp_-1_0_2	ENA|AAA36539|AAA36539.1	42.86	7	4	0	6	12	222	228	8.6	15.1
Seq8221_539_bp_-1_0_2	ENA|AAA36114|AAA36114.1	66.67	6	2	0	1	6	407	412	9.2	15.1
Seq8221_539_bp_-1_0_2	ENA|ACH70901|ACH70901.1	100.00	3	0	0	4	6	147	149	9.7	14.5
Seq8221_539_bp_-1_0_3	ENA|BAA32991|BAA32991.1	40.00	10	6	0	4	13	21	30	0.44	16.8
Seq8221_539_bp_-1_0_3	ENA|CAA29968|CAA29968.1	80.00	5	1	0	2	6	95	99	1.2	16.8
Seq8221_539_bp_-1_0_3	ENA|AAA36539|AAA36539.1	100.00	4	0	0	8	11	19	22	3	16.8
Seq8221_539_bp_-1_0_3	ENA|CAA26939|CAA26939.1	37.50	8	5	0	5	12	12	19	3.5	16.8
Seq8221_539_bp_-1_0_3	ENA|BAA32956|BAA32956.1	44.44	9	5	0	4	12	93	101	4.4	15.1
Seq8221_539_bp_-1_0_3	ENA|AAA25966|AAA25966.1	75.00	4	1	0	3	6	344	347	4.4	16.8
Seq8221_539_bp_-1_0_3	ENA|AAA32624|AAA32624.1	42.86	7	4	0	4	10	313	319	4.8	16.2
Seq8221_539_bp_-1_0_3	ENA|AAB26998|AAB26998.1	50.00	6	3	0	1	6	39	44	5.6	13.3
Seq8221_539_bp_-1_0_3	ENA|AAQ92751|AAQ92751.2	75.00	4	1	0	4	7	319	322	5.6	17.4
Seq8221_539_bp_-1_0_3	ENA|BAB17681|BAB17681.1	50.00	6	3	0	5	10	36	41	5.7	15.1
Seq8221_539_bp_-1_0_3	ENA|EDO47375|EDO47375.1	42.86	7	4	0	7	13	125	131	5.9	14.5
Seq8221_539_bp_-1_0_3	ENA|AAA24145|AAA24145.1	40.00	10	6	0	4	13	172	181	9.2	15.1
Seq8221_539_bp_-1_1_0	ENA|CAA45199|CAA45199.1	50.00	8	4	0	5	12	277	284	2.6	17.1
Seq8221_539_bp_-1_1_0	ENA|AAC49865|AAC49865.1	42.86	7	4	0	8	14	65	71	3.6	16.1
Seq8221_539_bp_-1_1_0	ENA|AAA42531|AAA42531.1	38.46	13	8	0	1	13	214	226	4.3	16.1
Seq8221_539_bp_-1_1_0	ENA|AAA24145|AAA24145.1	75.00	4	1	0	10	13	415	418	5	16.1
Seq8221_539_bp_-1_1_0	ENA|CAA73529|CAA73529.1	75.00	4	1	0	9	12	268	271	5.9	15.1
Seq8221_539_bp_-1_1_0	ENA|CAA29968|CAA29968.1	100.00	3	0	0	10	12	105	107	6	14.6
Seq8221_539_bp_-1_1_0	ENA|AAF79734|AAF79734.1	41.67	12	7	0	1	12	849	860	7.7	17.1
Seq8221_539_bp_-1_1_1	ENA|CAA24711|CAA24711.1	62.50	8	3	0	28	35	162	169	0.34	20.0
Seq8221_539_bp_-1_1_1	ENA|AAR37016|AAR37016.1	50.00	14	7	0	23	36	1315	1328	0.47	23.3
Seq8221_539_bp_-1_1_1	ENA|AAR31603|AAR31603.1	44.44	19	10	1	19	36	239	257	0.64	20.0
Seq8221_539_bp_-1_1_1	ENA|AAF79734|AAF79734.1	27.59	29	21	0	7	35	42	70	2.8	20.0
Seq8221_539_bp_-1_1_1	ENA|CAA45708|CAA45708.1	58.82	18	7	1	1	17	344	361	2.9	20.0
Seq8221_539_bp_-1_1_1	ENA|ACH70901|ACH70901.1	34.62	27	17	1	3	29	241	266	3.2	17.8
Seq8221_539_bp_-1_1_1	ENA|CAA29968|CAA29968.1	50.00	10	5	0	4	13	181	190	3.6	16.7
Seq8221_539_bp_-1_1_1	ENA|CAA36214|CAA36214.1	62.50	8	3	0	24	31	43	50	3.9	17.3
Seq8221_539_bp_-1_1_1	ENA|AAA42531|AAA42531.1	25.00	12	9	0	13	24	189	200	4.9	17.3
Seq8221_539_bp_-1_1_1	ENA|BAA32018|BAA32018.1	46.67	15	8	0	2	16	94	108	5.4	17.8
Seq8221_539_bp_-1_1_1	ENA|AAC49865|AAC49865.1	40.00	16	9	1	17	31	62	77	6	16.7
Seq8221_539_bp_-1_1_1	ENA|AAA36114|AAA36114.1	34.78	24	15	1	6	29	273	295	6.4	17.3
Seq8221_539_bp_-1_1_1	ENA|AAQ92751|AAQ92751.2	50.00	14	7	0	6	19	259	272	7.9	18.4
Seq8221_539_bp_-1_1_2	ENA|AAC78721|AAC78721.1	36.00	26	16	1	18	43	209	233	0.018	26.8
Seq8221_539_bp_-1_1_2	ENA|AAF79734|AAF79734.1	50.00	14	7	0	13	26	950	963	0.36	23.6
Seq8221_539_bp_-1_1_2	ENA|ABN10845|ABN10845.1	38.46	13	8	0	14	26	42	54	1.1	19.2
Seq8221_539_bp_-1_1_2	ENA|AAA42531|AAA42531.1	38.46	29	16	3	20	46	129	156	1.3	19.8
Seq8221_539_bp_-1_1_2	ENA|BAA32018|BAA32018.1	77.78	9	2	0	5	13	426	434	1.4	20.3
Seq8221_539_bp_-1_1_2	ENA|AAB26998|AAB26998.1	35.29	18	11	1	3	19	30	47	2.5	16.5
Seq8221_539_bp_-1_1_2	ENA|CAA26939|CAA26939.1	37.50	16	10	0	21	36	123	138	2.8	19.2
Seq8221_539_bp_-1_1_2	ENA|BAB17681|BAB17681.1	26.09	23	17	0	26	48	79	101	2.8	18.1
Seq8221_539_bp_-1_1_2	ENA|CAL82360|CAL82360.1	23.81	21	16	0	13	33	600	620	2.9	20.3
Seq8221_539_bp_-1_1_2	ENA|ABK71357|ABK71357.1	38.46	13	8	0	3	15	73	85	3.8	18.1
Seq8221_539_bp_-1_1_2	ENA|CAD53387|CAD53387.1	50.00	17	8	1	3	19	462	477	5	18.1
Seq8221_539_bp_-1_1_2	ENA|AAC49865|AAC49865.1	83.33	6	1	0	6	11	295	300	6.8	17.1
Seq8221_539_bp_-1_1_2	ENA|ACH70901|ACH70901.1	42.86	7	4	0	2	8	290	296	7.5	17.1
Seq8221_539_bp_-1_1_2	ENA|AAB96524|AAB96524.1	30.00	10	7	0	3	12	84	93	8.1	16.0
Seq8221_539_bp_-1_1_2	ENA|ABD33854|ABD33854.1	75.00	4	1	0	2	5	61	64	8.5	14.4
Seq8221_539_bp_-1_1_2	ENA|BAA32956|BAA32956.1	66.67	6	2	0	5	10	188	193	9.1	16.0
Seq8221_539_bp_-1_1_2	ENA|BAA05866|BAA05866.1	17.65	17	14	0	8	24	294	310	9.1	16.5
Seq8221_539_bp_-1_2_0	ENA|CAA73529|CAA73529.1	23.53	17	13	0	5	21	189	205	0.87	19.2
Seq8221_539_bp_-1_2_0	ENA|AAC78721|AAC78721.1	71.43	7	2	0	21	27	286	292	1.5	19.8
Seq8221_539_bp_-1_2_0	ENA|BAA32956|BAA32956.1	33.33	12	8	0	18	29	174	185	2	17.6
Seq8221_539_bp_-1_2_0	ENA|AAF79734|AAF79734.1	46.15	13	7	0	18	30	428	440	2.2	20.3
Seq8221_539_bp_-1_2_0	ENA|CAA26939|CAA26939.1	100.00	5	0	0	29	33	298	302	5.4	17.6
Seq8221_539_bp_-1_2_0	ENA|CAA36214|CAA36214.1	50.00	10	5	0	22	31	41	50	6	16.5
Seq8221_539_bp_-1_2_0	ENA|AAA32624|AAA32624.1	33.33	18	12	0	13	30	490	507	7.1	17.0
Seq8221_539_bp_-1_2_0	ENA|ACH70901|ACH70901.1	33.33	28	18	1	3	29	291	318	7.1	16.5
Seq8221_539_bp_-1_2_0	ENA|AAC49865|AAC49865.1	35.71	14	9	0	13	26	175	188	9.2	16.0
Seq8221_539_bp_-1_2_1	ENA|BAA32991|BAA32991.1	40.00	10	6	0	4	13	2	11	1.8	15.8
Seq8221_539_bp_-1_2_1	ENA|AAC49865|AAC49865.1	71.43	7	2	0	21	27	215	221	2.1	17.8
Seq8221_539_bp_-1_2_1	ENA|AAC08817|AAC08817.1	40.00	15	9	0	3	17	133	147	2.9	16.3
Seq8221_539_bp_-1_2_1	ENA|BAA32956|BAA32956.1	46.15	14	7	1	1	14	70	82	3.9	16.3
Seq8221_539_bp_-1_2_1	ENA|ABD49687|ABD49687.1	40.00	23	12	3	1	20	1279	1301	5.4	18.8
Seq8221_539_bp_-1_2_1	ENA|EDO47375|EDO47375.1	83.33	6	1	0	12	17	10	15	6.8	15.3
Seq8221_539_bp_-1_2_1	ENA|CAA26939|CAA26939.1	45.45	11	6	0	5	15	81	91	7.2	16.8
Seq8221_539_bp_-1_2_1	ENA|AAB26998|AAB26998.1	50.00	6	3	0	17	22	56	61	8	13.8
Seq8221_539_bp_-1_2_2	ENA|CAA24711|CAA24711.1	29.17	24	17	0	2	25	112	135	0.91	18.8
Seq8221_539_bp_-1_2_2	ENA|AAC49865|AAC49865.1	54.55	11	5	0	5	15	197	207	1.2	19.3
Seq8221_539_bp_-1_2_2	ENA|CAA45199|CAA45199.1	53.85	13	6	0	28	40	181	193	1.7	19.3
Seq8221_539_bp_-1_2_2	ENA|AAB03707|AAB03707.1	42.86	14	8	0	10	23	893	906	3.5	19.8
Seq8221_539_bp_-1_2_2	ENA|AAR37016|AAR37016.1	57.14	7	3	0	1	7	1567	1573	4.1	20.4
Seq8221_539_bp_-1_2_2	ENA|AAC26660|AAC26660.1	35.71	14	9	0	6	19	77	90	5.5	16.7
Seq8221_539_bp_-1_2_2	ENA|ABG75784|ABG75784.1	54.55	11	5	0	18	28	7	17	6.7	16.7
Seq8221_539_bp_-1_2_2	ENA|AAA36539|AAA36539.1	36.36	11	7	0	26	36	26	36	7	17.2
Seq8221_539_bp_-1_2_2	ENA|AAA72732|AAA72732.1	80.00	5	1	0	6	10	122	126	9.3	16.2
Seq8221_539_bp_-1_2_2	ENA|CAA11507|CAA11507.1	38.10	21	13	0	15	35	440	460	9.5	18.3
