Seq9176_955_bp_1_0_0	ENA|BAA05866|BAA05866.1	100.00	310	0	0	1	310	1	310	0	895.1
Seq9176_955_bp_1_0_0	ENA|CAA45708|CAA45708.1	46.67	32	16	2	4	33	675	706	0.21	26.9
Seq9176_955_bp_1_0_0	ENA|AAA36114|AAA36114.1	52.38	21	10	0	33	53	52	72	0.22	25.3
Seq9176_955_bp_1_0_0	ENA|BAB17681|BAB17681.1	53.85	13	6	0	45	57	112	124	0.37	23.7
Seq9176_955_bp_1_0_0	ENA|CAA29968|CAA29968.1	60.00	10	4	0	175	184	5	14	1.2	21.5
Seq9176_955_bp_1_0_0	ENA|CAL82360|CAL82360.1	50.00	10	5	0	149	158	710	719	1.7	23.7
Seq9176_955_bp_1_0_0	ENA|BAA36759|BAA36759.1	36.36	11	7	0	250	260	143	153	3.6	20.4
Seq9176_955_bp_1_0_0	ENA|AAF79734|AAF79734.1	37.14	36	22	1	18	53	484	518	4	22.6
Seq9176_955_bp_1_0_0	ENA|AAC40132|AAC40132.1	53.33	16	7	1	176	190	321	336	5.8	20.4
Seq9176_955_bp_1_0_0	ENA|AAA32624|AAA32624.1	23.68	39	29	1	97	135	158	195	6.4	20.4
Seq9176_955_bp_1_0_0	ENA|AAA18786|AAA18786.1	27.66	50	34	3	106	155	44	90	6.8	19.3
Seq9176_955_bp_1_0_0	ENA|AAC17860|AAC17860.1	37.50	16	10	0	281	296	180	195	7.2	19.9
Seq9176_955_bp_1_0_0	ENA|AAS77176|AAS77176.1	41.67	12	7	0	249	260	226	237	7.4	19.3
Seq9176_955_bp_1_0_0	ENA|BAA32956|BAA32956.1	83.33	6	1	0	110	115	47	52	7.8	18.8
Seq9176_955_bp_1_0_0	ENA|AAQ92751|AAQ92751.2	36.84	19	12	0	166	184	830	848	7.8	21.5
Seq9176_955_bp_1_0_0	ENA|AAR31603|AAR31603.1	38.10	22	13	1	162	182	77	98	8.3	19.3
Seq9176_955_bp_1_0_0	ENA|CAB75732|CAB75732.1	61.54	14	5	1	58	71	38	50	9.4	20.9
Seq9176_955_bp_1_1_0	ENA|AAF79734|AAF79734.1	38.89	18	11	0	21	38	33	50	3.4	21.4
Seq9176_955_bp_1_1_0	ENA|ABN10845|ABN10845.1	58.33	12	5	0	39	50	61	72	3.6	18.5
Seq9176_955_bp_1_1_0	ENA|AAR31603|AAR31603.1	31.82	23	15	1	41	62	149	171	3.9	19.0
Seq9176_955_bp_1_1_0	ENA|AAA25966|AAA25966.1	46.15	13	7	0	52	64	81	93	4.5	20.0
Seq9176_955_bp_1_1_0	ENA|AAC78721|AAC78721.1	66.67	9	3	0	13	21	444	452	5.7	19.5
Seq9176_955_bp_1_1_0	ENA|AAC17860|AAC17860.1	60.00	10	4	0	24	33	213	222	6.7	18.5
Seq9176_955_bp_1_1_0	ENA|CAA11507|CAA11507.1	41.18	17	10	0	42	58	654	670	8.1	20.0
Seq9176_955_bp_1_1_0	ENA|CAA26023|CAA26023.1	50.00	8	4	0	97	104	169	176	8.5	18.1
Seq9176_955_bp_1_1_0	ENA|BAA05866|BAA05866.1	85.71	7	1	0	91	97	159	165	9.4	17.6
Seq9176_955_bp_1_1_0	ENA|AAC49865|AAC49865.1	31.25	16	11	0	78	93	316	331	10	17.6
Seq9176_955_bp_1_1_1	ENA|BAA32956|BAA32956.1	100.00	4	0	0	9	12	13	16	0.78	17.8
Seq9176_955_bp_1_1_1	ENA|ACH70901|ACH70901.1	50.00	10	5	0	5	14	306	315	0.89	18.4
Seq9176_955_bp_1_1_1	ENA|AAQ92751|AAQ92751.2	62.50	8	3	0	7	14	1220	1227	1.5	19.6
Seq9176_955_bp_1_1_1	ENA|AAC08817|AAC08817.1	66.67	6	2	0	10	15	7	12	2	16.0
Seq9176_955_bp_1_1_1	ENA|BAA32991|BAA32991.1	50.00	8	4	0	8	15	27	34	3	14.2
Seq9176_955_bp_1_1_1	ENA|CAA36214|CAA36214.1	44.44	9	5	0	3	11	13	21	3.8	16.0
Seq9176_955_bp_1_1_1	ENA|CAA28033|CAA28033.1	66.67	6	2	0	4	9	244	249	4.7	17.8
Seq9176_955_bp_1_1_1	ENA|CAA43419|CAA43419.1	50.00	8	4	0	5	12	39	46	6.7	15.4
Seq9176_955_bp_1_1_1	ENA|AAC40132|AAC40132.1	60.00	5	2	0	8	12	345	349	8.6	15.4
Seq9176_955_bp_1_1_1	ENA|ABD33854|ABD33854.1	33.33	6	4	0	6	11	57	62	8.9	12.5
Seq9176_955_bp_1_1_2	ENA|ACT10338|ACT10338.1	50.00	16	8	0	4	19	91	106	0.048	23.6
Seq9176_955_bp_1_1_2	ENA|AAF79734|AAF79734.1	71.43	7	2	0	1	7	721	727	2.6	19.7
Seq9176_955_bp_1_1_2	ENA|CAA36714|CAA36714.1	46.67	15	8	0	4	18	104	118	2.7	18.0
Seq9176_955_bp_1_1_2	ENA|AAA18786|AAA18786.1	80.00	5	1	0	1	5	240	244	3.3	16.9
Seq9176_955_bp_1_1_2	ENA|BAA36759|BAA36759.1	66.67	13	4	1	2	13	259	271	3.6	16.9
Seq9176_955_bp_1_1_2	ENA|AAC40132|AAC40132.1	47.62	23	11	2	2	22	129	151	4	17.4
Seq9176_955_bp_1_1_2	ENA|AAB26998|AAB26998.1	50.00	6	3	0	21	26	45	50	4.5	14.7
Seq9176_955_bp_1_1_2	ENA|ABN10845|ABN10845.1	38.46	13	8	0	3	15	130	142	5.7	15.8
Seq9176_955_bp_1_1_2	ENA|ABK71357|ABK71357.1	40.00	10	6	0	14	23	167	176	6.6	16.3
Seq9176_955_bp_1_1_2	ENA|CAA26939|CAA26939.1	100.00	4	0	0	18	21	38	41	6.8	16.9
Seq9176_955_bp_1_1_2	ENA|CAA28033|CAA28033.1	40.00	10	6	0	6	15	369	378	7.2	18.0
Seq9176_955_bp_1_1_2	ENA|AAS77176|AAS77176.1	30.00	20	14	0	5	24	159	178	7.4	15.8
Seq9176_955_bp_1_1_2	ENA|BAA32018|BAA32018.1	30.00	10	7	0	18	27	386	395	7.5	16.9
Seq9176_955_bp_1_1_2	ENA|AAC08817|AAC08817.1	66.67	13	4	1	1	13	83	94	8.6	14.7
Seq9176_955_bp_1_1_2	ENA|AAC97205|AAC97205.1	100.00	4	0	0	1	4	29	32	9.8	17.4
Seq9176_955_bp_1_1_3	ENA|AAQ92751|AAQ92751.2	85.71	7	1	0	3	9	1055	1061	0.012	27.1
Seq9176_955_bp_1_1_3	ENA|BAA32956|BAA32956.1	66.67	6	2	0	18	23	52	57	0.14	20.9
Seq9176_955_bp_1_1_3	ENA|CAA36714|CAA36714.1	61.54	15	5	2	10	22	320	334	0.19	21.6
Seq9176_955_bp_1_1_3	ENA|AAC49865|AAC49865.1	35.00	25	13	5	1	20	175	199	0.35	20.3
Seq9176_955_bp_1_1_3	ENA|AAC08817|AAC08817.1	55.56	9	4	0	8	16	80	88	0.43	18.9
Seq9176_955_bp_1_1_3	ENA|CAA29968|CAA29968.1	57.14	7	3	0	16	22	71	77	0.53	18.9
Seq9176_955_bp_1_1_3	ENA|AAA18786|AAA18786.1	60.00	5	2	0	13	17	260	264	0.72	18.9
Seq9176_955_bp_1_1_3	ENA|AAS77176|AAS77176.1	50.00	8	4	0	9	16	73	80	0.78	18.9
Seq9176_955_bp_1_1_3	ENA|CAA11507|CAA11507.1	66.67	6	2	0	4	9	1117	1122	0.89	20.9
Seq9176_955_bp_1_1_3	ENA|AAR37016|AAR37016.1	72.73	16	3	5	8	18	1093	1108	0.95	21.6
Seq9176_955_bp_1_1_3	ENA|AAI27517|AAI27517.1	57.14	7	3	0	17	23	209	215	1.6	18.9
Seq9176_955_bp_1_1_3	ENA|CAA29956|CAA29956.1	50.00	10	5	0	10	19	141	150	1.6	18.2
Seq9176_955_bp_1_1_3	ENA|ABD49687|ABD49687.1	66.67	6	2	0	11	16	840	845	1.8	20.3
Seq9176_955_bp_1_1_3	ENA|AAC26660|AAC26660.1	40.00	15	9	0	6	20	217	231	1.8	17.5
Seq9176_955_bp_1_1_3	ENA|ABK71357|ABK71357.1	66.67	6	2	0	18	23	185	190	2.6	17.5
Seq9176_955_bp_1_1_3	ENA|AAB26998|AAB26998.1	60.00	5	2	0	15	19	40	44	3.6	14.8
Seq9176_955_bp_1_1_3	ENA|AAB03707|AAB03707.1	100.00	3	0	0	12	14	643	645	3.6	18.9
Seq9176_955_bp_1_1_3	ENA|AAF79734|AAF79734.1	60.00	5	2	0	12	16	868	872	3.8	18.9
Seq9176_955_bp_1_1_3	ENA|ABN10845|ABN10845.1	50.00	6	3	0	12	17	160	165	3.8	16.1
Seq9176_955_bp_1_1_3	ENA|AAC97205|AAC97205.1	28.57	14	10	0	10	23	186	199	5.2	18.2
Seq9176_955_bp_1_1_3	ENA|CAA36214|CAA36214.1	37.50	8	5	0	6	13	275	282	5.3	16.1
Seq9176_955_bp_1_1_3	ENA|AAA32624|AAA32624.1	36.36	11	7	0	12	22	359	369	5.7	16.8
Seq9176_955_bp_1_1_3	ENA|CAA26023|CAA26023.1	44.44	9	5	0	1	9	118	126	6.6	16.1
Seq9176_955_bp_1_1_3	ENA|AAA42531|AAA42531.1	100.00	4	0	0	8	11	345	348	6.7	16.1
Seq9176_955_bp_1_1_3	ENA|AAC78721|AAC78721.1	44.44	9	5	0	6	14	237	245	7.2	16.8
Seq9176_955_bp_1_1_3	ENA|ABD33854|ABD33854.1	100.00	2	0	0	12	13	44	45	7.3	13.4
Seq9176_955_bp_1_1_3	ENA|CAL82360|CAL82360.1	28.57	7	5	0	11	17	1281	1287	8.4	17.5
Seq9176_955_bp_1_1_3	ENA|CAA28033|CAA28033.1	36.36	11	7	0	10	20	376	386	8.5	17.5
Seq9176_955_bp_1_1_3	ENA|CAA26939|CAA26939.1	44.44	9	5	0	12	20	407	415	9.6	16.1
Seq9176_955_bp_1_1_3	ENA|CAA45708|CAA45708.1	40.00	10	6	0	4	13	300	309	9.8	17.5
Seq9176_955_bp_1_1_4	ENA|AAA25966|AAA25966.1	54.55	11	5	0	4	14	711	721	0.83	20.6
Seq9176_955_bp_1_1_4	ENA|ABN10845|ABN10845.1	57.14	15	6	1	9	22	37	51	1.9	17.6
Seq9176_955_bp_1_1_4	ENA|AAA18786|AAA18786.1	62.50	8	3	0	10	17	96	103	2.3	17.6
Seq9176_955_bp_1_1_4	ENA|CAL82360|CAL82360.1	54.55	11	5	0	20	30	93	103	2.9	19.6
Seq9176_955_bp_1_1_4	ENA|AAB26998|AAB26998.1	60.00	10	4	0	18	27	37	46	5.2	14.7
Seq9176_955_bp_1_1_4	ENA|AAC17860|AAC17860.1	46.67	15	8	0	12	26	399	413	6.9	16.7
Seq9176_955_bp_1_1_4	ENA|AAA36114|AAA36114.1	31.25	16	11	0	9	24	340	355	8.4	16.7
Seq9176_955_bp_1_1_4	ENA|BAA32991|BAA32991.1	60.00	5	2	0	1	5	16	20	8.7	13.7
Seq9176_955_bp_1_1_5	ENA|AAC17860|AAC17860.1	53.85	13	6	0	34	46	75	87	0.57	21.0
Seq9176_955_bp_1_1_5	ENA|ABK71357|ABK71357.1	60.00	10	4	0	40	49	157	166	1	19.9
Seq9176_955_bp_1_1_5	ENA|CAB75732|CAB75732.1	53.85	13	6	0	33	45	131	143	1.1	21.5
Seq9176_955_bp_1_1_5	ENA|AAC49865|AAC49865.1	46.67	15	8	0	6	20	43	57	1.3	19.4
Seq9176_955_bp_1_1_5	ENA|AAC08817|AAC08817.1	71.43	7	2	0	40	46	61	67	1.8	17.8
Seq9176_955_bp_1_1_5	ENA|AAR31603|AAR31603.1	50.00	12	6	0	30	41	240	251	1.9	18.9
Seq9176_955_bp_1_1_5	ENA|AAC78721|AAC78721.1	50.00	12	6	0	38	49	264	275	2.7	19.4
Seq9176_955_bp_1_1_5	ENA|AAB96524|AAB96524.1	100.00	4	0	0	35	38	167	170	4.4	16.8
Seq9176_955_bp_1_1_5	ENA|AAA18786|AAA18786.1	30.77	13	9	0	33	45	25	37	4.4	17.3
Seq9176_955_bp_1_1_5	ENA|AAA42531|AAA42531.1	45.45	11	6	0	18	28	307	317	4.4	17.8
Seq9176_955_bp_1_1_5	ENA|CAL82360|CAL82360.1	34.78	23	15	0	14	36	992	1014	5	19.4
Seq9176_955_bp_1_1_5	ENA|CAA45708|CAA45708.1	75.00	8	2	0	39	46	1181	1188	5.9	19.4
Seq9176_955_bp_1_1_5	ENA|CAA29968|CAA29968.1	80.00	5	1	0	28	32	70	74	6.4	16.3
Seq9176_955_bp_1_1_5	ENA|AAA32624|AAA32624.1	60.00	5	2	0	2	6	512	516	8.3	17.3
Seq9176_955_bp_1_1_5	ENA|ABD49687|ABD49687.1	41.67	12	7	0	36	47	164	175	9.2	18.9
Seq9176_955_bp_1_1_5	ENA|BAA32991|BAA32991.1	40.00	5	3	0	32	36	24	28	9.2	14.2
Seq9176_955_bp_1_2_0	ENA|ABD33854|ABD33854.1	35.00	20	13	0	68	87	36	55	0.3	20.2
Seq9176_955_bp_1_2_0	ENA|AAA32624|AAA32624.1	32.20	63	40	4	8	69	115	174	2.4	20.2
Seq9176_955_bp_1_2_0	ENA|BAA32956|BAA32956.1	45.45	11	6	0	35	45	191	201	3.8	18.2
Seq9176_955_bp_1_2_0	ENA|AAB26998|AAB26998.1	66.67	6	2	0	85	90	73	78	4	16.7
Seq9176_955_bp_1_2_0	ENA|CAA24711|CAA24711.1	50.00	8	4	0	41	48	164	171	4.4	17.7
Seq9176_955_bp_1_2_0	ENA|AAB96524|AAB96524.1	40.00	10	6	0	29	38	168	177	4.7	17.7
Seq9176_955_bp_1_2_0	ENA|CAA11507|CAA11507.1	41.18	17	10	0	68	84	1169	1185	6	20.2
Seq9176_955_bp_1_2_0	ENA|ABD49687|ABD49687.1	30.00	20	14	0	36	55	429	448	7.5	20.2
Seq9176_955_bp_1_2_0	ENA|AAC78721|AAC78721.1	50.00	10	5	0	3	12	201	210	8.3	18.7
Seq9176_955_bp_1_2_0	ENA|BAA32991|BAA32991.1	100.00	3	0	0	78	80	27	29	9.5	15.2
Seq9176_955_bp_1_2_1	ENA|BAA32991|BAA32991.1	50.00	16	7	2	6	19	20	35	2.2	16.9
Seq9176_955_bp_1_2_1	ENA|AAC78721|AAC78721.1	53.85	13	6	0	31	43	508	520	3	19.8
Seq9176_955_bp_1_2_1	ENA|BAA32018|BAA32018.1	77.78	9	2	0	30	38	612	620	3.9	19.3
Seq9176_955_bp_1_2_1	ENA|CAA43419|CAA43419.1	66.67	9	3	0	41	49	53	61	8.1	17.4
Seq9176_955_bp_1_2_2	ENA|AAQ92751|AAQ92751.2	43.75	16	9	0	6	21	1292	1307	0.018	27.3
Seq9176_955_bp_1_2_2	ENA|CAA26023|CAA26023.1	66.67	9	3	0	18	26	188	196	0.19	22.0
Seq9176_955_bp_1_2_2	ENA|CAA26023|CAA26023.1	58.33	12	5	0	10	21	214	225	0.57	20.4
Seq9176_955_bp_1_2_2	ENA|AAB26998|AAB26998.1	28.57	7	5	0	6	12	44	50	4.4	15.1
Seq9176_955_bp_1_2_2	ENA|AAB66912|AAB66912.1	50.00	10	5	0	20	29	184	193	5.7	18.3
Seq9176_955_bp_1_2_2	ENA|CAA24711|CAA24711.1	60.00	5	2	0	24	28	13	17	9.2	15.1
Seq9176_955_bp_1_2_2	ENA|AAB96524|AAB96524.1	66.67	6	2	0	31	36	58	63	9.8	15.1
Seq9176_955_bp_1_2_3	ENA|AAC17860|AAC17860.1	46.15	13	7	0	28	40	194	206	0.24	22.3
Seq9176_955_bp_1_2_3	ENA|CAA24711|CAA24711.1	41.67	27	14	3	5	31	147	170	1.1	18.7
Seq9176_955_bp_1_2_3	ENA|BAA05866|BAA05866.1	37.50	34	20	2	1	32	65	98	2	18.7
Seq9176_955_bp_1_2_3	ENA|ABK71357|ABK71357.1	33.33	15	10	0	27	41	201	215	3.4	18.2
Seq9176_955_bp_1_2_3	ENA|ABD49687|ABD49687.1	66.67	9	3	0	41	49	891	899	3.9	20.2
Seq9176_955_bp_1_2_3	ENA|CAL82360|CAL82360.1	66.67	9	3	0	37	45	187	195	4.1	19.7
Seq9176_955_bp_1_2_3	ENA|AAQ92751|AAQ92751.2	60.00	10	4	0	21	30	417	426	4.4	19.7
Seq9176_955_bp_1_2_3	ENA|CAA26939|CAA26939.1	45.45	11	6	0	27	37	320	330	5.2	18.2
Seq9176_955_bp_1_2_3	ENA|CAA36214|CAA36214.1	50.00	8	4	0	28	35	133	140	7.7	16.7
Seq9176_955_bp_1_2_3	ENA|AAA24145|AAA24145.1	57.14	7	3	0	22	28	309	315	8.2	17.2
Seq9176_955_bp_1_2_4	ENA|ABD33854|ABD33854.1	50.00	10	5	0	26	35	30	39	6	14.4
Seq9176_955_bp_1_2_4	ENA|CAD53387|CAD53387.1	85.71	7	1	0	28	34	47	53	9.4	16.7
Seq9176_955_bp_-1_0_0	ENA|ACH70901|ACH70901.1	62.50	8	3	0	10	17	141	148	0.62	19.2
Seq9176_955_bp_-1_0_0	ENA|CAA45708|CAA45708.1	75.00	8	2	0	1	8	170	177	0.73	21.0
Seq9176_955_bp_-1_0_0	ENA|CAA43419|CAA43419.1	36.36	11	7	0	3	13	335	345	0.96	18.6
Seq9176_955_bp_-1_0_0	ENA|AAS77176|AAS77176.1	26.67	15	11	0	4	18	135	149	1.7	17.4
Seq9176_955_bp_-1_0_0	ENA|AAI27517|AAI27517.1	57.14	7	3	0	2	8	226	232	2.3	18.0
Seq9176_955_bp_-1_0_0	ENA|AAA18786|AAA18786.1	22.22	9	7	0	1	9	1	9	5.6	15.5
Seq9176_955_bp_-1_0_0	ENA|AAA36114|AAA36114.1	71.43	7	2	0	9	15	268	274	6.9	16.1
Seq9176_955_bp_-1_0_0	ENA|CAA11507|CAA11507.1	62.50	8	3	0	1	8	159	166	7.8	17.4
Seq9176_955_bp_-1_0_0	ENA|AAB66912|AAB66912.1	75.00	4	1	0	10	13	646	649	8.1	16.7
Seq9176_955_bp_-1_0_0	ENA|AAF79734|AAF79734.1	40.00	10	6	0	3	12	1257	1266	8.3	17.4
Seq9176_955_bp_-1_0_0	ENA|BAB17681|BAB17681.1	33.33	6	4	0	6	11	253	258	8.5	14.9
Seq9176_955_bp_-1_0_0	ENA|AAA36539|AAA36539.1	50.00	8	4	0	4	11	225	232	9.5	15.5
Seq9176_955_bp_-1_0_1	ENA|ABG75784|ABG75784.1	66.67	6	2	0	20	25	84	89	2.8	17.6
Seq9176_955_bp_-1_0_1	ENA|CAA45708|CAA45708.1	45.45	11	6	0	20	30	623	633	6.9	18.5
Seq9176_955_bp_-1_0_1	ENA|BAA32018|BAA32018.1	55.56	9	4	0	5	13	605	613	7.4	17.1
Seq9176_955_bp_-1_0_1	ENA|AAA42531|AAA42531.1	50.00	8	4	0	8	15	321	328	8.7	16.2
Seq9176_955_bp_-1_0_2	ENA|AAA25966|AAA25966.1	66.67	6	2	0	1	6	285	290	0.72	19.7
Seq9176_955_bp_-1_0_2	ENA|CAA43419|CAA43419.1	60.00	10	4	0	3	12	142	151	1.2	17.9
Seq9176_955_bp_-1_0_2	ENA|AAA18786|AAA18786.1	57.14	7	3	0	3	9	85	91	4.5	15.6
Seq9176_955_bp_-1_0_2	ENA|BAA05866|BAA05866.1	28.57	14	10	0	1	14	232	245	5.1	15.6
Seq9176_955_bp_-1_0_2	ENA|AAC49865|AAC49865.1	66.67	6	2	0	2	7	38	43	5.5	15.6
Seq9176_955_bp_-1_0_2	ENA|AAA32624|AAA32624.1	57.14	7	3	0	9	15	508	514	5.8	16.2
Seq9176_955_bp_-1_0_2	ENA|CAA73529|CAA73529.1	40.00	10	6	0	4	13	30	39	6.8	15.0
Seq9176_955_bp_-1_0_2	ENA|AAA36114|AAA36114.1	50.00	8	4	0	3	10	480	487	8.2	15.6
Seq9176_955_bp_-1_0_3	ENA|CAA28033|CAA28033.1	54.55	11	5	0	1	11	673	683	0.5	21.4
Seq9176_955_bp_-1_0_3	ENA|ACH70901|ACH70901.1	40.00	15	9	0	5	19	333	347	0.55	19.5
Seq9176_955_bp_-1_0_3	ENA|CAA45199|CAA45199.1	80.00	5	1	0	12	16	236	240	0.71	19.5
Seq9176_955_bp_-1_0_3	ENA|BAA05866|BAA05866.1	83.33	6	1	0	13	18	19	24	0.73	18.8
Seq9176_955_bp_-1_0_3	ENA|AAA42531|AAA42531.1	57.14	7	3	0	6	12	275	281	0.92	18.8
Seq9176_955_bp_-1_0_3	ENA|CAL82360|CAL82360.1	45.45	11	6	0	1	11	664	674	1.9	19.5
Seq9176_955_bp_-1_0_3	ENA|AAB66912|AAB66912.1	66.67	6	2	0	8	13	495	500	2.2	18.8
Seq9176_955_bp_-1_0_3	ENA|AAI27517|AAI27517.1	50.00	8	4	0	7	14	165	172	2.2	18.1
Seq9176_955_bp_-1_0_3	ENA|BAB17681|BAB17681.1	87.50	9	1	1	10	18	190	197	2.5	16.8
Seq9176_955_bp_-1_0_3	ENA|ABD49687|ABD49687.1	83.33	6	1	0	1	6	791	796	2.6	19.5
Seq9176_955_bp_-1_0_3	ENA|AAA36539|AAA36539.1	33.33	9	6	0	4	12	311	319	2.8	17.5
Seq9176_955_bp_-1_0_3	ENA|AAC97205|AAC97205.1	60.00	5	2	0	11	15	182	186	2.9	18.8
Seq9176_955_bp_-1_0_3	ENA|BAB79260|BAB79260.1	40.00	16	9	1	4	18	398	413	4.1	16.8
Seq9176_955_bp_-1_0_3	ENA|AAS77176|AAS77176.1	57.14	7	3	0	2	8	76	82	4.2	16.2
Seq9176_955_bp_-1_0_3	ENA|CAA36214|CAA36214.1	66.67	6	2	0	1	6	74	79	4.4	16.2
Seq9176_955_bp_-1_0_3	ENA|CAA29968|CAA29968.1	36.36	11	7	0	2	12	92	102	4.4	15.5
Seq9176_955_bp_-1_0_3	ENA|AAB26998|AAB26998.1	60.00	5	2	0	13	17	2	6	4.5	14.2
Seq9176_955_bp_-1_0_3	ENA|AAB03707|AAB03707.1	66.67	6	2	0	14	19	201	206	5	18.1
Seq9176_955_bp_-1_0_3	ENA|AAQ92751|AAQ92751.2	44.44	9	5	0	11	19	943	951	5	18.1
Seq9176_955_bp_-1_0_3	ENA|ABK71357|ABK71357.1	100.00	3	0	0	13	15	361	363	5.3	16.2
Seq9176_955_bp_-1_0_3	ENA|CAA26023|CAA26023.1	66.67	6	2	0	14	19	225	230	5.5	16.2
Seq9176_955_bp_-1_0_3	ENA|CAA24711|CAA24711.1	50.00	6	3	0	1	6	136	141	6.1	14.8
Seq9176_955_bp_-1_0_3	ENA|CAA73529|CAA73529.1	50.00	6	3	0	8	13	180	185	6.1	15.5
Seq9176_955_bp_-1_0_3	ENA|AAA24145|AAA24145.1	30.00	10	7	0	8	17	326	335	6.5	16.2
Seq9176_955_bp_-1_0_3	ENA|AAC40132|AAC40132.1	42.86	7	4	0	11	17	234	240	6.7	16.2
Seq9176_955_bp_-1_0_3	ENA|AAC49865|AAC49865.1	100.00	3	0	0	12	14	191	193	7.3	15.5
Seq9176_955_bp_-1_0_3	ENA|BAA32956|BAA32956.1	45.45	11	6	0	1	11	44	54	7.4	14.8
Seq9176_955_bp_-1_0_3	ENA|CAA26939|CAA26939.1	75.00	4	1	0	5	8	310	313	8	16.2
Seq9176_955_bp_-1_0_3	ENA|CAA43419|CAA43419.1	55.56	9	4	0	5	13	148	156	8.1	15.5
Seq9176_955_bp_-1_0_4	ENA|ABD49687|ABD49687.1	53.33	15	7	0	1	15	57	71	0.38	23.8
Seq9176_955_bp_-1_0_4	ENA|ABD33854|ABD33854.1	57.14	7	3	0	20	26	48	54	7	14.7
Seq9176_955_bp_-1_0_4	ENA|AAA25966|AAA25966.1	50.00	14	6	2	10	21	305	318	8.6	17.9
Seq9176_955_bp_-1_0_4	ENA|AAC26660|AAC26660.1	41.67	12	7	0	37	48	164	175	9.1	16.3
Seq9176_955_bp_-1_0_4	ENA|AAB96524|AAB96524.1	23.53	17	13	0	26	42	91	107	9.5	15.8
Seq9176_955_bp_-1_0_5	ENA|BAA05866|BAA05866.1	35.00	20	13	0	1	20	162	181	0.78	19.5
Seq9176_955_bp_-1_0_5	ENA|AAC49865|AAC49865.1	45.45	11	6	0	10	20	19	29	0.83	19.5
Seq9176_955_bp_-1_0_5	ENA|AAR37016|AAR37016.1	44.44	18	10	0	14	31	1548	1565	1.4	21.6
Seq9176_955_bp_-1_0_5	ENA|ABD49687|ABD49687.1	29.17	25	17	1	8	31	1519	1543	1.4	21.1
Seq9176_955_bp_-1_0_5	ENA|BAA32991|BAA32991.1	38.46	13	8	0	12	24	17	29	3.2	15.3
Seq9176_955_bp_-1_0_5	ENA|CAA11507|CAA11507.1	50.00	10	5	0	12	21	858	867	3.4	19.5
Seq9176_955_bp_-1_0_5	ENA|AAA42531|AAA42531.1	44.44	9	5	0	24	32	132	140	4.1	17.4
Seq9176_955_bp_-1_0_5	ENA|ACT10338|ACT10338.1	31.25	16	11	0	1	16	104	119	4.1	17.4
Seq9176_955_bp_-1_0_5	ENA|ABD33854|ABD33854.1	50.00	6	3	0	19	24	43	48	4.2	14.7
Seq9176_955_bp_-1_0_5	ENA|BAA32956|BAA32956.1	50.00	6	3	0	26	31	161	166	6.6	15.8
Seq9176_955_bp_-1_0_5	ENA|AAC08817|AAC08817.1	57.14	7	3	0	23	29	116	122	9.9	14.7
Seq9176_955_bp_-1_0_6	ENA|ACT10338|ACT10338.1	50.00	14	7	0	45	58	74	87	1.6	19.7
Seq9176_955_bp_-1_0_6	ENA|AAC17860|AAC17860.1	23.53	17	13	0	16	32	398	414	3.4	18.6
Seq9176_955_bp_-1_0_6	ENA|ACH70901|ACH70901.1	57.14	7	3	0	15	21	97	103	4.2	18.1
Seq9176_955_bp_-1_0_6	ENA|BAA32991|BAA32991.1	100.00	3	0	0	4	6	32	34	4.8	15.5
Seq9176_955_bp_-1_0_6	ENA|CAL82360|CAL82360.1	33.33	21	14	0	41	61	949	969	7.2	19.2
Seq9176_955_bp_-1_0_6	ENA|ABG75784|ABG75784.1	33.33	24	16	0	25	48	268	291	7.3	17.1
Seq9176_955_bp_-1_0_6	ENA|AAR31603|AAR31603.1	37.50	8	5	0	21	28	20	27	7.7	17.1
Seq9176_955_bp_-1_0_6	ENA|CAA26023|CAA26023.1	50.00	8	4	0	47	54	219	226	8.8	17.1
Seq9176_955_bp_-1_0_6	ENA|CAA36214|CAA36214.1	63.64	13	4	2	36	46	210	222	9.9	16.6
Seq9176_955_bp_-1_0_6	ENA|BAA32018|BAA32018.1	50.00	15	7	1	34	48	88	101	10	17.6
Seq9176_955_bp_-1_0_7	ENA|BAB79260|BAB79260.1	57.14	7	3	0	1	7	159	165	0.87	18.2
Seq9176_955_bp_-1_0_7	ENA|ABD49687|ABD49687.1	57.14	7	3	0	4	10	1048	1054	1.2	19.6
Seq9176_955_bp_-1_0_7	ENA|BAA05866|BAA05866.1	80.00	5	1	0	5	9	16	20	2.5	16.1
Seq9176_955_bp_-1_0_7	ENA|CAL82360|CAL82360.1	50.00	8	4	0	3	10	681	688	3.9	17.5
Seq9176_955_bp_-1_0_7	ENA|AAB03707|AAB03707.1	62.50	8	3	0	3	10	896	903	4.2	17.5
Seq9176_955_bp_-1_0_7	ENA|AAA36114|AAA36114.1	37.50	8	5	0	3	10	286	293	6.4	15.4
Seq9176_955_bp_-1_0_7	ENA|AAB26998|AAB26998.1	42.86	7	4	0	2	8	6	12	6.8	12.6
Seq9176_955_bp_-1_0_7	ENA|CAA26939|CAA26939.1	50.00	6	3	0	1	6	114	119	7.1	15.4
Seq9176_955_bp_-1_0_7	ENA|ACT10338|ACT10338.1	80.00	5	1	0	5	9	276	280	7.8	14.7
Seq9176_955_bp_-1_0_8	ENA|AAR31603|AAR31603.1	50.00	12	6	0	28	39	81	92	1.1	19.7
Seq9176_955_bp_-1_0_8	ENA|AAA42531|AAA42531.1	25.81	32	23	1	9	40	121	151	1.9	19.2
Seq9176_955_bp_-1_0_8	ENA|BAA32991|BAA32991.1	28.57	22	15	1	27	48	26	46	5.5	15.1
Seq9176_955_bp_-1_0_8	ENA|CAA29968|CAA29968.1	75.00	8	2	0	35	42	19	26	7.5	16.1
Seq9176_955_bp_-1_0_8	ENA|AAB26998|AAB26998.1	44.44	9	5	0	41	49	55	63	8.7	14.5
Seq9176_955_bp_-1_1_0	ENA|AAA36114|AAA36114.1	40.91	22	13	0	69	90	64	85	0.54	23.7
Seq9176_955_bp_-1_1_0	ENA|ABD49687|ABD49687.1	47.37	19	10	0	54	72	226	244	0.6	25.3
Seq9176_955_bp_-1_1_0	ENA|AAC26660|AAC26660.1	41.67	12	7	0	237	248	217	228	0.8	22.1
Seq9176_955_bp_-1_1_0	ENA|AAA25966|AAA25966.1	27.50	41	29	1	76	116	217	256	1.1	23.2
Seq9176_955_bp_-1_1_0	ENA|ABK71357|ABK71357.1	41.18	17	10	0	110	126	65	81	1.2	22.1
Seq9176_955_bp_-1_1_0	ENA|AAR31603|AAR31603.1	75.00	8	2	0	232	239	77	84	1.5	21.6
Seq9176_955_bp_-1_1_0	ENA|AAF79734|AAF79734.1	26.42	55	39	2	111	165	183	235	1.5	23.7
Seq9176_955_bp_-1_1_0	ENA|ABN10845|ABN10845.1	37.50	16	10	0	153	168	32	47	2.9	20.0
Seq9176_955_bp_-1_1_0	ENA|ACT10338|ACT10338.1	32.35	35	23	1	142	175	322	356	5.1	20.0
Seq9176_955_bp_-1_1_0	ENA|BAA36759|BAA36759.1	55.56	9	4	0	151	159	77	85	5.4	19.5
Seq9176_955_bp_-1_1_0	ENA|CAA11507|CAA11507.1	61.54	13	5	0	64	76	1049	1061	5.9	21.6
Seq9176_955_bp_-1_1_0	ENA|AAB26998|AAB26998.1	50.00	15	7	1	18	32	18	31	6.3	17.4
Seq9176_955_bp_-1_1_0	ENA|CAA45708|CAA45708.1	32.65	51	33	2	103	151	1308	1358	6.6	21.6
Seq9176_955_bp_-1_1_0	ENA|EDO47375|EDO47375.1	60.00	10	4	0	230	239	122	131	7.2	18.4
Seq9176_955_bp_-1_1_0	ENA|AAA24145|AAA24145.1	42.86	14	8	0	6	19	41	54	8.4	19.5
Seq9176_955_bp_-1_1_0	ENA|AAC08817|AAC08817.1	62.50	8	3	0	241	248	134	141	8.5	17.9
Seq9176_955_bp_-1_1_0	ENA|AAR37016|AAR37016.1	47.06	17	9	0	212	228	59	75	9.8	21.6
Seq9176_955_bp_-1_1_1	ENA|AAC08817|AAC08817.1	63.64	11	4	0	25	35	6	16	0.17	20.9
Seq9176_955_bp_-1_1_1	ENA|BAA05866|BAA05866.1	63.64	11	4	0	22	32	27	37	0.34	20.9
Seq9176_955_bp_-1_1_1	ENA|AAA72732|AAA72732.1	33.33	15	10	0	13	27	35	49	0.51	20.4
Seq9176_955_bp_-1_1_1	ENA|ABD49687|ABD49687.1	42.86	14	8	0	14	27	58	71	0.86	22.1
Seq9176_955_bp_-1_1_1	ENA|AAB26998|AAB26998.1	57.14	7	3	0	6	12	53	59	0.92	17.5
Seq9176_955_bp_-1_1_1	ENA|AAC17860|AAC17860.1	50.00	12	6	0	3	14	319	330	0.99	19.8
Seq9176_955_bp_-1_1_1	ENA|AAA24145|AAA24145.1	40.00	15	9	0	2	16	39	53	1.1	19.8
Seq9176_955_bp_-1_1_1	ENA|AAC49865|AAC49865.1	25.00	24	18	0	12	35	280	303	1.7	18.7
Seq9176_955_bp_-1_1_1	ENA|AAC78721|AAC78721.1	33.33	18	12	0	4	21	363	380	3.5	18.7
Seq9176_955_bp_-1_1_1	ENA|AAC40132|AAC40132.1	41.67	12	7	0	27	38	468	479	5.4	17.5
Seq9176_955_bp_-1_1_1	ENA|AAA18786|AAA18786.1	37.50	8	5	0	32	39	257	264	6.5	16.4
Seq9176_955_bp_-1_1_1	ENA|CAA29956|CAA29956.1	66.67	6	2	0	34	39	241	246	9	16.4
Seq9176_955_bp_-1_1_1	ENA|AAI27517|AAI27517.1	40.00	21	12	1	18	38	482	501	9.5	17.0
Seq9176_955_bp_-1_1_2	ENA|AAR31603|AAR31603.1	50.00	6	3	0	1	6	306	311	0.03	23.2
Seq9176_955_bp_-1_1_2	ENA|BAA05866|BAA05866.1	45.45	11	6	0	3	13	173	183	0.044	22.5
Seq9176_955_bp_-1_1_2	ENA|AAR37016|AAR37016.1	50.00	14	7	0	1	14	1393	1406	0.13	23.9
Seq9176_955_bp_-1_1_2	ENA|AAA25966|AAA25966.1	100.00	4	0	0	1	4	369	372	0.27	21.2
Seq9176_955_bp_-1_1_2	ENA|AAI27517|AAI27517.1	44.44	9	5	0	1	9	517	525	0.35	20.5
Seq9176_955_bp_-1_1_2	ENA|AAI27517|AAI27517.1	50.00	6	3	0	1	6	104	109	0.56	19.8
Seq9176_955_bp_-1_1_2	ENA|CAA45708|CAA45708.1	100.00	4	0	0	1	4	1024	1027	0.56	21.2
Seq9176_955_bp_-1_1_2	ENA|CAA36214|CAA36214.1	45.45	11	6	0	2	12	9	19	1.2	17.8
Seq9176_955_bp_-1_1_2	ENA|BAA36759|BAA36759.1	40.00	11	6	1	1	10	151	161	1.7	17.1
Seq9176_955_bp_-1_1_2	ENA|BAB79260|BAB79260.1	66.67	6	2	0	4	9	101	106	2.7	17.1
Seq9176_955_bp_-1_1_2	ENA|AAA24145|AAA24145.1	50.00	6	3	0	2	7	165	170	2.8	17.1
Seq9176_955_bp_-1_1_2	ENA|AAB96524|AAB96524.1	37.50	8	5	0	4	11	88	95	2.8	15.8
Seq9176_955_bp_-1_1_2	ENA|CAA11507|CAA11507.1	44.44	9	5	0	7	15	1045	1053	3.2	18.5
Seq9176_955_bp_-1_1_2	ENA|BAA32956|BAA32956.1	44.44	9	5	0	1	9	164	172	3.2	15.8
Seq9176_955_bp_-1_1_2	ENA|AAF79734|AAF79734.1	66.67	6	2	0	7	12	1272	1277	3.4	18.5
Seq9176_955_bp_-1_1_2	ENA|CAA26939|CAA26939.1	37.50	8	5	0	4	11	285	292	3.4	17.1
Seq9176_955_bp_-1_1_2	ENA|ACH70901|ACH70901.1	60.00	5	2	0	2	6	261	265	3.4	16.4
Seq9176_955_bp_-1_1_2	ENA|ABK71357|ABK71357.1	44.44	9	5	0	1	9	77	85	3.5	16.4
Seq9176_955_bp_-1_1_2	ENA|AAC08817|AAC08817.1	75.00	4	1	0	1	4	24	27	3.8	15.1
Seq9176_955_bp_-1_1_2	ENA|CAD53387|CAD53387.1	75.00	4	1	0	1	4	467	470	4.7	16.4
Seq9176_955_bp_-1_1_2	ENA|AAC49865|AAC49865.1	28.57	7	5	0	2	8	284	290	4.9	15.8
Seq9176_955_bp_-1_1_2	ENA|CAA29956|CAA29956.1	100.00	3	0	0	2	4	39	41	5.6	15.8
Seq9176_955_bp_-1_1_2	ENA|BAA32018|BAA32018.1	100.00	4	0	0	10	13	175	178	5.8	16.4
Seq9176_955_bp_-1_1_2	ENA|AAC26660|AAC26660.1	66.67	3	1	0	3	5	57	59	6	15.1
Seq9176_955_bp_-1_1_2	ENA|AAS77176|AAS77176.1	55.56	9	4	0	7	15	163	171	6.8	15.1
Seq9176_955_bp_-1_1_2	ENA|CAA45199|CAA45199.1	100.00	3	0	0	2	4	48	50	6.9	15.8
Seq9176_955_bp_-1_1_2	ENA|CAA29968|CAA29968.1	66.67	6	2	0	1	6	108	113	7.2	14.4
Seq9176_955_bp_-1_1_2	ENA|AAA32624|AAA32624.1	27.27	11	8	0	1	11	235	245	7.6	15.8
Seq9176_955_bp_-1_1_2	ENA|AAQ92751|AAQ92751.2	44.44	9	5	0	5	13	459	467	7.9	17.1
Seq9176_955_bp_-1_1_2	ENA|CAA73529|CAA73529.1	60.00	5	2	0	1	5	154	158	9.9	14.4
Seq9176_955_bp_-1_2_0	ENA|AAR31603|AAR31603.1	66.67	9	3	0	13	21	12	20	2.2	17.7
Seq9176_955_bp_-1_2_0	ENA|AAB96524|AAB96524.1	52.94	18	8	1	9	25	49	66	7.9	14.9
Seq9176_955_bp_-1_2_0	ENA|EDO47375|EDO47375.1	63.64	12	4	1	11	22	120	130	8	14.9
Seq9176_955_bp_-1_2_1	ENA|ABD33854|ABD33854.1	57.14	7	3	0	3	9	50	56	0.52	16.2
Seq9176_955_bp_-1_2_1	ENA|CAA29968|CAA29968.1	57.14	7	3	0	4	10	89	95	0.66	17.5
Seq9176_955_bp_-1_2_1	ENA|AAI27517|AAI27517.1	83.33	6	1	0	1	6	370	375	2	17.5
Seq9176_955_bp_-1_2_1	ENA|CAA24711|CAA24711.1	66.67	6	2	0	5	10	129	134	2.1	15.6
Seq9176_955_bp_-1_2_1	ENA|AAS77176|AAS77176.1	60.00	10	4	0	1	10	13	22	2.3	16.2
Seq9176_955_bp_-1_2_1	ENA|ABG75784|ABG75784.1	66.67	6	2	0	5	10	207	212	2.5	16.2
Seq9176_955_bp_-1_2_1	ENA|AAB03707|AAB03707.1	50.00	8	4	0	3	10	924	931	3	18.1
Seq9176_955_bp_-1_2_1	ENA|CAA45708|CAA45708.1	71.43	7	2	0	3	9	1157	1163	3.3	18.1
Seq9176_955_bp_-1_2_1	ENA|AAA24145|AAA24145.1	57.14	7	3	0	4	10	33	39	5.5	15.6
Seq9176_955_bp_-1_2_1	ENA|AAA25966|AAA25966.1	80.00	5	1	0	3	7	499	503	5.6	16.2
Seq9176_955_bp_-1_2_1	ENA|CAA43419|CAA43419.1	57.14	7	3	0	2	8	43	49	6.7	15.0
Seq9176_955_bp_-1_2_1	ENA|CAA26023|CAA26023.1	66.67	6	2	0	6	11	96	101	7	15.0
Seq9176_955_bp_-1_2_1	ENA|AAA42531|AAA42531.1	42.86	7	4	0	4	10	280	286	7.1	15.0
Seq9176_955_bp_-1_2_1	ENA|AAB66912|AAB66912.1	50.00	10	5	0	1	10	16	25	7.1	16.2
Seq9176_955_bp_-1_2_1	ENA|AAF79734|AAF79734.1	100.00	4	0	0	3	6	733	736	7.2	16.9
Seq9176_955_bp_-1_2_1	ENA|CAB75732|CAB75732.1	37.50	8	5	0	1	8	125	132	8.7	16.2
Seq9176_955_bp_-1_2_2	ENA|CAD53387|CAD53387.1	55.56	9	4	0	30	38	469	477	0.69	21.3
Seq9176_955_bp_-1_2_2	ENA|ABD49687|ABD49687.1	41.18	17	10	0	30	46	1103	1119	0.84	22.8
Seq9176_955_bp_-1_2_2	ENA|AAA18786|AAA18786.1	43.75	16	9	0	34	49	37	52	1.4	19.3
Seq9176_955_bp_-1_2_2	ENA|AAI27517|AAI27517.1	62.50	8	3	0	24	31	393	400	4.4	18.8
Seq9176_955_bp_-1_2_2	ENA|AAR37016|AAR37016.1	50.00	12	6	0	1	12	1870	1881	4.4	20.8
Seq9176_955_bp_-1_2_2	ENA|AAB03707|AAB03707.1	47.06	17	9	0	10	26	227	243	5.1	19.8
Seq9176_955_bp_-1_2_2	ENA|AAC08817|AAC08817.1	57.14	7	3	0	33	39	79	85	6.3	16.3
Seq9176_955_bp_-1_2_2	ENA|CAA36714|CAA36714.1	45.45	11	6	0	35	45	131	141	6.7	17.8
Seq9176_955_bp_-1_2_2	ENA|AAB66912|AAB66912.1	45.00	22	11	2	29	49	802	822	6.7	18.8
Seq9176_955_bp_-1_2_2	ENA|AAC78721|AAC78721.1	41.67	12	7	0	31	42	358	369	6.9	18.3
Seq9176_955_bp_-1_2_3	ENA|AAB03707|AAB03707.1	38.46	13	8	0	9	21	245	257	0.97	20.9
Seq9176_955_bp_-1_2_3	ENA|CAA26023|CAA26023.1	55.56	9	4	0	11	19	95	103	1.9	18.2
Seq9176_955_bp_-1_2_3	ENA|AAB66912|AAB66912.1	50.00	8	4	0	5	12	543	550	3	18.7
Seq9176_955_bp_-1_2_3	ENA|AAF79734|AAF79734.1	30.43	24	16	1	1	23	942	965	4.7	18.7
Seq9176_955_bp_-1_2_3	ENA|AAC40132|AAC40132.1	50.00	8	4	0	16	23	67	74	4.9	17.0
Seq9176_955_bp_-1_2_3	ENA|EDO47375|EDO47375.1	60.00	5	2	0	1	5	121	125	8.7	14.8
Seq9176_955_bp_-1_2_3	ENA|AAC17860|AAC17860.1	57.14	7	3	0	13	19	37	43	8.8	15.9
Seq9176_955_bp_-1_2_3	ENA|AAA24145|AAA24145.1	50.00	6	3	0	16	21	452	457	9.8	15.9
Seq9176_955_bp_-1_2_3	ENA|ABN10845|ABN10845.1	80.00	5	1	0	16	20	195	199	10	14.8
Seq9176_955_bp_-1_2_4	ENA|CAL82360|CAL82360.1	25.81	31	23	0	6	36	1261	1291	1.6	21.6
Seq9176_955_bp_-1_2_4	ENA|ABN10845|ABN10845.1	40.00	15	9	0	10	24	107	121	1.6	19.1
Seq9176_955_bp_-1_2_4	ENA|CAA73529|CAA73529.1	71.43	7	2	0	3	9	39	45	4	18.0
Seq9176_955_bp_-1_2_4	ENA|AAC97205|AAC97205.1	83.33	6	1	0	31	36	973	978	4.4	20.1
Seq9176_955_bp_-1_2_4	ENA|CAA45199|CAA45199.1	35.71	14	9	0	55	68	152	165	4.8	18.6
Seq9176_955_bp_-1_2_4	ENA|AAC78721|AAC78721.1	62.50	8	3	0	22	29	72	79	6.8	18.6
Seq9176_955_bp_-1_2_4	ENA|AAC40132|AAC40132.1	21.43	14	11	0	25	38	411	424	6.8	18.0
Seq9176_955_bp_-1_2_4	ENA|EDO47375|EDO47375.1	38.89	20	11	2	11	28	160	179	7.8	16.5
Seq9176_955_bp_-1_2_4	ENA|CAA36214|CAA36214.1	41.67	12	7	0	2	13	172	183	8.7	17.0
Seq9176_955_bp_-1_2_4	ENA|AAC49865|AAC49865.1	66.67	6	2	0	51	56	131	136	9.4	17.0
Seq9176_955_bp_-1_2_5	ENA|AAI27517|AAI27517.1	54.55	11	5	0	10	20	419	429	0.15	22.8
Seq9176_955_bp_-1_2_5	ENA|AAB96524|AAB96524.1	66.67	6	2	0	19	24	53	58	0.27	20.2
Seq9176_955_bp_-1_2_5	ENA|ABN10845|ABN10845.1	50.00	8	4	0	15	22	54	61	0.5	19.6
Seq9176_955_bp_-1_2_5	ENA|AAA36539|AAA36539.1	45.45	11	6	0	19	29	258	268	0.69	20.2
Seq9176_955_bp_-1_2_5	ENA|CAA26023|CAA26023.1	100.00	4	0	0	24	27	123	126	2.1	18.3
Seq9176_955_bp_-1_2_5	ENA|AAR37016|AAR37016.1	44.44	19	10	1	3	21	1574	1591	2.2	20.9
Seq9176_955_bp_-1_2_5	ENA|BAA32956|BAA32956.1	66.67	6	2	0	9	14	78	83	2.8	17.0
Seq9176_955_bp_-1_2_5	ENA|CAA26939|CAA26939.1	71.43	8	2	1	10	17	568	574	3.1	18.3
Seq9176_955_bp_-1_2_5	ENA|AAA25966|AAA25966.1	38.89	20	11	2	9	28	101	118	3.9	18.3
Seq9176_955_bp_-1_2_5	ENA|ABG75784|ABG75784.1	50.00	11	5	1	20	30	243	252	4.1	17.0
Seq9176_955_bp_-1_2_5	ENA|CAD53387|CAD53387.1	50.00	8	4	0	3	10	27	34	4.2	17.6
Seq9176_955_bp_-1_2_5	ENA|CAA45708|CAA45708.1	33.33	12	8	0	20	31	622	633	5.2	18.9
Seq9176_955_bp_-1_2_5	ENA|BAA32991|BAA32991.1	75.00	4	1	0	18	21	32	35	5.3	14.4
Seq9176_955_bp_-1_2_5	ENA|BAB79260|BAB79260.1	50.00	6	3	0	22	27	173	178	5.9	17.0
Seq9176_955_bp_-1_2_5	ENA|AAB03707|AAB03707.1	43.75	16	9	0	8	23	923	938	7.2	18.3
Seq9176_955_bp_-1_2_5	ENA|AAC17860|AAC17860.1	50.00	8	4	0	24	31	349	356	8.1	16.3
Seq9176_955_bp_-1_2_5	ENA|AAC78721|AAC78721.1	57.14	7	3	0	17	23	107	113	8.5	17.0
Seq9176_955_bp_-1_2_5	ENA|ABD49687|ABD49687.1	50.00	10	5	0	12	21	222	231	8.8	18.3
Seq9176_955_bp_-1_2_5	ENA|AAB26998|AAB26998.1	37.50	8	5	0	6	13	46	53	9.2	13.8
Seq9176_955_bp_-1_2_5	ENA|CAA29968|CAA29968.1	54.55	13	5	2	9	19	88	100	9.3	15.1
Seq9176_955_bp_-1_2_5	ENA|AAC97205|AAC97205.1	25.00	24	18	0	7	30	1198	1221	9.8	17.6
Seq9176_955_bp_-1_2_6	ENA|BAB79260|BAB79260.1	35.29	17	11	0	5	21	410	426	0.05	23.5
Seq9176_955_bp_-1_2_6	ENA|ABD33854|ABD33854.1	66.67	6	2	0	12	17	39	44	0.4	17.6
Seq9176_955_bp_-1_2_6	ENA|BAA32956|BAA32956.1	50.00	8	4	0	11	18	148	155	0.87	18.2
Seq9176_955_bp_-1_2_6	ENA|BAA32991|BAA32991.1	42.86	7	4	0	1	7	10	16	1.4	15.9
Seq9176_955_bp_-1_2_6	ENA|CAA26939|CAA26939.1	75.00	4	1	0	17	20	18	21	3.5	17.6
Seq9176_955_bp_-1_2_6	ENA|AAF79734|AAF79734.1	35.71	14	9	0	1	14	1071	1084	3.9	18.8
Seq9176_955_bp_-1_2_6	ENA|BAA05866|BAA05866.1	33.33	9	6	0	1	9	148	156	4.1	16.5
Seq9176_955_bp_-1_2_6	ENA|AAA24145|AAA24145.1	60.00	5	2	0	1	5	94	98	6.1	16.5
Seq9176_955_bp_-1_2_6	ENA|AAA72732|AAA72732.1	55.56	9	4	0	8	16	192	200	9	15.3
Seq9176_955_bp_-1_2_6	ENA|ABG75784|ABG75784.1	66.67	6	2	0	9	14	195	200	9	15.3
Seq9176_955_bp_-1_2_6	ENA|ABD49687|ABD49687.1	50.00	6	3	0	13	18	1359	1364	9.8	17.6
Seq9176_955_bp_-1_2_6	ENA|AAA32624|AAA32624.1	46.15	14	7	1	3	15	475	488	10	15.9
Seq9176_955_bp_-1_2_7	ENA|ABK71357|ABK71357.1	33.33	15	10	0	2	16	86	100	0.71	20.0
Seq9176_955_bp_-1_2_7	ENA|BAA32018|BAA32018.1	35.71	14	9	0	1	14	439	452	0.83	20.5
Seq9176_955_bp_-1_2_7	ENA|AAC78721|AAC78721.1	37.50	24	15	0	4	27	57	80	1.8	19.5
Seq9176_955_bp_-1_2_7	ENA|BAA05866|BAA05866.1	57.14	7	3	0	9	15	214	220	2.5	17.9
Seq9176_955_bp_-1_2_7	ENA|EDO47375|EDO47375.1	50.00	10	5	0	16	25	115	124	3.2	16.8
Seq9176_955_bp_-1_2_7	ENA|ABG75784|ABG75784.1	40.00	10	6	0	23	32	117	126	3.6	17.3
Seq9176_955_bp_-1_2_7	ENA|AAA36539|AAA36539.1	28.57	14	10	0	1	14	439	452	5.5	17.3
Seq9176_955_bp_-1_2_7	ENA|CAD53387|CAD53387.1	42.86	7	4	0	10	16	484	490	8.1	16.8
Seq9176_955_bp_-1_2_7	ENA|AAA18786|AAA18786.1	100.00	4	0	0	12	15	65	68	8.9	15.8
Seq9176_955_bp_-1_2_7	ENA|CAA29968|CAA29968.1	57.14	7	3	0	29	35	83	89	9.3	15.2
