Seq10064_92_bp_1_0_0	ENA|BAA32956|BAA32956.1	75.00	4	1	0	1	4	25	28	0.15	19.7
Seq10064_92_bp_1_0_0	ENA|CCP43727|CCP43727.1	75.00	4	1	0	1	4	135	138	0.24	19.7
Seq10064_92_bp_1_0_0	ENA|AAC08817|AAC08817.1	66.67	7	2	1	3	8	83	89	0.31	18.3
Seq10064_92_bp_1_0_0	ENA|AAC08817|AAC08817.1	50.00	6	3	0	3	8	118	123	0.52	17.6
Seq10064_92_bp_1_0_0	ENA|BAA05866|BAA05866.1	71.43	7	2	0	5	11	127	133	0.37	19.0
Seq10064_92_bp_1_0_0	ENA|AAB26998|AAB26998.1	60.00	5	2	0	6	10	40	44	0.7	16.1
Seq10064_92_bp_1_0_0	ENA|ABD49687|ABD49687.1	50.00	8	4	0	2	9	1044	1051	0.74	20.5
Seq10064_92_bp_1_0_0	ENA|CAA45199|CAA45199.1	50.00	6	3	0	4	9	385	390	0.93	18.3
Seq10064_92_bp_1_0_0	ENA|AAB03707|AAB03707.1	75.00	4	1	0	1	4	1390	1393	0.99	19.7
Seq10064_92_bp_1_0_0	ENA|AAA32624|AAA32624.1	100.00	3	0	0	1	3	396	398	1	18.3
Seq10064_92_bp_1_0_0	ENA|ABK71357|ABK71357.1	66.67	3	1	0	4	6	352	354	1.2	17.6
Seq10064_92_bp_1_0_0	ENA|AAA24145|AAA24145.1	42.86	7	4	0	1	7	309	315	1.5	17.6
Seq10064_92_bp_1_0_0	ENA|CAA36714|CAA36714.1	66.67	3	1	0	2	4	433	435	1.5	17.6
Seq10064_92_bp_1_0_0	ENA|CAA26939|CAA26939.1	60.00	5	2	0	4	8	351	355	1.8	17.6
Seq10064_92_bp_1_0_0	ENA|AAI27517|AAI27517.1	75.00	4	1	0	5	8	296	299	1.9	17.6
Seq10064_92_bp_1_0_0	ENA|BAB17681|BAB17681.1	75.00	4	1	0	3	6	218	221	2.4	16.1
Seq10064_92_bp_1_0_0	ENA|BAA36759|BAA36759.1	60.00	5	2	0	5	9	259	263	2.6	16.1
Seq10064_92_bp_1_0_0	ENA|CAA36214|CAA36214.1	37.50	8	5	0	2	9	174	181	2.7	16.1
Seq10064_92_bp_1_0_0	ENA|AAR37016|AAR37016.1	60.00	5	2	0	4	8	1562	1566	2.8	19.0
Seq10064_92_bp_1_0_0	ENA|CAA29968|CAA29968.1	40.00	5	3	0	6	10	35	39	2.8	15.4
Seq10064_92_bp_1_0_0	ENA|ABN10845|ABN10845.1	100.00	2	0	0	4	5	57	58	3.2	15.4
Seq10064_92_bp_1_0_0	ENA|AAC97205|AAC97205.1	50.00	8	4	0	1	8	197	204	3.9	17.6
Seq10064_92_bp_1_0_0	ENA|AAQ92751|AAQ92751.2	66.67	3	1	0	4	6	223	225	4.4	17.6
Seq10064_92_bp_1_0_0	ENA|AAC49865|AAC49865.1	100.00	2	0	0	4	5	29	30	4.7	15.4
Seq10064_92_bp_1_0_0	ENA|AAB66912|AAB66912.1	60.00	5	2	0	1	5	309	313	4.9	16.8
Seq10064_92_bp_1_0_0	ENA|CAA43419|CAA43419.1	66.67	3	1	0	1	3	118	120	5.2	15.4
Seq10064_92_bp_1_0_0	ENA|AAC17860|AAC17860.1	66.67	3	1	0	2	4	314	316	5.8	15.4
Seq10064_92_bp_1_0_0	ENA|CAA73529|CAA73529.1	75.00	4	1	0	5	8	272	275	6.4	14.6
Seq10064_92_bp_1_0_0	ENA|CAA24711|CAA24711.1	100.00	2	0	0	1	2	21	22	6.7	13.9
Seq10064_92_bp_1_0_0	ENA|CAA11507|CAA11507.1	66.67	6	2	0	6	11	42	47	7	16.8
Seq10064_92_bp_1_0_0	ENA|BAA32018|BAA32018.1	37.50	8	5	0	4	11	170	177	8.7	15.4
Seq10064_92_bp_1_0_0	ENA|ACT10338|ACT10338.1	50.00	4	2	0	1	4	367	370	8.9	14.6
Seq10064_92_bp_1_0_0	ENA|CAB75732|CAB75732.1	75.00	4	1	0	5	8	194	197	9.6	16.1
Seq10064_92_bp_1_0_0	ENA|AAA25966|AAA25966.1	66.67	3	1	0	5	7	369	371	9.9	15.4
Seq10064_92_bp_1_1_0	ENA|AAA25966|AAA25966.1	35.29	17	11	0	2	18	666	682	0.061	23.8
Seq10064_92_bp_1_1_0	ENA|AAC08817|AAC08817.1	62.50	8	3	0	5	12	118	125	0.27	19.4
Seq10064_92_bp_1_1_0	ENA|ABD49687|ABD49687.1	71.43	7	2	0	5	11	376	382	0.52	21.9
Seq10064_92_bp_1_1_0	ENA|CAA26023|CAA26023.1	62.50	8	3	0	7	14	306	313	0.99	18.8
Seq10064_92_bp_1_1_0	ENA|AAC17860|AAC17860.1	83.33	6	1	0	14	19	339	344	1.1	18.8
Seq10064_92_bp_1_1_0	ENA|CAA45708|CAA45708.1	38.89	18	11	0	4	21	976	993	1.7	20.1
Seq10064_92_bp_1_1_0	ENA|AAR37016|AAR37016.1	35.71	14	9	0	7	20	1348	1361	1.7	20.7
Seq10064_92_bp_1_1_0	ENA|CAL82360|CAL82360.1	30.77	13	9	0	2	14	181	193	3.3	18.8
Seq10064_92_bp_1_1_0	ENA|AAI27517|AAI27517.1	35.29	17	11	0	4	20	472	488	3.6	17.6
Seq10064_92_bp_1_1_0	ENA|CCP43727|CCP43727.1	80.00	5	1	0	1	5	183	187	4.6	16.3
Seq10064_92_bp_1_1_0	ENA|ABK71357|ABK71357.1	45.45	11	6	0	10	20	213	223	5.2	16.3
Seq10064_92_bp_1_1_0	ENA|AAF79734|AAF79734.1	27.78	18	13	0	3	20	912	929	5.6	18.2
Seq10064_92_bp_1_1_0	ENA|AAC97205|AAC97205.1	50.00	8	4	0	3	10	1035	1042	7.2	17.6
Seq10064_92_bp_1_1_0	ENA|AAC78721|AAC78721.1	38.46	13	8	0	9	21	356	368	9.1	16.3
Seq10064_92_bp_1_1_0	ENA|AAB96524|AAB96524.1	80.00	5	1	0	10	14	112	116	9.1	14.5
Seq10064_92_bp_1_1_0	ENA|AAA36539|AAA36539.1	44.44	9	5	0	8	16	467	475	9.8	15.7
Seq10064_92_bp_1_2_0	ENA|AAA32624|AAA32624.1	54.55	11	5	0	2	12	208	218	0.64	19.9
Seq10064_92_bp_1_2_0	ENA|AAB96524|AAB96524.1	50.00	10	5	0	5	14	136	145	3.7	15.9
Seq10064_92_bp_1_2_0	ENA|BAA32991|BAA32991.1	100.00	3	0	0	12	14	15	17	4.5	14.1
Seq10064_92_bp_1_2_0	ENA|CAA36214|CAA36214.1	100.00	3	0	0	14	16	213	215	5.9	15.9
Seq10064_92_bp_1_2_0	ENA|AAC08817|AAC08817.1	50.00	8	4	0	13	20	7	14	9.7	14.1
Seq10064_92_bp_1_2_0	ENA|ACH70901|ACH70901.1	35.71	14	9	0	1	14	249	262	10	15.3
Seq10064_92_bp_-1_0_0	ENA|CAA29956|CAA29956.1	70.00	10	3	0	7	16	329	338	0.53	19.7
Seq10064_92_bp_-1_0_0	ENA|BAA32991|BAA32991.1	44.44	9	5	0	7	15	13	21	2.9	14.7
Seq10064_92_bp_-1_0_0	ENA|ABN10845|ABN10845.1	80.00	5	1	0	2	6	205	209	3	16.4
Seq10064_92_bp_-1_0_0	ENA|AAB03707|AAB03707.1	54.55	11	5	0	1	11	584	594	4.1	18.6
Seq10064_92_bp_-1_0_0	ENA|AAA25966|AAA25966.1	80.00	5	1	0	16	20	397	401	6.5	16.9
Seq10064_92_bp_-1_0_0	ENA|AAB26998|AAB26998.1	75.00	4	1	0	8	11	75	78	6.9	13.6
Seq10064_92_bp_-1_1_0	ENA|AAA72732|AAA72732.1	25.00	12	9	0	1	12	265	276	0.77	18.4
Seq10064_92_bp_-1_1_0	ENA|ABK71357|ABK71357.1	66.67	6	2	0	3	8	27	32	1.4	17.8
Seq10064_92_bp_-1_1_0	ENA|CAA45708|CAA45708.1	45.45	11	6	0	3	13	708	718	2.4	19.0
Seq10064_92_bp_-1_1_0	ENA|AAC49865|AAC49865.1	55.56	9	4	0	7	15	4	12	2.8	16.6
Seq10064_92_bp_-1_1_0	ENA|AAA25966|AAA25966.1	100.00	5	0	0	8	12	414	418	5.9	16.6
Seq10064_92_bp_-1_1_0	ENA|BAA32956|BAA32956.1	66.67	6	2	0	4	9	178	183	6	14.8
Seq10064_92_bp_-1_1_0	ENA|AAC08817|AAC08817.1	40.00	10	6	0	5	14	50	59	6.7	14.2
Seq10064_92_bp_-1_1_0	ENA|CAA28033|CAA28033.1	62.50	8	3	0	6	13	957	964	7	17.2
Seq10064_92_bp_-1_1_0	ENA|BAA32018|BAA32018.1	60.00	5	2	0	1	5	381	385	7.7	16.0
Seq10064_92_bp_-1_1_0	ENA|CAA36714|CAA36714.1	66.67	6	2	0	10	15	60	65	8.6	15.4
Seq10064_92_bp_-1_2_0	ENA|AAI27517|AAI27517.1	83.33	6	1	0	16	21	499	504	0.051	23.7
Seq10064_92_bp_-1_2_0	ENA|AAC08817|AAC08817.1	57.14	7	3	0	15	21	118	124	0.16	20.2
Seq10064_92_bp_-1_2_0	ENA|BAA32956|BAA32956.1	100.00	4	0	0	16	19	161	164	0.32	19.6
Seq10064_92_bp_-1_2_0	ENA|ABD49687|ABD49687.1	50.00	12	6	0	10	21	534	545	0.34	22.6
Seq10064_92_bp_-1_2_0	ENA|CAD53387|CAD53387.1	71.43	7	2	0	15	21	464	470	0.51	20.2
Seq10064_92_bp_-1_2_0	ENA|CAD53387|CAD53387.1	62.50	8	3	0	14	21	9	16	0.77	19.6
Seq10064_92_bp_-1_2_0	ENA|CAD53387|CAD53387.1	55.56	9	4	0	13	21	28	36	0.77	19.6
Seq10064_92_bp_-1_2_0	ENA|CAD53387|CAD53387.1	62.50	8	3	0	14	21	75	82	0.77	19.6
Seq10064_92_bp_-1_2_0	ENA|CAD53387|CAD53387.1	55.56	9	4	0	13	21	94	102	0.77	19.6
Seq10064_92_bp_-1_2_0	ENA|CAD53387|CAD53387.1	62.50	8	3	0	14	21	141	148	0.77	19.6
Seq10064_92_bp_-1_2_0	ENA|CAD53387|CAD53387.1	55.56	9	4	0	13	21	160	168	0.77	19.6
Seq10064_92_bp_-1_2_0	ENA|CAD53387|CAD53387.1	62.50	8	3	0	14	21	207	214	0.77	19.6
Seq10064_92_bp_-1_2_0	ENA|CAD53387|CAD53387.1	55.56	9	4	0	13	21	226	234	0.77	19.6
Seq10064_92_bp_-1_2_0	ENA|CAD53387|CAD53387.1	62.50	8	3	0	14	21	273	280	0.77	19.6
Seq10064_92_bp_-1_2_0	ENA|CAD53387|CAD53387.1	55.56	9	4	0	13	21	292	300	0.77	19.6
Seq10064_92_bp_-1_2_0	ENA|CAD53387|CAD53387.1	62.50	8	3	0	14	21	339	346	0.77	19.6
Seq10064_92_bp_-1_2_0	ENA|CAD53387|CAD53387.1	55.56	9	4	0	13	21	358	366	0.77	19.6
Seq10064_92_bp_-1_2_0	ENA|CAD53387|CAD53387.1	62.50	8	3	0	14	21	405	412	0.77	19.6
Seq10064_92_bp_-1_2_0	ENA|CAD53387|CAD53387.1	55.56	9	4	0	13	21	424	432	0.77	19.6
Seq10064_92_bp_-1_2_0	ENA|CAL82360|CAL82360.1	50.00	16	8	0	5	20	48	63	0.57	21.4
Seq10064_92_bp_-1_2_0	ENA|CAA26023|CAA26023.1	63.64	13	4	2	11	21	8	20	0.88	19.0
Seq10064_92_bp_-1_2_0	ENA|CAA45199|CAA45199.1	46.67	16	8	1	5	20	32	46	1.1	19.0
Seq10064_92_bp_-1_2_0	ENA|CAA29956|CAA29956.1	100.00	4	0	0	15	18	242	245	1.3	18.4
Seq10064_92_bp_-1_2_0	ENA|AAF79734|AAF79734.1	100.00	4	0	0	17	20	721	724	1.5	20.2
Seq10064_92_bp_-1_2_0	ENA|AAA25966|AAA25966.1	80.00	5	1	0	16	20	489	493	1.7	19.0
Seq10064_92_bp_-1_2_0	ENA|CAB75732|CAB75732.1	28.57	21	15	0	1	21	1100	1120	1.8	19.6
Seq10064_92_bp_-1_2_0	ENA|ABN10845|ABN10845.1	66.67	6	2	0	14	19	201	206	2.6	16.6
Seq10064_92_bp_-1_2_0	ENA|AAA36114|AAA36114.1	62.50	8	3	0	5	12	161	168	2.6	17.8
Seq10064_92_bp_-1_2_0	ENA|AAC97205|AAC97205.1	66.67	6	2	0	15	20	13	18	2.8	19.0
Seq10064_92_bp_-1_2_0	ENA|AAA18786|AAA18786.1	60.00	5	2	0	16	20	239	243	3.1	16.6
Seq10064_92_bp_-1_2_0	ENA|BAB17681|BAB17681.1	66.67	6	2	0	15	20	264	269	3.2	16.6
Seq10064_92_bp_-1_2_0	ENA|BAA05866|BAA05866.1	50.00	10	5	0	10	19	165	174	3.6	16.6
Seq10064_92_bp_-1_2_0	ENA|AAR31603|AAR31603.1	50.00	10	5	0	12	21	300	309	3.8	16.6
Seq10064_92_bp_-1_2_0	ENA|AAA32624|AAA32624.1	44.44	9	5	0	9	17	161	169	4	17.2
Seq10064_92_bp_-1_2_0	ENA|CAA26939|CAA26939.1	66.67	6	2	0	15	20	293	298	4.4	17.2
Seq10064_92_bp_-1_2_0	ENA|BAA32018|BAA32018.1	35.29	17	11	0	3	19	214	230	4.8	17.2
Seq10064_92_bp_-1_2_0	ENA|AAS77176|AAS77176.1	45.45	11	6	0	5	15	61	71	5	16.0
Seq10064_92_bp_-1_2_0	ENA|AAA42531|AAA42531.1	66.67	6	2	0	9	14	363	368	6.6	16.0
Seq10064_92_bp_-1_2_0	ENA|AAC78721|AAC78721.1	33.33	15	10	0	3	17	463	477	7.6	16.6
Seq10064_92_bp_-1_2_0	ENA|ABK71357|ABK71357.1	40.00	10	6	0	9	18	205	214	9.3	15.4
Seq10064_92_bp_-1_2_0	ENA|AAC26660|AAC26660.1	60.00	5	2	0	16	20	54	58	9.7	14.8
