Seq10009_643_bp_1_0_0	ENA|BAA32956|BAA32956.1	29.03	31	22	0	18	48	65	95	3.5	17.3
Seq10009_643_bp_1_0_0	ENA|AAS77176|AAS77176.1	30.00	33	21	3	3	32	151	183	4	17.5
Seq10009_643_bp_1_0_0	ENA|ABD49687|ABD49687.1	24.24	35	25	2	14	48	718	750	9.1	18.9
Seq10009_643_bp_1_0_1	ENA|AAC08817|AAC08817.1	40.00	15	9	0	7	21	19	33	0.26	19.5
Seq10009_643_bp_1_0_1	ENA|CCP43727|CCP43727.1	41.67	12	7	0	7	18	293	304	2	17.6
Seq10009_643_bp_1_0_1	ENA|AAR37016|AAR37016.1	56.25	17	7	1	5	21	547	562	2.2	20.3
Seq10009_643_bp_1_0_1	ENA|ACT10338|ACT10338.1	46.67	16	8	1	7	21	305	320	4	16.8
Seq10009_643_bp_1_0_1	ENA|AAC97205|AAC97205.1	31.25	16	11	0	1	16	714	729	4.4	18.3
Seq10009_643_bp_1_0_1	ENA|AAA25966|AAA25966.1	46.15	13	7	0	8	20	544	556	5.6	17.2
Seq10009_643_bp_1_0_1	ENA|AAC49865|AAC49865.1	42.86	14	8	0	4	17	277	290	5.7	16.0
Seq10009_643_bp_1_0_1	ENA|CAA29968|CAA29968.1	50.00	15	7	1	3	17	67	80	5.8	15.2
Seq10009_643_bp_1_0_1	ENA|BAA36759|BAA36759.1	29.41	17	12	0	4	20	52	68	8.3	15.2
Seq10009_643_bp_1_0_1	ENA|AAB26998|AAB26998.1	41.18	19	10	2	4	20	25	43	8.6	13.3
Seq10009_643_bp_1_0_1	ENA|AAB66912|AAB66912.1	41.67	12	7	0	8	19	295	306	9.2	16.8
Seq10009_643_bp_1_0_1	ENA|ABD49687|ABD49687.1	70.00	12	3	2	6	15	144	155	9.8	17.6
Seq10009_643_bp_1_0_2	ENA|CAA73529|CAA73529.1	36.96	49	29	3	6	54	16	61	0.028	25.3
Seq10009_643_bp_1_0_2	ENA|AAI27517|AAI27517.1	22.06	70	53	2	2	69	462	531	0.049	25.6
Seq10009_643_bp_1_0_2	ENA|AAA42531|AAA42531.1	14.71	68	58	0	6	73	14	81	0.072	24.4
Seq10009_643_bp_1_0_2	ENA|AAC08817|AAC08817.1	22.73	69	51	3	1	68	83	149	0.08	23.0
Seq10009_643_bp_1_0_2	ENA|CAA24711|CAA24711.1	28.57	52	35	3	7	58	67	115	0.2	21.8
Seq10009_643_bp_1_0_2	ENA|CAA45199|CAA45199.1	30.43	87	48	18	2	71	305	390	0.29	22.7
Seq10009_643_bp_1_0_2	ENA|CAA26939|CAA26939.1	23.81	69	48	6	6	69	197	264	0.53	22.1
Seq10009_643_bp_1_0_2	ENA|BAB79260|BAB79260.1	31.75	74	43	11	4	66	227	300	0.63	21.5
Seq10009_643_bp_1_0_2	ENA|ABN10845|ABN10845.1	26.53	52	36	3	20	70	151	200	1	19.8
Seq10009_643_bp_1_0_2	ENA|AAC97205|AAC97205.1	26.98	71	46	8	6	73	787	852	1.1	22.1
Seq10009_643_bp_1_0_2	ENA|AAA36539|AAA36539.1	17.78	45	37	0	15	59	407	451	1.2	20.6
Seq10009_643_bp_1_0_2	ENA|AAR31603|AAR31603.1	23.08	39	30	0	35	73	274	312	1.2	20.1
Seq10009_643_bp_1_0_2	ENA|BAA32956|BAA32956.1	30.95	46	29	4	24	69	38	79	1.5	19.2
Seq10009_643_bp_1_0_2	ENA|AAC49865|AAC49865.1	28.57	28	20	0	22	49	94	121	1.5	19.8
Seq10009_643_bp_1_0_2	ENA|BAA32018|BAA32018.1	22.22	47	35	2	2	48	269	313	1.6	20.6
Seq10009_643_bp_1_0_2	ENA|AAA32624|AAA32624.1	22.54	75	55	4	3	73	146	220	1.6	20.4
Seq10009_643_bp_1_0_2	ENA|ABK71357|ABK71357.1	18.97	58	47	0	1	58	195	252	1.7	19.8
Seq10009_643_bp_1_0_2	ENA|AAB03707|AAB03707.1	21.67	62	47	2	2	62	972	1032	1.9	21.5
Seq10009_643_bp_1_0_2	ENA|ABD49687|ABD49687.1	24.00	50	38	0	6	55	796	845	2.3	21.5
Seq10009_643_bp_1_0_2	ENA|CAL82360|CAL82360.1	23.08	59	40	7	7	59	578	635	2.6	20.9
Seq10009_643_bp_1_0_2	ENA|CAD53387|CAD53387.1	34.29	41	23	6	35	69	36	76	2.8	19.5
Seq10009_643_bp_1_0_2	ENA|CAB75732|CAB75732.1	26.53	49	36	0	25	73	233	281	2.9	20.6
Seq10009_643_bp_1_0_2	ENA|BAA36759|BAA36759.1	32.14	28	19	0	18	45	129	156	2.9	18.6
Seq10009_643_bp_1_0_2	ENA|AAB96524|AAB96524.1	20.00	35	28	0	2	36	141	175	4.2	17.4
Seq10009_643_bp_1_0_2	ENA|ABG75784|ABG75784.1	24.24	73	50	7	1	71	191	258	4.7	18.0
Seq10009_643_bp_1_0_2	ENA|AAR37016|AAR37016.1	21.67	63	47	3	11	73	1530	1589	4.7	20.9
Seq10009_643_bp_1_0_2	ENA|CAA28033|CAA28033.1	21.57	57	40	6	18	72	548	600	4.8	20.1
Seq10009_643_bp_1_0_2	ENA|CCP43727|CCP43727.1	23.64	56	42	1	18	72	203	258	4.9	18.0
Seq10009_643_bp_1_0_2	ENA|AAA72732|AAA72732.1	16.28	43	36	0	12	54	100	142	5.7	17.7
Seq10009_643_bp_1_0_2	ENA|AAC26660|AAC26660.1	30.56	39	25	3	3	38	141	179	5.7	17.4
Seq10009_643_bp_1_0_2	ENA|AAA24145|AAA24145.1	28.57	48	30	6	9	51	218	264	6.8	18.0
Seq10009_643_bp_1_0_2	ENA|AAA25966|AAA25966.1	28.57	34	20	6	38	71	489	516	7.1	18.6
Seq10009_643_bp_1_0_2	ENA|AAA18786|AAA18786.1	29.09	65	39	10	14	70	156	218	7.2	17.2
Seq10009_643_bp_1_0_2	ENA|BAA05866|BAA05866.1	43.75	16	9	0	57	72	22	37	8.2	17.2
Seq10009_643_bp_1_0_2	ENA|CAA36714|CAA36714.1	31.43	40	24	5	22	59	377	413	8.3	17.7
Seq10009_643_bp_1_0_2	ENA|ACT10338|ACT10338.1	25.00	36	27	0	24	59	240	275	8.5	17.4
Seq10009_643_bp_1_0_2	ENA|AAC78721|AAC78721.1	21.67	63	47	3	13	72	167	229	9.7	18.0
Seq10009_643_bp_1_0_3	ENA|CAA43419|CAA43419.1	32.00	52	34	2	8	58	13	63	2.2	19.1
Seq10009_643_bp_1_0_3	ENA|BAA32956|BAA32956.1	20.83	24	19	0	27	50	134	157	4.6	17.2
Seq10009_643_bp_1_0_3	ENA|BAA32991|BAA32991.1	26.92	28	19	2	4	29	17	44	7.5	14.8
Seq10009_643_bp_1_0_3	ENA|ABK71357|ABK71357.1	30.00	30	21	0	2	31	296	325	9.1	16.9
Seq10009_643_bp_1_1_0	ENA|CAA26023|CAA26023.1	39.13	24	14	1	18	41	10	32	0.22	22.0
Seq10009_643_bp_1_1_0	ENA|AAA42531|AAA42531.1	35.14	42	24	5	3	39	160	201	0.35	21.4
Seq10009_643_bp_1_1_0	ENA|CAA43419|CAA43419.1	26.32	39	28	1	3	41	137	174	1.8	19.0
Seq10009_643_bp_1_1_0	ENA|AAB26998|AAB26998.1	21.62	38	29	1	2	38	41	78	2	16.5
Seq10009_643_bp_1_1_0	ENA|AAA24145|AAA24145.1	35.71	14	9	0	25	38	163	176	2.2	19.0
Seq10009_643_bp_1_1_0	ENA|CAA29956|CAA29956.1	45.00	20	11	0	4	23	196	215	2.2	18.7
Seq10009_643_bp_1_1_0	ENA|AAR37016|AAR37016.1	37.04	29	17	2	9	37	390	416	3.1	20.8
Seq10009_643_bp_1_1_0	ENA|AAC49865|AAC49865.1	22.22	37	28	1	2	38	2	37	3.6	17.8
Seq10009_643_bp_1_1_0	ENA|AAB66912|AAB66912.1	21.95	41	32	0	2	42	525	565	4.4	19.0
Seq10009_643_bp_1_1_0	ENA|ACT10338|ACT10338.1	26.67	15	11	0	30	44	376	390	5.2	17.5
Seq10009_643_bp_1_1_0	ENA|BAA32956|BAA32956.1	41.67	12	7	0	24	35	159	170	5.3	16.5
Seq10009_643_bp_1_1_0	ENA|CAA29968|CAA29968.1	23.08	26	20	0	2	27	89	114	6	16.2
Seq10009_643_bp_1_1_0	ENA|AAI27517|AAI27517.1	37.04	29	17	2	2	28	455	483	6.3	17.8
Seq10009_643_bp_1_1_0	ENA|ABD49687|ABD49687.1	50.00	24	10	4	16	35	110	133	6.4	19.3
Seq10009_643_bp_1_1_0	ENA|BAA32018|BAA32018.1	36.11	42	23	6	7	44	418	457	6.7	17.8
Seq10009_643_bp_1_1_0	ENA|AAB96524|AAB96524.1	27.27	22	16	0	22	43	82	103	7	15.9
Seq10009_643_bp_1_1_0	ENA|CAA45199|CAA45199.1	29.73	42	26	5	2	38	152	193	7.6	17.2
Seq10009_643_bp_1_1_0	ENA|BAB17681|BAB17681.1	21.88	36	25	4	8	39	141	176	8.3	16.2
Seq10009_643_bp_1_1_0	ENA|AAC08817|AAC08817.1	33.33	20	12	2	19	36	6	25	8.9	15.3
Seq10009_643_bp_1_1_0	ENA|AAA36539|AAA36539.1	60.00	10	4	0	26	35	421	430	9.3	16.8
Seq10009_643_bp_1_1_0	ENA|CAD53387|CAD53387.1	33.33	21	14	0	16	36	454	474	9.8	16.8
Seq10009_643_bp_1_1_1	ENA|CAA24711|CAA24711.1	56.25	18	7	2	1	18	7	22	0.038	22.5
Seq10009_643_bp_1_1_1	ENA|CAA24711|CAA24711.1	31.25	16	11	0	6	21	153	168	0.46	18.9
Seq10009_643_bp_1_1_1	ENA|AAB03707|AAB03707.1	54.55	11	5	0	5	15	407	417	0.22	23.0
Seq10009_643_bp_1_1_1	ENA|AAC17860|AAC17860.1	28.57	14	10	0	2	15	373	386	0.23	21.2
Seq10009_643_bp_1_1_1	ENA|CCP43727|CCP43727.1	50.00	19	9	1	3	20	55	73	0.25	20.7
Seq10009_643_bp_1_1_1	ENA|ABK71357|ABK71357.1	50.00	16	8	0	7	22	273	288	0.28	20.7
Seq10009_643_bp_1_1_1	ENA|ACT10338|ACT10338.1	46.67	15	8	0	3	17	213	227	0.4	20.3
Seq10009_643_bp_1_1_1	ENA|ABN10845|ABN10845.1	75.00	11	2	3	3	10	146	156	0.42	19.4
Seq10009_643_bp_1_1_1	ENA|AAA18786|AAA18786.1	43.75	16	9	0	2	17	243	258	0.52	19.4
Seq10009_643_bp_1_1_1	ENA|AAA18786|AAA18786.1	23.53	17	13	0	7	23	181	197	0.7	18.9
Seq10009_643_bp_1_1_1	ENA|AAC49865|AAC49865.1	35.71	14	9	0	3	16	192	205	0.63	19.4
Seq10009_643_bp_1_1_1	ENA|CAA43419|CAA43419.1	58.33	12	5	0	3	14	330	341	0.71	19.4
Seq10009_643_bp_1_1_1	ENA|BAA05866|BAA05866.1	28.57	21	15	0	1	21	173	193	0.81	18.9
Seq10009_643_bp_1_1_1	ENA|CAA36214|CAA36214.1	41.18	17	10	0	5	21	119	135	1.1	18.5
Seq10009_643_bp_1_1_1	ENA|CAA36714|CAA36714.1	33.33	16	10	1	6	20	182	197	1.7	18.5
Seq10009_643_bp_1_1_1	ENA|AAC97205|AAC97205.1	35.29	17	11	0	2	18	816	832	1.7	19.8
Seq10009_643_bp_1_1_1	ENA|ABD49687|ABD49687.1	46.15	14	7	1	5	17	634	647	2.4	19.8
Seq10009_643_bp_1_1_1	ENA|AAC40132|AAC40132.1	35.29	17	11	0	3	19	320	336	3.1	17.6
Seq10009_643_bp_1_1_1	ENA|ACH70901|ACH70901.1	28.57	22	15	1	3	23	241	262	3.2	17.1
Seq10009_643_bp_1_1_1	ENA|CAA29956|CAA29956.1	42.86	14	8	0	10	23	358	371	3.4	17.1
Seq10009_643_bp_1_1_1	ENA|AAA25966|AAA25966.1	31.25	16	11	0	8	23	15	30	3.5	18.0
Seq10009_643_bp_1_1_1	ENA|AAI27517|AAI27517.1	27.27	22	16	0	2	23	455	476	3.9	17.6
Seq10009_643_bp_1_1_1	ENA|BAA32956|BAA32956.1	21.74	23	18	0	1	23	163	185	4.8	15.8
Seq10009_643_bp_1_1_1	ENA|BAA36759|BAA36759.1	33.33	18	12	0	4	21	27	44	4.8	16.2
Seq10009_643_bp_1_1_1	ENA|BAA32018|BAA32018.1	27.78	18	13	0	3	20	10	27	5.5	17.1
Seq10009_643_bp_1_1_1	ENA|AAB66912|AAB66912.1	26.67	15	11	0	8	22	266	280	6	17.6
Seq10009_643_bp_1_1_1	ENA|BAB17681|BAB17681.1	31.25	16	11	0	6	21	205	220	6.1	15.8
Seq10009_643_bp_1_1_1	ENA|CAA11507|CAA11507.1	30.77	13	9	0	3	15	659	671	6.4	18.0
Seq10009_643_bp_1_1_1	ENA|AAR31603|AAR31603.1	41.67	12	7	0	2	13	250	261	7.2	15.8
Seq10009_643_bp_1_1_1	ENA|CAA45199|CAA45199.1	50.00	15	7	1	1	14	49	63	7.6	16.2
Seq10009_643_bp_1_1_1	ENA|AAC78721|AAC78721.1	50.00	8	4	0	8	15	152	159	7.9	16.7
Seq10009_643_bp_1_1_1	ENA|AAR37016|AAR37016.1	66.67	6	2	0	3	8	694	699	7.9	18.5
Seq10009_643_bp_1_1_1	ENA|AAQ92751|AAQ92751.2	33.33	18	12	0	2	19	242	259	8.6	17.6
Seq10009_643_bp_1_1_1	ENA|CAA26939|CAA26939.1	50.00	15	7	1	10	23	221	235	9.1	16.2
Seq10009_643_bp_1_1_2	ENA|CAA28033|CAA28033.1	50.00	10	5	0	2	11	21	30	0.93	20.6
Seq10009_643_bp_1_1_2	ENA|ABK71357|ABK71357.1	44.44	9	5	0	4	12	352	360	1.2	18.4
Seq10009_643_bp_1_1_2	ENA|ABD33854|ABD33854.1	44.44	9	5	0	1	9	41	49	1.3	15.8
Seq10009_643_bp_1_1_2	ENA|CAA29968|CAA29968.1	47.06	23	9	6	4	20	99	121	2.3	16.5
Seq10009_643_bp_1_1_2	ENA|AAC08817|AAC08817.1	43.75	17	9	1	1	17	131	146	2.4	16.2
Seq10009_643_bp_1_1_2	ENA|AAC97205|AAC97205.1	30.77	13	9	0	3	15	977	989	4	18.4
Seq10009_643_bp_1_1_2	ENA|AAA42531|AAA42531.1	35.71	14	9	0	5	18	303	316	7.3	15.8
Seq10009_643_bp_1_1_2	ENA|CAA26023|CAA26023.1	75.00	4	1	0	5	8	235	238	9.1	15.4
Seq10009_643_bp_1_1_3	ENA|AAA42531|AAA42531.1	31.58	38	26	0	4	41	277	314	0.17	22.9
Seq10009_643_bp_1_1_3	ENA|ABD33854|ABD33854.1	20.93	45	34	2	10	53	10	53	1.8	16.8
Seq10009_643_bp_1_1_3	ENA|ABN10845|ABN10845.1	23.81	21	16	0	35	55	99	119	2.1	18.4
Seq10009_643_bp_1_1_3	ENA|AAB66912|AAB66912.1	29.82	65	40	8	1	58	455	518	2.3	20.4
Seq10009_643_bp_1_1_3	ENA|CAA45199|CAA45199.1	34.04	52	31	5	3	50	126	176	3.2	18.9
Seq10009_643_bp_1_1_3	ENA|AAC26660|AAC26660.1	28.57	62	35	13	3	51	63	124	4.9	17.4
Seq10009_643_bp_1_1_3	ENA|AAI27517|AAI27517.1	27.08	51	35	3	4	51	228	278	5.6	18.4
Seq10009_643_bp_1_1_3	ENA|AAB26998|AAB26998.1	29.41	40	24	6	17	51	18	56	5.9	15.3
Seq10009_643_bp_1_1_3	ENA|BAA32956|BAA32956.1	33.33	38	24	2	1	38	173	208	9.2	16.1
Seq10009_643_bp_1_1_3	ENA|AAF79734|AAF79734.1	30.00	30	21	0	29	58	1160	1189	9.3	18.9
Seq10009_643_bp_1_1_3	ENA|ABK71357|ABK71357.1	27.27	34	24	1	17	49	293	326	9.6	16.8
Seq10009_643_bp_1_1_3	ENA|BAA32991|BAA32991.1	18.52	28	22	1	20	46	2	29	10	14.3
Seq10009_643_bp_1_1_4	ENA|AAA42531|AAA42531.1	26.92	53	38	1	4	56	277	328	1.6	19.6
Seq10009_643_bp_1_1_4	ENA|CAA29968|CAA29968.1	20.51	39	31	0	6	44	30	68	2.5	18.0
Seq10009_643_bp_1_1_4	ENA|ABN10845|ABN10845.1	20.37	57	43	3	3	58	35	89	2.8	18.0
Seq10009_643_bp_1_1_4	ENA|ABD33854|ABD33854.1	18.60	43	35	0	14	56	5	47	3.1	16.1
Seq10009_643_bp_1_1_4	ENA|BAA05866|BAA05866.1	30.61	58	34	9	5	53	26	83	4.8	17.7
Seq10009_643_bp_1_1_4	ENA|AAA24145|AAA24145.1	20.41	50	39	1	2	51	266	314	7	17.7
Seq10009_643_bp_1_1_4	ENA|CAA26939|CAA26939.1	23.53	56	39	5	7	57	78	133	8.6	17.7
Seq10009_643_bp_1_1_4	ENA|AAR31603|AAR31603.1	36.00	59	32	9	8	59	13	69	8.7	16.9
Seq10009_643_bp_1_2_0	ENA|CAA73529|CAA73529.1	72.73	16	3	5	3	13	56	71	1.8	16.9
Seq10009_643_bp_1_2_0	ENA|BAA32991|BAA32991.1	60.00	5	2	0	8	12	55	59	5.2	13.3
Seq10009_643_bp_1_2_0	ENA|AAC97205|AAC97205.1	33.33	12	8	0	3	14	406	417	9.7	16.5
Seq10009_643_bp_1_2_1	ENA|CAA45199|CAA45199.1	33.33	60	36	6	10	68	134	188	0.66	21.4
Seq10009_643_bp_1_2_1	ENA|BAB79260|BAB79260.1	22.03	65	46	6	5	65	176	238	1.5	20.2
Seq10009_643_bp_1_2_1	ENA|AAC08817|AAC08817.1	39.62	73	32	20	10	67	51	118	2.4	18.0
Seq10009_643_bp_1_2_1	ENA|CAA29968|CAA29968.1	22.39	73	52	6	1	68	82	153	2.5	18.2
Seq10009_643_bp_1_2_1	ENA|AAB66912|AAB66912.1	27.42	68	45	6	5	66	287	354	3	20.2
Seq10009_643_bp_1_2_1	ENA|CAA29956|CAA29956.1	27.27	60	40	5	11	66	240	298	3.4	18.7
Seq10009_643_bp_1_2_1	ENA|CAA26939|CAA26939.1	27.78	37	26	1	1	37	333	368	4.3	18.9
Seq10009_643_bp_1_2_1	ENA|EDO47375|EDO47375.1	34.38	38	21	6	37	68	29	66	5.5	17.0
Seq10009_643_bp_1_2_1	ENA|ABK71357|ABK71357.1	22.45	51	38	2	6	55	295	344	6.4	17.7
Seq10009_643_bp_1_2_1	ENA|AAC17860|AAC17860.1	25.00	32	24	0	22	53	157	188	7	17.7
Seq10009_643_bp_1_2_1	ENA|ABN10845|ABN10845.1	30.19	58	37	5	2	56	117	172	7.3	16.7
Seq10009_643_bp_1_2_1	ENA|ABD49687|ABD49687.1	28.57	28	20	0	2	29	1151	1178	7.5	19.7
Seq10009_643_bp_1_2_1	ENA|AAB26998|AAB26998.1	30.77	13	9	0	20	32	35	47	8.6	15.0
Seq10009_643_bp_1_2_1	ENA|CAA26023|CAA26023.1	35.48	32	20	1	14	44	12	43	9	17.2
Seq10009_643_bp_1_2_1	ENA|CAA36714|CAA36714.1	25.64	44	29	5	16	57	423	463	9.3	17.5
Seq10009_643_bp_1_2_1	ENA|AAC78721|AAC78721.1	31.71	45	28	4	9	49	318	362	9.5	18.0
Seq10009_643_bp_1_2_1	ENA|AAI27517|AAI27517.1	28.26	52	33	6	11	60	493	540	9.9	17.7
Seq10009_643_bp_1_2_2	ENA|BAA32956|BAA32956.1	22.92	49	37	1	35	82	9	57	2.4	18.7
Seq10009_643_bp_1_2_2	ENA|AAI27517|AAI27517.1	31.25	78	44	14	12	82	277	347	5.6	18.9
Seq10009_643_bp_1_2_2	ENA|AAA25966|AAA25966.1	32.65	62	33	13	21	78	285	337	7.7	18.7
Seq10009_643_bp_1_2_2	ENA|BAA32991|BAA32991.1	27.91	46	31	3	15	60	7	49	7.8	15.3
Seq10009_643_bp_1_2_2	ENA|CAA26939|CAA26939.1	30.00	54	35	4	24	74	489	541	8.2	18.3
Seq10009_643_bp_1_2_2	ENA|AAA42531|AAA42531.1	52.38	27	10	6	38	61	163	186	8.6	17.7
Seq10009_643_bp_1_2_2	ENA|AAA32624|AAA32624.1	30.00	54	35	4	24	74	441	493	8.6	18.1
Seq10009_643_bp_1_2_2	ENA|AAC26660|AAC26660.1	31.71	42	28	1	39	79	115	156	8.8	17.0
Seq10009_643_bp_1_2_2	ENA|BAA32018|BAA32018.1	26.87	80	49	13	8	87	370	436	8.9	18.3
Seq10009_643_bp_1_2_3	ENA|AAS77176|AAS77176.1	37.50	24	15	0	5	28	251	274	0.8	19.2
Seq10009_643_bp_1_2_3	ENA|AAA32624|AAA32624.1	28.57	21	15	0	6	26	157	177	1.1	19.6
Seq10009_643_bp_1_2_3	ENA|CAA26939|CAA26939.1	26.67	30	22	0	1	30	38	67	2	18.9
Seq10009_643_bp_1_2_3	ENA|ABD33854|ABD33854.1	16.67	18	15	0	6	23	9	26	2.7	15.3
Seq10009_643_bp_1_2_3	ENA|BAB79260|BAB79260.1	33.33	25	16	1	6	30	331	354	4.2	17.4
Seq10009_643_bp_1_2_3	ENA|ABN10845|ABN10845.1	31.82	24	15	2	1	22	122	145	4.3	16.4
Seq10009_643_bp_1_2_3	ENA|BAA05866|BAA05866.1	34.62	27	17	1	2	28	157	182	4.7	16.7
Seq10009_643_bp_1_2_3	ENA|CAL82360|CAL82360.1	24.14	29	22	0	2	30	667	695	5.6	18.5
Seq10009_643_bp_1_2_3	ENA|CAA43419|CAA43419.1	22.22	27	21	0	2	28	98	124	7.1	16.4
Seq10009_643_bp_1_2_3	ENA|AAA36539|AAA36539.1	33.33	18	12	0	10	27	209	226	7.1	16.7
Seq10009_643_bp_1_2_3	ENA|CCP43727|CCP43727.1	25.00	20	15	0	1	20	312	331	8	16.0
Seq10009_643_bp_1_2_3	ENA|AAA18786|AAA18786.1	36.84	19	12	0	7	25	8	26	8.4	15.6
Seq10009_643_bp_1_2_3	ENA|CAA26023|CAA26023.1	41.18	17	10	0	7	23	174	190	9.3	16.0
Seq10009_643_bp_-1_0_0	ENA|CAA29968|CAA29968.1	36.36	24	14	2	2	23	131	154	0.79	18.3
Seq10009_643_bp_-1_0_0	ENA|ACT10338|ACT10338.1	40.00	15	9	0	6	20	88	102	1.6	18.3
Seq10009_643_bp_-1_0_0	ENA|AAB66912|AAB66912.1	38.10	21	13	0	2	22	160	180	1.6	19.5
Seq10009_643_bp_-1_0_0	ENA|AAB03707|AAB03707.1	47.06	18	9	1	1	18	579	595	1.8	19.9
Seq10009_643_bp_-1_0_0	ENA|ABN10845|ABN10845.1	66.67	9	3	0	3	11	200	208	2	17.1
Seq10009_643_bp_-1_0_0	ENA|CAA45199|CAA45199.1	34.78	25	15	2	1	23	79	103	2.5	17.9
Seq10009_643_bp_-1_0_0	ENA|CAA43419|CAA43419.1	35.00	22	13	2	1	22	24	43	3.4	17.1
Seq10009_643_bp_-1_0_0	ENA|AAA36114|AAA36114.1	33.33	15	10	0	4	18	113	127	3.5	17.5
Seq10009_643_bp_-1_0_0	ENA|AAA32624|AAA32624.1	50.00	12	6	0	9	20	235	246	3.6	17.5
Seq10009_643_bp_-1_0_0	ENA|AAC26660|AAC26660.1	18.75	16	13	0	2	17	50	65	4.1	16.3
Seq10009_643_bp_-1_0_0	ENA|AAB96524|AAB96524.1	28.57	21	15	0	2	22	96	116	5.1	15.5
Seq10009_643_bp_-1_0_0	ENA|AAR37016|AAR37016.1	28.57	21	15	0	1	21	1896	1916	5.3	19.1
Seq10009_643_bp_-1_0_0	ENA|AAC08817|AAC08817.1	71.43	7	2	0	9	15	8	14	5.7	15.1
Seq10009_643_bp_-1_0_0	ENA|BAA32956|BAA32956.1	33.33	20	12	2	2	21	101	118	5.7	15.5
Seq10009_643_bp_-1_0_0	ENA|BAA36759|BAA36759.1	27.78	18	13	0	2	19	132	149	6	15.9
Seq10009_643_bp_-1_0_0	ENA|AAA24145|AAA24145.1	33.33	15	10	0	9	23	208	222	7.1	16.3
Seq10009_643_bp_-1_0_0	ENA|AAA18786|AAA18786.1	31.82	23	15	1	1	23	209	230	7.2	15.5
Seq10009_643_bp_-1_0_0	ENA|CAA28033|CAA28033.1	42.11	20	11	1	3	21	69	88	8.6	17.5
Seq10009_643_bp_-1_0_0	ENA|CAD53387|CAD53387.1	33.33	12	8	0	9	20	470	481	10	15.9
Seq10009_643_bp_-1_0_1	ENA|AAA36539|AAA36539.1	34.38	72	42	8	11	80	9	74	0.0088	27.9
Seq10009_643_bp_-1_0_1	ENA|AAI27517|AAI27517.1	27.14	77	51	7	4	79	311	381	0.12	24.4
Seq10009_643_bp_-1_0_1	ENA|BAA32956|BAA32956.1	35.29	37	22	3	45	81	154	187	0.28	21.7
Seq10009_643_bp_-1_0_1	ENA|ABD49687|ABD49687.1	28.30	63	38	10	16	75	817	872	0.43	24.1
Seq10009_643_bp_-1_0_1	ENA|CAD53387|CAD53387.1	31.71	43	28	2	16	56	427	469	0.46	22.3
Seq10009_643_bp_-1_0_1	ENA|ABK71357|ABK71357.1	29.17	83	51	11	5	79	183	262	1.2	20.4
Seq10009_643_bp_-1_0_1	ENA|CAA29956|CAA29956.1	16.67	78	65	0	2	79	132	209	1.3	20.4
Seq10009_643_bp_-1_0_1	ENA|CAA45199|CAA45199.1	25.68	82	55	8	3	81	370	446	1.3	20.7
Seq10009_643_bp_-1_0_1	ENA|CAA26939|CAA26939.1	26.23	68	45	7	20	80	217	284	1.3	20.9
Seq10009_643_bp_-1_0_1	ENA|AAR37016|AAR37016.1	29.69	69	45	5	9	74	1004	1070	3.1	21.7
Seq10009_643_bp_-1_0_1	ENA|CCP43727|CCP43727.1	23.64	59	42	4	15	73	60	114	3.3	18.8
Seq10009_643_bp_-1_0_1	ENA|AAA25966|AAA25966.1	28.57	84	50	14	6	75	355	438	3.4	19.9
Seq10009_643_bp_-1_0_1	ENA|AAB66912|AAB66912.1	31.43	37	24	2	34	70	307	341	3.7	20.1
Seq10009_643_bp_-1_0_1	ENA|BAA36759|BAA36759.1	34.38	34	21	2	46	79	8	39	4.1	18.3
Seq10009_643_bp_-1_0_1	ENA|ACT10338|ACT10338.1	19.40	72	54	5	6	76	192	259	4.6	18.5
Seq10009_643_bp_-1_0_1	ENA|AAR31603|AAR31603.1	22.92	48	37	0	26	73	38	85	4.7	18.3
Seq10009_643_bp_-1_0_1	ENA|AAC08817|AAC08817.1	24.44	47	34	2	37	81	8	54	4.7	17.2
Seq10009_643_bp_-1_0_1	ENA|CAA36214|CAA36214.1	28.21	43	28	4	10	52	143	181	5.2	18.0
Seq10009_643_bp_-1_0_1	ENA|AAF79734|AAF79734.1	32.65	51	33	2	32	80	719	769	5.6	20.1
Seq10009_643_bp_-1_0_1	ENA|AAA36114|AAA36114.1	31.58	20	13	1	12	30	89	108	6	18.5
Seq10009_643_bp_-1_0_1	ENA|CAA43419|CAA43419.1	18.92	75	60	1	8	81	33	107	6.2	18.0
Seq10009_643_bp_-1_0_1	ENA|AAC97205|AAC97205.1	27.03	38	27	1	7	44	3	39	6.8	19.6
Seq10009_643_bp_-1_0_1	ENA|AAC26660|AAC26660.1	17.50	42	33	2	38	79	210	249	7.5	17.2
Seq10009_643_bp_-1_0_1	ENA|CAA11507|CAA11507.1	26.47	73	50	5	12	79	110	182	7.5	19.6
Seq10009_643_bp_-1_0_1	ENA|AAB26998|AAB26998.1	22.92	54	37	6	23	70	21	74	8.4	15.3
Seq10009_643_bp_-1_0_1	ENA|AAS77176|AAS77176.1	28.33	65	43	5	5	68	50	110	8.4	17.2
Seq10009_643_bp_-1_0_1	ENA|CAA24711|CAA24711.1	23.64	57	42	2	19	75	7	61	8.7	16.4
Seq10009_643_bp_-1_0_1	ENA|AAB96524|AAB96524.1	23.53	51	39	0	22	72	121	171	9.3	16.4
Seq10009_643_bp_-1_0_1	ENA|AAC40132|AAC40132.1	21.05	60	45	3	20	78	166	223	9.4	17.7
Seq10009_643_bp_-1_0_2	ENA|AAR37016|AAR37016.1	34.88	46	28	3	8	51	1193	1237	0.19	25.1
Seq10009_643_bp_-1_0_2	ENA|AAB96524|AAB96524.1	28.12	34	23	2	21	52	34	67	0.47	20.2
Seq10009_643_bp_-1_0_2	ENA|AAC08817|AAC08817.1	40.74	30	16	3	9	36	100	128	0.71	19.3
Seq10009_643_bp_-1_0_2	ENA|AAA18786|AAA18786.1	27.59	31	21	2	7	35	165	195	1.2	19.3
Seq10009_643_bp_-1_0_2	ENA|AAF79734|AAF79734.1	35.14	38	24	1	10	46	489	526	1.3	21.6
Seq10009_643_bp_-1_0_2	ENA|ABD49687|ABD49687.1	23.53	34	26	0	13	46	1362	1395	1.9	21.3
Seq10009_643_bp_-1_0_2	ENA|AAR31603|AAR31603.1	24.00	50	38	0	3	52	29	78	2.2	18.7
Seq10009_643_bp_-1_0_2	ENA|AAS77176|AAS77176.1	19.57	46	37	0	3	48	123	168	2.4	18.4
Seq10009_643_bp_-1_0_2	ENA|BAA32956|BAA32956.1	41.38	34	17	5	15	48	177	205	2.6	17.9
Seq10009_643_bp_-1_0_2	ENA|AAC40132|AAC40132.1	32.14	28	19	0	1	28	168	195	3.2	18.7
Seq10009_643_bp_-1_0_2	ENA|CAA45708|CAA45708.1	33.33	30	20	0	23	52	73	102	3.7	20.2
Seq10009_643_bp_-1_0_2	ENA|AAC49865|AAC49865.1	19.05	42	34	0	10	51	264	305	4.8	17.6
Seq10009_643_bp_-1_0_2	ENA|CAA73529|CAA73529.1	19.05	44	34	2	9	52	2	43	4.9	17.3
Seq10009_643_bp_-1_0_2	ENA|CAA43419|CAA43419.1	34.62	27	17	1	16	42	50	75	5.4	17.6
Seq10009_643_bp_-1_0_2	ENA|CAD53387|CAD53387.1	66.67	9	3	0	19	27	466	474	6	17.9
Seq10009_643_bp_-1_0_2	ENA|AAI27517|AAI27517.1	36.00	28	16	3	15	42	321	345	7	17.9
Seq10009_643_bp_-1_0_2	ENA|ABD33854|ABD33854.1	46.15	13	7	0	38	50	18	30	8.2	14.4
Seq10009_643_bp_-1_0_2	ENA|ACT10338|ACT10338.1	23.53	37	26	3	13	46	73	109	8.3	17.0
Seq10009_643_bp_-1_0_2	ENA|AAA36539|AAA36539.1	28.57	28	20	0	8	35	224	251	8.3	17.3
Seq10009_643_bp_-1_0_2	ENA|AAA36114|AAA36114.1	22.50	43	31	3	1	43	151	190	8.8	17.3
Seq10009_643_bp_-1_0_2	ENA|AAB66912|AAB66912.1	25.64	40	29	1	13	51	663	702	8.8	18.2
Seq10009_643_bp_-1_0_2	ENA|ABK71357|ABK71357.1	43.75	18	9	2	18	35	29	44	9.5	16.7
Seq10009_643_bp_-1_0_3	ENA|ABD49687|ABD49687.1	30.00	40	28	0	2	41	578	617	0.42	23.3
Seq10009_643_bp_-1_0_3	ENA|CAA45708|CAA45708.1	23.08	40	30	1	5	43	264	303	2.3	20.6
Seq10009_643_bp_-1_0_3	ENA|AAQ92751|AAQ92751.2	36.00	25	16	0	11	35	1022	1046	2.6	20.3
Seq10009_643_bp_-1_0_3	ENA|BAB79260|BAB79260.1	30.43	23	16	0	20	42	266	288	2.7	18.6
Seq10009_643_bp_-1_0_3	ENA|ABK71357|ABK71357.1	26.32	43	28	5	1	41	118	157	2.8	18.3
Seq10009_643_bp_-1_0_3	ENA|CAB75732|CAB75732.1	28.95	38	27	0	4	41	141	178	4.3	19.3
Seq10009_643_bp_-1_0_3	ENA|AAC49865|AAC49865.1	26.47	35	25	1	5	38	247	281	4.8	17.3
Seq10009_643_bp_-1_0_3	ENA|AAR37016|AAR37016.1	36.84	19	12	0	9	27	1697	1715	5.5	19.9
Seq10009_643_bp_-1_0_3	ENA|CAA26023|CAA26023.1	22.58	33	24	2	4	36	282	312	7	17.0
Seq10009_643_bp_-1_0_3	ENA|ABD33854|ABD33854.1	37.50	16	10	0	5	20	27	42	7.2	14.3
Seq10009_643_bp_-1_0_3	ENA|AAC78721|AAC78721.1	28.57	29	20	1	7	34	585	613	7.7	17.6
Seq10009_643_bp_-1_0_3	ENA|EDO47375|EDO47375.1	31.25	35	22	3	12	43	44	78	8.5	15.6
Seq10009_643_bp_-1_0_3	ENA|AAA36539|AAA36539.1	20.00	40	32	0	3	42	386	425	8.5	17.0
Seq10009_643_bp_-1_0_3	ENA|AAB26998|AAB26998.1	46.15	13	7	0	6	18	56	68	8.8	14.3
Seq10009_643_bp_-1_0_3	ENA|AAC08817|AAC08817.1	33.33	27	18	0	11	37	42	68	8.8	15.3
Seq10009_643_bp_-1_0_3	ENA|AAC26660|AAC26660.1	28.21	43	28	4	3	41	36	78	9.1	16.0
Seq10009_643_bp_-1_1_0	ENA|AAB96524|AAB96524.1	30.00	20	14	0	2	21	151	170	0.27	19.7
Seq10009_643_bp_-1_1_0	ENA|ABD49687|ABD49687.1	44.44	21	10	3	1	21	1092	1109	1.5	20.5
Seq10009_643_bp_-1_1_0	ENA|CAA36214|CAA36214.1	31.58	19	13	0	2	20	196	214	1.6	17.9
Seq10009_643_bp_-1_1_0	ENA|BAA32991|BAA32991.1	75.00	4	1	0	19	22	28	31	2.1	15.3
Seq10009_643_bp_-1_1_0	ENA|AAB26998|AAB26998.1	26.67	17	11	2	4	20	13	27	4	14.5
Seq10009_643_bp_-1_1_0	ENA|BAB17681|BAB17681.1	66.67	6	2	0	3	8	119	124	5	16.0
Seq10009_643_bp_-1_1_0	ENA|AAA25966|AAA25966.1	46.67	18	8	3	2	19	482	496	6	17.1
Seq10009_643_bp_-1_1_0	ENA|CAA45199|CAA45199.1	50.00	10	5	0	3	12	35	44	6.5	16.4
Seq10009_643_bp_-1_1_0	ENA|BAA36759|BAA36759.1	57.14	7	3	0	13	19	270	276	6.7	15.7
Seq10009_643_bp_-1_1_0	ENA|ACH70901|ACH70901.1	57.14	7	3	0	12	18	6	12	8.2	15.7
Seq10009_643_bp_-1_1_0	ENA|AAA42531|AAA42531.1	29.41	17	12	0	4	20	335	351	8.8	15.7
Seq10009_643_bp_-1_1_0	ENA|AAA36114|AAA36114.1	38.46	13	8	0	3	15	109	121	8.9	16.0
Seq10009_643_bp_-1_1_1	ENA|BAA32956|BAA32956.1	44.00	26	14	1	1	25	172	197	0.22	20.5
Seq10009_643_bp_-1_1_1	ENA|CAA43419|CAA43419.1	28.00	25	18	0	2	26	34	58	0.81	19.5
Seq10009_643_bp_-1_1_1	ENA|CAA29956|CAA29956.1	29.17	26	17	2	5	28	327	352	1.7	18.4
Seq10009_643_bp_-1_1_1	ENA|AAA72732|AAA72732.1	40.91	23	13	1	7	28	177	199	1.8	18.1
Seq10009_643_bp_-1_1_1	ENA|ABN10845|ABN10845.1	28.00	28	18	3	1	28	163	187	2.1	17.3
Seq10009_643_bp_-1_1_1	ENA|AAC08817|AAC08817.1	40.00	15	9	0	13	27	40	54	3.9	15.9
Seq10009_643_bp_-1_1_1	ENA|AAA18786|AAA18786.1	33.33	18	12	0	2	19	197	214	4.1	16.6
Seq10009_643_bp_-1_1_1	ENA|ABD49687|ABD49687.1	25.93	27	20	0	1	27	1528	1554	4.7	19.1
Seq10009_643_bp_-1_1_1	ENA|AAA36539|AAA36539.1	58.33	12	5	0	10	21	65	76	7	16.6
Seq10009_643_bp_-1_1_1	ENA|AAC49865|AAC49865.1	31.82	22	15	0	5	26	253	274	7.8	15.9
Seq10009_643_bp_-1_1_2	ENA|ABD33854|ABD33854.1	57.14	15	6	1	17	31	28	41	1.1	16.7
Seq10009_643_bp_-1_1_2	ENA|CAA73529|CAA73529.1	32.00	28	17	3	5	32	23	47	1.4	18.5
Seq10009_643_bp_-1_1_2	ENA|AAS77176|AAS77176.1	35.71	14	9	0	8	21	172	185	2.4	17.7
Seq10009_643_bp_-1_1_2	ENA|EDO47375|EDO47375.1	33.33	21	14	0	11	31	28	48	4.1	16.3
Seq10009_643_bp_-1_1_2	ENA|AAA36114|AAA36114.1	29.63	28	19	1	6	32	282	309	5.2	17.4
Seq10009_643_bp_-1_1_2	ENA|BAA32956|BAA32956.1	33.33	18	12	0	7	24	193	210	5.8	16.0
Seq10009_643_bp_-1_1_2	ENA|AAB66912|AAB66912.1	27.27	22	16	0	10	31	131	152	5.8	18.1
Seq10009_643_bp_-1_1_2	ENA|BAB17681|BAB17681.1	38.89	19	11	1	3	20	127	145	5.9	16.3
Seq10009_643_bp_-1_1_2	ENA|AAC26660|AAC26660.1	24.14	29	22	0	1	29	49	77	6.9	16.0
Seq10009_643_bp_-1_1_2	ENA|CAA45199|CAA45199.1	36.84	23	12	4	8	30	303	321	7.7	16.7
Seq10009_643_bp_-1_1_2	ENA|AAA72732|AAA72732.1	30.00	33	21	3	1	30	69	101	8.4	16.0
Seq10009_643_bp_-1_1_2	ENA|AAA25966|AAA25966.1	40.00	35	18	5	1	32	593	625	9.2	17.0
Seq10009_643_bp_-1_1_3	ENA|ABK71357|ABK71357.1	66.67	13	4	1	2	14	350	361	3.4	17.2
Seq10009_643_bp_-1_1_3	ENA|AAB26998|AAB26998.1	21.74	23	18	0	2	24	51	73	4.1	14.6
Seq10009_643_bp_-1_1_4	ENA|AAR37016|AAR37016.1	53.85	36	12	10	3	29	98	132	0.082	25.8
Seq10009_643_bp_-1_1_4	ENA|AAB66912|AAB66912.1	38.10	21	13	0	15	35	303	323	0.097	24.2
Seq10009_643_bp_-1_1_4	ENA|AAA24145|AAA24145.1	24.14	30	22	1	3	32	292	320	0.14	22.6
Seq10009_643_bp_-1_1_4	ENA|AAC97205|AAC97205.1	26.67	32	22	2	6	35	950	981	0.29	23.0
Seq10009_643_bp_-1_1_4	ENA|AAR31603|AAR31603.1	37.04	29	17	2	4	32	41	67	0.3	21.1
Seq10009_643_bp_-1_1_4	ENA|AAR31603|AAR31603.1	33.33	30	16	6	7	30	131	160	0.68	19.9
Seq10009_643_bp_-1_1_4	ENA|ABG75784|ABG75784.1	37.04	28	17	1	4	31	68	94	0.5	20.3
Seq10009_643_bp_-1_1_4	ENA|ABK71357|ABK71357.1	72.73	12	3	1	10	20	100	111	0.59	20.3
Seq10009_643_bp_-1_1_4	ENA|AAA42531|AAA42531.1	33.33	24	16	0	10	33	227	250	0.61	20.3
Seq10009_643_bp_-1_1_4	ENA|ABN10845|ABN10845.1	13.79	29	25	0	2	30	24	52	1.3	18.3
Seq10009_643_bp_-1_1_4	ENA|CAA45199|CAA45199.1	40.91	25	13	3	9	32	398	420	1.7	19.1
Seq10009_643_bp_-1_1_4	ENA|CCP43727|CCP43727.1	34.48	30	19	1	5	33	74	103	2	18.3
Seq10009_643_bp_-1_1_4	ENA|AAA18786|AAA18786.1	18.18	33	27	0	2	34	165	197	2.1	17.9
Seq10009_643_bp_-1_1_4	ENA|CAA24711|CAA24711.1	54.55	11	5	0	5	15	96	106	2.4	17.1
Seq10009_643_bp_-1_1_4	ENA|AAB96524|AAB96524.1	36.36	23	14	1	4	25	48	70	2.6	17.1
Seq10009_643_bp_-1_1_4	ENA|EDO47375|EDO47375.1	29.03	31	22	0	2	32	61	91	2.6	17.1
Seq10009_643_bp_-1_1_4	ENA|CAA11507|CAA11507.1	26.09	24	17	1	6	28	274	297	2.8	19.9
Seq10009_643_bp_-1_1_4	ENA|CAA29956|CAA29956.1	25.93	28	20	1	9	35	227	254	3	17.9
Seq10009_643_bp_-1_1_4	ENA|CAA26023|CAA26023.1	26.32	19	14	0	3	21	174	192	3.1	17.9
Seq10009_643_bp_-1_1_4	ENA|AAC78721|AAC78721.1	35.29	19	11	2	16	32	217	235	3.1	18.7
Seq10009_643_bp_-1_1_4	ENA|AAC49865|AAC49865.1	31.58	20	13	1	8	27	181	199	3.4	17.5
Seq10009_643_bp_-1_1_4	ENA|AAA36114|AAA36114.1	63.64	12	4	1	18	29	135	145	4	17.9
Seq10009_643_bp_-1_1_4	ENA|AAQ92751|AAQ92751.2	22.22	27	21	0	9	35	199	225	4.8	19.1
Seq10009_643_bp_-1_1_4	ENA|ACT10338|ACT10338.1	50.00	10	5	0	8	17	159	168	5.3	17.1
Seq10009_643_bp_-1_1_4	ENA|AAA72732|AAA72732.1	34.62	28	17	2	2	27	253	280	5.5	16.7
Seq10009_643_bp_-1_1_4	ENA|CAL82360|CAL82360.1	33.33	15	10	0	16	30	223	237	5.8	18.7
Seq10009_643_bp_-1_1_4	ENA|BAA32018|BAA32018.1	29.17	25	17	1	3	27	369	392	6.4	17.5
Seq10009_643_bp_-1_1_4	ENA|AAS77176|AAS77176.1	36.84	19	12	0	1	19	57	75	6.7	16.3
Seq10009_643_bp_-1_1_4	ENA|CAA36214|CAA36214.1	36.36	24	14	2	6	29	136	157	7	16.3
Seq10009_643_bp_-1_1_4	ENA|CAA26939|CAA26939.1	31.58	20	13	1	1	20	57	75	9.7	16.7
Seq10009_643_bp_-1_1_4	ENA|CAA28033|CAA28033.1	31.25	18	11	2	7	24	976	991	9.8	17.9
Seq10009_643_bp_-1_1_5	ENA|BAA32991|BAA32991.1	54.55	11	5	0	1	11	13	23	0.0016	25.0
Seq10009_643_bp_-1_1_5	ENA|AAC97205|AAC97205.1	50.00	11	5	1	2	12	344	353	3.2	18.2
Seq10009_643_bp_-1_1_5	ENA|AAC49865|AAC49865.1	66.67	12	3	3	2	11	17	27	3.4	16.2
Seq10009_643_bp_-1_1_5	ENA|EDO47375|EDO47375.1	37.50	8	5	0	4	11	141	148	5.9	14.6
Seq10009_643_bp_-1_1_5	ENA|CAA43419|CAA43419.1	55.56	9	4	0	1	9	341	349	6.5	15.4
Seq10009_643_bp_-1_1_5	ENA|CAA29956|CAA29956.1	66.67	6	2	0	6	11	59	64	6.7	15.4
Seq10009_643_bp_-1_1_5	ENA|CAA26023|CAA26023.1	57.14	8	3	1	4	11	78	84	8.8	15.0
Seq10009_643_bp_-1_1_6	ENA|CCP43727|CCP43727.1	32.26	31	21	0	9	39	159	189	0.024	24.9
Seq10009_643_bp_-1_1_6	ENA|CCP43727|CCP43727.1	35.48	34	20	3	9	40	196	228	0.28	21.4
Seq10009_643_bp_-1_1_6	ENA|AAB66912|AAB66912.1	38.89	43	22	7	5	41	226	267	0.12	24.1
Seq10009_643_bp_-1_1_6	ENA|CAA36214|CAA36214.1	37.50	36	20	4	5	40	215	246	0.15	22.2
Seq10009_643_bp_-1_1_6	ENA|CAA36714|CAA36714.1	42.86	41	20	6	7	41	287	327	0.23	22.2
Seq10009_643_bp_-1_1_6	ENA|ABN10845|ABN10845.1	23.33	30	23	0	8	37	185	214	0.42	20.2
Seq10009_643_bp_-1_1_6	ENA|CAA45708|CAA45708.1	35.00	20	13	0	1	20	1507	1526	0.44	23.0
Seq10009_643_bp_-1_1_6	ENA|AAC40132|AAC40132.1	33.33	35	22	2	7	41	167	199	0.54	21.0
Seq10009_643_bp_-1_1_6	ENA|ACT10338|ACT10338.1	30.30	35	23	2	5	39	260	292	0.57	20.6
Seq10009_643_bp_-1_1_6	ENA|AAC08817|AAC08817.1	50.00	23	10	3	21	40	6	28	0.91	18.6
Seq10009_643_bp_-1_1_6	ENA|ABK71357|ABK71357.1	31.82	22	15	0	4	25	93	114	1.2	19.4
Seq10009_643_bp_-1_1_6	ENA|BAA05866|BAA05866.1	31.58	20	13	1	16	34	25	44	2.3	18.2
Seq10009_643_bp_-1_1_6	ENA|AAA72732|AAA72732.1	25.00	33	24	1	5	37	155	186	2.3	18.2
Seq10009_643_bp_-1_1_6	ENA|ABD49687|ABD49687.1	21.05	40	30	2	3	40	325	364	2.5	20.6
Seq10009_643_bp_-1_1_6	ENA|AAA24145|AAA24145.1	38.10	21	13	0	20	40	206	226	2.6	18.6
Seq10009_643_bp_-1_1_6	ENA|AAB03707|AAB03707.1	26.32	39	28	1	3	40	7	45	2.6	20.2
Seq10009_643_bp_-1_1_6	ENA|CAA11507|CAA11507.1	42.86	22	12	1	6	26	273	294	3.4	19.8
Seq10009_643_bp_-1_1_6	ENA|AAA36114|AAA36114.1	36.00	26	16	1	15	40	374	398	3.8	18.2
Seq10009_643_bp_-1_1_6	ENA|AAC78721|AAC78721.1	40.00	20	12	0	19	38	31	50	3.8	18.6
Seq10009_643_bp_-1_1_6	ENA|AAC97205|AAC97205.1	26.47	34	25	0	7	40	223	256	4	19.4
Seq10009_643_bp_-1_1_6	ENA|CAA28033|CAA28033.1	25.00	37	27	1	2	37	980	1016	4.2	19.4
Seq10009_643_bp_-1_1_6	ENA|AAQ92751|AAQ92751.2	31.25	36	22	4	9	40	819	854	4.5	19.4
Seq10009_643_bp_-1_1_6	ENA|CAA24711|CAA24711.1	62.50	8	3	0	19	26	3	10	5	16.3
Seq10009_643_bp_-1_1_6	ENA|AAA25966|AAA25966.1	23.81	21	16	0	21	41	342	362	5.3	18.2
Seq10009_643_bp_-1_1_6	ENA|AAR31603|AAR31603.1	30.30	34	23	1	4	37	23	55	5.4	17.0
Seq10009_643_bp_-1_1_6	ENA|BAB79260|BAB79260.1	17.65	34	28	0	4	37	31	64	7.4	17.0
Seq10009_643_bp_-1_1_6	ENA|AAR37016|AAR37016.1	35.00	21	13	1	21	40	755	775	7.4	19.4
Seq10009_643_bp_-1_1_6	ENA|CAA45199|CAA45199.1	33.33	22	14	1	15	35	402	423	7.6	17.0
Seq10009_643_bp_-1_1_6	ENA|ACH70901|ACH70901.1	66.67	9	3	0	2	10	229	237	7.7	16.7
Seq10009_643_bp_-1_1_6	ENA|CAA26023|CAA26023.1	25.00	24	18	0	16	39	313	336	8.1	16.7
Seq10009_643_bp_-1_1_6	ENA|AAC17860|AAC17860.1	17.14	35	29	0	2	36	255	289	8.7	16.7
Seq10009_643_bp_-1_1_6	ENA|CAA73529|CAA73529.1	23.81	21	16	0	14	34	193	213	9.8	15.9
Seq10009_643_bp_-1_1_6	ENA|BAB17681|BAB17681.1	24.24	34	25	1	5	37	45	78	9.8	15.9
Seq10009_643_bp_-1_1_6	ENA|BAA32018|BAA32018.1	42.86	22	12	1	20	40	145	166	9.9	17.0
Seq10009_643_bp_-1_2_0	ENA|AAB26998|AAB26998.1	36.00	26	16	1	1	26	5	29	0.48	18.0
Seq10009_643_bp_-1_2_0	ENA|AAA42531|AAA42531.1	40.00	16	9	1	12	27	154	168	1.8	18.3
Seq10009_643_bp_-1_2_0	ENA|CAA29968|CAA29968.1	60.00	12	4	2	12	21	105	116	4.7	15.9
Seq10009_643_bp_-1_2_0	ENA|CAD53387|CAD53387.1	35.29	17	11	0	7	23	479	495	5.9	16.9
Seq10009_643_bp_-1_2_0	ENA|ABN10845|ABN10845.1	32.00	26	17	1	1	26	95	119	6.5	15.6
Seq10009_643_bp_-1_2_0	ENA|CAA73529|CAA73529.1	25.00	20	15	0	7	26	79	98	8	15.6
Seq10009_643_bp_-1_2_0	ENA|AAR37016|AAR37016.1	50.00	26	10	6	2	25	1125	1146	8.3	18.6
Seq10009_643_bp_-1_2_1	ENA|AAC78721|AAC78721.1	31.11	45	31	0	3	47	526	570	1.6	20.3
Seq10009_643_bp_-1_2_1	ENA|AAA24145|AAA24145.1	22.92	51	37	3	2	52	100	147	5.5	17.9
Seq10009_643_bp_-1_2_1	ENA|AAB96524|AAB96524.1	30.77	26	18	0	23	48	98	123	5.6	16.5
Seq10009_643_bp_-1_2_1	ENA|ABK71357|ABK71357.1	32.43	39	25	2	6	44	211	247	7.5	17.1
Seq10009_643_bp_-1_2_2	ENA|ABN10845|ABN10845.1	50.00	14	7	0	7	20	181	194	0.41	19.5
Seq10009_643_bp_-1_2_2	ENA|AAA25966|AAA25966.1	41.18	17	10	0	1	17	655	671	2.3	18.7
Seq10009_643_bp_-1_2_2	ENA|CAA28033|CAA28033.1	46.15	13	7	0	12	24	969	981	2.4	19.5
Seq10009_643_bp_-1_2_2	ENA|CAA11507|CAA11507.1	46.67	16	8	1	5	20	281	295	2.6	19.5
Seq10009_643_bp_-1_2_2	ENA|AAA32624|AAA32624.1	30.00	10	7	0	10	19	475	484	2.9	17.9
Seq10009_643_bp_-1_2_2	ENA|AAA72732|AAA72732.1	33.33	18	12	0	5	22	143	160	2.9	17.1
Seq10009_643_bp_-1_2_2	ENA|AAC17860|AAC17860.1	33.33	21	14	0	3	23	143	163	2.9	17.5
Seq10009_643_bp_-1_2_2	ENA|EDO47375|EDO47375.1	40.00	15	9	0	9	23	48	62	3	16.4
Seq10009_643_bp_-1_2_2	ENA|BAB17681|BAB17681.1	29.41	17	12	0	6	22	12	28	4.3	16.4
Seq10009_643_bp_-1_2_2	ENA|AAQ92751|AAQ92751.2	30.43	23	16	0	1	23	626	648	4.4	18.7
Seq10009_643_bp_-1_2_2	ENA|CAA45199|CAA45199.1	26.09	25	17	2	1	23	350	374	7.3	16.4
Seq10009_643_bp_-1_2_2	ENA|CAA29956|CAA29956.1	60.00	11	4	1	12	21	121	131	7.6	16.0
Seq10009_643_bp_-1_2_2	ENA|AAA42531|AAA42531.1	45.00	22	11	2	3	22	229	250	10	15.6
Seq10009_643_bp_-1_2_3	ENA|BAA32956|BAA32956.1	60.00	10	4	0	5	14	185	194	0.27	19.6
Seq10009_643_bp_-1_2_3	ENA|AAA36539|AAA36539.1	45.45	11	6	0	2	12	138	148	1.5	18.3
Seq10009_643_bp_-1_2_3	ENA|AAA32624|AAA32624.1	38.89	19	11	1	1	18	161	179	1.7	18.3
Seq10009_643_bp_-1_2_3	ENA|ABK71357|ABK71357.1	35.71	14	9	0	1	14	332	345	2.2	17.4
Seq10009_643_bp_-1_2_3	ENA|AAC08817|AAC08817.1	40.00	15	9	0	3	17	134	148	2.2	16.1
Seq10009_643_bp_-1_2_3	ENA|CAA26939|CAA26939.1	54.55	11	5	0	4	14	222	232	4.4	17.0
Seq10009_643_bp_-1_2_3	ENA|AAQ92751|AAQ92751.2	30.77	13	9	0	1	13	1061	1073	5.7	17.9
Seq10009_643_bp_-1_2_3	ENA|AAA72732|AAA72732.1	28.57	14	10	0	3	16	285	298	5.9	15.7
Seq10009_643_bp_-1_2_3	ENA|AAC26660|AAC26660.1	40.00	10	6	0	9	18	156	165	6.5	15.2
Seq10009_643_bp_-1_2_3	ENA|CAA73529|CAA73529.1	50.00	8	4	0	8	15	236	243	6.9	15.2
Seq10009_643_bp_-1_2_3	ENA|AAC40132|AAC40132.1	41.67	12	7	0	4	15	176	187	8.7	15.7
Seq10009_643_bp_-1_2_3	ENA|AAC78721|AAC78721.1	45.45	11	6	0	4	14	667	677	9.1	16.1
Seq10009_643_bp_-1_2_3	ENA|ABD49687|ABD49687.1	26.67	15	11	0	1	15	1099	1113	9.3	17.4
Seq10009_643_bp_-1_2_3	ENA|AAS77176|AAS77176.1	33.33	19	12	1	1	18	159	177	9.6	14.8
Seq10009_643_bp_-1_2_4	ENA|CAD53387|CAD53387.1	62.50	8	3	0	10	17	10	17	0.086	22.7
Seq10009_643_bp_-1_2_4	ENA|CAD53387|CAD53387.1	62.50	8	3	0	10	17	76	83	0.086	22.7
Seq10009_643_bp_-1_2_4	ENA|CAD53387|CAD53387.1	62.50	8	3	0	10	17	142	149	0.086	22.7
Seq10009_643_bp_-1_2_4	ENA|CAD53387|CAD53387.1	62.50	8	3	0	10	17	208	215	0.086	22.7
Seq10009_643_bp_-1_2_4	ENA|CAD53387|CAD53387.1	62.50	8	3	0	10	17	274	281	0.086	22.7
Seq10009_643_bp_-1_2_4	ENA|CAD53387|CAD53387.1	62.50	8	3	0	10	17	340	347	0.086	22.7
Seq10009_643_bp_-1_2_4	ENA|CAD53387|CAD53387.1	62.50	8	3	0	10	17	406	413	0.086	22.7
Seq10009_643_bp_-1_2_4	ENA|CAD53387|CAD53387.1	26.32	19	14	0	2	20	379	397	0.83	19.4
Seq10009_643_bp_-1_2_4	ENA|CAD53387|CAD53387.1	26.32	19	14	0	2	20	313	331	0.83	19.4
Seq10009_643_bp_-1_2_4	ENA|CAD53387|CAD53387.1	26.32	19	14	0	2	20	247	265	0.83	19.4
Seq10009_643_bp_-1_2_4	ENA|CAD53387|CAD53387.1	26.32	19	14	0	2	20	181	199	0.83	19.4
Seq10009_643_bp_-1_2_4	ENA|CAD53387|CAD53387.1	26.32	19	14	0	2	20	115	133	0.83	19.4
Seq10009_643_bp_-1_2_4	ENA|CAD53387|CAD53387.1	26.32	19	14	0	2	20	49	67	0.83	19.4
Seq10009_643_bp_-1_2_4	ENA|AAA36114|AAA36114.1	35.71	14	9	0	1	14	488	501	0.23	21.3
Seq10009_643_bp_-1_2_4	ENA|AAC08817|AAC08817.1	35.29	17	11	0	2	18	13	29	0.26	19.4
Seq10009_643_bp_-1_2_4	ENA|AAF79734|AAF79734.1	43.75	16	9	0	5	20	79	94	0.34	22.2
Seq10009_643_bp_-1_2_4	ENA|AAF79734|AAF79734.1	35.71	14	9	0	1	14	242	255	0.65	21.3
Seq10009_643_bp_-1_2_4	ENA|AAC49865|AAC49865.1	31.58	19	13	0	1	19	298	316	0.55	19.4
Seq10009_643_bp_-1_2_4	ENA|AAC40132|AAC40132.1	28.57	14	10	0	3	16	341	354	0.57	19.9
Seq10009_643_bp_-1_2_4	ENA|CAA26023|CAA26023.1	71.43	7	2	0	14	20	8	14	0.63	19.4
Seq10009_643_bp_-1_2_4	ENA|AAA24145|AAA24145.1	29.41	17	12	0	1	17	194	210	0.76	19.4
Seq10009_643_bp_-1_2_4	ENA|CCP43727|CCP43727.1	66.67	9	3	0	8	16	247	255	1.4	18.0
Seq10009_643_bp_-1_2_4	ENA|AAC26660|AAC26660.1	60.00	10	4	0	3	12	221	230	1.5	17.5
Seq10009_643_bp_-1_2_4	ENA|CAA28033|CAA28033.1	33.33	15	10	0	4	18	50	64	1.5	19.9
Seq10009_643_bp_-1_2_4	ENA|ACH70901|ACH70901.1	46.15	13	7	0	1	13	257	269	1.6	18.0
Seq10009_643_bp_-1_2_4	ENA|CAA73529|CAA73529.1	28.57	14	10	0	3	16	125	138	1.7	17.5
Seq10009_643_bp_-1_2_4	ENA|CAA36214|CAA36214.1	44.44	9	5	0	9	17	238	246	1.8	17.5
Seq10009_643_bp_-1_2_4	ENA|AAI27517|AAI27517.1	56.25	18	7	2	5	20	379	396	1.9	18.5
Seq10009_643_bp_-1_2_4	ENA|AAR31603|AAR31603.1	58.33	15	5	3	8	19	278	292	2	17.5
Seq10009_643_bp_-1_2_4	ENA|AAC97205|AAC97205.1	33.33	15	10	0	3	17	992	1006	2	19.4
Seq10009_643_bp_-1_2_4	ENA|ABD49687|ABD49687.1	50.00	19	8	3	1	19	1575	1590	2	19.9
Seq10009_643_bp_-1_2_4	ENA|BAA32956|BAA32956.1	27.78	18	13	0	1	18	149	166	2.4	16.6
Seq10009_643_bp_-1_2_4	ENA|CAA29968|CAA29968.1	33.33	15	10	0	1	15	22	36	3.1	16.1
Seq10009_643_bp_-1_2_4	ENA|AAB66912|AAB66912.1	57.14	7	3	0	14	20	892	898	4	18.0
Seq10009_643_bp_-1_2_4	ENA|CAA29956|CAA29956.1	50.00	8	4	0	11	18	36	43	4.3	16.6
Seq10009_643_bp_-1_2_4	ENA|AAA25966|AAA25966.1	45.45	11	6	0	2	12	567	577	4.3	17.5
Seq10009_643_bp_-1_2_4	ENA|AAA42531|AAA42531.1	40.00	10	6	0	8	17	98	107	4.4	16.6
Seq10009_643_bp_-1_2_4	ENA|CAA45199|CAA45199.1	37.50	8	5	0	9	16	145	152	5.3	16.6
Seq10009_643_bp_-1_2_4	ENA|AAB26998|AAB26998.1	36.36	11	7	0	5	15	25	35	6.2	13.8
Seq10009_643_bp_-1_2_4	ENA|AAA72732|AAA72732.1	43.75	17	9	1	3	19	111	126	6.6	15.6
Seq10009_643_bp_-1_2_4	ENA|BAB79260|BAB79260.1	83.33	6	1	0	4	9	4	9	6.9	16.1
Seq10009_643_bp_-1_2_4	ENA|AAR37016|AAR37016.1	42.86	14	8	0	5	18	1021	1034	7.1	18.5
Seq10009_643_bp_-1_2_4	ENA|BAA32991|BAA32991.1	41.67	12	7	0	1	12	40	51	7.4	13.3
Seq10009_643_bp_-1_2_4	ENA|ACT10338|ACT10338.1	42.86	14	8	0	1	14	352	365	8.1	15.6
Seq10009_643_bp_-1_2_4	ENA|AAC17860|AAC17860.1	26.67	15	11	0	6	20	72	86	8.6	15.6
Seq10009_643_bp_-1_2_4	ENA|AAA36539|AAA36539.1	36.36	11	7	0	2	12	251	261	9.8	15.6
Seq10009_643_bp_-1_2_5	ENA|AAC97205|AAC97205.1	66.67	13	4	1	6	18	466	477	0.16	23.3
Seq10009_643_bp_-1_2_5	ENA|AAC49865|AAC49865.1	27.27	23	16	1	2	24	271	292	2.9	17.2
Seq10009_643_bp_-1_2_5	ENA|ACH70901|ACH70901.1	40.00	15	9	0	3	17	179	193	4	16.9
Seq10009_643_bp_-1_2_5	ENA|ACT10338|ACT10338.1	33.33	19	12	1	7	24	46	64	4.3	16.9
Seq10009_643_bp_-1_2_5	ENA|AAI27517|AAI27517.1	33.33	18	12	0	7	24	513	530	6.4	16.9
Seq10009_643_bp_-1_2_5	ENA|AAC26660|AAC26660.1	44.44	9	5	0	12	20	110	118	8.8	15.2
Seq10009_643_bp_-1_2_5	ENA|AAR31603|AAR31603.1	40.00	15	9	0	7	21	299	313	9	15.5
Seq10009_643_bp_-1_2_5	ENA|BAA32991|BAA32991.1	55.56	10	4	1	14	22	56	65	9.7	13.1
Seq10009_643_bp_-1_2_6	ENA|ABK71357|ABK71357.1	38.89	18	11	0	3	20	277	294	0.047	23.2
Seq10009_643_bp_-1_2_6	ENA|AAB96524|AAB96524.1	25.00	16	12	0	2	17	148	163	1.8	16.9
Seq10009_643_bp_-1_2_6	ENA|EDO47375|EDO47375.1	29.41	17	12	0	1	17	12	28	1.8	16.9
Seq10009_643_bp_-1_2_6	ENA|ACH70901|ACH70901.1	29.41	17	12	0	4	20	246	262	1.9	17.8
Seq10009_643_bp_-1_2_6	ENA|CAA45708|CAA45708.1	35.29	19	11	2	1	19	122	138	2.5	19.4
Seq10009_643_bp_-1_2_6	ENA|AAA25966|AAA25966.1	43.75	18	9	2	3	18	52	69	3.8	17.8
Seq10009_643_bp_-1_2_6	ENA|AAI27517|AAI27517.1	31.25	16	11	0	6	21	578	593	4.1	17.3
Seq10009_643_bp_-1_2_6	ENA|CAD53387|CAD53387.1	26.32	19	14	0	2	20	45	63	4.6	16.9
Seq10009_643_bp_-1_2_6	ENA|ABG75784|ABG75784.1	31.25	16	11	0	6	21	261	276	5.1	16.1
Seq10009_643_bp_-1_2_6	ENA|CAA45199|CAA45199.1	35.29	18	11	1	5	21	136	153	5.8	16.5
Seq10009_643_bp_-1_2_6	ENA|CAA36214|CAA36214.1	28.57	14	10	0	7	20	66	79	6.6	15.7
Seq10009_643_bp_-1_2_6	ENA|BAA05866|BAA05866.1	45.45	11	6	0	5	15	194	204	6.6	15.7
Seq10009_643_bp_-1_2_6	ENA|CAA24711|CAA24711.1	62.50	8	3	0	6	13	61	68	6.6	14.8
Seq10009_643_bp_-1_2_6	ENA|AAC78721|AAC78721.1	44.44	21	10	3	3	20	246	266	8.1	16.5
Seq10009_643_bp_-1_2_6	ENA|AAB03707|AAB03707.1	37.50	18	10	2	6	21	604	621	9.2	17.3
Seq10009_643_bp_-1_2_6	ENA|AAR31603|AAR31603.1	33.33	15	10	0	6	20	123	137	9.2	15.3
Seq10009_643_bp_-1_2_6	ENA|CAA36714|CAA36714.1	52.63	22	9	3	1	19	146	167	9.8	15.7
Seq10009_643_bp_-1_2_6	ENA|AAC40132|AAC40132.1	35.71	14	9	0	7	20	359	372	10	15.7
