Seq1875_99_bp_1_0_0	ENA|BAB17681|BAB17681.1	50.00	16	7	2	1	16	163	176	0.46	19.2
Seq1875_99_bp_1_0_0	ENA|BAA32991|BAA32991.1	33.33	9	6	0	6	14	15	23	2.2	14.8
Seq1875_99_bp_1_0_0	ENA|CAA29956|CAA29956.1	66.67	6	2	0	3	8	370	375	2.7	17.0
Seq1875_99_bp_1_0_0	ENA|BAA36759|BAA36759.1	50.00	8	4	0	8	15	151	158	6.7	15.3
Seq1875_99_bp_1_0_0	ENA|AAI27517|AAI27517.1	40.00	10	6	0	4	13	360	369	7.5	16.1
Seq1875_99_bp_1_0_0	ENA|AAC26660|AAC26660.1	23.53	17	13	0	1	17	120	136	7.9	14.8
Seq1875_99_bp_1_0_1	ENA|EDO47375|EDO47375.1	66.67	6	2	0	5	10	171	176	0.94	17.2
Seq1875_99_bp_1_0_1	ENA|AAC26660|AAC26660.1	66.67	10	3	1	3	11	124	133	0.99	17.5
Seq1875_99_bp_1_0_1	ENA|AAA42531|AAA42531.1	50.00	9	4	1	3	11	219	226	2.5	16.8
Seq1875_99_bp_1_0_1	ENA|CAA29968|CAA29968.1	50.00	12	5	2	2	13	186	195	2.7	15.7
Seq1875_99_bp_1_0_1	ENA|AAR37016|AAR37016.1	57.14	7	3	0	5	11	70	76	3.2	19.0
Seq1875_99_bp_1_0_1	ENA|ACH70901|ACH70901.1	45.45	11	6	0	3	13	176	186	7.8	15.0
Seq1875_99_bp_1_1_0	ENA|AAR37016|AAR37016.1	100.00	32	0	0	1	32	1318	1349	5.5e-21	89.4
Seq1875_99_bp_1_1_0	ENA|BAA32956|BAA32956.1	47.06	18	9	1	2	18	72	89	0.19	21.0
Seq1875_99_bp_1_1_0	ENA|AAR31603|AAR31603.1	35.71	14	9	0	1	14	247	260	0.86	19.4
Seq1875_99_bp_1_1_0	ENA|AAQ92751|AAQ92751.2	31.58	19	13	0	1	19	657	675	1.2	21.0
Seq1875_99_bp_1_1_0	ENA|BAA32018|BAA32018.1	33.33	18	12	0	2	19	501	518	2.1	19.0
Seq1875_99_bp_1_1_0	ENA|AAI27517|AAI27517.1	62.50	8	3	0	7	14	33	40	2.6	18.6
Seq1875_99_bp_1_1_0	ENA|AAA24145|AAA24145.1	36.36	29	14	7	1	22	297	325	3.5	17.9
Seq1875_99_bp_1_1_0	ENA|ACH70901|ACH70901.1	28.57	14	10	0	2	15	289	302	3.5	17.5
Seq1875_99_bp_1_1_0	ENA|AAC78721|AAC78721.1	46.15	14	7	1	6	19	356	368	3.9	18.2
Seq1875_99_bp_1_1_0	ENA|CAA28033|CAA28033.1	44.44	21	10	3	2	19	848	868	4.3	19.0
Seq1875_99_bp_1_1_0	ENA|AAS77176|AAS77176.1	30.77	31	18	5	6	31	36	66	4.8	16.7
Seq1875_99_bp_1_1_0	ENA|AAC26660|AAC26660.1	45.45	11	6	0	12	22	78	88	5.5	16.3
Seq1875_99_bp_1_1_0	ENA|AAC97205|AAC97205.1	55.56	9	4	0	9	17	179	187	6.9	18.2
Seq1875_99_bp_1_1_0	ENA|CAA29968|CAA29968.1	33.33	9	6	0	11	19	70	78	7.1	15.5
Seq1875_99_bp_1_1_0	ENA|CAA36714|CAA36714.1	30.43	23	16	0	5	27	33	55	7.6	16.7
Seq1875_99_bp_1_1_0	ENA|CAB75732|CAB75732.1	38.10	23	13	2	11	31	242	264	8.3	17.9
Seq1875_99_bp_1_2_0	ENA|AAC08817|AAC08817.1	77.78	11	2	2	9	17	15	25	0.61	18.8
Seq1875_99_bp_1_2_0	ENA|AAA72732|AAA72732.1	50.00	24	10	4	2	21	288	311	1.6	18.5
Seq1875_99_bp_1_2_0	ENA|AAI27517|AAI27517.1	33.33	15	10	0	8	22	172	186	1.7	19.2
Seq1875_99_bp_1_2_0	ENA|ABK71357|ABK71357.1	41.67	12	7	0	4	15	90	101	2.4	18.1
Seq1875_99_bp_1_2_0	ENA|CAA26023|CAA26023.1	53.33	19	7	4	13	30	118	133	2.5	18.1
Seq1875_99_bp_1_2_0	ENA|AAA24145|AAA24145.1	27.78	18	13	0	11	28	440	457	3	18.1
Seq1875_99_bp_1_2_0	ENA|AAA36539|AAA36539.1	55.56	9	4	0	18	26	22	30	3.1	18.1
Seq1875_99_bp_1_2_0	ENA|AAB96524|AAB96524.1	42.86	7	4	0	22	28	162	168	3.6	16.5
Seq1875_99_bp_1_2_0	ENA|AAC49865|AAC49865.1	72.73	13	3	2	21	31	38	50	3.7	17.3
Seq1875_99_bp_1_2_0	ENA|CAA26939|CAA26939.1	60.00	13	4	3	17	29	10	19	3.7	18.1
Seq1875_99_bp_1_2_0	ENA|ABD49687|ABD49687.1	45.45	30	12	8	4	28	1648	1674	3.7	19.6
Seq1875_99_bp_1_2_0	ENA|AAA32624|AAA32624.1	40.91	23	13	1	7	28	251	273	4.4	17.7
Seq1875_99_bp_1_2_0	ENA|ABN10845|ABN10845.1	35.71	16	9	2	15	30	43	56	5.4	16.1
Seq1875_99_bp_1_2_0	ENA|AAC97205|AAC97205.1	31.58	22	13	3	1	22	1037	1055	6	18.5
Seq1875_99_bp_1_2_0	ENA|AAB03707|AAB03707.1	39.13	26	14	3	6	28	605	630	6.6	18.5
Seq1875_99_bp_1_2_0	ENA|BAA36759|BAA36759.1	50.00	18	8	2	10	25	9	26	9.1	15.7
Seq1875_99_bp_1_2_0	ENA|CAD53387|CAD53387.1	66.67	6	2	0	25	30	474	479	9.2	16.5
Seq1875_99_bp_1_2_0	ENA|AAA42531|AAA42531.1	31.82	23	15	1	8	30	272	293	9.3	16.1
Seq1875_99_bp_1_2_0	ENA|CAA24711|CAA24711.1	44.44	9	5	0	20	28	144	152	9.4	14.9
Seq1875_99_bp_-1_0_0	ENA|CAL82360|CAL82360.1	80.00	5	1	0	2	6	461	465	3.2	17.8
Seq1875_99_bp_-1_0_0	ENA|AAA18786|AAA18786.1	50.00	6	3	0	2	7	148	153	3.7	15.3
Seq1875_99_bp_-1_0_0	ENA|BAB17681|BAB17681.1	37.50	8	5	0	2	9	71	78	3.8	15.3
Seq1875_99_bp_-1_0_0	ENA|ACH70901|ACH70901.1	57.14	7	3	0	3	9	78	84	4.9	15.3
Seq1875_99_bp_-1_0_0	ENA|EDO47375|EDO47375.1	60.00	5	2	0	5	9	108	112	7.1	13.8
Seq1875_99_bp_-1_1_0	ENA|ACT10338|ACT10338.1	47.83	31	12	8	1	28	234	259	0.018	25.3
Seq1875_99_bp_-1_1_0	ENA|AAR31603|AAR31603.1	37.50	16	10	0	15	30	89	104	0.028	24.4
Seq1875_99_bp_-1_1_0	ENA|AAR31603|AAR31603.1	22.73	23	17	1	10	31	132	154	0.56	20.0
Seq1875_99_bp_-1_1_0	ENA|BAB79260|BAB79260.1	29.41	17	12	0	13	29	387	403	0.13	22.7
Seq1875_99_bp_-1_1_0	ENA|AAB03707|AAB03707.1	40.00	15	9	0	7	21	390	404	0.16	24.0
Seq1875_99_bp_-1_1_0	ENA|AAA25966|AAA25966.1	38.46	13	8	0	17	29	125	137	0.27	22.2
Seq1875_99_bp_-1_1_0	ENA|AAA42531|AAA42531.1	37.50	16	10	0	12	27	116	131	0.36	20.9
Seq1875_99_bp_-1_1_0	ENA|AAQ92751|AAQ92751.2	35.71	29	18	1	4	32	1313	1340	0.39	22.7
Seq1875_99_bp_-1_1_0	ENA|CAA73529|CAA73529.1	38.46	13	8	0	20	32	189	201	0.62	19.6
Seq1875_99_bp_-1_1_0	ENA|CAA26939|CAA26939.1	55.56	10	4	1	21	29	18	27	0.71	20.5
Seq1875_99_bp_-1_1_0	ENA|AAR37016|AAR37016.1	42.86	23	12	2	3	23	170	192	0.88	22.2
Seq1875_99_bp_-1_1_0	ENA|BAA32991|BAA32991.1	26.32	19	14	0	3	21	14	32	0.95	17.0
Seq1875_99_bp_-1_1_0	ENA|AAB26998|AAB26998.1	38.46	13	8	0	5	17	35	47	1.1	17.0
Seq1875_99_bp_-1_1_0	ENA|BAA32956|BAA32956.1	50.00	14	6	2	1	14	122	133	1.2	18.3
Seq1875_99_bp_-1_1_0	ENA|AAA32624|AAA32624.1	38.89	24	11	6	2	21	503	524	1.2	19.6
Seq1875_99_bp_-1_1_0	ENA|AAI27517|AAI27517.1	50.00	10	5	0	10	19	175	184	1.8	19.2
Seq1875_99_bp_-1_1_0	ENA|CAL82360|CAL82360.1	66.67	10	3	1	21	29	1282	1291	2.1	20.0
Seq1875_99_bp_-1_1_0	ENA|AAC97205|AAC97205.1	38.10	24	13	3	4	27	1189	1209	2.8	19.6
Seq1875_99_bp_-1_1_0	ENA|CAA29956|CAA29956.1	75.00	4	1	0	26	29	281	284	2.8	17.9
Seq1875_99_bp_-1_1_0	ENA|ABD49687|ABD49687.1	45.45	11	6	0	13	23	816	826	2.8	20.0
Seq1875_99_bp_-1_1_0	ENA|BAA36759|BAA36759.1	45.45	11	6	0	19	29	266	276	2.9	17.4
Seq1875_99_bp_-1_1_0	ENA|CAA24711|CAA24711.1	50.00	8	4	0	16	23	116	123	3.2	16.6
Seq1875_99_bp_-1_1_0	ENA|AAB96524|AAB96524.1	37.50	8	5	0	25	32	164	171	3.4	16.6
Seq1875_99_bp_-1_1_0	ENA|AAA36539|AAA36539.1	62.50	11	3	3	16	26	331	338	3.5	17.9
Seq1875_99_bp_-1_1_0	ENA|AAS77176|AAS77176.1	35.71	16	9	2	17	31	144	158	3.9	17.0
Seq1875_99_bp_-1_1_0	ENA|BAA05866|BAA05866.1	36.84	21	12	2	1	21	214	232	4.1	17.0
Seq1875_99_bp_-1_1_0	ENA|AAA24145|AAA24145.1	29.41	17	12	0	5	21	441	457	4.6	17.4
Seq1875_99_bp_-1_1_0	ENA|ABK71357|ABK71357.1	57.14	7	3	0	4	10	46	52	5	17.0
Seq1875_99_bp_-1_1_0	ENA|ABN10845|ABN10845.1	13.33	15	13	0	8	22	10	24	5.3	16.1
Seq1875_99_bp_-1_1_0	ENA|AAC78721|AAC78721.1	57.14	7	3	0	10	16	122	128	6.6	17.4
Seq1875_99_bp_-1_1_0	ENA|BAB17681|BAB17681.1	30.77	13	9	0	6	18	68	80	6.6	16.1
Seq1875_99_bp_-1_1_0	ENA|CAD53387|CAD53387.1	28.57	14	10	0	1	14	18	31	6.6	17.0
Seq1875_99_bp_-1_1_0	ENA|CAA26023|CAA26023.1	30.00	10	7	0	20	29	38	47	6.8	16.6
Seq1875_99_bp_-1_1_0	ENA|AAC08817|AAC08817.1	50.00	6	3	0	15	20	82	87	6.8	15.3
Seq1875_99_bp_-1_1_0	ENA|CAA45199|CAA45199.1	33.33	9	6	0	17	25	66	74	8.2	16.6
Seq1875_99_bp_-1_1_0	ENA|ACH70901|ACH70901.1	50.00	6	3	0	18	23	293	298	8.5	16.1
Seq1875_99_bp_-1_1_0	ENA|CAA11507|CAA11507.1	17.39	24	19	1	8	31	912	934	9.5	17.9
Seq1875_99_bp_-1_1_0	ENA|AAA72732|AAA72732.1	60.00	5	2	0	16	20	224	228	9.8	15.7
Seq1875_99_bp_-1_2_0	ENA|ABN10845|ABN10845.1	45.00	20	11	0	2	21	18	37	0.13	21.6
Seq1875_99_bp_-1_2_0	ENA|CAL82360|CAL82360.1	58.82	19	7	2	1	17	883	901	0.44	22.3
Seq1875_99_bp_-1_2_0	ENA|BAB79260|BAB79260.1	33.33	29	18	2	5	31	388	416	0.46	20.8
Seq1875_99_bp_-1_2_0	ENA|ABD49687|ABD49687.1	35.48	33	20	2	1	31	1107	1139	0.59	22.3
Seq1875_99_bp_-1_2_0	ENA|ACH70901|ACH70901.1	50.00	12	6	0	2	13	53	64	0.62	20.0
Seq1875_99_bp_-1_2_0	ENA|BAA32956|BAA32956.1	22.73	22	17	0	11	32	117	138	0.62	19.2
Seq1875_99_bp_-1_2_0	ENA|AAA24145|AAA24145.1	46.15	13	7	0	4	16	349	361	3	18.1
Seq1875_99_bp_-1_2_0	ENA|AAA18786|AAA18786.1	62.50	8	3	0	14	21	244	251	5	16.5
Seq1875_99_bp_-1_2_0	ENA|CAA11507|CAA11507.1	47.62	30	11	9	2	31	202	222	5.1	18.8
Seq1875_99_bp_-1_2_0	ENA|ACT10338|ACT10338.1	55.56	9	4	0	2	10	329	337	5.6	16.9
Seq1875_99_bp_-1_2_0	ENA|AAA32624|AAA32624.1	38.10	21	13	0	8	28	271	291	5.7	17.3
Seq1875_99_bp_-1_2_0	ENA|AAB66912|AAB66912.1	34.78	23	15	0	1	23	312	334	5.9	18.1
Seq1875_99_bp_-1_2_0	ENA|AAC49865|AAC49865.1	31.58	20	13	1	12	31	35	53	6.1	16.5
Seq1875_99_bp_-1_2_0	ENA|CAA28033|CAA28033.1	44.44	19	10	1	3	21	1037	1054	6.3	18.5
Seq1875_99_bp_-1_2_0	ENA|AAB03707|AAB03707.1	39.13	25	14	2	4	28	624	646	6.6	18.5
Seq1875_99_bp_-1_2_0	ENA|AAC17860|AAC17860.1	30.00	10	7	0	18	27	92	101	7.5	16.5
Seq1875_99_bp_-1_2_0	ENA|ABD33854|ABD33854.1	50.00	8	4	0	2	9	27	34	7.7	13.8
Seq1875_99_bp_-1_2_0	ENA|AAA36539|AAA36539.1	46.15	13	7	0	9	21	25	37	8.6	16.5
Seq1875_99_bp_-1_2_0	ENA|AAF79734|AAF79734.1	41.18	21	10	4	6	22	1003	1023	8.9	18.1
Seq1875_99_bp_-1_2_0	ENA|CAA26023|CAA26023.1	38.46	13	8	0	2	14	216	228	9.1	16.1
