Seq5292_181_bp_1_0_0	BAB17681.1	57.14	7	3	0	1	7	79	85	1.7	16.9
Seq5292_181_bp_1_0_0	AAC17860.1	33.33	9	6	0	5	13	405	413	7.6	15.2
Seq5292_181_bp_1_0_0	ABN10845.1	37.50	8	5	0	5	12	196	203	8.7	14.1
Seq5292_181_bp_1_0_0	AAA36565.1	50.00	6	3	0	7	12	6	11	9.7	13.5
Seq5292_181_bp_1_0_1	CAA73529.1	60.00	5	2	0	20	24	38	42	0.78	19.5
Seq5292_181_bp_1_0_1	AAR37016.1	50.00	8	4	0	17	24	1557	1564	2.3	21.0
Seq5292_181_bp_1_0_1	CAA43372.1	45.45	11	6	0	16	26	344	354	2.4	18.4
Seq5292_181_bp_1_0_1	CAA74140.1	71.43	7	2	0	12	18	627	633	2.6	19.5
Seq5292_181_bp_1_0_1	AAC17860.1	40.00	10	6	0	21	30	402	411	3.3	17.9
Seq5292_181_bp_1_0_1	BAA32956.1	60.00	10	4	0	8	17	44	53	3.5	16.9
Seq5292_181_bp_1_0_1	ACT10338.1	37.50	8	5	0	12	19	126	133	4.5	17.4
Seq5292_181_bp_1_0_1	AAA26915.1	60.00	5	2	0	1	5	436	440	5.3	17.4
Seq5292_181_bp_1_0_1	AAC08817.1	36.36	12	7	1	25	36	118	128	5.4	15.9
Seq5292_181_bp_1_0_1	ACH70904.1	33.33	9	6	0	22	30	296	304	5.8	16.9
Seq5292_181_bp_1_0_1	AAA42531.1	30.77	13	9	0	8	20	180	192	6.3	16.9
Seq5292_181_bp_1_0_1	AAC78721.1	33.33	12	8	0	9	20	226	237	7.5	17.4
Seq5292_181_bp_1_0_1	AAX84812.1	75.00	4	1	0	26	29	87	90	7.5	15.9
Seq5292_181_bp_1_0_1	AAA25966.1	50.00	6	3	0	21	26	484	489	8	17.4
Seq5292_181_bp_1_0_1	AAB96524.1	41.67	13	7	1	22	33	168	180	8.6	15.3
Seq5292_181_bp_1_1_0	AAA42531.1	100.00	60	0	0	1	60	118	177	4e-49	181.1
Seq5292_181_bp_1_1_0	AAX12058.1	30.43	23	16	0	33	55	236	258	0.43	21.0
Seq5292_181_bp_1_1_0	BAB70780.1	46.15	13	7	0	43	55	113	125	1.1	20.5
Seq5292_181_bp_1_1_0	BAA32956.1	44.44	9	5	0	35	43	3	11	2.3	18.2
Seq5292_181_bp_1_1_0	BAA32018.1	25.00	16	12	0	20	35	90	105	3.1	19.4
Seq5292_181_bp_1_1_0	AAA72732.1	31.58	19	13	0	41	59	114	132	3.4	18.2
Seq5292_181_bp_1_1_0	AAC08817.1	55.56	9	4	0	19	27	43	51	3.8	17.1
Seq5292_181_bp_1_1_0	AAB03707.1	30.00	33	21	3	28	57	1311	1343	4.6	19.9
Seq5292_181_bp_1_1_0	AAR31603.1	50.00	10	5	0	27	36	124	133	5.1	17.7
Seq5292_181_bp_1_1_0	AAI27517.1	41.18	17	10	0	43	59	393	409	6.2	18.2
Seq5292_181_bp_1_1_0	ABN10845.1	18.75	16	13	0	1	16	84	99	7.3	16.6
Seq5292_181_bp_1_1_0	ACH70904.1	50.00	6	3	0	8	13	296	301	8.1	17.1
Seq5292_181_bp_1_1_0	ABD49687.1	57.14	7	3	0	8	14	1450	1456	8.1	19.4
Seq5292_181_bp_1_1_0	AAA32376.1	44.44	9	5	0	41	49	123	131	8.4	16.0
Seq5292_181_bp_1_1_0	BAB17681.1	50.00	6	3	0	5	10	34	39	9	16.6
Seq5292_181_bp_1_1_0	AAH69556.1	38.89	18	11	0	17	34	275	292	9.9	16.6
Seq5292_181_bp_1_1_0	BAB79260.1	45.45	11	6	0	34	44	105	115	10	17.1
Seq5292_181_bp_1_2_0	AAC97205.1	39.39	34	20	1	8	41	767	799	0.022	27.3
Seq5292_181_bp_1_2_0	AAC97205.1	43.75	16	9	0	10	25	1227	1242	0.46	22.9
Seq5292_181_bp_1_2_0	AAA45888.1	35.00	43	26	3	8	48	66	107	0.046	24.6
Seq5292_181_bp_1_2_0	AAA45888.1	37.50	24	15	0	18	41	110	133	0.21	22.4
Seq5292_181_bp_1_2_0	AAA45888.1	50.00	12	6	0	37	48	171	182	0.64	20.7
Seq5292_181_bp_1_2_0	ACH70904.1	40.74	29	16	2	6	33	149	176	0.88	20.2
Seq5292_181_bp_1_2_0	AAA65607.1	50.00	14	7	0	3	16	163	176	1.3	19.6
Seq5292_181_bp_1_2_0	AAC78721.1	41.67	12	7	0	21	32	72	83	1.6	20.2
Seq5292_181_bp_1_2_0	ABN10845.1	36.36	11	7	0	30	40	20	30	1.7	18.5
Seq5292_181_bp_1_2_0	CAA11507.1	61.11	19	7	1	2	19	33	51	2.3	20.7
Seq5292_181_bp_1_2_0	AAR37016.1	26.47	35	25	1	11	45	1868	1901	2.7	21.3
Seq5292_181_bp_1_2_0	ABD33854.1	33.33	12	8	0	25	36	9	20	3.2	15.8
Seq5292_181_bp_1_2_0	AAH69556.1	60.00	18	6	3	14	31	18	32	3.3	18.0
Seq5292_181_bp_1_2_0	BAB79260.1	31.25	16	11	0	10	25	425	440	3.4	18.5
Seq5292_181_bp_1_2_0	AAA32624.1	50.00	12	6	0	17	28	362	373	5.6	18.0
Seq5292_181_bp_1_2_0	ABD49687.1	42.86	14	8	0	15	28	1079	1092	5.9	19.6
Seq5292_181_bp_1_2_0	AAI27517.1	63.64	11	4	0	41	51	337	347	6.3	18.0
Seq5292_181_bp_1_2_0	EDO47375.1	35.00	20	13	0	10	29	96	115	8.9	15.8
Seq5292_181_bp_1_2_0	AEE27845.1	41.67	12	7	0	37	48	833	844	9.8	18.5
Seq5292_181_bp_-1_0_0	AAA23282.1	28.95	38	27	0	12	49	80	117	0.074	24.5
Seq5292_181_bp_-1_0_0	AII71783.1	40.00	25	15	0	15	39	20	44	0.2	22.2
Seq5292_181_bp_-1_0_0	ABG75784.1	26.92	26	19	0	18	43	113	138	0.55	20.7
Seq5292_181_bp_-1_0_0	ACH70904.1	20.00	35	28	0	13	47	12	46	2.3	18.9
Seq5292_181_bp_-1_0_0	AAA32624.1	30.00	20	14	0	15	34	260	279	2.4	19.3
Seq5292_181_bp_-1_0_0	AAF01122.1	36.84	19	12	0	31	49	229	247	3.3	18.4
Seq5292_181_bp_-1_0_0	AAX84812.1	29.41	17	12	0	12	28	144	160	5.3	17.0
Seq5292_181_bp_-1_0_0	AAB26998.1	35.71	15	9	1	6	19	58	72	8.8	14.6
Seq5292_181_bp_-1_0_0	AAC08817.1	35.00	20	13	0	12	31	91	110	9.5	15.6
Seq5292_181_bp_-1_1_0	AAB03707.1	35.00	20	13	0	4	23	1076	1095	0.97	21.1
Seq5292_181_bp_-1_1_0	AAC08817.1	60.00	10	4	0	18	27	150	159	1.1	17.8
Seq5292_181_bp_-1_1_0	AAA18786.1	25.00	24	18	0	2	25	67	90	1.8	17.8
Seq5292_181_bp_-1_1_0	ABG75784.1	35.29	17	11	0	3	19	118	134	2.1	17.8
Seq5292_181_bp_-1_1_0	AAA32376.1	50.00	8	4	0	10	17	39	46	3.5	16.2
Seq5292_181_bp_-1_1_0	CAA74140.1	33.33	15	10	0	2	16	383	397	4.2	18.4
Seq5292_181_bp_-1_1_0	AAA36565.1	26.32	19	14	0	9	27	15	33	4.8	15.6
Seq5292_181_bp_-1_1_0	AAR31603.1	37.50	8	5	0	18	25	137	144	6.4	16.2
Seq5292_181_bp_-1_1_0	AAC17860.1	83.33	6	1	0	15	20	279	284	7.9	16.2
Seq5292_181_bp_-1_1_1	CAA73529.1	42.86	14	8	0	1	14	130	143	0.83	18.3
Seq5292_181_bp_-1_1_1	AAC78721.1	29.41	17	12	0	1	17	250	266	1.3	18.9
Seq5292_181_bp_-1_1_1	AAA65607.1	45.45	11	6	0	4	14	237	247	1.7	17.7
Seq5292_181_bp_-1_1_1	AAC08817.1	40.00	10	6	0	3	12	88	97	1.7	16.5
Seq5292_181_bp_-1_1_1	CAA11507.1	41.18	17	10	0	1	17	1016	1032	1.8	19.5
Seq5292_181_bp_-1_1_1	BAB17681.1	37.50	8	5	0	5	12	237	244	1.9	17.1
Seq5292_181_bp_-1_1_1	CAA43372.1	50.00	10	5	0	8	17	380	389	2.9	17.1
Seq5292_181_bp_-1_1_1	AII71783.1	33.33	12	8	0	5	16	3	14	3.2	16.5
Seq5292_181_bp_-1_1_1	AAC17860.1	18.75	16	13	0	2	17	256	271	4.3	16.5
Seq5292_181_bp_-1_1_1	AAA26915.1	30.00	10	7	0	3	12	205	214	4.8	16.5
Seq5292_181_bp_-1_1_1	AAH69556.1	40.00	10	6	0	7	16	97	106	7.2	15.2
Seq5292_181_bp_-1_1_1	BAA32018.1	30.00	10	7	0	3	12	316	325	9.5	15.9
Seq5292_181_bp_-1_2_0	ABD49687.1	71.43	7	2	0	2	8	627	633	0.25	21.9
Seq5292_181_bp_-1_2_0	CAA43372.1	55.56	9	4	0	2	10	314	322	0.99	17.9
Seq5292_181_bp_-1_2_0	CAA73529.1	57.14	7	3	0	1	7	53	59	1.7	16.5
Seq5292_181_bp_-1_2_0	AAR37016.1	50.00	10	5	0	1	10	91	100	3.5	18.5
Seq5292_181_bp_-1_2_0	CAA04196.1	50.00	10	5	0	1	10	27	36	3.9	15.8
Seq5292_181_bp_-1_2_0	AAA42531.1	80.00	5	1	0	4	8	346	350	5.7	15.2
Seq5292_181_bp_-1_2_0	BAA32956.1	75.00	4	1	0	2	5	57	60	7.7	13.8
Seq5292_181_bp_-1_2_0	CAA74140.1	33.33	9	6	0	1	9	148	156	8.4	15.8
Seq5292_181_bp_-1_2_0	AAA45888.1	57.14	7	3	0	2	8	74	80	8.7	14.5
Seq5292_181_bp_-1_2_0	ABD33854.1	37.50	8	5	0	2	9	4	11	9.3	11.8
Seq5292_181_bp_-1_2_0	AAC78721.1	66.67	6	2	0	2	7	520	525	9.6	15.2
Seq5292_181_bp_-1_2_0	AAA32376.1	50.00	6	3	0	3	8	74	79	9.9	13.2
Seq5292_181_bp_-1_2_1	AAC78721.1	50.00	8	4	0	8	15	291	298	0.84	19.4
Seq5292_181_bp_-1_2_1	AAI27517.1	57.14	7	3	0	5	11	3	9	1.8	18.1
Seq5292_181_bp_-1_2_1	AAC17860.1	40.00	10	6	0	1	10	205	214	3	16.8
Seq5292_181_bp_-1_2_1	AAA24969.1	50.00	10	5	0	3	12	139	148	4.5	18.1
Seq5292_181_bp_-1_2_1	AAA24142.1	62.50	8	3	0	4	11	207	214	5	16.2
Seq5292_181_bp_-1_2_1	ABD33854.1	12.50	8	7	0	3	10	57	64	6.5	13.0
Seq5292_181_bp_-1_2_1	AAA36565.1	37.50	8	5	0	8	15	146	153	7	14.2
Seq5292_181_bp_-1_2_1	BAE97662.1	40.00	10	6	0	5	14	376	385	7.9	16.8
Seq5292_181_bp_-1_2_1	AAB03707.1	57.14	7	3	0	8	14	502	508	9.4	16.8
Seq5292_181_bp_-1_2_2	BAB17681.1	60.00	5	2	0	1	5	172	176	1.1	17.7
Seq5292_181_bp_-1_2_2	BAA32018.1	60.00	5	2	0	1	5	418	422	1.5	18.4
Seq5292_181_bp_-1_2_2	AAX12058.1	35.71	14	9	0	2	15	64	77	1.8	17.0
Seq5292_181_bp_-1_2_2	CAA45199.1	44.44	9	5	0	1	9	76	84	1.8	17.7
Seq5292_181_bp_-1_2_2	ABD33854.1	50.00	11	5	1	6	15	49	59	3	14.1
Seq5292_181_bp_-1_2_2	AEE27845.1	42.86	7	4	0	8	14	1354	1360	3.3	18.4
Seq5292_181_bp_-1_2_2	AAI27517.1	57.14	7	3	0	4	10	301	307	3.7	17.0
Seq5292_181_bp_-1_2_2	AAC97205.1	25.00	12	9	0	4	15	560	571	4.7	17.7
Seq5292_181_bp_-1_2_2	ABS38337.1	60.00	5	2	0	4	8	9	13	4.9	17.7
Seq5292_181_bp_-1_2_2	BAA32991.1	27.27	11	8	0	2	12	22	32	5.1	13.4
Seq5292_181_bp_-1_2_2	AAA42531.1	42.86	7	4	0	5	11	25	31	6.5	15.6
Seq5292_181_bp_-1_2_2	CAA04196.1	27.27	12	8	1	1	11	372	383	6.9	15.6
Seq5292_181_bp_-1_2_2	CAD53387.1	28.57	14	10	0	2	15	28	41	8.2	15.6
Seq5292_181_bp_-1_2_2	CAA11507.1	40.00	10	6	0	2	11	555	564	8.3	17.0
Seq5292_181_bp_-1_2_2	EDO47375.1	16.67	12	10	0	3	14	148	159	8.3	14.1
Seq5292_181_bp_-1_2_2	ABG75784.1	66.67	3	1	0	3	5	306	308	8.4	14.9
Seq5292_181_bp_-1_2_2	AAR37016.1	55.56	10	4	1	5	13	106	115	8.7	17.7
Seq5292_181_bp_-1_2_2	BAA32956.1	100.00	3	0	0	1	3	88	90	9.2	14.1
Seq5292_181_bp_-1_2_2	ABN10845.1	40.00	5	3	0	4	8	202	206	9.5	14.1
Seq5292_181_bp_-1_2_2	ACH70904.1	11.11	9	8	0	7	15	238	246	9.6	14.9
