Seq5089_135_bp_1_0_0	ENA|CAA45708|CAA45708.1	100.00	45	0	0	1	45	201	245	9e-35	135.0
Seq5089_135_bp_1_0_0	ENA|CAA11507|CAA11507.1	66.67	17	5	2	1	17	190	204	0.033	26.7
Seq5089_135_bp_1_0_0	ENA|CAA11507|CAA11507.1	51.43	49	17	14	2	41	1120	1163	0.65	22.4
Seq5089_135_bp_1_0_0	ENA|AAB03707|AAB03707.1	50.00	50	17	16	2	41	177	220	0.034	26.7
Seq5089_135_bp_1_0_0	ENA|AAC49865|AAC49865.1	64.71	24	6	7	17	33	121	144	0.16	22.4
Seq5089_135_bp_1_0_0	ENA|AAC40132|AAC40132.1	66.67	9	3	0	18	26	237	245	0.18	22.7
Seq5089_135_bp_1_0_0	ENA|CAL82360|CAL82360.1	42.86	24	12	3	7	27	1157	1180	1.4	21.1
Seq5089_135_bp_1_0_0	ENA|CAA43419|CAA43419.1	69.23	18	4	5	1	18	245	257	3.3	18.1
Seq5089_135_bp_1_0_0	ENA|AAA24145|AAA24145.1	50.00	18	7	4	13	26	307	324	4.1	18.1
Seq5089_135_bp_1_0_0	ENA|CAA36214|CAA36214.1	83.33	6	1	0	1	6	275	280	4.2	17.5
Seq5089_135_bp_1_0_0	ENA|AAQ92751|AAQ92751.2	66.67	15	4	3	11	22	1358	1372	5.2	19.3
Seq5089_135_bp_1_0_0	ENA|AAA72732|AAA72732.1	66.67	6	2	0	30	35	87	92	6.4	16.9
Seq5089_135_bp_1_0_0	ENA|BAA36759|BAA36759.1	32.00	27	17	2	7	33	231	255	7.2	16.6
Seq5089_135_bp_1_0_0	ENA|ABG75784|ABG75784.1	37.93	33	18	4	9	40	40	69	7.8	16.6
Seq5089_135_bp_1_0_0	ENA|CAB75732|CAB75732.1	66.67	19	5	4	23	40	650	665	8.1	18.4
Seq5089_135_bp_1_0_0	ENA|AAA36539|AAA36539.1	71.43	7	2	0	3	9	391	397	9.5	16.9
Seq5089_135_bp_1_1_0	ENA|AAC26660|AAC26660.1	55.56	9	4	0	7	15	219	227	0.3	19.7
Seq5089_135_bp_1_1_0	ENA|AAA36539|AAA36539.1	62.50	8	3	0	10	17	181	188	0.34	20.4
Seq5089_135_bp_1_1_0	ENA|AAA24145|AAA24145.1	50.00	15	7	1	2	15	190	204	0.89	18.9
Seq5089_135_bp_1_1_0	ENA|ABG75784|ABG75784.1	75.00	9	2	1	1	8	280	288	1.6	17.5
Seq5089_135_bp_1_1_0	ENA|AAQ92751|AAQ92751.2	70.00	11	3	1	2	12	1372	1381	2.6	18.9
Seq5089_135_bp_1_1_0	ENA|CAA36714|CAA36714.1	63.64	17	4	6	6	16	6	22	4	16.8
Seq5089_135_bp_1_1_0	ENA|AAA18786|AAA18786.1	57.14	20	6	6	1	16	199	216	4.8	15.7
Seq5089_135_bp_1_1_0	ENA|CAB75732|CAB75732.1	63.64	14	4	3	2	14	382	393	5.8	17.5
Seq5089_135_bp_1_1_0	ENA|AAC97205|AAC97205.1	100.00	7	0	1	11	16	638	644	6.2	17.5
Seq5089_135_bp_1_1_0	ENA|CAA24711|CAA24711.1	50.00	6	3	0	11	16	145	150	6.4	14.6
Seq5089_135_bp_1_1_0	ENA|ABN10845|ABN10845.1	83.33	7	1	1	5	11	12	17	8	14.6
Seq5089_135_bp_1_1_0	ENA|CAL82360|CAL82360.1	87.50	12	1	4	7	14	1073	1084	8.1	17.1
Seq5089_135_bp_1_1_0	ENA|AAF79734|AAF79734.1	66.67	20	4	8	1	14	796	813	9.1	17.1
Seq5089_135_bp_1_1_1	ENA|CAA26023|CAA26023.1	40.00	17	9	2	1	15	151	167	0.27	20.8
Seq5089_135_bp_1_1_1	ENA|AAR31603|AAR31603.1	54.55	13	5	2	7	17	146	158	0.3	20.4
Seq5089_135_bp_1_1_1	ENA|BAA32956|BAA32956.1	62.50	9	3	1	10	17	24	32	0.91	18.1
Seq5089_135_bp_1_1_1	ENA|ABN10845|ABN10845.1	53.33	21	7	6	8	22	15	35	0.94	18.1
Seq5089_135_bp_1_1_1	ENA|BAA05866|BAA05866.1	57.14	7	3	0	8	14	152	158	1	18.5
Seq5089_135_bp_1_1_1	ENA|AAI27517|AAI27517.1	54.55	16	5	5	12	22	511	526	1.2	19.3
Seq5089_135_bp_1_1_1	ENA|CAA43419|CAA43419.1	100.00	8	0	2	1	6	104	111	1.6	18.1
Seq5089_135_bp_1_1_1	ENA|AAB03707|AAB03707.1	50.00	10	5	0	13	22	825	834	2.1	19.7
Seq5089_135_bp_1_1_1	ENA|AAB66912|AAB66912.1	100.00	5	0	0	4	8	207	211	2.4	18.9
Seq5089_135_bp_1_1_1	ENA|AAA36539|AAA36539.1	33.33	9	6	0	11	19	331	339	2.6	17.8
Seq5089_135_bp_1_1_1	ENA|AAA42531|AAA42531.1	57.14	7	3	0	8	14	120	126	2.8	17.4
Seq5089_135_bp_1_1_1	ENA|CAA45708|CAA45708.1	71.43	9	2	2	14	20	67	75	3	19.3
Seq5089_135_bp_1_1_1	ENA|AAA18786|AAA18786.1	83.33	12	1	6	10	21	185	190	3.2	16.6
Seq5089_135_bp_1_1_1	ENA|CAA73529|CAA73529.1	41.67	16	7	4	7	18	30	45	4.3	16.2
Seq5089_135_bp_1_1_1	ENA|AAA72732|AAA72732.1	45.45	13	6	2	2	12	213	225	4.9	16.2
Seq5089_135_bp_1_1_1	ENA|AAC97205|AAC97205.1	80.00	5	1	0	18	22	834	838	5.1	18.1
Seq5089_135_bp_1_1_1	ENA|CAA28033|CAA28033.1	40.00	15	9	0	4	18	846	860	5.4	18.1
Seq5089_135_bp_1_1_1	ENA|BAB17681|BAB17681.1	80.00	5	1	0	18	22	157	161	5.5	15.9
Seq5089_135_bp_1_1_1	ENA|CAA45199|CAA45199.1	50.00	6	3	0	11	16	367	372	5.6	16.6
Seq5089_135_bp_1_1_1	ENA|CAA36214|CAA36214.1	50.00	10	4	2	2	11	181	188	6.1	15.9
Seq5089_135_bp_1_1_1	ENA|ABG75784|ABG75784.1	57.14	7	3	0	5	11	281	287	6.2	15.9
Seq5089_135_bp_1_1_1	ENA|AAC26660|AAC26660.1	52.94	22	8	5	1	18	9	29	6.6	15.5
Seq5089_135_bp_1_1_1	ENA|BAB79260|BAB79260.1	80.00	5	1	0	8	12	171	175	6.9	16.2
Seq5089_135_bp_1_1_1	ENA|CAA11507|CAA11507.1	100.00	4	0	0	14	17	249	252	9.2	17.4
Seq5089_135_bp_1_1_1	ENA|AAB26998|AAB26998.1	50.00	6	3	0	9	14	10	15	9.5	13.2
Seq5089_135_bp_1_2_0	ENA|AAC26660|AAC26660.1	57.14	7	3	0	2	8	182	188	1.7	16.5
Seq5089_135_bp_1_2_0	ENA|AAB26998|AAB26998.1	66.67	10	3	1	1	10	36	44	1.8	14.7
Seq5089_135_bp_1_2_0	ENA|AAB96524|AAB96524.1	42.86	7	4	0	1	7	178	184	3.3	15.1
Seq5089_135_bp_1_2_0	ENA|AAC49865|AAC49865.1	83.33	6	1	0	4	9	306	311	7.1	14.7
Seq5089_135_bp_1_2_0	ENA|CAA28033|CAA28033.1	50.00	6	3	0	5	10	714	719	8.1	16.5
Seq5089_135_bp_1_2_0	ENA|ABG75784|ABG75784.1	42.86	7	4	0	2	8	83	89	8.6	14.4
Seq5089_135_bp_1_2_1	ENA|AAC26660|AAC26660.1	66.67	6	2	0	2	7	130	135	2.6	16.0
Seq5089_135_bp_1_2_1	ENA|BAA32956|BAA32956.1	80.00	6	1	1	5	9	23	28	3.7	15.2
Seq5089_135_bp_1_2_1	ENA|ABN10845|ABN10845.1	80.00	5	1	0	3	7	156	160	3.8	15.2
Seq5089_135_bp_1_2_1	ENA|CAB75732|CAB75732.1	75.00	4	1	0	7	10	831	834	6.5	16.8
Seq5089_135_bp_1_2_1	ENA|AAA25966|AAA25966.1	66.67	10	3	1	2	10	238	247	7.1	16.0
Seq5089_135_bp_1_2_1	ENA|CAA26939|CAA26939.1	40.00	10	6	0	3	12	345	354	7.4	15.6
Seq5089_135_bp_-1_0_0	ENA|CAL82360|CAL82360.1	75.00	22	4	6	3	19	1245	1265	0.00095	30.7
Seq5089_135_bp_-1_0_0	ENA|BAB79260|BAB79260.1	54.55	11	5	0	11	21	2	12	0.26	21.1
Seq5089_135_bp_-1_0_0	ENA|ABN10845|ABN10845.1	50.00	17	7	3	3	19	189	202	0.47	19.2
Seq5089_135_bp_-1_0_0	ENA|AAS77176|AAS77176.1	75.00	10	2	2	16	23	16	25	0.48	19.6
Seq5089_135_bp_-1_0_0	ENA|ACT10338|ACT10338.1	63.64	12	4	1	1	11	190	201	1.8	18.1
Seq5089_135_bp_-1_0_0	ENA|AAB26998|AAB26998.1	55.56	9	4	0	8	16	62	70	2.4	15.4
Seq5089_135_bp_-1_0_0	ENA|AAA25966|AAA25966.1	45.45	11	6	0	7	17	396	406	3.4	18.1
Seq5089_135_bp_-1_0_0	ENA|BAA32991|BAA32991.1	100.00	3	0	0	2	4	65	67	3.5	14.6
Seq5089_135_bp_-1_0_0	ENA|AAA72732|AAA72732.1	58.33	15	5	3	8	20	291	304	4.2	16.5
Seq5089_135_bp_-1_0_0	ENA|BAA36759|BAA36759.1	60.00	11	4	1	5	15	90	99	6.5	15.8
Seq5089_135_bp_-1_0_0	ENA|AAA42531|AAA42531.1	71.43	9	2	2	8	16	107	113	6.7	16.1
Seq5089_135_bp_-1_0_0	ENA|AAA18786|AAA18786.1	66.67	13	3	4	11	23	182	190	7.7	15.4
Seq5089_135_bp_-1_0_0	ENA|CAA26939|CAA26939.1	35.29	18	11	1	3	19	82	99	9.5	16.1
Seq5089_135_bp_-1_0_1	ENA|CAA24711|CAA24711.1	80.00	10	2	0	5	14	73	82	0.021	23.1
Seq5089_135_bp_-1_0_1	ENA|ABD33854|ABD33854.1	46.15	13	7	0	6	18	10	22	0.61	16.8
Seq5089_135_bp_-1_0_1	ENA|AAA32624|AAA32624.1	70.00	13	3	3	10	19	6	18	2.1	18.0
Seq5089_135_bp_-1_0_1	ENA|ACT10338|ACT10338.1	61.54	15	5	2	4	16	343	357	3	17.1
Seq5089_135_bp_-1_0_1	ENA|CAA36714|CAA36714.1	75.00	8	2	0	10	17	249	256	4.4	16.8
Seq5089_135_bp_-1_0_1	ENA|CAA45708|CAA45708.1	66.67	9	3	0	9	17	887	895	5.9	18.0
Seq5089_135_bp_-1_0_1	ENA|CAL82360|CAL82360.1	63.64	12	4	1	8	18	784	795	6.1	17.7
Seq5089_135_bp_-1_0_1	ENA|EDO47375|EDO47375.1	55.56	9	4	0	11	19	62	70	7.8	14.6
Seq5089_135_bp_-1_0_1	ENA|AAC08817|AAC08817.1	54.55	15	5	4	7	17	93	107	8.1	14.3
Seq5089_135_bp_-1_0_1	ENA|AAC17860|AAC17860.1	62.50	8	3	0	9	16	55	62	8.8	15.5
Seq5089_135_bp_-1_1_0	ENA|CAA43419|CAA43419.1	64.29	17	5	3	7	20	31	47	0.059	22.8
Seq5089_135_bp_-1_1_0	ENA|CAA29968|CAA29968.1	42.86	15	8	1	1	14	108	122	0.25	19.8
Seq5089_135_bp_-1_1_0	ENA|ACT10338|ACT10338.1	78.57	21	3	7	1	20	18	32	0.39	20.1
Seq5089_135_bp_-1_1_0	ENA|AAA32624|AAA32624.1	70.00	11	3	1	3	13	36	45	0.52	20.1
Seq5089_135_bp_-1_1_0	ENA|ABD49687|ABD49687.1	64.29	21	5	7	1	19	783	798	0.78	21.3
Seq5089_135_bp_-1_1_0	ENA|CAA45708|CAA45708.1	100.00	5	0	0	10	14	812	816	0.9	20.9
Seq5089_135_bp_-1_1_0	ENA|AAC97205|AAC97205.1	69.23	19	4	6	3	17	771	787	2.6	19.0
Seq5089_135_bp_-1_1_0	ENA|AAC08817|AAC08817.1	58.33	16	5	4	9	20	123	138	2.7	16.0
Seq5089_135_bp_-1_1_0	ENA|AAA72732|AAA72732.1	80.00	5	1	0	12	16	88	92	3.2	16.7
Seq5089_135_bp_-1_1_0	ENA|CAA28033|CAA28033.1	80.00	5	1	0	10	14	445	449	3.6	18.6
Seq5089_135_bp_-1_1_0	ENA|AAA24145|AAA24145.1	87.50	11	1	3	5	12	82	92	3.6	17.1
Seq5089_135_bp_-1_1_0	ENA|AAR31603|AAR31603.1	58.33	16	5	4	6	20	258	270	4.3	16.4
Seq5089_135_bp_-1_1_0	ENA|AAA25966|AAA25966.1	50.00	8	4	0	3	10	402	409	4.3	17.5
Seq5089_135_bp_-1_1_0	ENA|AAI27517|AAI27517.1	35.71	14	9	0	5	18	264	277	4.6	17.1
Seq5089_135_bp_-1_1_0	ENA|ACH70901|ACH70901.1	50.00	13	6	1	7	18	251	263	4.7	16.4
Seq5089_135_bp_-1_1_0	ENA|AAA36114|AAA36114.1	71.43	8	2	1	4	11	118	124	5.1	16.7
Seq5089_135_bp_-1_1_0	ENA|BAA05866|BAA05866.1	50.00	8	4	0	12	19	279	286	5.2	16.0
Seq5089_135_bp_-1_1_0	ENA|CAA45199|CAA45199.1	66.67	15	4	3	2	13	102	116	6.1	16.4
Seq5089_135_bp_-1_1_0	ENA|ABK71357|ABK71357.1	100.00	4	0	0	7	10	95	98	6.2	16.0
Seq5089_135_bp_-1_1_0	ENA|AAR37016|AAR37016.1	66.67	12	3	3	6	17	985	993	6.3	18.6
Seq5089_135_bp_-1_1_0	ENA|AAC49865|AAC49865.1	45.45	12	6	1	10	20	75	86	9	15.2
Seq5089_135_bp_-1_1_0	ENA|BAB79260|BAB79260.1	50.00	8	4	0	2	9	15	22	9.5	15.6
Seq5089_135_bp_-1_1_0	ENA|CAA73529|CAA73529.1	60.00	5	2	0	1	5	154	158	9.7	14.9
Seq5089_135_bp_-1_2_0	ENA|ABN10845|ABN10845.1	60.00	14	4	4	3	12	195	208	0.13	20.2
Seq5089_135_bp_-1_2_0	ENA|AAC97205|AAC97205.1	44.44	9	5	0	4	12	451	459	0.92	19.8
Seq5089_135_bp_-1_2_0	ENA|AAC78721|AAC78721.1	66.67	6	2	0	4	9	397	402	1.4	18.3
Seq5089_135_bp_-1_2_0	ENA|AAR31603|AAR31603.1	66.67	6	2	0	7	12	85	90	1.4	17.2
Seq5089_135_bp_-1_2_0	ENA|CAD53387|CAD53387.1	80.00	5	1	0	7	11	30	34	1.7	17.6
Seq5089_135_bp_-1_2_0	ENA|CAA29956|CAA29956.1	75.00	12	2	4	3	11	366	376	2.7	16.5
Seq5089_135_bp_-1_2_0	ENA|ACH70901|ACH70901.1	60.00	5	2	0	4	8	242	246	3.3	16.1
Seq5089_135_bp_-1_2_0	ENA|CAA26023|CAA26023.1	66.67	6	2	0	3	8	186	191	3.5	16.1
Seq5089_135_bp_-1_2_0	ENA|BAA32956|BAA32956.1	75.00	4	1	0	8	11	161	164	4.2	15.0
Seq5089_135_bp_-1_2_0	ENA|BAB79260|BAB79260.1	75.00	4	1	0	4	7	2	5	4.2	16.1
Seq5089_135_bp_-1_2_0	ENA|BAB17681|BAB17681.1	100.00	3	0	0	6	8	43	45	5.3	15.0
Seq5089_135_bp_-1_2_0	ENA|BAA05866|BAA05866.1	100.00	5	0	1	8	11	215	219	6	15.0
Seq5089_135_bp_-1_2_0	ENA|AAS77176|AAS77176.1	71.43	10	2	3	2	8	174	183	7.1	14.7
Seq5089_135_bp_-1_2_0	ENA|BAA32018|BAA32018.1	71.43	10	2	3	5	11	421	430	7.2	15.8
Seq5089_135_bp_-1_2_0	ENA|AAA36539|AAA36539.1	60.00	5	2	0	6	10	38	42	9	15.0
Seq5089_135_bp_-1_2_1	ENA|AAB66912|AAB66912.1	77.78	9	2	0	4	12	507	515	0.61	20.8
Seq5089_135_bp_-1_2_1	ENA|BAA32991|BAA32991.1	69.23	25	4	12	3	15	6	30	1	16.3
Seq5089_135_bp_-1_2_1	ENA|CAA29968|CAA29968.1	50.00	10	5	0	4	13	151	160	2.9	16.3
Seq5089_135_bp_-1_2_1	ENA|AAB26998|AAB26998.1	83.33	7	1	1	3	9	52	57	4.1	14.5
Seq5089_135_bp_-1_2_1	ENA|AAC40132|AAC40132.1	60.00	12	4	2	2	11	237	248	8.3	16.0
