Seq7970_272_bp_1_1_0	ENA|CAB75732|CAB75732.1	100.00	90	0	0	1	90	768	857	2.5e-63	230.5
Seq7970_272_bp_1_1_0	ENA|CAB75732|CAB75732.1	63.22	88	32	1	4	90	660	747	8.4e-34	132.4
Seq7970_272_bp_1_1_0	ENA|CAB75732|CAB75732.1	45.83	76	39	4	2	77	879	950	5e-14	66.7
Seq7970_272_bp_1_1_0	ENA|CAB75732|CAB75732.1	42.50	108	46	28	2	89	536	635	1.3e-06	42.1
Seq7970_272_bp_1_1_0	ENA|AAB03707|AAB03707.1	43.75	34	18	2	6	37	675	708	0.14	25.6
Seq7970_272_bp_1_1_0	ENA|AAB03707|AAB03707.1	40.00	77	36	17	9	78	861	927	0.31	24.5
Seq7970_272_bp_1_1_0	ENA|CAA45708|CAA45708.1	43.75	36	18	4	1	33	1187	1221	0.19	25.3
Seq7970_272_bp_1_1_0	ENA|AAC49865|AAC49865.1	35.90	47	25	8	26	67	154	197	0.54	21.6
Seq7970_272_bp_1_1_0	ENA|AAC17860|AAC17860.1	34.04	66	31	19	14	73	320	372	0.82	21.3
Seq7970_272_bp_1_1_0	ENA|CAA24711|CAA24711.1	60.00	16	6	1	74	89	69	83	0.94	19.8
Seq7970_272_bp_1_1_0	ENA|CAL82360|CAL82360.1	48.48	43	17	10	29	71	1089	1121	1.2	22.4
Seq7970_272_bp_1_1_0	ENA|AAC08817|AAC08817.1	33.33	27	18	0	12	38	37	63	1.3	19.3
Seq7970_272_bp_1_1_0	ENA|AAA36539|AAA36539.1	40.00	34	18	4	29	59	283	315	1.7	20.4
Seq7970_272_bp_1_1_0	ENA|BAA05866|BAA05866.1	47.83	32	12	9	4	29	276	304	2	19.6
Seq7970_272_bp_1_1_0	ENA|AAC26660|AAC26660.1	31.03	66	40	8	9	68	156	219	2.1	19.3
Seq7970_272_bp_1_1_0	ENA|CAA26939|CAA26939.1	48.57	46	18	11	43	78	358	402	2.1	20.4
Seq7970_272_bp_1_1_0	ENA|CAA29968|CAA29968.1	47.62	23	11	2	13	34	29	50	2.8	18.4
Seq7970_272_bp_1_1_0	ENA|CAA36714|CAA36714.1	34.92	71	41	8	15	80	328	395	3.1	19.6
Seq7970_272_bp_1_1_0	ENA|AAI27517|AAI27517.1	41.18	40	20	6	17	52	113	150	3.2	19.8
Seq7970_272_bp_1_1_0	ENA|AAF79734|AAF79734.1	30.00	44	28	4	15	56	457	498	3.5	21.0
Seq7970_272_bp_1_1_0	ENA|BAA32018|BAA32018.1	43.33	37	17	7	41	70	138	174	4.1	19.6
Seq7970_272_bp_1_1_0	ENA|AAS77176|AAS77176.1	52.94	20	8	3	63	80	145	163	4.2	18.4
Seq7970_272_bp_1_1_0	ENA|AAA25966|AAA25966.1	50.00	17	8	1	3	18	596	612	4.7	19.6
Seq7970_272_bp_1_1_0	ENA|CAA43419|CAA43419.1	30.77	45	27	6	2	45	279	318	6.3	18.1
Seq7970_272_bp_1_1_0	ENA|AAC40132|AAC40132.1	57.14	27	9	6	67	90	450	473	6.7	18.4
Seq7970_272_bp_1_1_0	ENA|AAA32624|AAA32624.1	41.46	53	24	12	6	46	400	452	7.3	18.4
Seq7970_272_bp_1_1_0	ENA|BAA32956|BAA32956.1	53.85	17	6	4	8	20	147	163	9.6	16.7
Seq7970_272_bp_1_1_0	ENA|ACT10338|ACT10338.1	62.50	23	6	7	70	85	252	274	9.7	17.5
Seq7970_272_bp_1_1_0	ENA|ABN10845|ABN10845.1	50.00	23	9	5	32	49	3	25	9.9	16.7
Seq7970_272_bp_1_2_0	ENA|AAC26660|AAC26660.1	47.06	19	9	2	5	21	173	191	2.8	17.4
Seq7970_272_bp_1_2_0	ENA|AAA25966|AAA25966.1	57.14	14	6	0	17	30	633	646	3.3	18.7
Seq7970_272_bp_1_2_0	ENA|CAA36714|CAA36714.1	29.41	19	12	2	12	30	148	164	6.3	17.1
Seq7970_272_bp_1_2_0	ENA|ABG75784|ABG75784.1	27.27	23	16	1	7	29	167	188	6.5	16.4
Seq7970_272_bp_1_2_0	ENA|AAR31603|AAR31603.1	38.10	21	13	0	3	23	174	194	8.3	16.1
Seq7970_272_bp_1_2_1	ENA|CAA36214|CAA36214.1	28.57	39	25	4	6	43	39	74	0.2	22.0
Seq7970_272_bp_1_2_1	ENA|AAA36114|AAA36114.1	37.14	37	22	2	13	48	171	206	0.66	21.0
Seq7970_272_bp_1_2_1	ENA|AAQ92751|AAQ92751.2	31.03	29	20	0	12	40	458	486	1.4	21.4
Seq7970_272_bp_1_2_1	ENA|CAA45708|CAA45708.1	36.67	31	19	1	19	49	1508	1537	2.5	20.7
Seq7970_272_bp_1_2_1	ENA|BAB79260|BAB79260.1	53.85	36	12	10	15	41	268	302	3.6	18.4
Seq7970_272_bp_1_2_1	ENA|CAA28033|CAA28033.1	41.18	17	10	0	28	44	354	370	4.1	19.7
Seq7970_272_bp_1_2_1	ENA|ABD33854|ABD33854.1	40.00	10	6	0	26	35	11	20	6.2	14.7
Seq7970_272_bp_1_2_1	ENA|CAL82360|CAL82360.1	36.36	25	14	3	2	23	1203	1227	6.3	19.1
Seq7970_272_bp_-1_0_0	ENA|AAA36114|AAA36114.1	36.84	22	12	3	3	24	282	300	5.9	17.5
Seq7970_272_bp_-1_0_0	ENA|ABD33854|ABD33854.1	50.00	10	4	2	14	23	53	60	9.4	13.8
Seq7970_272_bp_-1_0_0	ENA|AAR37016|AAR37016.1	42.86	25	12	4	18	38	92	116	9.8	18.9
Seq7970_272_bp_-1_0_1	ENA|ABD49687|ABD49687.1	80.00	10	2	0	6	15	326	335	0.13	23.6
Seq7970_272_bp_-1_0_1	ENA|AAB26998|AAB26998.1	53.85	13	6	0	2	14	5	17	0.55	17.1
Seq7970_272_bp_-1_0_1	ENA|BAA32018|BAA32018.1	75.00	8	2	0	5	12	278	285	0.89	19.4
Seq7970_272_bp_-1_0_1	ENA|BAA32956|BAA32956.1	46.67	20	8	5	3	17	113	132	2.5	16.3
Seq7970_272_bp_-1_0_1	ENA|AAC40132|AAC40132.1	66.67	6	2	0	11	16	423	428	5.4	16.3
Seq7970_272_bp_-1_0_1	ENA|CAA73529|CAA73529.1	66.67	6	2	0	11	16	210	215	6.8	15.2
Seq7970_272_bp_-1_0_1	ENA|BAB17681|BAB17681.1	50.00	8	4	0	5	12	101	108	6.8	15.2
Seq7970_272_bp_-1_0_1	ENA|CAA36714|CAA36714.1	50.00	10	5	0	3	12	363	372	6.9	15.9
Seq7970_272_bp_-1_0_1	ENA|AAA36539|AAA36539.1	42.86	15	8	1	1	15	143	156	7	15.9
Seq7970_272_bp_-1_0_1	ENA|CAA29968|CAA29968.1	75.00	4	1	0	14	17	81	84	8.1	14.4
Seq7970_272_bp_-1_0_1	ENA|AAC26660|AAC26660.1	66.67	6	2	0	6	11	49	54	8.2	14.8
Seq7970_272_bp_-1_0_1	ENA|ACH70901|ACH70901.1	83.33	6	1	0	10	15	58	63	8.8	15.2
Seq7970_272_bp_-1_0_1	ENA|AAC17860|AAC17860.1	42.86	7	4	0	6	12	374	380	9.9	15.2
Seq7970_272_bp_-1_0_2	ENA|AAC26660|AAC26660.1	26.67	15	11	0	6	20	10	24	0.5	19.2
Seq7970_272_bp_-1_0_2	ENA|CAA26939|CAA26939.1	62.50	8	3	0	10	17	558	565	2.3	18.1
Seq7970_272_bp_-1_0_2	ENA|CAA26023|CAA26023.1	46.15	14	7	1	6	18	174	187	2.6	17.4
Seq7970_272_bp_-1_0_2	ENA|CAA45199|CAA45199.1	100.00	4	0	0	17	20	238	241	6.7	16.3
Seq7970_272_bp_-1_0_2	ENA|ABD49687|ABD49687.1	71.43	7	2	0	13	19	1460	1466	6.8	18.1
Seq7970_272_bp_-1_0_2	ENA|CAA24711|CAA24711.1	53.33	16	7	1	2	16	108	123	6.9	14.8
Seq7970_272_bp_-1_0_2	ENA|AAB03707|AAB03707.1	80.00	5	1	0	15	19	199	203	7	17.8
Seq7970_272_bp_-1_0_2	ENA|ABN10845|ABN10845.1	45.45	11	6	0	6	16	28	38	8.5	14.8
Seq7970_272_bp_-1_0_2	ENA|EDO47375|EDO47375.1	50.00	8	4	0	6	13	113	120	9.5	14.4
Seq7970_272_bp_-1_0_2	ENA|CAA45708|CAA45708.1	35.29	18	11	1	1	17	1445	1462	9.8	17.4
Seq7970_272_bp_-1_1_0	ENA|AAA42531|AAA42531.1	57.14	7	3	0	1	7	87	93	1.8	17.3
Seq7970_272_bp_-1_1_0	ENA|AAB03707|AAB03707.1	83.33	6	1	0	6	11	873	878	7.9	16.9
Seq7970_272_bp_-1_1_0	ENA|AAA72732|AAA72732.1	100.00	3	0	0	4	6	263	265	9	14.5
Seq7970_272_bp_-1_1_1	ENA|ABD33854|ABD33854.1	40.00	10	6	0	1	10	5	14	0.068	19.6
Seq7970_272_bp_-1_1_1	ENA|CAL82360|CAL82360.1	60.00	11	4	1	4	13	372	382	0.15	22.8
Seq7970_272_bp_-1_1_1	ENA|CCP43727|CCP43727.1	30.00	10	7	0	6	15	3	12	0.26	20.1
Seq7970_272_bp_-1_1_1	ENA|CAA26939|CAA26939.1	60.00	11	4	1	3	12	302	312	0.32	20.5
Seq7970_272_bp_-1_1_1	ENA|AAC97205|AAC97205.1	57.14	7	3	0	8	14	813	819	0.51	21.0
Seq7970_272_bp_-1_1_1	ENA|BAB79260|BAB79260.1	54.55	13	5	2	1	11	58	70	0.66	19.2
Seq7970_272_bp_-1_1_1	ENA|AAR37016|AAR37016.1	50.00	10	5	0	3	12	1170	1179	0.97	21.0
Seq7970_272_bp_-1_1_1	ENA|ABN10845|ABN10845.1	55.56	10	4	1	1	10	25	33	1.1	17.3
Seq7970_272_bp_-1_1_1	ENA|ACH70901|ACH70901.1	60.00	5	2	0	11	15	231	235	1.3	17.8
Seq7970_272_bp_-1_1_1	ENA|CAB75732|CAB75732.1	55.56	9	4	0	7	15	279	287	2.3	18.7
Seq7970_272_bp_-1_1_1	ENA|AAA36539|AAA36539.1	50.00	8	4	0	4	11	444	451	2.4	17.3
Seq7970_272_bp_-1_1_1	ENA|AAA42531|AAA42531.1	71.43	7	2	0	1	7	81	87	2.7	16.9
Seq7970_272_bp_-1_1_1	ENA|AAB03707|AAB03707.1	75.00	9	2	1	4	12	685	692	2.7	18.7
Seq7970_272_bp_-1_1_1	ENA|CAA36714|CAA36714.1	50.00	10	5	0	2	11	404	413	3.2	16.9
Seq7970_272_bp_-1_1_1	ENA|AAC26660|AAC26660.1	44.44	9	5	0	7	15	167	175	3.3	16.0
Seq7970_272_bp_-1_1_1	ENA|EDO47375|EDO47375.1	55.56	9	4	0	2	10	96	104	3.4	15.5
Seq7970_272_bp_-1_1_1	ENA|CAA28033|CAA28033.1	80.00	5	1	0	5	9	1032	1036	3.5	18.3
Seq7970_272_bp_-1_1_1	ENA|BAA32956|BAA32956.1	44.44	9	5	0	3	11	151	159	3.8	15.5
Seq7970_272_bp_-1_1_1	ENA|CAA36214|CAA36214.1	100.00	4	0	0	4	7	127	130	4	16.0
Seq7970_272_bp_-1_1_1	ENA|CAA11507|CAA11507.1	62.50	8	3	0	6	13	1095	1102	5	17.8
Seq7970_272_bp_-1_1_1	ENA|BAA05866|BAA05866.1	55.56	11	4	2	3	13	157	165	5.4	15.5
Seq7970_272_bp_-1_1_1	ENA|ABG75784|ABG75784.1	37.50	8	5	0	8	15	283	290	5.5	15.5
Seq7970_272_bp_-1_1_1	ENA|AAA72732|AAA72732.1	100.00	4	0	0	2	5	71	74	5.5	15.5
Seq7970_272_bp_-1_1_1	ENA|AAA24145|AAA24145.1	44.44	9	5	0	6	14	143	151	5.9	16.0
Seq7970_272_bp_-1_1_1	ENA|CAA45708|CAA45708.1	80.00	5	1	0	11	15	565	569	7.4	17.3
Seq7970_272_bp_-1_1_1	ENA|CAA24711|CAA24711.1	75.00	4	1	0	9	12	161	164	7.7	14.1
Seq7970_272_bp_-1_1_1	ENA|CAA45199|CAA45199.1	33.33	9	6	0	5	13	116	124	8.1	15.5
Seq7970_272_bp_-1_1_1	ENA|ABD49687|ABD49687.1	66.67	6	2	0	10	15	80	85	8.3	17.3
Seq7970_272_bp_-1_1_1	ENA|ABK71357|ABK71357.1	42.86	7	4	0	8	14	246	252	8.7	15.1
Seq7970_272_bp_-1_1_1	ENA|CAA26023|CAA26023.1	33.33	12	8	0	3	14	58	69	8.9	15.1
Seq7970_272_bp_-1_1_1	ENA|ACT10338|ACT10338.1	50.00	6	3	0	10	15	274	279	9.1	15.1
Seq7970_272_bp_-1_1_1	ENA|AAI27517|AAI27517.1	83.33	7	1	1	7	12	175	181	9.9	15.5
Seq7970_272_bp_-1_1_2	ENA|CAA26023|CAA26023.1	50.00	6	3	0	2	7	37	42	2.1	16.8
Seq7970_272_bp_-1_1_2	ENA|BAA32991|BAA32991.1	100.00	2	0	0	4	5	28	29	2.6	14.0
Seq7970_272_bp_-1_1_2	ENA|BAA32956|BAA32956.1	100.00	4	0	0	8	11	174	177	4.5	14.8
Seq7970_272_bp_-1_1_2	ENA|AAQ92751|AAQ92751.2	87.50	13	1	5	4	11	321	333	5.5	17.2
Seq7970_272_bp_-1_1_2	ENA|AAA24145|AAA24145.1	83.33	7	1	1	6	11	184	190	5.6	15.6
Seq7970_272_bp_-1_1_2	ENA|ABD33854|ABD33854.1	40.00	10	6	0	1	10	8	17	7.1	12.4
Seq7970_272_bp_-1_1_2	ENA|AAC26660|AAC26660.1	75.00	4	1	0	1	4	214	217	7.1	14.4
Seq7970_272_bp_-1_1_2	ENA|CAA73529|CAA73529.1	100.00	3	0	0	5	7	96	98	7.5	14.4
Seq7970_272_bp_-1_1_2	ENA|CAA36214|CAA36214.1	60.00	5	2	0	2	6	285	289	8.3	14.4
Seq7970_272_bp_-1_1_2	ENA|CAA28033|CAA28033.1	57.14	7	3	0	4	10	1031	1037	8.8	16.4
Seq7970_272_bp_-1_1_3	ENA|EDO47375|EDO47375.1	50.00	8	4	0	5	12	148	155	1.6	16.4
Seq7970_272_bp_-1_1_3	ENA|BAA36759|BAA36759.1	60.00	5	2	0	9	13	113	117	2.5	16.4
Seq7970_272_bp_-1_1_3	ENA|AAC97205|AAC97205.1	44.44	9	5	0	2	10	265	273	3.3	18.1
Seq7970_272_bp_-1_1_3	ENA|AAB96524|AAB96524.1	66.67	6	2	0	3	8	25	30	6.3	14.3
Seq7970_272_bp_-1_1_3	ENA|BAA32991|BAA32991.1	75.00	17	2	9	1	12	48	60	9.2	12.3
Seq7970_272_bp_-1_1_4	ENA|AAA32624|AAA32624.1	44.44	20	10	2	4	23	468	485	1.1	19.7
Seq7970_272_bp_-1_1_4	ENA|CAA26023|CAA26023.1	50.00	15	7	1	2	15	109	123	5.4	16.9
Seq7970_272_bp_-1_1_4	ENA|ACH70901|ACH70901.1	34.62	30	17	4	3	31	161	187	7.6	16.3
Seq7970_272_bp_-1_1_4	ENA|EDO47375|EDO47375.1	50.00	10	5	0	1	10	37	46	7.6	15.3
Seq7970_272_bp_-1_2_0	ENA|AAR31603|AAR31603.1	57.14	14	6	0	6	19	290	303	0.18	21.4
Seq7970_272_bp_-1_2_0	ENA|AAI27517|AAI27517.1	46.67	16	8	1	4	19	421	435	1.7	19.0
Seq7970_272_bp_-1_2_0	ENA|CAL82360|CAL82360.1	41.67	32	14	8	1	24	791	822	1.8	20.0
Seq7970_272_bp_-1_2_0	ENA|BAA32991|BAA32991.1	44.44	10	5	1	10	19	10	18	5	14.3
Seq7970_272_bp_-1_2_0	ENA|BAB79260|BAB79260.1	46.67	16	8	1	9	23	84	99	6.3	16.6
Seq7970_272_bp_-1_2_0	ENA|ABN10845|ABN10845.1	26.67	15	11	0	9	23	163	177	7.6	15.3
Seq7970_272_bp_-1_2_0	ENA|BAA32956|BAA32956.1	87.50	10	1	2	12	19	41	50	9.2	14.9
Seq7970_272_bp_-1_2_1	ENA|ABN10845|ABN10845.1	46.43	31	15	3	12	39	113	143	0.19	21.5
Seq7970_272_bp_-1_2_1	ENA|AAR37016|AAR37016.1	37.04	29	17	2	12	38	1847	1875	0.48	23.6
Seq7970_272_bp_-1_2_1	ENA|AAA36114|AAA36114.1	29.41	17	12	0	21	37	60	76	0.7	20.8
Seq7970_272_bp_-1_2_1	ENA|AAR31603|AAR31603.1	61.54	14	5	1	17	29	300	313	1.2	19.5
Seq7970_272_bp_-1_2_1	ENA|CCP43727|CCP43727.1	44.83	40	16	11	9	42	243	277	1.5	19.1
Seq7970_272_bp_-1_2_1	ENA|AAB66912|AAB66912.1	26.67	31	22	1	12	42	46	75	2.6	19.8
Seq7970_272_bp_-1_2_1	ENA|BAA32018|BAA32018.1	39.47	43	23	5	1	40	364	404	2.8	19.1
Seq7970_272_bp_-1_2_1	ENA|ABG75784|ABG75784.1	40.74	34	16	7	9	42	1	27	2.8	18.1
Seq7970_272_bp_-1_2_1	ENA|AAA72732|AAA72732.1	33.33	18	12	0	19	36	38	55	2.8	18.1
Seq7970_272_bp_-1_2_1	ENA|ACH70901|ACH70901.1	37.04	29	17	2	9	35	213	241	3.2	18.1
Seq7970_272_bp_-1_2_1	ENA|CAA45708|CAA45708.1	47.06	19	9	2	14	30	552	570	4.2	19.8
Seq7970_272_bp_-1_2_1	ENA|CAL82360|CAL82360.1	52.63	23	9	4	3	21	1028	1050	4.4	19.5
Seq7970_272_bp_-1_2_1	ENA|AAC17860|AAC17860.1	57.14	16	6	2	10	25	112	125	4.6	17.7
Seq7970_272_bp_-1_2_1	ENA|CAB75732|CAB75732.1	44.44	18	10	0	17	34	585	602	5	19.1
Seq7970_272_bp_-1_2_1	ENA|BAB79260|BAB79260.1	50.00	23	10	3	2	21	56	78	5.1	17.7
Seq7970_272_bp_-1_2_1	ENA|AAC78721|AAC78721.1	64.71	22	6	5	3	24	434	450	5.9	18.1
Seq7970_272_bp_-1_2_1	ENA|CAA26939|CAA26939.1	40.00	15	9	0	30	44	178	192	6.4	17.7
Seq7970_272_bp_-1_2_1	ENA|CAA36214|CAA36214.1	44.83	36	16	7	12	43	11	43	6.9	16.7
Seq7970_272_bp_-1_2_1	ENA|AAA32624|AAA32624.1	42.86	14	8	0	7	20	362	375	7.3	17.4
Seq7970_272_bp_-1_2_1	ENA|AAB26998|AAB26998.1	52.63	20	9	1	7	26	2	20	9.2	14.3
Seq7970_272_bp_-1_2_2	ENA|AAQ92751|AAQ92751.2	33.33	15	10	0	1	15	224	238	0.37	21.8
Seq7970_272_bp_-1_2_2	ENA|AAA24145|AAA24145.1	41.67	12	7	0	5	16	160	171	0.67	19.3
Seq7970_272_bp_-1_2_2	ENA|ABN10845|ABN10845.1	60.00	20	6	5	1	17	122	139	0.99	17.7
Seq7970_272_bp_-1_2_2	ENA|AAB96524|AAB96524.1	45.45	11	6	0	5	15	8	18	1.5	16.9
Seq7970_272_bp_-1_2_2	ENA|BAA05866|BAA05866.1	50.00	15	7	1	1	15	285	298	1.9	17.3
Seq7970_272_bp_-1_2_2	ENA|CCP43727|CCP43727.1	55.56	9	4	0	1	9	262	270	2	17.3
Seq7970_272_bp_-1_2_2	ENA|AAC08817|AAC08817.1	58.33	14	5	2	1	12	8	21	2.2	16.1
Seq7970_272_bp_-1_2_2	ENA|CAA45708|CAA45708.1	37.50	16	10	0	1	16	1171	1186	2.9	18.9
Seq7970_272_bp_-1_2_2	ENA|AAA36114|AAA36114.1	80.00	5	1	0	1	5	189	193	4	16.9
Seq7970_272_bp_-1_2_2	ENA|AAI27517|AAI27517.1	77.78	14	2	5	1	14	400	408	4.6	16.9
Seq7970_272_bp_-1_2_2	ENA|AAA18786|AAA18786.1	80.00	5	1	0	1	5	263	267	4.9	15.6
Seq7970_272_bp_-1_2_2	ENA|CAB75732|CAB75732.1	40.00	17	9	2	1	15	267	283	5.1	17.7
Seq7970_272_bp_-1_2_2	ENA|ABK71357|ABK71357.1	57.14	7	3	0	3	9	16	22	5.1	16.1
Seq7970_272_bp_-1_2_2	ENA|AAC97205|AAC97205.1	44.44	9	5	0	9	17	769	777	5.4	17.7
Seq7970_272_bp_-1_2_2	ENA|AAC17860|AAC17860.1	37.50	16	10	0	2	17	152	167	7.3	15.6
Seq7970_272_bp_-1_2_2	ENA|CAA29968|CAA29968.1	46.15	13	7	0	2	14	61	73	8.1	14.4
Seq7970_272_bp_-1_2_2	ENA|BAB17681|BAB17681.1	100.00	4	0	0	3	6	137	140	8.5	14.8
Seq7970_272_bp_-1_2_2	ENA|CAA43419|CAA43419.1	50.00	8	4	0	1	8	197	204	8.6	15.2
Seq7970_272_bp_-1_2_2	ENA|ACT10338|ACT10338.1	75.00	8	2	0	10	17	149	156	9.1	15.2
Seq7970_272_bp_-1_2_2	ENA|ABD49687|ABD49687.1	38.46	13	8	0	2	14	1564	1576	9.6	17.3
Seq7970_272_bp_-1_2_2	ENA|AAR37016|AAR37016.1	50.00	14	7	0	4	17	1506	1519	9.9	17.7
