Seq7585_241_bp_1_0_0	ENA|AAQ92751|AAQ92751.2	100.00	80	0	0	1	80	1301	1380	1.1e-68	248.3
Seq7585_241_bp_1_0_0	ENA|CAL82360|CAL82360.1	72.73	11	3	0	69	79	143	153	0.83	22.8
Seq7585_241_bp_1_0_0	ENA|AAS77176|AAS77176.1	31.82	22	15	0	2	23	204	225	1.2	20.0
Seq7585_241_bp_1_0_0	ENA|CAB75732|CAB75732.1	63.64	11	4	0	42	52	545	555	1.6	21.7
Seq7585_241_bp_1_0_0	ENA|AAB96524|AAB96524.1	30.43	23	16	0	2	24	118	140	1.7	18.9
Seq7585_241_bp_1_0_0	ENA|BAA36759|BAA36759.1	31.25	16	11	0	15	30	76	91	1.8	19.5
Seq7585_241_bp_1_0_0	ENA|AAC17860|AAC17860.1	38.89	19	11	1	48	66	216	233	2.5	19.5
Seq7585_241_bp_1_0_0	ENA|ACT10338|ACT10338.1	60.00	10	4	0	38	47	329	338	3.5	18.9
Seq7585_241_bp_1_0_0	ENA|CAA26939|CAA26939.1	54.55	11	5	0	68	78	27	37	3.5	19.5
Seq7585_241_bp_1_0_0	ENA|ACH70901|ACH70901.1	66.67	6	2	0	62	67	192	197	6.6	17.8
Seq7585_241_bp_1_0_0	ENA|CAA43419|CAA43419.1	35.71	14	9	0	62	75	81	94	6.7	17.8
Seq7585_241_bp_1_0_0	ENA|BAA32018|BAA32018.1	26.67	30	22	0	50	79	256	285	7.8	18.4
Seq7585_241_bp_1_0_0	ENA|CAA36214|CAA36214.1	50.00	8	4	0	58	65	74	81	8.1	17.3
Seq7585_241_bp_1_0_0	ENA|BAA32956|BAA32956.1	57.14	7	3	0	57	63	167	173	8.1	16.8
Seq7585_241_bp_1_0_0	ENA|AAF79734|AAF79734.1	35.29	17	11	0	9	25	716	732	8.4	19.5
Seq7585_241_bp_1_1_0	ENA|ACH70901|ACH70901.1	64.29	14	5	0	44	57	152	165	1	20.3
Seq7585_241_bp_1_1_0	ENA|ABG75784|ABG75784.1	47.06	17	9	0	44	60	2	18	2.5	18.8
Seq7585_241_bp_1_1_0	ENA|AAC40132|AAC40132.1	30.43	23	16	0	34	56	167	189	5.2	18.3
Seq7585_241_bp_1_1_0	ENA|AAA72732|AAA72732.1	31.58	19	13	0	42	60	150	168	9.3	16.8
Seq7585_241_bp_1_1_0	ENA|CAA36714|CAA36714.1	24.00	25	19	0	26	50	400	424	9.8	17.3
Seq7585_241_bp_1_2_0	ENA|AAB26998|AAB26998.1	50.00	8	4	0	5	12	53	60	3.3	14.1
Seq7585_241_bp_1_2_0	ENA|ACH70901|ACH70901.1	23.08	13	10	0	1	13	132	144	9.5	14.7
Seq7585_241_bp_1_2_1	ENA|CAL82360|CAL82360.1	50.00	8	4	0	4	11	968	975	0.094	23.7
Seq7585_241_bp_1_2_1	ENA|AAQ92751|AAQ92751.2	50.00	12	6	0	6	17	1054	1065	0.1	23.7
Seq7585_241_bp_1_2_1	ENA|CAB75732|CAB75732.1	62.50	8	3	0	1	8	217	224	0.49	21.1
Seq7585_241_bp_1_2_1	ENA|AAA25966|AAA25966.1	71.43	7	2	0	2	8	468	474	0.74	19.9
Seq7585_241_bp_1_2_1	ENA|CAA43419|CAA43419.1	44.44	9	5	0	9	17	118	126	0.9	18.6
Seq7585_241_bp_1_2_1	ENA|AAC26660|AAC26660.1	44.44	9	5	0	1	9	122	130	0.98	18.0
Seq7585_241_bp_1_2_1	ENA|BAA36759|BAA36759.1	42.86	7	4	0	9	15	275	281	1.1	18.0
Seq7585_241_bp_1_2_1	ENA|CAA36714|CAA36714.1	80.00	5	1	0	4	8	83	87	1.1	18.6
Seq7585_241_bp_1_2_1	ENA|ABG75784|ABG75784.1	71.43	7	2	0	3	9	233	239	1.2	18.0
Seq7585_241_bp_1_2_1	ENA|AAR31603|AAR31603.1	50.00	10	5	0	8	17	254	263	1.2	18.0
Seq7585_241_bp_1_2_1	ENA|AAC97205|AAC97205.1	71.43	7	2	0	10	16	766	772	1.3	19.9
Seq7585_241_bp_1_2_1	ENA|ACT10338|ACT10338.1	54.55	11	5	0	5	15	181	191	1.5	18.0
Seq7585_241_bp_1_2_1	ENA|ABD49687|ABD49687.1	50.00	8	4	0	1	8	1162	1169	1.7	19.9
Seq7585_241_bp_1_2_1	ENA|BAA32018|BAA32018.1	44.44	9	5	0	6	14	131	139	2.4	18.0
Seq7585_241_bp_1_2_1	ENA|AAA32624|AAA32624.1	75.00	4	1	0	9	12	396	399	3	17.3
Seq7585_241_bp_1_2_1	ENA|AAC08817|AAC08817.1	50.00	6	3	0	8	13	82	87	3.4	15.4
Seq7585_241_bp_1_2_1	ENA|AAI27517|AAI27517.1	75.00	4	1	0	8	11	180	183	3.4	17.3
Seq7585_241_bp_1_2_1	ENA|AAC49865|AAC49865.1	66.67	6	2	0	8	13	30	35	4.5	16.0
Seq7585_241_bp_1_2_1	ENA|CAA28033|CAA28033.1	62.50	8	3	0	2	9	910	917	4.8	18.0
Seq7585_241_bp_1_2_1	ENA|CAA26023|CAA26023.1	60.00	12	4	2	4	15	160	169	5.3	16.0
Seq7585_241_bp_1_2_1	ENA|AAR37016|AAR37016.1	75.00	4	1	0	7	10	839	842	5.5	18.6
Seq7585_241_bp_1_2_1	ENA|AAC40132|AAC40132.1	42.86	7	4	0	11	17	474	480	6.5	16.0
Seq7585_241_bp_1_2_1	ENA|BAA32956|BAA32956.1	33.33	9	6	0	7	15	107	115	6.9	14.8
Seq7585_241_bp_1_2_1	ENA|ACH70901|ACH70901.1	60.00	5	2	0	10	14	148	152	7.5	15.4
Seq7585_241_bp_1_2_1	ENA|CAA26939|CAA26939.1	80.00	5	1	0	12	16	281	285	7.7	16.0
Seq7585_241_bp_1_2_1	ENA|CAA29956|CAA29956.1	60.00	5	2	0	9	13	16	20	7.8	15.4
Seq7585_241_bp_1_2_1	ENA|AAF79734|AAF79734.1	44.44	9	5	0	8	16	872	880	8.1	17.3
Seq7585_241_bp_1_2_1	ENA|AAA24145|AAA24145.1	75.00	4	1	0	14	17	164	167	9.5	15.4
Seq7585_241_bp_1_2_1	ENA|CAA45199|CAA45199.1	38.46	13	8	0	3	15	86	98	9.6	15.4
Seq7585_241_bp_-1_0_0	ENA|CAA45199|CAA45199.1	33.33	25	16	1	5	28	270	294	0.57	21.1
Seq7585_241_bp_-1_0_0	ENA|BAA36759|BAA36759.1	41.67	12	7	0	33	44	147	158	0.71	20.0
Seq7585_241_bp_-1_0_0	ENA|CAA36214|CAA36214.1	45.45	11	6	0	32	42	140	150	2.2	18.4
Seq7585_241_bp_-1_0_0	ENA|CAA11507|CAA11507.1	37.50	16	10	0	18	33	607	622	3.3	20.0
Seq7585_241_bp_-1_0_0	ENA|AAC97205|AAC97205.1	34.38	32	21	0	1	32	431	462	4.3	19.5
Seq7585_241_bp_-1_0_0	ENA|AAQ92751|AAQ92751.2	43.75	16	9	0	6	21	348	363	4.7	19.5
Seq7585_241_bp_-1_0_0	ENA|ACT10338|ACT10338.1	30.77	13	9	0	16	28	259	271	5.7	17.4
Seq7585_241_bp_-1_0_0	ENA|BAA05866|BAA05866.1	57.14	7	3	0	37	43	148	154	6.4	16.9
Seq7585_241_bp_-1_0_0	ENA|AAB66912|AAB66912.1	44.44	9	5	0	24	32	699	707	6.5	18.4
Seq7585_241_bp_-1_0_0	ENA|AAC40132|AAC40132.1	35.00	20	13	0	20	39	180	199	6.8	17.4
Seq7585_241_bp_-1_0_0	ENA|CAA24711|CAA24711.1	33.33	23	14	2	9	31	1	21	7.3	15.8
Seq7585_241_bp_-1_0_0	ENA|ACH70901|ACH70901.1	40.00	10	6	0	26	35	221	230	7.4	16.9
Seq7585_241_bp_-1_0_0	ENA|AAC08817|AAC08817.1	42.86	7	4	0	14	20	112	118	9.4	15.3
Seq7585_241_bp_-1_0_0	ENA|AAC49865|AAC49865.1	44.44	9	5	0	9	17	156	164	9.5	16.3
Seq7585_241_bp_-1_0_1	ENA|AAS77176|AAS77176.1	100.00	4	0	0	13	16	173	176	2.2	16.9
Seq7585_241_bp_-1_0_1	ENA|ABK71357|ABK71357.1	100.00	5	0	0	3	7	106	110	2.8	16.9
Seq7585_241_bp_-1_0_1	ENA|AAF79734|AAF79734.1	62.50	8	3	0	6	13	996	1003	4.7	18.1
Seq7585_241_bp_-1_0_1	ENA|AAA32624|AAA32624.1	33.33	12	8	0	2	13	313	324	5.8	16.3
Seq7585_241_bp_-1_0_1	ENA|AAC97205|AAC97205.1	37.50	16	10	0	2	17	548	563	6	17.5
Seq7585_241_bp_-1_0_1	ENA|AAB96524|AAB96524.1	44.44	9	5	0	7	15	123	131	7.1	14.5
Seq7585_241_bp_-1_0_1	ENA|CAA29968|CAA29968.1	40.00	10	6	0	5	14	160	169	7.4	14.5
Seq7585_241_bp_-1_0_1	ENA|ABD49687|ABD49687.1	50.00	8	4	0	7	14	1548	1555	8.2	17.5
Seq7585_241_bp_-1_0_1	ENA|AAR31603|AAR31603.1	57.14	7	3	0	8	14	216	222	8.2	15.1
Seq7585_241_bp_-1_0_1	ENA|CAD53387|CAD53387.1	66.67	6	2	0	10	15	472	477	8.3	15.7
Seq7585_241_bp_-1_1_0	ENA|AAA42531|AAA42531.1	27.27	22	16	0	23	44	235	256	3.4	18.7
Seq7585_241_bp_-1_1_0	ENA|CAA29968|CAA29968.1	25.00	16	12	0	41	56	66	81	4.9	17.2
Seq7585_241_bp_-1_1_0	ENA|CAA26939|CAA26939.1	41.67	28	14	4	33	60	29	52	4.9	18.7
Seq7585_241_bp_-1_1_0	ENA|BAA05866|BAA05866.1	41.67	12	7	0	15	26	263	274	7.6	17.2
Seq7585_241_bp_-1_1_0	ENA|AAA24145|AAA24145.1	45.00	21	11	1	27	47	181	200	8	17.7
Seq7585_241_bp_-1_1_0	ENA|AAA36539|AAA36539.1	62.50	8	3	0	42	49	66	73	8.2	17.7
Seq7585_241_bp_-1_1_0	ENA|AAA36114|AAA36114.1	57.14	7	3	0	30	36	456	462	8.7	17.7
Seq7585_241_bp_-1_2_0	ENA|ABD33854|ABD33854.1	80.00	5	1	0	5	9	22	26	2	14.4
Seq7585_241_bp_-1_2_0	ENA|AAC08817|AAC08817.1	66.67	6	2	0	6	11	125	130	4.9	14.4
Seq7585_241_bp_-1_2_0	ENA|BAA32018|BAA32018.1	66.67	6	2	0	2	7	359	364	6	16.1
Seq7585_241_bp_-1_2_0	ENA|AAS77176|AAS77176.1	80.00	5	1	0	7	11	17	21	6	14.9
Seq7585_241_bp_-1_2_0	ENA|CAA26939|CAA26939.1	50.00	10	5	0	2	11	365	374	7.9	15.5
Seq7585_241_bp_-1_2_0	ENA|CAA73529|CAA73529.1	45.45	11	6	0	2	12	68	78	8.3	14.4
Seq7585_241_bp_-1_2_0	ENA|EDO47375|EDO47375.1	50.00	8	4	0	5	12	43	50	8.4	13.8
Seq7585_241_bp_-1_2_0	ENA|AAC78721|AAC78721.1	33.33	9	6	0	2	10	501	509	9.2	15.5
Seq7585_241_bp_-1_2_1	ENA|AAC26660|AAC26660.1	37.04	28	17	1	13	40	230	256	1	19.8
Seq7585_241_bp_-1_2_1	ENA|ABD33854|ABD33854.1	57.14	7	3	0	54	60	47	53	3	16.2
Seq7585_241_bp_-1_2_1	ENA|AAC49865|AAC49865.1	83.33	6	1	0	58	63	17	22	3.8	18.3
Seq7585_241_bp_-1_2_1	ENA|AAA32624|AAA32624.1	40.00	20	12	0	39	58	501	520	4.2	18.8
Seq7585_241_bp_-1_2_1	ENA|CAA45199|CAA45199.1	66.67	6	2	0	54	59	172	177	5.3	18.3
Seq7585_241_bp_-1_2_1	ENA|AAQ92751|AAQ92751.2	35.29	17	11	0	17	33	690	706	5.5	19.8
Seq7585_241_bp_-1_2_1	ENA|EDO47375|EDO47375.1	50.00	8	4	0	53	60	147	154	6.1	16.7
Seq7585_241_bp_-1_2_1	ENA|AAI27517|AAI27517.1	50.00	10	5	0	11	20	493	502	6.6	18.3
Seq7585_241_bp_-1_2_1	ENA|CAA36214|CAA36214.1	38.46	13	8	0	33	45	141	153	9.5	16.7
