Seq8413_486_bp_1_0_0	AAI27517.1	100.00	162	0	0	1	162	401	562	3.9e-68	246.3
Seq8413_486_bp_1_0_0	BAB17681.1	16.00	84	63	9	31	113	5	80	1.6	20.6
Seq8413_486_bp_1_0_0	CAA26230.1	23.91	49	35	3	1	48	417	463	1.7	21.5
Seq8413_486_bp_1_0_0	AAR37016.1	28.89	47	32	2	95	139	442	488	1.9	23.4
Seq8413_486_bp_1_0_0	ABD49687.1	27.17	104	67	12	61	157	1584	1682	2.3	22.7
Seq8413_486_bp_1_0_0	AAC97205.1	30.77	41	27	2	98	138	2	40	2.3	22.2
Seq8413_486_bp_1_0_0	BAA32956.1	24.49	51	37	2	100	150	155	203	2.8	19.4
Seq8413_486_bp_1_0_0	AAA24969.1	21.18	94	67	9	16	100	735	828	2.8	22.2
Seq8413_486_bp_1_0_0	CAA74140.1	29.87	90	54	13	47	125	594	681	4.6	20.8
Seq8413_486_bp_1_0_0	AAR31603.1	30.00	20	14	0	110	129	150	169	5.1	19.1
Seq8413_486_bp_1_0_0	ABK71357.1	24.18	106	69	15	50	147	85	183	5.7	19.1
Seq8413_486_bp_1_0_0	CAA45199.1	30.43	53	32	7	5	57	375	420	6.1	19.4
Seq8413_486_bp_1_0_0	AAC78721.1	17.78	152	111	17	8	150	536	679	6.3	19.8
Seq8413_486_bp_1_0_0	AAC17860.1	22.86	82	54	12	35	116	338	407	8.6	18.6
Seq8413_486_bp_1_1_0	BAA32956.1	27.20	143	91	18	1	135	60	192	0.23	22.8
Seq8413_486_bp_1_1_0	BAB17681.1	30.30	34	23	1	34	67	164	196	0.48	22.2
Seq8413_486_bp_1_1_0	CAD53387.1	27.16	93	59	12	54	137	17	106	0.54	22.8
Seq8413_486_bp_1_1_0	CAD53387.1	27.16	93	59	12	54	137	149	238	0.54	22.8
Seq8413_486_bp_1_1_0	CAD53387.1	27.16	93	59	12	54	137	281	370	0.54	22.8
Seq8413_486_bp_1_1_0	ABN10845.1	34.48	30	19	1	62	90	146	175	0.77	21.1
Seq8413_486_bp_1_1_0	ACH70904.1	28.00	25	18	0	19	43	293	317	0.79	21.8
Seq8413_486_bp_1_1_0	ABD49687.1	22.73	103	68	15	40	130	1533	1632	1.1	23.5
Seq8413_486_bp_1_1_0	AAI27517.1	29.31	66	41	8	74	139	67	124	1.6	21.5
Seq8413_486_bp_1_1_0	AAX84812.1	32.14	30	19	2	52	81	129	156	1.7	20.1
Seq8413_486_bp_1_1_0	ABK71357.1	23.26	43	33	0	72	114	54	96	2.7	20.1
Seq8413_486_bp_1_1_0	AAA65607.1	23.81	21	16	0	76	96	23	43	3.3	19.7
Seq8413_486_bp_1_1_0	EDO47375.1	32.35	39	23	5	51	84	24	62	3.5	18.7
Seq8413_486_bp_1_1_0	AAA26915.1	33.33	30	18	3	25	54	119	145	4.2	19.7
Seq8413_486_bp_1_1_0	CAA04196.1	27.66	48	34	1	79	126	21	67	4.7	19.4
Seq8413_486_bp_1_1_0	AAA18786.1	22.22	78	56	6	54	131	109	180	4.9	18.7
Seq8413_486_bp_1_1_0	AAA45888.1	25.00	49	36	1	85	133	233	280	5.5	19.1
Seq8413_486_bp_1_1_0	AAA72732.1	23.08	56	40	4	51	105	217	269	5.6	18.7
Seq8413_486_bp_1_1_0	AAB64315.2	30.00	86	49	16	23	102	12	87	5.9	18.7
Seq8413_486_bp_1_1_0	AEE27845.1	36.36	22	14	0	79	100	1101	1122	6	20.8
Seq8413_486_bp_1_1_0	AAR37016.1	38.36	99	45	26	1	76	1213	1308	6.3	21.5
Seq8413_486_bp_1_1_0	CAA45199.1	32.26	36	21	5	9	44	54	84	6.6	19.1
Seq8413_486_bp_1_1_0	AAC97205.1	20.97	65	49	3	54	118	825	886	6.7	20.4
Seq8413_486_bp_1_1_0	AAR31603.1	25.00	25	18	1	17	40	98	122	7.4	18.4
Seq8413_486_bp_1_1_0	BAB79260.1	21.05	39	30	1	61	99	66	103	8	18.7
Seq8413_486_bp_1_1_0	BAB70780.1	19.70	69	53	3	54	122	54	119	8.5	18.7
Seq8413_486_bp_1_1_1	EDO47375.1	36.36	11	7	0	4	14	161	171	0.25	19.6
Seq8413_486_bp_1_1_1	ABD33854.1	54.55	11	5	0	8	18	12	22	0.45	17.2
Seq8413_486_bp_1_1_1	ABL74574.1	100.00	4	0	0	3	6	17	20	0.53	19.1
Seq8413_486_bp_1_1_1	AAR37016.1	64.29	18	5	4	3	16	1206	1223	1.1	21.1
Seq8413_486_bp_1_1_1	CAA74140.1	23.08	13	10	0	1	13	235	247	1.7	19.1
Seq8413_486_bp_1_1_1	AAB26998.1	50.00	6	3	0	10	15	73	78	2.1	15.2
Seq8413_486_bp_1_1_1	AAA36565.1	57.14	7	3	0	10	16	161	167	2.3	16.2
Seq8413_486_bp_1_1_1	AAB64315.2	21.43	14	11	0	3	16	29	42	2.3	17.2
Seq8413_486_bp_1_1_1	AAX84812.1	83.33	6	1	0	4	9	197	202	3.1	16.2
Seq8413_486_bp_1_1_1	BAB70780.1	27.27	11	8	0	5	15	297	307	3.3	17.2
Seq8413_486_bp_1_1_1	AEE27845.1	57.14	7	3	0	8	14	881	887	3.5	18.6
Seq8413_486_bp_1_1_1	AAA65607.1	42.86	16	8	2	3	18	119	132	3.5	16.7
Seq8413_486_bp_1_1_1	BAA32991.1	38.46	18	8	5	2	14	31	48	3.6	14.2
Seq8413_486_bp_1_1_1	ABK71357.1	83.33	9	1	3	2	10	351	356	3.6	16.7
Seq8413_486_bp_1_1_1	AAH69556.1	27.27	11	8	0	1	11	279	289	4.1	16.2
Seq8413_486_bp_1_1_1	BAB79260.1	54.55	11	5	0	8	18	97	107	6	16.2
Seq8413_486_bp_1_1_1	BAB17681.1	75.00	4	1	0	3	6	111	114	7	15.2
Seq8413_486_bp_1_1_1	BAA32956.1	50.00	8	4	0	1	8	98	105	7.5	14.7
Seq8413_486_bp_1_1_1	CAA04196.1	37.50	8	5	0	10	17	257	264	7.6	15.7
Seq8413_486_bp_1_1_1	AAA25966.1	44.44	9	5	0	1	9	408	416	9.3	16.2
Seq8413_486_bp_1_1_1	AAA45888.1	33.33	6	4	0	5	10	73	78	9.6	15.2
Seq8413_486_bp_1_2_0	ABN10845.1	34.78	25	15	2	7	30	53	76	0.47	19.7
Seq8413_486_bp_1_2_0	BAA32956.1	54.55	14	5	3	6	18	23	34	1.2	18.3
Seq8413_486_bp_1_2_0	AAB96524.1	30.00	10	7	0	8	17	58	67	1.3	18.0
Seq8413_486_bp_1_2_0	AAB26998.1	60.00	5	2	0	7	11	13	17	2.2	16.0
Seq8413_486_bp_1_2_0	CAA26230.1	33.33	22	14	1	8	28	235	256	3	18.3
Seq8413_486_bp_1_2_0	AAQ92751.2	26.32	19	14	0	9	27	1083	1101	3.7	19.3
Seq8413_486_bp_1_2_0	AAA72732.1	31.58	21	13	2	8	28	225	243	5.3	16.6
Seq8413_486_bp_1_2_0	AAB64315.2	42.86	7	4	0	6	12	27	33	5.6	16.6
Seq8413_486_bp_1_2_0	AAB03707.1	33.33	9	6	0	7	15	642	650	5.8	18.7
Seq8413_486_bp_1_2_0	BAA32991.1	40.00	5	3	0	8	12	28	32	6	14.3
Seq8413_486_bp_1_2_0	AAC97205.1	38.10	23	13	2	1	21	654	676	6.5	18.3
Seq8413_486_bp_1_2_0	AII71783.1	30.77	13	9	0	11	23	231	243	6.6	16.3
Seq8413_486_bp_1_2_0	AAC78721.1	38.46	13	8	0	7	19	242	254	7.1	17.3
Seq8413_486_bp_1_2_0	AEE27845.1	27.27	11	8	0	1	11	1017	1027	7.3	18.3
Seq8413_486_bp_1_2_0	AAR37016.1	45.83	28	13	4	7	31	1894	1920	7.6	19.0
Seq8413_486_bp_1_2_0	AAA65607.1	33.33	12	8	0	21	32	34	45	7.7	16.3
Seq8413_486_bp_1_2_0	ABK71357.1	31.25	19	11	3	8	25	141	157	7.8	16.3
Seq8413_486_bp_1_2_0	CAA45199.1	33.33	6	4	0	8	13	66	71	7.8	16.6
Seq8413_486_bp_1_2_0	BAB79260.1	30.77	27	18	1	7	32	75	101	9.4	16.3
Seq8413_486_bp_1_2_0	AAF01122.1	100.00	4	0	0	9	12	289	292	9.8	16.0
Seq8413_486_bp_1_2_1	BAB79260.1	31.25	54	33	6	4	57	395	442	0.0067	28.2
Seq8413_486_bp_1_2_1	AAQ92751.2	48.15	35	14	8	4	31	1201	1234	1.1	22.5
Seq8413_486_bp_1_2_1	ABK71357.1	48.28	36	15	7	41	76	308	336	1.1	20.6
Seq8413_486_bp_1_2_1	CAA43372.1	47.06	18	9	1	49	66	145	161	1.9	19.9
Seq8413_486_bp_1_2_1	ABN10845.1	23.94	86	54	15	1	78	51	129	1.9	19.0
Seq8413_486_bp_1_2_1	CAA74140.1	29.55	55	31	11	1	50	788	836	3.3	20.2
Seq8413_486_bp_1_2_1	AAC97205.1	32.26	36	21	5	4	37	634	666	3.5	20.6
Seq8413_486_bp_1_2_1	CAA04196.1	33.33	19	12	1	55	72	43	61	3.6	19.0
Seq8413_486_bp_1_2_1	AAX84812.1	71.43	7	2	0	2	8	159	165	5.9	17.4
Seq8413_486_bp_1_2_1	AAB96524.1	26.67	16	11	1	8	23	45	59	5.9	17.1
Seq8413_486_bp_1_2_1	AAA42531.1	31.03	33	20	4	47	78	335	364	6.3	18.0
Seq8413_486_bp_1_2_1	BAA32018.1	26.32	19	14	0	4	22	4	22	6.5	18.6
Seq8413_486_bp_1_2_1	AAR31603.1	58.33	12	5	0	67	78	248	259	6.6	17.7
Seq8413_486_bp_1_2_1	AAA23282.1	33.33	12	8	0	22	33	249	260	7.3	18.3
Seq8413_486_bp_1_2_1	AAA25966.1	50.00	25	9	7	34	57	306	324	7.5	18.6
Seq8413_486_bp_1_2_1	AAF01122.1	46.67	18	8	3	22	39	284	298	7.5	17.7
Seq8413_486_bp_1_2_1	BAA32956.1	42.86	7	4	0	37	43	130	136	8.1	16.7
Seq8413_486_bp_1_2_1	ABD49687.1	34.48	30	19	1	50	79	258	286	9	19.6
Seq8413_486_bp_1_2_1	AAI27517.1	36.67	33	19	3	17	47	402	433	9.3	18.0
Seq8413_486_bp_1_2_1	AAA36565.1	43.75	20	9	4	4	19	71	90	9.8	16.1
Seq8413_486_bp_1_2_1	AAC17860.1	31.25	33	22	1	25	57	372	403	10	17.4
Seq8413_486_bp_1_2_2	AAA25966.1	20.83	26	19	2	22	45	104	129	0.096	24.3
Seq8413_486_bp_1_2_2	BAA32991.1	62.50	11	3	3	36	46	26	33	0.15	20.3
Seq8413_486_bp_1_2_2	BAB17681.1	85.71	7	1	0	23	29	187	193	0.75	19.9
Seq8413_486_bp_1_2_2	CAA45199.1	32.43	41	25	4	4	42	48	86	1	20.3
Seq8413_486_bp_1_2_2	CAA26230.1	30.43	24	16	1	18	40	471	494	1.9	19.6
Seq8413_486_bp_1_2_2	AAA45888.1	22.86	35	27	0	3	37	256	290	4.1	17.9
Seq8413_486_bp_1_2_2	CAA43372.1	35.29	21	11	4	22	38	17	37	4.5	17.9
Seq8413_486_bp_1_2_2	BAA32956.1	36.36	22	14	0	5	26	73	94	5.7	16.6
Seq8413_486_bp_1_2_2	AAC08817.1	25.00	16	12	0	22	37	34	49	7	15.9
Seq8413_486_bp_1_2_2	AAI27517.1	35.48	33	20	2	13	43	438	470	7.8	17.6
Seq8413_486_bp_1_2_2	AAX12058.1	50.00	8	4	0	19	26	137	144	9.1	16.2
Seq8413_486_bp_-1_0_0	ABK71357.1	24.19	69	47	7	41	109	136	197	0.8	21.6
Seq8413_486_bp_-1_0_0	AAA45888.1	39.53	47	26	4	17	59	4	50	0.99	21.3
Seq8413_486_bp_-1_0_0	CAA04196.1	20.37	54	43	0	61	114	268	321	1.3	21.0
Seq8413_486_bp_-1_0_0	AAA65607.1	38.24	38	21	4	59	94	118	153	2.4	20.0
Seq8413_486_bp_-1_0_0	CAA45199.1	23.88	76	51	9	45	111	367	442	2.5	20.2
Seq8413_486_bp_-1_0_0	AAB96524.1	31.03	30	20	1	56	85	58	86	3.6	18.3
Seq8413_486_bp_-1_0_0	AIR13712.1	29.29	106	70	7	13	115	115	216	3.7	19.1
Seq8413_486_bp_-1_0_0	AAQ92751.2	23.73	61	45	2	54	113	781	840	4.2	21.0
Seq8413_486_bp_-1_0_0	AAA32376.1	26.67	48	33	3	50	97	16	60	4.8	17.8
Seq8413_486_bp_-1_0_0	AAF01122.1	23.91	48	35	2	61	106	244	291	6	18.6
Seq8413_486_bp_-1_0_0	ABD49687.1	32.61	50	31	4	58	106	1189	1235	6.1	20.8
Seq8413_486_bp_-1_0_0	ACT10338.1	26.53	55	36	6	49	98	290	343	7.3	18.3
Seq8413_486_bp_-1_0_0	AAB26998.1	62.50	8	3	0	34	41	8	15	7.9	15.9
Seq8413_486_bp_-1_0_0	BAA32991.1	30.77	16	9	3	53	65	25	40	8.2	15.7
Seq8413_486_bp_-1_0_0	BAA32956.1	46.15	17	7	4	43	59	91	103	9.8	17.0
Seq8413_486_bp_-1_0_1	AAA45888.1	31.25	16	11	0	4	19	126	141	0.45	20.7
Seq8413_486_bp_-1_0_1	ABD33854.1	36.36	11	7	0	10	20	38	48	1	16.9
Seq8413_486_bp_-1_0_1	AEE27845.1	50.00	10	5	0	6	15	810	819	1	21.3
Seq8413_486_bp_-1_0_1	AAX12058.1	36.84	20	12	1	1	19	125	144	1	19.0
Seq8413_486_bp_-1_0_1	CAA04196.1	41.67	14	7	2	9	20	361	374	1.6	19.0
Seq8413_486_bp_-1_0_1	CAA73529.1	50.00	14	6	2	9	20	202	215	2.6	17.6
Seq8413_486_bp_-1_0_1	AAR37016.1	33.33	16	10	1	2	16	959	974	3.4	20.3
Seq8413_486_bp_-1_0_1	AAF01122.1	50.00	11	5	1	9	18	284	294	3.6	17.6
Seq8413_486_bp_-1_0_1	CAA11507.1	60.00	13	4	3	8	17	1251	1263	5	19.0
Seq8413_486_bp_-1_0_1	AAA25966.1	22.22	9	7	0	9	17	122	130	5.4	17.9
Seq8413_486_bp_-1_0_1	AAI27517.1	56.25	23	7	7	6	21	537	559	5.5	17.6
Seq8413_486_bp_-1_0_1	BAA32956.1	41.67	12	7	0	7	18	152	163	6.4	15.9
Seq8413_486_bp_-1_0_1	AAC17860.1	38.46	13	8	0	6	18	346	358	7.7	16.6
Seq8413_486_bp_-1_0_1	CAA43372.1	33.33	12	8	0	15	26	349	360	9.6	16.2
Seq8413_486_bp_-1_1_0	BAB17681.1	40.91	23	13	1	13	34	1	23	0.0028	27.6
Seq8413_486_bp_-1_1_0	AAR37016.1	43.48	25	13	2	10	34	809	831	0.35	23.7
Seq8413_486_bp_-1_1_0	AAA45888.1	58.33	12	5	0	22	33	16	27	1	19.5
Seq8413_486_bp_-1_1_0	AAB03707.1	38.10	22	13	1	6	27	581	601	1.4	20.9
Seq8413_486_bp_-1_1_0	AAB26998.1	66.67	10	3	1	27	35	6	15	1.5	16.8
Seq8413_486_bp_-1_1_0	ACH70904.1	36.00	26	16	1	12	36	291	316	1.6	18.8
Seq8413_486_bp_-1_1_0	ABD49687.1	54.55	11	5	0	25	35	7	17	2.2	20.6
Seq8413_486_bp_-1_1_0	AAA36565.1	21.43	29	22	1	8	36	5	32	2.4	17.1
Seq8413_486_bp_-1_1_0	AII71783.1	28.57	24	15	3	14	34	209	232	2.7	17.8
Seq8413_486_bp_-1_1_0	BAA32956.1	66.67	13	4	1	23	35	18	29	3	17.1
Seq8413_486_bp_-1_1_0	BAB79260.1	28.00	27	18	2	8	34	386	410	3.1	18.1
Seq8413_486_bp_-1_1_0	AAC08817.1	23.33	32	23	2	7	36	6	37	3.8	16.4
Seq8413_486_bp_-1_1_0	CAA74140.1	46.43	33	15	5	1	31	658	687	4	18.8
Seq8413_486_bp_-1_1_0	AAA26915.1	29.41	17	12	0	5	21	232	248	4.1	17.8
Seq8413_486_bp_-1_1_0	CAA43372.1	29.17	25	17	1	7	31	297	320	4.6	17.4
Seq8413_486_bp_-1_1_0	BAA32018.1	31.25	16	11	0	20	35	156	171	5.4	17.8
Seq8413_486_bp_-1_1_1	AAA23282.1	41.18	48	20	14	10	57	227	260	0.28	22.6
Seq8413_486_bp_-1_1_1	AIR13712.1	37.21	48	27	5	3	50	144	186	0.51	21.0
Seq8413_486_bp_-1_1_1	ABL74574.1	30.00	57	35	7	1	57	227	276	1.4	19.4
Seq8413_486_bp_-1_1_1	BAB17681.1	21.74	47	36	1	7	52	191	237	1.6	19.1
Seq8413_486_bp_-1_1_1	ACT10338.1	25.00	32	24	0	1	32	354	385	2.3	19.1
Seq8413_486_bp_-1_1_1	AAC97205.1	21.15	54	41	2	6	57	191	244	2.9	20.4
Seq8413_486_bp_-1_1_1	AAB26998.1	22.73	47	34	3	11	55	22	67	4.3	15.8
Seq8413_486_bp_-1_1_1	CAA11507.1	36.36	22	14	0	1	22	1282	1303	5	19.7
Seq8413_486_bp_-1_1_1	BAA32018.1	44.00	30	14	5	15	44	391	415	5.6	18.4
Seq8413_486_bp_-1_1_1	AAH69556.1	50.00	14	7	0	17	30	118	131	8.2	16.8
Seq8413_486_bp_-1_1_1	ABN10845.1	62.50	8	3	0	32	39	55	62	9.1	16.1
Seq8413_486_bp_-1_1_2	ACT10338.1	33.33	41	26	2	4	44	305	343	0.038	25.1
Seq8413_486_bp_-1_1_2	AAA45888.1	29.27	45	29	4	1	41	248	292	0.37	21.8
Seq8413_486_bp_-1_1_2	AAA32624.1	17.86	28	23	0	15	42	419	446	0.51	21.8
Seq8413_486_bp_-1_1_2	CAA26230.1	14.29	28	24	0	15	42	456	483	0.55	21.8
Seq8413_486_bp_-1_1_2	ABK71357.1	33.33	25	16	1	4	27	38	62	1.1	20.2
Seq8413_486_bp_-1_1_2	ABD49687.1	46.43	33	15	5	34	63	85	115	1.3	22.2
Seq8413_486_bp_-1_1_2	EDO47375.1	29.73	41	26	4	22	58	129	169	1.4	18.8
Seq8413_486_bp_-1_1_2	AAI27517.1	30.95	49	29	7	9	56	435	477	1.8	20.2
Seq8413_486_bp_-1_1_2	AAA25966.1	31.71	51	28	10	11	61	673	713	2.2	20.2
Seq8413_486_bp_-1_1_2	BAB79260.1	25.00	29	21	1	10	38	398	425	2.7	19.2
Seq8413_486_bp_-1_1_2	CAD53387.1	28.00	54	36	4	2	53	16	67	3	19.2
Seq8413_486_bp_-1_1_2	AAA18786.1	17.95	40	32	1	4	43	58	96	4.9	17.5
Seq8413_486_bp_-1_1_2	AAB03707.1	24.00	25	19	0	12	36	620	644	5.1	19.8
Seq8413_486_bp_-1_1_2	AAA24969.1	30.00	22	14	2	20	41	309	328	5.6	19.8
Seq8413_486_bp_-1_1_2	CAA11507.1	19.05	21	17	0	17	37	1006	1026	6.3	19.5
Seq8413_486_bp_-1_1_2	AAA26915.1	58.33	12	5	0	1	12	317	328	6.7	17.9
Seq8413_486_bp_-1_1_2	AAR37016.1	29.27	52	29	11	13	63	952	993	8.4	19.8
Seq8413_486_bp_-1_1_2	ABG75784.1	25.93	28	20	1	10	36	183	210	8.7	16.9
Seq8413_486_bp_-1_1_2	AAR31603.1	16.00	25	21	0	18	42	105	129	9.2	16.9
Seq8413_486_bp_-1_1_2	CAA04196.1	33.33	29	16	5	37	60	271	299	9.3	17.2
Seq8413_486_bp_-1_2_0	BAA32991.1	36.36	40	21	7	8	40	2	41	0.16	20.6
Seq8413_486_bp_-1_2_0	AAI27517.1	27.50	46	29	6	8	51	511	552	0.22	23.3
Seq8413_486_bp_-1_2_0	AAQ92751.2	23.26	44	33	1	13	55	1044	1087	0.34	23.9
Seq8413_486_bp_-1_2_0	BAB79260.1	36.00	31	16	6	31	56	395	424	0.38	22.1
Seq8413_486_bp_-1_2_0	AAA25966.1	29.27	65	29	24	7	66	92	137	0.5	22.4
Seq8413_486_bp_-1_2_0	CAA74140.1	35.71	32	18	4	2	31	584	613	0.64	22.4
Seq8413_486_bp_-1_2_0	CAA73529.1	31.58	19	13	0	8	26	33	51	1.2	19.7
Seq8413_486_bp_-1_2_0	ABK71357.1	22.22	27	21	0	20	46	187	213	1.3	20.0
Seq8413_486_bp_-1_2_0	AAB03707.1	26.32	19	14	0	41	59	630	648	1.7	21.5
Seq8413_486_bp_-1_2_0	AIR13712.1	40.00	10	6	0	29	38	136	145	2.7	18.8
Seq8413_486_bp_-1_2_0	BAA32018.1	45.00	21	11	1	41	60	4	24	2.7	19.7
Seq8413_486_bp_-1_2_0	AAB96524.1	25.00	12	9	0	39	50	132	143	4.2	17.3
Seq8413_486_bp_-1_2_0	AAR37016.1	45.16	55	17	24	27	57	1562	1616	4.4	20.9
Seq8413_486_bp_-1_2_0	AAC17860.1	38.46	13	8	0	8	20	309	321	5	18.2
Seq8413_486_bp_-1_2_0	AAC97205.1	44.44	9	5	0	7	15	758	766	5.3	19.7
Seq8413_486_bp_-1_2_0	AAA24142.1	20.00	20	16	0	34	53	413	432	5.4	18.2
Seq8413_486_bp_-1_2_0	AAA36565.1	11.54	26	23	0	30	55	29	54	5.6	16.7
Seq8413_486_bp_-1_2_0	BAA32956.1	38.10	25	13	4	41	65	91	111	5.8	17.0
Seq8413_486_bp_-1_2_0	AAA18786.1	26.67	15	11	0	13	27	173	187	7.2	17.0
Seq8413_486_bp_-1_2_0	CAA04196.1	30.43	24	16	1	1	24	362	384	7.5	17.6
Seq8413_486_bp_-1_2_0	ABD33854.1	19.23	26	21	0	1	26	27	52	8.9	14.6
Seq8413_486_bp_-1_2_1	ABD49687.1	35.48	32	20	1	8	39	1659	1689	0.12	25.9
Seq8413_486_bp_-1_2_1	BAA32956.1	25.64	39	29	0	24	62	154	192	0.48	20.9
Seq8413_486_bp_-1_2_1	AAA25966.1	22.73	22	17	0	3	24	84	105	2	20.6
Seq8413_486_bp_-1_2_1	ABG75784.1	22.73	22	17	0	3	24	66	87	2.4	19.1
Seq8413_486_bp_-1_2_1	AAB96524.1	21.62	42	29	5	3	39	124	165	2.6	18.2
Seq8413_486_bp_-1_2_1	AAA42531.1	25.81	71	46	9	8	71	58	126	3	19.1
Seq8413_486_bp_-1_2_1	AAA24142.1	23.81	22	16	1	10	31	6	26	3.4	19.1
Seq8413_486_bp_-1_2_1	AAR31603.1	19.30	59	46	2	4	62	232	288	3.7	18.5
Seq8413_486_bp_-1_2_1	BAB17681.1	30.00	20	14	0	24	43	187	206	3.8	18.2
Seq8413_486_bp_-1_2_1	AAI27517.1	34.15	46	27	5	27	70	375	417	4.4	19.1
Seq8413_486_bp_-1_2_1	ABD33854.1	20.00	10	8	0	65	74	39	48	6.8	15.2
Seq8413_486_bp_-1_2_1	EDO47375.1	50.00	12	6	0	47	58	166	177	7.2	16.7
Seq8413_486_bp_-1_2_1	AAA65607.1	37.04	29	17	2	30	56	27	55	7.5	17.6
