Seq10054_734_bp_1_0_0	ENA|CAA45708|CAA45708.1	50.00	10	5	0	15	24	510	519	1.2	20.8
Seq10054_734_bp_1_0_0	ENA|AAA32624|AAA32624.1	50.00	8	4	0	5	12	116	123	1.2	19.2
Seq10054_734_bp_1_0_0	ENA|CAL82360|CAL82360.1	35.71	14	9	0	5	18	1011	1024	2	19.8
Seq10054_734_bp_1_0_0	ENA|AAC78721|AAC78721.1	62.50	8	3	0	1	8	631	638	3.2	18.2
Seq10054_734_bp_1_0_0	ENA|AAB26998|AAB26998.1	50.00	6	3	0	20	25	55	60	3.5	14.9
Seq10054_734_bp_1_0_0	ENA|AAC97205|AAC97205.1	35.29	17	11	0	2	18	1211	1227	4	18.7
Seq10054_734_bp_1_0_0	ENA|ACT10338|ACT10338.1	29.41	17	12	0	4	20	115	131	5.5	16.5
Seq10054_734_bp_1_0_0	ENA|AAA24145|AAA24145.1	50.00	6	3	0	4	9	9	14	6.5	16.5
Seq10054_734_bp_1_0_0	ENA|AAA25966|AAA25966.1	30.77	13	9	0	9	21	558	570	7	17.1
Seq10054_734_bp_1_0_0	ENA|CAA26939|CAA26939.1	33.33	9	6	0	1	9	523	531	8	16.5
Seq10054_734_bp_1_0_0	ENA|AAB03707|AAB03707.1	30.00	10	7	0	15	24	493	502	9	17.6
Seq10054_734_bp_1_0_1	ENA|BAA32991|BAA32991.1	33.33	12	8	0	3	14	13	24	1	16.4
Seq10054_734_bp_1_0_1	ENA|AAC40132|AAC40132.1	38.46	13	8	0	6	18	435	447	2	18.2
Seq10054_734_bp_1_0_1	ENA|AAB96524|AAB96524.1	44.44	9	5	0	14	22	94	102	2.7	16.4
Seq10054_734_bp_1_0_1	ENA|CAL82360|CAL82360.1	44.44	9	5	0	11	19	248	256	3.5	18.8
Seq10054_734_bp_1_0_1	ENA|AAA25966|AAA25966.1	27.27	11	8	0	9	19	564	574	6.7	17.0
Seq10054_734_bp_1_0_1	ENA|CAA24711|CAA24711.1	50.00	6	3	0	14	19	121	126	8.2	14.6
Seq10054_734_bp_1_0_1	ENA|CAA11507|CAA11507.1	44.44	9	5	0	14	22	607	615	8.2	17.6
Seq10054_734_bp_1_0_1	ENA|AAR37016|AAR37016.1	57.14	7	3	0	3	9	482	488	9.3	18.2
Seq10054_734_bp_1_0_1	ENA|AAA72732|AAA72732.1	62.50	8	3	0	9	16	132	139	9.7	15.2
Seq10054_734_bp_1_0_2	ENA|AAR31603|AAR31603.1	45.00	20	11	0	21	40	250	269	0.046	24.2
Seq10054_734_bp_1_0_2	ENA|AAC08817|AAC08817.1	44.44	19	10	1	27	45	130	147	1.7	17.9
Seq10054_734_bp_1_0_2	ENA|AAQ92751|AAQ92751.2	27.78	18	13	0	15	32	957	974	2	20.8
Seq10054_734_bp_1_0_2	ENA|BAA32956|BAA32956.1	29.41	17	12	0	13	29	66	82	2.2	17.9
Seq10054_734_bp_1_0_2	ENA|ACT10338|ACT10338.1	33.33	18	12	0	29	46	112	129	4	17.9
Seq10054_734_bp_1_0_2	ENA|CAA28033|CAA28033.1	35.71	14	9	0	27	40	982	995	4.1	19.7
Seq10054_734_bp_1_0_2	ENA|AAB66912|AAB66912.1	33.33	12	8	0	19	30	45	56	4.4	19.1
Seq10054_734_bp_1_0_2	ENA|ABD49687|ABD49687.1	43.75	18	9	2	26	41	738	755	5.4	19.7
Seq10054_734_bp_1_0_2	ENA|ABK71357|ABK71357.1	60.00	5	2	0	33	37	349	353	5.6	17.4
Seq10054_734_bp_1_0_2	ENA|AAC26660|AAC26660.1	30.00	21	14	1	12	32	112	131	5.7	16.8
Seq10054_734_bp_1_0_2	ENA|CAA26939|CAA26939.1	25.00	16	12	0	2	17	177	192	5.8	17.9
Seq10054_734_bp_1_0_2	ENA|CAL82360|CAL82360.1	57.14	7	3	0	9	15	282	288	5.9	19.1
Seq10054_734_bp_1_0_2	ENA|AAF79734|AAF79734.1	41.18	17	10	0	12	28	9	25	6.6	19.1
Seq10054_734_bp_1_0_2	ENA|CAA36714|CAA36714.1	31.58	19	13	0	15	33	86	104	7	17.4
Seq10054_734_bp_1_0_2	ENA|CAA29968|CAA29968.1	30.77	13	9	0	4	16	34	46	9.2	15.7
Seq10054_734_bp_1_0_2	ENA|BAB79260|BAB79260.1	23.08	13	10	0	17	29	268	280	9.7	16.8
Seq10054_734_bp_1_0_2	ENA|AAA24145|AAA24145.1	36.36	11	7	0	5	15	439	449	9.9	16.8
Seq10054_734_bp_1_0_3	ENA|AAA36539|AAA36539.1	60.00	5	2	0	5	9	76	80	2.6	17.6
Seq10054_734_bp_1_0_3	ENA|BAA32018|BAA32018.1	44.44	9	5	0	11	19	451	459	3.3	17.6
Seq10054_734_bp_1_0_3	ENA|CAA43419|CAA43419.1	57.14	7	3	0	6	12	344	350	4.4	16.4
Seq10054_734_bp_1_0_3	ENA|BAA05866|BAA05866.1	60.00	5	2	0	15	19	269	273	5.5	15.8
Seq10054_734_bp_1_0_3	ENA|AAA72732|AAA72732.1	8.33	12	11	0	8	19	298	309	5.6	15.8
Seq10054_734_bp_1_0_3	ENA|AAC97205|AAC97205.1	100.00	3	0	0	7	9	895	897	6.4	17.6
Seq10054_734_bp_1_0_3	ENA|AAB96524|AAB96524.1	75.00	4	1	0	3	6	175	178	7.4	14.7
Seq10054_734_bp_1_0_3	ENA|BAB79260|BAB79260.1	66.67	6	2	0	14	19	387	392	7.9	15.8
Seq10054_734_bp_1_0_3	ENA|ABD49687|ABD49687.1	25.00	12	9	0	1	12	389	400	8.7	17.6
Seq10054_734_bp_1_0_3	ENA|CAB75732|CAB75732.1	42.86	7	4	0	7	13	721	727	8.9	17.0
Seq10054_734_bp_1_0_3	ENA|AAA42531|AAA42531.1	36.36	11	7	0	8	18	124	134	10	15.2
Seq10054_734_bp_1_1_0	ENA|ABD49687|ABD49687.1	42.11	19	11	0	9	27	91	109	0.0033	29.6
Seq10054_734_bp_1_1_0	ENA|ABD49687|ABD49687.1	35.00	20	13	0	2	21	1589	1608	0.14	24.2
Seq10054_734_bp_1_1_0	ENA|AAB03707|AAB03707.1	38.10	22	13	1	2	23	134	154	0.033	26.0
Seq10054_734_bp_1_1_0	ENA|AAC08817|AAC08817.1	33.33	15	10	0	12	26	113	127	0.069	21.7
Seq10054_734_bp_1_1_0	ENA|AAI27517|AAI27517.1	50.00	10	5	0	8	17	498	507	0.17	22.4
Seq10054_734_bp_1_1_0	ENA|ACT10338|ACT10338.1	35.71	14	9	0	13	26	83	96	0.26	21.1
Seq10054_734_bp_1_1_0	ENA|AAB66912|AAB66912.1	52.94	19	8	2	2	20	507	523	0.41	21.7
Seq10054_734_bp_1_1_0	ENA|CAA36714|CAA36714.1	35.29	17	11	0	10	26	228	244	0.72	19.9
Seq10054_734_bp_1_1_0	ENA|ABK71357|ABK71357.1	57.14	7	3	0	10	16	76	82	0.86	19.3
Seq10054_734_bp_1_1_0	ENA|CAA28033|CAA28033.1	36.36	11	7	0	6	16	56	66	0.87	21.1
Seq10054_734_bp_1_1_0	ENA|AAC26660|AAC26660.1	55.56	9	4	0	18	26	54	62	0.9	18.7
Seq10054_734_bp_1_1_0	ENA|CAA45199|CAA45199.1	22.73	22	17	0	5	26	364	385	1.1	19.3
Seq10054_734_bp_1_1_0	ENA|ABG75784|ABG75784.1	57.14	7	3	0	1	7	274	280	1.1	18.7
Seq10054_734_bp_1_1_0	ENA|AAC49865|AAC49865.1	38.46	13	8	0	15	27	266	278	1.2	18.7
Seq10054_734_bp_1_1_0	ENA|CAA29968|CAA29968.1	42.86	7	4	0	5	11	30	36	1.6	17.5
Seq10054_734_bp_1_1_0	ENA|AAS77176|AAS77176.1	37.50	8	5	0	4	11	42	49	2.3	17.5
Seq10054_734_bp_1_1_0	ENA|BAA32956|BAA32956.1	36.36	11	7	0	15	25	9	19	2.6	16.9
Seq10054_734_bp_1_1_0	ENA|AAR31603|AAR31603.1	35.71	14	9	0	4	17	281	294	2.6	17.5
Seq10054_734_bp_1_1_0	ENA|CAL82360|CAL82360.1	50.00	8	4	0	15	22	633	640	2.9	19.3
Seq10054_734_bp_1_1_0	ENA|AAF79734|AAF79734.1	55.56	9	4	0	8	16	1278	1286	3.3	19.3
Seq10054_734_bp_1_1_0	ENA|EDO47375|EDO47375.1	22.22	9	7	0	14	22	39	47	5.2	15.7
Seq10054_734_bp_1_1_0	ENA|CAA45708|CAA45708.1	83.33	6	1	0	21	26	705	710	5.2	18.7
Seq10054_734_bp_1_1_0	ENA|BAA05866|BAA05866.1	100.00	4	0	0	16	19	147	150	5.5	16.3
Seq10054_734_bp_1_1_0	ENA|AAA36539|AAA36539.1	33.33	17	10	2	5	21	438	452	8.3	16.3
Seq10054_734_bp_1_1_0	ENA|AAC97205|AAC97205.1	55.56	9	4	0	19	27	668	676	9.3	17.5
Seq10054_734_bp_1_1_1	ENA|CAA45199|CAA45199.1	54.55	11	5	0	2	12	88	98	0.0051	26.0
Seq10054_734_bp_1_1_1	ENA|CAA29968|CAA29968.1	45.45	11	6	0	2	12	137	147	0.046	21.6
Seq10054_734_bp_1_1_1	ENA|CAA29968|CAA29968.1	41.67	12	7	0	2	13	125	136	0.21	19.4
Seq10054_734_bp_1_1_1	ENA|CAA24711|CAA24711.1	33.33	9	6	0	4	12	162	170	0.32	18.6
Seq10054_734_bp_1_1_1	ENA|AAC49865|AAC49865.1	50.00	8	4	0	5	12	107	114	0.36	19.4
Seq10054_734_bp_1_1_1	ENA|AAI27517|AAI27517.1	50.00	8	4	0	2	9	37	44	0.65	19.4
Seq10054_734_bp_1_1_1	ENA|AAR31603|AAR31603.1	80.00	5	1	0	6	10	196	200	1	17.9
Seq10054_734_bp_1_1_1	ENA|AAA25966|AAA25966.1	44.44	9	5	0	5	13	177	185	1.3	18.6
Seq10054_734_bp_1_1_1	ENA|CAA29956|CAA29956.1	57.14	7	3	0	4	10	341	347	1.9	17.1
Seq10054_734_bp_1_1_1	ENA|AAC08817|AAC08817.1	66.67	6	2	0	5	10	8	13	2.2	15.7
Seq10054_734_bp_1_1_1	ENA|CAA36714|CAA36714.1	25.00	8	6	0	5	12	296	303	2.4	17.1
Seq10054_734_bp_1_1_1	ENA|AAF79734|AAF79734.1	57.14	7	3	0	4	10	540	546	2.6	18.6
Seq10054_734_bp_1_1_1	ENA|CAA45708|CAA45708.1	71.43	7	2	0	3	9	1024	1030	2.8	18.6
Seq10054_734_bp_1_1_1	ENA|CCP43727|CCP43727.1	42.86	7	4	0	5	11	15	21	2.8	16.4
Seq10054_734_bp_1_1_1	ENA|BAA32018|BAA32018.1	60.00	5	2	0	8	12	429	433	3.1	17.1
Seq10054_734_bp_1_1_1	ENA|AAB03707|AAB03707.1	40.00	10	6	0	4	13	1238	1247	4.1	17.9
Seq10054_734_bp_1_1_1	ENA|BAA05866|BAA05866.1	22.22	9	7	0	5	13	203	211	4.3	15.7
Seq10054_734_bp_1_1_1	ENA|ABK71357|ABK71357.1	28.57	7	5	0	4	10	38	44	5.1	15.7
Seq10054_734_bp_1_1_1	ENA|ACT10338|ACT10338.1	60.00	5	2	0	9	13	124	128	5.4	15.7
Seq10054_734_bp_1_1_1	ENA|CAA28033|CAA28033.1	38.46	13	8	0	1	13	912	924	6.4	17.1
Seq10054_734_bp_1_1_1	ENA|AAR37016|AAR37016.1	83.33	6	1	0	1	6	410	415	6.8	17.9
Seq10054_734_bp_1_1_1	ENA|CAA36214|CAA36214.1	27.27	11	8	0	2	12	108	118	6.9	14.9
Seq10054_734_bp_1_1_1	ENA|AAB96524|AAB96524.1	42.86	7	4	0	6	12	103	109	7	14.2
Seq10054_734_bp_1_1_1	ENA|ABG75784|ABG75784.1	33.33	9	6	0	4	12	129	137	7.1	14.9
Seq10054_734_bp_1_1_1	ENA|BAA32956|BAA32956.1	40.00	5	3	0	6	10	197	201	7.9	14.2
Seq10054_734_bp_1_1_1	ENA|ABN10845|ABN10845.1	60.00	5	2	0	9	13	206	210	8.1	14.2
Seq10054_734_bp_1_1_1	ENA|CAA26023|CAA26023.1	50.00	8	4	0	3	10	10	17	8.5	14.9
Seq10054_734_bp_1_1_1	ENA|CAB75732|CAB75732.1	40.00	10	6	0	1	10	53	62	9.2	16.4
Seq10054_734_bp_1_1_1	ENA|AAC26660|AAC26660.1	33.33	9	6	0	5	13	58	66	9.5	14.2
Seq10054_734_bp_1_1_1	ENA|AAC97205|AAC97205.1	42.86	7	4	0	3	9	1085	1091	9.7	16.4
Seq10054_734_bp_1_1_2	ENA|BAA36759|BAA36759.1	10.34	29	26	0	4	32	198	226	0.42	20.3
Seq10054_734_bp_1_1_2	ENA|CAA28033|CAA28033.1	60.00	10	4	0	15	24	260	269	1.9	20.3
Seq10054_734_bp_1_1_2	ENA|BAA05866|BAA05866.1	42.11	19	11	0	14	32	17	35	3.9	17.1
Seq10054_734_bp_1_1_2	ENA|AAA24145|AAA24145.1	38.46	13	8	0	17	29	279	291	5.7	17.1
Seq10054_734_bp_1_1_2	ENA|AAR31603|AAR31603.1	33.33	12	8	0	1	12	236	247	5.9	16.6
Seq10054_734_bp_1_1_2	ENA|AAF79734|AAF79734.1	27.27	11	8	0	14	24	9	19	6	18.7
Seq10054_734_bp_1_1_2	ENA|AAA25966|AAA25966.1	25.00	16	12	0	9	24	87	102	6.2	17.6
Seq10054_734_bp_1_1_2	ENA|AAC17860|AAC17860.1	25.00	20	15	0	11	30	59	78	7.2	16.6
Seq10054_734_bp_1_1_2	ENA|CAL82360|CAL82360.1	42.86	7	4	0	14	20	502	508	7.5	18.2
Seq10054_734_bp_1_1_2	ENA|CAA36714|CAA36714.1	54.55	11	5	0	2	12	109	119	8.2	16.6
Seq10054_734_bp_1_1_2	ENA|AAC26660|AAC26660.1	27.78	18	13	0	15	32	205	222	9.2	15.5
Seq10054_734_bp_1_1_3	ENA|AAB66912|AAB66912.1	33.33	27	18	0	1	27	665	691	0.79	21.4
Seq10054_734_bp_1_1_3	ENA|AAB03707|AAB03707.1	35.29	17	11	0	7	23	359	375	1.7	20.8
Seq10054_734_bp_1_1_3	ENA|AAR37016|AAR37016.1	47.06	17	9	0	18	34	1141	1157	2	21.4
Seq10054_734_bp_1_1_3	ENA|CAL82360|CAL82360.1	42.86	14	8	0	1	14	220	233	2.2	20.3
Seq10054_734_bp_1_1_3	ENA|CAA11507|CAA11507.1	36.36	22	14	0	8	29	258	279	3.4	19.8
Seq10054_734_bp_1_1_3	ENA|BAB79260|BAB79260.1	83.33	6	1	0	34	39	389	394	4.7	17.7
Seq10054_734_bp_1_1_3	ENA|CAA26023|CAA26023.1	62.50	8	3	0	9	16	101	108	5.7	17.2
Seq10054_734_bp_1_1_3	ENA|CAA26939|CAA26939.1	50.00	10	5	0	31	40	221	230	5.9	17.7
Seq10054_734_bp_1_1_3	ENA|ABD49687|ABD49687.1	40.91	22	13	0	15	36	1605	1626	6	19.3
Seq10054_734_bp_1_1_3	ENA|AAC97205|AAC97205.1	47.06	17	9	0	23	39	793	809	6.2	18.7
Seq10054_734_bp_1_1_3	ENA|AAC40132|AAC40132.1	36.84	20	12	1	15	34	414	432	7	17.2
Seq10054_734_bp_1_1_3	ENA|ABN10845|ABN10845.1	40.00	10	6	0	25	34	82	91	9.3	15.6
Seq10054_734_bp_1_2_0	ENA|CAA11507|CAA11507.1	54.55	11	5	0	3	13	1263	1273	0.31	21.7
Seq10054_734_bp_1_2_0	ENA|CAA26939|CAA26939.1	45.45	11	6	0	1	11	97	107	2.4	17.5
Seq10054_734_bp_1_2_0	ENA|AAC49865|AAC49865.1	50.00	8	4	0	5	12	72	79	4.7	15.7
Seq10054_734_bp_1_2_0	ENA|CAA43419|CAA43419.1	27.27	11	8	0	2	12	280	290	7.8	15.1
Seq10054_734_bp_1_2_0	ENA|CAA28033|CAA28033.1	54.55	11	5	0	1	11	452	462	7.9	16.9
Seq10054_734_bp_1_2_0	ENA|AAS77176|AAS77176.1	75.00	4	1	0	1	4	143	146	9.2	14.5
Seq10054_734_bp_1_2_0	ENA|AAC78721|AAC78721.1	66.67	6	2	0	8	13	672	677	9.3	15.7
Seq10054_734_bp_1_2_0	ENA|CAA36214|CAA36214.1	33.33	9	6	0	5	13	76	84	9.7	14.5
Seq10054_734_bp_1_2_0	ENA|AAA25966|AAA25966.1	33.33	9	6	0	2	10	170	178	9.9	15.7
Seq10054_734_bp_1_2_1	ENA|AAA18786|AAA18786.1	33.33	18	12	0	37	54	181	198	0.27	21.9
Seq10054_734_bp_1_2_1	ENA|AAB26998|AAB26998.1	57.14	7	3	0	35	41	47	53	0.33	19.8
Seq10054_734_bp_1_2_1	ENA|CAA24711|CAA24711.1	39.13	24	14	1	11	34	89	111	0.51	20.3
Seq10054_734_bp_1_2_1	ENA|CAA29956|CAA29956.1	50.00	12	6	0	49	60	367	378	0.77	20.8
Seq10054_734_bp_1_2_1	ENA|AAC97205|AAC97205.1	35.71	14	9	0	34	47	757	770	0.86	22.4
Seq10054_734_bp_1_2_1	ENA|CAA26023|CAA26023.1	71.43	7	2	0	42	48	122	128	2.3	19.2
Seq10054_734_bp_1_2_1	ENA|AAC78721|AAC78721.1	50.00	17	8	1	20	35	364	380	2.8	19.8
Seq10054_734_bp_1_2_1	ENA|CAB75732|CAB75732.1	40.00	15	9	0	50	64	117	131	4.7	19.8
Seq10054_734_bp_1_2_1	ENA|CAA36214|CAA36214.1	45.45	23	12	1	24	46	74	95	5.3	17.7
Seq10054_734_bp_1_2_1	ENA|AAB66912|AAB66912.1	60.00	10	4	0	46	55	911	920	5.4	19.2
Seq10054_734_bp_1_2_1	ENA|BAB79260|BAB79260.1	57.14	7	3	0	41	47	199	205	5.4	18.2
Seq10054_734_bp_1_2_1	ENA|BAB17681|BAB17681.1	50.00	6	3	0	34	39	22	27	6.7	17.2
Seq10054_734_bp_1_2_1	ENA|AAI27517|AAI27517.1	45.00	20	11	0	46	65	576	595	7	18.2
Seq10054_734_bp_1_2_1	ENA|BAA05866|BAA05866.1	32.00	25	17	0	6	30	162	186	7.5	17.2
Seq10054_734_bp_1_2_1	ENA|ABD49687|ABD49687.1	43.75	16	9	0	12	27	1037	1052	9.6	19.2
Seq10054_734_bp_1_2_2	ENA|CAB75732|CAB75732.1	54.55	11	5	0	2	12	529	539	0.15	22.7
Seq10054_734_bp_1_2_2	ENA|AAA42531|AAA42531.1	36.36	11	7	0	2	12	42	52	0.39	19.7
Seq10054_734_bp_1_2_2	ENA|ACT10338|ACT10338.1	30.77	13	9	0	2	14	74	86	0.65	19.0
Seq10054_734_bp_1_2_2	ENA|AAB03707|AAB03707.1	50.00	10	5	0	3	12	683	692	0.83	20.4
Seq10054_734_bp_1_2_2	ENA|BAA05866|BAA05866.1	62.50	8	3	0	6	13	224	231	0.86	18.2
Seq10054_734_bp_1_2_2	ENA|ABD49687|ABD49687.1	50.00	12	6	0	4	15	240	251	1	20.4
Seq10054_734_bp_1_2_2	ENA|CAA26023|CAA26023.1	42.86	7	4	0	8	14	357	363	1.8	17.5
Seq10054_734_bp_1_2_2	ENA|AAA72732|AAA72732.1	40.00	10	6	0	6	15	247	256	2.4	16.7
Seq10054_734_bp_1_2_2	ENA|BAA32956|BAA32956.1	23.08	13	10	0	2	14	48	60	2.7	16.0
Seq10054_734_bp_1_2_2	ENA|ABN10845|ABN10845.1	55.56	9	4	0	2	10	61	69	2.8	16.0
Seq10054_734_bp_1_2_2	ENA|AAC97205|AAC97205.1	44.44	9	5	0	7	15	612	620	3.4	18.2
Seq10054_734_bp_1_2_2	ENA|CAA28033|CAA28033.1	30.77	13	9	0	2	14	218	230	3.6	18.2
Seq10054_734_bp_1_2_2	ENA|CAA11507|CAA11507.1	40.00	10	6	0	6	15	1048	1057	3.7	18.2
Seq10054_734_bp_1_2_2	ENA|AAA24145|AAA24145.1	42.86	7	4	0	5	11	48	54	5.8	16.0
Seq10054_734_bp_1_2_2	ENA|AAC40132|AAC40132.1	28.57	7	5	0	2	8	465	471	6	16.0
Seq10054_734_bp_1_2_2	ENA|AAQ92751|AAQ92751.2	41.67	13	7	1	2	14	673	684	6.2	17.5
Seq10054_734_bp_1_2_2	ENA|AAB96524|AAB96524.1	28.57	7	5	0	1	7	114	120	6.5	14.5
Seq10054_734_bp_1_2_2	ENA|CCP43727|CCP43727.1	37.50	8	5	0	2	9	212	219	6.8	15.3
Seq10054_734_bp_1_2_2	ENA|CAA26939|CAA26939.1	50.00	6	3	0	8	13	194	199	7.1	16.0
Seq10054_734_bp_1_2_2	ENA|AAI27517|AAI27517.1	30.77	13	9	0	2	14	565	577	7.3	16.0
Seq10054_734_bp_1_2_2	ENA|ABK71357|ABK71357.1	57.14	7	3	0	7	13	66	72	7.7	15.3
Seq10054_734_bp_1_2_2	ENA|AAA18786|AAA18786.1	27.27	11	8	0	2	12	188	198	9	14.5
Seq10054_734_bp_1_2_2	ENA|AAA36539|AAA36539.1	10.00	10	9	0	1	10	155	164	9.6	15.3
Seq10054_734_bp_1_2_3	ENA|EDO47375|EDO47375.1	66.67	6	2	0	4	9	183	188	0.95	17.5
Seq10054_734_bp_1_2_3	ENA|CAA36214|CAA36214.1	60.00	11	4	1	6	16	154	163	2.3	17.0
Seq10054_734_bp_1_2_3	ENA|BAA32018|BAA32018.1	62.50	8	3	0	5	12	291	298	3.1	17.5
Seq10054_734_bp_1_2_3	ENA|CAA36714|CAA36714.1	33.33	15	10	0	2	16	87	101	3.5	17.0
Seq10054_734_bp_1_2_3	ENA|AAC17860|AAC17860.1	57.14	7	3	0	2	8	59	65	4.5	16.4
Seq10054_734_bp_1_2_3	ENA|BAB79260|BAB79260.1	66.67	6	2	0	4	9	208	213	5	16.4
Seq10054_734_bp_1_2_3	ENA|CAA45708|CAA45708.1	36.36	11	7	0	2	12	403	413	5	18.1
Seq10054_734_bp_1_2_3	ENA|BAA05866|BAA05866.1	60.00	5	2	0	6	10	17	21	5	15.8
Seq10054_734_bp_1_2_3	ENA|AAR31603|AAR31603.1	36.36	11	7	0	7	17	36	46	7.8	15.2
Seq10054_734_bp_1_2_3	ENA|AAA32624|AAA32624.1	42.86	7	4	0	8	14	338	344	8.3	15.8
Seq10054_734_bp_1_2_3	ENA|CAA26939|CAA26939.1	44.44	9	5	0	1	9	183	191	9	15.8
Seq10054_734_bp_1_2_3	ENA|CAA24711|CAA24711.1	75.00	4	1	0	14	17	152	155	9.1	14.0
Seq10054_734_bp_1_2_3	ENA|AAB03707|AAB03707.1	25.00	12	9	0	2	13	386	397	9.7	17.0
Seq10054_734_bp_1_2_3	ENA|AAQ92751|AAQ92751.2	50.00	8	4	0	2	9	1171	1178	9.7	17.0
Seq10054_734_bp_-1_0_0	ENA|ABK71357|ABK71357.1	46.15	13	7	0	23	35	133	145	0.11	23.0
Seq10054_734_bp_-1_0_0	ENA|ABG75784|ABG75784.1	40.00	15	9	0	4	18	123	137	0.34	21.0
Seq10054_734_bp_-1_0_0	ENA|AAS77176|AAS77176.1	44.44	18	10	0	6	23	163	180	1.2	19.1
Seq10054_734_bp_-1_0_0	ENA|AAC08817|AAC08817.1	54.55	11	5	0	26	36	76	86	1.7	17.7
Seq10054_734_bp_-1_0_0	ENA|ABD49687|ABD49687.1	53.33	16	7	1	16	31	21	35	4.9	19.6
Seq10054_734_bp_-1_0_0	ENA|BAA32991|BAA32991.1	33.33	6	4	0	32	37	27	32	5.4	14.8
Seq10054_734_bp_-1_0_0	ENA|BAA32956|BAA32956.1	26.92	27	19	1	11	36	163	189	8.3	15.8
Seq10054_734_bp_-1_0_0	ENA|CAA36714|CAA36714.1	50.00	8	4	0	31	38	433	440	9.4	16.7
Seq10054_734_bp_-1_0_0	ENA|AAC78721|AAC78721.1	26.32	19	14	0	5	23	294	312	9.7	17.2
Seq10054_734_bp_-1_0_0	ENA|AAC26660|AAC26660.1	35.71	15	9	1	17	31	173	186	9.9	15.8
Seq10054_734_bp_-1_0_1	ENA|AAB03707|AAB03707.1	40.00	10	6	0	1	10	182	191	0.38	21.5
Seq10054_734_bp_-1_0_1	ENA|BAA36759|BAA36759.1	50.00	12	6	0	2	13	277	288	1	17.8
Seq10054_734_bp_-1_0_1	ENA|AAQ92751|AAQ92751.2	42.86	7	4	0	5	11	1295	1301	1.4	19.6
Seq10054_734_bp_-1_0_1	ENA|AAA72732|AAA72732.1	75.00	4	1	0	2	5	296	299	1.7	17.2
Seq10054_734_bp_-1_0_1	ENA|CAA26023|CAA26023.1	55.56	9	4	0	3	11	129	137	2.1	17.2
Seq10054_734_bp_-1_0_1	ENA|AAR37016|AAR37016.1	50.00	10	5	0	5	14	1749	1758	2.3	19.6
Seq10054_734_bp_-1_0_1	ENA|BAA32991|BAA32991.1	100.00	4	0	0	1	4	37	40	3.1	14.1
Seq10054_734_bp_-1_0_1	ENA|BAA32018|BAA32018.1	57.14	7	3	0	1	7	149	155	3.3	17.2
Seq10054_734_bp_-1_0_1	ENA|EDO47375|EDO47375.1	44.44	9	5	0	6	14	48	56	3.6	15.3
Seq10054_734_bp_-1_0_1	ENA|CAA45199|CAA45199.1	30.77	13	9	0	1	13	434	446	3.8	16.6
Seq10054_734_bp_-1_0_1	ENA|CAA36214|CAA36214.1	50.00	6	3	0	9	14	134	139	5.7	15.3
Seq10054_734_bp_-1_0_1	ENA|BAA05866|BAA05866.1	42.86	7	4	0	7	13	93	99	5.7	15.3
Seq10054_734_bp_-1_0_1	ENA|CAD53387|CAD53387.1	36.36	11	7	0	2	12	49	59	6.1	15.9
Seq10054_734_bp_-1_0_1	ENA|CAA43419|CAA43419.1	37.50	8	5	0	5	12	55	62	6.8	15.3
Seq10054_734_bp_-1_0_1	ENA|ABD49687|ABD49687.1	37.50	8	5	0	4	11	396	403	8.7	17.2
Seq10054_734_bp_-1_0_1	ENA|AAA36114|AAA36114.1	57.14	7	3	0	8	14	433	439	9.2	15.3
Seq10054_734_bp_-1_0_1	ENA|ABN10845|ABN10845.1	66.67	3	1	0	3	5	52	54	9.2	14.1
Seq10054_734_bp_-1_0_2	ENA|AAB66912|AAB66912.1	33.33	9	6	0	1	9	324	332	1.7	18.7
Seq10054_734_bp_-1_0_2	ENA|BAA05866|BAA05866.1	44.44	9	5	0	2	10	204	212	2.1	16.8
Seq10054_734_bp_-1_0_2	ENA|ABN10845|ABN10845.1	27.27	11	8	0	2	12	1	11	2.2	16.2
Seq10054_734_bp_-1_0_2	ENA|CAA45708|CAA45708.1	55.56	9	4	0	4	12	1102	1110	2.8	18.7
Seq10054_734_bp_-1_0_2	ENA|CAA11507|CAA11507.1	41.67	12	7	0	3	14	643	654	5.8	17.5
Seq10054_734_bp_-1_0_2	ENA|ACT10338|ACT10338.1	50.00	10	5	0	4	13	103	112	6	15.6
Seq10054_734_bp_-1_0_2	ENA|AAS77176|AAS77176.1	40.00	10	6	0	1	10	47	56	6.8	15.0
Seq10054_734_bp_-1_0_2	ENA|BAB79260|BAB79260.1	50.00	10	5	0	1	10	4	13	6.9	15.6
Seq10054_734_bp_-1_0_2	ENA|CAA29968|CAA29968.1	45.45	11	6	0	4	14	158	168	7	14.4
Seq10054_734_bp_-1_0_2	ENA|CAA36714|CAA36714.1	36.36	11	7	0	1	11	32	42	7.1	15.6
Seq10054_734_bp_-1_0_2	ENA|CAA24711|CAA24711.1	57.14	7	3	0	8	14	90	96	9.3	13.7
Seq10054_734_bp_-1_0_3	ENA|AAC17860|AAC17860.1	50.00	10	5	0	3	12	131	140	1.2	17.9
Seq10054_734_bp_-1_0_3	ENA|BAA32991|BAA32991.1	41.67	12	7	0	1	12	44	55	1.3	15.3
Seq10054_734_bp_-1_0_3	ENA|CCP43727|CCP43727.1	55.56	9	4	0	5	13	165	173	2.4	16.6
Seq10054_734_bp_-1_0_3	ENA|AAA36114|AAA36114.1	83.33	6	1	0	5	10	247	252	3.7	16.6
Seq10054_734_bp_-1_0_3	ENA|AAB03707|AAB03707.1	71.43	7	2	0	5	11	1226	1232	4	17.9
Seq10054_734_bp_-1_0_3	ENA|CAA43419|CAA43419.1	55.56	9	4	0	2	10	247	255	4.1	16.0
Seq10054_734_bp_-1_0_3	ENA|CAB75732|CAB75732.1	60.00	10	4	0	3	12	25	34	5.2	17.3
Seq10054_734_bp_-1_0_3	ENA|ABK71357|ABK71357.1	33.33	9	6	0	3	11	257	265	9.9	14.6
Seq10054_734_bp_-1_0_3	ENA|AAI27517|AAI27517.1	36.36	11	7	0	3	13	450	460	9.9	15.3
Seq10054_734_bp_-1_0_4	ENA|CAA29968|CAA29968.1	71.43	7	2	0	9	15	183	189	1	17.5
Seq10054_734_bp_-1_0_4	ENA|CAA11507|CAA11507.1	66.67	9	3	0	3	11	1179	1187	3.3	18.6
Seq10054_734_bp_-1_0_4	ENA|AAB26998|AAB26998.1	25.00	8	6	0	9	16	67	74	5.6	13.7
Seq10054_734_bp_-1_0_4	ENA|CAA36214|CAA36214.1	35.71	14	9	0	2	15	241	254	6.9	15.3
Seq10054_734_bp_-1_0_4	ENA|AAA25966|AAA25966.1	55.56	9	4	0	9	17	68	76	7.6	16.4
Seq10054_734_bp_-1_0_4	ENA|ACH70901|ACH70901.1	37.50	8	5	0	6	13	211	218	8	15.3
Seq10054_734_bp_-1_0_4	ENA|AAC26660|AAC26660.1	60.00	5	2	0	8	12	134	138	8.3	14.8
Seq10054_734_bp_-1_0_4	ENA|CAL82360|CAL82360.1	80.00	5	1	0	12	16	1057	1061	9.1	17.0
Seq10054_734_bp_-1_0_4	ENA|AAA72732|AAA72732.1	83.33	6	1	0	1	6	144	149	10	14.8
Seq10054_734_bp_-1_1_0	ENA|ACH70901|ACH70901.1	75.00	4	1	0	5	8	148	151	1.3	17.9
Seq10054_734_bp_-1_1_0	ENA|AAF79734|AAF79734.1	40.00	10	6	0	7	16	58	67	1.6	19.7
Seq10054_734_bp_-1_1_0	ENA|AAC40132|AAC40132.1	55.56	9	4	0	1	9	405	413	1.7	17.9
Seq10054_734_bp_-1_1_0	ENA|AAA32624|AAA32624.1	75.00	4	1	0	4	7	302	305	2.8	17.4
Seq10054_734_bp_-1_1_0	ENA|AAB26998|AAB26998.1	60.00	5	2	0	5	9	75	79	6.4	13.4
Seq10054_734_bp_-1_1_0	ENA|AAR31603|AAR31603.1	44.44	9	5	0	8	16	160	168	8.1	15.1
Seq10054_734_bp_-1_1_0	ENA|CAA26939|CAA26939.1	50.00	8	4	0	3	10	16	23	9.3	15.7
Seq10054_734_bp_-1_1_1	ENA|BAA32956|BAA32956.1	44.44	9	5	0	17	25	128	136	0.97	18.6
Seq10054_734_bp_-1_1_1	ENA|AAI27517|AAI27517.1	30.77	13	9	0	12	24	580	592	1.9	19.2
Seq10054_734_bp_-1_1_1	ENA|ABD33854|ABD33854.1	50.00	6	3	0	28	33	2	7	2.8	15.4
Seq10054_734_bp_-1_1_1	ENA|CAA45199|CAA45199.1	66.67	6	2	0	20	25	79	84	3.1	18.1
Seq10054_734_bp_-1_1_1	ENA|AAR37016|AAR37016.1	50.00	14	7	0	12	25	2014	2027	3.4	20.3
Seq10054_734_bp_-1_1_1	ENA|BAA36759|BAA36759.1	55.56	9	4	0	5	13	51	59	4	17.0
Seq10054_734_bp_-1_1_1	ENA|CAA26023|CAA26023.1	75.00	4	1	0	17	20	128	131	5.3	17.0
Seq10054_734_bp_-1_1_1	ENA|CAA36714|CAA36714.1	40.00	10	6	0	4	13	222	231	6.4	17.0
Seq10054_734_bp_-1_1_1	ENA|AAC40132|AAC40132.1	100.00	4	0	0	2	5	71	74	6.5	17.0
Seq10054_734_bp_-1_1_1	ENA|AAA32624|AAA32624.1	33.33	18	12	0	2	19	481	498	7.1	17.0
Seq10054_734_bp_-1_1_1	ENA|BAB79260|BAB79260.1	62.50	8	3	0	10	17	298	305	8.8	16.4
Seq10054_734_bp_-1_1_1	ENA|BAA32991|BAA32991.1	40.00	5	3	0	24	28	58	62	8.9	13.7
Seq10054_734_bp_-1_1_1	ENA|ABG75784|ABG75784.1	31.25	16	11	0	3	18	247	262	8.9	15.9
Seq10054_734_bp_-1_1_1	ENA|AAA72732|AAA72732.1	50.00	15	6	3	6	20	288	299	8.9	15.9
Seq10054_734_bp_-1_1_1	ENA|AAF79734|AAF79734.1	28.57	22	15	1	13	33	237	258	9.1	18.1
Seq10054_734_bp_-1_1_2	ENA|ABD49687|ABD49687.1	60.00	10	4	0	3	12	787	796	0.27	22.2
Seq10054_734_bp_-1_1_2	ENA|AAA32624|AAA32624.1	33.33	12	8	0	2	13	110	121	1.8	17.7
Seq10054_734_bp_-1_1_2	ENA|AAC26660|AAC26660.1	80.00	5	1	0	2	6	81	85	2.1	16.4
Seq10054_734_bp_-1_1_2	ENA|AAB96524|AAB96524.1	50.00	6	3	0	1	6	171	176	3.6	15.2
Seq10054_734_bp_-1_1_2	ENA|CAA28033|CAA28033.1	50.00	10	5	0	2	11	453	462	4.3	17.7
Seq10054_734_bp_-1_1_2	ENA|CAA36214|CAA36214.1	37.50	8	5	0	2	9	158	165	5.8	15.2
Seq10054_734_bp_-1_1_2	ENA|CAB75732|CAB75732.1	44.44	9	5	0	2	10	509	517	5.9	17.1
Seq10054_734_bp_-1_1_2	ENA|AAA42531|AAA42531.1	57.14	7	3	0	4	10	237	243	7.3	15.2
Seq10054_734_bp_-1_1_2	ENA|BAA32991|BAA32991.1	60.00	5	2	0	1	5	64	68	7.6	12.6
Seq10054_734_bp_-1_1_2	ENA|CAA45708|CAA45708.1	100.00	5	0	0	5	9	886	890	7.6	17.1
Seq10054_734_bp_-1_1_2	ENA|AAA24145|AAA24145.1	33.33	9	6	0	4	12	46	54	8.6	15.2
Seq10054_734_bp_-1_1_2	ENA|AAA25966|AAA25966.1	66.67	6	2	0	8	13	470	475	8.7	15.8
Seq10054_734_bp_-1_1_2	ENA|AAA72732|AAA72732.1	66.67	6	2	0	3	8	134	139	9	14.5
Seq10054_734_bp_-1_1_3	ENA|ABD49687|ABD49687.1	66.67	6	2	0	1	6	91	96	0.39	21.7
Seq10054_734_bp_-1_1_3	ENA|AAR31603|AAR31603.1	36.36	11	7	0	3	13	17	27	0.49	18.9
Seq10054_734_bp_-1_1_3	ENA|AAQ92751|AAQ92751.2	57.14	7	3	0	6	12	1246	1252	0.5	21.0
Seq10054_734_bp_-1_1_3	ENA|ACT10338|ACT10338.1	37.50	8	5	0	6	13	119	126	0.57	18.9
Seq10054_734_bp_-1_1_3	ENA|AAA25966|AAA25966.1	66.67	6	2	0	1	6	318	323	0.67	19.6
Seq10054_734_bp_-1_1_3	ENA|CAA45199|CAA45199.1	80.00	5	1	0	5	9	410	414	0.7	18.9
Seq10054_734_bp_-1_1_3	ENA|CAA29956|CAA29956.1	100.00	3	0	0	4	6	375	377	1.4	17.6
Seq10054_734_bp_-1_1_3	ENA|BAA32991|BAA32991.1	44.44	9	5	0	5	13	31	39	1.7	14.8
Seq10054_734_bp_-1_1_3	ENA|AAC97205|AAC97205.1	50.00	8	4	0	1	8	14	21	1.8	18.9
Seq10054_734_bp_-1_1_3	ENA|AAI27517|AAI27517.1	75.00	4	1	0	5	8	539	542	2.2	17.6
Seq10054_734_bp_-1_1_3	ENA|BAB17681|BAB17681.1	50.00	8	4	0	4	11	188	195	2.6	16.2
Seq10054_734_bp_-1_1_3	ENA|CAA26939|CAA26939.1	50.00	6	3	0	3	8	243	248	3.4	16.9
Seq10054_734_bp_-1_1_3	ENA|AAR37016|AAR37016.1	33.33	9	6	0	2	10	838	846	3.4	18.9
Seq10054_734_bp_-1_1_3	ENA|CAA45708|CAA45708.1	83.33	6	1	0	8	13	1438	1443	3.5	18.3
Seq10054_734_bp_-1_1_3	ENA|AAC17860|AAC17860.1	33.33	6	4	0	1	6	94	99	3.9	16.2
Seq10054_734_bp_-1_1_3	ENA|ABK71357|ABK71357.1	37.50	8	5	0	2	9	40	47	5.6	15.5
Seq10054_734_bp_-1_1_3	ENA|AAC26660|AAC26660.1	60.00	5	2	0	1	5	54	58	6.1	14.8
Seq10054_734_bp_-1_1_3	ENA|BAA32956|BAA32956.1	66.67	3	1	0	6	8	91	93	7.9	14.2
Seq10054_734_bp_-1_1_3	ENA|AAC78721|AAC78721.1	40.00	5	3	0	6	10	243	247	9.7	15.5
Seq10054_734_bp_-1_1_4	ENA|CAL82360|CAL82360.1	27.78	18	13	0	2	19	1000	1017	0.2	22.8
Seq10054_734_bp_-1_1_4	ENA|AAA25966|AAA25966.1	36.36	11	7	0	10	20	131	141	1.1	19.5
Seq10054_734_bp_-1_1_4	ENA|CAA26939|CAA26939.1	30.00	10	7	0	8	17	522	531	1.2	19.0
Seq10054_734_bp_-1_1_4	ENA|CAA29956|CAA29956.1	46.15	13	7	0	4	16	115	127	2.5	17.4
Seq10054_734_bp_-1_1_4	ENA|ACH70901|ACH70901.1	30.00	10	7	0	6	15	234	243	3.5	16.8
Seq10054_734_bp_-1_1_4	ENA|CAA36214|CAA36214.1	42.86	14	8	0	3	16	161	174	4.2	16.3
Seq10054_734_bp_-1_1_4	ENA|CAA45199|CAA45199.1	50.00	12	6	0	8	19	58	69	4.5	16.8
Seq10054_734_bp_-1_1_4	ENA|BAA32956|BAA32956.1	57.14	7	3	0	3	9	35	41	6.1	15.2
Seq10054_734_bp_-1_1_4	ENA|AAA32624|AAA32624.1	50.00	6	3	0	11	16	472	477	7.1	16.3
Seq10054_734_bp_-1_1_4	ENA|ABK71357|ABK71357.1	100.00	3	0	0	14	16	174	176	7.3	15.7
Seq10054_734_bp_-1_1_4	ENA|AAA18786|AAA18786.1	50.00	4	2	0	16	19	187	190	7.6	15.2
Seq10054_734_bp_-1_1_4	ENA|AAB66912|AAB66912.1	44.44	9	5	0	7	15	299	307	8.5	16.8
Seq10054_734_bp_-1_1_4	ENA|AAC49865|AAC49865.1	40.00	5	3	0	13	17	171	175	9.2	15.2
Seq10054_734_bp_-1_2_0	ENA|AAC40132|AAC40132.1	50.00	12	6	0	2	13	262	273	0.26	20.6
Seq10054_734_bp_-1_2_0	ENA|ABN10845|ABN10845.1	42.86	14	8	0	2	15	204	217	1	17.5
Seq10054_734_bp_-1_2_0	ENA|CAA29968|CAA29968.1	41.67	12	7	0	4	15	13	24	3.9	15.3
Seq10054_734_bp_-1_2_0	ENA|AAA32624|AAA32624.1	80.00	5	1	0	3	7	282	286	5	16.4
Seq10054_734_bp_-1_2_0	ENA|ACT10338|ACT10338.1	57.14	7	3	0	6	12	61	67	7.5	15.3
Seq10054_734_bp_-1_2_0	ENA|AAA36539|AAA36539.1	30.77	13	9	0	1	13	181	193	9	15.3
Seq10054_734_bp_-1_2_1	ENA|AAA24145|AAA24145.1	42.86	14	8	0	4	17	417	430	0.77	21.1
Seq10054_734_bp_-1_2_1	ENA|AAA25966|AAA25966.1	45.45	11	6	0	29	39	182	192	1.2	21.1
Seq10054_734_bp_-1_2_1	ENA|AAB96524|AAB96524.1	46.15	13	7	0	50	62	136	148	2.7	18.0
Seq10054_734_bp_-1_2_1	ENA|AAR31603|AAR31603.1	57.14	16	6	2	39	52	40	55	3.3	18.5
Seq10054_734_bp_-1_2_1	ENA|CAA28033|CAA28033.1	41.18	19	10	2	18	36	26	42	4.3	20.1
Seq10054_734_bp_-1_2_1	ENA|CAA26023|CAA26023.1	50.00	8	4	0	34	41	332	339	5.3	18.0
Seq10054_734_bp_-1_2_1	ENA|AAI27517|AAI27517.1	30.00	10	7	0	19	28	157	166	5.7	18.5
Seq10054_734_bp_-1_2_1	ENA|CAA36714|CAA36714.1	35.00	20	13	0	31	50	320	339	6.5	18.0
Seq10054_734_bp_-1_2_1	ENA|ABK71357|ABK71357.1	60.00	5	2	0	13	17	139	143	7.3	17.5
Seq10054_734_bp_-1_2_1	ENA|CAA29956|CAA29956.1	60.00	10	4	0	41	50	1	10	7.4	17.5
Seq10054_734_bp_-1_2_1	ENA|CAA73529|CAA73529.1	33.33	12	8	0	55	66	202	213	7.7	16.9
Seq10054_734_bp_-1_2_1	ENA|AAC49865|AAC49865.1	45.45	11	6	0	45	55	54	64	9.1	16.9
Seq10054_734_bp_-1_2_1	ENA|AAC40132|AAC40132.1	55.56	9	4	0	2	10	312	320	9.2	17.5
Seq10054_734_bp_-1_2_2	ENA|ABK71357|ABK71357.1	55.56	9	4	0	3	11	344	352	0.38	19.4
Seq10054_734_bp_-1_2_2	ENA|AAS77176|AAS77176.1	37.50	8	5	0	3	10	19	26	1.1	17.5
Seq10054_734_bp_-1_2_2	ENA|ABD49687|ABD49687.1	55.56	9	4	0	2	10	1255	1263	1.1	20.0
Seq10054_734_bp_-1_2_2	ENA|ACT10338|ACT10338.1	50.00	8	4	0	3	10	96	103	1.4	17.5
Seq10054_734_bp_-1_2_2	ENA|BAA32956|BAA32956.1	100.00	4	0	0	1	4	185	188	1.9	16.2
Seq10054_734_bp_-1_2_2	ENA|CAA28033|CAA28033.1	75.00	9	2	1	4	11	1281	1289	2	18.8
Seq10054_734_bp_-1_2_2	ENA|BAA36759|BAA36759.1	80.00	5	1	0	2	6	52	56	2.5	16.2
Seq10054_734_bp_-1_2_2	ENA|AAB66912|AAB66912.1	60.00	5	2	0	8	12	604	608	3.4	17.5
Seq10054_734_bp_-1_2_2	ENA|CAA29956|CAA29956.1	44.44	9	5	0	1	9	157	165	5	15.6
Seq10054_734_bp_-1_2_2	ENA|CAA26023|CAA26023.1	80.00	5	1	0	3	7	73	77	5.1	15.6
Seq10054_734_bp_-1_2_2	ENA|CAA24711|CAA24711.1	33.33	6	4	0	2	7	144	149	5.5	14.3
Seq10054_734_bp_-1_2_2	ENA|AAA25966|AAA25966.1	66.67	6	2	0	1	6	443	448	6.1	16.2
Seq10054_734_bp_-1_2_2	ENA|CAD53387|CAD53387.1	50.00	8	4	0	3	10	47	54	6.6	15.6
Seq10054_734_bp_-1_2_2	ENA|AAB03707|AAB03707.1	66.67	6	2	0	1	6	857	862	7.5	16.9
Seq10054_734_bp_-1_2_2	ENA|AAI27517|AAI27517.1	75.00	4	1	0	9	12	415	418	7.7	15.6
Seq10054_734_bp_-1_2_2	ENA|AAF79734|AAF79734.1	44.44	9	5	0	2	10	1312	1320	7.8	16.9
Seq10054_734_bp_-1_2_2	ENA|BAB17681|BAB17681.1	10.00	10	9	0	2	11	178	187	8.4	14.3
Seq10054_734_bp_-1_2_2	ENA|CAA73529|CAA73529.1	22.22	9	7	0	3	11	201	209	8.4	14.3
