Seq6382_184_bp_1_0_0	ENA|AAF79734|AAF79734.1	100.00	61	0	0	1	61	1006	1066	2e-39	150.8
Seq6382_184_bp_1_0_0	ENA|CAA24711|CAA24711.1	34.62	28	17	2	33	60	85	110	0.27	21.1
Seq6382_184_bp_1_0_0	ENA|AAC78721|AAC78721.1	22.22	27	21	0	25	51	497	523	2	20.1
Seq6382_184_bp_1_0_0	ENA|AAB03707|AAB03707.1	19.05	21	17	0	25	45	977	997	3	20.6
Seq6382_184_bp_1_0_0	ENA|AAA25966|AAA25966.1	33.33	15	10	0	9	23	511	525	3	19.6
Seq6382_184_bp_1_0_0	ENA|CAA28033|CAA28033.1	41.18	17	10	0	6	22	112	128	3.9	20.1
Seq6382_184_bp_1_0_0	ENA|AAB26998|AAB26998.1	42.86	15	8	1	3	17	45	58	4.8	15.8
Seq6382_184_bp_1_0_0	ENA|ABG75784|ABG75784.1	62.50	8	3	0	2	9	42	49	4.9	17.7
Seq6382_184_bp_1_0_0	ENA|AAC97205|AAC97205.1	35.71	14	9	0	30	43	64	77	5.1	19.6
Seq6382_184_bp_1_0_0	ENA|BAA36759|BAA36759.1	46.67	15	8	0	12	26	166	180	6.3	17.2
Seq6382_184_bp_1_0_0	ENA|BAA05866|BAA05866.1	35.00	20	13	0	32	51	92	111	6.7	17.2
Seq6382_184_bp_1_0_0	ENA|AAA32624|AAA32624.1	34.78	24	15	1	13	35	488	511	8	17.7
Seq6382_184_bp_1_0_0	ENA|ACT10338|ACT10338.1	17.86	28	23	0	13	40	265	292	8.3	17.2
Seq6382_184_bp_1_0_0	ENA|ABN10845|ABN10845.1	36.36	11	7	0	49	59	166	176	9	16.2
Seq6382_184_bp_1_0_0	ENA|ABD49687|ABD49687.1	29.41	17	12	0	41	57	997	1013	9.5	19.1
Seq6382_184_bp_1_1_0	ENA|CAA45708|CAA45708.1	41.67	12	7	0	4	15	778	789	6.4	18.9
Seq6382_184_bp_1_1_0	ENA|AAB26998|AAB26998.1	29.63	27	19	0	6	32	21	47	6.7	14.5
Seq6382_184_bp_1_1_0	ENA|ABD49687|ABD49687.1	50.00	12	6	0	14	25	766	777	7.2	18.9
Seq6382_184_bp_1_1_0	ENA|CAA26023|CAA26023.1	60.00	5	2	0	25	29	161	165	8.5	16.4
Seq6382_184_bp_1_1_0	ENA|AAC08817|AAC08817.1	20.00	10	8	0	20	29	75	84	9.4	15.0
Seq6382_184_bp_1_1_1	ENA|AAF79734|AAF79734.1	62.50	8	3	0	7	14	750	757	0.6	21.2
Seq6382_184_bp_1_1_1	ENA|AAC97205|AAC97205.1	50.00	10	5	0	6	15	756	765	1.1	20.0
Seq6382_184_bp_1_1_1	ENA|AAB03707|AAB03707.1	44.44	9	5	0	5	13	1217	1225	1.3	20.0
Seq6382_184_bp_1_1_1	ENA|CAA73529|CAA73529.1	60.00	5	2	0	4	8	36	40	1.3	17.7
Seq6382_184_bp_1_1_1	ENA|CAB75732|CAB75732.1	57.14	7	3	0	6	12	608	614	1.6	19.4
Seq6382_184_bp_1_1_1	ENA|CAL82360|CAL82360.1	50.00	6	3	0	3	8	1063	1068	2.6	18.8
Seq6382_184_bp_1_1_1	ENA|CAA45199|CAA45199.1	71.43	7	2	0	7	13	193	199	3.2	17.1
Seq6382_184_bp_1_1_1	ENA|AAB26998|AAB26998.1	60.00	5	2	0	7	11	13	17	4	14.2
Seq6382_184_bp_1_1_1	ENA|BAB79260|BAB79260.1	37.50	8	5	0	1	8	435	442	4.6	16.5
Seq6382_184_bp_1_1_1	ENA|AAA72732|AAA72732.1	20.00	10	8	0	1	10	292	301	4.7	15.9
Seq6382_184_bp_1_1_1	ENA|CAA26023|CAA26023.1	33.33	9	6	0	7	15	137	145	5.8	15.9
Seq6382_184_bp_1_1_1	ENA|AAC17860|AAC17860.1	66.67	6	2	0	12	17	362	367	6.1	15.9
Seq6382_184_bp_1_1_1	ENA|AAA32624|AAA32624.1	45.45	11	6	0	1	11	191	201	7.7	15.9
Seq6382_184_bp_1_2_0	ENA|ABD33854|ABD33854.1	42.86	7	4	0	16	22	41	47	0.15	19.1
Seq6382_184_bp_1_2_0	ENA|CAA36714|CAA36714.1	45.45	11	6	0	5	15	151	161	0.75	19.7
Seq6382_184_bp_1_2_0	ENA|AAC40132|AAC40132.1	60.00	10	4	0	3	12	171	180	0.77	19.7
Seq6382_184_bp_1_2_0	ENA|CAA45199|CAA45199.1	33.33	15	10	0	9	23	436	450	1.1	19.1
Seq6382_184_bp_1_2_0	ENA|AAA25966|AAA25966.1	17.65	17	14	0	8	24	118	134	1.7	19.1
Seq6382_184_bp_1_2_0	ENA|CAA29968|CAA29968.1	40.00	10	6	0	6	15	122	131	3.1	16.3
Seq6382_184_bp_1_2_0	ENA|AAC78721|AAC78721.1	50.00	12	6	0	1	12	491	502	3.4	18.0
Seq6382_184_bp_1_2_0	ENA|ABD49687|ABD49687.1	37.50	8	5	0	16	23	262	269	4	19.1
Seq6382_184_bp_1_2_0	ENA|CAA24711|CAA24711.1	31.25	16	11	0	2	17	135	150	4.1	15.8
Seq6382_184_bp_1_2_0	ENA|AAA42531|AAA42531.1	30.77	13	9	0	5	17	63	75	4.2	16.9
Seq6382_184_bp_1_2_0	ENA|CAA73529|CAA73529.1	42.86	15	8	1	4	18	158	171	4.4	16.3
Seq6382_184_bp_1_2_0	ENA|BAA32956|BAA32956.1	40.00	15	9	0	3	17	59	73	4.9	15.8
Seq6382_184_bp_1_2_0	ENA|AAC26660|AAC26660.1	50.00	10	5	0	9	18	144	153	8.5	15.2
Seq6382_184_bp_1_2_1	ENA|AAB66912|AAB66912.1	45.45	11	6	0	12	22	577	587	0.43	22.0
Seq6382_184_bp_1_2_1	ENA|CAL82360|CAL82360.1	43.75	17	9	1	20	35	1266	1282	0.85	21.5
Seq6382_184_bp_1_2_1	ENA|AAA42531|AAA42531.1	24.00	25	19	0	3	27	2	26	2.3	18.4
Seq6382_184_bp_1_2_1	ENA|BAB17681|BAB17681.1	26.67	15	11	0	18	32	109	123	2.3	17.8
Seq6382_184_bp_1_2_1	ENA|AAC78721|AAC78721.1	66.67	9	3	0	2	10	402	410	3.9	18.4
Seq6382_184_bp_1_2_1	ENA|CAA45199|CAA45199.1	35.29	17	11	0	7	23	201	217	3.9	17.8
Seq6382_184_bp_1_2_1	ENA|BAA32991|BAA32991.1	60.00	5	2	0	26	30	24	28	4.9	14.7
Seq6382_184_bp_1_2_1	ENA|CAA26939|CAA26939.1	42.86	14	8	0	12	25	221	234	6.6	17.3
Seq6382_184_bp_1_2_1	ENA|ABG75784|ABG75784.1	66.67	6	2	0	18	23	245	250	7.4	16.3
Seq6382_184_bp_1_2_1	ENA|BAB79260|BAB79260.1	40.00	10	6	0	16	25	438	447	7.5	16.8
Seq6382_184_bp_1_2_1	ENA|AAA36539|AAA36539.1	45.45	12	6	1	20	30	11	22	7.8	16.8
Seq6382_184_bp_-1_0_0	ENA|AAB96524|AAB96524.1	44.44	9	5	0	1	9	123	131	1.4	16.2
Seq6382_184_bp_-1_0_0	ENA|AAA36539|AAA36539.1	44.44	9	5	0	1	9	112	120	3.5	16.2
Seq6382_184_bp_-1_0_0	ENA|BAB79260|BAB79260.1	42.86	7	4	0	1	7	445	451	5.3	15.5
Seq6382_184_bp_-1_0_0	ENA|CAD53387|CAD53387.1	66.67	6	2	0	1	6	53	58	5.8	15.5
Seq6382_184_bp_-1_0_0	ENA|CAA11507|CAA11507.1	66.67	6	2	0	5	10	459	464	6.1	16.9
Seq6382_184_bp_-1_0_0	ENA|BAA32018|BAA32018.1	66.67	6	2	0	2	7	438	443	7.2	15.5
Seq6382_184_bp_-1_0_0	ENA|ABD49687|ABD49687.1	80.00	5	1	0	6	10	1477	1481	7.6	16.9
Seq6382_184_bp_-1_0_0	ENA|AAC78721|AAC78721.1	50.00	6	3	0	4	9	330	335	7.7	15.5
Seq6382_184_bp_-1_0_0	ENA|CAA36214|CAA36214.1	50.00	6	3	0	5	10	28	33	8.9	14.2
Seq6382_184_bp_-1_0_1	ENA|CAA73529|CAA73529.1	56.25	16	7	0	10	25	259	274	3.6e-05	33.3
Seq6382_184_bp_-1_0_1	ENA|AAB66912|AAB66912.1	62.50	8	3	0	1	8	749	756	0.16	23.0
Seq6382_184_bp_-1_0_1	ENA|BAA32956|BAA32956.1	66.67	10	3	1	3	12	130	138	0.49	19.2
Seq6382_184_bp_-1_0_1	ENA|AAC97205|AAC97205.1	58.33	12	5	0	11	22	702	713	5.8	18.2
Seq6382_184_bp_-1_0_1	ENA|AAC40132|AAC40132.1	57.14	7	3	0	4	10	422	428	6.8	16.5
Seq6382_184_bp_-1_0_1	ENA|AAA25966|AAA25966.1	100.00	4	0	0	2	5	244	247	7.1	17.1
Seq6382_184_bp_-1_0_1	ENA|AAR37016|AAR37016.1	34.78	23	15	0	1	23	2018	2040	7.5	18.7
Seq6382_184_bp_-1_0_1	ENA|AAC26660|AAC26660.1	50.00	6	3	0	2	7	215	220	7.7	15.4
Seq6382_184_bp_-1_0_1	ENA|ACT10338|ACT10338.1	80.00	5	1	0	6	10	128	132	8	16.0
Seq6382_184_bp_-1_0_1	ENA|BAA05866|BAA05866.1	100.00	4	0	0	1	4	229	232	9.1	15.4
Seq6382_184_bp_-1_0_2	ENA|AAR37016|AAR37016.1	26.09	23	17	0	2	24	119	141	2	20.6
Seq6382_184_bp_-1_0_2	ENA|CAA26939|CAA26939.1	44.44	9	5	0	10	18	245	253	3.5	17.7
Seq6382_184_bp_-1_0_2	ENA|ABK71357|ABK71357.1	27.27	11	8	0	10	20	351	361	6	16.3
Seq6382_184_bp_-1_1_0	ENA|BAA36759|BAA36759.1	55.56	9	4	0	4	12	184	192	2.3	16.9
Seq6382_184_bp_-1_1_0	ENA|ABG75784|ABG75784.1	62.50	8	3	0	5	12	185	192	2.5	16.9
Seq6382_184_bp_-1_1_0	ENA|AAA25966|AAA25966.1	75.00	8	2	0	7	14	490	497	2.5	18.1
Seq6382_184_bp_-1_1_0	ENA|AAA18786|AAA18786.1	36.36	11	7	0	3	13	92	102	3.2	16.3
Seq6382_184_bp_-1_1_0	ENA|AAB96524|AAB96524.1	25.00	12	9	0	2	13	121	132	3.4	15.7
Seq6382_184_bp_-1_1_0	ENA|AAF79734|AAF79734.1	33.33	15	10	0	2	16	91	105	5	18.1
Seq6382_184_bp_-1_1_0	ENA|AAC08817|AAC08817.1	50.00	6	3	0	4	9	109	114	6.4	14.5
Seq6382_184_bp_-1_1_0	ENA|CAA43419|CAA43419.1	44.44	9	5	0	9	17	164	172	6.5	15.7
Seq6382_184_bp_-1_1_0	ENA|AAB66912|AAB66912.1	15.38	13	11	0	2	14	485	497	7.2	16.9
Seq6382_184_bp_-1_1_0	ENA|AAR37016|AAR37016.1	50.00	10	5	0	8	17	987	996	7.8	18.1
Seq6382_184_bp_-1_1_0	ENA|AAA36114|AAA36114.1	30.77	13	9	0	3	15	421	433	8.8	15.7
Seq6382_184_bp_-1_1_0	ENA|AAC97205|AAC97205.1	50.00	8	4	0	2	9	31	38	9.3	16.9
Seq6382_184_bp_-1_1_0	ENA|ACH70901|ACH70901.1	55.56	9	4	0	9	17	241	249	9.4	15.1
Seq6382_184_bp_-1_1_1	ENA|CAA43419|CAA43419.1	31.82	23	15	1	15	37	70	91	2.8	18.3
Seq6382_184_bp_-1_1_1	ENA|BAA36759|BAA36759.1	26.32	20	14	1	21	40	157	175	4.3	17.3
Seq6382_184_bp_-1_1_1	ENA|BAA32956|BAA32956.1	66.67	6	2	0	10	15	5	10	6.1	16.3
Seq6382_184_bp_-1_1_1	ENA|ABN10845|ABN10845.1	50.00	14	7	0	23	36	28	41	8.7	15.8
Seq6382_184_bp_-1_1_1	ENA|BAB79260|BAB79260.1	20.83	24	19	0	14	37	92	115	9.1	16.8
Seq6382_184_bp_-1_1_1	ENA|CAA45199|CAA45199.1	36.36	11	7	0	32	42	19	29	9.4	16.8
Seq6382_184_bp_-1_2_0	ENA|CAA36714|CAA36714.1	44.00	27	14	2	6	30	325	351	0.32	21.8
Seq6382_184_bp_-1_2_0	ENA|BAB79260|BAB79260.1	17.24	29	24	0	3	31	307	335	0.68	20.7
Seq6382_184_bp_-1_2_0	ENA|AAA24145|AAA24145.1	30.43	23	16	0	21	43	48	70	1.5	19.6
Seq6382_184_bp_-1_2_0	ENA|ABN10845|ABN10845.1	20.83	24	19	0	6	29	172	195	1.6	18.4
Seq6382_184_bp_-1_2_0	ENA|CAA26023|CAA26023.1	37.50	27	15	3	8	31	88	114	1.8	19.0
Seq6382_184_bp_-1_2_0	ENA|ABD33854|ABD33854.1	29.41	17	12	0	26	42	7	23	2.2	16.2
Seq6382_184_bp_-1_2_0	ENA|CAA36214|CAA36214.1	31.58	19	13	0	15	33	113	131	2.2	18.4
Seq6382_184_bp_-1_2_0	ENA|AAC17860|AAC17860.1	23.81	21	16	0	9	29	173	193	2.9	18.4
Seq6382_184_bp_-1_2_0	ENA|AAR37016|AAR37016.1	35.29	17	11	0	25	41	1988	2004	3.5	20.7
Seq6382_184_bp_-1_2_0	ENA|CAA43419|CAA43419.1	30.43	23	16	0	7	29	152	174	3.8	17.9
Seq6382_184_bp_-1_2_0	ENA|AAC78721|AAC78721.1	33.33	18	12	0	11	28	225	242	4.7	18.4
Seq6382_184_bp_-1_2_0	ENA|ABK71357|ABK71357.1	30.00	10	7	0	21	30	264	273	5.6	17.3
Seq6382_184_bp_-1_2_0	ENA|AAC97205|AAC97205.1	45.45	11	6	0	35	45	1042	1052	5.7	19.0
Seq6382_184_bp_-1_2_0	ENA|AAC49865|AAC49865.1	24.14	29	22	0	12	40	194	222	7.2	16.7
Seq6382_184_bp_-1_2_0	ENA|AAA25966|AAA25966.1	55.56	9	4	0	5	13	391	399	7.3	17.9
Seq6382_184_bp_-1_2_0	ENA|AAC08817|AAC08817.1	22.73	22	17	0	1	22	53	74	7.5	15.6
Seq6382_184_bp_-1_2_0	ENA|AAI27517|AAI27517.1	55.56	9	4	0	22	30	171	179	8.7	17.3
Seq6382_184_bp_-1_2_0	ENA|CAA28033|CAA28033.1	25.71	36	26	1	4	39	883	917	8.7	18.4
Seq6382_184_bp_-1_2_0	ENA|BAA32956|BAA32956.1	31.25	16	11	0	24	39	40	55	9.9	15.6
Seq6382_184_bp_-1_2_1	ENA|AAA24145|AAA24145.1	45.45	11	6	0	3	13	144	154	0.76	18.9
Seq6382_184_bp_-1_2_1	ENA|AAA24145|AAA24145.1	83.33	6	1	0	8	13	246	251	0.76	18.9
Seq6382_184_bp_-1_2_1	ENA|AAC26660|AAC26660.1	30.77	13	9	0	1	13	226	238	0.98	17.7
Seq6382_184_bp_-1_2_1	ENA|BAB79260|BAB79260.1	50.00	8	4	0	3	10	158	165	1.1	18.3
Seq6382_184_bp_-1_2_1	ENA|CAA36214|CAA36214.1	44.44	9	5	0	6	14	95	103	1.2	17.7
Seq6382_184_bp_-1_2_1	ENA|AAC97205|AAC97205.1	40.00	10	6	0	1	10	846	855	1.3	19.5
Seq6382_184_bp_-1_2_1	ENA|BAA36759|BAA36759.1	50.00	6	3	0	6	11	143	148	2.5	16.5
Seq6382_184_bp_-1_2_1	ENA|CAL82360|CAL82360.1	50.00	8	4	0	5	12	663	670	3.2	18.3
Seq6382_184_bp_-1_2_1	ENA|ABG75784|ABG75784.1	50.00	6	3	0	7	12	50	55	4.1	15.9
Seq6382_184_bp_-1_2_1	ENA|AAA36114|AAA36114.1	41.67	12	7	0	1	12	36	47	4.4	16.5
Seq6382_184_bp_-1_2_1	ENA|CAA24711|CAA24711.1	60.00	5	2	0	6	10	120	124	5.2	14.6
Seq6382_184_bp_-1_2_1	ENA|AAB66912|AAB66912.1	50.00	6	3	0	2	7	623	628	5.2	17.1
Seq6382_184_bp_-1_2_1	ENA|AAC40132|AAC40132.1	50.00	8	4	0	5	12	104	111	6.1	15.9
Seq6382_184_bp_-1_2_1	ENA|CAA28033|CAA28033.1	37.50	8	5	0	5	12	672	679	7.2	17.1
Seq6382_184_bp_-1_2_1	ENA|CAA11507|CAA11507.1	62.50	8	3	0	7	14	1196	1203	7.5	17.1
Seq6382_184_bp_-1_2_1	ENA|AAI27517|AAI27517.1	12.50	8	7	0	5	12	265	272	7.5	15.9
Seq6382_184_bp_-1_2_1	ENA|AAA25966|AAA25966.1	100.00	4	0	0	6	9	455	458	9	15.9
Seq6382_184_bp_-1_2_1	ENA|ABD33854|ABD33854.1	66.67	3	1	0	5	7	5	7	9.8	12.2
