Seq7829_264_bp_1_0_0	ENA|AAF79734|AAF79734.1	100.00	88	0	0	1	88	156	243	8.7e-57	209.0
Seq7829_264_bp_1_0_0	ENA|AAF79734|AAF79734.1	61.90	24	8	3	8	29	129	151	0.81	23.1
Seq7829_264_bp_1_0_0	ENA|ABK71357|ABK71357.1	57.14	14	6	0	29	42	67	80	0.79	21.2
Seq7829_264_bp_1_0_0	ENA|CAA73529|CAA73529.1	72.73	11	3	0	17	27	60	70	0.82	20.7
Seq7829_264_bp_1_0_0	ENA|AAA36114|AAA36114.1	40.00	63	27	18	37	85	141	199	1.8	20.4
Seq7829_264_bp_1_0_0	ENA|AAC26660|AAC26660.1	54.55	11	5	0	55	65	115	125	2.9	18.7
Seq7829_264_bp_1_0_0	ENA|AAR37016|AAR37016.1	55.00	21	9	1	28	48	36	55	4.1	21.4
Seq7829_264_bp_1_0_0	ENA|BAA36759|BAA36759.1	45.45	40	18	7	16	55	30	62	5.2	18.0
Seq7829_264_bp_1_0_0	ENA|AAB96524|AAB96524.1	64.29	16	5	2	72	87	12	25	6.5	17.0
Seq7829_264_bp_1_0_0	ENA|AAA18786|AAA18786.1	47.62	23	11	2	21	41	58	80	6.7	17.5
Seq7829_264_bp_1_0_0	ENA|AAQ92751|AAQ92751.2	41.18	20	10	3	47	63	697	716	8.9	19.5
Seq7829_264_bp_1_0_0	ENA|CAL82360|CAL82360.1	44.44	61	25	16	8	58	1183	1237	9.7	19.2
Seq7829_264_bp_1_1_0	ENA|CAA11507|CAA11507.1	100.00	9	0	1	35	42	59	67	0.051	26.0
Seq7829_264_bp_1_1_0	ENA|AAB26998|AAB26998.1	75.00	9	2	1	14	21	7	15	0.32	19.2
Seq7829_264_bp_1_1_0	ENA|BAA36759|BAA36759.1	46.67	16	8	1	23	37	184	199	0.71	20.0
Seq7829_264_bp_1_1_0	ENA|AAA32624|AAA32624.1	58.33	14	5	2	20	31	119	132	0.79	20.7
Seq7829_264_bp_1_1_0	ENA|CAA36714|CAA36714.1	71.43	7	2	0	25	31	143	149	0.9	20.3
Seq7829_264_bp_1_1_0	ENA|ABK71357|ABK71357.1	80.00	5	1	0	20	24	141	145	1.2	19.6
Seq7829_264_bp_1_1_0	ENA|BAB79260|BAB79260.1	47.06	25	9	8	13	37	163	179	1.4	19.6
Seq7829_264_bp_1_1_0	ENA|AAA25966|AAA25966.1	72.73	14	3	3	16	26	435	448	2.3	19.6
Seq7829_264_bp_1_1_0	ENA|CAA26023|CAA26023.1	50.00	37	13	11	14	43	117	149	2.5	18.5
Seq7829_264_bp_1_1_0	ENA|CAA43419|CAA43419.1	77.78	11	2	2	6	15	114	123	3.1	18.2
Seq7829_264_bp_1_1_0	ENA|BAA32018|BAA32018.1	62.50	8	3	0	23	30	425	432	3.2	18.9
Seq7829_264_bp_1_1_0	ENA|AAF79734|AAF79734.1	62.50	8	3	0	9	16	678	685	4.4	19.6
Seq7829_264_bp_1_1_0	ENA|AAA18786|AAA18786.1	50.00	10	5	0	26	35	82	91	4.6	17.1
Seq7829_264_bp_1_1_0	ENA|AAB66912|AAB66912.1	58.33	14	5	2	10	23	235	246	5.9	18.5
Seq7829_264_bp_1_1_0	ENA|ACH70901|ACH70901.1	71.43	7	2	0	21	27	256	262	6.1	17.1
Seq7829_264_bp_1_1_0	ENA|CAA29956|CAA29956.1	75.00	4	1	0	31	34	290	293	6.4	17.1
Seq7829_264_bp_1_1_0	ENA|AAR31603|AAR31603.1	66.67	6	2	0	1	6	74	79	7.1	16.7
Seq7829_264_bp_1_1_0	ENA|AAQ92751|AAQ92751.2	71.43	8	2	1	20	26	783	790	8.5	18.5
Seq7829_264_bp_1_1_0	ENA|ABN10845|ABN10845.1	40.00	10	6	0	34	43	43	52	9.6	15.7
Seq7829_264_bp_1_1_0	ENA|AAA24145|AAA24145.1	80.00	5	1	0	39	43	370	374	9.7	16.7
Seq7829_264_bp_1_1_0	ENA|CAA45199|CAA45199.1	54.55	11	5	0	7	17	67	77	9.9	16.7
Seq7829_264_bp_1_1_1	ENA|ABD33854|ABD33854.1	77.78	18	2	9	5	13	32	49	2.5	15.1
Seq7829_264_bp_1_1_1	ENA|CAA26023|CAA26023.1	62.50	8	3	0	16	23	33	40	5.2	16.6
Seq7829_264_bp_1_1_1	ENA|AAC49865|AAC49865.1	53.33	22	7	7	10	24	28	49	5.5	16.3
Seq7829_264_bp_1_1_1	ENA|EDO47375|EDO47375.1	100.00	4	0	0	5	8	3	6	8.7	14.8
Seq7829_264_bp_1_2_0	ENA|AAB26998|AAB26998.1	83.33	8	1	2	5	10	14	21	0.37	17.5
Seq7829_264_bp_1_2_0	ENA|ABG75784|ABG75784.1	54.55	12	5	1	1	11	193	204	1.5	17.5
Seq7829_264_bp_1_2_0	ENA|CAA29968|CAA29968.1	100.00	4	0	0	12	15	168	171	2	16.4
Seq7829_264_bp_1_2_0	ENA|CAA24711|CAA24711.1	66.67	6	2	0	8	13	44	49	2.2	16.0
Seq7829_264_bp_1_2_0	ENA|ACT10338|ACT10338.1	58.33	15	5	3	4	15	226	240	2.3	17.1
Seq7829_264_bp_1_2_0	ENA|AAB96524|AAB96524.1	50.00	6	3	0	8	13	15	20	2.4	16.0
Seq7829_264_bp_1_2_0	ENA|CAA73529|CAA73529.1	100.00	4	0	0	12	15	11	14	2.7	16.4
Seq7829_264_bp_1_2_0	ENA|ABD33854|ABD33854.1	66.67	6	2	0	2	7	41	46	2.9	14.2
Seq7829_264_bp_1_2_0	ENA|AAQ92751|AAQ92751.2	54.55	14	5	3	3	13	1293	1306	3	18.6
Seq7829_264_bp_1_2_0	ENA|AAA32624|AAA32624.1	75.00	11	2	3	5	15	477	484	3.1	17.1
Seq7829_264_bp_1_2_0	ENA|AAA24145|AAA24145.1	66.67	6	2	0	8	13	167	172	3.6	16.7
Seq7829_264_bp_1_2_0	ENA|CAL82360|CAL82360.1	50.00	15	6	3	1	15	40	51	3.6	18.2
Seq7829_264_bp_1_2_0	ENA|CAA45199|CAA45199.1	55.56	9	4	0	7	15	248	256	3.6	16.7
Seq7829_264_bp_1_2_0	ENA|AAI27517|AAI27517.1	75.00	4	1	0	5	8	512	515	4.5	16.7
Seq7829_264_bp_1_2_0	ENA|AAA42531|AAA42531.1	80.00	5	1	0	10	14	319	323	6.2	15.6
Seq7829_264_bp_1_2_0	ENA|AAA25966|AAA25966.1	85.71	12	1	5	4	15	346	352	7	16.4
Seq7829_264_bp_1_2_0	ENA|BAA32956|BAA32956.1	66.67	3	1	0	3	5	26	28	7.2	14.5
Seq7829_264_bp_1_2_0	ENA|CAA29956|CAA29956.1	62.50	12	3	4	2	13	126	133	7.7	15.3
Seq7829_264_bp_1_2_0	ENA|CAA43419|CAA43419.1	57.14	7	3	0	9	15	1	7	9.5	14.9
Seq7829_264_bp_1_2_1	ENA|BAA32991|BAA32991.1	71.43	7	2	0	15	21	42	48	0.27	18.5
Seq7829_264_bp_1_2_1	ENA|AAB26998|AAB26998.1	42.86	17	8	3	1	17	47	60	0.4	18.1
Seq7829_264_bp_1_2_1	ENA|ABD33854|ABD33854.1	66.67	6	2	0	16	21	42	47	0.41	17.8
Seq7829_264_bp_1_2_1	ENA|BAA32018|BAA32018.1	53.85	16	6	3	12	25	162	176	1.9	18.8
Seq7829_264_bp_1_2_1	ENA|BAA32956|BAA32956.1	57.14	19	6	5	2	18	139	154	2.2	17.1
Seq7829_264_bp_1_2_1	ENA|ABG75784|ABG75784.1	80.00	5	1	0	13	17	310	314	2.5	17.4
Seq7829_264_bp_1_2_1	ENA|ABD49687|ABD49687.1	75.00	11	2	3	6	16	1496	1503	2.6	19.8
Seq7829_264_bp_1_2_1	ENA|AAA36539|AAA36539.1	75.00	11	2	3	6	16	116	123	3	17.8
Seq7829_264_bp_1_2_1	ENA|AAC26660|AAC26660.1	66.67	10	2	4	1	10	217	222	6.7	15.7
Seq7829_264_bp_1_2_1	ENA|AAC78721|AAC78721.1	62.50	9	3	1	9	16	106	114	6.7	17.1
Seq7829_264_bp_1_2_1	ENA|AAA24145|AAA24145.1	71.43	10	2	3	1	7	55	64	7.4	16.4
Seq7829_264_bp_1_2_1	ENA|CAL82360|CAL82360.1	70.00	13	3	3	8	20	1054	1063	7.8	17.8
Seq7829_264_bp_1_2_1	ENA|CAA36214|CAA36214.1	50.00	10	5	0	14	23	92	101	7.8	15.7
Seq7829_264_bp_1_2_1	ENA|CAA29968|CAA29968.1	100.00	3	0	0	18	20	58	60	8.1	15.0
Seq7829_264_bp_1_2_1	ENA|AAQ92751|AAQ92751.2	53.85	16	6	3	7	19	1320	1335	8.3	17.8
Seq7829_264_bp_1_2_1	ENA|AAR37016|AAR37016.1	80.00	5	1	0	17	21	276	280	8.7	18.5
Seq7829_264_bp_1_2_1	ENA|AAS77176|AAS77176.1	80.00	5	1	0	16	20	154	158	9.3	15.3
Seq7829_264_bp_-1_0_0	ENA|CAL82360|CAL82360.1	56.25	17	7	1	4	20	1263	1278	1.1	21.1
Seq7829_264_bp_-1_0_0	ENA|AAC78721|AAC78721.1	66.67	14	4	2	17	30	69	80	4.7	18.0
Seq7829_264_bp_-1_0_0	ENA|CAA73529|CAA73529.1	70.00	14	3	4	1	12	201	212	8.6	15.8
Seq7829_264_bp_-1_0_0	ENA|AAB26998|AAB26998.1	44.44	9	5	0	2	10	38	46	9.5	13.8
Seq7829_264_bp_-1_0_1	ENA|AAA42531|AAA42531.1	61.90	25	8	4	21	41	265	289	0.18	22.3
Seq7829_264_bp_-1_0_1	ENA|EDO47375|EDO47375.1	42.11	21	11	2	11	31	122	140	2.1	17.8
Seq7829_264_bp_-1_0_1	ENA|AAA32624|AAA32624.1	45.45	11	6	0	5	15	48	58	5.5	17.8
Seq7829_264_bp_-1_0_1	ENA|AAC97205|AAC97205.1	57.14	17	6	3	28	43	759	773	7.1	18.7
Seq7829_264_bp_-1_0_1	ENA|AAA36114|AAA36114.1	31.82	24	15	2	5	28	291	312	9.3	16.9
Seq7829_264_bp_-1_0_1	ENA|CAB75732|CAB75732.1	83.33	6	1	0	27	32	207	212	9.7	18.1
Seq7829_264_bp_-1_1_0	ENA|AAA24145|AAA24145.1	54.84	39	14	8	12	49	393	424	0.27	23.0
Seq7829_264_bp_-1_1_0	ENA|CAA11507|CAA11507.1	55.00	24	9	4	40	60	748	770	1.4	22.2
Seq7829_264_bp_-1_1_0	ENA|AAA42531|AAA42531.1	41.46	53	24	12	37	87	221	263	2.3	19.7
Seq7829_264_bp_-1_1_0	ENA|AAR37016|AAR37016.1	52.17	63	22	17	25	87	1801	1846	2.9	21.9
Seq7829_264_bp_-1_1_0	ENA|BAA05866|BAA05866.1	48.28	38	15	9	42	74	160	193	3.1	18.9
Seq7829_264_bp_-1_1_0	ENA|CAA26939|CAA26939.1	54.55	27	10	5	43	66	167	191	3.3	19.7
Seq7829_264_bp_-1_1_0	ENA|AAB03707|AAB03707.1	56.25	17	7	1	39	55	1222	1237	3.7	20.8
Seq7829_264_bp_-1_1_0	ENA|AAQ92751|AAQ92751.2	51.52	42	16	9	14	49	730	768	4.4	20.5
Seq7829_264_bp_-1_1_0	ENA|CAA73529|CAA73529.1	56.25	19	7	3	70	85	231	249	4.9	18.0
Seq7829_264_bp_-1_1_0	ENA|AAA36114|AAA36114.1	54.55	11	5	0	77	87	110	120	5.1	18.9
Seq7829_264_bp_-1_1_0	ENA|ABD33854|ABD33854.1	53.85	13	6	0	34	46	20	32	5.2	15.8
Seq7829_264_bp_-1_1_0	ENA|AAC49865|AAC49865.1	46.43	33	15	5	55	83	39	70	7	17.8
Seq7829_264_bp_-1_1_0	ENA|AAS77176|AAS77176.1	52.94	20	8	3	1	19	149	166	8.8	17.2
Seq7829_264_bp_-1_1_0	ENA|AAC26660|AAC26660.1	39.13	24	14	1	43	65	49	72	9.4	16.9
Seq7829_264_bp_-1_1_0	ENA|AAF79734|AAF79734.1	58.33	12	5	0	65	76	228	239	9.5	19.4
Seq7829_264_bp_-1_1_0	ENA|ACT10338|ACT10338.1	62.50	8	3	0	31	38	126	133	9.7	17.5
Seq7829_264_bp_-1_1_0	ENA|AAA36539|AAA36539.1	48.39	45	16	14	27	60	341	382	9.8	17.8
Seq7829_264_bp_-1_2_0	ENA|AAF79734|AAF79734.1	52.38	25	10	4	12	36	334	354	2.2	20.6
Seq7829_264_bp_-1_2_0	ENA|CAA24711|CAA24711.1	85.71	7	1	0	10	16	70	76	5	16.3
Seq7829_264_bp_-1_2_0	ENA|AAI27517|AAI27517.1	64.29	18	5	4	11	28	353	366	6.3	17.7
Seq7829_264_bp_-1_2_0	ENA|AAC40132|AAC40132.1	43.48	26	13	3	1	23	72	97	7	17.3
Seq7829_264_bp_-1_2_1	ENA|ACT10338|ACT10338.1	55.56	9	4	0	4	12	77	85	0.089	21.5
Seq7829_264_bp_-1_2_1	ENA|AAC40132|AAC40132.1	62.50	8	3	0	1	8	107	114	0.34	19.9
Seq7829_264_bp_-1_2_1	ENA|AAF79734|AAF79734.1	63.64	12	4	1	1	12	1211	1221	2.1	18.9
Seq7829_264_bp_-1_2_1	ENA|ABD33854|ABD33854.1	44.44	9	5	0	3	11	24	32	2.8	13.9
Seq7829_264_bp_-1_2_1	ENA|AAA24145|AAA24145.1	66.67	6	2	0	3	8	131	136	4	16.2
Seq7829_264_bp_-1_2_1	ENA|BAB17681|BAB17681.1	50.00	15	6	3	1	12	154	168	4.8	15.2
Seq7829_264_bp_-1_2_1	ENA|ABD49687|ABD49687.1	80.00	5	1	0	8	12	869	873	5.9	17.5
Seq7829_264_bp_-1_2_1	ENA|CAA24711|CAA24711.1	66.67	6	2	0	4	9	49	54	5.9	14.2
Seq7829_264_bp_-1_2_1	ENA|AAB03707|AAB03707.1	55.56	9	4	0	4	12	1201	1209	6	17.2
Seq7829_264_bp_-1_2_1	ENA|AAA36539|AAA36539.1	62.50	8	3	0	5	12	203	210	6.5	15.5
Seq7829_264_bp_-1_2_2	ENA|AAB96524|AAB96524.1	75.00	8	2	0	1	8	8	15	0.042	21.5
Seq7829_264_bp_-1_2_2	ENA|AAB03707|AAB03707.1	75.00	8	2	0	4	11	353	360	0.32	21.5
Seq7829_264_bp_-1_2_2	ENA|AAA36539|AAA36539.1	100.00	4	0	0	8	11	68	71	0.34	19.9
Seq7829_264_bp_-1_2_2	ENA|CAA11507|CAA11507.1	71.43	7	2	0	4	10	467	473	0.95	19.9
Seq7829_264_bp_-1_2_2	ENA|AAC49865|AAC49865.1	66.67	6	2	0	1	6	190	195	1.2	17.5
Seq7829_264_bp_-1_2_2	ENA|AAA36114|AAA36114.1	100.00	4	0	0	1	4	276	279	1.5	17.9
Seq7829_264_bp_-1_2_2	ENA|ACT10338|ACT10338.1	80.00	5	1	0	3	7	338	342	1.5	17.5
Seq7829_264_bp_-1_2_2	ENA|CAA36714|CAA36714.1	55.56	9	4	0	2	10	225	233	1.8	17.5
Seq7829_264_bp_-1_2_2	ENA|AAC08817|AAC08817.1	100.00	3	0	0	8	10	111	113	2.4	15.4
Seq7829_264_bp_-1_2_2	ENA|AAC17860|AAC17860.1	50.00	11	5	1	1	10	272	282	2.7	16.6
Seq7829_264_bp_-1_2_2	ENA|AAI27517|AAI27517.1	60.00	5	2	0	6	10	114	118	2.9	17.1
Seq7829_264_bp_-1_2_2	ENA|ABD33854|ABD33854.1	75.00	4	1	0	9	12	54	57	3	13.8
Seq7829_264_bp_-1_2_2	ENA|BAA32956|BAA32956.1	100.00	9	0	4	1	9	197	201	4.2	15.0
Seq7829_264_bp_-1_2_2	ENA|AAA32624|AAA32624.1	66.67	6	2	0	3	8	400	405	4.5	16.2
Seq7829_264_bp_-1_2_2	ENA|CAA26939|CAA26939.1	57.14	7	3	0	2	8	258	264	4.9	16.2
Seq7829_264_bp_-1_2_2	ENA|ABK71357|ABK71357.1	100.00	3	0	0	8	10	77	79	5.5	15.4
Seq7829_264_bp_-1_2_2	ENA|CAA45708|CAA45708.1	75.00	4	1	0	9	12	377	380	5.6	17.5
Seq7829_264_bp_-1_2_2	ENA|CAD53387|CAD53387.1	100.00	3	0	0	8	10	465	467	7.3	15.4
Seq7829_264_bp_-1_2_2	ENA|AAC78721|AAC78721.1	80.00	5	1	0	4	8	117	121	7.4	15.8
Seq7829_264_bp_-1_2_2	ENA|AAA24145|AAA24145.1	100.00	3	0	0	9	11	252	254	8.8	15.0
Seq7829_264_bp_-1_2_2	ENA|AAA18786|AAA18786.1	57.14	8	3	1	4	10	90	97	8.9	14.2
Seq7829_264_bp_-1_2_2	ENA|AAC40132|AAC40132.1	60.00	5	2	0	2	6	56	60	9.1	15.0
Seq7829_264_bp_-1_2_2	ENA|CAB75732|CAB75732.1	71.43	9	2	2	4	10	186	194	9.5	16.2
Seq7829_264_bp_-1_2_2	ENA|CAA26023|CAA26023.1	57.14	8	3	1	1	8	239	245	9.6	14.6
Seq7829_264_bp_-1_2_3	ENA|BAA32018|BAA32018.1	69.23	17	4	4	1	13	328	344	2.4	17.7
Seq7829_264_bp_-1_2_3	ENA|CAA36214|CAA36214.1	80.00	5	1	0	10	14	143	147	3	16.4
Seq7829_264_bp_-1_2_3	ENA|AAQ92751|AAQ92751.2	63.64	12	4	1	1	11	149	160	5.2	17.7
Seq7829_264_bp_-1_2_3	ENA|AAA36114|AAA36114.1	55.56	9	4	0	3	11	446	454	7.6	15.7
Seq7829_264_bp_-1_2_3	ENA|AAC49865|AAC49865.1	50.00	8	4	0	3	10	70	77	9.6	14.7
