Seq1397_94_bp_1_0_0	AAF01122.1	100.00	31	0	0	1	31	276	306	3.1e-19	80.9
Seq1397_94_bp_1_0_0	AAA32376.1	36.36	11	7	0	2	12	15	25	0.38	19.6
Seq1397_94_bp_1_0_0	AAC97205.1	27.59	30	21	1	2	31	751	779	1.6	20.4
Seq1397_94_bp_1_0_0	AAC08817.1	30.77	13	9	0	17	29	5	17	2.1	17.1
Seq1397_94_bp_1_0_0	BAB79260.1	30.00	10	7	0	16	25	53	62	5.6	17.1
Seq1397_94_bp_1_0_0	ABD49687.1	45.45	11	6	0	8	18	927	937	5.9	18.9
Seq1397_94_bp_1_1_0	CAA45199.1	64.29	16	5	2	10	23	437	452	2.7	18.2
Seq1397_94_bp_1_1_0	ABD33854.1	45.45	11	6	0	12	22	34	44	2.8	15.3
Seq1397_94_bp_1_1_0	AIR13712.1	31.82	22	15	0	1	22	115	136	3.1	17.5
Seq1397_94_bp_1_1_0	BAA32956.1	66.67	6	2	0	21	26	90	95	3.3	16.7
Seq1397_94_bp_1_1_0	CAA73529.1	53.85	13	6	0	4	16	212	224	3.3	17.1
Seq1397_94_bp_1_1_0	AAB26998.1	45.45	11	6	0	17	27	9	19	3.4	15.3
Seq1397_94_bp_1_1_0	ABL74574.1	34.48	36	19	7	3	31	22	57	4.5	16.7
Seq1397_94_bp_1_1_0	AAR37016.1	37.50	16	10	0	16	31	1310	1325	4.7	19.7
Seq1397_94_bp_1_1_0	AAA36565.1	42.86	15	8	1	12	25	154	168	5.5	15.6
Seq1397_94_bp_1_1_0	ABD49687.1	66.67	22	5	7	16	31	1565	1585	5.7	19.0
Seq1397_94_bp_1_1_0	AAA26915.1	40.00	15	9	0	2	16	161	175	7.1	16.7
Seq1397_94_bp_1_1_0	AAA42531.1	45.83	26	13	2	2	25	288	313	7.6	16.4
Seq1397_94_bp_1_1_0	AAA18786.1	34.48	30	19	1	1	29	132	161	8.6	15.6
Seq1397_94_bp_1_1_0	AAI27517.1	35.71	31	18	3	2	29	135	165	8.8	16.7
Seq1397_94_bp_1_1_0	AAA65607.1	47.62	22	11	1	4	25	166	186	9.1	16.0
Seq1397_94_bp_1_1_0	AAB96524.1	62.50	8	3	0	1	8	145	152	9.8	14.9
Seq1397_94_bp_1_2_0	AAI27517.1	40.00	20	12	0	1	20	19	38	0.16	22.6
Seq1397_94_bp_1_2_0	ABG75784.1	43.75	16	9	0	4	19	85	100	0.43	20.3
Seq1397_94_bp_1_2_0	AEE27845.1	27.59	30	21	1	1	30	1023	1051	2.4	19.9
Seq1397_94_bp_1_2_0	AAB03707.1	40.00	15	9	0	15	29	1342	1356	4	19.1
Seq1397_94_bp_1_2_0	BAA32991.1	50.00	6	3	0	25	30	28	33	4.8	14.5
Seq1397_94_bp_1_2_0	AAC08817.1	60.00	10	4	0	14	23	21	30	5.2	15.7
Seq1397_94_bp_1_2_0	AAA36565.1	22.73	22	17	0	9	30	144	165	5.3	15.7
Seq1397_94_bp_1_2_0	AAQ92751.2	30.00	20	14	0	3	22	418	437	8.6	18.0
Seq1397_94_bp_-1_0_0	CAA04196.1	28.57	21	15	0	2	22	363	383	0.13	22.0
Seq1397_94_bp_-1_0_0	AAC78721.1	44.44	9	5	0	12	20	300	308	3	18.1
Seq1397_94_bp_-1_0_0	ABD49687.1	60.00	10	4	0	2	11	1710	1719	3.1	19.4
Seq1397_94_bp_-1_0_0	ABN10845.1	66.67	6	2	0	1	6	57	62	3.2	16.4
Seq1397_94_bp_-1_0_0	AAA72732.1	100.00	6	0	0	6	11	268	273	3.4	16.9
Seq1397_94_bp_-1_0_0	AAA24142.1	38.46	13	8	0	1	13	198	210	3.6	17.3
Seq1397_94_bp_-1_0_0	AII71783.1	57.14	7	3	0	15	21	106	112	4.4	16.4
Seq1397_94_bp_-1_0_0	AAI27517.1	41.18	19	10	2	4	22	89	105	4.7	17.3
Seq1397_94_bp_-1_0_0	CAA45199.1	43.75	17	9	1	2	17	415	431	5	16.9
Seq1397_94_bp_-1_0_0	ABK71357.1	30.77	13	9	0	3	15	300	312	5.3	16.4
Seq1397_94_bp_-1_0_0	CAD53387.1	36.84	20	12	1	2	20	459	478	5.3	16.9
Seq1397_94_bp_-1_0_0	ABG75784.1	33.33	16	10	1	8	23	118	132	5.9	16.0
Seq1397_94_bp_-1_0_0	AAH69556.1	28.57	14	10	0	4	17	125	138	7.7	15.6
Seq1397_94_bp_-1_0_0	BAB70780.1	57.14	7	3	0	15	21	427	433	9	16.0
Seq1397_94_bp_-1_0_0	AAA25966.1	45.45	11	6	0	6	16	623	633	9.8	16.4
Seq1397_94_bp_-1_1_0	ACT10338.1	33.33	21	14	0	6	26	74	94	0.51	20.4
Seq1397_94_bp_-1_1_0	ABK71357.1	44.44	20	10	2	1	20	83	100	1.5	18.7
Seq1397_94_bp_-1_1_0	CAA73529.1	25.00	20	15	0	1	20	124	143	2.6	17.5
Seq1397_94_bp_-1_1_0	ABN10845.1	44.44	18	10	0	13	30	162	179	2.8	17.1
Seq1397_94_bp_-1_1_0	AAH69556.1	50.00	17	8	1	14	29	10	26	2.9	17.5
Seq1397_94_bp_-1_1_0	BAA32956.1	29.41	17	12	0	6	22	155	171	3.5	16.7
Seq1397_94_bp_-1_1_0	CAA26230.1	50.00	18	8	2	4	20	53	69	5.2	17.5
Seq1397_94_bp_-1_1_0	AAC78721.1	26.32	19	14	0	12	30	320	338	6.2	17.5
Seq1397_94_bp_-1_1_0	AAA45888.1	50.00	18	8	2	7	24	296	311	6.3	16.7
Seq1397_94_bp_-1_1_0	AAA26915.1	45.45	11	6	0	14	24	324	334	7.5	16.7
Seq1397_94_bp_-1_1_0	ABD33854.1	50.00	8	4	0	7	14	23	30	7.6	13.8
Seq1397_94_bp_-1_1_0	AAF01122.1	62.50	8	3	0	9	16	365	372	8	16.2
Seq1397_94_bp_-1_1_0	AAA42531.1	42.86	16	8	2	17	30	369	384	8.3	16.2
Seq1397_94_bp_-1_1_0	AAA36565.1	40.00	12	6	2	11	20	74	85	8.4	15.0
Seq1397_94_bp_-1_1_0	ABD49687.1	38.46	13	8	0	8	20	865	877	8.7	18.3
Seq1397_94_bp_-1_2_0	CAA04196.1	56.52	25	10	2	4	26	278	302	0.0032	27.7
Seq1397_94_bp_-1_2_0	AAC97205.1	33.33	25	16	1	3	27	1164	1187	0.27	22.9
Seq1397_94_bp_-1_2_0	CAA73529.1	34.62	26	17	0	1	26	115	140	0.55	19.7
Seq1397_94_bp_-1_2_0	BAA32991.1	80.00	5	1	0	15	19	14	18	0.56	17.7
Seq1397_94_bp_-1_2_0	AAB64315.2	66.67	14	4	2	10	21	20	33	0.87	19.3
Seq1397_94_bp_-1_2_0	ABD33854.1	50.00	6	3	0	14	19	58	63	2	15.7
Seq1397_94_bp_-1_2_0	CAA45199.1	41.18	17	10	0	6	22	119	135	2.2	18.5
Seq1397_94_bp_-1_2_0	AAA32624.1	56.52	25	10	2	5	29	73	95	2.4	18.5
Seq1397_94_bp_-1_2_0	AAA32376.1	41.18	18	10	1	8	25	148	164	2.4	16.9
Seq1397_94_bp_-1_2_0	CAA74140.1	33.33	21	14	0	1	21	564	584	3.2	18.9
Seq1397_94_bp_-1_2_0	AAA36565.1	25.00	24	18	0	1	24	45	68	4	16.1
Seq1397_94_bp_-1_2_0	ABD49687.1	33.33	18	12	0	1	18	1276	1293	5.7	18.9
Seq1397_94_bp_-1_2_0	BAA32956.1	50.00	6	3	0	16	21	13	18	6.5	15.7
Seq1397_94_bp_-1_2_0	AAA25966.1	30.00	20	14	0	8	27	452	471	7.3	17.3
Seq1397_94_bp_-1_2_0	AAH69556.1	30.00	21	14	1	3	22	32	52	9.1	15.7
Seq1397_94_bp_-1_2_0	ABG75784.1	31.25	16	11	0	14	29	120	135	9.3	15.7
Seq1397_94_bp_-1_2_0	AAA23282.1	77.78	10	2	1	20	29	214	222	9.7	16.5
