Seq5447_111_bp_1_0_0	AAX12058.1	36.36	11	7	0	1	11	199	209	0.4	19.3
Seq5447_111_bp_1_0_0	AAA24969.1	50.00	8	4	0	4	11	33	40	3.2	18.7
Seq5447_111_bp_1_0_0	AAI27517.1	66.67	6	2	0	5	10	481	486	5.3	16.6
Seq5447_111_bp_1_0_0	AAC17860.1	66.67	6	2	0	2	7	41	46	5.3	16.0
Seq5447_111_bp_1_0_0	AAA25966.1	60.00	5	2	0	8	12	613	617	6.4	16.6
Seq5447_111_bp_1_0_1	AAA32376.1	66.67	6	2	0	2	7	122	127	5.1	14.7
Seq5447_111_bp_1_0_1	AAA42531.1	57.14	7	3	0	1	7	156	162	5.1	15.8
Seq5447_111_bp_1_0_1	ACT10338.1	100.00	4	0	0	8	11	344	347	5.1	15.8
Seq5447_111_bp_1_0_1	AAH69556.1	50.00	16	6	4	1	12	254	269	5.9	15.3
Seq5447_111_bp_1_0_1	AAR37016.1	83.33	6	1	0	6	11	2038	2043	6.3	18.1
Seq5447_111_bp_1_0_1	AAB64315.2	50.00	8	4	0	3	10	198	205	6.4	15.3
Seq5447_111_bp_1_0_1	AAF01122.1	66.67	6	2	0	2	7	137	142	7.2	15.3
Seq5447_111_bp_1_0_1	AAA23282.1	50.00	8	4	0	3	10	205	212	7.4	15.8
Seq5447_111_bp_1_0_1	AAB96524.1	75.00	4	1	0	1	4	27	30	7.9	14.1
Seq5447_111_bp_1_0_1	CAA11507.1	57.14	7	3	0	3	9	918	924	7.9	17.0
Seq5447_111_bp_1_0_1	AAA24142.1	37.50	8	5	0	2	9	40	47	8.6	15.3
Seq5447_111_bp_1_0_1	AAA72732.1	44.44	9	5	0	3	11	114	122	8.8	14.7
Seq5447_111_bp_1_0_1	ABN10845.1	60.00	5	2	0	6	10	66	70	9.1	14.1
Seq5447_111_bp_1_0_1	BAB70780.1	66.67	6	2	0	4	9	112	117	9.2	15.3
Seq5447_111_bp_1_1_0	AAB03707.1	100.00	36	0	0	1	36	768	803	1.7e-20	87.1
Seq5447_111_bp_1_1_0	AAB03707.1	58.82	35	14	1	3	36	730	764	3e-08	46.4
Seq5447_111_bp_1_1_0	AAA24969.1	48.28	29	15	0	6	34	801	829	2.1e-05	37.1
Seq5447_111_bp_1_1_0	CAA11507.1	31.25	33	22	1	3	34	885	917	1.3	21.0
Seq5447_111_bp_1_1_0	AAA42531.1	66.67	9	3	0	26	34	247	255	5.6	17.1
Seq5447_111_bp_1_1_0	BAE97662.1	33.33	34	20	4	7	36	895	928	8.1	18.0
Seq5447_111_bp_1_1_0	ABN10845.1	35.71	14	9	0	8	21	136	149	8.4	15.6
Seq5447_111_bp_1_2_0	AAB96524.1	30.00	10	7	0	3	12	73	82	0.71	18.4
Seq5447_111_bp_1_2_0	ABK71357.1	40.00	16	9	1	8	22	341	356	1	18.9
Seq5447_111_bp_1_2_0	CAA11507.1	35.71	15	9	1	1	15	262	275	1.3	20.4
Seq5447_111_bp_1_2_0	AAA32624.1	40.00	10	6	0	9	18	115	124	2	18.4
Seq5447_111_bp_1_2_0	CAA26230.1	83.33	6	1	0	8	13	254	259	2.1	18.4
Seq5447_111_bp_1_2_0	ABD49687.1	54.55	13	5	2	11	21	934	946	4.5	18.9
Seq5447_111_bp_1_2_0	CAA45199.1	57.14	7	3	0	3	9	467	473	4.8	16.9
Seq5447_111_bp_1_2_0	AEE27845.1	33.33	9	6	0	9	17	1130	1138	5.1	18.4
Seq5447_111_bp_1_2_0	BAB17681.1	100.00	4	0	0	2	5	243	246	5.5	15.9
Seq5447_111_bp_1_2_0	AAR31603.1	40.00	15	9	0	6	20	110	124	6.5	15.9
Seq5447_111_bp_1_2_0	CAD53387.1	50.00	10	5	0	3	12	485	494	7.1	16.4
Seq5447_111_bp_-1_0_0	CAA11507.1	23.08	27	20	1	6	31	1295	1321	1.9	20.5
Seq5447_111_bp_-1_0_0	BAB79260.1	41.67	12	7	0	14	25	281	292	3.8	17.9
Seq5447_111_bp_-1_0_0	AAR31603.1	50.00	14	7	0	22	35	295	308	4	17.4
Seq5447_111_bp_-1_0_0	AAB26998.1	50.00	6	3	0	15	20	53	58	5.8	14.7
Seq5447_111_bp_-1_0_0	AAA45888.1	42.86	7	4	0	1	7	158	164	6.5	16.8
Seq5447_111_bp_-1_0_0	BAB17681.1	21.43	14	11	0	17	30	244	257	6.7	16.3
Seq5447_111_bp_-1_0_0	ABD33854.1	33.33	12	8	0	21	32	15	26	6.7	14.2
Seq5447_111_bp_-1_0_0	BAA32018.1	53.85	13	6	0	22	34	177	189	7.3	17.4
Seq5447_111_bp_-1_0_0	AII71783.1	66.67	9	3	0	28	36	245	253	7.5	16.3
Seq5447_111_bp_-1_0_0	CAA74140.1	33.33	12	8	0	26	37	433	444	7.6	17.9
Seq5447_111_bp_-1_0_0	CAA45199.1	28.57	7	5	0	1	7	362	368	7.9	16.8
Seq5447_111_bp_-1_0_0	AAA36565.1	50.00	8	4	0	5	12	69	76	8.3	15.3
Seq5447_111_bp_-1_0_0	CAA43372.1	50.00	10	5	0	24	33	129	138	9.8	16.3
Seq5447_111_bp_-1_1_0	BAB17681.1	55.56	9	4	0	3	11	159	167	0.57	19.9
Seq5447_111_bp_-1_1_0	CAA73529.1	35.71	34	18	6	7	34	213	246	0.82	19.4
Seq5447_111_bp_-1_1_0	CAA26230.1	54.55	11	5	0	3	13	545	555	1.2	19.9
Seq5447_111_bp_-1_1_0	ABG75784.1	44.44	9	5	0	2	10	248	256	1.3	18.9
Seq5447_111_bp_-1_1_0	AAA32376.1	42.86	7	4	0	14	20	14	20	2.3	17.2
Seq5447_111_bp_-1_1_0	AAA42531.1	83.33	6	1	0	5	10	70	75	2.4	18.3
Seq5447_111_bp_-1_1_0	BAA32956.1	40.00	15	9	0	8	22	60	74	2.7	17.2
Seq5447_111_bp_-1_1_0	BAA32018.1	44.44	19	10	1	15	32	495	513	5.5	17.8
Seq5447_111_bp_-1_1_0	ABD49687.1	28.57	14	10	0	20	33	1116	1129	7	18.9
Seq5447_111_bp_-1_1_0	AAB03707.1	41.18	18	10	1	4	20	130	147	8.1	18.3
Seq5447_111_bp_-1_1_0	AEE27845.1	62.50	8	3	0	3	10	1188	1195	8.2	18.3
Seq5447_111_bp_-1_1_0	AAA25966.1	62.50	8	3	0	24	31	641	648	8.9	17.2
Seq5447_111_bp_-1_1_0	AAR37016.1	42.86	14	8	0	3	16	535	548	9.4	18.9
Seq5447_111_bp_-1_2_0	AAX84812.1	70.00	10	3	0	3	12	126	135	0.039	23.0
Seq5447_111_bp_-1_2_0	AAA42531.1	36.36	11	7	0	3	13	194	204	0.49	20.1
Seq5447_111_bp_-1_2_0	CAA73529.1	45.45	11	6	0	12	22	130	140	0.77	19.0
Seq5447_111_bp_-1_2_0	BAA32956.1	44.44	9	5	0	6	14	5	13	1.3	17.8
Seq5447_111_bp_-1_2_0	ABG75784.1	50.00	6	3	0	9	14	302	307	1.9	17.8
Seq5447_111_bp_-1_2_0	AAC97205.1	44.44	9	5	0	15	23	634	642	2.3	19.5
Seq5447_111_bp_-1_2_0	AAA18786.1	57.14	7	3	0	1	7	202	208	2.5	17.2
Seq5447_111_bp_-1_2_0	AAA25966.1	42.86	14	8	0	5	18	301	314	3	18.4
Seq5447_111_bp_-1_2_0	AAB64315.2	55.56	9	4	0	10	18	16	24	3	17.2
Seq5447_111_bp_-1_2_0	ACH70904.1	75.00	4	1	0	15	18	103	106	4.9	16.6
Seq5447_111_bp_-1_2_0	ABS38337.1	66.67	6	2	0	11	16	1064	1069	5.2	18.4
Seq5447_111_bp_-1_2_0	AAC17860.1	28.57	7	5	0	15	21	99	105	5.5	16.6
Seq5447_111_bp_-1_2_0	AEE27845.1	27.27	11	8	0	3	13	1160	1170	5.6	18.4
Seq5447_111_bp_-1_2_0	CAA04196.1	28.57	14	10	0	12	25	292	305	5.6	16.6
Seq5447_111_bp_-1_2_0	ABN10845.1	80.00	5	1	0	1	5	165	169	6.5	15.5
Seq5447_111_bp_-1_2_0	AAA32624.1	71.43	7	2	0	16	22	262	268	7	16.6
Seq5447_111_bp_-1_2_0	AAA65607.1	25.00	8	6	0	1	8	208	215	7.3	16.0
Seq5447_111_bp_-1_2_0	AAC78721.1	36.36	11	7	0	1	11	116	126	8.8	16.6
Seq5447_111_bp_-1_2_0	BAB70780.1	40.00	10	6	0	16	25	132	141	9.4	16.0
