Seq570_68_bp_1_0_0	ENA|CCP43727|CCP43727.1	63.64	11	4	0	2	12	159	169	0.00033	30.2
Seq570_68_bp_1_0_0	ENA|CCP43727|CCP43727.1	66.67	13	4	1	1	12	145	157	0.016	24.6
Seq570_68_bp_1_0_0	ENA|CCP43727|CCP43727.1	66.67	9	3	0	1	9	195	203	0.042	23.2
Seq570_68_bp_1_0_0	ENA|CCP43727|CCP43727.1	50.00	12	6	0	2	13	182	193	0.11	21.8
Seq570_68_bp_1_0_0	ENA|BAA32956|BAA32956.1	50.00	12	6	0	10	21	158	169	0.01	24.6
Seq570_68_bp_1_0_0	ENA|CAA26023|CAA26023.1	66.67	9	3	0	8	16	8	16	0.019	24.6
Seq570_68_bp_1_0_0	ENA|CAA26023|CAA26023.1	80.00	5	1	0	8	12	243	247	0.56	19.7
Seq570_68_bp_1_0_0	ENA|CAA26023|CAA26023.1	100.00	4	0	0	6	9	351	354	0.56	19.7
Seq570_68_bp_1_0_0	ENA|BAA05866|BAA05866.1	62.50	8	3	0	13	20	216	223	0.065	22.5
Seq570_68_bp_1_0_0	ENA|CAD53387|CAD53387.1	71.43	7	2	0	14	20	468	474	0.065	23.2
Seq570_68_bp_1_0_0	ENA|CAD53387|CAD53387.1	71.43	7	2	0	9	15	7	13	0.17	21.8
Seq570_68_bp_1_0_0	ENA|CAD53387|CAD53387.1	71.43	7	2	0	9	15	73	79	0.17	21.8
Seq570_68_bp_1_0_0	ENA|CAD53387|CAD53387.1	71.43	7	2	0	9	15	139	145	0.17	21.8
Seq570_68_bp_1_0_0	ENA|CAD53387|CAD53387.1	71.43	7	2	0	9	15	205	211	0.17	21.8
Seq570_68_bp_1_0_0	ENA|CAD53387|CAD53387.1	71.43	7	2	0	9	15	271	277	0.17	21.8
Seq570_68_bp_1_0_0	ENA|CAD53387|CAD53387.1	71.43	7	2	0	9	15	337	343	0.17	21.8
Seq570_68_bp_1_0_0	ENA|CAD53387|CAD53387.1	71.43	7	2	0	9	15	403	409	0.17	21.8
Seq570_68_bp_1_0_0	ENA|AAB66912|AAB66912.1	71.43	7	2	0	7	13	212	218	0.074	23.9
Seq570_68_bp_1_0_0	ENA|CAA45199|CAA45199.1	52.94	19	8	2	1	19	403	419	0.099	22.5
Seq570_68_bp_1_0_0	ENA|AAR31603|AAR31603.1	71.43	7	2	0	16	22	274	280	0.29	20.4
Seq570_68_bp_1_0_0	ENA|AAC08817|AAC08817.1	57.14	7	3	0	16	22	55	61	0.37	19.0
Seq570_68_bp_1_0_0	ENA|CAA11507|CAA11507.1	53.85	13	6	0	3	15	893	905	0.47	21.8
Seq570_68_bp_1_0_0	ENA|ABD49687|ABD49687.1	50.00	12	6	0	9	20	521	532	0.58	21.8
Seq570_68_bp_1_0_0	ENA|BAB79260|BAB79260.1	83.33	6	1	0	15	20	243	248	1.1	19.0
Seq570_68_bp_1_0_0	ENA|AAA36539|AAA36539.1	50.00	12	6	0	10	21	369	380	1.1	19.0
Seq570_68_bp_1_0_0	ENA|CAL82360|CAL82360.1	55.56	9	4	0	11	19	57	65	1.1	20.4
Seq570_68_bp_1_0_0	ENA|AAQ92751|AAQ92751.2	71.43	7	2	0	3	9	1177	1183	1.2	20.4
Seq570_68_bp_1_0_0	ENA|ABK71357|ABK71357.1	55.56	9	4	0	8	16	301	309	1.4	18.3
Seq570_68_bp_1_0_0	ENA|AAA18786|AAA18786.1	100.00	4	0	0	16	19	217	220	1.6	17.6
Seq570_68_bp_1_0_0	ENA|AAA42531|AAA42531.1	75.00	4	1	0	5	8	94	97	2.4	17.6
Seq570_68_bp_1_0_0	ENA|ACT10338|ACT10338.1	46.15	13	7	0	8	20	308	320	2.4	17.6
Seq570_68_bp_1_0_0	ENA|CAA28033|CAA28033.1	57.14	7	3	0	5	11	1227	1233	3	19.0
Seq570_68_bp_1_0_0	ENA|CAA45708|CAA45708.1	80.00	5	1	0	15	19	1027	1031	3.5	19.0
Seq570_68_bp_1_0_0	ENA|AAA25966|AAA25966.1	80.00	5	1	0	10	14	665	669	4.3	17.6
Seq570_68_bp_1_0_0	ENA|CAA24711|CAA24711.1	75.00	4	1	0	19	22	109	112	4.4	15.5
Seq570_68_bp_1_0_0	ENA|AAC97205|AAC97205.1	57.14	7	3	0	14	20	1031	1037	4.6	18.3
Seq570_68_bp_1_0_0	ENA|CAA36214|CAA36214.1	57.14	7	3	0	8	14	77	83	4.8	16.2
Seq570_68_bp_1_0_0	ENA|EDO47375|EDO47375.1	66.67	6	2	0	17	22	80	85	4.8	15.5
Seq570_68_bp_1_0_0	ENA|AAF79734|AAF79734.1	62.50	8	3	0	12	19	605	612	5.3	18.3
Seq570_68_bp_1_0_0	ENA|ACH70901|ACH70901.1	100.00	3	0	0	15	17	262	264	5.6	16.2
Seq570_68_bp_1_0_0	ENA|AAI27517|AAI27517.1	50.00	8	4	0	3	10	453	460	5.7	16.9
Seq570_68_bp_1_0_0	ENA|AAB96524|AAB96524.1	40.00	10	6	0	12	21	32	41	7.5	14.8
Seq570_68_bp_1_0_0	ENA|CAA29968|CAA29968.1	100.00	3	0	0	13	15	69	71	7.8	14.8
Seq570_68_bp_1_0_0	ENA|AAR37016|AAR37016.1	80.00	5	1	0	9	13	1215	1219	8.4	18.3
Seq570_68_bp_1_0_0	ENA|CAA43419|CAA43419.1	75.00	4	1	0	3	6	175	178	9	15.5
Seq570_68_bp_1_0_0	ENA|BAA32018|BAA32018.1	50.00	8	4	0	15	22	430	437	9.4	16.2
Seq570_68_bp_1_1_0	ENA|CAA29968|CAA29968.1	100.00	22	0	0	1	22	54	75	2.9e-19	79.5
Seq570_68_bp_1_1_0	ENA|ABN10845|ABN10845.1	75.00	8	2	0	9	16	156	163	0.18	20.6
Seq570_68_bp_1_1_0	ENA|CAA26023|CAA26023.1	55.56	9	4	0	2	10	95	103	0.66	19.5
Seq570_68_bp_1_1_0	ENA|ABG75784|ABG75784.1	80.00	5	1	0	12	16	291	295	1.7	17.8
Seq570_68_bp_1_1_0	ENA|CAA29956|CAA29956.1	50.00	12	6	0	11	22	364	375	2	17.8
Seq570_68_bp_1_1_0	ENA|CAA26939|CAA26939.1	55.56	9	4	0	12	20	157	165	2.1	18.4
Seq570_68_bp_1_1_0	ENA|CAA36714|CAA36714.1	57.14	7	3	0	5	11	397	403	3.6	17.3
Seq570_68_bp_1_1_0	ENA|AAC40132|AAC40132.1	80.00	5	1	0	11	15	176	180	3.6	17.3
Seq570_68_bp_1_1_0	ENA|CAA43419|CAA43419.1	53.85	13	6	0	8	20	83	95	4.1	16.7
Seq570_68_bp_1_1_0	ENA|AAA72732|AAA72732.1	60.00	5	2	0	4	8	298	302	7.2	15.7
Seq570_68_bp_1_1_0	ENA|AAC08817|AAC08817.1	80.00	5	1	0	5	9	2	6	7.6	14.6
Seq570_68_bp_1_1_0	ENA|AAB26998|AAB26998.1	75.00	4	1	0	2	5	11	14	8.1	13.5
Seq570_68_bp_1_1_0	ENA|CAL82360|CAL82360.1	41.67	12	7	0	6	17	326	337	9.3	17.3
Seq570_68_bp_1_1_0	ENA|AAS77176|AAS77176.1	100.00	3	0	0	5	7	156	158	9.4	15.1
Seq570_68_bp_1_1_0	ENA|CAA36214|CAA36214.1	80.00	5	1	0	7	11	104	108	9.9	15.1
Seq570_68_bp_1_2_0	ENA|BAA32956|BAA32956.1	83.33	6	1	0	17	22	182	187	4.5	15.8
Seq570_68_bp_-1_0_0	ENA|ABD49687|ABD49687.1	72.73	11	3	0	11	21	102	112	0.00042	32.3
Seq570_68_bp_-1_0_0	ENA|CAA26023|CAA26023.1	61.54	14	5	1	4	16	7	20	0.01	25.5
Seq570_68_bp_-1_0_0	ENA|CAD53387|CAD53387.1	46.67	15	8	0	2	16	2	16	0.02	24.9
Seq570_68_bp_-1_0_0	ENA|CAD53387|CAD53387.1	46.67	15	8	0	2	16	68	82	0.02	24.9
Seq570_68_bp_-1_0_0	ENA|CAD53387|CAD53387.1	46.67	15	8	0	2	16	134	148	0.02	24.9
Seq570_68_bp_-1_0_0	ENA|CAD53387|CAD53387.1	46.67	15	8	0	2	16	200	214	0.02	24.9
Seq570_68_bp_-1_0_0	ENA|CAD53387|CAD53387.1	46.67	15	8	0	2	16	266	280	0.02	24.9
Seq570_68_bp_-1_0_0	ENA|CAD53387|CAD53387.1	46.67	15	8	0	2	16	332	346	0.02	24.9
Seq570_68_bp_-1_0_0	ENA|CAD53387|CAD53387.1	46.67	15	8	0	2	16	398	412	0.02	24.9
Seq570_68_bp_-1_0_0	ENA|CAD53387|CAD53387.1	66.67	14	4	2	11	22	458	471	0.17	21.8
Seq570_68_bp_-1_0_0	ENA|AAI27517|AAI27517.1	75.00	8	2	0	15	22	501	508	0.037	24.3
Seq570_68_bp_-1_0_0	ENA|AAI27517|AAI27517.1	75.00	8	2	0	8	15	382	389	0.086	23.1
Seq570_68_bp_-1_0_0	ENA|AAI27517|AAI27517.1	66.67	6	2	0	16	21	102	107	0.31	21.2
Seq570_68_bp_-1_0_0	ENA|BAA32956|BAA32956.1	50.00	12	6	0	10	21	156	167	0.047	22.4
Seq570_68_bp_-1_0_0	ENA|AAR31603|AAR31603.1	83.33	6	1	0	11	16	304	309	0.11	21.8
Seq570_68_bp_-1_0_0	ENA|CAA45708|CAA45708.1	41.67	12	7	0	11	22	1023	1034	0.15	23.7
Seq570_68_bp_-1_0_0	ENA|AAB66912|AAB66912.1	55.56	9	4	0	13	21	918	926	0.21	22.4
Seq570_68_bp_-1_0_0	ENA|AAA25966|AAA25966.1	57.14	14	6	0	9	22	541	554	0.25	21.8
Seq570_68_bp_-1_0_0	ENA|CCP43727|CCP43727.1	55.56	9	4	0	1	9	149	157	0.26	20.6
Seq570_68_bp_-1_0_0	ENA|AAC17860|AAC17860.1	35.29	17	11	0	5	21	269	285	0.33	20.6
Seq570_68_bp_-1_0_0	ENA|AAC08817|AAC08817.1	55.56	9	4	0	11	19	134	142	0.68	18.1
Seq570_68_bp_-1_0_0	ENA|CAA36214|CAA36214.1	100.00	4	0	0	11	14	243	246	0.86	18.8
Seq570_68_bp_-1_0_0	ENA|AAR37016|AAR37016.1	66.67	9	3	0	3	11	1655	1663	1.9	20.6
Seq570_68_bp_-1_0_0	ENA|CAA29968|CAA29968.1	60.00	5	2	0	17	21	107	111	2	16.9
Seq570_68_bp_-1_0_0	ENA|AAC97205|AAC97205.1	66.67	6	2	0	12	17	280	285	2.3	19.4
Seq570_68_bp_-1_0_0	ENA|ACH70901|ACH70901.1	45.45	11	6	0	1	11	266	276	5.4	16.3
Seq570_68_bp_-1_0_0	ENA|CAA26939|CAA26939.1	66.67	6	2	0	10	15	232	237	5.6	16.9
Seq570_68_bp_-1_0_0	ENA|BAB17681|BAB17681.1	55.56	9	4	0	7	15	261	269	6.2	15.7
Seq570_68_bp_-1_0_0	ENA|BAA36759|BAA36759.1	100.00	3	0	0	13	15	123	125	6.5	15.7
Seq570_68_bp_-1_0_0	ENA|CAA43419|CAA43419.1	80.00	5	1	0	2	6	54	58	8.2	15.7
Seq570_68_bp_-1_0_0	ENA|BAA32991|BAA32991.1	66.67	3	1	0	17	19	16	18	8.3	13.2
Seq570_68_bp_-1_0_0	ENA|CAA29956|CAA29956.1	100.00	3	0	0	12	14	40	42	8.3	15.7
Seq570_68_bp_-1_0_0	ENA|AAC26660|AAC26660.1	100.00	3	0	0	11	13	56	58	8.7	15.1
Seq570_68_bp_-1_0_0	ENA|AAA18786|AAA18786.1	100.00	3	0	0	11	13	65	67	9	15.1
Seq570_68_bp_-1_0_0	ENA|BAA32018|BAA32018.1	75.00	4	1	0	11	14	450	453	9	16.3
Seq570_68_bp_-1_0_0	ENA|AAC78721|AAC78721.1	50.00	10	5	0	2	11	575	584	9.7	16.3
Seq570_68_bp_-1_1_0	ENA|AAB66912|AAB66912.1	75.00	8	2	0	15	22	435	442	0.69	20.7
Seq570_68_bp_-1_1_0	ENA|BAA32956|BAA32956.1	37.50	16	10	0	6	21	173	188	1.5	17.4
Seq570_68_bp_-1_1_0	ENA|ACT10338|ACT10338.1	80.00	5	1	0	2	6	234	238	1.9	18.0
Seq570_68_bp_-1_1_0	ENA|AAC97205|AAC97205.1	53.85	13	6	0	8	20	47	59	1.9	19.6
Seq570_68_bp_-1_1_0	ENA|CAA73529|CAA73529.1	50.00	10	5	0	12	21	233	242	1.9	17.4
Seq570_68_bp_-1_1_0	ENA|AAA36539|AAA36539.1	83.33	6	1	0	4	9	40	45	2.3	18.0
Seq570_68_bp_-1_1_0	ENA|ABK71357|ABK71357.1	54.55	11	5	0	6	16	326	336	2.6	17.4
Seq570_68_bp_-1_1_0	ENA|ABN10845|ABN10845.1	45.45	11	6	0	11	21	174	184	3.3	16.3
Seq570_68_bp_-1_1_0	ENA|ACH70901|ACH70901.1	46.67	15	8	0	4	18	248	262	3.7	16.9
Seq570_68_bp_-1_1_0	ENA|AAA18786|AAA18786.1	80.00	5	1	0	5	9	96	100	5.7	15.8
Seq570_68_bp_-1_1_0	ENA|AAB96524|AAB96524.1	66.67	10	3	1	11	20	78	86	5.8	15.2
Seq570_68_bp_-1_1_0	ENA|AAR31603|AAR31603.1	80.00	5	1	0	18	22	110	114	6.9	15.8
Seq570_68_bp_-1_1_0	ENA|CCP43727|CCP43727.1	50.00	10	5	0	2	11	301	310	9.8	15.2
Seq570_68_bp_-1_2_0	ENA|AAA36539|AAA36539.1	66.67	9	3	0	4	12	470	478	0.059	22.4
Seq570_68_bp_-1_2_0	ENA|AAB66912|AAB66912.1	100.00	4	0	0	2	5	311	314	0.29	21.1
Seq570_68_bp_-1_2_0	ENA|AAB66912|AAB66912.1	50.00	10	5	0	3	12	658	667	0.29	21.1
Seq570_68_bp_-1_2_0	ENA|ABN10845|ABN10845.1	100.00	3	0	0	3	5	57	59	0.67	17.8
Seq570_68_bp_-1_2_0	ENA|AAA72732|AAA72732.1	66.67	6	2	0	7	12	166	171	0.95	17.8
Seq570_68_bp_-1_2_0	ENA|AAQ92751|AAQ92751.2	50.00	12	6	0	1	12	84	95	1.1	19.8
Seq570_68_bp_-1_2_0	ENA|ABK71357|ABK71357.1	60.00	5	2	0	2	6	351	355	1.1	17.8
Seq570_68_bp_-1_2_0	ENA|AAF79734|AAF79734.1	55.56	9	4	0	4	12	338	346	1.8	19.1
Seq570_68_bp_-1_2_0	ENA|AAC08817|AAC08817.1	55.56	9	4	0	1	9	58	66	1.9	15.8
Seq570_68_bp_-1_2_0	ENA|AAC49865|AAC49865.1	33.33	9	6	0	4	12	2	10	2.5	16.4
Seq570_68_bp_-1_2_0	ENA|CCP43727|CCP43727.1	50.00	8	4	0	5	12	87	94	2.5	16.4
Seq570_68_bp_-1_2_0	ENA|CAA11507|CAA11507.1	44.44	9	5	0	1	9	587	595	2.6	18.4
Seq570_68_bp_-1_2_0	ENA|BAB79260|BAB79260.1	71.43	7	2	0	5	11	46	52	3.4	16.4
Seq570_68_bp_-1_2_0	ENA|AAA25966|AAA25966.1	44.44	9	5	0	1	9	572	580	3.4	17.1
Seq570_68_bp_-1_2_0	ENA|EDO47375|EDO47375.1	75.00	4	1	0	8	11	79	82	5.5	14.5
Seq570_68_bp_-1_2_0	ENA|CAA29968|CAA29968.1	60.00	5	2	0	4	8	101	105	5.6	14.5
Seq570_68_bp_-1_2_0	ENA|AAC97205|AAC97205.1	60.00	5	2	0	3	7	663	667	5.7	17.1
Seq570_68_bp_-1_2_0	ENA|CAA26939|CAA26939.1	42.86	7	4	0	3	9	351	357	6.6	15.8
Seq570_68_bp_-1_2_0	ENA|CAA29956|CAA29956.1	60.00	5	2	0	3	7	17	21	6.8	15.1
Seq570_68_bp_-1_2_0	ENA|AAC17860|AAC17860.1	60.00	5	2	0	8	12	387	391	7.4	15.1
Seq570_68_bp_-1_2_0	ENA|BAA32991|BAA32991.1	100.00	2	0	0	2	3	27	28	7.7	12.5
Seq570_68_bp_-1_2_0	ENA|BAB17681|BAB17681.1	100.00	2	0	0	3	4	111	112	7.8	14.5
Seq570_68_bp_-1_2_0	ENA|BAA36759|BAA36759.1	100.00	2	0	0	3	4	17	18	8.2	14.5
Seq570_68_bp_-1_2_0	ENA|BAA05866|BAA05866.1	60.00	5	2	0	5	9	266	270	8.7	14.5
Seq570_68_bp_-1_2_0	ENA|AAB03707|AAB03707.1	66.67	6	2	0	7	12	848	853	9.7	16.4
