Seq6352_155_bp_1_0_0	ENA|AAF79734|AAF79734.1	100.00	51	0	0	1	51	506	556	2.5e-24	100.4
Seq6352_155_bp_1_0_0	ENA|AAF79734|AAF79734.1	65.00	42	14	2	10	51	557	596	6.7e-10	52.5
Seq6352_155_bp_1_0_0	ENA|AAA18786|AAA18786.1	25.71	35	26	0	8	42	32	66	0.21	21.9
Seq6352_155_bp_1_0_0	ENA|BAA32018|BAA32018.1	18.75	33	26	1	15	47	315	346	0.29	22.6
Seq6352_155_bp_1_0_0	ENA|CAA45708|CAA45708.1	35.14	43	24	6	1	43	979	1015	1.2	21.9
Seq6352_155_bp_1_0_0	ENA|AAC40132|AAC40132.1	25.71	38	26	3	1	35	80	117	1.6	19.7
Seq6352_155_bp_1_0_0	ENA|AAC78721|AAC78721.1	18.92	44	30	7	8	51	291	327	1.8	20.0
Seq6352_155_bp_1_0_0	ENA|CAA43419|CAA43419.1	26.92	26	19	0	1	26	38	63	2.1	19.0
Seq6352_155_bp_1_0_0	ENA|ACT10338|ACT10338.1	27.78	18	13	0	15	32	63	80	2.8	18.6
Seq6352_155_bp_1_0_0	ENA|BAA05866|BAA05866.1	23.08	40	30	1	11	49	259	298	2.8	18.2
Seq6352_155_bp_1_0_0	ENA|CAA73529|CAA73529.1	28.57	23	15	2	19	39	135	157	3.2	17.9
Seq6352_155_bp_1_0_0	ENA|BAB17681|BAB17681.1	28.57	48	30	6	2	48	226	268	3.2	17.9
Seq6352_155_bp_1_0_0	ENA|AAA36539|AAA36539.1	42.31	38	15	12	10	38	61	95	3.4	18.6
Seq6352_155_bp_1_0_0	ENA|AAC97205|AAC97205.1	29.41	38	24	4	14	51	57	90	5.2	19.3
Seq6352_155_bp_1_0_0	ENA|AAR31603|AAR31603.1	17.95	42	32	3	3	44	272	310	6.2	17.2
Seq6352_155_bp_1_0_0	ENA|CAB75732|CAB75732.1	36.00	26	16	1	26	50	844	869	6.3	19.0
Seq6352_155_bp_1_0_0	ENA|AAB66912|AAB66912.1	18.60	44	35	1	1	44	372	414	6.5	18.6
Seq6352_155_bp_1_0_0	ENA|AAI27517|AAI27517.1	24.00	25	19	0	14	38	104	128	6.7	17.9
Seq6352_155_bp_1_0_0	ENA|AAA24145|AAA24145.1	24.24	33	25	0	9	41	181	213	6.7	17.5
Seq6352_155_bp_1_0_0	ENA|ABD49687|ABD49687.1	20.00	30	24	0	12	41	1077	1106	7.2	19.3
Seq6352_155_bp_1_0_0	ENA|AAQ92751|AAQ92751.2	35.00	20	13	0	29	48	329	348	7.4	19.0
Seq6352_155_bp_1_0_0	ENA|EDO47375|EDO47375.1	25.81	32	23	1	11	41	28	59	7.4	16.1
Seq6352_155_bp_1_0_0	ENA|CAA24711|CAA24711.1	31.03	31	20	2	1	29	89	119	8.6	15.7
Seq6352_155_bp_1_0_0	ENA|BAA36759|BAA36759.1	12.50	16	14	0	18	33	229	244	8.7	16.4
Seq6352_155_bp_1_0_0	ENA|CAA26023|CAA26023.1	17.07	48	34	7	3	50	254	294	9	16.8
Seq6352_155_bp_1_0_0	ENA|CAA29968|CAA29968.1	25.00	24	18	0	11	34	157	180	9.6	15.7
Seq6352_155_bp_1_0_0	ENA|AAC26660|AAC26660.1	25.00	24	18	0	28	51	148	171	9.8	16.1
Seq6352_155_bp_1_1_0	ENA|CAA29968|CAA29968.1	37.50	25	15	1	2	26	58	81	0.26	20.3
Seq6352_155_bp_1_1_0	ENA|AAS77176|AAS77176.1	23.08	27	20	1	2	28	148	173	1	18.9
Seq6352_155_bp_1_1_0	ENA|CAA73529|CAA73529.1	24.00	31	19	6	2	27	40	69	2	17.8
Seq6352_155_bp_1_1_0	ENA|CAB75732|CAB75732.1	40.91	23	13	1	4	26	807	828	4	18.9
Seq6352_155_bp_1_1_0	ENA|CAA36714|CAA36714.1	36.84	20	12	1	11	30	433	451	4.3	17.5
Seq6352_155_bp_1_1_0	ENA|ABG75784|ABG75784.1	30.77	27	18	1	1	27	185	210	4.6	16.8
Seq6352_155_bp_1_1_0	ENA|AAA25966|AAA25966.1	37.50	20	10	4	2	21	129	144	5.1	17.8
Seq6352_155_bp_1_1_0	ENA|CAA43419|CAA43419.1	21.74	23	18	0	6	28	114	136	5.4	16.8
Seq6352_155_bp_1_1_0	ENA|AAB96524|AAB96524.1	17.24	29	24	0	2	30	58	86	5.7	15.7
Seq6352_155_bp_1_1_0	ENA|CAA36214|CAA36214.1	23.81	21	16	0	10	30	280	300	5.7	16.4
Seq6352_155_bp_1_1_0	ENA|AAC49865|AAC49865.1	41.67	12	7	0	15	26	246	257	7.8	16.1
Seq6352_155_bp_1_1_0	ENA|AAA36539|AAA36539.1	54.55	12	5	1	17	27	207	218	8.7	16.4
Seq6352_155_bp_1_1_0	ENA|AAA42531|AAA42531.1	18.18	25	18	3	6	30	56	77	9	16.1
Seq6352_155_bp_1_1_0	ENA|AAA36114|AAA36114.1	43.75	17	9	1	9	24	474	490	9.3	16.4
Seq6352_155_bp_1_1_0	ENA|AAC78721|AAC78721.1	38.10	27	13	6	5	25	356	382	9.6	16.8
Seq6352_155_bp_1_1_1	ENA|BAA32956|BAA32956.1	36.36	11	7	0	3	13	116	126	4.5	15.6
Seq6352_155_bp_1_1_1	ENA|ACH70901|ACH70901.1	55.56	9	4	0	1	9	213	221	5.9	16.0
Seq6352_155_bp_1_1_1	ENA|CAA28033|CAA28033.1	37.50	17	10	1	1	17	1164	1179	6.2	17.8
Seq6352_155_bp_1_1_1	ENA|CAL82360|CAL82360.1	33.33	9	6	0	1	9	550	558	7.7	17.4
Seq6352_155_bp_1_1_1	ENA|AAC26660|AAC26660.1	31.58	19	13	0	2	20	232	250	8.7	14.9
Seq6352_155_bp_1_2_0	ENA|AAR37016|AAR37016.1	34.38	41	21	9	7	46	959	991	0.049	27.1
Seq6352_155_bp_1_2_0	ENA|AAB96524|AAB96524.1	27.59	35	21	6	6	34	146	180	0.068	22.9
Seq6352_155_bp_1_2_0	ENA|AAA25966|AAA25966.1	25.71	38	26	3	5	40	105	141	0.27	22.9
Seq6352_155_bp_1_2_0	ENA|CAD53387|CAD53387.1	33.33	12	8	0	37	48	472	483	2.5	19.1
Seq6352_155_bp_1_2_0	ENA|AAA18786|AAA18786.1	30.77	28	18	2	17	44	23	48	4.3	17.4
Seq6352_155_bp_1_2_0	ENA|AAC08817|AAC08817.1	22.22	18	14	0	4	21	74	91	5.1	16.4
Seq6352_155_bp_1_2_0	ENA|AAA32624|AAA32624.1	19.05	48	34	6	9	51	278	324	5.2	18.1
Seq6352_155_bp_1_2_0	ENA|BAB17681|BAB17681.1	31.25	16	11	0	24	39	109	124	5.5	17.1
Seq6352_155_bp_1_2_0	ENA|BAA32991|BAA32991.1	26.67	16	11	1	31	46	28	42	5.7	15.0
Seq6352_155_bp_1_2_0	ENA|CAA43419|CAA43419.1	35.71	14	9	0	26	39	109	122	5.8	17.4
Seq6352_155_bp_1_2_0	ENA|CAA36714|CAA36714.1	28.57	21	15	0	22	42	436	456	5.8	17.8
Seq6352_155_bp_1_2_0	ENA|AAB03707|AAB03707.1	35.00	27	13	7	11	37	401	420	6.6	19.1
Seq6352_155_bp_1_2_0	ENA|AAC49865|AAC49865.1	41.67	12	7	0	15	26	115	126	8.2	16.7
Seq6352_155_bp_1_2_0	ENA|ABN10845|ABN10845.1	66.67	6	2	0	19	24	16	21	8.7	16.0
Seq6352_155_bp_1_2_0	ENA|AAA36539|AAA36539.1	40.00	23	12	3	16	38	5	24	9.2	17.1
Seq6352_155_bp_1_2_0	ENA|AAC40132|AAC40132.1	26.67	17	11	2	17	31	67	83	9.2	17.1
Seq6352_155_bp_1_2_0	ENA|CAA29956|CAA29956.1	15.62	33	27	1	5	37	347	378	9.2	16.7
Seq6352_155_bp_1_2_0	ENA|CAL82360|CAL82360.1	27.78	19	13	1	5	22	1273	1291	9.6	18.5
Seq6352_155_bp_-1_0_0	ENA|CAA45199|CAA45199.1	25.00	41	27	5	4	43	240	276	0.57	21.0
Seq6352_155_bp_-1_0_0	ENA|ABN10845|ABN10845.1	17.86	28	23	0	14	41	176	203	0.87	19.2
Seq6352_155_bp_-1_0_0	ENA|CAA29956|CAA29956.1	25.00	16	12	0	27	42	198	213	0.93	19.9
Seq6352_155_bp_-1_0_0	ENA|BAA05866|BAA05866.1	22.22	39	28	3	4	39	22	60	0.96	19.6
Seq6352_155_bp_-1_0_0	ENA|AAC78721|AAC78721.1	50.00	14	7	0	29	42	369	382	2.1	19.6
Seq6352_155_bp_-1_0_0	ENA|CAA28033|CAA28033.1	33.33	22	14	1	18	39	933	953	2.5	20.3
Seq6352_155_bp_-1_0_0	ENA|CAA29968|CAA29968.1	34.48	33	19	4	5	36	13	42	3.2	17.2
Seq6352_155_bp_-1_0_0	ENA|AAA72732|AAA72732.1	27.78	41	26	5	1	37	76	115	5	17.2
Seq6352_155_bp_-1_0_0	ENA|CCP43727|CCP43727.1	23.08	44	30	5	1	43	199	238	5.3	17.2
Seq6352_155_bp_-1_0_0	ENA|BAA36759|BAA36759.1	21.43	28	22	0	12	39	73	100	5.8	16.8
Seq6352_155_bp_-1_0_0	ENA|EDO47375|EDO47375.1	38.89	18	11	0	20	37	92	109	6.1	16.1
Seq6352_155_bp_-1_0_0	ENA|CAA36214|CAA36214.1	20.00	38	28	3	4	41	241	275	6.1	16.8
Seq6352_155_bp_-1_0_0	ENA|AAC49865|AAC49865.1	12.90	31	27	0	13	43	40	70	6.6	16.8
Seq6352_155_bp_-1_0_0	ENA|AAA42531|AAA42531.1	31.58	19	13	0	24	42	20	38	7.7	16.8
Seq6352_155_bp_-1_0_0	ENA|CAB75732|CAB75732.1	29.63	27	19	0	9	35	755	781	8.8	18.2
Seq6352_155_bp_-1_0_0	ENA|BAA32991|BAA32991.1	44.44	9	5	0	6	14	43	51	9.1	14.1
Seq6352_155_bp_-1_0_0	ENA|AAS77176|AAS77176.1	22.22	28	21	1	4	31	108	134	9.1	16.1
Seq6352_155_bp_-1_0_0	ENA|CAA36714|CAA36714.1	18.18	35	27	2	8	40	172	206	9.2	16.8
Seq6352_155_bp_-1_1_0	ENA|ABD49687|ABD49687.1	50.00	14	7	0	9	22	1377	1390	3.2	19.5
Seq6352_155_bp_-1_1_0	ENA|CAA24711|CAA24711.1	66.67	9	3	0	16	24	50	58	6.6	15.1
Seq6352_155_bp_-1_1_0	ENA|CAA26939|CAA26939.1	36.36	23	14	1	3	25	86	107	6.7	16.8
Seq6352_155_bp_-1_1_0	ENA|CAA26023|CAA26023.1	29.41	18	12	1	2	19	52	68	7.2	16.1
Seq6352_155_bp_-1_1_1	ENA|CAA26023|CAA26023.1	28.57	21	15	0	1	21	131	151	0.83	19.3
Seq6352_155_bp_-1_1_1	ENA|CAA26939|CAA26939.1	33.33	9	6	0	1	9	11	19	1.2	19.3
Seq6352_155_bp_-1_1_1	ENA|BAA32956|BAA32956.1	44.44	9	5	0	3	11	151	159	1.7	17.4
Seq6352_155_bp_-1_1_1	ENA|ABN10845|ABN10845.1	43.75	17	9	1	2	17	50	66	1.7	17.4
Seq6352_155_bp_-1_1_1	ENA|CAA73529|CAA73529.1	30.00	10	7	0	8	17	209	218	3.6	16.7
Seq6352_155_bp_-1_1_1	ENA|AAA32624|AAA32624.1	22.22	18	14	0	1	18	477	494	4.1	17.4
Seq6352_155_bp_-1_1_1	ENA|ABG75784|ABG75784.1	25.00	12	9	0	2	13	191	202	4.1	16.7
Seq6352_155_bp_-1_1_1	ENA|CCP43727|CCP43727.1	66.67	3	1	0	6	8	136	138	4.3	16.7
Seq6352_155_bp_-1_1_1	ENA|AAR37016|AAR37016.1	21.74	25	18	2	1	25	1895	1917	4.9	19.3
Seq6352_155_bp_-1_1_1	ENA|BAB79260|BAB79260.1	33.33	16	10	1	7	21	53	68	5.8	16.7
Seq6352_155_bp_-1_1_1	ENA|CAA29956|CAA29956.1	30.00	10	7	0	7	16	291	300	7.9	15.9
Seq6352_155_bp_-1_1_1	ENA|AAA25966|AAA25966.1	33.33	9	6	0	1	9	5	13	9	16.7
Seq6352_155_bp_-1_1_1	ENA|ABK71357|ABK71357.1	66.67	3	1	0	6	8	141	143	10	15.6
Seq6352_155_bp_-1_2_0	ENA|CAA26023|CAA26023.1	27.27	52	32	8	4	51	130	177	0.24	22.2
Seq6352_155_bp_-1_2_0	ENA|CAA26023|CAA26023.1	32.26	35	21	4	18	50	69	101	0.69	20.6
Seq6352_155_bp_-1_2_0	ENA|AAR37016|AAR37016.1	37.04	33	17	6	13	44	2021	2048	0.26	24.6
Seq6352_155_bp_-1_2_0	ENA|ABD49687|ABD49687.1	35.71	33	18	5	5	36	1449	1477	1.3	21.9
Seq6352_155_bp_-1_2_0	ENA|ABN10845|ABN10845.1	27.78	37	26	1	3	38	21	57	1.7	18.5
Seq6352_155_bp_-1_2_0	ENA|AAC26660|AAC26660.1	30.77	28	18	2	7	33	179	205	2	18.5
Seq6352_155_bp_-1_2_0	ENA|AAA25966|AAA25966.1	38.71	42	19	11	5	36	232	272	3	19.4
Seq6352_155_bp_-1_2_0	ENA|CAL82360|CAL82360.1	32.56	56	29	13	7	51	411	464	3.5	20.0
Seq6352_155_bp_-1_2_0	ENA|AAF79734|AAF79734.1	30.30	37	23	4	5	38	956	991	3.9	20.0
Seq6352_155_bp_-1_2_0	ENA|AAB26998|AAB26998.1	40.00	11	6	1	33	42	45	55	9.4	14.4
Seq6352_155_bp_-1_2_0	ENA|BAB79260|BAB79260.1	45.45	11	6	0	14	24	106	116	9.8	16.9
