Seq10063_393_bp_1_1_0	ENA|ABD33854|ABD33854.1	57.14	7	3	0	10	16	58	64	0.46	17.3
Seq10063_393_bp_1_1_0	ENA|AAC97205|AAC97205.1	57.14	7	3	0	7	13	896	902	1.1	20.2
Seq10063_393_bp_1_1_0	ENA|CAA26023|CAA26023.1	37.50	8	5	0	4	11	94	101	1.8	17.9
Seq10063_393_bp_1_1_0	ENA|AAB26998|AAB26998.1	50.00	6	3	0	4	9	10	15	1.9	15.5
Seq10063_393_bp_1_1_0	ENA|AAR37016|AAR37016.1	62.50	8	3	0	5	12	2018	2025	3.2	19.6
Seq10063_393_bp_1_1_0	ENA|BAA05866|BAA05866.1	66.67	6	2	0	3	8	227	232	3.3	16.7
Seq10063_393_bp_1_1_0	ENA|BAA32956|BAA32956.1	60.00	5	2	0	7	11	27	31	5	15.5
Seq10063_393_bp_1_1_0	ENA|AAA32624|AAA32624.1	50.00	13	5	3	5	17	300	309	5.5	16.7
Seq10063_393_bp_1_1_0	ENA|BAB17681|BAB17681.1	37.50	8	5	0	3	10	32	39	6.4	15.5
Seq10063_393_bp_1_1_0	ENA|AAB96524|AAB96524.1	42.86	7	4	0	8	14	168	174	6.6	14.9
Seq10063_393_bp_1_1_0	ENA|CAA29968|CAA29968.1	40.00	5	3	0	11	15	105	109	6.9	14.9
Seq10063_393_bp_1_1_0	ENA|CAA36214|CAA36214.1	80.00	5	1	0	1	5	213	217	7.1	15.5
Seq10063_393_bp_1_1_0	ENA|ABN10845|ABN10845.1	100.00	3	0	0	6	8	52	54	7.6	14.9
Seq10063_393_bp_1_1_0	ENA|CAA28033|CAA28033.1	71.43	7	2	0	9	15	535	541	8.7	17.3
Seq10063_393_bp_1_1_0	ENA|AAI27517|AAI27517.1	60.00	5	2	0	7	11	19	23	9	16.1
Seq10063_393_bp_1_1_0	ENA|CAA73529|CAA73529.1	40.00	5	3	0	10	14	268	272	9.4	14.9
Seq10063_393_bp_1_2_0	ENA|BAB17681|BAB17681.1	46.15	13	7	0	6	18	176	188	0.37	19.5
Seq10063_393_bp_1_2_0	ENA|AAA18786|AAA18786.1	44.44	9	5	0	3	11	186	194	3.3	16.3
Seq10063_393_bp_1_2_0	ENA|CAA28033|CAA28033.1	23.08	13	10	0	5	17	32	44	3.6	18.5
Seq10063_393_bp_1_2_0	ENA|CAA45199|CAA45199.1	44.44	9	5	0	1	9	215	223	4	16.8
Seq10063_393_bp_1_2_0	ENA|ABD33854|ABD33854.1	33.33	6	4	0	12	17	39	44	5	13.6
Seq10063_393_bp_1_2_0	ENA|CAA45708|CAA45708.1	50.00	6	3	0	1	6	299	304	6	17.9
Seq10063_393_bp_1_2_0	ENA|BAB79260|BAB79260.1	75.00	4	1	0	3	6	174	177	7.8	15.8
Seq10063_393_bp_1_2_0	ENA|AAC49865|AAC49865.1	50.00	4	2	0	3	6	173	176	8.2	15.2
Seq10063_393_bp_1_2_0	ENA|AAA42531|AAA42531.1	54.55	11	5	0	6	16	41	51	9.6	15.2
Seq10063_393_bp_-1_1_0	ENA|AAA36114|AAA36114.1	57.14	7	3	0	9	15	162	168	0.17	21.3
Seq10063_393_bp_-1_1_0	ENA|AAC40132|AAC40132.1	62.50	8	3	0	8	15	57	64	1	18.6
Seq10063_393_bp_-1_1_0	ENA|BAA36759|BAA36759.1	44.44	9	5	0	7	15	281	289	1.6	17.3
Seq10063_393_bp_-1_1_0	ENA|CAA28033|CAA28033.1	44.44	9	5	0	2	10	185	193	1.8	19.3
Seq10063_393_bp_-1_1_0	ENA|AAQ92751|AAQ92751.2	66.67	6	2	0	8	13	264	269	1.9	19.3
Seq10063_393_bp_-1_1_0	ENA|AAF79734|AAF79734.1	50.00	8	4	0	8	15	264	271	2	19.3
Seq10063_393_bp_-1_1_0	ENA|AAC26660|AAC26660.1	30.00	10	7	0	5	14	63	72	3.4	15.9
Seq10063_393_bp_-1_1_0	ENA|CAA36214|CAA36214.1	100.00	4	0	0	11	14	101	104	4.1	15.9
Seq10063_393_bp_-1_1_0	ENA|AAC97205|AAC97205.1	50.00	8	4	0	4	11	1005	1012	4.1	17.9
Seq10063_393_bp_-1_1_0	ENA|CAA29968|CAA29968.1	57.14	7	3	0	4	10	89	95	4.1	15.3
Seq10063_393_bp_-1_1_0	ENA|ACH70901|ACH70901.1	36.36	11	7	0	4	14	262	272	4.8	15.9
Seq10063_393_bp_-1_1_0	ENA|ABD49687|ABD49687.1	57.14	7	3	0	3	9	70	76	5.6	17.9
Seq10063_393_bp_-1_1_0	ENA|CAA24711|CAA24711.1	22.22	9	7	0	4	12	7	15	5.7	14.6
Seq10063_393_bp_-1_1_0	ENA|BAA32991|BAA32991.1	50.00	4	2	0	3	6	16	19	8.8	12.6
Seq10063_393_bp_-1_1_0	ENA|BAB79260|BAB79260.1	55.56	9	4	0	7	15	405	413	9.2	15.3
Seq10063_393_bp_-1_1_0	ENA|CAB75732|CAB75732.1	50.00	6	3	0	7	12	529	534	9.3	16.6
Seq10063_393_bp_-1_2_0	ENA|CAA26023|CAA26023.1	50.00	10	5	0	1	10	167	176	1.1	18.6
Seq10063_393_bp_-1_2_0	ENA|BAA32018|BAA32018.1	71.43	7	2	0	2	8	165	171	1.2	19.2
Seq10063_393_bp_-1_2_0	ENA|CAA45708|CAA45708.1	38.46	13	8	0	8	20	1386	1398	2	19.7
Seq10063_393_bp_-1_2_0	ENA|AAB26998|AAB26998.1	50.00	8	4	0	5	12	12	19	2.2	15.3
Seq10063_393_bp_-1_2_0	ENA|AAC17860|AAC17860.1	45.45	11	6	0	2	12	163	173	2.5	17.5
Seq10063_393_bp_-1_2_0	ENA|BAA32956|BAA32956.1	75.00	4	1	0	6	9	27	30	2.7	16.4
Seq10063_393_bp_-1_2_0	ENA|AAA42531|AAA42531.1	41.67	12	7	0	9	20	338	349	4.9	16.4
