Seq10017_374_bp_1_0_0	ABN10845.1	41.67	12	7	0	5	16	108	119	0.019	23.5
Seq10017_374_bp_1_0_0	AAA32624.1	66.67	9	3	0	11	19	40	48	0.25	21.1
Seq10017_374_bp_1_0_0	AAA45888.1	80.00	5	1	0	5	9	164	168	0.42	19.9
Seq10017_374_bp_1_0_0	AAX84812.1	50.00	13	5	3	3	12	87	99	0.44	19.1
Seq10017_374_bp_1_0_0	ACT10338.1	38.46	13	8	0	4	16	301	313	0.74	19.1
Seq10017_374_bp_1_0_0	AAB26998.1	55.56	11	4	2	6	14	26	36	0.79	16.7
Seq10017_374_bp_1_0_0	ACH70904.1	50.00	14	7	0	2	15	222	235	0.9	18.7
Seq10017_374_bp_1_0_0	CAA74140.1	46.67	19	8	4	1	19	643	657	1.8	19.1
Seq10017_374_bp_1_0_0	AAI27517.1	50.00	8	4	0	7	14	96	103	1.9	18.3
Seq10017_374_bp_1_0_0	AAA26915.1	50.00	6	3	0	1	6	431	436	2.7	17.5
Seq10017_374_bp_1_0_0	BAA32991.1	100.00	2	0	0	6	7	28	29	2.7	14.7
Seq10017_374_bp_1_0_0	AAC97205.1	70.00	10	3	0	8	17	610	619	3	18.7
Seq10017_374_bp_1_0_0	CAA26230.1	38.89	20	11	2	2	19	337	356	3.2	17.5
Seq10017_374_bp_1_0_0	CAA43372.1	75.00	4	1	0	5	8	269	272	4.1	16.7
Seq10017_374_bp_1_0_0	AAR37016.1	57.14	7	3	0	7	13	525	531	4.3	19.1
Seq10017_374_bp_1_0_0	CAA73529.1	50.00	8	4	0	12	19	213	220	4.7	15.9
Seq10017_374_bp_1_0_0	ABL74574.1	44.44	10	5	1	11	19	153	162	4.9	15.9
Seq10017_374_bp_1_0_0	CAA04196.1	44.44	9	5	0	11	19	412	420	7	15.9
Seq10017_374_bp_1_0_0	BAB79260.1	50.00	8	4	0	11	18	229	236	7.5	15.9
Seq10017_374_bp_1_0_0	AEE27845.1	38.46	13	8	0	7	19	1122	1134	7.6	17.5
Seq10017_374_bp_1_0_0	BAA32956.1	50.00	6	3	0	6	11	154	159	8	14.7
Seq10017_374_bp_1_0_0	AAA42531.1	38.46	14	8	1	6	19	125	137	8.4	15.5
Seq10017_374_bp_1_0_0	AAH69556.1	50.00	11	5	1	8	17	207	217	8.7	15.1
Seq10017_374_bp_1_0_0	ABD49687.1	66.67	6	2	0	8	13	113	118	9.2	17.5
Seq10017_374_bp_1_0_0	AAA23282.1	42.86	7	4	0	6	12	561	567	9.3	15.9
Seq10017_374_bp_1_0_1	AAA36565.1	33.33	25	16	1	33	57	143	166	1	19.2
Seq10017_374_bp_1_0_1	AAC17860.1	30.91	60	38	5	1	58	104	160	2.5	19.2
Seq10017_374_bp_1_0_1	ABN10845.1	34.38	36	21	4	18	53	163	194	5.1	17.2
Seq10017_374_bp_1_0_1	ABK71357.1	32.00	25	17	0	12	36	245	269	7	17.5
Seq10017_374_bp_1_0_1	BAA32991.1	44.44	9	5	0	48	56	52	60	7.5	15.0
Seq10017_374_bp_1_0_1	CAA74140.1	31.25	34	22	2	30	63	255	286	8	18.6
Seq10017_374_bp_1_0_1	ACH70904.1	25.00	38	27	2	5	40	4	41	8.1	17.2
Seq10017_374_bp_1_0_1	AII71783.1	50.00	39	14	11	10	38	31	68	8.4	16.9
Seq10017_374_bp_1_0_1	AAA42531.1	26.92	53	38	1	4	56	277	328	8.7	17.2
Seq10017_374_bp_1_0_1	AAR37016.1	34.62	57	34	5	12	64	2026	2081	9	19.8
Seq10017_374_bp_1_0_2	CAD53387.1	55.56	9	4	0	5	13	66	74	0.28	20.4
Seq10017_374_bp_1_0_2	CAD53387.1	55.56	9	4	0	5	13	132	140	0.28	20.4
Seq10017_374_bp_1_0_2	CAD53387.1	55.56	9	4	0	5	13	198	206	0.28	20.4
Seq10017_374_bp_1_0_2	CAD53387.1	55.56	9	4	0	5	13	264	272	0.28	20.4
Seq10017_374_bp_1_0_2	CAD53387.1	55.56	9	4	0	5	13	330	338	0.28	20.4
Seq10017_374_bp_1_0_2	CAD53387.1	55.56	9	4	0	5	13	396	404	0.28	20.4
Seq10017_374_bp_1_0_2	ACT10338.1	71.43	7	2	0	7	13	12	18	0.75	18.6
Seq10017_374_bp_1_0_2	AAC08817.1	50.00	13	6	1	1	13	139	150	3.8	14.9
Seq10017_374_bp_1_0_2	BAA32956.1	30.00	10	7	0	4	13	191	200	4.8	14.9
Seq10017_374_bp_1_0_2	AAR31603.1	41.67	12	7	0	2	13	188	199	7.4	14.9
Seq10017_374_bp_1_0_2	BAA32018.1	50.00	6	3	0	8	13	26	31	10	15.4
Seq10017_374_bp_1_0_3	BAA32991.1	50.00	8	4	0	2	9	11	18	0.063	19.7
Seq10017_374_bp_1_0_3	BAA32991.1	40.00	10	6	0	5	14	46	55	0.29	17.6
Seq10017_374_bp_1_0_3	CAA45199.1	55.56	9	4	0	2	10	409	417	0.13	21.5
Seq10017_374_bp_1_0_3	AAX12058.1	50.00	12	6	0	2	13	21	32	0.84	18.0
Seq10017_374_bp_1_0_3	AAH69556.1	80.00	5	1	0	7	11	47	51	1.3	17.6
Seq10017_374_bp_1_0_3	AAC17860.1	60.00	10	4	0	5	14	82	91	1.7	17.6
Seq10017_374_bp_1_0_3	AAA23282.1	41.67	12	7	0	3	14	560	571	1.7	18.0
Seq10017_374_bp_1_0_3	AAB03707.1	80.00	5	1	0	2	6	645	649	2.3	18.9
Seq10017_374_bp_1_0_3	AAB26998.1	60.00	5	2	0	3	7	56	60	2.7	14.5
Seq10017_374_bp_1_0_3	AAC97205.1	30.77	13	9	0	2	14	386	398	2.8	18.4
Seq10017_374_bp_1_0_3	ABD33854.1	50.00	4	2	0	4	7	44	47	2.9	14.1
Seq10017_374_bp_1_0_3	CAA04196.1	57.14	7	3	0	5	11	291	297	4.2	16.2
Seq10017_374_bp_1_0_3	BAA32956.1	75.00	4	1	0	6	9	13	16	5.2	14.9
Seq10017_374_bp_1_0_3	AAB96524.1	75.00	4	1	0	3	6	57	60	6.1	14.5
Seq10017_374_bp_1_0_3	CAA74140.1	85.71	7	1	0	8	14	524	530	6.7	16.7
Seq10017_374_bp_1_0_3	AAA32624.1	30.77	13	9	0	1	13	450	462	6.9	15.8
Seq10017_374_bp_1_0_3	AAA25966.1	75.00	4	1	0	2	5	120	123	7	16.2
Seq10017_374_bp_1_0_3	CAA26230.1	57.14	7	3	0	6	12	382	388	7.3	15.8
Seq10017_374_bp_1_0_3	AAA24142.1	50.00	11	5	1	4	13	206	216	8	15.4
Seq10017_374_bp_1_0_3	BAB70780.1	38.46	13	8	0	2	14	112	124	8.5	15.4
Seq10017_374_bp_1_0_3	ABN10845.1	40.00	5	3	0	1	5	16	20	9.4	14.1
Seq10017_374_bp_1_1_0	BAA32018.1	32.00	25	17	0	9	33	454	478	0.49	21.5
Seq10017_374_bp_1_1_0	CAA73529.1	60.00	10	4	0	25	34	57	66	2.3	18.1
Seq10017_374_bp_1_1_0	AAI27517.1	63.64	13	4	2	3	13	313	325	3.8	18.4
Seq10017_374_bp_1_1_0	AAX84812.1	40.00	10	6	0	1	10	101	110	3.9	17.0
Seq10017_374_bp_1_1_0	AAQ92751.2	37.50	28	15	4	16	41	759	784	4.4	19.5
Seq10017_374_bp_1_1_0	AAB26998.1	31.58	19	13	0	15	33	19	37	4.4	15.3
Seq10017_374_bp_1_1_0	AAA25966.1	47.06	20	9	3	8	27	319	335	4.7	18.4
Seq10017_374_bp_1_1_0	CAA04196.1	50.00	10	5	0	28	37	43	52	5.5	17.4
Seq10017_374_bp_1_1_0	AAR37016.1	31.03	30	20	1	7	36	1386	1414	5.8	19.8
Seq10017_374_bp_1_1_0	BAB79260.1	38.46	30	16	4	9	38	143	168	5.9	17.4
Seq10017_374_bp_1_1_0	ACH70904.1	31.82	22	15	0	9	30	44	65	6	17.0
Seq10017_374_bp_1_1_0	AAA26915.1	42.86	28	12	7	15	40	413	435	6.1	17.4
Seq10017_374_bp_1_1_0	CAA45199.1	47.37	21	10	2	4	22	402	422	6.2	17.4
Seq10017_374_bp_1_1_0	ABD49687.1	33.33	21	14	0	11	31	359	379	6.7	19.1
Seq10017_374_bp_1_1_0	AAC78721.1	29.03	35	22	4	4	34	57	91	6.9	17.7
Seq10017_374_bp_1_1_0	AAA23282.1	33.33	12	8	0	20	31	429	440	7.3	17.4
Seq10017_374_bp_1_1_0	AAA32624.1	36.36	22	14	0	6	27	182	203	8.5	17.0
Seq10017_374_bp_1_1_0	AAC97205.1	36.67	30	19	0	1	30	1117	1146	9.7	18.1
Seq10017_374_bp_1_1_0	AAB96524.1	29.41	20	12	3	10	29	83	99	9.9	15.3
Seq10017_374_bp_1_1_1	ACH70904.1	44.44	9	5	0	4	12	243	251	1.4	17.7
Seq10017_374_bp_1_1_1	CAA45199.1	50.00	10	5	0	5	14	364	373	2.6	17.2
Seq10017_374_bp_1_1_1	AIR13712.1	25.00	12	9	0	2	13	319	330	5	15.7
Seq10017_374_bp_1_1_1	AAB03707.1	40.00	10	6	0	2	11	1110	1119	5.3	17.7
Seq10017_374_bp_1_1_1	EDO47375.1	44.44	9	5	0	7	15	23	31	5.7	14.7
Seq10017_374_bp_1_1_1	AAA18786.1	46.15	13	7	0	1	13	155	167	5.7	15.2
Seq10017_374_bp_1_1_1	AAX12058.1	50.00	10	5	0	5	14	250	259	5.9	15.2
Seq10017_374_bp_1_1_1	AAA23282.1	66.67	6	2	0	6	11	295	300	6.1	16.2
Seq10017_374_bp_1_1_1	AAA32624.1	57.14	7	3	0	4	10	169	175	7.8	15.7
Seq10017_374_bp_1_1_1	AAA24969.1	27.27	11	8	0	4	14	1509	1519	8.1	17.2
Seq10017_374_bp_1_1_1	AAA24142.1	50.00	10	5	0	3	12	28	37	9.3	15.2
Seq10017_374_bp_1_1_2	BAB17681.1	70.00	11	3	1	5	15	158	167	0.038	22.7
Seq10017_374_bp_1_1_2	ABG75784.1	75.00	8	2	0	6	13	269	276	0.11	21.5
Seq10017_374_bp_1_1_2	ABD49687.1	85.71	7	1	0	10	16	979	985	0.43	21.9
Seq10017_374_bp_1_1_2	ABD33854.1	75.00	4	1	0	1	4	50	53	0.55	16.8
Seq10017_374_bp_1_1_2	AAA65607.1	57.14	7	3	0	5	11	159	165	1.7	17.6
Seq10017_374_bp_1_1_2	AAI27517.1	71.43	7	2	0	11	17	517	523	2.8	17.6
Seq10017_374_bp_1_1_2	AAR37016.1	100.00	5	0	0	12	16	1581	1585	3.4	19.3
Seq10017_374_bp_1_1_2	AAA32376.1	40.00	10	6	0	5	14	83	92	3.5	15.5
Seq10017_374_bp_1_1_2	AIR13712.1	50.00	13	6	1	5	16	100	112	3.7	16.4
Seq10017_374_bp_1_1_2	CAD53387.1	50.00	8	4	0	10	17	458	465	5.6	16.4
Seq10017_374_bp_1_1_2	CAA04196.1	50.00	6	3	0	2	7	75	80	6.2	15.9
Seq10017_374_bp_1_1_2	AAA24969.1	58.33	16	5	4	1	16	269	280	6.9	17.6
Seq10017_374_bp_1_1_2	ACH70904.1	33.33	9	6	0	4	12	178	186	7.1	15.5
Seq10017_374_bp_1_1_2	AAX12058.1	71.43	8	2	1	5	12	215	221	7.3	15.1
Seq10017_374_bp_1_1_2	AAH69556.1	55.56	10	4	1	4	12	25	34	8	15.1
Seq10017_374_bp_1_1_2	AAR31603.1	25.00	16	12	0	2	17	294	309	8.6	15.1
Seq10017_374_bp_1_1_2	AAA24142.1	85.71	8	1	1	5	12	426	432	8.8	15.5
Seq10017_374_bp_1_1_2	ABK71357.1	46.15	14	7	1	2	15	62	74	9.6	15.1
Seq10017_374_bp_1_1_2	CAA74140.1	42.86	15	8	1	2	15	8	22	10	16.4
Seq10017_374_bp_1_2_0	AII71783.1	43.75	16	9	0	5	20	22	37	0.081	22.1
Seq10017_374_bp_1_2_0	AAB26998.1	40.00	16	9	1	1	16	28	42	0.61	17.2
Seq10017_374_bp_1_2_0	ABN10845.1	30.00	20	14	0	1	20	162	181	0.67	18.6
Seq10017_374_bp_1_2_0	AAR31603.1	53.33	16	7	1	5	19	292	307	0.75	19.0
Seq10017_374_bp_1_2_0	CAA45199.1	30.77	13	9	0	2	14	371	383	0.79	19.5
Seq10017_374_bp_1_2_0	AAC17860.1	40.00	15	9	0	4	18	68	82	0.93	19.0
Seq10017_374_bp_1_2_0	AAI27517.1	53.33	18	7	3	1	18	347	361	2.5	18.1
Seq10017_374_bp_1_2_0	AAA18786.1	31.58	19	13	0	3	21	66	84	2.8	16.8
Seq10017_374_bp_1_2_0	CAD53387.1	45.45	11	6	0	7	17	66	76	3.8	17.2
Seq10017_374_bp_1_2_0	CAA73529.1	27.78	20	13	2	1	18	256	275	3.8	16.3
Seq10017_374_bp_1_2_0	AAB64315.2	26.67	15	11	0	2	16	1	15	4.6	16.3
Seq10017_374_bp_1_2_0	AIR13712.1	37.50	16	10	0	5	20	243	258	4.6	16.3
Seq10017_374_bp_1_2_0	ABK71357.1	83.33	6	1	0	2	7	72	77	5.2	16.3
Seq10017_374_bp_1_2_0	ACT10338.1	62.50	9	3	1	13	20	305	313	5.4	16.3
Seq10017_374_bp_1_2_0	BAA32956.1	55.56	9	4	0	9	17	184	192	5.4	15.5
Seq10017_374_bp_1_2_0	CAA11507.1	46.15	13	7	0	3	15	473	485	5.5	18.1
Seq10017_374_bp_1_2_0	AAA32376.1	44.44	9	5	0	6	14	6	14	6	15.0
Seq10017_374_bp_1_2_0	AAR37016.1	80.00	5	1	0	14	18	756	760	6.9	18.6
Seq10017_374_bp_1_2_0	AAA42531.1	27.27	11	8	0	10	20	268	278	7.2	15.9
Seq10017_374_bp_1_2_0	AEE27845.1	100.00	5	0	0	12	16	1161	1165	7.5	17.7
Seq10017_374_bp_1_2_0	AAH69556.1	50.00	15	7	1	7	21	245	258	7.6	15.5
Seq10017_374_bp_1_2_0	ABD49687.1	40.00	10	6	0	3	12	704	713	9.1	17.7
Seq10017_374_bp_1_2_0	AAA32624.1	31.58	20	13	1	1	20	174	192	9.5	15.9
Seq10017_374_bp_1_2_1	BAA32991.1	62.50	8	3	0	10	17	59	66	0.045	21.1
Seq10017_374_bp_1_2_1	AAC97205.1	29.17	24	17	0	2	25	862	885	0.25	22.8
Seq10017_374_bp_1_2_1	AAC97205.1	55.56	9	4	0	3	11	275	283	0.6	21.5
Seq10017_374_bp_1_2_1	AAQ92751.2	25.00	20	15	0	4	23	1203	1222	0.9	21.1
Seq10017_374_bp_1_2_1	CAA45199.1	46.15	14	7	1	10	23	427	439	1.3	19.0
Seq10017_374_bp_1_2_1	CAA11507.1	52.63	24	9	5	3	26	1026	1044	1.6	20.3
Seq10017_374_bp_1_2_1	AAR37016.1	35.71	14	9	0	3	16	635	648	2	20.7
Seq10017_374_bp_1_2_1	EDO47375.1	28.57	15	10	1	10	23	148	162	3	16.5
Seq10017_374_bp_1_2_1	AAA18786.1	44.44	9	5	0	7	15	65	73	3.2	16.9
Seq10017_374_bp_1_2_1	ABD49687.1	60.00	10	4	0	4	13	118	127	3.5	19.4
Seq10017_374_bp_1_2_1	AAR31603.1	40.00	10	6	0	6	15	278	287	3.9	16.9
Seq10017_374_bp_1_2_1	ACH70904.1	25.00	16	12	0	11	26	334	349	4.2	16.9
Seq10017_374_bp_1_2_1	AAA36565.1	62.50	8	3	0	10	17	55	62	4.7	15.6
Seq10017_374_bp_1_2_1	AAC17860.1	32.00	25	17	0	2	26	123	147	4.8	16.9
Seq10017_374_bp_1_2_1	AAB96524.1	25.00	20	15	0	1	20	163	182	5.2	15.6
Seq10017_374_bp_1_2_1	ABK71357.1	40.00	15	9	0	2	16	296	310	5.8	16.5
Seq10017_374_bp_1_2_1	CAA26230.1	38.89	19	11	1	9	26	341	359	6.4	16.9
Seq10017_374_bp_1_2_1	AAX12058.1	30.00	20	14	0	2	21	243	262	7.5	15.6
Seq10017_374_bp_1_2_1	CAA04196.1	33.33	9	6	0	15	23	307	315	8.4	16.1
Seq10017_374_bp_1_2_1	AAI27517.1	30.43	23	16	0	4	26	364	386	8.9	16.5
Seq10017_374_bp_1_2_1	AAF01122.1	50.00	6	3	0	4	9	371	376	10	15.6
Seq10017_374_bp_1_2_2	AAA72732.1	77.78	10	2	1	1	9	225	234	0.065	21.9
Seq10017_374_bp_1_2_2	AAB64315.2	41.67	12	7	0	3	14	277	288	0.64	18.6
Seq10017_374_bp_1_2_2	AAI27517.1	40.00	10	6	0	1	10	182	191	3	17.3
Seq10017_374_bp_1_2_2	AAX84812.1	55.56	9	4	0	5	13	95	103	3	15.9
Seq10017_374_bp_1_2_2	ACT10338.1	66.67	6	2	0	1	6	119	124	3.7	16.3
Seq10017_374_bp_1_2_2	ABL74574.1	57.14	7	3	0	3	9	183	189	3.8	15.9
Seq10017_374_bp_1_2_2	AAA24142.1	33.33	12	8	0	1	12	92	103	4.2	16.3
Seq10017_374_bp_1_2_2	AAB26998.1	37.50	8	5	0	1	8	47	54	5	13.6
Seq10017_374_bp_1_2_2	AAA36565.1	42.86	7	4	0	8	14	61	67	5.6	14.5
Seq10017_374_bp_1_2_2	AAC97205.1	57.14	7	3	0	3	9	877	883	6	17.3
Seq10017_374_bp_1_2_2	AAH69556.1	50.00	8	4	0	2	9	246	253	7.3	14.9
Seq10017_374_bp_1_2_2	AAB96524.1	44.44	9	5	0	1	9	138	146	8.3	14.0
Seq10017_374_bp_1_2_2	ABK71357.1	100.00	3	0	0	1	3	176	178	8.7	14.9
Seq10017_374_bp_1_2_2	AAA42531.1	45.45	11	6	0	4	14	114	124	9.1	14.9
Seq10017_374_bp_1_2_3	AAA42531.1	50.00	10	5	0	8	17	263	272	0.036	23.4
Seq10017_374_bp_1_2_3	AAA42531.1	33.33	12	8	0	3	14	189	200	0.62	19.3
Seq10017_374_bp_1_2_3	BAB79260.1	46.15	13	7	0	6	18	442	454	0.28	20.7
Seq10017_374_bp_1_2_3	AAA23282.1	43.75	17	9	1	2	18	209	224	0.66	19.7
Seq10017_374_bp_1_2_3	ABD33854.1	40.00	10	6	0	9	18	49	58	0.93	16.1
Seq10017_374_bp_1_2_3	AAB64315.2	50.00	6	3	0	6	11	47	52	1.4	17.9
Seq10017_374_bp_1_2_3	AAA25966.1	33.33	13	8	1	5	17	310	321	2.2	18.4
Seq10017_374_bp_1_2_3	AAR37016.1	55.56	10	4	1	6	15	2021	2029	2.7	19.7
Seq10017_374_bp_1_2_3	AAX12058.1	25.00	16	12	0	3	18	117	132	2.9	16.5
Seq10017_374_bp_1_2_3	CAD53387.1	33.33	9	6	0	2	10	473	481	3.8	17.0
Seq10017_374_bp_1_2_3	AAR31603.1	57.14	9	3	2	5	13	81	87	4.7	16.1
Seq10017_374_bp_1_2_3	AAB26998.1	50.00	6	3	0	1	6	9	14	5.4	13.8
Seq10017_374_bp_1_2_3	AAQ92751.2	83.33	6	1	0	1	6	781	786	5.5	17.9
Seq10017_374_bp_1_2_3	AAC17860.1	44.44	9	5	0	4	12	97	105	5.8	16.1
Seq10017_374_bp_1_2_3	AAH69556.1	40.00	10	6	0	8	17	139	148	5.9	15.6
Seq10017_374_bp_1_2_3	EDO47375.1	62.50	9	3	1	9	17	72	79	6.8	14.7
Seq10017_374_bp_1_2_3	BAB17681.1	50.00	8	4	0	2	9	33	40	7.2	15.2
Seq10017_374_bp_1_2_3	AEE27845.1	45.45	11	6	0	3	13	877	887	7.5	17.5
Seq10017_374_bp_1_2_3	ABN10845.1	30.77	13	9	0	6	18	91	103	7.7	14.7
Seq10017_374_bp_1_2_3	CAA73529.1	50.00	6	3	0	6	11	40	45	9.6	14.7
Seq10017_374_bp_-1_0_0	ABD33854.1	42.86	7	4	0	5	11	42	48	1.4	15.0
Seq10017_374_bp_-1_0_0	CAA73529.1	40.00	10	6	0	2	11	250	259	2.1	16.4
Seq10017_374_bp_-1_0_0	EDO47375.1	57.14	8	3	1	5	12	143	149	5.4	14.5
Seq10017_374_bp_-1_0_0	AAX12058.1	71.43	7	2	0	1	7	171	177	5.6	15.0
Seq10017_374_bp_-1_0_0	AAA36565.1	57.14	7	3	0	2	8	31	37	6.7	14.0
Seq10017_374_bp_-1_0_0	CAA11507.1	44.44	9	5	0	3	11	18	26	7.2	16.9
Seq10017_374_bp_-1_0_0	ABL74574.1	57.14	7	3	0	4	10	163	169	8.1	14.5
Seq10017_374_bp_-1_0_0	AAR37016.1	71.43	7	2	0	3	9	1613	1619	8.7	17.4
Seq10017_374_bp_-1_0_1	BAA32991.1	45.45	11	6	0	6	16	16	26	0.0078	23.5
Seq10017_374_bp_-1_0_1	AAC08817.1	42.86	21	12	0	3	23	48	68	0.014	23.9
Seq10017_374_bp_-1_0_1	BAB79260.1	38.46	13	8	0	10	22	323	335	0.34	20.8
Seq10017_374_bp_-1_0_1	EDO47375.1	30.77	13	9	0	1	13	143	155	0.36	19.4
Seq10017_374_bp_-1_0_1	AAA45888.1	47.06	18	9	1	6	23	78	94	0.53	19.9
Seq10017_374_bp_-1_0_1	AAQ92751.2	50.00	10	5	0	9	18	243	252	1.9	19.9
Seq10017_374_bp_-1_0_1	AAI27517.1	38.46	13	8	0	2	14	212	224	2.8	18.1
Seq10017_374_bp_-1_0_1	AAB26998.1	60.00	11	4	1	8	17	21	31	3.3	14.9
Seq10017_374_bp_-1_0_1	AEE27845.1	50.00	8	4	0	2	9	727	734	3.5	19.0
Seq10017_374_bp_-1_0_1	AAB96524.1	57.14	7	3	0	2	8	174	180	4.1	15.8
Seq10017_374_bp_-1_0_1	AAA42531.1	100.00	4	0	0	11	14	326	329	4.6	16.7
Seq10017_374_bp_-1_0_1	AAR37016.1	23.53	17	13	0	4	20	1184	1200	5.8	19.0
Seq10017_374_bp_-1_0_1	AAA72732.1	47.37	20	10	1	1	19	124	143	6.7	15.8
Seq10017_374_bp_-1_0_1	CAA26230.1	35.71	14	9	0	5	18	282	295	8.7	16.3
Seq10017_374_bp_-1_0_2	AAB96524.1	33.33	18	12	0	6	23	151	168	0.79	18.4
Seq10017_374_bp_-1_0_2	CAA04196.1	60.00	10	4	0	16	25	42	51	1.4	18.8
Seq10017_374_bp_-1_0_2	BAA32991.1	75.00	4	1	0	23	26	32	35	1.7	15.8
Seq10017_374_bp_-1_0_2	BAB17681.1	66.67	6	2	0	7	12	119	124	2.5	17.3
Seq10017_374_bp_-1_0_2	CAA26230.1	31.82	22	15	0	2	23	498	519	3	18.0
Seq10017_374_bp_-1_0_2	ABD49687.1	53.33	16	7	1	7	21	1003	1018	3.3	19.5
Seq10017_374_bp_-1_0_2	BAB70780.1	50.00	10	5	0	10	19	87	96	5.5	16.9
Seq10017_374_bp_-1_0_2	CAA45199.1	50.00	10	5	0	7	16	35	44	6.9	16.6
Seq10017_374_bp_-1_0_2	AAA36565.1	40.00	5	3	0	19	23	67	71	8.7	14.7
Seq10017_374_bp_-1_0_2	ABD33854.1	25.00	16	12	0	1	16	36	51	9.2	13.2
Seq10017_374_bp_-1_0_3	CAA43372.1	60.00	10	4	0	2	11	3	12	2.7	16.6
Seq10017_374_bp_-1_0_3	AAB26998.1	60.00	12	4	2	1	10	31	42	3.3	13.9
Seq10017_374_bp_-1_0_3	CAA73529.1	55.56	9	4	0	1	9	231	239	3.3	15.7
Seq10017_374_bp_-1_0_3	AAA18786.1	36.36	11	7	0	1	11	204	214	4.4	15.3
Seq10017_374_bp_-1_0_3	AAQ92751.2	45.45	11	6	0	1	11	871	881	4.8	17.5
Seq10017_374_bp_-1_0_3	AAC17860.1	40.00	10	6	0	2	11	191	200	4.9	15.7
Seq10017_374_bp_-1_0_3	AAB64315.2	33.33	9	6	0	1	9	257	265	7.2	14.8
Seq10017_374_bp_-1_0_3	AAB96524.1	40.00	10	6	0	2	11	119	128	7.6	13.9
Seq10017_374_bp_-1_0_3	ABK71357.1	60.00	5	2	0	4	8	78	82	8.1	14.8
Seq10017_374_bp_-1_0_3	ABN10845.1	50.00	12	5	2	3	12	129	140	8.8	13.9
Seq10017_374_bp_-1_0_3	CAA26230.1	50.00	6	3	0	2	7	483	488	8.9	15.3
Seq10017_374_bp_-1_0_3	AAH69556.1	75.00	4	1	0	3	6	150	153	9	14.4
Seq10017_374_bp_-1_1_0	BAA32956.1	62.50	8	3	0	6	13	91	98	0.43	18.6
Seq10017_374_bp_-1_1_0	CAA26230.1	50.00	12	5	2	2	11	392	403	2	17.8
Seq10017_374_bp_-1_1_0	AIR13712.1	80.00	6	1	1	3	8	136	140	2.1	16.9
Seq10017_374_bp_-1_1_0	ABS38337.1	33.33	12	8	0	3	14	1068	1079	4.5	17.8
Seq10017_374_bp_-1_1_0	AAB03707.1	80.00	5	1	0	5	9	1219	1223	6.3	17.4
Seq10017_374_bp_-1_1_0	CAA45199.1	100.00	3	0	0	1	3	449	451	6.7	15.7
Seq10017_374_bp_-1_1_0	AAA65607.1	66.67	6	2	0	6	11	119	124	6.9	15.3
Seq10017_374_bp_-1_1_0	ABN10845.1	50.00	4	2	0	3	6	54	57	9.4	14.1
Seq10017_374_bp_-1_1_0	AAC08817.1	25.00	8	6	0	2	9	4	11	9.4	13.6
Seq10017_374_bp_-1_1_0	AAA32624.1	55.56	11	4	2	3	11	356	366	9.6	15.3
Seq10017_374_bp_-1_1_1	AAA25966.1	50.00	12	6	0	4	15	526	537	0.92	19.5
Seq10017_374_bp_-1_1_1	AAR37016.1	54.55	11	5	0	1	11	1146	1156	1.2	20.8
Seq10017_374_bp_-1_1_1	ABD33854.1	53.85	14	6	1	3	16	11	23	1.9	14.9
Seq10017_374_bp_-1_1_1	AAH69556.1	55.56	9	4	0	3	11	26	34	4.7	15.8
Seq10017_374_bp_-1_1_1	AAA65607.1	55.56	9	4	0	5	13	29	37	5.6	15.8
Seq10017_374_bp_-1_1_1	AAA45888.1	31.25	16	11	0	1	16	42	57	7.9	15.3
Seq10017_374_bp_-1_1_1	AEE27845.1	60.00	10	4	0	1	10	1295	1304	8.1	17.2
Seq10017_374_bp_-1_1_1	AAB64315.2	42.86	7	4	0	1	7	161	167	9.1	14.9
Seq10017_374_bp_-1_1_1	BAB79260.1	57.14	7	3	0	7	13	14	20	9.2	15.3
Seq10017_374_bp_-1_1_1	CAA74140.1	55.56	9	4	0	7	15	427	435	10	16.3
Seq10017_374_bp_-1_1_2	AAB26998.1	45.45	11	6	0	10	20	19	29	0.065	20.5
Seq10017_374_bp_-1_1_2	AAA42531.1	40.00	16	9	1	6	21	154	168	0.44	20.0
Seq10017_374_bp_-1_1_2	AAA42531.1	35.71	17	9	3	3	16	301	317	0.44	20.0
Seq10017_374_bp_-1_1_2	AAA36565.1	60.00	12	4	2	6	15	77	88	0.64	18.3
Seq10017_374_bp_-1_1_2	BAA32991.1	44.44	9	5	0	13	21	1	9	0.89	16.5
Seq10017_374_bp_-1_1_2	CAD53387.1	37.50	16	10	0	1	16	479	494	1.9	18.3
Seq10017_374_bp_-1_1_2	ABN10845.1	80.00	5	1	0	17	21	116	120	2.1	16.9
Seq10017_374_bp_-1_1_2	AAX12058.1	40.00	16	9	1	5	19	248	263	2.6	16.9
Seq10017_374_bp_-1_1_2	CAA73529.1	25.00	20	15	0	1	20	79	98	2.6	16.9
Seq10017_374_bp_-1_1_2	BAA32956.1	45.45	12	6	1	8	19	14	24	2.7	16.5
Seq10017_374_bp_-1_1_2	BAB70780.1	40.00	10	6	0	9	18	434	443	3.3	17.4
Seq10017_374_bp_-1_1_2	AAR37016.1	47.37	23	10	4	1	19	1134	1156	3.5	19.6
Seq10017_374_bp_-1_1_2	CAA74140.1	80.00	5	1	0	3	7	266	270	4.7	17.8
Seq10017_374_bp_-1_1_2	CAA43372.1	75.00	4	1	0	4	7	403	406	5.2	16.5
Seq10017_374_bp_-1_1_2	AAA24969.1	72.73	12	3	1	10	21	1420	1430	5.6	18.3
Seq10017_374_bp_-1_1_2	CAA45199.1	100.00	3	0	0	6	8	282	284	5.9	16.5
Seq10017_374_bp_-1_1_2	AAA26915.1	40.00	17	9	2	3	17	404	420	7.8	16.0
Seq10017_374_bp_-1_1_2	AAA18786.1	71.43	8	2	1	9	16	262	268	8.2	15.2
Seq10017_374_bp_-1_1_2	ABD49687.1	50.00	8	4	0	5	12	1149	1156	8.3	17.8
Seq10017_374_bp_-1_1_2	ABL74574.1	70.00	14	3	4	2	11	181	194	8.8	15.2
Seq10017_374_bp_-1_1_2	CAA26230.1	80.00	5	1	0	1	5	293	297	9.2	16.0
Seq10017_374_bp_-1_1_2	AAB64315.2	30.77	13	9	0	3	15	143	155	9.9	15.2
Seq10017_374_bp_-1_1_3	AAC08817.1	37.50	16	10	0	12	27	112	127	1.4	18.0
Seq10017_374_bp_-1_1_3	AAC78721.1	30.00	41	28	1	1	40	529	569	6.8	17.7
Seq10017_374_bp_-1_1_3	AAB96524.1	31.82	22	15	0	17	38	98	119	7.6	15.7
Seq10017_374_bp_-1_1_3	ABK71357.1	50.00	15	7	1	23	37	233	246	9.4	16.3
Seq10017_374_bp_-1_1_3	CAA45199.1	34.48	32	19	3	3	32	49	79	9.4	16.7
Seq10017_374_bp_-1_2_0	AIR13712.1	42.86	14	8	0	1	14	201	214	0.04	23.3
Seq10017_374_bp_-1_2_0	AAQ92751.2	53.33	15	7	0	4	18	542	556	0.4	22.0
Seq10017_374_bp_-1_2_0	AAQ92751.2	52.94	23	8	6	5	21	1215	1237	0.72	21.2
Seq10017_374_bp_-1_2_0	AAC17860.1	31.25	16	11	0	2	17	395	410	0.9	19.1
Seq10017_374_bp_-1_2_0	AAB26998.1	80.00	5	1	0	3	7	58	62	0.98	16.6
Seq10017_374_bp_-1_2_0	ABN10845.1	42.86	14	8	0	2	15	79	92	1.5	17.5
Seq10017_374_bp_-1_2_0	BAA32018.1	50.00	10	5	0	6	15	218	227	2.4	18.3
Seq10017_374_bp_-1_2_0	BAB17681.1	27.27	11	8	0	12	22	167	177	3.3	16.6
Seq10017_374_bp_-1_2_0	BAA32956.1	37.50	8	5	0	5	12	23	30	3.4	16.2
Seq10017_374_bp_-1_2_0	AAA45888.1	80.00	5	1	0	15	19	80	84	3.5	17.0
Seq10017_374_bp_-1_2_0	ACT10338.1	40.00	16	9	1	1	16	294	308	3.5	17.0
Seq10017_374_bp_-1_2_0	CAA73529.1	33.33	9	6	0	14	22	91	99	4.4	16.2
Seq10017_374_bp_-1_2_0	AAA32624.1	27.78	18	13	0	5	22	269	286	4.7	17.0
Seq10017_374_bp_-1_2_0	AAA32376.1	26.67	15	11	0	1	15	29	43	5	15.4
Seq10017_374_bp_-1_2_0	AAA26915.1	50.00	6	3	0	5	10	428	433	5.6	16.6
Seq10017_374_bp_-1_2_0	AAA24969.1	41.18	18	10	1	1	18	97	113	5.7	18.3
Seq10017_374_bp_-1_2_0	ACH70904.1	57.14	7	3	0	4	10	142	148	5.7	16.2
Seq10017_374_bp_-1_2_0	BAA32991.1	27.78	19	13	1	4	22	43	60	6.2	13.7
Seq10017_374_bp_-1_2_0	AAA25966.1	45.45	12	6	1	1	11	208	219	6.4	17.0
Seq10017_374_bp_-1_2_0	AAH69556.1	45.45	11	6	0	7	17	270	280	6.4	15.8
Seq10017_374_bp_-1_2_0	AAA18786.1	33.33	12	8	0	1	12	32	43	7.5	15.4
Seq10017_374_bp_-1_2_0	ABK71357.1	41.18	18	10	1	1	17	132	149	7.8	15.8
Seq10017_374_bp_-1_2_0	AAR37016.1	31.25	16	11	0	7	22	274	289	8.6	18.3
Seq10017_374_bp_-1_2_0	BAB70780.1	57.14	7	3	0	13	19	300	306	9.9	15.8
Seq10017_374_bp_-1_2_1	CAA73529.1	33.33	12	8	0	3	14	179	190	1.2	17.9
Seq10017_374_bp_-1_2_1	AAC17860.1	50.00	10	5	0	8	17	155	164	3.2	17.0
Seq10017_374_bp_-1_2_1	BAA32956.1	66.67	6	2	0	12	17	147	152	4	15.7
Seq10017_374_bp_-1_2_1	AAB96524.1	60.00	10	4	0	6	15	4	13	4.8	15.2
Seq10017_374_bp_-1_2_1	ABK71357.1	40.00	10	6	0	6	15	325	334	5.2	16.1
Seq10017_374_bp_-1_2_1	AAA23282.1	62.50	8	3	0	4	11	387	394	5.8	16.6
Seq10017_374_bp_-1_2_2	AAR37016.1	38.46	13	8	0	4	16	1895	1907	0.63	22.1
Seq10017_374_bp_-1_2_2	AAB26998.1	40.00	10	6	0	2	11	36	45	0.78	16.9
Seq10017_374_bp_-1_2_2	ABD49687.1	44.44	19	10	1	3	20	842	860	0.8	21.3
Seq10017_374_bp_-1_2_2	AAA25966.1	54.55	12	5	1	1	11	321	332	1.4	19.3
Seq10017_374_bp_-1_2_2	AAA26915.1	33.33	19	12	1	3	20	435	453	1.5	18.5
Seq10017_374_bp_-1_2_2	AAC17860.1	50.00	13	6	1	4	16	38	49	1.8	18.1
Seq10017_374_bp_-1_2_2	BAE97662.1	60.00	11	4	1	4	13	814	824	2.1	19.3
Seq10017_374_bp_-1_2_2	ABN10845.1	66.67	9	3	0	7	15	200	208	2.8	16.5
Seq10017_374_bp_-1_2_2	ABG75784.1	41.67	12	7	0	4	15	247	258	3.1	16.9
Seq10017_374_bp_-1_2_2	CAA43372.1	40.00	10	6	0	3	12	269	278	3.1	17.3
Seq10017_374_bp_-1_2_2	BAB70780.1	41.67	12	7	0	8	19	88	99	3.6	17.3
Seq10017_374_bp_-1_2_2	BAA32956.1	50.00	27	9	9	2	21	90	114	4.7	15.7
Seq10017_374_bp_-1_2_2	AAB03707.1	43.75	17	9	1	5	21	579	594	5.7	18.1
Seq10017_374_bp_-1_2_2	CAA45199.1	46.15	15	7	2	4	18	20	32	5.9	16.5
Seq10017_374_bp_-1_2_2	AAA45888.1	75.00	4	1	0	3	6	164	167	6.4	16.1
Seq10017_374_bp_-1_2_2	AAX84812.1	23.08	13	10	0	9	21	28	40	8.7	14.9
Seq10017_374_bp_-1_2_2	AAA24142.1	55.56	9	4	0	10	18	197	205	9.6	15.7
Seq10017_374_bp_-1_2_3	BAA32956.1	28.57	29	20	1	6	34	154	181	0.95	18.7
Seq10017_374_bp_-1_2_3	CAA73529.1	47.62	24	11	3	8	31	9	29	0.98	19.1
Seq10017_374_bp_-1_2_3	AAA25966.1	38.46	31	16	5	6	31	347	377	2.5	19.1
Seq10017_374_bp_-1_2_3	AAB96524.1	45.45	11	6	0	17	27	97	107	5.4	16.0
Seq10017_374_bp_-1_2_3	AAB26998.1	26.67	35	22	5	2	35	10	40	5.9	14.6
Seq10017_374_bp_-1_2_3	AAC97205.1	33.33	24	16	0	9	32	1185	1208	6.7	18.4
Seq10017_374_bp_-1_2_3	AAI27517.1	50.00	12	6	0	24	35	211	222	8.2	17.0
Seq10017_374_bp_-1_2_4	AAA65607.1	53.33	16	7	1	2	16	105	120	0.91	19.1
Seq10017_374_bp_-1_2_4	ABK71357.1	55.56	9	4	0	1	9	208	216	0.92	19.1
Seq10017_374_bp_-1_2_4	AAA32376.1	41.67	12	7	0	6	17	59	70	4.2	15.7
Seq10017_374_bp_-1_2_4	AAX84812.1	62.50	8	3	0	17	24	1	8	4.4	16.1
Seq10017_374_bp_-1_2_4	CAA04196.1	42.86	23	12	2	4	24	126	148	4.7	16.8
Seq10017_374_bp_-1_2_4	AAA24969.1	31.58	19	13	0	5	23	427	445	4.7	18.7
Seq10017_374_bp_-1_2_4	AAR31603.1	40.00	12	6	2	11	20	78	89	6.1	16.1
Seq10017_374_bp_-1_2_4	AAA36565.1	50.00	14	6	2	11	24	104	115	6.7	15.0
Seq10017_374_bp_-1_2_4	CAA74140.1	62.50	8	3	0	13	20	12	19	7.9	17.2
Seq10017_374_bp_-1_2_4	AAI27517.1	38.46	14	8	1	6	19	375	387	8.3	16.5
Seq10017_374_bp_-1_2_4	AAA26915.1	41.67	12	7	0	2	13	291	302	8.5	16.1
Seq10017_374_bp_-1_2_4	ABG75784.1	54.55	11	5	0	3	13	252	262	9.4	15.4
Seq10017_374_bp_-1_2_4	AAA32624.1	46.67	19	8	4	1	19	391	405	9.4	16.1
