Seq5156_142_bp_1_0_0	AAA24969.1	54.55	11	5	0	4	14	223	233	5.2	18.2
Seq5156_142_bp_1_0_0	AAQ92751.2	58.33	12	5	0	7	18	392	403	6.8	17.6
Seq5156_142_bp_1_0_0	ABS38337.1	83.33	6	1	0	13	18	788	793	9.1	17.0
Seq5156_142_bp_1_1_0	AAA24969.1	100.00	47	0	0	1	47	1318	1364	4.5e-30	119.5
Seq5156_142_bp_1_1_0	AAB03707.1	34.38	33	21	1	1	33	1169	1200	0.05	26.2
Seq5156_142_bp_1_1_0	ABS38337.1	56.25	17	7	1	31	46	368	384	1.1	21.5
Seq5156_142_bp_1_1_0	BAA32018.1	42.86	14	8	0	34	47	271	284	9.2	17.4
Seq5156_142_bp_1_1_0	BAE97662.1	54.55	11	5	0	26	36	231	241	9.4	18.2
Seq5156_142_bp_1_2_0	ABD33854.1	44.44	9	5	0	9	17	2	10	4.4	13.8
Seq5156_142_bp_1_2_0	ACT10338.1	37.50	16	10	0	2	17	287	302	4.4	16.4
Seq5156_142_bp_1_2_0	ABG75784.1	66.67	6	2	0	1	6	198	203	5	15.9
Seq5156_142_bp_1_2_0	AAB96524.1	50.00	6	3	0	2	7	53	58	6.1	14.9
Seq5156_142_bp_1_2_0	CAA43372.1	62.50	8	3	0	9	16	236	243	6.6	15.9
Seq5156_142_bp_1_2_0	BAA32956.1	50.00	10	5	0	1	10	125	134	6.9	14.9
Seq5156_142_bp_1_2_1	ABD33854.1	60.00	5	2	0	5	9	5	9	0.21	17.9
Seq5156_142_bp_1_2_1	BAB79260.1	55.56	9	4	0	4	12	206	214	0.37	19.9
Seq5156_142_bp_1_2_1	BAB79260.1	45.45	11	6	0	4	14	356	366	0.59	19.2
Seq5156_142_bp_1_2_1	AAA42531.1	80.00	5	1	0	7	11	253	257	0.5	19.2
Seq5156_142_bp_1_2_1	ABK71357.1	50.00	8	4	0	6	13	65	72	0.77	18.6
Seq5156_142_bp_1_2_1	AAA45888.1	45.45	12	6	1	3	14	84	94	1.3	17.9
Seq5156_142_bp_1_2_1	ABD49687.1	45.45	11	6	0	3	13	1066	1076	1.4	19.9
Seq5156_142_bp_1_2_1	EDO47375.1	66.67	6	2	0	5	10	114	119	1.6	16.5
Seq5156_142_bp_1_2_1	AAR31603.1	42.86	7	4	0	4	10	94	100	1.7	17.2
Seq5156_142_bp_1_2_1	AAI27517.1	57.14	7	3	0	4	10	264	270	1.9	17.9
Seq5156_142_bp_1_2_1	AAC08817.1	42.86	7	4	0	8	14	81	87	2.2	15.9
Seq5156_142_bp_1_2_1	AAH69556.1	40.00	10	6	0	1	10	212	221	2.5	16.5
Seq5156_142_bp_1_2_1	AAB26998.1	37.50	8	5	0	4	11	5	12	4.1	13.8
Seq5156_142_bp_1_2_1	AAA32376.1	60.00	5	2	0	10	14	131	135	5.6	14.5
Seq5156_142_bp_1_2_1	AAA72732.1	50.00	8	4	0	4	11	180	187	6.3	15.2
Seq5156_142_bp_1_2_1	AAB64315.2	100.00	3	0	0	6	8	175	177	6.6	15.2
Seq5156_142_bp_1_2_1	ABN10845.1	20.00	10	8	0	5	14	25	34	7	14.5
Seq5156_142_bp_1_2_1	AAA65607.1	100.00	3	0	0	6	8	6	8	7.4	15.2
Seq5156_142_bp_1_2_1	ACT10338.1	60.00	5	2	0	7	11	240	244	7.8	15.2
Seq5156_142_bp_1_2_1	ABL74574.1	40.00	5	3	0	6	10	143	147	9.1	14.5
Seq5156_142_bp_1_2_1	ABG75784.1	100.00	3	0	0	5	7	297	299	9.8	14.5
Seq5156_142_bp_-1_0_0	AAB03707.1	71.43	7	2	0	11	17	329	335	0.64	21.3
Seq5156_142_bp_-1_0_0	AAR37016.1	35.71	14	9	0	6	19	1827	1840	0.73	21.9
Seq5156_142_bp_-1_0_0	ABD49687.1	46.67	15	8	0	6	20	1066	1080	1.8	20.1
Seq5156_142_bp_-1_0_0	AAA23282.1	50.00	8	4	0	13	20	235	242	2.9	17.8
Seq5156_142_bp_-1_0_0	CAA04196.1	50.00	6	3	0	3	8	258	263	3.2	17.2
Seq5156_142_bp_-1_0_0	AAA24142.1	41.67	12	7	0	7	18	273	284	3.4	17.2
Seq5156_142_bp_-1_0_0	AAC17860.1	50.00	10	5	0	9	18	264	273	4.6	16.6
Seq5156_142_bp_-1_0_0	ABD33854.1	45.45	11	6	0	2	12	6	16	5.3	13.7
Seq5156_142_bp_-1_0_0	AAA45888.1	57.14	7	3	0	2	8	113	119	6.3	16.1
Seq5156_142_bp_-1_0_0	AAA42531.1	75.00	4	1	0	2	5	144	147	6.4	16.1
Seq5156_142_bp_-1_0_0	ACT10338.1	45.45	11	6	0	10	20	101	111	6.4	16.1
Seq5156_142_bp_-1_0_0	CAA74140.1	41.67	12	7	0	9	20	132	143	6.9	17.2
Seq5156_142_bp_-1_0_0	AAC78721.1	57.14	7	3	0	15	21	219	225	7.4	16.6
Seq5156_142_bp_-1_0_0	AAH69556.1	57.14	7	3	0	6	12	25	31	7.5	15.5
Seq5156_142_bp_-1_0_0	BAA32956.1	57.14	7	3	0	2	8	3	9	7.7	14.9
Seq5156_142_bp_-1_0_0	AAA36565.1	27.27	11	8	0	5	15	79	89	9	14.3
Seq5156_142_bp_-1_0_0	BAB17681.1	16.67	12	10	0	8	19	133	144	9.8	14.9
Seq5156_142_bp_-1_0_0	AAQ92751.2	66.67	9	3	0	12	20	111	119	9.9	17.2
Seq5156_142_bp_-1_0_1	ABD33854.1	100.00	3	0	0	4	6	43	45	0.88	16.2
Seq5156_142_bp_-1_0_1	AAB03707.1	100.00	4	0	0	3	6	641	644	2.1	19.3
Seq5156_142_bp_-1_0_1	AAX12058.1	35.71	14	9	0	5	18	141	154	2.4	16.8
Seq5156_142_bp_-1_0_1	AAR31603.1	37.50	8	5	0	5	12	152	159	2.9	16.8
Seq5156_142_bp_-1_0_1	AAX84812.1	75.00	4	1	0	7	10	91	94	3.2	16.2
Seq5156_142_bp_-1_0_1	CAA04196.1	50.00	8	4	0	11	18	59	66	3.7	16.8
Seq5156_142_bp_-1_0_1	AAA72732.1	75.00	4	1	0	3	6	297	300	4.2	16.2
Seq5156_142_bp_-1_0_1	ABN10845.1	40.00	16	9	1	3	18	52	66	4.5	15.5
Seq5156_142_bp_-1_0_1	AAA32624.1	60.00	5	2	0	3	7	301	305	4.6	16.8
Seq5156_142_bp_-1_0_1	AAA45888.1	80.00	5	1	0	10	14	379	383	5.1	16.2
Seq5156_142_bp_-1_0_1	AAA18786.1	71.43	7	2	0	11	17	221	227	5.5	15.5
Seq5156_142_bp_-1_0_1	CAA73529.1	55.56	9	4	0	6	14	95	103	5.7	15.5
Seq5156_142_bp_-1_0_1	AAA26915.1	75.00	4	1	0	3	6	377	380	6.2	16.2
Seq5156_142_bp_-1_0_1	ABS38337.1	83.33	6	1	0	9	14	849	854	7	17.4
Seq5156_142_bp_-1_0_1	AAQ92751.2	60.00	5	2	0	2	6	300	304	7.6	17.4
Seq5156_142_bp_-1_0_1	AEE27845.1	50.00	6	3	0	1	6	1298	1303	7.6	17.4
Seq5156_142_bp_-1_0_1	BAB70780.1	71.43	7	2	0	1	7	184	190	9.6	15.5
Seq5156_142_bp_-1_1_0	ABD33854.1	71.43	7	2	0	2	8	10	16	0.22	17.9
Seq5156_142_bp_-1_1_0	CAA26230.1	71.43	7	2	0	2	8	81	87	1.2	18.6
Seq5156_142_bp_-1_1_0	AAC97205.1	46.15	13	7	0	1	13	1225	1237	1.7	19.3
Seq5156_142_bp_-1_1_0	ABN10845.1	42.86	7	4	0	1	7	26	32	1.8	16.6
Seq5156_142_bp_-1_1_0	AAR31603.1	55.56	9	4	0	2	10	72	80	2.7	16.6
Seq5156_142_bp_-1_1_0	CAA74140.1	83.33	6	1	0	5	10	398	403	3.1	17.9
Seq5156_142_bp_-1_1_0	BAB79260.1	66.67	9	3	0	5	13	350	358	3.7	16.6
Seq5156_142_bp_-1_1_0	AAA25966.1	50.00	10	5	0	6	15	678	687	3.8	17.3
Seq5156_142_bp_-1_1_0	BAA32956.1	62.50	8	3	0	5	12	17	24	6.5	14.7
Seq5156_142_bp_-1_1_0	AEE27845.1	50.00	10	5	0	4	13	1289	1298	7	17.3
Seq5156_142_bp_-1_1_0	AAA45888.1	80.00	5	1	0	3	7	93	97	7.5	15.3
Seq5156_142_bp_-1_1_0	CAA04196.1	100.00	4	0	0	6	9	217	220	8.1	15.3
Seq5156_142_bp_-1_1_0	BAE97662.1	60.00	10	4	0	3	12	1131	1140	8.8	16.6
Seq5156_142_bp_-1_1_0	AAB26998.1	100.00	4	0	0	10	13	4	7	9.2	12.7
Seq5156_142_bp_-1_1_0	BAB70780.1	40.00	15	9	0	1	15	49	63	9.3	15.3
Seq5156_142_bp_-1_1_1	AAA25966.1	40.00	10	6	0	7	16	122	131	0.58	20.7
Seq5156_142_bp_-1_1_1	AAF01122.1	80.00	5	1	0	1	5	37	41	2.7	17.5
Seq5156_142_bp_-1_1_1	AAH69556.1	60.00	5	2	0	1	5	241	245	3.1	17.0
Seq5156_142_bp_-1_1_1	BAB79260.1	66.67	6	2	0	2	7	170	175	3.2	17.5
Seq5156_142_bp_-1_1_1	AAI27517.1	46.15	14	7	1	4	17	503	515	4.2	17.5
Seq5156_142_bp_-1_1_1	BAA32018.1	100.00	4	0	0	2	5	427	430	4.4	17.5
Seq5156_142_bp_-1_1_1	ACH70904.1	80.00	5	1	0	19	23	148	152	5.3	16.5
Seq5156_142_bp_-1_1_1	AAC17860.1	54.55	12	5	1	7	18	349	359	5.9	16.5
Seq5156_142_bp_-1_1_1	AAA36565.1	50.00	6	3	0	2	7	66	71	7.2	14.9
Seq5156_142_bp_-1_1_1	ABL74574.1	28.57	14	10	0	5	18	139	152	8.5	15.4
Seq5156_142_bp_-1_1_1	BAA32956.1	60.00	5	2	0	1	5	155	159	8.9	14.9
Seq5156_142_bp_-1_1_1	ABN10845.1	50.00	8	4	0	11	18	166	173	9.2	14.9
Seq5156_142_bp_-1_1_1	AAB03707.1	55.56	10	4	1	11	20	640	648	9.3	17.5
Seq5156_142_bp_-1_1_1	AAQ92751.2	50.00	6	3	0	12	17	546	551	9.3	17.5
Seq5156_142_bp_-1_1_1	AAR31603.1	50.00	6	3	0	5	10	120	125	9.6	15.4
Seq5156_142_bp_-1_2_0	CAA04196.1	62.50	8	3	0	9	16	45	52	0.029	24.0
Seq5156_142_bp_-1_2_0	AAC08817.1	66.67	6	2	0	5	10	119	124	0.35	19.0
Seq5156_142_bp_-1_2_0	AAA24142.1	55.56	9	4	0	4	12	435	443	0.41	20.3
Seq5156_142_bp_-1_2_0	AAA25966.1	100.00	4	0	0	16	19	318	321	0.43	20.9
Seq5156_142_bp_-1_2_0	BAB17681.1	57.14	7	3	0	14	20	174	180	0.88	18.4
Seq5156_142_bp_-1_2_0	CAA74140.1	57.14	7	3	0	10	16	661	667	2	19.0
Seq5156_142_bp_-1_2_0	AAB96524.1	60.00	5	2	0	10	14	174	178	2.1	16.6
Seq5156_142_bp_-1_2_0	AAA23282.1	50.00	8	4	0	6	13	386	393	2.8	17.8
Seq5156_142_bp_-1_2_0	ABD49687.1	57.14	7	3	0	14	20	502	508	3.5	19.0
Seq5156_142_bp_-1_2_0	BAA32956.1	100.00	4	0	0	2	5	144	147	3.7	16.0
Seq5156_142_bp_-1_2_0	AAR31603.1	80.00	5	1	0	1	5	147	151	3.7	16.6
Seq5156_142_bp_-1_2_0	ABN10845.1	57.14	7	3	0	1	7	32	38	3.8	16.0
Seq5156_142_bp_-1_2_0	BAA32991.1	62.50	10	3	2	7	14	7	16	4.3	14.1
Seq5156_142_bp_-1_2_0	AAQ92751.2	31.25	16	11	0	2	17	1318	1333	4.3	18.4
Seq5156_142_bp_-1_2_0	AAR37016.1	66.67	6	2	0	14	19	289	294	4.8	19.0
Seq5156_142_bp_-1_2_0	EDO47375.1	75.00	4	1	0	11	14	145	148	5	15.3
Seq5156_142_bp_-1_2_0	ABG75784.1	50.00	8	4	0	11	18	308	315	5.3	16.0
Seq5156_142_bp_-1_2_0	AAA72732.1	37.50	8	5	0	2	9	8	15	5.3	16.0
Seq5156_142_bp_-1_2_0	BAB70780.1	75.00	4	1	0	4	7	374	377	5.4	16.6
Seq5156_142_bp_-1_2_0	AAX84812.1	100.00	3	0	0	5	7	87	89	6	15.3
Seq5156_142_bp_-1_2_0	ACH70904.1	75.00	4	1	0	17	20	240	243	6.1	16.0
Seq5156_142_bp_-1_2_0	AAI27517.1	80.00	5	1	0	9	13	425	429	6.5	16.6
Seq5156_142_bp_-1_2_0	AAA45888.1	57.14	7	3	0	10	16	379	385	9.6	15.3
Seq5156_142_bp_-1_2_0	AEE27845.1	40.00	10	6	0	10	19	384	393	9.8	17.2
Seq5156_142_bp_-1_2_1	ABK71357.1	55.56	9	4	0	2	10	88	96	1	18.0
Seq5156_142_bp_-1_2_1	AAA45888.1	50.00	11	5	1	3	12	375	385	1	18.0
Seq5156_142_bp_-1_2_1	AAA24969.1	44.44	9	5	0	3	11	509	517	2.8	18.5
Seq5156_142_bp_-1_2_1	AAR37016.1	66.67	9	3	0	1	9	562	570	2.9	19.0
Seq5156_142_bp_-1_2_1	AAB96524.1	66.67	6	2	0	7	12	90	95	3.3	15.2
Seq5156_142_bp_-1_2_1	ABS38337.1	80.00	5	1	0	1	5	1116	1120	3.4	18.0
Seq5156_142_bp_-1_2_1	CAA26230.1	60.00	5	2	0	3	7	309	313	6.5	15.8
Seq5156_142_bp_-1_2_1	AAA18786.1	42.86	7	4	0	2	8	239	245	6.6	14.7
Seq5156_142_bp_-1_2_1	AIR13712.1	66.67	6	2	0	2	7	279	284	8	14.7
Seq5156_142_bp_-1_2_1	AAA23282.1	50.00	6	3	0	6	11	116	121	9.4	15.2
Seq5156_142_bp_-1_2_1	CAA73529.1	100.00	3	0	0	2	4	14	16	9.6	14.1
