Seq5105_123_bp_1_0_0	CAA74140.1	33.33	18	12	0	3	20	83	100	1.1	20.1
Seq5105_123_bp_1_0_0	AAA25966.1	20.00	10	8	0	5	14	485	494	1.7	19.1
Seq5105_123_bp_1_0_0	AAA23282.1	38.46	13	8	0	7	19	88	100	5.1	17.2
Seq5105_123_bp_1_0_0	ABN10845.1	33.33	12	8	0	5	16	91	102	5.5	15.7
Seq5105_123_bp_1_0_0	AAB26998.1	33.33	6	4	0	17	22	22	27	5.5	14.2
Seq5105_123_bp_1_0_0	AAR37016.1	38.46	14	8	1	7	19	374	387	7.4	18.6
Seq5105_123_bp_1_0_0	AAB64315.2	42.86	7	4	0	9	15	168	174	8.1	15.7
Seq5105_123_bp_1_0_0	CAA45199.1	80.00	5	1	0	20	24	217	221	8.2	16.2
Seq5105_123_bp_1_0_1	CAA45199.1	100.00	4	0	0	2	5	449	452	0.084	21.6
Seq5105_123_bp_1_0_1	AAB26998.1	42.86	7	4	0	3	9	46	52	0.31	17.1
Seq5105_123_bp_1_0_1	AAA18786.1	42.86	7	4	0	1	7	38	44	0.38	18.6
Seq5105_123_bp_1_0_1	BAE97662.1	50.00	6	3	0	3	8	813	818	1.6	18.6
Seq5105_123_bp_1_0_1	AII71783.1	66.67	3	1	0	2	4	154	156	2	16.4
Seq5105_123_bp_1_0_1	AAA32624.1	60.00	5	2	0	4	8	315	319	2.1	17.1
Seq5105_123_bp_1_0_1	AAA23282.1	42.86	7	4	0	4	10	260	266	2.2	17.1
Seq5105_123_bp_1_0_1	CAA74140.1	33.33	6	4	0	4	9	647	652	3.6	17.1
Seq5105_123_bp_1_0_1	ABN10845.1	60.00	5	2	0	4	8	109	113	4	14.9
Seq5105_123_bp_1_0_1	AAA45888.1	40.00	5	3	0	4	8	98	102	4.2	15.6
Seq5105_123_bp_1_0_1	CAA11507.1	57.14	7	3	0	4	10	324	330	5.2	17.1
Seq5105_123_bp_1_0_1	AAB96524.1	60.00	5	2	0	3	7	167	171	5.6	14.1
Seq5105_123_bp_1_0_1	BAA32991.1	28.57	7	5	0	4	10	28	34	5.8	12.6
Seq5105_123_bp_1_0_1	AAF01122.1	40.00	5	3	0	3	7	126	130	6.7	14.9
Seq5105_123_bp_1_0_1	AAC08817.1	50.00	4	2	0	1	4	2	5	8.1	13.4
Seq5105_123_bp_1_0_1	AAB64315.2	50.00	4	2	0	2	5	27	30	9.6	14.1
Seq5105_123_bp_1_0_1	CAA26230.1	50.00	4	2	0	4	7	352	355	9.7	14.9
Seq5105_123_bp_1_1_0	AAA24969.1	100.00	40	0	0	1	40	468	507	5.8e-21	89.0
Seq5105_123_bp_1_1_0	CAA11507.1	60.00	41	16	1	1	40	442	482	3.6e-12	59.6
Seq5105_123_bp_1_1_0	AAB03707.1	61.54	40	15	1	2	40	451	490	1.3e-10	54.4
Seq5105_123_bp_1_1_0	AAA18786.1	30.00	20	14	0	21	40	104	123	0.34	20.8
Seq5105_123_bp_1_1_0	AAA72732.1	35.00	20	13	0	17	36	244	263	0.75	19.9
Seq5105_123_bp_1_1_0	AAF01122.1	26.92	26	19	0	13	38	299	324	2.4	18.4
Seq5105_123_bp_1_1_0	AAA32624.1	38.46	13	8	0	26	38	364	376	2.4	18.9
Seq5105_123_bp_1_1_0	CAA26230.1	60.00	10	4	0	26	35	401	410	2.6	18.9
Seq5105_123_bp_1_1_0	AAX12058.1	60.00	10	4	0	28	37	44	53	3.3	17.5
Seq5105_123_bp_1_1_0	BAA32018.1	30.77	27	18	1	8	33	377	403	3.9	18.4
Seq5105_123_bp_1_1_0	BAB70780.1	35.29	17	11	0	24	40	130	146	5.8	17.5
Seq5105_123_bp_1_1_0	AAQ92751.2	60.00	10	4	0	25	34	842	851	8.3	18.4
Seq5105_123_bp_1_2_0	CAA45199.1	85.71	7	1	0	7	13	285	291	1.1	18.4
Seq5105_123_bp_1_2_0	AII71783.1	42.86	7	4	0	5	11	36	42	1.7	17.1
Seq5105_123_bp_1_2_0	BAE97662.1	37.50	8	5	0	3	10	228	235	2.6	18.4
Seq5105_123_bp_1_2_0	ABN10845.1	40.00	10	6	0	5	14	208	217	3	15.8
Seq5105_123_bp_1_2_0	CAA74140.1	54.55	11	5	0	4	14	673	683	3.3	17.8
Seq5105_123_bp_1_2_0	CAA04196.1	50.00	8	4	0	1	8	27	34	3.7	16.4
Seq5105_123_bp_1_2_0	AAA26915.1	62.50	8	3	0	5	12	76	83	4.1	16.4
Seq5105_123_bp_1_2_0	AAB26998.1	100.00	4	0	0	11	14	4	7	4.2	13.8
Seq5105_123_bp_1_2_0	CAA73529.1	50.00	8	4	0	6	13	74	81	5.8	15.1
Seq5105_123_bp_1_2_0	AAA23282.1	33.33	12	8	0	3	14	65	76	7.5	15.8
Seq5105_123_bp_1_2_0	ABD33854.1	60.00	5	2	0	10	14	8	12	8.2	12.5
Seq5105_123_bp_1_2_0	AAA32376.1	60.00	5	2	0	10	14	133	137	8.9	13.8
Seq5105_123_bp_1_2_0	AAB96524.1	44.44	9	5	0	6	14	43	51	9.5	13.8
Seq5105_123_bp_1_2_1	AAA32376.1	60.00	5	2	0	8	12	134	138	0.21	19.2
Seq5105_123_bp_1_2_1	BAA32956.1	60.00	5	2	0	6	10	6	10	0.44	18.4
Seq5105_123_bp_1_2_1	AAA45888.1	33.33	6	4	0	6	11	83	88	0.47	19.2
Seq5105_123_bp_1_2_1	BAB70780.1	100.00	4	0	0	4	7	218	221	0.6	19.2
Seq5105_123_bp_1_2_1	ABL74574.1	50.00	6	3	0	6	11	156	161	0.6	18.4
Seq5105_123_bp_1_2_1	EDO47375.1	40.00	10	6	0	1	10	115	124	0.67	17.7
Seq5105_123_bp_1_2_1	CAA43372.1	60.00	5	2	0	6	10	160	164	0.86	18.4
Seq5105_123_bp_1_2_1	BAB79260.1	100.00	5	0	0	1	5	71	75	0.94	18.4
Seq5105_123_bp_1_2_1	AAR37016.1	50.00	8	4	0	4	11	1886	1893	1	20.7
Seq5105_123_bp_1_2_1	ABN10845.1	33.33	9	6	0	5	13	175	183	1.3	16.9
Seq5105_123_bp_1_2_1	AAC97205.1	50.00	10	5	0	1	10	701	710	1.5	19.2
Seq5105_123_bp_1_2_1	AAA24142.1	40.00	5	3	0	8	12	290	294	2.7	16.9
Seq5105_123_bp_1_2_1	CAA73529.1	60.00	5	2	0	6	10	214	218	2.8	16.1
Seq5105_123_bp_1_2_1	CAA26230.1	25.00	8	6	0	5	12	193	200	3.3	16.9
Seq5105_123_bp_1_2_1	AAC78721.1	42.86	7	4	0	7	13	75	81	3.9	16.9
Seq5105_123_bp_1_2_1	CAA45199.1	42.86	7	4	0	7	13	247	253	4.7	16.1
Seq5105_123_bp_1_2_1	AAA36565.1	50.00	4	2	0	5	8	53	56	4.8	14.6
Seq5105_123_bp_1_2_1	ABD33854.1	50.00	4	2	0	8	11	3	6	5.2	13.1
Seq5105_123_bp_1_2_1	AAA72732.1	40.00	5	3	0	8	12	60	64	5.2	15.4
Seq5105_123_bp_1_2_1	AAB64315.2	100.00	3	0	0	6	8	35	37	5.5	15.4
Seq5105_123_bp_1_2_1	AAB26998.1	42.86	7	4	0	5	11	7	13	6.4	13.1
Seq5105_123_bp_1_2_1	CAA04196.1	50.00	6	3	0	7	12	184	189	6.9	15.4
Seq5105_123_bp_1_2_1	AAA25966.1	33.33	12	8	0	2	13	51	62	7	16.1
Seq5105_123_bp_1_2_1	AEE27845.1	100.00	3	0	0	7	9	156	158	7.9	16.9
Seq5105_123_bp_1_2_1	AAH69556.1	16.67	12	10	0	2	13	283	294	8.4	14.6
Seq5105_123_bp_1_2_1	AAA32624.1	50.00	6	3	0	5	10	239	244	8.5	15.4
Seq5105_123_bp_1_2_1	ABG75784.1	75.00	4	1	0	8	11	104	107	8.6	14.6
Seq5105_123_bp_1_2_1	ABD49687.1	60.00	5	2	0	7	11	1066	1070	9.5	16.9
Seq5105_123_bp_-1_0_0	CAA74140.1	62.50	8	3	0	23	30	834	841	0.39	22.1
Seq5105_123_bp_-1_0_0	ABD33854.1	60.00	5	2	0	14	18	47	51	0.39	18.2
Seq5105_123_bp_-1_0_0	AAA42531.1	33.33	12	8	0	21	32	225	236	0.61	20.1
Seq5105_123_bp_-1_0_0	BAA32991.1	28.57	14	10	0	4	17	50	63	0.65	17.5
Seq5105_123_bp_-1_0_0	CAA04196.1	75.00	4	1	0	19	22	258	261	0.66	20.1
Seq5105_123_bp_-1_0_0	CAA26230.1	26.67	15	11	0	18	32	191	205	0.88	20.1
Seq5105_123_bp_-1_0_0	ACH70904.1	36.36	11	7	0	21	31	150	160	0.89	19.5
Seq5105_123_bp_-1_0_0	AAF01122.1	40.00	10	6	0	3	12	244	253	0.93	19.5
Seq5105_123_bp_-1_0_0	CAA73529.1	37.50	8	5	0	16	23	94	101	1.6	18.2
Seq5105_123_bp_-1_0_0	AAC97205.1	50.00	17	8	1	7	22	855	871	1.9	20.1
Seq5105_123_bp_-1_0_0	AAA32624.1	40.00	10	6	0	2	11	2	11	2	18.8
Seq5105_123_bp_-1_0_0	AAA65607.1	71.43	7	2	0	7	13	326	332	2.2	18.2
Seq5105_123_bp_-1_0_0	AAA36565.1	66.67	6	2	0	3	8	42	47	2.5	16.9
Seq5105_123_bp_-1_0_0	ABL74574.1	66.67	6	2	0	21	26	115	120	2.7	17.5
Seq5105_123_bp_-1_0_0	AAB96524.1	25.00	12	9	0	20	31	26	37	2.7	16.9
Seq5105_123_bp_-1_0_0	AAB64315.2	13.33	15	13	0	1	15	230	244	3.1	17.5
Seq5105_123_bp_-1_0_0	AAC17860.1	33.33	12	8	0	1	12	64	75	3.8	17.5
Seq5105_123_bp_-1_0_0	AAX12058.1	33.33	12	8	0	18	29	27	38	6.1	16.3
Seq5105_123_bp_-1_0_0	BAA32956.1	30.00	10	7	0	22	31	7	16	7.3	15.6
Seq5105_123_bp_-1_0_0	ABN10845.1	66.67	6	2	0	20	25	45	50	7.5	15.6
Seq5105_123_bp_-1_0_0	AAI27517.1	75.00	4	1	0	15	18	103	106	8.2	16.9
Seq5105_123_bp_-1_0_0	ACT10338.1	62.50	8	3	0	3	10	187	194	8.5	16.3
Seq5105_123_bp_-1_0_0	AAR37016.1	29.41	17	12	0	2	18	663	679	8.5	18.8
Seq5105_123_bp_-1_0_0	AAA24969.1	38.46	13	8	0	1	13	1179	1191	8.6	18.2
Seq5105_123_bp_-1_0_0	AAC08817.1	50.00	6	3	0	27	32	140	145	8.7	15.0
Seq5105_123_bp_-1_0_0	AAA18786.1	50.00	8	4	0	1	8	200	207	9.1	15.6
Seq5105_123_bp_-1_0_0	AAA24142.1	28.57	7	5	0	20	26	209	215	9.7	16.3
Seq5105_123_bp_-1_0_0	EDO47375.1	37.50	8	5	0	15	22	148	155	9.9	15.0
Seq5105_123_bp_-1_1_0	ABG75784.1	30.77	13	9	0	1	13	199	211	0.94	19.0
Seq5105_123_bp_-1_1_0	BAB79260.1	47.37	19	10	0	4	22	436	454	1.4	19.0
Seq5105_123_bp_-1_1_0	AAA26915.1	19.05	21	17	0	1	21	36	56	4.1	17.4
Seq5105_123_bp_-1_1_0	BAB17681.1	38.46	13	8	0	7	19	145	157	5	16.3
Seq5105_123_bp_-1_1_0	CAA43372.1	44.44	18	10	0	10	27	75	92	5.2	16.8
Seq5105_123_bp_-1_1_0	ABD49687.1	66.67	9	3	0	4	12	1620	1628	7.1	18.4
Seq5105_123_bp_-1_1_0	AAA32376.1	44.44	9	5	0	8	16	137	145	9.1	14.7
Seq5105_123_bp_-1_2_0	AAB96524.1	62.50	8	3	0	10	17	168	175	0.029	22.6
Seq5105_123_bp_-1_2_0	ACH70904.1	44.44	9	5	0	7	15	293	301	0.52	19.4
Seq5105_123_bp_-1_2_0	AAB64315.2	50.00	8	4	0	7	14	119	126	1.4	17.8
Seq5105_123_bp_-1_2_0	BAA32956.1	37.50	8	5	0	10	17	28	35	4	15.6
Seq5105_123_bp_-1_2_0	ABG75784.1	33.33	6	4	0	5	10	82	87	4.1	16.1
Seq5105_123_bp_-1_2_0	AAA25966.1	27.27	11	8	0	7	17	321	331	4.4	17.2
Seq5105_123_bp_-1_2_0	BAA32991.1	100.00	3	0	0	8	10	26	28	8	12.9
Seq5105_123_bp_-1_2_0	AAH69556.1	80.00	5	1	0	13	17	157	161	8	15.1
Seq5105_123_bp_-1_2_0	AAA65607.1	26.67	15	11	0	2	16	245	259	9.5	15.1
Seq5105_123_bp_-1_2_1	ABK71357.1	71.43	7	2	0	2	8	345	351	0.27	20.0
Seq5105_123_bp_-1_2_1	ABS38337.1	50.00	10	5	0	4	13	360	369	2.5	18.5
Seq5105_123_bp_-1_2_1	BAB70780.1	55.56	9	4	0	3	11	53	61	2.5	17.1
Seq5105_123_bp_-1_2_1	AAF01122.1	57.14	7	3	0	1	7	225	231	3.1	16.4
Seq5105_123_bp_-1_2_1	AAB26998.1	75.00	4	1	0	10	13	52	55	4.6	13.6
Seq5105_123_bp_-1_2_1	BAA32956.1	33.33	9	6	0	3	11	16	24	4.6	15.0
Seq5105_123_bp_-1_2_1	ACH70904.1	50.00	12	5	2	3	12	169	180	4.8	15.7
Seq5105_123_bp_-1_2_1	ABD33854.1	50.00	6	3	0	4	9	14	19	5.9	12.9
Seq5105_123_bp_-1_2_1	ABL74574.1	80.00	5	1	0	5	9	35	39	6.2	15.0
Seq5105_123_bp_-1_2_1	AAB96524.1	33.33	6	4	0	6	11	106	111	6.5	14.3
Seq5105_123_bp_-1_2_1	ABN10845.1	100.00	3	0	0	10	12	117	119	7.5	14.3
Seq5105_123_bp_-1_2_1	CAA73529.1	42.86	7	4	0	7	13	27	33	9.3	14.3
Seq5105_123_bp_-1_2_1	AAA32376.1	50.00	6	3	0	2	7	146	151	9.5	13.6
