Seq525_92_bp_1_0_0	ENA|CAA26939|CAA26939.1	50.00	8	4	0	14	21	13	20	1.1	19.6
Seq525_92_bp_1_0_0	ENA|BAA32991|BAA32991.1	40.00	5	3	0	16	20	25	29	1.5	16.2
Seq525_92_bp_1_0_0	ENA|BAA36759|BAA36759.1	66.67	6	2	0	9	14	137	142	2.8	17.3
Seq525_92_bp_1_0_0	ENA|AAA32624|AAA32624.1	43.75	16	9	0	12	27	296	311	3.4	17.9
Seq525_92_bp_1_0_0	ENA|EDO47375|EDO47375.1	60.00	5	2	0	20	24	154	158	5.8	15.6
Seq525_92_bp_1_0_0	ENA|BAA05866|BAA05866.1	44.44	9	5	0	11	19	148	156	6.4	16.2
Seq525_92_bp_1_0_0	ENA|ABD33854|ABD33854.1	75.00	4	1	0	20	23	47	50	6.4	13.9
Seq525_92_bp_1_0_0	ENA|AAC97205|AAC97205.1	40.00	10	6	0	6	15	1112	1121	7.6	17.9
Seq525_92_bp_1_0_0	ENA|ACT10338|ACT10338.1	80.00	5	1	0	15	19	294	298	7.9	16.2
Seq525_92_bp_1_0_0	ENA|BAA32018|BAA32018.1	33.33	9	6	0	19	27	170	178	8.5	16.7
Seq525_92_bp_1_0_0	ENA|BAB79260|BAB79260.1	55.56	11	4	2	11	19	400	410	9.1	16.2
Seq525_92_bp_1_1_0	ENA|AAA32624|AAA32624.1	92.86	28	2	0	1	28	170	197	2.3e-16	71.6
Seq525_92_bp_1_1_0	ENA|CAA26939|CAA26939.1	28.57	28	20	0	1	28	218	245	0.17	22.4
Seq525_92_bp_1_1_0	ENA|ABN10845|ABN10845.1	30.00	22	14	2	1	20	94	115	1.1	18.3
Seq525_92_bp_1_1_0	ENA|AAR31603|AAR31603.1	50.00	12	6	0	14	25	3	14	4.7	16.7
Seq525_92_bp_1_1_0	ENA|AAC17860|AAC17860.1	36.36	11	7	0	2	12	238	248	5.8	16.7
Seq525_92_bp_1_1_0	ENA|BAA32956|BAA32956.1	41.18	18	10	1	8	24	153	170	6	15.7
Seq525_92_bp_1_1_0	ENA|ABK71357|ABK71357.1	26.67	15	11	0	7	21	111	125	7.3	16.2
Seq525_92_bp_1_1_0	ENA|CAA73529|CAA73529.1	29.41	17	12	0	10	26	143	159	7.7	15.7
Seq525_92_bp_1_1_0	ENA|AAC78721|AAC78721.1	30.77	13	9	0	6	18	363	375	9.2	16.7
Seq525_92_bp_1_1_0	ENA|AAF79734|AAF79734.1	28.57	14	10	0	9	22	632	645	9.7	17.8
Seq525_92_bp_1_1_0	ENA|AAA36114|AAA36114.1	30.77	13	9	0	10	22	6	18	9.8	16.2
Seq525_92_bp_1_2_0	ENA|AAA72732|AAA72732.1	50.00	12	6	0	4	15	99	110	0.78	19.1
Seq525_92_bp_1_2_0	ENA|ABN10845|ABN10845.1	35.00	20	13	0	5	24	35	54	2.2	17.0
Seq525_92_bp_1_2_0	ENA|AAR31603|AAR31603.1	18.75	16	13	0	1	16	206	221	4.6	16.5
Seq525_92_bp_1_2_0	ENA|ABK71357|ABK71357.1	50.00	8	4	0	6	13	183	190	7.3	16.0
Seq525_92_bp_1_2_0	ENA|AAA18786|AAA18786.1	33.33	12	8	0	5	16	245	256	7.5	15.5
Seq525_92_bp_1_2_0	ENA|CAA26023|CAA26023.1	80.00	5	1	0	18	22	58	62	7.5	16.0
Seq525_92_bp_1_2_0	ENA|BAB17681|BAB17681.1	60.00	5	2	0	20	24	215	219	7.6	15.5
Seq525_92_bp_1_2_0	ENA|AAC97205|AAC97205.1	46.67	16	8	1	2	17	433	447	8.3	17.5
Seq525_92_bp_1_2_0	ENA|CAA11507|CAA11507.1	55.56	9	4	0	1	9	978	986	9.1	17.5
Seq525_92_bp_-1_0_0	ENA|AAQ92751|AAQ92751.2	60.00	10	4	0	3	12	298	307	0.043	25.7
Seq525_92_bp_-1_0_0	ENA|ABG75784|ABG75784.1	80.00	5	1	0	16	20	310	314	1	18.9
Seq525_92_bp_-1_0_0	ENA|CAA45199|CAA45199.1	66.67	6	2	0	21	26	385	390	2.3	18.4
Seq525_92_bp_-1_0_0	ENA|CAA11507|CAA11507.1	50.00	10	5	0	3	12	904	913	3	19.5
Seq525_92_bp_-1_0_0	ENA|AAA24145|AAA24145.1	33.33	12	8	0	3	14	425	436	3.3	17.8
Seq525_92_bp_-1_0_0	ENA|AAR31603|AAR31603.1	55.56	10	4	1	21	29	56	65	3.4	17.2
Seq525_92_bp_-1_0_0	ENA|BAA32991|BAA32991.1	100.00	3	0	0	18	20	42	44	5	14.4
Seq525_92_bp_-1_0_0	ENA|AAA32624|AAA32624.1	41.67	12	7	0	8	19	119	130	5.4	17.2
Seq525_92_bp_-1_0_0	ENA|BAA36759|BAA36759.1	37.50	8	5	0	12	19	208	215	6.4	16.1
Seq525_92_bp_-1_0_0	ENA|CAA45708|CAA45708.1	37.50	8	5	0	11	18	1454	1461	7.1	18.4
Seq525_92_bp_-1_0_0	ENA|AAC97205|AAC97205.1	100.00	4	0	0	17	20	1064	1067	8.3	17.8
Seq525_92_bp_-1_0_0	ENA|CAA29968|CAA29968.1	100.00	3	0	0	26	28	81	83	9.1	15.0
Seq525_92_bp_-1_1_0	ENA|AAA72732|AAA72732.1	71.43	7	2	0	2	8	231	237	0.17	20.0
Seq525_92_bp_-1_1_0	ENA|ABN10845|ABN10845.1	100.00	4	0	0	1	4	32	35	2.3	15.7
Seq525_92_bp_-1_1_0	ENA|CAA45199|CAA45199.1	50.00	6	3	0	1	6	264	269	3.3	16.3
Seq525_92_bp_-1_1_0	ENA|BAB79260|BAB79260.1	50.00	6	3	0	2	7	222	227	4.8	15.7
Seq525_92_bp_-1_1_0	ENA|ABG75784|ABG75784.1	60.00	5	2	0	3	7	223	227	5	15.1
Seq525_92_bp_-1_1_0	ENA|AAC49865|AAC49865.1	75.00	4	1	0	3	6	266	269	5.3	15.1
Seq525_92_bp_-1_1_0	ENA|CAA43419|CAA43419.1	33.33	6	4	0	1	6	104	109	5.9	15.1
Seq525_92_bp_-1_1_0	ENA|ACT10338|ACT10338.1	60.00	5	2	0	1	5	385	389	6.2	15.1
Seq525_92_bp_-1_1_0	ENA|AAA36114|AAA36114.1	33.33	9	6	0	1	9	271	279	8	15.1
Seq525_92_bp_-1_1_0	ENA|ABD33854|ABD33854.1	60.00	5	2	0	1	5	13	17	8.3	12.0
Seq525_92_bp_-1_1_0	ENA|CAA28033|CAA28033.1	55.56	9	4	0	1	9	652	660	8.6	16.3
Seq525_92_bp_-1_1_0	ENA|AAF79734|AAF79734.1	66.67	6	2	0	1	6	930	935	9.5	16.3
Seq525_92_bp_-1_1_1	ENA|AAA32624|AAA32624.1	50.00	14	6	2	2	15	304	315	0.93	19.2
Seq525_92_bp_-1_1_1	ENA|AAA25966|AAA25966.1	71.43	7	2	0	10	16	87	93	1.3	19.2
Seq525_92_bp_-1_1_1	ENA|CAA26939|CAA26939.1	44.44	9	5	0	7	15	466	474	3.7	17.3
Seq525_92_bp_-1_1_1	ENA|AAB96524|AAB96524.1	41.67	12	7	0	4	15	38	49	6.2	14.9
Seq525_92_bp_-1_1_1	ENA|BAB17681|BAB17681.1	37.50	8	5	0	8	15	30	37	6.6	15.4
Seq525_92_bp_-1_1_1	ENA|CAL82360|CAL82360.1	62.50	8	3	0	7	14	200	207	8.1	17.3
Seq525_92_bp_-1_2_0	ENA|ABD33854|ABD33854.1	45.45	11	6	0	19	29	1	11	0.39	18.1
Seq525_92_bp_-1_2_0	ENA|AAA32624|AAA32624.1	60.00	18	6	3	2	19	413	427	2.2	18.6
Seq525_92_bp_-1_2_0	ENA|BAA32018|BAA32018.1	50.00	8	4	0	23	30	279	286	2.7	18.6
Seq525_92_bp_-1_2_0	ENA|CAA29956|CAA29956.1	50.00	8	4	0	10	17	15	22	3.2	17.6
Seq525_92_bp_-1_2_0	ENA|AAS77176|AAS77176.1	57.14	7	3	0	1	7	253	259	3.5	17.1
Seq525_92_bp_-1_2_0	ENA|CAA26939|CAA26939.1	42.86	7	4	0	13	19	6	12	6.7	17.1
Seq525_92_bp_-1_2_0	ENA|AAC17860|AAC17860.1	50.00	6	3	0	17	22	37	42	6.9	16.6
Seq525_92_bp_-1_2_0	ENA|ABN10845|ABN10845.1	33.33	9	6	0	4	12	100	108	7.3	15.5
Seq525_92_bp_-1_2_0	ENA|CAD53387|CAD53387.1	44.44	10	5	1	18	26	477	486	8.3	16.6
Seq525_92_bp_-1_2_0	ENA|BAA36759|BAA36759.1	36.36	11	7	0	7	17	271	281	9.5	15.5
