Seq7908_279_bp_1_0_0	ENA|AAF79734|AAF79734.1	66.67	6	2	0	19	24	748	753	1.1	20.8
Seq7908_279_bp_1_0_0	ENA|AAC78721|AAC78721.1	71.43	7	2	0	14	20	343	349	2.3	18.7
Seq7908_279_bp_1_0_0	ENA|BAA32956|BAA32956.1	87.50	12	1	4	6	17	69	76	2.4	16.9
Seq7908_279_bp_1_0_0	ENA|CAA29956|CAA29956.1	41.67	13	7	1	12	23	139	151	2.6	17.6
Seq7908_279_bp_1_0_0	ENA|CAA26023|CAA26023.1	41.67	12	7	0	14	25	184	195	2.7	17.6
Seq7908_279_bp_1_0_0	ENA|AAR37016|AAR37016.1	66.67	15	4	3	4	16	1194	1207	2.9	20.1
Seq7908_279_bp_1_0_0	ENA|ABK71357|ABK71357.1	57.14	7	3	0	16	22	192	198	3.3	17.2
Seq7908_279_bp_1_0_0	ENA|AAB96524|AAB96524.1	75.00	4	1	0	22	25	62	65	3.5	16.2
Seq7908_279_bp_1_0_0	ENA|AAR31603|AAR31603.1	57.14	7	3	0	2	8	55	61	3.8	16.9
Seq7908_279_bp_1_0_0	ENA|ABD33854|ABD33854.1	50.00	4	2	0	21	24	43	46	4.1	14.4
Seq7908_279_bp_1_0_0	ENA|AAS77176|AAS77176.1	71.43	8	2	1	10	17	177	183	4.2	16.5
Seq7908_279_bp_1_0_0	ENA|BAA05866|BAA05866.1	71.43	7	2	0	6	12	289	295	4.5	16.5
Seq7908_279_bp_1_0_0	ENA|AAA32624|AAA32624.1	50.00	11	5	1	14	24	302	311	4.6	17.2
Seq7908_279_bp_1_0_0	ENA|BAB17681|BAB17681.1	100.00	3	0	0	13	15	21	23	5.1	16.2
Seq7908_279_bp_1_0_0	ENA|AAQ92751|AAQ92751.2	62.50	8	3	0	5	12	868	875	5.8	18.3
Seq7908_279_bp_1_0_0	ENA|BAA32018|BAA32018.1	64.29	20	5	6	3	19	510	526	7	16.9
Seq7908_279_bp_1_0_0	ENA|ABD49687|ABD49687.1	83.33	7	1	1	11	16	1444	1450	7.1	18.3
Seq7908_279_bp_1_0_0	ENA|AAA18786|AAA18786.1	50.00	10	5	0	3	12	123	132	7.9	15.5
Seq7908_279_bp_1_0_0	ENA|AAB66912|AAB66912.1	62.50	8	3	0	6	13	209	216	8	17.2
Seq7908_279_bp_1_0_0	ENA|BAA36759|BAA36759.1	80.00	5	1	0	6	10	240	244	8.5	15.5
Seq7908_279_bp_1_0_1	ENA|AAB66912|AAB66912.1	46.15	13	7	0	3	15	307	319	0.43	22.0
Seq7908_279_bp_1_0_1	ENA|ABD49687|ABD49687.1	60.00	24	6	9	10	33	1650	1664	0.61	22.3
Seq7908_279_bp_1_0_1	ENA|AAC08817|AAC08817.1	54.55	13	5	2	3	13	112	124	0.77	18.5
Seq7908_279_bp_1_0_1	ENA|ABD33854|ABD33854.1	62.50	11	3	3	19	29	38	45	0.9	17.0
Seq7908_279_bp_1_0_1	ENA|AAR31603|AAR31603.1	72.73	20	3	9	9	20	306	324	2.1	18.2
Seq7908_279_bp_1_0_1	ENA|CAA73529|CAA73529.1	52.94	26	8	9	6	28	190	209	2.9	17.4
Seq7908_279_bp_1_0_1	ENA|BAA36759|BAA36759.1	66.67	12	3	3	9	20	151	159	3.1	17.4
Seq7908_279_bp_1_0_1	ENA|AAS77176|AAS77176.1	46.15	18	7	5	18	30	141	158	3.1	17.4
Seq7908_279_bp_1_0_1	ENA|CAA24711|CAA24711.1	60.00	21	6	6	10	28	6	22	4	16.3
Seq7908_279_bp_1_0_1	ENA|AAI27517|AAI27517.1	57.14	7	3	0	8	14	512	518	4.8	17.8
Seq7908_279_bp_1_0_1	ENA|ACH70901|ACH70901.1	41.18	19	10	2	13	29	115	133	4.9	17.0
Seq7908_279_bp_1_0_1	ENA|CAA26023|CAA26023.1	75.00	4	1	0	10	13	201	204	5.2	17.0
Seq7908_279_bp_1_0_1	ENA|BAB17681|BAB17681.1	60.00	5	2	0	21	25	43	47	6.3	16.3
Seq7908_279_bp_1_0_1	ENA|AAB03707|AAB03707.1	78.57	34	3	20	9	29	618	644	6.5	18.5
Seq7908_279_bp_1_0_1	ENA|CAA29956|CAA29956.1	60.00	11	4	1	23	32	145	155	6.6	16.6
Seq7908_279_bp_1_0_1	ENA|AAA32624|AAA32624.1	80.00	5	1	0	3	7	282	286	7	17.0
Seq7908_279_bp_1_0_1	ENA|AAA18786|AAA18786.1	60.00	11	4	1	11	21	241	250	7.8	15.9
Seq7908_279_bp_1_0_1	ENA|CAA28033|CAA28033.1	57.14	7	3	0	19	25	740	746	7.9	18.2
Seq7908_279_bp_1_0_1	ENA|AAA24145|AAA24145.1	100.00	4	0	0	16	19	60	63	8	16.6
Seq7908_279_bp_1_0_1	ENA|CAA45199|CAA45199.1	66.67	6	2	0	26	31	64	69	8.1	16.6
Seq7908_279_bp_1_0_1	ENA|AAR37016|AAR37016.1	77.78	17	2	8	7	15	1315	1331	8.3	18.9
Seq7908_279_bp_1_0_1	ENA|CAA29968|CAA29968.1	66.67	12	3	3	25	33	165	176	9.5	15.1
Seq7908_279_bp_1_0_1	ENA|BAB79260|BAB79260.1	42.86	15	8	1	5	18	406	420	10	16.3
Seq7908_279_bp_1_0_2	ENA|AAC26660|AAC26660.1	100.00	4	0	0	3	6	183	186	0.4	19.6
Seq7908_279_bp_1_0_2	ENA|AAB66912|AAB66912.1	66.67	20	5	5	8	22	254	273	2.4	18.8
Seq7908_279_bp_1_0_2	ENA|AAA18786|AAA18786.1	75.00	10	2	2	2	11	251	258	3.4	16.6
Seq7908_279_bp_1_0_2	ENA|CAA73529|CAA73529.1	50.00	16	7	2	5	18	35	50	5.8	15.8
Seq7908_279_bp_1_0_2	ENA|AAF79734|AAF79734.1	66.67	11	3	2	10	20	916	924	6.2	18.1
Seq7908_279_bp_1_0_2	ENA|AAC08817|AAC08817.1	58.33	13	5	1	7	18	127	139	7.2	14.6
Seq7908_279_bp_1_0_2	ENA|AAA36539|AAA36539.1	80.00	5	1	0	8	12	237	241	7.6	16.2
Seq7908_279_bp_1_0_2	ENA|ABG75784|ABG75784.1	50.00	10	5	0	4	13	85	94	8.4	15.4
Seq7908_279_bp_1_0_2	ENA|AAB96524|AAB96524.1	57.14	7	3	0	10	16	80	86	8.4	14.6
Seq7908_279_bp_1_0_2	ENA|CCP43727|CCP43727.1	85.71	10	1	3	10	19	176	182	8.8	15.4
Seq7908_279_bp_1_0_2	ENA|CAL82360|CAL82360.1	80.00	5	1	0	8	12	851	855	9.1	17.3
Seq7908_279_bp_1_0_2	ENA|AAA24145|AAA24145.1	42.86	16	8	2	3	16	217	232	9.4	15.8
Seq7908_279_bp_1_0_2	ENA|BAA32956|BAA32956.1	57.14	7	3	0	12	18	183	189	9.5	14.6
Seq7908_279_bp_1_1_0	ENA|BAB17681|BAB17681.1	100.00	92	0	0	1	92	68	159	1.7e-68	245.6
Seq7908_279_bp_1_1_0	ENA|BAA05866|BAA05866.1	51.61	45	15	14	45	87	45	77	0.11	23.8
Seq7908_279_bp_1_1_0	ENA|AAC17860|AAC17860.1	60.00	23	8	3	11	32	37	57	0.13	24.0
Seq7908_279_bp_1_1_0	ENA|AAS77176|AAS77176.1	48.28	35	15	6	29	60	221	252	0.27	22.5
Seq7908_279_bp_1_1_0	ENA|CAA45708|CAA45708.1	55.56	38	12	11	12	49	351	377	0.67	23.5
Seq7908_279_bp_1_1_0	ENA|AAB96524|AAB96524.1	43.40	70	30	17	9	72	54	112	0.87	20.1
Seq7908_279_bp_1_1_0	ENA|AAQ92751|AAQ92751.2	59.09	34	9	12	3	34	1373	1396	1	22.7
Seq7908_279_bp_1_1_0	ENA|AAC26660|AAC26660.1	46.51	56	23	13	18	66	194	243	1.2	20.1
Seq7908_279_bp_1_1_0	ENA|CAL82360|CAL82360.1	57.14	55	15	20	20	61	295	342	2.9	21.1
Seq7908_279_bp_1_1_0	ENA|AAC78721|AAC78721.1	88.89	16	1	7	75	90	245	253	3.7	19.8
Seq7908_279_bp_1_1_0	ENA|ABG75784|ABG75784.1	34.62	30	17	4	13	40	16	43	4.2	18.5
Seq7908_279_bp_1_1_0	ENA|BAA36759|BAA36759.1	83.33	6	1	0	44	49	17	22	4.7	18.3
Seq7908_279_bp_1_1_0	ENA|CAA36714|CAA36714.1	63.64	11	4	0	80	90	264	274	5.2	18.8
Seq7908_279_bp_1_1_0	ENA|AAA25966|AAA25966.1	52.94	19	8	2	7	25	109	125	5.6	19.3
Seq7908_279_bp_1_1_0	ENA|CAA28033|CAA28033.1	45.45	23	12	1	16	37	655	677	8.2	19.6
Seq7908_279_bp_1_2_0	ENA|AAS77176|AAS77176.1	83.33	6	1	0	3	8	56	61	0.73	18.4
Seq7908_279_bp_1_2_0	ENA|AAC49865|AAC49865.1	53.85	17	6	4	3	15	267	283	1	18.1
Seq7908_279_bp_1_2_0	ENA|CAA29956|CAA29956.1	63.64	13	4	2	3	15	226	236	4.2	16.2
Seq7908_279_bp_1_2_0	ENA|ABN10845|ABN10845.1	66.67	6	2	0	8	13	183	188	4.7	15.2
Seq7908_279_bp_1_2_0	ENA|BAA32956|BAA32956.1	63.64	15	4	4	1	15	181	191	5.6	14.9
Seq7908_279_bp_1_2_0	ENA|AAB96524|AAB96524.1	66.67	11	3	2	2	10	117	127	6.1	14.6
Seq7908_279_bp_1_2_0	ENA|AAA24145|AAA24145.1	50.00	8	4	0	2	9	212	219	7.7	15.5
Seq7908_279_bp_1_2_1	ENA|AAC49865|AAC49865.1	100.00	6	0	1	4	9	122	126	1.8	17.3
Seq7908_279_bp_1_2_1	ENA|CAA11507|CAA11507.1	60.00	13	4	3	4	16	324	333	3.7	18.3
Seq7908_279_bp_1_2_1	ENA|AAB96524|AAB96524.1	62.50	8	3	0	6	13	1	8	3.8	15.4
Seq7908_279_bp_1_2_1	ENA|AAC26660|AAC26660.1	63.64	13	4	2	6	16	51	63	5.2	15.4
Seq7908_279_bp_1_2_1	ENA|CAA36714|CAA36714.1	57.14	16	6	2	2	15	229	244	7.4	15.7
Seq7908_279_bp_1_2_1	ENA|AAC17860|AAC17860.1	50.00	18	7	4	1	14	344	361	8.1	15.4
Seq7908_279_bp_1_2_1	ENA|AAC97205|AAC97205.1	100.00	4	0	0	1	4	975	978	9.7	16.7
Seq7908_279_bp_1_2_2	ENA|AAS77176|AAS77176.1	100.00	5	0	0	6	10	119	123	0.073	21.6
Seq7908_279_bp_1_2_2	ENA|CAA29956|CAA29956.1	83.33	6	1	0	5	10	137	142	0.46	19.3
Seq7908_279_bp_1_2_2	ENA|AAC78721|AAC78721.1	85.71	8	1	1	6	13	628	634	1.4	18.6
Seq7908_279_bp_1_2_2	ENA|ACH70901|ACH70901.1	62.50	8	3	0	3	10	2	9	1.6	17.4
Seq7908_279_bp_1_2_2	ENA|AAC40132|AAC40132.1	100.00	4	0	0	7	10	468	471	2.1	17.4
Seq7908_279_bp_1_2_2	ENA|CAA29968|CAA29968.1	60.00	5	2	0	3	7	71	75	2.5	15.9
Seq7908_279_bp_1_2_2	ENA|AAA36539|AAA36539.1	55.56	10	4	1	6	14	469	478	2.7	17.1
Seq7908_279_bp_1_2_2	ENA|ABK71357|ABK71357.1	66.67	6	2	0	6	11	66	71	5.9	15.5
Seq7908_279_bp_1_2_2	ENA|AAC17860|AAC17860.1	100.00	4	0	0	11	14	77	80	6.5	15.5
Seq7908_279_bp_1_2_2	ENA|ABD49687|ABD49687.1	63.64	12	4	1	2	12	702	713	7.3	17.4
Seq7908_279_bp_1_2_2	ENA|CAA43419|CAA43419.1	80.00	5	1	0	3	7	30	34	7.5	15.2
Seq7908_279_bp_1_2_2	ENA|AAC26660|AAC26660.1	80.00	5	1	0	9	13	165	169	8.7	14.4
Seq7908_279_bp_-1_0_0	ENA|CAA26939|CAA26939.1	58.82	18	7	1	5	22	16	32	0.17	23.2
Seq7908_279_bp_-1_0_0	ENA|AAR37016|AAR37016.1	46.43	34	15	6	17	49	126	154	1.2	22.4
Seq7908_279_bp_-1_0_0	ENA|AAF79734|AAF79734.1	50.00	27	11	5	17	39	1077	1102	2.4	20.8
Seq7908_279_bp_-1_0_0	ENA|BAA32991|BAA32991.1	55.56	12	4	3	9	19	23	32	4.2	15.5
Seq7908_279_bp_-1_0_0	ENA|ABD49687|ABD49687.1	58.82	27	7	10	10	36	228	244	5.9	19.7
Seq7908_279_bp_-1_0_0	ENA|AAA72732|AAA72732.1	53.85	17	6	4	33	49	112	124	7.1	16.9
Seq7908_279_bp_-1_0_0	ENA|AAC08817|AAC08817.1	55.56	26	8	8	19	39	84	106	7.6	15.8
Seq7908_279_bp_-1_0_1	ENA|CAL82360|CAL82360.1	45.00	20	11	0	9	28	697	716	0.35	22.7
Seq7908_279_bp_-1_0_1	ENA|AAR37016|AAR37016.1	52.63	23	9	4	1	19	1918	1940	0.63	22.7
Seq7908_279_bp_-1_0_1	ENA|ABN10845|ABN10845.1	66.67	14	4	2	8	19	60	73	0.66	19.2
Seq7908_279_bp_-1_0_1	ENA|AAC17860|AAC17860.1	54.55	32	10	10	2	31	97	120	4.9	17.2
Seq7908_279_bp_-1_0_1	ENA|ABG75784|ABG75784.1	36.84	22	12	3	10	31	11	29	5.6	16.6
Seq7908_279_bp_-1_0_1	ENA|EDO47375|EDO47375.1	83.33	6	1	0	26	31	9	14	6.2	15.7
Seq7908_279_bp_-1_0_1	ENA|AAC78721|AAC78721.1	83.33	6	1	0	28	33	583	588	6.5	17.5
Seq7908_279_bp_-1_0_1	ENA|CAA36214|CAA36214.1	75.00	8	2	0	1	8	273	280	6.6	16.3
Seq7908_279_bp_-1_0_1	ENA|BAA32991|BAA32991.1	100.00	4	0	0	30	33	34	37	7.4	14.0
Seq7908_279_bp_-1_0_1	ENA|CAA36714|CAA36714.1	71.43	7	2	0	27	33	119	125	8.2	16.6
Seq7908_279_bp_-1_0_1	ENA|AAR31603|AAR31603.1	52.94	20	8	3	1	20	68	84	8.6	16.0
Seq7908_279_bp_-1_0_1	ENA|AAF79734|AAF79734.1	57.14	15	6	1	2	15	8	22	9.2	18.1
Seq7908_279_bp_-1_0_1	ENA|CAA29968|CAA29968.1	100.00	4	0	0	14	17	72	75	9.3	15.2
Seq7908_279_bp_-1_1_0	ENA|BAA32956|BAA32956.1	61.54	13	5	0	25	37	188	200	0.07	22.8
Seq7908_279_bp_-1_1_0	ENA|AAI27517|AAI27517.1	62.50	8	3	0	15	22	251	258	4	18.4
Seq7908_279_bp_-1_1_0	ENA|ABN10845|ABN10845.1	50.00	13	6	1	24	35	198	210	5.9	16.3
Seq7908_279_bp_-1_1_0	ENA|AAC08817|AAC08817.1	47.06	19	9	2	21	39	127	143	6.3	15.7
Seq7908_279_bp_-1_1_0	ENA|AAA72732|AAA72732.1	100.00	4	0	0	37	40	280	283	6.9	16.6
Seq7908_279_bp_-1_1_0	ENA|AAR31603|AAR31603.1	47.37	25	10	6	15	39	247	265	8.7	16.3
Seq7908_279_bp_-1_1_1	ENA|BAA32991|BAA32991.1	87.50	15	1	7	1	15	15	22	0.033	21.2
Seq7908_279_bp_-1_1_1	ENA|BAA32991|BAA32991.1	62.50	8	3	0	1	8	47	54	0.044	20.8
Seq7908_279_bp_-1_1_1	ENA|AAI27517|AAI27517.1	100.00	5	0	0	3	7	358	362	0.088	22.9
Seq7908_279_bp_-1_1_1	ENA|AAI27517|AAI27517.1	87.50	11	1	3	3	10	531	541	0.21	21.6
Seq7908_279_bp_-1_1_1	ENA|ABD33854|ABD33854.1	66.67	6	2	0	13	18	59	64	0.1	19.5
Seq7908_279_bp_-1_1_1	ENA|BAA32956|BAA32956.1	72.73	18	3	7	1	11	13	30	0.1	21.2
Seq7908_279_bp_-1_1_1	ENA|AAA32624|AAA32624.1	57.14	18	6	4	3	16	91	108	0.25	21.2
Seq7908_279_bp_-1_1_1	ENA|AAC08817|AAC08817.1	66.67	6	2	0	2	7	7	12	0.33	19.1
Seq7908_279_bp_-1_1_1	ENA|AAC08817|AAC08817.1	80.00	5	1	0	3	7	122	126	0.8	17.8
Seq7908_279_bp_-1_1_1	ENA|ABG75784|ABG75784.1	50.00	8	4	0	13	20	127	134	0.37	19.9
Seq7908_279_bp_-1_1_1	ENA|CAD53387|CAD53387.1	66.67	16	4	4	3	18	34	45	0.44	20.3
Seq7908_279_bp_-1_1_1	ENA|CAD53387|CAD53387.1	66.67	16	4	4	3	18	100	111	0.44	20.3
Seq7908_279_bp_-1_1_1	ENA|CAD53387|CAD53387.1	66.67	16	4	4	3	18	166	177	0.44	20.3
Seq7908_279_bp_-1_1_1	ENA|CAD53387|CAD53387.1	66.67	16	4	4	3	18	232	243	0.44	20.3
Seq7908_279_bp_-1_1_1	ENA|CAD53387|CAD53387.1	66.67	16	4	4	3	18	298	309	0.44	20.3
Seq7908_279_bp_-1_1_1	ENA|CAD53387|CAD53387.1	66.67	16	4	4	3	18	364	375	0.44	20.3
Seq7908_279_bp_-1_1_1	ENA|CAD53387|CAD53387.1	66.67	16	4	4	3	18	430	441	0.44	20.3
Seq7908_279_bp_-1_1_1	ENA|ABK71357|ABK71357.1	46.15	15	7	2	6	20	128	140	0.78	19.1
Seq7908_279_bp_-1_1_1	ENA|AAR37016|AAR37016.1	100.00	4	0	0	2	5	620	623	0.84	21.6
Seq7908_279_bp_-1_1_1	ENA|AAR31603|AAR31603.1	80.00	5	1	0	3	7	266	270	0.93	18.6
Seq7908_279_bp_-1_1_1	ENA|CAA73529|CAA73529.1	60.00	5	2	0	2	6	271	275	1.9	17.3
Seq7908_279_bp_-1_1_1	ENA|AAA36539|AAA36539.1	75.00	4	1	0	9	12	333	336	2.4	17.8
Seq7908_279_bp_-1_1_1	ENA|CAA26023|CAA26023.1	60.00	11	4	1	7	16	350	360	2.6	17.3
Seq7908_279_bp_-1_1_1	ENA|AAA25966|AAA25966.1	57.14	7	3	0	14	20	185	191	2.7	18.2
Seq7908_279_bp_-1_1_1	ENA|AAB03707|AAB03707.1	58.33	15	5	3	4	15	397	411	2.8	19.1
Seq7908_279_bp_-1_1_1	ENA|AAQ92751|AAQ92751.2	80.00	5	1	0	6	10	1198	1202	2.9	19.1
Seq7908_279_bp_-1_1_1	ENA|AAC40132|AAC40132.1	83.33	7	1	1	2	8	347	352	3.2	17.3
Seq7908_279_bp_-1_1_1	ENA|AAB96524|AAB96524.1	71.43	8	2	1	2	8	110	117	4	15.6
Seq7908_279_bp_-1_1_1	ENA|AAB26998|AAB26998.1	60.00	5	2	0	4	8	18	22	4.1	14.4
Seq7908_279_bp_-1_1_1	ENA|BAB17681|BAB17681.1	57.14	7	3	0	5	11	16	22	4.4	16.1
Seq7908_279_bp_-1_1_1	ENA|AAA72732|AAA72732.1	83.33	8	1	2	3	8	280	287	5	16.1
Seq7908_279_bp_-1_1_1	ENA|CAA26939|CAA26939.1	50.00	8	4	0	2	9	20	27	5	16.9
Seq7908_279_bp_-1_1_1	ENA|BAB79260|BAB79260.1	85.71	9	1	2	10	16	77	85	5.4	16.5
Seq7908_279_bp_-1_1_1	ENA|AAA18786|AAA18786.1	100.00	3	0	0	3	5	78	80	5.7	15.6
Seq7908_279_bp_-1_1_1	ENA|CCP43727|CCP43727.1	100.00	3	0	0	12	14	58	60	6.9	15.6
Seq7908_279_bp_-1_1_1	ENA|CAA36714|CAA36714.1	66.67	6	2	0	15	20	103	108	7.3	16.1
Seq7908_279_bp_-1_1_1	ENA|CAA45708|CAA45708.1	80.00	5	1	0	10	14	482	486	7.3	17.8
Seq7908_279_bp_-1_1_1	ENA|CAA45199|CAA45199.1	85.71	15	1	8	6	16	378	388	9.6	15.6
Seq7908_279_bp_-1_1_1	ENA|ACH70901|ACH70901.1	83.33	9	1	3	9	17	314	319	9.9	15.2
Seq7908_279_bp_-1_1_2	ENA|ABG75784|ABG75784.1	71.43	19	4	5	4	17	116	134	0.25	21.0
Seq7908_279_bp_-1_1_2	ENA|AAC17860|AAC17860.1	47.62	24	11	3	2	25	73	93	0.33	21.0
Seq7908_279_bp_-1_1_2	ENA|AAC08817|AAC08817.1	43.75	18	9	2	6	21	54	71	8.9	14.7
Seq7908_279_bp_-1_1_2	ENA|AAC97205|AAC97205.1	53.85	14	6	1	1	13	1178	1191	9.6	17.5
Seq7908_279_bp_-1_2_0	ENA|BAA36759|BAA36759.1	81.25	32	3	16	2	28	270	290	2.1	18.3
Seq7908_279_bp_-1_2_0	ENA|AAA25966|AAA25966.1	50.00	17	8	1	14	30	638	653	2.4	19.5
Seq7908_279_bp_-1_2_0	ENA|ACH70901|ACH70901.1	47.83	32	12	9	9	35	317	344	5.6	17.2
Seq7908_279_bp_-1_2_0	ENA|AAB26998|AAB26998.1	100.00	4	0	0	11	14	62	65	6	14.9
Seq7908_279_bp_-1_2_0	ENA|AAR31603|AAR31603.1	71.43	7	2	0	36	42	265	271	7.5	16.6
Seq7908_279_bp_-1_2_0	ENA|CAA43419|CAA43419.1	47.06	19	9	2	4	22	297	313	8.3	16.6
Seq7908_279_bp_-1_2_0	ENA|ABN10845|ABN10845.1	50.00	21	8	5	14	29	144	164	8.9	15.8
Seq7908_279_bp_-1_2_1	ENA|BAA32018|BAA32018.1	56.25	17	7	1	8	23	403	419	0.22	22.4
Seq7908_279_bp_-1_2_1	ENA|CAA73529|CAA73529.1	81.82	16	2	5	14	29	130	140	1.6	18.2
Seq7908_279_bp_-1_2_1	ENA|AAA25966|AAA25966.1	53.33	16	7	1	17	32	286	300	1.8	19.5
Seq7908_279_bp_-1_2_1	ENA|BAB17681|BAB17681.1	64.29	18	5	4	16	33	58	71	7.8	15.9
Seq7908_279_bp_-1_2_1	ENA|AAC17860|AAC17860.1	72.73	13	3	2	2	12	175	187	8.1	16.4
