Seq7967_238_bp_1_0_0	ENA|EDO47375|EDO47375.1	80.00	5	1	0	3	7	126	130	0.19	19.2
Seq7967_238_bp_1_0_0	ENA|ABN10845|ABN10845.1	50.00	10	5	0	1	10	103	112	0.22	19.2
Seq7967_238_bp_1_0_0	ENA|ABG75784|ABG75784.1	50.00	8	4	0	1	8	82	89	0.32	19.2
Seq7967_238_bp_1_0_0	ENA|BAA32956|BAA32956.1	57.14	7	3	0	4	10	98	104	0.48	18.1
Seq7967_238_bp_1_0_0	ENA|AAA25966|AAA25966.1	57.14	7	3	0	2	8	133	139	1.1	18.7
Seq7967_238_bp_1_0_0	ENA|BAA32991|BAA32991.1	60.00	5	2	0	5	9	31	35	3.7	13.4
Seq7967_238_bp_1_0_0	ENA|CAA73529|CAA73529.1	75.00	4	1	0	3	6	206	209	4.5	15.2
Seq7967_238_bp_1_0_0	ENA|CAB75732|CAB75732.1	66.67	6	2	0	6	11	833	838	5.6	16.9
Seq7967_238_bp_1_1_0	ENA|CAB75732|CAB75732.1	100.00	79	0	0	1	79	668	746	1.6e-66	240.9
Seq7967_238_bp_1_1_0	ENA|CAB75732|CAB75732.1	65.38	79	27	1	1	79	779	856	8.9e-36	138.8
Seq7967_238_bp_1_1_0	ENA|CAB75732|CAB75732.1	46.67	46	24	1	1	46	889	933	2.9e-10	54.0
Seq7967_238_bp_1_1_0	ENA|CAB75732|CAB75732.1	52.94	36	16	2	46	79	600	635	5e-08	46.6
Seq7967_238_bp_1_1_0	ENA|AAA32624|AAA32624.1	53.85	13	6	0	28	40	276	288	0.23	23.3
Seq7967_238_bp_1_1_0	ENA|AAA24145|AAA24145.1	75.00	8	2	0	63	70	87	94	0.57	21.8
Seq7967_238_bp_1_1_0	ENA|CAA43419|CAA43419.1	45.00	23	11	3	53	75	279	298	0.9	20.8
Seq7967_238_bp_1_1_0	ENA|CAA36714|CAA36714.1	52.38	22	10	1	57	77	251	272	1.1	20.8
Seq7967_238_bp_1_1_0	ENA|AAB03707|AAB03707.1	58.33	12	5	0	22	33	412	423	1.7	21.8
Seq7967_238_bp_1_1_0	ENA|AAQ92751|AAQ92751.2	58.82	18	7	1	17	33	1182	1199	1.7	21.8
Seq7967_238_bp_1_1_0	ENA|BAB79260|BAB79260.1	28.57	14	10	0	18	31	303	316	2.2	19.8
Seq7967_238_bp_1_1_0	ENA|CAA29968|CAA29968.1	50.00	21	10	1	2	21	29	49	2.6	18.3
Seq7967_238_bp_1_1_0	ENA|CAA45199|CAA45199.1	32.26	31	21	0	3	33	43	73	3.2	19.3
Seq7967_238_bp_1_1_0	ENA|BAA36759|BAA36759.1	53.85	13	6	0	40	52	72	84	3.8	18.3
Seq7967_238_bp_1_1_0	ENA|AAC17860|AAC17860.1	35.29	17	11	0	48	64	228	244	3.9	18.8
Seq7967_238_bp_1_1_0	ENA|AAC78721|AAC78721.1	44.44	18	10	0	36	53	96	113	4.5	19.3
Seq7967_238_bp_1_1_0	ENA|CAA11507|CAA11507.1	54.55	11	5	0	23	33	405	415	4.6	20.3
Seq7967_238_bp_1_1_0	ENA|AAC08817|AAC08817.1	71.43	7	2	0	10	16	98	104	5.7	16.8
Seq7967_238_bp_1_1_0	ENA|AAC49865|AAC49865.1	46.15	13	7	0	57	69	97	109	6	17.8
Seq7967_238_bp_1_1_0	ENA|ABD33854|ABD33854.1	50.00	8	4	0	55	62	43	50	6.4	15.4
Seq7967_238_bp_1_1_0	ENA|CAA45708|CAA45708.1	40.00	15	9	0	21	35	1477	1491	7	19.8
Seq7967_238_bp_1_1_0	ENA|CAL82360|CAL82360.1	33.33	24	16	0	20	43	1226	1249	8.2	19.3
Seq7967_238_bp_1_1_0	ENA|AAB66912|AAB66912.1	44.44	9	5	0	29	37	702	710	8.4	18.8
Seq7967_238_bp_1_1_0	ENA|CAA24711|CAA24711.1	80.00	5	1	0	8	12	43	47	8.6	16.4
Seq7967_238_bp_1_1_0	ENA|CAA26023|CAA26023.1	50.00	18	8	2	8	23	201	218	9.5	17.3
Seq7967_238_bp_1_2_0	ENA|AAC40132|AAC40132.1	53.85	13	6	0	1	13	247	259	2.5	18.1
Seq7967_238_bp_1_2_0	ENA|AAA36539|AAA36539.1	35.71	14	9	0	7	20	271	284	2.5	18.1
Seq7967_238_bp_1_2_0	ENA|CAA36714|CAA36714.1	85.71	7	1	0	13	19	158	164	3.3	17.6
Seq7967_238_bp_1_2_0	ENA|BAA32018|BAA32018.1	33.33	18	12	0	5	22	517	534	8.4	16.7
Seq7967_238_bp_1_2_1	ENA|AAA36539|AAA36539.1	66.67	6	2	0	5	10	339	344	1.5	17.6
Seq7967_238_bp_1_2_1	ENA|AAB66912|AAB66912.1	45.45	11	6	0	1	11	149	159	6.2	16.5
Seq7967_238_bp_1_2_1	ENA|ABD33854|ABD33854.1	30.00	10	7	0	2	11	3	12	7.2	12.3
Seq7967_238_bp_1_2_2	ENA|ABD33854|ABD33854.1	35.71	14	9	0	19	32	1	14	2.9	15.4
Seq7967_238_bp_1_2_2	ENA|ABG75784|ABG75784.1	55.56	9	4	0	18	26	103	111	3.6	17.4
Seq7967_238_bp_1_2_2	ENA|BAA32018|BAA32018.1	33.33	18	12	0	14	31	402	419	9.5	16.9
Seq7967_238_bp_-1_0_0	ENA|AAA42531|AAA42531.1	62.50	8	3	0	4	11	81	88	0.33	20.5
Seq7967_238_bp_-1_0_0	ENA|AAC97205|AAC97205.1	33.33	9	6	0	8	16	888	896	0.66	21.2
Seq7967_238_bp_-1_0_0	ENA|AAA24145|AAA24145.1	62.50	8	3	0	1	8	143	150	0.96	19.2
Seq7967_238_bp_-1_0_0	ENA|AAA36114|AAA36114.1	44.44	19	10	1	3	20	446	464	1.7	18.5
Seq7967_238_bp_-1_0_0	ENA|ABN10845|ABN10845.1	50.00	8	4	0	7	14	64	71	1.8	17.2
Seq7967_238_bp_-1_0_0	ENA|AAI27517|AAI27517.1	37.50	8	5	0	14	21	563	570	3	17.9
Seq7967_238_bp_-1_0_0	ENA|CAA45199|CAA45199.1	44.44	9	5	0	1	9	117	125	3.7	17.2
Seq7967_238_bp_-1_0_0	ENA|AAC49865|AAC49865.1	66.67	6	2	0	2	7	181	186	4.1	16.6
Seq7967_238_bp_-1_0_0	ENA|CCP43727|CCP43727.1	30.00	10	7	0	9	18	3	12	4.1	16.6
Seq7967_238_bp_-1_0_0	ENA|CAA28033|CAA28033.1	37.50	8	5	0	13	20	596	603	4.2	18.5
Seq7967_238_bp_-1_0_0	ENA|AAC08817|AAC08817.1	57.14	7	3	0	8	14	115	121	4.8	15.3
Seq7967_238_bp_-1_0_0	ENA|ABD33854|ABD33854.1	42.86	7	4	0	16	22	1	7	4.8	14.0
Seq7967_238_bp_-1_0_0	ENA|AAC17860|AAC17860.1	44.44	9	5	0	12	20	192	200	5.1	16.6
Seq7967_238_bp_-1_0_0	ENA|CAA73529|CAA73529.1	57.14	7	3	0	13	19	260	266	5.3	15.9
Seq7967_238_bp_-1_0_0	ENA|ABD49687|ABD49687.1	80.00	5	1	0	14	18	81	85	5.4	18.5
Seq7967_238_bp_-1_0_0	ENA|AAR31603|AAR31603.1	57.14	7	3	0	15	21	43	49	6.3	15.9
Seq7967_238_bp_-1_0_0	ENA|ACH70901|ACH70901.1	80.00	5	1	0	14	18	231	235	6.9	15.9
Seq7967_238_bp_-1_0_0	ENA|CAA26939|CAA26939.1	46.67	16	8	1	3	17	276	291	6.9	16.6
Seq7967_238_bp_-1_0_0	ENA|CAA43419|CAA43419.1	80.00	5	1	0	4	8	159	163	7	15.9
Seq7967_238_bp_-1_0_0	ENA|ABK71357|ABK71357.1	75.00	4	1	0	11	14	64	67	7.1	15.9
Seq7967_238_bp_-1_0_0	ENA|AAC26660|AAC26660.1	50.00	8	4	0	2	9	10	17	7.7	15.3
Seq7967_238_bp_-1_0_0	ENA|AAA18786|AAA18786.1	37.50	8	5	0	15	22	4	11	8	15.3
Seq7967_238_bp_-1_0_0	ENA|AAB96524|AAB96524.1	36.36	11	7	0	1	11	131	141	8.7	14.6
Seq7967_238_bp_-1_0_0	ENA|AAA32624|AAA32624.1	66.67	6	2	0	13	18	213	218	9.7	15.9
Seq7967_238_bp_-1_0_1	ENA|AAC26660|AAC26660.1	50.00	10	5	0	2	11	75	84	0.06	21.4
Seq7967_238_bp_-1_0_1	ENA|CCP43727|CCP43727.1	44.44	9	5	0	2	10	273	281	0.077	21.4
Seq7967_238_bp_-1_0_1	ENA|CAB75732|CAB75732.1	62.50	8	3	0	1	8	303	310	0.17	22.1
Seq7967_238_bp_-1_0_1	ENA|CAL82360|CAL82360.1	44.44	9	5	0	3	11	242	250	0.19	22.1
Seq7967_238_bp_-1_0_1	ENA|AAA72732|AAA72732.1	50.00	6	3	0	2	7	14	19	0.49	18.6
Seq7967_238_bp_-1_0_1	ENA|ABD33854|ABD33854.1	60.00	5	2	0	6	10	20	24	0.65	15.9
Seq7967_238_bp_-1_0_1	ENA|CAA36714|CAA36714.1	80.00	5	1	0	6	10	178	182	1.2	17.9
Seq7967_238_bp_-1_0_1	ENA|BAA32018|BAA32018.1	100.00	4	0	0	1	4	455	458	1.5	17.9
Seq7967_238_bp_-1_0_1	ENA|AAC97205|AAC97205.1	80.00	5	1	0	7	11	329	333	1.9	18.6
Seq7967_238_bp_-1_0_1	ENA|AAR31603|AAR31603.1	50.00	8	4	0	4	11	202	209	3.3	15.9
Seq7967_238_bp_-1_0_1	ENA|ACT10338|ACT10338.1	80.00	5	1	0	3	7	188	192	3.9	15.9
Seq7967_238_bp_-1_0_1	ENA|CAA36214|CAA36214.1	37.50	8	5	0	4	11	154	161	4.9	15.2
Seq7967_238_bp_-1_0_1	ENA|AAB03707|AAB03707.1	36.36	11	7	0	1	11	27	37	5.3	17.3
Seq7967_238_bp_-1_0_1	ENA|CAA26939|CAA26939.1	75.00	4	1	0	7	10	312	315	5.6	15.9
Seq7967_238_bp_-1_0_1	ENA|CAA45708|CAA45708.1	66.67	6	2	0	6	11	1485	1490	5.8	17.3
Seq7967_238_bp_-1_0_1	ENA|BAB79260|BAB79260.1	55.56	9	4	0	3	11	386	394	7.1	15.2
Seq7967_238_bp_-1_0_1	ENA|AAB96524|AAB96524.1	100.00	3	0	0	9	11	118	120	7.4	13.8
Seq7967_238_bp_-1_0_1	ENA|ACH70901|ACH70901.1	60.00	5	2	0	5	9	281	285	8.9	14.5
Seq7967_238_bp_-1_0_2	ENA|AAR37016|AAR37016.1	50.00	18	8	2	5	22	1552	1567	0.089	25.2
Seq7967_238_bp_-1_0_2	ENA|CAA28033|CAA28033.1	71.43	7	2	0	4	10	1031	1037	1.5	20.3
Seq7967_238_bp_-1_0_2	ENA|BAA32956|BAA32956.1	62.50	8	3	0	7	14	132	139	2.3	17.0
Seq7967_238_bp_-1_0_2	ENA|ACT10338|ACT10338.1	83.33	6	1	0	10	15	342	347	2.9	17.5
Seq7967_238_bp_-1_0_2	ENA|CAL82360|CAL82360.1	57.14	7	3	0	4	10	1014	1020	3.1	19.2
Seq7967_238_bp_-1_0_2	ENA|AAB26998|AAB26998.1	42.86	7	4	0	12	18	42	48	3.9	14.8
Seq7967_238_bp_-1_0_2	ENA|AAC08817|AAC08817.1	100.00	4	0	0	9	12	154	157	5.3	15.3
Seq7967_238_bp_-1_0_2	ENA|BAA32018|BAA32018.1	20.00	20	16	0	3	22	3	22	9.5	16.4
Seq7967_238_bp_-1_1_0	ENA|CAA29956|CAA29956.1	62.50	8	3	0	15	22	292	299	0.019	24.7
Seq7967_238_bp_-1_1_0	ENA|CAA24711|CAA24711.1	83.33	6	1	0	8	13	6	11	0.079	21.6
Seq7967_238_bp_-1_1_0	ENA|ACH70901|ACH70901.1	71.43	7	2	0	18	24	355	361	0.25	21.0
Seq7967_238_bp_-1_1_0	ENA|BAA32956|BAA32956.1	50.00	12	6	0	12	23	44	55	0.55	19.1
Seq7967_238_bp_-1_1_0	ENA|AAR37016|AAR37016.1	66.67	9	3	0	9	17	774	782	1.1	21.6
Seq7967_238_bp_-1_1_0	ENA|BAB79260|BAB79260.1	60.00	5	2	0	15	19	54	58	1.2	19.1
Seq7967_238_bp_-1_1_0	ENA|CAA36214|CAA36214.1	50.00	10	5	0	12	21	278	287	1.9	17.8
Seq7967_238_bp_-1_1_0	ENA|AAR31603|AAR31603.1	35.71	14	9	0	5	18	290	303	2	17.8
Seq7967_238_bp_-1_1_0	ENA|AAC08817|AAC08817.1	66.67	6	2	0	9	14	27	32	2.3	16.5
Seq7967_238_bp_-1_1_0	ENA|AAC78721|AAC78721.1	83.33	6	1	0	5	10	272	277	2.7	18.4
Seq7967_238_bp_-1_1_0	ENA|EDO47375|EDO47375.1	75.00	4	1	0	13	16	127	130	2.8	16.5
Seq7967_238_bp_-1_1_0	ENA|AAC49865|AAC49865.1	71.43	7	2	0	6	12	72	78	3.1	17.2
Seq7967_238_bp_-1_1_0	ENA|AAI27517|AAI27517.1	60.00	10	4	0	10	19	438	447	3.6	17.8
Seq7967_238_bp_-1_1_0	ENA|BAA05866|BAA05866.1	36.36	11	7	0	10	20	105	115	4.4	16.5
Seq7967_238_bp_-1_1_0	ENA|ABN10845|ABN10845.1	57.14	7	3	0	7	13	56	62	4.8	15.9
Seq7967_238_bp_-1_1_0	ENA|AAB03707|AAB03707.1	100.00	5	0	0	1	5	751	755	5.3	18.4
Seq7967_238_bp_-1_1_0	ENA|AAQ92751|AAQ92751.2	71.43	7	2	0	5	11	833	839	5.3	18.4
Seq7967_238_bp_-1_1_0	ENA|AAA42531|AAA42531.1	33.33	12	8	0	12	23	180	191	5.5	16.5
Seq7967_238_bp_-1_1_0	ENA|CAA45199|CAA45199.1	80.00	5	1	0	8	12	371	375	6.6	16.5
Seq7967_238_bp_-1_1_0	ENA|AAA72732|AAA72732.1	50.00	8	4	0	10	17	226	233	6.8	15.9
Seq7967_238_bp_-1_1_0	ENA|ACT10338|ACT10338.1	75.00	4	1	0	8	11	139	142	8.3	15.9
Seq7967_238_bp_-1_1_0	ENA|AAF79734|AAF79734.1	58.33	13	5	1	13	24	8	20	8.4	17.8
Seq7967_238_bp_-1_1_0	ENA|CAA36714|CAA36714.1	27.27	22	16	0	2	23	218	239	9.9	15.9
Seq7967_238_bp_-1_1_1	ENA|CAA11507|CAA11507.1	46.15	13	7	0	1	13	1017	1029	0.28	23.2
Seq7967_238_bp_-1_1_1	ENA|AAR37016|AAR37016.1	44.44	19	10	1	11	28	1374	1392	0.32	23.8
Seq7967_238_bp_-1_1_1	ENA|BAA32956|BAA32956.1	42.86	14	8	0	20	33	34	47	0.48	19.8
Seq7967_238_bp_-1_1_1	ENA|AAA36539|AAA36539.1	60.00	10	4	0	18	27	117	126	0.72	20.3
Seq7967_238_bp_-1_1_1	ENA|CAB75732|CAB75732.1	40.00	15	9	0	1	15	420	434	1.2	20.9
Seq7967_238_bp_-1_1_1	ENA|ABD33854|ABD33854.1	45.45	11	6	0	13	23	14	24	1.6	16.3
Seq7967_238_bp_-1_1_1	ENA|ABK71357|ABK71357.1	71.43	7	2	0	22	28	8	14	1.9	18.6
Seq7967_238_bp_-1_1_1	ENA|CAA24711|CAA24711.1	45.45	11	6	0	1	11	34	44	1.9	17.4
Seq7967_238_bp_-1_1_1	ENA|AAA36114|AAA36114.1	46.15	13	7	0	12	24	389	401	3.8	18.0
Seq7967_238_bp_-1_1_1	ENA|AAB96524|AAB96524.1	50.00	6	3	0	3	8	66	71	4.6	16.3
Seq7967_238_bp_-1_1_1	ENA|ABN10845|ABN10845.1	45.45	11	6	0	6	16	159	169	5.3	16.3
Seq7967_238_bp_-1_1_1	ENA|AAR31603|AAR31603.1	83.33	6	1	0	27	32	291	296	5.4	16.8
Seq7967_238_bp_-1_1_1	ENA|AAC49865|AAC49865.1	80.00	5	1	0	2	6	84	88	5.4	16.8
Seq7967_238_bp_-1_1_1	ENA|AAB26998|AAB26998.1	50.00	6	3	0	30	35	54	59	6.4	14.5
Seq7967_238_bp_-1_1_1	ENA|AAI27517|AAI27517.1	40.00	15	9	0	2	16	38	52	6.4	17.4
Seq7967_238_bp_-1_1_1	ENA|CAA45199|CAA45199.1	38.46	13	8	0	4	16	365	377	7.5	16.8
Seq7967_238_bp_-1_1_1	ENA|AAC40132|AAC40132.1	55.56	9	4	0	16	24	112	120	7.6	16.8
Seq7967_238_bp_-1_1_1	ENA|ABD49687|ABD49687.1	46.15	13	7	0	1	13	1368	1380	8.1	18.6
Seq7967_238_bp_-1_1_1	ENA|AAC08817|AAC08817.1	100.00	4	0	0	8	11	58	61	8.3	15.1
Seq7967_238_bp_-1_1_1	ENA|AAC17860|AAC17860.1	62.50	8	3	0	26	33	358	365	9.6	16.3
Seq7967_238_bp_-1_1_1	ENA|AAB03707|AAB03707.1	62.50	8	3	0	27	34	1318	1325	9.6	18.0
Seq7967_238_bp_-1_1_1	ENA|AAB66912|AAB66912.1	83.33	6	1	0	13	18	103	108	9.7	17.4
Seq7967_238_bp_-1_2_0	ENA|AAC49865|AAC49865.1	57.14	7	3	0	13	19	131	137	0.28	20.3
Seq7967_238_bp_-1_2_0	ENA|CAA36714|CAA36714.1	100.00	4	0	0	15	18	135	138	0.4	20.3
Seq7967_238_bp_-1_2_0	ENA|ABG75784|ABG75784.1	62.50	8	3	0	12	19	206	213	0.43	19.6
Seq7967_238_bp_-1_2_0	ENA|CAA73529|CAA73529.1	57.14	7	3	0	3	9	107	113	0.6	18.9
Seq7967_238_bp_-1_2_0	ENA|AAS77176|AAS77176.1	50.00	10	5	0	10	19	234	243	0.63	18.9
Seq7967_238_bp_-1_2_0	ENA|AAC40132|AAC40132.1	66.67	6	2	0	14	19	390	395	0.65	19.6
Seq7967_238_bp_-1_2_0	ENA|AAA72732|AAA72732.1	62.50	8	3	0	8	15	160	167	0.68	18.9
Seq7967_238_bp_-1_2_0	ENA|AAA24145|AAA24145.1	42.86	7	4	0	13	19	242	248	1	18.9
Seq7967_238_bp_-1_2_0	ENA|CAA28033|CAA28033.1	66.67	6	2	0	6	11	592	597	1.1	20.3
Seq7967_238_bp_-1_2_0	ENA|ABN10845|ABN10845.1	50.00	12	6	0	1	12	154	165	1.9	16.9
Seq7967_238_bp_-1_2_0	ENA|AAR37016|AAR37016.1	50.00	8	4	0	4	11	1099	1106	2	20.3
Seq7967_238_bp_-1_2_0	ENA|CAA45199|CAA45199.1	35.71	14	9	0	4	17	20	33	2.6	17.6
Seq7967_238_bp_-1_2_0	ENA|AAB96524|AAB96524.1	71.43	8	2	1	11	18	15	21	2.6	16.2
Seq7967_238_bp_-1_2_0	ENA|CAA36214|CAA36214.1	83.33	6	1	0	6	11	74	79	2.6	16.9
Seq7967_238_bp_-1_2_0	ENA|BAA32956|BAA32956.1	66.67	6	2	0	6	11	44	49	2.9	16.2
Seq7967_238_bp_-1_2_0	ENA|ABD49687|ABD49687.1	64.29	15	5	1	4	18	789	802	3.6	18.9
Seq7967_238_bp_-1_2_0	ENA|CAL82360|CAL82360.1	57.14	7	3	0	1	7	227	233	4.3	18.3
Seq7967_238_bp_-1_2_0	ENA|AAR31603|AAR31603.1	37.50	8	5	0	8	15	162	169	4.5	16.2
Seq7967_238_bp_-1_2_0	ENA|CAA11507|CAA11507.1	66.67	6	2	0	2	7	59	64	4.6	18.3
Seq7967_238_bp_-1_2_0	ENA|CAA43419|CAA43419.1	75.00	4	1	0	13	16	220	223	5	16.2
Seq7967_238_bp_-1_2_0	ENA|CAA26023|CAA26023.1	35.71	14	9	0	4	17	186	199	5.2	16.2
Seq7967_238_bp_-1_2_0	ENA|BAA32018|BAA32018.1	35.71	14	9	0	2	15	370	383	5.3	16.9
Seq7967_238_bp_-1_2_0	ENA|CAA24711|CAA24711.1	60.00	5	2	0	6	10	120	124	5.9	14.9
Seq7967_238_bp_-1_2_0	ENA|BAA32991|BAA32991.1	42.86	14	8	0	3	16	1	14	6	13.5
Seq7967_238_bp_-1_2_0	ENA|CAB75732|CAB75732.1	44.44	9	5	0	11	19	824	832	6.1	17.6
Seq7967_238_bp_-1_2_0	ENA|ABK71357|ABK71357.1	50.00	6	3	0	12	17	147	152	7.9	15.6
Seq7967_238_bp_-1_2_0	ENA|ACT10338|ACT10338.1	60.00	5	2	0	13	17	269	273	8.2	15.6
Seq7967_238_bp_-1_2_0	ENA|AAC78721|AAC78721.1	36.36	11	7	0	7	17	103	113	8.8	16.2
Seq7967_238_bp_-1_2_0	ENA|EDO47375|EDO47375.1	100.00	3	0	0	7	9	67	69	9.9	14.2
Seq7967_238_bp_-1_2_1	ENA|AAR37016|AAR37016.1	53.85	13	6	0	1	13	104	116	2.7	19.5
Seq7967_238_bp_-1_2_1	ENA|AAC49865|AAC49865.1	50.00	8	4	0	4	11	262	269	7.7	15.1
Seq7967_238_bp_-1_2_1	ENA|AAC17860|AAC17860.1	66.67	9	3	0	1	9	61	69	9.4	15.1
Seq7967_238_bp_-1_2_2	ENA|AAA36539|AAA36539.1	42.86	14	8	0	11	24	354	367	0.014	25.7
Seq7967_238_bp_-1_2_2	ENA|AAF79734|AAF79734.1	100.00	6	0	0	6	11	20	25	0.11	24.4
Seq7967_238_bp_-1_2_2	ENA|BAA32956|BAA32956.1	62.50	8	3	0	13	20	2	9	0.54	19.3
Seq7967_238_bp_-1_2_2	ENA|AAC78721|AAC78721.1	46.15	13	7	0	15	27	13	25	0.71	20.5
Seq7967_238_bp_-1_2_2	ENA|AAA25966|AAA25966.1	55.56	9	4	0	3	11	118	126	1.2	19.9
Seq7967_238_bp_-1_2_2	ENA|BAB17681|BAB17681.1	63.64	12	4	1	14	24	243	254	2.6	17.3
Seq7967_238_bp_-1_2_2	ENA|CAA45199|CAA45199.1	71.43	7	2	0	22	28	35	41	4.4	17.3
Seq7967_238_bp_-1_2_2	ENA|AAA18786|AAA18786.1	36.36	11	7	0	12	22	182	192	5.9	16.1
Seq7967_238_bp_-1_2_2	ENA|AAB26998|AAB26998.1	80.00	5	1	0	16	20	3	7	6.6	14.1
Seq7967_238_bp_-1_2_2	ENA|CAA11507|CAA11507.1	83.33	6	1	0	9	14	613	618	7.9	18.0
Seq7967_238_bp_-1_2_2	ENA|CAA73529|CAA73529.1	42.86	7	4	0	9	15	32	38	9.2	15.4
Seq7967_238_bp_-1_2_2	ENA|ABD49687|ABD49687.1	100.00	5	0	0	19	23	1494	1498	9.7	18.0
