Seq7651_250_bp_1_0_0	ENA|AAR37016|AAR37016.1	100.00	46	0	0	1	46	1901	1946	1.5e-42	161.5
Seq7651_250_bp_1_0_0	ENA|ABN10845|ABN10845.1	46.88	47	17	15	1	41	22	59	0.046	23.6
Seq7651_250_bp_1_0_0	ENA|CAA26023|CAA26023.1	53.85	15	6	2	19	33	51	63	0.36	21.4
Seq7651_250_bp_1_0_0	ENA|ABD33854|ABD33854.1	61.54	18	5	5	11	28	10	22	1.2	17.1
Seq7651_250_bp_1_0_0	ENA|CAA36214|CAA36214.1	50.00	16	8	0	17	32	78	93	2.1	18.5
Seq7651_250_bp_1_0_0	ENA|ABD49687|ABD49687.1	72.73	13	3	2	14	26	1271	1281	2.6	20.7
Seq7651_250_bp_1_0_0	ENA|AAA18786|AAA18786.1	60.00	11	4	1	18	28	164	173	3.8	17.4
Seq7651_250_bp_1_0_0	ENA|AAB26998|AAB26998.1	70.00	13	3	3	30	40	10	21	3.9	15.6
Seq7651_250_bp_1_0_0	ENA|AAC40132|AAC40132.1	100.00	7	0	1	11	16	122	128	4.1	18.2
Seq7651_250_bp_1_0_0	ENA|AAB66912|AAB66912.1	57.14	7	3	0	2	8	815	821	4.9	18.9
Seq7651_250_bp_1_0_0	ENA|BAB17681|BAB17681.1	60.00	5	2	0	1	5	186	190	5	17.1
Seq7651_250_bp_1_0_0	ENA|BAB79260|BAB79260.1	36.84	19	12	0	2	20	54	72	5	17.8
Seq7651_250_bp_1_0_0	ENA|AAB03707|AAB03707.1	100.00	16	0	8	23	30	1062	1077	5.6	19.2
Seq7651_250_bp_1_0_0	ENA|AAQ92751|AAQ92751.2	52.94	20	8	3	26	42	678	697	5.6	19.2
Seq7651_250_bp_1_0_0	ENA|AAR31603|AAR31603.1	60.00	21	6	6	25	42	124	141	5.9	17.1
Seq7651_250_bp_1_0_0	ENA|CAA45708|CAA45708.1	58.33	13	5	1	3	14	1419	1431	6.1	19.2
Seq7651_250_bp_1_0_0	ENA|BAA32991|BAA32991.1	35.71	17	9	3	31	44	24	40	7.1	14.6
Seq7651_250_bp_1_0_0	ENA|AAC08817|AAC08817.1	54.55	14	5	3	2	14	84	95	7.6	15.6
Seq7651_250_bp_1_0_1	ENA|AAR37016|AAR37016.1	100.00	33	0	0	1	33	1948	1980	9.7e-22	91.9
Seq7651_250_bp_1_0_1	ENA|AAA18786|AAA18786.1	77.78	9	2	0	17	25	109	117	1.9	18.0
Seq7651_250_bp_1_0_1	ENA|AAC08817|AAC08817.1	75.00	8	2	0	23	30	28	35	3.8	16.2
Seq7651_250_bp_1_0_1	ENA|BAA36759|BAA36759.1	72.73	16	3	5	6	19	166	178	4.5	16.8
Seq7651_250_bp_1_0_1	ENA|CAB75732|CAB75732.1	53.85	14	6	1	7	19	18	31	5.1	18.6
Seq7651_250_bp_1_0_1	ENA|AAC78721|AAC78721.1	62.50	8	3	0	3	10	672	679	5.6	17.7
Seq7651_250_bp_1_0_1	ENA|AAA36114|AAA36114.1	54.55	12	5	1	2	13	51	61	7.8	16.8
Seq7651_250_bp_1_0_1	ENA|BAB17681|BAB17681.1	87.50	11	1	3	2	12	3	10	7.8	15.9
Seq7651_250_bp_1_0_1	ENA|BAB79260|BAB79260.1	43.33	33	17	3	1	32	330	360	8.4	16.5
Seq7651_250_bp_1_1_0	ENA|AAI27517|AAI27517.1	71.43	22	4	8	19	40	510	523	0.00055	31.2
Seq7651_250_bp_1_1_0	ENA|AAA25966|AAA25966.1	50.00	16	6	4	13	24	485	500	0.34	22.2
Seq7651_250_bp_1_1_0	ENA|ABD49687|ABD49687.1	44.44	33	15	6	9	36	963	994	0.41	23.2
Seq7651_250_bp_1_1_0	ENA|AAC08817|AAC08817.1	50.00	10	5	0	31	40	115	124	0.47	19.6
Seq7651_250_bp_1_1_0	ENA|BAA32956|BAA32956.1	46.15	13	7	0	1	13	79	91	0.63	19.6
Seq7651_250_bp_1_1_0	ENA|CAA28033|CAA28033.1	58.82	24	7	7	15	35	222	241	2.4	20.2
Seq7651_250_bp_1_1_0	ENA|ABN10845|ABN10845.1	45.45	14	6	3	9	19	84	97	2.6	17.6
Seq7651_250_bp_1_1_0	ENA|BAA05866|BAA05866.1	63.64	19	4	8	29	39	269	287	2.9	17.9
Seq7651_250_bp_1_1_0	ENA|BAB17681|BAB17681.1	50.00	10	5	0	3	12	165	174	3.2	17.6
Seq7651_250_bp_1_1_0	ENA|CAA45708|CAA45708.1	63.64	12	4	1	30	41	698	708	3.5	19.9
Seq7651_250_bp_1_1_0	ENA|CAA26023|CAA26023.1	100.00	4	0	0	37	40	9	12	3.6	17.9
Seq7651_250_bp_1_1_0	ENA|CAA45199|CAA45199.1	46.15	13	7	0	27	39	142	154	4.3	17.9
Seq7651_250_bp_1_1_0	ENA|CAL82360|CAL82360.1	40.00	10	6	0	11	20	1066	1075	4.7	19.2
Seq7651_250_bp_1_1_0	ENA|AAB66912|AAB66912.1	100.00	4	0	0	38	41	835	838	6.7	18.2
Seq7651_250_bp_1_1_0	ENA|CAA73529|CAA73529.1	61.54	19	5	6	24	38	258	274	7.7	16.2
Seq7651_250_bp_1_1_0	ENA|ACH70901|ACH70901.1	46.67	17	8	2	4	18	291	307	8.1	16.6
Seq7651_250_bp_1_1_0	ENA|AAA24145|AAA24145.1	80.00	5	1	0	33	37	205	209	8.2	16.9
Seq7651_250_bp_1_1_0	ENA|AAA42531|AAA42531.1	40.00	10	6	0	28	37	266	275	8.6	16.6
Seq7651_250_bp_1_1_1	ENA|AAF79734|AAF79734.1	38.71	36	19	5	2	37	1065	1095	0.35	23.1
Seq7651_250_bp_1_1_1	ENA|ABN10845|ABN10845.1	45.83	32	13	8	15	38	56	87	0.56	19.7
Seq7651_250_bp_1_1_1	ENA|ABK71357|ABK71357.1	85.71	7	1	0	20	26	111	117	1.4	19.1
Seq7651_250_bp_1_1_1	ENA|CAA26023|CAA26023.1	63.64	15	4	4	15	29	130	140	1.5	19.1
Seq7651_250_bp_1_1_1	ENA|AAR37016|AAR37016.1	57.14	15	6	1	23	37	1070	1083	1.7	21.6
Seq7651_250_bp_1_1_1	ENA|AAR31603|AAR31603.1	52.63	26	9	7	4	23	3	27	2.4	18.2
Seq7651_250_bp_1_1_1	ENA|BAB17681|BAB17681.1	44.44	9	5	0	24	32	34	42	2.5	17.9
Seq7651_250_bp_1_1_1	ENA|AAA36539|AAA36539.1	71.43	7	2	0	2	8	202	208	2.8	18.5
Seq7651_250_bp_1_1_1	ENA|AAC17860|AAC17860.1	42.86	29	12	8	4	24	217	245	3	18.2
Seq7651_250_bp_1_1_1	ENA|BAB79260|BAB79260.1	66.67	18	4	6	24	36	51	67	3.3	18.2
Seq7651_250_bp_1_1_1	ENA|CAA29956|CAA29956.1	75.00	8	2	0	5	12	175	182	3.4	17.9
Seq7651_250_bp_1_1_1	ENA|AAC49865|AAC49865.1	56.25	22	7	6	14	31	36	55	3.6	17.6
Seq7651_250_bp_1_1_1	ENA|AAC08817|AAC08817.1	75.00	12	2	4	8	19	8	15	4.1	16.3
Seq7651_250_bp_1_1_1	ENA|AAA25966|AAA25966.1	55.56	9	4	0	23	31	679	687	5.2	18.2
Seq7651_250_bp_1_1_1	ENA|AAI27517|AAI27517.1	44.44	36	15	9	2	32	422	453	5.2	17.9
Seq7651_250_bp_1_1_1	ENA|AAA72732|AAA72732.1	62.50	8	3	0	15	22	298	305	6.4	16.7
Seq7651_250_bp_1_1_1	ENA|ABG75784|ABG75784.1	83.33	7	1	1	1	6	87	93	6.4	16.7
Seq7651_250_bp_1_1_1	ENA|CAA24711|CAA24711.1	66.67	6	2	0	20	25	54	59	6.7	15.7
Seq7651_250_bp_1_1_1	ENA|AAB26998|AAB26998.1	77.78	11	2	2	31	39	1	11	8.7	14.2
Seq7651_250_bp_1_2_0	ENA|CAA11507|CAA11507.1	61.54	13	5	0	15	27	728	740	0.31	23.4
Seq7651_250_bp_1_2_0	ENA|AAF79734|AAF79734.1	47.62	23	11	2	15	35	38	60	0.49	22.9
Seq7651_250_bp_1_2_0	ENA|AAI27517|AAI27517.1	66.67	10	3	1	6	14	157	166	3.7	18.6
Seq7651_250_bp_1_2_0	ENA|AAC26660|AAC26660.1	80.00	15	2	5	5	17	132	143	6.1	16.6
Seq7651_250_bp_1_2_0	ENA|AAA18786|AAA18786.1	35.71	14	9	0	14	27	89	102	7.7	16.4
Seq7651_250_bp_1_2_0	ENA|AAR37016|AAR37016.1	54.55	29	10	7	21	42	1881	1909	7.8	19.5
Seq7651_250_bp_1_2_0	ENA|ACH70901|ACH70901.1	48.15	45	14	18	11	39	145	187	8.5	16.6
Seq7651_250_bp_1_2_0	ENA|AAC78721|AAC78721.1	61.11	27	7	9	8	34	59	76	8.8	17.5
Seq7651_250_bp_1_2_1	ENA|ABK71357|ABK71357.1	57.14	16	6	2	2	17	73	86	0.034	24.4
Seq7651_250_bp_1_2_1	ENA|ABN10845|ABN10845.1	57.14	7	3	0	10	16	77	83	1	18.8
Seq7651_250_bp_1_2_1	ENA|CAA26023|CAA26023.1	60.00	12	4	2	5	14	201	212	1.4	19.1
Seq7651_250_bp_1_2_1	ENA|AAI27517|AAI27517.1	62.50	8	3	0	3	10	29	36	3.4	18.4
Seq7651_250_bp_1_2_1	ENA|CAA36214|CAA36214.1	66.67	6	2	0	23	28	277	282	4.3	17.1
Seq7651_250_bp_1_2_1	ENA|AAC08817|AAC08817.1	66.67	6	2	0	22	27	79	84	4.5	16.1
Seq7651_250_bp_1_2_1	ENA|AAA18786|AAA18786.1	50.00	18	7	4	6	23	241	254	4.8	16.8
Seq7651_250_bp_1_2_1	ENA|CAD53387|CAD53387.1	62.50	8	3	0	7	14	54	61	5.6	17.4
Seq7651_250_bp_1_2_1	ENA|ABD49687|ABD49687.1	75.00	10	2	2	2	11	73	80	6	19.1
Seq7651_250_bp_1_2_1	ENA|CAA26939|CAA26939.1	53.33	20	7	5	10	29	217	231	6.3	17.4
Seq7651_250_bp_1_2_1	ENA|AAA25966|AAA25966.1	63.64	18	4	7	22	32	432	449	6.4	17.8
Seq7651_250_bp_1_2_1	ENA|BAB79260|BAB79260.1	42.86	7	4	0	6	12	229	235	7.9	16.8
Seq7651_250_bp_1_2_1	ENA|AAF79734|AAF79734.1	50.00	13	6	1	16	28	953	964	7.9	18.4
Seq7651_250_bp_1_2_1	ENA|CAA45199|CAA45199.1	100.00	10	0	4	2	11	152	157	8.2	16.8
Seq7651_250_bp_1_2_1	ENA|AAA24145|AAA24145.1	75.00	20	3	8	20	35	257	272	9.9	16.4
Seq7651_250_bp_-1_0_0	ENA|AAC97205|AAC97205.1	43.75	16	9	0	6	21	58	73	0.27	22.4
Seq7651_250_bp_-1_0_0	ENA|BAA32956|BAA32956.1	46.15	13	7	0	9	21	196	208	2.4	16.6
Seq7651_250_bp_-1_0_0	ENA|AAI27517|AAI27517.1	72.73	16	3	5	7	19	317	330	3.6	17.6
Seq7651_250_bp_-1_0_0	ENA|CAA29956|CAA29956.1	80.00	5	1	0	15	19	368	372	4.3	16.6
Seq7651_250_bp_-1_0_0	ENA|AAC08817|AAC08817.1	55.56	9	4	0	8	16	124	132	5.1	15.1
Seq7651_250_bp_-1_0_0	ENA|AAA36539|AAA36539.1	70.00	17	3	7	2	14	58	71	5.4	16.6
Seq7651_250_bp_-1_0_0	ENA|ABK71357|ABK71357.1	57.14	15	6	1	8	21	43	57	6.3	16.0
Seq7651_250_bp_-1_0_0	ENA|ABD49687|ABD49687.1	57.14	16	6	2	4	19	515	528	9.8	17.6
Seq7651_250_bp_-1_0_1	ENA|BAA32956|BAA32956.1	83.33	8	1	2	6	11	23	30	1.5	16.9
Seq7651_250_bp_-1_0_1	ENA|CAA45199|CAA45199.1	80.00	5	1	0	10	14	408	412	3.3	16.9
Seq7651_250_bp_-1_0_1	ENA|ACT10338|ACT10338.1	70.00	12	3	2	4	15	363	372	3.4	16.5
Seq7651_250_bp_-1_0_1	ENA|ABN10845|ABN10845.1	60.00	5	2	0	2	6	113	117	4.9	15.2
Seq7651_250_bp_-1_0_1	ENA|AAA24145|AAA24145.1	100.00	4	0	0	2	5	186	189	5.1	16.2
Seq7651_250_bp_-1_0_1	ENA|BAA32991|BAA32991.1	60.00	5	2	0	3	7	56	60	5.1	13.4
Seq7651_250_bp_-1_0_1	ENA|CAA43419|CAA43419.1	71.43	8	2	1	2	9	113	119	5.1	15.8
Seq7651_250_bp_-1_0_1	ENA|BAA36759|BAA36759.1	66.67	6	2	0	1	6	152	157	6.4	15.2
Seq7651_250_bp_-1_0_1	ENA|AAI27517|AAI27517.1	80.00	5	1	0	10	14	537	541	8.1	15.8
Seq7651_250_bp_-1_0_1	ENA|BAB17681|BAB17681.1	80.00	6	1	1	8	13	19	23	9.6	14.5
Seq7651_250_bp_-1_0_1	ENA|CAA24711|CAA24711.1	100.00	3	0	0	10	12	5	7	9.7	13.8
Seq7651_250_bp_-1_0_2	ENA|BAA32018|BAA32018.1	77.78	10	2	1	3	12	539	547	0.4	20.5
Seq7651_250_bp_-1_0_2	ENA|AAA24145|AAA24145.1	60.00	11	4	1	2	12	437	446	1.9	17.7
Seq7651_250_bp_-1_0_2	ENA|AAC97205|AAC97205.1	66.67	11	3	2	6	14	457	467	2.5	18.8
Seq7651_250_bp_-1_0_2	ENA|BAB79260|BAB79260.1	57.14	7	3	0	7	13	221	227	4.8	16.3
Seq7651_250_bp_-1_0_2	ENA|AAB26998|AAB26998.1	75.00	4	1	0	3	6	32	35	5.5	13.6
Seq7651_250_bp_-1_0_2	ENA|AAA18786|AAA18786.1	66.67	6	2	0	6	11	164	169	5.7	15.3
Seq7651_250_bp_-1_0_2	ENA|BAA36759|BAA36759.1	83.33	6	1	0	4	9	177	182	6.2	15.3
Seq7651_250_bp_-1_0_2	ENA|ACT10338|ACT10338.1	75.00	10	2	2	3	10	78	87	6.5	15.7
Seq7651_250_bp_-1_0_2	ENA|ABG75784|ABG75784.1	54.55	14	5	3	1	14	198	208	6.6	15.3
Seq7651_250_bp_-1_0_2	ENA|CAA26939|CAA26939.1	77.78	11	2	2	5	15	177	185	7.5	16.0
Seq7651_250_bp_-1_0_2	ENA|AAA36539|AAA36539.1	50.00	8	4	0	4	11	316	323	7.9	15.7
Seq7651_250_bp_-1_0_2	ENA|CAA29956|CAA29956.1	70.00	14	3	4	1	12	328	339	7.9	15.3
Seq7651_250_bp_-1_0_2	ENA|CAA26023|CAA26023.1	66.67	6	2	0	6	11	321	326	8	15.3
Seq7651_250_bp_-1_0_2	ENA|AAA25966|AAA25966.1	55.56	10	4	1	5	13	608	617	9.3	16.0
Seq7651_250_bp_-1_1_0	ENA|AAC40132|AAC40132.1	63.64	15	4	4	4	18	345	355	1.2	19.0
Seq7651_250_bp_-1_1_0	ENA|AAA36539|AAA36539.1	75.00	18	3	6	7	22	452	465	1.2	19.0
Seq7651_250_bp_-1_1_0	ENA|AAB66912|AAB66912.1	61.54	16	5	3	2	17	317	329	1.5	19.7
Seq7651_250_bp_-1_1_0	ENA|AAR37016|AAR37016.1	64.29	16	5	2	4	17	808	823	2.9	20.0
Seq7651_250_bp_-1_1_0	ENA|AAC17860|AAC17860.1	71.43	18	4	4	3	18	271	286	3.4	17.3
Seq7651_250_bp_-1_1_0	ENA|AAA72732|AAA72732.1	66.67	6	2	0	7	12	233	238	4.1	16.6
Seq7651_250_bp_-1_1_0	ENA|AAQ92751|AAQ92751.2	50.00	14	6	2	3	16	594	605	4.3	18.6
Seq7651_250_bp_-1_1_0	ENA|AAC78721|AAC78721.1	58.33	13	5	1	4	15	653	665	5.4	17.3
Seq7651_250_bp_-1_1_0	ENA|ABD33854|ABD33854.1	80.00	7	1	2	17	23	51	55	5.5	13.8
Seq7651_250_bp_-1_1_0	ENA|AAC08817|AAC08817.1	66.67	11	3	2	3	13	36	44	6.5	14.9
Seq7651_250_bp_-1_1_0	ENA|CAA45199|CAA45199.1	55.56	11	4	2	6	16	26	34	7.5	16.2
Seq7651_250_bp_-1_1_0	ENA|AAA32624|AAA32624.1	72.73	15	3	4	2	14	91	103	8.3	16.2
Seq7651_250_bp_-1_1_0	ENA|BAA36759|BAA36759.1	66.67	6	2	0	3	8	7	12	9.3	15.2
Seq7651_250_bp_-1_1_0	ENA|AAB96524|AAB96524.1	62.50	9	3	1	2	10	15	22	9.5	14.5
Seq7651_250_bp_-1_1_0	ENA|CAA26023|CAA26023.1	50.00	18	7	4	2	18	278	292	9.6	15.5
Seq7651_250_bp_-1_1_1	ENA|ABD33854|ABD33854.1	100.00	4	0	0	11	14	27	30	0.78	16.0
Seq7651_250_bp_-1_1_1	ENA|CAA43419|CAA43419.1	50.00	14	6	2	3	14	210	223	5.4	15.7
Seq7651_250_bp_-1_1_1	ENA|CAL82360|CAL82360.1	83.33	6	1	0	9	14	882	887	7.6	16.9
Seq7651_250_bp_-1_1_1	ENA|CAA45199|CAA45199.1	66.67	12	3	3	3	11	422	433	8.3	15.4
Seq7651_250_bp_-1_1_1	ENA|AAB26998|AAB26998.1	60.00	5	2	0	5	9	70	74	9.9	12.5
Seq7651_250_bp_-1_1_2	ENA|CAA11507|CAA11507.1	55.00	24	9	4	17	40	346	365	0.3	23.4
Seq7651_250_bp_-1_1_2	ENA|AAC97205|AAC97205.1	52.63	20	9	1	10	29	871	889	0.33	23.1
Seq7651_250_bp_-1_1_2	ENA|ABD33854|ABD33854.1	42.86	16	8	2	10	25	48	61	0.75	17.7
Seq7651_250_bp_-1_1_2	ENA|AAB26998|AAB26998.1	83.33	6	1	0	8	13	34	39	0.75	18.0
Seq7651_250_bp_-1_1_2	ENA|AAC78721|AAC78721.1	50.00	19	8	3	22	37	206	224	1.1	20.5
Seq7651_250_bp_-1_1_2	ENA|EDO47375|EDO47375.1	55.56	25	8	7	13	34	139	159	2.2	17.7
Seq7651_250_bp_-1_1_2	ENA|AAS77176|AAS77176.1	50.00	10	5	0	26	35	5	14	3.3	17.7
Seq7651_250_bp_-1_1_2	ENA|ABG75784|ABG75784.1	50.00	10	5	0	27	36	210	219	3.6	17.7
Seq7651_250_bp_-1_1_2	ENA|CAA26023|CAA26023.1	100.00	13	0	5	2	9	237	249	4.3	17.7
Seq7651_250_bp_-1_1_2	ENA|AAI27517|AAI27517.1	50.00	8	4	0	26	33	256	263	7.9	17.4
Seq7651_250_bp_-1_1_2	ENA|BAA05866|BAA05866.1	55.56	23	8	5	17	38	88	106	9	16.2
Seq7651_250_bp_-1_1_2	ENA|AAA24145|AAA24145.1	85.71	8	1	1	28	34	267	274	9.1	16.8
Seq7651_250_bp_-1_2_0	ENA|AAR31603|AAR31603.1	80.00	20	3	5	4	20	274	291	1.8e-05	34.3
Seq7651_250_bp_-1_2_0	ENA|AAR31603|AAR31603.1	64.29	23	5	9	1	19	247	264	0.12	21.6
Seq7651_250_bp_-1_2_0	ENA|AAC17860|AAC17860.1	62.50	18	6	2	2	19	67	82	0.00091	28.9
Seq7651_250_bp_-1_2_0	ENA|AAC17860|AAC17860.1	50.00	10	5	0	8	17	276	285	0.6	19.6
Seq7651_250_bp_-1_2_0	ENA|ACH70901|ACH70901.1	40.00	15	9	0	5	19	250	264	0.13	21.6
Seq7651_250_bp_-1_2_0	ENA|AAC08817|AAC08817.1	61.54	17	5	4	3	19	20	32	0.17	20.0
Seq7651_250_bp_-1_2_0	ENA|AAC08817|AAC08817.1	83.33	19	2	7	2	13	59	77	0.31	19.2
Seq7651_250_bp_-1_2_0	ENA|AAC08817|AAC08817.1	66.67	9	3	0	6	14	145	153	0.41	18.8
Seq7651_250_bp_-1_2_0	ENA|AAB66912|AAB66912.1	54.55	11	5	0	2	12	311	321	0.25	22.0
Seq7651_250_bp_-1_2_0	ENA|AAB66912|AAB66912.1	46.15	14	7	1	2	15	514	526	0.78	20.4
Seq7651_250_bp_-1_2_0	ENA|BAA32956|BAA32956.1	46.15	13	7	0	4	16	163	175	0.41	19.2
Seq7651_250_bp_-1_2_0	ENA|ABN10845|ABN10845.1	54.55	13	5	2	3	15	163	173	0.43	19.2
Seq7651_250_bp_-1_2_0	ENA|ABD49687|ABD49687.1	50.00	18	8	2	3	19	108	124	0.47	22.0
Seq7651_250_bp_-1_2_0	ENA|ABD49687|ABD49687.1	63.64	13	4	2	7	19	1700	1710	0.47	22.0
Seq7651_250_bp_-1_2_0	ENA|AAB26998|AAB26998.1	83.33	7	1	1	8	13	19	25	0.48	17.5
Seq7651_250_bp_-1_2_0	ENA|CAB75732|CAB75732.1	66.67	10	3	1	4	13	1117	1125	0.73	20.8
Seq7651_250_bp_-1_2_0	ENA|AAI27517|AAI27517.1	60.00	11	4	1	10	19	114	124	0.87	19.6
Seq7651_250_bp_-1_2_0	ENA|CAA45708|CAA45708.1	45.45	11	6	0	7	17	1023	1033	0.96	20.8
Seq7651_250_bp_-1_2_0	ENA|BAA05866|BAA05866.1	62.50	8	3	0	1	8	166	173	1.4	17.9
Seq7651_250_bp_-1_2_0	ENA|AAR37016|AAR37016.1	54.55	11	5	0	2	12	232	242	1.9	20.4
Seq7651_250_bp_-1_2_0	ENA|CAA28033|CAA28033.1	40.00	15	9	0	2	16	681	695	2.5	19.2
Seq7651_250_bp_-1_2_0	ENA|AAB03707|AAB03707.1	83.33	6	1	0	15	20	866	871	2.6	19.2
Seq7651_250_bp_-1_2_0	ENA|AAA36539|AAA36539.1	66.67	6	2	0	9	14	136	141	2.8	17.5
Seq7651_250_bp_-1_2_0	ENA|CAA36214|CAA36214.1	80.00	5	1	0	7	11	20	24	3.2	16.7
Seq7651_250_bp_-1_2_0	ENA|AAB96524|AAB96524.1	100.00	4	0	0	10	13	104	107	3.4	15.9
Seq7651_250_bp_-1_2_0	ENA|AAC49865|AAC49865.1	50.00	12	6	0	9	20	4	15	3.4	16.7
Seq7651_250_bp_-1_2_0	ENA|BAA32018|BAA32018.1	50.00	15	7	1	1	15	593	606	3.7	17.5
Seq7651_250_bp_-1_2_0	ENA|CAA43419|CAA43419.1	66.67	6	2	0	14	19	42	47	3.8	16.7
Seq7651_250_bp_-1_2_0	ENA|AAC26660|AAC26660.1	75.00	4	1	0	15	18	55	58	4.6	15.9
Seq7651_250_bp_-1_2_0	ENA|CAA36714|CAA36714.1	66.67	6	2	0	9	14	228	233	4.8	16.7
Seq7651_250_bp_-1_2_0	ENA|AAA18786|AAA18786.1	75.00	4	1	0	16	19	65	68	4.8	15.9
Seq7651_250_bp_-1_2_0	ENA|CAA24711|CAA24711.1	60.00	5	2	0	2	6	42	46	5.4	15.1
Seq7651_250_bp_-1_2_0	ENA|EDO47375|EDO47375.1	80.00	5	1	0	2	6	95	99	5.9	15.1
Seq7651_250_bp_-1_2_0	ENA|ACT10338|ACT10338.1	45.45	11	6	0	9	19	243	253	6.9	15.9
Seq7651_250_bp_-1_2_0	ENA|AAC97205|AAC97205.1	80.00	5	1	0	8	12	772	776	7	17.5
Seq7651_250_bp_-1_2_0	ENA|CCP43727|CCP43727.1	50.00	8	4	0	9	16	284	291	7.6	15.5
Seq7651_250_bp_-1_2_0	ENA|AAF79734|AAF79734.1	71.43	12	2	5	7	18	84	90	8.2	17.5
Seq7651_250_bp_-1_2_0	ENA|CAA73529|CAA73529.1	66.67	6	2	0	2	7	181	186	8.4	15.1
Seq7651_250_bp_-1_2_0	ENA|AAA42531|AAA42531.1	66.67	6	2	0	1	6	11	16	8.9	15.5
Seq7651_250_bp_-1_2_1	ENA|AAA42531|AAA42531.1	60.00	12	4	2	1	12	254	263	2.2	17.2
Seq7651_250_bp_-1_2_1	ENA|CAA36214|CAA36214.1	62.50	9	3	1	1	9	184	191	5.4	15.5
Seq7651_250_bp_-1_2_1	ENA|AAA36114|AAA36114.1	60.00	11	4	1	3	13	211	220	5.7	16.2
Seq7651_250_bp_-1_2_1	ENA|AAC97205|AAC97205.1	62.50	9	3	1	3	10	540	548	8.4	16.8
Seq7651_250_bp_-1_2_2	ENA|BAA32018|BAA32018.1	66.67	13	4	1	3	15	202	213	1.3	18.6
Seq7651_250_bp_-1_2_2	ENA|AAQ92751|AAQ92751.2	58.33	13	5	1	3	14	139	151	1.9	19.2
Seq7651_250_bp_-1_2_2	ENA|CAL82360|CAL82360.1	66.67	13	4	1	1	12	732	744	3.4	18.3
Seq7651_250_bp_-1_2_2	ENA|AAB96524|AAB96524.1	85.71	8	1	1	4	11	33	39	7.6	14.3
Seq7651_250_bp_-1_2_2	ENA|AAB03707|AAB03707.1	70.00	12	3	2	4	13	998	1009	8.2	17.0
Seq7651_250_bp_-1_2_3	ENA|AAC08817|AAC08817.1	57.14	7	3	0	2	8	105	111	1.4	16.5
Seq7651_250_bp_-1_2_3	ENA|CAA29956|CAA29956.1	55.56	9	4	0	3	11	174	182	5.1	15.9
Seq7651_250_bp_-1_2_3	ENA|CAB75732|CAB75732.1	71.43	7	2	0	4	10	623	629	5.3	17.5
Seq7651_250_bp_-1_2_3	ENA|AAC97205|AAC97205.1	62.50	8	3	0	8	15	1201	1208	5.6	17.5
Seq7651_250_bp_-1_2_3	ENA|CAA36214|CAA36214.1	80.00	5	1	0	11	15	12	16	6.4	15.2
Seq7651_250_bp_-1_2_3	ENA|AAA36539|AAA36539.1	41.67	12	7	0	1	12	136	147	6.4	15.9
Seq7651_250_bp_-1_2_3	ENA|BAB17681|BAB17681.1	100.00	4	0	0	9	12	33	36	8.7	14.6
