Seq8353_507_bp_1_0_0	AAC17860.1	99.41	169	1	0	1	169	51	219	2.1e-88	313.2
Seq8353_507_bp_1_0_0	AAC17860.1	45.21	73	40	0	33	105	220	292	2e-12	60.8
Seq8353_507_bp_1_0_0	AAC17860.1	45.45	22	12	0	108	129	28	49	0.16	24.6
Seq8353_507_bp_1_0_0	AEE27845.1	35.00	40	26	0	77	116	276	315	0.43	24.9
Seq8353_507_bp_1_0_0	AAQ92751.2	22.06	69	53	1	8	75	149	217	2.4	22.4
Seq8353_507_bp_1_0_0	AAA24969.1	35.48	32	20	1	8	38	1185	1216	4.4	21.6
Seq8353_507_bp_1_0_0	AAA18786.1	32.14	28	19	0	17	44	203	230	5.8	18.7
Seq8353_507_bp_1_0_0	AAA32376.1	32.00	25	17	0	145	169	49	73	6.2	18.0
Seq8353_507_bp_1_0_0	ACT10338.1	36.36	22	14	0	37	58	31	52	8.2	18.7
Seq8353_507_bp_1_1_0	AAA24142.1	35.71	14	9	0	2	15	415	428	1.4	18.3
Seq8353_507_bp_1_1_0	AAA26915.1	57.14	7	3	0	3	9	274	280	1.4	18.3
Seq8353_507_bp_1_1_0	AAA65607.1	44.44	9	5	0	5	13	238	246	4.7	16.2
Seq8353_507_bp_1_1_0	AAA18786.1	66.67	6	2	0	1	6	89	94	6.9	15.2
Seq8353_507_bp_1_1_0	CAA04196.1	40.00	10	6	0	9	18	379	388	7.5	15.7
Seq8353_507_bp_1_1_0	ABN10845.1	50.00	6	3	0	1	6	111	116	8	14.7
Seq8353_507_bp_1_1_0	CAA11507.1	33.33	12	8	0	6	17	694	705	8.1	17.3
Seq8353_507_bp_1_1_0	AIR13712.1	80.00	5	1	0	2	6	245	249	8.4	15.2
Seq8353_507_bp_1_1_0	AAB96524.1	36.36	11	7	0	1	11	168	178	9.7	14.1
Seq8353_507_bp_1_1_0	ACT10338.1	50.00	8	4	0	2	9	28	35	9.8	15.2
Seq8353_507_bp_1_1_1	CAA43372.1	33.33	30	18	3	3	29	137	166	0.36	21.5
Seq8353_507_bp_1_1_1	BAA32956.1	33.33	22	14	1	19	39	80	101	3	17.4
Seq8353_507_bp_1_1_1	ABG75784.1	33.33	24	16	0	2	25	197	220	3.2	17.9
Seq8353_507_bp_1_1_1	BAB79260.1	30.77	13	9	0	27	39	399	411	3.2	18.4
Seq8353_507_bp_1_1_1	BAB70780.1	41.67	12	7	0	12	23	263	274	3.5	18.4
Seq8353_507_bp_1_1_1	ACT10338.1	38.10	22	13	1	3	23	64	85	3.9	17.9
Seq8353_507_bp_1_1_1	AAA45888.1	38.46	13	8	0	29	41	114	126	5.4	17.4
Seq8353_507_bp_1_1_1	AAA23282.1	57.14	7	3	0	37	43	288	294	5.6	17.9
Seq8353_507_bp_1_1_1	ABD49687.1	41.18	17	10	0	9	25	601	617	5.9	19.4
Seq8353_507_bp_1_1_1	AAC97205.1	41.18	17	10	0	7	23	594	610	6	18.9
Seq8353_507_bp_1_1_1	AAA32376.1	22.22	27	21	0	2	28	137	163	7	15.9
Seq8353_507_bp_1_1_1	AAA42531.1	29.41	17	12	0	12	28	264	280	7.7	16.9
Seq8353_507_bp_1_1_1	AAI27517.1	66.67	6	2	0	11	16	563	568	8.2	17.4
Seq8353_507_bp_1_1_1	CAA45199.1	50.00	10	5	0	18	27	292	301	9.2	16.9
Seq8353_507_bp_1_1_1	ACH70904.1	42.86	7	4	0	22	28	179	185	9.9	16.4
Seq8353_507_bp_1_1_2	ABG75784.1	27.27	11	8	0	4	14	244	254	1.6	17.2
Seq8353_507_bp_1_1_2	BAA32991.1	46.15	14	7	1	2	14	27	40	2	14.7
Seq8353_507_bp_1_1_2	AAI27517.1	66.67	6	2	0	4	9	163	168	3.1	17.2
Seq8353_507_bp_1_1_2	AAA18786.1	50.00	8	4	0	6	13	27	34	3.2	16.0
Seq8353_507_bp_1_1_2	ACH70904.1	54.55	12	5	1	3	14	296	306	4.3	16.0
Seq8353_507_bp_1_1_2	CAA11507.1	50.00	10	5	0	5	14	488	497	4.6	17.8
Seq8353_507_bp_1_1_2	AAB03707.1	71.43	7	2	0	5	11	417	423	4.6	17.8
Seq8353_507_bp_1_1_2	AAR37016.1	66.67	6	2	0	2	7	1934	1939	5.2	18.4
Seq8353_507_bp_1_1_2	ABD49687.1	50.00	8	4	0	6	13	1177	1184	5.7	17.8
Seq8353_507_bp_1_1_2	BAB17681.1	60.00	5	2	0	1	5	35	39	7.5	14.7
Seq8353_507_bp_1_1_2	CAA04196.1	40.00	5	3	0	6	10	367	371	7.5	15.4
Seq8353_507_bp_1_1_3	AAA32376.1	55.56	9	4	0	3	11	33	41	1.5	16.4
Seq8353_507_bp_1_1_3	AAA25966.1	46.15	13	7	0	1	13	411	423	2.7	17.6
Seq8353_507_bp_1_1_3	ACH70904.1	45.45	11	6	0	1	11	301	311	3.1	16.4
Seq8353_507_bp_1_1_3	AEE27845.1	41.67	12	7	0	2	13	626	637	3.3	18.2
Seq8353_507_bp_1_1_3	ABG75784.1	50.00	8	4	0	3	10	65	72	4.1	15.7
Seq8353_507_bp_1_1_3	AAX12058.1	50.00	8	4	0	4	11	110	117	5.5	15.1
Seq8353_507_bp_1_1_3	ABD49687.1	55.56	9	4	0	5	13	1640	1648	6.1	17.6
Seq8353_507_bp_1_1_3	AIR13712.1	62.50	8	3	0	1	8	56	63	9.8	14.5
Seq8353_507_bp_1_1_4	AAA36565.1	50.00	14	7	0	4	17	82	95	0.35	19.6
Seq8353_507_bp_1_1_4	AAB64315.2	37.50	25	15	1	6	29	226	250	0.68	19.6
Seq8353_507_bp_1_1_4	ABD49687.1	50.00	12	6	0	11	22	601	612	1.7	20.7
Seq8353_507_bp_1_1_4	AEE27845.1	71.43	7	2	0	22	28	393	399	2	20.1
Seq8353_507_bp_1_1_4	AAA42531.1	33.33	12	8	0	7	18	263	274	2.4	18.0
Seq8353_507_bp_1_1_4	CAA74140.1	50.00	12	6	0	4	15	358	369	2.8	19.1
Seq8353_507_bp_1_1_4	AAQ92751.2	38.46	13	8	0	17	29	438	450	2.8	19.6
Seq8353_507_bp_1_1_4	AAI27517.1	42.86	14	8	0	5	18	523	536	3.6	18.0
Seq8353_507_bp_1_1_4	AAA26915.1	45.45	11	6	0	16	26	17	27	4.1	17.5
Seq8353_507_bp_1_1_4	AAR37016.1	46.15	13	7	0	16	28	1287	1299	4.7	19.6
Seq8353_507_bp_1_1_4	ABL74574.1	41.67	12	7	0	2	13	152	163	5.3	16.4
Seq8353_507_bp_1_1_4	BAA32956.1	50.00	8	4	0	22	29	76	83	5.6	15.9
Seq8353_507_bp_1_1_4	AAA32376.1	36.36	11	7	0	16	26	48	58	6.6	15.3
Seq8353_507_bp_1_1_4	ABD33854.1	37.50	8	5	0	16	23	54	61	7.4	13.7
Seq8353_507_bp_1_1_4	AII71783.1	57.14	7	3	0	6	12	250	256	8	15.9
Seq8353_507_bp_1_1_4	AAA72732.1	50.00	10	5	0	19	28	164	173	8.1	15.9
Seq8353_507_bp_1_1_4	ABN10845.1	31.82	22	15	0	3	24	170	191	8.2	15.3
Seq8353_507_bp_1_1_4	ACT10338.1	31.25	16	11	0	2	17	341	356	9.9	15.9
Seq8353_507_bp_1_1_5	AAH69556.1	100.00	5	0	0	7	11	298	302	0.81	17.8
Seq8353_507_bp_1_1_5	ACT10338.1	83.33	6	1	0	6	11	122	127	1.7	17.2
Seq8353_507_bp_1_1_5	AAI27517.1	44.44	9	5	0	1	9	395	403	2.5	17.2
Seq8353_507_bp_1_1_5	ABD33854.1	60.00	5	2	0	6	10	51	55	2.8	13.8
Seq8353_507_bp_1_1_5	AAC97205.1	66.67	6	2	0	6	11	87	92	3.2	17.8
Seq8353_507_bp_1_1_5	AAB03707.1	55.56	9	4	0	3	11	395	403	3.6	17.8
Seq8353_507_bp_1_1_5	AAA24969.1	50.00	10	5	0	1	10	1037	1046	4	17.8
Seq8353_507_bp_1_1_5	CAA43372.1	62.50	8	3	0	4	11	77	84	4.4	15.8
Seq8353_507_bp_1_1_5	AAC08817.1	60.00	5	2	0	6	10	150	154	6.9	13.8
Seq8353_507_bp_1_1_5	AAA24142.1	40.00	10	6	0	2	11	181	190	7.4	15.1
Seq8353_507_bp_1_1_5	AEE27845.1	50.00	8	4	0	3	10	32	39	8.9	16.5
Seq8353_507_bp_1_1_5	CAA26230.1	50.00	8	4	0	3	10	240	247	9.1	15.1
Seq8353_507_bp_1_1_5	AAX84812.1	75.00	4	1	0	5	8	93	96	9.6	13.8
Seq8353_507_bp_1_2_0	AAA65607.1	30.77	13	9	0	1	13	288	300	0.49	19.5
Seq8353_507_bp_1_2_0	AII71783.1	55.56	9	4	0	2	10	138	146	2.1	17.1
Seq8353_507_bp_1_2_0	AAB03707.1	50.00	10	5	0	1	10	557	566	4.1	18.3
Seq8353_507_bp_1_2_0	CAA26230.1	40.00	15	9	0	3	17	392	406	5.6	16.5
Seq8353_507_bp_1_2_0	ACT10338.1	50.00	10	5	0	1	10	8	17	5.9	15.9
Seq8353_507_bp_1_2_0	AAA72732.1	26.67	15	11	0	3	17	95	109	7.1	15.3
Seq8353_507_bp_1_2_0	BAB70780.1	30.77	13	9	0	2	14	45	57	7.3	15.9
Seq8353_507_bp_1_2_0	AAB64315.2	50.00	8	4	0	1	8	304	311	7.5	15.3
Seq8353_507_bp_1_2_0	AAA36565.1	60.00	5	2	0	4	8	23	27	8.6	14.1
Seq8353_507_bp_1_2_0	AAA45888.1	100.00	4	0	0	10	13	81	84	8.6	15.3
Seq8353_507_bp_1_2_0	AAR37016.1	50.00	8	4	0	1	8	221	228	9.9	17.7
Seq8353_507_bp_1_2_1	AAI27517.1	58.33	13	5	1	2	13	181	193	0.12	21.8
Seq8353_507_bp_1_2_1	AAA32624.1	36.36	11	7	0	3	13	119	129	0.25	20.6
Seq8353_507_bp_1_2_1	CAA26230.1	66.67	6	2	0	8	13	63	68	0.61	19.4
Seq8353_507_bp_1_2_1	AAA32376.1	44.44	9	5	0	3	11	22	30	0.66	17.6
Seq8353_507_bp_1_2_1	CAA73529.1	50.00	6	3	0	8	13	150	155	0.69	18.2
Seq8353_507_bp_1_2_1	AAC17860.1	36.36	11	7	0	3	13	38	48	3.6	16.3
Seq8353_507_bp_1_2_1	ABL74574.1	44.44	9	5	0	4	12	49	57	3.8	15.7
Seq8353_507_bp_1_2_1	AAA36565.1	40.00	10	6	0	3	12	71	80	5	14.5
Seq8353_507_bp_1_2_1	BAB17681.1	66.67	6	2	0	1	6	21	26	8	14.5
Seq8353_507_bp_1_2_1	AAB96524.1	30.00	10	7	0	2	11	119	128	8.3	13.9
Seq8353_507_bp_1_2_1	AAA24142.1	80.00	5	1	0	3	7	442	446	8.7	15.1
Seq8353_507_bp_1_2_1	BAB79260.1	27.27	11	8	0	3	13	442	452	8.7	15.1
Seq8353_507_bp_1_2_2	ABG75784.1	75.00	8	2	0	2	9	201	208	0.18	20.9
Seq8353_507_bp_1_2_2	BAB79260.1	41.67	12	7	0	5	16	277	288	0.58	19.7
Seq8353_507_bp_1_2_2	AEE27845.1	57.14	7	3	0	6	12	1018	1024	1.8	19.7
Seq8353_507_bp_1_2_2	AAA23282.1	55.56	10	4	1	10	18	559	568	2.4	17.9
Seq8353_507_bp_1_2_2	ABS38337.1	66.67	10	3	1	10	18	1280	1289	2.4	19.1
Seq8353_507_bp_1_2_2	ACT10338.1	50.00	12	6	0	6	17	339	350	2.5	17.3
Seq8353_507_bp_1_2_2	CAA45199.1	36.36	11	7	0	3	13	204	214	3	17.3
Seq8353_507_bp_1_2_2	AAA42531.1	44.44	9	5	0	11	19	124	132	3.7	16.8
Seq8353_507_bp_1_2_2	ABN10845.1	46.15	15	7	2	1	13	95	109	4.7	15.6
Seq8353_507_bp_1_2_2	CAA11507.1	62.50	8	3	0	2	9	1218	1225	5.7	17.9
Seq8353_507_bp_1_2_2	AAA25966.1	75.00	4	1	0	12	15	323	326	6.7	16.8
Seq8353_507_bp_1_2_2	AAH69556.1	75.00	4	1	0	14	17	32	35	9.4	15.0
Seq8353_507_bp_1_2_2	BAA32956.1	75.00	4	1	0	4	7	119	122	9.7	14.4
Seq8353_507_bp_1_2_2	ABD33854.1	50.00	9	4	1	2	10	54	61	9.9	12.6
Seq8353_507_bp_1_2_3	AAA45888.1	50.00	12	6	0	2	13	201	212	0.53	19.3
Seq8353_507_bp_1_2_3	ABD49687.1	46.15	13	7	0	1	13	139	151	2.3	19.3
Seq8353_507_bp_1_2_3	AAI27517.1	46.15	13	7	0	4	16	33	45	2.4	17.8
Seq8353_507_bp_1_2_3	AAR37016.1	54.55	11	5	0	6	16	768	778	3.2	19.3
Seq8353_507_bp_1_2_3	CAA04196.1	44.44	9	5	0	1	9	34	42	3.4	16.7
Seq8353_507_bp_1_2_3	CAA45199.1	45.45	11	6	0	4	14	45	55	3.8	16.7
Seq8353_507_bp_1_2_3	AAA36565.1	75.00	4	1	0	5	8	68	71	4	15.2
Seq8353_507_bp_1_2_3	AAA26915.1	44.44	9	5	0	2	10	33	41	7.5	15.7
Seq8353_507_bp_1_2_3	ACH70904.1	57.14	7	3	0	4	10	188	194	8.2	15.2
Seq8353_507_bp_1_2_3	AAA32624.1	62.50	8	3	0	2	9	508	515	8.4	15.7
Seq8353_507_bp_1_2_3	AAB96524.1	42.86	7	4	0	3	9	82	88	8.7	14.1
Seq8353_507_bp_1_2_3	CAA26230.1	60.00	5	2	0	5	9	27	31	8.9	15.7
Seq8353_507_bp_1_2_3	CAA73529.1	57.14	7	3	0	9	15	249	255	8.9	14.7
Seq8353_507_bp_1_2_3	ABL74574.1	50.00	8	4	0	2	9	254	261	9.4	14.7
Seq8353_507_bp_1_2_3	AII71783.1	66.67	6	2	0	2	7	42	47	9.9	14.7
Seq8353_507_bp_1_2_4	BAA32018.1	35.29	17	11	0	2	18	479	495	0.77	19.8
Seq8353_507_bp_1_2_4	ACH70904.1	38.46	13	8	0	1	13	196	208	0.98	18.6
Seq8353_507_bp_1_2_4	CAA26230.1	50.00	12	6	0	7	18	196	207	1	19.2
Seq8353_507_bp_1_2_4	AAX84812.1	40.00	16	9	1	4	18	156	171	1.4	17.5
Seq8353_507_bp_1_2_4	AAA36565.1	44.44	9	5	0	8	16	70	78	1.5	16.9
Seq8353_507_bp_1_2_4	AAB26998.1	50.00	10	5	0	6	15	66	75	4.9	14.0
Seq8353_507_bp_1_2_4	AAA24142.1	44.44	9	5	0	1	9	439	447	8.3	15.7
Seq8353_507_bp_1_2_4	ABG75784.1	27.78	18	13	0	1	18	293	310	8.5	15.2
Seq8353_507_bp_1_2_5	AAX84812.1	31.58	19	13	0	13	31	130	148	0.14	21.7
Seq8353_507_bp_1_2_5	AAA25966.1	34.78	24	15	1	5	28	247	269	0.21	22.8
Seq8353_507_bp_1_2_5	AAC17860.1	34.62	29	17	3	7	35	94	119	0.36	21.2
Seq8353_507_bp_1_2_5	AAB64315.2	38.46	13	8	0	3	15	39	51	2.6	17.9
Seq8353_507_bp_1_2_5	AAA24969.1	31.25	16	11	0	1	16	1363	1378	2.8	20.1
Seq8353_507_bp_1_2_5	AAA26915.1	45.45	11	6	0	11	21	435	445	3.7	17.9
Seq8353_507_bp_1_2_5	AAA36565.1	41.67	12	7	0	13	24	85	96	4	16.3
Seq8353_507_bp_1_2_5	EDO47375.1	36.36	11	7	0	25	35	121	131	6.5	15.8
Seq8353_507_bp_1_2_5	AAQ92751.2	30.00	20	14	0	16	35	1239	1258	7.3	18.5
Seq8353_507_bp_1_2_5	BAB79260.1	50.00	10	5	0	5	14	403	412	7.3	16.9
Seq8353_507_bp_1_2_5	ABG75784.1	55.56	9	4	0	26	34	80	88	7.3	16.3
Seq8353_507_bp_1_2_5	AAA18786.1	38.46	13	8	0	11	23	89	101	9	15.8
Seq8353_507_bp_1_2_5	CAA73529.1	35.71	14	9	0	11	24	40	53	9.2	15.8
Seq8353_507_bp_1_2_6	AAC78721.1	62.50	8	3	0	1	8	479	486	1.7	18.1
Seq8353_507_bp_1_2_6	AAC97205.1	60.00	10	4	0	2	11	64	73	2	18.7
Seq8353_507_bp_1_2_6	AAI27517.1	50.00	10	5	0	1	10	324	333	3.5	16.8
Seq8353_507_bp_1_2_6	AEE27845.1	33.33	12	8	0	1	12	368	379	5.3	17.4
Seq8353_507_bp_1_2_6	AAF01122.1	30.00	10	7	0	1	10	266	275	5.4	15.5
Seq8353_507_bp_1_2_6	BAB17681.1	50.00	6	3	0	6	11	92	97	6.1	14.8
Seq8353_507_bp_1_2_6	AAB96524.1	44.44	9	5	0	1	9	122	130	6.4	14.2
Seq8353_507_bp_1_2_6	ABD49687.1	27.27	11	8	0	1	11	437	447	6.4	17.4
Seq8353_507_bp_1_2_6	AAA26915.1	80.00	5	1	0	1	5	47	51	6.6	15.5
Seq8353_507_bp_1_2_6	AAB03707.1	83.33	6	1	0	3	8	1102	1107	7.9	16.8
Seq8353_507_bp_1_2_6	AAC08817.1	66.67	6	2	0	7	12	131	136	8.6	13.6
Seq8353_507_bp_1_2_6	AAA24969.1	33.33	12	8	0	1	12	1497	1508	8.7	16.8
Seq8353_507_bp_1_2_6	AAA32376.1	66.67	6	2	0	7	12	96	101	9	13.6
Seq8353_507_bp_-1_0_0	BAA32956.1	36.36	11	7	0	3	13	35	45	1.9	16.3
Seq8353_507_bp_-1_0_0	AAQ92751.2	100.00	5	0	0	4	8	764	768	1.9	19.0
Seq8353_507_bp_-1_0_0	AAA45888.1	44.44	9	5	0	2	10	97	105	2.1	17.0
Seq8353_507_bp_-1_0_0	ABD33854.1	100.00	3	0	0	1	3	42	44	2.3	14.3
Seq8353_507_bp_-1_0_0	BAB17681.1	60.00	5	2	0	1	5	21	25	2.4	16.3
Seq8353_507_bp_-1_0_0	ABS38337.1	50.00	8	4	0	4	11	231	238	2.8	18.3
Seq8353_507_bp_-1_0_0	AAR37016.1	50.00	8	4	0	2	9	1894	1901	3.3	19.0
Seq8353_507_bp_-1_0_0	AAA36565.1	55.56	9	4	0	1	9	138	146	3.7	15.0
Seq8353_507_bp_-1_0_0	AAX12058.1	25.00	12	9	0	2	13	205	216	3.8	15.7
Seq8353_507_bp_-1_0_0	AAC17860.1	40.00	10	6	0	4	13	42	51	5.6	15.7
Seq8353_507_bp_-1_0_0	AII71783.1	71.43	7	2	0	1	7	58	64	6.7	15.0
Seq8353_507_bp_-1_0_0	BAB79260.1	66.67	6	2	0	7	12	291	296	9.5	15.0
Seq8353_507_bp_-1_0_1	AAA23282.1	50.00	8	4	0	3	10	545	552	0.56	19.3
Seq8353_507_bp_-1_0_1	AAQ92751.2	55.56	9	4	0	1	9	1029	1037	0.89	19.9
Seq8353_507_bp_-1_0_1	AII71783.1	40.00	10	6	0	1	10	156	165	1.1	17.4
Seq8353_507_bp_-1_0_1	AAB26998.1	60.00	5	2	0	4	8	42	46	1.6	14.9
Seq8353_507_bp_-1_0_1	CAA11507.1	45.45	11	6	0	1	11	1180	1190	2	18.7
Seq8353_507_bp_-1_0_1	AAB64315.2	100.00	4	0	0	4	7	195	198	2.7	16.2
Seq8353_507_bp_-1_0_1	AAX12058.1	66.67	6	2	0	5	10	59	64	5.3	14.9
Seq8353_507_bp_-1_0_1	AAA25966.1	80.00	5	1	0	6	10	67	71	5.9	16.2
Seq8353_507_bp_-1_0_1	AAX84812.1	60.00	5	2	0	4	8	190	194	6.8	14.3
Seq8353_507_bp_-1_0_1	AAC08817.1	50.00	8	4	0	3	10	116	123	7.4	13.7
Seq8353_507_bp_-1_0_1	ACT10338.1	33.33	9	6	0	1	9	298	306	7.4	14.9
Seq8353_507_bp_-1_0_2	ACH70904.1	66.67	6	2	0	3	8	143	148	0.21	20.8
Seq8353_507_bp_-1_0_2	AAC17860.1	54.55	11	5	0	7	17	294	304	0.24	20.8
Seq8353_507_bp_-1_0_2	CAA43372.1	50.00	8	4	0	7	14	17	24	0.57	19.6
Seq8353_507_bp_-1_0_2	AAX84812.1	33.33	12	8	0	7	18	160	171	1.7	17.2
Seq8353_507_bp_-1_0_2	AAA36565.1	30.00	10	7	0	7	16	70	79	1.8	16.6
Seq8353_507_bp_-1_0_2	CAA45199.1	30.77	13	9	0	7	19	450	462	2.2	17.8
Seq8353_507_bp_-1_0_2	AAA25966.1	50.00	6	3	0	3	8	319	324	3.4	17.8
Seq8353_507_bp_-1_0_2	ABD49687.1	71.43	7	2	0	7	13	801	807	3.5	19.0
Seq8353_507_bp_-1_0_2	BAA32991.1	23.53	17	13	0	3	19	16	32	4	14.1
Seq8353_507_bp_-1_0_2	AAR37016.1	50.00	12	6	0	6	17	567	578	4.7	19.0
Seq8353_507_bp_-1_0_2	ABG75784.1	36.36	11	7	0	5	15	192	202	5.1	16.0
Seq8353_507_bp_-1_0_2	ABK71357.1	50.00	10	5	0	3	12	323	332	6	16.0
Seq8353_507_bp_-1_0_2	CAA04196.1	50.00	6	3	0	2	7	156	161	6.7	16.0
Seq8353_507_bp_-1_0_2	ABL74574.1	33.33	18	12	0	2	19	156	173	7	15.4
Seq8353_507_bp_-1_0_2	ABD33854.1	60.00	5	2	0	3	7	48	52	8.2	12.9
Seq8353_507_bp_-1_0_3	AAB26998.1	50.00	10	5	0	11	20	47	56	0.49	18.3
Seq8353_507_bp_-1_0_3	EDO47375.1	83.33	6	1	0	26	31	5	10	1.7	17.7
Seq8353_507_bp_-1_0_3	AIR13712.1	45.45	11	6	0	25	35	246	256	2.9	17.7
Seq8353_507_bp_-1_0_3	BAA32018.1	30.00	20	14	0	16	35	79	98	3.8	18.3
Seq8353_507_bp_-1_0_3	ABN10845.1	57.14	7	3	0	7	13	53	59	4.2	16.6
Seq8353_507_bp_-1_0_3	AAI27517.1	50.00	12	6	0	18	29	419	430	5.2	17.7
Seq8353_507_bp_-1_0_3	AAA65607.1	25.00	16	12	0	20	35	288	303	7	16.6
Seq8353_507_bp_-1_0_3	AAC97205.1	63.64	13	4	2	12	24	976	986	7.2	18.3
Seq8353_507_bp_-1_0_3	BAB17681.1	44.44	9	5	0	22	30	154	162	7.7	16.0
Seq8353_507_bp_-1_0_3	AAB96524.1	36.36	11	7	0	11	21	21	31	7.7	15.5
Seq8353_507_bp_-1_0_3	BAB79260.1	32.26	31	21	0	3	33	384	414	8.5	16.6
Seq8353_507_bp_-1_0_3	ABD33854.1	60.00	5	2	0	27	31	36	40	8.5	13.8
Seq8353_507_bp_-1_0_3	CAA45199.1	55.56	9	4	0	13	21	99	107	8.8	16.6
Seq8353_507_bp_-1_0_3	AAA25966.1	58.33	12	5	0	24	35	544	555	9.1	17.2
Seq8353_507_bp_-1_0_3	BAA32991.1	23.08	13	10	0	18	30	10	22	9.2	13.8
Seq8353_507_bp_-1_0_4	AAB64315.2	60.00	10	4	0	2	11	66	75	0.099	21.0
Seq8353_507_bp_-1_0_4	AAC78721.1	42.86	7	4	0	5	11	312	318	1.2	18.4
Seq8353_507_bp_-1_0_4	AAA23282.1	40.00	10	6	0	2	11	404	413	2.5	17.1
Seq8353_507_bp_-1_0_4	AAA65607.1	50.00	8	4	0	3	10	223	230	2.6	16.4
Seq8353_507_bp_-1_0_4	AAC08817.1	28.57	7	5	0	5	11	144	150	2.8	15.1
Seq8353_507_bp_-1_0_4	AAC17860.1	57.14	7	3	0	4	10	99	105	4.4	15.8
Seq8353_507_bp_-1_0_4	CAA43372.1	55.56	9	4	0	3	11	405	413	4.4	15.8
Seq8353_507_bp_-1_0_4	ABD33854.1	100.00	3	0	0	8	10	28	30	6.4	12.5
Seq8353_507_bp_-1_0_4	AAA72732.1	80.00	5	1	0	4	8	13	17	8	14.5
Seq8353_507_bp_-1_0_5	BAA32991.1	42.86	14	8	0	1	14	19	32	0.00016	28.5
Seq8353_507_bp_-1_0_5	AAC97205.1	57.14	7	3	0	2	8	777	783	0.17	22.6
Seq8353_507_bp_-1_0_5	ABN10845.1	60.00	5	2	0	10	14	19	23	0.24	19.6
Seq8353_507_bp_-1_0_5	AAA25966.1	50.00	6	3	0	5	10	266	271	0.28	21.1
Seq8353_507_bp_-1_0_5	CAA04196.1	50.00	8	4	0	3	10	353	360	0.76	18.8
Seq8353_507_bp_-1_0_5	AAR31603.1	42.86	7	4	0	1	7	60	66	0.99	18.1
Seq8353_507_bp_-1_0_5	BAA32956.1	40.00	5	3	0	11	15	23	27	1.1	17.4
Seq8353_507_bp_-1_0_5	EDO47375.1	60.00	5	2	0	2	6	122	126	1.6	16.6
Seq8353_507_bp_-1_0_5	CAA43372.1	33.33	9	6	0	1	9	273	281	2.1	17.4
Seq8353_507_bp_-1_0_5	AII71783.1	38.46	13	8	0	1	13	146	158	2.6	16.6
Seq8353_507_bp_-1_0_5	AAA23282.1	60.00	5	2	0	6	10	124	128	2.8	17.4
Seq8353_507_bp_-1_0_5	AAA42531.1	50.00	4	2	0	4	7	350	353	3.2	16.6
Seq8353_507_bp_-1_0_5	ACT10338.1	40.00	10	6	0	1	10	294	303	3.2	16.6
Seq8353_507_bp_-1_0_5	CAA73529.1	100.00	3	0	0	11	13	259	261	3.8	15.9
Seq8353_507_bp_-1_0_5	AAA36565.1	75.00	4	1	0	2	5	52	55	3.8	15.1
Seq8353_507_bp_-1_0_5	ABL74574.1	50.00	6	3	0	7	12	41	46	4	15.9
Seq8353_507_bp_-1_0_5	AAB03707.1	50.00	8	4	0	1	8	705	712	4.1	18.1
Seq8353_507_bp_-1_0_5	AAQ92751.2	66.67	3	1	0	10	12	321	323	4.1	18.1
Seq8353_507_bp_-1_0_5	AAR37016.1	42.86	7	4	0	3	9	4	10	4.2	18.8
Seq8353_507_bp_-1_0_5	AAA65607.1	50.00	4	2	0	7	10	344	347	5	15.9
Seq8353_507_bp_-1_0_5	ABS38337.1	50.00	6	3	0	3	8	963	968	6.2	17.4
Seq8353_507_bp_-1_0_5	BAB70780.1	40.00	5	3	0	5	9	302	306	6.5	15.9
Seq8353_507_bp_-1_0_5	AAH69556.1	60.00	5	2	0	1	5	21	25	6.8	15.1
Seq8353_507_bp_-1_0_5	AAB64315.2	75.00	4	1	0	10	13	174	177	7.3	15.1
Seq8353_507_bp_-1_0_5	AAB26998.1	37.50	8	5	0	2	9	70	77	8.1	12.9
Seq8353_507_bp_-1_0_6	AAA45888.1	60.00	10	4	0	1	10	138	147	0.027	23.0
Seq8353_507_bp_-1_0_6	ABD33854.1	44.44	9	5	0	2	10	2	10	0.62	15.8
Seq8353_507_bp_-1_0_6	BAA32991.1	60.00	5	2	0	1	5	42	46	1.2	15.0
Seq8353_507_bp_-1_0_6	BAA32018.1	37.50	8	5	0	1	8	170	177	1.2	18.2
Seq8353_507_bp_-1_0_6	AAC17860.1	50.00	6	3	0	2	7	409	414	1.3	17.4
Seq8353_507_bp_-1_0_6	AAA18786.1	62.50	8	3	0	2	9	146	153	1.5	16.6
Seq8353_507_bp_-1_0_6	AAX12058.1	37.50	8	5	0	3	10	100	107	2.6	15.8
Seq8353_507_bp_-1_0_6	AAI27517.1	75.00	4	1	0	1	4	448	451	3.3	16.6
Seq8353_507_bp_-1_0_6	AAA42531.1	80.00	5	1	0	6	10	188	192	3.7	15.8
Seq8353_507_bp_-1_0_6	AAR37016.1	44.44	9	5	0	1	9	974	982	4.3	18.2
Seq8353_507_bp_-1_0_6	CAA26230.1	40.00	5	3	0	1	5	340	344	5.3	15.8
Seq8353_507_bp_-1_0_6	ACT10338.1	75.00	4	1	0	2	5	165	168	6.3	15.0
Seq8353_507_bp_-1_0_6	ABS38337.1	100.00	3	0	0	2	4	1059	1061	6.9	16.6
Seq8353_507_bp_-1_0_6	BAB79260.1	33.33	9	6	0	2	10	417	425	7.3	15.0
Seq8353_507_bp_-1_0_6	CAA45199.1	80.00	5	1	0	4	8	253	257	7.5	15.0
Seq8353_507_bp_-1_0_6	AAA32624.1	50.00	4	2	0	1	4	303	306	8.3	15.0
Seq8353_507_bp_-1_0_6	AAH69556.1	66.67	6	2	0	2	7	263	268	8.4	14.2
Seq8353_507_bp_-1_0_6	AAA23282.1	50.00	6	3	0	2	7	558	563	9	15.0
Seq8353_507_bp_-1_0_7	CAA43372.1	66.67	6	2	0	8	13	340	345	2.2	17.7
Seq8353_507_bp_-1_0_7	EDO47375.1	38.46	13	8	0	8	20	177	189	4.5	15.5
Seq8353_507_bp_-1_0_7	AAA26915.1	50.00	8	4	0	4	11	219	226	5.2	16.6
Seq8353_507_bp_-1_0_7	AAA25966.1	36.36	11	7	0	5	15	115	125	7.9	16.6
Seq8353_507_bp_-1_0_7	ABK71357.1	100.00	3	0	0	10	12	174	176	8.6	15.5
Seq8353_507_bp_-1_0_7	ABD49687.1	46.15	13	7	0	1	13	57	69	8.7	17.7
Seq8353_507_bp_-1_0_7	CAA04196.1	33.33	12	8	0	5	16	58	69	9.6	15.5
Seq8353_507_bp_-1_1_0	AAB26998.1	50.00	12	6	0	15	26	51	62	0.34	18.4
Seq8353_507_bp_-1_1_0	AAA24142.1	75.00	8	2	0	8	15	48	55	0.4	20.7
Seq8353_507_bp_-1_1_0	ABK71357.1	45.45	11	6	0	8	18	204	214	0.73	19.5
Seq8353_507_bp_-1_1_0	AAX84812.1	63.64	12	4	1	9	20	195	205	1	18.4
Seq8353_507_bp_-1_1_0	CAA73529.1	50.00	8	4	0	19	26	141	148	3.8	16.7
Seq8353_507_bp_-1_1_0	BAE97662.1	63.64	11	4	0	9	19	1131	1141	4.8	18.4
Seq8353_507_bp_-1_1_0	AAR37016.1	42.86	14	8	0	3	16	1509	1522	6.5	19.0
Seq8353_507_bp_-1_1_0	ACH70904.1	100.00	4	0	0	10	13	5	8	7.2	16.1
Seq8353_507_bp_-1_1_0	AAF01122.1	57.14	7	3	0	3	9	337	343	7.5	16.1
Seq8353_507_bp_-1_1_0	BAB79260.1	38.46	13	8	0	4	16	63	75	9	16.1
Seq8353_507_bp_-1_1_0	AII71783.1	41.67	12	7	0	5	16	157	168	9.1	15.5
Seq8353_507_bp_-1_1_1	AAR37016.1	37.50	24	15	0	7	30	175	198	0.6	23.9
Seq8353_507_bp_-1_1_1	AAX84812.1	42.31	29	15	3	34	62	180	205	0.82	20.1
Seq8353_507_bp_-1_1_1	AAA36565.1	55.56	9	4	0	59	67	72	80	1.3	19.0
Seq8353_507_bp_-1_1_1	AAA24142.1	38.89	18	11	0	9	26	387	404	2.3	19.6
Seq8353_507_bp_-1_1_1	AAH69556.1	46.15	13	7	0	54	66	213	225	3.3	18.5
Seq8353_507_bp_-1_1_1	BAB79260.1	45.45	11	6	0	19	29	221	231	3.3	19.0
Seq8353_507_bp_-1_1_1	ABK71357.1	36.00	26	16	1	40	65	79	103	4	18.5
Seq8353_507_bp_-1_1_1	ABD49687.1	42.31	29	15	3	26	54	360	385	4.1	20.6
Seq8353_507_bp_-1_1_1	BAA32018.1	47.62	25	11	4	38	58	354	378	4.6	19.0
Seq8353_507_bp_-1_1_1	BAA32956.1	36.36	11	7	0	4	14	31	41	4.7	17.4
Seq8353_507_bp_-1_1_1	AEE27845.1	31.03	29	20	0	21	49	674	702	4.8	20.1
Seq8353_507_bp_-1_1_1	AAA32376.1	100.00	5	0	0	41	45	88	92	5.6	16.8
Seq8353_507_bp_-1_1_1	ABD33854.1	42.86	7	4	0	63	69	58	64	6.3	15.2
Seq8353_507_bp_-1_1_1	CAA11507.1	45.45	11	6	0	54	64	37	47	6.7	19.6
Seq8353_507_bp_-1_1_1	AAA23282.1	41.18	17	10	0	4	20	198	214	8.5	17.9
Seq8353_507_bp_-1_1_1	AAC97205.1	64.29	20	5	6	42	61	760	773	8.7	19.0
Seq8353_507_bp_-1_1_1	AAI27517.1	71.43	7	2	0	24	30	321	327	8.8	17.9
Seq8353_507_bp_-1_1_1	AAB03707.1	43.75	16	9	0	38	53	923	938	9.6	19.0
Seq8353_507_bp_-1_1_2	ACT10338.1	50.00	12	6	0	5	16	380	391	1.4	18.2
Seq8353_507_bp_-1_1_2	AAA45888.1	62.50	8	3	0	11	18	174	181	3.3	16.9
Seq8353_507_bp_-1_1_2	ABD49687.1	30.77	13	9	0	5	17	1197	1209	4	18.8
Seq8353_507_bp_-1_1_2	BAA32956.1	75.00	4	1	0	11	14	129	132	4.3	15.7
Seq8353_507_bp_-1_1_2	AAR31603.1	83.33	6	1	0	11	16	131	136	4.3	16.3
Seq8353_507_bp_-1_1_2	ABN10845.1	80.00	5	1	0	11	15	52	56	4.4	15.7
Seq8353_507_bp_-1_1_2	AAF01122.1	66.67	9	3	0	4	12	313	321	4.9	16.3
Seq8353_507_bp_-1_1_2	AAI27517.1	46.15	13	7	0	7	19	14	26	5	16.9
Seq8353_507_bp_-1_1_2	ABS38337.1	36.84	19	12	0	1	19	916	934	6.9	17.5
Seq8353_507_bp_-1_1_2	AAC17860.1	50.00	8	4	0	12	19	98	105	8	15.7
Seq8353_507_bp_-1_1_2	AAB64315.2	28.57	7	5	0	11	17	45	51	9.7	15.0
Seq8353_507_bp_-1_1_3	CAA74140.1	63.64	11	4	0	13	23	855	865	0.16	23.3
Seq8353_507_bp_-1_1_3	AAX12058.1	33.33	15	10	0	1	15	25	39	0.75	19.2
Seq8353_507_bp_-1_1_3	CAA45199.1	46.15	13	7	0	4	16	66	78	1.9	18.6
Seq8353_507_bp_-1_1_3	AAB03707.1	47.06	17	9	0	5	21	738	754	3.7	19.2
Seq8353_507_bp_-1_1_3	AAA32376.1	30.77	13	9	0	6	18	81	93	7.3	15.2
Seq8353_507_bp_-1_1_3	AAB96524.1	71.43	7	2	0	8	14	75	81	7.8	15.2
Seq8353_507_bp_-1_1_3	AAB64315.2	46.15	14	7	1	9	22	164	176	9.1	15.7
Seq8353_507_bp_-1_1_3	ABD49687.1	35.29	17	11	0	11	27	550	566	9.6	18.1
Seq8353_507_bp_-1_1_4	AAA24969.1	55.56	9	4	0	3	11	32	40	0.23	22.0
Seq8353_507_bp_-1_1_4	BAA32018.1	100.00	5	0	0	6	10	174	178	1.5	18.0
Seq8353_507_bp_-1_1_4	AAQ92751.2	60.00	10	4	0	1	10	464	473	2	18.7
Seq8353_507_bp_-1_1_4	AII71783.1	66.67	6	2	0	6	11	155	160	2.8	16.1
Seq8353_507_bp_-1_1_4	ABG75784.1	66.67	6	2	0	6	11	287	292	2.8	16.1
Seq8353_507_bp_-1_1_4	AAB03707.1	33.33	9	6	0	3	11	32	40	4.9	17.4
Seq8353_507_bp_-1_1_4	AAA42531.1	100.00	4	0	0	8	11	37	40	5.4	15.4
Seq8353_507_bp_-1_1_4	AAA72732.1	57.14	7	3	0	5	11	111	117	6.8	14.7
Seq8353_507_bp_-1_1_4	CAA11507.1	57.14	7	3	0	5	11	61	67	7.5	16.7
Seq8353_507_bp_-1_1_4	ABD33854.1	50.00	6	3	0	1	6	18	23	8.5	12.1
Seq8353_507_bp_-1_1_4	AAA18786.1	50.00	6	3	0	5	10	171	176	9	14.1
Seq8353_507_bp_-1_1_4	AAC78721.1	50.00	8	4	0	3	10	89	96	9.1	15.4
Seq8353_507_bp_-1_1_4	AAA26915.1	75.00	4	1	0	3	6	178	181	9.9	14.7
Seq8353_507_bp_-1_2_0	BAB79260.1	45.45	11	6	0	2	12	383	393	1.3	17.9
Seq8353_507_bp_-1_2_0	AAB96524.1	75.00	4	1	0	6	9	175	178	1.3	16.6
Seq8353_507_bp_-1_2_0	ABD33854.1	50.00	4	2	0	6	9	44	47	1.6	14.7
Seq8353_507_bp_-1_2_0	AAA25966.1	37.50	8	5	0	4	11	483	490	2	17.9
Seq8353_507_bp_-1_2_0	AAR31603.1	50.00	6	3	0	5	10	151	156	2.2	16.6
Seq8353_507_bp_-1_2_0	AAX84812.1	75.00	4	1	0	3	6	189	192	2.4	16.0
Seq8353_507_bp_-1_2_0	AAA45888.1	66.67	6	2	0	2	7	94	99	2.6	16.6
Seq8353_507_bp_-1_2_0	AAR37016.1	42.86	7	4	0	6	12	1264	1270	2.6	19.2
Seq8353_507_bp_-1_2_0	CAA45199.1	40.00	10	6	0	1	10	76	85	3.1	16.6
Seq8353_507_bp_-1_2_0	ABS38337.1	66.67	6	2	0	3	8	943	948	3.5	17.9
Seq8353_507_bp_-1_2_0	AAC17860.1	42.86	7	4	0	1	7	344	350	4.2	16.0
Seq8353_507_bp_-1_2_0	AAA72732.1	57.14	7	3	0	2	8	100	106	5	15.3
Seq8353_507_bp_-1_2_0	CAA74140.1	50.00	8	4	0	1	8	232	239	6.1	16.6
Seq8353_507_bp_-1_2_0	BAB17681.1	60.00	5	2	0	3	7	76	80	6.7	14.7
Seq8353_507_bp_-1_2_0	ABG75784.1	75.00	4	1	0	7	10	121	124	7.6	14.7
Seq8353_507_bp_-1_2_0	ACH70904.1	37.50	8	5	0	2	9	128	135	8.7	14.7
Seq8353_507_bp_-1_2_0	ACT10338.1	60.00	5	2	0	6	10	298	302	9.3	14.7
Seq8353_507_bp_-1_2_1	AAA45888.1	100.00	4	0	0	5	8	36	39	0.8	18.2
Seq8353_507_bp_-1_2_1	BAB17681.1	37.50	8	5	0	1	8	104	111	1.5	16.8
Seq8353_507_bp_-1_2_1	AAR37016.1	50.00	10	5	0	1	10	1589	1598	1.9	19.6
Seq8353_507_bp_-1_2_1	AAA42531.1	40.00	5	3	0	2	6	90	94	2.1	16.8
Seq8353_507_bp_-1_2_1	BAA32991.1	33.33	6	4	0	3	8	23	28	2.4	14.1
Seq8353_507_bp_-1_2_1	ABS38337.1	50.00	10	5	0	1	10	457	466	2.6	18.2
Seq8353_507_bp_-1_2_1	CAA74140.1	33.33	6	4	0	6	11	817	822	3.1	17.5
Seq8353_507_bp_-1_2_1	CAA43372.1	42.86	7	4	0	3	9	161	167	3.5	16.2
Seq8353_507_bp_-1_2_1	BAB79260.1	55.56	9	4	0	1	9	137	145	3.8	16.2
Seq8353_507_bp_-1_2_1	AAB26998.1	60.00	5	2	0	5	9	11	15	4.3	13.4
Seq8353_507_bp_-1_2_1	AAR31603.1	66.67	6	2	0	5	10	132	137	4.4	15.5
Seq8353_507_bp_-1_2_1	ABN10845.1	75.00	4	1	0	2	5	116	119	4.6	14.8
Seq8353_507_bp_-1_2_1	ACT10338.1	100.00	3	0	0	6	8	301	303	5.2	15.5
Seq8353_507_bp_-1_2_1	CAA04196.1	71.43	7	2	0	5	11	9	15	5.5	15.5
Seq8353_507_bp_-1_2_1	AAA18786.1	66.67	6	2	0	4	9	11	16	5.6	14.8
Seq8353_507_bp_-1_2_1	AAA36565.1	66.67	3	1	0	8	10	71	73	5.6	14.1
Seq8353_507_bp_-1_2_1	CAA73529.1	75.00	4	1	0	1	4	68	71	5.8	14.8
Seq8353_507_bp_-1_2_1	AAA65607.1	40.00	5	3	0	2	6	243	247	7.6	14.8
Seq8353_507_bp_-1_2_1	ABK71357.1	66.67	3	1	0	8	10	198	200	7.7	14.8
Seq8353_507_bp_-1_2_1	AAC08817.1	66.67	3	1	0	8	10	5	7	8.6	13.4
Seq8353_507_bp_-1_2_1	ABL74574.1	66.67	6	2	0	2	7	63	68	9.4	14.1
Seq8353_507_bp_-1_2_1	CAA45199.1	66.67	3	1	0	8	10	451	453	9.6	14.8
Seq8353_507_bp_-1_2_1	AAH69556.1	66.67	3	1	0	1	3	187	189	9.9	14.1
Seq8353_507_bp_-1_2_2	ABG75784.1	50.00	10	5	0	1	10	293	302	0.11	20.7
Seq8353_507_bp_-1_2_2	ABS38337.1	50.00	10	5	0	1	10	339	348	0.15	22.2
Seq8353_507_bp_-1_2_2	ABS38337.1	62.50	8	3	0	1	8	1108	1115	0.73	19.9
Seq8353_507_bp_-1_2_2	CAA04196.1	83.33	6	1	0	1	6	171	176	0.24	19.9
Seq8353_507_bp_-1_2_2	AEE27845.1	40.00	10	6	0	1	10	1226	1235	3.7	17.7
Seq8353_507_bp_-1_2_2	AII71783.1	60.00	5	2	0	1	5	241	245	6.3	14.7
Seq8353_507_bp_-1_2_2	CAA26230.1	60.00	5	2	0	3	7	376	380	6.8	15.4
Seq8353_507_bp_-1_2_2	AAA42531.1	57.14	7	3	0	2	8	77	83	7.8	14.7
Seq8353_507_bp_-1_2_2	CAA73529.1	42.86	7	4	0	3	9	98	104	9.2	13.9
Seq8353_507_bp_-1_2_2	BAB70780.1	55.56	9	4	0	1	9	92	100	9.6	14.7
Seq8353_507_bp_-1_2_3	ABN10845.1	42.86	14	8	0	31	44	16	29	0.27	21.2
Seq8353_507_bp_-1_2_3	AAB64315.2	24.32	37	28	0	11	47	36	72	0.8	20.3
Seq8353_507_bp_-1_2_3	ACT10338.1	33.33	12	8	0	31	42	295	306	1.3	19.8
Seq8353_507_bp_-1_2_3	AAB26998.1	45.45	11	6	0	43	53	5	15	2.9	16.3
Seq8353_507_bp_-1_2_3	AAA72732.1	45.45	11	6	0	13	23	113	123	2.9	18.3
Seq8353_507_bp_-1_2_3	AAB03707.1	40.00	27	15	2	2	27	5	30	3.3	20.3
Seq8353_507_bp_-1_2_3	AEE27845.1	60.00	10	4	0	2	11	874	883	3.3	20.3
Seq8353_507_bp_-1_2_3	ABD49687.1	50.00	21	10	1	20	39	224	244	5.6	19.8
Seq8353_507_bp_-1_2_3	AAB96524.1	50.00	10	5	0	30	39	171	180	6.6	16.3
Seq8353_507_bp_-1_2_3	BAA32956.1	57.14	7	3	0	8	14	133	139	7.4	16.3
Seq8353_507_bp_-1_2_3	AAA24142.1	30.77	13	9	0	19	31	231	243	8	17.3
Seq8353_507_bp_-1_2_3	AAA36565.1	50.00	6	3	0	3	8	121	126	8.2	15.8
Seq8353_507_bp_-1_2_4	AAB64315.2	50.00	12	6	0	5	16	185	196	0.083	21.8
Seq8353_507_bp_-1_2_4	AAA45888.1	71.43	7	2	0	3	9	207	213	0.36	19.9
Seq8353_507_bp_-1_2_4	ACH70904.1	42.86	14	8	0	3	16	66	79	0.53	19.3
Seq8353_507_bp_-1_2_4	BAA32018.1	100.00	5	0	0	4	8	255	259	0.59	19.9
Seq8353_507_bp_-1_2_4	ABL74574.1	55.56	9	4	0	1	9	134	142	1	18.0
Seq8353_507_bp_-1_2_4	CAA04196.1	80.00	5	1	0	4	8	318	322	1.5	18.0
Seq8353_507_bp_-1_2_4	AAX84812.1	40.00	10	6	0	4	13	98	107	1.9	16.7
Seq8353_507_bp_-1_2_4	ACT10338.1	35.71	14	9	0	2	15	249	262	2.1	17.4
Seq8353_507_bp_-1_2_4	AIR13712.1	40.00	10	6	0	3	12	148	157	2.7	16.7
Seq8353_507_bp_-1_2_4	AAI27517.1	50.00	10	5	0	3	12	454	463	3.1	17.4
Seq8353_507_bp_-1_2_4	ABK71357.1	66.67	6	2	0	3	8	297	302	4.7	16.1
Seq8353_507_bp_-1_2_4	AAA36565.1	37.50	8	5	0	8	15	156	163	5.1	14.8
Seq8353_507_bp_-1_2_4	BAB17681.1	44.44	9	5	0	1	9	186	194	5.3	15.5
Seq8353_507_bp_-1_2_4	AAB26998.1	100.00	3	0	0	11	13	58	60	5.7	13.6
Seq8353_507_bp_-1_2_4	BAA32956.1	100.00	3	0	0	9	11	76	78	6.3	14.8
Seq8353_507_bp_-1_2_4	AAA32624.1	80.00	5	1	0	1	5	184	188	6.5	16.1
Seq8353_507_bp_-1_2_4	CAA11507.1	66.67	6	2	0	4	9	849	854	7	17.4
Seq8353_507_bp_-1_2_4	AEE27845.1	66.67	6	2	0	5	10	854	859	7.2	17.4
Seq8353_507_bp_-1_2_4	CAA74140.1	80.00	5	1	0	11	15	424	428	7.4	16.7
Seq8353_507_bp_-1_2_4	AAA32376.1	75.00	4	1	0	4	7	92	95	7.9	14.2
Seq8353_507_bp_-1_2_4	EDO47375.1	40.00	5	3	0	12	16	175	179	8.6	14.2
Seq8353_507_bp_-1_2_4	ABD49687.1	50.00	8	4	0	2	9	69	76	8.7	17.4
Seq8353_507_bp_-1_2_4	AAA25966.1	44.44	9	5	0	8	16	69	77	8.8	16.1
Seq8353_507_bp_-1_2_4	CAA45199.1	60.00	5	2	0	4	8	50	54	8.9	15.5
Seq8353_507_bp_-1_2_4	AII71783.1	57.14	7	3	0	2	8	110	116	9	14.8
Seq8353_507_bp_-1_2_4	ABG75784.1	57.14	7	3	0	2	8	52	58	9.1	14.8
Seq8353_507_bp_-1_2_4	AAC97205.1	60.00	5	2	0	9	13	342	346	9.6	16.7
Seq8353_507_bp_-1_2_5	ABD33854.1	66.67	6	2	0	7	12	56	61	0.2	18.4
Seq8353_507_bp_-1_2_5	BAB70780.1	40.00	15	9	0	2	16	250	264	0.26	21.0
Seq8353_507_bp_-1_2_5	BAA32956.1	37.50	8	5	0	10	17	5	12	1	17.8
Seq8353_507_bp_-1_2_5	AAA45888.1	50.00	8	4	0	2	9	219	226	1.2	18.4
Seq8353_507_bp_-1_2_5	CAA43372.1	50.00	8	4	0	8	15	157	164	1.9	17.8
Seq8353_507_bp_-1_2_5	AAA42531.1	35.71	14	9	0	5	18	299	312	2.8	17.2
Seq8353_507_bp_-1_2_5	BAA32991.1	50.00	6	3	0	7	12	11	16	4.4	14.0
Seq8353_507_bp_-1_2_5	ACH70904.1	33.33	9	6	0	3	11	216	224	6.1	15.9
Seq8353_507_bp_-1_2_5	AAQ92751.2	44.44	9	5	0	1	9	526	534	6.3	17.8
Seq8353_507_bp_-1_2_5	BAA32018.1	27.27	11	8	0	6	16	381	391	6.8	16.5
Seq8353_507_bp_-1_2_5	BAB17681.1	33.33	9	6	0	2	10	139	147	7.1	15.3
Seq8353_507_bp_-1_2_5	AAA23282.1	40.00	10	6	0	2	11	236	245	9.3	15.9
Seq8353_507_bp_-1_2_5	AAA65607.1	37.50	8	5	0	1	8	216	223	9.3	15.3
Seq8353_507_bp_-1_2_6	CAA04196.1	80.00	5	1	0	5	9	257	261	0.0039	26.3
Seq8353_507_bp_-1_2_6	CAA73529.1	66.67	6	2	0	5	10	96	101	0.02	23.3
Seq8353_507_bp_-1_2_6	AEE27845.1	41.67	12	7	0	1	12	744	755	0.022	25.5
Seq8353_507_bp_-1_2_6	ABD33854.1	50.00	10	5	0	1	10	1	10	0.062	19.6
Seq8353_507_bp_-1_2_6	AAA24142.1	75.00	4	1	0	6	9	405	408	0.093	21.8
Seq8353_507_bp_-1_2_6	AAA36565.1	60.00	5	2	0	5	9	161	165	0.16	19.6
Seq8353_507_bp_-1_2_6	BAB70780.1	33.33	12	8	0	1	12	298	309	0.17	21.0
Seq8353_507_bp_-1_2_6	AAC97205.1	37.50	8	5	0	5	12	282	289	0.25	21.8
Seq8353_507_bp_-1_2_6	AAH69556.1	50.00	6	3	0	7	12	286	291	0.3	19.6
Seq8353_507_bp_-1_2_6	AAA42531.1	57.14	7	3	0	4	10	155	161	0.38	19.6
Seq8353_507_bp_-1_2_6	AAA42531.1	100.00	3	0	0	8	10	225	227	0.38	19.6
Seq8353_507_bp_-1_2_6	ABL74574.1	37.50	8	5	0	3	10	39	46	0.78	18.1
Seq8353_507_bp_-1_2_6	EDO47375.1	60.00	5	2	0	8	12	154	158	0.85	17.3
Seq8353_507_bp_-1_2_6	AAX84812.1	37.50	8	5	0	2	9	84	91	1	17.3
Seq8353_507_bp_-1_2_6	AAR37016.1	66.67	6	2	0	7	12	173	178	1.3	20.3
Seq8353_507_bp_-1_2_6	BAA32991.1	40.00	5	3	0	9	13	6	10	1.4	15.1
Seq8353_507_bp_-1_2_6	AAA32376.1	100.00	3	0	0	11	13	165	167	2.2	15.8
Seq8353_507_bp_-1_2_6	ABD49687.1	50.00	8	4	0	6	13	812	819	2.7	18.8
Seq8353_507_bp_-1_2_6	AAR31603.1	30.00	10	7	0	4	13	59	68	4.1	15.8
Seq8353_507_bp_-1_2_6	CAA26230.1	50.00	6	3	0	6	11	192	197	4.1	16.6
Seq8353_507_bp_-1_2_6	BAA32956.1	42.86	7	4	0	3	9	1	7	4.3	15.1
Seq8353_507_bp_-1_2_6	AAI27517.1	33.33	12	8	0	2	13	315	326	4.3	16.6
Seq8353_507_bp_-1_2_6	BAB17681.1	50.00	4	2	0	5	8	174	177	5.6	15.1
Seq8353_507_bp_-1_2_6	CAD53387.1	100.00	3	0	0	11	13	41	43	6.1	15.8
Seq8353_507_bp_-1_2_6	ABN10845.1	50.00	6	3	0	1	6	61	66	7.3	14.3
Seq8353_507_bp_-1_2_6	BAA32018.1	60.00	5	2	0	1	5	84	88	7.5	15.8
Seq8353_507_bp_-1_2_6	AAA18786.1	42.86	7	4	0	1	7	145	151	8.8	14.3
Seq8353_507_bp_-1_2_6	CAA45199.1	75.00	4	1	0	10	13	148	151	9.3	15.1
Seq8353_507_bp_-1_2_7	AAA25966.1	62.50	8	3	0	5	12	400	407	0.34	21.0
Seq8353_507_bp_-1_2_7	CAA26230.1	50.00	8	4	0	3	10	62	69	1.4	18.6
Seq8353_507_bp_-1_2_7	ABG75784.1	21.43	14	11	0	3	16	113	126	2.7	16.8
Seq8353_507_bp_-1_2_7	BAB70780.1	83.33	6	1	0	6	11	62	67	2.7	17.4
Seq8353_507_bp_-1_2_7	CAD53387.1	60.00	5	2	0	4	8	30	34	2.8	17.4
Seq8353_507_bp_-1_2_7	CAA04196.1	50.00	10	5	0	8	17	46	55	3.6	16.8
Seq8353_507_bp_-1_2_7	AAC78721.1	50.00	8	4	0	5	12	297	304	3.8	17.4
Seq8353_507_bp_-1_2_7	BAB79260.1	37.50	8	5	0	8	15	101	108	3.8	16.8
Seq8353_507_bp_-1_2_7	AAC97205.1	71.43	7	2	0	2	8	408	414	4.5	18.0
Seq8353_507_bp_-1_2_7	AAA36565.1	40.00	10	6	0	3	12	75	84	4.9	15.0
Seq8353_507_bp_-1_2_7	AAR31603.1	66.67	6	2	0	4	9	85	90	6.3	15.6
Seq8353_507_bp_-1_2_7	CAA73529.1	22.22	9	7	0	4	12	150	158	7.8	15.0
Seq8353_507_bp_-1_2_7	AAB96524.1	45.45	11	6	0	1	11	61	71	8	14.4
Seq8353_507_bp_-1_2_7	EDO47375.1	23.08	13	10	0	1	13	159	171	8.1	14.4
Seq8353_507_bp_-1_2_7	ABL74574.1	33.33	9	6	0	8	16	155	163	8.2	15.0
Seq8353_507_bp_-1_2_7	BAA32956.1	60.00	5	2	0	7	11	166	170	9	14.4
Seq8353_507_bp_-1_2_7	ABN10845.1	66.67	6	2	0	2	7	195	200	9.3	14.4
