Seq9101_784_bp_1_0_0	ENA|AAR37016|AAR37016.1	100.00	184	0	0	1	184	1	184	7.1e-66	241.0
Seq9101_784_bp_1_0_0	ENA|ACH70901|ACH70901.1	21.02	176	124	19	1	166	128	294	0.4	23.2
Seq9101_784_bp_1_0_0	ENA|AAI27517|AAI27517.1	26.17	162	110	13	22	176	153	308	0.58	23.4
Seq9101_784_bp_1_0_0	ENA|ABD49687|ABD49687.1	28.79	158	94	26	37	183	721	863	0.72	24.6
Seq9101_784_bp_1_0_0	ENA|AAA42531|AAA42531.1	27.62	116	76	11	3	115	160	267	0.99	22.0
Seq9101_784_bp_1_0_0	ENA|AAC78721|AAC78721.1	21.82	181	129	16	14	184	147	321	3.5	20.9
Seq9101_784_bp_1_0_0	ENA|CAA26939|CAA26939.1	22.78	171	122	13	7	173	293	454	4.7	20.2
Seq9101_784_bp_1_0_0	ENA|BAA36759|BAA36759.1	23.93	128	89	11	24	149	156	274	6.8	18.7
Seq9101_784_bp_1_0_0	ENA|AAR31603|AAR31603.1	31.51	192	100	46	9	165	86	266	6.9	18.8
Seq9101_784_bp_1_0_0	ENA|CAL82360|CAL82360.1	21.88	134	100	6	29	161	88	216	8	20.6
Seq9101_784_bp_1_0_0	ENA|CAA29968|CAA29968.1	28.09	110	64	21	70	175	16	108	8.3	17.8
Seq9101_784_bp_1_0_0	ENA|AAB96524|AAB96524.1	18.29	182	134	18	1	170	4	179	8.9	17.6
Seq9101_784_bp_1_0_1	ENA|AAR37016|AAR37016.1	100.00	76	0	0	1	76	186	261	2.2e-42	161.7
Seq9101_784_bp_1_0_1	ENA|CAA36714|CAA36714.1	24.56	60	43	3	15	71	374	433	0.021	26.5
Seq9101_784_bp_1_0_1	ENA|ABK71357|ABK71357.1	30.43	52	32	6	1	46	176	227	0.071	24.4
Seq9101_784_bp_1_0_1	ENA|AAC40132|AAC40132.1	27.08	49	35	1	1	48	72	120	0.074	24.7
Seq9101_784_bp_1_0_1	ENA|AAB03707|AAB03707.1	24.59	69	46	8	8	68	571	639	0.093	25.9
Seq9101_784_bp_1_0_1	ENA|AAI27517|AAI27517.1	28.85	54	37	2	24	76	334	386	0.14	24.1
Seq9101_784_bp_1_0_1	ENA|AAQ92751|AAQ92751.2	20.00	55	44	0	5	59	1099	1153	0.22	24.7
Seq9101_784_bp_1_0_1	ENA|BAA32956|BAA32956.1	23.53	53	39	2	4	55	114	165	0.26	21.7
Seq9101_784_bp_1_0_1	ENA|ACT10338|ACT10338.1	21.57	57	40	6	3	59	248	298	0.48	21.7
Seq9101_784_bp_1_0_1	ENA|CAA29956|CAA29956.1	26.00	53	37	3	26	76	95	146	0.57	21.4
Seq9101_784_bp_1_0_1	ENA|CAA29956|CAA29956.1	26.92	56	38	4	7	62	204	255	0.87	20.8
Seq9101_784_bp_1_0_1	ENA|BAB79260|BAB79260.1	23.33	31	23	1	41	71	392	421	0.85	21.1
Seq9101_784_bp_1_0_1	ENA|CAA26023|CAA26023.1	28.33	67	43	7	9	75	299	358	0.88	20.8
Seq9101_784_bp_1_0_1	ENA|ABG75784|ABG75784.1	22.92	51	37	3	13	60	121	171	1.1	20.2
Seq9101_784_bp_1_0_1	ENA|AAB96524|AAB96524.1	24.39	42	31	1	26	67	136	176	1.2	19.3
Seq9101_784_bp_1_0_1	ENA|AAC26660|AAC26660.1	37.84	42	23	5	30	67	53	93	1.4	19.6
Seq9101_784_bp_1_0_1	ENA|AAB66912|AAB66912.1	28.26	52	33	6	11	56	300	351	1.4	21.4
Seq9101_784_bp_1_0_1	ENA|BAA32018|BAA32018.1	25.00	80	51	12	2	72	465	541	1.4	20.8
Seq9101_784_bp_1_0_1	ENA|BAA05866|BAA05866.1	24.53	62	40	9	3	60	177	233	1.6	19.6
Seq9101_784_bp_1_0_1	ENA|CAB75732|CAB75732.1	26.67	47	33	2	21	66	180	225	2.2	21.1
Seq9101_784_bp_1_0_1	ENA|AAA36114|AAA36114.1	24.62	69	49	4	6	71	23	90	2.2	19.9
Seq9101_784_bp_1_0_1	ENA|ACH70901|ACH70901.1	21.21	74	52	8	2	69	42	113	2.3	19.3
Seq9101_784_bp_1_0_1	ENA|CAA29968|CAA29968.1	24.07	59	41	5	2	60	6	59	2.3	18.4
Seq9101_784_bp_1_0_1	ENA|CAA43419|CAA43419.1	26.19	44	31	2	30	72	91	133	2.4	19.3
Seq9101_784_bp_1_0_1	ENA|AAA24145|AAA24145.1	23.08	75	50	10	2	66	353	427	2.4	19.6
Seq9101_784_bp_1_0_1	ENA|AAR31603|AAR31603.1	39.47	44	23	6	21	62	279	318	2.6	19.0
Seq9101_784_bp_1_0_1	ENA|CAA73529|CAA73529.1	18.37	50	40	1	26	74	175	224	3.3	18.4
Seq9101_784_bp_1_0_1	ENA|AAC78721|AAC78721.1	21.05	38	30	0	21	58	458	495	3.5	19.6
Seq9101_784_bp_1_0_1	ENA|AAA36539|AAA36539.1	29.17	54	34	6	5	57	164	212	3.7	19.0
Seq9101_784_bp_1_0_1	ENA|CAA24711|CAA24711.1	26.32	41	28	3	31	70	89	127	3.8	17.5
Seq9101_784_bp_1_0_1	ENA|AAC49865|AAC49865.1	24.39	49	31	8	12	52	84	132	3.9	18.4
Seq9101_784_bp_1_0_1	ENA|AAF79734|AAF79734.1	36.11	42	23	6	34	75	1183	1218	4	20.5
Seq9101_784_bp_1_0_1	ENA|AAS77176|AAS77176.1	28.57	50	30	8	16	60	144	190	4.2	18.1
Seq9101_784_bp_1_0_1	ENA|CAL82360|CAL82360.1	21.31	65	48	4	7	71	273	333	4.4	20.2
Seq9101_784_bp_1_0_1	ENA|CAA26939|CAA26939.1	22.92	54	37	6	12	59	298	351	4.5	19.0
Seq9101_784_bp_1_0_1	ENA|ABD49687|ABD49687.1	20.69	59	46	1	11	68	190	248	4.7	20.5
Seq9101_784_bp_1_0_1	ENA|AAC97205|AAC97205.1	22.58	68	48	6	8	74	416	478	5.1	19.9
Seq9101_784_bp_1_0_1	ENA|AAC08817|AAC08817.1	38.10	23	13	2	4	24	116	138	5.2	16.9
Seq9101_784_bp_1_0_1	ENA|AAA18786|AAA18786.1	23.08	43	30	4	4	46	171	209	5.8	17.5
Seq9101_784_bp_1_0_1	ENA|ABN10845|ABN10845.1	19.23	26	21	0	16	41	53	78	7.1	16.9
Seq9101_784_bp_1_0_1	ENA|BAA36759|BAA36759.1	19.64	59	45	3	18	74	160	217	9.2	16.9
Seq9101_784_bp_1_0_1	ENA|AAA72732|AAA72732.1	32.00	29	17	4	51	75	266	294	9.9	16.9
Seq9101_784_bp_1_0_1	ENA|AAA25966|AAA25966.1	23.94	77	54	6	1	72	254	329	10	18.1
Seq9101_784_bp_1_1_0	ENA|AAA18786|AAA18786.1	31.82	22	15	0	11	32	139	160	1.5	18.6
Seq9101_784_bp_1_1_0	ENA|AAR37016|AAR37016.1	62.50	20	6	4	4	19	666	685	1.8	21.4
Seq9101_784_bp_1_1_0	ENA|AAB26998|AAB26998.1	29.41	18	12	1	1	17	27	44	2.6	16.0
Seq9101_784_bp_1_1_0	ENA|ACT10338|ACT10338.1	28.57	21	15	0	15	35	198	218	2.7	18.2
Seq9101_784_bp_1_1_0	ENA|BAA32956|BAA32956.1	25.81	31	23	0	9	39	23	53	2.9	17.3
Seq9101_784_bp_1_1_0	ENA|ABK71357|ABK71357.1	30.30	34	23	1	7	39	55	88	4	17.6
Seq9101_784_bp_1_1_0	ENA|AAA36539|AAA36539.1	41.18	17	10	0	12	28	367	383	4.1	17.9
Seq9101_784_bp_1_1_0	ENA|AAC08817|AAC08817.1	56.25	22	7	6	1	17	96	116	5	16.0
Seq9101_784_bp_1_1_0	ENA|CAA45199|CAA45199.1	42.42	43	19	10	2	35	77	118	6.2	17.3
Seq9101_784_bp_1_1_0	ENA|BAB17681|BAB17681.1	28.00	26	18	1	3	27	59	84	6.9	16.3
Seq9101_784_bp_1_1_0	ENA|ABG75784|ABG75784.1	36.84	21	12	2	4	22	118	138	7.9	16.3
Seq9101_784_bp_1_1_0	ENA|CCP43727|CCP43727.1	37.50	39	20	7	3	39	203	236	8.2	16.3
Seq9101_784_bp_1_1_0	ENA|AAI27517|AAI27517.1	52.38	28	10	7	5	26	394	420	9.4	17.0
Seq9101_784_bp_1_1_1	ENA|ABK71357|ABK71357.1	50.00	10	5	0	1	10	253	262	1.1	17.6
Seq9101_784_bp_1_1_1	ENA|AAF79734|AAF79734.1	70.00	10	3	0	1	10	977	986	1.9	18.7
Seq9101_784_bp_1_1_1	ENA|AAR37016|AAR37016.1	62.50	8	3	0	3	10	2036	2043	3	18.7
Seq9101_784_bp_1_1_1	ENA|ABD49687|ABD49687.1	55.56	9	4	0	2	10	606	614	3.2	18.2
Seq9101_784_bp_1_1_1	ENA|AAA42531|AAA42531.1	80.00	5	1	0	5	9	188	192	3.4	16.0
Seq9101_784_bp_1_1_1	ENA|BAA36759|BAA36759.1	57.14	7	3	0	4	10	60	66	3.7	15.4
Seq9101_784_bp_1_1_1	ENA|CAA36214|CAA36214.1	40.00	10	6	0	1	10	259	268	3.9	15.4
Seq9101_784_bp_1_1_1	ENA|CAA26023|CAA26023.1	40.00	10	6	0	1	10	140	149	4.9	15.4
Seq9101_784_bp_1_1_1	ENA|EDO47375|EDO47375.1	30.00	10	7	0	1	10	96	105	5.2	14.3
Seq9101_784_bp_1_1_1	ENA|AAC49865|AAC49865.1	33.33	9	6	0	1	9	205	213	6.1	14.8
Seq9101_784_bp_1_1_1	ENA|AAC26660|AAC26660.1	44.44	9	5	0	1	9	208	216	6.9	14.3
Seq9101_784_bp_1_1_1	ENA|AAB96524|AAB96524.1	50.00	6	3	0	5	10	95	100	7.3	13.7
Seq9101_784_bp_1_1_1	ENA|AAA24145|AAA24145.1	50.00	10	5	0	1	10	50	59	8.3	14.8
Seq9101_784_bp_1_1_2	ENA|AAA72732|AAA72732.1	36.00	27	16	2	5	31	167	191	0.34	20.7
Seq9101_784_bp_1_1_2	ENA|CAA26939|CAA26939.1	31.25	16	11	0	11	26	436	451	0.49	21.0
Seq9101_784_bp_1_1_2	ENA|AAR37016|AAR37016.1	38.89	22	11	4	14	31	1892	1913	0.57	22.9
Seq9101_784_bp_1_1_2	ENA|CAA36714|CAA36714.1	25.00	32	24	0	1	32	320	351	0.66	20.3
Seq9101_784_bp_1_1_2	ENA|CAA45199|CAA45199.1	41.67	12	7	0	10	21	207	218	0.67	20.3
Seq9101_784_bp_1_1_2	ENA|AAA25966|AAA25966.1	34.62	28	17	2	4	29	673	700	1	20.3
Seq9101_784_bp_1_1_2	ENA|AAB66912|AAB66912.1	31.03	29	20	0	4	32	507	535	1	20.7
Seq9101_784_bp_1_1_2	ENA|AAR31603|AAR31603.1	50.00	12	6	0	2	13	239	250	1.3	18.8
Seq9101_784_bp_1_1_2	ENA|CAA45708|CAA45708.1	30.43	24	16	1	9	32	312	334	1.3	21.0
Seq9101_784_bp_1_1_2	ENA|ABD49687|ABD49687.1	35.71	28	18	0	4	31	1055	1082	1.5	21.0
Seq9101_784_bp_1_1_2	ENA|AAQ92751|AAQ92751.2	26.67	15	11	0	15	29	781	795	1.5	20.7
Seq9101_784_bp_1_1_2	ENA|AAB26998|AAB26998.1	44.44	9	5	0	15	23	12	20	1.8	16.3
Seq9101_784_bp_1_1_2	ENA|ACH70901|ACH70901.1	27.78	18	13	0	14	31	145	162	2.3	18.1
Seq9101_784_bp_1_1_2	ENA|ACT10338|ACT10338.1	40.00	21	12	1	2	22	20	39	2.5	18.1
Seq9101_784_bp_1_1_2	ENA|BAB79260|BAB79260.1	38.46	13	8	0	20	32	54	66	2.9	18.1
Seq9101_784_bp_1_1_2	ENA|AAA18786|AAA18786.1	28.00	25	18	0	3	27	129	153	3.6	17.0
Seq9101_784_bp_1_1_2	ENA|AAC08817|AAC08817.1	30.00	21	14	1	8	28	73	92	4.5	15.9
Seq9101_784_bp_1_1_2	ENA|BAB17681|BAB17681.1	29.17	26	17	2	7	30	209	234	4.7	16.6
Seq9101_784_bp_1_1_2	ENA|ABK71357|ABK71357.1	30.77	13	9	0	10	22	188	200	5	17.0
Seq9101_784_bp_1_1_2	ENA|CCP43727|CCP43727.1	31.25	16	11	0	2	17	123	138	5.6	16.6
Seq9101_784_bp_1_1_2	ENA|AAC78721|AAC78721.1	22.73	22	17	0	8	29	370	391	6.8	17.4
Seq9101_784_bp_1_1_2	ENA|AAF79734|AAF79734.1	23.81	21	16	0	11	31	957	977	6.9	18.5
Seq9101_784_bp_1_1_2	ENA|AAC49865|AAC49865.1	23.33	30	23	0	3	32	65	94	7.1	16.3
Seq9101_784_bp_1_1_2	ENA|BAA32956|BAA32956.1	20.00	20	16	0	13	32	34	53	7.5	15.5
Seq9101_784_bp_1_1_2	ENA|ABN10845|ABN10845.1	42.86	7	4	0	14	20	51	57	7.8	15.5
Seq9101_784_bp_1_1_2	ENA|AAA36539|AAA36539.1	30.77	13	9	0	18	30	20	32	7.9	16.6
Seq9101_784_bp_1_1_2	ENA|BAA32018|BAA32018.1	25.00	24	18	0	3	26	62	85	8.1	17.0
Seq9101_784_bp_1_1_2	ENA|CAD53387|CAD53387.1	31.25	16	11	0	6	21	36	51	8.3	16.6
Seq9101_784_bp_1_1_2	ENA|BAA32991|BAA32991.1	17.39	23	19	0	10	32	18	40	8.6	13.7
Seq9101_784_bp_1_1_2	ENA|AAC17860|AAC17860.1	30.43	23	16	0	7	29	270	292	8.8	16.3
Seq9101_784_bp_1_1_2	ENA|CAB75732|CAB75732.1	27.59	31	21	2	1	30	814	843	9	17.7
Seq9101_784_bp_1_1_2	ENA|AAC97205|AAC97205.1	21.88	33	25	1	1	32	663	695	9.5	17.7
Seq9101_784_bp_1_1_3	ENA|AAC49865|AAC49865.1	30.00	67	42	7	8	74	3	62	3.4	18.6
Seq9101_784_bp_1_1_3	ENA|AAR31603|AAR31603.1	30.56	37	25	1	28	64	52	87	3.9	18.4
Seq9101_784_bp_1_1_4	ENA|CAA29956|CAA29956.1	60.00	10	4	0	19	28	368	377	0.063	23.2
Seq9101_784_bp_1_1_4	ENA|ABD49687|ABD49687.1	40.91	24	13	2	3	26	801	822	0.23	23.5
Seq9101_784_bp_1_1_4	ENA|BAA32991|BAA32991.1	36.36	11	7	0	15	25	31	41	0.25	18.8
Seq9101_784_bp_1_1_4	ENA|AAB26998|AAB26998.1	38.46	36	16	10	2	28	13	47	0.28	18.8
Seq9101_784_bp_1_1_4	ENA|AAR37016|AAR37016.1	34.62	30	17	4	1	28	1467	1494	0.5	22.9
Seq9101_784_bp_1_1_4	ENA|AAC08817|AAC08817.1	29.17	26	17	2	4	27	116	141	0.91	18.1
Seq9101_784_bp_1_1_4	ENA|AAC49865|AAC49865.1	42.86	14	8	0	2	15	46	59	1.2	18.8
Seq9101_784_bp_1_1_4	ENA|AAA24145|AAA24145.1	20.00	25	20	0	1	25	372	396	1.3	19.1
Seq9101_784_bp_1_1_4	ENA|AAB66912|AAB66912.1	28.00	25	18	0	3	27	501	525	1.6	19.8
Seq9101_784_bp_1_1_4	ENA|AAI27517|AAI27517.1	31.82	22	15	0	6	27	325	346	3.3	18.1
Seq9101_784_bp_1_1_4	ENA|BAB79260|BAB79260.1	40.00	16	9	1	3	18	410	424	5.1	17.1
Seq9101_784_bp_1_1_4	ENA|ABG75784|ABG75784.1	18.18	22	18	0	4	25	158	179	7.1	16.0
Seq9101_784_bp_1_1_4	ENA|BAA32956|BAA32956.1	23.81	21	16	0	7	27	170	190	7.6	15.3
Seq9101_784_bp_1_1_4	ENA|CAA26939|CAA26939.1	18.18	22	18	0	4	25	305	326	8	16.7
Seq9101_784_bp_1_1_4	ENA|CAA45708|CAA45708.1	38.10	26	13	5	3	28	302	322	8.2	18.1
Seq9101_784_bp_1_1_4	ENA|AAC97205|AAC97205.1	47.37	28	10	9	3	27	260	281	8.4	17.7
Seq9101_784_bp_1_1_4	ENA|AAA18786|AAA18786.1	22.73	23	17	1	4	25	76	98	9.4	15.3
Seq9101_784_bp_1_1_5	ENA|AAA24145|AAA24145.1	44.44	9	5	0	1	9	65	73	0.42	19.7
Seq9101_784_bp_1_1_5	ENA|ABD33854|ABD33854.1	44.44	9	5	0	5	13	9	17	0.5	16.5
Seq9101_784_bp_1_1_5	ENA|CAA11507|CAA11507.1	50.00	10	5	0	4	13	966	975	0.85	20.2
Seq9101_784_bp_1_1_5	ENA|ABN10845|ABN10845.1	55.56	9	4	0	5	13	129	137	1.2	17.0
Seq9101_784_bp_1_1_5	ENA|AAR37016|AAR37016.1	40.00	10	6	0	3	12	1527	1536	1.5	20.2
Seq9101_784_bp_1_1_5	ENA|AAA72732|AAA72732.1	50.00	13	6	1	1	13	44	55	1.7	17.0
Seq9101_784_bp_1_1_5	ENA|AAB66912|AAB66912.1	40.00	10	6	0	4	13	472	481	1.7	18.6
Seq9101_784_bp_1_1_5	ENA|CAA26023|CAA26023.1	54.55	11	5	0	1	11	23	33	2.1	17.0
Seq9101_784_bp_1_1_5	ENA|CAA73529|CAA73529.1	54.55	11	5	0	1	11	223	233	2.1	16.5
Seq9101_784_bp_1_1_5	ENA|AAI27517|AAI27517.1	100.00	4	0	0	4	7	559	562	2.2	17.6
Seq9101_784_bp_1_1_5	ENA|CAA24711|CAA24711.1	42.86	7	4	0	3	9	108	114	2.8	15.5
Seq9101_784_bp_1_1_5	ENA|ACH70901|ACH70901.1	80.00	5	1	0	4	8	112	116	2.8	16.5
Seq9101_784_bp_1_1_5	ENA|CAA29956|CAA29956.1	50.00	10	5	0	2	11	134	143	2.9	16.5
Seq9101_784_bp_1_1_5	ENA|ACT10338|ACT10338.1	36.36	11	7	0	3	13	374	384	3	16.5
Seq9101_784_bp_1_1_5	ENA|CAA26939|CAA26939.1	37.50	8	5	0	6	13	41	48	3.1	17.0
Seq9101_784_bp_1_1_5	ENA|AAS77176|AAS77176.1	42.86	7	4	0	5	11	118	124	3.2	16.0
Seq9101_784_bp_1_1_5	ENA|BAA32018|BAA32018.1	62.50	8	3	0	2	9	292	299	3.4	17.0
Seq9101_784_bp_1_1_5	ENA|CAA36214|CAA36214.1	50.00	12	6	0	2	13	112	123	3.4	16.0
Seq9101_784_bp_1_1_5	ENA|ABK71357|ABK71357.1	66.67	6	2	0	5	10	65	70	4.1	16.0
Seq9101_784_bp_1_1_5	ENA|CAL82360|CAL82360.1	50.00	8	4	0	3	10	676	683	4.7	17.6
Seq9101_784_bp_1_1_5	ENA|CAA45199|CAA45199.1	42.86	7	4	0	4	10	373	379	5.1	16.0
Seq9101_784_bp_1_1_5	ENA|AAB26998|AAB26998.1	36.36	11	7	0	3	13	8	18	5.2	13.4
Seq9101_784_bp_1_1_5	ENA|CAA29968|CAA29968.1	37.50	8	5	0	6	13	30	37	6.2	14.4
Seq9101_784_bp_1_1_5	ENA|AAC97205|AAC97205.1	42.86	7	4	0	6	12	583	589	6.4	17.0
Seq9101_784_bp_1_1_5	ENA|BAA32956|BAA32956.1	33.33	9	6	0	3	11	169	177	6.7	14.4
Seq9101_784_bp_1_1_5	ENA|CCP43727|CCP43727.1	36.36	11	7	0	1	11	263	273	7.2	15.0
Seq9101_784_bp_1_1_5	ENA|AAA25966|AAA25966.1	75.00	4	1	0	4	7	27	30	7.7	16.0
Seq9101_784_bp_1_1_5	ENA|CAA45708|CAA45708.1	22.22	9	7	0	1	9	1414	1422	7.8	17.0
Seq9101_784_bp_1_1_5	ENA|CAA43419|CAA43419.1	50.00	8	4	0	3	10	26	33	8	15.0
Seq9101_784_bp_1_1_5	ENA|AAC26660|AAC26660.1	50.00	4	2	0	5	8	76	79	8	14.4
Seq9101_784_bp_1_1_5	ENA|EDO47375|EDO47375.1	33.33	9	6	0	5	13	37	45	8.4	13.9
Seq9101_784_bp_1_1_5	ENA|CAA28033|CAA28033.1	55.56	9	4	0	3	11	674	682	9.5	16.5
Seq9101_784_bp_1_1_5	ENA|BAA05866|BAA05866.1	46.15	13	7	0	1	13	29	41	9.5	14.4
Seq9101_784_bp_1_1_5	ENA|AAB03707|AAB03707.1	42.86	7	4	0	1	7	685	691	10	16.5
Seq9101_784_bp_1_1_5	ENA|CAA36714|CAA36714.1	42.86	7	4	0	7	13	233	239	10	15.0
Seq9101_784_bp_1_1_6	ENA|CAA45708|CAA45708.1	75.00	8	2	0	1	8	698	705	0.037	24.5
Seq9101_784_bp_1_1_6	ENA|AAR37016|AAR37016.1	85.71	7	1	0	4	10	29	35	0.18	22.8
Seq9101_784_bp_1_1_6	ENA|AAB03707|AAB03707.1	57.14	7	3	0	2	8	612	618	0.78	20.0
Seq9101_784_bp_1_1_6	ENA|AAB96524|AAB96524.1	50.00	8	4	0	1	8	77	84	1.1	16.5
Seq9101_784_bp_1_1_6	ENA|AAB66912|AAB66912.1	33.33	9	6	0	2	10	241	249	1.2	18.8
Seq9101_784_bp_1_1_6	ENA|CCP43727|CCP43727.1	42.86	7	4	0	4	10	111	117	1.3	17.1
Seq9101_784_bp_1_1_6	ENA|AAA18786|AAA18786.1	44.44	9	5	0	2	10	133	141	1.6	16.5
Seq9101_784_bp_1_1_6	ENA|ABN10845|ABN10845.1	33.33	9	6	0	1	9	64	72	1.9	16.0
Seq9101_784_bp_1_1_6	ENA|AAA42531|AAA42531.1	62.50	9	3	1	3	10	179	187	3.4	16.0
Seq9101_784_bp_1_1_6	ENA|EDO47375|EDO47375.1	57.14	7	3	0	4	10	108	114	3.6	14.8
Seq9101_784_bp_1_1_6	ENA|CAA11507|CAA11507.1	50.00	8	4	0	1	8	842	849	3.6	17.7
Seq9101_784_bp_1_1_6	ENA|AAR31603|AAR31603.1	62.50	8	3	0	3	10	258	265	4.2	15.4
Seq9101_784_bp_1_1_6	ENA|AAC08817|AAC08817.1	75.00	4	1	0	5	8	52	55	4.4	14.3
Seq9101_784_bp_1_1_6	ENA|AAC97205|AAC97205.1	66.67	6	2	0	5	10	212	217	4.8	17.1
Seq9101_784_bp_1_1_6	ENA|CAA26023|CAA26023.1	33.33	9	6	0	2	10	69	77	4.9	15.4
Seq9101_784_bp_1_1_6	ENA|ACT10338|ACT10338.1	28.57	7	5	0	4	10	234	240	5	15.4
Seq9101_784_bp_1_1_6	ENA|BAA32956|BAA32956.1	44.44	9	5	0	2	10	52	60	5.9	14.3
Seq9101_784_bp_1_1_6	ENA|ABK71357|ABK71357.1	75.00	4	1	0	7	10	203	206	6.9	14.8
Seq9101_784_bp_1_1_6	ENA|CAA26939|CAA26939.1	33.33	9	6	0	2	10	36	44	7.1	15.4
Seq9101_784_bp_1_1_6	ENA|AAI27517|AAI27517.1	42.86	7	4	0	3	9	291	297	7.4	15.4
Seq9101_784_bp_1_1_6	ENA|AAQ92751|AAQ92751.2	71.43	7	2	0	1	7	288	294	7.8	16.5
Seq9101_784_bp_1_1_6	ENA|CAA45199|CAA45199.1	75.00	4	1	0	7	10	167	170	8.6	14.8
Seq9101_784_bp_1_2_0	ENA|ACT10338|ACT10338.1	36.36	33	21	0	2	34	298	330	0.034	25.0
Seq9101_784_bp_1_2_0	ENA|AAA42531|AAA42531.1	27.91	48	31	5	1	46	263	307	0.63	20.8
Seq9101_784_bp_1_2_0	ENA|AAB26998|AAB26998.1	33.33	42	24	6	5	44	29	66	0.79	18.2
Seq9101_784_bp_1_2_0	ENA|AAI27517|AAI27517.1	41.18	38	20	4	4	41	560	593	0.95	20.8
Seq9101_784_bp_1_2_0	ENA|AAB66912|AAB66912.1	37.14	44	22	9	9	52	211	245	1	21.3
Seq9101_784_bp_1_2_0	ENA|ABN10845|ABN10845.1	29.79	57	33	10	2	50	109	163	1.5	18.7
Seq9101_784_bp_1_2_0	ENA|BAA32991|BAA32991.1	29.03	33	22	2	13	45	29	59	2.1	16.6
Seq9101_784_bp_1_2_0	ENA|AAC97205|AAC97205.1	33.33	47	26	8	2	45	388	429	3.4	20.0
Seq9101_784_bp_1_2_0	ENA|CAA45199|CAA45199.1	27.27	34	24	1	5	37	289	322	3.9	18.4
Seq9101_784_bp_1_2_0	ENA|ACH70901|ACH70901.1	18.60	44	35	1	4	46	93	136	5.1	17.6
Seq9101_784_bp_1_2_0	ENA|AAC40132|AAC40132.1	21.21	35	26	2	1	35	335	367	5.5	17.9
Seq9101_784_bp_1_2_0	ENA|AAC26660|AAC26660.1	22.92	50	37	2	3	51	106	154	6.2	16.8
Seq9101_784_bp_1_2_0	ENA|ABD49687|ABD49687.1	46.15	32	14	6	15	45	489	515	6.6	19.5
Seq9101_784_bp_1_2_0	ENA|CAA29968|CAA29968.1	23.53	55	39	4	2	52	99	153	6.7	16.3
Seq9101_784_bp_1_2_0	ENA|AAA25966|AAA25966.1	41.67	27	14	3	17	43	7	30	6.9	18.2
Seq9101_784_bp_1_2_0	ENA|AAR37016|AAR37016.1	30.00	32	21	2	21	52	407	436	8.8	19.5
Seq9101_784_bp_1_2_0	ENA|BAB17681|BAB17681.1	19.05	44	34	2	1	42	36	79	9.2	16.3
Seq9101_784_bp_1_2_1	ENA|AAB03707|AAB03707.1	29.41	34	24	0	1	34	309	342	0.34	23.0
Seq9101_784_bp_1_2_1	ENA|AAA36114|AAA36114.1	42.86	14	8	0	3	16	129	142	0.45	21.2
Seq9101_784_bp_1_2_1	ENA|AAA25966|AAA25966.1	50.00	18	9	0	12	29	327	344	0.64	21.2
Seq9101_784_bp_1_2_1	ENA|AAA72732|AAA72732.1	41.67	25	14	1	1	25	237	260	1.6	18.6
Seq9101_784_bp_1_2_1	ENA|CAA29956|CAA29956.1	42.11	22	11	3	13	31	101	122	1.9	18.6
Seq9101_784_bp_1_2_1	ENA|AAI27517|AAI27517.1	29.03	32	22	1	3	33	141	172	2.3	19.0
Seq9101_784_bp_1_2_1	ENA|AAR37016|AAR37016.1	27.27	33	24	0	1	33	349	381	2.6	20.8
Seq9101_784_bp_1_2_1	ENA|AAA36539|AAA36539.1	25.00	20	15	0	15	34	334	353	3.1	18.2
Seq9101_784_bp_1_2_1	ENA|CAA45708|CAA45708.1	27.59	29	21	0	6	34	850	878	3.6	19.7
Seq9101_784_bp_1_2_1	ENA|AAC97205|AAC97205.1	25.00	32	24	0	4	35	357	388	3.7	19.3
Seq9101_784_bp_1_2_1	ENA|ABG75784|ABG75784.1	39.29	32	17	4	2	29	99	130	4.3	17.1
Seq9101_784_bp_1_2_1	ENA|CAA43419|CAA43419.1	36.67	37	19	7	4	35	47	81	5	17.1
Seq9101_784_bp_1_2_1	ENA|AAC40132|AAC40132.1	35.00	20	13	0	8	27	413	432	5	17.5
Seq9101_784_bp_1_2_1	ENA|BAA32018|BAA32018.1	25.93	27	20	0	1	27	582	608	5.1	17.9
Seq9101_784_bp_1_2_1	ENA|AAC49865|AAC49865.1	33.33	22	14	1	16	36	161	182	5.7	16.8
Seq9101_784_bp_1_2_1	ENA|BAB17681|BAB17681.1	35.71	15	9	1	4	17	38	52	6.1	16.4
Seq9101_784_bp_1_2_1	ENA|ACH70901|ACH70901.1	44.44	9	5	0	28	36	192	200	6.2	16.8
Seq9101_784_bp_1_2_1	ENA|CCP43727|CCP43727.1	54.55	11	5	0	17	27	71	81	7.3	16.4
Seq9101_784_bp_1_2_1	ENA|BAB79260|BAB79260.1	39.13	23	14	0	4	26	281	303	7.7	16.8
Seq9101_784_bp_1_2_1	ENA|ABN10845|ABN10845.1	24.00	25	19	0	5	29	34	58	7.9	15.7
Seq9101_784_bp_1_2_1	ENA|CAA24711|CAA24711.1	41.67	12	7	0	18	29	130	141	8.1	15.3
Seq9101_784_bp_1_2_1	ENA|AAR31603|AAR31603.1	31.03	29	20	0	5	33	214	242	9.2	16.1
Seq9101_784_bp_1_2_2	ENA|AAC78721|AAC78721.1	42.11	19	11	0	8	26	349	367	2	18.9
Seq9101_784_bp_1_2_2	ENA|AAR37016|AAR37016.1	39.13	23	14	0	1	23	1218	1240	2.5	20.4
Seq9101_784_bp_1_2_2	ENA|ABK71357|ABK71357.1	38.89	18	11	0	6	23	173	190	3.1	17.4
Seq9101_784_bp_1_2_2	ENA|BAA32991|BAA32991.1	28.57	23	15	2	2	22	29	51	3.7	14.7
Seq9101_784_bp_1_2_2	ENA|CAA26939|CAA26939.1	40.00	21	12	1	3	22	11	31	3.9	17.7
Seq9101_784_bp_1_2_2	ENA|BAB79260|BAB79260.1	54.55	11	5	0	5	15	391	401	4.6	17.1
Seq9101_784_bp_1_2_2	ENA|AAC08817|AAC08817.1	30.77	28	18	2	1	26	6	33	5.5	15.3
Seq9101_784_bp_1_2_2	ENA|BAB17681|BAB17681.1	40.00	15	9	0	4	18	65	79	6.3	15.9
Seq9101_784_bp_1_2_2	ENA|BAA32956|BAA32956.1	33.33	25	12	7	1	18	11	35	7.3	15.3
Seq9101_784_bp_1_2_2	ENA|CAA29968|CAA29968.1	22.73	22	17	0	2	23	83	104	8.2	15.0
Seq9101_784_bp_1_2_2	ENA|AAI27517|AAI27517.1	40.00	15	9	0	9	23	512	526	8.8	16.5
Seq9101_784_bp_1_2_3	ENA|ACH70901|ACH70901.1	24.24	33	25	0	1	33	164	196	1.1	19.2
Seq9101_784_bp_1_2_3	ENA|ABK71357|ABK71357.1	40.91	28	13	6	5	32	339	360	1.4	18.9
Seq9101_784_bp_1_2_3	ENA|AAC97205|AAC97205.1	36.84	20	12	1	13	31	266	285	2	20.1
Seq9101_784_bp_1_2_3	ENA|AAB26998|AAB26998.1	42.11	23	11	4	1	23	17	35	2.1	16.1
Seq9101_784_bp_1_2_3	ENA|AAA25966|AAA25966.1	42.86	17	8	3	17	30	306	322	5.1	18.0
Seq9101_784_bp_1_2_3	ENA|AAA24145|AAA24145.1	36.36	25	14	3	6	27	406	430	7.5	16.7
Seq9101_784_bp_1_2_3	ENA|CAA26939|CAA26939.1	35.71	33	18	5	1	33	309	336	7.5	17.0
Seq9101_784_bp_1_2_3	ENA|BAA32991|BAA32991.1	33.33	15	8	3	14	28	22	33	9.1	13.7
Seq9101_784_bp_1_2_3	ENA|CAA36214|CAA36214.1	32.26	35	21	4	1	31	271	305	9.2	15.8
Seq9101_784_bp_1_2_4	ENA|ABN10845|ABN10845.1	24.49	52	37	3	12	61	15	65	0.53	20.5
Seq9101_784_bp_1_2_4	ENA|CAA36214|CAA36214.1	17.31	52	43	0	2	53	20	71	1.1	19.9
Seq9101_784_bp_1_2_4	ENA|ABD49687|ABD49687.1	38.64	46	27	2	7	52	640	683	1.2	22.3
Seq9101_784_bp_1_2_4	ENA|AAC17860|AAC17860.1	25.93	57	40	3	1	54	15	71	1.2	20.2
Seq9101_784_bp_1_2_4	ENA|AAR31603|AAR31603.1	24.00	54	38	4	3	55	2	52	1.9	19.2
Seq9101_784_bp_1_2_4	ENA|CCP43727|CCP43727.1	22.95	61	47	0	1	61	77	137	2.3	18.9
Seq9101_784_bp_1_2_4	ENA|AAC49865|AAC49865.1	31.82	49	30	5	13	61	71	114	2.7	18.6
Seq9101_784_bp_1_2_4	ENA|ACH70901|ACH70901.1	22.22	45	35	0	12	56	151	195	3.6	18.4
Seq9101_784_bp_1_2_4	ENA|CAA45199|CAA45199.1	38.46	45	24	6	17	55	329	373	3.9	18.6
Seq9101_784_bp_1_2_4	ENA|CAA29956|CAA29956.1	31.48	67	37	13	1	57	172	235	5.3	17.9
Seq9101_784_bp_1_2_4	ENA|AAF79734|AAF79734.1	26.53	52	36	3	9	60	949	997	5.8	19.7
Seq9101_784_bp_1_2_4	ENA|AAC97205|AAC97205.1	25.00	52	39	0	1	52	585	636	5.9	19.4
Seq9101_784_bp_1_2_4	ENA|BAB17681|BAB17681.1	21.28	48	37	1	12	58	14	61	6.5	17.1
Seq9101_784_bp_1_2_4	ENA|CAA36714|CAA36714.1	42.11	20	11	1	8	27	448	466	7.6	17.6
Seq9101_784_bp_1_2_4	ENA|AAB03707|AAB03707.1	29.17	24	17	0	19	42	4	27	7.7	19.2
Seq9101_784_bp_1_2_4	ENA|AAA72732|AAA72732.1	37.14	43	22	8	18	57	269	306	8.7	16.8
Seq9101_784_bp_1_2_4	ENA|AAC08817|AAC08817.1	21.82	55	43	0	1	55	60	114	8.9	15.8
Seq9101_784_bp_1_2_4	ENA|AAA25966|AAA25966.1	31.82	51	30	7	4	51	226	272	9.7	17.9
Seq9101_784_bp_1_2_5	ENA|AAR31603|AAR31603.1	34.62	26	17	0	5	30	67	92	0.0055	26.9
Seq9101_784_bp_1_2_5	ENA|CAA29968|CAA29968.1	34.48	29	19	0	10	38	84	112	0.0093	25.4
Seq9101_784_bp_1_2_5	ENA|AAR37016|AAR37016.1	29.17	24	17	0	11	34	952	975	0.087	25.8
Seq9101_784_bp_1_2_5	ENA|ABK71357|ABK71357.1	33.33	36	22	3	4	36	145	180	0.14	22.4
Seq9101_784_bp_1_2_5	ENA|ABD49687|ABD49687.1	32.26	34	21	3	6	37	73	105	0.18	24.3
Seq9101_784_bp_1_2_5	ENA|BAA32956|BAA32956.1	32.14	29	19	1	5	33	33	60	0.3	20.6
Seq9101_784_bp_1_2_5	ENA|AAC97205|AAC97205.1	28.57	32	20	4	7	38	556	583	0.61	22.1
Seq9101_784_bp_1_2_5	ENA|AAA25966|AAA25966.1	20.83	24	19	0	7	30	423	446	0.78	20.9
Seq9101_784_bp_1_2_5	ENA|ACT10338|ACT10338.1	34.38	37	21	5	5	36	297	333	0.92	19.8
Seq9101_784_bp_1_2_5	ENA|CAA36714|CAA36714.1	11.76	17	15	0	19	35	370	386	1.1	19.8
Seq9101_784_bp_1_2_5	ENA|ABD33854|ABD33854.1	27.78	39	26	3	2	37	24	62	1.2	16.8
Seq9101_784_bp_1_2_5	ENA|AAC26660|AAC26660.1	30.00	10	7	0	24	33	185	194	1.3	18.7
Seq9101_784_bp_1_2_5	ENA|AAI27517|AAI27517.1	42.31	35	15	9	2	27	385	419	1.4	19.8
Seq9101_784_bp_1_2_5	ENA|ABN10845|ABN10845.1	50.00	15	7	1	20	34	91	104	1.4	18.3
Seq9101_784_bp_1_2_5	ENA|CAA26023|CAA26023.1	22.58	31	24	0	5	35	194	224	2.5	18.3
Seq9101_784_bp_1_2_5	ENA|AAF79734|AAF79734.1	36.36	11	7	0	25	35	1296	1306	2.6	20.2
Seq9101_784_bp_1_2_5	ENA|AAA72732|AAA72732.1	27.59	30	21	1	10	38	93	122	2.7	17.9
Seq9101_784_bp_1_2_5	ENA|CAD53387|CAD53387.1	26.67	32	22	2	6	35	66	97	3.3	18.3
Seq9101_784_bp_1_2_5	ENA|CAA45708|CAA45708.1	16.00	25	21	0	1	25	717	741	3.5	19.8
Seq9101_784_bp_1_2_5	ENA|BAA32991|BAA32991.1	55.56	10	4	1	16	25	24	32	3.6	15.3
Seq9101_784_bp_1_2_5	ENA|CAA11507|CAA11507.1	19.35	33	25	2	7	38	681	712	4.1	19.4
Seq9101_784_bp_1_2_5	ENA|AAB96524|AAB96524.1	25.00	16	12	0	21	36	51	66	4.4	16.4
Seq9101_784_bp_1_2_5	ENA|AAB03707|AAB03707.1	26.67	35	22	5	2	35	615	645	5.3	19.1
Seq9101_784_bp_1_2_5	ENA|BAB17681|BAB17681.1	33.33	9	6	0	24	32	110	118	6.4	16.4
Seq9101_784_bp_1_2_5	ENA|AAC40132|AAC40132.1	50.00	14	6	2	4	17	91	102	6.6	17.2
Seq9101_784_bp_1_2_5	ENA|AAS77176|AAS77176.1	23.81	21	16	0	16	36	144	164	6.7	16.4
Seq9101_784_bp_1_2_5	ENA|AAA42531|AAA42531.1	40.00	10	6	0	3	12	340	349	7	16.8
Seq9101_784_bp_1_2_5	ENA|AAA18786|AAA18786.1	33.33	28	16	4	12	38	240	264	8	16.0
Seq9101_784_bp_1_2_5	ENA|BAB79260|BAB79260.1	26.32	42	28	4	1	38	213	254	8.1	16.8
Seq9101_784_bp_1_2_5	ENA|CAA28033|CAA28033.1	25.00	16	12	0	5	20	527	542	8.2	18.3
Seq9101_784_bp_1_2_5	ENA|CAA73529|CAA73529.1	55.56	10	4	1	29	38	36	44	8.2	16.0
Seq9101_784_bp_1_2_5	ENA|ACH70901|ACH70901.1	37.50	17	10	1	6	22	2	17	8.3	16.4
Seq9101_784_bp_1_2_5	ENA|CAA45199|CAA45199.1	29.41	39	24	5	4	37	350	388	8.3	16.8
Seq9101_784_bp_1_2_5	ENA|AAA36539|AAA36539.1	46.67	18	8	3	23	38	193	209	8.4	16.8
Seq9101_784_bp_1_2_5	ENA|AAA32624|AAA32624.1	38.10	24	13	3	2	24	100	121	9.2	16.8
Seq9101_784_bp_-1_0_0	ENA|AAB26998|AAB26998.1	30.00	20	14	0	1	20	32	51	0.74	17.1
Seq9101_784_bp_-1_0_0	ENA|BAB17681|BAB17681.1	41.18	18	10	1	5	22	177	193	3.2	16.8
Seq9101_784_bp_-1_0_0	ENA|CCP43727|CCP43727.1	38.10	21	13	0	2	22	133	153	5.8	16.1
Seq9101_784_bp_-1_0_1	ENA|AAC17860|AAC17860.1	32.26	35	21	4	6	36	292	326	0.98	19.9
Seq9101_784_bp_-1_0_1	ENA|ABD49687|ABD49687.1	28.12	32	23	0	10	41	565	596	1.7	21.2
Seq9101_784_bp_-1_0_1	ENA|CAA45199|CAA45199.1	38.89	46	22	10	2	37	203	248	1.7	19.3
Seq9101_784_bp_-1_0_1	ENA|AAC40132|AAC40132.1	26.32	41	28	3	3	42	179	217	1.8	19.3
Seq9101_784_bp_-1_0_1	ENA|ABN10845|ABN10845.1	25.00	28	21	0	4	31	104	131	2	18.0
Seq9101_784_bp_-1_0_1	ENA|AAR37016|AAR37016.1	26.47	34	25	0	5	38	733	766	2.3	21.2
Seq9101_784_bp_-1_0_1	ENA|AAA25966|AAA25966.1	27.59	30	21	1	2	31	375	403	3.3	19.0
Seq9101_784_bp_-1_0_1	ENA|AAA42531|AAA42531.1	38.24	42	21	8	1	39	318	354	3.5	18.0
Seq9101_784_bp_-1_0_1	ENA|CAD53387|CAD53387.1	25.93	27	20	0	12	38	32	58	3.6	18.3
Seq9101_784_bp_-1_0_1	ENA|ACH70901|ACH70901.1	25.93	29	20	2	9	37	314	340	4	17.7
Seq9101_784_bp_-1_0_1	ENA|ABK71357|ABK71357.1	38.46	33	16	7	11	41	149	176	4.1	17.7
Seq9101_784_bp_-1_0_1	ENA|CAA26939|CAA26939.1	53.85	13	6	0	1	13	166	178	5	18.0
Seq9101_784_bp_-1_0_1	ENA|AAC97205|AAC97205.1	34.62	31	17	5	9	34	19	49	5.5	19.0
Seq9101_784_bp_-1_0_1	ENA|AAS77176|AAS77176.1	30.77	27	18	1	3	28	10	36	6.2	16.7
Seq9101_784_bp_-1_0_1	ENA|BAA36759|BAA36759.1	37.50	16	10	0	25	40	106	121	6.2	16.7
Seq9101_784_bp_-1_0_1	ENA|AAA32624|AAA32624.1	33.33	19	12	1	24	41	101	119	7.1	17.4
Seq9101_784_bp_-1_0_1	ENA|AAQ92751|AAQ92751.2	37.50	24	15	0	4	27	787	810	7.6	18.6
Seq9101_784_bp_-1_0_1	ENA|CAA43419|CAA43419.1	34.62	29	17	3	10	35	18	46	9.5	16.4
Seq9101_784_bp_-1_0_2	ENA|AAA24145|AAA24145.1	46.15	13	7	0	4	16	384	396	1	18.8
Seq9101_784_bp_-1_0_2	ENA|AAB96524|AAB96524.1	40.00	10	6	0	8	17	178	187	9.8	14.1
Seq9101_784_bp_-1_0_3	ENA|CAA43419|CAA43419.1	55.56	9	4	0	4	12	325	333	0.18	20.4
Seq9101_784_bp_-1_0_3	ENA|AAC17860|AAC17860.1	50.00	10	5	0	1	10	18	27	0.2	20.4
Seq9101_784_bp_-1_0_3	ENA|EDO47375|EDO47375.1	36.36	11	7	0	1	11	80	90	0.29	18.8
Seq9101_784_bp_-1_0_3	ENA|AAA72732|AAA72732.1	41.67	12	7	0	1	12	44	55	0.7	18.2
Seq9101_784_bp_-1_0_3	ENA|AAR31603|AAR31603.1	45.45	11	6	0	2	12	276	286	0.73	18.2
Seq9101_784_bp_-1_0_3	ENA|AAC08817|AAC08817.1	50.00	10	5	0	3	12	5	14	0.74	17.1
Seq9101_784_bp_-1_0_3	ENA|AAR37016|AAR37016.1	62.50	8	3	0	3	10	651	658	1.1	20.4
Seq9101_784_bp_-1_0_3	ENA|AAB66912|AAB66912.1	55.56	9	4	0	3	11	522	530	1.4	18.8
Seq9101_784_bp_-1_0_3	ENA|CCP43727|CCP43727.1	54.55	11	5	0	2	12	82	92	1.5	17.1
Seq9101_784_bp_-1_0_3	ENA|AAA42531|AAA42531.1	57.14	7	3	0	4	10	368	374	1.8	17.1
Seq9101_784_bp_-1_0_3	ENA|AAC40132|AAC40132.1	66.67	6	2	0	4	9	370	375	2.2	17.1
Seq9101_784_bp_-1_0_3	ENA|AAC49865|AAC49865.1	44.44	9	5	0	4	12	221	229	2.2	16.6
Seq9101_784_bp_-1_0_3	ENA|ACH70901|ACH70901.1	50.00	10	5	0	3	12	272	281	2.5	16.6
Seq9101_784_bp_-1_0_3	ENA|AAC97205|AAC97205.1	44.44	9	5	0	1	9	204	212	2.7	18.2
Seq9101_784_bp_-1_0_3	ENA|BAA36759|BAA36759.1	57.14	7	3	0	2	8	2	8	2.9	16.0
Seq9101_784_bp_-1_0_3	ENA|ABK71357|ABK71357.1	50.00	8	4	0	2	9	290	297	3.7	16.0
Seq9101_784_bp_-1_0_3	ENA|CAA36214|CAA36214.1	37.50	8	5	0	1	8	227	234	4.4	15.5
Seq9101_784_bp_-1_0_3	ENA|AAF79734|AAF79734.1	83.33	6	1	0	5	10	608	613	4.6	17.7
Seq9101_784_bp_-1_0_3	ENA|AAA18786|AAA18786.1	75.00	4	1	0	3	6	63	66	5.5	14.9
Seq9101_784_bp_-1_0_3	ENA|AAI27517|AAI27517.1	50.00	6	3	0	4	9	453	458	5.7	16.0
Seq9101_784_bp_-1_0_3	ENA|CAA45199|CAA45199.1	50.00	10	5	0	3	12	53	62	6.6	15.5
Seq9101_784_bp_-1_0_3	ENA|AAA36539|AAA36539.1	66.67	6	2	0	5	10	92	97	6.7	15.5
Seq9101_784_bp_-1_0_3	ENA|AAB26998|AAB26998.1	40.00	10	6	0	2	11	15	24	7.3	12.8
Seq9101_784_bp_-1_0_3	ENA|BAB17681|BAB17681.1	60.00	5	2	0	4	8	66	70	8.1	14.4
Seq9101_784_bp_-1_0_3	ENA|CAA45708|CAA45708.1	100.00	4	0	0	3	6	244	247	9.7	16.6
Seq9101_784_bp_-1_0_4	ENA|CCP43727|CCP43727.1	31.58	20	13	1	1	19	55	74	0.8	19.3
Seq9101_784_bp_-1_0_4	ENA|AAI27517|AAI27517.1	34.78	23	15	0	1	23	385	407	0.85	20.1
Seq9101_784_bp_-1_0_4	ENA|AAC08817|AAC08817.1	39.13	24	14	1	6	28	1	24	1.1	17.8
Seq9101_784_bp_-1_0_4	ENA|AAQ92751|AAQ92751.2	30.43	23	16	0	4	26	1245	1267	1.2	20.8
Seq9101_784_bp_-1_0_4	ENA|ABD49687|ABD49687.1	30.77	28	18	2	1	26	1699	1726	1.4	20.8
Seq9101_784_bp_-1_0_4	ENA|CAA11507|CAA11507.1	21.74	23	18	0	1	23	540	562	1.5	20.5
Seq9101_784_bp_-1_0_4	ENA|CAA28033|CAA28033.1	26.09	23	17	0	4	26	990	1012	1.9	20.1
Seq9101_784_bp_-1_0_4	ENA|AAA32624|AAA32624.1	40.00	23	12	3	8	27	111	133	2.1	18.6
Seq9101_784_bp_-1_0_4	ENA|ABG75784|ABG75784.1	38.46	13	8	0	8	20	79	91	3.6	17.0
Seq9101_784_bp_-1_0_4	ENA|AAA25966|AAA25966.1	29.41	17	12	0	5	21	103	119	4.9	17.8
Seq9101_784_bp_-1_0_4	ENA|ACH70901|ACH70901.1	33.33	22	14	1	2	22	241	262	5.3	16.7
Seq9101_784_bp_-1_0_4	ENA|ABK71357|ABK71357.1	21.74	23	18	0	2	24	173	195	5.5	16.7
Seq9101_784_bp_-1_0_4	ENA|CAA36214|CAA36214.1	38.89	19	11	1	9	27	167	184	5.8	16.3
Seq9101_784_bp_-1_0_4	ENA|AAR31603|AAR31603.1	35.00	23	13	3	5	27	143	162	6.3	16.3
Seq9101_784_bp_-1_0_4	ENA|AAR37016|AAR37016.1	32.14	29	19	1	1	28	144	172	7.1	18.9
Seq9101_784_bp_-1_0_4	ENA|CAA24711|CAA24711.1	29.41	19	12	2	1	19	9	25	7.2	15.1
Seq9101_784_bp_-1_0_4	ENA|ABD33854|ABD33854.1	38.46	13	8	0	12	24	52	64	7.6	13.6
Seq9101_784_bp_-1_0_4	ENA|CAA26939|CAA26939.1	37.50	32	15	8	5	28	11	42	8.2	16.7
Seq9101_784_bp_-1_0_4	ENA|AAA24145|AAA24145.1	35.29	17	11	0	10	26	21	37	8.6	16.3
Seq9101_784_bp_-1_0_4	ENA|BAA32956|BAA32956.1	31.58	21	13	2	1	21	78	96	8.7	15.1
Seq9101_784_bp_-1_0_4	ENA|CAA36714|CAA36714.1	27.27	23	16	1	5	27	134	155	8.7	16.3
Seq9101_784_bp_-1_0_4	ENA|CAA45199|CAA45199.1	75.00	4	1	0	3	6	383	386	8.8	16.3
Seq9101_784_bp_-1_0_4	ENA|AAS77176|AAS77176.1	28.57	24	15	3	3	26	146	166	9.1	15.5
Seq9101_784_bp_-1_0_5	ENA|CAA26023|CAA26023.1	35.00	20	13	0	12	31	248	267	0.96	19.4
Seq9101_784_bp_-1_0_5	ENA|CAA24711|CAA24711.1	33.33	29	18	2	4	30	21	49	1.5	17.6
Seq9101_784_bp_-1_0_5	ENA|ABK71357|ABK71357.1	30.43	23	16	0	1	23	72	94	2	18.3
Seq9101_784_bp_-1_0_5	ENA|CAA45199|CAA45199.1	24.00	25	19	0	5	29	185	209	3.2	18.0
Seq9101_784_bp_-1_0_5	ENA|CAD53387|CAD53387.1	28.57	30	20	2	2	31	7	34	3.4	18.0
Seq9101_784_bp_-1_0_5	ENA|AAC78721|AAC78721.1	36.36	22	14	0	3	24	566	587	3.5	18.3
Seq9101_784_bp_-1_0_5	ENA|AAA25966|AAA25966.1	35.00	20	13	0	2	21	700	719	3.8	18.3
Seq9101_784_bp_-1_0_5	ENA|CAA29956|CAA29956.1	29.63	28	19	1	4	30	345	372	4.2	17.2
Seq9101_784_bp_-1_0_5	ENA|BAA32991|BAA32991.1	31.58	19	13	0	4	22	1	19	4.6	14.6
Seq9101_784_bp_-1_0_5	ENA|AAB66912|AAB66912.1	34.78	25	15	2	5	29	477	499	4.8	18.3
Seq9101_784_bp_-1_0_5	ENA|BAA32018|BAA32018.1	46.15	13	7	0	16	28	111	123	5.4	17.6
Seq9101_784_bp_-1_0_5	ENA|ABD33854|ABD33854.1	41.18	19	10	2	13	29	20	38	5.5	14.3
Seq9101_784_bp_-1_0_5	ENA|ACT10338|ACT10338.1	25.93	27	20	0	2	28	141	167	5.6	16.9
Seq9101_784_bp_-1_0_5	ENA|BAA05866|BAA05866.1	33.33	15	10	0	17	31	204	218	5.7	16.5
Seq9101_784_bp_-1_0_5	ENA|AAC97205|AAC97205.1	35.71	14	9	0	18	31	456	469	6.3	18.3
Seq9101_784_bp_-1_0_5	ENA|AAA18786|AAA18786.1	29.03	31	22	0	1	31	48	78	6.3	16.1
Seq9101_784_bp_-1_0_5	ENA|AAC17860|AAC17860.1	50.00	12	6	0	1	12	398	409	7.5	16.5
Seq9101_784_bp_-1_0_5	ENA|AAC08817|AAC08817.1	26.67	34	22	4	2	31	102	135	7.9	15.0
Seq9101_784_bp_-1_0_5	ENA|AAR37016|AAR37016.1	38.10	21	13	0	2	22	2311	2331	9.1	18.7
Seq9101_784_bp_-1_0_6	ENA|EDO47375|EDO47375.1	38.46	13	8	0	1	13	170	182	6.9	14.8
Seq9101_784_bp_-1_0_6	ENA|CAA29956|CAA29956.1	55.56	9	4	0	10	18	115	123	8.5	15.5
Seq9101_784_bp_-1_0_7	ENA|AAB26998|AAB26998.1	50.00	8	4	0	8	15	67	74	0.71	16.5
Seq9101_784_bp_-1_0_7	ENA|AAR37016|AAR37016.1	46.15	13	7	0	3	15	212	224	2.8	19.4
Seq9101_784_bp_-1_0_7	ENA|AAB96524|AAB96524.1	50.00	8	4	0	8	15	172	179	2.9	15.7
Seq9101_784_bp_-1_0_7	ENA|BAA32956|BAA32956.1	42.86	15	8	1	1	14	63	77	5.8	14.9
Seq9101_784_bp_-1_0_7	ENA|ABN10845|ABN10845.1	15.38	13	11	0	2	14	105	117	5.9	14.9
Seq9101_784_bp_-1_0_7	ENA|BAA32991|BAA32991.1	33.33	12	8	0	4	15	3	14	7.8	12.8
Seq9101_784_bp_-1_0_7	ENA|AAC08817|AAC08817.1	50.00	6	3	0	6	11	117	122	9.8	13.6
Seq9101_784_bp_-1_0_8	ENA|ABD33854|ABD33854.1	50.00	12	5	2	2	13	53	62	0.89	16.1
Seq9101_784_bp_-1_0_8	ENA|AAB26998|AAB26998.1	42.86	16	8	2	2	16	27	41	4.3	14.1
Seq9101_784_bp_-1_0_8	ENA|ABN10845|ABN10845.1	40.00	10	6	0	3	12	149	158	4.7	15.4
Seq9101_784_bp_-1_0_8	ENA|BAA32991|BAA32991.1	25.00	16	12	0	2	17	6	21	4.7	13.7
Seq9101_784_bp_-1_0_8	ENA|CAA29968|CAA29968.1	80.00	5	1	0	12	16	107	111	5.2	15.1
Seq9101_784_bp_-1_0_9	ENA|ABD33854|ABD33854.1	66.67	6	2	0	6	11	44	49	0.1	18.6
Seq9101_784_bp_-1_0_9	ENA|ABD49687|ABD49687.1	40.00	10	6	0	1	10	506	515	0.47	21.1
Seq9101_784_bp_-1_0_9	ENA|AAC26660|AAC26660.1	50.00	10	5	0	2	11	182	191	1	17.3
Seq9101_784_bp_-1_0_9	ENA|AAA25966|AAA25966.1	100.00	4	0	0	5	8	104	107	1.2	18.6
Seq9101_784_bp_-1_0_9	ENA|CAA29968|CAA29968.1	71.43	7	2	0	2	8	54	60	1.4	16.4
Seq9101_784_bp_-1_0_9	ENA|ABK71357|ABK71357.1	50.00	8	4	0	3	10	349	356	1.5	17.3
Seq9101_784_bp_-1_0_9	ENA|AAC08817|AAC08817.1	66.67	7	2	1	5	10	1	7	2.7	15.1
Seq9101_784_bp_-1_0_9	ENA|CAA73529|CAA73529.1	37.50	8	5	0	3	10	89	96	3.5	15.5
Seq9101_784_bp_-1_0_9	ENA|AAS77176|AAS77176.1	75.00	4	1	0	6	9	156	159	8.6	14.2
Seq9101_784_bp_-1_0_10	ENA|CAD53387|CAD53387.1	58.33	14	5	2	1	12	1	14	5.1	16.5
Seq9101_784_bp_-1_0_10	ENA|ACH70901|ACH70901.1	50.00	12	6	0	3	14	258	269	7.1	15.5
Seq9101_784_bp_-1_0_10	ENA|AAC08817|AAC08817.1	71.43	7	2	0	6	12	22	28	9.5	13.9
Seq9101_784_bp_-1_1_0	ENA|AAA72732|AAA72732.1	50.00	17	7	3	2	15	207	223	0.17	20.6
Seq9101_784_bp_-1_1_0	ENA|AAR37016|AAR37016.1	53.33	15	7	0	1	15	635	649	0.48	22.0
Seq9101_784_bp_-1_1_0	ENA|CAB75732|CAB75732.1	40.00	15	9	0	1	15	545	559	1.3	19.6
Seq9101_784_bp_-1_1_0	ENA|BAA05866|BAA05866.1	35.71	14	9	0	2	15	168	181	1.3	17.7
Seq9101_784_bp_-1_1_0	ENA|BAA32018|BAA32018.1	46.15	13	7	0	1	13	92	104	1.8	18.1
Seq9101_784_bp_-1_1_0	ENA|BAB17681|BAB17681.1	35.71	14	9	0	1	14	62	75	2.2	16.7
Seq9101_784_bp_-1_1_0	ENA|AAQ92751|AAQ92751.2	35.71	14	9	0	1	14	948	961	2.9	18.6
Seq9101_784_bp_-1_1_0	ENA|AAA18786|AAA18786.1	40.00	10	6	0	3	12	63	72	2.9	16.2
Seq9101_784_bp_-1_1_0	ENA|CAA29956|CAA29956.1	35.71	14	9	0	1	14	228	241	3	16.7
Seq9101_784_bp_-1_1_0	ENA|AAR31603|AAR31603.1	33.33	12	8	0	1	12	220	231	3.6	16.2
Seq9101_784_bp_-1_1_0	ENA|AAA36114|AAA36114.1	33.33	12	8	0	2	13	154	165	4	16.7
Seq9101_784_bp_-1_1_0	ENA|AAF79734|AAF79734.1	40.00	16	9	1	1	15	212	227	4.2	18.1
Seq9101_784_bp_-1_1_0	ENA|AAC97205|AAC97205.1	35.71	14	9	0	2	15	641	654	4.9	17.7
Seq9101_784_bp_-1_1_0	ENA|CAA11507|CAA11507.1	64.29	15	5	1	1	14	1285	1299	5.4	17.7
Seq9101_784_bp_-1_1_0	ENA|AAB03707|AAB03707.1	40.00	15	9	0	1	15	1211	1225	5.5	17.7
Seq9101_784_bp_-1_1_0	ENA|ACH70901|ACH70901.1	44.44	9	5	0	4	12	121	129	7.4	15.3
Seq9101_784_bp_-1_1_0	ENA|AAA25966|AAA25966.1	41.67	12	7	0	3	14	413	424	7.6	16.2
Seq9101_784_bp_-1_1_0	ENA|AAA36539|AAA36539.1	26.67	15	11	0	1	15	106	120	9.6	15.3
Seq9101_784_bp_-1_1_0	ENA|AAC78721|AAC78721.1	41.67	12	7	0	4	15	182	193	9.7	15.7
Seq9101_784_bp_-1_1_1	ENA|ACH70901|ACH70901.1	41.67	13	7	1	4	15	96	108	0.14	21.8
Seq9101_784_bp_-1_1_1	ENA|AAA18786|AAA18786.1	63.64	11	4	0	6	16	244	254	0.24	20.6
Seq9101_784_bp_-1_1_1	ENA|CCP43727|CCP43727.1	41.67	12	7	0	2	13	128	139	0.4	20.2
Seq9101_784_bp_-1_1_1	ENA|CAA24711|CAA24711.1	30.00	20	14	0	5	24	155	174	0.5	18.9
Seq9101_784_bp_-1_1_1	ENA|CAA29956|CAA29956.1	31.82	22	15	0	1	22	58	79	0.61	19.8
Seq9101_784_bp_-1_1_1	ENA|CAA36214|CAA36214.1	33.33	21	14	0	2	22	70	90	0.65	19.3
Seq9101_784_bp_-1_1_1	ENA|CAA73529|CAA73529.1	40.00	10	6	0	3	12	202	211	0.78	18.9
Seq9101_784_bp_-1_1_1	ENA|AAS77176|AAS77176.1	45.45	11	6	0	9	19	27	37	0.82	18.9
Seq9101_784_bp_-1_1_1	ENA|AAB66912|AAB66912.1	42.11	24	11	5	6	24	231	254	0.85	20.6
Seq9101_784_bp_-1_1_1	ENA|AAC49865|AAC49865.1	42.11	21	11	2	5	25	189	207	0.93	18.9
Seq9101_784_bp_-1_1_1	ENA|CAA45708|CAA45708.1	30.43	23	16	0	2	24	363	385	1.4	20.6
Seq9101_784_bp_-1_1_1	ENA|AAA25966|AAA25966.1	29.17	27	17	3	1	24	83	109	1.5	19.3
Seq9101_784_bp_-1_1_1	ENA|AAR37016|AAR37016.1	28.57	14	10	0	11	24	909	922	1.6	21.0
Seq9101_784_bp_-1_1_1	ENA|CAA11507|CAA11507.1	22.22	18	14	0	5	22	1006	1023	1.6	20.2
Seq9101_784_bp_-1_1_1	ENA|ABK71357|ABK71357.1	29.41	17	12	0	5	21	94	110	1.9	18.1
Seq9101_784_bp_-1_1_1	ENA|ABD49687|ABD49687.1	56.25	19	7	3	3	21	484	499	2.1	20.2
Seq9101_784_bp_-1_1_1	ENA|CAA45199|CAA45199.1	41.67	12	7	0	2	13	322	333	2.3	18.1
Seq9101_784_bp_-1_1_1	ENA|AAA36539|AAA36539.1	100.00	4	0	0	15	18	465	468	2.4	18.1
Seq9101_784_bp_-1_1_1	ENA|AAA42531|AAA42531.1	46.15	17	7	4	6	18	288	304	2.6	17.7
Seq9101_784_bp_-1_1_1	ENA|BAA32018|BAA32018.1	36.84	24	12	5	1	19	359	382	3.1	18.1
Seq9101_784_bp_-1_1_1	ENA|BAA32956|BAA32956.1	100.00	3	0	0	17	19	79	81	3.3	16.5
Seq9101_784_bp_-1_1_1	ENA|AAI27517|AAI27517.1	30.77	13	9	0	13	25	559	571	5.1	17.3
Seq9101_784_bp_-1_1_1	ENA|AAA24145|AAA24145.1	80.00	5	1	0	12	16	256	260	5.3	16.9
Seq9101_784_bp_-1_1_1	ENA|AAC40132|AAC40132.1	40.00	10	6	0	3	12	415	424	5.4	16.9
Seq9101_784_bp_-1_1_1	ENA|AAC97205|AAC97205.1	36.36	11	7	0	14	24	133	143	6	18.1
Seq9101_784_bp_-1_1_1	ENA|CAA26939|CAA26939.1	26.67	15	11	0	6	20	111	125	6.5	16.9
Seq9101_784_bp_-1_1_1	ENA|BAB79260|BAB79260.1	100.00	4	0	0	2	5	79	82	6.8	16.5
Seq9101_784_bp_-1_1_1	ENA|AAF79734|AAF79734.1	33.33	12	8	0	13	24	462	473	6.9	18.1
Seq9101_784_bp_-1_1_1	ENA|AAA32624|AAA32624.1	44.44	9	5	0	3	11	25	33	7.8	16.5
Seq9101_784_bp_-1_1_1	ENA|AAC17860|AAC17860.1	31.82	23	15	1	2	24	372	393	8.1	16.0
Seq9101_784_bp_-1_1_1	ENA|ABG75784|ABG75784.1	33.33	9	6	0	8	16	193	201	8.2	15.6
Seq9101_784_bp_-1_1_1	ENA|AAB03707|AAB03707.1	31.25	20	11	4	6	25	673	688	8.6	17.7
Seq9101_784_bp_-1_1_1	ENA|AAQ92751|AAQ92751.2	40.00	10	6	0	8	17	1056	1065	8.7	17.7
Seq9101_784_bp_-1_1_1	ENA|ABD33854|ABD33854.1	42.86	7	4	0	4	10	38	44	9.2	13.2
Seq9101_784_bp_-1_1_1	ENA|AAA36114|AAA36114.1	80.00	14	2	4	6	19	84	93	9.9	16.0
Seq9101_784_bp_-1_1_1	ENA|ABN10845|ABN10845.1	60.00	5	2	0	13	17	202	206	9.9	14.8
Seq9101_784_bp_-1_1_2	ENA|AAI27517|AAI27517.1	71.43	7	2	0	5	11	271	277	0.051	23.1
Seq9101_784_bp_-1_1_2	ENA|AAB66912|AAB66912.1	71.43	7	2	0	5	11	492	498	0.057	23.7
Seq9101_784_bp_-1_1_2	ENA|AAB03707|AAB03707.1	35.71	14	9	0	1	14	1304	1317	0.059	24.2
Seq9101_784_bp_-1_1_2	ENA|CAA28033|CAA28033.1	50.00	8	4	0	7	14	441	448	0.33	21.6
Seq9101_784_bp_-1_1_2	ENA|BAA05866|BAA05866.1	35.71	14	9	0	1	14	275	288	0.45	19.1
Seq9101_784_bp_-1_1_2	ENA|AAC08817|AAC08817.1	44.44	9	5	0	3	11	128	136	0.66	17.5
Seq9101_784_bp_-1_1_2	ENA|AAR31603|AAR31603.1	83.33	6	1	0	9	14	307	312	0.97	18.0
Seq9101_784_bp_-1_1_2	ENA|ABK71357|ABK71357.1	83.33	6	1	0	8	13	10	15	1.1	18.0
Seq9101_784_bp_-1_1_2	ENA|BAB17681|BAB17681.1	30.00	10	7	0	1	10	258	267	1.1	17.5
Seq9101_784_bp_-1_1_2	ENA|CAD53387|CAD53387.1	36.36	11	7	0	2	12	479	489	1.5	18.0
Seq9101_784_bp_-1_1_2	ENA|ABD33854|ABD33854.1	75.00	4	1	0	3	6	54	57	1.6	15.0
Seq9101_784_bp_-1_1_2	ENA|AAC17860|AAC17860.1	66.67	6	2	0	2	7	101	106	1.7	17.5
Seq9101_784_bp_-1_1_2	ENA|BAA32956|BAA32956.1	30.00	10	7	0	2	11	155	164	1.8	16.5
Seq9101_784_bp_-1_1_2	ENA|AAA24145|AAA24145.1	33.33	9	6	0	1	9	408	416	1.9	17.5
Seq9101_784_bp_-1_1_2	ENA|AAC26660|AAC26660.1	41.67	12	7	0	1	12	48	59	2.2	16.5
Seq9101_784_bp_-1_1_2	ENA|BAB79260|BAB79260.1	37.50	8	5	0	1	8	295	302	2.7	17.0
Seq9101_784_bp_-1_1_2	ENA|AAA36539|AAA36539.1	41.67	16	7	4	1	12	410	425	2.8	17.0
Seq9101_784_bp_-1_1_2	ENA|AAC40132|AAC40132.1	55.56	10	4	1	2	11	472	480	2.8	17.0
Seq9101_784_bp_-1_1_2	ENA|CAA29956|CAA29956.1	33.33	9	6	0	3	11	368	376	3.1	16.5
Seq9101_784_bp_-1_1_2	ENA|AAC97205|AAC97205.1	50.00	16	7	2	1	14	573	588	3.6	18.0
Seq9101_784_bp_-1_1_2	ENA|AAF79734|AAF79734.1	30.00	10	7	0	5	14	6	15	4.2	18.0
Seq9101_784_bp_-1_1_2	ENA|AAA36114|AAA36114.1	45.45	11	6	0	3	13	203	213	4.2	16.5
Seq9101_784_bp_-1_1_2	ENA|ACH70901|ACH70901.1	25.00	12	9	0	1	12	176	187	4.2	16.0
Seq9101_784_bp_-1_1_2	ENA|CAA11507|CAA11507.1	28.57	14	10	0	1	14	286	299	5.5	17.5
Seq9101_784_bp_-1_1_2	ENA|ACT10338|ACT10338.1	37.50	8	5	0	2	9	67	74	6.4	15.5
Seq9101_784_bp_-1_1_2	ENA|AAS77176|AAS77176.1	50.00	6	3	0	1	6	31	36	6.7	15.0
Seq9101_784_bp_-1_1_2	ENA|ABD49687|ABD49687.1	38.46	14	8	1	2	14	778	791	6.8	17.5
Seq9101_784_bp_-1_1_2	ENA|BAA32018|BAA32018.1	50.00	8	4	0	2	9	181	188	7.2	16.0
Seq9101_784_bp_-1_1_2	ENA|CAL82360|CAL82360.1	33.33	9	6	0	1	9	1059	1067	7.2	17.0
Seq9101_784_bp_-1_1_2	ENA|AAR37016|AAR37016.1	80.00	5	1	0	5	9	91	95	9.2	17.5
Seq9101_784_bp_-1_1_2	ENA|ABN10845|ABN10845.1	37.50	8	5	0	1	8	191	198	9.9	14.0
Seq9101_784_bp_-1_1_3	ENA|BAA32956|BAA32956.1	50.00	15	7	1	1	14	149	163	0.52	18.4
Seq9101_784_bp_-1_1_3	ENA|AAR31603|AAR31603.1	44.44	9	5	0	1	9	77	85	0.81	18.4
Seq9101_784_bp_-1_1_3	ENA|CAA45199|CAA45199.1	37.50	8	5	0	3	10	211	218	0.85	18.8
Seq9101_784_bp_-1_1_3	ENA|ABD49687|ABD49687.1	33.33	12	8	0	2	13	1472	1483	0.9	20.6
Seq9101_784_bp_-1_1_3	ENA|CAL82360|CAL82360.1	62.50	8	3	0	3	10	603	610	0.92	20.2
Seq9101_784_bp_-1_1_3	ENA|AAB96524|AAB96524.1	33.33	12	8	0	2	13	130	141	1.2	17.1
Seq9101_784_bp_-1_1_3	ENA|AAI27517|AAI27517.1	44.44	9	5	0	6	14	512	520	1.5	18.4
Seq9101_784_bp_-1_1_3	ENA|AAC26660|AAC26660.1	30.00	10	7	0	6	15	217	226	2.2	16.6
Seq9101_784_bp_-1_1_3	ENA|AAA18786|AAA18786.1	36.36	11	7	0	4	14	87	97	2.2	16.6
Seq9101_784_bp_-1_1_3	ENA|AAB26998|AAB26998.1	50.00	6	3	0	6	11	14	19	2.3	14.8
Seq9101_784_bp_-1_1_3	ENA|CAA73529|CAA73529.1	40.00	10	6	0	4	13	38	47	2.3	16.6
Seq9101_784_bp_-1_1_3	ENA|BAA36759|BAA36759.1	30.77	13	9	0	3	15	14	26	2.4	16.6
Seq9101_784_bp_-1_1_3	ENA|AAC49865|AAC49865.1	25.00	12	9	0	4	15	45	56	2.8	16.6
Seq9101_784_bp_-1_1_3	ENA|AAC17860|AAC17860.1	46.15	14	7	1	1	13	398	411	4.6	16.2
Seq9101_784_bp_-1_1_3	ENA|ACH70901|ACH70901.1	45.45	11	6	0	3	13	151	161	5.5	15.7
Seq9101_784_bp_-1_1_3	ENA|ABK71357|ABK71357.1	50.00	8	4	0	6	13	143	150	5.6	15.7
Seq9101_784_bp_-1_1_3	ENA|AAA24145|AAA24145.1	66.67	6	2	0	5	10	456	461	6.9	15.7
Seq9101_784_bp_-1_1_3	ENA|AAC97205|AAC97205.1	33.33	12	8	0	4	15	258	269	7.3	17.1
Seq9101_784_bp_-1_1_3	ENA|CAD53387|CAD53387.1	50.00	12	6	0	4	15	463	474	7.5	15.7
Seq9101_784_bp_-1_1_3	ENA|AAB66912|AAB66912.1	50.00	14	6	2	4	15	583	596	7.5	16.6
Seq9101_784_bp_-1_1_3	ENA|AAC08817|AAC08817.1	57.14	7	3	0	8	14	49	55	8	13.9
Seq9101_784_bp_-1_1_3	ENA|AAF79734|AAF79734.1	44.44	9	5	0	3	11	960	968	8.5	17.1
Seq9101_784_bp_-1_1_3	ENA|CCP43727|CCP43727.1	44.44	9	5	0	7	15	108	116	8.9	14.8
Seq9101_784_bp_-1_1_3	ENA|BAB79260|BAB79260.1	38.46	13	8	0	3	15	404	416	9.1	15.3
Seq9101_784_bp_-1_1_3	ENA|BAA32018|BAA32018.1	44.44	9	5	0	4	12	468	476	9.2	15.7
Seq9101_784_bp_-1_1_3	ENA|AAA36539|AAA36539.1	50.00	8	4	0	7	14	463	470	9.5	15.3
Seq9101_784_bp_-1_1_4	ENA|CAA36214|CAA36214.1	25.00	28	21	0	1	28	146	173	0.028	24.3
Seq9101_784_bp_-1_1_4	ENA|AAI27517|AAI27517.1	42.11	21	11	2	11	31	410	428	0.32	21.8
Seq9101_784_bp_-1_1_4	ENA|CAA36714|CAA36714.1	40.00	20	12	0	2	21	127	146	0.32	21.4
Seq9101_784_bp_-1_1_4	ENA|CAA26939|CAA26939.1	22.58	31	24	0	2	32	60	90	0.4	21.4
Seq9101_784_bp_-1_1_4	ENA|AAQ92751|AAQ92751.2	46.67	15	8	0	8	22	1019	1033	0.45	22.5
Seq9101_784_bp_-1_1_4	ENA|ABK71357|ABK71357.1	38.10	22	13	1	7	28	145	165	0.55	20.3
Seq9101_784_bp_-1_1_4	ENA|AAR37016|AAR37016.1	25.00	24	18	0	4	27	2287	2310	1.3	21.8
Seq9101_784_bp_-1_1_4	ENA|CAA29968|CAA29968.1	66.67	6	2	0	15	20	96	101	2.1	17.4
Seq9101_784_bp_-1_1_4	ENA|AAC08817|AAC08817.1	33.33	15	10	0	6	20	127	141	2.2	17.1
Seq9101_784_bp_-1_1_4	ENA|AAC40132|AAC40132.1	33.33	15	10	0	1	15	382	396	2.4	18.5
Seq9101_784_bp_-1_1_4	ENA|ABG75784|ABG75784.1	35.71	14	9	0	16	29	85	98	2.6	17.8
Seq9101_784_bp_-1_1_4	ENA|BAA32956|BAA32956.1	38.10	22	13	1	4	25	152	172	2.9	17.1
Seq9101_784_bp_-1_1_4	ENA|ABD49687|ABD49687.1	29.17	24	17	0	3	26	510	533	3.2	20.0
Seq9101_784_bp_-1_1_4	ENA|AAC26660|AAC26660.1	23.53	17	13	0	13	29	181	197	3.5	17.1
Seq9101_784_bp_-1_1_4	ENA|CAA45708|CAA45708.1	50.00	19	9	1	14	31	1198	1216	3.6	19.6
Seq9101_784_bp_-1_1_4	ENA|AAC97205|AAC97205.1	42.86	14	8	0	13	26	14	27	3.8	19.2
Seq9101_784_bp_-1_1_4	ENA|BAB79260|BAB79260.1	25.00	30	21	2	3	30	82	111	3.8	17.8
Seq9101_784_bp_-1_1_4	ENA|CCP43727|CCP43727.1	21.88	32	25	0	3	34	221	252	4.5	17.1
Seq9101_784_bp_-1_1_4	ENA|CAL82360|CAL82360.1	22.58	33	24	2	2	34	725	755	5	18.9
Seq9101_784_bp_-1_1_4	ENA|AAA36539|AAA36539.1	24.14	29	22	0	3	31	415	443	5	17.4
Seq9101_784_bp_-1_1_4	ENA|CAA11507|CAA11507.1	35.48	32	20	1	3	34	823	853	5.3	18.9
Seq9101_784_bp_-1_1_4	ENA|AAA25966|AAA25966.1	28.00	25	18	0	3	27	138	162	5.9	17.8
Seq9101_784_bp_-1_1_4	ENA|AAA24145|AAA24145.1	29.41	17	12	0	4	20	38	54	7.8	16.7
Seq9101_784_bp_-1_1_4	ENA|ABD33854|ABD33854.1	16.67	18	15	0	2	19	22	39	8	13.8
Seq9101_784_bp_-1_1_4	ENA|BAA32018|BAA32018.1	29.17	25	17	1	3	27	382	405	8.2	17.1
Seq9101_784_bp_-1_1_4	ENA|CAA26023|CAA26023.1	27.78	18	13	0	13	30	159	176	8.3	16.3
Seq9101_784_bp_-1_1_4	ENA|AAB03707|AAB03707.1	40.00	15	9	0	2	16	344	358	8.5	18.2
Seq9101_784_bp_-1_1_4	ENA|AAA36114|AAA36114.1	24.14	29	22	0	4	32	405	433	8.6	16.7
Seq9101_784_bp_-1_1_4	ENA|AAC78721|AAC78721.1	19.23	26	21	0	9	34	99	124	8.8	17.1
Seq9101_784_bp_-1_1_5	ENA|ABK71357|ABK71357.1	27.59	29	21	0	1	29	2	30	0.44	20.4
Seq9101_784_bp_-1_1_5	ENA|CAL82360|CAL82360.1	39.13	23	14	0	4	26	247	269	0.54	21.9
Seq9101_784_bp_-1_1_5	ENA|AAA24145|AAA24145.1	33.33	21	14	0	9	29	288	308	0.7	20.1
Seq9101_784_bp_-1_1_5	ENA|ABG75784|ABG75784.1	33.33	18	12	0	10	27	12	29	2.2	17.8
Seq9101_784_bp_-1_1_5	ENA|AAC78721|AAC78721.1	43.75	16	9	0	11	26	114	129	2.8	18.6
Seq9101_784_bp_-1_1_5	ENA|CAA26939|CAA26939.1	23.08	26	20	0	3	28	49	74	3.1	18.2
Seq9101_784_bp_-1_1_5	ENA|AAC49865|AAC49865.1	24.00	25	19	0	2	26	109	133	3.8	17.1
Seq9101_784_bp_-1_1_5	ENA|CAB75732|CAB75732.1	20.83	24	19	0	1	24	266	289	4.8	18.6
Seq9101_784_bp_-1_1_5	ENA|BAA32956|BAA32956.1	46.15	13	7	0	1	13	85	97	6.6	15.6
Seq9101_784_bp_-1_1_5	ENA|AAB03707|AAB03707.1	33.33	24	16	0	4	27	48	71	7.2	18.2
Seq9101_784_bp_-1_1_5	ENA|CAA73529|CAA73529.1	27.27	22	16	0	3	24	115	136	8.5	15.6
Seq9101_784_bp_-1_1_5	ENA|AAA32624|AAA32624.1	36.84	20	12	1	3	21	190	209	9.6	16.3
Seq9101_784_bp_-1_1_5	ENA|EDO47375|EDO47375.1	36.84	19	12	0	10	28	93	111	9.6	14.9
Seq9101_784_bp_-1_1_6	ENA|CAL82360|CAL82360.1	42.86	16	8	2	3	16	1281	1296	0.15	22.9
Seq9101_784_bp_-1_1_6	ENA|CAA26023|CAA26023.1	35.71	14	9	0	1	14	128	141	0.19	20.9
Seq9101_784_bp_-1_1_6	ENA|AAI27517|AAI27517.1	53.85	14	6	1	2	14	471	484	0.2	21.4
Seq9101_784_bp_-1_1_6	ENA|BAA32956|BAA32956.1	66.67	9	3	0	6	14	164	172	0.3	19.3
Seq9101_784_bp_-1_1_6	ENA|ACH70901|ACH70901.1	55.56	9	4	0	6	14	263	271	0.36	19.8
Seq9101_784_bp_-1_1_6	ENA|ABK71357|ABK71357.1	50.00	10	5	0	6	15	98	107	0.37	19.8
Seq9101_784_bp_-1_1_6	ENA|AAR37016|AAR37016.1	50.00	10	5	0	6	15	1573	1582	0.56	21.9
Seq9101_784_bp_-1_1_6	ENA|AAS77176|AAS77176.1	45.45	12	6	1	4	14	148	159	0.58	18.8
Seq9101_784_bp_-1_1_6	ENA|AAB03707|AAB03707.1	45.45	11	6	0	1	11	557	567	0.67	20.9
Seq9101_784_bp_-1_1_6	ENA|AAQ92751|AAQ92751.2	33.33	15	10	0	1	15	1216	1230	0.67	20.9
Seq9101_784_bp_-1_1_6	ENA|ABD49687|ABD49687.1	36.36	11	7	0	2	12	234	244	0.83	20.9
Seq9101_784_bp_-1_1_6	ENA|ABD49687|ABD49687.1	57.14	7	3	0	5	11	1056	1062	0.83	20.9
Seq9101_784_bp_-1_1_6	ENA|CAA29956|CAA29956.1	44.44	9	5	0	7	15	137	145	1.1	18.3
Seq9101_784_bp_-1_1_6	ENA|CAA28033|CAA28033.1	25.00	12	9	0	1	12	1302	1313	1.3	19.8
Seq9101_784_bp_-1_1_6	ENA|AAA25966|AAA25966.1	60.00	5	2	0	11	15	122	126	1.4	18.8
Seq9101_784_bp_-1_1_6	ENA|BAB17681|BAB17681.1	42.86	7	4	0	4	10	187	193	1.6	17.3
Seq9101_784_bp_-1_1_6	ENA|AAC08817|AAC08817.1	50.00	6	3	0	9	14	82	87	1.8	16.2
Seq9101_784_bp_-1_1_6	ENA|AAC78721|AAC78721.1	57.14	7	3	0	9	15	67	73	1.9	18.3
Seq9101_784_bp_-1_1_6	ENA|CAA26939|CAA26939.1	75.00	4	1	0	3	6	444	447	2.3	17.8
Seq9101_784_bp_-1_1_6	ENA|AAC97205|AAC97205.1	38.46	14	8	1	2	14	756	769	2.4	18.8
Seq9101_784_bp_-1_1_6	ENA|CAA43419|CAA43419.1	57.14	7	3	0	7	13	343	349	3	16.7
Seq9101_784_bp_-1_1_6	ENA|BAA36759|BAA36759.1	36.36	12	7	1	4	15	17	27	4.7	15.7
Seq9101_784_bp_-1_1_6	ENA|BAB79260|BAB79260.1	30.77	13	9	0	4	16	442	454	5.2	16.2
Seq9101_784_bp_-1_1_6	ENA|AAB26998|AAB26998.1	50.00	4	2	0	2	5	45	48	5.3	13.7
Seq9101_784_bp_-1_1_6	ENA|AAR31603|AAR31603.1	60.00	5	2	0	4	8	103	107	5.3	15.7
Seq9101_784_bp_-1_1_6	ENA|AAA32624|AAA32624.1	57.14	9	3	2	3	11	476	482	5.9	16.2
Seq9101_784_bp_-1_1_6	ENA|CAA45708|CAA45708.1	50.00	8	4	0	6	13	1030	1037	5.9	17.8
Seq9101_784_bp_-1_1_6	ENA|AAA18786|AAA18786.1	42.86	7	4	0	1	7	192	198	6.1	15.2
Seq9101_784_bp_-1_1_6	ENA|AAB66912|AAB66912.1	36.36	11	7	0	4	14	165	175	7.3	16.7
Seq9101_784_bp_-1_1_6	ENA|CAA11507|CAA11507.1	37.50	8	5	0	3	10	543	550	7.5	17.3
Seq9101_784_bp_-1_1_6	ENA|AAA36539|AAA36539.1	38.46	13	8	0	4	16	227	239	7.6	15.7
Seq9101_784_bp_-1_1_6	ENA|CAA24711|CAA24711.1	66.67	3	1	0	10	12	21	23	7.9	14.2
Seq9101_784_bp_-1_1_6	ENA|ACT10338|ACT10338.1	35.71	16	9	2	1	14	358	373	8.7	15.2
Seq9101_784_bp_-1_1_6	ENA|CAA73529|CAA73529.1	21.43	14	11	0	1	14	244	257	8.7	14.7
Seq9101_784_bp_-1_1_6	ENA|AAC17860|AAC17860.1	37.50	8	5	0	2	9	314	321	9.2	15.2
Seq9101_784_bp_-1_1_6	ENA|CAA36214|CAA36214.1	28.57	7	5	0	4	10	174	180	9.6	14.7
Seq9101_784_bp_-1_1_6	ENA|BAA05866|BAA05866.1	100.00	4	0	0	5	8	126	129	9.7	14.7
Seq9101_784_bp_-1_1_7	ENA|BAA32956|BAA32956.1	63.64	12	4	1	6	16	116	127	1.6	16.9
Seq9101_784_bp_-1_1_7	ENA|AAA25966|AAA25966.1	37.50	16	10	0	1	16	258	273	2	18.3
Seq9101_784_bp_-1_1_7	ENA|CAA26939|CAA26939.1	58.33	12	5	0	1	12	94	105	2.2	17.8
Seq9101_784_bp_-1_1_7	ENA|CAA36714|CAA36714.1	33.33	12	8	0	5	16	348	359	3.4	16.9
Seq9101_784_bp_-1_1_7	ENA|AAB96524|AAB96524.1	38.46	13	8	0	4	16	169	181	3.6	15.5
Seq9101_784_bp_-1_1_7	ENA|AAA18786|AAA18786.1	31.25	16	11	0	1	16	9	24	3.7	16.0
Seq9101_784_bp_-1_1_7	ENA|CAA28033|CAA28033.1	46.15	13	7	0	4	16	1078	1090	4.9	17.8
Seq9101_784_bp_-1_1_7	ENA|AAC78721|AAC78721.1	55.56	9	4	0	2	10	607	615	9	16.0
Seq9101_784_bp_-1_1_8	ENA|AAR31603|AAR31603.1	38.10	22	13	1	8	29	237	257	0.45	20.3
Seq9101_784_bp_-1_1_8	ENA|BAA32956|BAA32956.1	33.33	28	18	1	2	29	85	111	0.59	19.2
Seq9101_784_bp_-1_1_8	ENA|AAA25966|AAA25966.1	39.13	26	14	3	6	28	652	677	0.6	21.0
Seq9101_784_bp_-1_1_8	ENA|AAA36539|AAA36539.1	47.62	23	11	2	1	21	369	391	0.64	20.3
Seq9101_784_bp_-1_1_8	ENA|AAC08817|AAC08817.1	35.00	20	13	0	1	20	136	155	0.9	18.2
Seq9101_784_bp_-1_1_8	ENA|AAB03707|AAB03707.1	44.00	27	14	2	6	30	1003	1029	1.1	21.0
Seq9101_784_bp_-1_1_8	ENA|AAC49865|AAC49865.1	33.33	27	16	3	5	28	83	109	1.2	18.9
Seq9101_784_bp_-1_1_8	ENA|CAD53387|CAD53387.1	35.00	21	13	1	11	30	59	79	1.8	18.9
Seq9101_784_bp_-1_1_8	ENA|AAC97205|AAC97205.1	22.22	27	21	0	4	30	474	500	2.7	19.6
Seq9101_784_bp_-1_1_8	ENA|AAB66912|AAB66912.1	33.33	18	12	0	1	18	918	935	3.2	18.9
Seq9101_784_bp_-1_1_8	ENA|CAA36214|CAA36214.1	25.00	24	18	0	7	30	25	48	3.5	17.1
Seq9101_784_bp_-1_1_8	ENA|ABD49687|ABD49687.1	40.00	26	15	1	6	30	109	134	3.7	19.6
Seq9101_784_bp_-1_1_8	ENA|AAI27517|AAI27517.1	33.33	25	16	1	3	26	92	116	4.2	17.8
Seq9101_784_bp_-1_1_8	ENA|ACT10338|ACT10338.1	37.04	31	17	4	1	27	140	170	4.5	17.1
Seq9101_784_bp_-1_1_8	ENA|EDO47375|EDO47375.1	55.56	9	4	0	8	16	47	55	4.5	16.1
Seq9101_784_bp_-1_1_8	ENA|ABK71357|ABK71357.1	31.03	34	20	5	1	29	303	336	5.4	16.8
Seq9101_784_bp_-1_1_8	ENA|CAA26023|CAA26023.1	36.00	29	16	4	1	26	278	305	5.6	16.8
Seq9101_784_bp_-1_1_8	ENA|AAC26660|AAC26660.1	24.14	29	22	0	1	29	119	147	6	16.1
Seq9101_784_bp_-1_1_8	ENA|AAR37016|AAR37016.1	38.10	21	13	0	2	22	1680	1700	6.3	19.2
Seq9101_784_bp_-1_1_8	ENA|AAF79734|AAF79734.1	36.84	19	12	0	9	27	903	921	6.3	18.5
Seq9101_784_bp_-1_1_8	ENA|BAA36759|BAA36759.1	30.43	23	16	0	8	30	239	261	6.8	16.1
Seq9101_784_bp_-1_1_8	ENA|AAS77176|AAS77176.1	45.45	11	6	0	11	21	76	86	6.8	16.1
Seq9101_784_bp_-1_1_8	ENA|CAA45708|CAA45708.1	60.00	10	4	0	5	14	706	715	8.2	18.2
Seq9101_784_bp_-1_1_8	ENA|AAB96524|AAB96524.1	44.44	9	5	0	3	11	23	31	8.8	15.0
Seq9101_784_bp_-1_1_8	ENA|AAQ92751|AAQ92751.2	31.82	22	15	0	2	23	884	905	9.4	17.8
Seq9101_784_bp_-1_2_0	ENA|CAA45199|CAA45199.1	29.41	17	12	0	2	18	385	401	0.17	21.6
Seq9101_784_bp_-1_2_0	ENA|CAA45708|CAA45708.1	36.84	20	12	1	1	20	321	339	0.54	21.6
Seq9101_784_bp_-1_2_0	ENA|CAL82360|CAL82360.1	50.00	15	6	3	2	13	460	474	0.62	21.2
Seq9101_784_bp_-1_2_0	ENA|AAF79734|AAF79734.1	40.00	20	12	0	1	20	259	278	0.7	21.2
Seq9101_784_bp_-1_2_0	ENA|CAD53387|CAD53387.1	27.78	18	13	0	1	18	476	493	0.87	19.3
Seq9101_784_bp_-1_2_0	ENA|BAA36759|BAA36759.1	62.50	8	3	0	1	8	53	60	0.95	18.4
Seq9101_784_bp_-1_2_0	ENA|CCP43727|CCP43727.1	60.00	10	4	0	10	19	322	331	1.1	18.4
Seq9101_784_bp_-1_2_0	ENA|AAB26998|AAB26998.1	30.00	10	7	0	1	10	46	55	1.3	16.1
Seq9101_784_bp_-1_2_0	ENA|AAS77176|AAS77176.1	45.45	11	6	0	7	17	40	50	1.3	17.9
Seq9101_784_bp_-1_2_0	ENA|AAC26660|AAC26660.1	22.22	18	14	0	2	19	186	203	2.2	17.0
Seq9101_784_bp_-1_2_0	ENA|ACT10338|ACT10338.1	50.00	8	4	0	1	8	118	125	2.4	17.5
Seq9101_784_bp_-1_2_0	ENA|AAB96524|AAB96524.1	23.08	13	10	0	1	13	57	69	3	16.1
Seq9101_784_bp_-1_2_0	ENA|CAA29968|CAA29968.1	55.56	10	4	1	1	10	98	106	3.1	16.1
Seq9101_784_bp_-1_2_0	ENA|AAC08817|AAC08817.1	42.86	7	4	0	4	10	81	87	3.4	15.6
Seq9101_784_bp_-1_2_0	ENA|AAC17860|AAC17860.1	42.86	16	8	2	2	15	349	364	3.4	17.0
Seq9101_784_bp_-1_2_0	ENA|CAB75732|CAB75732.1	37.50	16	10	0	4	19	416	431	3.7	18.4
Seq9101_784_bp_-1_2_0	ENA|AAC49865|AAC49865.1	50.00	10	5	0	10	19	205	214	3.8	16.6
Seq9101_784_bp_-1_2_0	ENA|ABD49687|ABD49687.1	35.29	20	11	3	2	18	750	769	4	18.9
Seq9101_784_bp_-1_2_0	ENA|CAA28033|CAA28033.1	40.00	10	6	0	2	11	44	53	4.2	18.4
Seq9101_784_bp_-1_2_0	ENA|ABD33854|ABD33854.1	37.50	8	5	0	2	9	44	51	4.9	13.8
Seq9101_784_bp_-1_2_0	ENA|AAA32624|AAA32624.1	46.67	17	8	2	3	19	2	16	5.9	16.6
Seq9101_784_bp_-1_2_0	ENA|AAB03707|AAB03707.1	11.11	18	16	0	2	19	825	842	6	17.9
Seq9101_784_bp_-1_2_0	ENA|CAA24711|CAA24711.1	50.00	6	3	0	4	9	162	167	6.9	14.7
Seq9101_784_bp_-1_2_0	ENA|AAR31603|AAR31603.1	75.00	4	1	0	1	4	121	124	7	15.6
Seq9101_784_bp_-1_2_0	ENA|AAB66912|AAB66912.1	66.67	6	2	0	5	10	936	941	7.5	17.0
Seq9101_784_bp_-1_2_0	ENA|BAB17681|BAB17681.1	57.14	7	3	0	4	10	67	73	7.9	15.2
Seq9101_784_bp_-1_2_0	ENA|BAA32956|BAA32956.1	53.85	16	6	3	2	15	28	42	8.3	14.7
Seq9101_784_bp_-1_2_0	ENA|ABN10845|ABN10845.1	44.44	9	5	0	8	16	130	138	8.6	14.7
Seq9101_784_bp_-1_2_0	ENA|CAA26939|CAA26939.1	18.75	16	13	0	4	19	37	52	8.6	16.1
Seq9101_784_bp_-1_2_0	ENA|AAA24145|AAA24145.1	75.00	4	1	0	2	5	312	315	9.5	15.6
Seq9101_784_bp_-1_2_0	ENA|AAR37016|AAR37016.1	31.25	17	11	1	1	17	243	258	9.8	17.9
Seq9101_784_bp_-1_2_1	ENA|ABN10845|ABN10845.1	50.00	4	2	0	3	6	107	110	0.72	17.5
Seq9101_784_bp_-1_2_1	ENA|CAA45708|CAA45708.1	55.56	9	4	0	2	10	964	972	0.73	20.3
Seq9101_784_bp_-1_2_1	ENA|CAA36214|CAA36214.1	57.14	7	3	0	1	7	170	176	0.73	18.0
Seq9101_784_bp_-1_2_1	ENA|AAQ92751|AAQ92751.2	33.33	9	6	0	2	10	1244	1252	0.92	19.9
Seq9101_784_bp_-1_2_1	ENA|CAA26023|CAA26023.1	66.67	3	1	0	3	5	163	165	1.7	17.1
Seq9101_784_bp_-1_2_1	ENA|BAA32956|BAA32956.1	50.00	6	3	0	2	7	24	29	1.8	16.1
Seq9101_784_bp_-1_2_1	ENA|AAB26998|AAB26998.1	50.00	6	3	0	1	6	10	15	2.5	14.3
Seq9101_784_bp_-1_2_1	ENA|CAA36714|CAA36714.1	100.00	2	0	0	4	5	435	436	2.9	16.6
Seq9101_784_bp_-1_2_1	ENA|AAA36539|AAA36539.1	100.00	2	0	0	4	5	332	333	3	16.6
Seq9101_784_bp_-1_2_1	ENA|AAB66912|AAB66912.1	44.44	9	5	0	3	11	234	242	4.2	17.1
Seq9101_784_bp_-1_2_1	ENA|CAA28033|CAA28033.1	40.00	10	6	0	1	10	1114	1123	4.2	17.5
Seq9101_784_bp_-1_2_1	ENA|AAA25966|AAA25966.1	100.00	2	0	0	4	5	323	324	4.5	16.6
Seq9101_784_bp_-1_2_1	ENA|BAB79260|BAB79260.1	42.86	7	4	0	3	9	420	426	5.3	15.7
Seq9101_784_bp_-1_2_1	ENA|AAR37016|AAR37016.1	50.00	10	5	0	1	10	1148	1157	5.5	18.0
Seq9101_784_bp_-1_2_1	ENA|AAA32624|AAA32624.1	60.00	5	2	0	3	7	396	400	6.1	15.7
Seq9101_784_bp_-1_2_1	ENA|CCP43727|CCP43727.1	60.00	5	2	0	3	7	135	139	7.2	14.7
Seq9101_784_bp_-1_2_1	ENA|ACH70901|ACH70901.1	60.00	5	2	0	3	7	102	106	7.8	14.7
Seq9101_784_bp_-1_2_1	ENA|BAB17681|BAB17681.1	42.86	7	4	0	5	11	111	117	8.2	14.3
Seq9101_784_bp_-1_2_1	ENA|ACT10338|ACT10338.1	37.50	8	5	0	4	11	119	126	8.4	14.7
Seq9101_784_bp_-1_2_1	ENA|CAA24711|CAA24711.1	37.50	8	5	0	1	8	19	26	9.7	13.3
Seq9101_784_bp_-1_2_2	ENA|AAA18786|AAA18786.1	23.08	13	10	0	1	13	25	37	0.51	18.6
Seq9101_784_bp_-1_2_2	ENA|AAA36539|AAA36539.1	80.00	5	1	0	1	5	19	23	0.91	18.6
Seq9101_784_bp_-1_2_2	ENA|AAA25966|AAA25966.1	38.46	13	8	0	1	13	441	453	0.96	19.1
Seq9101_784_bp_-1_2_2	ENA|CAA45708|CAA45708.1	50.00	10	5	0	3	12	350	359	2	19.1
Seq9101_784_bp_-1_2_2	ENA|BAB17681|BAB17681.1	30.00	10	7	0	4	13	79	88	3.1	16.0
Seq9101_784_bp_-1_2_2	ENA|AAA32624|AAA32624.1	37.50	8	5	0	4	11	397	404	4.1	16.5
Seq9101_784_bp_-1_2_2	ENA|AAC17860|AAC17860.1	71.43	7	2	0	6	12	149	155	4.6	16.0
Seq9101_784_bp_-1_2_2	ENA|BAA05866|BAA05866.1	27.27	11	8	0	1	11	229	239	5	15.4
Seq9101_784_bp_-1_2_2	ENA|CCP43727|CCP43727.1	20.00	10	8	0	4	13	138	147	5.3	15.4
Seq9101_784_bp_-1_2_2	ENA|CAA24711|CAA24711.1	44.44	9	5	0	4	12	15	23	5.7	14.4
Seq9101_784_bp_-1_2_2	ENA|BAA32991|BAA32991.1	50.00	6	3	0	4	9	32	37	6.6	12.8
Seq9101_784_bp_-1_2_2	ENA|AAA72732|AAA72732.1	33.33	12	8	0	2	13	48	59	7.1	14.9
Seq9101_784_bp_-1_2_2	ENA|CAA11507|CAA11507.1	44.44	9	5	0	3	11	313	321	7.3	17.0
Seq9101_784_bp_-1_2_2	ENA|AAC08817|AAC08817.1	40.00	10	6	0	3	12	142	151	7.3	13.9
Seq9101_784_bp_-1_2_2	ENA|AAF79734|AAF79734.1	44.44	9	5	0	2	10	656	664	7.7	17.0
Seq9101_784_bp_-1_2_2	ENA|AAC26660|AAC26660.1	33.33	9	6	0	1	9	37	45	8.2	14.4
Seq9101_784_bp_-1_2_2	ENA|CAA29956|CAA29956.1	30.77	13	9	0	1	13	343	355	8.4	14.9
Seq9101_784_bp_-1_2_2	ENA|AAB96524|AAB96524.1	28.57	7	5	0	1	7	165	171	8.5	13.9
Seq9101_784_bp_-1_2_2	ENA|ACT10338|ACT10338.1	66.67	6	2	0	1	6	295	300	8.7	14.9
Seq9101_784_bp_-1_2_2	ENA|AAI27517|AAI27517.1	40.00	5	3	0	1	5	179	183	9.1	15.4
Seq9101_784_bp_-1_2_3	ENA|BAA36759|BAA36759.1	47.37	21	10	2	8	28	47	65	0.31	20.6
Seq9101_784_bp_-1_2_3	ENA|AAC78721|AAC78721.1	31.58	19	13	0	9	27	396	414	0.43	21.4
Seq9101_784_bp_-1_2_3	ENA|ABN10845|ABN10845.1	40.00	15	9	0	15	29	130	144	0.52	19.5
Seq9101_784_bp_-1_2_3	ENA|AAA42531|AAA42531.1	28.00	25	18	0	2	26	316	340	0.71	19.8
Seq9101_784_bp_-1_2_3	ENA|CCP43727|CCP43727.1	37.04	32	17	5	1	27	205	236	1.3	18.7
Seq9101_784_bp_-1_2_3	ENA|AAA36539|AAA36539.1	35.29	17	11	0	13	29	249	265	1.5	19.1
Seq9101_784_bp_-1_2_3	ENA|CAA36214|CAA36214.1	24.14	29	22	0	2	30	119	147	1.6	18.3
Seq9101_784_bp_-1_2_3	ENA|CAB75732|CAB75732.1	23.33	31	23	1	1	30	406	436	2.1	19.8
Seq9101_784_bp_-1_2_3	ENA|ABK71357|ABK71357.1	38.10	23	13	2	2	24	99	119	2.5	17.9
Seq9101_784_bp_-1_2_3	ENA|AAF79734|AAF79734.1	46.67	15	8	0	6	20	714	728	2.6	19.8
Seq9101_784_bp_-1_2_3	ENA|CAA36714|CAA36714.1	32.00	26	17	1	3	27	170	195	3.1	17.9
Seq9101_784_bp_-1_2_3	ENA|AAC40132|AAC40132.1	33.33	25	16	1	4	28	223	246	3.2	17.9
Seq9101_784_bp_-1_2_3	ENA|CAA29956|CAA29956.1	36.84	19	12	0	7	25	65	83	3.3	17.6
Seq9101_784_bp_-1_2_3	ENA|BAA32991|BAA32991.1	36.36	11	7	0	10	20	11	21	4.9	14.5
Seq9101_784_bp_-1_2_3	ENA|AAA18786|AAA18786.1	35.29	17	11	0	12	28	158	174	5.1	16.4
Seq9101_784_bp_-1_2_3	ENA|CAA24711|CAA24711.1	45.45	11	6	0	4	14	8	18	5.5	15.6
Seq9101_784_bp_-1_2_3	ENA|AAA36114|AAA36114.1	40.00	21	12	1	6	26	315	334	5.7	17.2
Seq9101_784_bp_-1_2_3	ENA|AAC17860|AAC17860.1	25.00	24	18	0	5	28	95	118	5.9	16.8
Seq9101_784_bp_-1_2_3	ENA|EDO47375|EDO47375.1	21.05	19	15	0	9	27	78	96	6	15.6
Seq9101_784_bp_-1_2_3	ENA|AAB66912|AAB66912.1	28.57	21	15	0	4	24	305	325	6.1	17.9
Seq9101_784_bp_-1_2_3	ENA|AAC49865|AAC49865.1	40.00	25	12	5	8	27	44	68	6.1	16.4
Seq9101_784_bp_-1_2_3	ENA|BAA32018|BAA32018.1	36.84	19	12	0	4	22	582	600	6.9	17.2
Seq9101_784_bp_-1_2_3	ENA|AAB26998|AAB26998.1	32.14	30	19	2	1	28	15	44	7.1	14.1
Seq9101_784_bp_-1_2_3	ENA|CAL82360|CAL82360.1	21.74	25	18	2	7	29	549	573	8.2	17.9
Seq9101_784_bp_-1_2_3	ENA|AAI27517|AAI27517.1	35.71	14	9	0	10	23	290	303	8.3	16.8
Seq9101_784_bp_-1_2_3	ENA|CAA43419|CAA43419.1	30.00	20	14	0	3	22	307	326	8.7	16.0
Seq9101_784_bp_-1_2_3	ENA|AAQ92751|AAQ92751.2	43.75	16	9	0	4	19	838	853	8.8	17.9
Seq9101_784_bp_-1_2_4	ENA|AAA25966|AAA25966.1	36.84	20	12	1	1	19	111	130	0.54	20.5
Seq9101_784_bp_-1_2_4	ENA|ABN10845|ABN10845.1	38.46	13	8	0	1	13	105	117	0.58	18.6
Seq9101_784_bp_-1_2_4	ENA|ACH70901|ACH70901.1	31.25	16	11	0	3	18	133	148	1.6	17.9
Seq9101_784_bp_-1_2_4	ENA|BAA32991|BAA32991.1	40.00	10	6	0	9	18	19	28	2.3	14.9
Seq9101_784_bp_-1_2_4	ENA|CAA29968|CAA29968.1	66.67	6	2	0	8	13	184	189	3.9	15.7
Seq9101_784_bp_-1_2_4	ENA|CCP43727|CCP43727.1	55.56	9	4	0	4	12	136	144	5	16.1
Seq9101_784_bp_-1_2_5	ENA|CAA26939|CAA26939.1	43.33	34	17	4	4	35	15	46	0.057	24.5
Seq9101_784_bp_-1_2_5	ENA|AAI27517|AAI27517.1	33.33	37	22	4	1	34	378	413	0.3	22.1
Seq9101_784_bp_-1_2_5	ENA|AAR37016|AAR37016.1	28.57	35	25	0	6	40	132	166	0.37	23.8
Seq9101_784_bp_-1_2_5	ENA|CAA45199|CAA45199.1	32.35	37	23	3	5	38	205	241	0.49	21.1
Seq9101_784_bp_-1_2_5	ENA|AAC26660|AAC26660.1	35.29	42	22	8	2	37	90	129	0.67	19.8
Seq9101_784_bp_-1_2_5	ENA|AAB66912|AAB66912.1	33.33	36	22	3	1	33	238	273	0.76	21.5
Seq9101_784_bp_-1_2_5	ENA|AAA32624|AAA32624.1	26.92	26	19	0	1	26	400	425	0.86	20.4
Seq9101_784_bp_-1_2_5	ENA|AAB26998|AAB26998.1	24.24	36	25	3	3	35	10	45	1.1	17.4
Seq9101_784_bp_-1_2_5	ENA|AAC97205|AAC97205.1	31.25	36	22	4	1	36	432	463	1.3	21.1
Seq9101_784_bp_-1_2_5	ENA|BAA05866|BAA05866.1	29.03	33	22	2	9	40	144	175	1.3	19.1
Seq9101_784_bp_-1_2_5	ENA|AAC78721|AAC78721.1	30.00	41	28	1	1	41	59	98	1.8	19.8
Seq9101_784_bp_-1_2_5	ENA|AAA36539|AAA36539.1	32.14	34	19	6	13	40	10	43	2	19.1
Seq9101_784_bp_-1_2_5	ENA|ABN10845|ABN10845.1	37.50	30	15	6	4	29	99	126	2.3	17.7
Seq9101_784_bp_-1_2_5	ENA|AAF79734|AAF79734.1	23.33	31	23	1	9	39	851	880	3	20.1
Seq9101_784_bp_-1_2_5	ENA|BAA36759|BAA36759.1	32.00	27	17	2	15	39	113	139	3	17.7
Seq9101_784_bp_-1_2_5	ENA|CAA73529|CAA73529.1	33.33	15	10	0	11	25	124	138	3.6	17.4
Seq9101_784_bp_-1_2_5	ENA|CAA26023|CAA26023.1	47.06	19	9	2	18	36	238	254	4	17.7
Seq9101_784_bp_-1_2_5	ENA|AAC08817|AAC08817.1	28.57	40	25	5	7	41	2	41	4.2	16.4
Seq9101_784_bp_-1_2_5	ENA|BAA32956|BAA32956.1	64.29	18	5	4	1	16	92	107	4.4	16.7
Seq9101_784_bp_-1_2_5	ENA|CCP43727|CCP43727.1	28.12	32	23	0	3	34	161	192	5.4	17.1
Seq9101_784_bp_-1_2_5	ENA|BAA32991|BAA32991.1	30.00	33	21	3	4	33	25	57	5.8	14.7
Seq9101_784_bp_-1_2_5	ENA|CAL82360|CAL82360.1	23.08	43	30	4	3	41	713	755	6.5	18.7
Seq9101_784_bp_-1_2_5	ENA|AAA42531|AAA42531.1	15.62	32	27	0	2	33	49	80	7.9	16.7
Seq9101_784_bp_-1_2_5	ENA|ABG75784|ABG75784.1	16.22	37	31	0	1	37	189	225	8	16.4
Seq9101_784_bp_-1_2_5	ENA|ABD33854|ABD33854.1	28.57	7	5	0	14	20	44	50	8.4	14.0
Seq9101_784_bp_-1_2_5	ENA|ABD49687|ABD49687.1	35.14	43	24	6	4	41	83	124	8.5	18.7
Seq9101_784_bp_-1_2_5	ENA|CAA11507|CAA11507.1	23.81	22	16	1	13	34	1261	1281	8.5	18.4
Seq9101_784_bp_-1_2_5	ENA|CAA36714|CAA36714.1	29.63	29	19	2	14	40	435	463	9.4	16.7
Seq9101_784_bp_-1_2_6	ENA|BAB17681|BAB17681.1	50.00	10	5	0	11	20	210	219	4	16.2
Seq9101_784_bp_-1_2_6	ENA|AAI27517|AAI27517.1	44.44	9	5	0	1	9	28	36	5.1	17.0
Seq9101_784_bp_-1_2_6	ENA|BAA36759|BAA36759.1	25.00	16	12	0	1	16	117	132	5.4	15.8
Seq9101_784_bp_-1_2_6	ENA|AAB96524|AAB96524.1	71.43	7	2	0	3	9	32	38	5.8	15.1
Seq9101_784_bp_-1_2_6	ENA|AAC17860|AAC17860.1	41.18	17	10	0	3	19	212	228	5.9	16.2
Seq9101_784_bp_-1_2_6	ENA|CAA26939|CAA26939.1	55.56	9	4	0	12	20	396	404	8	16.2
Seq9101_784_bp_-1_2_6	ENA|ACH70901|ACH70901.1	36.84	19	12	0	1	19	143	161	8.5	15.5
Seq9101_784_bp_-1_2_6	ENA|AAB66912|AAB66912.1	33.33	18	12	0	1	18	258	275	9.9	16.6
Seq9101_784_bp_-1_2_7	ENA|AAB66912|AAB66912.1	30.00	33	21	3	3	35	585	614	0.13	24.1
Seq9101_784_bp_-1_2_7	ENA|AAC97205|AAC97205.1	26.32	41	28	3	5	42	1016	1056	0.13	24.5
Seq9101_784_bp_-1_2_7	ENA|AAC97205|AAC97205.1	26.47	34	25	0	2	35	793	826	0.79	21.9
Seq9101_784_bp_-1_2_7	ENA|BAB79260|BAB79260.1	32.50	42	27	2	2	42	397	437	0.14	23.0
Seq9101_784_bp_-1_2_7	ENA|AAR37016|AAR37016.1	31.58	47	26	9	1	41	275	318	0.19	24.8
Seq9101_784_bp_-1_2_7	ENA|ABD49687|ABD49687.1	23.08	39	30	0	5	43	622	660	0.24	24.1
Seq9101_784_bp_-1_2_7	ENA|CAA11507|CAA11507.1	50.00	22	10	2	14	35	478	497	0.24	23.7
Seq9101_784_bp_-1_2_7	ENA|ABK71357|ABK71357.1	31.58	41	26	3	6	43	34	74	0.31	21.5
Seq9101_784_bp_-1_2_7	ENA|AAA25966|AAA25966.1	27.27	37	24	4	3	38	105	138	0.47	21.9
Seq9101_784_bp_-1_2_7	ENA|BAA32956|BAA32956.1	36.00	32	16	7	16	40	72	103	0.49	20.0
Seq9101_784_bp_-1_2_7	ENA|CAA26023|CAA26023.1	25.81	32	23	1	2	32	172	203	0.69	20.4
Seq9101_784_bp_-1_2_7	ENA|CAA36214|CAA36214.1	32.43	40	25	3	7	43	52	91	2	18.5
Seq9101_784_bp_-1_2_7	ENA|BAA05866|BAA05866.1	29.63	28	19	1	12	38	275	302	2	18.5
Seq9101_784_bp_-1_2_7	ENA|AAC17860|AAC17860.1	17.95	41	32	2	2	40	62	102	2	18.9
Seq9101_784_bp_-1_2_7	ENA|AAI27517|AAI27517.1	29.73	40	26	3	3	42	417	453	2.3	19.3
Seq9101_784_bp_-1_2_7	ENA|CAA45199|CAA45199.1	54.55	12	5	1	23	34	381	391	2.3	18.9
Seq9101_784_bp_-1_2_7	ENA|CAA29968|CAA29968.1	41.67	12	7	0	3	14	99	110	2.7	17.4
Seq9101_784_bp_-1_2_7	ENA|AAC08817|AAC08817.1	27.59	30	21	1	3	31	93	122	2.8	17.0
Seq9101_784_bp_-1_2_7	ENA|AAA18786|AAA18786.1	35.71	14	9	0	29	42	81	94	2.9	17.8
Seq9101_784_bp_-1_2_7	ENA|AAA24145|AAA24145.1	26.67	36	22	6	2	32	282	316	2.9	18.5
Seq9101_784_bp_-1_2_7	ENA|AAB03707|AAB03707.1	38.89	18	11	0	25	42	822	839	3.1	20.0
Seq9101_784_bp_-1_2_7	ENA|CAA43419|CAA43419.1	42.11	20	11	1	14	33	181	199	3.9	17.8
Seq9101_784_bp_-1_2_7	ENA|AAA36539|AAA36539.1	23.53	37	26	3	1	35	20	55	3.9	18.2
Seq9101_784_bp_-1_2_7	ENA|CAA26939|CAA26939.1	23.68	39	29	1	2	40	419	456	4.6	18.2
Seq9101_784_bp_-1_2_7	ENA|BAA36759|BAA36759.1	23.81	21	16	0	5	25	123	143	5.1	17.0
Seq9101_784_bp_-1_2_7	ENA|AAA32624|AAA32624.1	21.62	37	29	0	3	39	477	513	5.5	17.8
Seq9101_784_bp_-1_2_7	ENA|AAC49865|AAC49865.1	35.71	14	9	0	23	36	44	57	5.7	17.0
Seq9101_784_bp_-1_2_7	ENA|BAB17681|BAB17681.1	27.27	22	16	0	1	22	126	147	7.8	16.3
Seq9101_784_bp_-1_2_7	ENA|ACH70901|ACH70901.1	27.27	24	16	2	10	33	280	301	7.9	16.7
Seq9101_784_bp_-1_2_7	ENA|CAA29956|CAA29956.1	42.86	7	4	0	2	8	291	297	8.3	16.7
Seq9101_784_bp_-1_2_7	ENA|AAQ92751|AAQ92751.2	30.00	47	28	7	3	42	1201	1247	8.4	18.5
Seq9101_784_bp_-1_2_7	ENA|CAA45708|CAA45708.1	40.00	15	9	0	12	26	261	275	9.2	18.5
Seq9101_784_bp_-1_2_7	ENA|AAR31603|AAR31603.1	25.00	41	30	1	1	40	38	78	9.2	16.3
Seq9101_784_bp_-1_2_7	ENA|CAA73529|CAA73529.1	33.33	16	10	1	14	28	194	209	9.9	15.9
Seq9101_784_bp_-1_2_8	ENA|CAA26023|CAA26023.1	25.00	20	15	0	7	26	183	202	0.067	23.1
Seq9101_784_bp_-1_2_8	ENA|ACT10338|ACT10338.1	32.00	25	17	0	3	27	305	329	0.11	22.3
Seq9101_784_bp_-1_2_8	ENA|BAB17681|BAB17681.1	62.50	25	6	9	6	21	120	144	0.76	19.1
Seq9101_784_bp_-1_2_8	ENA|AAA42531|AAA42531.1	33.33	21	14	0	1	21	284	304	0.84	19.4
Seq9101_784_bp_-1_2_8	ENA|AAC97205|AAC97205.1	35.29	17	11	0	5	21	661	677	0.98	20.9
Seq9101_784_bp_-1_2_8	ENA|CAA73529|CAA73529.1	46.15	13	7	0	13	25	193	205	1.6	18.0
Seq9101_784_bp_-1_2_8	ENA|AAC49865|AAC49865.1	26.32	22	14	3	4	25	119	137	2.5	17.6
Seq9101_784_bp_-1_2_8	ENA|CAA26939|CAA26939.1	36.84	20	12	1	7	25	351	370	2.6	18.4
Seq9101_784_bp_-1_2_8	ENA|AAQ92751|AAQ92751.2	25.00	24	18	0	3	26	219	242	3.7	19.1
Seq9101_784_bp_-1_2_8	ENA|AAA25966|AAA25966.1	36.84	20	12	1	7	26	137	155	4.1	18.0
Seq9101_784_bp_-1_2_8	ENA|CAA24711|CAA24711.1	77.78	10	2	1	16	25	11	19	4.5	15.8
Seq9101_784_bp_-1_2_8	ENA|CAA29956|CAA29956.1	36.00	29	16	4	2	26	12	40	4.6	16.9
Seq9101_784_bp_-1_2_8	ENA|AAB66912|AAB66912.1	29.41	17	12	0	2	18	307	323	5.3	18.0
Seq9101_784_bp_-1_2_8	ENA|ABK71357|ABK71357.1	25.93	34	20	7	1	27	168	201	5.7	16.5
Seq9101_784_bp_-1_2_8	ENA|AAR37016|AAR37016.1	26.09	23	17	0	5	27	972	994	6.2	19.1
Seq9101_784_bp_-1_2_8	ENA|AAA24145|AAA24145.1	25.00	24	18	0	1	24	239	262	7	16.5
Seq9101_784_bp_-1_2_8	ENA|CAA45199|CAA45199.1	18.18	23	18	1	6	27	370	392	7.2	16.5
Seq9101_784_bp_-1_2_8	ENA|ABD49687|ABD49687.1	50.00	10	5	0	17	26	72	81	7.4	18.4
Seq9101_784_bp_-1_2_8	ENA|AAI27517|AAI27517.1	44.44	19	10	1	8	26	479	496	8.8	16.5
Seq9101_784_bp_-1_2_8	ENA|ABN10845|ABN10845.1	36.36	11	7	0	12	22	147	157	8.9	15.1
Seq9101_784_bp_-1_2_8	ENA|AAB03707|AAB03707.1	38.10	26	13	5	2	27	1006	1026	9.6	17.6
Seq9101_784_bp_-1_2_8	ENA|AAB96524|AAB96524.1	66.67	6	2	0	22	27	141	146	9.7	14.7
Seq9101_784_bp_-1_2_8	ENA|EDO47375|EDO47375.1	42.86	14	8	0	11	24	2	15	9.8	14.7
