Seq10050_71_bp_1_0_0	ENA|ABN10845|ABN10845.1	46.15	13	7	0	7	19	3	15	0.66	18.7
Seq10050_71_bp_1_0_0	ENA|CAB75732|CAB75732.1	58.82	23	7	6	5	21	474	496	3.4	18.7
Seq10050_71_bp_1_0_0	ENA|CCP43727|CCP43727.1	52.94	23	8	6	3	22	230	249	4.3	16.6
Seq10050_71_bp_1_0_0	ENA|BAA32018|BAA32018.1	31.58	19	13	0	5	23	589	607	5.3	17.2
Seq10050_71_bp_1_0_0	ENA|AAQ92751|AAQ92751.2	54.55	11	5	0	4	14	1254	1264	7.5	17.8
Seq10050_71_bp_1_0_0	ENA|CAA45199|CAA45199.1	27.78	18	13	0	4	21	362	379	9.1	15.9
Seq10050_71_bp_1_1_0	ENA|AAA72732|AAA72732.1	50.00	21	10	1	3	23	123	142	0.33	20.3
Seq10050_71_bp_1_1_0	ENA|AAC97205|AAC97205.1	60.00	20	6	5	2	18	1101	1118	1.3	20.3
Seq10050_71_bp_1_1_0	ENA|BAA32018|BAA32018.1	38.46	13	8	0	11	23	171	183	4.3	17.5
Seq10050_71_bp_1_1_0	ENA|AAB26998|AAB26998.1	35.29	19	11	2	5	23	17	33	9.8	13.2
Seq10050_71_bp_1_2_0	ENA|ACT10338|ACT10338.1	38.89	22	11	4	3	21	114	134	1.5	18.4
Seq10050_71_bp_1_2_0	ENA|AAB96524|AAB96524.1	53.33	18	7	3	1	15	161	178	1.7	17.1
Seq10050_71_bp_1_2_0	ENA|ABD33854|ABD33854.1	75.00	4	1	0	16	19	58	61	3.7	14.4
Seq10050_71_bp_1_2_0	ENA|ABN10845|ABN10845.1	54.55	12	5	1	1	12	30	40	5	15.8
Seq10050_71_bp_1_2_0	ENA|EDO47375|EDO47375.1	42.86	7	4	0	14	20	166	172	5.4	15.4
Seq10050_71_bp_1_2_0	ENA|AAR37016|AAR37016.1	46.67	15	8	0	9	23	791	805	6.7	18.7
Seq10050_71_bp_1_2_0	ENA|AAA36539|AAA36539.1	52.94	19	8	2	3	21	76	92	6.7	16.4
Seq10050_71_bp_-1_0_0	ENA|AAC49865|AAC49865.1	55.56	9	4	0	1	9	178	186	2.3	17.1
Seq10050_71_bp_-1_0_0	ENA|BAB17681|BAB17681.1	42.86	7	4	0	12	18	153	159	3.9	16.1
Seq10050_71_bp_-1_0_0	ENA|AAA18786|AAA18786.1	50.00	10	5	0	8	17	235	244	7.3	15.1
Seq10050_71_bp_-1_1_0	ENA|AAA72732|AAA72732.1	54.55	11	5	0	3	13	134	144	3.6	15.9
Seq10050_71_bp_-1_1_0	ENA|AAC97205|AAC97205.1	33.33	12	8	0	2	13	1212	1223	5.3	17.3
Seq10050_71_bp_-1_1_0	ENA|AAF79734|AAF79734.1	50.00	15	6	3	1	12	203	217	7.8	17.0
Seq10050_71_bp_-1_2_0	ENA|AAB96524|AAB96524.1	46.67	17	8	2	3	19	37	51	2.8	16.4
Seq10050_71_bp_-1_2_0	ENA|CAA28033|CAA28033.1	33.33	20	12	2	1	18	822	841	6.1	18.0
Seq10050_71_bp_-1_2_0	ENA|BAB79260|BAB79260.1	57.14	7	3	0	14	20	125	131	8.2	16.0
Seq10050_71_bp_-1_2_0	ENA|AAR31603|AAR31603.1	26.32	19	14	0	2	20	161	179	9.3	15.4
Seq10050_71_bp_-1_2_0	ENA|BAB17681|BAB17681.1	36.36	11	7	0	8	18	128	138	9.7	15.1
