Seq10065_134_bp_1_0_0	AAB03707.1	62.50	8	3	0	4	11	754	761	1.8	18.8
Seq10065_134_bp_1_0_0	AAA72732.1	80.00	5	1	0	1	5	289	293	2.3	16.4
Seq10065_134_bp_1_0_0	BAE97662.1	50.00	8	4	0	4	11	918	925	2.3	18.2
Seq10065_134_bp_1_0_0	CAA74140.1	27.27	11	8	0	1	11	443	453	2.9	17.6
Seq10065_134_bp_1_0_0	AAX84812.1	44.44	9	5	0	2	10	37	45	5.8	14.5
Seq10065_134_bp_1_0_0	AIR13712.1	60.00	5	2	0	6	10	213	217	8.1	14.5
Seq10065_134_bp_1_0_0	ABS38337.1	66.67	6	2	0	1	6	431	436	8.8	16.4
Seq10065_134_bp_1_0_0	AAA42531.1	30.00	10	7	0	1	10	205	214	9.4	14.5
Seq10065_134_bp_1_0_1	AAC08817.1	22.22	18	14	0	11	28	120	137	1.1	18.1
Seq10065_134_bp_1_0_1	AAA24969.1	58.33	12	5	0	3	14	184	195	2.5	20.1
Seq10065_134_bp_1_0_1	AAA72732.1	71.43	7	2	0	16	22	305	311	4	17.1
Seq10065_134_bp_1_0_1	ABD33854.1	50.00	8	4	0	21	28	33	40	4.5	14.6
Seq10065_134_bp_1_0_1	AAB03707.1	38.46	13	8	0	12	24	57	69	6.1	18.6
Seq10065_134_bp_1_0_1	ABK71357.1	23.08	13	10	0	15	27	53	65	6.5	16.6
Seq10065_134_bp_1_0_1	CAA43372.1	41.67	12	7	0	16	27	273	284	7.2	16.6
Seq10065_134_bp_1_0_1	AAQ92751.2	31.25	16	11	0	13	28	795	810	8.4	18.1
Seq10065_134_bp_1_0_1	ACT10338.1	36.36	11	7	0	19	29	89	99	9.3	16.1
Seq10065_134_bp_1_1_0	CAA45199.1	44.44	9	5	0	5	13	385	393	1.1	18.4
Seq10065_134_bp_1_1_0	AAA23282.1	71.43	8	2	1	2	8	210	217	1.3	18.4
Seq10065_134_bp_1_1_0	AAB64315.2	50.00	8	4	0	7	14	227	234	3.4	16.2
Seq10065_134_bp_1_1_0	AAA72732.1	55.56	9	4	0	6	14	85	93	4.7	15.6
Seq10065_134_bp_1_1_0	AAF01122.1	44.44	9	5	0	5	13	105	113	5.6	15.6
Seq10065_134_bp_1_1_0	ABS38337.1	83.33	7	1	1	3	8	944	950	6	17.3
Seq10065_134_bp_1_1_0	AAA32624.1	42.86	7	4	0	8	14	506	512	7.7	15.6
Seq10065_134_bp_1_1_0	CAA26230.1	42.86	7	4	0	8	14	543	549	8.2	15.6
Seq10065_134_bp_1_1_0	AAI27517.1	50.00	6	3	0	1	6	178	183	8.6	15.6
Seq10065_134_bp_1_1_0	AAB03707.1	100.00	3	0	0	4	6	185	187	9.2	16.8
Seq10065_134_bp_1_1_0	BAB79260.1	20.00	5	4	0	1	5	391	395	9.6	15.1
Seq10065_134_bp_1_1_1	AAA24969.1	54.55	11	5	0	5	15	1326	1336	0.17	23.7
Seq10065_134_bp_1_1_1	AAR31603.1	50.00	8	4	0	11	18	138	145	1.9	17.9
Seq10065_134_bp_1_1_1	AAB96524.1	42.86	7	4	0	16	22	168	174	4.1	15.9
Seq10065_134_bp_1_1_1	BAB79260.1	36.36	11	7	0	5	15	442	452	5.1	16.9
Seq10065_134_bp_1_1_1	AAA32624.1	36.36	11	7	0	5	15	119	129	5.8	16.9
Seq10065_134_bp_1_1_1	ABD49687.1	40.00	20	12	0	2	21	1661	1680	6.9	18.4
Seq10065_134_bp_1_1_1	AAC97205.1	38.46	13	8	0	1	13	15	27	7	17.9
Seq10065_134_bp_1_1_1	AAA26915.1	60.00	5	2	0	16	20	134	138	7.1	16.4
Seq10065_134_bp_1_1_1	AAC78721.1	33.33	9	6	0	5	13	638	646	7.4	16.9
Seq10065_134_bp_1_1_1	CAA26230.1	66.67	6	2	0	11	16	335	340	8.5	16.4
Seq10065_134_bp_1_2_0	EDO47375.1	66.67	9	3	0	21	29	134	142	0.21	20.8
Seq10065_134_bp_1_2_0	AAA24969.1	61.54	13	5	0	9	21	1341	1353	0.31	23.2
Seq10065_134_bp_1_2_0	AAR37016.1	35.29	17	11	0	19	35	1404	1420	1.3	21.7
Seq10065_134_bp_1_2_0	ABG75784.1	62.50	8	3	0	13	20	74	81	1.9	18.3
Seq10065_134_bp_1_2_0	CAA45199.1	55.56	9	4	0	17	25	402	410	4	17.8
Seq10065_134_bp_1_2_0	AIR13712.1	50.00	8	4	0	16	23	235	242	5.5	16.8
Seq10065_134_bp_1_2_0	AAA36565.1	33.33	17	10	2	5	19	141	157	7.6	15.3
Seq10065_134_bp_1_2_0	CAA43372.1	62.50	8	3	0	6	13	153	160	9.3	16.3
Seq10065_134_bp_1_2_0	ABN10845.1	75.00	4	1	0	27	30	157	160	9.6	15.3
Seq10065_134_bp_-1_0_0	ABK71357.1	50.00	8	4	0	13	20	304	311	0.8	19.1
Seq10065_134_bp_-1_0_0	AAA36565.1	75.00	8	2	0	8	15	112	119	1.1	17.4
Seq10065_134_bp_-1_0_0	AAA25966.1	40.00	15	9	0	2	16	34	48	3.3	18.0
Seq10065_134_bp_-1_0_0	ACH70904.1	41.67	12	7	0	4	15	250	261	3.5	16.9
Seq10065_134_bp_-1_0_0	ABN10845.1	100.00	4	0	0	5	8	180	183	4.4	15.8
Seq10065_134_bp_-1_0_0	CAA45199.1	35.71	14	9	0	5	18	250	263	4.5	16.9
Seq10065_134_bp_-1_0_0	AAB64315.2	44.44	9	5	0	10	18	304	312	4.5	16.4
Seq10065_134_bp_-1_0_0	AAB26998.1	75.00	4	1	0	16	19	33	36	4.9	14.2
Seq10065_134_bp_-1_0_0	CAA11507.1	54.55	11	5	0	4	14	984	994	6	18.0
Seq10065_134_bp_-1_0_0	BAA32956.1	45.45	13	6	2	8	20	81	91	6.1	15.3
Seq10065_134_bp_-1_0_0	BAB70780.1	40.00	10	6	0	4	13	195	204	6.6	16.4
Seq10065_134_bp_-1_0_0	AAC08817.1	37.50	8	5	0	10	17	14	21	9.8	14.2
Seq10065_134_bp_-1_0_1	AAA26915.1	75.00	8	2	0	9	16	244	251	0.14	22.0
Seq10065_134_bp_-1_0_1	AAB64315.2	80.00	11	2	1	2	12	260	269	0.31	20.3
Seq10065_134_bp_-1_0_1	AAA36565.1	43.75	17	9	1	2	17	115	131	0.75	18.1
Seq10065_134_bp_-1_0_1	AAA65607.1	40.00	10	6	0	6	15	139	148	1.6	18.1
Seq10065_134_bp_-1_0_1	AAR37016.1	71.43	7	2	0	1	7	2296	2302	3.2	19.8
Seq10065_134_bp_-1_0_1	AAB26998.1	80.00	5	1	0	16	20	72	76	5.1	14.2
Seq10065_134_bp_-1_0_1	AAA24142.1	55.56	9	4	0	4	12	226	234	6.2	16.4
Seq10065_134_bp_-1_0_1	ABN10845.1	100.00	4	0	0	9	12	183	186	6.5	15.3
Seq10065_134_bp_-1_0_1	AAA25966.1	100.00	5	0	0	1	5	498	502	6.7	17.0
Seq10065_134_bp_-1_0_1	AAB96524.1	66.67	6	2	0	9	14	86	91	8	14.7
Seq10065_134_bp_-1_0_1	CAA43372.1	50.00	8	4	0	15	22	395	402	8.2	15.9
Seq10065_134_bp_-1_0_1	CAA74140.1	50.00	13	6	1	10	22	460	471	8.5	17.0
Seq10065_134_bp_-1_1_0	EDO47375.1	30.77	13	9	0	6	18	76	88	0.34	19.2
Seq10065_134_bp_-1_1_0	AAC17860.1	55.56	9	4	0	4	12	15	23	0.48	19.8
Seq10065_134_bp_-1_1_0	AEE27845.1	60.00	10	4	0	3	12	856	865	0.67	21.1
Seq10065_134_bp_-1_1_0	AAI27517.1	46.67	15	8	0	2	16	564	578	0.69	19.8
Seq10065_134_bp_-1_1_0	ACT10338.1	44.44	9	5	0	8	16	79	87	0.7	19.2
Seq10065_134_bp_-1_1_0	AII71783.1	50.00	8	4	0	8	15	216	223	2	17.3
Seq10065_134_bp_-1_1_0	CAA45199.1	36.36	11	7	0	4	14	170	180	4.7	16.7
Seq10065_134_bp_-1_1_0	BAA32956.1	42.86	7	4	0	13	19	58	64	5.1	15.4
Seq10065_134_bp_-1_1_0	AAR31603.1	41.67	12	7	0	3	14	296	307	5.1	16.0
Seq10065_134_bp_-1_1_0	ABK71357.1	27.27	11	8	0	7	17	154	164	5.7	16.0
Seq10065_134_bp_-1_1_0	AAA36565.1	57.14	7	3	0	11	17	60	66	6.2	14.8
Seq10065_134_bp_-1_1_0	AAB64315.2	35.71	14	9	0	4	17	83	96	7.7	15.4
Seq10065_134_bp_-1_1_0	AAC97205.1	83.33	6	1	0	14	19	269	274	7.8	17.3
Seq10065_134_bp_-1_1_0	AAX84812.1	75.00	4	1	0	5	8	106	109	8.4	14.8
Seq10065_134_bp_-1_1_0	AAA65607.1	57.14	7	3	0	10	16	32	38	8.5	15.4
Seq10065_134_bp_-1_1_0	AAF01122.1	100.00	4	0	0	12	15	294	297	8.7	15.4
Seq10065_134_bp_-1_1_0	AAA42531.1	50.00	6	3	0	1	6	377	382	9	15.4
Seq10065_134_bp_-1_1_0	AAC78721.1	100.00	4	0	0	1	4	301	304	10	16.0
Seq10065_134_bp_-1_2_0	ABK71357.1	85.71	7	1	0	3	9	338	344	0.93	19.3
Seq10065_134_bp_-1_2_0	AAB26998.1	37.50	8	5	0	19	26	10	17	1	17.0
Seq10065_134_bp_-1_2_0	CAA04196.1	33.33	12	8	0	6	17	40	51	1.6	18.7
Seq10065_134_bp_-1_2_0	AAC78721.1	30.00	10	7	0	20	29	240	249	1.7	19.3
Seq10065_134_bp_-1_2_0	AAA45888.1	50.00	6	3	0	18	23	93	98	2.1	18.2
Seq10065_134_bp_-1_2_0	ABD33854.1	80.00	5	1	0	18	22	11	15	2.8	15.2
Seq10065_134_bp_-1_2_0	AEE27845.1	83.33	6	1	0	18	23	1297	1302	3.4	19.3
Seq10065_134_bp_-1_2_0	CAA43372.1	50.00	6	3	0	21	26	348	353	3.5	17.6
Seq10065_134_bp_-1_2_0	AAB96524.1	42.86	7	4	0	10	16	172	178	3.5	16.4
Seq10065_134_bp_-1_2_0	AAA36565.1	80.00	5	1	0	1	5	152	156	7	15.2
Seq10065_134_bp_-1_2_0	AAI27517.1	66.67	6	2	0	18	23	161	166	7.2	17.0
Seq10065_134_bp_-1_2_0	AAH69556.1	83.33	6	1	0	15	20	188	193	8.3	15.8
Seq10065_134_bp_-1_2_0	AAA26915.1	46.15	13	7	0	14	26	85	97	8.5	16.4
Seq10065_134_bp_-1_2_0	AAR31603.1	50.00	8	4	0	20	27	158	165	8.9	15.8
Seq10065_134_bp_-1_2_0	AAC97205.1	66.67	6	2	0	5	10	518	523	9.7	17.6
Seq10065_134_bp_-1_2_1	ABD33854.1	75.00	4	1	0	6	9	1	4	4.2	13.5
Seq10065_134_bp_-1_2_1	BAB70780.1	44.44	9	5	0	6	14	225	233	4.3	16.4
Seq10065_134_bp_-1_2_1	AAA32376.1	33.33	12	8	0	2	13	148	159	5.1	14.7
Seq10065_134_bp_-1_2_1	CAA73529.1	57.14	7	3	0	4	10	236	242	5.4	15.2
Seq10065_134_bp_-1_2_1	AAR31603.1	44.44	9	5	0	1	9	34	42	6.4	15.2
Seq10065_134_bp_-1_2_1	AAA18786.1	50.00	6	3	0	6	11	156	161	7.7	14.7
Seq10065_134_bp_-1_2_1	ABN10845.1	42.86	7	4	0	3	9	148	154	9.3	14.1
