Seq1210_77_bp_1_0_0	AAC97205.1	88.00	25	3	0	1	25	26	50	1.1e-13	63.8
Seq1210_77_bp_1_0_0	BAA32956.1	71.43	7	2	0	5	11	190	196	0.47	19.3
Seq1210_77_bp_1_0_0	AAC08817.1	33.33	18	12	0	8	25	43	60	1.1	17.7
Seq1210_77_bp_1_0_0	AAI27517.1	71.43	7	2	0	4	10	530	536	1.3	19.3
Seq1210_77_bp_1_0_0	CAD53387.1	66.67	6	2	0	3	8	463	468	1.6	18.8
Seq1210_77_bp_1_0_0	BAA32991.1	30.77	13	9	0	3	15	8	20	2.7	15.1
Seq1210_77_bp_1_0_0	ABD49687.1	60.00	10	4	0	9	18	1207	1216	3.7	19.3
Seq1210_77_bp_1_0_0	AAC17860.1	35.29	17	11	0	6	22	215	231	3.8	17.2
Seq1210_77_bp_1_0_0	AAB96524.1	44.44	9	5	0	2	10	79	87	5	15.6
Seq1210_77_bp_1_0_0	AAA25966.1	50.00	14	7	0	6	19	717	730	6.5	17.2
Seq1210_77_bp_1_0_0	AAH69556.1	50.00	14	7	0	12	25	79	92	8	15.6
Seq1210_77_bp_1_0_0	ABK71357.1	45.45	11	6	0	2	12	37	47	9.6	15.6
Seq1210_77_bp_1_0_0	AAA45888.1	80.00	5	1	0	5	9	10	14	9.9	15.6
Seq1210_77_bp_1_1_0	CAA04196.1	33.33	21	14	0	5	25	326	346	1.5	18.6
Seq1210_77_bp_1_1_0	CAA11507.1	60.00	16	6	1	6	20	1212	1227	2.6	19.5
Seq1210_77_bp_1_1_0	CAA45199.1	58.33	12	5	0	1	12	319	330	3.3	17.6
Seq1210_77_bp_1_1_0	AAA45888.1	36.36	23	14	1	2	24	186	207	5	16.7
Seq1210_77_bp_1_1_0	AAQ92751.2	55.56	9	4	0	12	20	528	536	6.7	18.1
Seq1210_77_bp_1_1_0	AAC17860.1	55.56	9	4	0	1	9	315	323	7.2	16.2
Seq1210_77_bp_1_1_0	BAA32956.1	38.46	13	8	0	2	14	100	112	9.5	14.8
Seq1210_77_bp_1_2_0	AAC08817.1	50.00	12	6	0	4	15	126	137	1.3	17.4
Seq1210_77_bp_1_2_0	AAA72732.1	35.29	17	11	0	1	17	132	148	2.5	17.4
Seq1210_77_bp_1_2_0	EDO47375.1	41.67	12	7	0	13	24	5	16	4.3	15.9
Seq1210_77_bp_1_2_0	AAB64315.2	55.56	9	4	0	15	23	271	279	5.2	16.4
Seq1210_77_bp_1_2_0	AAB03707.1	31.82	22	15	0	3	24	1041	1062	5.3	18.4
Seq1210_77_bp_1_2_0	ABL74574.1	45.45	11	6	0	3	13	148	158	6.4	15.9
Seq1210_77_bp_1_2_0	ACH70904.1	55.56	9	4	0	2	10	89	97	7.9	15.9
Seq1210_77_bp_1_2_0	AAC97205.1	38.46	13	8	0	5	17	54	66	9.3	17.4
Seq1210_77_bp_1_2_0	AAA24142.1	62.50	8	3	0	3	10	261	268	9.7	15.9
Seq1210_77_bp_1_2_0	CAA74140.1	60.00	10	4	0	10	19	300	309	10	16.9
Seq1210_77_bp_-1_0_0	AAQ92751.2	52.94	17	8	0	6	22	886	902	0.0023	29.7
Seq1210_77_bp_-1_0_0	AAA18786.1	46.15	13	7	0	7	19	257	269	0.9	18.7
Seq1210_77_bp_-1_0_0	AAB64315.2	50.00	12	6	0	1	12	8	19	1.1	18.7
Seq1210_77_bp_-1_0_0	BAA32991.1	60.00	5	2	0	11	15	15	19	1.3	16.2
Seq1210_77_bp_-1_0_0	AAA26915.1	75.00	8	2	0	1	8	54	61	1.6	18.7
Seq1210_77_bp_-1_0_0	BAE97662.1	54.55	11	5	0	13	23	892	902	2.5	19.3
Seq1210_77_bp_-1_0_0	BAA32956.1	100.00	7	0	1	7	13	10	15	2.5	16.9
Seq1210_77_bp_-1_0_0	AAA65607.1	45.45	11	6	0	15	25	226	236	2.8	17.5
Seq1210_77_bp_-1_0_0	CAA74140.1	55.56	9	4	0	13	21	897	905	3.1	18.7
Seq1210_77_bp_-1_0_0	AAA72732.1	55.56	9	4	0	12	20	283	291	3.7	16.9
Seq1210_77_bp_-1_0_0	ABD49687.1	41.18	17	10	0	1	17	1198	1214	3.7	19.3
Seq1210_77_bp_-1_0_0	AAC97205.1	62.50	8	3	0	10	17	427	434	4	18.7
Seq1210_77_bp_-1_0_0	BAB70780.1	42.86	14	8	0	4	17	155	168	5.6	16.9
Seq1210_77_bp_-1_0_0	ABD33854.1	100.00	3	0	0	12	14	61	63	6.1	13.8
Seq1210_77_bp_-1_0_0	CAA11507.1	36.36	22	14	0	4	25	1023	1044	6.7	18.1
Seq1210_77_bp_-1_0_0	AAA42531.1	38.46	13	8	0	8	20	164	176	6.8	16.2
Seq1210_77_bp_-1_0_0	AEE27845.1	30.00	20	14	0	1	20	715	734	6.8	18.1
Seq1210_77_bp_-1_0_0	AAB96524.1	40.00	10	6	0	2	11	103	112	7.5	15.0
Seq1210_77_bp_-1_0_0	AAA24142.1	57.14	7	3	0	13	19	199	205	7.8	16.2
Seq1210_77_bp_-1_0_0	ABS38337.1	57.14	7	3	0	17	23	176	182	9.3	17.5
Seq1210_77_bp_-1_0_0	AAF01122.1	58.33	13	5	1	4	15	90	102	9.7	15.6
Seq1210_77_bp_-1_1_0	AEE27845.1	69.23	13	4	0	8	20	376	388	0.31	22.6
Seq1210_77_bp_-1_1_0	AAF01122.1	50.00	10	5	0	3	12	17	26	0.6	19.8
Seq1210_77_bp_-1_1_0	BAB17681.1	83.33	6	1	0	20	25	184	189	0.64	19.2
Seq1210_77_bp_-1_1_0	CAA73529.1	57.14	7	3	0	12	18	142	148	2.1	17.5
Seq1210_77_bp_-1_1_0	AAC78721.1	42.86	14	8	0	12	25	263	276	2.3	18.6
Seq1210_77_bp_-1_1_0	CAA26230.1	42.86	14	8	0	11	24	4	17	2.8	18.1
Seq1210_77_bp_-1_1_0	AAI27517.1	50.00	8	4	0	15	22	156	163	3	18.1
Seq1210_77_bp_-1_1_0	CAA74140.1	33.33	15	10	0	5	19	463	477	3.2	18.6
Seq1210_77_bp_-1_1_0	AAA65607.1	57.14	7	3	0	12	18	340	346	4.1	16.9
Seq1210_77_bp_-1_1_0	CAA04196.1	80.00	5	1	0	14	18	306	310	4.6	16.9
Seq1210_77_bp_-1_1_0	ABL74574.1	38.46	13	8	0	9	21	242	254	4.7	16.4
Seq1210_77_bp_-1_1_0	AAA26915.1	30.77	13	9	0	11	23	423	435	5.1	16.9
Seq1210_77_bp_-1_1_0	AAR31603.1	66.67	6	2	0	18	23	98	103	5.3	16.4
Seq1210_77_bp_-1_1_0	BAA32991.1	75.00	4	1	0	13	16	13	16	5.4	14.1
Seq1210_77_bp_-1_1_0	BAB79260.1	55.56	9	4	0	6	14	66	74	7.2	16.4
Seq1210_77_bp_-1_1_0	CAA45199.1	57.14	7	3	0	10	16	421	427	7.5	16.4
Seq1210_77_bp_-1_1_0	ABN10845.1	28.57	14	10	0	9	22	72	85	7.6	15.2
Seq1210_77_bp_-1_1_0	AIR13712.1	50.00	12	6	0	6	17	1	12	7.7	15.8
Seq1210_77_bp_-1_1_0	AAA25966.1	41.67	12	7	0	3	14	285	296	7.7	16.9
Seq1210_77_bp_-1_1_0	AAC97205.1	100.00	4	0	0	22	25	977	980	8.8	17.5
Seq1210_77_bp_-1_1_0	AAB26998.1	21.43	14	11	0	3	16	14	27	8.8	13.5
Seq1210_77_bp_-1_1_0	AAA18786.1	31.25	16	11	0	10	25	226	241	9.2	15.2
Seq1210_77_bp_-1_2_0	AAC08817.1	47.06	19	9	2	7	24	132	149	0.41	19.1
Seq1210_77_bp_-1_2_0	ABK71357.1	57.14	7	3	0	18	24	140	146	1.4	18.5
Seq1210_77_bp_-1_2_0	AAI27517.1	71.43	7	2	0	12	18	355	361	1.5	19.1
Seq1210_77_bp_-1_2_0	AAB26998.1	44.44	9	5	0	9	17	27	35	1.6	16.1
Seq1210_77_bp_-1_2_0	AAR37016.1	55.56	9	4	0	13	21	10	18	1.7	20.9
Seq1210_77_bp_-1_2_0	ABD49687.1	40.00	20	12	0	6	25	1001	1020	1.8	20.3
Seq1210_77_bp_-1_2_0	CAA26230.1	83.33	6	1	0	11	16	508	513	2.1	18.5
Seq1210_77_bp_-1_2_0	ABL74574.1	33.33	9	6	0	9	17	117	125	2.5	17.3
Seq1210_77_bp_-1_2_0	ABS38337.1	36.84	19	12	0	1	19	100	118	3.1	19.1
Seq1210_77_bp_-1_2_0	AAR31603.1	57.14	7	3	0	15	21	137	143	4.2	16.7
Seq1210_77_bp_-1_2_0	CAD53387.1	40.00	10	6	0	14	23	12	21	4.2	17.3
Seq1210_77_bp_-1_2_0	AAC97205.1	41.67	13	7	1	4	15	1178	1190	4.5	18.5
Seq1210_77_bp_-1_2_0	AAA18786.1	75.00	4	1	0	14	17	240	243	5.1	16.1
Seq1210_77_bp_-1_2_0	CAA73529.1	57.14	7	3	0	8	14	214	220	5.2	16.1
Seq1210_77_bp_-1_2_0	AAA24969.1	71.43	7	2	0	11	17	701	707	5.5	18.5
Seq1210_77_bp_-1_2_0	AAA25966.1	60.00	5	2	0	15	19	369	373	6	17.3
Seq1210_77_bp_-1_2_0	BAA32018.1	33.33	12	8	0	6	17	296	307	7.7	16.7
Seq1210_77_bp_-1_2_0	EDO47375.1	66.67	6	2	0	7	12	123	128	8.1	14.9
Seq1210_77_bp_-1_2_0	BAA32956.1	40.00	10	6	0	16	25	73	82	8.9	14.9
Seq1210_77_bp_-1_2_0	BAB70780.1	44.44	9	5	0	17	25	93	101	9	16.1
Seq1210_77_bp_-1_2_0	AAB64315.2	80.00	5	1	0	5	9	23	27	9.2	15.5
