Seq1397_94_bp_1_0_0	AAF01122.1	90.32	31	3	0	1	31	276	306	3.8e-17	73.9
Seq1397_94_bp_1_0_0	AAA32376.1	40.00	10	6	0	2	11	15	24	0.34	19.8
Seq1397_94_bp_1_0_0	AAC08817.1	30.77	13	9	0	17	29	5	17	0.45	19.3
Seq1397_94_bp_1_0_0	AAB64315.2	57.14	7	3	0	12	18	169	175	2.6	17.7
Seq1397_94_bp_1_0_0	ABD49687.1	40.00	10	6	0	12	21	931	940	4.6	19.3
Seq1397_94_bp_1_0_0	CAA26230.1	38.46	13	8	0	19	31	417	429	6.1	17.2
Seq1397_94_bp_1_0_0	AAR37016.1	38.46	13	8	0	11	23	1896	1908	8.6	18.8
Seq1397_94_bp_1_1_0	BAA32956.1	66.67	6	2	0	21	26	90	95	0.22	20.7
Seq1397_94_bp_1_1_0	ABD49687.1	42.86	15	8	1	18	31	747	761	2.6	20.2
Seq1397_94_bp_1_1_0	CAA74140.1	36.84	19	12	0	2	20	286	304	3	19.0
Seq1397_94_bp_1_1_0	AIR13712.1	50.00	10	5	0	8	17	125	134	3.5	17.3
Seq1397_94_bp_1_1_0	AAR37016.1	50.00	6	3	0	18	23	1260	1265	3.5	20.2
Seq1397_94_bp_1_1_0	AAB26998.1	50.00	6	3	0	22	27	14	19	5.8	14.5
Seq1397_94_bp_1_1_0	ACT10338.1	28.57	14	10	0	3	16	354	367	5.9	16.8
Seq1397_94_bp_1_1_0	AAC17860.1	36.36	11	7	0	9	19	204	214	6.3	16.8
Seq1397_94_bp_1_1_0	CAA43372.1	42.86	7	4	0	22	28	18	24	6.3	16.8
Seq1397_94_bp_1_1_0	ABD33854.1	45.45	11	6	0	12	22	34	44	6.9	13.9
Seq1397_94_bp_1_1_0	AII71783.1	27.27	11	8	0	6	16	22	32	6.9	16.2
Seq1397_94_bp_1_1_0	AAC08817.1	25.00	16	12	0	1	16	41	56	8	15.0
Seq1397_94_bp_1_1_0	AAA36565.1	37.50	8	5	0	14	21	157	164	8.1	15.0
Seq1397_94_bp_1_1_0	AAA65607.1	35.71	14	9	0	7	20	204	217	8.1	16.2
Seq1397_94_bp_1_1_0	CAA73529.1	10.00	10	9	0	21	30	259	268	8.9	15.6
Seq1397_94_bp_1_1_0	AAX12058.1	60.00	5	2	0	22	26	141	145	8.9	15.6
Seq1397_94_bp_1_2_0	AAI27517.1	33.33	21	14	0	2	22	20	40	1.5	19.4
Seq1397_94_bp_1_2_0	BAA32991.1	50.00	6	3	0	25	30	28	33	2.9	15.3
Seq1397_94_bp_1_2_0	AAB96524.1	40.00	5	3	0	2	6	58	62	5.4	15.8
Seq1397_94_bp_1_2_0	CAA73529.1	28.57	14	10	0	6	19	40	53	7.7	15.8
Seq1397_94_bp_1_2_0	AAB03707.1	57.14	7	3	0	19	25	1346	1352	9.3	17.8
Seq1397_94_bp_-1_0_0	ABD49687.1	54.55	11	5	0	2	12	1710	1720	2.2	19.9
Seq1397_94_bp_-1_0_0	AAA72732.1	100.00	6	0	0	6	11	268	273	2.8	17.1
Seq1397_94_bp_-1_0_0	CAA04196.1	50.00	10	5	0	13	22	374	383	3.8	17.1
Seq1397_94_bp_-1_0_0	BAB70780.1	55.56	9	4	0	8	16	297	305	4.4	17.1
Seq1397_94_bp_-1_0_0	AAC78721.1	33.33	9	6	0	1	9	638	646	6	17.1
Seq1397_94_bp_-1_0_0	ABN10845.1	66.67	6	2	0	1	6	57	62	6.2	15.4
Seq1397_94_bp_-1_0_0	AAB64315.2	18.18	11	9	0	5	15	286	296	6.3	16.0
Seq1397_94_bp_-1_0_0	AAX12058.1	44.44	9	5	0	11	19	201	209	7.7	15.4
Seq1397_94_bp_-1_0_0	AAC17860.1	38.46	13	8	0	6	18	239	251	7.8	16.0
Seq1397_94_bp_-1_0_0	CAA45199.1	55.56	9	4	0	2	10	415	423	8.8	16.0
Seq1397_94_bp_-1_1_0	ABG75784.1	35.29	17	11	0	3	19	209	225	1.7	18.3
Seq1397_94_bp_-1_1_0	AAR31603.1	26.67	15	11	0	6	20	214	228	2.6	17.7
Seq1397_94_bp_-1_1_0	AAA42531.1	50.00	10	5	0	17	26	369	378	3.1	17.7
Seq1397_94_bp_-1_1_0	AAA36565.1	40.00	10	6	0	4	13	91	100	4	16.1
Seq1397_94_bp_-1_1_0	AAA26915.1	45.45	11	6	0	14	24	324	334	5.2	17.2
Seq1397_94_bp_-1_1_0	AAF01122.1	43.75	16	9	0	9	24	288	303	6.1	16.7
Seq1397_94_bp_-1_1_0	AAA25966.1	40.00	24	12	4	1	20	611	634	7.9	17.2
Seq1397_94_bp_-1_1_0	AAA24969.1	63.64	11	4	0	16	26	1180	1190	8	18.3
Seq1397_94_bp_-1_1_0	CAA26230.1	50.00	12	6	0	14	25	89	100	8.8	16.7
Seq1397_94_bp_-1_1_0	CAA73529.1	33.33	15	10	0	1	15	124	138	9	15.6
Seq1397_94_bp_-1_1_0	CAA43372.1	15.79	19	16	0	6	24	398	416	9.4	16.1
Seq1397_94_bp_-1_2_0	CAA04196.1	47.37	19	10	0	8	26	284	302	0.064	23.4
Seq1397_94_bp_-1_2_0	AAC97205.1	29.17	25	17	1	3	27	1164	1187	0.29	22.8
Seq1397_94_bp_-1_2_0	AAA42531.1	20.00	15	12	0	9	23	250	264	0.78	19.7
Seq1397_94_bp_-1_2_0	BAA32991.1	80.00	5	1	0	15	19	14	18	1.2	16.6
Seq1397_94_bp_-1_2_0	ABD33854.1	50.00	6	3	0	14	19	58	63	4	14.7
Seq1397_94_bp_-1_2_0	AAA32376.1	37.50	8	5	0	8	15	148	155	4.5	16.0
Seq1397_94_bp_-1_2_0	CAA45199.1	33.33	18	12	0	5	22	118	135	5.2	17.2
Seq1397_94_bp_-1_2_0	AAB64315.2	42.86	14	8	0	5	18	7	20	5.5	16.6
Seq1397_94_bp_-1_2_0	ABS38337.1	25.00	16	12	0	2	17	952	967	5.9	18.4
Seq1397_94_bp_-1_2_0	ACH70904.1	36.36	23	14	1	5	26	155	177	6	16.6
Seq1397_94_bp_-1_2_0	CAA73529.1	34.78	23	15	0	4	26	118	140	7	16.0
Seq1397_94_bp_-1_2_0	AAB03707.1	33.33	15	10	0	1	15	470	484	9.4	17.8
Seq1397_94_bp_-1_2_0	ACT10338.1	30.77	13	9	0	1	13	206	218	9.7	16.0
Seq1397_94_bp_-1_2_0	CAA74140.1	66.67	6	2	0	16	21	805	810	9.8	17.2
Seq1397_94_bp_-1_2_0	AAA36565.1	25.00	20	15	0	1	20	45	64	9.8	14.7
