Seq10030_92_bp_1_0_0	ENA|CAA45199|CAA45199.1	38.46	13	8	0	2	14	215	227	2.8	17.8
Seq10030_92_bp_1_0_0	ENA|AAC08817|AAC08817.1	80.00	5	1	0	19	23	131	135	4.4	15.5
Seq10030_92_bp_1_0_0	ENA|CAA26939|CAA26939.1	57.14	7	3	0	17	23	229	235	4.9	17.2
Seq10030_92_bp_1_1_0	ENA|AAC26660|AAC26660.1	50.00	14	7	0	5	18	119	132	0.88	18.9
Seq10030_92_bp_1_1_0	ENA|CAA73529|CAA73529.1	50.00	12	6	0	2	13	85	96	1.9	17.9
Seq10030_92_bp_1_1_0	ENA|EDO47375|EDO47375.1	66.67	6	2	0	13	18	171	176	6.8	15.5
Seq10030_92_bp_1_1_0	ENA|AAA24145|AAA24145.1	33.33	12	8	0	3	14	165	176	8.2	16.4
Seq10030_92_bp_1_1_0	ENA|AAC49865|AAC49865.1	45.45	11	6	0	5	15	312	322	8.3	16.0
Seq10030_92_bp_1_1_0	ENA|CAA45199|CAA45199.1	80.00	5	1	0	13	17	192	196	8.4	16.4
Seq10030_92_bp_1_2_0	ENA|BAA32991|BAA32991.1	62.50	8	3	0	1	8	57	64	1.2	15.9
Seq10030_92_bp_1_2_0	ENA|CAA36214|CAA36214.1	55.56	9	4	0	5	13	177	185	2.4	17.0
Seq10030_92_bp_1_2_0	ENA|CAA11507|CAA11507.1	46.15	13	7	0	6	18	310	322	3.3	18.8
Seq10030_92_bp_1_2_0	ENA|AAC17860|AAC17860.1	40.00	10	6	0	4	13	20	29	4.8	16.4
Seq10030_92_bp_1_2_0	ENA|AAC97205|AAC97205.1	71.43	7	2	0	6	12	86	92	9.3	17.0
Seq10030_92_bp_1_2_0	ENA|AAI27517|AAI27517.1	53.85	14	6	1	3	16	398	410	9.8	15.9
Seq10030_92_bp_-1_0_0	ENA|AAC08817|AAC08817.1	36.84	19	12	0	6	24	126	144	0.17	20.3
Seq10030_92_bp_-1_0_0	ENA|CAA36714|CAA36714.1	62.50	8	3	0	8	15	80	87	0.76	19.8
Seq10030_92_bp_-1_0_0	ENA|CAA28033|CAA28033.1	54.55	11	5	0	3	13	146	156	1.4	20.3
Seq10030_92_bp_-1_0_0	ENA|ACT10338|ACT10338.1	46.67	15	8	0	2	16	16	30	1.4	18.6
Seq10030_92_bp_-1_0_0	ENA|BAA05866|BAA05866.1	36.36	22	14	0	4	25	35	56	1.7	18.0
Seq10030_92_bp_-1_0_0	ENA|AAR31603|AAR31603.1	41.67	12	7	0	6	17	111	122	1.8	18.0
Seq10030_92_bp_-1_0_0	ENA|CAA29956|CAA29956.1	100.00	3	0	0	15	17	375	377	2.1	18.0
Seq10030_92_bp_-1_0_0	ENA|BAA32018|BAA32018.1	80.00	5	1	0	12	16	426	430	2.3	18.6
Seq10030_92_bp_-1_0_0	ENA|CAA45708|CAA45708.1	45.45	11	6	0	3	13	608	618	2.4	19.8
Seq10030_92_bp_-1_0_0	ENA|AAA24145|AAA24145.1	44.44	9	5	0	15	23	166	174	2.5	18.0
Seq10030_92_bp_-1_0_0	ENA|ABD49687|ABD49687.1	42.86	14	8	0	6	19	85	98	2.7	19.8
Seq10030_92_bp_-1_0_0	ENA|ABK71357|ABK71357.1	40.00	10	6	0	12	21	44	53	3.1	17.4
Seq10030_92_bp_-1_0_0	ENA|AAA25966|AAA25966.1	100.00	3	0	0	15	17	371	373	3.9	18.0
Seq10030_92_bp_-1_0_0	ENA|ACH70901|ACH70901.1	36.36	11	7	0	2	12	320	330	4.4	16.8
Seq10030_92_bp_-1_0_0	ENA|BAB17681|BAB17681.1	21.05	19	15	0	7	25	69	87	5.1	16.2
Seq10030_92_bp_-1_0_0	ENA|AAC40132|AAC40132.1	66.67	6	2	0	7	12	83	88	5.8	16.8
Seq10030_92_bp_-1_0_0	ENA|AAA32624|AAA32624.1	41.67	12	7	0	4	15	80	91	6.3	16.8
Seq10030_92_bp_-1_0_0	ENA|AAB03707|AAB03707.1	35.71	14	9	0	1	14	955	968	7.3	18.0
Seq10030_92_bp_-1_0_0	ENA|AAC17860|AAC17860.1	38.10	23	13	2	2	24	208	228	7.4	16.2
Seq10030_92_bp_-1_0_0	ENA|CAA29968|CAA29968.1	50.00	8	4	0	4	11	2	9	8	15.0
Seq10030_92_bp_-1_0_0	ENA|ABN10845|ABN10845.1	30.00	10	7	0	2	11	4	13	8.8	15.0
Seq10030_92_bp_-1_0_0	ENA|CAB75732|CAB75732.1	80.00	5	1	0	11	15	220	224	9	17.4
Seq10030_92_bp_-1_0_0	ENA|BAA32991|BAA32991.1	50.00	8	4	0	18	25	11	18	9.5	13.2
Seq10030_92_bp_-1_1_0	ENA|CAA29956|CAA29956.1	63.64	11	4	0	5	15	366	376	0.092	22.7
Seq10030_92_bp_-1_1_0	ENA|BAA05866|BAA05866.1	45.45	11	6	0	13	23	172	182	1.2	18.6
Seq10030_92_bp_-1_1_0	ENA|AAB26998|AAB26998.1	45.45	11	6	0	13	23	69	79	1.8	16.1
Seq10030_92_bp_-1_1_0	ENA|CAA73529|CAA73529.1	35.71	14	9	0	5	18	35	48	2.2	17.6
Seq10030_92_bp_-1_1_0	ENA|AAI27517|AAI27517.1	50.00	12	6	0	3	14	504	515	2.4	18.6
Seq10030_92_bp_-1_1_0	ENA|AAF79734|AAF79734.1	62.50	8	3	0	12	19	87	94	4	19.1
Seq10030_92_bp_-1_1_0	ENA|BAA32991|BAA32991.1	40.00	10	6	0	13	22	15	24	4.5	14.6
Seq10030_92_bp_-1_1_0	ENA|AAC08817|AAC08817.1	40.00	10	6	0	10	19	119	128	5.1	15.6
Seq10030_92_bp_-1_1_0	ENA|CAA26023|CAA26023.1	55.56	9	4	0	11	19	6	14	6.1	16.6
Seq10030_92_bp_-1_1_0	ENA|ABD49687|ABD49687.1	40.00	15	9	0	9	23	1115	1129	6.6	18.6
Seq10030_92_bp_-1_1_0	ENA|AAR31603|AAR31603.1	100.00	4	0	0	12	15	286	289	7.3	16.1
Seq10030_92_bp_-1_1_0	ENA|AAA36539|AAA36539.1	100.00	4	0	0	13	16	450	453	7.4	16.6
Seq10030_92_bp_-1_1_0	ENA|AAA36114|AAA36114.1	57.14	7	3	0	4	10	508	514	7.9	16.6
Seq10030_92_bp_-1_1_0	ENA|ABK71357|ABK71357.1	46.15	13	7	0	15	27	47	59	8.2	16.1
Seq10030_92_bp_-1_2_0	ENA|AAQ92751|AAQ92751.2	31.82	22	15	0	9	30	515	536	0.69	21.7
Seq10030_92_bp_-1_2_0	ENA|AAI27517|AAI27517.1	50.00	12	6	0	13	24	36	47	0.91	20.1
Seq10030_92_bp_-1_2_0	ENA|AAC08817|AAC08817.1	28.57	21	15	0	3	23	12	32	1.1	17.9
Seq10030_92_bp_-1_2_0	ENA|ABD49687|ABD49687.1	66.67	9	3	0	6	14	1161	1169	1.2	21.2
Seq10030_92_bp_-1_2_0	ENA|BAB17681|BAB17681.1	41.67	12	7	0	18	29	26	37	1.9	17.9
Seq10030_92_bp_-1_2_0	ENA|BAA05866|BAA05866.1	55.56	9	4	0	13	21	283	291	2.1	17.9
Seq10030_92_bp_-1_2_0	ENA|AAC49865|AAC49865.1	33.33	18	12	0	10	27	4	21	2.3	17.9
Seq10030_92_bp_-1_2_0	ENA|ABK71357|ABK71357.1	41.67	29	14	5	1	29	175	198	2.6	17.9
Seq10030_92_bp_-1_2_0	ENA|CAB75732|CAB75732.1	38.46	13	8	0	6	18	161	173	2.6	19.5
Seq10030_92_bp_-1_2_0	ENA|AAC97205|AAC97205.1	33.33	24	16	0	4	27	77	100	2.7	19.5
Seq10030_92_bp_-1_2_0	ENA|AAB96524|AAB96524.1	31.25	16	11	0	2	17	62	77	3.9	16.3
Seq10030_92_bp_-1_2_0	ENA|CAA11507|CAA11507.1	54.55	11	5	0	19	29	933	943	6.2	18.4
Seq10030_92_bp_-1_2_0	ENA|AAB03707|AAB03707.1	63.64	11	4	0	16	26	531	541	6.3	18.4
Seq10030_92_bp_-1_2_0	ENA|BAB79260|BAB79260.1	71.43	7	2	0	20	26	21	27	6.4	16.8
Seq10030_92_bp_-1_2_0	ENA|AAF79734|AAF79734.1	25.00	20	15	0	6	25	324	343	6.6	18.4
Seq10030_92_bp_-1_2_0	ENA|AAC40132|AAC40132.1	83.33	6	1	0	7	12	250	255	6.7	16.8
Seq10030_92_bp_-1_2_0	ENA|CAA29956|CAA29956.1	33.33	21	14	0	1	21	126	146	7.6	16.3
Seq10030_92_bp_-1_2_0	ENA|ACT10338|ACT10338.1	57.14	7	3	0	11	17	26	32	7.9	16.3
Seq10030_92_bp_-1_2_0	ENA|EDO47375|EDO47375.1	26.67	30	22	0	1	30	72	101	8.1	15.2
Seq10030_92_bp_-1_2_0	ENA|AAA36539|AAA36539.1	40.00	15	9	0	6	20	443	457	9.5	16.3
Seq10030_92_bp_-1_2_0	ENA|CAD53387|CAD53387.1	70.00	12	3	2	13	22	486	497	10	16.3
