Seq254_83_bp_1_0_0	ABN10845.1	28.00	25	18	0	3	27	45	69	0.32	20.0
Seq254_83_bp_1_0_0	AAA18786.1	25.00	20	15	0	1	20	78	97	0.99	18.7
Seq254_83_bp_1_0_0	BAA32956.1	27.27	25	16	3	4	26	147	170	1.2	18.0
Seq254_83_bp_1_0_0	AAA23282.1	26.09	26	17	3	2	24	366	391	3.3	18.0
Seq254_83_bp_1_0_0	AAI27517.1	38.89	23	11	5	1	23	503	520	3.4	18.0
Seq254_83_bp_1_0_0	AAB64315.2	54.55	14	5	3	11	24	46	56	4.8	16.6
Seq254_83_bp_1_0_0	AAC78721.1	36.84	21	12	2	1	21	629	647	6.1	17.3
Seq254_83_bp_1_0_0	AAR37016.1	40.00	23	12	3	1	20	1754	1776	6.6	19.0
Seq254_83_bp_1_0_0	ABD49687.1	25.00	24	18	0	4	27	35	58	7.6	18.3
Seq254_83_bp_1_0_0	AAA26915.1	47.06	20	9	3	1	20	446	462	8.3	16.3
Seq254_83_bp_1_1_0	ABD49687.1	38.46	13	8	0	5	17	225	237	0.023	26.4
Seq254_83_bp_1_1_0	ACH70904.1	23.53	17	13	0	3	19	135	151	0.12	21.7
Seq254_83_bp_1_1_0	AAR31603.1	42.86	15	8	1	5	19	142	155	0.23	20.7
Seq254_83_bp_1_1_0	BAA32956.1	44.44	9	5	0	1	9	21	29	0.39	19.2
Seq254_83_bp_1_1_0	AAR37016.1	38.46	13	8	0	3	15	2249	2261	0.6	22.1
Seq254_83_bp_1_1_0	CAA04196.1	38.46	14	8	1	1	13	39	52	2.6	17.5
Seq254_83_bp_1_1_0	AAB26998.1	35.29	24	11	7	1	17	25	48	2.7	15.0
Seq254_83_bp_1_1_0	CAA73529.1	28.57	14	10	0	2	15	98	111	2.8	16.8
Seq254_83_bp_1_1_0	AAA45888.1	33.33	18	10	3	2	19	127	141	3	17.1
Seq254_83_bp_1_1_0	CAA43372.1	25.00	20	15	0	1	20	159	178	3.2	17.1
Seq254_83_bp_1_1_0	AAC08817.1	38.46	18	8	5	6	18	106	123	4.4	15.3
Seq254_83_bp_1_1_0	AAF01122.1	71.43	7	2	0	1	7	12	18	6	16.1
Seq254_83_bp_1_1_0	AAA42531.1	55.56	10	4	1	3	11	156	165	6.2	16.1
Seq254_83_bp_1_1_0	AAA32624.1	60.00	12	4	2	5	16	110	119	6.5	16.4
Seq254_83_bp_1_1_0	AAA25966.1	36.36	14	7	3	6	16	311	324	7	16.8
Seq254_83_bp_1_1_0	AAC97205.1	60.00	11	4	1	7	16	653	663	7.3	17.5
Seq254_83_bp_1_1_0	AII71783.1	45.45	11	6	0	4	14	53	63	7.9	15.3
Seq254_83_bp_1_1_0	AAA24969.1	25.00	17	12	1	5	20	310	326	8.9	17.5
Seq254_83_bp_1_1_0	AAI27517.1	50.00	16	6	4	1	15	310	322	9.2	16.1
Seq254_83_bp_1_1_0	CAA45199.1	50.00	10	5	0	4	13	68	77	9.3	15.7
Seq254_83_bp_1_1_0	BAA32991.1	50.00	4	2	0	3	6	29	32	9.7	12.9
Seq254_83_bp_1_2_0	AAA24969.1	96.30	27	1	0	1	27	785	811	4e-15	69.0
Seq254_83_bp_1_2_0	AAB03707.1	50.00	27	13	1	1	26	697	723	1.1e-05	37.6
Seq254_83_bp_1_2_0	AAB96524.1	30.77	13	9	0	4	16	18	30	0.94	18.2
Seq254_83_bp_1_2_0	ABS38337.1	40.00	26	15	1	1	26	429	453	0.96	21.0
Seq254_83_bp_1_2_0	AAA42531.1	52.94	21	8	4	2	18	132	152	1.2	18.9
Seq254_83_bp_1_2_0	BAA32018.1	38.89	19	11	1	2	19	88	106	1.2	19.6
Seq254_83_bp_1_2_0	AAX12058.1	33.33	24	16	0	3	26	36	59	1.4	18.2
Seq254_83_bp_1_2_0	AAB26998.1	50.00	8	4	0	2	9	52	59	2.1	15.8
Seq254_83_bp_1_2_0	AAF01122.1	36.00	25	16	0	3	27	298	322	2.4	17.9
Seq254_83_bp_1_2_0	CAA73529.1	35.00	22	13	2	2	21	246	267	3.5	16.8
Seq254_83_bp_1_2_0	CAA04196.1	30.43	28	16	5	2	26	41	66	4.2	17.2
Seq254_83_bp_1_2_0	AAA26915.1	30.43	24	16	1	5	27	322	345	4.7	17.2
Seq254_83_bp_1_2_0	AAC78721.1	37.50	29	15	5	1	24	363	391	5.3	17.5
Seq254_83_bp_1_2_0	AAI27517.1	33.33	24	16	0	3	26	461	484	5.9	17.2
Seq254_83_bp_1_2_0	EDO47375.1	35.71	15	9	1	2	15	155	169	7.7	15.1
Seq254_83_bp_1_2_0	BAA32991.1	29.41	18	12	1	1	17	47	64	9.1	13.4
Seq254_83_bp_-1_0_0	CAA26230.1	46.15	13	7	0	1	13	41	53	2.9	17.5
Seq254_83_bp_-1_0_0	CAA74140.1	30.77	13	9	0	5	17	484	496	6.2	17.1
Seq254_83_bp_-1_0_0	ABL74574.1	26.67	15	11	0	2	16	29	43	7.3	15.1
Seq254_83_bp_-1_0_0	AAA72732.1	46.67	16	8	1	2	16	170	185	7.9	15.1
Seq254_83_bp_-1_0_0	CAA73529.1	57.14	7	3	0	2	8	86	92	9	14.7
Seq254_83_bp_-1_1_0	AAA26915.1	43.75	16	9	0	2	17	48	63	0.42	20.1
Seq254_83_bp_-1_1_0	AAC17860.1	62.50	17	6	1	1	16	181	197	0.49	19.6
Seq254_83_bp_-1_1_0	BAB79260.1	26.67	15	11	0	1	15	143	157	0.72	19.2
Seq254_83_bp_-1_1_0	AAB64315.2	42.86	14	8	0	1	14	53	66	0.94	18.4
Seq254_83_bp_-1_1_0	AAC97205.1	60.00	10	4	0	2	11	293	302	1.1	20.1
Seq254_83_bp_-1_1_0	AAR37016.1	46.67	15	8	0	1	15	852	866	2.1	20.1
Seq254_83_bp_-1_1_0	AAX84812.1	66.67	9	3	0	9	17	123	131	2.1	16.7
Seq254_83_bp_-1_1_0	CAA04196.1	40.00	10	6	0	7	16	79	88	3.8	16.7
Seq254_83_bp_-1_1_0	AAA72732.1	26.67	15	11	0	1	15	29	43	5.1	15.8
Seq254_83_bp_-1_1_0	AII71783.1	57.14	18	6	4	2	15	238	255	6.6	15.4
Seq254_83_bp_-1_1_0	ABG75784.1	33.33	15	10	0	1	15	272	286	6.7	15.4
Seq254_83_bp_-1_2_0	AAC97205.1	83.33	6	1	0	4	9	1038	1043	2.1	18.9
