Seq5669_167_bp_1_0_0	ACT10338.1	40.91	22	13	0	24	45	18	39	0.063	24.2
Seq5669_167_bp_1_0_0	CAA45199.1	33.33	21	14	0	32	52	46	66	0.48	21.6
Seq5669_167_bp_1_0_0	ABD49687.1	43.75	16	9	0	26	41	1095	1110	1.7	21.6
Seq5669_167_bp_1_0_0	AAB64315.2	33.33	23	14	2	15	35	30	52	2.1	18.9
Seq5669_167_bp_1_0_0	AAR31603.1	37.50	16	10	0	24	39	137	152	2.1	18.9
Seq5669_167_bp_1_0_0	AAB03707.1	55.56	9	4	0	12	20	1344	1352	2.9	20.5
Seq5669_167_bp_1_0_0	BAE97662.1	40.00	20	12	0	32	51	178	197	3.4	20.0
Seq5669_167_bp_1_0_0	AAI27517.1	37.50	16	10	0	40	55	471	486	3.7	18.9
Seq5669_167_bp_1_0_0	ABN10845.1	46.67	15	8	0	31	45	57	71	4.1	17.3
Seq5669_167_bp_1_0_0	AEE27845.1	37.50	16	10	0	36	51	455	470	4.1	20.0
Seq5669_167_bp_1_0_0	AAA25966.1	28.12	33	23	1	18	49	669	701	4.5	18.9
Seq5669_167_bp_1_0_0	AAA36565.1	43.75	17	9	1	1	16	139	155	4.5	16.8
Seq5669_167_bp_1_0_0	AAA45888.1	38.89	18	11	0	32	49	307	324	4.9	17.8
Seq5669_167_bp_1_0_0	BAA32991.1	33.33	6	4	0	16	21	24	29	5.5	15.2
Seq5669_167_bp_1_0_0	CAA26230.1	38.46	13	8	0	39	51	177	189	7	17.8
Seq5669_167_bp_1_0_0	AAC97205.1	26.67	32	22	2	21	52	1188	1217	7.4	18.9
Seq5669_167_bp_1_0_0	BAA32956.1	38.89	18	11	0	2	19	187	204	7.9	16.3
Seq5669_167_bp_1_0_0	ACH70904.1	41.67	12	7	0	32	43	263	274	9.2	16.8
Seq5669_167_bp_1_0_0	AAR37016.1	42.86	14	8	0	42	55	1087	1100	9.6	19.4
Seq5669_167_bp_1_1_0	ABD33854.1	55.56	9	4	0	28	36	47	55	0.3	19.3
Seq5669_167_bp_1_1_0	BAB70780.1	87.50	8	1	0	38	45	437	444	0.44	21.7
Seq5669_167_bp_1_1_0	EDO47375.1	31.25	16	11	0	22	37	148	163	0.64	19.8
Seq5669_167_bp_1_1_0	AAR37016.1	42.31	27	15	1	2	28	3	28	1.5	22.2
Seq5669_167_bp_1_1_0	AAA42531.1	62.50	8	3	0	35	42	296	303	2.5	18.9
Seq5669_167_bp_1_1_0	BAA32956.1	46.67	15	8	0	23	37	189	203	2.6	17.9
Seq5669_167_bp_1_1_0	AAA36565.1	50.00	10	5	0	35	44	152	161	2.9	17.4
Seq5669_167_bp_1_1_0	AAA25966.1	50.00	22	9	4	34	55	653	670	3.3	19.3
Seq5669_167_bp_1_1_0	AAB26998.1	50.00	8	4	0	17	24	47	54	6.7	15.1
Seq5669_167_bp_1_1_0	AAI27517.1	36.84	19	12	0	24	42	346	364	7	17.9
Seq5669_167_bp_1_2_0	AAF01122.1	89.09	55	6	0	1	55	135	189	6.2e-27	107.2
Seq5669_167_bp_1_2_0	ACH70904.1	25.00	50	36	2	3	51	4	52	0.28	22.0
Seq5669_167_bp_1_2_0	AAA72732.1	30.00	40	28	0	11	50	167	206	1.1	19.8
Seq5669_167_bp_1_2_0	AAB64315.2	42.86	14	8	0	39	52	3	16	3.6	18.1
Seq5669_167_bp_1_2_0	ABD49687.1	33.33	27	18	0	22	48	1300	1326	4.2	20.2
Seq5669_167_bp_1_2_0	AIR13712.1	30.00	51	35	1	2	52	51	100	4.8	17.7
Seq5669_167_bp_1_2_0	AAQ92751.2	25.00	44	33	0	12	55	109	152	6	19.4
Seq5669_167_bp_1_2_0	AAB03707.1	40.00	20	12	0	23	42	151	170	8	19.0
Seq5669_167_bp_1_2_0	AAC78721.1	32.14	28	19	0	8	35	512	539	9.4	17.7
Seq5669_167_bp_-1_0_0	AIR13712.1	39.29	28	17	0	8	35	143	170	0.05	24.3
Seq5669_167_bp_-1_0_0	CAA73529.1	46.15	13	7	0	35	47	200	212	0.1	23.0
Seq5669_167_bp_-1_0_0	AAB26998.1	41.67	12	7	0	8	19	58	69	1.2	17.7
Seq5669_167_bp_-1_0_0	ABG75784.1	43.75	16	9	0	38	53	118	133	3.4	18.1
Seq5669_167_bp_-1_0_0	CAA45199.1	29.63	27	19	0	12	38	395	421	3.7	18.6
Seq5669_167_bp_-1_0_0	AAA32376.1	33.33	18	12	0	34	51	12	29	6.2	16.3
Seq5669_167_bp_-1_1_0	AIR13712.1	36.00	25	16	0	5	29	281	305	0.14	22.4
Seq5669_167_bp_-1_1_0	AIR13712.1	32.00	25	17	0	5	29	238	262	0.59	20.3
Seq5669_167_bp_-1_1_0	AAA26915.1	36.36	22	14	0	5	26	57	78	0.28	21.8
Seq5669_167_bp_-1_1_0	AAQ92751.2	25.71	35	26	0	3	37	117	151	0.57	22.4
Seq5669_167_bp_-1_1_0	AAC08817.1	25.00	28	21	0	12	39	133	160	0.6	19.2
Seq5669_167_bp_-1_1_0	BAA32956.1	29.41	36	24	2	1	36	166	199	1.1	18.7
Seq5669_167_bp_-1_1_0	AAB03707.1	33.33	27	18	0	9	35	848	874	1.2	21.3
Seq5669_167_bp_-1_1_0	CAA43372.1	46.15	13	7	0	26	38	28	40	2.2	18.7
Seq5669_167_bp_-1_1_0	AAA25966.1	20.59	34	27	0	1	34	547	580	2.6	19.2
Seq5669_167_bp_-1_1_0	AAA18786.1	43.75	16	9	0	3	18	209	224	2.9	17.6
Seq5669_167_bp_-1_1_0	CAA26230.1	33.33	18	12	0	1	18	403	420	2.9	18.7
Seq5669_167_bp_-1_1_0	AAR31603.1	31.03	29	20	0	1	29	234	262	3.5	17.6
Seq5669_167_bp_-1_1_0	AAA65607.1	27.78	36	26	0	4	39	149	184	5.6	17.1
Seq5669_167_bp_-1_1_0	ABK71357.1	40.00	20	12	0	3	22	30	49	5.6	17.1
Seq5669_167_bp_-1_1_0	AAA24969.1	34.48	29	19	0	4	32	1239	1267	7.6	18.7
Seq5669_167_bp_-1_1_1	AAA32376.1	46.67	15	8	0	1	15	23	37	0.37	18.6
Seq5669_167_bp_-1_1_1	ACT10338.1	42.86	7	4	0	2	8	295	301	2.9	16.8
Seq5669_167_bp_-1_1_1	AAC78721.1	40.00	10	6	0	6	15	272	281	3.3	17.4
Seq5669_167_bp_-1_1_1	AAF01122.1	40.00	10	6	0	3	12	43	52	4.2	16.2
Seq5669_167_bp_-1_1_1	AAI27517.1	35.71	14	9	0	2	15	350	363	4.3	16.8
Seq5669_167_bp_-1_1_1	BAB17681.1	35.71	14	9	0	2	15	184	197	4.7	15.5
Seq5669_167_bp_-1_1_1	AAB26998.1	30.00	10	7	0	5	14	14	23	4.9	13.7
Seq5669_167_bp_-1_1_1	ABD49687.1	50.00	8	4	0	4	11	1453	1460	5.3	18.0
Seq5669_167_bp_-1_2_0	BAA32956.1	33.33	21	14	0	33	53	187	207	0.028	24.5
Seq5669_167_bp_-1_2_0	ABK71357.1	47.83	23	12	0	14	36	45	67	0.07	24.0
Seq5669_167_bp_-1_2_0	AAA25966.1	33.33	27	18	0	22	48	66	92	0.14	24.0
Seq5669_167_bp_-1_2_0	AEE27845.1	37.50	16	10	0	15	30	1302	1317	1	22.0
Seq5669_167_bp_-1_2_0	AAA18786.1	45.45	11	6	0	1	11	177	187	1.1	19.5
Seq5669_167_bp_-1_2_0	AAH69556.1	40.00	15	9	0	41	55	239	253	1.3	19.5
Seq5669_167_bp_-1_2_0	ABD49687.1	55.56	9	4	0	31	39	1580	1588	2.5	21.0
Seq5669_167_bp_-1_2_0	AAQ92751.2	36.36	22	14	0	8	29	1293	1314	2.8	20.5
Seq5669_167_bp_-1_2_0	AAA45888.1	62.50	8	3	0	32	39	301	308	3.1	18.5
Seq5669_167_bp_-1_2_0	BAA32991.1	33.33	12	8	0	4	15	17	28	3.1	16.0
Seq5669_167_bp_-1_2_0	AAR37016.1	56.25	19	7	3	30	45	843	861	4.7	20.5
Seq5669_167_bp_-1_2_0	AAC97205.1	31.82	24	15	2	18	39	1179	1202	4.9	19.5
Seq5669_167_bp_-1_2_0	AAC08817.1	66.67	6	2	0	15	20	5	10	5.2	16.5
Seq5669_167_bp_-1_2_0	AAR31603.1	50.00	14	7	0	7	20	244	257	5.2	17.5
Seq5669_167_bp_-1_2_0	AAA36565.1	33.33	9	6	0	15	23	71	79	5.2	16.5
Seq5669_167_bp_-1_2_0	CAA74140.1	40.00	15	9	0	24	38	312	326	5.3	19.0
Seq5669_167_bp_-1_2_0	CAA73529.1	22.58	31	24	0	10	40	246	276	6.1	17.0
Seq5669_167_bp_-1_2_0	AAI27517.1	50.00	8	4	0	33	40	384	391	6.5	18.0
Seq5669_167_bp_-1_2_0	AAA24142.1	62.50	8	3	0	1	8	85	92	7	17.5
