Seq6433_173_bp_1_0_0	ENA|AAC08817|AAC08817.1	35.29	55	33	4	3	55	6	58	4.1e-07	40.2
Seq6433_173_bp_1_0_0	ENA|AAC08817|AAC08817.1	39.47	50	23	12	5	52	102	141	0.051	23.3
Seq6433_173_bp_1_0_0	ENA|CAD53387|CAD53387.1	48.48	41	17	8	13	48	67	104	0.00024	32.7
Seq6433_173_bp_1_0_0	ENA|CAD53387|CAD53387.1	48.48	41	17	8	13	48	133	170	0.00024	32.7
Seq6433_173_bp_1_0_0	ENA|CAD53387|CAD53387.1	48.48	41	17	8	13	48	199	236	0.00024	32.7
Seq6433_173_bp_1_0_0	ENA|CAD53387|CAD53387.1	48.48	41	17	8	13	48	265	302	0.00024	32.7
Seq6433_173_bp_1_0_0	ENA|CAD53387|CAD53387.1	48.48	41	17	8	13	48	331	368	0.00024	32.7
Seq6433_173_bp_1_0_0	ENA|CAD53387|CAD53387.1	48.48	41	17	8	13	48	397	434	0.00024	32.7
Seq6433_173_bp_1_0_0	ENA|CAD53387|CAD53387.1	57.14	41	12	13	12	48	7	38	0.00046	31.7
Seq6433_173_bp_1_0_0	ENA|CAD53387|CAD53387.1	52.94	18	8	1	41	57	456	473	0.26	22.6
Seq6433_173_bp_1_0_0	ENA|AAR31603|AAR31603.1	34.62	55	34	3	6	57	245	299	0.00038	31.4
Seq6433_173_bp_1_0_0	ENA|ABD49687|ABD49687.1	54.84	44	14	13	16	52	106	143	0.0061	29.8
Seq6433_173_bp_1_0_0	ENA|AAB66912|AAB66912.1	54.55	41	15	8	7	46	289	322	0.013	27.8
Seq6433_173_bp_1_0_0	ENA|CCP43727|CCP43727.1	56.25	47	14	15	1	39	167	206	0.014	26.2
Seq6433_173_bp_1_0_0	ENA|CCP43727|CCP43727.1	34.29	35	23	0	20	54	15	49	0.65	20.6
Seq6433_173_bp_1_0_0	ENA|CCP43727|CCP43727.1	50.00	14	7	0	1	14	152	165	0.65	20.6
Seq6433_173_bp_1_0_0	ENA|AAI27517|AAI27517.1	40.00	43	21	8	15	49	322	364	0.025	26.2
Seq6433_173_bp_1_0_0	ENA|AAI27517|AAI27517.1	28.95	40	27	2	19	57	373	411	0.12	23.9
Seq6433_173_bp_1_0_0	ENA|AAI27517|AAI27517.1	45.45	49	18	16	19	52	476	523	0.12	23.9
Seq6433_173_bp_1_0_0	ENA|AAI27517|AAI27517.1	40.62	40	19	8	16	51	104	139	0.19	23.3
Seq6433_173_bp_1_0_0	ENA|ABK71357|ABK71357.1	55.00	25	9	5	15	37	193	214	0.38	21.6
Seq6433_173_bp_1_0_0	ENA|AAR37016|AAR37016.1	41.18	68	30	17	2	52	723	790	0.49	23.9
Seq6433_173_bp_1_0_0	ENA|AAR37016|AAR37016.1	42.42	40	19	7	19	55	636	671	0.77	23.3
Seq6433_173_bp_1_0_0	ENA|BAA32956|BAA32956.1	36.36	22	14	0	36	57	184	205	0.65	20.0
Seq6433_173_bp_1_0_0	ENA|AAA25966|AAA25966.1	45.00	22	11	2	12	33	359	378	0.73	21.6
Seq6433_173_bp_1_0_0	ENA|CAA45708|CAA45708.1	44.44	36	15	9	17	50	1006	1034	0.78	22.6
Seq6433_173_bp_1_0_0	ENA|AAC17860|AAC17860.1	50.00	20	8	4	29	48	12	27	0.81	20.6
Seq6433_173_bp_1_0_0	ENA|CAB75732|CAB75732.1	54.17	30	11	6	34	57	243	272	0.93	22.0
Seq6433_173_bp_1_0_0	ENA|CAA45199|CAA45199.1	47.37	21	10	2	14	32	408	428	0.93	20.6
Seq6433_173_bp_1_0_0	ENA|CAA26023|CAA26023.1	52.94	20	8	3	16	35	12	28	0.95	20.3
Seq6433_173_bp_1_0_0	ENA|BAA32991|BAA32991.1	41.67	12	7	0	3	14	43	54	1	17.7
Seq6433_173_bp_1_0_0	ENA|AAC97205|AAC97205.1	63.64	11	4	0	17	27	996	1006	1.2	21.6
Seq6433_173_bp_1_0_0	ENA|AAQ92751|AAQ92751.2	51.85	35	13	8	19	47	1116	1148	1.7	21.3
Seq6433_173_bp_1_0_0	ENA|CAA43419|CAA43419.1	43.75	16	9	0	42	57	32	47	1.8	19.3
Seq6433_173_bp_1_0_0	ENA|AAB26998|AAB26998.1	32.00	30	17	5	28	53	14	42	2.3	16.7
Seq6433_173_bp_1_0_0	ENA|ACT10338|ACT10338.1	37.50	27	15	3	22	45	292	318	2.3	19.0
Seq6433_173_bp_1_0_0	ENA|AAC49865|AAC49865.1	38.46	13	8	0	44	56	107	119	3.1	18.4
Seq6433_173_bp_1_0_0	ENA|AAC78721|AAC78721.1	38.46	45	24	6	6	48	565	605	3.2	19.3
Seq6433_173_bp_1_0_0	ENA|ACH70901|ACH70901.1	58.82	22	7	5	30	51	252	268	4.2	18.0
Seq6433_173_bp_1_0_0	ENA|AAA18786|AAA18786.1	50.00	17	8	1	31	47	205	220	4.9	17.4
Seq6433_173_bp_1_0_0	ENA|BAB79260|BAB79260.1	60.00	10	4	0	2	11	188	197	6.5	17.7
Seq6433_173_bp_1_0_0	ENA|AAF79734|AAF79734.1	71.43	7	2	0	45	51	501	507	6.7	19.3
Seq6433_173_bp_1_0_0	ENA|CAA29968|CAA29968.1	66.67	6	2	0	2	7	14	19	6.8	16.4
Seq6433_173_bp_1_0_0	ENA|BAB17681|BAB17681.1	52.17	30	11	7	8	30	183	212	7.6	16.7
Seq6433_173_bp_1_0_0	ENA|CAA26939|CAA26939.1	60.00	17	4	7	43	52	295	311	8.1	17.7
Seq6433_173_bp_1_0_0	ENA|AAA36114|AAA36114.1	34.29	42	23	7	3	44	326	360	8.9	17.4
Seq6433_173_bp_1_0_0	ENA|CAA11507|CAA11507.1	38.71	34	19	3	17	47	145	178	9.6	18.7
Seq6433_173_bp_1_1_0	ENA|BAA32956|BAA32956.1	56.67	34	13	4	21	54	179	208	0.00023	31.5
Seq6433_173_bp_1_1_0	ENA|ABD49687|ABD49687.1	38.78	58	30	9	6	54	439	496	0.0078	29.4
Seq6433_173_bp_1_1_0	ENA|ABD49687|ABD49687.1	50.00	19	8	3	30	45	933	951	0.89	22.6
Seq6433_173_bp_1_1_0	ENA|CAD53387|CAD53387.1	52.27	58	21	14	4	55	420	469	0.015	26.7
Seq6433_173_bp_1_1_0	ENA|CAD53387|CAD53387.1	50.00	61	24	13	4	57	24	78	0.033	25.6
Seq6433_173_bp_1_1_0	ENA|CAD53387|CAD53387.1	50.00	61	24	13	4	57	90	144	0.033	25.6
Seq6433_173_bp_1_1_0	ENA|CAD53387|CAD53387.1	50.00	61	24	13	4	57	156	210	0.033	25.6
Seq6433_173_bp_1_1_0	ENA|CAD53387|CAD53387.1	50.00	61	24	13	4	57	222	276	0.033	25.6
Seq6433_173_bp_1_1_0	ENA|CAD53387|CAD53387.1	50.00	61	24	13	4	57	288	342	0.033	25.6
Seq6433_173_bp_1_1_0	ENA|CAD53387|CAD53387.1	50.00	61	24	13	4	57	354	408	0.033	25.6
Seq6433_173_bp_1_1_0	ENA|AAC78721|AAC78721.1	43.24	46	21	9	15	57	566	605	0.1	24.4
Seq6433_173_bp_1_1_0	ENA|AAC97205|AAC97205.1	50.00	25	11	3	36	57	10	34	0.12	25.0
Seq6433_173_bp_1_1_0	ENA|AAC97205|AAC97205.1	25.64	42	29	3	16	57	62	100	0.28	23.8
Seq6433_173_bp_1_1_0	ENA|AAI27517|AAI27517.1	65.00	30	7	10	36	57	301	328	0.2	23.2
Seq6433_173_bp_1_1_0	ENA|AAI27517|AAI27517.1	61.54	15	5	2	32	44	20	34	0.25	22.9
Seq6433_173_bp_1_1_0	ENA|AAC08817|AAC08817.1	63.64	12	4	1	34	45	127	137	0.42	20.2
Seq6433_173_bp_1_1_0	ENA|ABK71357|ABK71357.1	43.75	35	18	3	26	57	169	203	0.99	20.2
Seq6433_173_bp_1_1_0	ENA|CAA26939|CAA26939.1	50.00	17	8	1	40	55	221	237	1.5	20.2
Seq6433_173_bp_1_1_0	ENA|CAA26023|CAA26023.1	75.00	8	2	0	39	46	7	14	1.9	19.3
Seq6433_173_bp_1_1_0	ENA|CAA73529|CAA73529.1	50.00	14	7	0	22	35	47	60	2.5	18.4
Seq6433_173_bp_1_1_0	ENA|CAA29956|CAA29956.1	37.50	30	15	6	19	42	347	376	4.1	18.1
Seq6433_173_bp_1_1_0	ENA|AAQ92751|AAQ92751.2	42.86	22	12	1	10	30	752	773	6.5	19.3
Seq6433_173_bp_1_1_0	ENA|AAA72732|AAA72732.1	46.67	15	8	0	9	23	140	154	9.1	16.7
Seq6433_173_bp_1_1_0	ENA|AAA42531|AAA42531.1	100.00	5	0	0	21	25	296	300	9.2	16.9
Seq6433_173_bp_1_2_0	ENA|CCP43727|CCP43727.1	96.49	57	2	0	1	57	135	191	2.6e-48	178.1
Seq6433_173_bp_1_2_0	ENA|CCP43727|CCP43727.1	70.00	23	6	3	20	42	192	211	5.8e-07	40.8
Seq6433_173_bp_1_2_0	ENA|CCP43727|CCP43727.1	64.71	18	6	1	5	22	118	134	0.00035	31.5
Seq6433_173_bp_1_2_0	ENA|CAA26023|CAA26023.1	44.00	69	28	19	6	56	313	380	0.00069	30.8
Seq6433_173_bp_1_2_0	ENA|AAQ92751|AAQ92751.2	48.48	36	17	3	22	56	817	850	0.0019	31.1
Seq6433_173_bp_1_2_0	ENA|AAC08817|AAC08817.1	37.93	31	18	2	14	44	26	54	0.061	23.0
Seq6433_173_bp_1_2_0	ENA|AAA72732|AAA72732.1	36.36	22	14	0	13	34	47	68	0.16	22.6
Seq6433_173_bp_1_2_0	ENA|AAC17860|AAC17860.1	39.29	34	17	6	15	42	125	158	0.16	23.0
Seq6433_173_bp_1_2_0	ENA|AAC97205|AAC97205.1	43.33	37	17	7	11	41	205	240	0.22	24.1
Seq6433_173_bp_1_2_0	ENA|AAC97205|AAC97205.1	66.67	9	3	0	11	19	1001	1009	0.62	22.6
Seq6433_173_bp_1_2_0	ENA|CAA43419|CAA43419.1	57.14	14	6	0	6	19	320	333	0.24	22.3
Seq6433_173_bp_1_2_0	ENA|AAI27517|AAI27517.1	58.33	16	5	4	4	19	448	459	0.3	22.6
Seq6433_173_bp_1_2_0	ENA|BAA32956|BAA32956.1	80.00	5	1	0	1	5	25	29	0.38	20.8
Seq6433_173_bp_1_2_0	ENA|CAA11507|CAA11507.1	47.17	76	28	23	2	54	214	289	0.53	23.0
Seq6433_173_bp_1_2_0	ENA|AAC78721|AAC78721.1	52.38	26	10	5	29	54	573	593	0.57	21.9
Seq6433_173_bp_1_2_0	ENA|BAB79260|BAB79260.1	60.00	18	6	3	29	43	180	197	0.64	21.1
Seq6433_173_bp_1_2_0	ENA|AAA25966|AAA25966.1	40.74	28	16	1	16	42	188	215	0.79	21.5
Seq6433_173_bp_1_2_0	ENA|ACT10338|ACT10338.1	47.06	18	9	1	13	29	210	227	0.91	20.4
Seq6433_173_bp_1_2_0	ENA|ABK71357|ABK71357.1	47.06	17	9	0	12	28	291	307	1.9	19.3
Seq6433_173_bp_1_2_0	ENA|CAA45199|CAA45199.1	57.14	15	6	1	8	21	403	417	2.4	19.3
Seq6433_173_bp_1_2_0	ENA|CAA29956|CAA29956.1	47.37	20	10	1	30	48	216	235	2.4	18.9
Seq6433_173_bp_1_2_0	ENA|ACH70901|ACH70901.1	50.00	14	6	2	4	17	314	325	3	18.6
Seq6433_173_bp_1_2_0	ENA|AAC40132|AAC40132.1	46.15	13	7	0	7	19	364	376	3.1	18.9
Seq6433_173_bp_1_2_0	ENA|CAA29968|CAA29968.1	40.00	10	6	0	27	36	10	19	3.5	17.4
Seq6433_173_bp_1_2_0	ENA|BAB17681|BAB17681.1	43.75	16	9	0	35	50	191	206	3.8	17.8
Seq6433_173_bp_1_2_0	ENA|AAC49865|AAC49865.1	43.48	23	13	0	22	44	138	160	4.5	17.8
Seq6433_173_bp_1_2_0	ENA|AAA36539|AAA36539.1	50.00	10	5	0	12	21	122	131	5	18.2
Seq6433_173_bp_1_2_0	ENA|AAB03707|AAB03707.1	55.56	9	4	0	7	15	238	246	5.2	19.7
Seq6433_173_bp_1_2_0	ENA|CAD53387|CAD53387.1	42.86	14	8	0	44	57	12	25	5.3	18.2
Seq6433_173_bp_1_2_0	ENA|BAA05866|BAA05866.1	69.23	18	4	5	34	46	13	30	5.4	17.4
Seq6433_173_bp_1_2_0	ENA|AAB26998|AAB26998.1	44.44	9	5	0	45	53	58	66	6.3	15.2
Seq6433_173_bp_1_2_0	ENA|CAA24711|CAA24711.1	50.00	8	4	0	13	20	5	12	6.5	16.3
Seq6433_173_bp_1_2_0	ENA|AAR37016|AAR37016.1	47.62	22	11	1	32	53	1635	1655	6.8	20.0
Seq6433_173_bp_1_2_0	ENA|ABD49687|ABD49687.1	46.15	13	7	0	3	15	533	545	8.1	19.3
Seq6433_173_bp_-1_0_0	ENA|CCP43727|CCP43727.1	40.91	47	26	3	7	53	139	182	0.00018	32.5
Seq6433_173_bp_-1_0_0	ENA|CCP43727|CCP43727.1	42.59	73	31	19	1	56	185	255	0.016	26.0
Seq6433_173_bp_-1_0_0	ENA|CCP43727|CCP43727.1	41.67	57	28	9	5	53	14	69	0.54	20.9
Seq6433_173_bp_-1_0_0	ENA|AAC08817|AAC08817.1	31.25	52	33	4	5	53	26	76	0.0094	25.7
Seq6433_173_bp_-1_0_0	ENA|AAB03707|AAB03707.1	52.94	49	16	15	5	45	205	246	0.032	27.1
Seq6433_173_bp_-1_0_0	ENA|CAD53387|CAD53387.1	41.94	36	18	5	9	43	60	91	0.038	25.4
Seq6433_173_bp_-1_0_0	ENA|CAD53387|CAD53387.1	41.94	36	18	5	9	43	126	157	0.038	25.4
Seq6433_173_bp_-1_0_0	ENA|CAD53387|CAD53387.1	41.94	36	18	5	9	43	192	223	0.038	25.4
Seq6433_173_bp_-1_0_0	ENA|CAD53387|CAD53387.1	41.94	36	18	5	9	43	258	289	0.038	25.4
Seq6433_173_bp_-1_0_0	ENA|CAD53387|CAD53387.1	41.94	36	18	5	9	43	324	355	0.038	25.4
Seq6433_173_bp_-1_0_0	ENA|CAD53387|CAD53387.1	41.94	36	18	5	9	43	390	421	0.038	25.4
Seq6433_173_bp_-1_0_0	ENA|CAD53387|CAD53387.1	54.55	27	10	5	18	43	3	25	0.048	25.0
Seq6433_173_bp_-1_0_0	ENA|AAI27517|AAI27517.1	35.48	35	20	4	17	47	355	389	0.072	24.7
Seq6433_173_bp_-1_0_0	ENA|AAI27517|AAI27517.1	40.00	35	18	5	20	54	454	483	0.6	21.6
Seq6433_173_bp_-1_0_0	ENA|AAI27517|AAI27517.1	38.89	21	11	3	39	56	98	118	0.76	21.3
Seq6433_173_bp_-1_0_0	ENA|AAB66912|AAB66912.1	39.29	30	17	2	29	56	293	322	0.23	23.7
Seq6433_173_bp_-1_0_0	ENA|CAA45199|CAA45199.1	61.11	24	7	6	28	51	42	59	0.24	22.6
Seq6433_173_bp_-1_0_0	ENA|AAR31603|AAR31603.1	34.21	43	25	5	16	57	271	309	0.26	22.0
Seq6433_173_bp_-1_0_0	ENA|AAQ92751|AAQ92751.2	41.18	40	20	6	4	37	892	931	0.27	24.0
Seq6433_173_bp_-1_0_0	ENA|AAQ92751|AAQ92751.2	47.83	27	12	4	9	31	676	702	0.69	22.6
Seq6433_173_bp_-1_0_0	ENA|AAQ92751|AAQ92751.2	36.84	43	24	5	1	42	141	179	0.87	22.3
Seq6433_173_bp_-1_0_0	ENA|AAC97205|AAC97205.1	48.39	39	16	8	26	57	23	60	0.39	23.3
Seq6433_173_bp_-1_0_0	ENA|ABK71357|ABK71357.1	55.56	18	8	0	6	23	125	142	0.77	20.6
Seq6433_173_bp_-1_0_0	ENA|CAB75732|CAB75732.1	46.15	31	14	5	30	56	238	267	0.93	22.0
Seq6433_173_bp_-1_0_0	ENA|AAR37016|AAR37016.1	78.57	16	3	2	41	56	1633	1646	0.93	23.0
Seq6433_173_bp_-1_0_0	ENA|ABD49687|ABD49687.1	53.85	14	6	1	45	57	93	106	1.1	22.3
Seq6433_173_bp_-1_0_0	ENA|AAC78721|AAC78721.1	35.71	45	27	3	4	48	563	604	1.1	20.9
Seq6433_173_bp_-1_0_0	ENA|CAA26023|CAA26023.1	42.86	14	8	0	32	45	307	320	1.3	19.9
Seq6433_173_bp_-1_0_0	ENA|CAA36714|CAA36714.1	71.43	7	2	0	29	35	322	328	2.4	19.2
Seq6433_173_bp_-1_0_0	ENA|AAC17860|AAC17860.1	22.73	22	17	0	21	42	271	292	3.4	18.5
Seq6433_173_bp_-1_0_0	ENA|AAA18786|AAA18786.1	36.59	48	26	7	4	51	219	259	3.5	17.9
Seq6433_173_bp_-1_0_0	ENA|CAA45708|CAA45708.1	50.00	21	10	1	16	36	181	200	3.9	20.3
Seq6433_173_bp_-1_0_0	ENA|CAA73529|CAA73529.1	60.00	5	2	0	44	48	271	275	4.6	17.5
Seq6433_173_bp_-1_0_0	ENA|AAA25966|AAA25966.1	44.44	43	20	7	3	40	189	229	4.7	18.9
Seq6433_173_bp_-1_0_0	ENA|AAA36114|AAA36114.1	71.43	7	2	0	33	39	340	346	5.3	18.2
Seq6433_173_bp_-1_0_0	ENA|CAA11507|CAA11507.1	66.67	9	3	0	37	45	254	262	6.8	19.2
Seq6433_173_bp_-1_0_0	ENA|BAA32991|BAA32991.1	71.43	9	2	2	37	45	43	49	7.3	14.8
Seq6433_173_bp_-1_0_0	ENA|AAA42531|AAA42531.1	50.00	15	7	1	17	30	360	374	9.8	16.8
Seq6433_173_bp_-1_1_0	ENA|AAR31603|AAR31603.1	46.94	67	26	18	2	52	246	310	5.4e-12	57.5
Seq6433_173_bp_-1_1_0	ENA|ABD49687|ABD49687.1	42.00	54	29	4	8	57	94	147	9.1e-11	55.8
Seq6433_173_bp_-1_1_0	ENA|ABD49687|ABD49687.1	52.17	31	11	8	4	26	161	191	0.0065	29.7
Seq6433_173_bp_-1_1_0	ENA|ABD49687|ABD49687.1	47.06	46	18	12	14	55	1579	1616	0.12	25.5
Seq6433_173_bp_-1_1_0	ENA|ABD49687|ABD49687.1	50.00	18	8	2	5	22	700	715	0.22	24.6
Seq6433_173_bp_-1_1_0	ENA|ABD49687|ABD49687.1	87.50	17	1	9	41	57	70	77	0.22	24.6
Seq6433_173_bp_-1_1_0	ENA|ABD49687|ABD49687.1	83.33	6	1	0	1	6	522	527	0.29	24.2
Seq6433_173_bp_-1_1_0	ENA|ABD49687|ABD49687.1	52.00	42	12	17	26	50	1130	1171	0.69	23.0
Seq6433_173_bp_-1_1_0	ENA|AAI27517|AAI27517.1	41.86	46	25	3	1	45	496	539	5.8e-10	51.6
Seq6433_173_bp_-1_1_0	ENA|AAI27517|AAI27517.1	48.15	28	14	1	2	29	100	126	2e-06	39.8
Seq6433_173_bp_-1_1_0	ENA|AAI27517|AAI27517.1	35.29	40	22	6	7	46	344	377	6.5e-06	38.1
Seq6433_173_bp_-1_1_0	ENA|AAI27517|AAI27517.1	38.46	13	8	0	40	52	27	39	0.76	21.3
Seq6433_173_bp_-1_1_0	ENA|CAA45708|CAA45708.1	52.17	29	11	6	9	33	1008	1034	7.1e-06	39.4
Seq6433_173_bp_-1_1_0	ENA|CAD53387|CAD53387.1	50.00	36	13	10	1	35	63	89	7.7e-05	34.3
Seq6433_173_bp_-1_1_0	ENA|CAD53387|CAD53387.1	50.00	36	13	10	1	35	129	155	7.7e-05	34.3
Seq6433_173_bp_-1_1_0	ENA|CAD53387|CAD53387.1	50.00	36	13	10	1	35	195	221	7.7e-05	34.3
Seq6433_173_bp_-1_1_0	ENA|CAD53387|CAD53387.1	50.00	36	13	10	1	35	261	287	7.7e-05	34.3
Seq6433_173_bp_-1_1_0	ENA|CAD53387|CAD53387.1	50.00	36	13	10	1	35	327	353	7.7e-05	34.3
Seq6433_173_bp_-1_1_0	ENA|CAD53387|CAD53387.1	50.00	36	13	10	1	35	393	419	7.7e-05	34.3
Seq6433_173_bp_-1_1_0	ENA|CAD53387|CAD53387.1	76.92	17	3	4	1	15	459	473	0.00059	31.4
Seq6433_173_bp_-1_1_0	ENA|CAD53387|CAD53387.1	47.37	21	10	2	16	35	4	23	0.0019	29.7
Seq6433_173_bp_-1_1_0	ENA|CAA26023|CAA26023.1	38.46	63	32	11	3	55	248	309	0.00034	31.8
Seq6433_173_bp_-1_1_0	ENA|CAA26023|CAA26023.1	58.33	14	5	2	23	36	9	20	0.0062	27.6
Seq6433_173_bp_-1_1_0	ENA|CAA26023|CAA26023.1	75.00	11	2	3	38	45	235	245	0.66	20.8
Seq6433_173_bp_-1_1_0	ENA|AAC08817|AAC08817.1	34.21	46	25	8	4	41	111	156	0.00044	30.1
Seq6433_173_bp_-1_1_0	ENA|AAC08817|AAC08817.1	42.11	22	11	3	12	32	8	27	0.0034	27.2
Seq6433_173_bp_-1_1_0	ENA|AAC08817|AAC08817.1	35.71	49	27	7	12	53	40	88	0.035	23.8
Seq6433_173_bp_-1_1_0	ENA|AAB66912|AAB66912.1	50.00	20	9	2	21	38	921	940	0.002	30.5
Seq6433_173_bp_-1_1_0	ENA|AAB66912|AAB66912.1	34.62	26	17	0	5	30	298	323	0.015	27.6
Seq6433_173_bp_-1_1_0	ENA|AAR37016|AAR37016.1	55.56	41	12	14	13	41	391	429	0.0021	31.8
Seq6433_173_bp_-1_1_0	ENA|AAR37016|AAR37016.1	41.67	30	14	6	5	32	1371	1396	0.021	28.4
Seq6433_173_bp_-1_1_0	ENA|AAR37016|AAR37016.1	42.11	51	22	13	6	44	621	670	0.029	28.0
Seq6433_173_bp_-1_1_0	ENA|AAR37016|AAR37016.1	46.15	13	7	0	11	23	992	1004	0.3	24.6
Seq6433_173_bp_-1_1_0	ENA|AAR37016|AAR37016.1	40.00	37	18	7	6	35	757	793	0.53	23.8
Seq6433_173_bp_-1_1_0	ENA|ABK71357|ABK71357.1	50.00	40	13	14	1	26	40	79	0.0081	27.2
Seq6433_173_bp_-1_1_0	ENA|ACH70901|ACH70901.1	75.00	8	2	0	5	12	259	266	0.025	25.5
Seq6433_173_bp_-1_1_0	ENA|BAA32956|BAA32956.1	43.75	17	9	1	4	20	185	200	0.026	24.6
Seq6433_173_bp_-1_1_0	ENA|BAA32956|BAA32956.1	75.00	10	2	2	35	42	158	167	0.085	23.0
Seq6433_173_bp_-1_1_0	ENA|AAQ92751|AAQ92751.2	45.71	46	19	11	10	49	1109	1149	0.072	25.9
Seq6433_173_bp_-1_1_0	ENA|CAB75732|CAB75732.1	33.33	21	14	0	4	24	192	212	0.15	24.6
Seq6433_173_bp_-1_1_0	ENA|ACT10338|ACT10338.1	53.85	13	6	0	24	36	18	30	0.21	22.5
Seq6433_173_bp_-1_1_0	ENA|AAC17860|AAC17860.1	50.00	10	5	0	29	38	276	285	0.22	22.5
Seq6433_173_bp_-1_1_0	ENA|CAA73529|CAA73529.1	53.85	14	6	1	40	52	145	158	0.26	21.7
Seq6433_173_bp_-1_1_0	ENA|AAF79734|AAF79734.1	29.17	24	17	0	6	29	564	587	0.33	23.8
Seq6433_173_bp_-1_1_0	ENA|AAA18786|AAA18786.1	33.33	19	12	1	12	30	67	84	0.46	20.8
Seq6433_173_bp_-1_1_0	ENA|CAA45199|CAA45199.1	66.67	10	3	1	16	24	41	50	0.81	20.8
Seq6433_173_bp_-1_1_0	ENA|CAA43419|CAA43419.1	37.50	16	10	0	8	23	30	45	0.85	20.4
Seq6433_173_bp_-1_1_0	ENA|AAC97205|AAC97205.1	42.86	22	12	1	7	27	263	284	0.89	22.1
Seq6433_173_bp_-1_1_0	ENA|CAL82360|CAL82360.1	38.10	27	13	6	11	31	45	71	0.92	22.1
Seq6433_173_bp_-1_1_0	ENA|CAA26939|CAA26939.1	50.00	28	11	6	10	31	62	89	0.98	20.8
Seq6433_173_bp_-1_1_0	ENA|AAC26660|AAC26660.1	80.00	5	1	0	18	22	55	59	1.1	19.6
Seq6433_173_bp_-1_1_0	ENA|BAA36759|BAA36759.1	66.67	6	2	0	3	8	150	155	1.2	19.6
Seq6433_173_bp_-1_1_0	ENA|AAA25966|AAA25966.1	66.67	6	2	0	19	24	367	372	1.2	20.8
Seq6433_173_bp_-1_1_0	ENA|AAC49865|AAC49865.1	38.46	13	8	0	4	16	107	119	1.4	19.6
Seq6433_173_bp_-1_1_0	ENA|AAB26998|AAB26998.1	41.67	12	7	0	27	38	30	41	1.8	17.1
Seq6433_173_bp_-1_1_0	ENA|CAA28033|CAA28033.1	58.82	23	7	6	16	34	528	548	2.2	20.8
Seq6433_173_bp_-1_1_0	ENA|AAB03707|AAB03707.1	37.50	27	15	3	1	24	1003	1029	4.1	20.0
Seq6433_173_bp_-1_1_0	ENA|CCP43727|CCP43727.1	38.10	24	13	3	12	32	289	312	4.2	17.9
Seq6433_173_bp_-1_1_0	ENA|CAA29968|CAA29968.1	60.00	5	2	0	41	45	107	111	4.5	17.1
Seq6433_173_bp_-1_1_0	ENA|BAA32018|BAA32018.1	34.78	27	15	4	5	27	426	452	4.5	18.7
Seq6433_173_bp_-1_1_0	ENA|AAA42531|AAA42531.1	50.00	8	4	0	42	49	370	377	6.5	17.5
Seq6433_173_bp_-1_1_0	ENA|ABN10845|ABN10845.1	44.44	9	5	0	27	35	164	172	6.6	16.6
Seq6433_173_bp_-1_1_0	ENA|AAA32624|AAA32624.1	66.67	6	2	0	42	47	37	42	6.6	17.9
Seq6433_173_bp_-1_1_0	ENA|CAA11507|CAA11507.1	41.38	35	17	6	16	44	146	180	7.1	19.2
Seq6433_173_bp_-1_1_0	ENA|BAB17681|BAB17681.1	100.00	3	0	0	45	47	267	269	8.1	16.6
Seq6433_173_bp_-1_1_0	ENA|BAA05866|BAA05866.1	55.56	9	4	0	23	31	218	226	9.1	16.6
Seq6433_173_bp_-1_1_0	ENA|AAB96524|AAB96524.1	60.00	5	2	0	4	8	84	88	9.7	15.8
Seq6433_173_bp_-1_2_0	ENA|BAA32956|BAA32956.1	62.07	31	11	2	12	42	180	208	5.9e-07	40.1
Seq6433_173_bp_-1_2_0	ENA|CAD53387|CAD53387.1	53.33	70	21	25	6	51	426	494	0.0057	28.1
Seq6433_173_bp_-1_2_0	ENA|CAD53387|CAD53387.1	50.00	24	12	0	20	43	29	52	0.016	26.6
Seq6433_173_bp_-1_2_0	ENA|CAD53387|CAD53387.1	50.00	24	12	0	20	43	95	118	0.016	26.6
Seq6433_173_bp_-1_2_0	ENA|CAD53387|CAD53387.1	50.00	24	12	0	20	43	161	184	0.016	26.6
Seq6433_173_bp_-1_2_0	ENA|CAD53387|CAD53387.1	50.00	24	12	0	20	43	227	250	0.016	26.6
Seq6433_173_bp_-1_2_0	ENA|CAD53387|CAD53387.1	50.00	24	12	0	20	43	293	316	0.016	26.6
Seq6433_173_bp_-1_2_0	ENA|CAD53387|CAD53387.1	50.00	24	12	0	20	43	359	382	0.016	26.6
Seq6433_173_bp_-1_2_0	ENA|AAI27517|AAI27517.1	41.67	43	21	7	1	42	295	331	0.029	26.0
Seq6433_173_bp_-1_2_0	ENA|AAC08817|AAC08817.1	47.37	19	10	0	19	37	127	145	0.32	20.6
Seq6433_173_bp_-1_2_0	ENA|AAC78721|AAC78721.1	53.33	38	14	8	3	35	571	605	0.39	22.4
Seq6433_173_bp_-1_2_0	ENA|AAB66912|AAB66912.1	71.43	20	4	6	8	21	297	316	0.44	22.7
Seq6433_173_bp_-1_2_0	ENA|AAC97205|AAC97205.1	45.45	23	12	1	18	40	16	37	0.48	23.0
Seq6433_173_bp_-1_2_0	ENA|CAA45708|CAA45708.1	60.00	16	6	1	30	44	1216	1231	0.48	23.3
Seq6433_173_bp_-1_2_0	ENA|CAA26023|CAA26023.1	66.67	13	4	1	33	45	9	20	0.63	20.9
Seq6433_173_bp_-1_2_0	ENA|CAA29956|CAA29956.1	55.56	9	4	0	37	45	368	376	2.1	19.1
Seq6433_173_bp_-1_2_0	ENA|AAB26998|AAB26998.1	38.46	15	8	2	40	54	30	42	2.8	16.4
Seq6433_173_bp_-1_2_0	ENA|AAF79734|AAF79734.1	33.33	32	18	5	13	39	64	95	3.5	20.3
Seq6433_173_bp_-1_2_0	ENA|ABK71357|ABK71357.1	37.50	24	15	0	24	47	57	80	3.9	18.2
Seq6433_173_bp_-1_2_0	ENA|ABD49687|ABD49687.1	45.16	44	17	13	1	35	487	526	4.1	20.3
Seq6433_173_bp_-1_2_0	ENA|AAB03707|AAB03707.1	37.04	27	17	0	30	56	853	879	9	18.8
Seq6433_173_bp_-1_2_0	ENA|ABD33854|ABD33854.1	46.15	18	7	5	22	35	48	64	9.3	14.3
