Seq6343_104_bp_1_0_0	ENA|AAF79734|AAF79734.1	100.00	34	0	0	1	34	356	389	4e-25	102.5
Seq6343_104_bp_1_0_0	ENA|AAA18786|AAA18786.1	40.91	24	13	2	11	32	189	212	1.2	18.7
Seq6343_104_bp_1_0_0	ENA|AAC78721|AAC78721.1	50.00	10	5	0	15	24	513	522	2.1	19.2
Seq6343_104_bp_1_0_0	ENA|ACT10338|ACT10338.1	66.67	9	3	0	25	33	153	161	2.5	18.2
Seq6343_104_bp_1_0_0	ENA|AAA36114|AAA36114.1	50.00	12	6	0	19	30	418	429	4.5	17.7
Seq6343_104_bp_1_0_0	ENA|CAA26023|CAA26023.1	62.50	8	3	0	13	20	368	375	4.8	17.2
Seq6343_104_bp_1_0_0	ENA|CAB75732|CAB75732.1	33.33	30	18	3	1	30	68	94	5.1	18.7
Seq6343_104_bp_1_0_0	ENA|BAA32956|BAA32956.1	45.45	11	6	0	22	32	195	205	5.3	16.2
Seq6343_104_bp_1_0_0	ENA|AAC49865|AAC49865.1	40.00	15	9	0	5	19	145	159	5.8	16.7
Seq6343_104_bp_1_0_0	ENA|AAC08817|AAC08817.1	66.67	6	2	0	22	27	131	136	7.8	15.2
Seq6343_104_bp_1_0_0	ENA|ABK71357|ABK71357.1	50.00	10	5	0	18	27	191	200	9	16.2
Seq6343_104_bp_1_0_0	ENA|CAA73529|CAA73529.1	55.56	9	4	0	13	21	49	57	9.4	15.7
Seq6343_104_bp_1_0_0	ENA|CAA29968|CAA29968.1	54.55	11	5	0	17	27	65	75	9.5	15.2
Seq6343_104_bp_1_1_0	ENA|AAA32624|AAA32624.1	66.67	9	3	0	11	19	117	125	0.2	21.6
Seq6343_104_bp_1_1_0	ENA|CAA73529|CAA73529.1	38.89	18	11	0	1	18	225	242	0.36	19.8
Seq6343_104_bp_1_1_0	ENA|AAA18786|AAA18786.1	80.00	5	1	0	13	17	180	184	0.81	18.6
Seq6343_104_bp_1_1_0	ENA|ABD33854|ABD33854.1	66.67	6	2	0	4	9	3	8	1	16.2
Seq6343_104_bp_1_1_0	ENA|BAB17681|BAB17681.1	42.86	7	4	0	5	11	214	220	1.9	17.4
Seq6343_104_bp_1_1_0	ENA|AAC78721|AAC78721.1	50.00	8	4	0	13	20	300	307	2	18.6
Seq6343_104_bp_1_1_0	ENA|AAR37016|AAR37016.1	44.44	9	5	0	11	19	1319	1327	2	20.4
Seq6343_104_bp_1_1_0	ENA|AAA24145|AAA24145.1	29.41	18	12	1	3	19	6	23	2.1	18.0
Seq6343_104_bp_1_1_0	ENA|ABD49687|ABD49687.1	80.00	5	1	0	10	14	1044	1048	3.4	19.2
Seq6343_104_bp_1_1_0	ENA|AAC26660|AAC26660.1	55.56	9	4	0	12	20	62	70	4	16.2
Seq6343_104_bp_1_1_0	ENA|ACT10338|ACT10338.1	100.00	4	0	0	11	14	236	239	4	16.8
Seq6343_104_bp_1_1_0	ENA|AAB96524|AAB96524.1	100.00	3	0	0	10	12	62	64	4.3	15.6
Seq6343_104_bp_1_1_0	ENA|AAA36539|AAA36539.1	80.00	5	1	0	3	7	339	343	4.8	16.8
Seq6343_104_bp_1_1_0	ENA|AAI27517|AAI27517.1	37.50	8	5	0	13	20	504	511	8.7	16.2
Seq6343_104_bp_1_2_0	ENA|AAS77176|AAS77176.1	33.33	9	6	0	4	12	148	156	4.2	15.6
Seq6343_104_bp_1_2_0	ENA|CAA29956|CAA29956.1	60.00	5	2	0	9	13	102	106	5.4	15.6
Seq6343_104_bp_1_2_0	ENA|BAA36759|BAA36759.1	100.00	4	0	0	8	11	127	130	6.2	15.0
Seq6343_104_bp_1_2_0	ENA|ABN10845|ABN10845.1	100.00	3	0	0	10	12	106	108	6.9	14.4
Seq6343_104_bp_1_2_0	ENA|AAR31603|AAR31603.1	100.00	3	0	0	1	3	19	21	7	15.0
Seq6343_104_bp_1_2_0	ENA|AAA32624|AAA32624.1	44.44	9	5	0	3	11	481	489	7.4	15.6
Seq6343_104_bp_1_2_0	ENA|CAA73529|CAA73529.1	100.00	3	0	0	10	12	207	209	8.5	14.4
Seq6343_104_bp_1_2_0	ENA|BAB79260|BAB79260.1	100.00	3	0	0	4	6	201	203	9.4	15.0
Seq6343_104_bp_1_2_0	ENA|CAA36214|CAA36214.1	100.00	3	0	0	10	12	279	281	9.4	14.4
Seq6343_104_bp_1_2_0	ENA|CAA36714|CAA36714.1	50.00	6	3	0	1	6	277	282	9.6	15.0
Seq6343_104_bp_1_2_0	ENA|BAA32956|BAA32956.1	60.00	5	2	0	2	6	26	30	9.7	13.9
Seq6343_104_bp_1_2_1	ENA|BAA05866|BAA05866.1	62.50	8	3	0	8	15	64	71	1.1	18.2
Seq6343_104_bp_1_2_1	ENA|CAA73529|CAA73529.1	66.67	6	2	0	12	17	34	39	2.1	17.1
Seq6343_104_bp_1_2_1	ENA|CAL82360|CAL82360.1	46.15	13	7	0	2	14	43	55	2.2	19.3
Seq6343_104_bp_1_2_1	ENA|AAA72732|AAA72732.1	57.14	7	3	0	6	12	82	88	2.4	17.1
Seq6343_104_bp_1_2_1	ENA|CAA26023|CAA26023.1	100.00	3	0	0	3	5	164	166	3	17.1
Seq6343_104_bp_1_2_1	ENA|AAB03707|AAB03707.1	42.86	14	8	0	5	18	794	807	3.4	18.7
Seq6343_104_bp_1_2_1	ENA|CAA36214|CAA36214.1	60.00	12	4	2	10	19	259	270	3.5	16.5
Seq6343_104_bp_1_2_1	ENA|AAA32624|AAA32624.1	31.25	16	11	0	3	18	477	492	4	17.1
Seq6343_104_bp_1_2_1	ENA|CAB75732|CAB75732.1	42.86	14	8	0	5	18	11	24	4.1	18.2
Seq6343_104_bp_1_2_1	ENA|AAC97205|AAC97205.1	50.00	8	4	0	1	8	1049	1056	4.4	18.2
Seq6343_104_bp_1_2_1	ENA|AAQ92751|AAQ92751.2	50.00	8	4	0	10	17	759	766	7	17.6
Seq6343_104_bp_1_2_1	ENA|ABN10845|ABN10845.1	66.67	3	1	0	3	5	108	110	7.5	14.8
Seq6343_104_bp_1_2_1	ENA|AAA36539|AAA36539.1	57.14	7	3	0	13	19	404	410	7.6	16.0
Seq6343_104_bp_1_2_1	ENA|ABK71357|ABK71357.1	75.00	4	1	0	2	5	141	144	8.7	15.4
Seq6343_104_bp_1_2_1	ENA|AAI27517|AAI27517.1	50.00	10	5	0	10	19	427	436	9.3	16.0
Seq6343_104_bp_-1_0_0	ENA|AAF79734|AAF79734.1	47.37	19	10	0	16	34	339	357	0.2	23.8
Seq6343_104_bp_-1_0_0	ENA|CCP43727|CCP43727.1	38.10	21	13	0	5	25	271	291	0.88	19.5
Seq6343_104_bp_-1_0_0	ENA|AAC08817|AAC08817.1	50.00	12	6	0	15	26	62	73	1.8	17.3
Seq6343_104_bp_-1_0_0	ENA|AAC17860|AAC17860.1	54.55	11	5	0	16	26	74	84	2.3	18.4
Seq6343_104_bp_-1_0_0	ENA|AAA36539|AAA36539.1	62.50	8	3	0	27	34	472	479	2.6	18.4
Seq6343_104_bp_-1_0_0	ENA|ABK71357|ABK71357.1	71.43	7	2	0	20	26	154	160	3	17.9
Seq6343_104_bp_-1_0_0	ENA|AAA72732|AAA72732.1	37.50	16	10	0	13	28	122	137	5.2	16.8
Seq6343_104_bp_-1_0_0	ENA|CAA29956|CAA29956.1	36.36	11	7	0	9	19	170	180	6.2	16.8
Seq6343_104_bp_-1_0_0	ENA|ACT10338|ACT10338.1	26.67	15	11	0	7	21	211	225	6.4	16.8
Seq6343_104_bp_-1_0_0	ENA|AAB96524|AAB96524.1	36.36	22	14	0	10	31	2	23	6.4	15.7
Seq6343_104_bp_-1_0_0	ENA|AAR31603|AAR31603.1	80.00	5	1	0	27	31	125	129	7.7	16.2
Seq6343_104_bp_-1_0_0	ENA|AAA18786|AAA18786.1	31.58	19	13	0	3	21	210	228	9	15.7
Seq6343_104_bp_-1_1_0	ENA|AAA42531|AAA42531.1	75.00	8	2	0	27	34	266	273	0.1	22.8
Seq6343_104_bp_-1_1_0	ENA|ABD49687|ABD49687.1	100.00	5	0	0	11	15	226	230	0.12	24.8
Seq6343_104_bp_-1_1_0	ENA|ABD49687|ABD49687.1	54.55	11	5	0	1	11	982	992	0.69	22.2
Seq6343_104_bp_-1_1_0	ENA|AAC49865|AAC49865.1	26.67	15	11	0	4	18	119	133	0.21	21.6
Seq6343_104_bp_-1_1_0	ENA|BAB17681|BAB17681.1	50.00	6	3	0	7	12	107	112	0.65	19.6
Seq6343_104_bp_-1_1_0	ENA|ACH70901|ACH70901.1	66.67	6	2	0	15	20	218	223	2.1	18.4
Seq6343_104_bp_-1_1_0	ENA|AAB03707|AAB03707.1	57.14	7	3	0	4	10	254	260	2.1	20.3
Seq6343_104_bp_-1_1_0	ENA|BAA32018|BAA32018.1	50.00	8	4	0	26	33	374	381	2.3	19.0
Seq6343_104_bp_-1_1_0	ENA|AAA24145|AAA24145.1	80.00	5	1	0	11	15	98	102	2.6	18.4
Seq6343_104_bp_-1_1_0	ENA|AAR31603|AAR31603.1	80.00	5	1	0	4	8	79	83	2.9	17.7
Seq6343_104_bp_-1_1_0	ENA|ABN10845|ABN10845.1	71.43	8	2	1	7	14	54	60	3	17.1
Seq6343_104_bp_-1_1_0	ENA|AAA36539|AAA36539.1	42.86	7	4	0	19	25	87	93	4.2	17.7
Seq6343_104_bp_-1_1_0	ENA|AAA72732|AAA72732.1	80.00	5	1	0	30	34	152	156	4.3	17.1
Seq6343_104_bp_-1_1_0	ENA|BAA32956|BAA32956.1	80.00	5	1	0	15	19	78	82	4.5	16.4
Seq6343_104_bp_-1_1_0	ENA|CAA28033|CAA28033.1	45.45	11	6	0	21	31	223	233	4.7	19.0
Seq6343_104_bp_-1_1_0	ENA|ABK71357|ABK71357.1	33.33	9	6	0	11	19	141	149	5	17.1
Seq6343_104_bp_-1_1_0	ENA|CAA26023|CAA26023.1	100.00	3	0	0	16	18	195	197	5.2	17.1
Seq6343_104_bp_-1_1_0	ENA|AAR37016|AAR37016.1	80.00	5	1	0	11	15	1562	1566	5.4	19.6
Seq6343_104_bp_-1_1_0	ENA|BAA32991|BAA32991.1	80.00	5	1	0	22	26	13	17	5.5	14.5
Seq6343_104_bp_-1_1_0	ENA|AAC17860|AAC17860.1	44.44	9	5	0	1	9	221	229	5.5	17.1
Seq6343_104_bp_-1_1_0	ENA|BAB79260|BAB79260.1	50.00	8	4	0	5	12	408	415	6.1	17.1
Seq6343_104_bp_-1_1_0	ENA|CAA45199|CAA45199.1	100.00	4	0	0	19	22	23	26	6.3	17.1
Seq6343_104_bp_-1_1_0	ENA|AAC97205|AAC97205.1	50.00	8	4	0	18	25	1038	1045	6.8	18.4
Seq6343_104_bp_-1_1_0	ENA|AAQ92751|AAQ92751.2	21.43	14	11	0	10	23	222	235	7.5	18.4
Seq6343_104_bp_-1_1_0	ENA|ABD33854|ABD33854.1	75.00	4	1	0	28	31	57	60	7.7	13.9
Seq6343_104_bp_-1_1_0	ENA|AAI27517|AAI27517.1	60.00	11	4	1	9	19	164	173	7.8	17.1
Seq6343_104_bp_-1_1_0	ENA|AAS77176|AAS77176.1	50.00	6	3	0	12	17	42	47	9.1	15.8
Seq6343_104_bp_-1_1_0	ENA|AAB96524|AAB96524.1	37.50	8	5	0	4	11	55	62	9.1	15.2
Seq6343_104_bp_-1_1_0	ENA|AAC40132|AAC40132.1	57.14	7	3	0	14	20	388	394	9.6	16.4
Seq6343_104_bp_-1_1_0	ENA|BAA05866|BAA05866.1	75.00	4	1	0	23	26	171	174	9.7	15.8
Seq6343_104_bp_-1_2_0	ENA|CAA36214|CAA36214.1	41.18	17	10	0	7	23	174	190	0.21	21.4
Seq6343_104_bp_-1_2_0	ENA|AAA36539|AAA36539.1	60.00	5	2	0	3	7	329	333	1.1	19.6
Seq6343_104_bp_-1_2_0	ENA|AAF79734|AAF79734.1	38.46	13	8	0	9	21	1346	1358	1.4	20.8
Seq6343_104_bp_-1_2_0	ENA|AAA24145|AAA24145.1	50.00	8	4	0	21	28	49	56	1.5	19.1
Seq6343_104_bp_-1_2_0	ENA|AAC26660|AAC26660.1	66.67	9	3	0	11	19	5	13	1.9	17.9
Seq6343_104_bp_-1_2_0	ENA|CAA26023|CAA26023.1	75.00	4	1	0	5	8	163	166	1.9	18.5
Seq6343_104_bp_-1_2_0	ENA|AAB96524|AAB96524.1	40.00	10	6	0	20	29	87	96	2	17.3
Seq6343_104_bp_-1_2_0	ENA|AAS77176|AAS77176.1	29.41	17	12	0	15	31	136	152	2.1	17.9
Seq6343_104_bp_-1_2_0	ENA|CAB75732|CAB75732.1	44.44	9	5	0	15	23	542	550	2.5	19.6
Seq6343_104_bp_-1_2_0	ENA|AAA32624|AAA32624.1	33.33	18	12	0	6	23	397	414	2.5	18.5
Seq6343_104_bp_-1_2_0	ENA|CAA73529|CAA73529.1	25.00	12	9	0	16	27	29	40	2.9	17.3
Seq6343_104_bp_-1_2_0	ENA|CAA36714|CAA36714.1	66.67	6	2	0	1	6	345	350	3.4	17.9
Seq6343_104_bp_-1_2_0	ENA|ABN10845|ABN10845.1	35.29	17	11	0	11	27	75	91	5.1	16.2
Seq6343_104_bp_-1_2_0	ENA|AAB03707|AAB03707.1	25.00	12	9	0	16	27	1209	1220	6.5	18.5
Seq6343_104_bp_-1_2_0	ENA|AAC78721|AAC78721.1	45.45	11	6	0	7	17	638	648	7	17.3
Seq6343_104_bp_-1_2_0	ENA|CAL82360|CAL82360.1	36.36	11	7	0	17	27	936	946	8.8	17.9
Seq6343_104_bp_-1_2_0	ENA|ACT10338|ACT10338.1	27.27	11	8	0	19	29	295	305	8.8	16.2
Seq6343_104_bp_-1_2_0	ENA|BAB17681|BAB17681.1	57.14	7	3	0	23	29	33	39	9.2	15.6
