Seq7703_262_bp_1_0_0	ENA|ABD49687|ABD49687.1	88.51	87	10	0	1	87	900	986	3.3e-55	204.0
Seq7703_262_bp_1_0_0	ENA|AAC78721|AAC78721.1	36.84	20	12	1	29	48	631	649	0.54	22.6
Seq7703_262_bp_1_0_0	ENA|AAC08817|AAC08817.1	50.00	10	5	0	49	58	122	131	0.68	20.1
Seq7703_262_bp_1_0_0	ENA|AAA32624|AAA32624.1	28.57	14	10	0	34	47	117	130	1.6	20.6
Seq7703_262_bp_1_0_0	ENA|CAA29956|CAA29956.1	33.33	27	18	0	22	48	61	87	2.2	19.6
Seq7703_262_bp_1_0_0	ENA|AAC97205|AAC97205.1	39.13	23	14	0	1	23	1160	1182	2.7	21.1
Seq7703_262_bp_1_0_0	ENA|CAA11507|CAA11507.1	31.58	19	13	0	9	27	74	92	7.8	19.6
Seq7703_262_bp_1_0_0	ENA|AAB96524|AAB96524.1	33.33	32	20	2	9	40	101	130	7.9	16.7
Seq7703_262_bp_1_1_0	ENA|BAA32956|BAA32956.1	42.86	14	8	0	7	20	192	205	0.16	20.9
Seq7703_262_bp_1_1_0	ENA|CAA36714|CAA36714.1	60.00	11	4	1	16	25	449	459	0.35	20.9
Seq7703_262_bp_1_1_0	ENA|AAC08817|AAC08817.1	20.00	15	12	0	2	16	69	83	0.53	18.7
Seq7703_262_bp_1_1_0	ENA|CAD53387|CAD53387.1	83.33	6	1	0	7	12	465	470	1.7	18.7
Seq7703_262_bp_1_1_0	ENA|BAA32018|BAA32018.1	55.56	9	4	0	11	19	204	212	2.1	18.7
Seq7703_262_bp_1_1_0	ENA|AAB26998|AAB26998.1	70.00	11	3	1	5	14	33	43	2.5	15.4
Seq7703_262_bp_1_1_0	ENA|ABK71357|ABK71357.1	100.00	4	0	0	7	10	77	80	3.8	17.1
Seq7703_262_bp_1_1_0	ENA|AAC26660|AAC26660.1	50.00	11	5	1	13	22	207	217	5.5	16.0
Seq7703_262_bp_1_1_0	ENA|AAA42531|AAA42531.1	25.00	12	9	0	14	25	117	128	5.7	16.5
Seq7703_262_bp_1_1_0	ENA|AAA18786|AAA18786.1	50.00	8	4	0	18	25	85	92	5.7	16.0
Seq7703_262_bp_1_1_0	ENA|AAI27517|AAI27517.1	100.00	4	0	0	7	10	531	534	5.9	17.1
Seq7703_262_bp_1_1_0	ENA|CAA45708|CAA45708.1	46.15	14	7	1	11	24	1218	1230	7.1	18.1
Seq7703_262_bp_1_1_0	ENA|ABD49687|ABD49687.1	35.71	14	9	0	8	21	518	531	7.9	18.1
Seq7703_262_bp_1_1_0	ENA|AAC97205|AAC97205.1	44.44	9	5	0	5	13	28	36	8.3	17.6
Seq7703_262_bp_1_1_0	ENA|BAB17681|BAB17681.1	33.33	6	4	0	19	24	34	39	8.3	15.4
Seq7703_262_bp_1_1_0	ENA|AAS77176|AAS77176.1	50.00	8	4	0	1	8	208	215	8.7	15.4
Seq7703_262_bp_1_1_0	ENA|BAA32991|BAA32991.1	11.11	9	8	0	14	22	24	32	9.3	13.2
Seq7703_262_bp_1_1_0	ENA|AAF79734|AAF79734.1	80.00	5	1	0	18	22	1075	1079	9.6	17.6
Seq7703_262_bp_1_1_1	ENA|CAA29956|CAA29956.1	46.15	13	7	0	3	15	280	292	0.0034	27.3
Seq7703_262_bp_1_1_1	ENA|AAR37016|AAR37016.1	40.00	10	6	0	7	16	966	975	0.074	25.5
Seq7703_262_bp_1_1_1	ENA|CAA28033|CAA28033.1	46.15	13	7	0	13	25	1115	1127	0.5	21.9
Seq7703_262_bp_1_1_1	ENA|CAA24711|CAA24711.1	50.00	8	4	0	5	12	20	27	0.53	18.9
Seq7703_262_bp_1_1_1	ENA|AAA36539|AAA36539.1	50.00	6	3	0	3	8	95	100	0.63	20.1
Seq7703_262_bp_1_1_1	ENA|ABK71357|ABK71357.1	70.00	12	3	2	12	23	195	204	1.1	18.9
Seq7703_262_bp_1_1_1	ENA|BAA32956|BAA32956.1	31.82	23	15	1	1	22	180	202	1.5	17.7
Seq7703_262_bp_1_1_1	ENA|AAI27517|AAI27517.1	42.86	7	4	0	3	9	252	258	1.8	18.9
Seq7703_262_bp_1_1_1	ENA|AAA18786|AAA18786.1	42.86	7	4	0	19	25	207	213	1.9	17.7
Seq7703_262_bp_1_1_1	ENA|AAA25966|AAA25966.1	100.00	3	0	0	15	17	323	325	2.2	18.9
Seq7703_262_bp_1_1_1	ENA|AAR31603|AAR31603.1	44.44	9	5	0	16	24	103	111	2.3	17.7
Seq7703_262_bp_1_1_1	ENA|ABN10845|ABN10845.1	66.67	3	1	0	14	16	107	109	2.3	17.1
Seq7703_262_bp_1_1_1	ENA|ACT10338|ACT10338.1	55.56	9	4	0	16	24	119	127	2.7	17.7
Seq7703_262_bp_1_1_1	ENA|BAA32018|BAA32018.1	46.15	13	7	0	1	13	564	576	2.8	18.3
Seq7703_262_bp_1_1_1	ENA|CAA73529|CAA73529.1	71.43	7	2	0	3	9	53	59	2.9	17.1
Seq7703_262_bp_1_1_1	ENA|BAA36759|BAA36759.1	80.00	5	1	0	3	7	272	276	3	17.1
Seq7703_262_bp_1_1_1	ENA|AAC08817|AAC08817.1	30.77	13	9	0	12	24	128	140	3.7	15.9
Seq7703_262_bp_1_1_1	ENA|ABG75784|ABG75784.1	30.00	10	7	0	12	21	84	93	4.8	16.5
Seq7703_262_bp_1_1_1	ENA|CAL82360|CAL82360.1	55.56	9	4	0	3	11	47	55	5.7	18.3
Seq7703_262_bp_1_1_1	ENA|CAA26023|CAA26023.1	50.00	4	2	0	13	16	162	165	5.9	16.5
Seq7703_262_bp_1_1_1	ENA|AAB66912|AAB66912.1	80.00	5	1	0	19	23	313	317	6.2	17.7
Seq7703_262_bp_1_1_1	ENA|AAA32624|AAA32624.1	75.00	4	1	0	4	7	394	397	7.9	16.5
Seq7703_262_bp_1_1_1	ENA|AAQ92751|AAQ92751.2	42.86	7	4	0	3	9	1054	1060	9	17.7
Seq7703_262_bp_1_1_2	ENA|AAI27517|AAI27517.1	44.44	18	10	0	1	18	402	419	0.99	19.8
Seq7703_262_bp_1_1_2	ENA|CCP43727|CCP43727.1	54.55	11	5	0	3	13	151	161	1.8	18.0
Seq7703_262_bp_1_1_2	ENA|AAC08817|AAC08817.1	50.00	6	3	0	13	18	81	86	1.9	16.9
Seq7703_262_bp_1_1_2	ENA|ABD49687|ABD49687.1	41.18	17	10	0	3	19	687	703	1.9	20.3
Seq7703_262_bp_1_1_2	ENA|ABG75784|ABG75784.1	23.08	13	10	0	3	15	20	32	2.5	17.5
Seq7703_262_bp_1_1_2	ENA|AAB96524|AAB96524.1	44.44	9	5	0	13	21	165	173	3.3	16.3
Seq7703_262_bp_1_1_2	ENA|AAA72732|AAA72732.1	44.44	9	5	0	5	13	52	60	5.4	16.3
Seq7703_262_bp_1_1_2	ENA|AAC97205|AAC97205.1	80.00	5	1	0	17	21	279	283	6.5	18.0
Seq7703_262_bp_1_1_2	ENA|CAA36714|CAA36714.1	60.00	5	2	0	13	17	131	135	7.9	16.3
Seq7703_262_bp_1_1_2	ENA|CAA43419|CAA43419.1	46.15	13	7	0	1	13	322	334	9.1	15.8
Seq7703_262_bp_1_2_0	ENA|AAF79734|AAF79734.1	36.36	11	7	0	31	41	814	824	0.29	24.6
Seq7703_262_bp_1_2_0	ENA|AAC78721|AAC78721.1	27.27	11	8	0	34	44	239	249	0.43	22.9
Seq7703_262_bp_1_2_0	ENA|BAA32991|BAA32991.1	38.46	13	8	0	2	14	9	21	0.65	19.0
Seq7703_262_bp_1_2_0	ENA|ABD49687|ABD49687.1	36.84	43	24	5	3	40	544	586	0.73	23.5
Seq7703_262_bp_1_2_0	ENA|AAI27517|AAI27517.1	26.09	25	17	2	35	57	17	41	0.81	21.8
Seq7703_262_bp_1_2_0	ENA|AAR31603|AAR31603.1	36.84	19	12	0	51	69	272	290	1.4	20.1
Seq7703_262_bp_1_2_0	ENA|CAD53387|CAD53387.1	36.36	22	14	0	1	22	64	85	1.5	20.7
Seq7703_262_bp_1_2_0	ENA|AAC26660|AAC26660.1	36.36	22	14	0	12	33	25	46	2.4	19.0
Seq7703_262_bp_1_2_0	ENA|AAS77176|AAS77176.1	55.56	9	4	0	24	32	209	217	2.7	19.0
Seq7703_262_bp_1_2_0	ENA|BAA05866|BAA05866.1	42.86	14	8	0	18	31	162	175	2.9	19.0
Seq7703_262_bp_1_2_0	ENA|CAA26939|CAA26939.1	33.33	20	12	2	61	78	338	357	3.6	19.5
Seq7703_262_bp_1_2_0	ENA|EDO47375|EDO47375.1	45.45	11	6	0	13	23	79	89	3.8	17.9
Seq7703_262_bp_1_2_0	ENA|AAC08817|AAC08817.1	66.67	6	2	0	64	69	137	142	4.6	17.3
Seq7703_262_bp_1_2_0	ENA|CAB75732|CAB75732.1	18.97	63	47	5	13	70	63	125	4.9	20.1
Seq7703_262_bp_1_2_0	ENA|BAA32018|BAA32018.1	57.14	7	3	0	32	38	16	22	5.7	19.0
Seq7703_262_bp_1_2_0	ENA|AAQ92751|AAQ92751.2	39.13	25	14	2	4	26	787	811	5.8	20.1
Seq7703_262_bp_1_2_0	ENA|ABD33854|ABD33854.1	25.00	33	24	1	43	75	23	54	5.9	15.6
Seq7703_262_bp_1_2_0	ENA|BAA32956|BAA32956.1	62.50	18	6	2	18	33	172	189	6.1	17.3
Seq7703_262_bp_1_2_0	ENA|AAA72732|AAA72732.1	28.57	22	15	1	11	31	275	296	6.1	17.9
Seq7703_262_bp_1_2_0	ENA|ABN10845|ABN10845.1	35.71	14	9	0	51	64	134	147	6.3	17.3
Seq7703_262_bp_1_2_0	ENA|BAB17681|BAB17681.1	80.00	5	1	0	58	62	66	70	7.8	17.3
Seq7703_262_bp_1_2_0	ENA|CAA45708|CAA45708.1	29.41	17	12	0	40	56	1223	1239	9.1	19.5
Seq7703_262_bp_-1_0_0	ENA|BAB17681|BAB17681.1	45.45	11	6	0	61	71	111	121	0.11	23.5
Seq7703_262_bp_-1_0_0	ENA|ABD49687|ABD49687.1	36.84	19	12	0	22	40	1683	1701	0.21	25.2
Seq7703_262_bp_-1_0_0	ENA|AAI27517|AAI27517.1	36.67	32	19	2	2	33	382	411	0.36	22.9
Seq7703_262_bp_-1_0_0	ENA|CAA45199|CAA45199.1	45.45	11	6	0	72	82	3	13	0.42	22.3
Seq7703_262_bp_-1_0_0	ENA|CCP43727|CCP43727.1	24.24	33	25	0	1	33	90	122	0.44	21.8
Seq7703_262_bp_-1_0_0	ENA|AAB03707|AAB03707.1	38.89	19	11	1	24	42	815	832	1.2	22.3
Seq7703_262_bp_-1_0_0	ENA|CAA29968|CAA29968.1	33.33	9	6	0	53	61	91	99	1.2	19.5
Seq7703_262_bp_-1_0_0	ENA|BAA32956|BAA32956.1	26.32	19	14	0	39	57	157	175	1.3	19.5
Seq7703_262_bp_-1_0_0	ENA|CAD53387|CAD53387.1	85.71	7	1	0	13	19	65	71	1.4	20.6
Seq7703_262_bp_-1_0_0	ENA|ABK71357|ABK71357.1	53.85	14	6	1	70	83	197	209	1.6	20.1
Seq7703_262_bp_-1_0_0	ENA|AAQ92751|AAQ92751.2	31.82	22	15	0	1	22	1187	1208	1.8	21.8
Seq7703_262_bp_-1_0_0	ENA|AAA36539|AAA36539.1	62.50	8	3	0	69	76	65	72	2	20.1
Seq7703_262_bp_-1_0_0	ENA|AAR31603|AAR31603.1	62.50	8	3	0	37	44	136	143	2.1	19.5
Seq7703_262_bp_-1_0_0	ENA|AAC97205|AAC97205.1	33.33	12	8	0	35	46	654	665	2.4	21.2
Seq7703_262_bp_-1_0_0	ENA|AAB66912|AAB66912.1	35.71	14	9	0	18	31	517	530	5.7	19.5
Seq7703_262_bp_-1_0_0	ENA|AAC78721|AAC78721.1	58.33	12	5	0	19	30	419	430	6.1	18.9
Seq7703_262_bp_-1_0_0	ENA|CAA11507|CAA11507.1	45.45	11	6	0	4	14	746	756	8.1	19.5
Seq7703_262_bp_-1_0_0	ENA|BAB79260|BAB79260.1	31.82	22	15	0	47	68	40	61	8.7	17.8
Seq7703_262_bp_-1_0_0	ENA|CAA45708|CAA45708.1	50.00	8	4	0	27	34	455	462	9	19.5
Seq7703_262_bp_-1_0_0	ENA|AAC08817|AAC08817.1	25.00	20	15	0	6	25	123	142	9.7	16.1
Seq7703_262_bp_-1_0_0	ENA|AAA32624|AAA32624.1	33.33	9	6	0	36	44	348	356	10	17.8
Seq7703_262_bp_-1_1_0	ENA|BAB17681|BAB17681.1	33.33	12	8	0	10	21	174	185	0.88	18.8
Seq7703_262_bp_-1_1_0	ENA|CAA26023|CAA26023.1	50.00	8	4	0	15	22	253	260	1.8	18.2
Seq7703_262_bp_-1_1_0	ENA|CAA28033|CAA28033.1	45.45	11	6	0	12	22	1092	1102	4.1	18.8
Seq7703_262_bp_-1_1_0	ENA|BAA32991|BAA32991.1	37.50	8	5	0	17	24	9	16	5.1	14.2
Seq7703_262_bp_-1_1_0	ENA|CAA73529|CAA73529.1	85.71	9	1	2	12	20	245	251	6.1	15.9
Seq7703_262_bp_-1_1_0	ENA|CAA29968|CAA29968.1	50.00	10	5	0	4	13	98	107	6.5	15.4
Seq7703_262_bp_-1_1_0	ENA|AAB26998|AAB26998.1	44.44	9	5	0	6	14	20	28	8.4	13.6
Seq7703_262_bp_-1_1_0	ENA|CAA36214|CAA36214.1	66.67	6	2	0	5	10	42	47	9.8	15.4
Seq7703_262_bp_-1_1_1	ENA|AAC78721|AAC78721.1	44.44	18	10	0	3	20	574	591	0.19	22.4
Seq7703_262_bp_-1_1_1	ENA|AAA72732|AAA72732.1	62.50	8	3	0	12	19	119	126	0.45	20.0
Seq7703_262_bp_-1_1_1	ENA|AAC08817|AAC08817.1	41.67	12	7	0	3	14	128	139	0.78	18.2
Seq7703_262_bp_-1_1_1	ENA|CAB75732|CAB75732.1	37.50	16	10	0	9	24	157	172	1.6	20.0
Seq7703_262_bp_-1_1_1	ENA|BAA32956|BAA32956.1	50.00	6	3	0	9	14	78	83	2.4	17.0
Seq7703_262_bp_-1_1_1	ENA|AAA32624|AAA32624.1	62.50	8	3	0	15	22	99	106	2.6	18.2
Seq7703_262_bp_-1_1_1	ENA|ABK71357|ABK71357.1	35.71	14	9	0	12	25	278	291	4.1	17.0
Seq7703_262_bp_-1_1_1	ENA|AAA42531|AAA42531.1	45.45	11	6	0	15	25	161	171	4.3	17.0
Seq7703_262_bp_-1_1_1	ENA|ACT10338|ACT10338.1	62.50	8	3	0	17	24	25	32	4.3	17.0
Seq7703_262_bp_-1_1_1	ENA|CAA24711|CAA24711.1	50.00	12	6	0	14	25	122	133	4.3	15.8
Seq7703_262_bp_-1_1_1	ENA|AAC17860|AAC17860.1	62.50	8	3	0	19	26	356	363	4.5	17.0
Seq7703_262_bp_-1_1_1	ENA|AAF79734|AAF79734.1	55.56	9	4	0	7	15	1094	1102	4.6	18.8
Seq7703_262_bp_-1_1_1	ENA|AAI27517|AAI27517.1	42.11	20	11	1	4	22	382	401	6.4	17.0
Seq7703_262_bp_-1_1_1	ENA|AAB66912|AAB66912.1	33.33	12	8	0	1	12	483	494	6.6	17.6
Seq7703_262_bp_-1_1_1	ENA|CAA45708|CAA45708.1	30.77	13	9	0	13	25	1201	1213	7.1	18.2
Seq7703_262_bp_-1_1_1	ENA|CAA45199|CAA45199.1	44.44	9	5	0	13	21	38	46	7.6	16.4
Seq7703_262_bp_-1_1_1	ENA|AAA36539|AAA36539.1	44.44	9	5	0	6	14	121	129	7.7	16.4
Seq7703_262_bp_-1_1_1	ENA|ABD49687|ABD49687.1	42.86	14	8	0	3	16	1441	1454	8	18.2
Seq7703_262_bp_-1_1_1	ENA|CAD53387|CAD53387.1	62.50	8	3	0	3	10	67	74	8.1	16.4
Seq7703_262_bp_-1_1_1	ENA|CAA11507|CAA11507.1	35.71	14	9	0	12	25	783	796	9.4	17.6
Seq7703_262_bp_-1_1_2	ENA|CAA45199|CAA45199.1	50.00	8	4	0	2	9	387	394	0.42	20.6
Seq7703_262_bp_-1_1_2	ENA|AAC08817|AAC08817.1	36.36	11	7	0	14	24	105	115	0.67	18.4
Seq7703_262_bp_-1_1_2	ENA|CAA73529|CAA73529.1	25.00	16	12	0	1	16	213	228	1.2	18.4
Seq7703_262_bp_-1_1_2	ENA|BAA36759|BAA36759.1	83.33	6	1	0	18	23	149	154	1.8	17.8
Seq7703_262_bp_-1_1_2	ENA|AAF79734|AAF79734.1	33.33	12	8	0	1	12	562	573	2.8	19.5
Seq7703_262_bp_-1_1_2	ENA|CAA43419|CAA43419.1	41.67	12	7	0	3	14	126	137	3.3	17.2
Seq7703_262_bp_-1_1_2	ENA|AAC26660|AAC26660.1	46.15	13	7	0	4	16	154	166	3.4	16.7
Seq7703_262_bp_-1_1_2	ENA|BAA05866|BAA05866.1	44.44	9	5	0	1	9	46	54	4.1	16.7
Seq7703_262_bp_-1_1_2	ENA|AAR37016|AAR37016.1	33.33	12	8	0	9	20	2267	2278	4.4	19.5
Seq7703_262_bp_-1_1_2	ENA|ABK71357|ABK71357.1	66.67	6	2	0	13	18	206	211	4.9	16.7
Seq7703_262_bp_-1_1_2	ENA|CAL82360|CAL82360.1	45.45	11	6	0	7	17	650	660	5.2	18.4
Seq7703_262_bp_-1_1_2	ENA|AAI27517|AAI27517.1	38.46	13	8	0	4	16	49	61	5.3	17.2
Seq7703_262_bp_-1_1_2	ENA|AAC17860|AAC17860.1	57.14	7	3	0	8	14	158	164	5.4	16.7
Seq7703_262_bp_-1_1_2	ENA|AAC40132|AAC40132.1	46.67	15	8	0	1	15	464	478	6.2	16.7
Seq7703_262_bp_-1_1_2	ENA|AAC49865|AAC49865.1	28.57	14	10	0	3	16	199	212	6.3	16.1
Seq7703_262_bp_-1_1_2	ENA|CCP43727|CCP43727.1	66.67	6	2	0	16	21	185	190	6.3	16.1
Seq7703_262_bp_-1_1_2	ENA|AAA25966|AAA25966.1	37.50	16	10	0	9	24	616	631	6.4	17.2
Seq7703_262_bp_-1_1_2	ENA|CAA29956|CAA29956.1	33.33	12	8	0	5	16	164	175	7.2	16.1
Seq7703_262_bp_-1_1_2	ENA|AAS77176|AAS77176.1	80.00	5	1	0	11	15	28	32	8.1	15.5
Seq7703_262_bp_-1_2_0	ENA|AAA32624|AAA32624.1	60.00	5	2	0	67	71	355	359	1.7	20.5
Seq7703_262_bp_-1_2_0	ENA|AAA42531|AAA42531.1	46.15	14	7	1	62	75	178	190	1.8	20.0
Seq7703_262_bp_-1_2_0	ENA|CAA26939|CAA26939.1	100.00	4	0	0	68	71	404	407	1.8	20.5
Seq7703_262_bp_-1_2_0	ENA|BAB79260|BAB79260.1	72.73	11	3	0	7	17	308	318	2.9	19.5
Seq7703_262_bp_-1_2_0	ENA|CAA11507|CAA11507.1	50.00	14	7	0	72	85	180	193	3.1	21.0
Seq7703_262_bp_-1_2_0	ENA|BAA32991|BAA32991.1	66.67	6	2	0	51	56	13	18	3.3	16.6
Seq7703_262_bp_-1_2_0	ENA|AAC08817|AAC08817.1	31.58	19	13	0	13	31	122	140	3.8	17.6
Seq7703_262_bp_-1_2_0	ENA|AAC97205|AAC97205.1	61.54	15	5	2	42	54	435	449	7.5	19.5
Seq7703_262_bp_-1_2_0	ENA|AAA36539|AAA36539.1	50.00	8	4	0	74	81	363	370	8	18.1
Seq7703_262_bp_-1_2_0	ENA|AAB03707|AAB03707.1	50.00	14	7	0	18	31	1103	1116	8.3	19.5
Seq7703_262_bp_-1_2_0	ENA|AAF79734|AAF79734.1	53.85	13	6	0	74	86	1065	1077	8.7	19.5
