Seq8494_456_bp_1_0_0	ENA|AAS77176|AAS77176.1	89.47	152	16	0	1	152	116	267	1e-99	350.1
Seq8494_456_bp_1_0_0	ENA|BAB17681|BAB17681.1	35.29	17	11	0	87	103	249	265	0.28	23.0
Seq8494_456_bp_1_0_0	ENA|AAB96524|AAB96524.1	29.41	17	12	0	40	56	61	77	0.71	21.1
Seq8494_456_bp_1_0_0	ENA|AAC78721|AAC78721.1	43.75	16	9	0	129	144	404	419	1.8	21.6
Seq8494_456_bp_1_0_0	ENA|CAA28033|CAA28033.1	47.62	22	11	1	109	130	206	226	3.5	21.6
Seq8494_456_bp_1_0_0	ENA|AAC26660|AAC26660.1	33.33	15	10	0	36	50	142	156	4.8	18.8
Seq8494_456_bp_1_0_0	ENA|AAA18786|AAA18786.1	25.00	29	21	1	113	140	212	240	5	18.8
Seq8494_456_bp_1_0_0	ENA|AAB66912|AAB66912.1	31.58	19	13	0	45	63	125	143	6.5	20.2
Seq8494_456_bp_1_0_0	ENA|BAA05866|BAA05866.1	28.57	14	10	0	12	25	191	204	7.8	18.3
Seq8494_456_bp_1_0_0	ENA|ABG75784|ABG75784.1	55.56	9	4	0	136	144	282	290	7.9	18.3
Seq8494_456_bp_1_0_0	ENA|BAB79260|BAB79260.1	42.86	24	12	3	4	26	107	128	8.3	18.8
Seq8494_456_bp_1_0_0	ENA|AAF79734|AAF79734.1	35.71	14	9	0	68	81	470	483	9.8	20.2
Seq8494_456_bp_1_1_0	ENA|AAA32624|AAA32624.1	50.00	8	4	0	2	9	102	109	0.39	19.7
Seq8494_456_bp_1_1_0	ENA|AAB26998|AAB26998.1	80.00	5	1	0	5	9	51	55	0.62	16.3
Seq8494_456_bp_1_1_0	ENA|AAC26660|AAC26660.1	33.33	9	6	0	3	11	159	167	1.3	17.0
Seq8494_456_bp_1_1_0	ENA|AAC97205|AAC97205.1	40.00	10	6	0	2	11	727	736	3.7	17.6
Seq8494_456_bp_1_1_0	ENA|AAQ92751|AAQ92751.2	71.43	7	2	0	2	8	961	967	4.1	17.6
Seq8494_456_bp_1_1_0	ENA|AAF79734|AAF79734.1	100.00	4	0	0	7	10	1156	1159	4.3	17.6
Seq8494_456_bp_1_1_0	ENA|CAA26939|CAA26939.1	57.14	7	3	0	4	10	449	455	4.4	16.3
Seq8494_456_bp_1_1_0	ENA|ABD49687|ABD49687.1	33.33	9	6	0	3	11	76	84	5.1	17.6
Seq8494_456_bp_1_1_0	ENA|CAA45199|CAA45199.1	80.00	5	1	0	6	10	342	346	5.7	15.6
Seq8494_456_bp_1_1_0	ENA|CAA26023|CAA26023.1	50.00	6	3	0	3	8	197	202	7.3	14.9
Seq8494_456_bp_1_1_0	ENA|AAC49865|AAC49865.1	66.67	6	2	0	3	8	277	282	9.8	14.2
Seq8494_456_bp_1_1_1	ENA|ABG75784|ABG75784.1	75.00	8	2	0	8	15	106	113	0.3	20.3
Seq8494_456_bp_1_1_1	ENA|AAA24145|AAA24145.1	46.15	13	7	0	1	13	453	465	0.44	20.3
Seq8494_456_bp_1_1_1	ENA|CAA26023|CAA26023.1	75.00	8	2	0	7	14	361	368	0.8	19.1
Seq8494_456_bp_1_1_1	ENA|BAA32018|BAA32018.1	55.56	9	4	0	12	20	364	372	0.88	19.7
Seq8494_456_bp_1_1_1	ENA|ABN10845|ABN10845.1	37.50	16	10	0	4	19	90	105	1.4	17.4
Seq8494_456_bp_1_1_1	ENA|AAS77176|AAS77176.1	33.33	15	10	0	5	19	156	170	1.9	17.4
Seq8494_456_bp_1_1_1	ENA|AAA36114|AAA36114.1	41.67	12	7	0	9	20	262	273	2.3	18.0
Seq8494_456_bp_1_1_1	ENA|EDO47375|EDO47375.1	36.36	11	7	0	10	20	28	38	4	15.8
Seq8494_456_bp_1_1_1	ENA|ABD33854|ABD33854.1	23.08	13	10	0	3	15	8	20	4.3	14.1
Seq8494_456_bp_1_1_1	ENA|BAA32956|BAA32956.1	33.33	6	4	0	16	21	147	152	4.4	15.8
Seq8494_456_bp_1_1_1	ENA|ACT10338|ACT10338.1	55.56	9	4	0	10	18	340	348	5.4	16.3
Seq8494_456_bp_1_1_1	ENA|BAB17681|BAB17681.1	100.00	3	0	0	3	5	35	37	5.7	15.8
Seq8494_456_bp_1_1_1	ENA|AAA25966|AAA25966.1	37.50	8	5	0	4	11	284	291	6.8	16.9
Seq8494_456_bp_1_1_1	ENA|AAR37016|AAR37016.1	55.56	9	4	0	10	18	1696	1704	6.8	18.6
Seq8494_456_bp_1_1_1	ENA|ABD49687|ABD49687.1	55.56	9	4	0	2	10	747	755	7.3	18.0
Seq8494_456_bp_1_1_1	ENA|CAA73529|CAA73529.1	40.00	10	6	0	9	18	134	143	8.1	15.2
Seq8494_456_bp_1_1_1	ENA|AAB96524|AAB96524.1	80.00	5	1	0	17	21	135	139	8.2	14.6
Seq8494_456_bp_1_1_1	ENA|BAB79260|BAB79260.1	26.67	15	11	0	3	17	52	66	9	15.8
Seq8494_456_bp_1_1_1	ENA|CAA36714|CAA36714.1	50.00	8	4	0	2	9	275	282	9.3	15.8
Seq8494_456_bp_1_1_1	ENA|AAA36539|AAA36539.1	44.44	9	5	0	9	17	28	36	9.5	15.8
Seq8494_456_bp_1_1_2	ENA|CAL82360|CAL82360.1	40.00	10	6	0	1	10	1001	1010	3.2	17.8
Seq8494_456_bp_1_1_2	ENA|AAC97205|AAC97205.1	50.00	8	4	0	1	8	832	839	4.5	17.2
Seq8494_456_bp_1_1_2	ENA|BAB17681|BAB17681.1	50.00	6	3	0	3	8	254	259	7.6	14.2
Seq8494_456_bp_1_1_2	ENA|AAA36539|AAA36539.1	60.00	5	2	0	2	6	444	448	8.6	14.8
Seq8494_456_bp_1_1_2	ENA|CCP43727|CCP43727.1	50.00	6	3	0	5	10	270	275	9	14.2
Seq8494_456_bp_1_1_2	ENA|ACH70901|ACH70901.1	33.33	9	6	0	1	9	244	252	9.7	14.2
Seq8494_456_bp_1_1_3	ENA|CAA24711|CAA24711.1	40.74	27	16	0	6	32	114	140	0.028	23.8
Seq8494_456_bp_1_1_3	ENA|AAB26998|AAB26998.1	35.71	14	9	0	25	38	4	17	0.072	21.3
Seq8494_456_bp_1_1_3	ENA|ABD33854|ABD33854.1	71.43	7	2	0	1	7	4	10	0.082	20.8
Seq8494_456_bp_1_1_3	ENA|AAC26660|AAC26660.1	41.67	12	7	0	4	15	165	176	0.93	19.3
Seq8494_456_bp_1_1_3	ENA|CAA26939|CAA26939.1	35.29	17	11	0	3	19	274	290	1	20.3
Seq8494_456_bp_1_1_3	ENA|BAB79260|BAB79260.1	57.14	7	3	0	23	29	202	208	1.2	19.8
Seq8494_456_bp_1_1_3	ENA|AAA24145|AAA24145.1	66.67	6	2	0	22	27	298	303	1.7	19.3
Seq8494_456_bp_1_1_3	ENA|ACT10338|ACT10338.1	71.43	7	2	0	13	19	343	349	2	18.8
Seq8494_456_bp_1_1_3	ENA|CAA45199|CAA45199.1	40.00	15	9	0	2	16	251	265	2.4	18.8
Seq8494_456_bp_1_1_3	ENA|AAA72732|AAA72732.1	40.00	18	9	3	2	19	1	15	3.2	17.8
Seq8494_456_bp_1_1_3	ENA|EDO47375|EDO47375.1	22.22	18	14	0	6	23	107	124	3.8	16.8
Seq8494_456_bp_1_1_3	ENA|AAC08817|AAC08817.1	57.14	7	3	0	32	38	81	87	4.4	16.3
Seq8494_456_bp_1_1_3	ENA|CAA26023|CAA26023.1	27.27	11	8	0	19	29	83	93	5.4	17.3
Seq8494_456_bp_1_1_3	ENA|AAC17860|AAC17860.1	46.15	13	7	0	21	33	107	119	5.7	17.3
Seq8494_456_bp_1_1_3	ENA|ABN10845|ABN10845.1	55.56	9	4	0	8	16	8	16	8.4	15.8
Seq8494_456_bp_1_1_3	ENA|AAC97205|AAC97205.1	80.00	5	1	0	19	23	104	108	8.4	18.3
Seq8494_456_bp_1_1_3	ENA|ABG75784|ABG75784.1	100.00	5	0	0	27	31	106	110	8.5	16.3
Seq8494_456_bp_1_1_4	ENA|AAB26998|AAB26998.1	28.57	14	10	0	3	16	1	14	0.2	20.2
Seq8494_456_bp_1_1_4	ENA|AAB66912|AAB66912.1	60.00	10	4	0	1	10	852	861	0.58	22.2
Seq8494_456_bp_1_1_4	ENA|AAA36539|AAA36539.1	33.33	12	8	0	34	45	11	22	1.2	20.2
Seq8494_456_bp_1_1_4	ENA|BAB79260|BAB79260.1	37.50	8	5	0	13	20	198	205	2.3	19.2
Seq8494_456_bp_1_1_4	ENA|AAA36114|AAA36114.1	29.41	17	12	0	19	35	270	286	2.6	19.2
Seq8494_456_bp_1_1_4	ENA|AAA18786|AAA18786.1	50.00	8	4	0	16	23	187	194	2.7	18.2
Seq8494_456_bp_1_1_4	ENA|ABN10845|ABN10845.1	38.46	14	8	1	6	18	43	56	3.1	17.7
Seq8494_456_bp_1_1_4	ENA|ABD33854|ABD33854.1	55.56	9	4	0	6	14	9	17	3.7	15.7
Seq8494_456_bp_1_1_4	ENA|CAA26023|CAA26023.1	36.36	12	7	1	6	17	174	184	3.8	18.2
Seq8494_456_bp_1_1_4	ENA|EDO47375|EDO47375.1	41.67	12	7	0	10	21	33	44	5.3	16.7
Seq8494_456_bp_1_1_4	ENA|AAC40132|AAC40132.1	57.14	7	3	0	16	22	72	78	6.6	17.7
Seq8494_456_bp_1_1_4	ENA|ACH70901|ACH70901.1	57.14	7	3	0	26	32	54	60	7	17.2
Seq8494_456_bp_1_1_4	ENA|AAA32624|AAA32624.1	80.00	5	1	0	6	10	242	246	9.9	17.2
Seq8494_456_bp_1_2_0	ENA|BAA32991|BAA32991.1	38.46	13	8	0	2	14	24	36	0.013	22.6
Seq8494_456_bp_1_2_0	ENA|AAB26998|AAB26998.1	62.50	8	3	0	3	10	40	47	0.021	22.1
Seq8494_456_bp_1_2_0	ENA|CAA36714|CAA36714.1	33.33	9	6	0	2	10	371	379	0.75	19.5
Seq8494_456_bp_1_2_0	ENA|AAB96524|AAB96524.1	61.54	16	5	3	1	16	171	183	0.88	18.0
Seq8494_456_bp_1_2_0	ENA|ABK71357|ABK71357.1	100.00	4	0	0	14	17	337	340	7	15.9
Seq8494_456_bp_1_2_0	ENA|CAA29968|CAA29968.1	80.00	5	1	0	14	18	181	185	7.4	14.9
Seq8494_456_bp_1_2_1	ENA|AAF79734|AAF79734.1	50.00	8	4	0	9	16	1003	1010	0.35	22.5
Seq8494_456_bp_1_2_1	ENA|ABD49687|ABD49687.1	50.00	12	6	0	9	20	369	380	0.61	21.9
Seq8494_456_bp_1_2_1	ENA|AAA72732|AAA72732.1	42.86	7	4	0	7	13	225	231	0.81	19.0
Seq8494_456_bp_1_2_1	ENA|ABN10845|ABN10845.1	50.00	6	3	0	17	22	91	96	0.83	18.4
Seq8494_456_bp_1_2_1	ENA|AAB26998|AAB26998.1	33.33	9	6	0	5	13	12	20	0.99	16.7
Seq8494_456_bp_1_2_1	ENA|AAB96524|AAB96524.1	80.00	5	1	0	20	24	94	98	1.1	17.9
Seq8494_456_bp_1_2_1	ENA|CAA11507|CAA11507.1	33.33	12	8	0	8	19	208	219	1.1	20.7
Seq8494_456_bp_1_2_1	ENA|BAA05866|BAA05866.1	30.00	10	7	0	13	22	153	162	1.2	18.4
Seq8494_456_bp_1_2_1	ENA|ABK71357|ABK71357.1	37.50	8	5	0	9	16	169	176	1.4	18.4
Seq8494_456_bp_1_2_1	ENA|CAA26023|CAA26023.1	100.00	3	0	0	16	18	164	166	1.5	18.4
Seq8494_456_bp_1_2_1	ENA|BAA32956|BAA32956.1	40.00	10	6	0	6	15	153	162	1.8	17.3
Seq8494_456_bp_1_2_1	ENA|AAR37016|AAR37016.1	50.00	6	3	0	11	16	181	186	1.8	20.7
Seq8494_456_bp_1_2_1	ENA|AAC17860|AAC17860.1	100.00	3	0	0	14	16	314	316	3.4	17.3
Seq8494_456_bp_1_2_1	ENA|ABG75784|ABG75784.1	46.15	13	7	0	5	17	183	195	3.8	16.7
Seq8494_456_bp_1_2_1	ENA|CAA45708|CAA45708.1	57.14	7	3	0	14	20	308	314	5.6	18.4
Seq8494_456_bp_1_2_1	ENA|AAC40132|AAC40132.1	57.14	7	3	0	10	16	66	72	5.7	16.7
Seq8494_456_bp_1_2_1	ENA|CAA26939|CAA26939.1	60.00	5	2	0	7	11	246	250	6.8	16.7
Seq8494_456_bp_1_2_1	ENA|AAA18786|AAA18786.1	35.71	14	9	0	2	15	182	195	7	15.6
Seq8494_456_bp_1_2_1	ENA|CAA36714|CAA36714.1	50.00	6	3	0	15	20	435	440	8.2	16.2
Seq8494_456_bp_1_2_1	ENA|AAA36539|AAA36539.1	42.86	7	4	0	16	22	22	28	8.3	16.2
Seq8494_456_bp_1_2_2	ENA|CAA73529|CAA73529.1	57.14	7	3	0	12	18	205	211	0.12	21.4
Seq8494_456_bp_1_2_2	ENA|AAC40132|AAC40132.1	42.86	7	4	0	12	18	418	424	0.32	20.8
Seq8494_456_bp_1_2_2	ENA|ACH70901|ACH70901.1	80.00	5	1	0	5	9	79	83	0.56	19.6
Seq8494_456_bp_1_2_2	ENA|CAL82360|CAL82360.1	38.46	13	8	0	5	17	1255	1267	0.87	20.8
Seq8494_456_bp_1_2_2	ENA|CAA26939|CAA26939.1	60.00	5	2	0	3	7	125	129	1.3	19.0
Seq8494_456_bp_1_2_2	ENA|AAR37016|AAR37016.1	62.50	8	3	0	9	16	1067	1074	1.6	20.8
Seq8494_456_bp_1_2_2	ENA|AAA72732|AAA72732.1	75.00	4	1	0	3	6	10	13	1.7	17.8
Seq8494_456_bp_1_2_2	ENA|AAA25966|AAA25966.1	45.45	11	6	0	11	21	114	124	2.5	18.4
Seq8494_456_bp_1_2_2	ENA|BAA32956|BAA32956.1	42.86	7	4	0	9	15	98	104	2.5	16.6
Seq8494_456_bp_1_2_2	ENA|AAC49865|AAC49865.1	37.50	8	5	0	3	10	195	202	2.6	17.2
Seq8494_456_bp_1_2_2	ENA|CAA28033|CAA28033.1	50.00	6	3	0	12	17	1285	1290	3	19.0
Seq8494_456_bp_1_2_2	ENA|AAC26660|AAC26660.1	44.44	9	5	0	6	14	17	25	3.1	16.6
Seq8494_456_bp_1_2_2	ENA|ABG75784|ABG75784.1	40.00	5	3	0	16	20	247	251	3.7	16.6
Seq8494_456_bp_1_2_2	ENA|ABN10845|ABN10845.1	36.36	11	7	0	1	11	98	108	3.9	16.0
Seq8494_456_bp_1_2_2	ENA|AAA32624|AAA32624.1	33.33	9	6	0	8	16	474	482	4.1	17.2
Seq8494_456_bp_1_2_2	ENA|AAB96524|AAB96524.1	28.57	7	5	0	4	10	99	105	5	15.4
Seq8494_456_bp_1_2_2	ENA|AAC78721|AAC78721.1	36.36	11	7	0	3	13	100	110	5.2	17.2
Seq8494_456_bp_1_2_2	ENA|AAA42531|AAA42531.1	83.33	6	1	0	1	6	36	41	6.8	16.0
Seq8494_456_bp_1_2_2	ENA|ACT10338|ACT10338.1	50.00	6	3	0	4	9	41	46	6.8	16.0
Seq8494_456_bp_1_2_2	ENA|AAB26998|AAB26998.1	50.00	4	2	0	3	6	42	45	7.2	13.6
Seq8494_456_bp_1_2_2	ENA|EDO47375|EDO47375.1	60.00	5	2	0	8	12	126	130	7.5	14.8
Seq8494_456_bp_1_2_2	ENA|CAA45199|CAA45199.1	50.00	9	4	1	13	20	63	71	8.1	16.0
Seq8494_456_bp_1_2_2	ENA|AAA36539|AAA36539.1	100.00	3	0	0	5	7	236	238	8.2	16.0
Seq8494_456_bp_1_2_2	ENA|ABD49687|ABD49687.1	35.71	18	9	4	8	21	581	598	8.5	17.8
Seq8494_456_bp_1_2_2	ENA|CAB75732|CAB75732.1	100.00	3	0	0	17	19	608	610	8.7	17.2
Seq8494_456_bp_1_2_3	ENA|ABN10845|ABN10845.1	66.67	12	3	3	2	13	108	116	0.77	18.2
Seq8494_456_bp_1_2_3	ENA|CAA36714|CAA36714.1	50.00	10	5	0	7	16	235	244	1.6	18.2
Seq8494_456_bp_1_2_3	ENA|AAA32624|AAA32624.1	80.00	5	1	0	5	9	439	443	1.8	18.2
Seq8494_456_bp_1_2_3	ENA|AAA36539|AAA36539.1	42.86	7	4	0	11	17	323	329	2.4	17.7
Seq8494_456_bp_1_2_3	ENA|BAB17681|BAB17681.1	41.67	12	7	0	6	17	50	61	4.4	16.0
Seq8494_456_bp_1_2_3	ENA|CAA29968|CAA29968.1	44.44	9	5	0	4	12	83	91	4.5	15.5
Seq8494_456_bp_1_2_3	ENA|BAA32991|BAA32991.1	100.00	2	0	0	3	4	28	29	5.1	13.8
Seq8494_456_bp_1_2_3	ENA|AAB66912|AAB66912.1	63.64	12	4	1	9	19	75	86	6.7	17.1
Seq8494_456_bp_1_2_3	ENA|AAC78721|AAC78721.1	80.00	5	1	0	15	19	573	577	7.1	16.6
Seq8494_456_bp_1_2_3	ENA|AAA24145|AAA24145.1	57.14	7	3	0	8	14	327	333	7.2	16.0
Seq8494_456_bp_1_2_3	ENA|CAA45199|CAA45199.1	80.00	5	1	0	13	17	184	188	7.3	16.0
Seq8494_456_bp_1_2_3	ENA|AAB26998|AAB26998.1	66.67	6	2	0	5	10	14	19	8.2	13.2
Seq8494_456_bp_1_2_3	ENA|CAA26023|CAA26023.1	100.00	2	0	0	2	3	164	165	8.6	15.5
Seq8494_456_bp_1_2_3	ENA|CAA26939|CAA26939.1	60.00	5	2	0	5	9	487	491	8.7	16.0
Seq8494_456_bp_1_2_4	ENA|BAA32956|BAA32956.1	62.50	8	3	0	5	12	201	208	0.45	18.4
Seq8494_456_bp_1_2_4	ENA|BAA32991|BAA32991.1	100.00	3	0	0	2	4	27	29	1.9	14.7
Seq8494_456_bp_1_2_4	ENA|BAA36759|BAA36759.1	33.33	9	6	0	5	13	17	25	2.7	16.3
Seq8494_456_bp_1_2_4	ENA|CAA45199|CAA45199.1	75.00	4	1	0	5	8	214	217	3	16.8
Seq8494_456_bp_1_2_4	ENA|CAA29956|CAA29956.1	60.00	5	2	0	5	9	105	109	3.5	16.3
Seq8494_456_bp_1_2_4	ENA|AAB96524|AAB96524.1	66.67	6	2	0	7	12	176	181	5.1	14.7
Seq8494_456_bp_1_2_5	ENA|CAA73529|CAA73529.1	20.00	20	16	0	10	29	239	258	1.6	18.6
Seq8494_456_bp_1_2_5	ENA|AAB66912|AAB66912.1	46.15	13	7	0	14	26	58	70	3.6	19.2
Seq8494_456_bp_1_2_5	ENA|CAA36714|CAA36714.1	62.50	8	3	0	25	32	437	444	3.9	18.1
Seq8494_456_bp_1_2_5	ENA|ABN10845|ABN10845.1	71.43	7	2	0	1	7	104	110	3.9	17.0
Seq8494_456_bp_1_2_5	ENA|AAB26998|AAB26998.1	50.00	6	3	0	36	41	55	60	4.4	15.3
Seq8494_456_bp_1_2_5	ENA|CAA26939|CAA26939.1	38.46	13	8	0	13	25	314	326	4.7	18.1
Seq8494_456_bp_1_2_5	ENA|ACH70901|ACH70901.1	55.56	9	4	0	26	34	83	91	6.3	17.0
Seq8494_456_bp_1_2_5	ENA|ABD49687|ABD49687.1	46.15	13	7	0	8	20	1710	1722	6.4	19.2
Seq8494_456_bp_1_2_5	ENA|CAA43419|CAA43419.1	57.14	7	3	0	29	35	113	119	6.4	17.0
Seq8494_456_bp_1_2_5	ENA|AAC26660|AAC26660.1	45.45	11	6	0	15	25	52	62	6.6	16.4
Seq8494_456_bp_1_2_5	ENA|BAB17681|BAB17681.1	38.46	13	8	0	14	26	49	61	7	16.4
Seq8494_456_bp_1_2_5	ENA|AAB03707|AAB03707.1	62.50	8	3	0	24	31	1020	1027	7.5	18.6
Seq8494_456_bp_1_2_5	ENA|BAA05866|BAA05866.1	50.00	6	3	0	36	41	149	154	7.8	16.4
Seq8494_456_bp_1_2_5	ENA|AAI27517|AAI27517.1	57.14	7	3	0	17	23	427	433	10	17.0
Seq8494_456_bp_-1_0_0	ENA|AAB66912|AAB66912.1	36.36	24	14	2	13	34	485	508	2.2	20.4
Seq8494_456_bp_-1_0_0	ENA|CAA29956|CAA29956.1	41.18	17	10	0	29	45	299	315	3.1	18.6
Seq8494_456_bp_-1_0_0	ENA|BAB17681|BAB17681.1	30.00	10	7	0	20	29	72	81	3.2	18.1
Seq8494_456_bp_-1_0_0	ENA|CAA26939|CAA26939.1	40.00	21	12	1	18	37	436	456	6.4	18.1
Seq8494_456_bp_-1_0_0	ENA|CAA45199|CAA45199.1	53.85	14	6	1	34	47	28	40	7.2	17.7
Seq8494_456_bp_-1_0_1	ENA|ABD33854|ABD33854.1	53.85	14	6	1	18	30	5	18	1.6	16.5
Seq8494_456_bp_-1_0_1	ENA|BAB79260|BAB79260.1	38.46	13	8	0	17	29	112	124	3	18.4
Seq8494_456_bp_-1_0_1	ENA|AAB26998|AAB26998.1	50.00	8	4	0	32	39	36	43	3.7	15.6
Seq8494_456_bp_-1_0_1	ENA|AAB96524|AAB96524.1	57.14	7	3	0	35	41	179	185	4.5	16.5
Seq8494_456_bp_-1_0_1	ENA|BAA32018|BAA32018.1	38.89	18	11	0	7	24	480	497	7.6	17.5
Seq8494_456_bp_-1_0_1	ENA|EDO47375|EDO47375.1	60.00	5	2	0	31	35	154	158	8.5	15.6
Seq8494_456_bp_-1_0_2	ENA|AAC49865|AAC49865.1	55.56	9	4	0	4	12	233	241	1.1	19.0
Seq8494_456_bp_-1_0_2	ENA|AAA36539|AAA36539.1	44.44	9	5	0	8	16	452	460	3.3	18.0
Seq8494_456_bp_-1_0_2	ENA|CAA36214|CAA36214.1	33.33	9	6	0	11	19	209	217	5.7	16.5
Seq8494_456_bp_-1_0_2	ENA|AAB96524|AAB96524.1	28.57	14	10	0	15	28	22	35	9.5	15.0
Seq8494_456_bp_-1_1_0	ENA|BAA32018|BAA32018.1	42.86	14	8	0	82	95	420	433	2.9	20.5
Seq8494_456_bp_-1_1_0	ENA|AAA72732|AAA72732.1	45.45	11	6	0	31	41	224	234	3.7	19.1
Seq8494_456_bp_-1_1_0	ENA|BAA32956|BAA32956.1	38.46	26	16	0	49	74	187	212	4.6	18.2
Seq8494_456_bp_-1_1_0	ENA|AAC97205|AAC97205.1	30.00	20	14	0	50	69	583	602	7.4	20.0
Seq8494_456_bp_-1_1_0	ENA|CAA26939|CAA26939.1	38.46	13	8	0	5	17	225	237	8.7	18.7
Seq8494_456_bp_-1_1_0	ENA|AAC49865|AAC49865.1	62.50	8	3	0	24	31	196	203	9.4	17.8
Seq8494_456_bp_-1_1_1	ENA|AAR37016|AAR37016.1	55.56	9	4	0	10	18	97	105	0.45	22.4
Seq8494_456_bp_-1_1_1	ENA|ABK71357|ABK71357.1	66.67	6	2	0	9	14	79	84	2.1	17.5
Seq8494_456_bp_-1_1_1	ENA|AAF79734|AAF79734.1	80.00	5	1	0	10	14	1003	1007	3.4	18.7
Seq8494_456_bp_-1_1_1	ENA|EDO47375|EDO47375.1	45.45	11	6	0	8	18	109	119	3.7	15.6
Seq8494_456_bp_-1_1_1	ENA|BAA36759|BAA36759.1	42.86	7	4	0	11	17	160	166	3.7	16.2
Seq8494_456_bp_-1_1_1	ENA|ACH70901|ACH70901.1	50.00	8	4	0	9	16	231	238	4.6	16.2
Seq8494_456_bp_-1_1_1	ENA|AAC49865|AAC49865.1	55.56	9	4	0	6	14	282	290	9.3	15.0
Seq8494_456_bp_-1_2_0	ENA|CCP43727|CCP43727.1	50.00	17	8	1	9	25	307	322	0.088	22.7
Seq8494_456_bp_-1_2_0	ENA|CCP43727|CCP43727.1	33.33	15	10	0	11	25	222	236	0.3	21.0
Seq8494_456_bp_-1_2_0	ENA|CCP43727|CCP43727.1	38.89	19	11	1	9	27	264	281	0.3	21.0
Seq8494_456_bp_-1_2_0	ENA|AAA18786|AAA18786.1	44.44	9	5	0	13	21	242	250	0.54	19.8
Seq8494_456_bp_-1_2_0	ENA|CAA73529|CAA73529.1	50.00	10	5	0	12	21	171	180	0.83	19.2
Seq8494_456_bp_-1_2_0	ENA|AAA42531|AAA42531.1	40.00	20	12	0	7	26	116	135	1.2	19.2
Seq8494_456_bp_-1_2_0	ENA|AAB96524|AAB96524.1	50.00	10	5	0	12	21	111	120	2.8	16.9
Seq8494_456_bp_-1_2_0	ENA|AAS77176|AAS77176.1	36.36	11	7	0	18	28	44	54	4.3	16.9
Seq8494_456_bp_-1_2_0	ENA|CAA36714|CAA36714.1	26.32	19	14	0	11	29	61	79	4.6	17.5
Seq8494_456_bp_-1_2_0	ENA|AAA72732|AAA72732.1	16.00	25	21	0	1	25	79	103	4.6	16.9
Seq8494_456_bp_-1_2_0	ENA|AAC78721|AAC78721.1	55.56	9	4	0	5	13	411	419	6.5	17.5
Seq8494_456_bp_-1_2_0	ENA|CAA45199|CAA45199.1	27.27	11	8	0	21	31	25	35	6.8	16.9
Seq8494_456_bp_-1_2_0	ENA|ACH70901|ACH70901.1	28.57	7	5	0	25	31	44	50	7.7	16.3
Seq8494_456_bp_-1_2_0	ENA|CAA29956|CAA29956.1	66.67	6	2	0	16	21	145	150	8	16.3
Seq8494_456_bp_-1_2_0	ENA|AAB66912|AAB66912.1	71.43	7	2	0	26	32	48	54	8.8	17.5
Seq8494_456_bp_-1_2_0	ENA|ABG75784|ABG75784.1	42.86	7	4	0	11	17	271	277	9.8	15.7
Seq8494_456_bp_-1_2_1	ENA|CAL82360|CAL82360.1	62.50	8	3	0	4	11	861	868	0.76	21.0
Seq8494_456_bp_-1_2_1	ENA|AAA25966|AAA25966.1	50.00	15	7	1	1	14	331	345	1.3	19.4
Seq8494_456_bp_-1_2_1	ENA|AAS77176|AAS77176.1	50.00	8	4	0	8	15	168	175	3.1	16.8
Seq8494_456_bp_-1_2_1	ENA|AAA72732|AAA72732.1	83.33	6	1	0	4	9	7	12	4.7	16.2
Seq8494_456_bp_-1_2_1	ENA|CAB75732|CAB75732.1	41.67	12	7	0	9	20	924	935	5.8	17.8
Seq8494_456_bp_-1_2_1	ENA|AAC49865|AAC49865.1	60.00	5	2	0	10	14	130	134	6.9	15.7
Seq8494_456_bp_-1_2_1	ENA|ABD33854|ABD33854.1	100.00	4	0	0	5	8	14	17	8.1	13.1
Seq8494_456_bp_-1_2_1	ENA|BAA32018|BAA32018.1	50.00	14	6	2	4	15	150	163	9	16.2
Seq8494_456_bp_-1_2_2	ENA|AAC40132|AAC40132.1	25.00	19	12	3	7	22	280	298	0.2	22.4
Seq8494_456_bp_-1_2_2	ENA|ACH70901|ACH70901.1	46.15	15	7	2	19	31	81	95	3.3	17.9
Seq8494_456_bp_-1_2_2	ENA|BAB17681|BAB17681.1	30.77	13	9	0	10	22	138	150	3.5	17.4
Seq8494_456_bp_-1_2_2	ENA|CAA36214|CAA36214.1	83.33	6	1	0	29	34	194	199	3.9	17.4
Seq8494_456_bp_-1_2_2	ENA|CAA43419|CAA43419.1	55.56	9	4	0	16	24	348	356	4.7	17.4
Seq8494_456_bp_-1_2_2	ENA|AAC49865|AAC49865.1	50.00	10	5	0	8	17	126	135	5.8	16.9
Seq8494_456_bp_-1_2_2	ENA|CAA26023|CAA26023.1	18.75	16	13	0	20	35	128	143	6.7	16.9
Seq8494_456_bp_-1_2_2	ENA|AAC97205|AAC97205.1	55.56	9	4	0	32	40	1195	1203	7.7	18.4
Seq8494_456_bp_-1_2_2	ENA|CAL82360|CAL82360.1	20.00	15	12	0	7	21	748	762	7.9	18.4
Seq8494_456_bp_-1_2_2	ENA|AAA36114|AAA36114.1	50.00	8	4	0	25	32	228	235	8.8	16.9
Seq8494_456_bp_-1_2_2	ENA|AAA32624|AAA32624.1	40.00	17	9	2	8	24	290	304	9	16.9
Seq8494_456_bp_-1_2_3	ENA|AAA24145|AAA24145.1	30.77	13	9	0	1	13	301	313	1.6	17.7
Seq8494_456_bp_-1_2_3	ENA|AAA32624|AAA32624.1	44.44	9	5	0	2	10	457	465	3.8	16.6
Seq8494_456_bp_-1_2_3	ENA|CAA43419|CAA43419.1	50.00	8	4	0	3	10	51	58	5.5	15.5
Seq8494_456_bp_-1_2_3	ENA|CAA73529|CAA73529.1	57.14	7	3	0	1	7	263	269	8.4	14.5
Seq8494_456_bp_-1_2_3	ENA|BAA36759|BAA36759.1	66.67	6	2	0	1	6	50	55	8.8	14.5
Seq8494_456_bp_-1_2_3	ENA|AAB66912|AAB66912.1	50.00	6	3	0	7	12	580	585	9.3	16.1
Seq8494_456_bp_-1_2_4	ENA|CAA11507|CAA11507.1	55.56	9	4	0	2	10	558	566	1.2	19.8
Seq8494_456_bp_-1_2_4	ENA|AAA25966|AAA25966.1	42.86	7	4	0	8	14	116	122	2.1	18.1
Seq8494_456_bp_-1_2_4	ENA|AAA32624|AAA32624.1	40.00	10	6	0	2	11	74	83	2.3	17.5
Seq8494_456_bp_-1_2_4	ENA|AAA24145|AAA24145.1	57.14	7	3	0	1	7	31	37	3	16.9
Seq8494_456_bp_-1_2_4	ENA|AAC97205|AAC97205.1	37.50	8	5	0	7	14	381	388	7.8	16.9
Seq8494_456_bp_-1_2_4	ENA|CAL82360|CAL82360.1	66.67	6	2	0	1	6	1106	1111	8.1	16.9
Seq8494_456_bp_-1_2_4	ENA|AAA42531|AAA42531.1	18.18	11	9	0	4	14	51	61	8.5	15.1
Seq8494_456_bp_-1_2_4	ENA|AAB66912|AAB66912.1	55.56	9	4	0	3	11	474	482	8.8	16.3
