Seq1409_50_bp_1_0_0	BAB70780.1	100.00	5	0	0	7	11	398	402	1.4	17.9
Seq1409_50_bp_1_0_0	AAB96524.1	66.67	6	2	0	7	12	5	10	1.8	16.2
Seq1409_50_bp_1_0_0	AAQ92751.2	70.00	13	3	3	2	13	1026	1036	2	19.0
Seq1409_50_bp_1_0_0	ABS38337.1	55.56	9	4	0	5	13	118	126	3.7	17.9
Seq1409_50_bp_1_0_0	AAC17860.1	66.67	11	3	2	2	12	79	87	4	16.2
Seq1409_50_bp_1_0_0	AAC78721.1	66.67	6	2	0	5	10	638	643	4	16.9
Seq1409_50_bp_1_0_0	ACH70904.1	100.00	3	0	0	3	5	294	296	7	15.1
Seq1409_50_bp_1_0_0	AAA24969.1	50.00	13	6	1	1	13	1312	1323	7	17.2
Seq1409_50_bp_1_0_0	AAC08817.1	66.67	6	2	0	6	11	55	60	8.2	13.8
Seq1409_50_bp_1_0_0	AAI27517.1	66.67	6	2	0	4	9	539	544	8.8	15.5
Seq1409_50_bp_1_0_0	BAA32991.1	100.00	3	0	0	1	3	2	4	8.9	12.4
Seq1409_50_bp_1_0_0	CAA45199.1	60.00	5	2	0	4	8	410	414	9	15.1
Seq1409_50_bp_1_1_0	ABK71357.1	83.33	6	1	0	2	7	298	303	0.76	18.8
Seq1409_50_bp_1_1_0	ACT10338.1	100.00	5	0	0	4	8	307	311	0.8	18.8
Seq1409_50_bp_1_1_0	AAA18786.1	66.67	14	4	2	5	16	32	45	1.6	17.2
Seq1409_50_bp_1_1_0	CAA26230.1	75.00	8	2	0	8	15	411	418	2.2	17.8
Seq1409_50_bp_1_1_0	AAA24969.1	85.71	7	1	0	7	13	1236	1242	2.5	19.1
Seq1409_50_bp_1_1_0	CAA45199.1	71.43	7	2	0	1	7	43	49	3.6	16.8
Seq1409_50_bp_1_1_0	AAA32376.1	62.50	8	3	0	1	8	59	66	3.9	15.2
Seq1409_50_bp_1_1_0	BAB17681.1	83.33	7	1	1	9	14	75	81	4	15.9
Seq1409_50_bp_1_1_0	ABD49687.1	83.33	6	1	0	2	7	147	152	4.3	18.4
Seq1409_50_bp_1_1_0	AAR31603.1	66.67	10	3	1	1	10	279	287	4.8	15.9
Seq1409_50_bp_1_1_0	ABD33854.1	83.33	8	1	2	9	14	17	24	5.4	13.3
Seq1409_50_bp_1_1_0	CAA74140.1	85.71	11	1	4	1	7	929	939	6.9	16.8
Seq1409_50_bp_1_1_0	ABN10845.1	100.00	4	0	0	13	16	189	192	7.5	14.6
Seq1409_50_bp_1_1_0	AAA45888.1	50.00	10	5	0	3	12	375	384	8.4	15.2
Seq1409_50_bp_1_2_0	AAH69556.1	81.25	16	3	0	1	16	10	25	5e-09	45.7
Seq1409_50_bp_1_2_0	CAA74140.1	60.00	17	6	2	1	15	267	283	0.18	22.2
Seq1409_50_bp_1_2_0	CAA43372.1	45.45	11	6	0	3	13	38	48	1.3	18.2
Seq1409_50_bp_1_2_0	AAI27517.1	42.86	14	8	0	2	15	464	477	1.4	18.5
Seq1409_50_bp_1_2_0	AAR37016.1	55.56	9	4	0	2	10	414	422	2.6	19.6
Seq1409_50_bp_1_2_0	AAA72732.1	55.56	9	4	0	4	12	48	56	4.2	16.0
Seq1409_50_bp_1_2_0	AAC97205.1	60.00	10	4	0	1	10	1202	1211	4.7	17.8
Seq1409_50_bp_1_2_0	ABK71357.1	53.85	14	6	1	2	14	115	128	5	16.0
Seq1409_50_bp_1_2_0	AAA32624.1	66.67	6	2	0	1	6	234	239	6.9	16.0
Seq1409_50_bp_1_2_0	AAA18786.1	57.14	7	3	0	2	8	67	73	7.4	14.9
Seq1409_50_bp_1_2_0	AAA32376.1	66.67	6	2	0	2	7	60	65	7.9	14.2
Seq1409_50_bp_1_2_0	AII71783.1	57.14	7	3	0	1	7	283	289	8.4	14.9
Seq1409_50_bp_1_2_0	BAB17681.1	71.43	9	2	2	10	16	57	65	9.5	14.6
Seq1409_50_bp_1_2_0	ACH70904.1	71.43	7	2	0	8	14	299	305	9.7	14.9
Seq1409_50_bp_1_2_0	ABD33854.1	44.44	9	5	0	3	11	16	24	9.9	12.4
Seq1409_50_bp_-1_0_0	ABD33854.1	64.29	22	5	8	2	15	33	54	0.13	18.8
Seq1409_50_bp_-1_0_0	AAA26915.1	46.67	17	8	2	1	15	373	389	0.76	19.1
Seq1409_50_bp_-1_0_0	ABD49687.1	45.45	11	6	0	2	12	375	385	3.4	18.8
Seq1409_50_bp_-1_0_0	AAI27517.1	83.33	6	1	0	11	16	538	543	4.6	16.8
Seq1409_50_bp_-1_0_0	AAB26998.1	44.44	9	5	0	1	9	64	72	5.9	13.5
Seq1409_50_bp_-1_0_0	AAA24969.1	66.67	17	3	8	2	10	1313	1329	7.3	17.4
Seq1409_50_bp_-1_0_0	AAB03707.1	50.00	12	5	2	7	16	630	641	8.3	17.1
Seq1409_50_bp_-1_0_0	BAE97662.1	71.43	7	2	0	10	16	345	351	8.6	16.8
Seq1409_50_bp_-1_0_0	AAR31603.1	75.00	4	1	0	6	9	102	105	9.6	14.8
Seq1409_50_bp_-1_1_0	AAA36565.1	77.78	11	2	2	4	14	67	75	0.25	19.2
Seq1409_50_bp_-1_1_0	CAA45199.1	70.00	13	3	3	2	11	55	67	0.36	20.2
Seq1409_50_bp_-1_1_0	CAA74140.1	66.67	9	3	0	1	9	142	150	2.1	18.6
Seq1409_50_bp_-1_1_0	BAA32991.1	100.00	3	0	0	8	10	26	28	2.2	14.8
Seq1409_50_bp_-1_1_0	AAC97205.1	53.85	19	6	6	1	13	550	568	2.8	18.6
Seq1409_50_bp_-1_1_0	AAA32376.1	66.67	6	2	0	3	8	139	144	2.8	15.8
Seq1409_50_bp_-1_1_0	ABL74574.1	85.71	9	1	2	6	14	7	13	3	16.4
Seq1409_50_bp_-1_1_0	AAC17860.1	83.33	6	1	0	2	7	20	25	3.4	16.7
Seq1409_50_bp_-1_1_0	ACT10338.1	55.56	9	4	0	2	10	111	119	5	16.1
Seq1409_50_bp_-1_1_0	AAA23282.1	37.50	8	5	0	4	11	564	571	5.8	16.4
Seq1409_50_bp_-1_1_0	ABK71357.1	63.64	12	4	1	3	14	4	14	5.9	15.8
Seq1409_50_bp_-1_1_0	AAC08817.1	80.00	5	1	0	4	8	123	127	6.2	14.5
Seq1409_50_bp_-1_1_0	CAA43372.1	45.45	12	6	1	1	11	27	38	6.5	15.8
Seq1409_50_bp_-1_1_0	AAA65607.1	100.00	4	0	0	4	7	326	329	7.1	15.4
Seq1409_50_bp_-1_2_0	CAD53387.1	80.00	14	2	4	2	15	10	19	0.14	21.7
Seq1409_50_bp_-1_2_0	CAD53387.1	80.00	14	2	4	2	15	76	85	0.14	21.7
Seq1409_50_bp_-1_2_0	CAD53387.1	80.00	14	2	4	2	15	142	151	0.14	21.7
Seq1409_50_bp_-1_2_0	CAD53387.1	80.00	14	2	4	2	15	208	217	0.14	21.7
Seq1409_50_bp_-1_2_0	CAD53387.1	80.00	14	2	4	2	15	274	283	0.14	21.7
Seq1409_50_bp_-1_2_0	CAD53387.1	80.00	14	2	4	2	15	340	349	0.14	21.7
Seq1409_50_bp_-1_2_0	CAD53387.1	80.00	14	2	4	2	15	406	415	0.14	21.7
Seq1409_50_bp_-1_2_0	AAR37016.1	61.54	16	5	3	2	16	659	672	1.3	20.6
Seq1409_50_bp_-1_2_0	CAA45199.1	100.00	10	0	4	3	12	147	152	1.7	17.9
Seq1409_50_bp_-1_2_0	AAA45888.1	100.00	4	0	0	10	13	8	11	3.4	16.6
Seq1409_50_bp_-1_2_0	BAA32956.1	41.67	12	7	0	1	12	189	200	4.7	15.3
Seq1409_50_bp_-1_2_0	AAX12058.1	66.67	6	2	0	3	8	153	158	4.9	15.6
Seq1409_50_bp_-1_2_0	AAA32376.1	85.71	9	1	2	10	16	5	13	4.9	14.9
Seq1409_50_bp_-1_2_0	AAI27517.1	75.00	9	2	1	8	15	451	459	5.2	16.6
Seq1409_50_bp_-1_2_0	AAA25966.1	62.50	8	3	0	8	15	189	196	6.3	16.6
Seq1409_50_bp_-1_2_0	ACH70904.1	100.00	4	0	0	8	11	69	72	6.3	15.6
Seq1409_50_bp_-1_2_0	ABL74574.1	71.43	8	2	1	7	13	255	262	6.4	15.3
Seq1409_50_bp_-1_2_0	AAC97205.1	58.33	17	5	5	2	13	23	39	8.4	16.9
Seq1409_50_bp_-1_2_0	CAA04196.1	57.14	7	3	0	2	8	414	420	9.1	15.3
Seq1409_50_bp_-1_2_0	AAA18786.1	62.50	9	3	1	9	16	63	71	9.2	14.6
