Seq10002_672_bp_1_0_0	ENA|AAA18786|AAA18786.1	50.00	14	7	0	13	26	152	165	0.059	24.3
Seq10002_672_bp_1_0_0	ENA|CAL82360|CAL82360.1	33.33	21	14	0	27	47	615	635	1.2	22.2
Seq10002_672_bp_1_0_0	ENA|AAC49865|AAC49865.1	60.00	10	4	0	64	73	197	206	1.4	20.0
Seq10002_672_bp_1_0_0	ENA|ABK71357|ABK71357.1	57.14	7	3	0	55	61	141	147	1.6	20.0
Seq10002_672_bp_1_0_0	ENA|AAA36539|AAA36539.1	35.71	14	9	0	32	45	200	213	2	20.0
Seq10002_672_bp_1_0_0	ENA|ABD49687|ABD49687.1	44.44	9	5	0	12	20	208	216	2.4	21.6
Seq10002_672_bp_1_0_0	ENA|ABD33854|ABD33854.1	40.00	10	6	0	25	34	34	43	2.5	16.8
Seq10002_672_bp_1_0_0	ENA|AAS77176|AAS77176.1	42.86	14	8	0	8	21	166	179	2.6	19.0
Seq10002_672_bp_1_0_0	ENA|CAA45199|CAA45199.1	38.89	20	11	2	44	61	55	74	2.9	19.5
Seq10002_672_bp_1_0_0	ENA|AAA25966|AAA25966.1	38.89	19	11	1	41	58	332	350	3.1	20.0
Seq10002_672_bp_1_0_0	ENA|CAA28033|CAA28033.1	20.69	29	23	0	19	47	616	644	3.8	20.6
Seq10002_672_bp_1_0_0	ENA|AAA42531|AAA42531.1	41.67	12	7	0	60	71	324	335	4.9	18.4
Seq10002_672_bp_1_0_0	ENA|CAA26939|CAA26939.1	57.14	7	3	0	40	46	453	459	5	19.0
Seq10002_672_bp_1_0_0	ENA|AAB66912|AAB66912.1	27.78	18	13	0	30	47	129	146	5.6	19.5
Seq10002_672_bp_1_0_0	ENA|AAQ92751|AAQ92751.2	75.00	4	1	0	54	57	1292	1295	5.7	20.0
Seq10002_672_bp_1_0_0	ENA|ACT10338|ACT10338.1	66.67	9	3	0	65	73	376	384	7	17.9
Seq10002_672_bp_1_0_0	ENA|AAC97205|AAC97205.1	58.33	12	5	0	35	46	728	739	7.3	19.5
Seq10002_672_bp_1_0_0	ENA|AAB03707|AAB03707.1	66.67	9	3	0	64	72	389	397	8.1	19.5
Seq10002_672_bp_1_0_0	ENA|AAA72732|AAA72732.1	37.04	27	17	0	8	34	154	180	8.1	17.3
Seq10002_672_bp_1_0_0	ENA|ABN10845|ABN10845.1	50.00	10	5	0	57	66	104	113	8.2	16.8
Seq10002_672_bp_1_0_0	ENA|AAA32624|AAA32624.1	33.33	12	8	0	6	17	6	17	9.3	17.9
Seq10002_672_bp_1_0_1	ENA|AAA32624|AAA32624.1	60.00	10	4	0	2	11	27	36	0.052	22.6
Seq10002_672_bp_1_0_1	ENA|CAA29968|CAA29968.1	55.56	9	4	0	2	10	68	76	0.16	19.6
Seq10002_672_bp_1_0_1	ENA|AAA25966|AAA25966.1	55.56	9	4	0	3	11	43	51	0.59	19.6
Seq10002_672_bp_1_0_1	ENA|AAA36539|AAA36539.1	71.43	7	2	0	2	8	67	73	0.59	18.9
Seq10002_672_bp_1_0_1	ENA|AAC08817|AAC08817.1	80.00	5	1	0	4	8	112	116	0.7	17.1
Seq10002_672_bp_1_0_1	ENA|AAC97205|AAC97205.1	62.50	8	3	0	4	11	1004	1011	2.3	18.3
Seq10002_672_bp_1_0_1	ENA|AAA42531|AAA42531.1	57.14	7	3	0	4	10	33	39	2.6	16.5
Seq10002_672_bp_1_0_1	ENA|CAA26939|CAA26939.1	50.00	8	4	0	3	10	337	344	3.8	16.5
Seq10002_672_bp_1_0_1	ENA|AAA24145|AAA24145.1	40.00	10	6	0	1	10	258	267	4.6	15.9
Seq10002_672_bp_1_0_1	ENA|BAA32018|BAA32018.1	30.00	10	7	0	1	10	493	502	6.2	15.9
Seq10002_672_bp_1_0_1	ENA|AAS77176|AAS77176.1	100.00	3	0	0	1	3	74	76	9.8	14.1
Seq10002_672_bp_1_0_2	ENA|CAA29956|CAA29956.1	45.00	20	11	0	27	46	196	215	0.032	25.1
Seq10002_672_bp_1_0_2	ENA|BAA32956|BAA32956.1	70.00	10	3	0	2	11	186	195	0.26	21.2
Seq10002_672_bp_1_0_2	ENA|AAA42531|AAA42531.1	38.89	18	11	0	26	43	160	177	0.71	20.6
Seq10002_672_bp_1_0_2	ENA|AAC49865|AAC49865.1	27.27	22	16	0	29	50	267	288	0.89	20.1
Seq10002_672_bp_1_0_2	ENA|AAI27517|AAI27517.1	38.10	21	13	0	1	21	395	415	1.6	20.1
Seq10002_672_bp_1_0_2	ENA|CCP43727|CCP43727.1	46.15	13	7	0	8	20	177	189	2.8	18.4
Seq10002_672_bp_1_0_2	ENA|AAC08817|AAC08817.1	50.00	10	5	0	18	27	84	93	2.9	17.3
Seq10002_672_bp_1_0_2	ENA|AAA18786|AAA18786.1	57.14	15	6	1	38	52	204	217	3.3	17.8
Seq10002_672_bp_1_0_2	ENA|BAB17681|BAB17681.1	33.33	12	8	0	9	20	178	189	3.4	17.8
Seq10002_672_bp_1_0_2	ENA|AAB66912|AAB66912.1	60.00	18	6	3	2	18	297	312	3.6	19.5
Seq10002_672_bp_1_0_2	ENA|AAF79734|AAF79734.1	33.33	15	10	0	18	32	1357	1371	3.8	20.1
Seq10002_672_bp_1_0_2	ENA|AAR37016|AAR37016.1	43.75	16	9	0	2	17	1655	1670	4.2	20.6
Seq10002_672_bp_1_0_2	ENA|AAQ92751|AAQ92751.2	83.33	6	1	0	17	22	1200	1205	5.3	19.5
Seq10002_672_bp_1_0_2	ENA|AAA36539|AAA36539.1	32.00	26	17	1	11	36	406	430	5.8	17.8
Seq10002_672_bp_1_0_2	ENA|CAA26939|CAA26939.1	29.17	25	17	1	4	27	430	454	6.8	17.8
Seq10002_672_bp_1_0_2	ENA|AAC17860|AAC17860.1	40.00	10	6	0	33	42	338	347	7.2	17.3
Seq10002_672_bp_1_0_2	ENA|AAR31603|AAR31603.1	55.56	9	4	0	44	52	281	289	8.4	16.7
Seq10002_672_bp_1_0_2	ENA|ABD49687|ABD49687.1	72.73	13	3	2	34	44	608	620	9.3	19.0
Seq10002_672_bp_1_0_2	ENA|ACT10338|ACT10338.1	33.33	18	12	0	2	19	354	371	9.8	16.7
Seq10002_672_bp_1_0_3	ENA|ABN10845|ABN10845.1	42.11	22	11	3	2	21	39	59	0.043	24.1
Seq10002_672_bp_1_0_3	ENA|AAA25966|AAA25966.1	32.00	28	17	3	11	38	125	149	0.21	23.5
Seq10002_672_bp_1_0_3	ENA|AAR37016|AAR37016.1	57.14	19	6	5	6	21	1888	1904	0.32	24.7
Seq10002_672_bp_1_0_3	ENA|AAA42531|AAA42531.1	53.85	13	6	0	50	62	201	213	1.2	20.1
Seq10002_672_bp_1_0_3	ENA|CAA24711|CAA24711.1	66.67	9	3	0	20	28	7	15	1.7	18.4
Seq10002_672_bp_1_0_3	ENA|AAR31603|AAR31603.1	35.71	14	9	0	31	44	8	21	2.2	19.0
Seq10002_672_bp_1_0_3	ENA|BAA36759|BAA36759.1	40.00	10	6	0	32	41	130	139	2.8	18.4
Seq10002_672_bp_1_0_3	ENA|CAA26023|CAA26023.1	33.33	9	6	0	4	12	65	73	3.7	18.4
Seq10002_672_bp_1_0_3	ENA|AAA18786|AAA18786.1	46.15	13	7	0	23	35	245	257	3.8	17.9
Seq10002_672_bp_1_0_3	ENA|ABK71357|ABK71357.1	40.00	10	6	0	46	55	351	360	5.3	17.9
Seq10002_672_bp_1_0_3	ENA|CAA28033|CAA28033.1	57.14	7	3	0	48	54	24	30	5.7	19.6
Seq10002_672_bp_1_0_3	ENA|CAA73529|CAA73529.1	57.14	7	3	0	6	12	98	104	5.7	17.3
Seq10002_672_bp_1_0_3	ENA|AAB03707|AAB03707.1	54.55	11	5	0	24	34	407	417	6	19.6
Seq10002_672_bp_1_0_3	ENA|CAA45199|CAA45199.1	75.00	4	1	0	14	17	384	387	6.6	17.9
Seq10002_672_bp_1_0_3	ENA|CAA43419|CAA43419.1	58.33	12	5	0	22	33	330	341	7.6	17.3
Seq10002_672_bp_1_0_3	ENA|AAB26998|AAB26998.1	100.00	3	0	0	13	15	12	14	7.8	15.0
Seq10002_672_bp_1_0_3	ENA|AAC97205|AAC97205.1	50.00	10	5	0	41	50	972	981	7.8	19.0
Seq10002_672_bp_1_0_3	ENA|ACT10338|ACT10338.1	62.50	8	3	0	29	36	220	227	8	17.3
Seq10002_672_bp_1_0_3	ENA|BAB17681|BAB17681.1	55.56	9	4	0	54	62	225	233	8.3	16.7
Seq10002_672_bp_1_0_3	ENA|AAB96524|AAB96524.1	60.00	5	2	0	9	13	99	103	8.3	16.2
Seq10002_672_bp_1_0_3	ENA|CCP43727|CCP43727.1	31.25	16	11	0	25	40	58	73	9.8	16.7
Seq10002_672_bp_1_0_4	ENA|ACH70901|ACH70901.1	57.14	7	3	0	5	11	357	363	1.1	18.0
Seq10002_672_bp_1_0_4	ENA|AAA36114|AAA36114.1	50.00	6	3	0	8	13	111	116	2.4	17.3
Seq10002_672_bp_1_0_4	ENA|CAA26939|CAA26939.1	50.00	6	3	0	9	14	452	457	2.7	17.3
Seq10002_672_bp_1_0_4	ENA|AAQ92751|AAQ92751.2	44.44	9	5	0	2	10	347	355	2.8	18.6
Seq10002_672_bp_1_0_4	ENA|AAA18786|AAA18786.1	50.00	6	3	0	7	12	97	102	3	16.1
Seq10002_672_bp_1_0_4	ENA|ABN10845|ABN10845.1	75.00	4	1	0	1	4	57	60	3.8	15.5
Seq10002_672_bp_1_0_4	ENA|CAA11507|CAA11507.1	50.00	8	4	0	3	10	1241	1248	4.2	18.0
Seq10002_672_bp_1_0_4	ENA|AAB66912|AAB66912.1	66.67	6	2	0	6	11	443	448	4.4	17.3
Seq10002_672_bp_1_0_4	ENA|AAC78721|AAC78721.1	44.44	9	5	0	1	9	210	218	4.9	16.7
Seq10002_672_bp_1_0_4	ENA|AAA42531|AAA42531.1	60.00	5	2	0	1	5	125	129	6.5	15.5
Seq10002_672_bp_1_0_4	ENA|ACT10338|ACT10338.1	66.67	6	2	0	7	12	245	250	6.6	15.5
Seq10002_672_bp_1_0_4	ENA|AAF79734|AAF79734.1	44.44	9	5	0	3	11	841	849	6.7	17.3
Seq10002_672_bp_1_0_4	ENA|AAR37016|AAR37016.1	40.00	10	6	0	1	10	277	286	7	18.0
Seq10002_672_bp_1_0_4	ENA|BAB79260|BAB79260.1	50.00	6	3	0	8	13	388	393	7.6	15.5
Seq10002_672_bp_1_0_4	ENA|AAA24145|AAA24145.1	25.00	8	6	0	5	12	327	334	7.7	15.5
Seq10002_672_bp_1_0_4	ENA|CAA45199|CAA45199.1	50.00	6	3	0	1	6	214	219	7.8	15.5
Seq10002_672_bp_1_0_4	ENA|AAR31603|AAR31603.1	33.33	9	6	0	2	10	226	234	8.4	14.8
Seq10002_672_bp_1_1_0	ENA|AAC08817|AAC08817.1	39.13	23	14	0	135	157	44	66	1.5	20.1
Seq10002_672_bp_1_1_0	ENA|EDO47375|EDO47375.1	55.56	9	4	0	163	171	128	136	1.8	20.1
Seq10002_672_bp_1_1_0	ENA|AAR31603|AAR31603.1	40.00	20	12	0	179	198	211	230	2.3	20.6
Seq10002_672_bp_1_1_0	ENA|BAA32018|BAA32018.1	38.89	20	11	2	131	148	169	188	3.1	21.1
Seq10002_672_bp_1_1_0	ENA|AAB96524|AAB96524.1	40.00	20	12	0	65	84	95	114	3.5	19.2
Seq10002_672_bp_1_1_0	ENA|CAA29968|CAA29968.1	75.00	8	2	0	101	108	31	38	3.7	19.2
Seq10002_672_bp_1_1_0	ENA|BAA32956|BAA32956.1	35.71	14	9	0	15	28	176	189	4	19.2
Seq10002_672_bp_1_1_0	ENA|AAB66912|AAB66912.1	37.50	16	10	0	177	192	592	607	6.3	20.6
Seq10002_672_bp_1_1_0	ENA|AAC26660|AAC26660.1	31.25	16	11	0	166	181	158	173	9	18.2
Seq10002_672_bp_1_1_0	ENA|CAA73529|CAA73529.1	100.00	5	0	0	126	130	67	71	9.6	18.2
Seq10002_672_bp_1_1_0	ENA|AAA42531|AAA42531.1	38.46	13	8	0	165	177	245	257	9.7	18.7
Seq10002_672_bp_1_1_1	ENA|AAC97205|AAC97205.1	33.33	12	8	0	11	22	15	26	0.24	22.7
Seq10002_672_bp_1_1_1	ENA|AAA24145|AAA24145.1	37.50	8	5	0	11	18	453	460	0.87	19.3
Seq10002_672_bp_1_1_1	ENA|AAA25966|AAA25966.1	30.77	13	9	0	8	20	115	127	2.1	18.7
Seq10002_672_bp_1_1_1	ENA|ABN10845|ABN10845.1	44.44	9	5	0	8	16	16	24	2.5	16.7
Seq10002_672_bp_1_1_1	ENA|BAB17681|BAB17681.1	25.00	8	6	0	15	22	79	86	3.2	16.7
Seq10002_672_bp_1_1_1	ENA|AAB26998|AAB26998.1	40.00	5	3	0	15	19	47	51	3.6	14.7
Seq10002_672_bp_1_1_1	ENA|ABK71357|ABK71357.1	60.00	5	2	0	11	15	172	176	4.3	16.7
Seq10002_672_bp_1_1_1	ENA|ACT10338|ACT10338.1	60.00	5	2	0	8	12	234	238	4.5	16.7
Seq10002_672_bp_1_1_1	ENA|ABD49687|ABD49687.1	23.08	13	10	0	5	17	586	598	5	18.7
Seq10002_672_bp_1_1_1	ENA|AAF79734|AAF79734.1	30.00	10	7	0	13	22	1198	1207	6.5	18.0
Seq10002_672_bp_1_1_1	ENA|AAC08817|AAC08817.1	33.33	12	8	0	1	12	65	76	7	14.7
Seq10002_672_bp_1_1_1	ENA|ABD33854|ABD33854.1	27.27	11	8	0	9	19	28	38	7.1	13.4
Seq10002_672_bp_1_1_1	ENA|CAA24711|CAA24711.1	50.00	4	2	0	13	16	20	23	7.6	14.7
Seq10002_672_bp_1_1_1	ENA|ABG75784|ABG75784.1	42.86	7	4	0	4	10	216	222	8.6	15.4
Seq10002_672_bp_1_1_1	ENA|CAL82360|CAL82360.1	57.14	7	3	0	4	10	1037	1043	8.9	17.4
Seq10002_672_bp_1_2_0	ENA|AAC08817|AAC08817.1	28.95	38	27	0	4	41	120	157	0.23	22.1
Seq10002_672_bp_1_2_0	ENA|ABD49687|ABD49687.1	36.36	24	14	2	5	28	435	456	0.31	25.1
Seq10002_672_bp_1_2_0	ENA|ABG75784|ABG75784.1	38.46	13	8	0	42	54	42	54	1.1	20.8
Seq10002_672_bp_1_2_0	ENA|ABD33854|ABD33854.1	36.84	23	12	4	70	88	15	37	1.8	17.7
Seq10002_672_bp_1_2_0	ENA|BAA32956|BAA32956.1	33.33	27	18	0	80	106	181	207	2.5	19.0
Seq10002_672_bp_1_2_0	ENA|AAR37016|AAR37016.1	31.58	19	13	0	42	60	1098	1116	2.5	22.5
Seq10002_672_bp_1_2_0	ENA|AAA18786|AAA18786.1	40.00	20	12	0	14	33	208	227	4.2	18.6
Seq10002_672_bp_1_2_0	ENA|CAA36714|CAA36714.1	24.32	37	28	0	64	100	33	69	7.1	18.6
Seq10002_672_bp_1_2_0	ENA|AAB26998|AAB26998.1	50.00	10	5	0	77	86	67	76	7.2	16.0
Seq10002_672_bp_1_2_1	ENA|AAC26660|AAC26660.1	30.00	10	7	0	29	38	66	75	2.8	18.4
Seq10002_672_bp_1_2_1	ENA|AAC49865|AAC49865.1	38.46	13	8	0	28	40	271	283	5	18.0
Seq10002_672_bp_1_2_1	ENA|AAQ92751|AAQ92751.2	47.06	39	18	5	32	69	1043	1077	5.5	19.9
Seq10002_672_bp_1_2_1	ENA|CAA43419|CAA43419.1	57.14	7	3	0	28	34	219	225	5.5	18.0
Seq10002_672_bp_1_2_1	ENA|AAA25966|AAA25966.1	40.00	24	12	4	19	42	2	21	5.6	18.9
Seq10002_672_bp_1_2_1	ENA|AAA32624|AAA32624.1	57.14	7	3	0	44	50	477	483	5.6	18.4
Seq10002_672_bp_1_2_1	ENA|AAR37016|AAR37016.1	50.00	17	8	1	54	70	547	562	6.7	20.4
Seq10002_672_bp_1_2_1	ENA|BAA32991|BAA32991.1	40.00	17	9	2	4	20	42	56	7.4	15.1
Seq10002_672_bp_1_2_1	ENA|ACT10338|ACT10338.1	61.54	18	5	5	44	61	298	310	7.9	17.5
Seq10002_672_bp_1_2_1	ENA|AAS77176|AAS77176.1	55.56	9	4	0	19	27	170	178	8.2	17.0
Seq10002_672_bp_1_2_1	ENA|ABD49687|ABD49687.1	20.00	25	20	0	14	38	718	742	9.2	19.4
Seq10002_672_bp_1_2_1	ENA|AAR31603|AAR31603.1	62.50	8	3	0	23	30	161	168	9.2	17.0
Seq10002_672_bp_1_2_2	ENA|AAB03707|AAB03707.1	43.48	23	13	0	3	25	854	876	0.69	21.4
Seq10002_672_bp_1_2_2	ENA|BAA32956|BAA32956.1	40.00	10	6	0	1	10	195	204	0.9	18.3
Seq10002_672_bp_1_2_2	ENA|AAB96524|AAB96524.1	35.71	14	9	0	2	15	141	154	1.6	17.3
Seq10002_672_bp_1_2_2	ENA|AAC08817|AAC08817.1	66.67	6	2	0	6	11	76	81	2.8	16.3
Seq10002_672_bp_1_2_2	ENA|ABD33854|ABD33854.1	29.41	17	12	0	2	18	26	42	4.6	14.2
Seq10002_672_bp_1_2_2	ENA|AAA42531|AAA42531.1	50.00	10	5	0	6	15	15	24	4.7	16.8
Seq10002_672_bp_1_2_2	ENA|CAL82360|CAL82360.1	50.00	10	5	0	9	18	105	114	5.3	18.3
Seq10002_672_bp_1_2_2	ENA|AAA72732|AAA72732.1	83.33	6	1	0	10	15	182	187	5.4	16.3
Seq10002_672_bp_1_2_2	ENA|ABN10845|ABN10845.1	40.00	10	6	0	5	14	38	47	7.5	15.2
Seq10002_672_bp_1_2_2	ENA|ACH70901|ACH70901.1	28.57	14	10	0	1	14	200	213	8.6	15.8
Seq10002_672_bp_1_2_2	ENA|AAS77176|AAS77176.1	83.33	6	1	0	13	18	121	126	9.8	15.2
Seq10002_672_bp_1_2_2	ENA|BAA36759|BAA36759.1	36.36	11	7	0	7	17	21	31	9.8	15.2
Seq10002_672_bp_-1_0_0	ENA|BAA32956|BAA32956.1	41.67	24	14	0	38	61	175	198	0.16	22.2
Seq10002_672_bp_-1_0_0	ENA|AAC08817|AAC08817.1	46.15	13	7	0	20	32	100	112	0.77	19.5
Seq10002_672_bp_-1_0_0	ENA|AAI27517|AAI27517.1	29.63	27	19	0	30	56	322	348	0.95	21.1
Seq10002_672_bp_-1_0_0	ENA|CAD53387|CAD53387.1	55.56	9	4	0	28	36	464	472	1.7	20.0
Seq10002_672_bp_-1_0_0	ENA|ABD33854|ABD33854.1	75.00	4	1	0	2	5	44	47	2	16.8
Seq10002_672_bp_-1_0_0	ENA|AAR37016|AAR37016.1	55.56	9	4	0	29	37	913	921	2.6	21.6
Seq10002_672_bp_-1_0_0	ENA|CAA26023|CAA26023.1	71.43	7	2	0	31	37	12	18	2.7	19.0
Seq10002_672_bp_-1_0_0	ENA|AAS77176|AAS77176.1	57.14	7	3	0	24	30	167	173	2.9	18.4
Seq10002_672_bp_-1_0_0	ENA|CAA36714|CAA36714.1	41.67	12	7	0	3	14	389	400	3.2	19.0
Seq10002_672_bp_-1_0_0	ENA|CAA26939|CAA26939.1	40.00	15	9	0	2	16	501	515	5.6	18.4
Seq10002_672_bp_-1_0_0	ENA|AAA32624|AAA32624.1	62.50	8	3	0	3	10	454	461	7.4	17.9
Seq10002_672_bp_-1_0_0	ENA|AAA42531|AAA42531.1	33.33	12	8	0	52	63	13	24	7.9	17.3
Seq10002_672_bp_-1_0_0	ENA|EDO47375|EDO47375.1	50.00	8	4	0	56	63	3	10	8	16.3
Seq10002_672_bp_-1_0_0	ENA|AAC97205|AAC97205.1	22.58	31	24	0	29	59	33	63	8.2	19.0
Seq10002_672_bp_-1_0_0	ENA|AAC17860|AAC17860.1	31.58	20	13	1	41	60	70	88	8.3	17.3
Seq10002_672_bp_-1_0_0	ENA|AAA72732|AAA72732.1	62.50	8	3	0	11	18	299	306	9.1	16.8
Seq10002_672_bp_-1_0_0	ENA|AAC49865|AAC49865.1	44.44	9	5	0	18	26	84	92	9.5	16.8
Seq10002_672_bp_-1_0_1	ENA|CAA73529|CAA73529.1	35.29	18	11	1	17	34	46	62	0.82	20.0
Seq10002_672_bp_-1_0_1	ENA|ABD33854|ABD33854.1	31.58	21	13	2	33	51	22	42	1.6	17.0
Seq10002_672_bp_-1_0_1	ENA|CAB75732|CAB75732.1	33.33	33	22	0	17	49	154	186	1.7	21.0
Seq10002_672_bp_-1_0_1	ENA|CAA45199|CAA45199.1	45.45	11	6	0	34	44	58	68	3.9	18.5
Seq10002_672_bp_-1_0_1	ENA|EDO47375|EDO47375.1	38.46	13	8	0	13	25	45	57	4.5	17.0
Seq10002_672_bp_-1_0_1	ENA|BAA32991|BAA32991.1	43.75	16	9	0	40	55	26	41	4.7	15.5
Seq10002_672_bp_-1_0_1	ENA|AAC08817|AAC08817.1	50.00	8	4	0	43	50	9	16	7.3	16.0
Seq10002_672_bp_-1_0_1	ENA|CAA11507|CAA11507.1	38.10	22	13	1	34	55	478	498	7.7	19.0
Seq10002_672_bp_-1_0_1	ENA|AAA25966|AAA25966.1	44.44	9	5	0	41	49	409	417	8.2	18.0
Seq10002_672_bp_-1_0_1	ENA|CAA43419|CAA43419.1	62.50	8	3	0	40	47	112	119	8.4	17.0
Seq10002_672_bp_-1_0_1	ENA|BAA32956|BAA32956.1	31.25	16	11	0	15	30	182	197	9.6	16.0
Seq10002_672_bp_-1_0_2	ENA|CAA45708|CAA45708.1	57.14	14	6	0	13	26	1155	1168	0.45	22.7
Seq10002_672_bp_-1_0_2	ENA|AAB03707|AAB03707.1	50.00	10	5	0	20	29	412	421	0.59	22.1
Seq10002_672_bp_-1_0_2	ENA|CAA36714|CAA36714.1	63.64	11	4	0	7	17	201	211	0.62	20.5
Seq10002_672_bp_-1_0_2	ENA|AAB66912|AAB66912.1	55.56	9	4	0	3	11	500	508	0.85	21.0
Seq10002_672_bp_-1_0_2	ENA|CAA45199|CAA45199.1	35.29	18	11	1	15	32	54	70	0.91	19.9
Seq10002_672_bp_-1_0_2	ENA|AAC97205|AAC97205.1	41.67	12	7	0	17	28	234	245	1.1	21.0
Seq10002_672_bp_-1_0_2	ENA|AAC40132|AAC40132.1	60.00	5	2	0	28	32	68	72	1.3	19.4
Seq10002_672_bp_-1_0_2	ENA|CAA73529|CAA73529.1	33.33	12	8	0	18	29	200	211	1.6	18.3
Seq10002_672_bp_-1_0_2	ENA|AAR31603|AAR31603.1	35.71	14	9	0	6	19	236	249	2	18.3
Seq10002_672_bp_-1_0_2	ENA|AAC17860|AAC17860.1	44.44	9	5	0	4	12	168	176	3.5	17.8
Seq10002_672_bp_-1_0_2	ENA|CAA43419|CAA43419.1	80.00	5	1	0	1	5	116	120	4.6	17.2
Seq10002_672_bp_-1_0_2	ENA|CAA36214|CAA36214.1	62.50	8	3	0	7	14	230	237	5.5	16.7
Seq10002_672_bp_-1_0_2	ENA|AAC08817|AAC08817.1	31.58	19	13	0	6	24	137	155	6	15.6
Seq10002_672_bp_-1_0_2	ENA|AAA25966|AAA25966.1	28.57	14	10	0	16	29	545	558	6.1	17.8
Seq10002_672_bp_-1_0_2	ENA|AAA18786|AAA18786.1	30.00	10	7	0	20	29	34	43	6.9	16.1
Seq10002_672_bp_-1_0_2	ENA|ABN10845|ABN10845.1	66.67	6	2	0	21	26	135	140	8.1	15.6
Seq10002_672_bp_-1_0_3	ENA|BAA32956|BAA32956.1	66.67	6	2	0	9	14	182	187	2.9	16.1
Seq10002_672_bp_-1_0_3	ENA|AAC49865|AAC49865.1	75.00	8	2	0	2	9	16	23	4.5	16.1
Seq10002_672_bp_-1_0_3	ENA|ACH70901|ACH70901.1	33.33	9	6	0	2	10	165	173	4.9	16.1
Seq10002_672_bp_-1_0_3	ENA|AAI27517|AAI27517.1	44.44	9	5	0	3	11	396	404	5.7	16.6
Seq10002_672_bp_-1_0_3	ENA|AAA36114|AAA36114.1	25.00	12	9	0	6	17	220	231	9.4	15.6
Seq10002_672_bp_-1_0_4	ENA|CAA11507|CAA11507.1	61.54	13	5	0	6	18	23	35	0.16	24.2
Seq10002_672_bp_-1_0_4	ENA|AAA36539|AAA36539.1	46.15	13	7	0	4	16	171	183	0.29	21.9
Seq10002_672_bp_-1_0_4	ENA|ABN10845|ABN10845.1	30.77	26	18	0	13	38	128	153	0.49	20.0
Seq10002_672_bp_-1_0_4	ENA|AAB26998|AAB26998.1	36.84	19	12	0	2	20	61	79	1.2	17.2
Seq10002_672_bp_-1_0_4	ENA|CAB75732|CAB75732.1	36.36	22	14	0	12	33	544	565	1.3	20.9
Seq10002_672_bp_-1_0_4	ENA|AAR31603|AAR31603.1	40.00	10	6	0	7	16	42	51	6.8	16.7
Seq10002_672_bp_-1_0_4	ENA|CAA43419|CAA43419.1	26.67	15	11	0	13	27	353	367	7.6	16.7
Seq10002_672_bp_-1_1_0	ENA|CAA28033|CAA28033.1	57.14	7	3	0	6	12	869	875	0.26	22.0
Seq10002_672_bp_-1_1_0	ENA|CAA43419|CAA43419.1	66.67	6	2	0	7	12	347	352	0.93	18.3
Seq10002_672_bp_-1_1_0	ENA|CAA26023|CAA26023.1	57.14	7	3	0	8	14	207	213	2.3	17.0
Seq10002_672_bp_-1_1_0	ENA|BAA32956|BAA32956.1	66.67	3	1	0	6	8	90	92	4.4	15.2
Seq10002_672_bp_-1_1_0	ENA|AAC78721|AAC78721.1	37.50	8	5	0	7	14	108	115	5.9	16.4
Seq10002_672_bp_-1_1_0	ENA|CAA45199|CAA45199.1	28.57	14	10	0	1	14	422	435	6.3	15.8
Seq10002_672_bp_-1_1_0	ENA|CAA73529|CAA73529.1	30.00	10	7	0	3	12	143	152	8.4	14.6
Seq10002_672_bp_-1_1_0	ENA|AAB96524|AAB96524.1	75.00	4	1	0	7	10	168	171	8.7	13.9
Seq10002_672_bp_-1_1_1	ENA|ABK71357|ABK71357.1	33.33	18	12	0	1	18	18	35	0.41	20.3
Seq10002_672_bp_-1_1_1	ENA|BAB17681|BAB17681.1	33.33	12	8	0	8	19	225	236	2.3	17.3
Seq10002_672_bp_-1_1_1	ENA|ABD33854|ABD33854.1	50.00	6	3	0	4	9	3	8	4	14.4
Seq10002_672_bp_-1_1_1	ENA|AAA32624|AAA32624.1	33.33	15	10	0	5	19	153	167	4.3	17.3
Seq10002_672_bp_-1_1_1	ENA|CAL82360|CAL82360.1	40.00	10	6	0	5	14	105	114	4.6	18.5
Seq10002_672_bp_-1_1_1	ENA|CAA28033|CAA28033.1	33.33	12	8	0	7	18	599	610	4.7	18.5
Seq10002_672_bp_-1_1_1	ENA|AAB66912|AAB66912.1	60.00	10	4	0	15	24	303	312	5	17.9
Seq10002_672_bp_-1_1_1	ENA|AAR31603|AAR31603.1	30.00	20	14	0	3	22	40	59	6	16.1
Seq10002_672_bp_-1_1_1	ENA|CAA43419|CAA43419.1	23.08	13	10	0	6	18	314	326	6.6	16.1
Seq10002_672_bp_-1_1_1	ENA|CAA29956|CAA29956.1	44.44	9	5	0	10	18	55	63	6.8	16.1
Seq10002_672_bp_-1_1_1	ENA|CAA24711|CAA24711.1	45.45	11	6	0	5	15	96	106	7	14.9
Seq10002_672_bp_-1_1_1	ENA|AAA72732|AAA72732.1	80.00	5	1	0	9	13	137	141	8.4	15.5
Seq10002_672_bp_-1_1_2	ENA|BAA32991|BAA32991.1	53.33	16	7	1	2	16	13	28	0.0026	25.3
Seq10002_672_bp_-1_1_2	ENA|ACH70901|ACH70901.1	66.67	9	3	0	18	26	229	237	0.21	21.3
Seq10002_672_bp_-1_1_2	ENA|ABG75784|ABG75784.1	44.44	9	5	0	14	22	198	206	2.7	17.4
Seq10002_672_bp_-1_1_2	ENA|AAR37016|AAR37016.1	62.50	8	3	0	9	16	1257	1264	2.9	20.2
Seq10002_672_bp_-1_1_2	ENA|CAA29956|CAA29956.1	66.67	6	2	0	7	12	59	64	6.9	16.3
Seq10002_672_bp_-1_1_2	ENA|AAA18786|AAA18786.1	28.57	7	5	0	15	21	88	94	7.2	15.7
Seq10002_672_bp_-1_1_2	ENA|AAB03707|AAB03707.1	62.50	8	3	0	8	15	705	712	7.8	18.0
Seq10002_672_bp_-1_1_2	ENA|AAC78721|AAC78721.1	40.00	10	6	0	14	23	290	299	8.3	16.8
Seq10002_672_bp_-1_1_3	ENA|CAA45199|CAA45199.1	58.33	12	5	0	3	14	320	331	0.18	22.5
Seq10002_672_bp_-1_1_3	ENA|AAA25966|AAA25966.1	43.75	16	9	0	3	18	205	220	0.6	21.4
Seq10002_672_bp_-1_1_3	ENA|CAA29956|CAA29956.1	33.33	22	14	1	18	39	21	41	0.69	20.2
Seq10002_672_bp_-1_1_3	ENA|CAA36214|CAA36214.1	42.86	14	8	0	25	38	98	111	2.6	17.9
Seq10002_672_bp_-1_1_3	ENA|CCP43727|CCP43727.1	35.71	30	18	2	5	34	200	227	4.2	17.4
Seq10002_672_bp_-1_1_3	ENA|ABK71357|ABK71357.1	44.44	9	5	0	13	21	342	350	4.7	17.4
Seq10002_672_bp_-1_1_3	ENA|BAB17681|BAB17681.1	71.43	7	2	0	2	8	258	264	5.1	16.8
Seq10002_672_bp_-1_1_3	ENA|AAC17860|AAC17860.1	30.43	23	16	0	11	33	71	93	5.2	17.4
Seq10002_672_bp_-1_1_3	ENA|AAC08817|AAC08817.1	60.00	10	4	0	9	18	6	15	6.3	15.7
Seq10002_672_bp_-1_1_3	ENA|AAR37016|AAR37016.1	50.00	12	6	0	19	30	84	95	8.8	19.1
Seq10002_672_bp_-1_1_3	ENA|ABD49687|ABD49687.1	50.00	10	5	0	5	14	71	80	9.4	18.5
Seq10002_672_bp_-1_1_4	ENA|BAA32956|BAA32956.1	54.55	11	5	0	1	11	193	203	0.011	23.7
Seq10002_672_bp_-1_1_4	ENA|AAB66912|AAB66912.1	63.64	11	4	0	1	11	297	307	0.63	20.0
Seq10002_672_bp_-1_1_4	ENA|ABK71357|ABK71357.1	60.00	10	4	0	2	11	336	345	1.6	17.3
Seq10002_672_bp_-1_1_4	ENA|ABD49687|ABD49687.1	44.44	9	5	0	2	10	452	460	2.4	18.9
Seq10002_672_bp_-1_1_4	ENA|AAC97205|AAC97205.1	71.43	7	2	0	1	7	33	39	2.5	18.3
Seq10002_672_bp_-1_1_4	ENA|CAD53387|CAD53387.1	40.00	10	6	0	1	10	29	38	3.1	16.7
Seq10002_672_bp_-1_1_4	ENA|AAC08817|AAC08817.1	57.14	7	3	0	3	9	144	150	4.2	14.6
Seq10002_672_bp_-1_1_4	ENA|CAA29956|CAA29956.1	60.00	5	2	0	2	6	368	372	4.8	15.7
Seq10002_672_bp_-1_1_4	ENA|AAA42531|AAA42531.1	66.67	6	2	0	1	6	16	21	7	15.1
Seq10002_672_bp_-1_1_4	ENA|AAA36114|AAA36114.1	66.67	6	2	0	4	9	341	346	9.1	15.1
Seq10002_672_bp_-1_1_5	ENA|AAB03707|AAB03707.1	40.00	10	6	0	2	11	418	427	0.53	20.7
Seq10002_672_bp_-1_1_5	ENA|CAA45708|CAA45708.1	57.14	7	3	0	1	7	420	426	0.92	20.0
Seq10002_672_bp_-1_1_5	ENA|ABD49687|ABD49687.1	80.00	5	1	0	1	5	1712	1716	1	20.0
Seq10002_672_bp_-1_1_5	ENA|AAF79734|AAF79734.1	66.67	10	3	1	1	9	866	875	1.4	19.3
Seq10002_672_bp_-1_1_5	ENA|AAR37016|AAR37016.1	100.00	4	0	0	3	6	59	62	1.4	20.0
Seq10002_672_bp_-1_1_5	ENA|AAA18786|AAA18786.1	25.00	8	6	0	1	8	26	33	1.6	16.6
Seq10002_672_bp_-1_1_5	ENA|CAA11507|CAA11507.1	50.00	8	4	0	2	9	410	417	2.1	18.6
Seq10002_672_bp_-1_1_5	ENA|BAA32018|BAA32018.1	80.00	5	1	0	6	10	133	137	2.4	17.3
Seq10002_672_bp_-1_1_5	ENA|AAC17860|AAC17860.1	33.33	6	4	0	3	8	168	173	2.5	16.6
Seq10002_672_bp_-1_1_5	ENA|BAA36759|BAA36759.1	100.00	3	0	0	3	5	276	278	2.8	16.0
Seq10002_672_bp_-1_1_5	ENA|AAA24145|AAA24145.1	60.00	5	2	0	2	6	311	315	2.8	16.6
Seq10002_672_bp_-1_1_5	ENA|CAA36214|CAA36214.1	75.00	4	1	0	2	5	280	283	4.6	15.3
Seq10002_672_bp_-1_1_5	ENA|CAL82360|CAL82360.1	60.00	5	2	0	1	5	972	976	4.8	17.3
Seq10002_672_bp_-1_1_5	ENA|AAC08817|AAC08817.1	57.14	7	3	0	3	9	84	90	6	13.9
Seq10002_672_bp_-1_1_5	ENA|CAA36714|CAA36714.1	75.00	4	1	0	1	4	276	279	7	15.3
Seq10002_672_bp_-1_1_5	ENA|AAB26998|AAB26998.1	100.00	2	0	0	3	4	47	48	7.5	12.6
Seq10002_672_bp_-1_1_6	ENA|BAB79260|BAB79260.1	58.33	12	5	0	5	16	27	38	0.58	20.2
Seq10002_672_bp_-1_1_6	ENA|AAA32624|AAA32624.1	35.29	17	11	0	2	18	324	340	1.5	19.1
Seq10002_672_bp_-1_1_6	ENA|ACT10338|ACT10338.1	20.00	15	12	0	9	23	24	38	2.4	17.9
Seq10002_672_bp_-1_1_6	ENA|AAA72732|AAA72732.1	80.00	5	1	0	22	26	116	120	2.8	17.3
Seq10002_672_bp_-1_1_6	ENA|AAC97205|AAC97205.1	35.71	14	9	0	6	19	739	752	3.4	19.1
Seq10002_672_bp_-1_1_6	ENA|CAA29968|CAA29968.1	100.00	3	0	0	6	8	82	84	3.9	16.2
Seq10002_672_bp_-1_1_6	ENA|CAA36214|CAA36214.1	55.56	11	4	2	8	18	240	248	4.1	16.8
Seq10002_672_bp_-1_1_6	ENA|CAA45199|CAA45199.1	62.50	8	3	0	1	8	304	311	4.2	17.3
Seq10002_672_bp_-1_1_6	ENA|BAA32991|BAA32991.1	25.00	8	6	0	4	11	20	27	4.5	14.5
Seq10002_672_bp_-1_1_6	ENA|AAS77176|AAS77176.1	30.00	10	7	0	18	27	181	190	5.7	16.2
Seq10002_672_bp_-1_1_6	ENA|ABD49687|ABD49687.1	57.14	7	3	0	1	7	33	39	6.8	18.5
Seq10002_672_bp_-1_1_6	ENA|CAB75732|CAB75732.1	50.00	6	3	0	19	24	920	925	6.9	17.9
Seq10002_672_bp_-1_1_6	ENA|ACH70901|ACH70901.1	50.00	8	4	0	17	24	243	250	7	16.2
Seq10002_672_bp_-1_1_6	ENA|CAA26939|CAA26939.1	35.29	17	11	0	2	18	372	388	7.4	16.8
Seq10002_672_bp_-1_1_6	ENA|BAB17681|BAB17681.1	57.14	7	3	0	8	14	117	123	7.8	15.6
Seq10002_672_bp_-1_1_6	ENA|AAA36539|AAA36539.1	75.00	4	1	0	6	9	223	226	9	16.2
Seq10002_672_bp_-1_1_6	ENA|AAR31603|AAR31603.1	100.00	3	0	0	3	5	143	145	9.2	15.6
Seq10002_672_bp_-1_1_6	ENA|AAA36114|AAA36114.1	50.00	8	4	0	11	18	393	400	9.6	16.2
Seq10002_672_bp_-1_1_7	ENA|AAA25966|AAA25966.1	66.67	6	2	0	22	27	8	13	1.7	19.7
Seq10002_672_bp_-1_1_7	ENA|AAA18786|AAA18786.1	44.44	9	5	0	15	23	88	96	2.8	17.5
Seq10002_672_bp_-1_1_7	ENA|CAA26939|CAA26939.1	66.67	6	2	0	24	29	201	206	4.1	18.1
Seq10002_672_bp_-1_1_7	ENA|AAQ92751|AAQ92751.2	41.67	12	7	0	16	27	223	234	4.6	19.2
Seq10002_672_bp_-1_1_7	ENA|BAA32956|BAA32956.1	50.00	6	3	0	20	25	184	189	4.7	16.4
Seq10002_672_bp_-1_1_7	ENA|CAA45708|CAA45708.1	75.00	8	2	0	6	13	713	720	5.1	19.2
Seq10002_672_bp_-1_1_7	ENA|ABD33854|ABD33854.1	50.00	4	2	0	13	16	41	44	6.5	14.2
Seq10002_672_bp_-1_1_7	ENA|AAB03707|AAB03707.1	83.33	6	1	0	20	25	856	861	6.6	18.6
Seq10002_672_bp_-1_1_7	ENA|ABD49687|ABD49687.1	41.67	12	7	0	6	17	1194	1205	8.1	18.6
Seq10002_672_bp_-1_1_7	ENA|AAF79734|AAF79734.1	54.55	12	5	1	16	26	821	832	9.9	18.1
Seq10002_672_bp_-1_1_8	ENA|ACH70901|ACH70901.1	100.00	5	0	0	11	15	101	105	0.51	19.2
Seq10002_672_bp_-1_1_8	ENA|BAA32991|BAA32991.1	50.00	8	4	0	8	15	33	40	4.1	13.7
Seq10002_672_bp_-1_1_8	ENA|CAA36714|CAA36714.1	45.45	11	6	0	3	13	423	433	5	16.2
Seq10002_672_bp_-1_1_8	ENA|ABD33854|ABD33854.1	42.86	7	4	0	2	8	47	53	7.4	12.7
Seq10002_672_bp_-1_2_0	ENA|BAA32956|BAA32956.1	60.00	10	4	0	8	17	185	194	0.25	19.9
Seq10002_672_bp_-1_2_0	ENA|AAF79734|AAF79734.1	35.71	14	9	0	6	19	276	289	0.62	21.4
Seq10002_672_bp_-1_2_0	ENA|CAA29956|CAA29956.1	46.15	13	7	0	4	16	75	87	0.9	18.9
Seq10002_672_bp_-1_2_0	ENA|AAB96524|AAB96524.1	35.29	17	11	0	1	17	132	148	2.5	16.3
Seq10002_672_bp_-1_2_0	ENA|AAA72732|AAA72732.1	30.77	13	9	0	6	18	285	297	3	16.9
Seq10002_672_bp_-1_2_0	ENA|AAA32624|AAA32624.1	53.85	14	6	1	4	16	161	174	3.5	17.4
Seq10002_672_bp_-1_2_0	ENA|AAC17860|AAC17860.1	30.77	13	9	0	3	15	99	111	3.9	16.9
Seq10002_672_bp_-1_2_0	ENA|AAC40132|AAC40132.1	50.00	8	4	0	11	18	180	187	4.4	16.9
Seq10002_672_bp_-1_2_0	ENA|CAA73529|CAA73529.1	50.00	8	4	0	11	18	236	243	5.1	15.8
Seq10002_672_bp_-1_2_0	ENA|BAB79260|BAB79260.1	42.86	7	4	0	2	8	409	415	5.9	16.3
Seq10002_672_bp_-1_2_0	ENA|CCP43727|CCP43727.1	28.57	14	10	0	7	20	105	118	6.1	15.8
Seq10002_672_bp_-1_2_0	ENA|AAC49865|AAC49865.1	41.67	12	7	0	2	13	173	184	6.1	15.8
Seq10002_672_bp_-1_2_0	ENA|ACH70901|ACH70901.1	80.00	5	1	0	15	19	55	59	6.6	15.8
Seq10002_672_bp_-1_2_0	ENA|AAA18786|AAA18786.1	75.00	4	1	0	1	4	185	188	6.9	15.3
Seq10002_672_bp_-1_2_0	ENA|CAA26939|CAA26939.1	50.00	10	5	0	4	13	319	328	7.3	16.3
Seq10002_672_bp_-1_2_0	ENA|AAC08817|AAC08817.1	31.25	16	11	0	2	17	130	145	8	14.3
Seq10002_672_bp_-1_2_0	ENA|AAC26660|AAC26660.1	55.56	9	4	0	11	19	62	70	9.2	14.8
Seq10002_672_bp_-1_2_1	ENA|AAF79734|AAF79734.1	43.75	16	9	0	6	21	79	94	0.66	21.3
Seq10002_672_bp_-1_2_1	ENA|CCP43727|CCP43727.1	66.67	9	3	0	9	17	247	255	1.3	18.2
Seq10002_672_bp_-1_2_1	ENA|BAB79260|BAB79260.1	83.33	6	1	0	5	10	4	9	2.6	17.6
Seq10002_672_bp_-1_2_1	ENA|AAA25966|AAA25966.1	50.00	6	3	0	1	6	485	490	2.9	18.2
Seq10002_672_bp_-1_2_1	ENA|CAA26023|CAA26023.1	71.43	7	2	0	15	21	8	14	3.2	17.1
Seq10002_672_bp_-1_2_1	ENA|BAA32018|BAA32018.1	22.22	9	7	0	1	9	22	30	3.6	17.6
Seq10002_672_bp_-1_2_1	ENA|AAA36539|AAA36539.1	37.50	8	5	0	1	8	346	353	3.9	17.1
Seq10002_672_bp_-1_2_1	ENA|AAA36114|AAA36114.1	35.71	14	9	0	2	15	488	501	6	16.6
Seq10002_672_bp_-1_2_1	ENA|ABN10845|ABN10845.1	40.00	5	3	0	1	5	91	95	7.6	15.0
Seq10002_672_bp_-1_2_1	ENA|CAD53387|CAD53387.1	62.50	8	3	0	11	18	10	17	8.3	16.0
Seq10002_672_bp_-1_2_1	ENA|CAB75732|CAB75732.1	62.50	8	3	0	5	12	326	333	9.1	17.1
Seq10002_672_bp_-1_2_1	ENA|BAA36759|BAA36759.1	50.00	6	3	0	2	7	170	175	9.8	15.0
Seq10002_672_bp_-1_2_2	ENA|ABK71357|ABK71357.1	71.43	7	2	0	23	29	192	198	1.2	18.9
Seq10002_672_bp_-1_2_2	ENA|CAA29968|CAA29968.1	100.00	5	0	0	12	16	100	104	7.9	15.2
Seq10002_672_bp_-1_2_3	ENA|ACT10338|ACT10338.1	50.00	8	4	0	10	17	201	208	1.4	18.4
Seq10002_672_bp_-1_2_3	ENA|AAC08817|AAC08817.1	45.45	11	6	0	9	19	98	108	3.8	15.6
Seq10002_672_bp_-1_2_3	ENA|EDO47375|EDO47375.1	42.86	14	8	0	2	15	5	18	4.5	15.6
Seq10002_672_bp_-1_2_3	ENA|CAA45708|CAA45708.1	42.86	15	8	1	4	18	503	516	5.2	18.4
Seq10002_672_bp_-1_2_3	ENA|CAA26023|CAA26023.1	33.33	12	8	0	4	15	197	208	6.1	16.1
Seq10002_672_bp_-1_2_3	ENA|BAA32018|BAA32018.1	41.67	12	7	0	3	14	247	258	6.7	16.7
Seq10002_672_bp_-1_2_3	ENA|CAA24711|CAA24711.1	30.77	13	9	0	2	14	155	167	8.6	14.5
Seq10002_672_bp_-1_2_4	ENA|BAA32956|BAA32956.1	43.75	36	18	4	71	106	170	201	0.68	20.9
Seq10002_672_bp_-1_2_4	ENA|AAC08817|AAC08817.1	38.10	21	13	0	89	109	128	148	0.92	20.1
Seq10002_672_bp_-1_2_4	ENA|AAC97205|AAC97205.1	42.86	14	8	0	33	46	1096	1109	1.2	22.6
Seq10002_672_bp_-1_2_4	ENA|CAD53387|CAD53387.1	39.13	23	14	0	77	99	26	48	2.2	20.5
Seq10002_672_bp_-1_2_4	ENA|CAA26939|CAA26939.1	28.57	21	15	0	21	41	53	73	2.5	20.5
Seq10002_672_bp_-1_2_4	ENA|AAC49865|AAC49865.1	20.00	43	32	3	43	85	291	330	2.5	19.6
Seq10002_672_bp_-1_2_4	ENA|CAB75732|CAB75732.1	24.53	56	40	3	51	106	49	101	2.7	21.4
Seq10002_672_bp_-1_2_4	ENA|ABD33854|ABD33854.1	27.78	36	26	0	60	95	1	36	2.9	17.1
Seq10002_672_bp_-1_2_4	ENA|CCP43727|CCP43727.1	17.50	42	33	2	31	70	17	58	3.4	19.2
Seq10002_672_bp_-1_2_4	ENA|AAB03707|AAB03707.1	33.33	48	30	3	53	97	831	878	4.3	20.9
