Seq5075_177_bp_1_0_0	ENA|AAA24145|AAA24145.1	96.36	55	2	0	1	55	411	465	2.6e-41	155.3
Seq5075_177_bp_1_0_0	ENA|AAA24145|AAA24145.1	38.46	29	16	3	9	37	87	112	0.14	23.3
Seq5075_177_bp_1_0_0	ENA|CAA29956|CAA29956.1	36.84	19	12	0	29	47	359	377	0.23	22.3
Seq5075_177_bp_1_0_0	ENA|AAA36114|AAA36114.1	83.33	6	1	0	35	40	399	404	1.3	20.3
Seq5075_177_bp_1_0_0	ENA|AAC78721|AAC78721.1	21.43	28	22	0	22	49	613	640	1.7	20.3
Seq5075_177_bp_1_0_0	ENA|AAA42531|AAA42531.1	55.56	9	4	0	16	24	57	65	2	19.2
Seq5075_177_bp_1_0_0	ENA|CAA29968|CAA29968.1	31.25	16	11	0	20	35	122	137	2.8	17.7
Seq5075_177_bp_1_0_0	ENA|EDO47375|EDO47375.1	33.33	12	8	0	17	28	126	137	3.8	17.2
Seq5075_177_bp_1_0_0	ENA|ACH70901|ACH70901.1	40.00	10	6	0	23	32	248	257	5.1	17.7
Seq5075_177_bp_1_0_0	ENA|CAA26023|CAA26023.1	66.67	6	2	0	42	47	159	164	5.4	17.7
Seq5075_177_bp_1_0_0	ENA|AAQ92751|AAQ92751.2	25.00	16	12	0	20	35	1337	1352	6.7	19.2
Seq5075_177_bp_1_0_0	ENA|AAA25966|AAA25966.1	10.00	20	18	0	11	30	364	383	7	18.2
Seq5075_177_bp_1_0_0	ENA|AAA18786|AAA18786.1	47.62	25	11	4	21	41	153	177	7.5	16.7
Seq5075_177_bp_1_0_0	ENA|BAA32956|BAA32956.1	80.00	5	1	0	40	44	33	37	8.3	16.2
Seq5075_177_bp_1_0_0	ENA|AAC97205|AAC97205.1	21.43	14	11	0	37	50	9	22	8.3	18.7
Seq5075_177_bp_1_0_0	ENA|AAA36539|AAA36539.1	22.22	18	14	0	28	45	428	445	9.2	17.2
Seq5075_177_bp_1_1_0	ENA|AAC17860|AAC17860.1	26.92	26	19	0	26	51	38	63	0.3	21.9
Seq5075_177_bp_1_1_0	ENA|AAA36114|AAA36114.1	26.67	15	11	0	28	42	51	65	0.38	21.9
Seq5075_177_bp_1_1_0	ENA|AAB26998|AAB26998.1	45.45	11	6	0	20	30	9	19	0.57	18.6
Seq5075_177_bp_1_1_0	ENA|CAA26023|CAA26023.1	36.36	11	7	0	21	31	126	136	0.6	20.8
Seq5075_177_bp_1_1_0	ENA|ABN10845|ABN10845.1	50.00	6	3	0	25	30	108	113	2.3	18.1
Seq5075_177_bp_1_1_0	ENA|CAA45199|CAA45199.1	62.50	8	3	0	27	34	139	146	2.3	19.2
Seq5075_177_bp_1_1_0	ENA|CAA43419|CAA43419.1	66.67	6	2	0	6	11	115	120	2.6	18.6
Seq5075_177_bp_1_1_0	ENA|CAL82360|CAL82360.1	46.15	13	7	0	26	38	946	958	2.9	20.3
Seq5075_177_bp_1_1_0	ENA|BAA32956|BAA32956.1	44.44	9	5	0	24	32	153	161	3.2	17.5
Seq5075_177_bp_1_1_0	ENA|CAA36714|CAA36714.1	100.00	3	0	0	25	27	435	437	3.3	18.6
Seq5075_177_bp_1_1_0	ENA|AAC40132|AAC40132.1	30.77	13	9	0	35	47	252	264	3.4	18.6
Seq5075_177_bp_1_1_0	ENA|ABG75784|ABG75784.1	40.00	10	6	0	1	10	238	247	6.7	17.0
Seq5075_177_bp_1_1_0	ENA|AAA24145|AAA24145.1	50.00	10	5	0	26	35	312	321	6.7	17.5
Seq5075_177_bp_1_1_0	ENA|BAA36759|BAA36759.1	33.33	19	12	1	22	39	179	197	8.8	16.4
Seq5075_177_bp_1_1_0	ENA|CAA11507|CAA11507.1	30.00	20	14	0	28	47	1088	1107	9.1	18.6
Seq5075_177_bp_1_2_0	ENA|BAA32956|BAA32956.1	80.00	5	1	0	3	7	98	102	0.57	18.5
Seq5075_177_bp_1_2_0	ENA|AAR37016|AAR37016.1	50.00	10	5	0	1	10	1308	1317	0.8	21.5
Seq5075_177_bp_1_2_0	ENA|CAA45199|CAA45199.1	50.00	8	4	0	2	9	63	70	1.3	18.5
Seq5075_177_bp_1_2_0	ENA|BAA32991|BAA32991.1	33.33	9	6	0	4	12	27	35	2.2	14.9
Seq5075_177_bp_1_2_0	ENA|AAA18786|AAA18786.1	40.00	10	6	0	1	10	20	29	3.7	16.1
Seq5075_177_bp_1_2_0	ENA|AAB96524|AAB96524.1	28.57	7	5	0	6	12	165	171	3.9	15.5
Seq5075_177_bp_1_2_0	ENA|CAA29968|CAA29968.1	60.00	5	2	0	9	13	58	62	4.1	15.5
Seq5075_177_bp_1_2_0	ENA|AAC17860|AAC17860.1	44.44	9	5	0	6	14	340	348	5.6	16.1
Seq5075_177_bp_1_2_0	ENA|CAA36714|CAA36714.1	40.00	5	3	0	6	10	131	135	6.3	16.1
Seq5075_177_bp_1_2_0	ENA|CAA11507|CAA11507.1	57.14	7	3	0	8	14	606	612	7.9	17.3
Seq5075_177_bp_1_2_0	ENA|CAA45708|CAA45708.1	42.86	7	4	0	7	13	852	858	8.8	17.3
Seq5075_177_bp_1_2_0	ENA|AAC40132|AAC40132.1	50.00	4	2	0	6	9	69	72	9.5	15.5
Seq5075_177_bp_1_2_1	ENA|BAB17681|BAB17681.1	71.43	7	2	0	1	7	79	85	0.13	21.2
Seq5075_177_bp_1_2_1	ENA|ABD33854|ABD33854.1	80.00	5	1	0	12	16	4	8	1.4	15.7
Seq5075_177_bp_1_2_1	ENA|ABN10845|ABN10845.1	50.00	6	3	0	13	18	49	54	2.2	16.8
Seq5075_177_bp_1_2_1	ENA|CAA36714|CAA36714.1	75.00	4	1	0	17	20	435	438	4.6	16.8
Seq5075_177_bp_1_2_1	ENA|ABD49687|ABD49687.1	36.36	12	7	1	7	17	225	236	5.3	18.4
Seq5075_177_bp_1_2_1	ENA|CAA29956|CAA29956.1	50.00	8	4	0	13	20	12	19	5.4	16.2
Seq5075_177_bp_1_2_1	ENA|AAA24145|AAA24145.1	80.00	5	1	0	5	9	249	253	6.5	16.2
Seq5075_177_bp_1_2_1	ENA|AAA32624|AAA32624.1	60.00	5	2	0	1	5	303	307	7.3	16.2
Seq5075_177_bp_1_2_1	ENA|AAC26660|AAC26660.1	50.00	8	4	0	4	11	202	209	7.6	15.1
Seq5075_177_bp_1_2_1	ENA|AAB96524|AAB96524.1	33.33	9	6	0	4	12	169	177	8	14.6
Seq5075_177_bp_1_2_1	ENA|AAS77176|AAS77176.1	36.36	11	7	0	3	13	115	125	8.5	15.1
Seq5075_177_bp_1_2_1	ENA|BAA32018|BAA32018.1	20.00	10	8	0	6	15	302	311	8.6	16.2
Seq5075_177_bp_1_2_2	ENA|ABN10845|ABN10845.1	40.00	10	6	0	4	13	74	83	1.1	17.2
Seq5075_177_bp_1_2_2	ENA|ABD33854|ABD33854.1	80.00	5	1	0	7	11	38	42	1.2	15.3
Seq5075_177_bp_1_2_2	ENA|ABG75784|ABG75784.1	42.86	7	4	0	2	8	260	266	1.6	17.2
Seq5075_177_bp_1_2_2	ENA|AAI27517|AAI27517.1	66.67	6	2	0	5	10	195	200	1.9	17.8
Seq5075_177_bp_1_2_2	ENA|CAA26023|CAA26023.1	37.50	8	5	0	4	11	1	8	4.4	15.9
Seq5075_177_bp_1_2_2	ENA|AAA24145|AAA24145.1	50.00	6	3	0	3	8	393	398	5.3	15.9
Seq5075_177_bp_1_2_2	ENA|AAR31603|AAR31603.1	50.00	6	3	0	4	9	90	95	5.7	15.3
Seq5075_177_bp_1_2_2	ENA|CAA24711|CAA24711.1	50.00	8	4	0	6	13	128	135	7	14.1
Seq5075_177_bp_1_2_2	ENA|BAA32018|BAA32018.1	50.00	8	4	0	3	10	83	90	7.1	15.9
Seq5075_177_bp_1_2_2	ENA|CAA29968|CAA29968.1	42.86	7	4	0	4	10	134	140	7.8	14.1
Seq5075_177_bp_-1_0_0	ENA|ABD33854|ABD33854.1	50.00	8	4	0	5	12	7	14	0.2	18.3
Seq5075_177_bp_-1_0_0	ENA|ABN10845|ABN10845.1	55.56	9	4	0	1	9	95	103	0.46	18.9
Seq5075_177_bp_-1_0_0	ENA|CAA43419|CAA43419.1	83.33	6	1	0	8	13	224	229	0.53	19.5
Seq5075_177_bp_-1_0_0	ENA|EDO47375|EDO47375.1	44.44	9	5	0	8	16	100	108	0.87	17.8
Seq5075_177_bp_-1_0_0	ENA|CAA11507|CAA11507.1	41.67	12	7	0	2	13	877	888	1.3	20.0
Seq5075_177_bp_-1_0_0	ENA|BAB79260|BAB79260.1	42.86	14	8	0	5	18	238	251	1.4	18.3
Seq5075_177_bp_-1_0_0	ENA|ABG75784|ABG75784.1	50.00	8	4	0	5	12	296	303	1.4	17.8
Seq5075_177_bp_-1_0_0	ENA|CAA26023|CAA26023.1	42.86	7	4	0	6	12	104	110	1.8	17.8
Seq5075_177_bp_-1_0_0	ENA|AAA42531|AAA42531.1	83.33	6	1	0	2	7	242	247	1.8	17.8
Seq5075_177_bp_-1_0_0	ENA|BAA32018|BAA32018.1	30.77	13	9	0	4	16	81	93	2.9	17.8
Seq5075_177_bp_-1_0_0	ENA|AAC78721|AAC78721.1	46.15	13	7	0	1	13	149	161	3.1	17.8
Seq5075_177_bp_-1_0_0	ENA|AAS77176|AAS77176.1	80.00	5	1	0	14	18	102	106	4.2	16.0
Seq5075_177_bp_-1_0_0	ENA|CAA36214|CAA36214.1	40.00	10	6	0	3	12	263	272	4.5	16.0
Seq5075_177_bp_-1_0_0	ENA|CAA45199|CAA45199.1	30.00	10	7	0	7	16	116	125	4.6	16.6
Seq5075_177_bp_-1_0_0	ENA|AAC49865|AAC49865.1	50.00	10	5	0	1	10	198	207	4.8	16.0
Seq5075_177_bp_-1_0_0	ENA|AAA36539|AAA36539.1	75.00	4	1	0	14	17	234	237	9.8	15.5
Seq5075_177_bp_-1_0_1	ENA|AAF79734|AAF79734.1	54.55	11	5	0	6	16	460	470	0.32	23.0
Seq5075_177_bp_-1_0_1	ENA|AAA32624|AAA32624.1	46.15	13	7	0	15	27	179	191	0.38	21.2
Seq5075_177_bp_-1_0_1	ENA|AAA32624|AAA32624.1	50.00	15	7	1	9	22	20	34	0.57	20.6
Seq5075_177_bp_-1_0_1	ENA|AAA24145|AAA24145.1	33.33	18	12	0	10	27	194	211	0.74	20.1
Seq5075_177_bp_-1_0_1	ENA|CAD53387|CAD53387.1	43.75	16	9	0	12	27	43	58	0.81	20.1
Seq5075_177_bp_-1_0_1	ENA|CAD53387|CAD53387.1	43.75	16	9	0	12	27	109	124	0.81	20.1
Seq5075_177_bp_-1_0_1	ENA|CAD53387|CAD53387.1	43.75	16	9	0	12	27	175	190	0.81	20.1
Seq5075_177_bp_-1_0_1	ENA|CAD53387|CAD53387.1	43.75	16	9	0	12	27	241	256	0.81	20.1
Seq5075_177_bp_-1_0_1	ENA|CAD53387|CAD53387.1	43.75	16	9	0	12	27	307	322	0.81	20.1
Seq5075_177_bp_-1_0_1	ENA|CAD53387|CAD53387.1	43.75	16	9	0	12	27	373	388	0.81	20.1
Seq5075_177_bp_-1_0_1	ENA|CAD53387|CAD53387.1	43.75	16	9	0	12	27	439	454	0.81	20.1
Seq5075_177_bp_-1_0_1	ENA|CAA26939|CAA26939.1	55.56	9	4	0	8	16	58	66	1.4	19.5
Seq5075_177_bp_-1_0_1	ENA|AAA72732|AAA72732.1	33.33	12	8	0	9	20	35	46	1.7	18.3
Seq5075_177_bp_-1_0_1	ENA|ACT10338|ACT10338.1	54.55	11	5	0	20	30	130	140	2.1	18.3
Seq5075_177_bp_-1_0_1	ENA|AAB66912|AAB66912.1	28.00	25	18	0	6	30	492	516	2.2	19.5
Seq5075_177_bp_-1_0_1	ENA|AAC40132|AAC40132.1	44.44	9	5	0	4	12	241	249	2.5	18.3
Seq5075_177_bp_-1_0_1	ENA|AAB26998|AAB26998.1	100.00	4	0	0	12	15	30	33	3	15.4
Seq5075_177_bp_-1_0_1	ENA|CAA11507|CAA11507.1	35.29	17	11	0	15	31	924	940	3.2	19.5
Seq5075_177_bp_-1_0_1	ENA|BAA05866|BAA05866.1	55.56	9	4	0	9	17	132	140	3.6	17.2
Seq5075_177_bp_-1_0_1	ENA|AAR31603|AAR31603.1	42.86	7	4	0	1	7	161	167	3.8	17.2
Seq5075_177_bp_-1_0_1	ENA|CAA73529|CAA73529.1	30.00	10	7	0	20	29	13	22	4.7	16.6
Seq5075_177_bp_-1_0_1	ENA|BAA36759|BAA36759.1	33.33	15	10	0	15	29	147	161	4.9	16.6
Seq5075_177_bp_-1_0_1	ENA|CAA36714|CAA36714.1	50.00	10	5	0	18	27	211	220	5.3	17.2
Seq5075_177_bp_-1_0_1	ENA|AAB03707|AAB03707.1	60.00	10	4	0	2	11	969	978	7	18.3
Seq5075_177_bp_-1_0_1	ENA|BAA32018|BAA32018.1	33.33	9	6	0	4	12	378	386	7	17.2
Seq5075_177_bp_-1_0_1	ENA|AAA36539|AAA36539.1	42.86	7	4	0	3	9	401	407	7.9	16.6
Seq5075_177_bp_-1_0_1	ENA|ABN10845|ABN10845.1	57.14	7	3	0	16	22	204	210	8	15.4
Seq5075_177_bp_-1_1_0	ENA|AAA42531|AAA42531.1	80.00	5	1	0	10	14	304	308	1.3	17.9
Seq5075_177_bp_-1_1_0	ENA|CAA45199|CAA45199.1	40.00	10	6	0	3	12	275	284	1.6	17.9
Seq5075_177_bp_-1_1_0	ENA|AAC40132|AAC40132.1	66.67	6	2	0	6	11	73	78	3.4	16.7
Seq5075_177_bp_-1_1_0	ENA|AAC49865|AAC49865.1	42.86	7	4	0	8	14	65	71	3.5	16.2
Seq5075_177_bp_-1_1_0	ENA|CAA73529|CAA73529.1	75.00	4	1	0	9	12	268	271	4.2	15.6
Seq5075_177_bp_-1_1_0	ENA|CAA29968|CAA29968.1	100.00	3	0	0	10	12	105	107	4.4	15.0
Seq5075_177_bp_-1_1_0	ENA|AAA24145|AAA24145.1	100.00	3	0	0	11	13	416	418	4.8	16.2
Seq5075_177_bp_-1_1_0	ENA|CAA26023|CAA26023.1	50.00	8	4	0	2	9	221	228	8.4	15.0
Seq5075_177_bp_-1_1_1	ENA|ACH70901|ACH70901.1	34.48	30	19	1	1	30	239	267	0.51	20.5
Seq5075_177_bp_-1_1_1	ENA|AAC26660|AAC26660.1	44.44	9	5	0	6	14	40	48	2.1	17.9
Seq5075_177_bp_-1_1_1	ENA|CAA24711|CAA24711.1	62.50	8	3	0	28	35	162	169	2.9	16.9
Seq5075_177_bp_-1_1_1	ENA|AAC49865|AAC49865.1	30.00	20	14	0	13	32	1	20	5.4	16.9
Seq5075_177_bp_-1_1_1	ENA|AAA42531|AAA42531.1	25.00	12	9	0	13	24	189	200	6.3	16.9
Seq5075_177_bp_-1_1_1	ENA|AAR37016|AAR37016.1	31.25	33	22	1	5	36	1296	1328	6.4	19.5
Seq5075_177_bp_-1_1_1	ENA|BAB79260|BAB79260.1	36.84	19	12	0	12	30	121	139	7.3	16.9
Seq5075_177_bp_-1_1_1	ENA|AAA32624|AAA32624.1	66.67	9	3	0	14	22	226	234	8.3	16.9
Seq5075_177_bp_-1_1_1	ENA|BAA32018|BAA32018.1	46.67	15	8	0	2	16	94	108	9.8	16.9
Seq5075_177_bp_-1_2_0	ENA|BAB17681|BAB17681.1	50.00	14	6	2	2	15	33	44	2.3	17.8
Seq5075_177_bp_-1_2_0	ENA|AAB03707|AAB03707.1	46.67	15	8	0	20	34	1150	1164	3.8	19.4
Seq5075_177_bp_-1_2_0	ENA|AAA24145|AAA24145.1	27.27	11	8	0	8	18	312	322	3.9	17.8
Seq5075_177_bp_-1_2_0	ENA|AAC49865|AAC49865.1	40.00	10	6	0	19	28	322	331	5.7	16.7
Seq5075_177_bp_-1_2_0	ENA|AAF79734|AAF79734.1	35.29	17	11	0	15	31	425	441	5.7	18.8
Seq5075_177_bp_-1_2_0	ENA|BAA32956|BAA32956.1	22.22	9	7	0	1	9	84	92	7.5	15.6
Seq5075_177_bp_-1_2_0	ENA|CAA36214|CAA36214.1	23.08	13	10	0	13	25	128	140	7.5	16.2
Seq5075_177_bp_-1_2_0	ENA|AAR31603|AAR31603.1	37.50	8	5	0	1	8	75	82	8	16.2
Seq5075_177_bp_-1_2_0	ENA|AAA18786|AAA18786.1	60.00	5	2	0	8	12	41	45	9.3	15.6
Seq5075_177_bp_-1_2_0	ENA|CAA73529|CAA73529.1	28.57	14	10	0	5	18	189	202	9.5	15.6
Seq5075_177_bp_-1_2_0	ENA|AAI27517|AAI27517.1	50.00	10	5	0	1	10	13	22	9.8	16.7
Seq5075_177_bp_-1_2_1	ENA|BAA32956|BAA32956.1	36.36	11	7	0	7	17	196	206	3	16.2
Seq5075_177_bp_-1_2_1	ENA|CAA43419|CAA43419.1	37.50	8	5	0	8	15	215	222	3.6	16.8
Seq5075_177_bp_-1_2_1	ENA|BAA32991|BAA32991.1	33.33	6	4	0	5	10	62	67	4.8	13.9
Seq5075_177_bp_-1_2_1	ENA|AAC08817|AAC08817.1	46.15	13	7	0	5	17	135	147	4.9	15.1
Seq5075_177_bp_-1_2_1	ENA|AAA42531|AAA42531.1	42.86	7	4	0	2	8	23	29	5.5	16.2
Seq5075_177_bp_-1_2_1	ENA|EDO47375|EDO47375.1	54.55	11	5	0	7	17	5	15	5.9	15.1
Seq5075_177_bp_-1_2_1	ENA|AAA25966|AAA25966.1	80.00	5	1	0	3	7	220	224	6.8	16.8
Seq5075_177_bp_-1_2_1	ENA|AAC97205|AAC97205.1	41.67	12	7	0	8	19	1188	1199	7.7	17.4
Seq5075_177_bp_-1_2_1	ENA|AAA36539|AAA36539.1	66.67	6	2	0	2	7	36	41	9.6	15.7
