Seq6349_159_bp_1_0_0	AEE27845.1	98.11	53	1	0	1	53	401	453	7.2e-28	112.2
Seq6349_159_bp_1_0_0	AAB03707.1	29.27	42	29	1	1	42	143	183	0.36	23.5
Seq6349_159_bp_1_0_0	BAE97662.1	26.32	40	28	2	2	41	782	819	1.1	21.6
Seq6349_159_bp_1_0_0	AIR13712.1	36.59	46	26	5	4	47	213	255	1.5	19.3
Seq6349_159_bp_1_0_0	AAC17860.1	38.71	33	19	2	18	50	249	279	1.9	19.3
Seq6349_159_bp_1_0_0	AAA25966.1	33.33	47	28	5	1	45	343	386	2.1	19.9
Seq6349_159_bp_1_0_0	CAA26230.1	34.38	35	21	3	21	52	32	66	9.2	17.4
Seq6349_159_bp_1_1_0	AAA32624.1	58.33	12	5	0	2	13	453	464	0.23	20.7
Seq6349_159_bp_1_1_0	AAR31603.1	75.00	8	2	0	6	13	237	244	0.58	18.7
Seq6349_159_bp_1_1_0	ABK71357.1	33.33	12	8	0	2	13	18	29	5.4	15.6
Seq6349_159_bp_1_1_0	AAA45888.1	45.45	11	6	0	3	13	195	205	5.5	15.6
Seq6349_159_bp_1_1_0	CAA73529.1	30.00	10	7	0	3	12	162	171	5.6	15.1
Seq6349_159_bp_1_1_0	AAA72732.1	57.14	7	3	0	3	9	166	172	6.4	15.1
Seq6349_159_bp_1_1_0	AAA24969.1	36.36	11	7	0	3	13	525	535	7.4	17.1
Seq6349_159_bp_1_1_1	AAX84812.1	28.95	38	27	0	1	38	155	192	0.14	21.8
Seq6349_159_bp_1_1_1	AAA32624.1	33.33	18	12	0	7	24	198	215	1.1	19.9
Seq6349_159_bp_1_1_1	AAA24142.1	50.00	12	6	0	27	38	409	420	1.2	19.6
Seq6349_159_bp_1_1_1	AAA36565.1	24.00	26	19	1	1	25	24	49	1.3	18.1
Seq6349_159_bp_1_1_1	AAB26998.1	25.71	37	26	2	4	38	11	47	2.7	15.9
Seq6349_159_bp_1_1_1	ABD49687.1	21.74	23	18	0	1	23	29	51	4.6	19.6
Seq6349_159_bp_1_1_1	AAC17860.1	26.09	24	17	1	11	34	59	81	8	16.7
Seq6349_159_bp_1_1_1	CAA26230.1	33.33	18	12	0	7	24	235	252	8.5	17.0
Seq6349_159_bp_1_1_1	AAX12058.1	35.29	17	11	0	15	31	97	113	8.8	15.9
Seq6349_159_bp_1_1_1	AII71783.1	37.50	16	10	0	23	38	284	299	9.8	15.9
Seq6349_159_bp_1_1_1	AAA72732.1	71.43	7	2	0	20	26	120	126	9.9	15.9
Seq6349_159_bp_1_2_0	BAA32991.1	33.33	15	10	0	1	15	34	48	0.15	18.7
Seq6349_159_bp_1_2_0	ABG75784.1	44.44	9	5	0	4	12	307	315	1.6	17.5
Seq6349_159_bp_1_2_0	AAB26998.1	60.00	5	2	0	11	15	73	77	1.7	15.4
Seq6349_159_bp_1_2_0	AAC78721.1	57.14	7	3	0	9	15	243	249	2	18.3
Seq6349_159_bp_1_2_0	AIR13712.1	57.14	7	3	0	4	10	133	139	2.3	17.1
Seq6349_159_bp_1_2_0	BAA32956.1	75.00	4	1	0	7	10	26	29	2.6	16.3
Seq6349_159_bp_1_2_0	ABK71357.1	45.45	11	6	0	6	16	175	185	3.4	16.7
Seq6349_159_bp_1_2_0	ABN10845.1	30.00	10	7	0	7	16	109	118	3.5	15.8
Seq6349_159_bp_1_2_0	AAA25966.1	40.00	10	6	0	1	10	123	132	6.4	16.7
Seq6349_159_bp_1_2_0	AAB03707.1	66.67	6	2	0	3	8	626	631	6.9	17.5
Seq6349_159_bp_1_2_0	AAA18786.1	33.33	12	8	0	2	13	36	47	7.4	15.0
Seq6349_159_bp_1_2_0	BAB70780.1	40.00	10	6	0	6	15	297	306	7.5	15.8
Seq6349_159_bp_1_2_0	AAA36565.1	50.00	6	3	0	10	15	160	165	8.1	14.2
Seq6349_159_bp_1_2_0	ABD49687.1	45.45	11	6	0	7	17	991	1001	8.4	17.5
Seq6349_159_bp_1_2_0	ABD33854.1	33.33	6	4	0	7	12	44	49	9.5	12.5
Seq6349_159_bp_1_2_1	BAA32991.1	31.58	19	13	0	1	19	16	34	0.0047	24.3
Seq6349_159_bp_1_2_1	ACH70904.1	23.81	21	16	0	5	25	296	316	3.7	17.0
Seq6349_159_bp_1_2_1	CAA26230.1	37.50	31	15	7	1	24	323	353	4.5	17.4
Seq6349_159_bp_1_2_1	AAA25966.1	37.50	21	10	5	5	21	122	141	4.5	17.8
Seq6349_159_bp_1_2_1	AAQ92751.2	45.45	12	6	1	6	17	776	786	5.2	18.5
Seq6349_159_bp_1_2_1	AAR37016.1	29.41	17	12	0	9	25	1735	1751	5.3	19.2
Seq6349_159_bp_1_2_1	ABN10845.1	40.00	10	6	0	11	20	17	26	6	15.6
Seq6349_159_bp_1_2_1	AAA26915.1	35.29	19	11	2	2	20	423	439	6.1	16.7
Seq6349_159_bp_1_2_1	ABS38337.1	44.44	21	10	3	1	19	454	473	6.1	18.1
Seq6349_159_bp_1_2_1	AAA32624.1	57.14	7	3	0	14	20	195	201	6.8	16.7
Seq6349_159_bp_1_2_1	AAC08817.1	42.86	16	8	2	6	21	26	39	9.4	14.5
Seq6349_159_bp_1_2_1	ABD33854.1	60.00	5	2	0	4	8	43	47	9.9	13.0
Seq6349_159_bp_-1_0_0	ABN10845.1	32.00	26	17	1	25	49	38	63	0.93	19.4
Seq6349_159_bp_-1_0_0	ABS38337.1	25.64	45	29	6	5	43	972	1016	1.8	21.1
Seq6349_159_bp_-1_0_0	AAA23282.1	31.71	43	28	2	13	53	174	216	1.9	19.8
Seq6349_159_bp_-1_0_0	BAB79260.1	47.06	18	9	1	25	42	380	396	1.9	19.4
Seq6349_159_bp_-1_0_0	BAA32956.1	37.50	17	10	1	8	24	11	26	2.2	18.1
Seq6349_159_bp_-1_0_0	AAI27517.1	29.17	25	17	1	17	41	159	182	3.1	19.1
Seq6349_159_bp_-1_0_0	AAC78721.1	38.46	27	16	1	13	38	203	229	3.5	19.1
Seq6349_159_bp_-1_0_0	AAA42531.1	45.45	13	6	2	9	21	326	336	5	17.8
Seq6349_159_bp_-1_0_0	AAF01122.1	43.75	17	9	1	8	24	2	17	7.4	17.1
Seq6349_159_bp_-1_0_0	AIR13712.1	60.00	5	2	0	41	45	136	140	8.1	16.8
Seq6349_159_bp_-1_0_0	BAA32991.1	55.56	9	4	0	24	32	32	40	8.2	14.5
Seq6349_159_bp_-1_0_0	AAA72732.1	27.78	18	13	0	15	32	93	110	9.5	16.5
Seq6349_159_bp_-1_1_0	AAB64315.2	36.84	19	12	0	29	47	202	220	0.15	22.7
Seq6349_159_bp_-1_1_0	ACT10338.1	40.91	22	13	0	19	40	204	225	0.17	22.7
Seq6349_159_bp_-1_1_0	CAA43372.1	31.43	39	24	4	8	42	359	397	0.24	22.3
Seq6349_159_bp_-1_1_0	AAB96524.1	33.33	27	18	0	16	42	1	27	0.37	20.5
Seq6349_159_bp_-1_1_0	AAB03707.1	34.38	33	21	1	6	37	350	382	1.7	21.2
Seq6349_159_bp_-1_1_0	CAA04196.1	30.30	35	23	2	16	50	79	111	1.7	19.4
Seq6349_159_bp_-1_1_0	AAA45888.1	53.85	16	6	3	2	17	313	325	2.6	18.7
Seq6349_159_bp_-1_1_0	AAA25966.1	36.67	31	19	1	6	35	87	117	3	19.4
Seq6349_159_bp_-1_1_0	ABN10845.1	26.09	23	17	0	27	49	65	87	3.9	17.3
Seq6349_159_bp_-1_1_0	ABD33854.1	22.86	35	27	0	15	49	14	48	5.1	15.1
Seq6349_159_bp_-1_1_0	ABD49687.1	16.33	49	41	0	4	52	848	896	5.4	19.8
Seq6349_159_bp_-1_1_0	AAA42531.1	47.06	23	9	6	10	32	277	293	5.4	17.6
Seq6349_159_bp_-1_1_0	EDO47375.1	37.14	39	22	4	1	35	44	82	5.5	16.6
Seq6349_159_bp_-1_1_0	BAA32991.1	66.67	6	2	0	47	52	14	19	6.9	14.8
Seq6349_159_bp_-1_1_0	AAC08817.1	46.67	15	8	0	17	31	114	128	7.8	15.8
Seq6349_159_bp_-1_1_0	ABS38337.1	28.57	28	20	0	9	36	635	662	8.3	18.7
Seq6349_159_bp_-1_1_0	BAB17681.1	26.19	44	31	2	6	47	27	70	9.9	16.2
Seq6349_159_bp_-1_2_0	ABN10845.1	44.44	9	5	0	14	22	107	115	2	17.3
Seq6349_159_bp_-1_2_0	AAC17860.1	62.50	8	3	0	11	18	398	405	2.1	18.0
Seq6349_159_bp_-1_2_0	AAA45888.1	50.00	6	3	0	11	16	160	165	3.4	17.3
Seq6349_159_bp_-1_2_0	ABL74574.1	36.36	11	7	0	15	25	17	27	4.4	16.5
Seq6349_159_bp_-1_2_0	AAA32624.1	50.00	6	3	0	1	6	520	525	4.6	17.3
Seq6349_159_bp_-1_2_0	CAA26230.1	50.00	6	3	0	1	6	557	562	4.9	17.3
Seq6349_159_bp_-1_2_0	AAA32376.1	38.10	22	13	1	4	24	114	135	5.9	15.3
Seq6349_159_bp_-1_2_0	AAA25966.1	38.46	15	8	2	2	16	680	692	8.1	16.9
Seq6349_159_bp_-1_2_0	EDO47375.1	31.58	19	13	0	4	22	118	136	8.3	14.9
Seq6349_159_bp_-1_2_0	AAH69556.1	55.56	9	4	0	16	24	174	182	10	15.3
Seq6349_159_bp_-1_2_1	ACH70904.1	55.56	9	4	0	2	10	238	246	0.18	20.8
Seq6349_159_bp_-1_2_1	AAC97205.1	62.50	9	3	1	2	10	447	454	0.61	20.8
Seq6349_159_bp_-1_2_1	ABD33854.1	42.86	7	4	0	2	8	46	52	0.96	15.9
Seq6349_159_bp_-1_2_1	ABN10845.1	50.00	10	5	0	6	15	112	121	1.6	16.9
Seq6349_159_bp_-1_2_1	AAA42531.1	57.14	7	3	0	6	12	302	308	2.1	17.4
Seq6349_159_bp_-1_2_1	BAA32956.1	80.00	5	1	0	3	7	11	15	3.1	15.9
Seq6349_159_bp_-1_2_1	ABG75784.1	57.14	7	3	0	10	16	207	213	3.3	16.4
Seq6349_159_bp_-1_2_1	ACT10338.1	45.45	11	6	0	6	16	306	316	4.1	16.4
Seq6349_159_bp_-1_2_1	AAR37016.1	54.55	13	5	2	3	13	1185	1197	4.4	18.8
Seq6349_159_bp_-1_2_1	AAA24142.1	57.14	7	3	0	7	13	358	364	4.7	16.4
Seq6349_159_bp_-1_2_1	CAA74140.1	33.33	15	10	0	1	15	766	780	4.9	17.4
Seq6349_159_bp_-1_2_1	BAB70780.1	50.00	6	3	0	3	8	313	318	5	16.4
Seq6349_159_bp_-1_2_1	AAA25966.1	75.00	4	1	0	4	7	319	322	5.3	16.9
Seq6349_159_bp_-1_2_1	BAA32991.1	42.86	7	4	0	2	8	14	20	5.5	13.4
Seq6349_159_bp_-1_2_1	BAB17681.1	57.14	7	3	0	8	14	163	169	5.6	15.4
Seq6349_159_bp_-1_2_1	AAC08817.1	44.44	9	5	0	6	14	149	157	6.6	14.4
Seq6349_159_bp_-1_2_1	AAA45888.1	66.67	6	2	0	3	8	200	205	7.7	15.4
Seq6349_159_bp_-1_2_1	CAA43372.1	33.33	9	6	0	1	9	244	252	8.2	15.4
Seq6349_159_bp_-1_2_1	CAA04196.1	30.00	10	7	0	4	13	235	244	8.3	15.4
Seq6349_159_bp_-1_2_1	BAA32018.1	50.00	6	3	0	1	6	604	609	8.8	15.9
Seq6349_159_bp_-1_2_1	AAB64315.2	36.36	11	7	0	4	14	85	95	9.1	14.9
