Seq7623_235_bp_1_0_0	ENA|AAB26998|AAB26998.1	31.03	29	20	0	7	35	24	52	0.33	19.1
Seq7623_235_bp_1_0_0	ENA|CAA45708|CAA45708.1	38.89	18	11	0	8	25	995	1012	0.72	22.2
Seq7623_235_bp_1_0_0	ENA|BAA32991|BAA32991.1	80.00	5	1	0	32	36	45	49	0.86	17.5
Seq7623_235_bp_1_0_0	ENA|CAA73529|CAA73529.1	46.15	13	7	0	3	15	35	47	1.6	18.6
Seq7623_235_bp_1_0_0	ENA|ABK71357|ABK71357.1	83.33	6	1	0	4	9	163	168	2.2	18.6
Seq7623_235_bp_1_0_0	ENA|ABG75784|ABG75784.1	44.44	9	5	0	12	20	129	137	2.7	18.0
Seq7623_235_bp_1_0_0	ENA|AAA36539|AAA36539.1	45.45	11	6	0	21	31	427	437	2.8	18.6
Seq7623_235_bp_1_0_0	ENA|BAB17681|BAB17681.1	70.00	12	3	2	30	39	60	71	3.4	17.5
Seq7623_235_bp_1_0_0	ENA|CAA29968|CAA29968.1	50.00	13	6	1	12	24	100	111	3.4	17.0
Seq7623_235_bp_1_0_0	ENA|CAA26023|CAA26023.1	45.45	11	6	0	27	37	348	358	4.6	17.5
Seq7623_235_bp_1_0_0	ENA|AAI27517|AAI27517.1	80.00	5	1	0	9	13	492	496	5	18.0
Seq7623_235_bp_1_0_0	ENA|AAB66912|AAB66912.1	66.67	6	2	0	32	37	799	804	5.4	18.6
Seq7623_235_bp_1_0_0	ENA|AAA25966|AAA25966.1	45.45	12	6	1	17	28	365	375	6	18.0
Seq7623_235_bp_1_0_0	ENA|EDO47375|EDO47375.1	66.67	6	2	0	25	30	128	133	6.7	15.9
Seq7623_235_bp_1_0_0	ENA|AAA72732|AAA72732.1	57.14	7	3	0	8	14	118	124	7.6	16.5
Seq7623_235_bp_1_0_0	ENA|AAQ92751|AAQ92751.2	62.50	8	3	0	3	10	1037	1044	7.9	18.6
Seq7623_235_bp_1_0_0	ENA|CAA36714|CAA36714.1	50.00	8	4	0	4	11	402	409	7.9	17.0
Seq7623_235_bp_1_0_0	ENA|AAA36114|AAA36114.1	50.00	6	3	0	17	22	93	98	8.6	17.0
Seq7623_235_bp_1_0_0	ENA|AAR37016|AAR37016.1	83.33	6	1	0	14	19	257	262	9.2	19.1
Seq7623_235_bp_1_0_0	ENA|AAA18786|AAA18786.1	71.43	7	2	0	1	7	111	117	9.2	15.9
Seq7623_235_bp_1_0_0	ENA|ABD33854|ABD33854.1	100.00	3	0	0	3	5	30	32	9.4	13.8
Seq7623_235_bp_1_0_1	ENA|AAC97205|AAC97205.1	87.50	8	1	0	4	11	362	369	0.19	22.2
Seq7623_235_bp_1_0_1	ENA|CAA11507|CAA11507.1	100.00	6	0	0	8	13	218	223	0.71	20.5
Seq7623_235_bp_1_0_1	ENA|ABD33854|ABD33854.1	100.00	3	0	0	2	4	52	54	3.9	13.5
Seq7623_235_bp_1_0_1	ENA|AAR37016|AAR37016.1	33.33	12	8	0	1	12	974	985	5.8	18.1
Seq7623_235_bp_1_0_1	ENA|CAA26939|CAA26939.1	60.00	5	2	0	1	5	351	355	6.9	15.8
Seq7623_235_bp_1_0_1	ENA|AAB26998|AAB26998.1	37.50	8	5	0	2	9	72	79	7	12.9
Seq7623_235_bp_1_0_2	ENA|AAA32624|AAA32624.1	100.00	4	0	0	4	7	247	250	0.096	22.7
Seq7623_235_bp_1_0_2	ENA|ABD49687|ABD49687.1	71.43	7	2	0	11	17	1475	1481	0.12	24.0
Seq7623_235_bp_1_0_2	ENA|CAA26939|CAA26939.1	80.00	5	1	0	4	8	294	298	0.17	22.0
Seq7623_235_bp_1_0_2	ENA|BAA32991|BAA32991.1	60.00	5	2	0	12	16	28	32	0.21	18.6
Seq7623_235_bp_1_0_2	ENA|AAB96524|AAB96524.1	50.00	8	4	0	9	16	55	62	0.22	20.0
Seq7623_235_bp_1_0_2	ENA|AAA25966|AAA25966.1	26.67	15	11	0	1	15	300	314	0.34	21.3
Seq7623_235_bp_1_0_2	ENA|CAL82360|CAL82360.1	100.00	4	0	0	5	8	60	63	0.38	22.0
Seq7623_235_bp_1_0_2	ENA|AAI27517|AAI27517.1	80.00	5	1	0	17	21	323	327	0.7	20.0
Seq7623_235_bp_1_0_2	ENA|BAA32018|BAA32018.1	66.67	6	2	0	5	10	427	432	0.74	20.0
Seq7623_235_bp_1_0_2	ENA|CAA45199|CAA45199.1	42.86	7	4	0	12	18	66	72	0.89	19.3
Seq7623_235_bp_1_0_2	ENA|AAC97205|AAC97205.1	62.50	8	3	0	1	8	490	497	0.92	20.6
Seq7623_235_bp_1_0_2	ENA|BAA05866|BAA05866.1	57.14	7	3	0	13	19	229	235	0.93	18.6
Seq7623_235_bp_1_0_2	ENA|AAC49865|AAC49865.1	66.67	6	2	0	1	6	291	296	0.99	18.6
Seq7623_235_bp_1_0_2	ENA|AAR37016|AAR37016.1	100.00	4	0	0	6	9	1030	1033	1.1	21.3
Seq7623_235_bp_1_0_2	ENA|AAC08817|AAC08817.1	100.00	3	0	0	6	8	120	122	1.2	17.3
Seq7623_235_bp_1_0_2	ENA|AAB26998|AAB26998.1	50.00	8	4	0	4	11	27	34	1.5	15.9
Seq7623_235_bp_1_0_2	ENA|AAF79734|AAF79734.1	60.00	5	2	0	6	10	117	121	1.7	20.0
Seq7623_235_bp_1_0_2	ENA|AAC26660|AAC26660.1	57.14	7	3	0	12	18	22	28	1.9	17.3
Seq7623_235_bp_1_0_2	ENA|CAD53387|CAD53387.1	80.00	5	1	0	7	11	15	19	2.4	17.9
Seq7623_235_bp_1_0_2	ENA|AAB03707|AAB03707.1	36.84	19	12	0	1	19	632	650	2.6	19.3
Seq7623_235_bp_1_0_2	ENA|CAA73529|CAA73529.1	50.00	8	4	0	4	11	246	253	3.3	16.6
Seq7623_235_bp_1_0_2	ENA|CAA43419|CAA43419.1	42.86	7	4	0	6	12	113	119	4.4	16.6
Seq7623_235_bp_1_0_2	ENA|CAA29956|CAA29956.1	50.00	8	4	0	1	8	34	41	4.5	16.6
Seq7623_235_bp_1_0_2	ENA|ACT10338|ACT10338.1	100.00	3	0	0	5	7	28	30	4.6	16.6
Seq7623_235_bp_1_0_2	ENA|BAB17681|BAB17681.1	75.00	4	1	0	13	16	184	187	5.2	15.9
Seq7623_235_bp_1_0_2	ENA|AAA24145|AAA24145.1	60.00	5	2	0	7	11	208	212	5.4	16.6
Seq7623_235_bp_1_0_2	ENA|CAA36214|CAA36214.1	75.00	4	1	0	5	8	242	245	5.7	15.9
Seq7623_235_bp_1_0_2	ENA|AAR31603|AAR31603.1	62.50	8	3	0	14	21	260	267	6.1	15.9
Seq7623_235_bp_1_0_2	ENA|ACH70901|ACH70901.1	100.00	3	0	0	11	13	102	104	6.7	15.9
Seq7623_235_bp_1_0_2	ENA|AAB66912|AAB66912.1	60.00	5	2	0	15	19	311	315	6.8	17.3
Seq7623_235_bp_1_0_2	ENA|BAA36759|BAA36759.1	42.86	7	4	0	13	19	14	20	8.4	15.2
Seq7623_235_bp_1_0_2	ENA|AAC40132|AAC40132.1	50.00	8	4	0	8	15	354	361	8.7	15.9
Seq7623_235_bp_1_1_0	ENA|AAR37016|AAR37016.1	92.31	78	6	0	1	78	968	1045	6.2e-63	230.0
Seq7623_235_bp_1_1_0	ENA|AAA36114|AAA36114.1	34.78	23	15	0	9	31	95	117	0.28	23.0
Seq7623_235_bp_1_1_0	ENA|CAA45708|CAA45708.1	45.45	44	18	11	25	68	999	1031	0.28	24.5
Seq7623_235_bp_1_1_0	ENA|CAA26023|CAA26023.1	40.91	22	13	0	26	47	294	315	0.3	22.4
Seq7623_235_bp_1_1_0	ENA|AAC08817|AAC08817.1	33.33	36	22	3	9	41	96	131	0.37	20.9
Seq7623_235_bp_1_1_0	ENA|AAA36539|AAA36539.1	63.64	11	4	0	24	34	442	452	0.77	21.4
Seq7623_235_bp_1_1_0	ENA|BAB17681|BAB17681.1	38.89	18	11	0	50	67	214	231	1.3	19.8
Seq7623_235_bp_1_1_0	ENA|CAB75732|CAB75732.1	28.89	46	32	1	21	66	166	210	1.9	21.4
Seq7623_235_bp_1_1_0	ENA|AAI27517|AAI27517.1	41.67	12	7	0	32	43	344	355	1.9	20.4
Seq7623_235_bp_1_1_0	ENA|ABK71357|ABK71357.1	27.27	33	24	0	31	63	41	73	5	18.3
Seq7623_235_bp_1_1_0	ENA|ABD49687|ABD49687.1	83.33	6	1	0	33	38	543	548	5.5	20.4
Seq7623_235_bp_1_1_0	ENA|CAA36214|CAA36214.1	46.67	15	8	0	8	22	153	167	5.9	17.7
Seq7623_235_bp_1_1_0	ENA|AAR31603|AAR31603.1	30.77	26	18	0	52	77	269	294	6.3	17.7
Seq7623_235_bp_1_1_0	ENA|ACH70901|ACH70901.1	57.14	7	3	0	3	9	144	150	6.9	17.7
Seq7623_235_bp_1_1_0	ENA|BAA36759|BAA36759.1	45.45	11	6	0	27	37	145	155	7.9	17.2
Seq7623_235_bp_1_1_0	ENA|BAA32956|BAA32956.1	50.00	8	4	0	35	42	190	197	8.2	16.7
Seq7623_235_bp_1_1_0	ENA|AAF79734|AAF79734.1	27.03	37	27	0	25	61	109	145	9.2	19.3
Seq7623_235_bp_1_2_0	ENA|BAA32018|BAA32018.1	41.18	17	10	0	11	27	382	398	0.28	22.9
Seq7623_235_bp_1_2_0	ENA|AAC08817|AAC08817.1	36.36	22	14	0	6	27	46	67	0.48	20.1
Seq7623_235_bp_1_2_0	ENA|CCP43727|CCP43727.1	40.00	15	9	0	1	15	135	149	0.68	20.7
Seq7623_235_bp_1_2_0	ENA|BAA32956|BAA32956.1	75.00	8	2	0	32	39	187	194	0.94	19.5
Seq7623_235_bp_1_2_0	ENA|AAC78721|AAC78721.1	42.86	14	8	0	16	29	198	211	0.95	21.2
Seq7623_235_bp_1_2_0	ENA|BAA32991|BAA32991.1	33.33	18	12	0	35	52	15	32	0.98	17.9
Seq7623_235_bp_1_2_0	ENA|AAA36539|AAA36539.1	42.11	19	11	0	1	19	10	28	1.4	20.1
Seq7623_235_bp_1_2_0	ENA|AAR31603|AAR31603.1	36.36	11	7	0	46	56	137	147	1.5	19.5
Seq7623_235_bp_1_2_0	ENA|AAC97205|AAC97205.1	33.33	18	12	0	30	47	91	108	1.7	21.2
Seq7623_235_bp_1_2_0	ENA|AAQ92751|AAQ92751.2	71.43	7	2	0	2	8	1293	1299	1.9	21.2
Seq7623_235_bp_1_2_0	ENA|AAB26998|AAB26998.1	46.15	13	7	0	22	34	64	76	2.4	16.8
Seq7623_235_bp_1_2_0	ENA|CAA26023|CAA26023.1	100.00	3	0	0	50	52	163	165	3.6	18.4
Seq7623_235_bp_1_2_0	ENA|BAB79260|BAB79260.1	80.00	5	1	0	55	59	406	410	4.3	18.4
Seq7623_235_bp_1_2_0	ENA|CAA29956|CAA29956.1	71.43	7	2	0	1	7	283	289	5.2	17.9
Seq7623_235_bp_1_2_0	ENA|ABD49687|ABD49687.1	83.33	6	1	0	14	19	1046	1051	7.2	19.5
Seq7623_235_bp_1_2_0	ENA|AAA42531|AAA42531.1	57.14	7	3	0	46	52	119	125	7.6	17.3
Seq7623_235_bp_1_2_0	ENA|AAI27517|AAI27517.1	37.04	30	17	3	11	40	322	348	7.9	17.9
Seq7623_235_bp_1_2_0	ENA|AAC17860|AAC17860.1	80.00	5	1	0	20	24	215	219	8.1	17.3
Seq7623_235_bp_1_2_0	ENA|CAA36214|CAA36214.1	47.62	25	11	4	30	50	237	261	8.7	16.8
Seq7623_235_bp_-1_0_0	ENA|BAA32956|BAA32956.1	75.00	8	2	0	31	38	189	196	0.62	20.3
Seq7623_235_bp_-1_0_0	ENA|CAA45708|CAA45708.1	37.50	16	10	0	31	46	632	647	1.1	22.4
Seq7623_235_bp_-1_0_0	ENA|ABG75784|ABG75784.1	62.50	8	3	0	34	41	114	121	3.8	18.3
Seq7623_235_bp_-1_0_0	ENA|CAA11507|CAA11507.1	77.78	9	2	0	28	36	729	737	3.9	20.3
Seq7623_235_bp_-1_0_0	ENA|AAA25966|AAA25966.1	44.44	18	10	0	26	43	696	713	4.3	19.3
Seq7623_235_bp_-1_0_0	ENA|CAB75732|CAB75732.1	30.77	26	18	0	18	43	584	609	4.8	19.8
Seq7623_235_bp_-1_0_0	ENA|AAA72732|AAA72732.1	42.86	14	8	0	29	42	281	294	5.4	17.7
Seq7623_235_bp_-1_0_0	ENA|ABK71357|ABK71357.1	50.00	8	4	0	38	45	23	30	6.4	17.7
Seq7623_235_bp_-1_0_0	ENA|ABD49687|ABD49687.1	41.18	17	10	0	33	49	278	294	6.9	19.8
Seq7623_235_bp_-1_1_0	ENA|AAB96524|AAB96524.1	50.00	16	8	0	47	62	111	126	0.1	23.0
Seq7623_235_bp_-1_1_0	ENA|AAC97205|AAC97205.1	29.41	34	24	0	4	37	1111	1144	0.12	25.5
Seq7623_235_bp_-1_1_0	ENA|CAA36714|CAA36714.1	45.83	25	13	1	9	32	209	233	0.52	22.0
Seq7623_235_bp_-1_1_0	ENA|CCP43727|CCP43727.1	85.71	7	1	0	42	48	169	175	2.1	19.4
Seq7623_235_bp_-1_1_0	ENA|AAQ92751|AAQ92751.2	42.86	14	8	0	16	29	976	989	3	20.9
Seq7623_235_bp_-1_1_0	ENA|AAA42531|AAA42531.1	41.67	12	7	0	28	39	181	192	3.5	18.9
Seq7623_235_bp_-1_1_0	ENA|AAC49865|AAC49865.1	53.33	17	7	2	46	60	44	60	4.1	18.4
Seq7623_235_bp_-1_1_0	ENA|CAA45199|CAA45199.1	38.71	33	19	2	35	65	112	144	5.9	18.4
Seq7623_235_bp_-1_1_0	ENA|AAI27517|AAI27517.1	50.00	14	7	0	26	39	480	493	7.2	18.4
Seq7623_235_bp_-1_1_0	ENA|CAA11507|CAA11507.1	46.15	13	7	0	41	53	208	220	8.2	19.4
Seq7623_235_bp_-1_1_0	ENA|ABK71357|ABK71357.1	44.44	9	5	0	57	65	190	198	9.1	17.4
Seq7623_235_bp_-1_2_0	ENA|ABK71357|ABK71357.1	53.33	15	7	0	15	29	104	118	0.0099	26.2
Seq7623_235_bp_-1_2_0	ENA|CAA45199|CAA45199.1	63.64	11	4	0	20	30	369	379	0.067	23.8
Seq7623_235_bp_-1_2_0	ENA|AAA32624|AAA32624.1	54.55	11	5	0	19	29	231	241	0.39	21.4
Seq7623_235_bp_-1_2_0	ENA|BAB79260|BAB79260.1	28.57	28	20	0	3	30	25	52	0.52	20.7
Seq7623_235_bp_-1_2_0	ENA|AAR31603|AAR31603.1	62.50	8	3	0	21	28	303	310	0.57	20.1
Seq7623_235_bp_-1_2_0	ENA|CAA29956|CAA29956.1	83.33	6	1	0	27	32	342	347	0.65	20.1
Seq7623_235_bp_-1_2_0	ENA|ACH70901|ACH70901.1	55.56	9	4	0	2	10	118	126	1.4	18.9
Seq7623_235_bp_-1_2_0	ENA|AAF79734|AAF79734.1	55.56	9	4	0	23	31	734	742	1.6	20.7
Seq7623_235_bp_-1_2_0	ENA|AAR37016|AAR37016.1	50.00	14	7	0	3	16	1412	1425	1.7	21.4
Seq7623_235_bp_-1_2_0	ENA|CAL82360|CAL82360.1	62.50	8	3	0	9	16	204	211	2.2	20.1
Seq7623_235_bp_-1_2_0	ENA|AAI27517|AAI27517.1	40.00	15	9	0	13	27	488	502	2.3	18.9
Seq7623_235_bp_-1_2_0	ENA|CCP43727|CCP43727.1	38.46	13	8	0	8	20	112	124	2.9	17.7
Seq7623_235_bp_-1_2_0	ENA|CAA26023|CAA26023.1	83.33	6	1	0	14	19	342	347	3.4	17.7
Seq7623_235_bp_-1_2_0	ENA|BAB17681|BAB17681.1	57.14	7	3	0	11	17	16	22	3.7	17.1
Seq7623_235_bp_-1_2_0	ENA|CAA45708|CAA45708.1	100.00	5	0	0	7	11	1205	1209	3.9	19.5
Seq7623_235_bp_-1_2_0	ENA|CAA29968|CAA29968.1	57.14	7	3	0	17	23	69	75	4	16.5
Seq7623_235_bp_-1_2_0	ENA|ABD33854|ABD33854.1	55.56	9	4	0	24	32	18	26	4.5	14.7
Seq7623_235_bp_-1_2_0	ENA|AAC08817|AAC08817.1	54.55	13	5	2	20	32	117	127	4.8	15.9
Seq7623_235_bp_-1_2_0	ENA|AAC26660|AAC26660.1	80.00	5	1	0	24	28	55	59	5.2	16.5
Seq7623_235_bp_-1_2_0	ENA|AAB03707|AAB03707.1	50.00	12	6	0	3	14	1262	1273	5.3	18.9
Seq7623_235_bp_-1_2_0	ENA|BAA32956|BAA32956.1	71.43	7	2	0	19	25	11	17	6.4	15.9
Seq7623_235_bp_-1_2_0	ENA|ABD49687|ABD49687.1	80.00	5	1	0	22	26	782	786	6.5	18.9
Seq7623_235_bp_-1_2_0	ENA|AAA36114|AAA36114.1	45.45	11	6	0	8	18	494	504	6.7	17.1
Seq7623_235_bp_-1_2_0	ENA|EDO47375|EDO47375.1	41.67	12	7	0	14	25	30	41	8.5	15.3
Seq7623_235_bp_-1_2_0	ENA|AAA25966|AAA25966.1	80.00	5	1	0	21	25	573	577	9.3	17.1
Seq7623_235_bp_-1_2_1	ENA|AAF79734|AAF79734.1	60.00	10	4	0	10	19	1333	1342	7.6	18.7
Seq7623_235_bp_-1_2_1	ENA|AAA42531|AAA42531.1	42.86	34	16	6	11	38	221	254	7.7	16.8
Seq7623_235_bp_-1_2_1	ENA|BAA32018|BAA32018.1	54.55	11	5	0	19	29	124	134	8.8	17.2
