Seq8221_539_bp_1_0_0	ENA|AAA24145|AAA24145.1	96.19	105	4	0	1	105	361	465	5.9e-73	261.3
Seq8221_539_bp_1_0_0	ENA|AAA32624|AAA32624.1	50.00	16	8	0	14	29	219	234	0.5	22.6
Seq8221_539_bp_1_0_0	ENA|AAC40132|AAC40132.1	45.45	11	6	0	23	33	423	433	1.2	21.2
Seq8221_539_bp_1_0_0	ENA|CAA29956|CAA29956.1	36.84	19	12	0	79	97	359	377	1.7	20.3
Seq8221_539_bp_1_0_0	ENA|ACT10338|ACT10338.1	50.00	14	7	0	14	27	277	290	4.4	19.0
Seq8221_539_bp_1_0_0	ENA|CAA29968|CAA29968.1	31.25	16	11	0	70	85	122	137	5.7	17.6
Seq8221_539_bp_1_0_0	ENA|AAA42531|AAA42531.1	55.56	9	4	0	66	74	57	65	6	18.5
Seq8221_539_bp_1_0_0	ENA|BAA36759|BAA36759.1	50.00	17	7	3	25	38	154	170	6.1	18.0
Seq8221_539_bp_1_0_0	ENA|AAA36114|AAA36114.1	83.33	6	1	0	85	90	399	404	7.8	18.5
Seq8221_539_bp_1_1_0	ENA|AAR37016|AAR37016.1	64.71	17	6	0	36	52	390	406	0.28	25.5
Seq8221_539_bp_1_1_0	ENA|AAB26998|AAB26998.1	45.45	11	6	0	70	80	9	19	1.2	18.5
Seq8221_539_bp_1_1_0	ENA|CAA26023|CAA26023.1	36.36	11	7	0	71	81	126	136	1.6	20.4
Seq8221_539_bp_1_1_0	ENA|AAA36114|AAA36114.1	26.67	15	11	0	78	92	51	65	2.2	20.4
Seq8221_539_bp_1_1_0	ENA|BAB79260|BAB79260.1	57.14	7	3	0	14	20	441	447	2.6	19.9
Seq8221_539_bp_1_1_0	ENA|BAA36759|BAA36759.1	50.00	10	5	0	15	24	17	26	4.4	18.5
Seq8221_539_bp_1_1_0	ENA|AAC17860|AAC17860.1	31.58	19	13	0	76	94	38	56	4.5	18.9
Seq8221_539_bp_1_1_0	ENA|AAR31603|AAR31603.1	50.00	16	8	0	36	51	46	61	6.8	18.0
Seq8221_539_bp_1_1_0	ENA|CAA43419|CAA43419.1	45.45	11	6	0	51	61	110	120	7.5	18.0
Seq8221_539_bp_1_1_0	ENA|ABN10845|ABN10845.1	50.00	6	3	0	75	80	108	113	8.5	17.1
Seq8221_539_bp_1_1_0	ENA|AAC97205|AAC97205.1	41.18	17	10	0	10	26	1046	1062	9.4	19.4
Seq8221_539_bp_1_1_0	ENA|CAA36714|CAA36714.1	100.00	3	0	0	75	77	435	437	9.4	18.0
Seq8221_539_bp_1_1_0	ENA|CAA45199|CAA45199.1	62.50	8	3	0	77	84	139	146	9.5	18.0
Seq8221_539_bp_1_1_0	ENA|BAA32991|BAA32991.1	50.00	9	4	1	27	34	24	32	9.7	15.2
Seq8221_539_bp_1_2_0	ENA|BAA05866|BAA05866.1	75.00	8	2	0	6	13	299	306	0.015	24.0
Seq8221_539_bp_1_2_0	ENA|CAA36214|CAA36214.1	66.67	9	3	0	6	14	96	104	0.036	22.8
Seq8221_539_bp_1_2_0	ENA|CAA73529|CAA73529.1	62.50	8	3	0	4	11	39	46	0.075	21.6
Seq8221_539_bp_1_2_0	ENA|AAS77176|AAS77176.1	45.45	11	6	0	2	12	165	175	0.19	20.3
Seq8221_539_bp_1_2_0	ENA|AAC78721|AAC78721.1	62.50	8	3	0	8	15	303	310	0.44	20.3
Seq8221_539_bp_1_2_0	ENA|ABD49687|ABD49687.1	45.45	11	6	0	5	15	1177	1187	0.72	21.0
Seq8221_539_bp_1_2_0	ENA|AAA32624|AAA32624.1	57.14	7	3	0	2	8	166	172	0.79	19.1
Seq8221_539_bp_1_2_0	ENA|AAA42531|AAA42531.1	33.33	12	8	0	4	15	32	43	1.4	17.9
Seq8221_539_bp_1_2_0	ENA|ABD33854|ABD33854.1	44.44	9	5	0	7	15	17	25	1.9	14.8
Seq8221_539_bp_1_2_0	ENA|AAA24145|AAA24145.1	50.00	6	3	0	8	13	107	112	2.5	17.3
Seq8221_539_bp_1_2_0	ENA|AAR31603|AAR31603.1	37.50	8	5	0	2	9	140	147	2.7	16.7
Seq8221_539_bp_1_2_0	ENA|CAA11507|CAA11507.1	37.50	8	5	0	6	13	562	569	3.1	18.5
Seq8221_539_bp_1_2_0	ENA|AAC26660|AAC26660.1	66.67	3	1	0	4	6	216	218	3.2	16.0
Seq8221_539_bp_1_2_0	ENA|AAB96524|AAB96524.1	100.00	4	0	0	6	9	75	78	3.5	15.4
Seq8221_539_bp_1_2_0	ENA|AAB26998|AAB26998.1	40.00	5	3	0	9	13	40	44	5.3	13.6
Seq8221_539_bp_1_2_0	ENA|CAL82360|CAL82360.1	44.44	10	5	1	4	13	945	953	6.6	17.3
Seq8221_539_bp_1_2_0	ENA|BAA32991|BAA32991.1	25.00	8	6	0	1	8	28	35	6.9	13.0
Seq8221_539_bp_1_2_0	ENA|AAI27517|AAI27517.1	75.00	4	1	0	1	4	256	259	7.1	16.0
Seq8221_539_bp_1_2_0	ENA|AAA72732|AAA72732.1	27.27	12	8	1	1	12	225	235	8.7	14.8
Seq8221_539_bp_1_2_0	ENA|BAA32956|BAA32956.1	37.50	8	5	0	5	12	154	161	8.9	14.2
Seq8221_539_bp_1_2_1	ENA|CAA73529|CAA73529.1	60.00	11	4	1	5	15	97	106	1.6	18.4
Seq8221_539_bp_1_2_1	ENA|CAL82360|CAL82360.1	50.00	15	7	1	2	15	1275	1289	1.6	20.6
Seq8221_539_bp_1_2_1	ENA|BAA32956|BAA32956.1	41.67	12	7	0	22	33	179	190	1.7	17.9
Seq8221_539_bp_1_2_1	ENA|BAB79260|BAB79260.1	85.71	8	1	1	3	9	389	396	2.6	18.4
Seq8221_539_bp_1_2_1	ENA|AAC08817|AAC08817.1	60.00	5	2	0	31	35	80	84	2.7	16.8
Seq8221_539_bp_1_2_1	ENA|AAR37016|AAR37016.1	36.36	11	7	0	25	35	1739	1749	3	20.6
Seq8221_539_bp_1_2_1	ENA|CAA28033|CAA28033.1	42.86	15	8	1	8	21	1031	1045	3.5	19.5
Seq8221_539_bp_1_2_1	ENA|CAA24711|CAA24711.1	66.67	6	2	0	11	16	43	48	4.3	16.3
Seq8221_539_bp_1_2_1	ENA|ABD49687|ABD49687.1	30.00	20	14	0	15	34	827	846	4.5	19.5
Seq8221_539_bp_1_2_1	ENA|AAB96524|AAB96524.1	66.67	6	2	0	1	6	179	184	6.5	15.8
Seq8221_539_bp_1_2_1	ENA|CAA45199|CAA45199.1	80.00	5	1	0	8	12	368	372	7.8	16.8
Seq8221_539_bp_1_2_1	ENA|AAF79734|AAF79734.1	60.00	5	2	0	29	33	868	872	7.8	18.4
Seq8221_539_bp_1_2_1	ENA|AAC49865|AAC49865.1	26.32	20	14	1	8	26	174	193	7.8	16.3
Seq8221_539_bp_1_2_1	ENA|AAI27517|AAI27517.1	60.00	5	2	0	28	32	539	543	9.6	16.8
Seq8221_539_bp_1_2_2	ENA|BAA32956|BAA32956.1	80.00	5	1	0	3	7	98	102	0.46	18.8
Seq8221_539_bp_1_2_2	ENA|AAR37016|AAR37016.1	50.00	10	5	0	1	10	1308	1317	0.98	21.2
Seq8221_539_bp_1_2_2	ENA|AAA18786|AAA18786.1	40.00	10	6	0	1	10	20	29	2	17.0
Seq8221_539_bp_1_2_2	ENA|CAA45199|CAA45199.1	50.00	8	4	0	2	9	63	70	2.3	17.6
Seq8221_539_bp_1_2_2	ENA|ABD33854|ABD33854.1	100.00	4	0	0	1	4	15	18	2.4	14.6
Seq8221_539_bp_1_2_2	ENA|BAA32991|BAA32991.1	33.33	9	6	0	4	12	27	35	2.6	14.6
Seq8221_539_bp_1_2_2	ENA|AAB96524|AAB96524.1	28.57	7	5	0	6	12	165	171	3.1	15.8
Seq8221_539_bp_1_2_2	ENA|CAA29968|CAA29968.1	60.00	5	2	0	9	13	58	62	3.2	15.8
Seq8221_539_bp_1_2_2	ENA|CAA11507|CAA11507.1	57.14	7	3	0	8	14	606	612	4.3	18.2
Seq8221_539_bp_1_2_2	ENA|AAC17860|AAC17860.1	44.44	9	5	0	6	14	340	348	4.4	16.4
Seq8221_539_bp_1_2_2	ENA|CAA24711|CAA24711.1	100.00	4	0	0	1	4	79	82	6.3	14.6
Seq8221_539_bp_1_2_2	ENA|CAA36714|CAA36714.1	40.00	5	3	0	6	10	131	135	7.4	15.8
Seq8221_539_bp_1_2_2	ENA|AAC08817|AAC08817.1	50.00	6	3	0	8	13	1	6	8.4	14.0
Seq8221_539_bp_1_2_2	ENA|ABK71357|ABK71357.1	60.00	5	2	0	1	5	348	352	8.8	15.2
Seq8221_539_bp_1_2_2	ENA|AAB66912|AAB66912.1	66.67	6	2	0	3	8	480	485	9.6	16.4
Seq8221_539_bp_1_2_3	ENA|BAB17681|BAB17681.1	71.43	7	2	0	1	7	79	85	0.36	19.7
Seq8221_539_bp_1_2_3	ENA|ABD33854|ABD33854.1	80.00	5	1	0	12	16	4	8	1	16.1
Seq8221_539_bp_1_2_3	ENA|ABN10845|ABN10845.1	50.00	6	3	0	13	18	49	54	3.4	16.1
Seq8221_539_bp_1_2_3	ENA|CAA29956|CAA29956.1	50.00	8	4	0	13	20	12	19	4.1	16.6
Seq8221_539_bp_1_2_3	ENA|CAA36714|CAA36714.1	75.00	4	1	0	17	20	435	438	5.1	16.6
Seq8221_539_bp_1_2_3	ENA|AAA24145|AAA24145.1	80.00	5	1	0	5	9	249	253	7	16.1
Seq8221_539_bp_1_2_3	ENA|AAB96524|AAB96524.1	33.33	9	6	0	4	12	169	177	8.2	14.6
Seq8221_539_bp_1_2_3	ENA|ABD49687|ABD49687.1	36.36	12	7	1	7	17	225	236	8.7	17.7
Seq8221_539_bp_1_2_4	ENA|ABD33854|ABD33854.1	80.00	5	1	0	7	11	38	42	1.4	15.0
Seq8221_539_bp_1_2_4	ENA|ABG75784|ABG75784.1	42.86	7	4	0	2	8	260	266	1.5	17.2
Seq8221_539_bp_1_2_4	ENA|AAI27517|AAI27517.1	66.67	6	2	0	5	10	195	200	2.9	17.2
Seq8221_539_bp_1_2_4	ENA|ABN10845|ABN10845.1	57.14	7	3	0	7	13	77	83	3.3	15.6
Seq8221_539_bp_1_2_4	ENA|CAA26023|CAA26023.1	37.50	8	5	0	4	11	1	8	3.9	16.1
Seq8221_539_bp_1_2_4	ENA|BAA32018|BAA32018.1	50.00	8	4	0	3	10	83	90	6.3	16.1
Seq8221_539_bp_1_2_4	ENA|BAA36759|BAA36759.1	40.00	10	6	0	1	10	246	255	8.7	14.5
Seq8221_539_bp_1_2_4	ENA|AAA24145|AAA24145.1	50.00	6	3	0	3	8	393	398	9.5	15.0
Seq8221_539_bp_1_2_4	ENA|AAR31603|AAR31603.1	50.00	6	3	0	4	9	90	95	9.8	14.5
Seq8221_539_bp_-1_0_0	ENA|ABD33854|ABD33854.1	50.00	8	4	0	5	12	7	14	0.21	18.3
Seq8221_539_bp_-1_0_0	ENA|ABN10845|ABN10845.1	55.56	9	4	0	1	9	95	103	0.48	18.8
Seq8221_539_bp_-1_0_0	ENA|CAA43419|CAA43419.1	83.33	6	1	0	8	13	224	229	0.54	19.4
Seq8221_539_bp_-1_0_0	ENA|AAA42531|AAA42531.1	83.33	6	1	0	2	7	242	247	0.84	18.8
Seq8221_539_bp_-1_0_0	ENA|CAA26023|CAA26023.1	42.86	7	4	0	6	12	104	110	1.2	18.3
Seq8221_539_bp_-1_0_0	ENA|EDO47375|EDO47375.1	44.44	9	5	0	8	16	100	108	1.3	17.1
Seq8221_539_bp_-1_0_0	ENA|CAA11507|CAA11507.1	41.67	12	7	0	2	13	877	888	1.3	20.0
Seq8221_539_bp_-1_0_0	ENA|BAB79260|BAB79260.1	42.86	14	8	0	5	18	238	251	1.5	18.3
Seq8221_539_bp_-1_0_0	ENA|ABG75784|ABG75784.1	50.00	8	4	0	5	12	296	303	1.5	17.7
Seq8221_539_bp_-1_0_0	ENA|BAA32018|BAA32018.1	30.77	13	9	0	4	16	81	93	2.9	17.7
Seq8221_539_bp_-1_0_0	ENA|AAS77176|AAS77176.1	80.00	5	1	0	14	18	102	106	4.4	16.0
Seq8221_539_bp_-1_0_0	ENA|CAA36214|CAA36214.1	40.00	10	6	0	3	12	263	272	4.6	16.0
Seq8221_539_bp_-1_0_0	ENA|CAA45199|CAA45199.1	30.00	10	7	0	7	16	116	125	4.8	16.6
Seq8221_539_bp_-1_0_0	ENA|AAC49865|AAC49865.1	50.00	10	5	0	1	10	198	207	4.9	16.0
Seq8221_539_bp_-1_0_0	ENA|AAR37016|AAR37016.1	54.55	11	5	0	2	12	1614	1624	7.2	18.3
Seq8221_539_bp_-1_0_0	ENA|AAQ92751|AAQ92751.2	36.36	11	7	0	3	13	742	752	9.1	17.1
Seq8221_539_bp_-1_0_0	ENA|AAC78721|AAC78721.1	46.15	13	7	0	1	13	149	161	9.7	16.0
Seq8221_539_bp_-1_0_1	ENA|AAA42531|AAA42531.1	42.86	14	8	0	39	52	34	47	0.59	21.0
Seq8221_539_bp_-1_0_1	ENA|CAB75732|CAB75732.1	31.58	19	13	0	26	44	915	933	0.62	22.5
Seq8221_539_bp_-1_0_1	ENA|AAA32624|AAA32624.1	50.00	15	7	1	9	22	20	34	0.8	21.0
Seq8221_539_bp_-1_0_1	ENA|ACT10338|ACT10338.1	50.00	14	7	0	20	33	130	143	0.84	20.5
Seq8221_539_bp_-1_0_1	ENA|AAA24145|AAA24145.1	35.00	20	13	0	30	49	253	272	0.99	20.5
Seq8221_539_bp_-1_0_1	ENA|CAA24711|CAA24711.1	30.77	13	9	0	41	53	122	134	1	18.9
Seq8221_539_bp_-1_0_1	ENA|AAS77176|AAS77176.1	50.00	10	5	0	41	50	118	127	1.2	19.4
Seq8221_539_bp_-1_0_1	ENA|BAA32018|BAA32018.1	21.74	23	18	0	22	44	523	545	1.3	20.5
Seq8221_539_bp_-1_0_1	ENA|CAD53387|CAD53387.1	43.75	16	9	0	12	27	43	58	1.5	20.0
Seq8221_539_bp_-1_0_1	ENA|AAF79734|AAF79734.1	54.55	11	5	0	6	16	460	470	1.6	21.5
Seq8221_539_bp_-1_0_1	ENA|CAL82360|CAL82360.1	66.67	9	3	0	29	37	531	539	1.9	21.0
Seq8221_539_bp_-1_0_1	ENA|CAA26939|CAA26939.1	55.56	9	4	0	8	16	58	66	3.4	18.9
Seq8221_539_bp_-1_0_1	ENA|AAA72732|AAA72732.1	33.33	15	10	0	21	35	122	136	3.7	17.9
Seq8221_539_bp_-1_0_1	ENA|ABK71357|ABK71357.1	31.25	16	11	0	29	44	114	129	4.4	17.9
Seq8221_539_bp_-1_0_1	ENA|AAC08817|AAC08817.1	50.00	12	6	0	30	41	55	66	5.2	16.4
Seq8221_539_bp_-1_0_1	ENA|AAB26998|AAB26998.1	100.00	4	0	0	12	15	30	33	5.2	15.4
Seq8221_539_bp_-1_0_1	ENA|CAA11507|CAA11507.1	31.58	19	13	0	15	33	924	942	5.6	19.4
Seq8221_539_bp_-1_0_1	ENA|AAQ92751|AAQ92751.2	28.57	14	10	0	41	54	1033	1046	5.7	19.4
Seq8221_539_bp_-1_0_1	ENA|CAA29956|CAA29956.1	40.00	10	6	0	39	48	135	144	6.2	17.4
Seq8221_539_bp_-1_0_1	ENA|BAA05866|BAA05866.1	80.00	5	1	0	13	17	136	140	7.1	16.9
Seq8221_539_bp_-1_0_2	ENA|AAC49865|AAC49865.1	50.00	6	3	0	2	7	171	176	1.5	17.2
Seq8221_539_bp_-1_0_2	ENA|AAR37016|AAR37016.1	66.67	6	2	0	5	10	1567	1572	1.6	20.0
Seq8221_539_bp_-1_0_2	ENA|AAA42531|AAA42531.1	75.00	4	1	0	8	11	156	159	1.8	17.2
Seq8221_539_bp_-1_0_2	ENA|AAC40132|AAC40132.1	100.00	4	0	0	9	12	357	360	2.2	17.2
Seq8221_539_bp_-1_0_2	ENA|AAA25966|AAA25966.1	50.00	6	3	0	2	7	2	7	2.3	17.7
Seq8221_539_bp_-1_0_2	ENA|AAB96524|AAB96524.1	50.00	6	3	0	6	11	91	96	2.7	15.5
Seq8221_539_bp_-1_0_2	ENA|CAA73529|CAA73529.1	57.14	7	3	0	2	8	265	271	2.7	16.1
Seq8221_539_bp_-1_0_2	ENA|ABN10845|ABN10845.1	50.00	6	3	0	1	6	104	109	4.6	14.9
Seq8221_539_bp_-1_0_2	ENA|AAA24145|AAA24145.1	50.00	6	3	0	4	9	353	358	6.5	15.5
Seq8221_539_bp_-1_0_2	ENA|ACH70901|ACH70901.1	100.00	3	0	0	4	6	147	149	7.4	14.9
Seq8221_539_bp_-1_0_2	ENA|AAA36539|AAA36539.1	75.00	4	1	0	6	9	222	225	9.5	14.9
Seq8221_539_bp_-1_0_3	ENA|CAA29968|CAA29968.1	66.67	6	2	0	1	6	94	99	0.38	18.5
Seq8221_539_bp_-1_0_3	ENA|BAA32991|BAA32991.1	50.00	7	3	1	5	11	27	32	0.59	16.4
Seq8221_539_bp_-1_0_3	ENA|AAA36539|AAA36539.1	100.00	4	0	0	8	11	19	22	1.3	18.0
Seq8221_539_bp_-1_0_3	ENA|ABN10845|ABN10845.1	75.00	4	1	0	8	11	16	19	5.5	14.8
Seq8221_539_bp_-1_0_3	ENA|AAC40132|AAC40132.1	50.00	6	3	0	5	10	421	426	5.7	15.8
Seq8221_539_bp_-1_0_3	ENA|BAB17681|BAB17681.1	60.00	5	2	0	6	10	37	41	6.9	14.8
Seq8221_539_bp_-1_0_3	ENA|AAQ92751|AAQ92751.2	75.00	4	1	0	4	7	319	322	7.7	16.9
Seq8221_539_bp_-1_0_3	ENA|CAA45199|CAA45199.1	50.00	9	4	1	5	13	65	72	8	15.3
Seq8221_539_bp_-1_1_0	ENA|CAA45199|CAA45199.1	40.00	10	6	0	3	12	275	284	1.4	18.0
Seq8221_539_bp_-1_1_0	ENA|AAA42531|AAA42531.1	80.00	5	1	0	10	14	304	308	1.7	17.5
Seq8221_539_bp_-1_1_0	ENA|AAC40132|AAC40132.1	66.67	6	2	0	6	11	73	78	2.1	17.5
Seq8221_539_bp_-1_1_0	ENA|CAA73529|CAA73529.1	75.00	4	1	0	9	12	268	271	5.2	15.3
Seq8221_539_bp_-1_1_0	ENA|CAA29968|CAA29968.1	100.00	3	0	0	10	12	105	107	5.4	14.8
Seq8221_539_bp_-1_1_0	ENA|AAA24145|AAA24145.1	100.00	3	0	0	11	13	416	418	6	15.8
Seq8221_539_bp_-1_1_0	ENA|AAC49865|AAC49865.1	60.00	5	2	0	8	12	65	69	6.2	15.3
Seq8221_539_bp_-1_1_0	ENA|CAA26023|CAA26023.1	50.00	8	4	0	2	9	221	228	7.1	15.3
Seq8221_539_bp_-1_1_0	ENA|BAA32018|BAA32018.1	36.36	11	7	0	1	11	362	372	8	15.8
Seq8221_539_bp_-1_1_1	ENA|ACH70901|ACH70901.1	38.46	27	16	1	3	29	241	266	0.33	21.1
Seq8221_539_bp_-1_1_1	ENA|AAC26660|AAC26660.1	50.00	8	4	0	6	13	40	47	1.8	18.2
Seq8221_539_bp_-1_1_1	ENA|CAA24711|CAA24711.1	62.50	8	3	0	28	35	162	169	1.8	17.6
Seq8221_539_bp_-1_1_1	ENA|AAA42531|AAA42531.1	25.00	12	9	0	13	24	189	200	3.9	17.6
Seq8221_539_bp_-1_1_1	ENA|AAA32624|AAA32624.1	75.00	8	2	0	15	22	227	234	5.2	17.6
Seq8221_539_bp_-1_1_1	ENA|AAR37016|AAR37016.1	35.71	14	9	0	17	30	642	655	6.9	19.3
Seq8221_539_bp_-1_1_1	ENA|AAR31603|AAR31603.1	44.44	19	10	1	19	36	239	257	7.2	16.4
Seq8221_539_bp_-1_1_1	ENA|BAA32018|BAA32018.1	46.67	15	8	0	2	16	94	108	9	17.0
Seq8221_539_bp_-1_1_1	ENA|BAA36759|BAA36759.1	40.00	10	6	0	10	19	127	136	9.2	15.9
Seq8221_539_bp_-1_1_1	ENA|BAB79260|BAB79260.1	36.84	19	12	0	12	30	121	139	9.6	16.4
Seq8221_539_bp_-1_1_1	ENA|CAA36214|CAA36214.1	50.00	8	4	0	10	17	56	63	9.7	15.9
Seq8221_539_bp_-1_1_2	ENA|AAC78721|AAC78721.1	36.00	26	16	1	18	43	209	233	0.031	26.0
Seq8221_539_bp_-1_1_2	ENA|ABN10845|ABN10845.1	57.14	7	3	0	20	26	48	54	0.61	20.0
Seq8221_539_bp_-1_1_2	ENA|ABK71357|ABK71357.1	46.15	13	7	0	3	15	73	85	1.5	19.5
Seq8221_539_bp_-1_1_2	ENA|AAI27517|AAI27517.1	50.00	6	3	0	15	20	162	167	3.4	19.0
Seq8221_539_bp_-1_1_2	ENA|AAA25966|AAA25966.1	37.50	8	5	0	16	23	268	275	4.1	19.0
Seq8221_539_bp_-1_1_2	ENA|AAA32624|AAA32624.1	30.77	13	9	0	28	40	88	100	4.3	18.4
Seq8221_539_bp_-1_1_2	ENA|AAF79734|AAF79734.1	40.00	15	9	0	13	27	950	964	5.6	19.5
Seq8221_539_bp_-1_1_2	ENA|CAA73529|CAA73529.1	100.00	3	0	0	25	27	39	41	6.8	16.8
Seq8221_539_bp_-1_1_2	ENA|BAA05866|BAA05866.1	50.00	6	3	0	18	23	155	160	7.6	16.8
Seq8221_539_bp_-1_1_2	ENA|AAA24145|AAA24145.1	60.00	5	2	0	16	20	52	56	7.8	17.3
Seq8221_539_bp_-1_1_2	ENA|AAR31603|AAR31603.1	100.00	3	0	0	25	27	142	144	8.1	16.8
Seq8221_539_bp_-1_1_2	ENA|AAC26660|AAC26660.1	60.00	5	2	0	19	23	217	221	9.1	16.3
Seq8221_539_bp_-1_1_2	ENA|AAB96524|AAB96524.1	30.00	10	7	0	3	12	84	93	9.5	15.7
Seq8221_539_bp_-1_2_0	ENA|BAB17681|BAB17681.1	50.00	14	6	2	2	15	33	44	1.6	18.3
Seq8221_539_bp_-1_2_0	ENA|AAC49865|AAC49865.1	40.00	10	6	0	19	28	322	331	2.7	17.8
Seq8221_539_bp_-1_2_0	ENA|AAA24145|AAA24145.1	27.27	11	8	0	8	18	312	322	7.5	16.8
Seq8221_539_bp_-1_2_0	ENA|AAB03707|AAB03707.1	46.67	15	8	0	20	34	1150	1164	7.6	18.3
Seq8221_539_bp_-1_2_0	ENA|AAF79734|AAF79734.1	40.00	10	6	0	15	24	425	434	8	18.3
Seq8221_539_bp_-1_2_1	ENA|CAA45708|CAA45708.1	43.75	16	9	0	10	25	1239	1254	3.5	19.3
Seq8221_539_bp_-1_2_1	ENA|EDO47375|EDO47375.1	54.55	11	5	0	7	17	5	15	4.7	15.9
Seq8221_539_bp_-1_2_1	ENA|BAA32991|BAA32991.1	33.33	6	4	0	5	10	62	67	4.8	14.4
Seq8221_539_bp_-1_2_1	ENA|BAA32956|BAA32956.1	36.36	11	7	0	7	17	196	206	5.2	15.9
Seq8221_539_bp_-1_2_1	ENA|AAC08817|AAC08817.1	46.15	13	7	0	5	17	135	147	5.5	15.4
Seq8221_539_bp_-1_2_1	ENA|CAA43419|CAA43419.1	30.00	10	7	0	6	15	213	222	6.4	16.4
Seq8221_539_bp_-1_2_1	ENA|AAB26998|AAB26998.1	50.00	6	3	0	17	22	56	61	7.5	13.9
Seq8221_539_bp_-1_2_1	ENA|AAQ92751|AAQ92751.2	41.67	12	7	0	13	24	436	447	8.5	17.8
Seq8221_539_bp_-1_2_2	ENA|AAA72732|AAA72732.1	42.86	21	12	0	16	36	1	21	2.3	18.3
Seq8221_539_bp_-1_2_2	ENA|ABG75784|ABG75784.1	54.55	11	5	0	18	28	7	17	4.3	17.4
Seq8221_539_bp_-1_2_2	ENA|AAB03707|AAB03707.1	40.00	15	9	0	10	24	893	907	5	19.3
Seq8221_539_bp_-1_2_2	ENA|AAB26998|AAB26998.1	50.00	6	3	0	22	27	39	44	5.7	14.9
Seq8221_539_bp_-1_2_2	ENA|AAC49865|AAC49865.1	45.45	11	6	0	21	31	63	73	6.2	16.9
Seq8221_539_bp_-1_2_2	ENA|AAA36539|AAA36539.1	45.45	11	6	0	16	26	63	73	6.5	17.4
Seq8221_539_bp_-1_2_2	ENA|CAA28033|CAA28033.1	52.63	21	9	2	17	35	412	432	6.5	18.8
Seq8221_539_bp_-1_2_2	ENA|CAA36714|CAA36714.1	58.33	13	5	1	28	40	206	217	8.7	16.9
Seq8221_539_bp_-1_2_2	ENA|ABD33854|ABD33854.1	41.18	17	10	0	20	36	4	20	8.7	14.0
Seq8221_539_bp_-1_2_2	ENA|CAA29956|CAA29956.1	44.44	9	5	0	16	24	75	83	9.6	16.4
