Seq9176_955_bp_1_0_0	AII71783.1	92.26	310	24	0	1	310	1	310	3.5e-185	635.1
Seq9176_955_bp_1_0_0	AAB03707.1	18.37	101	80	3	52	151	1161	1259	1.4	24.1
Seq9176_955_bp_1_0_0	AAA24969.1	43.33	32	17	2	4	33	675	706	8.8	21.4
Seq9176_955_bp_1_0_0	AAX12058.1	45.45	11	6	0	191	201	112	122	9.7	18.8
Seq9176_955_bp_1_1_0	AAA72732.1	54.55	11	5	0	67	77	215	225	1.4	20.5
Seq9176_955_bp_1_1_0	ABN10845.1	50.00	12	6	0	39	50	61	72	2.5	19.1
Seq9176_955_bp_1_1_0	BAB17681.1	17.65	17	14	0	62	78	22	38	4.4	18.6
Seq9176_955_bp_1_1_0	ABD33854.1	40.00	10	6	0	39	48	1	10	5.1	16.3
Seq9176_955_bp_1_1_0	AAB64315.2	30.00	10	7	0	99	108	45	54	5.2	18.6
Seq9176_955_bp_1_1_0	AAA26915.1	80.00	5	1	0	4	8	435	439	9.8	18.1
Seq9176_955_bp_1_1_1	AAA65607.1	55.56	9	4	0	1	9	149	157	0.52	19.2
Seq9176_955_bp_1_1_1	BAA32991.1	50.00	6	3	0	8	13	27	32	0.73	16.3
Seq9176_955_bp_1_1_1	AAB26998.1	50.00	6	3	0	5	10	31	36	0.83	16.3
Seq9176_955_bp_1_1_1	ACH70904.1	41.67	12	7	0	4	15	305	316	1.4	17.8
Seq9176_955_bp_1_1_1	ABK71357.1	27.27	11	8	0	4	14	132	142	1.4	17.8
Seq9176_955_bp_1_1_1	ABD49687.1	42.86	7	4	0	5	11	615	621	1.5	19.9
Seq9176_955_bp_1_1_1	BAA32956.1	100.00	4	0	0	9	12	13	16	2.2	16.3
Seq9176_955_bp_1_1_1	ABD33854.1	25.00	8	6	0	6	13	57	64	3	14.1
Seq9176_955_bp_1_1_1	CAD53387.1	40.00	10	6	0	6	15	31	40	5.1	16.3
Seq9176_955_bp_1_1_1	ABN10845.1	28.57	7	5	0	4	10	152	158	6	14.8
Seq9176_955_bp_1_1_1	AAA42531.1	33.33	15	10	0	1	15	365	379	6.5	15.6
Seq9176_955_bp_1_1_1	CAA45199.1	33.33	6	4	0	8	13	457	462	7.8	15.6
Seq9176_955_bp_1_1_1	AAH69556.1	62.50	9	3	1	5	12	41	49	8.3	14.8
Seq9176_955_bp_1_1_1	CAA26230.1	44.44	9	5	0	5	13	455	463	9.1	15.6
Seq9176_955_bp_1_1_2	ACT10338.1	43.75	16	9	0	4	19	91	106	0.14	22.0
Seq9176_955_bp_1_1_2	AAB26998.1	50.00	6	3	0	21	26	45	50	2.2	15.8
Seq9176_955_bp_1_1_2	AAR31603.1	50.00	8	4	0	12	19	72	79	4.3	16.8
Seq9176_955_bp_1_1_2	ABK71357.1	28.57	14	10	0	9	22	68	81	4.8	16.8
Seq9176_955_bp_1_1_2	CAA04196.1	42.86	23	12	2	2	22	75	97	5.4	16.8
Seq9176_955_bp_1_1_2	AAC78721.1	20.00	15	12	0	5	19	18	32	6.1	17.3
Seq9176_955_bp_1_1_2	CAA43372.1	30.00	20	14	0	1	20	363	382	7.5	16.3
Seq9176_955_bp_1_1_2	ABN10845.1	80.00	5	1	0	13	17	163	167	8.1	15.2
Seq9176_955_bp_1_1_3	EDO47375.1	57.14	7	3	0	17	23	183	189	0.96	18.0
Seq9176_955_bp_1_1_3	CAA11507.1	40.00	10	6	0	8	17	1258	1267	1.7	20.0
Seq9176_955_bp_1_1_3	AAB96524.1	80.00	5	1	0	6	10	134	138	1.9	17.0
Seq9176_955_bp_1_1_3	AAC97205.1	28.57	14	10	0	10	23	186	199	2.2	19.5
Seq9176_955_bp_1_1_3	ABN10845.1	66.67	6	2	0	7	12	103	108	3.1	16.5
Seq9176_955_bp_1_1_3	BAA32956.1	66.67	6	2	0	18	23	52	57	4.2	16.0
Seq9176_955_bp_1_1_3	AAA36565.1	57.14	7	3	0	16	22	43	49	6.6	14.9
Seq9176_955_bp_1_1_3	AAF01122.1	50.00	10	5	0	10	19	141	150	7.3	16.0
Seq9176_955_bp_1_1_3	AAA26915.1	50.00	8	4	0	13	20	93	100	8.9	16.0
Seq9176_955_bp_1_1_3	AAC08817.1	33.33	6	4	0	15	20	142	147	8.9	14.4
Seq9176_955_bp_1_1_3	AAQ92751.2	66.67	6	2	0	3	8	1055	1060	9.3	17.5
Seq9176_955_bp_1_1_4	AAB03707.1	38.46	13	8	0	16	28	287	299	0.39	22.6
Seq9176_955_bp_1_1_4	AAA24142.1	46.67	15	8	0	4	18	223	237	0.41	21.0
Seq9176_955_bp_1_1_4	AAA18786.1	55.56	9	4	0	9	17	95	103	0.53	19.8
Seq9176_955_bp_1_1_4	AAA42531.1	38.46	13	8	0	20	32	345	357	0.76	19.8
Seq9176_955_bp_1_1_4	AAA25966.1	40.00	15	9	0	6	20	624	638	0.96	20.4
Seq9176_955_bp_1_1_4	CAA73529.1	38.89	22	11	4	15	32	111	132	2.5	17.6
Seq9176_955_bp_1_1_4	CAA74140.1	42.86	14	8	0	6	19	485	498	2.7	19.3
Seq9176_955_bp_1_1_4	ACH70904.1	66.67	6	2	0	26	31	138	143	3.3	17.6
Seq9176_955_bp_1_1_4	ABS38337.1	50.00	10	5	0	20	29	93	102	3.6	19.3
Seq9176_955_bp_1_1_4	BAB17681.1	41.67	12	7	0	15	26	117	128	3.7	17.0
Seq9176_955_bp_1_1_4	ABD33854.1	60.00	5	2	0	19	23	4	8	4	14.8
Seq9176_955_bp_1_1_4	AAC08817.1	100.00	5	0	0	12	16	71	75	4.7	15.9
Seq9176_955_bp_1_1_4	AAA45888.1	27.27	11	8	0	15	25	70	80	5.1	17.0
Seq9176_955_bp_1_1_4	EDO47375.1	26.67	15	11	0	7	21	59	73	5.4	15.9
Seq9176_955_bp_1_1_4	ABN10845.1	66.67	13	4	1	11	22	39	51	6.2	15.9
Seq9176_955_bp_1_1_4	AAX12058.1	40.00	10	6	0	17	26	120	129	7.7	15.9
Seq9176_955_bp_1_1_4	AAB96524.1	75.00	10	2	2	12	21	180	187	7.7	15.3
Seq9176_955_bp_1_1_4	BAA32991.1	60.00	5	2	0	1	5	16	20	9.1	13.6
Seq9176_955_bp_1_1_4	AAR37016.1	60.00	10	4	0	18	27	583	592	9.3	18.7
Seq9176_955_bp_1_1_5	ABS38337.1	34.78	23	15	0	14	36	992	1014	0.094	25.2
Seq9176_955_bp_1_1_5	BAB17681.1	30.30	34	23	1	13	46	1	33	1.8	18.7
Seq9176_955_bp_1_1_5	AAB26998.1	33.33	24	16	0	9	32	3	26	4.8	15.4
Seq9176_955_bp_1_1_5	BAA32018.1	32.26	31	21	0	5	35	460	490	5.5	18.2
Seq9176_955_bp_1_1_5	AAA18786.1	30.77	13	9	0	33	45	25	37	6.1	16.8
Seq9176_955_bp_1_1_5	ABL74574.1	30.00	20	14	0	15	34	208	227	6.6	16.8
Seq9176_955_bp_1_1_5	AAA26915.1	38.46	13	8	0	20	32	319	331	7.7	17.3
Seq9176_955_bp_1_1_5	AAB96524.1	66.67	6	2	0	33	38	165	170	8	15.9
Seq9176_955_bp_1_1_5	AEE27845.1	46.67	15	8	0	14	28	417	431	8.6	18.7
Seq9176_955_bp_1_1_5	AAC17860.1	30.00	20	14	0	12	31	259	278	9.2	16.8
Seq9176_955_bp_1_1_5	ABN10845.1	50.00	14	6	2	4	15	19	32	9.2	15.9
Seq9176_955_bp_1_1_5	ABD33854.1	50.00	10	5	0	10	19	10	19	9.8	14.0
Seq9176_955_bp_1_2_0	AAB96524.1	40.00	10	6	0	29	38	168	177	1.3	19.6
Seq9176_955_bp_1_2_0	ABD33854.1	36.84	22	12	3	69	87	34	55	3.1	16.8
Seq9176_955_bp_1_2_0	ABD49687.1	30.00	20	14	0	36	55	429	448	3.3	21.5
Seq9176_955_bp_1_2_0	AEE27845.1	33.33	18	12	0	35	52	583	600	6.9	20.1
Seq9176_955_bp_1_2_0	AAC78721.1	50.00	10	5	0	3	12	201	210	8.6	18.7
Seq9176_955_bp_1_2_1	BAA32991.1	50.00	16	7	2	6	19	20	35	0.42	19.4
Seq9176_955_bp_1_2_1	CAA43372.1	44.44	19	10	1	23	40	36	54	0.82	21.0
Seq9176_955_bp_1_2_1	AAC78721.1	57.14	14	6	0	30	43	507	520	0.92	21.5
Seq9176_955_bp_1_2_1	AAC97205.1	34.62	27	17	1	42	68	99	124	1.7	21.5
Seq9176_955_bp_1_2_1	ABD33854.1	36.36	11	7	0	43	53	54	64	2.4	16.7
Seq9176_955_bp_1_2_1	CAA45199.1	55.56	9	4	0	40	48	302	310	2.8	19.4
Seq9176_955_bp_1_2_1	ABD49687.1	28.57	21	15	0	31	51	454	474	4.8	20.4
Seq9176_955_bp_1_2_1	AAB96524.1	17.65	17	14	0	51	67	22	38	4.8	17.2
Seq9176_955_bp_1_2_1	AAA65607.1	44.44	9	5	0	41	49	53	61	6.4	17.8
Seq9176_955_bp_1_2_1	BAE97662.1	50.00	14	7	0	57	70	261	274	6.5	19.4
Seq9176_955_bp_1_2_1	AAA18786.1	30.00	10	7	0	7	16	19	28	6.8	17.2
Seq9176_955_bp_1_2_1	AAX12058.1	47.06	17	9	0	42	58	3	19	6.9	17.2
Seq9176_955_bp_1_2_1	BAA32956.1	57.14	7	3	0	10	16	150	156	7.6	16.7
Seq9176_955_bp_1_2_1	AAF01122.1	66.67	9	3	0	24	32	17	25	9.3	17.2
Seq9176_955_bp_1_2_2	AAQ92751.2	42.11	19	11	0	6	24	1292	1310	0.00075	31.8
Seq9176_955_bp_1_2_2	AAB96524.1	36.36	11	7	0	24	34	161	171	1	18.5
Seq9176_955_bp_1_2_2	CAA04196.1	29.41	17	12	0	13	29	154	170	1.1	19.5
Seq9176_955_bp_1_2_2	AAA45888.1	60.00	10	4	0	18	27	188	197	1.5	19.0
Seq9176_955_bp_1_2_2	CAA45199.1	44.44	9	5	0	19	27	304	312	1.8	19.0
Seq9176_955_bp_1_2_2	AAX84812.1	22.22	9	7	0	23	31	153	161	2.6	17.5
Seq9176_955_bp_1_2_2	ACH70904.1	30.00	10	7	0	1	10	140	149	2.8	18.0
Seq9176_955_bp_1_2_2	ABD33854.1	27.27	11	8	0	20	30	54	64	2.9	15.4
Seq9176_955_bp_1_2_2	CAA43372.1	50.00	10	5	0	27	36	14	23	6.4	17.0
Seq9176_955_bp_1_2_2	AAB26998.1	33.33	6	4	0	6	11	44	49	7.1	14.4
Seq9176_955_bp_1_2_2	AAA32376.1	37.50	8	5	0	22	29	11	18	7.6	15.4
Seq9176_955_bp_1_2_2	AAC97205.1	21.43	14	11	0	19	32	188	201	9.1	18.0
Seq9176_955_bp_1_2_2	BAA32956.1	50.00	6	3	0	31	36	28	33	9.1	15.4
Seq9176_955_bp_1_2_3	AAA32376.1	41.67	27	14	3	5	31	147	170	0.033	23.9
Seq9176_955_bp_1_2_3	AAC17860.1	46.15	13	7	0	28	40	194	206	1.3	19.9
Seq9176_955_bp_1_2_3	AEE27845.1	30.30	33	23	0	15	47	270	302	1.5	21.4
Seq9176_955_bp_1_2_3	AII71783.1	45.45	24	12	2	11	32	75	98	1.9	18.9
Seq9176_955_bp_1_2_3	CAA43372.1	42.86	14	8	0	22	35	330	343	2.5	18.9
Seq9176_955_bp_1_2_3	AAQ92751.2	60.00	10	4	0	21	30	417	426	4.1	19.9
Seq9176_955_bp_1_2_3	AAB96524.1	29.41	17	12	0	1	17	20	36	4.4	16.8
Seq9176_955_bp_1_2_3	BAB17681.1	41.67	12	7	0	30	41	257	268	6.4	16.8
Seq9176_955_bp_1_2_3	BAE97662.1	17.95	39	32	0	11	49	206	244	6.6	18.9
Seq9176_955_bp_1_2_3	ABK71357.1	33.33	15	10	0	27	41	201	215	8.6	16.8
Seq9176_955_bp_1_2_3	AAR37016.1	30.00	32	21	2	18	48	492	522	9.5	19.4
Seq9176_955_bp_1_2_3	CAA04196.1	21.74	23	18	0	22	44	193	215	9.5	16.8
Seq9176_955_bp_1_2_4	ABD33854.1	50.00	10	5	0	26	35	30	39	0.27	19.0
Seq9176_955_bp_1_2_4	EDO47375.1	80.00	5	1	0	25	29	1	5	3.5	16.8
Seq9176_955_bp_1_2_4	BAA32991.1	28.57	14	10	0	3	16	24	37	3.9	15.1
Seq9176_955_bp_1_2_4	BAA32018.1	45.45	11	6	0	19	29	529	539	5.3	17.9
Seq9176_955_bp_1_2_4	CAA11507.1	50.00	8	4	0	5	12	1178	1185	5.5	19.0
Seq9176_955_bp_1_2_4	CAA74140.1	45.45	11	6	0	27	37	465	475	5.5	18.4
Seq9176_955_bp_1_2_4	ABG75784.1	15.00	20	17	0	16	35	193	212	5.6	16.8
Seq9176_955_bp_1_2_4	AAR37016.1	38.46	13	8	0	11	23	1761	1773	6.4	19.5
Seq9176_955_bp_1_2_4	AAA65607.1	25.00	16	12	0	21	36	285	300	6.6	16.8
Seq9176_955_bp_1_2_4	AAA24969.1	31.25	16	11	0	20	35	629	644	8.6	18.4
Seq9176_955_bp_1_2_4	ABD49687.1	33.33	12	8	0	18	29	226	237	9.6	18.4
Seq9176_955_bp_-1_0_0	AAA65607.1	36.36	11	7	0	3	13	335	345	0.61	19.2
Seq9176_955_bp_-1_0_0	ACH70904.1	62.50	8	3	0	10	17	141	148	1.4	18.0
Seq9176_955_bp_-1_0_0	AAA42531.1	71.43	7	2	0	8	14	195	201	2.4	17.3
Seq9176_955_bp_-1_0_0	AII71783.1	66.67	6	2	0	3	8	20	25	4.6	16.0
Seq9176_955_bp_-1_0_0	ABG75784.1	44.44	9	5	0	2	10	161	169	4.7	16.0
Seq9176_955_bp_-1_0_0	AAF01122.1	50.00	4	2	0	15	18	290	293	5.6	16.0
Seq9176_955_bp_-1_0_0	AAA24969.1	83.33	6	1	0	2	7	171	176	5.9	18.0
Seq9176_955_bp_-1_0_0	AAQ92751.2	25.00	12	9	0	3	14	980	991	8.2	17.3
Seq9176_955_bp_-1_0_0	CAA04196.1	50.00	8	4	0	6	13	351	358	9.4	15.4
Seq9176_955_bp_-1_0_0	ABD49687.1	41.67	12	7	0	1	12	1414	1425	10	17.3
Seq9176_955_bp_-1_0_1	AAC08817.1	62.50	8	3	0	23	30	5	12	0.022	23.6
Seq9176_955_bp_-1_0_1	AAB26998.1	66.67	6	2	0	5	10	71	76	0.78	17.4
Seq9176_955_bp_-1_0_1	CAA26230.1	25.00	16	12	0	8	23	220	235	1.7	19.1
Seq9176_955_bp_-1_0_1	AAA18786.1	44.44	9	5	0	22	30	186	194	1.8	18.0
Seq9176_955_bp_-1_0_1	ABG75784.1	66.67	6	2	0	20	25	84	89	2.1	18.0
Seq9176_955_bp_-1_0_1	AAR37016.1	33.33	12	8	0	16	27	1160	1171	2.2	20.8
Seq9176_955_bp_-1_0_1	ABD33854.1	44.44	9	5	0	8	16	33	41	3	15.2
Seq9176_955_bp_-1_0_1	ABN10845.1	42.86	7	4	0	17	23	13	19	3.1	16.9
Seq9176_955_bp_-1_0_1	AAB64315.2	28.57	14	10	0	2	15	14	27	3.2	17.4
Seq9176_955_bp_-1_0_1	AAA32624.1	57.14	7	3	0	17	23	192	198	5	17.4
Seq9176_955_bp_-1_0_1	AAA25966.1	66.67	6	2	0	20	25	134	139	6.8	17.4
Seq9176_955_bp_-1_0_1	AAC97205.1	30.00	20	14	0	6	25	589	608	7.8	18.0
Seq9176_955_bp_-1_0_1	AAA72732.1	25.00	12	9	0	7	18	264	275	9.3	15.8
Seq9176_955_bp_-1_0_1	AAA24969.1	42.86	15	8	1	9	23	841	854	9.5	18.0
Seq9176_955_bp_-1_0_2	AAA25966.1	66.67	6	2	0	1	6	285	290	4.6	17.0
Seq9176_955_bp_-1_0_2	CAA74140.1	66.67	6	2	0	1	6	237	242	5.8	17.0
Seq9176_955_bp_-1_0_2	BAB70780.1	45.45	11	6	0	3	13	455	465	6.4	15.9
Seq9176_955_bp_-1_0_2	AAH69556.1	45.45	11	6	0	3	13	92	102	8.5	14.8
Seq9176_955_bp_-1_0_2	AAA72732.1	66.67	6	2	0	1	6	299	304	8.7	14.8
Seq9176_955_bp_-1_0_3	CAA43372.1	44.44	9	5	0	4	12	248	256	1.1	18.7
Seq9176_955_bp_-1_0_3	AAA32624.1	37.50	16	10	0	1	16	399	414	1.3	18.7
Seq9176_955_bp_-1_0_3	ABD49687.1	35.71	14	9	0	3	16	1330	1343	2.9	19.3
Seq9176_955_bp_-1_0_3	CAA11507.1	58.33	12	5	0	2	13	164	175	3.4	18.7
Seq9176_955_bp_-1_0_3	BAE97662.1	83.33	6	1	0	13	18	773	778	4.2	18.1
Seq9176_955_bp_-1_0_3	CAA74140.1	83.33	6	1	0	8	13	499	504	5.1	17.5
Seq9176_955_bp_-1_0_3	AAA24142.1	71.43	7	2	0	6	12	353	359	7.8	15.8
Seq9176_955_bp_-1_0_3	AAH69556.1	50.00	6	3	0	10	15	243	248	7.9	15.3
Seq9176_955_bp_-1_0_4	ABD33854.1	45.45	11	6	0	16	26	44	54	1.5	17.0
Seq9176_955_bp_-1_0_4	AAA25966.1	55.56	11	4	2	13	21	308	318	3.7	19.1
Seq9176_955_bp_-1_0_4	CAA11507.1	27.59	29	21	0	21	49	1196	1224	4.8	19.7
Seq9176_955_bp_-1_0_4	AAX84812.1	38.46	13	8	0	36	48	138	150	5.3	17.0
Seq9176_955_bp_-1_0_4	AAC17860.1	66.67	9	3	0	23	31	359	367	6.4	17.5
Seq9176_955_bp_-1_0_4	AAA32624.1	42.86	7	4	0	1	7	115	121	8	17.5
Seq9176_955_bp_-1_0_4	CAA73529.1	26.67	15	11	0	35	49	259	273	8.8	16.4
Seq9176_955_bp_-1_0_4	BAA32018.1	50.00	6	3	0	23	28	418	423	9.5	17.5
Seq9176_955_bp_-1_0_5	AAB64315.2	35.71	14	9	0	10	23	19	32	0.025	24.6
Seq9176_955_bp_-1_0_5	ABD49687.1	29.17	25	17	1	8	31	1520	1544	0.059	25.7
Seq9176_955_bp_-1_0_5	AAR37016.1	46.15	13	7	0	14	26	1548	1560	0.4	23.4
Seq9176_955_bp_-1_0_5	AAA23282.1	71.43	7	2	0	11	17	401	407	0.72	20.5
Seq9176_955_bp_-1_0_5	AAA42531.1	44.44	9	5	0	24	32	132	140	0.73	19.9
Seq9176_955_bp_-1_0_5	AAA24142.1	55.56	9	4	0	8	16	97	105	1.9	18.8
Seq9176_955_bp_-1_0_5	BAA32956.1	42.86	7	4	0	25	31	160	166	2.9	17.0
Seq9176_955_bp_-1_0_5	ABD33854.1	50.00	6	3	0	19	24	43	48	2.9	15.3
Seq9176_955_bp_-1_0_5	AIR13712.1	40.00	10	6	0	5	14	42	51	3	17.6
Seq9176_955_bp_-1_0_5	AEE27845.1	23.53	17	13	0	7	23	1011	1027	3.8	19.3
Seq9176_955_bp_-1_0_5	BAA32991.1	75.00	4	1	0	7	10	20	23	4.6	14.7
Seq9176_955_bp_-1_0_5	AAA24969.1	30.77	13	9	0	14	26	782	794	6.1	18.8
Seq9176_955_bp_-1_0_5	ABK71357.1	25.00	12	9	0	6	17	278	289	7.4	16.4
Seq9176_955_bp_-1_0_5	ACT10338.1	71.43	7	2	0	12	18	140	146	7.7	16.4
Seq9176_955_bp_-1_0_5	AAB26998.1	45.45	11	6	0	1	11	18	28	7.7	14.1
Seq9176_955_bp_-1_0_5	AAC78721.1	57.14	7	3	0	5	11	244	250	8.8	17.0
Seq9176_955_bp_-1_0_5	AAA25966.1	45.45	13	6	2	20	32	485	495	9.4	17.0
Seq9176_955_bp_-1_0_5	AAR31603.1	33.33	9	6	0	9	17	65	73	9.5	15.9
Seq9176_955_bp_-1_0_6	AAA32376.1	50.00	12	6	0	36	47	71	82	1.4	18.7
Seq9176_955_bp_-1_0_6	BAB79260.1	21.43	14	11	0	29	42	360	373	3.5	18.7
Seq9176_955_bp_-1_0_6	ABS38337.1	33.33	24	16	0	32	55	1249	1272	5	19.7
Seq9176_955_bp_-1_0_6	AAA42531.1	31.25	16	11	0	44	59	313	328	6	17.7
Seq9176_955_bp_-1_0_6	BAA32991.1	60.00	5	2	0	2	6	30	34	6	15.2
Seq9176_955_bp_-1_0_6	AII71783.1	75.00	4	1	0	5	8	154	157	6.6	17.2
Seq9176_955_bp_-1_0_6	AAC78721.1	17.65	17	14	0	40	56	270	286	7.2	18.2
Seq9176_955_bp_-1_0_6	AAA23282.1	18.75	32	26	0	25	56	313	344	8.5	17.7
Seq9176_955_bp_-1_0_6	AAC17860.1	16.67	18	15	0	15	32	397	414	8.7	17.2
Seq9176_955_bp_-1_0_6	AAR37016.1	53.33	15	7	0	44	58	229	243	8.8	19.7
Seq9176_955_bp_-1_0_7	ABS38337.1	44.44	9	5	0	2	10	680	688	0.37	20.9
Seq9176_955_bp_-1_0_7	BAE97662.1	62.50	8	3	0	3	10	384	391	1.3	19.0
Seq9176_955_bp_-1_0_7	AII71783.1	80.00	5	1	0	5	9	16	20	1.4	17.0
Seq9176_955_bp_-1_0_7	AAB03707.1	50.00	10	5	0	1	10	894	903	2.4	18.3
Seq9176_955_bp_-1_0_7	ABD49687.1	57.14	7	3	0	4	10	1049	1055	3	18.3
Seq9176_955_bp_-1_0_7	BAB79260.1	50.00	8	4	0	1	8	159	166	3.1	16.3
Seq9176_955_bp_-1_0_7	ABK71357.1	50.00	6	3	0	1	6	98	103	6.2	15.0
Seq9176_955_bp_-1_0_7	CAA74140.1	40.00	10	6	0	1	10	564	573	6.3	16.3
Seq9176_955_bp_-1_0_7	BAB70780.1	33.33	9	6	0	2	10	260	268	8	15.0
Seq9176_955_bp_-1_0_8	AAB26998.1	44.44	9	5	0	41	49	55	63	0.67	18.3
Seq9176_955_bp_-1_0_8	AAA36565.1	27.27	11	8	0	39	49	124	134	0.98	18.9
Seq9176_955_bp_-1_0_8	AAA42531.1	25.00	33	24	1	9	41	121	152	1.1	19.9
Seq9176_955_bp_-1_0_8	AAB64315.2	20.00	25	20	0	20	44	69	93	1.9	18.9
Seq9176_955_bp_-1_0_8	CAA45199.1	30.77	13	9	0	29	41	214	226	2.7	18.9
Seq9176_955_bp_-1_0_8	AAR31603.1	57.14	7	3	0	28	34	81	87	2.8	18.3
Seq9176_955_bp_-1_0_8	CAA26230.1	21.43	14	11	0	17	30	507	520	3.2	18.9
Seq9176_955_bp_-1_0_8	AAC08817.1	100.00	3	0	0	29	31	5	7	4.1	16.7
Seq9176_955_bp_-1_0_8	AAA25966.1	45.45	12	6	1	28	38	310	321	4.1	18.9
Seq9176_955_bp_-1_0_8	BAA32018.1	40.00	10	6	0	7	16	46	55	5.2	18.3
Seq9176_955_bp_-1_0_8	AII71783.1	50.00	6	3	0	41	46	149	154	5.3	17.3
Seq9176_955_bp_-1_0_8	AAA72732.1	25.00	43	30	3	1	43	154	193	5.4	17.3
Seq9176_955_bp_-1_0_8	AAX84812.1	100.00	3	0	0	12	14	191	193	5.7	16.7
Seq9176_955_bp_-1_0_8	BAB79260.1	28.57	7	5	0	14	20	359	365	7.6	17.3
Seq9176_955_bp_-1_0_8	AAA24969.1	45.45	11	6	0	40	50	1339	1349	8.4	18.9
Seq9176_955_bp_-1_0_8	ABK71357.1	66.67	6	2	0	18	23	321	326	8.9	16.7
Seq9176_955_bp_-1_0_8	AAF01122.1	100.00	3	0	0	29	31	292	294	9	16.7
Seq9176_955_bp_-1_0_8	CAA04196.1	36.36	11	7	0	39	49	228	238	10	16.7
Seq9176_955_bp_-1_1_0	AEE27845.1	24.56	59	43	2	111	169	128	184	1.2	24.0
Seq9176_955_bp_-1_1_0	BAE97662.1	45.45	11	6	0	55	65	564	574	1.3	23.5
Seq9176_955_bp_-1_1_0	AAR31603.1	60.00	10	4	0	230	239	75	84	2	21.1
Seq9176_955_bp_-1_1_0	EDO47375.1	60.00	10	4	0	230	239	122	131	2.3	20.1
Seq9176_955_bp_-1_1_0	ABK71357.1	41.18	17	10	0	110	126	65	81	3.2	20.6
Seq9176_955_bp_-1_1_0	AAX84812.1	41.67	12	7	0	237	248	192	203	5.3	19.2
Seq9176_955_bp_-1_1_0	AAA36565.1	29.63	28	19	1	185	211	30	57	5.4	18.7
Seq9176_955_bp_-1_1_0	CAA73529.1	36.84	19	12	0	54	72	47	65	6.3	19.2
Seq9176_955_bp_-1_1_0	CAA11507.1	47.83	24	12	1	64	87	1049	1071	8	21.1
Seq9176_955_bp_-1_1_0	AAA25966.1	50.00	12	6	0	82	93	223	234	8.3	20.1
Seq9176_955_bp_-1_1_0	ABL74574.1	55.56	9	4	0	151	159	77	85	9	18.7
Seq9176_955_bp_-1_1_0	AAC17860.1	28.57	35	25	0	144	178	2	36	9.1	19.2
Seq9176_955_bp_-1_1_1	AAA24142.1	40.00	15	9	0	2	16	33	47	0.26	21.9
Seq9176_955_bp_-1_1_1	AAB64315.2	29.17	24	17	0	12	35	280	303	0.55	20.3
Seq9176_955_bp_-1_1_1	AAB26998.1	57.14	7	3	0	6	12	53	59	1.1	17.3
Seq9176_955_bp_-1_1_1	BAB70780.1	39.13	24	14	1	2	24	106	129	1.2	19.8
Seq9176_955_bp_-1_1_1	BAA32956.1	38.46	13	8	0	2	14	118	130	1.4	18.3
Seq9176_955_bp_-1_1_1	ABD49687.1	42.86	14	8	0	14	27	58	71	4	19.8
Seq9176_955_bp_-1_1_1	ABD33854.1	38.46	13	8	0	4	16	1	13	6.9	14.2
Seq9176_955_bp_-1_1_1	EDO47375.1	18.18	11	9	0	29	39	93	103	7.1	15.8
Seq9176_955_bp_-1_1_1	AAC17860.1	50.00	12	6	0	3	14	319	330	7.6	16.8
Seq9176_955_bp_-1_1_2	AII71783.1	45.45	11	6	0	3	13	173	183	0.39	19.4
Seq9176_955_bp_-1_1_2	AAA72732.1	57.14	7	3	0	5	11	5	11	1.4	17.6
Seq9176_955_bp_-1_1_2	BAE97662.1	33.33	15	10	0	1	15	627	641	1.4	19.4
Seq9176_955_bp_-1_1_2	BAB70780.1	28.57	14	10	0	2	15	345	358	2.1	17.6
Seq9176_955_bp_-1_1_2	AAR31603.1	50.00	6	3	0	1	6	306	311	2.1	17.0
Seq9176_955_bp_-1_1_2	ACH70904.1	50.00	10	5	0	2	11	261	270	2.3	17.0
Seq9176_955_bp_-1_1_2	AAB64315.2	28.57	14	10	0	2	15	227	240	3.2	16.4
Seq9176_955_bp_-1_1_2	BAA32991.1	50.00	6	3	0	7	12	38	43	3.4	14.0
Seq9176_955_bp_-1_1_2	BAA32956.1	53.85	14	6	1	3	15	163	176	4.6	15.2
Seq9176_955_bp_-1_1_2	ABN10845.1	54.55	11	5	0	2	12	12	22	4.7	15.2
Seq9176_955_bp_-1_1_2	AAA36565.1	50.00	6	3	0	9	14	44	49	5.4	14.6
Seq9176_955_bp_-1_1_2	AAI27517.1	66.67	6	2	0	7	12	206	211	5.6	16.4
Seq9176_955_bp_-1_1_2	CAA26230.1	50.00	6	3	0	5	10	504	509	7.8	15.8
Seq9176_955_bp_-1_1_2	AAQ92751.2	44.44	9	5	0	5	13	459	467	8.4	17.0
Seq9176_955_bp_-1_1_2	AEE27845.1	42.86	14	8	0	1	14	206	219	8.5	17.0
Seq9176_955_bp_-1_1_2	AAA24142.1	30.00	10	7	0	2	11	159	168	9.3	15.2
Seq9176_955_bp_-1_1_2	BAB79260.1	66.67	6	2	0	4	9	101	106	9.4	15.2
Seq9176_955_bp_-1_1_2	AAR37016.1	42.86	7	4	0	2	8	1752	1758	9.4	17.6
Seq9176_955_bp_-1_1_2	AAA25966.1	100.00	4	0	0	1	4	369	372	9.9	15.8
Seq9176_955_bp_-1_2_0	AAB96524.1	56.25	17	7	1	9	24	49	65	0.16	20.7
Seq9176_955_bp_-1_2_0	CAA11507.1	45.45	11	6	0	6	16	29	39	0.79	21.2
Seq9176_955_bp_-1_2_0	ABK71357.1	100.00	4	0	0	21	24	143	146	1	19.0
Seq9176_955_bp_-1_2_0	AAR31603.1	58.33	13	5	1	13	25	12	23	1.3	18.4
Seq9176_955_bp_-1_2_0	AAF01122.1	50.00	19	8	3	8	23	268	286	1.5	18.4
Seq9176_955_bp_-1_2_0	AAC97205.1	37.50	17	10	1	3	19	712	727	1.5	20.1
Seq9176_955_bp_-1_2_0	AAI27517.1	33.33	26	16	2	2	25	396	421	1.6	19.0
Seq9176_955_bp_-1_2_0	AAA32624.1	22.22	9	7	0	17	25	115	123	2.1	18.4
Seq9176_955_bp_-1_2_0	AAB26998.1	50.00	6	3	0	9	14	74	79	2.2	15.6
Seq9176_955_bp_-1_2_0	AEE27845.1	33.33	9	6	0	13	21	758	766	2.5	19.6
Seq9176_955_bp_-1_2_0	AAA26915.1	35.71	14	9	0	6	19	48	61	2.7	17.9
Seq9176_955_bp_-1_2_0	AAA45888.1	60.00	5	2	0	18	22	44	48	3.3	17.3
Seq9176_955_bp_-1_2_0	BAB79260.1	50.00	6	3	0	16	21	405	410	3.8	17.3
Seq9176_955_bp_-1_2_0	AAB64315.2	40.00	10	6	0	4	13	19	28	4.1	16.8
Seq9176_955_bp_-1_2_0	BAA32018.1	44.44	9	5	0	13	21	14	22	5.2	17.3
Seq9176_955_bp_-1_2_0	ABL74574.1	50.00	6	3	0	4	9	116	121	5.2	16.2
Seq9176_955_bp_-1_2_0	ABD33854.1	66.67	3	1	0	4	6	47	49	5.4	14.0
Seq9176_955_bp_-1_2_0	CAD53387.1	66.67	6	2	0	6	11	45	50	6.1	16.8
Seq9176_955_bp_-1_2_0	CAA73529.1	26.32	19	14	0	2	20	144	162	7.2	15.6
Seq9176_955_bp_-1_2_0	AAA32376.1	50.00	4	2	0	21	24	22	25	9.6	14.5
Seq9176_955_bp_-1_2_0	AAA42531.1	100.00	4	0	0	8	11	17	20	9.9	15.6
Seq9176_955_bp_-1_2_1	AAC78721.1	45.45	11	6	0	1	11	346	356	1.5	18.1
Seq9176_955_bp_-1_2_1	ABD33854.1	57.14	7	3	0	3	9	50	56	2.4	14.0
Seq9176_955_bp_-1_2_1	AAA36565.1	66.67	6	2	0	4	9	61	66	2.4	15.4
Seq9176_955_bp_-1_2_1	AII71783.1	37.50	8	5	0	3	10	206	213	2.7	16.1
Seq9176_955_bp_-1_2_1	ABG75784.1	80.00	5	1	0	5	9	207	211	7	14.7
Seq9176_955_bp_-1_2_1	AAA32624.1	37.50	8	5	0	2	9	40	47	7.2	15.4
Seq9176_955_bp_-1_2_1	AAA24969.1	75.00	8	2	0	3	10	1157	1164	8.1	16.8
Seq9176_955_bp_-1_2_1	BAE97662.1	27.27	11	8	0	1	11	125	135	9.5	16.1
Seq9176_955_bp_-1_2_1	AAA32376.1	37.50	8	5	0	3	10	166	173	9.7	13.3
Seq9176_955_bp_-1_2_2	AAA18786.1	27.27	22	16	0	30	51	33	54	0.44	21.1
Seq9176_955_bp_-1_2_2	AAA32624.1	50.00	12	6	0	3	14	380	391	1.7	20.0
Seq9176_955_bp_-1_2_2	ABK71357.1	46.15	13	7	0	44	56	123	135	1.8	19.5
Seq9176_955_bp_-1_2_2	AAA25966.1	33.33	21	14	0	41	61	681	701	2.4	20.0
Seq9176_955_bp_-1_2_2	CAA26230.1	18.52	27	22	0	2	28	238	264	2.6	19.5
Seq9176_955_bp_-1_2_2	AAF01122.1	41.67	12	7	0	27	38	116	127	3.6	18.5
Seq9176_955_bp_-1_2_2	BAA32956.1	28.57	21	15	0	13	33	37	57	4.1	17.4
Seq9176_955_bp_-1_2_2	BAB79260.1	35.00	20	13	0	3	22	366	385	4.3	18.5
Seq9176_955_bp_-1_2_2	CAD53387.1	53.33	15	7	0	23	37	480	494	4.8	18.5
Seq9176_955_bp_-1_2_2	AAB64315.2	33.33	18	12	0	6	23	102	119	6.3	17.4
Seq9176_955_bp_-1_2_2	AAR31603.1	42.86	7	4	0	40	46	149	155	6.3	17.4
Seq9176_955_bp_-1_2_2	AAA26915.1	40.00	10	6	0	36	45	132	141	8.8	17.4
Seq9176_955_bp_-1_2_3	BAB17681.1	33.33	12	8	0	6	17	211	222	0.67	19.1
Seq9176_955_bp_-1_2_3	AAB03707.1	46.15	13	7	0	9	21	245	257	0.77	21.3
Seq9176_955_bp_-1_2_3	AEE27845.1	38.10	22	13	1	1	21	887	908	2.3	19.7
Seq9176_955_bp_-1_2_3	AAB64315.2	57.14	7	3	0	7	13	222	228	3.5	17.0
Seq9176_955_bp_-1_2_3	BAA32991.1	42.86	7	4	0	1	7	44	50	4.6	14.3
Seq9176_955_bp_-1_2_3	AAA42531.1	45.45	11	6	0	3	13	163	173	5.8	16.5
Seq9176_955_bp_-1_2_3	ABD33854.1	50.00	4	2	0	21	24	44	47	6.1	13.8
Seq9176_955_bp_-1_2_3	AAA24142.1	50.00	6	3	0	16	21	442	447	6.7	16.5
Seq9176_955_bp_-1_2_3	ACH70904.1	62.50	8	3	0	4	11	155	162	7.7	15.9
Seq9176_955_bp_-1_2_3	ABD49687.1	37.50	8	5	0	17	24	261	268	8.3	18.1
Seq9176_955_bp_-1_2_3	AAC17860.1	66.67	6	2	0	6	11	371	376	8.7	15.9
Seq9176_955_bp_-1_2_4	CAA04196.1	21.43	14	11	0	25	38	357	370	0.77	21.1
Seq9176_955_bp_-1_2_4	AEE27845.1	36.36	11	7	0	40	50	1131	1141	2.5	21.1
Seq9176_955_bp_-1_2_4	CAA43372.1	37.50	16	10	0	55	70	361	376	4.2	18.6
Seq9176_955_bp_-1_2_4	CAA45199.1	35.71	14	9	0	55	68	152	165	4.8	18.6
Seq9176_955_bp_-1_2_4	AAH69556.1	41.67	12	7	0	2	13	172	183	8.6	17.0
Seq9176_955_bp_-1_2_4	ABN10845.1	38.10	21	13	0	10	30	107	127	8.7	16.5
Seq9176_955_bp_-1_2_4	AAA24142.1	29.41	17	12	0	21	37	34	50	8.9	17.6
Seq9176_955_bp_-1_2_5	CAA26230.1	33.33	15	10	0	13	27	5	19	0.21	22.2
Seq9176_955_bp_-1_2_5	ABN10845.1	57.14	7	3	0	15	21	54	60	2.8	17.0
Seq9176_955_bp_-1_2_5	CAA74140.1	25.00	20	15	0	1	20	888	907	2.9	19.1
Seq9176_955_bp_-1_2_5	AAA25966.1	33.33	15	10	0	15	29	105	119	3.2	18.6
Seq9176_955_bp_-1_2_5	AAA45888.1	100.00	3	0	0	24	26	183	185	4.9	17.0
Seq9176_955_bp_-1_2_5	BAA32956.1	83.33	6	1	0	9	14	78	83	5.4	16.0
Seq9176_955_bp_-1_2_5	AAC08817.1	37.50	8	5	0	19	26	101	108	6	15.5
Seq9176_955_bp_-1_2_5	AAA24969.1	33.33	12	8	0	20	31	622	633	6.6	18.6
Seq9176_955_bp_-1_2_5	AAB96524.1	100.00	3	0	0	23	25	133	135	6.8	15.5
Seq9176_955_bp_-1_2_5	AAA24142.1	37.50	8	5	0	2	9	201	208	8	16.5
Seq9176_955_bp_-1_2_5	AAB64315.2	42.86	7	4	0	21	27	171	177	8.3	16.0
Seq9176_955_bp_-1_2_6	BAB79260.1	35.29	17	11	0	4	20	409	425	0.16	21.7
Seq9176_955_bp_-1_2_6	ABD33854.1	66.67	6	2	0	12	17	39	44	0.27	18.2
Seq9176_955_bp_-1_2_6	CAA26230.1	75.00	4	1	0	17	20	7	10	1.5	18.8
Seq9176_955_bp_-1_2_6	ABG75784.1	66.67	6	2	0	9	14	195	200	1.9	17.6
Seq9176_955_bp_-1_2_6	AAA32624.1	46.15	14	7	1	3	15	475	488	2.1	18.2
Seq9176_955_bp_-1_2_6	ABD49687.1	50.00	6	3	0	13	18	1360	1365	3.1	19.4
Seq9176_955_bp_-1_2_6	AAA23282.1	50.00	6	3	0	8	13	288	293	3.5	17.6
Seq9176_955_bp_-1_2_6	BAA32956.1	50.00	8	4	0	11	18	148	155	4.3	15.8
Seq9176_955_bp_-1_2_6	CAA11507.1	50.00	6	3	0	8	13	272	277	5.4	18.2
Seq9176_955_bp_-1_2_6	AEE27845.1	44.44	9	5	0	1	9	1016	1024	5.6	18.2
Seq9176_955_bp_-1_2_6	ABS38337.1	33.33	6	4	0	8	13	1013	1018	7.5	17.6
Seq9176_955_bp_-1_2_6	AAA24142.1	60.00	5	2	0	1	5	88	92	8.9	15.8
Seq9176_955_bp_-1_2_6	AAR37016.1	54.55	11	5	0	11	21	1778	1788	9.1	18.2
Seq9176_955_bp_-1_2_6	AAA72732.1	66.67	6	2	0	12	17	196	201	9.3	15.3
Seq9176_955_bp_-1_2_7	ABK71357.1	31.25	16	11	0	2	17	86	101	0.019	25.2
Seq9176_955_bp_-1_2_7	AAC78721.1	41.67	24	14	0	4	27	57	80	0.081	24.0
Seq9176_955_bp_-1_2_7	AAA42531.1	42.86	15	8	1	16	30	144	157	0.17	22.2
Seq9176_955_bp_-1_2_7	AAC97205.1	34.62	27	17	1	7	33	768	793	0.8	21.6
Seq9176_955_bp_-1_2_7	CAA73529.1	50.00	6	3	0	28	33	258	263	0.96	19.1
Seq9176_955_bp_-1_2_7	AII71783.1	46.15	14	7	1	2	15	208	220	1.1	19.1
Seq9176_955_bp_-1_2_7	ABD49687.1	50.00	8	4	0	18	25	1421	1428	1.1	21.6
Seq9176_955_bp_-1_2_7	BAA32018.1	33.33	15	10	0	1	15	439	453	1.4	19.7
Seq9176_955_bp_-1_2_7	ABG75784.1	36.36	11	7	0	24	34	118	128	1.7	18.5
Seq9176_955_bp_-1_2_7	AAB03707.1	36.36	22	14	0	4	25	1358	1379	2.1	20.3
Seq9176_955_bp_-1_2_7	AAR37016.1	45.00	20	11	0	16	35	1665	1684	2.3	20.9
Seq9176_955_bp_-1_2_7	EDO47375.1	40.00	10	6	0	16	25	115	124	3.5	16.7
Seq9176_955_bp_-1_2_7	BAA32991.1	36.36	11	7	0	11	21	8	18	4.5	14.8
Seq9176_955_bp_-1_2_7	AEE27845.1	42.86	7	4	0	16	22	388	394	4.7	19.1
Seq9176_955_bp_-1_2_7	CAA74140.1	43.75	16	9	0	2	17	313	328	4.8	18.5
Seq9176_955_bp_-1_2_7	CAA04196.1	47.37	21	10	2	5	25	278	296	5	17.3
Seq9176_955_bp_-1_2_7	AAX84812.1	66.67	6	2	0	9	14	28	33	6.4	16.1
Seq9176_955_bp_-1_2_7	AAQ92751.2	38.46	13	8	0	4	16	1106	1118	7	18.5
Seq9176_955_bp_-1_2_7	CAA43372.1	44.44	9	5	0	6	14	381	389	7.4	16.7
Seq9176_955_bp_-1_2_7	CAA45199.1	30.00	10	7	0	18	27	243	252	8.4	16.7
Seq9176_955_bp_-1_2_7	CAD53387.1	42.86	7	4	0	10	16	484	490	8.9	16.7
