Seq135_96_bp_1_0_0	ENA|AAB96524|AAB96524.1	66.67	6	2	0	10	15	59	64	0.97	17.5
Seq135_96_bp_1_0_0	ENA|ABN10845|ABN10845.1	33.33	12	8	0	2	13	98	109	1.7	16.9
Seq135_96_bp_1_0_0	ENA|AAC08817|AAC08817.1	100.00	4	0	0	14	17	79	82	1.9	16.3
Seq135_96_bp_1_0_0	ENA|CAA26023|CAA26023.1	62.50	8	3	0	6	13	40	47	2	17.5
Seq135_96_bp_1_0_0	ENA|AAA25966|AAA25966.1	71.43	7	2	0	7	13	240	246	2.4	18.1
Seq135_96_bp_1_0_0	ENA|ABD49687|ABD49687.1	80.00	5	1	0	13	17	841	845	3.7	18.7
Seq135_96_bp_1_0_0	ENA|AAR31603|AAR31603.1	60.00	5	2	0	11	15	18	22	3.9	16.3
Seq135_96_bp_1_0_0	ENA|EDO47375|EDO47375.1	66.67	6	2	0	4	9	35	40	5.3	15.0
Seq135_96_bp_1_0_0	ENA|ABD33854|ABD33854.1	28.57	7	5	0	1	7	1	7	6.4	13.2
Seq135_96_bp_1_0_0	ENA|CAA26939|CAA26939.1	50.00	8	4	0	6	13	438	445	6.7	16.3
Seq135_96_bp_1_0_0	ENA|AAI27517|AAI27517.1	75.00	4	1	0	12	15	255	258	6.9	16.3
Seq135_96_bp_1_0_0	ENA|CAL82360|CAL82360.1	50.00	8	4	0	10	17	943	950	9.5	16.9
Seq135_96_bp_1_0_1	ENA|ABD33854|ABD33854.1	50.00	8	4	0	1	8	4	11	0.31	17.3
Seq135_96_bp_1_0_1	ENA|AAC78721|AAC78721.1	44.44	9	5	0	2	10	188	196	1.3	18.7
Seq135_96_bp_1_0_1	ENA|CAL82360|CAL82360.1	50.00	8	4	0	2	9	581	588	3.8	18.0
Seq135_96_bp_1_0_1	ENA|BAA32018|BAA32018.1	41.67	12	7	0	3	14	89	100	4.7	16.6
Seq135_96_bp_1_0_1	ENA|AAC17860|AAC17860.1	83.33	6	1	0	8	13	109	114	5	16.0
Seq135_96_bp_1_0_1	ENA|CAB75732|CAB75732.1	62.50	8	3	0	5	12	446	453	5.4	17.3
Seq135_96_bp_1_0_1	ENA|BAA36759|BAA36759.1	80.00	5	1	0	10	14	110	114	8.7	14.6
Seq135_96_bp_1_0_1	ENA|AAA72732|AAA72732.1	50.00	6	3	0	2	7	7	12	9.4	14.6
Seq135_96_bp_1_1_0	ENA|AAA24145|AAA24145.1	78.57	14	3	0	2	15	247	260	4.3e-07	40.5
Seq135_96_bp_1_1_0	ENA|AAI27517|AAI27517.1	60.00	10	4	0	1	10	463	472	0.82	20.0
Seq135_96_bp_1_1_0	ENA|CAL82360|CAL82360.1	42.86	14	8	0	8	21	538	551	1.8	20.0
Seq135_96_bp_1_1_0	ENA|AAQ92751|AAQ92751.2	71.43	7	2	0	6	12	927	933	1.9	20.0
Seq135_96_bp_1_1_0	ENA|AAS77176|AAS77176.1	54.55	11	5	0	15	25	239	249	1.9	17.7
Seq135_96_bp_1_1_0	ENA|AAB96524|AAB96524.1	33.33	9	6	0	14	22	85	93	4	16.0
Seq135_96_bp_1_1_0	ENA|BAA32991|BAA32991.1	37.50	8	5	0	12	19	1	8	4.8	14.3
Seq135_96_bp_1_1_0	ENA|CAA24711|CAA24711.1	50.00	10	5	0	6	15	15	24	5.4	15.4
Seq135_96_bp_1_1_0	ENA|AAB66912|AAB66912.1	62.50	8	3	0	18	25	356	363	6	17.7
Seq135_96_bp_1_1_0	ENA|CAA36214|CAA36214.1	57.14	7	3	0	1	7	156	162	6.4	16.0
Seq135_96_bp_1_1_0	ENA|AAA32624|AAA32624.1	38.46	13	8	0	12	24	11	23	7.4	16.5
Seq135_96_bp_1_1_0	ENA|ABD49687|ABD49687.1	30.00	20	14	0	3	22	377	396	7.4	18.3
Seq135_96_bp_1_2_0	ENA|AAA24145|AAA24145.1	58.06	33	13	2	1	31	243	275	3.5e-07	41.1
Seq135_96_bp_1_2_0	ENA|AAR37016|AAR37016.1	43.75	16	9	0	15	30	934	949	1.3	21.6
Seq135_96_bp_1_2_0	ENA|CAA36214|CAA36214.1	29.41	17	12	0	11	27	85	101	2.1	17.9
Seq135_96_bp_1_2_0	ENA|ACH70901|ACH70901.1	28.57	21	15	0	5	25	270	290	7.2	16.3
Seq135_96_bp_-1_0_0	ENA|AAC08817|AAC08817.1	66.67	14	4	2	10	21	107	120	0.19	20.0
Seq135_96_bp_-1_0_0	ENA|AAI27517|AAI27517.1	50.00	8	4	0	12	19	303	310	0.72	20.0
Seq135_96_bp_-1_0_0	ENA|AAB03707|AAB03707.1	100.00	5	0	0	16	20	1347	1351	1.7	20.0
Seq135_96_bp_-1_0_0	ENA|AAC97205|AAC97205.1	58.33	12	5	0	7	18	1055	1066	2.2	19.4
Seq135_96_bp_-1_0_0	ENA|BAA36759|BAA36759.1	80.00	5	1	0	12	16	149	153	7.2	15.5
Seq135_96_bp_-1_1_0	ENA|BAB79260|BAB79260.1	40.00	15	9	0	9	23	435	449	0.59	20.4
Seq135_96_bp_-1_1_0	ENA|CAA26023|CAA26023.1	55.56	9	4	0	15	23	186	194	1.1	19.2
Seq135_96_bp_-1_1_0	ENA|AAB66912|AAB66912.1	36.36	22	14	0	5	26	103	124	1.2	20.4
Seq135_96_bp_-1_1_0	ENA|CAA24711|CAA24711.1	41.67	12	7	0	1	12	75	86	2.5	16.9
Seq135_96_bp_-1_1_0	ENA|AAA18786|AAA18786.1	66.67	6	2	0	14	19	249	254	2.5	17.5
Seq135_96_bp_-1_1_0	ENA|EDO47375|EDO47375.1	41.67	12	7	0	3	14	101	112	4	16.3
Seq135_96_bp_-1_1_0	ENA|AAC78721|AAC78721.1	50.00	10	5	0	22	31	9	18	4.2	18.1
Seq135_96_bp_-1_1_0	ENA|CAA28033|CAA28033.1	50.00	10	5	0	22	31	557	566	7.9	18.1
Seq135_96_bp_-1_1_0	ENA|CAA36214|CAA36214.1	50.00	8	4	0	7	14	134	141	9.1	15.7
Seq135_96_bp_-1_1_0	ENA|AAR31603|AAR31603.1	45.45	11	6	0	16	26	52	62	9.7	15.7
Seq135_96_bp_-1_2_0	ENA|AAC49865|AAC49865.1	66.67	9	3	0	5	13	316	324	0.57	19.3
Seq135_96_bp_-1_2_0	ENA|BAA36759|BAA36759.1	46.15	13	7	0	3	15	29	41	2.4	17.0
Seq135_96_bp_-1_2_0	ENA|AAF79734|AAF79734.1	41.18	17	10	0	2	18	860	876	2.5	19.3
Seq135_96_bp_-1_2_0	ENA|ACH70901|ACH70901.1	33.33	12	8	0	3	14	84	95	4.4	16.4
Seq135_96_bp_-1_2_0	ENA|AAC97205|AAC97205.1	66.67	6	2	0	9	14	52	57	4.6	18.1
Seq135_96_bp_-1_2_0	ENA|CAA26939|CAA26939.1	41.67	12	7	0	4	15	342	353	4.7	17.0
Seq135_96_bp_-1_2_0	ENA|CAA73529|CAA73529.1	37.50	8	5	0	11	18	255	262	5	15.8
Seq135_96_bp_-1_2_0	ENA|AAB26998|AAB26998.1	50.00	6	3	0	10	15	31	36	6.9	13.5
Seq135_96_bp_-1_2_0	ENA|BAA32991|BAA32991.1	50.00	8	4	0	7	14	62	69	8.8	12.9
Seq135_96_bp_-1_2_0	ENA|CAA29956|CAA29956.1	41.67	12	7	0	5	16	236	247	9.7	15.2
Seq135_96_bp_-1_2_0	ENA|AAA42531|AAA42531.1	50.00	8	4	0	2	9	132	139	10	15.2
