Seq10032_323_bp_1_0_0	ENA|CAA26939|CAA26939.1	50.00	8	4	0	3	10	235	242	0.066	22.5
Seq10032_323_bp_1_0_0	ENA|AAC08817|AAC08817.1	66.67	6	2	0	1	6	109	114	0.13	19.7
Seq10032_323_bp_1_0_0	ENA|AAC08817|AAC08817.1	75.00	4	1	0	2	5	121	124	0.28	18.5
Seq10032_323_bp_1_0_0	ENA|AAI27517|AAI27517.1	66.67	6	2	0	2	7	501	506	0.15	21.4
Seq10032_323_bp_1_0_0	ENA|ABD49687|ABD49687.1	63.64	12	4	1	2	12	382	393	0.2	22.5
Seq10032_323_bp_1_0_0	ENA|AAC97205|AAC97205.1	50.00	11	5	1	2	11	496	506	0.31	21.4
Seq10032_323_bp_1_0_0	ENA|CAD53387|CAD53387.1	66.67	6	2	0	1	6	12	17	0.41	19.7
Seq10032_323_bp_1_0_0	ENA|CAD53387|CAD53387.1	66.67	6	2	0	1	6	78	83	0.41	19.7
Seq10032_323_bp_1_0_0	ENA|CAD53387|CAD53387.1	66.67	6	2	0	1	6	144	149	0.41	19.7
Seq10032_323_bp_1_0_0	ENA|CAD53387|CAD53387.1	66.67	6	2	0	1	6	210	215	0.41	19.7
Seq10032_323_bp_1_0_0	ENA|CAD53387|CAD53387.1	66.67	6	2	0	1	6	276	281	0.41	19.7
Seq10032_323_bp_1_0_0	ENA|CAD53387|CAD53387.1	66.67	6	2	0	1	6	342	347	0.41	19.7
Seq10032_323_bp_1_0_0	ENA|CAD53387|CAD53387.1	66.67	6	2	0	1	6	408	413	0.41	19.7
Seq10032_323_bp_1_0_0	ENA|AAQ92751|AAQ92751.2	55.56	9	4	0	4	12	241	249	0.52	20.8
Seq10032_323_bp_1_0_0	ENA|AAQ92751|AAQ92751.2	40.00	10	6	0	1	10	712	721	0.76	20.2
Seq10032_323_bp_1_0_0	ENA|BAA32956|BAA32956.1	75.00	4	1	0	1	4	162	165	0.56	18.0
Seq10032_323_bp_1_0_0	ENA|AAC26660|AAC26660.1	100.00	3	0	0	3	5	27	29	1	17.4
Seq10032_323_bp_1_0_0	ENA|CAA26023|CAA26023.1	75.00	4	1	0	2	5	9	12	1	18.0
Seq10032_323_bp_1_0_0	ENA|AAA18786|AAA18786.1	75.00	4	1	0	3	6	78	81	1	17.4
Seq10032_323_bp_1_0_0	ENA|CAL82360|CAL82360.1	50.00	10	5	0	2	11	62	71	1	19.7
Seq10032_323_bp_1_0_0	ENA|BAB17681|BAB17681.1	100.00	3	0	0	3	5	267	269	1.1	17.4
Seq10032_323_bp_1_0_0	ENA|AAA72732|AAA72732.1	50.00	8	4	0	5	12	123	130	1.2	17.4
Seq10032_323_bp_1_0_0	ENA|AAR31603|AAR31603.1	57.14	7	3	0	2	8	305	311	1.3	17.4
Seq10032_323_bp_1_0_0	ENA|AAR37016|AAR37016.1	80.00	5	1	0	4	8	839	843	1.3	20.2
Seq10032_323_bp_1_0_0	ENA|AAB66912|AAB66912.1	75.00	4	1	0	3	6	916	919	1.7	18.5
Seq10032_323_bp_1_0_0	ENA|BAA05866|BAA05866.1	100.00	3	0	0	1	3	217	219	1.8	16.9
Seq10032_323_bp_1_0_0	ENA|CAA45199|CAA45199.1	75.00	4	1	0	3	6	44	47	1.8	17.4
Seq10032_323_bp_1_0_0	ENA|AAA36539|AAA36539.1	100.00	3	0	0	2	4	451	453	1.8	17.4
Seq10032_323_bp_1_0_0	ENA|AAA32624|AAA32624.1	100.00	3	0	0	3	5	40	42	2	17.4
Seq10032_323_bp_1_0_0	ENA|ACH70901|ACH70901.1	50.00	11	5	1	2	11	262	272	2.1	16.9
Seq10032_323_bp_1_0_0	ENA|CAA24711|CAA24711.1	75.00	4	1	0	3	6	60	63	2.2	15.7
Seq10032_323_bp_1_0_0	ENA|BAA32018|BAA32018.1	100.00	3	0	0	2	4	553	555	2.4	17.4
Seq10032_323_bp_1_0_0	ENA|AAC40132|AAC40132.1	33.33	9	6	0	1	9	91	99	2.7	16.9
Seq10032_323_bp_1_0_0	ENA|BAA36759|BAA36759.1	60.00	5	2	0	1	5	121	125	3.6	15.7
Seq10032_323_bp_1_0_0	ENA|AAA24145|AAA24145.1	40.00	10	6	0	2	11	208	217	3.8	16.3
Seq10032_323_bp_1_0_0	ENA|AAC49865|AAC49865.1	50.00	6	3	0	5	10	199	204	4	15.7
Seq10032_323_bp_1_0_0	ENA|AAA36114|AAA36114.1	50.00	4	2	0	5	8	39	42	4.2	16.3
Seq10032_323_bp_1_0_0	ENA|ABK71357|ABK71357.1	75.00	4	1	0	3	6	298	301	4.5	15.7
Seq10032_323_bp_1_0_0	ENA|AAS77176|AAS77176.1	75.00	4	1	0	3	6	235	238	5.2	15.2
Seq10032_323_bp_1_0_0	ENA|CAA45708|CAA45708.1	45.45	11	6	0	1	11	788	798	5.7	17.4
Seq10032_323_bp_1_0_0	ENA|CCP43727|CCP43727.1	50.00	8	4	0	4	11	219	226	5.9	15.2
Seq10032_323_bp_1_0_0	ENA|AAA25966|AAA25966.1	60.00	5	2	0	3	7	491	495	5.9	16.3
Seq10032_323_bp_1_0_0	ENA|CAA28033|CAA28033.1	60.00	5	2	0	4	8	74	78	7.1	16.9
Seq10032_323_bp_1_0_0	ENA|CAA11507|CAA11507.1	57.14	7	3	0	6	12	128	134	7.4	16.9
Seq10032_323_bp_1_0_0	ENA|AAF79734|AAF79734.1	100.00	3	0	0	1	3	721	723	7.9	16.9
Seq10032_323_bp_1_0_0	ENA|CAB75732|CAB75732.1	33.33	12	8	0	1	12	907	918	9.2	16.3
Seq10032_323_bp_1_0_0	ENA|CAA29956|CAA29956.1	42.86	7	4	0	6	12	16	22	9.6	14.6
Seq10032_323_bp_1_0_0	ENA|AAA42531|AAA42531.1	44.44	9	5	0	3	11	75	83	9.9	14.6
Seq10032_323_bp_1_0_0	ENA|ACT10338|ACT10338.1	60.00	5	2	0	3	7	203	207	9.9	14.6
Seq10032_323_bp_1_0_1	ENA|AAS77176|AAS77176.1	28.57	21	15	0	7	27	235	255	0.022	24.3
Seq10032_323_bp_1_0_1	ENA|BAA36759|BAA36759.1	38.46	13	8	0	7	19	259	271	0.031	23.8
Seq10032_323_bp_1_0_1	ENA|AAC49865|AAC49865.1	33.33	27	18	0	1	27	266	292	0.13	21.9
Seq10032_323_bp_1_0_1	ENA|ABD49687|ABD49687.1	36.84	19	12	0	9	27	1617	1635	0.36	22.9
Seq10032_323_bp_1_0_1	ENA|CAA45708|CAA45708.1	35.00	20	13	0	6	25	1120	1139	0.44	22.4
Seq10032_323_bp_1_0_1	ENA|CAA45199|CAA45199.1	22.73	22	17	0	6	27	88	109	0.51	20.5
Seq10032_323_bp_1_0_1	ENA|CAD53387|CAD53387.1	35.71	14	9	0	11	24	481	494	0.54	20.5
Seq10032_323_bp_1_0_1	ENA|AAC08817|AAC08817.1	31.58	19	13	0	6	24	110	128	0.63	18.6
Seq10032_323_bp_1_0_1	ENA|AAF79734|AAF79734.1	50.00	10	5	0	8	17	871	880	0.81	21.5
Seq10032_323_bp_1_0_1	ENA|ABN10845|ABN10845.1	42.86	22	12	1	4	25	119	139	0.87	18.6
Seq10032_323_bp_1_0_1	ENA|AAC40132|AAC40132.1	42.86	14	8	0	2	15	463	476	0.98	19.6
Seq10032_323_bp_1_0_1	ENA|ACT10338|ACT10338.1	33.33	15	10	0	9	23	83	97	1.5	18.6
Seq10032_323_bp_1_0_1	ENA|ABK71357|ABK71357.1	41.67	12	7	0	6	17	203	214	2	18.1
Seq10032_323_bp_1_0_1	ENA|BAA32956|BAA32956.1	30.77	13	9	0	9	21	159	171	2.2	17.2
Seq10032_323_bp_1_0_1	ENA|CAB75732|CAB75732.1	31.82	22	15	0	4	25	264	285	2.4	19.6
Seq10032_323_bp_1_0_1	ENA|CAA24711|CAA24711.1	30.00	10	7	0	17	26	112	121	2.5	16.7
Seq10032_323_bp_1_0_1	ENA|CAA28033|CAA28033.1	29.41	17	12	0	5	21	912	928	2.7	19.6
Seq10032_323_bp_1_0_1	ENA|ACH70901|ACH70901.1	36.36	11	7	0	14	24	3	13	2.7	17.7
Seq10032_323_bp_1_0_1	ENA|AAA18786|AAA18786.1	33.33	12	8	0	1	12	133	144	2.8	17.2
Seq10032_323_bp_1_0_1	ENA|BAA05866|BAA05866.1	53.85	16	6	3	3	16	252	266	3.2	17.2
Seq10032_323_bp_1_0_1	ENA|ABG75784|ABG75784.1	42.86	14	8	0	2	15	175	188	3.3	17.2
Seq10032_323_bp_1_0_1	ENA|AAR37016|AAR37016.1	66.67	10	3	1	6	15	150	158	4.7	19.6
Seq10032_323_bp_1_0_1	ENA|AAC26660|AAC26660.1	71.43	7	2	0	5	11	25	31	5.1	16.2
Seq10032_323_bp_1_0_1	ENA|AAC97205|AAC97205.1	42.86	15	8	1	14	27	580	594	6.5	18.1
Seq10032_323_bp_1_0_1	ENA|CAL82360|CAL82360.1	28.00	28	18	3	1	25	668	695	6.7	18.1
Seq10032_323_bp_1_0_1	ENA|AAA25966|AAA25966.1	64.29	16	5	2	7	22	395	408	7.3	17.2
Seq10032_323_bp_1_0_1	ENA|BAB79260|BAB79260.1	40.00	15	9	0	11	25	335	349	8.7	16.2
Seq10032_323_bp_1_0_1	ENA|AAR31603|AAR31603.1	53.85	15	6	2	5	17	248	262	8.7	15.8
Seq10032_323_bp_1_0_1	ENA|AAA36539|AAA36539.1	27.78	18	13	0	11	28	202	219	9.1	16.2
Seq10032_323_bp_1_0_2	ENA|AAR31603|AAR31603.1	83.33	6	1	0	2	7	303	308	0.36	19.6
Seq10032_323_bp_1_0_2	ENA|AAB26998|AAB26998.1	36.36	11	7	0	5	15	30	40	0.57	16.9
Seq10032_323_bp_1_0_2	ENA|AAI27517|AAI27517.1	71.43	7	2	0	4	10	520	526	0.64	19.6
Seq10032_323_bp_1_0_2	ENA|AAA25966|AAA25966.1	60.00	10	4	0	1	10	365	374	0.79	19.6
Seq10032_323_bp_1_0_2	ENA|BAA05866|BAA05866.1	44.44	9	5	0	1	9	215	223	4.1	15.9
Seq10032_323_bp_1_0_2	ENA|CAA29968|CAA29968.1	33.33	9	6	0	1	9	105	113	4.8	15.0
Seq10032_323_bp_1_0_2	ENA|AAC08817|AAC08817.1	100.00	4	0	0	2	5	133	136	5.3	14.6
Seq10032_323_bp_1_0_2	ENA|AAC97205|AAC97205.1	57.14	7	3	0	5	11	864	870	6.2	17.3
Seq10032_323_bp_1_0_2	ENA|ABG75784|ABG75784.1	25.00	8	6	0	8	15	136	143	7.5	15.0
Seq10032_323_bp_1_0_2	ENA|AAC49865|AAC49865.1	41.67	12	7	0	3	14	50	61	7.9	15.0
Seq10032_323_bp_1_0_2	ENA|AAB66912|AAB66912.1	50.00	8	4	0	3	10	17	24	8.6	16.4
Seq10032_323_bp_1_0_2	ENA|AAA18786|AAA18786.1	66.67	6	2	0	3	8	79	84	8.7	14.6
Seq10032_323_bp_1_0_2	ENA|CAA26023|CAA26023.1	75.00	12	2	4	4	15	235	242	9	15.0
Seq10032_323_bp_1_0_3	ENA|AAC26660|AAC26660.1	63.64	12	4	1	3	13	68	79	0.19	20.4
Seq10032_323_bp_1_0_3	ENA|AAC26660|AAC26660.1	50.00	14	6	2	1	14	227	238	0.82	18.2
Seq10032_323_bp_1_0_3	ENA|BAA32956|BAA32956.1	57.14	7	3	0	2	8	74	80	0.22	19.8
Seq10032_323_bp_1_0_3	ENA|CAA45199|CAA45199.1	33.33	15	10	0	1	15	90	104	0.34	20.4
Seq10032_323_bp_1_0_3	ENA|AAA42531|AAA42531.1	60.00	10	4	0	8	17	264	273	0.41	19.8
Seq10032_323_bp_1_0_3	ENA|AAB96524|AAB96524.1	41.67	13	7	1	2	14	84	95	0.59	18.2
Seq10032_323_bp_1_0_3	ENA|AAI27517|AAI27517.1	33.33	16	10	1	2	17	414	428	0.62	19.8
Seq10032_323_bp_1_0_3	ENA|AAI27517|AAI27517.1	44.44	9	5	0	5	13	561	569	0.62	19.8
Seq10032_323_bp_1_0_3	ENA|ACT10338|ACT10338.1	40.00	10	6	0	2	11	122	131	1.2	18.2
Seq10032_323_bp_1_0_3	ENA|BAA36759|BAA36759.1	30.77	13	9	0	2	14	18	30	1.3	17.7
Seq10032_323_bp_1_0_3	ENA|AAA36114|AAA36114.1	44.44	9	5	0	8	16	288	296	1.6	18.2
Seq10032_323_bp_1_0_3	ENA|ABK71357|ABK71357.1	33.33	15	10	0	1	15	84	98	1.7	17.7
Seq10032_323_bp_1_0_3	ENA|CAA29956|CAA29956.1	71.43	7	2	0	7	13	294	300	1.7	17.7
Seq10032_323_bp_1_0_3	ENA|ABD33854|ABD33854.1	33.33	6	4	0	9	14	5	10	1.9	15.0
Seq10032_323_bp_1_0_3	ENA|ABN10845|ABN10845.1	30.77	13	9	0	5	17	48	60	2.1	16.6
Seq10032_323_bp_1_0_3	ENA|AAC78721|AAC78721.1	31.25	17	11	1	1	16	229	245	2.1	18.2
Seq10032_323_bp_1_0_3	ENA|AAC08817|AAC08817.1	50.00	6	3	0	2	7	136	141	2.2	16.1
Seq10032_323_bp_1_0_3	ENA|AAB26998|AAB26998.1	50.00	8	4	0	6	13	1	8	2.3	15.0
Seq10032_323_bp_1_0_3	ENA|AAF79734|AAF79734.1	40.00	10	6	0	7	16	872	881	3.1	18.8
Seq10032_323_bp_1_0_3	ENA|ACH70901|ACH70901.1	50.00	10	5	0	3	12	56	65	3.4	16.6
Seq10032_323_bp_1_0_3	ENA|CAA26939|CAA26939.1	50.00	11	5	1	2	12	38	47	3.7	17.1
Seq10032_323_bp_1_0_3	ENA|CAA29968|CAA29968.1	22.22	9	7	0	1	9	95	103	3.9	15.5
Seq10032_323_bp_1_0_3	ENA|CAL82360|CAL82360.1	50.00	8	4	0	4	11	187	194	4	18.2
Seq10032_323_bp_1_0_3	ENA|AAB03707|AAB03707.1	57.14	7	3	0	11	17	394	400	4.3	18.2
Seq10032_323_bp_1_0_3	ENA|AAA25966|AAA25966.1	35.71	16	9	2	2	15	560	575	4.7	17.1
Seq10032_323_bp_1_0_3	ENA|ABD49687|ABD49687.1	37.50	8	5	0	1	8	1142	1149	5.3	18.2
Seq10032_323_bp_1_0_3	ENA|BAA32018|BAA32018.1	45.45	14	6	3	4	14	448	461	5.8	16.6
Seq10032_323_bp_1_0_3	ENA|BAA32991|BAA32991.1	50.00	4	2	0	5	8	8	11	5.9	13.4
Seq10032_323_bp_1_0_3	ENA|CAA11507|CAA11507.1	33.33	16	10	1	2	17	849	863	6	17.7
Seq10032_323_bp_1_0_3	ENA|AAA24145|AAA24145.1	26.67	17	11	2	1	15	104	120	6.2	16.1
Seq10032_323_bp_1_0_3	ENA|AAC40132|AAC40132.1	50.00	12	5	2	4	13	97	108	6.4	16.1
Seq10032_323_bp_1_0_3	ENA|AAA36539|AAA36539.1	33.33	9	6	0	2	10	313	321	6.4	16.1
Seq10032_323_bp_1_0_3	ENA|AAR37016|AAR37016.1	46.67	17	8	2	1	17	653	667	7.1	18.2
Seq10032_323_bp_1_0_3	ENA|EDO47375|EDO47375.1	36.36	11	7	0	1	11	104	114	7.6	14.5
Seq10032_323_bp_1_0_3	ENA|CAA28033|CAA28033.1	50.00	6	3	0	2	7	56	61	8.2	17.1
Seq10032_323_bp_1_0_3	ENA|AAA72732|AAA72732.1	45.45	11	6	0	4	14	151	161	8.6	15.0
Seq10032_323_bp_1_0_3	ENA|BAB79260|BAB79260.1	42.86	7	4	0	7	13	56	62	8.6	15.5
Seq10032_323_bp_1_0_3	ENA|CAA36714|CAA36714.1	60.00	5	2	0	12	16	459	463	8.8	15.5
Seq10032_323_bp_1_0_3	ENA|AAC49865|AAC49865.1	33.33	16	10	1	2	17	187	201	9	15.0
Seq10032_323_bp_1_0_3	ENA|AAR31603|AAR31603.1	60.00	5	2	0	2	6	199	203	9	15.0
Seq10032_323_bp_1_0_3	ENA|AAA32624|AAA32624.1	41.67	12	7	0	6	17	255	266	9.8	15.5
Seq10032_323_bp_1_0_3	ENA|CAA24711|CAA24711.1	23.53	17	13	0	1	17	111	127	9.8	13.9
Seq10032_323_bp_1_0_3	ENA|CAA43419|CAA43419.1	50.00	10	5	0	6	15	33	42	10	15.0
Seq10032_323_bp_1_1_0	ENA|BAA32956|BAA32956.1	33.33	21	14	0	2	22	54	74	0.12	21.5
Seq10032_323_bp_1_1_0	ENA|ABD49687|ABD49687.1	45.00	21	11	1	3	22	777	797	0.3	23.2
Seq10032_323_bp_1_1_0	ENA|BAB17681|BAB17681.1	45.45	11	6	0	16	26	10	20	0.91	18.9
Seq10032_323_bp_1_1_0	ENA|CAA26023|CAA26023.1	45.45	25	12	3	1	24	301	323	0.95	19.3
Seq10032_323_bp_1_1_0	ENA|AAC17860|AAC17860.1	29.63	30	19	3	2	28	358	387	1	19.3
Seq10032_323_bp_1_1_0	ENA|AAI27517|AAI27517.1	54.55	11	5	0	2	12	419	429	1.5	19.3
Seq10032_323_bp_1_1_0	ENA|AAB66912|AAB66912.1	42.86	14	8	0	5	18	653	666	1.7	19.8
Seq10032_323_bp_1_1_0	ENA|CAL82360|CAL82360.1	53.85	13	6	0	11	23	950	962	2.3	19.8
Seq10032_323_bp_1_1_0	ENA|AAB03707|AAB03707.1	35.71	14	9	0	6	19	133	146	2.5	19.8
Seq10032_323_bp_1_1_0	ENA|AAS77176|AAS77176.1	38.89	18	11	0	4	21	230	247	3.1	17.2
Seq10032_323_bp_1_1_0	ENA|BAA32018|BAA32018.1	38.89	19	11	1	5	23	56	73	3.7	18.1
Seq10032_323_bp_1_1_0	ENA|CAD53387|CAD53387.1	50.00	10	5	0	3	12	480	489	4	17.6
Seq10032_323_bp_1_1_0	ENA|BAA36759|BAA36759.1	31.82	23	15	1	1	22	251	273	4.1	16.8
Seq10032_323_bp_1_1_0	ENA|BAA32991|BAA32991.1	40.00	10	6	0	14	23	2	11	4.3	14.6
Seq10032_323_bp_1_1_0	ENA|CCP43727|CCP43727.1	40.00	10	6	0	13	22	280	289	4.6	16.8
Seq10032_323_bp_1_1_0	ENA|AAA42531|AAA42531.1	30.00	10	7	0	14	23	236	245	5.4	16.8
Seq10032_323_bp_1_1_0	ENA|CAA28033|CAA28033.1	42.11	21	11	2	3	23	110	128	5.6	18.5
Seq10032_323_bp_1_1_0	ENA|CAA24711|CAA24711.1	29.41	18	12	1	11	28	112	128	5.9	15.5
Seq10032_323_bp_1_1_0	ENA|AAA32624|AAA32624.1	45.45	11	6	0	2	12	226	236	7.2	16.8
Seq10032_323_bp_1_1_0	ENA|CAA26939|CAA26939.1	41.67	12	7	0	15	26	534	545	7.8	16.8
Seq10032_323_bp_1_1_0	ENA|AAC49865|AAC49865.1	35.29	18	11	1	8	24	281	298	8.1	15.9
Seq10032_323_bp_1_1_0	ENA|AAF79734|AAF79734.1	35.00	20	13	0	2	21	110	129	8.2	18.1
Seq10032_323_bp_1_1_0	ENA|AAC26660|AAC26660.1	40.00	16	9	1	2	17	29	43	8.5	15.5
Seq10032_323_bp_1_1_0	ENA|CAA45199|CAA45199.1	36.36	11	7	0	3	13	83	93	8.6	16.4
Seq10032_323_bp_1_1_0	ENA|AAR37016|AAR37016.1	80.00	5	1	0	9	13	529	533	9.7	18.5
Seq10032_323_bp_1_1_1	ENA|CAD53387|CAD53387.1	56.25	17	7	1	1	16	456	472	0.84	19.3
Seq10032_323_bp_1_1_1	ENA|ACT10338|ACT10338.1	54.55	11	5	0	2	12	89	99	3.2	17.0
Seq10032_323_bp_1_1_1	ENA|AAA42531|AAA42531.1	71.43	7	2	0	6	12	181	187	5.4	16.2
Seq10032_323_bp_1_1_1	ENA|EDO47375|EDO47375.1	30.77	13	9	0	7	19	155	167	7.6	14.6
Seq10032_323_bp_1_1_2	ENA|AAA42531|AAA42531.1	50.00	10	5	0	10	19	176	185	0.62	19.7
Seq10032_323_bp_1_1_2	ENA|CAA73529|CAA73529.1	55.56	9	4	0	10	18	185	193	1	18.5
Seq10032_323_bp_1_1_2	ENA|AAC97205|AAC97205.1	50.00	10	5	0	15	24	448	457	1.1	20.5
Seq10032_323_bp_1_1_2	ENA|AAC78721|AAC78721.1	60.00	10	4	0	10	19	267	276	4.3	17.7
Seq10032_323_bp_1_1_2	ENA|AAB96524|AAB96524.1	35.71	14	9	0	7	20	162	175	4.9	15.6
Seq10032_323_bp_1_1_2	ENA|AAS77176|AAS77176.1	26.67	15	11	0	6	20	105	119	5.7	16.0
Seq10032_323_bp_1_1_2	ENA|ACH70901|ACH70901.1	50.00	8	4	0	15	22	239	246	7	16.0
Seq10032_323_bp_1_1_2	ENA|CAA43419|CAA43419.1	45.45	11	6	0	9	19	155	165	7.2	16.0
Seq10032_323_bp_1_1_2	ENA|BAA32956|BAA32956.1	31.58	20	13	1	6	24	35	54	7.2	15.2
Seq10032_323_bp_1_1_2	ENA|BAB17681|BAB17681.1	21.05	19	15	0	1	19	50	68	9.2	15.2
Seq10032_323_bp_1_2_0	ENA|BAA32991|BAA32991.1	37.50	16	10	0	16	31	20	35	0.088	20.5
Seq10032_323_bp_1_2_0	ENA|AAR37016|AAR37016.1	32.00	27	17	2	2	26	53	79	3	20.5
Seq10032_323_bp_1_2_1	ENA|BAA32991|BAA32991.1	70.00	12	3	2	3	13	47	57	0.58	16.4
Seq10032_323_bp_1_2_1	ENA|AAA42531|AAA42531.1	45.45	11	6	0	3	13	164	174	1.7	17.4
Seq10032_323_bp_1_2_1	ENA|ABK71357|ABK71357.1	71.43	7	2	0	5	11	11	17	2.2	16.9
Seq10032_323_bp_1_2_1	ENA|CAA26939|CAA26939.1	44.44	9	5	0	2	10	519	527	2.4	17.4
Seq10032_323_bp_1_2_1	ENA|AAB26998|AAB26998.1	100.00	3	0	0	4	6	52	54	2.5	14.5
Seq10032_323_bp_1_2_1	ENA|CAA24711|CAA24711.1	85.71	8	1	1	5	11	6	13	3.9	15.0
Seq10032_323_bp_1_2_1	ENA|AAA72732|AAA72732.1	55.56	9	4	0	3	11	137	145	6.8	15.0
Seq10032_323_bp_1_2_1	ENA|AAS77176|AAS77176.1	37.50	8	5	0	4	11	266	273	8.6	14.5
Seq10032_323_bp_1_2_1	ENA|BAA05866|BAA05866.1	55.56	9	4	0	5	13	111	119	9.2	14.5
Seq10032_323_bp_1_2_2	ENA|ABK71357|ABK71357.1	41.67	12	7	0	1	12	160	171	0.029	23.3
Seq10032_323_bp_1_2_2	ENA|ABK71357|ABK71357.1	33.33	6	4	0	8	13	58	63	0.67	18.8
Seq10032_323_bp_1_2_2	ENA|ABD49687|ABD49687.1	42.86	14	8	0	1	14	252	265	0.2	22.7
Seq10032_323_bp_1_2_2	ENA|ACH70901|ACH70901.1	36.36	11	7	0	1	11	212	222	0.3	19.9
Seq10032_323_bp_1_2_2	ENA|AAC49865|AAC49865.1	55.56	9	4	0	4	12	76	84	0.59	18.8
Seq10032_323_bp_1_2_2	ENA|CAA24711|CAA24711.1	50.00	8	4	0	2	9	148	155	0.68	17.6
Seq10032_323_bp_1_2_2	ENA|AAS77176|AAS77176.1	27.27	11	8	0	4	14	72	82	0.77	18.2
Seq10032_323_bp_1_2_2	ENA|AAA72732|AAA72732.1	60.00	14	4	4	1	10	253	266	0.83	18.2
Seq10032_323_bp_1_2_2	ENA|AAA32624|AAA32624.1	57.14	7	3	0	8	14	33	39	0.94	18.8
Seq10032_323_bp_1_2_2	ENA|AAB26998|AAB26998.1	75.00	4	1	0	11	14	40	43	1	15.9
Seq10032_323_bp_1_2_2	ENA|AAC40132|AAC40132.1	41.67	12	7	0	1	12	20	31	1.3	18.2
Seq10032_323_bp_1_2_2	ENA|CAA26023|CAA26023.1	60.00	5	2	0	10	14	358	362	1.5	17.6
Seq10032_323_bp_1_2_2	ENA|AAA42531|AAA42531.1	36.36	11	7	0	2	12	265	275	1.5	17.6
Seq10032_323_bp_1_2_2	ENA|BAB17681|BAB17681.1	44.44	9	5	0	3	11	138	146	1.6	17.1
Seq10032_323_bp_1_2_2	ENA|CAA73529|CAA73529.1	50.00	8	4	0	6	13	81	88	1.6	17.1
Seq10032_323_bp_1_2_2	ENA|BAA32018|BAA32018.1	62.50	8	3	0	3	10	375	382	1.7	18.2
Seq10032_323_bp_1_2_2	ENA|BAB79260|BAB79260.1	23.08	13	10	0	2	14	211	223	1.8	17.6
Seq10032_323_bp_1_2_2	ENA|AAC78721|AAC78721.1	42.86	7	4	0	6	12	294	300	1.8	18.2
Seq10032_323_bp_1_2_2	ENA|AAC97205|AAC97205.1	33.33	12	8	0	1	12	46	57	2.2	18.8
Seq10032_323_bp_1_2_2	ENA|EDO47375|EDO47375.1	100.00	5	0	0	3	7	93	97	2.4	15.9
Seq10032_323_bp_1_2_2	ENA|CAA45199|CAA45199.1	41.67	14	7	2	3	14	377	390	2.7	17.1
Seq10032_323_bp_1_2_2	ENA|ABN10845|ABN10845.1	57.14	7	3	0	4	10	190	196	2.7	15.9
Seq10032_323_bp_1_2_2	ENA|AAA36539|AAA36539.1	60.00	5	2	0	10	14	468	472	2.7	17.1
Seq10032_323_bp_1_2_2	ENA|AAR37016|AAR37016.1	50.00	6	3	0	7	12	697	702	2.8	19.3
Seq10032_323_bp_1_2_2	ENA|AAA36114|AAA36114.1	71.43	9	2	2	8	14	91	99	2.9	17.1
Seq10032_323_bp_1_2_2	ENA|CAA28033|CAA28033.1	60.00	5	2	0	10	14	202	206	3.4	18.2
Seq10032_323_bp_1_2_2	ENA|ABD33854|ABD33854.1	40.00	5	3	0	8	12	58	62	3.8	13.7
Seq10032_323_bp_1_2_2	ENA|BAA05866|BAA05866.1	57.14	7	3	0	4	10	263	269	3.8	15.9
Seq10032_323_bp_1_2_2	ENA|CAA26939|CAA26939.1	50.00	6	3	0	9	14	75	80	4.8	16.5
Seq10032_323_bp_1_2_2	ENA|ACT10338|ACT10338.1	37.50	8	5	0	5	12	196	203	4.8	15.9
Seq10032_323_bp_1_2_2	ENA|CAA36214|CAA36214.1	50.00	4	2	0	11	14	272	275	5.5	15.4
Seq10032_323_bp_1_2_2	ENA|AAF79734|AAF79734.1	44.44	9	5	0	2	10	1190	1198	7.9	17.1
Seq10032_323_bp_1_2_2	ENA|AAC26660|AAC26660.1	42.86	7	4	0	8	14	107	113	9.7	14.2
Seq10032_323_bp_-1_0_0	ENA|AAC26660|AAC26660.1	72.73	12	3	1	7	18	54	64	0.26	20.1
Seq10032_323_bp_-1_0_0	ENA|AAC26660|AAC26660.1	46.15	13	7	0	3	15	36	48	0.48	19.2
Seq10032_323_bp_-1_0_0	ENA|CAA26023|CAA26023.1	38.46	13	8	0	5	17	212	224	0.38	20.1
Seq10032_323_bp_-1_0_0	ENA|CAA36214|CAA36214.1	46.15	13	7	0	4	16	59	71	1.1	18.3
Seq10032_323_bp_-1_0_0	ENA|AAA18786|AAA18786.1	44.44	9	5	0	4	12	190	198	1.3	17.9
Seq10032_323_bp_-1_0_0	ENA|AAB66912|AAB66912.1	50.00	10	5	0	2	11	507	516	1.7	19.2
Seq10032_323_bp_-1_0_0	ENA|AAA24145|AAA24145.1	57.14	7	3	0	5	11	48	54	3	17.4
Seq10032_323_bp_-1_0_0	ENA|AAC17860|AAC17860.1	30.00	20	14	0	1	20	61	80	3.6	17.0
Seq10032_323_bp_-1_0_0	ENA|CAA45708|CAA45708.1	53.85	13	6	0	7	19	17	29	3.8	18.8
Seq10032_323_bp_-1_0_0	ENA|BAA32991|BAA32991.1	26.32	20	14	1	1	19	39	58	3.9	14.2
Seq10032_323_bp_-1_0_0	ENA|AAA36114|AAA36114.1	42.86	14	8	0	2	15	488	501	4.4	17.0
Seq10032_323_bp_-1_0_0	ENA|AAA25966|AAA25966.1	36.36	11	7	0	6	16	469	479	4.6	17.4
Seq10032_323_bp_-1_0_0	ENA|BAA36759|BAA36759.1	50.00	10	5	0	1	10	29	38	4.7	16.1
Seq10032_323_bp_-1_0_0	ENA|AAF79734|AAF79734.1	40.00	16	9	1	5	19	636	651	4.9	18.3
Seq10032_323_bp_-1_0_0	ENA|CAA24711|CAA24711.1	38.46	13	8	0	6	18	39	51	5.2	15.1
Seq10032_323_bp_-1_0_0	ENA|CAB75732|CAB75732.1	80.00	5	1	0	3	7	604	608	5.3	17.9
Seq10032_323_bp_-1_0_0	ENA|CAL82360|CAL82360.1	29.41	17	12	0	1	17	207	223	5.9	17.9
Seq10032_323_bp_-1_0_0	ENA|ABG75784|ABG75784.1	50.00	8	4	0	3	10	237	244	6.8	15.6
Seq10032_323_bp_-1_0_0	ENA|AAC40132|AAC40132.1	31.25	16	11	0	1	16	316	331	7.5	16.1
Seq10032_323_bp_-1_0_0	ENA|ABD49687|ABD49687.1	77.78	12	2	3	6	17	318	326	7.7	17.9
Seq10032_323_bp_-1_0_0	ENA|CAA73529|CAA73529.1	80.00	5	1	0	14	18	106	110	8.1	15.1
Seq10032_323_bp_-1_0_0	ENA|AAB03707|AAB03707.1	31.58	19	13	0	2	20	338	356	8.4	17.4
Seq10032_323_bp_-1_0_0	ENA|BAA32956|BAA32956.1	40.00	10	6	0	4	13	101	110	8.4	14.7
Seq10032_323_bp_-1_0_1	ENA|CAA26939|CAA26939.1	45.45	11	6	0	4	14	466	476	0.081	22.7
Seq10032_323_bp_-1_0_1	ENA|CAA26939|CAA26939.1	38.46	13	8	0	1	13	561	573	0.43	20.3
Seq10032_323_bp_-1_0_1	ENA|ABG75784|ABG75784.1	36.36	11	7	0	2	12	216	226	0.63	18.9
Seq10032_323_bp_-1_0_1	ENA|BAA05866|BAA05866.1	45.45	11	6	0	1	11	240	250	0.87	18.4
Seq10032_323_bp_-1_0_1	ENA|AAB03707|AAB03707.1	50.00	18	8	2	1	16	1135	1152	1	20.3
Seq10032_323_bp_-1_0_1	ENA|ABD49687|ABD49687.1	35.29	17	11	0	1	17	1623	1639	1.8	19.8
Seq10032_323_bp_-1_0_1	ENA|AAA24145|AAA24145.1	50.00	6	3	0	10	15	11	16	3.5	16.9
Seq10032_323_bp_-1_0_1	ENA|CAA24711|CAA24711.1	50.00	10	5	0	1	10	87	96	3.5	15.5
Seq10032_323_bp_-1_0_1	ENA|BAB17681|BAB17681.1	50.00	11	5	1	2	12	70	79	4	16.0
Seq10032_323_bp_-1_0_1	ENA|AAR31603|AAR31603.1	66.67	6	2	0	7	12	138	143	4.7	16.0
Seq10032_323_bp_-1_0_1	ENA|CAL82360|CAL82360.1	100.00	4	0	0	12	15	606	609	4.9	17.9
Seq10032_323_bp_-1_0_1	ENA|AAA36539|AAA36539.1	35.71	14	9	0	4	17	237	250	4.9	16.5
Seq10032_323_bp_-1_0_1	ENA|AAA32624|AAA32624.1	57.14	7	3	0	6	12	350	356	5.4	16.5
Seq10032_323_bp_-1_0_1	ENA|AAB96524|AAB96524.1	57.14	7	3	0	5	11	102	108	7.1	14.5
Seq10032_323_bp_-1_0_1	ENA|CAA36714|CAA36714.1	30.00	10	7	0	4	13	183	192	9	15.5
Seq10032_323_bp_-1_0_1	ENA|ABD33854|ABD33854.1	75.00	4	1	0	11	14	43	46	9	12.6
Seq10032_323_bp_-1_0_1	ENA|AAA25966|AAA25966.1	54.55	12	5	1	1	12	337	347	9.9	16.0
Seq10032_323_bp_-1_1_0	ENA|AAC08817|AAC08817.1	50.00	12	6	0	3	14	78	89	1.6	17.6
Seq10032_323_bp_-1_1_0	ENA|AAF79734|AAF79734.1	32.14	29	19	1	3	30	391	419	1.6	20.8
Seq10032_323_bp_-1_1_0	ENA|ABD49687|ABD49687.1	33.33	21	14	0	4	24	470	490	1.9	20.8
Seq10032_323_bp_-1_1_0	ENA|AAC97205|AAC97205.1	100.00	6	0	0	17	22	319	324	2.4	20.0
Seq10032_323_bp_-1_1_0	ENA|AAA72732|AAA72732.1	37.14	43	22	8	2	36	176	218	2.4	18.0
Seq10032_323_bp_-1_1_0	ENA|AAC49865|AAC49865.1	40.00	20	12	0	15	34	130	149	2.5	18.0
Seq10032_323_bp_-1_1_0	ENA|AAA25966|AAA25966.1	22.22	27	21	0	6	32	29	55	4.2	18.4
Seq10032_323_bp_-1_1_0	ENA|CAA43419|CAA43419.1	38.46	13	8	0	24	36	330	342	4.9	17.2
Seq10032_323_bp_-1_1_0	ENA|ABN10845|ABN10845.1	38.10	22	13	1	7	28	172	192	5	16.4
Seq10032_323_bp_-1_1_0	ENA|AAB96524|AAB96524.1	33.33	22	14	1	1	22	65	85	5.6	16.0
Seq10032_323_bp_-1_1_0	ENA|ACH70901|ACH70901.1	38.46	13	8	0	17	29	96	108	6.2	16.8
Seq10032_323_bp_-1_1_0	ENA|CCP43727|CCP43727.1	46.15	13	7	0	23	35	194	206	9.5	16.0
Seq10032_323_bp_-1_1_1	ENA|CAA45199|CAA45199.1	71.43	7	2	0	2	8	175	181	0.35	20.0
Seq10032_323_bp_-1_1_1	ENA|ABD49687|ABD49687.1	44.44	9	5	0	3	11	1500	1508	0.42	21.5
Seq10032_323_bp_-1_1_1	ENA|AAC08817|AAC08817.1	66.67	6	2	0	2	7	110	115	1	16.8
Seq10032_323_bp_-1_1_1	ENA|CAA36214|CAA36214.1	100.00	4	0	0	2	5	151	154	1.4	17.3
Seq10032_323_bp_-1_1_1	ENA|AAA36539|AAA36539.1	62.50	8	3	0	2	9	23	30	1.5	17.9
Seq10032_323_bp_-1_1_1	ENA|AAR31603|AAR31603.1	44.44	9	5	0	4	12	42	50	2.1	16.8
Seq10032_323_bp_-1_1_1	ENA|AAA36114|AAA36114.1	62.50	8	3	0	1	8	133	140	2.3	17.3
Seq10032_323_bp_-1_1_1	ENA|CAA29968|CAA29968.1	33.33	12	8	0	1	12	161	172	2.6	15.7
Seq10032_323_bp_-1_1_1	ENA|AAC49865|AAC49865.1	80.00	5	1	0	2	6	144	148	4.3	15.7
Seq10032_323_bp_-1_1_1	ENA|CAA45708|CAA45708.1	45.45	11	6	0	2	12	377	387	9.2	16.8
Seq10032_323_bp_-1_1_1	ENA|ABK71357|ABK71357.1	60.00	5	2	0	4	8	338	342	9.6	14.7
Seq10032_323_bp_-1_1_2	ENA|AAA24145|AAA24145.1	60.00	10	4	0	1	10	44	53	0.16	21.0
Seq10032_323_bp_-1_1_2	ENA|ACT10338|ACT10338.1	57.14	7	3	0	4	10	337	343	1.1	18.0
Seq10032_323_bp_-1_1_2	ENA|CAL82360|CAL82360.1	55.56	9	4	0	3	11	179	187	1.8	19.0
Seq10032_323_bp_-1_1_2	ENA|AAA25966|AAA25966.1	33.33	9	6	0	4	12	68	76	2.8	17.5
Seq10032_323_bp_-1_1_2	ENA|BAA36759|BAA36759.1	55.56	9	4	0	5	13	251	259	3.2	16.0
Seq10032_323_bp_-1_1_2	ENA|AAB26998|AAB26998.1	42.86	7	4	0	5	11	62	68	3.5	14.0
Seq10032_323_bp_-1_1_2	ENA|AAA32624|AAA32624.1	62.50	8	3	0	3	10	293	300	4	16.5
Seq10032_323_bp_-1_1_2	ENA|ABK71357|ABK71357.1	44.44	9	5	0	3	11	102	110	4	16.0
Seq10032_323_bp_-1_1_2	ENA|ABD49687|ABD49687.1	66.67	6	2	0	7	12	193	198	4.6	18.0
Seq10032_323_bp_-1_1_2	ENA|CAA45199|CAA45199.1	25.00	12	9	0	1	12	71	82	5.1	16.0
Seq10032_323_bp_-1_1_2	ENA|BAB17681|BAB17681.1	57.14	7	3	0	5	11	232	238	5.9	15.0
Seq10032_323_bp_-1_1_2	ENA|BAA05866|BAA05866.1	80.00	5	1	0	5	9	105	109	6.6	15.0
Seq10032_323_bp_-1_1_2	ENA|AAA72732|AAA72732.1	44.44	9	5	0	4	12	248	256	6.7	15.0
Seq10032_323_bp_-1_1_2	ENA|EDO47375|EDO47375.1	62.50	9	3	1	2	10	29	36	8	14.0
Seq10032_323_bp_-1_1_2	ENA|CAA73529|CAA73529.1	66.67	6	2	0	1	6	103	108	8.2	14.5
Seq10032_323_bp_-1_1_2	ENA|AAC17860|AAC17860.1	30.77	14	9	1	1	13	345	358	8.6	15.0
Seq10032_323_bp_-1_1_2	ENA|CAA28033|CAA28033.1	36.36	11	7	0	2	12	427	437	9.5	16.5
Seq10032_323_bp_-1_1_2	ENA|CAA11507|CAA11507.1	66.67	6	2	0	3	8	128	133	9.9	16.5
Seq10032_323_bp_-1_2_0	ENA|AAC40132|AAC40132.1	35.71	14	9	0	20	33	70	83	1.5	19.4
Seq10032_323_bp_-1_2_0	ENA|BAB17681|BAB17681.1	47.62	23	11	2	3	24	200	221	3.5	17.4
Seq10032_323_bp_-1_2_0	ENA|CAA36714|CAA36714.1	25.00	37	27	1	1	36	175	211	7.2	17.0
Seq10032_323_bp_-1_2_1	ENA|BAA32956|BAA32956.1	33.33	18	12	0	2	19	135	152	1.3	17.4
Seq10032_323_bp_-1_2_1	ENA|CAA36214|CAA36214.1	54.55	15	5	4	1	15	23	33	1.9	17.4
Seq10032_323_bp_-1_2_1	ENA|AAB26998|AAB26998.1	54.55	17	5	6	3	19	52	62	3.5	14.5
Seq10032_323_bp_-1_2_1	ENA|CAA45708|CAA45708.1	50.00	12	6	0	7	18	379	390	5.2	18.2
Seq10032_323_bp_-1_2_1	ENA|BAA32991|BAA32991.1	63.64	12	4	1	7	18	9	19	5.4	13.7
Seq10032_323_bp_-1_2_1	ENA|AAA72732|AAA72732.1	66.67	6	2	0	12	17	120	125	5.9	15.7
Seq10032_323_bp_-1_2_1	ENA|EDO47375|EDO47375.1	38.46	15	8	2	3	17	176	188	6.2	14.9
Seq10032_323_bp_-1_2_1	ENA|CAA45199|CAA45199.1	57.14	19	6	5	6	19	363	381	6.6	16.2
Seq10032_323_bp_-1_2_1	ENA|BAB17681|BAB17681.1	45.45	11	6	0	8	18	222	232	6.8	15.3
Seq10032_323_bp_-1_2_1	ENA|CAL82360|CAL82360.1	54.55	11	5	0	8	18	47	57	7.6	17.4
Seq10032_323_bp_-1_2_1	ENA|ABK71357|ABK71357.1	33.33	12	8	0	5	16	265	276	9	15.3
Seq10032_323_bp_-1_2_1	ENA|AAS77176|AAS77176.1	35.71	14	9	0	5	18	57	70	9.3	14.9
