Seq6450_198_bp_1_0_0	ENA|AAB26998|AAB26998.1	32.14	28	19	0	1	28	10	37	1.3	16.7
Seq6450_198_bp_1_0_0	ENA|BAA32991|BAA32991.1	52.63	24	9	5	9	27	16	39	1.4	16.4
Seq6450_198_bp_1_0_0	ENA|AAA18786|AAA18786.1	36.00	27	16	2	1	25	208	234	2.1	17.7
Seq6450_198_bp_1_0_0	ENA|EDO47375|EDO47375.1	66.67	9	3	0	16	24	74	82	3.7	16.4
Seq6450_198_bp_1_0_0	ENA|CCP43727|CCP43727.1	44.44	18	10	0	12	29	184	201	4.1	17.0
Seq6450_198_bp_1_0_0	ENA|BAA36759|BAA36759.1	50.00	12	6	0	18	29	117	128	4.5	16.7
Seq6450_198_bp_1_0_0	ENA|AAR37016|AAR37016.1	50.00	29	11	7	1	29	116	137	4.6	19.7
Seq6450_198_bp_1_0_0	ENA|AAC08817|AAC08817.1	36.84	19	12	0	9	27	7	25	7.5	15.0
Seq6450_198_bp_1_0_0	ENA|CAA45708|CAA45708.1	47.06	20	9	3	11	30	481	497	9.1	18.0
Seq6450_198_bp_1_1_0	ENA|BAA32018|BAA32018.1	100.00	65	0	0	1	65	118	182	1.7e-39	149.9
Seq6450_198_bp_1_1_0	ENA|BAA05866|BAA05866.1	33.33	46	28	4	21	65	97	139	0.42	21.4
Seq6450_198_bp_1_1_0	ENA|AAA24145|AAA24145.1	29.51	66	43	5	4	64	296	361	0.62	21.4
Seq6450_198_bp_1_1_0	ENA|ACH70901|ACH70901.1	27.66	48	34	1	5	52	28	74	0.92	20.5
Seq6450_198_bp_1_1_0	ENA|AAC26660|AAC26660.1	32.35	40	23	6	5	38	171	210	1.5	19.2
Seq6450_198_bp_1_1_0	ENA|AAC17860|AAC17860.1	32.08	66	36	13	2	57	110	172	2	19.5
Seq6450_198_bp_1_1_0	ENA|CAB75732|CAB75732.1	28.95	41	27	3	11	50	498	536	2.9	20.5
Seq6450_198_bp_1_1_0	ENA|AAS77176|AAS77176.1	27.27	61	40	6	5	65	71	125	3.2	18.3
Seq6450_198_bp_1_1_0	ENA|CAA26939|CAA26939.1	36.00	66	32	16	8	65	92	149	5.1	18.6
Seq6450_198_bp_1_1_0	ENA|AAA25966|AAA25966.1	23.53	56	39	5	3	53	50	105	5.2	18.9
Seq6450_198_bp_1_1_0	ENA|ACT10338|ACT10338.1	30.61	55	34	6	2	52	328	380	5.3	18.0
Seq6450_198_bp_1_1_0	ENA|AAB66912|AAB66912.1	38.46	27	16	1	32	58	780	805	5.4	19.2
Seq6450_198_bp_1_1_0	ENA|AAR31603|AAR31603.1	29.03	33	22	2	7	39	175	205	5.5	17.7
Seq6450_198_bp_1_1_0	ENA|EDO47375|EDO47375.1	40.48	50	25	8	13	55	28	76	7.3	16.5
Seq6450_198_bp_1_1_0	ENA|CAA45199|CAA45199.1	52.17	26	11	3	16	38	415	440	7.7	17.7
Seq6450_198_bp_1_1_0	ENA|BAB79260|BAB79260.1	25.00	24	18	0	1	24	214	237	9.1	17.4
Seq6450_198_bp_1_1_0	ENA|CAA36714|CAA36714.1	53.33	18	7	3	3	17	194	211	9.3	17.4
Seq6450_198_bp_1_2_0	ENA|AAQ92751|AAQ92751.2	41.18	19	10	2	21	37	1292	1310	0.18	24.8
Seq6450_198_bp_1_2_0	ENA|ACT10338|ACT10338.1	30.00	21	14	1	45	64	300	320	0.7	21.0
Seq6450_198_bp_1_2_0	ENA|CAD53387|CAD53387.1	23.53	34	26	0	1	34	465	498	1.4	20.3
Seq6450_198_bp_1_2_0	ENA|CAA29968|CAA29968.1	37.50	18	10	2	24	41	58	73	1.6	18.8
Seq6450_198_bp_1_2_0	ENA|BAB17681|BAB17681.1	32.00	31	17	6	33	63	151	175	1.8	19.1
Seq6450_198_bp_1_2_0	ENA|AAB96524|AAB96524.1	57.14	14	6	0	52	65	7	20	1.9	18.4
Seq6450_198_bp_1_2_0	ENA|AAA42531|AAA42531.1	38.10	23	13	2	35	57	258	278	3.2	18.8
Seq6450_198_bp_1_2_0	ENA|BAB79260|BAB79260.1	28.12	32	23	0	31	62	5	36	4.6	18.4
Seq6450_198_bp_1_2_0	ENA|AAC97205|AAC97205.1	32.00	25	17	0	14	38	1157	1181	5.2	19.7
Seq6450_198_bp_1_2_0	ENA|CAA36714|CAA36714.1	27.78	41	26	5	3	38	409	449	7.1	17.8
Seq6450_198_bp_1_2_0	ENA|CAA36214|CAA36214.1	40.74	30	16	3	34	61	158	186	7.2	17.2
Seq6450_198_bp_1_2_0	ENA|BAA05866|BAA05866.1	34.48	34	19	5	37	65	216	249	7.3	17.2
Seq6450_198_bp_1_2_0	ENA|AAA72732|AAA72732.1	30.19	59	37	6	1	59	123	175	7.4	17.2
Seq6450_198_bp_1_2_0	ENA|AAR31603|AAR31603.1	50.00	19	8	3	33	48	104	122	7.7	17.2
Seq6450_198_bp_1_2_0	ENA|CAA11507|CAA11507.1	33.33	32	20	2	7	37	379	409	8.5	19.1
Seq6450_198_bp_1_2_0	ENA|CAA26939|CAA26939.1	30.00	58	35	8	7	56	23	80	8.6	17.8
Seq6450_198_bp_1_2_0	ENA|CAA45199|CAA45199.1	25.93	28	20	1	8	34	212	239	8.8	17.5
Seq6450_198_bp_1_2_0	ENA|AAC78721|AAC78721.1	16.00	25	21	0	35	59	249	273	10	17.8
Seq6450_198_bp_-1_0_0	ENA|CAA29968|CAA29968.1	55.56	9	4	0	4	12	128	136	2.1	16.7
Seq6450_198_bp_-1_0_0	ENA|AAR31603|AAR31603.1	50.00	19	9	1	1	19	234	251	2.6	17.1
Seq6450_198_bp_-1_0_0	ENA|BAA32956|BAA32956.1	43.75	18	9	2	3	18	62	79	6.7	15.0
Seq6450_198_bp_-1_0_0	ENA|AAC08817|AAC08817.1	23.53	17	13	0	3	19	126	142	8.7	14.2
Seq6450_198_bp_-1_0_0	ENA|CAD53387|CAD53387.1	37.50	16	10	0	4	19	49	64	8.9	15.9
Seq6450_198_bp_-1_0_0	ENA|ABD49687|ABD49687.1	60.00	10	4	0	3	12	1342	1351	9.7	17.5
Seq6450_198_bp_-1_0_1	ENA|AAC08817|AAC08817.1	34.62	26	17	0	8	33	126	151	0.15	20.9
Seq6450_198_bp_-1_0_1	ENA|AAC97205|AAC97205.1	42.86	14	8	0	4	17	663	676	0.7	21.7
Seq6450_198_bp_-1_0_1	ENA|AAA25966|AAA25966.1	87.50	9	1	1	13	21	490	497	0.91	20.5
Seq6450_198_bp_-1_0_1	ENA|CAL82360|CAL82360.1	45.00	23	11	3	10	32	174	193	1.2	20.9
Seq6450_198_bp_-1_0_1	ENA|AAC17860|AAC17860.1	41.18	17	10	0	10	26	278	294	1.5	19.0
Seq6450_198_bp_-1_0_1	ENA|AAB96524|AAB96524.1	48.15	30	14	3	6	32	42	71	1.5	17.8
Seq6450_198_bp_-1_0_1	ENA|AAI27517|AAI27517.1	30.77	26	18	0	5	30	349	374	2.2	19.0
Seq6450_198_bp_-1_0_1	ENA|BAA36759|BAA36759.1	41.18	17	10	0	12	28	120	136	2.3	17.8
Seq6450_198_bp_-1_0_1	ENA|AAB66912|AAB66912.1	24.00	25	19	0	9	33	652	676	3.4	19.0
Seq6450_198_bp_-1_0_1	ENA|AAR37016|AAR37016.1	23.08	26	20	0	8	33	6	31	3.8	20.2
Seq6450_198_bp_-1_0_1	ENA|ACT10338|ACT10338.1	21.43	28	22	0	4	31	58	85	4.1	17.5
Seq6450_198_bp_-1_0_1	ENA|ABD33854|ABD33854.1	60.00	10	4	0	7	16	20	29	4.3	14.8
Seq6450_198_bp_-1_0_1	ENA|AAC49865|AAC49865.1	33.33	21	14	0	5	25	2	22	4.5	17.1
Seq6450_198_bp_-1_0_1	ENA|BAA32991|BAA32991.1	80.00	5	1	0	20	24	32	36	4.6	14.8
Seq6450_198_bp_-1_0_1	ENA|AAQ92751|AAQ92751.2	30.77	26	18	0	7	32	770	795	4.9	19.0
Seq6450_198_bp_-1_0_1	ENA|AAF79734|AAF79734.1	38.10	21	13	0	5	25	119	139	5.1	19.0
Seq6450_198_bp_-1_0_1	ENA|AAC78721|AAC78721.1	35.00	22	13	2	10	31	354	373	5.3	17.8
Seq6450_198_bp_-1_0_1	ENA|BAA05866|BAA05866.1	31.25	16	11	0	11	26	124	139	5.4	16.7
Seq6450_198_bp_-1_0_1	ENA|CAA36714|CAA36714.1	31.58	20	13	1	8	26	318	337	6.2	17.1
Seq6450_198_bp_-1_0_1	ENA|AAB03707|AAB03707.1	31.25	16	11	0	1	16	1145	1160	6.3	18.6
Seq6450_198_bp_-1_0_1	ENA|AAA36114|AAA36114.1	35.00	21	13	1	15	34	426	446	6.8	17.1
Seq6450_198_bp_-1_0_1	ENA|AAR31603|AAR31603.1	35.48	32	20	1	1	31	276	307	7.4	16.3
Seq6450_198_bp_-1_0_1	ENA|AAC40132|AAC40132.1	22.73	22	17	0	5	26	214	235	8.2	16.7
Seq6450_198_bp_-1_0_1	ENA|CAB75732|CAB75732.1	38.46	13	8	0	5	17	169	181	8.9	17.8
Seq6450_198_bp_-1_0_1	ENA|CAA29968|CAA29968.1	20.83	24	19	0	2	25	56	79	9.6	15.1
Seq6450_198_bp_-1_0_1	ENA|ABD49687|ABD49687.1	26.67	30	22	0	5	34	106	135	9.9	18.2
Seq6450_198_bp_-1_1_0	ENA|CAA73529|CAA73529.1	36.84	20	12	1	26	45	256	274	0.71	20.1
Seq6450_198_bp_-1_1_0	ENA|ABD49687|ABD49687.1	43.33	33	17	3	15	45	591	622	0.72	22.7
Seq6450_198_bp_-1_1_0	ENA|BAA32991|BAA32991.1	27.27	48	32	4	1	44	3	50	0.88	17.8
Seq6450_198_bp_-1_1_0	ENA|CAA43419|CAA43419.1	57.89	23	8	4	22	40	69	91	1.2	19.8
Seq6450_198_bp_-1_1_0	ENA|AAC08817|AAC08817.1	26.47	37	25	3	13	49	95	128	1.3	18.5
Seq6450_198_bp_-1_1_0	ENA|AAB66912|AAB66912.1	26.47	35	25	1	7	41	20	53	1.9	20.4
Seq6450_198_bp_-1_1_0	ENA|AAC97205|AAC97205.1	44.00	31	14	6	21	50	1025	1050	2	20.8
Seq6450_198_bp_-1_1_0	ENA|AAR37016|AAR37016.1	42.42	43	19	10	4	46	592	624	3	21.1
Seq6450_198_bp_-1_1_0	ENA|ACT10338|ACT10338.1	33.33	28	18	1	16	43	13	39	3.1	18.5
Seq6450_198_bp_-1_1_0	ENA|ABK71357|ABK71357.1	41.18	17	10	0	3	19	43	59	3.7	18.1
Seq6450_198_bp_-1_1_0	ENA|ABD33854|ABD33854.1	26.47	36	25	2	11	44	28	63	4.9	15.2
Seq6450_198_bp_-1_1_0	ENA|AAC49865|AAC49865.1	27.59	30	21	1	11	39	66	95	5.1	17.5
Seq6450_198_bp_-1_1_0	ENA|AAA32624|AAA32624.1	41.67	29	14	5	17	44	324	348	5.1	18.1
Seq6450_198_bp_-1_1_0	ENA|EDO47375|EDO47375.1	50.00	10	5	0	10	19	151	160	5.7	16.5
Seq6450_198_bp_-1_1_0	ENA|AAR31603|AAR31603.1	41.67	12	7	0	26	37	242	253	6.3	17.1
Seq6450_198_bp_-1_1_0	ENA|CAA45199|CAA45199.1	50.00	17	7	3	4	20	295	308	7.1	17.5
Seq6450_198_bp_-1_1_0	ENA|CAA26023|CAA26023.1	32.00	25	17	0	7	31	346	370	7.3	17.1
Seq6450_198_bp_-1_2_0	ENA|BAA36759|BAA36759.1	38.46	13	8	0	4	16	34	46	1.2	17.9
Seq6450_198_bp_-1_2_0	ENA|BAA05866|BAA05866.1	38.46	13	8	0	1	13	246	258	2.9	16.7
Seq6450_198_bp_-1_2_0	ENA|ABG75784|ABG75784.1	29.41	17	12	0	1	17	109	125	2.9	16.7
Seq6450_198_bp_-1_2_0	ENA|AAF79734|AAF79734.1	71.43	7	2	0	4	10	237	243	3.5	18.7
Seq6450_198_bp_-1_2_0	ENA|AAI27517|AAI27517.1	77.78	10	2	1	3	12	544	552	5.4	16.7
Seq6450_198_bp_-1_2_0	ENA|AAA32624|AAA32624.1	63.64	12	4	1	1	12	57	67	8	15.9
Seq6450_198_bp_-1_2_0	ENA|AAA36539|AAA36539.1	70.00	14	3	4	5	14	362	375	9.4	15.5
Seq6450_198_bp_-1_2_1	ENA|AAS77176|AAS77176.1	22.86	35	27	0	7	41	98	132	2	18.5
Seq6450_198_bp_-1_2_1	ENA|ACT10338|ACT10338.1	21.21	34	26	1	1	34	274	306	2.7	18.5
Seq6450_198_bp_-1_2_1	ENA|AAC49865|AAC49865.1	25.93	28	20	1	4	31	3	29	3.5	17.9
Seq6450_198_bp_-1_2_1	ENA|CAA43419|CAA43419.1	46.15	13	7	0	13	25	28	40	5.9	17.3
Seq6450_198_bp_-1_2_1	ENA|CAA26939|CAA26939.1	30.00	20	14	0	10	29	299	318	5.9	17.9
Seq6450_198_bp_-1_2_1	ENA|BAA36759|BAA36759.1	41.67	12	7	0	8	19	262	273	7	16.6
Seq6450_198_bp_-1_2_1	ENA|BAA32956|BAA32956.1	46.67	16	8	1	23	38	93	107	7.7	16.0
