Seq7905_288_bp_1_0_0	BAA32991.1	100.00	69	0	0	1	69	1	69	6.7e-66	234.6
Seq7905_288_bp_1_0_0	AAI27517.1	42.86	14	8	0	11	24	301	314	0.19	23.6
Seq7905_288_bp_1_0_0	CAA74140.1	41.18	17	10	0	35	51	793	809	0.3	23.6
Seq7905_288_bp_1_0_0	ABD33854.1	26.32	19	14	0	47	65	35	53	1.4	17.5
Seq7905_288_bp_1_0_0	AAC97205.1	35.29	17	11	0	51	67	535	551	2.6	20.8
Seq7905_288_bp_1_0_0	AAA42531.1	55.56	9	4	0	57	65	196	204	3.8	18.6
Seq7905_288_bp_1_0_0	EDO47375.1	33.33	15	10	0	14	28	146	160	3.9	17.5
Seq7905_288_bp_1_0_0	AAA65607.1	62.50	8	3	0	49	56	13	20	5.2	18.0
Seq7905_288_bp_1_0_0	CAA04196.1	44.44	9	5	0	14	22	379	387	5.8	18.0
Seq7905_288_bp_1_0_0	AAQ92751.2	38.89	18	11	0	50	67	880	897	6.1	19.7
Seq7905_288_bp_1_0_0	CAA73529.1	66.67	6	2	0	54	59	65	70	8	16.9
Seq7905_288_bp_1_0_0	ABN10845.1	37.50	8	5	0	25	32	16	23	9.3	16.4
Seq7905_288_bp_1_0_0	AIR13712.1	29.41	17	12	0	3	19	213	229	9.5	16.9
Seq7905_288_bp_1_1_0	AAA72732.1	66.67	6	2	0	11	16	209	214	1.6	17.4
Seq7905_288_bp_1_1_0	ACT10338.1	26.67	15	11	0	2	16	99	113	3.1	16.8
Seq7905_288_bp_1_1_0	BAB17681.1	55.56	9	4	0	6	14	200	208	5.1	15.5
Seq7905_288_bp_1_1_0	AAC78721.1	55.56	9	4	0	8	16	76	84	5.3	16.8
Seq7905_288_bp_1_1_0	ABN10845.1	60.00	5	2	0	8	12	153	157	6.1	14.9
Seq7905_288_bp_1_1_0	AAA32376.1	60.00	5	2	0	7	11	52	56	7.4	14.3
Seq7905_288_bp_1_1_0	AAB64315.2	50.00	6	3	0	4	9	62	67	9	14.9
Seq7905_288_bp_1_1_1	AAH69556.1	36.84	19	12	0	5	23	1	19	0.97	18.8
Seq7905_288_bp_1_1_1	ABL74574.1	66.67	6	2	0	11	16	58	63	2.9	17.1
Seq7905_288_bp_1_1_1	ABN10845.1	50.00	14	7	0	1	14	185	198	3.3	16.5
Seq7905_288_bp_1_1_1	ABK71357.1	35.29	17	11	0	3	19	255	271	3.8	17.1
Seq7905_288_bp_1_1_1	AAA24142.1	33.33	12	8	0	9	20	341	352	6.6	16.5
Seq7905_288_bp_1_1_1	AAR37016.1	54.55	11	5	0	1	11	1964	1974	7.1	18.8
Seq7905_288_bp_1_1_1	BAE97662.1	40.00	10	6	0	12	21	373	382	7.5	17.6
Seq7905_288_bp_1_1_1	AAC08817.1	40.00	10	6	0	5	14	110	119	7.7	14.8
Seq7905_288_bp_1_1_1	BAB79260.1	44.44	9	5	0	2	10	423	431	9.5	15.9
Seq7905_288_bp_1_1_1	AAA72732.1	54.55	12	5	1	7	17	78	89	9.7	15.4
Seq7905_288_bp_1_1_2	ABG75784.1	50.00	10	5	0	2	11	256	265	1.6	17.6
Seq7905_288_bp_1_1_2	AAX84812.1	66.67	6	2	0	2	7	2	7	1.8	17.0
Seq7905_288_bp_1_1_2	ABL74574.1	100.00	4	0	0	1	4	152	155	3.3	16.4
Seq7905_288_bp_1_1_2	AAI27517.1	35.29	18	11	1	2	18	32	49	4.5	17.0
Seq7905_288_bp_1_1_2	BAA32956.1	60.00	5	2	0	1	5	189	193	7.6	14.7
Seq7905_288_bp_1_1_2	AAB64315.2	50.00	15	7	1	3	17	260	273	7.9	15.3
Seq7905_288_bp_1_2_0	BAB79260.1	50.00	6	3	0	1	6	88	93	0.34	19.5
Seq7905_288_bp_1_2_0	AAH69556.1	62.50	8	3	0	3	10	44	51	1.5	16.8
Seq7905_288_bp_1_2_0	CAA26230.1	57.14	7	3	0	1	7	430	436	1.7	17.5
Seq7905_288_bp_1_2_0	BAA32018.1	62.50	8	3	0	3	10	388	395	1.9	17.5
Seq7905_288_bp_1_2_0	AEE27845.1	40.00	10	6	0	1	10	1106	1115	2.6	18.2
Seq7905_288_bp_1_2_0	AAC17860.1	80.00	5	1	0	6	10	70	74	3.1	16.2
Seq7905_288_bp_1_2_0	AII71783.1	42.86	7	4	0	1	7	254	260	3.7	15.5
Seq7905_288_bp_1_2_0	AAR37016.1	44.44	9	5	0	1	9	503	511	4.4	18.2
Seq7905_288_bp_1_2_0	AAA25966.1	50.00	6	3	0	4	9	27	32	5.4	16.2
Seq7905_288_bp_1_2_0	ABL74574.1	50.00	8	4	0	1	8	147	154	5.5	14.8
Seq7905_288_bp_1_2_0	CAA45199.1	57.14	7	3	0	4	10	373	379	5.6	15.5
Seq7905_288_bp_1_2_0	AAR31603.1	42.86	7	4	0	1	7	220	226	6.2	14.8
Seq7905_288_bp_1_2_0	BAA32956.1	60.00	5	2	0	6	10	172	176	6.4	14.1
Seq7905_288_bp_1_2_0	AAA18786.1	40.00	5	3	0	1	5	181	185	7.9	14.1
Seq7905_288_bp_1_2_0	AAA26915.1	100.00	3	0	0	2	4	23	25	8.6	14.8
Seq7905_288_bp_1_2_0	EDO47375.1	60.00	5	2	0	6	10	84	88	8.9	13.5
Seq7905_288_bp_1_2_1	AAC78721.1	46.15	13	7	0	3	15	239	251	0.13	22.2
Seq7905_288_bp_1_2_1	AAB26998.1	60.00	5	2	0	4	8	11	15	1.5	15.7
Seq7905_288_bp_1_2_1	BAA32956.1	40.00	10	6	0	3	12	96	105	1.7	16.9
Seq7905_288_bp_1_2_1	AAF01122.1	30.77	13	9	0	3	15	288	300	3	16.9
Seq7905_288_bp_1_2_1	AAA36565.1	100.00	4	0	0	13	16	165	168	3.1	15.7
Seq7905_288_bp_1_2_1	AEE27845.1	60.00	10	4	0	1	10	600	609	3.2	18.7
Seq7905_288_bp_1_2_1	CAA74140.1	40.00	10	6	0	1	10	449	458	3.3	18.1
Seq7905_288_bp_1_2_1	AAA26915.1	55.56	9	4	0	2	10	58	66	3.7	16.9
Seq7905_288_bp_1_2_1	BAA32991.1	26.67	15	11	0	1	15	11	25	4.3	13.9
Seq7905_288_bp_1_2_1	AAC17860.1	75.00	4	1	0	7	10	316	319	4.9	16.3
Seq7905_288_bp_1_2_1	AAB64315.2	50.00	6	3	0	4	9	26	31	5.9	15.7
Seq7905_288_bp_1_2_1	AAA32624.1	50.00	8	4	0	1	8	113	120	6.2	16.3
Seq7905_288_bp_1_2_1	CAA73529.1	40.00	10	6	0	7	16	209	218	7.3	15.1
Seq7905_288_bp_1_2_1	ABL74574.1	50.00	6	3	0	12	17	156	161	7.7	15.1
Seq7905_288_bp_1_2_1	AAA25966.1	62.50	8	3	0	3	10	693	700	8.4	16.3
Seq7905_288_bp_1_2_1	ACH70904.1	50.00	8	4	0	2	9	309	316	9.4	15.1
Seq7905_288_bp_1_2_1	ABS38337.1	83.33	6	1	0	9	14	644	649	9.7	16.9
Seq7905_288_bp_1_2_1	AAA45888.1	44.44	9	5	0	4	12	44	52	10	15.1
Seq7905_288_bp_1_2_2	AAB96524.1	33.33	15	10	0	9	23	168	182	0.078	21.6
Seq7905_288_bp_1_2_2	ABD49687.1	50.00	19	9	1	5	23	1566	1583	0.14	23.9
Seq7905_288_bp_1_2_2	BAA32018.1	52.94	18	8	1	5	22	166	182	0.18	22.2
Seq7905_288_bp_1_2_2	AAA32624.1	44.44	9	5	0	2	10	419	427	0.74	19.8
Seq7905_288_bp_1_2_2	CAA43372.1	71.43	7	2	0	10	16	280	286	0.88	19.2
Seq7905_288_bp_1_2_2	ABD33854.1	66.67	6	2	0	17	22	28	33	1.5	15.7
Seq7905_288_bp_1_2_2	AAQ92751.2	46.67	17	8	2	5	21	1025	1039	1.9	19.8
Seq7905_288_bp_1_2_2	BAA32991.1	62.50	8	3	0	5	12	54	61	2.5	15.1
Seq7905_288_bp_1_2_2	AAF01122.1	50.00	8	4	0	3	10	286	293	2.7	17.5
Seq7905_288_bp_1_2_2	AAC97205.1	54.55	11	5	0	12	22	313	323	3.9	18.6
Seq7905_288_bp_1_2_2	AAC08817.1	100.00	4	0	0	20	23	44	47	3.9	15.7
Seq7905_288_bp_1_2_2	AAX84812.1	44.44	9	5	0	13	21	180	188	5.4	15.7
Seq7905_288_bp_1_2_2	ABG75784.1	100.00	4	0	0	20	23	83	86	7.2	15.7
Seq7905_288_bp_1_2_2	BAA32956.1	36.36	11	7	0	5	15	39	49	7.3	15.1
Seq7905_288_bp_1_2_2	AAX12058.1	33.33	12	8	0	4	15	54	65	9.3	15.1
Seq7905_288_bp_1_2_3	AAI27517.1	50.00	10	5	0	2	11	586	595	0.74	19.1
Seq7905_288_bp_1_2_3	ABG75784.1	40.00	10	6	0	2	11	212	221	1.5	17.1
Seq7905_288_bp_1_2_3	AAB96524.1	66.67	6	2	0	1	6	78	83	3.5	15.1
Seq7905_288_bp_1_2_3	BAB79260.1	33.33	9	6	0	4	12	214	222	5.4	15.8
Seq7905_288_bp_1_2_3	AAH69556.1	40.00	10	6	0	3	12	82	91	5.7	15.1
Seq7905_288_bp_1_2_3	AAA72732.1	75.00	4	1	0	5	8	194	197	5.8	15.1
Seq7905_288_bp_1_2_3	AAA32624.1	83.33	6	1	0	3	8	201	206	6.2	15.8
Seq7905_288_bp_1_2_3	AAA25966.1	50.00	6	3	0	7	12	51	56	8.3	15.8
Seq7905_288_bp_-1_0_0	AIR13712.1	100.00	5	0	0	4	8	235	239	0.36	19.0
Seq7905_288_bp_-1_0_0	AAA65607.1	44.44	9	5	0	2	10	131	139	2.3	16.5
Seq7905_288_bp_-1_0_0	ABL74574.1	60.00	5	2	0	2	6	80	84	2.7	15.9
Seq7905_288_bp_-1_0_0	ACT10338.1	57.14	7	3	0	3	9	374	380	3.7	15.9
Seq7905_288_bp_-1_0_0	ACH70904.1	33.33	9	6	0	2	10	299	307	7.8	14.6
Seq7905_288_bp_-1_0_0	AAB03707.1	60.00	5	2	0	6	10	406	410	8	16.5
Seq7905_288_bp_-1_0_0	AAA32376.1	75.00	4	1	0	7	10	11	14	8.9	13.3
Seq7905_288_bp_-1_0_1	AAC97205.1	28.57	28	20	0	1	28	918	945	0.14	24.6
Seq7905_288_bp_-1_0_1	BAA32018.1	34.38	37	21	5	11	47	422	453	0.32	22.4
Seq7905_288_bp_-1_0_1	AAF01122.1	75.00	8	2	0	33	40	17	24	0.41	21.3
Seq7905_288_bp_-1_0_1	AAA23282.1	33.33	21	14	0	8	28	346	366	0.9	20.8
Seq7905_288_bp_-1_0_1	AAR37016.1	50.00	14	7	0	7	20	2132	2145	1.2	22.4
Seq7905_288_bp_-1_0_1	AAA42531.1	46.15	13	7	0	5	17	221	233	2.8	18.5
Seq7905_288_bp_-1_0_1	AAR31603.1	33.33	16	10	1	19	33	107	122	3.4	18.0
Seq7905_288_bp_-1_0_1	AAA26915.1	38.46	13	8	0	25	37	371	383	4.8	18.0
Seq7905_288_bp_-1_0_1	AAX12058.1	71.43	7	2	0	9	15	90	96	6	16.9
Seq7905_288_bp_-1_0_1	AAA72732.1	50.00	8	4	0	42	49	119	126	6.8	16.9
Seq7905_288_bp_-1_0_1	BAA32991.1	36.36	11	7	0	10	20	41	51	6.8	14.7
Seq7905_288_bp_-1_0_1	ABN10845.1	60.00	10	4	0	39	48	165	174	6.9	16.3
Seq7905_288_bp_-1_0_1	AAI27517.1	50.00	8	4	0	26	33	175	182	8.6	17.4
Seq7905_288_bp_-1_0_1	CAA74140.1	40.00	10	6	0	12	21	523	532	9.2	18.0
Seq7905_288_bp_-1_0_1	AAQ92751.2	100.00	4	0	0	30	33	1223	1226	9.3	18.5
Seq7905_288_bp_-1_1_0	AAA32376.1	36.00	25	16	0	8	32	35	59	0.36	20.3
Seq7905_288_bp_-1_1_0	AAB64315.2	30.43	24	16	1	10	32	180	203	0.97	19.8
Seq7905_288_bp_-1_1_0	AAB96524.1	31.58	19	13	0	2	20	98	116	1.5	18.3
Seq7905_288_bp_-1_1_0	AAH69556.1	36.36	22	14	0	14	35	13	34	1.8	18.8
Seq7905_288_bp_-1_1_0	ABD49687.1	54.55	11	5	0	34	44	853	863	3.5	20.3
Seq7905_288_bp_-1_1_0	ACT10338.1	50.00	10	5	0	20	29	75	84	4.4	17.8
Seq7905_288_bp_-1_1_0	CAA26230.1	58.33	12	5	0	26	37	284	295	4.5	18.3
Seq7905_288_bp_-1_1_0	AAA24142.1	32.14	28	19	0	18	45	151	178	5.1	17.8
Seq7905_288_bp_-1_1_0	ABS38337.1	46.15	13	7	0	22	34	526	538	5.2	19.3
Seq7905_288_bp_-1_1_0	AAC78721.1	71.43	7	2	0	14	20	118	124	5.4	18.3
Seq7905_288_bp_-1_1_0	AAA32624.1	50.00	10	5	0	28	37	250	259	5.9	17.8
Seq7905_288_bp_-1_1_0	ABK71357.1	41.67	12	7	0	2	13	207	218	5.9	17.3
Seq7905_288_bp_-1_1_0	AAA65607.1	29.41	17	12	0	14	30	31	47	8.1	16.8
Seq7905_288_bp_-1_1_0	AAA23282.1	23.08	39	30	0	4	42	144	182	8.8	17.3
Seq7905_288_bp_-1_1_0	AAC17860.1	43.75	16	9	0	1	16	94	109	9	16.8
Seq7905_288_bp_-1_1_0	BAB79260.1	39.13	26	14	3	18	43	342	364	9.8	16.8
Seq7905_288_bp_-1_2_0	AAA42531.1	80.00	5	1	0	1	5	222	226	0.014	24.2
Seq7905_288_bp_-1_2_0	AAA24142.1	60.00	5	2	0	2	6	208	212	0.03	23.3
Seq7905_288_bp_-1_2_0	ABD33854.1	75.00	4	1	0	2	5	45	48	0.047	19.8
Seq7905_288_bp_-1_2_0	AAC97205.1	80.00	5	1	0	1	5	1105	1109	0.15	22.4
Seq7905_288_bp_-1_2_0	AAC97205.1	80.00	5	1	0	7	11	268	272	0.28	21.6
Seq7905_288_bp_-1_2_0	BAA32991.1	66.67	3	1	0	4	6	59	61	0.31	17.2
Seq7905_288_bp_-1_2_0	AAA36565.1	60.00	5	2	0	4	8	164	168	0.42	18.1
Seq7905_288_bp_-1_2_0	BAB79260.1	57.14	7	3	0	4	10	326	332	0.62	18.9
Seq7905_288_bp_-1_2_0	AAA32624.1	33.33	12	8	0	1	12	414	425	0.71	18.9
Seq7905_288_bp_-1_2_0	BAA32956.1	66.67	3	1	0	5	7	12	14	0.95	17.2
Seq7905_288_bp_-1_2_0	ABD49687.1	42.86	7	4	0	1	7	1419	1425	1.3	19.8
Seq7905_288_bp_-1_2_0	AAB64315.2	50.00	6	3	0	7	12	69	74	1.5	17.2
Seq7905_288_bp_-1_2_0	EDO47375.1	100.00	2	0	0	4	5	154	155	1.6	16.3
Seq7905_288_bp_-1_2_0	AAA65607.1	75.00	4	1	0	1	4	341	344	1.7	17.2
Seq7905_288_bp_-1_2_0	CAA04196.1	66.67	3	1	0	3	5	259	261	1.9	17.2
Seq7905_288_bp_-1_2_0	AAX84812.1	50.00	4	2	0	6	9	90	93	1.9	16.3
Seq7905_288_bp_-1_2_0	BAB70780.1	57.14	7	3	0	6	12	147	153	2.2	17.2
Seq7905_288_bp_-1_2_0	BAB17681.1	40.00	10	6	0	3	12	173	182	2.2	16.3
Seq7905_288_bp_-1_2_0	ABL74574.1	100.00	2	0	0	4	5	115	116	2.4	16.3
Seq7905_288_bp_-1_2_0	BAA32018.1	42.86	7	4	0	2	8	83	89	2.8	17.2
Seq7905_288_bp_-1_2_0	ABN10845.1	100.00	3	0	0	7	9	117	119	3.2	15.5
Seq7905_288_bp_-1_2_0	AEE27845.1	75.00	4	1	0	6	9	155	158	3.4	18.1
Seq7905_288_bp_-1_2_0	AAB26998.1	66.67	3	1	0	6	8	76	78	3.9	13.7
Seq7905_288_bp_-1_2_0	CAA73529.1	66.67	3	1	0	2	4	213	215	4	15.5
Seq7905_288_bp_-1_2_0	CAA26230.1	60.00	5	2	0	7	11	454	458	4.5	16.3
Seq7905_288_bp_-1_2_0	AAR31603.1	66.67	3	1	0	5	7	64	66	4.8	15.5
Seq7905_288_bp_-1_2_0	AAC78721.1	100.00	3	0	0	6	8	74	76	5.4	16.3
Seq7905_288_bp_-1_2_0	AAF01122.1	66.67	3	1	0	2	4	116	118	5.5	15.5
Seq7905_288_bp_-1_2_0	AAA45888.1	100.00	3	0	0	7	9	116	118	5.6	15.5
Seq7905_288_bp_-1_2_0	AAR37016.1	60.00	5	2	0	4	8	25	29	5.6	18.1
Seq7905_288_bp_-1_2_0	AAQ92751.2	66.67	6	2	0	6	11	28	33	6	17.2
Seq7905_288_bp_-1_2_0	AAH69556.1	50.00	6	3	0	5	10	189	194	7.9	14.6
Seq7905_288_bp_-1_2_0	ABG75784.1	60.00	5	2	0	5	9	139	143	8.1	14.6
Seq7905_288_bp_-1_2_0	AAI27517.1	75.00	4	1	0	1	4	100	103	8.4	15.5
Seq7905_288_bp_-1_2_0	ABK71357.1	44.44	9	5	0	4	12	310	318	9.5	14.6
Seq7905_288_bp_-1_2_1	BAA32991.1	66.67	6	2	0	5	10	33	38	0.15	18.0
Seq7905_288_bp_-1_2_1	ACH70904.1	57.14	7	3	0	2	8	147	153	0.28	19.5
Seq7905_288_bp_-1_2_1	AAR37016.1	60.00	5	2	0	1	5	2023	2027	1.1	20.2
Seq7905_288_bp_-1_2_1	AAA42531.1	100.00	4	0	0	5	8	306	309	1.4	17.3
Seq7905_288_bp_-1_2_1	CAA04196.1	57.14	7	3	0	4	10	132	138	2.5	16.5
Seq7905_288_bp_-1_2_1	AAC97205.1	37.50	8	5	0	2	9	522	529	2.7	18.0
Seq7905_288_bp_-1_2_1	AAX12058.1	75.00	4	1	0	1	4	17	20	2.8	15.8
Seq7905_288_bp_-1_2_1	AAA36565.1	66.67	6	2	0	5	10	131	136	2.8	15.0
Seq7905_288_bp_-1_2_1	EDO47375.1	75.00	4	1	0	4	7	75	78	3.2	15.0
Seq7905_288_bp_-1_2_1	ABK71357.1	60.00	5	2	0	3	7	321	325	3.7	15.8
Seq7905_288_bp_-1_2_1	AAB03707.1	55.56	9	4	0	1	9	890	898	4.9	17.3
Seq7905_288_bp_-1_2_1	AAA25966.1	62.50	8	3	0	1	8	7	14	7	15.8
Seq7905_288_bp_-1_2_1	CAA45199.1	50.00	6	3	0	5	10	172	177	7.6	15.0
Seq7905_288_bp_-1_2_1	AAA72732.1	100.00	3	0	0	2	4	192	194	8.4	14.3
Seq7905_288_bp_-1_2_1	CAA26230.1	50.00	4	2	0	3	6	281	284	8.9	15.0
Seq7905_288_bp_-1_2_1	AAA23282.1	100.00	4	0	0	6	9	252	255	9	15.0
Seq7905_288_bp_-1_2_2	AAC97205.1	54.55	11	5	0	11	21	285	295	1.3	21.2
Seq7905_288_bp_-1_2_2	CAA73529.1	45.45	11	6	0	12	22	259	269	1.3	19.0
Seq7905_288_bp_-1_2_2	EDO47375.1	55.56	9	4	0	11	19	154	162	1.3	18.4
Seq7905_288_bp_-1_2_2	CAA04196.1	50.00	8	4	0	9	16	258	265	1.4	19.5
Seq7905_288_bp_-1_2_2	AAB96524.1	28.57	14	10	0	8	21	174	187	5.8	16.3
Seq7905_288_bp_-1_2_2	CAA43372.1	55.56	9	4	0	26	34	389	397	6	17.4
Seq7905_288_bp_-1_2_2	AAQ92751.2	50.00	10	5	0	13	22	1034	1043	6.5	19.0
Seq7905_288_bp_-1_2_2	AII71783.1	54.55	11	5	0	19	29	212	222	6.5	16.8
Seq7905_288_bp_-1_2_2	AAA24142.1	100.00	4	0	0	40	43	46	49	6.6	17.4
Seq7905_288_bp_-1_2_2	BAA32991.1	50.00	6	3	0	12	17	23	28	6.6	14.6
Seq7905_288_bp_-1_2_2	CAA45199.1	22.22	36	28	0	8	43	176	211	6.8	17.4
Seq7905_288_bp_-1_2_2	ABD49687.1	57.14	7	3	0	28	34	496	502	7.9	19.0
