Seq7960_291_bp_1_0_0	ABN10845.1	50.00	10	5	0	4	13	25	34	0.18	19.8
Seq7960_291_bp_1_0_0	ABD33854.1	25.00	12	9	0	2	13	9	20	0.23	17.6
Seq7960_291_bp_1_0_0	AAA45888.1	57.14	7	3	0	2	8	60	66	1.4	17.6
Seq7960_291_bp_1_0_0	ACT10338.1	50.00	8	4	0	6	13	380	387	1.4	17.6
Seq7960_291_bp_1_0_0	BAB79260.1	36.36	11	7	0	2	12	202	212	1.7	17.6
Seq7960_291_bp_1_0_0	AAA42531.1	50.00	8	4	0	6	13	80	87	3.8	16.2
Seq7960_291_bp_1_0_0	EDO47375.1	33.33	9	6	0	5	13	112	120	7.8	14.0
Seq7960_291_bp_1_0_0	AAA32624.1	37.50	8	5	0	4	11	155	162	8	15.5
Seq7960_291_bp_1_0_0	AAR31603.1	40.00	5	3	0	3	7	327	331	8.2	14.8
Seq7960_291_bp_1_0_0	CAA26230.1	83.33	6	1	0	7	12	500	505	8.5	15.5
Seq7960_291_bp_1_0_1	AAX84812.1	40.00	15	9	0	22	36	138	152	2.5	17.5
Seq7960_291_bp_1_0_1	AAA23282.1	50.00	21	9	3	9	26	329	349	3	18.6
Seq7960_291_bp_1_0_1	EDO47375.1	50.00	12	6	0	6	17	72	83	5.6	16.0
Seq7960_291_bp_1_0_1	CAA73529.1	28.57	21	15	0	12	32	218	238	5.7	16.5
Seq7960_291_bp_1_0_1	AAB64315.2	50.00	12	6	0	19	30	63	74	9.5	16.0
Seq7960_291_bp_1_0_2	AAA45888.1	45.45	11	6	0	1	11	30	40	0.16	20.5
Seq7960_291_bp_1_0_2	AAA45888.1	36.36	11	7	0	1	11	174	184	0.16	20.5
Seq7960_291_bp_1_0_2	ABN10845.1	36.36	11	7	0	1	11	82	92	1.1	16.9
Seq7960_291_bp_1_0_2	EDO47375.1	36.36	11	7	0	1	11	120	130	1.6	16.2
Seq7960_291_bp_1_0_2	CAA26230.1	80.00	5	1	0	7	11	4	8	2.9	16.9
Seq7960_291_bp_1_0_2	AAB26998.1	44.44	9	5	0	1	9	4	12	3	14.0
Seq7960_291_bp_1_0_2	CAA73529.1	55.56	9	4	0	3	11	117	125	3.8	15.4
Seq7960_291_bp_1_0_2	AAR31603.1	27.27	11	8	0	1	11	73	83	4.5	15.4
Seq7960_291_bp_1_0_2	AAA18786.1	44.44	9	5	0	2	10	20	28	6	14.7
Seq7960_291_bp_1_0_2	BAB79260.1	36.36	11	7	0	1	11	96	106	6.1	15.4
Seq7960_291_bp_1_0_2	ABS38337.1	50.00	8	4	0	4	11	711	718	6.3	16.9
Seq7960_291_bp_1_0_2	ABD33854.1	60.00	5	2	0	5	9	12	16	6.4	12.5
Seq7960_291_bp_1_0_2	ABL74574.1	60.00	5	2	0	6	10	13	17	6.5	14.7
Seq7960_291_bp_1_0_2	AEE27845.1	60.00	5	2	0	6	10	897	901	6.9	16.9
Seq7960_291_bp_1_0_2	BAA32956.1	50.00	6	3	0	6	11	22	27	7.7	14.0
Seq7960_291_bp_1_0_2	AAC97205.1	50.00	6	3	0	5	10	239	244	9.8	16.2
Seq7960_291_bp_1_1_0	CAA04196.1	44.44	9	5	0	6	14	373	381	0.046	22.8
Seq7960_291_bp_1_1_0	AAH69556.1	42.86	14	8	0	1	14	176	189	0.34	19.4
Seq7960_291_bp_1_1_0	AAC97205.1	35.71	14	9	0	1	14	99	112	0.35	21.5
Seq7960_291_bp_1_1_0	ABL74574.1	55.56	9	4	0	6	14	107	115	0.82	18.1
Seq7960_291_bp_1_1_0	AAA65607.1	57.14	7	3	0	4	10	297	303	1	18.1
Seq7960_291_bp_1_1_0	BAA32956.1	40.00	10	6	0	5	14	5	14	1.5	16.8
Seq7960_291_bp_1_1_0	ABN10845.1	80.00	5	1	0	1	5	156	160	1.5	16.8
Seq7960_291_bp_1_1_0	ACH70904.1	44.44	9	5	0	2	10	201	209	1.6	17.4
Seq7960_291_bp_1_1_0	AAB03707.1	33.33	12	8	0	2	13	1281	1292	2.4	18.8
Seq7960_291_bp_1_1_0	AEE27845.1	75.00	8	2	0	6	13	1210	1217	2.5	18.8
Seq7960_291_bp_1_1_0	AAA45888.1	66.67	6	2	0	2	7	73	78	2.7	16.8
Seq7960_291_bp_1_1_0	ACT10338.1	50.00	8	4	0	6	13	61	68	2.7	16.8
Seq7960_291_bp_1_1_0	BAA32018.1	23.08	13	10	0	1	13	259	271	2.8	17.4
Seq7960_291_bp_1_1_0	AAA36565.1	60.00	10	4	0	4	13	127	136	3	15.4
Seq7960_291_bp_1_1_0	BAB17681.1	62.50	8	3	0	6	13	173	180	3.1	16.1
Seq7960_291_bp_1_1_0	BAA32991.1	75.00	4	1	0	11	14	56	59	3.1	14.1
Seq7960_291_bp_1_1_0	ABK71357.1	18.18	11	9	0	1	11	276	286	6.4	15.4
Seq7960_291_bp_1_1_0	AAA42531.1	36.36	11	7	0	3	13	62	72	6.7	15.4
Seq7960_291_bp_1_1_0	AAC17860.1	37.50	8	5	0	5	12	63	70	7	15.4
Seq7960_291_bp_1_1_0	CAA73529.1	60.00	5	2	0	6	10	214	218	7.4	14.8
Seq7960_291_bp_1_1_0	BAB79260.1	50.00	8	4	0	1	8	406	413	7.7	15.4
Seq7960_291_bp_1_1_0	CAA45199.1	57.14	7	3	0	1	7	186	192	8	15.4
Seq7960_291_bp_1_1_1	BAA32991.1	77.78	12	2	3	4	12	23	34	0.0013	25.2
Seq7960_291_bp_1_1_1	ACH70904.1	45.45	11	6	0	1	11	140	150	0.061	22.1
Seq7960_291_bp_1_1_1	AAB26998.1	60.00	5	2	0	5	9	43	47	0.66	16.4
Seq7960_291_bp_1_1_1	AAA42531.1	40.00	5	3	0	2	6	154	158	2.1	17.0
Seq7960_291_bp_1_1_1	ABN10845.1	100.00	2	0	0	9	10	108	109	2.8	15.8
Seq7960_291_bp_1_1_1	AAA45888.1	50.00	4	2	0	7	10	162	165	3.2	16.4
Seq7960_291_bp_1_1_1	AAA26915.1	66.67	3	1	0	8	10	434	436	3.9	16.4
Seq7960_291_bp_1_1_1	AAC97205.1	33.33	9	6	0	5	13	630	638	4.2	17.7
Seq7960_291_bp_1_1_1	CAA43372.1	100.00	2	0	0	9	10	269	270	5.2	15.8
Seq7960_291_bp_1_1_1	ABL74574.1	100.00	3	0	0	3	5	40	42	5.6	15.2
Seq7960_291_bp_1_1_1	AAA25966.1	57.14	8	3	1	4	10	317	324	5.9	16.4
Seq7960_291_bp_1_1_1	AAA36565.1	75.00	4	1	0	1	4	76	79	7.6	13.9
Seq7960_291_bp_1_1_1	BAA32018.1	75.00	4	1	0	9	12	170	173	7.7	15.8
Seq7960_291_bp_1_1_1	AAR37016.1	66.67	6	2	0	2	7	1261	1266	7.8	17.7
Seq7960_291_bp_1_1_1	CAA45199.1	60.00	5	2	0	1	5	81	85	8.8	15.2
Seq7960_291_bp_1_1_1	AAB64315.2	100.00	3	0	0	11	13	19	21	9.5	14.5
Seq7960_291_bp_1_1_2	AEE27845.1	44.44	9	5	0	2	10	3	11	0.29	21.4
Seq7960_291_bp_1_1_2	ACH70904.1	66.67	6	2	0	2	7	73	78	0.43	18.9
Seq7960_291_bp_1_1_2	ABS38337.1	55.56	9	4	0	2	10	430	438	0.48	20.6
Seq7960_291_bp_1_1_2	CAA73529.1	44.44	9	5	0	2	10	259	267	0.58	18.1
Seq7960_291_bp_1_1_2	CAA26230.1	80.00	5	1	0	2	6	9	13	0.66	18.9
Seq7960_291_bp_1_1_2	BAA32018.1	55.56	9	4	0	2	10	88	96	0.74	18.9
Seq7960_291_bp_1_1_2	AAB26998.1	50.00	4	2	0	1	4	76	79	0.94	15.5
Seq7960_291_bp_1_1_2	AAC08817.1	57.14	7	3	0	4	10	55	61	1.1	16.4
Seq7960_291_bp_1_1_2	AAH69556.1	37.50	8	5	0	1	8	24	31	2	16.4
Seq7960_291_bp_1_1_2	AAA65607.1	75.00	4	1	0	1	4	343	346	2.4	16.4
Seq7960_291_bp_1_1_2	AAA42531.1	66.67	6	2	0	1	6	164	169	2.6	16.4
Seq7960_291_bp_1_1_2	AAX84812.1	57.14	7	3	0	3	9	138	144	2.7	15.5
Seq7960_291_bp_1_1_2	BAB79260.1	42.86	7	4	0	3	9	265	271	3	16.4
Seq7960_291_bp_1_1_2	AAA32624.1	50.00	8	4	0	1	8	378	385	3.4	16.4
Seq7960_291_bp_1_1_2	AIR13712.1	57.14	7	3	0	3	9	21	27	3.8	15.5
Seq7960_291_bp_1_1_2	ABG75784.1	66.67	6	2	0	3	8	64	69	6.3	14.7
Seq7960_291_bp_1_1_2	BAE97662.1	57.14	7	3	0	4	10	691	697	7.2	16.4
Seq7960_291_bp_1_1_2	BAA32956.1	66.67	3	1	0	2	4	23	25	7.5	13.9
Seq7960_291_bp_1_1_2	AAQ92751.2	57.14	7	3	0	4	10	730	736	8.6	16.4
Seq7960_291_bp_1_1_2	AAA24969.1	42.86	7	4	0	1	7	956	962	9.4	16.4
Seq7960_291_bp_1_2_0	BAE97662.1	100.00	96	0	0	1	96	435	530	1e-53	198.6
Seq7960_291_bp_1_2_0	AAC17860.1	36.67	30	19	0	45	74	16	45	1.2	20.8
Seq7960_291_bp_1_2_0	ABL74574.1	34.88	51	28	8	50	92	165	215	2	19.6
Seq7960_291_bp_1_2_0	CAA11507.1	37.04	27	17	0	26	52	717	743	2.2	21.7
Seq7960_291_bp_-1_0_0	CAA73529.1	31.25	16	11	0	10	25	7	22	0.64	19.2
Seq7960_291_bp_-1_0_0	AAC78721.1	40.00	15	9	0	2	16	365	379	1.6	19.2
Seq7960_291_bp_-1_0_0	AAA65607.1	71.43	7	2	0	2	8	276	282	2.7	17.5
Seq7960_291_bp_-1_0_0	AAA23282.1	62.50	8	3	0	4	11	14	21	2.8	18.1
Seq7960_291_bp_-1_0_0	AAI27517.1	50.00	10	5	0	13	22	573	582	3	18.1
Seq7960_291_bp_-1_0_0	AAA26915.1	40.00	15	9	0	7	21	194	208	5	17.0
Seq7960_291_bp_-1_0_0	BAB17681.1	26.32	19	14	0	4	22	237	255	6.4	15.8
Seq7960_291_bp_-1_0_0	AAX12058.1	36.36	11	7	0	12	22	89	99	6.4	15.8
Seq7960_291_bp_-1_0_0	AII71783.1	41.67	12	7	0	11	22	199	210	7.1	15.8
Seq7960_291_bp_-1_0_0	CAA74140.1	75.00	8	2	0	15	22	356	363	9.6	17.0
Seq7960_291_bp_-1_0_0	AEE27845.1	35.71	14	9	0	9	22	1217	1230	9.7	17.5
Seq7960_291_bp_-1_0_1	AAB64315.2	62.50	8	3	0	7	14	88	95	1.4	17.9
Seq7960_291_bp_-1_0_1	AAA23282.1	31.25	16	11	0	1	16	423	438	1.6	18.5
Seq7960_291_bp_-1_0_1	ACT10338.1	35.29	17	11	0	1	17	42	58	3.5	16.8
Seq7960_291_bp_-1_0_1	ABS38337.1	45.45	11	6	0	4	14	1105	1115	3.5	18.5
Seq7960_291_bp_-1_0_1	AAA25966.1	55.56	9	4	0	2	10	256	264	4.4	17.3
Seq7960_291_bp_-1_0_1	CAA43372.1	45.45	11	6	0	3	13	137	147	5.5	16.2
Seq7960_291_bp_-1_0_1	AAX12058.1	42.86	7	4	0	2	8	17	23	7.8	15.0
Seq7960_291_bp_-1_0_1	CAA04196.1	50.00	10	5	0	2	11	183	192	8	15.6
Seq7960_291_bp_-1_0_1	AAX84812.1	44.44	9	5	0	4	12	154	162	9.7	14.5
Seq7960_291_bp_-1_1_0	AAA18786.1	40.00	10	6	0	3	12	6	15	0.24	19.5
Seq7960_291_bp_-1_1_0	AEE27845.1	62.50	8	3	0	5	12	873	880	0.76	20.3
Seq7960_291_bp_-1_1_0	AAB96524.1	50.00	10	5	0	3	12	111	120	1.3	16.6
Seq7960_291_bp_-1_1_0	AIR13712.1	25.00	12	9	0	1	12	268	279	1.4	17.3
Seq7960_291_bp_-1_1_0	AAX12058.1	83.33	6	1	0	1	6	31	36	1.9	16.6
Seq7960_291_bp_-1_1_0	ABD33854.1	37.50	8	5	0	4	11	17	24	2	14.4
Seq7960_291_bp_-1_1_0	CAA74140.1	57.14	7	3	0	6	12	903	909	3.8	17.3
Seq7960_291_bp_-1_1_0	BAA32956.1	42.86	7	4	0	2	8	133	139	3.9	15.1
Seq7960_291_bp_-1_1_0	AAX84812.1	33.33	6	4	0	7	12	228	233	4.3	15.1
Seq7960_291_bp_-1_1_0	CAA73529.1	44.44	9	5	0	1	9	90	98	5.1	15.1
Seq7960_291_bp_-1_1_0	ABS38337.1	45.45	11	6	0	1	11	1142	1152	5.1	17.3
Seq7960_291_bp_-1_1_0	AAH69556.1	100.00	4	0	0	8	11	240	243	5.6	15.1
Seq7960_291_bp_-1_1_0	AAI27517.1	27.27	11	8	0	2	12	172	182	6.5	15.9
Seq7960_291_bp_-1_1_0	BAA32018.1	40.00	10	6	0	1	10	184	193	6.8	15.9
Seq7960_291_bp_-1_1_0	BAB17681.1	33.33	6	4	0	7	12	271	276	8.2	14.4
Seq7960_291_bp_-1_1_0	AAR31603.1	75.00	4	1	0	9	12	206	209	9.7	14.4
Seq7960_291_bp_-1_1_1	AAA45888.1	42.86	14	8	0	4	17	61	74	4.3	16.4
Seq7960_291_bp_-1_1_1	AAA36565.1	18.18	11	9	0	4	14	5	15	4.3	15.1
Seq7960_291_bp_-1_1_1	CAA45199.1	60.00	5	2	0	1	5	121	125	5.2	16.4
Seq7960_291_bp_-1_1_1	ABD33854.1	20.00	10	8	0	4	13	13	22	5.8	13.3
Seq7960_291_bp_-1_1_1	AAA42531.1	42.86	14	8	0	4	17	235	248	6.5	15.7
Seq7960_291_bp_-1_1_1	BAB17681.1	100.00	4	0	0	2	5	241	244	7	15.1
Seq7960_291_bp_-1_1_1	AAB26998.1	30.00	10	7	0	7	16	4	13	7.1	13.3
Seq7960_291_bp_-1_1_1	BAA32956.1	12.50	8	7	0	9	16	113	120	8.1	14.5
Seq7960_291_bp_-1_1_1	ABN10845.1	50.00	8	4	0	4	11	26	33	8.3	14.5
Seq7960_291_bp_-1_1_1	CAA26230.1	83.33	6	1	0	10	15	32	37	9.1	15.7
Seq7960_291_bp_-1_1_1	AAA32376.1	44.44	9	5	0	6	14	79	87	9.9	13.9
Seq7960_291_bp_-1_1_2	ACH70904.1	33.33	37	24	1	5	41	143	178	0.081	23.5
Seq7960_291_bp_-1_1_2	ACT10338.1	34.38	32	21	0	4	35	35	66	0.13	22.9
Seq7960_291_bp_-1_1_2	ABN10845.1	35.71	14	9	0	17	30	20	33	1.4	18.6
Seq7960_291_bp_-1_1_2	BAA32991.1	33.33	12	8	0	30	41	22	33	2.7	16.0
Seq7960_291_bp_-1_1_2	ABL74574.1	66.67	9	3	0	28	36	38	46	3.7	17.6
Seq7960_291_bp_-1_1_2	ABG75784.1	57.14	7	3	0	1	7	302	308	4	17.6
Seq7960_291_bp_-1_1_2	AAC17860.1	29.41	17	12	0	9	25	35	51	5.2	17.6
Seq7960_291_bp_-1_1_2	AAC97205.1	31.03	30	20	1	13	41	1159	1188	7.3	18.6
Seq7960_291_bp_-1_1_2	AAA45888.1	31.58	19	13	0	14	32	52	70	9.8	16.5
Seq7960_291_bp_-1_1_3	BAA32956.1	44.44	9	5	0	1	9	131	139	0.6	18.2
Seq7960_291_bp_-1_1_3	ACT10338.1	57.14	7	3	0	5	11	299	305	1.7	17.5
Seq7960_291_bp_-1_1_3	AAC08817.1	55.56	9	4	0	7	15	96	104	2.8	15.6
Seq7960_291_bp_-1_1_3	BAB79260.1	28.57	14	10	0	1	14	201	214	4.8	16.2
Seq7960_291_bp_-1_1_3	AAA45888.1	20.00	15	12	0	1	15	123	137	9.6	14.9
Seq7960_291_bp_-1_1_3	AAA42531.1	45.45	11	6	0	3	13	304	314	9.7	14.9
Seq7960_291_bp_-1_2_0	ABD33854.1	38.46	13	8	0	1	13	10	22	0.22	17.7
Seq7960_291_bp_-1_2_0	CAA73529.1	50.00	12	6	0	2	13	80	91	0.56	18.5
Seq7960_291_bp_-1_2_0	AAH69556.1	100.00	5	0	0	6	10	190	194	2.8	16.3
Seq7960_291_bp_-1_2_0	BAB79260.1	50.00	10	5	0	2	11	205	214	4.2	16.3
Seq7960_291_bp_-1_2_0	ABN10845.1	62.50	8	3	0	1	8	27	34	5.5	14.8
Seq7960_291_bp_-1_2_0	AAB26998.1	44.44	9	5	0	2	10	4	12	5.5	13.3
Seq7960_291_bp_-1_2_0	CAA43372.1	33.33	12	8	0	2	13	102	113	6.2	15.5
Seq7960_291_bp_-1_2_0	AAA32624.1	18.18	11	9	0	2	12	155	165	7.8	15.5
Seq7960_291_bp_-1_2_0	AIR13712.1	25.00	12	9	0	1	12	3	14	8.1	14.8
Seq7960_291_bp_-1_2_0	AAF01122.1	36.36	11	7	0	1	11	305	315	9.2	14.8
Seq7960_291_bp_-1_2_1	AAR31603.1	100.00	5	0	0	12	16	265	269	0.35	19.7
Seq7960_291_bp_-1_2_1	CAA26230.1	50.00	10	5	0	3	12	269	278	0.37	20.4
Seq7960_291_bp_-1_2_1	AAB64315.2	41.67	12	7	0	2	13	226	237	0.93	18.3
Seq7960_291_bp_-1_2_1	AAA18786.1	44.44	9	5	0	8	16	236	244	2	16.9
Seq7960_291_bp_-1_2_1	AAC97205.1	60.00	10	4	0	3	12	1231	1240	2.1	19.0
Seq7960_291_bp_-1_2_1	AAA32624.1	71.43	7	2	0	9	15	36	42	2.4	17.6
Seq7960_291_bp_-1_2_1	ABN10845.1	27.27	11	8	0	1	11	24	34	2.6	16.2
Seq7960_291_bp_-1_2_1	ABD33854.1	40.00	10	6	0	2	11	11	20	3.3	14.1
Seq7960_291_bp_-1_2_1	BAB70780.1	40.00	15	9	0	2	16	51	65	3.6	16.9
Seq7960_291_bp_-1_2_1	AAA45888.1	44.44	9	5	0	4	12	59	67	4.5	16.2
Seq7960_291_bp_-1_2_1	CAA04196.1	40.00	10	6	0	7	16	6	15	4.9	16.2
Seq7960_291_bp_-1_2_1	BAB79260.1	27.27	11	8	0	2	12	93	103	5.3	16.2
Seq7960_291_bp_-1_2_1	AAA32376.1	36.36	11	7	0	3	13	131	141	5.4	14.8
Seq7960_291_bp_-1_2_1	CAA45199.1	36.36	11	7	0	5	15	36	46	5.5	16.2
Seq7960_291_bp_-1_2_1	AAB26998.1	37.50	8	5	0	5	12	6	13	6.5	13.4
Seq7960_291_bp_-1_2_1	AAA42531.1	40.00	10	6	0	5	14	80	89	7.3	15.5
Seq7960_291_bp_-1_2_1	AAX12058.1	50.00	12	6	0	4	15	211	222	8.3	14.8
Seq7960_291_bp_-1_2_1	AAB96524.1	46.15	13	7	0	1	13	3	15	9.1	14.1
Seq7960_291_bp_-1_2_1	AAQ92751.2	46.15	13	7	0	3	15	287	299	9.6	16.9
Seq7960_291_bp_-1_2_2	BAB79260.1	33.33	18	12	0	3	20	153	170	0.31	21.0
Seq7960_291_bp_-1_2_2	AAA72732.1	41.67	12	7	0	11	22	8	19	0.46	19.9
Seq7960_291_bp_-1_2_2	AAR31603.1	66.67	9	3	0	1	9	299	307	0.48	19.9
Seq7960_291_bp_-1_2_2	ABS38337.1	85.71	7	1	0	17	23	397	403	2.7	19.3
Seq7960_291_bp_-1_2_2	ABD33854.1	33.33	12	8	0	9	20	12	23	3	14.9
Seq7960_291_bp_-1_2_2	AAA24142.1	45.45	11	6	0	15	25	35	45	6.4	16.5
Seq7960_291_bp_-1_2_2	AAB26998.1	42.86	7	4	0	17	23	53	59	7.7	13.7
Seq7960_291_bp_-1_2_2	CAA04196.1	40.00	10	6	0	3	12	296	305	8.6	16.0
Seq7960_291_bp_-1_2_2	BAA32018.1	44.44	9	5	0	6	14	364	372	8.7	16.5
Seq7960_291_bp_-1_2_2	AII71783.1	41.67	12	7	0	3	14	214	225	9.2	15.4
Seq7960_291_bp_-1_2_3	AAA42531.1	40.00	10	6	0	2	11	220	229	0.16	20.8
Seq7960_291_bp_-1_2_3	BAB17681.1	27.27	11	8	0	3	13	177	187	0.31	19.3
Seq7960_291_bp_-1_2_3	BAA32956.1	60.00	5	2	0	7	11	7	11	0.39	18.6
Seq7960_291_bp_-1_2_3	BAA32991.1	40.00	5	3	0	3	7	44	48	0.56	16.5
Seq7960_291_bp_-1_2_3	CAA26230.1	27.27	11	8	0	3	13	383	393	0.63	19.3
Seq7960_291_bp_-1_2_3	ABL74574.1	57.14	7	3	0	1	7	39	45	0.87	17.9
Seq7960_291_bp_-1_2_3	AAR37016.1	57.14	7	3	0	2	8	520	526	0.97	20.8
Seq7960_291_bp_-1_2_3	ABS38337.1	42.86	7	4	0	7	13	454	460	1.4	19.3
Seq7960_291_bp_-1_2_3	EDO47375.1	60.00	5	2	0	3	7	167	171	1.5	16.5
Seq7960_291_bp_-1_2_3	AAB64315.2	33.33	12	8	0	1	12	209	220	1.6	17.2
Seq7960_291_bp_-1_2_3	AAB26998.1	33.33	6	4	0	3	8	73	78	1.7	15.0
Seq7960_291_bp_-1_2_3	ACT10338.1	66.67	6	2	0	1	6	130	135	1.9	17.2
Seq7960_291_bp_-1_2_3	AAC97205.1	60.00	5	2	0	3	7	1184	1188	2.2	18.6
Seq7960_291_bp_-1_2_3	AAB96524.1	60.00	5	2	0	9	13	164	168	2.5	15.8
Seq7960_291_bp_-1_2_3	ABG75784.1	50.00	8	4	0	1	8	23	30	2.5	16.5
Seq7960_291_bp_-1_2_3	AAA23282.1	50.00	6	3	0	8	13	542	547	2.8	17.2
Seq7960_291_bp_-1_2_3	AAA45888.1	50.00	6	3	0	8	13	42	47	3.1	16.5
Seq7960_291_bp_-1_2_3	CAA04196.1	40.00	5	3	0	7	11	184	188	3.3	16.5
Seq7960_291_bp_-1_2_3	AAA18786.1	50.00	8	4	0	6	13	34	41	3.5	15.8
Seq7960_291_bp_-1_2_3	AAA36565.1	37.50	8	5	0	3	10	161	168	3.6	15.0
Seq7960_291_bp_-1_2_3	AAH69556.1	42.86	7	4	0	3	9	47	53	4	15.8
Seq7960_291_bp_-1_2_3	AII71783.1	60.00	5	2	0	9	13	228	232	4	15.8
Seq7960_291_bp_-1_2_3	AAA32624.1	45.45	11	6	0	1	11	364	374	4.1	16.5
Seq7960_291_bp_-1_2_3	AAF01122.1	62.50	8	3	0	5	12	309	316	4.9	15.8
Seq7960_291_bp_-1_2_3	BAB79260.1	50.00	8	4	0	3	10	326	333	5.8	15.8
Seq7960_291_bp_-1_2_3	BAB70780.1	33.33	6	4	0	3	8	302	307	6.2	15.8
