Seq8056_276_bp_1_0_0	ENA|AAQ92751|AAQ92751.2	50.00	8	4	0	15	22	704	711	2.1	19.7
Seq8056_276_bp_1_0_0	ENA|AAA72732|AAA72732.1	40.00	10	6	0	13	22	91	100	3.4	16.8
Seq8056_276_bp_1_0_0	ENA|AAA36114|AAA36114.1	44.44	9	5	0	3	11	58	66	3.7	17.4
Seq8056_276_bp_1_0_0	ENA|CAA26939|CAA26939.1	55.56	9	4	0	7	15	383	391	4.2	17.4
Seq8056_276_bp_1_0_0	ENA|CAL82360|CAL82360.1	80.00	5	1	0	1	5	1054	1058	4.2	18.6
Seq8056_276_bp_1_0_0	ENA|AAA24145|AAA24145.1	40.00	10	6	0	12	21	434	443	5	16.8
Seq8056_276_bp_1_0_0	ENA|AAF79734|AAF79734.1	83.33	6	1	0	13	18	139	144	6.9	18.0
Seq8056_276_bp_1_0_0	ENA|AAC97205|AAC97205.1	66.67	9	3	0	3	11	578	586	8.6	17.4
Seq8056_276_bp_1_0_0	ENA|AAC17860|AAC17860.1	80.00	5	1	0	16	20	251	255	9.5	15.7
Seq8056_276_bp_1_0_0	ENA|AAB66912|AAB66912.1	55.56	9	4	0	14	22	153	161	9.6	16.8
Seq8056_276_bp_1_0_0	ENA|EDO47375|EDO47375.1	55.56	9	4	0	11	19	118	126	9.7	14.5
Seq8056_276_bp_1_0_0	ENA|AAS77176|AAS77176.1	60.00	5	2	0	13	17	258	262	9.9	15.1
Seq8056_276_bp_1_0_1	ENA|AAR37016|AAR37016.1	44.44	9	5	0	2	10	1455	1463	0.18	22.8
Seq8056_276_bp_1_0_1	ENA|BAA05866|BAA05866.1	57.14	7	3	0	1	7	227	233	0.97	17.5
Seq8056_276_bp_1_0_1	ENA|AAA25966|AAA25966.1	66.67	6	2	0	1	6	439	444	1.4	18.1
Seq8056_276_bp_1_0_1	ENA|AAB96524|AAB96524.1	75.00	4	1	0	4	7	60	63	2.4	15.4
Seq8056_276_bp_1_0_1	ENA|AAC40132|AAC40132.1	50.00	6	3	0	3	8	69	74	2.4	16.8
Seq8056_276_bp_1_0_1	ENA|AAR31603|AAR31603.1	60.00	5	2	0	3	7	100	104	2.6	16.1
Seq8056_276_bp_1_0_1	ENA|BAA32991|BAA32991.1	50.00	4	2	0	3	6	25	28	3.5	13.4
Seq8056_276_bp_1_0_1	ENA|BAA36759|BAA36759.1	80.00	5	1	0	1	5	109	113	3.6	15.4
Seq8056_276_bp_1_0_1	ENA|CAA36714|CAA36714.1	50.00	8	4	0	1	8	151	158	3.7	16.1
Seq8056_276_bp_1_0_1	ENA|ABG75784|ABG75784.1	50.00	6	3	0	1	6	190	195	3.9	15.4
Seq8056_276_bp_1_0_1	ENA|CAL82360|CAL82360.1	60.00	5	2	0	5	9	1281	1285	4	17.5
Seq8056_276_bp_1_0_1	ENA|AAF79734|AAF79734.1	80.00	5	1	0	2	6	1006	1010	4.5	17.5
Seq8056_276_bp_1_0_1	ENA|CAA24711|CAA24711.1	44.44	9	5	0	1	9	68	76	5.4	14.1
Seq8056_276_bp_1_0_1	ENA|CAA36214|CAA36214.1	25.00	8	6	0	2	9	277	284	6	14.8
Seq8056_276_bp_1_0_1	ENA|CAA11507|CAA11507.1	50.00	6	3	0	4	9	587	592	6.6	16.8
Seq8056_276_bp_1_0_1	ENA|ABN10845|ABN10845.1	40.00	5	3	0	5	9	22	26	6.7	14.1
Seq8056_276_bp_1_0_1	ENA|ACT10338|ACT10338.1	75.00	4	1	0	3	6	295	298	7.5	14.8
Seq8056_276_bp_1_0_1	ENA|AAA18786|AAA18786.1	14.29	7	6	0	2	8	24	30	8.1	14.1
Seq8056_276_bp_1_0_1	ENA|EDO47375|EDO47375.1	75.00	4	1	0	1	4	71	74	9.1	13.4
Seq8056_276_bp_1_0_1	ENA|AAA36114|AAA36114.1	100.00	3	0	0	8	10	286	288	9.6	14.8
Seq8056_276_bp_1_0_2	ENA|AAA18786|AAA18786.1	46.15	13	7	0	5	17	2	14	0.064	22.5
Seq8056_276_bp_1_0_2	ENA|BAB79260|BAB79260.1	63.64	11	4	0	11	21	348	358	0.34	20.8
Seq8056_276_bp_1_0_2	ENA|ABN10845|ABN10845.1	36.84	19	12	0	3	21	74	92	0.52	19.1
Seq8056_276_bp_1_0_2	ENA|AAQ92751|AAQ92751.2	100.00	5	0	0	19	23	1085	1089	1	20.8
Seq8056_276_bp_1_0_2	ENA|CAA26023|CAA26023.1	54.55	11	5	0	12	22	33	43	1.9	18.0
Seq8056_276_bp_1_0_2	ENA|EDO47375|EDO47375.1	37.50	16	10	0	4	19	109	124	2.1	16.9
Seq8056_276_bp_1_0_2	ENA|AAC78721|AAC78721.1	57.14	7	3	0	2	8	380	386	2.3	18.6
Seq8056_276_bp_1_0_2	ENA|CAA26939|CAA26939.1	72.73	14	3	3	3	16	88	98	2.9	18.0
Seq8056_276_bp_1_0_2	ENA|CAA73529|CAA73529.1	66.67	6	2	0	1	6	236	241	4.3	16.4
Seq8056_276_bp_1_0_2	ENA|AAC26660|AAC26660.1	41.67	12	7	0	1	12	2	13	5.8	15.8
Seq8056_276_bp_1_0_2	ENA|AAA42531|AAA42531.1	50.00	10	5	0	8	17	120	129	6	16.4
Seq8056_276_bp_1_0_2	ENA|BAA32956|BAA32956.1	58.33	13	5	1	10	21	143	155	7	15.3
Seq8056_276_bp_1_0_2	ENA|ABG75784|ABG75784.1	66.67	6	2	0	2	7	176	181	7	15.8
Seq8056_276_bp_1_0_2	ENA|AAA72732|AAA72732.1	38.46	13	8	0	6	18	182	194	7	15.8
Seq8056_276_bp_1_0_2	ENA|AAA24145|AAA24145.1	80.00	5	1	0	20	24	312	316	7.1	16.4
Seq8056_276_bp_1_0_2	ENA|CAA29956|CAA29956.1	75.00	4	1	0	18	21	290	293	8.4	15.8
Seq8056_276_bp_1_0_3	ENA|AAQ92751|AAQ92751.2	46.15	13	7	0	2	14	1296	1308	5.1	18.6
Seq8056_276_bp_1_1_0	ENA|BAA05866|BAA05866.1	50.00	6	3	0	3	8	187	192	2.6	16.1
Seq8056_276_bp_1_1_0	ENA|BAA32991|BAA32991.1	40.00	5	3	0	6	10	24	28	3.2	13.7
Seq8056_276_bp_1_1_0	ENA|BAB17681|BAB17681.1	44.44	9	5	0	2	10	179	187	5.3	14.9
Seq8056_276_bp_1_1_0	ENA|BAB79260|BAB79260.1	75.00	4	1	0	8	11	439	442	5.7	15.5
Seq8056_276_bp_1_1_0	ENA|AAA36539|AAA36539.1	60.00	5	2	0	6	10	18	22	6	15.5
Seq8056_276_bp_1_1_0	ENA|AAC49865|AAC49865.1	66.67	6	2	0	1	6	85	90	6.3	14.9
Seq8056_276_bp_1_1_0	ENA|ABN10845|ABN10845.1	100.00	2	0	0	10	11	108	109	6.4	14.3
Seq8056_276_bp_1_1_0	ENA|AAC17860|AAC17860.1	80.00	5	1	0	2	6	155	159	7.8	14.9
Seq8056_276_bp_1_1_1	ENA|ABD49687|ABD49687.1	55.56	22	8	4	22	43	223	240	0.55	23.2
Seq8056_276_bp_1_1_1	ENA|AAA42531|AAA42531.1	47.06	17	9	0	28	44	229	245	0.8	20.4
Seq8056_276_bp_1_1_1	ENA|AAR31603|AAR31603.1	57.14	7	3	0	19	25	146	152	1.4	19.4
Seq8056_276_bp_1_1_1	ENA|AAA18786|AAA18786.1	40.00	10	6	0	5	14	23	32	3.5	17.7
Seq8056_276_bp_1_1_1	ENA|AAB96524|AAB96524.1	44.44	9	5	0	4	12	162	170	3.6	17.2
Seq8056_276_bp_1_1_1	ENA|AAC26660|AAC26660.1	45.45	11	6	0	31	41	212	222	4.9	17.2
Seq8056_276_bp_1_1_1	ENA|AAA25966|AAA25966.1	60.00	10	4	0	33	42	667	676	6.4	18.3
Seq8056_276_bp_1_1_1	ENA|CAA26023|CAA26023.1	66.67	6	2	0	21	26	160	165	7.2	17.2
Seq8056_276_bp_1_1_1	ENA|EDO47375|EDO47375.1	80.00	5	1	0	27	31	79	83	7.5	16.1
Seq8056_276_bp_1_1_1	ENA|ABN10845|ABN10845.1	42.86	14	8	0	17	30	29	42	8.5	16.1
Seq8056_276_bp_1_1_1	ENA|AAA36539|AAA36539.1	46.15	14	7	1	31	43	31	44	8.8	17.2
Seq8056_276_bp_1_1_1	ENA|CAA45708|CAA45708.1	60.00	10	4	0	28	37	893	902	9.1	18.8
Seq8056_276_bp_1_1_1	ENA|AAR37016|AAR37016.1	55.56	9	4	0	9	17	304	312	9.6	19.4
Seq8056_276_bp_1_1_1	ENA|CAB75732|CAB75732.1	75.00	8	2	0	1	8	24	31	10	18.3
Seq8056_276_bp_1_2_0	ENA|CAA26939|CAA26939.1	100.00	91	0	0	1	91	146	236	1.8e-79	283.1
Seq8056_276_bp_1_2_0	ENA|AAA32624|AAA32624.1	37.21	89	54	3	3	91	103	188	2.1e-15	70.1
Seq8056_276_bp_1_2_0	ENA|AAA72732|AAA72732.1	31.82	69	45	3	13	80	136	202	0.0096	27.3
Seq8056_276_bp_1_2_0	ENA|CCP43727|CCP43727.1	53.85	13	6	0	27	39	256	268	1.3	20.3
Seq8056_276_bp_1_2_0	ENA|CAA36214|CAA36214.1	46.67	16	8	1	52	66	179	194	2.4	19.3
Seq8056_276_bp_1_2_0	ENA|AAC08817|AAC08817.1	62.50	8	3	0	83	90	128	135	2.5	18.3
Seq8056_276_bp_1_2_0	ENA|AAB26998|AAB26998.1	41.67	12	7	0	32	43	34	45	2.5	17.3
Seq8056_276_bp_1_2_0	ENA|CAA28033|CAA28033.1	53.33	16	7	1	55	70	801	815	2.6	21.3
Seq8056_276_bp_1_2_0	ENA|AAA24145|AAA24145.1	28.57	28	20	0	40	67	109	136	3.7	19.3
Seq8056_276_bp_1_2_0	ENA|CAA29968|CAA29968.1	55.56	9	4	0	12	20	65	73	6.1	17.3
Seq8056_276_bp_1_2_0	ENA|AAC26660|AAC26660.1	71.43	7	2	0	25	31	92	98	7.9	17.3
Seq8056_276_bp_-1_0_0	ENA|CAA26023|CAA26023.1	53.85	15	6	2	9	23	106	118	1.1	18.8
Seq8056_276_bp_-1_0_0	ENA|AAA42531|AAA42531.1	54.55	11	5	0	10	20	108	118	3.4	17.2
Seq8056_276_bp_-1_0_0	ENA|CAA28033|CAA28033.1	57.14	7	3	0	4	10	197	203	3.6	18.8
Seq8056_276_bp_-1_0_0	ENA|ABG75784|ABG75784.1	100.00	4	0	0	18	21	311	314	4	16.6
Seq8056_276_bp_-1_0_0	ENA|ABK71357|ABK71357.1	46.15	13	7	0	11	23	313	325	4.7	16.6
Seq8056_276_bp_-1_0_0	ENA|AAS77176|AAS77176.1	45.45	11	6	0	1	11	74	84	5.3	16.1
Seq8056_276_bp_-1_0_0	ENA|BAA32991|BAA32991.1	100.00	3	0	0	19	21	42	44	5.7	13.9
Seq8056_276_bp_-1_0_0	ENA|AAB26998|AAB26998.1	83.33	6	1	0	11	16	2	7	6.5	13.9
Seq8056_276_bp_-1_0_0	ENA|CAA43419|CAA43419.1	63.64	14	4	3	7	20	165	175	6.7	16.1
Seq8056_276_bp_-1_0_0	ENA|ABD49687|ABD49687.1	66.67	6	2	0	3	8	1536	1541	9.7	17.7
Seq8056_276_bp_-1_0_1	ENA|CAA45199|CAA45199.1	71.43	7	2	0	4	10	453	459	3.3	17.3
Seq8056_276_bp_-1_0_1	ENA|BAB17681|BAB17681.1	54.55	11	5	0	9	19	163	173	3.8	16.3
Seq8056_276_bp_-1_0_1	ENA|ABG75784|ABG75784.1	38.46	13	8	0	3	15	255	267	6	15.8
Seq8056_276_bp_-1_0_1	ENA|EDO47375|EDO47375.1	66.67	6	2	0	10	15	121	126	7.2	14.8
Seq8056_276_bp_-1_0_1	ENA|ABD49687|ABD49687.1	35.29	17	11	0	1	17	492	508	8	17.8
Seq8056_276_bp_-1_0_1	ENA|AAB26998|AAB26998.1	50.00	6	3	0	9	14	72	77	8.4	13.3
Seq8056_276_bp_-1_0_1	ENA|CAA43419|CAA43419.1	40.00	16	9	1	1	15	290	305	9.6	15.3
Seq8056_276_bp_-1_0_2	ENA|ACT10338|ACT10338.1	44.44	9	5	0	8	16	30	38	2.5	18.3
Seq8056_276_bp_-1_0_2	ENA|AAS77176|AAS77176.1	71.43	7	2	0	26	32	175	181	2.7	17.8
Seq8056_276_bp_-1_0_2	ENA|AAA18786|AAA18786.1	100.00	4	0	0	5	8	260	263	3.4	17.3
Seq8056_276_bp_-1_0_2	ENA|AAA36114|AAA36114.1	62.50	8	3	0	8	15	397	404	4.6	17.8
Seq8056_276_bp_-1_0_2	ENA|AAA24145|AAA24145.1	50.00	10	5	0	26	35	238	247	5.8	17.3
Seq8056_276_bp_-1_0_2	ENA|ABG75784|ABG75784.1	55.56	9	4	0	21	29	224	232	7.6	16.3
Seq8056_276_bp_-1_0_2	ENA|CAL82360|CAL82360.1	37.50	16	10	0	1	16	62	77	8	18.3
Seq8056_276_bp_-1_1_0	ENA|CAA26939|CAA26939.1	75.00	8	2	0	6	13	308	315	0.8	20.0
Seq8056_276_bp_-1_1_0	ENA|AAC08817|AAC08817.1	71.43	7	2	0	6	12	121	127	1.4	17.3
Seq8056_276_bp_-1_1_0	ENA|AAA42531|AAA42531.1	80.00	5	1	0	21	25	223	227	1.6	18.4
Seq8056_276_bp_-1_1_0	ENA|BAA32991|BAA32991.1	75.00	4	1	0	2	5	32	35	3.7	14.7
Seq8056_276_bp_-1_1_0	ENA|BAA32956|BAA32956.1	50.00	6	3	0	1	6	153	158	3.7	16.3
Seq8056_276_bp_-1_1_0	ENA|AAR37016|AAR37016.1	50.00	12	6	0	3	14	169	180	4.6	19.4
Seq8056_276_bp_-1_1_0	ENA|AAB03707|AAB03707.1	55.56	9	4	0	15	23	6	14	5.6	18.4
Seq8056_276_bp_-1_1_0	ENA|AAA32624|AAA32624.1	33.33	15	10	0	6	20	226	240	6.3	16.8
Seq8056_276_bp_-1_1_0	ENA|CAA73529|CAA73529.1	100.00	4	0	0	6	9	154	157	6.8	15.7
Seq8056_276_bp_-1_1_0	ENA|ACH70901|ACH70901.1	36.36	11	7	0	13	23	280	290	8.8	15.7
Seq8056_276_bp_-1_1_0	ENA|AAB96524|AAB96524.1	80.00	5	1	0	3	7	110	114	9.4	14.7
Seq8056_276_bp_-1_1_1	ENA|CAA36214|CAA36214.1	35.71	14	9	0	7	20	154	167	1.6	18.1
Seq8056_276_bp_-1_1_1	ENA|AAC08817|AAC08817.1	47.06	17	9	0	10	26	63	79	2.4	16.5
Seq8056_276_bp_-1_1_1	ENA|AAA32624|AAA32624.1	83.33	6	1	0	10	15	13	18	2.8	18.1
Seq8056_276_bp_-1_1_1	ENA|CAA26023|CAA26023.1	66.67	6	2	0	14	19	131	136	5.7	16.5
Seq8056_276_bp_-1_1_1	ENA|EDO47375|EDO47375.1	41.67	28	14	4	2	25	79	106	5.7	15.5
Seq8056_276_bp_-1_1_1	ENA|CAA11507|CAA11507.1	33.33	21	14	0	1	21	930	950	6.9	18.1
Seq8056_276_bp_-1_1_1	ENA|AAC78721|AAC78721.1	28.57	14	10	0	10	23	634	647	7	17.1
Seq8056_276_bp_-1_1_1	ENA|CAA24711|CAA24711.1	37.50	8	5	0	7	14	15	22	7.4	15.0
Seq8056_276_bp_-1_1_1	ENA|AAC26660|AAC26660.1	100.00	5	0	0	20	24	5	9	7.7	15.5
Seq8056_276_bp_-1_1_1	ENA|AAA18786|AAA18786.1	57.14	7	3	0	14	20	89	95	8	15.5
Seq8056_276_bp_-1_1_1	ENA|BAB17681|BAB17681.1	71.43	7	2	0	11	17	4	10	8.2	15.5
Seq8056_276_bp_-1_1_1	ENA|AAC17860|AAC17860.1	100.00	4	0	0	14	17	38	41	8.5	16.0
Seq8056_276_bp_-1_1_1	ENA|AAI27517|AAI27517.1	50.00	8	4	0	8	15	250	257	8.6	16.5
Seq8056_276_bp_-1_1_2	ENA|EDO47375|EDO47375.1	33.33	18	12	0	4	21	88	105	0.5	19.4
Seq8056_276_bp_-1_1_2	ENA|CAA28033|CAA28033.1	50.00	24	11	2	2	23	885	908	0.56	22.1
Seq8056_276_bp_-1_1_2	ENA|AAA72732|AAA72732.1	36.84	19	12	0	2	20	158	176	2.5	17.8
Seq8056_276_bp_-1_1_2	ENA|CAA36214|CAA36214.1	31.58	19	13	0	1	19	281	299	3.4	17.3
Seq8056_276_bp_-1_1_2	ENA|ABG75784|ABG75784.1	44.44	9	5	0	7	15	41	49	3.5	17.3
Seq8056_276_bp_-1_1_2	ENA|CAA45199|CAA45199.1	43.75	17	9	1	6	21	105	121	3.7	17.8
Seq8056_276_bp_-1_1_2	ENA|CAA43419|CAA43419.1	66.67	14	4	2	21	32	235	248	4.1	17.3
Seq8056_276_bp_-1_1_2	ENA|ACT10338|ACT10338.1	50.00	14	7	0	6	19	189	202	4.3	17.3
Seq8056_276_bp_-1_1_2	ENA|ABD49687|ABD49687.1	41.67	12	7	0	6	17	58	69	4.4	19.4
Seq8056_276_bp_-1_1_2	ENA|AAF79734|AAF79734.1	57.14	7	3	0	27	33	1176	1182	7.5	18.4
Seq8056_276_bp_-1_1_2	ENA|BAB17681|BAB17681.1	50.00	8	4	0	12	19	74	81	8.8	15.7
Seq8056_276_bp_-1_1_2	ENA|ABD33854|ABD33854.1	33.33	9	6	0	16	24	9	17	8.8	13.6
Seq8056_276_bp_-1_1_2	ENA|ABN10845|ABN10845.1	71.43	7	2	0	6	12	63	69	9.9	15.2
Seq8056_276_bp_-1_2_0	ENA|CAA26939|CAA26939.1	58.82	17	7	0	22	38	199	215	0.033	25.3
Seq8056_276_bp_-1_2_0	ENA|AAC17860|AAC17860.1	55.56	9	4	0	13	21	342	350	1.1	19.8
Seq8056_276_bp_-1_2_0	ENA|AAA32624|AAA32624.1	41.67	12	7	0	27	38	156	167	2.9	18.7
Seq8056_276_bp_-1_2_0	ENA|AAI27517|AAI27517.1	32.00	25	17	0	12	36	239	263	3.2	18.7
Seq8056_276_bp_-1_2_0	ENA|AAB26998|AAB26998.1	36.36	11	7	0	16	26	41	51	4.2	15.4
Seq8056_276_bp_-1_2_0	ENA|AAC97205|AAC97205.1	50.00	16	7	2	10	23	248	263	4.5	19.2
Seq8056_276_bp_-1_2_0	ENA|AAB03707|AAB03707.1	71.43	7	2	0	35	41	175	181	5.1	19.2
Seq8056_276_bp_-1_2_0	ENA|AAA18786|AAA18786.1	100.00	5	0	0	24	28	211	215	6.5	16.5
Seq8056_276_bp_-1_2_0	ENA|CAL82360|CAL82360.1	72.73	15	3	4	26	36	982	996	6.8	18.7
Seq8056_276_bp_-1_2_0	ENA|AAS77176|AAS77176.1	83.33	6	1	0	21	26	245	250	7	16.5
Seq8056_276_bp_-1_2_0	ENA|AAB66912|AAB66912.1	41.67	12	7	0	22	33	808	819	7.2	18.1
Seq8056_276_bp_-1_2_0	ENA|AAR31603|AAR31603.1	100.00	3	0	0	19	21	151	153	7.9	16.5
Seq8056_276_bp_-1_2_0	ENA|AAA42531|AAA42531.1	27.27	11	8	0	29	39	61	71	9.2	16.5
Seq8056_276_bp_-1_2_1	ENA|ABN10845|ABN10845.1	61.54	13	5	0	14	26	64	76	0.25	20.4
Seq8056_276_bp_-1_2_1	ENA|ABG75784|ABG75784.1	46.67	16	8	1	13	27	121	136	1.7	18.2
Seq8056_276_bp_-1_2_1	ENA|CAA26939|CAA26939.1	66.67	9	3	0	10	18	296	304	2.1	18.7
Seq8056_276_bp_-1_2_1	ENA|AAR31603|AAR31603.1	71.43	7	2	0	6	12	302	308	2.6	17.6
Seq8056_276_bp_-1_2_1	ENA|AAA25966|AAA25966.1	40.00	15	9	0	1	15	19	33	2.6	18.7
Seq8056_276_bp_-1_2_1	ENA|CAA11507|CAA11507.1	60.00	10	4	0	13	22	2	11	3.4	19.3
Seq8056_276_bp_-1_2_1	ENA|AAC08817|AAC08817.1	80.00	5	1	0	10	14	122	126	3.9	15.9
Seq8056_276_bp_-1_2_1	ENA|AAR37016|AAR37016.1	62.50	8	3	0	19	26	548	555	5.7	19.3
Seq8056_276_bp_-1_2_1	ENA|AAC17860|AAC17860.1	100.00	5	0	0	5	9	388	392	6.7	16.5
Seq8056_276_bp_-1_2_1	ENA|BAA32956|BAA32956.1	54.55	11	5	0	15	25	3	13	7.4	15.4
Seq8056_276_bp_-1_2_1	ENA|CAA28033|CAA28033.1	46.15	13	7	0	13	25	852	864	9.6	17.6
Seq8056_276_bp_-1_2_2	ENA|AAC49865|AAC49865.1	50.00	8	4	0	1	8	236	243	0.9	17.7
Seq8056_276_bp_-1_2_2	ENA|AAA32624|AAA32624.1	80.00	5	1	0	2	6	249	253	0.96	18.3
Seq8056_276_bp_-1_2_2	ENA|CCP43727|CCP43727.1	66.67	6	2	0	3	8	227	232	1.4	17.1
Seq8056_276_bp_-1_2_2	ENA|BAA05866|BAA05866.1	50.00	8	4	0	3	10	218	225	1.9	16.5
Seq8056_276_bp_-1_2_2	ENA|AAC08817|AAC08817.1	50.00	8	4	0	2	9	121	128	3.3	14.7
Seq8056_276_bp_-1_2_2	ENA|CAA28033|CAA28033.1	62.50	8	3	0	1	8	1019	1026	3.5	17.7
Seq8056_276_bp_-1_2_2	ENA|BAA32991|BAA32991.1	60.00	5	2	0	4	8	64	68	4.8	12.9
Seq8056_276_bp_-1_2_2	ENA|CAA36714|CAA36714.1	57.14	7	3	0	1	7	412	418	6.3	15.3
Seq8056_276_bp_-1_2_2	ENA|BAA32956|BAA32956.1	75.00	4	1	0	2	5	163	166	6.4	14.1
Seq8056_276_bp_-1_2_2	ENA|ABD49687|ABD49687.1	66.67	6	2	0	2	7	140	145	6.7	17.1
Seq8056_276_bp_-1_2_2	ENA|AAA72732|AAA72732.1	100.00	3	0	0	8	10	112	114	9.3	14.1
Seq8056_276_bp_-1_2_2	ENA|ABN10845|ABN10845.1	66.67	6	2	0	4	9	199	204	9.7	13.5
Seq8056_276_bp_-1_2_2	ENA|AAR31603|AAR31603.1	100.00	3	0	0	1	3	307	309	9.7	14.1
