Seq8413_486_bp_1_0_0	AAI27517.1	100.00	162	0	0	1	162	401	562	5.3e-69	249.2
Seq8413_486_bp_1_0_0	BAB17681.1	16.00	84	63	9	31	113	5	80	1.6	20.6
Seq8413_486_bp_1_0_0	CAA26230.1	23.91	49	35	3	1	48	417	463	1.7	21.5
Seq8413_486_bp_1_0_0	AAR37016.1	28.89	47	32	2	95	139	442	488	1.9	23.5
Seq8413_486_bp_1_0_0	ABD49687.1	27.17	104	67	12	61	157	1584	1682	2.2	22.7
Seq8413_486_bp_1_0_0	AAC97205.1	30.77	41	27	2	98	138	2	40	2.3	22.3
Seq8413_486_bp_1_0_0	AAA24969.1	21.18	94	67	9	16	100	735	828	2.8	22.3
Seq8413_486_bp_1_0_0	BAA32956.1	24.49	51	37	2	100	150	155	203	2.8	19.4
Seq8413_486_bp_1_0_0	CAA74140.1	29.87	90	54	13	47	125	594	681	4.6	20.8
Seq8413_486_bp_1_0_0	AAR31603.1	30.00	20	14	0	110	129	150	169	5.1	19.1
Seq8413_486_bp_1_0_0	ABK71357.1	24.18	106	69	15	50	147	85	183	5.8	19.1
Seq8413_486_bp_1_0_0	CAA45199.1	30.43	53	32	7	5	57	375	420	6.2	19.4
Seq8413_486_bp_1_0_0	AAC78721.1	17.78	152	111	17	8	150	536	679	6.3	19.8
Seq8413_486_bp_1_0_0	AAC17860.1	22.86	82	54	12	35	116	338	407	8.7	18.6
Seq8413_486_bp_1_1_0	BAA32956.1	27.20	143	91	18	1	135	60	192	0.29	22.5
Seq8413_486_bp_1_1_0	BAB17681.1	30.30	34	23	1	34	67	164	196	0.58	21.9
Seq8413_486_bp_1_1_0	CAD53387.1	27.16	93	59	12	54	137	17	106	0.68	22.5
Seq8413_486_bp_1_1_0	CAD53387.1	27.16	93	59	12	54	137	149	238	0.68	22.5
Seq8413_486_bp_1_1_0	CAD53387.1	27.16	93	59	12	54	137	281	370	0.68	22.5
Seq8413_486_bp_1_1_0	ABN10845.1	34.48	30	19	1	62	90	146	175	0.9	20.9
Seq8413_486_bp_1_1_0	ACH70904.1	28.00	25	18	0	19	43	293	317	0.95	21.5
Seq8413_486_bp_1_1_0	ABD49687.1	22.73	103	68	15	40	130	1533	1632	1.5	23.2
Seq8413_486_bp_1_1_0	AAX84812.1	32.14	30	19	2	52	81	129	156	1.9	19.9
Seq8413_486_bp_1_1_0	AAI27517.1	29.31	66	41	8	74	139	67	124	1.9	21.2
Seq8413_486_bp_1_1_0	ABK71357.1	23.26	43	33	0	72	114	54	96	3	19.9
Seq8413_486_bp_1_1_0	AAA65607.1	23.81	21	16	0	76	96	23	43	3.6	19.6
Seq8413_486_bp_1_1_0	EDO47375.1	32.35	39	23	5	51	84	24	62	3.6	18.6
Seq8413_486_bp_1_1_0	AAA26915.1	33.33	30	18	3	25	54	119	145	4.6	19.6
Seq8413_486_bp_1_1_0	AAA18786.1	22.22	78	56	6	54	131	109	180	5.1	18.6
Seq8413_486_bp_1_1_0	CAA04196.1	27.66	48	34	1	79	126	21	67	5.1	19.3
Seq8413_486_bp_1_1_0	AAA45888.1	25.00	49	36	1	85	133	233	280	5.8	19.0
Seq8413_486_bp_1_1_0	AAA72732.1	23.08	56	40	4	51	105	217	269	5.9	18.6
Seq8413_486_bp_1_1_0	AAB64315.2	30.00	86	49	16	23	102	12	87	6.2	18.6
Seq8413_486_bp_1_1_0	AEE27845.1	36.36	22	14	0	79	100	1101	1122	6.8	20.6
Seq8413_486_bp_1_1_0	CAA45199.1	32.26	36	21	5	9	44	54	84	7.1	19.0
Seq8413_486_bp_1_1_0	AAR37016.1	38.36	99	45	26	1	76	1213	1308	7.3	21.2
Seq8413_486_bp_1_1_0	AAC97205.1	20.97	65	49	3	54	118	825	886	7.5	20.3
Seq8413_486_bp_1_1_0	AAR31603.1	25.00	25	18	1	17	40	98	122	7.6	18.3
Seq8413_486_bp_1_1_0	BAB79260.1	21.05	39	30	1	61	99	66	103	8.4	18.6
Seq8413_486_bp_1_1_0	BAB70780.1	19.70	69	53	3	54	122	54	119	8.9	18.6
Seq8413_486_bp_1_1_1	EDO47375.1	36.36	11	7	0	4	14	161	171	0.31	19.2
Seq8413_486_bp_1_1_1	ABD33854.1	54.55	11	5	0	8	18	12	22	0.53	16.9
Seq8413_486_bp_1_1_1	ABL74574.1	100.00	4	0	0	3	6	17	20	0.66	18.8
Seq8413_486_bp_1_1_1	AAR37016.1	64.29	18	5	4	3	16	1206	1223	1.5	20.7
Seq8413_486_bp_1_1_1	CAA74140.1	23.08	13	10	0	1	13	235	247	2.1	18.8
Seq8413_486_bp_1_1_1	AAB26998.1	50.00	6	3	0	10	15	73	78	2.4	15.0
Seq8413_486_bp_1_1_1	AAA36565.1	57.14	7	3	0	10	16	161	167	2.6	16.0
Seq8413_486_bp_1_1_1	AAB64315.2	21.43	14	11	0	3	16	29	42	2.7	16.9
Seq8413_486_bp_1_1_1	AAX84812.1	83.33	6	1	0	4	9	197	202	3.6	16.0
Seq8413_486_bp_1_1_1	BAA32991.1	38.46	18	8	5	2	14	31	48	3.9	14.1
Seq8413_486_bp_1_1_1	BAB70780.1	27.27	11	8	0	5	15	297	307	3.9	16.9
Seq8413_486_bp_1_1_1	AAA65607.1	42.86	16	8	2	3	18	119	132	4.1	16.4
Seq8413_486_bp_1_1_1	ABK71357.1	83.33	9	1	3	2	10	351	356	4.2	16.4
Seq8413_486_bp_1_1_1	AEE27845.1	57.14	7	3	0	8	14	881	887	4.3	18.3
Seq8413_486_bp_1_1_1	AAH69556.1	27.27	11	8	0	1	11	279	289	4.7	16.0
Seq8413_486_bp_1_1_1	BAB79260.1	54.55	11	5	0	8	18	97	107	6.8	16.0
Seq8413_486_bp_1_1_1	BAB17681.1	75.00	4	1	0	3	6	111	114	7.8	15.0
Seq8413_486_bp_1_1_1	BAA32956.1	50.00	8	4	0	1	8	98	105	8.3	14.6
Seq8413_486_bp_1_1_1	CAA04196.1	37.50	8	5	0	10	17	257	264	8.6	15.5
Seq8413_486_bp_1_2_0	AAB96524.1	30.00	10	7	0	1	10	58	67	0.76	18.4
Seq8413_486_bp_1_2_0	BAA32956.1	33.33	22	14	1	4	25	153	173	0.86	18.4
Seq8413_486_bp_1_2_0	ABN10845.1	31.82	24	15	2	1	23	54	76	1.5	17.7
Seq8413_486_bp_1_2_0	CAA26230.1	33.33	22	14	1	1	21	235	256	1.8	18.8
Seq8413_486_bp_1_2_0	AAQ92751.2	26.32	19	14	0	2	20	1083	1101	2	19.9
Seq8413_486_bp_1_2_0	AAA72732.1	31.58	21	13	2	1	21	225	243	3.5	16.9
Seq8413_486_bp_1_2_0	AII71783.1	30.77	13	9	0	4	16	231	243	4.5	16.5
Seq8413_486_bp_1_2_0	BAA32991.1	40.00	5	3	0	1	5	28	32	4.7	14.3
Seq8413_486_bp_1_2_0	AAC97205.1	42.86	14	8	0	1	14	663	676	4.9	18.4
Seq8413_486_bp_1_2_0	CAA45199.1	33.33	6	4	0	1	6	66	71	5.3	16.9
Seq8413_486_bp_1_2_0	AAA65607.1	33.33	12	8	0	14	25	34	45	5.3	16.5
Seq8413_486_bp_1_2_0	ABK71357.1	31.25	19	11	3	1	18	141	157	5.4	16.5
Seq8413_486_bp_1_2_0	AAB03707.1	37.50	8	5	0	1	8	643	650	5.4	18.4
Seq8413_486_bp_1_2_0	AAF01122.1	100.00	4	0	0	2	5	289	292	6.9	16.2
Seq8413_486_bp_1_2_0	AAC78721.1	41.67	12	7	0	1	12	243	254	7.4	16.9
Seq8413_486_bp_1_2_0	AAA25966.1	38.10	23	13	2	1	23	485	505	7.9	16.9
Seq8413_486_bp_1_2_0	AAA26915.1	50.00	10	5	0	8	17	319	328	8.5	16.2
Seq8413_486_bp_1_2_0	AAB26998.1	50.00	4	2	0	1	4	14	17	8.7	13.5
Seq8413_486_bp_1_2_0	AAR31603.1	38.46	13	8	0	6	18	255	267	9.9	15.4
Seq8413_486_bp_1_2_1	AAX84812.1	71.43	7	2	0	2	8	159	165	0.51	18.9
Seq8413_486_bp_1_2_1	AAA36565.1	43.75	20	9	4	4	19	71	90	1.1	17.3
Seq8413_486_bp_1_2_1	AAB64315.2	28.57	14	10	0	4	17	174	187	1.2	18.1
Seq8413_486_bp_1_2_1	AAA24969.1	46.67	16	8	1	3	17	853	868	1.5	20.1
Seq8413_486_bp_1_2_1	AAA18786.1	40.00	15	9	0	2	16	46	60	2.2	17.0
Seq8413_486_bp_1_2_1	ABK71357.1	57.14	15	6	1	5	18	72	86	3.1	17.0
Seq8413_486_bp_1_2_1	AAA25966.1	37.50	16	10	0	1	16	33	48	3.5	17.7
Seq8413_486_bp_1_2_1	CAA26230.1	63.64	11	4	0	5	15	308	318	3.6	17.3
Seq8413_486_bp_1_2_1	BAB79260.1	31.25	16	11	0	4	19	395	410	3.8	17.0
Seq8413_486_bp_1_2_1	ACT10338.1	45.45	13	6	2	1	13	116	126	4.2	16.6
Seq8413_486_bp_1_2_1	AAA65607.1	66.67	9	3	0	7	15	19	27	5.2	16.2
Seq8413_486_bp_1_2_1	ABG75784.1	60.00	5	2	0	2	6	85	89	5.8	15.8
Seq8413_486_bp_1_2_1	AAA23282.1	27.27	11	8	0	4	14	128	138	6.1	16.6
Seq8413_486_bp_1_2_1	BAA32956.1	33.33	12	8	0	1	12	151	162	6.6	15.0
Seq8413_486_bp_1_2_1	AAC97205.1	60.00	5	2	0	1	5	1048	1052	7.6	17.3
Seq8413_486_bp_1_2_1	BAA32018.1	28.57	14	10	0	4	17	4	17	8.6	16.2
Seq8413_486_bp_1_2_1	AAC08817.1	50.00	4	2	0	3	6	4	7	8.7	14.2
Seq8413_486_bp_1_2_2	AAA23282.1	33.33	12	8	0	2	13	249	260	1.4	19.5
Seq8413_486_bp_1_2_2	AAF01122.1	46.67	18	8	3	2	19	284	298	1.5	18.7
Seq8413_486_bp_1_2_2	BAA32956.1	42.86	7	4	0	17	23	130	136	1.8	17.6
Seq8413_486_bp_1_2_2	BAB79260.1	66.67	6	2	0	11	16	440	445	1.8	18.7
Seq8413_486_bp_1_2_2	AAQ92751.2	28.57	30	20	2	2	30	223	251	2	20.2
Seq8413_486_bp_1_2_2	CAA74140.1	27.27	22	16	0	9	30	815	836	2.2	19.5
Seq8413_486_bp_1_2_2	AAA25966.1	53.85	14	6	1	14	26	306	319	2.8	18.7
Seq8413_486_bp_1_2_2	CAA73529.1	50.00	10	5	0	19	28	92	101	3	17.2
Seq8413_486_bp_1_2_2	AAA45888.1	50.00	8	4	0	11	18	124	131	4.1	17.2
Seq8413_486_bp_1_2_2	ABN10845.1	29.17	25	17	1	7	30	97	121	5	16.1
Seq8413_486_bp_1_2_2	ACT10338.1	40.00	10	6	0	13	22	298	307	5.3	16.9
Seq8413_486_bp_1_2_2	AAR37016.1	50.00	6	3	0	13	18	961	966	5.4	19.5
Seq8413_486_bp_1_2_2	AIR13712.1	55.56	9	4	0	2	10	138	146	5.8	16.5
Seq8413_486_bp_1_2_2	AAC97205.1	50.00	8	4	0	10	17	763	770	6.1	18.3
Seq8413_486_bp_1_2_2	AAR31603.1	41.18	22	10	5	2	18	122	143	7.4	16.1
Seq8413_486_bp_1_2_2	AAI27517.1	40.00	17	9	2	13	27	417	433	7.9	16.9
Seq8413_486_bp_1_2_2	ABS38337.1	33.33	12	8	0	2	13	974	985	8	18.0
Seq8413_486_bp_1_2_2	AAB26998.1	42.86	7	4	0	14	20	10	16	8.1	13.9
Seq8413_486_bp_1_2_2	CAA11507.1	30.77	13	9	0	1	13	1179	1191	8.4	18.0
Seq8413_486_bp_1_2_2	CAA43372.1	40.00	22	12	2	1	22	306	325	9.1	16.1
Seq8413_486_bp_1_2_3	CAA04196.1	33.33	19	12	1	4	21	43	61	0.14	22.2
Seq8413_486_bp_1_2_3	ABK71357.1	50.00	18	8	2	8	25	321	336	0.21	21.4
Seq8413_486_bp_1_2_3	AAR31603.1	58.33	12	5	0	16	27	248	259	0.33	20.6
Seq8413_486_bp_1_2_3	AAA25966.1	37.50	8	5	0	2	9	492	499	0.55	21.0
Seq8413_486_bp_1_2_3	ABD49687.1	80.00	5	1	0	4	8	224	228	0.74	21.8
Seq8413_486_bp_1_2_3	AAC97205.1	50.00	10	5	0	8	17	275	284	0.93	21.0
Seq8413_486_bp_1_2_3	CAA43372.1	54.55	12	5	1	4	15	151	161	0.95	19.4
Seq8413_486_bp_1_2_3	BAA32018.1	19.05	23	17	2	6	28	170	190	1.4	19.4
Seq8413_486_bp_1_2_3	AAA42531.1	46.67	16	8	1	13	27	349	364	3.5	17.4
Seq8413_486_bp_1_2_3	AAR37016.1	55.56	9	4	0	10	18	1500	1508	4	19.8
Seq8413_486_bp_1_2_3	ABN10845.1	23.81	22	16	1	6	27	109	129	4.5	16.2
Seq8413_486_bp_1_2_3	ABD33854.1	60.00	5	2	0	9	13	60	64	6.9	13.8
Seq8413_486_bp_1_2_3	CAA73529.1	33.33	9	6	0	5	13	39	47	7.3	15.8
Seq8413_486_bp_1_2_3	AAI27517.1	27.27	24	16	2	2	25	508	529	8.9	16.6
Seq8413_486_bp_1_2_3	AAF01122.1	55.56	9	4	0	9	17	112	120	9.8	15.8
Seq8413_486_bp_1_2_4	AAA25966.1	20.83	26	19	2	22	45	104	129	0.094	24.3
Seq8413_486_bp_1_2_4	BAA32991.1	62.50	11	3	3	36	46	26	33	0.14	20.3
Seq8413_486_bp_1_2_4	BAB17681.1	85.71	7	1	0	23	29	187	193	0.72	20.0
Seq8413_486_bp_1_2_4	CAA45199.1	32.43	41	25	4	4	42	48	86	0.98	20.3
Seq8413_486_bp_1_2_4	CAA26230.1	30.43	24	16	1	18	40	471	494	1.8	19.7
Seq8413_486_bp_1_2_4	AAA45888.1	22.86	35	27	0	3	37	256	290	3.9	18.0
Seq8413_486_bp_1_2_4	CAA43372.1	35.29	21	11	4	22	38	17	37	4.2	18.0
Seq8413_486_bp_1_2_4	BAA32956.1	36.36	22	14	0	5	26	73	94	5.4	16.6
Seq8413_486_bp_1_2_4	AAC08817.1	25.00	16	12	0	22	37	34	49	6.6	16.0
Seq8413_486_bp_1_2_4	AAI27517.1	35.48	33	20	2	13	43	438	470	7.4	17.7
Seq8413_486_bp_1_2_4	AAX12058.1	50.00	8	4	0	19	26	137	144	8.6	16.3
Seq8413_486_bp_-1_0_0	ABK71357.1	24.19	69	47	7	41	109	136	197	0.79	21.6
Seq8413_486_bp_-1_0_0	AAA45888.1	39.53	47	26	4	17	59	4	50	0.98	21.3
Seq8413_486_bp_-1_0_0	CAA04196.1	20.37	54	43	0	61	114	268	321	1.3	21.0
Seq8413_486_bp_-1_0_0	AAA65607.1	38.24	38	21	4	59	94	118	153	2.3	20.0
Seq8413_486_bp_-1_0_0	CAA45199.1	23.88	76	51	9	45	111	367	442	2.5	20.2
Seq8413_486_bp_-1_0_0	AAB96524.1	31.03	30	20	1	56	85	58	86	3.6	18.4
Seq8413_486_bp_-1_0_0	AIR13712.1	29.29	106	70	7	13	115	115	216	3.6	19.2
Seq8413_486_bp_-1_0_0	AAQ92751.2	23.73	61	45	2	54	113	781	840	4.1	21.0
Seq8413_486_bp_-1_0_0	AAA32376.1	26.67	48	33	3	50	97	16	60	4.8	17.8
Seq8413_486_bp_-1_0_0	AAF01122.1	23.91	48	35	2	61	106	244	291	5.9	18.6
Seq8413_486_bp_-1_0_0	ABD49687.1	32.61	50	31	4	58	106	1189	1235	6.1	20.8
Seq8413_486_bp_-1_0_0	ACT10338.1	26.53	55	36	6	49	98	290	343	7.3	18.4
Seq8413_486_bp_-1_0_0	AAB26998.1	62.50	8	3	0	34	41	8	15	7.8	15.9
Seq8413_486_bp_-1_0_0	BAA32991.1	30.77	16	9	3	53	65	25	40	8.2	15.7
Seq8413_486_bp_-1_0_0	BAA32956.1	46.15	17	7	4	43	59	91	103	9.7	17.0
Seq8413_486_bp_-1_0_1	AAA45888.1	31.25	16	11	0	4	19	126	141	0.39	20.9
Seq8413_486_bp_-1_0_1	AEE27845.1	50.00	10	5	0	6	15	810	819	0.86	21.6
Seq8413_486_bp_-1_0_1	ABD33854.1	36.36	11	7	0	10	20	38	48	0.9	17.1
Seq8413_486_bp_-1_0_1	AAX12058.1	36.84	20	12	1	1	19	125	144	0.91	19.1
Seq8413_486_bp_-1_0_1	CAA04196.1	41.67	14	7	2	9	20	361	374	1.4	19.1
Seq8413_486_bp_-1_0_1	CAA73529.1	50.00	14	6	2	9	20	202	215	2.4	17.8
Seq8413_486_bp_-1_0_1	AAR37016.1	33.33	16	10	1	2	16	959	974	2.9	20.5
Seq8413_486_bp_-1_0_1	AAF01122.1	50.00	11	5	1	9	18	284	294	3.2	17.8
Seq8413_486_bp_-1_0_1	CAA11507.1	60.00	13	4	3	8	17	1251	1263	4.4	19.1
Seq8413_486_bp_-1_0_1	AAA25966.1	22.22	9	7	0	9	17	122	130	4.8	18.1
Seq8413_486_bp_-1_0_1	AAI27517.1	56.25	23	7	7	6	21	537	559	5	17.8
Seq8413_486_bp_-1_0_1	BAA32956.1	41.67	12	7	0	7	18	152	163	5.9	16.0
Seq8413_486_bp_-1_0_1	AAC17860.1	38.46	13	8	0	6	18	346	358	7	16.7
Seq8413_486_bp_-1_0_1	CAA43372.1	33.33	12	8	0	15	26	349	360	8.8	16.4
Seq8413_486_bp_-1_0_1	AAA24142.1	40.00	10	6	0	16	25	206	215	9.5	16.4
Seq8413_486_bp_-1_0_1	AAA26915.1	33.33	15	10	0	2	16	442	456	9.8	16.4
Seq8413_486_bp_-1_1_0	BAB17681.1	40.91	23	13	1	13	34	1	23	0.0029	27.5
Seq8413_486_bp_-1_1_0	AAR37016.1	43.48	25	13	2	10	34	809	831	0.36	23.7
Seq8413_486_bp_-1_1_0	AAA45888.1	58.33	12	5	0	22	33	16	27	1.1	19.5
Seq8413_486_bp_-1_1_0	AAB03707.1	38.10	22	13	1	6	27	581	601	1.4	20.9
Seq8413_486_bp_-1_1_0	AAB26998.1	66.67	10	3	1	27	35	6	15	1.5	16.7
Seq8413_486_bp_-1_1_0	ACH70904.1	36.00	26	16	1	12	36	291	316	1.6	18.8
Seq8413_486_bp_-1_1_0	ABD49687.1	54.55	11	5	0	25	35	7	17	2.3	20.6
Seq8413_486_bp_-1_1_0	AAA36565.1	21.43	29	22	1	8	36	5	32	2.5	17.1
Seq8413_486_bp_-1_1_0	AII71783.1	28.57	24	15	3	14	34	209	232	2.8	17.8
Seq8413_486_bp_-1_1_0	BAA32956.1	66.67	13	4	1	23	35	18	29	3.1	17.1
Seq8413_486_bp_-1_1_0	BAB79260.1	28.00	27	18	2	8	34	386	410	3.2	18.1
Seq8413_486_bp_-1_1_0	AAC08817.1	23.33	32	23	2	7	36	6	37	3.9	16.4
Seq8413_486_bp_-1_1_0	CAA74140.1	46.43	33	15	5	1	31	658	687	4.1	18.8
Seq8413_486_bp_-1_1_0	AAA26915.1	29.41	17	12	0	5	21	232	248	4.2	17.8
Seq8413_486_bp_-1_1_0	CAA43372.1	29.17	25	17	1	7	31	297	320	4.7	17.4
Seq8413_486_bp_-1_1_0	BAA32018.1	31.25	16	11	0	20	35	156	171	5.5	17.8
Seq8413_486_bp_-1_1_1	CAA11507.1	36.84	19	12	0	1	19	1282	1300	0.41	21.8
Seq8413_486_bp_-1_1_1	ABS38337.1	87.50	8	1	0	8	15	178	185	1.6	19.7
Seq8413_486_bp_-1_1_1	AAA23282.1	50.00	8	4	0	10	17	227	234	2.3	18.0
Seq8413_486_bp_-1_1_1	BAB70780.1	36.36	11	7	0	4	14	6	16	2.6	17.6
Seq8413_486_bp_-1_1_1	ABL74574.1	40.00	10	6	0	10	19	83	92	2.7	16.8
Seq8413_486_bp_-1_1_1	AEE27845.1	41.67	12	7	0	2	13	576	587	3.1	18.9
Seq8413_486_bp_-1_1_1	BAB17681.1	45.45	11	6	0	3	13	258	268	3.4	16.4
Seq8413_486_bp_-1_1_1	AIR13712.1	50.00	12	6	0	1	12	178	189	5.4	16.0
Seq8413_486_bp_-1_1_1	AII71783.1	33.33	15	10	0	2	16	286	300	6.6	15.5
Seq8413_486_bp_-1_1_1	CAA04196.1	23.53	17	13	0	1	17	314	330	6.8	16.0
Seq8413_486_bp_-1_1_2	BAB17681.1	19.05	21	17	0	5	25	217	237	0.47	19.8
Seq8413_486_bp_-1_1_2	ABN10845.1	62.50	8	3	0	5	12	55	62	0.67	18.9
Seq8413_486_bp_-1_1_2	AAB26998.1	30.00	21	14	1	6	26	46	65	1.4	16.4
Seq8413_486_bp_-1_1_2	AAC97205.1	41.67	14	7	2	3	14	256	269	1.6	20.2
Seq8413_486_bp_-1_1_2	AAB64315.2	42.86	14	8	0	14	27	94	107	1.8	18.1
Seq8413_486_bp_-1_1_2	AAA24142.1	42.86	7	4	0	6	12	301	307	3.3	17.7
Seq8413_486_bp_-1_1_2	BAB79260.1	46.15	13	7	0	13	25	365	377	5.8	16.8
Seq8413_486_bp_-1_1_2	ACH70904.1	30.77	31	18	5	1	26	253	283	6.1	16.4
Seq8413_486_bp_-1_1_2	AAB96524.1	28.57	7	5	0	2	8	53	59	7.5	15.1
Seq8413_486_bp_-1_1_2	AAC78721.1	22.73	22	17	0	3	24	114	135	8.4	16.8
Seq8413_486_bp_-1_1_2	ABL74574.1	75.00	4	1	0	5	8	15	18	8.6	15.6
Seq8413_486_bp_-1_1_2	CAA74140.1	28.57	23	15	2	5	27	587	607	8.6	17.2
Seq8413_486_bp_-1_1_2	CAA43372.1	33.33	9	6	0	10	18	394	402	9.1	16.0
Seq8413_486_bp_-1_1_2	AAI27517.1	32.00	27	17	2	1	27	436	460	9.7	16.4
Seq8413_486_bp_-1_1_3	ACT10338.1	33.33	41	26	2	4	44	305	343	0.065	24.4
Seq8413_486_bp_-1_1_3	AAA45888.1	29.27	45	29	4	1	41	248	292	0.52	21.3
Seq8413_486_bp_-1_1_3	AAA32624.1	17.86	28	23	0	15	42	419	446	0.71	21.3
Seq8413_486_bp_-1_1_3	CAA26230.1	14.29	28	24	0	15	42	456	483	0.76	21.3
Seq8413_486_bp_-1_1_3	ABK71357.1	33.33	25	16	1	4	27	38	62	1.4	19.8
Seq8413_486_bp_-1_1_3	EDO47375.1	29.73	41	26	4	22	58	129	169	1.7	18.6
Seq8413_486_bp_-1_1_3	ABD49687.1	46.43	33	15	5	34	63	85	115	1.9	21.6
Seq8413_486_bp_-1_1_3	AAI27517.1	30.95	49	29	7	9	56	435	477	2.3	19.8
Seq8413_486_bp_-1_1_3	AAA25966.1	31.71	51	28	10	11	61	673	713	2.8	19.8
Seq8413_486_bp_-1_1_3	BAB79260.1	25.00	29	21	1	10	38	398	425	3.2	18.9
Seq8413_486_bp_-1_1_3	CAD53387.1	28.00	54	36	4	2	53	16	67	3.6	18.9
Seq8413_486_bp_-1_1_3	AAA18786.1	17.95	40	32	1	4	43	58	96	5.3	17.4
Seq8413_486_bp_-1_1_3	AAB03707.1	24.00	25	19	0	12	36	620	644	6.3	19.5
Seq8413_486_bp_-1_1_3	AAA24969.1	30.00	22	14	2	20	41	309	328	6.9	19.5
Seq8413_486_bp_-1_1_3	AAA26915.1	58.33	12	5	0	1	12	317	328	7.4	17.7
Seq8413_486_bp_-1_1_3	CAA11507.1	19.05	21	17	0	17	37	1006	1026	7.6	19.2
Seq8413_486_bp_-1_1_3	ABG75784.1	25.93	28	20	1	10	36	183	210	9.1	16.8
Seq8413_486_bp_-1_1_3	AAR31603.1	16.00	25	21	0	18	42	105	129	9.6	16.8
Seq8413_486_bp_-1_1_3	CAA04196.1	33.33	29	16	5	37	60	271	299	9.9	17.1
Seq8413_486_bp_-1_2_0	BAA32991.1	36.36	40	21	7	8	40	2	41	0.2	20.4
Seq8413_486_bp_-1_2_0	AAI27517.1	27.50	46	29	6	8	51	511	552	0.29	22.9
Seq8413_486_bp_-1_2_0	AAQ92751.2	23.26	44	33	1	13	55	1044	1087	0.46	23.5
Seq8413_486_bp_-1_2_0	BAB79260.1	36.00	31	16	6	31	56	395	424	0.49	21.8
Seq8413_486_bp_-1_2_0	AAA25966.1	29.27	65	29	24	7	66	92	137	0.64	22.1
Seq8413_486_bp_-1_2_0	CAA74140.1	35.71	32	18	4	2	31	584	613	0.83	22.1
Seq8413_486_bp_-1_2_0	CAA73529.1	31.58	19	13	0	8	26	33	51	1.4	19.5
Seq8413_486_bp_-1_2_0	ABK71357.1	22.22	27	21	0	20	46	187	213	1.6	19.8
Seq8413_486_bp_-1_2_0	AAB03707.1	26.32	19	14	0	41	59	630	648	2.2	21.2
Seq8413_486_bp_-1_2_0	AIR13712.1	40.00	10	6	0	29	38	136	145	3	18.6
Seq8413_486_bp_-1_2_0	BAA32018.1	45.00	21	11	1	41	60	4	24	3.2	19.5
Seq8413_486_bp_-1_2_0	AAB96524.1	25.00	12	9	0	39	50	132	143	4.6	17.2
Seq8413_486_bp_-1_2_0	AAR37016.1	45.16	55	17	24	27	57	1562	1616	5.4	20.6
Seq8413_486_bp_-1_2_0	AAC17860.1	38.46	13	8	0	8	20	309	321	5.5	18.1
Seq8413_486_bp_-1_2_0	AAA36565.1	11.54	26	23	0	30	55	29	54	6	16.7
Seq8413_486_bp_-1_2_0	AAA24142.1	20.00	20	16	0	34	53	413	432	6	18.1
Seq8413_486_bp_-1_2_0	AAC97205.1	44.44	9	5	0	7	15	758	766	6.2	19.5
Seq8413_486_bp_-1_2_0	BAA32956.1	38.10	25	13	4	41	65	91	111	6.2	16.9
Seq8413_486_bp_-1_2_0	AAA18786.1	26.67	15	11	0	13	27	173	187	7.7	16.9
Seq8413_486_bp_-1_2_0	CAA04196.1	30.43	24	16	1	1	24	362	384	8.1	17.5
Seq8413_486_bp_-1_2_0	ABD33854.1	19.23	26	21	0	1	26	27	52	8.8	14.7
Seq8413_486_bp_-1_2_1	ABD49687.1	35.48	32	20	1	8	39	1659	1689	0.13	25.7
Seq8413_486_bp_-1_2_1	BAA32956.1	25.64	39	29	0	24	62	154	192	0.51	20.8
Seq8413_486_bp_-1_2_1	AAA25966.1	22.73	22	17	0	3	24	84	105	2.1	20.5
Seq8413_486_bp_-1_2_1	ABG75784.1	22.73	22	17	0	3	24	66	87	2.5	19.0
Seq8413_486_bp_-1_2_1	AAB96524.1	21.62	42	29	5	3	39	124	165	2.7	18.1
Seq8413_486_bp_-1_2_1	AAA42531.1	25.81	71	46	9	8	71	58	126	3.1	19.0
Seq8413_486_bp_-1_2_1	AAA24142.1	23.81	22	16	1	10	31	6	26	3.6	19.0
Seq8413_486_bp_-1_2_1	AAR31603.1	19.30	59	46	2	4	62	232	288	3.9	18.4
Seq8413_486_bp_-1_2_1	BAB17681.1	30.00	20	14	0	24	43	187	206	4	18.1
Seq8413_486_bp_-1_2_1	AAI27517.1	34.15	46	27	5	27	70	375	417	4.7	19.0
Seq8413_486_bp_-1_2_1	ABD33854.1	20.00	10	8	0	65	74	39	48	6.9	15.2
Seq8413_486_bp_-1_2_1	EDO47375.1	50.00	12	6	0	47	58	166	177	7.3	16.7
Seq8413_486_bp_-1_2_1	AAA65607.1	37.04	29	17	2	30	56	27	55	7.8	17.6
