Seq150_71_bp_1_0_0	BAB17681.1	37.50	16	10	0	8	23	96	111	1.1	18.3
Seq150_71_bp_1_0_0	BAB79260.1	50.00	8	4	0	1	8	195	202	1.3	18.7
Seq150_71_bp_1_0_0	AAB26998.1	55.56	9	4	0	13	21	8	16	4.4	14.5
Seq150_71_bp_1_0_0	CAA11507.1	63.64	11	4	0	10	20	1218	1228	5.4	18.3
Seq150_71_bp_1_0_0	CAA26230.1	35.71	14	9	0	7	20	519	532	6	16.8
Seq150_71_bp_1_0_0	BAA32991.1	40.00	5	3	0	19	23	24	28	7.2	13.5
Seq150_71_bp_1_0_0	AAX12058.1	22.22	18	14	0	5	22	152	169	7.7	15.4
Seq150_71_bp_1_0_0	AAC17860.1	57.14	7	3	0	4	10	330	336	8.2	15.9
Seq150_71_bp_1_0_0	AAX84812.1	42.86	7	4	0	16	22	210	216	8.9	14.9
Seq150_71_bp_1_0_0	BAA32018.1	46.15	13	7	0	10	22	275	287	9	16.4
Seq150_71_bp_1_1_0	CAA73529.1	60.00	11	4	1	5	15	97	106	0.062	21.9
Seq150_71_bp_1_1_0	AAA23282.1	50.00	8	4	0	8	15	561	568	0.2	21.2
Seq150_71_bp_1_1_0	CAA45199.1	80.00	5	1	0	8	12	368	372	0.61	19.3
Seq150_71_bp_1_1_0	AAI27517.1	50.00	6	3	0	10	15	274	279	0.77	19.3
Seq150_71_bp_1_1_0	ABS38337.1	40.00	16	9	1	1	15	1274	1289	1.1	20.0
Seq150_71_bp_1_1_0	ACT10338.1	50.00	6	3	0	10	15	249	254	1.9	17.4
Seq150_71_bp_1_1_0	ABN10845.1	37.50	8	5	0	8	15	109	116	2.5	16.2
Seq150_71_bp_1_1_0	AAA32624.1	50.00	6	3	0	8	13	482	487	2.5	17.4
Seq150_71_bp_1_1_0	AAA32376.1	60.00	5	2	0	11	15	43	47	4.6	14.9
Seq150_71_bp_1_1_0	BAB17681.1	60.00	5	2	0	9	13	271	275	4.7	15.5
Seq150_71_bp_1_1_0	BAB79260.1	50.00	4	2	0	8	11	175	178	5.1	16.2
Seq150_71_bp_1_1_0	AII71783.1	75.00	4	1	0	10	13	161	164	5.3	15.5
Seq150_71_bp_1_1_0	BAA32956.1	40.00	5	3	0	10	14	47	51	5.6	14.9
Seq150_71_bp_1_1_0	ABK71357.1	75.00	4	1	0	10	13	10	13	6.3	15.5
Seq150_71_bp_1_1_0	AAA18786.1	60.00	5	2	0	11	15	158	162	7	14.9
Seq150_71_bp_1_1_0	CAA04196.1	100.00	3	0	0	5	7	258	260	7.1	15.5
Seq150_71_bp_1_1_0	AAB96524.1	66.67	6	2	0	2	7	22	27	7.5	14.3
Seq150_71_bp_1_1_0	AAA45888.1	25.00	4	3	0	8	11	123	126	9.8	14.9
Seq150_71_bp_1_2_0	AAA24142.1	86.96	23	3	0	1	23	360	382	2.7e-14	64.3
Seq150_71_bp_1_2_0	CAA04196.1	44.44	9	5	0	14	22	369	377	0.25	21.1
Seq150_71_bp_1_2_0	AAR37016.1	50.00	14	7	0	2	15	344	357	0.25	23.6
Seq150_71_bp_1_2_0	AAA72732.1	29.41	17	12	0	2	18	23	39	0.36	20.1
Seq150_71_bp_1_2_0	ACT10338.1	50.00	14	7	0	5	18	277	290	0.63	19.6
Seq150_71_bp_1_2_0	ABL74574.1	71.43	7	2	0	16	22	154	160	1.3	18.1
Seq150_71_bp_1_2_0	AAA32624.1	43.75	16	9	0	5	20	219	234	1.7	18.6
Seq150_71_bp_1_2_0	AAC78721.1	33.33	12	8	0	8	19	128	139	2.2	18.6
Seq150_71_bp_1_2_0	AAA18786.1	45.45	11	6	0	6	16	158	168	4.7	16.1
Seq150_71_bp_1_2_0	AAX12058.1	66.67	6	2	0	1	6	239	244	6.6	15.6
Seq150_71_bp_1_2_0	AAQ92751.2	60.00	11	4	1	9	18	354	364	8.3	17.6
Seq150_71_bp_-1_0_0	AAR37016.1	44.44	9	5	0	2	10	1564	1572	0.11	23.9
Seq150_71_bp_-1_0_0	AAA42531.1	75.00	4	1	0	8	11	156	159	1.1	17.9
Seq150_71_bp_-1_0_0	CAA04196.1	100.00	4	0	0	9	12	303	306	1.2	17.9
Seq150_71_bp_-1_0_0	ABN10845.1	33.33	6	4	0	2	7	16	21	1.4	16.7
Seq150_71_bp_-1_0_0	AAB96524.1	60.00	5	2	0	7	11	92	96	4.1	14.9
Seq150_71_bp_-1_0_0	CAA26230.1	57.14	7	3	0	1	7	12	18	5.4	16.1
Seq150_71_bp_-1_0_0	CAA11507.1	66.67	6	2	0	1	6	540	545	5.7	17.3
Seq150_71_bp_-1_0_0	AAH69556.1	30.00	10	7	0	2	11	278	287	6.6	14.9
Seq150_71_bp_-1_0_0	AAA25966.1	60.00	5	2	0	3	7	3	7	6.9	16.1
Seq150_71_bp_-1_0_0	AAA23282.1	60.00	5	2	0	3	7	287	291	8.1	15.5
Seq150_71_bp_-1_0_0	BAB79260.1	50.00	6	3	0	4	9	174	179	9.6	14.9
Seq150_71_bp_-1_0_0	ABG75784.1	100.00	3	0	0	3	5	193	195	10	14.3
Seq150_71_bp_-1_1_0	AAF01122.1	42.86	7	4	0	17	23	196	202	7	16.0
Seq150_71_bp_-1_1_0	CAA26230.1	35.29	19	11	2	3	19	116	134	7.5	16.5
Seq150_71_bp_-1_1_0	AAA32624.1	33.33	12	8	0	7	18	89	100	9.6	16.0
Seq150_71_bp_-1_1_0	CAA73529.1	100.00	3	0	0	3	5	39	41	9.6	15.1
Seq150_71_bp_-1_2_0	BAB79260.1	62.50	8	3	0	13	20	207	214	1.6	18.5
Seq150_71_bp_-1_2_0	AAA32376.1	35.71	14	9	0	1	14	122	135	2.6	16.4
Seq150_71_bp_-1_2_0	ABG75784.1	83.33	6	1	0	7	12	7	12	4.6	16.4
Seq150_71_bp_-1_2_0	ABD49687.1	71.43	7	2	0	8	14	1393	1399	5.8	18.5
Seq150_71_bp_-1_2_0	AAA72732.1	50.00	6	3	0	10	15	1	6	6.5	15.9
Seq150_71_bp_-1_2_0	CAA74140.1	53.85	15	6	2	3	15	618	632	6.6	17.4
