Seq5596_114_bp_1_0_0	AAC97205.1	94.74	38	2	0	1	38	201	238	2.7e-24	99.6
Seq5596_114_bp_1_0_0	AAB03707.1	75.00	12	3	0	6	17	237	248	0.02	27.2
Seq5596_114_bp_1_0_0	CAA11507.1	54.17	29	11	5	7	30	254	282	0.024	26.9
Seq5596_114_bp_1_0_0	AAA24969.1	76.92	16	3	3	10	22	286	301	0.091	25.1
Seq5596_114_bp_1_0_0	AAR37016.1	47.06	17	9	0	10	26	1791	1807	0.48	23.4
Seq5596_114_bp_1_0_0	AAA26915.1	57.14	15	6	1	16	30	281	294	1.1	19.8
Seq5596_114_bp_1_0_0	AAC17860.1	64.29	15	5	1	3	16	279	293	1.8	18.9
Seq5596_114_bp_1_0_0	CAA43372.1	77.78	10	2	1	12	21	60	68	3.9	17.8
Seq5596_114_bp_1_0_0	AIR13712.1	55.56	9	4	0	5	13	145	153	6.9	16.6
Seq5596_114_bp_1_0_0	AAI27517.1	71.43	7	2	0	7	13	453	459	8.1	17.2
Seq5596_114_bp_1_1_0	AAC17860.1	52.38	28	10	7	1	23	247	272	0.87	19.5
Seq5596_114_bp_1_1_0	AAB96524.1	53.85	14	6	1	7	20	2	14	1.9	17.2
Seq5596_114_bp_1_1_0	BAE97662.1	81.82	14	2	3	11	21	793	806	2	19.8
Seq5596_114_bp_1_1_0	AAQ92751.2	52.17	30	11	7	1	23	66	95	2.4	19.8
Seq5596_114_bp_1_1_0	AEE27845.1	50.00	17	8	1	7	23	276	291	2.9	19.5
Seq5596_114_bp_1_1_0	AAA72732.1	37.50	26	15	2	2	26	38	62	3.1	17.2
Seq5596_114_bp_1_1_0	ABD49687.1	77.78	9	2	0	4	12	956	964	5.2	18.9
Seq5596_114_bp_1_1_0	AAB64315.2	71.43	7	2	0	21	27	44	50	8.4	15.8
Seq5596_114_bp_1_1_0	EDO47375.1	100.00	4	0	0	22	25	127	130	8.6	14.9
Seq5596_114_bp_1_1_0	BAA32018.1	43.75	16	9	0	2	17	236	251	8.8	16.6
Seq5596_114_bp_1_2_0	ABL74574.1	55.56	9	4	0	3	11	219	227	1.3	18.8
Seq5596_114_bp_1_2_0	AAX12058.1	83.33	6	1	0	20	25	198	203	4	17.1
Seq5596_114_bp_1_2_0	AAB03707.1	53.85	13	6	0	11	23	1167	1179	6	18.8
Seq5596_114_bp_1_2_0	BAA32991.1	66.67	6	2	0	25	30	32	37	7.3	14.2
Seq5596_114_bp_1_2_0	AAA65607.1	75.00	9	2	1	28	36	281	288	9.3	16.2
Seq5596_114_bp_-1_0_0	AAA32624.1	80.00	5	1	0	3	7	337	341	0.41	19.5
Seq5596_114_bp_-1_0_0	ABD33854.1	100.00	3	0	0	8	10	61	63	0.44	16.3
Seq5596_114_bp_-1_0_0	AAR37016.1	60.00	10	4	0	1	10	948	957	1.1	20.3
Seq5596_114_bp_-1_0_0	BAA32991.1	57.14	8	3	1	2	8	16	23	1.1	15.1
Seq5596_114_bp_-1_0_0	AAR31603.1	62.50	8	3	0	3	10	288	295	1.7	16.7
Seq5596_114_bp_-1_0_0	AAA72732.1	100.00	3	0	0	8	10	283	285	2.1	16.3
Seq5596_114_bp_-1_0_0	AAH69556.1	66.67	6	2	0	2	7	47	52	2.7	15.9
Seq5596_114_bp_-1_0_0	AAA32376.1	100.00	3	0	0	3	5	7	9	3.5	14.7
Seq5596_114_bp_-1_0_0	AAC97205.1	55.56	10	4	1	1	10	870	878	4.8	17.1
Seq5596_114_bp_-1_0_0	AAA36565.1	100.00	2	0	0	1	2	164	165	5.7	14.0
Seq5596_114_bp_-1_0_0	AAC78721.1	80.00	5	1	0	3	7	266	270	5.9	15.9
Seq5596_114_bp_-1_0_0	EDO47375.1	100.00	2	0	0	1	2	154	155	6.4	14.0
Seq5596_114_bp_-1_0_0	AAB64315.2	100.00	3	0	0	3	5	199	201	6.5	14.7
Seq5596_114_bp_-1_0_0	CAA73529.1	66.67	3	1	0	6	8	97	99	7	14.4
Seq5596_114_bp_-1_0_0	BAA32956.1	100.00	4	0	1	1	3	12	15	7.1	14.0
Seq5596_114_bp_-1_0_0	ABL74574.1	100.00	9	0	5	1	4	116	124	7.4	14.4
Seq5596_114_bp_-1_0_0	AAX84812.1	100.00	2	0	0	1	2	107	108	7.8	14.0
Seq5596_114_bp_-1_0_0	ABD49687.1	100.00	3	0	0	2	4	70	72	8.5	16.7
Seq5596_114_bp_-1_0_0	ACH70904.1	50.00	6	3	0	2	7	339	344	9.1	14.4
Seq5596_114_bp_-1_0_0	AAA42531.1	100.00	3	0	0	4	6	35	37	9.7	14.4
Seq5596_114_bp_-1_0_1	AAA24142.1	37.04	28	17	1	1	27	142	169	0.37	20.8
Seq5596_114_bp_-1_0_1	CAA74140.1	58.33	16	5	4	5	20	324	335	1.2	20.2
Seq5596_114_bp_-1_0_1	AAB64315.2	62.50	8	3	0	15	22	14	21	1.3	18.5
Seq5596_114_bp_-1_0_1	AAB96524.1	100.00	4	0	0	12	15	57	60	1.8	17.2
Seq5596_114_bp_-1_0_1	CAA45199.1	66.67	12	3	3	13	24	451	459	2.3	18.2
Seq5596_114_bp_-1_0_1	ACT10338.1	44.44	9	5	0	7	15	292	300	3	17.6
Seq5596_114_bp_-1_0_1	AAC78721.1	75.00	18	3	6	2	14	354	370	3.3	18.2
Seq5596_114_bp_-1_0_1	AAC97205.1	50.00	22	10	2	5	26	1100	1119	4.8	18.5
Seq5596_114_bp_-1_0_1	AAR31603.1	76.92	20	3	7	3	20	251	265	6.2	16.3
Seq5596_114_bp_-1_0_1	CAA73529.1	66.67	6	2	0	4	9	151	156	6.4	15.9
Seq5596_114_bp_-1_0_1	AAA42531.1	57.14	21	6	7	7	27	119	132	7.2	16.3
Seq5596_114_bp_-1_0_1	BAA32956.1	85.71	9	1	2	3	11	110	116	7.7	15.3
Seq5596_114_bp_-1_0_1	AAA32624.1	40.00	24	12	4	2	25	251	270	7.7	16.6
Seq5596_114_bp_-1_0_1	CAA04196.1	71.43	7	2	0	15	21	291	297	7.7	16.3
Seq5596_114_bp_-1_0_1	AAA32376.1	66.67	6	2	0	7	12	112	117	7.9	14.9
Seq5596_114_bp_-1_0_1	AAR37016.1	63.64	12	4	1	14	24	505	516	8.8	18.5
Seq5596_114_bp_-1_0_1	BAA32018.1	66.67	22	5	7	1	22	195	209	9.1	16.6
Seq5596_114_bp_-1_0_1	AIR13712.1	85.71	8	1	1	16	23	173	179	9.4	15.6
Seq5596_114_bp_-1_0_1	CAA43372.1	58.33	14	5	2	6	17	254	267	9.4	15.9
Seq5596_114_bp_-1_0_1	ABN10845.1	100.00	8	0	3	9	13	12	19	9.7	14.9
Seq5596_114_bp_-1_1_0	AAR31603.1	62.96	41	10	14	5	35	274	310	0.02	25.1
Seq5596_114_bp_-1_1_0	AAA18786.1	57.89	25	8	6	8	32	65	83	0.088	22.6
Seq5596_114_bp_-1_1_0	AAF01122.1	60.87	37	9	14	13	35	307	343	0.68	20.2
Seq5596_114_bp_-1_1_0	BAA32956.1	53.33	22	7	7	5	26	159	173	0.71	19.2
Seq5596_114_bp_-1_1_0	CAA45199.1	47.37	19	10	0	9	27	151	169	0.84	20.2
Seq5596_114_bp_-1_1_0	AAH69556.1	100.00	5	0	0	3	7	271	275	1.9	18.3
Seq5596_114_bp_-1_1_0	AAA32376.1	72.73	12	3	1	19	29	101	112	2.1	17.4
Seq5596_114_bp_-1_1_0	AAA65607.1	62.50	8	3	0	20	27	148	155	2.3	18.3
Seq5596_114_bp_-1_1_0	ABK71357.1	64.29	19	5	5	22	37	68	84	2.3	18.3
Seq5596_114_bp_-1_1_0	CAA04196.1	83.33	6	1	0	31	36	11	16	2.6	18.3
Seq5596_114_bp_-1_1_0	AEE27845.1	64.29	20	5	6	18	35	669	684	3	19.9
Seq5596_114_bp_-1_1_0	CAD53387.1	60.00	11	4	1	7	17	485	494	3.1	18.3
Seq5596_114_bp_-1_1_0	AAR37016.1	60.00	39	10	14	5	35	621	653	3.3	20.5
Seq5596_114_bp_-1_1_0	AAA45888.1	60.00	10	4	0	18	27	20	29	3.7	17.7
Seq5596_114_bp_-1_1_0	AAQ92751.2	52.17	26	11	3	4	29	1110	1132	3.7	19.6
Seq5596_114_bp_-1_1_0	CAA26230.1	42.86	15	8	1	18	31	67	81	4.3	18.0
Seq5596_114_bp_-1_1_0	AAI27517.1	50.00	19	8	3	3	18	108	126	5.5	17.7
Seq5596_114_bp_-1_1_0	AAB26998.1	75.00	4	1	0	4	7	40	43	6.1	14.7
Seq5596_114_bp_-1_1_0	AAB03707.1	53.33	18	7	3	10	27	324	338	6.8	18.6
Seq5596_114_bp_-1_1_0	AAA42531.1	62.50	8	3	0	2	9	112	119	6.8	16.8
Seq5596_114_bp_-1_1_0	CAA43372.1	53.33	16	7	1	3	17	358	373	7.2	16.8
Seq5596_114_bp_-1_1_0	BAB70780.1	78.57	22	3	8	12	29	52	69	8.4	16.8
Seq5596_114_bp_-1_1_0	ABN10845.1	71.43	23	4	9	6	19	110	132	8.7	15.6
Seq5596_114_bp_-1_2_0	AII71783.1	70.00	12	3	2	3	12	156	167	0.04	22.4
Seq5596_114_bp_-1_2_0	AAA23282.1	50.00	8	4	0	2	9	211	218	1.8	17.7
Seq5596_114_bp_-1_2_0	CAA73529.1	66.67	10	3	1	3	11	40	49	1.9	16.6
Seq5596_114_bp_-1_2_0	ABG75784.1	75.00	4	1	0	3	6	247	250	2.2	16.6
Seq5596_114_bp_-1_2_0	BAB79260.1	71.43	7	2	0	5	11	235	241	2.4	17.0
Seq5596_114_bp_-1_2_0	AAQ92751.2	83.33	6	1	0	6	11	1222	1227	2.5	18.5
Seq5596_114_bp_-1_2_0	AAA32624.1	80.00	5	1	0	2	6	84	88	2.8	17.0
Seq5596_114_bp_-1_2_0	CAA43372.1	71.43	8	2	1	5	11	303	310	2.9	16.6
Seq5596_114_bp_-1_2_0	AAR37016.1	71.43	7	2	0	6	12	1981	1987	3.3	18.9
Seq5596_114_bp_-1_2_0	AAB26998.1	66.67	7	2	1	6	11	28	34	3.5	13.9
Seq5596_114_bp_-1_2_0	AAH69556.1	100.00	4	0	0	4	7	275	278	3.6	15.8
Seq5596_114_bp_-1_2_0	AAB64315.2	50.00	6	3	0	3	8	47	52	3.8	15.8
Seq5596_114_bp_-1_2_0	AAR31603.1	50.00	13	6	1	1	12	80	92	5	15.4
Seq5596_114_bp_-1_2_0	CAD53387.1	60.00	5	2	0	3	7	477	481	5.8	15.8
Seq5596_114_bp_-1_2_0	ACT10338.1	50.00	6	3	0	7	12	104	109	5.8	15.4
Seq5596_114_bp_-1_2_0	CAA74140.1	66.67	6	2	0	4	9	516	521	6.3	16.6
Seq5596_114_bp_-1_2_0	ABD49687.1	71.43	8	2	1	1	8	840	846	6.7	17.3
Seq5596_114_bp_-1_2_0	AAC78721.1	100.00	3	0	0	2	4	209	211	7.6	15.8
Seq5596_114_bp_-1_2_0	AAA25966.1	75.00	4	1	0	1	4	269	272	8.1	15.8
Seq5596_114_bp_-1_2_0	AAI27517.1	100.00	3	0	0	3	5	166	168	8.6	15.4
Seq5596_114_bp_-1_2_0	AAA65607.1	66.67	6	2	0	5	10	89	94	9.1	14.6
Seq5596_114_bp_-1_2_0	ABK71357.1	75.00	4	1	0	6	9	169	172	9.2	14.6
Seq5596_114_bp_-1_2_1	CAA04196.1	80.00	10	2	0	7	16	374	383	0.00012	31.9
Seq5596_114_bp_-1_2_1	CAA73529.1	63.64	12	4	1	7	18	131	141	0.029	23.4
Seq5596_114_bp_-1_2_1	AAB96524.1	80.00	5	1	0	1	5	84	88	0.25	19.8
Seq5596_114_bp_-1_2_1	ACH70904.1	71.43	7	2	0	15	21	2	8	0.36	20.2
Seq5596_114_bp_-1_2_1	AAC97205.1	57.14	7	3	0	6	12	789	795	0.4	21.8
Seq5596_114_bp_-1_2_1	AAC97205.1	100.00	4	0	0	4	7	283	286	0.7	21.0
Seq5596_114_bp_-1_2_1	AAI27517.1	50.00	16	7	2	7	20	96	111	0.59	20.2
Seq5596_114_bp_-1_2_1	AAA45888.1	80.00	5	1	0	1	5	12	16	1.2	18.6
Seq5596_114_bp_-1_2_1	ABK71357.1	58.82	26	7	9	1	19	303	326	1.5	18.2
Seq5596_114_bp_-1_2_1	BAB79260.1	71.43	7	2	0	9	15	281	287	2.4	17.8
Seq5596_114_bp_-1_2_1	AEE27845.1	83.33	6	1	0	9	14	1165	1170	2.4	19.4
Seq5596_114_bp_-1_2_1	CAA74140.1	66.67	6	2	0	15	20	65	70	2.8	18.6
Seq5596_114_bp_-1_2_1	ABD49687.1	83.33	7	1	1	16	21	211	217	3.9	19.0
Seq5596_114_bp_-1_2_1	CAA26230.1	60.00	5	2	0	10	14	279	283	3.9	17.4
Seq5596_114_bp_-1_2_1	ABD33854.1	66.67	11	2	5	6	16	47	52	4.2	14.1
Seq5596_114_bp_-1_2_1	AAA36565.1	60.00	5	2	0	6	10	164	168	4.7	15.3
Seq5596_114_bp_-1_2_1	CAA43372.1	50.00	16	6	4	1	16	6	17	5	16.5
Seq5596_114_bp_-1_2_1	AAR37016.1	72.73	15	3	4	1	15	165	175	5.2	19.0
Seq5596_114_bp_-1_2_1	AAH69556.1	50.00	16	7	2	5	18	252	267	8.2	15.3
Seq5596_114_bp_-1_2_1	AAB26998.1	66.67	7	2	1	1	6	30	36	8.6	13.3
Seq5596_114_bp_-1_2_1	AIR13712.1	66.67	10	3	1	4	13	106	114	8.8	15.3
Seq5596_114_bp_-1_2_1	AAR31603.1	41.18	19	10	2	1	19	250	266	8.8	15.3
Seq5596_114_bp_-1_2_1	AAQ92751.2	52.94	21	8	4	1	17	1111	1131	9.1	17.4
Seq5596_114_bp_-1_2_1	BAA32956.1	100.00	3	0	0	1	3	185	187	9.8	14.5
Seq5596_114_bp_-1_2_1	BAA32991.1	46.15	17	7	4	7	19	33	49	9.8	12.9
