Seq6245_133_bp_1_0_0	ABS38337.1	90.91	44	4	0	1	44	901	944	2.1e-24	100.3
Seq6245_133_bp_1_0_0	ABS38337.1	56.41	57	17	18	3	44	761	814	0.73	22.1
Seq6245_133_bp_1_0_0	AAA23282.1	52.94	38	16	4	9	44	176	211	4.9e-05	34.8
Seq6245_133_bp_1_0_0	AAC78721.1	65.22	30	8	7	6	31	321	347	0.32	22.3
Seq6245_133_bp_1_0_0	ABD33854.1	47.37	24	10	5	26	44	13	36	3.4	15.5
Seq6245_133_bp_1_0_0	AAA24969.1	52.38	29	10	8	22	44	1284	1310	4.1	19.8
Seq6245_133_bp_1_0_0	BAE97662.1	36.84	46	24	8	1	44	479	518	10	18.0
Seq6245_133_bp_1_1_0	AAR31603.1	50.00	6	3	0	4	9	61	66	1.1	18.0
Seq6245_133_bp_1_1_0	BAB79260.1	50.00	20	7	6	3	16	341	360	1.5	18.0
Seq6245_133_bp_1_1_0	AAA45888.1	50.00	14	6	2	2	15	109	120	1.7	17.6
Seq6245_133_bp_1_1_0	ABN10845.1	46.15	14	7	1	2	15	43	55	1.8	16.7
Seq6245_133_bp_1_1_0	AAA24142.1	71.43	7	2	0	5	11	323	329	2	17.6
Seq6245_133_bp_1_1_0	CAA26230.1	75.00	4	1	0	8	11	306	309	6	16.3
Seq6245_133_bp_1_2_0	AAA18786.1	83.33	9	1	3	1	6	186	194	1.2	17.1
Seq6245_133_bp_1_2_0	ABN10845.1	71.43	10	2	3	2	8	108	117	2	16.1
Seq6245_133_bp_1_2_0	AAA42531.1	80.00	5	1	0	7	11	90	94	2.7	16.4
Seq6245_133_bp_1_2_0	AAA72732.1	80.00	5	1	0	3	7	84	88	3.6	15.7
Seq6245_133_bp_1_2_0	AAA32624.1	80.00	5	1	0	4	8	452	456	3.6	16.4
Seq6245_133_bp_1_2_0	AAA23282.1	100.00	6	0	1	3	7	473	478	5	16.1
Seq6245_133_bp_1_2_0	AIR13712.1	66.67	6	2	0	2	7	138	143	6.1	15.0
Seq6245_133_bp_1_2_0	ABD49687.1	83.33	7	1	1	1	7	235	240	7	17.1
Seq6245_133_bp_1_2_0	AAA25966.1	100.00	3	0	0	8	10	317	319	8	15.7
Seq6245_133_bp_1_2_0	AAX84812.1	57.14	8	3	1	4	11	103	109	8.8	13.9
Seq6245_133_bp_-1_0_0	AAB26998.1	66.67	6	2	0	5	10	40	45	0.18	18.3
Seq6245_133_bp_-1_0_0	CAA43372.1	85.71	10	1	3	1	10	405	411	0.6	19.0
Seq6245_133_bp_-1_0_0	AAA24142.1	71.43	7	2	0	6	12	358	364	2.6	16.9
Seq6245_133_bp_-1_0_0	AAA26915.1	57.14	7	3	0	4	10	194	200	4.3	16.3
Seq6245_133_bp_-1_0_0	AAX84812.1	80.00	5	1	0	9	13	207	211	5.4	14.9
Seq6245_133_bp_-1_0_0	AAA24969.1	54.55	12	5	1	2	12	594	605	5.4	17.6
Seq6245_133_bp_-1_0_0	BAB70780.1	54.55	11	5	0	2	12	35	45	5.6	15.9
Seq6245_133_bp_-1_0_0	AAB96524.1	50.00	6	3	0	7	12	91	96	8.5	13.9
Seq6245_133_bp_-1_0_0	ACT10338.1	60.00	5	2	0	6	10	39	43	8.7	14.9
Seq6245_133_bp_-1_0_0	ABS38337.1	80.00	5	1	0	9	13	1111	1115	8.9	16.6
Seq6245_133_bp_-1_0_0	AAC17860.1	60.00	5	2	0	9	13	331	335	9.2	14.9
Seq6245_133_bp_-1_0_1	ACT10338.1	80.00	16	2	6	7	16	73	88	6.3	15.7
Seq6245_133_bp_-1_0_1	AAB03707.1	83.33	6	1	0	8	13	1069	1074	6.6	17.5
Seq6245_133_bp_-1_0_1	ABD49687.1	71.43	7	2	0	8	14	738	744	8.1	17.5
Seq6245_133_bp_-1_0_1	AAC78721.1	46.15	13	7	0	3	15	51	63	8.4	16.1
Seq6245_133_bp_-1_1_0	AAA42531.1	72.73	15	3	4	1	15	231	241	0.73	18.9
Seq6245_133_bp_-1_1_0	ABK71357.1	50.00	8	4	0	1	8	267	274	0.89	18.5
Seq6245_133_bp_-1_1_0	ABS38337.1	41.67	12	7	0	5	16	927	938	1.9	19.2
Seq6245_133_bp_-1_1_0	AAA23282.1	46.67	15	8	0	2	16	82	96	3.4	17.2
Seq6245_133_bp_-1_1_0	BAB17681.1	40.00	10	6	0	5	14	72	81	4.3	15.8
Seq6245_133_bp_-1_1_0	AAA24142.1	54.55	13	5	2	1	13	247	257	5.5	16.1
Seq6245_133_bp_-1_1_0	ACH70904.1	50.00	8	4	0	5	12	78	85	8.6	15.1
Seq6245_133_bp_-1_1_0	CAA45199.1	50.00	14	6	2	3	16	114	125	8.9	15.5
Seq6245_133_bp_-1_1_0	CAA11507.1	70.00	13	3	3	1	13	1084	1093	9.9	16.8
Seq6245_133_bp_-1_1_1	BAB79260.1	71.43	7	2	0	1	7	173	179	0.53	19.5
Seq6245_133_bp_-1_1_1	AAB96524.1	54.55	13	5	2	5	15	92	104	0.59	18.1
Seq6245_133_bp_-1_1_1	ABS38337.1	55.56	11	4	2	7	15	945	955	3.9	18.1
Seq6245_133_bp_-1_1_1	AAC17860.1	83.33	7	1	1	5	10	329	335	4.3	16.3
Seq6245_133_bp_-1_1_1	CAA45199.1	100.00	4	0	0	11	14	362	365	4.9	16.3
Seq6245_133_bp_-1_1_1	AAX84812.1	62.50	10	3	2	5	12	204	213	6.5	14.8
Seq6245_133_bp_-1_1_1	ABN10845.1	50.00	6	3	0	4	9	50	55	7.7	14.5
Seq6245_133_bp_-1_1_1	AAC97205.1	41.67	12	7	0	4	15	679	690	9.7	16.6
Seq6245_133_bp_-1_2_0	AAA45888.1	48.00	30	13	5	8	34	140	167	0.7	20.3
Seq6245_133_bp_-1_2_0	ABN10845.1	53.33	19	7	4	4	22	20	34	4	17.0
Seq6245_133_bp_-1_2_0	BAA32956.1	63.64	16	4	5	24	39	94	104	4.7	16.7
Seq6245_133_bp_-1_2_0	AAA65607.1	45.45	11	6	0	18	28	310	320	5.5	17.3
Seq6245_133_bp_-1_2_0	AAA32624.1	41.67	28	14	4	19	42	466	493	6.4	17.5
Seq6245_133_bp_-1_2_0	ABS38337.1	69.23	16	4	3	28	41	458	472	8.6	18.4
