Seq6312_195_bp_1_0_0	ENA|ACH70901|ACH70901.1	50.00	8	4	0	3	10	97	104	0.46	19.0
Seq6312_195_bp_1_0_0	ENA|AAB03707|AAB03707.1	44.44	9	5	0	1	9	1344	1352	0.71	20.3
Seq6312_195_bp_1_0_0	ENA|AAR37016|AAR37016.1	50.00	8	4	0	4	11	956	963	1.2	20.3
Seq6312_195_bp_1_0_0	ENA|ABD49687|ABD49687.1	66.67	6	2	0	4	9	1709	1714	1.4	19.7
Seq6312_195_bp_1_0_0	ENA|ACT10338|ACT10338.1	50.00	8	4	0	1	8	304	311	1.9	17.1
Seq6312_195_bp_1_0_0	ENA|CAA45199|CAA45199.1	66.67	6	2	0	3	8	409	414	2.3	17.1
Seq6312_195_bp_1_0_0	ENA|AAA36114|AAA36114.1	80.00	5	1	0	4	8	342	346	2.5	17.1
Seq6312_195_bp_1_0_0	ENA|CAA26023|CAA26023.1	100.00	3	0	0	3	5	203	205	2.9	16.4
Seq6312_195_bp_1_0_0	ENA|CAA11507|CAA11507.1	62.50	8	3	0	1	8	592	599	4.1	17.7
Seq6312_195_bp_1_0_0	ENA|CAA26939|CAA26939.1	33.33	6	4	0	6	11	471	476	4.3	16.4
Seq6312_195_bp_1_0_0	ENA|AAB66912|AAB66912.1	62.50	8	3	0	4	11	498	505	4.4	17.1
Seq6312_195_bp_1_0_0	ENA|ABD33854|ABD33854.1	75.00	4	1	0	4	7	51	54	4.5	13.2
Seq6312_195_bp_1_0_0	ENA|BAA32018|BAA32018.1	60.00	5	2	0	4	8	558	562	4.7	16.4
Seq6312_195_bp_1_0_0	ENA|EDO47375|EDO47375.1	50.00	4	2	0	8	11	128	131	5.4	14.5
Seq6312_195_bp_1_0_0	ENA|AAA32624|AAA32624.1	75.00	4	1	0	1	4	232	235	6	15.8
Seq6312_195_bp_1_0_0	ENA|AAB96524|AAB96524.1	66.67	3	1	0	9	11	134	136	8.1	13.8
Seq6312_195_bp_1_0_0	ENA|AAA25966|AAA25966.1	66.67	6	2	0	3	8	185	190	8.2	15.8
Seq6312_195_bp_1_0_0	ENA|AAC40132|AAC40132.1	100.00	3	0	0	4	6	436	438	8.4	15.1
Seq6312_195_bp_1_0_0	ENA|AAA72732|AAA72732.1	60.00	5	2	0	6	10	209	213	8.6	14.5
Seq6312_195_bp_1_0_0	ENA|AAC49865|AAC49865.1	75.00	4	1	0	3	6	189	192	9	14.5
Seq6312_195_bp_1_0_1	ENA|AAA32624|AAA32624.1	85.71	7	1	0	9	15	193	199	0.018	24.6
Seq6312_195_bp_1_0_1	ENA|AAF79734|AAF79734.1	54.55	11	5	0	3	13	751	761	0.28	22.1
Seq6312_195_bp_1_0_1	ENA|AAA18786|AAA18786.1	55.56	9	4	0	5	13	86	94	0.45	19.0
Seq6312_195_bp_1_0_1	ENA|AAA25966|AAA25966.1	50.00	12	6	0	4	15	582	593	1.8	18.4
Seq6312_195_bp_1_0_1	ENA|AAB03707|AAB03707.1	66.67	6	2	0	9	14	672	677	2.3	19.0
Seq6312_195_bp_1_0_1	ENA|CAL82360|CAL82360.1	33.33	12	8	0	3	14	706	717	3.2	18.4
Seq6312_195_bp_1_0_1	ENA|CAA26023|CAA26023.1	60.00	5	2	0	10	14	160	164	3.5	16.5
Seq6312_195_bp_1_0_1	ENA|AAC26660|AAC26660.1	30.00	10	7	0	4	13	161	170	3.6	15.9
Seq6312_195_bp_1_0_1	ENA|AAB26998|AAB26998.1	75.00	4	1	0	3	6	14	17	4	14.0
Seq6312_195_bp_1_0_1	ENA|AAB96524|AAB96524.1	55.56	11	4	2	5	15	55	63	4	15.2
Seq6312_195_bp_1_0_1	ENA|BAA32956|BAA32956.1	100.00	3	0	0	6	8	24	26	4.5	15.2
Seq6312_195_bp_1_0_1	ENA|AAI27517|AAI27517.1	75.00	4	1	0	2	5	511	514	5.3	16.5
Seq6312_195_bp_1_0_1	ENA|ACT10338|ACT10338.1	50.00	6	3	0	3	8	298	303	5.3	15.9
Seq6312_195_bp_1_0_1	ENA|AAC17860|AAC17860.1	37.50	8	5	0	8	15	38	45	5.6	15.9
Seq6312_195_bp_1_0_1	ENA|CAA36714|CAA36714.1	50.00	6	3	0	3	8	379	384	6.4	15.9
Seq6312_195_bp_1_0_1	ENA|AAR31603|AAR31603.1	100.00	3	0	0	3	5	103	105	6.8	15.2
Seq6312_195_bp_1_0_1	ENA|ABD33854|ABD33854.1	100.00	2	0	0	14	15	44	45	7.3	12.8
Seq6312_195_bp_1_0_1	ENA|CAA26939|CAA26939.1	85.71	9	1	2	7	13	26	34	7.7	15.9
Seq6312_195_bp_1_0_1	ENA|BAB17681|BAB17681.1	28.57	7	5	0	8	14	37	43	8.6	14.6
Seq6312_195_bp_1_0_1	ENA|AAS77176|AAS77176.1	42.86	7	4	0	9	15	151	157	9	14.6
Seq6312_195_bp_1_0_1	ENA|BAA05866|BAA05866.1	55.56	10	4	1	3	11	232	241	9.6	14.6
Seq6312_195_bp_1_0_2	ENA|AAA32624|AAA32624.1	40.00	10	6	0	4	13	468	477	0.16	22.0
Seq6312_195_bp_1_0_2	ENA|AAC49865|AAC49865.1	50.00	8	4	0	13	20	29	36	1.7	17.9
Seq6312_195_bp_1_0_2	ENA|AAB96524|AAB96524.1	40.00	15	9	0	2	16	51	65	2.1	16.7
Seq6312_195_bp_1_0_2	ENA|AAR37016|AAR37016.1	80.00	5	1	0	17	21	73	77	2.4	20.2
Seq6312_195_bp_1_0_2	ENA|BAA32956|BAA32956.1	100.00	3	0	0	20	22	90	92	2.4	16.7
Seq6312_195_bp_1_0_2	ENA|CAA29956|CAA29956.1	40.00	10	6	0	6	15	93	102	2.9	17.3
Seq6312_195_bp_1_0_2	ENA|AAF79734|AAF79734.1	38.89	18	11	0	4	21	1062	1079	3.3	19.1
Seq6312_195_bp_1_0_2	ENA|AAA72732|AAA72732.1	55.56	9	4	0	4	12	60	68	3.5	16.7
Seq6312_195_bp_1_0_2	ENA|ABD49687|ABD49687.1	80.00	5	1	0	10	14	1059	1063	3.8	19.1
Seq6312_195_bp_1_0_2	ENA|AAC97205|AAC97205.1	83.33	6	1	0	1	6	766	771	4.1	18.5
Seq6312_195_bp_1_0_2	ENA|CAA11507|CAA11507.1	57.14	7	3	0	15	21	1005	1011	4.6	18.5
Seq6312_195_bp_1_0_2	ENA|BAB17681|BAB17681.1	100.00	3	0	0	13	15	111	113	4.6	16.1
Seq6312_195_bp_1_0_2	ENA|CAA29968|CAA29968.1	100.00	3	0	0	18	20	191	193	4.9	15.6
Seq6312_195_bp_1_0_2	ENA|AAA24145|AAA24145.1	62.50	8	3	0	15	22	412	419	5.1	16.7
Seq6312_195_bp_1_0_2	ENA|BAB79260|BAB79260.1	57.14	7	3	0	1	7	201	207	7.4	16.1
Seq6312_195_bp_1_0_2	ENA|CAA26939|CAA26939.1	66.67	6	2	0	13	18	351	356	9.2	16.1
Seq6312_195_bp_1_0_2	ENA|CAL82360|CAL82360.1	50.00	8	4	0	1	8	606	613	9.2	17.3
Seq6312_195_bp_1_0_2	ENA|CAA24711|CAA24711.1	66.67	6	2	0	10	15	3	8	9.3	14.4
Seq6312_195_bp_1_0_3	ENA|AAC17860|AAC17860.1	62.50	8	3	0	3	10	136	143	0.29	20.0
Seq6312_195_bp_1_0_3	ENA|CAA26023|CAA26023.1	40.00	10	6	0	2	11	267	276	0.44	19.3
Seq6312_195_bp_1_0_3	ENA|CAA26023|CAA26023.1	40.00	10	6	0	2	11	294	303	0.44	19.3
Seq6312_195_bp_1_0_3	ENA|AAR37016|AAR37016.1	45.45	11	6	0	3	13	687	697	1.6	20.0
Seq6312_195_bp_1_0_3	ENA|ABK71357|ABK71357.1	38.46	13	8	0	1	13	97	109	1.8	17.2
Seq6312_195_bp_1_0_3	ENA|AAA25966|AAA25966.1	50.00	8	4	0	1	8	191	198	2.2	17.9
Seq6312_195_bp_1_0_3	ENA|BAA05866|BAA05866.1	45.45	11	6	0	2	12	112	122	2.4	16.5
Seq6312_195_bp_1_0_3	ENA|CAA24711|CAA24711.1	75.00	4	1	0	2	5	163	166	3.5	15.1
Seq6312_195_bp_1_0_3	ENA|AAA36114|AAA36114.1	55.56	9	4	0	4	12	500	508	3.9	16.5
Seq6312_195_bp_1_0_3	ENA|AAB03707|AAB03707.1	62.50	8	3	0	2	9	268	275	4	17.9
Seq6312_195_bp_1_0_3	ENA|CCP43727|CCP43727.1	50.00	6	3	0	6	11	55	60	4.1	15.8
Seq6312_195_bp_1_0_3	ENA|CAA45708|CAA45708.1	80.00	5	1	0	4	8	659	663	4.5	17.9
Seq6312_195_bp_1_0_3	ENA|AAC08817|AAC08817.1	44.44	9	5	0	2	10	141	149	5.1	14.4
Seq6312_195_bp_1_0_3	ENA|CAA73529|CAA73529.1	42.86	7	4	0	2	8	45	51	5.5	15.1
Seq6312_195_bp_1_0_3	ENA|CAA11507|CAA11507.1	60.00	5	2	0	5	9	361	365	6.4	17.2
Seq6312_195_bp_1_0_3	ENA|AAQ92751|AAQ92751.2	66.67	6	2	0	6	11	657	662	6.4	17.2
Seq6312_195_bp_1_0_3	ENA|AAF79734|AAF79734.1	30.00	10	7	0	2	11	782	791	6.7	17.2
Seq6312_195_bp_1_0_3	ENA|AAI27517|AAI27517.1	60.00	5	2	0	2	6	389	393	7.2	15.8
Seq6312_195_bp_1_0_3	ENA|BAA32018|BAA32018.1	50.00	6	3	0	2	7	255	260	7.6	15.8
Seq6312_195_bp_1_0_3	ENA|BAB17681|BAB17681.1	42.86	7	4	0	5	11	257	263	8.7	14.4
Seq6312_195_bp_1_0_3	ENA|AAA24145|AAA24145.1	50.00	6	3	0	4	9	63	68	9	15.1
Seq6312_195_bp_1_0_3	ENA|AAC97205|AAC97205.1	60.00	5	2	0	8	12	957	961	9.1	16.5
Seq6312_195_bp_1_0_3	ENA|CAA45199|CAA45199.1	45.45	11	6	0	1	11	228	238	9.2	15.1
Seq6312_195_bp_1_0_3	ENA|CAA28033|CAA28033.1	60.00	5	2	0	2	6	1307	1311	9.6	16.5
Seq6312_195_bp_1_1_0	ENA|ACT10338|ACT10338.1	96.88	64	2	0	1	64	268	331	6.2e-53	193.9
Seq6312_195_bp_1_1_0	ENA|CAA45708|CAA45708.1	57.14	14	6	0	3	16	1003	1016	0.69	22.9
Seq6312_195_bp_1_1_0	ENA|ABK71357|ABK71357.1	50.00	10	5	0	37	46	92	101	2.7	18.9
Seq6312_195_bp_1_1_0	ENA|AAB03707|AAB03707.1	66.67	9	3	0	44	52	1032	1040	3	20.7
Seq6312_195_bp_1_1_0	ENA|AAC78721|AAC78721.1	41.67	12	7	0	34	45	260	271	3.2	19.5
Seq6312_195_bp_1_1_0	ENA|ABN10845|ABN10845.1	80.00	5	1	0	28	32	16	20	3.4	17.8
Seq6312_195_bp_1_1_0	ENA|AAR31603|AAR31603.1	80.00	5	1	0	31	35	152	156	3.5	18.4
Seq6312_195_bp_1_1_0	ENA|ABG75784|ABG75784.1	37.50	18	10	2	11	26	258	275	4.8	17.8
Seq6312_195_bp_1_1_0	ENA|CAA36714|CAA36714.1	55.56	9	4	0	6	14	102	110	4.9	18.4
Seq6312_195_bp_1_1_0	ENA|AAR37016|AAR37016.1	50.00	10	5	0	22	31	235	244	5	20.7
Seq6312_195_bp_1_1_0	ENA|AAC08817|AAC08817.1	43.75	16	9	0	15	30	143	158	7.7	16.1
Seq6312_195_bp_1_1_0	ENA|AAQ92751|AAQ92751.2	50.00	14	7	0	6	19	278	291	9.3	18.9
Seq6312_195_bp_1_1_0	ENA|BAA32018|BAA32018.1	43.48	24	13	1	41	64	399	421	9.3	17.8
Seq6312_195_bp_1_2_0	ENA|CAA43419|CAA43419.1	40.00	10	6	0	1	10	338	347	0.37	21.3
Seq6312_195_bp_1_2_0	ENA|BAA32956|BAA32956.1	40.00	10	6	0	1	10	17	26	0.45	20.2
Seq6312_195_bp_1_2_0	ENA|AAC26660|AAC26660.1	45.45	11	6	0	29	39	107	117	2.5	18.0
Seq6312_195_bp_1_2_0	ENA|AAC78721|AAC78721.1	38.89	18	11	0	24	41	412	429	3	19.1
Seq6312_195_bp_1_2_0	ENA|CAA45708|CAA45708.1	75.00	8	2	0	3	10	1319	1326	3.2	20.2
Seq6312_195_bp_1_2_0	ENA|ABG75784|ABG75784.1	41.67	12	7	0	1	12	238	249	4.4	17.4
Seq6312_195_bp_1_2_0	ENA|AAA24145|AAA24145.1	50.00	6	3	0	20	25	10	15	4.4	18.0
Seq6312_195_bp_1_2_0	ENA|AAC17860|AAC17860.1	54.55	11	5	0	12	22	115	125	5.7	17.4
Seq6312_195_bp_1_2_0	ENA|AAC08817|AAC08817.1	80.00	5	1	0	40	44	51	55	6.8	15.8
Seq6312_195_bp_1_2_0	ENA|AAR37016|AAR37016.1	66.67	6	2	0	18	23	1934	1939	7	19.6
Seq6312_195_bp_1_2_0	ENA|AAC97205|AAC97205.1	58.33	15	5	3	30	44	819	830	7.8	18.5
Seq6312_195_bp_1_2_1	ENA|AAA32624|AAA32624.1	35.71	14	9	0	1	14	469	482	0.21	21.3
Seq6312_195_bp_1_2_1	ENA|CAA26023|CAA26023.1	29.41	17	12	0	1	17	151	167	0.24	20.7
Seq6312_195_bp_1_2_1	ENA|AAB96524|AAB96524.1	35.71	14	9	0	2	15	50	63	0.42	18.8
Seq6312_195_bp_1_2_1	ENA|AAB26998|AAB26998.1	40.00	10	6	0	1	10	6	15	0.43	17.5
Seq6312_195_bp_1_2_1	ENA|AAA18786|AAA18786.1	66.67	6	2	0	13	18	186	191	0.93	18.2
Seq6312_195_bp_1_2_1	ENA|CAA29956|CAA29956.1	21.43	14	11	0	2	15	93	106	2	17.5
Seq6312_195_bp_1_2_1	ENA|AAQ92751|AAQ92751.2	54.55	11	5	0	8	18	547	557	2	19.4
Seq6312_195_bp_1_2_1	ENA|ABD49687|ABD49687.1	50.00	10	5	0	3	12	391	400	2.5	19.4
Seq6312_195_bp_1_2_1	ENA|CAA11507|CAA11507.1	62.50	8	3	0	11	18	408	415	3	18.8
Seq6312_195_bp_1_2_1	ENA|CAA28033|CAA28033.1	60.00	10	4	0	3	12	985	994	4.4	18.2
Seq6312_195_bp_1_2_1	ENA|BAA32991|BAA32991.1	44.44	9	5	0	9	17	32	40	4.7	13.8
Seq6312_195_bp_1_2_1	ENA|BAA32018|BAA32018.1	42.86	7	4	0	7	13	168	174	5	16.9
Seq6312_195_bp_1_2_1	ENA|AAA25966|AAA25966.1	42.86	17	8	3	4	17	678	694	5.7	16.9
Seq6312_195_bp_1_2_1	ENA|AAC97205|AAC97205.1	83.33	6	1	0	5	10	974	979	6.3	17.5
Seq6312_195_bp_1_2_1	ENA|AAA42531|AAA42531.1	35.71	14	9	0	5	18	82	95	7.2	15.7
Seq6312_195_bp_1_2_1	ENA|CAA45708|CAA45708.1	44.44	9	5	0	10	18	622	630	7.7	17.5
Seq6312_195_bp_1_2_1	ENA|AAS77176|AAS77176.1	40.00	10	6	0	8	17	150	159	8.1	15.1
Seq6312_195_bp_1_2_1	ENA|AAA72732|AAA72732.1	60.00	5	2	0	8	12	298	302	8.8	15.1
Seq6312_195_bp_-1_0_0	ENA|BAB79260|BAB79260.1	40.00	20	12	0	30	49	230	249	0.48	21.7
Seq6312_195_bp_-1_0_0	ENA|AAA24145|AAA24145.1	71.43	7	2	0	52	58	358	364	1.5	20.1
Seq6312_195_bp_-1_0_0	ENA|AAA32624|AAA32624.1	46.67	15	8	0	38	52	127	141	1.7	20.1
Seq6312_195_bp_-1_0_0	ENA|CAA43419|CAA43419.1	62.50	8	3	0	39	46	197	204	2.6	19.0
Seq6312_195_bp_-1_0_0	ENA|ABD49687|ABD49687.1	58.33	12	5	0	38	49	844	855	2.6	21.2
Seq6312_195_bp_-1_0_0	ENA|CAA29956|CAA29956.1	38.46	13	8	0	49	61	33	45	2.6	19.0
Seq6312_195_bp_-1_0_0	ENA|ACT10338|ACT10338.1	37.04	30	17	3	29	58	282	308	2.7	19.0
Seq6312_195_bp_-1_0_0	ENA|AAC17860|AAC17860.1	83.33	6	1	0	58	63	95	100	2.9	19.0
Seq6312_195_bp_-1_0_0	ENA|AAA36539|AAA36539.1	58.33	12	5	0	7	18	469	480	3.3	19.0
Seq6312_195_bp_-1_0_0	ENA|AAC08817|AAC08817.1	53.33	16	7	1	16	30	103	118	3.4	17.3
Seq6312_195_bp_-1_0_0	ENA|ABN10845|ABN10845.1	80.00	5	1	0	10	14	21	25	4.7	17.3
Seq6312_195_bp_-1_0_0	ENA|CAA26023|CAA26023.1	100.00	4	0	0	23	26	8	11	5.6	17.9
Seq6312_195_bp_-1_0_0	ENA|AAC97205|AAC97205.1	50.00	12	6	0	14	25	270	281	5.7	19.5
Seq6312_195_bp_-1_0_0	ENA|AAI27517|AAI27517.1	55.56	9	4	0	54	62	12	20	5.9	18.4
Seq6312_195_bp_-1_0_0	ENA|CAA45199|CAA45199.1	62.50	8	3	0	40	47	11	18	6.8	17.9
Seq6312_195_bp_-1_0_0	ENA|AAC40132|AAC40132.1	27.78	40	26	4	4	39	333	372	6.8	17.9
Seq6312_195_bp_-1_0_0	ENA|CAD53387|CAD53387.1	100.00	4	0	0	23	26	14	17	7.2	17.9
Seq6312_195_bp_-1_0_0	ENA|CAA11507|CAA11507.1	46.67	16	8	1	42	57	1040	1054	9	19.0
Seq6312_195_bp_-1_1_0	ENA|AAB26998|AAB26998.1	54.55	11	5	0	2	12	51	61	0.013	22.1
Seq6312_195_bp_-1_1_0	ENA|ACT10338|ACT10338.1	75.00	8	2	0	6	13	249	256	0.063	22.1
Seq6312_195_bp_-1_1_0	ENA|CAA26023|CAA26023.1	83.33	6	1	0	4	9	306	311	0.4	19.5
Seq6312_195_bp_-1_1_0	ENA|AAB66912|AAB66912.1	41.67	12	7	0	1	12	292	303	0.6	20.1
Seq6312_195_bp_-1_1_0	ENA|CAL82360|CAL82360.1	83.33	6	1	0	6	11	464	469	0.83	20.1
Seq6312_195_bp_-1_1_0	ENA|AAC26660|AAC26660.1	57.14	7	3	0	2	8	225	231	1.1	17.5
Seq6312_195_bp_-1_1_0	ENA|AAR37016|AAR37016.1	50.00	8	4	0	6	13	421	428	1.5	20.1
Seq6312_195_bp_-1_1_0	ENA|AAA42531|AAA42531.1	66.67	6	2	0	2	7	381	386	2.5	16.8
Seq6312_195_bp_-1_1_0	ENA|AAC08817|AAC08817.1	60.00	5	2	0	4	8	23	27	2.6	15.5
Seq6312_195_bp_-1_1_0	ENA|AAA25966|AAA25966.1	66.67	6	2	0	7	12	191	196	2.9	17.5
Seq6312_195_bp_-1_1_0	ENA|BAA32956|BAA32956.1	62.50	8	3	0	2	9	43	50	3.4	15.5
Seq6312_195_bp_-1_1_0	ENA|CAA43419|CAA43419.1	42.86	7	4	0	4	10	41	47	3.7	16.1
Seq6312_195_bp_-1_1_0	ENA|AAA36539|AAA36539.1	75.00	4	1	0	5	8	424	427	4.8	16.1
Seq6312_195_bp_-1_1_0	ENA|AAQ92751|AAQ92751.2	57.14	7	3	0	6	12	927	933	5.5	17.5
Seq6312_195_bp_-1_1_0	ENA|BAA05866|BAA05866.1	42.86	7	4	0	1	7	144	150	7.6	14.8
Seq6312_195_bp_-1_1_0	ENA|ABN10845|ABN10845.1	50.00	6	3	0	6	11	111	116	8.4	14.1
Seq6312_195_bp_-1_1_1	ENA|BAA36759|BAA36759.1	62.50	8	3	0	1	8	11	18	0.027	23.7
Seq6312_195_bp_-1_1_1	ENA|CAA26939|CAA26939.1	38.46	13	8	0	10	22	129	141	0.22	21.7
Seq6312_195_bp_-1_1_1	ENA|CAA26023|CAA26023.1	31.82	22	15	0	1	22	204	225	0.37	20.3
Seq6312_195_bp_-1_1_1	ENA|BAB17681|BAB17681.1	60.00	5	2	0	5	9	109	113	0.42	19.6
Seq6312_195_bp_-1_1_1	ENA|AAI27517|AAI27517.1	57.14	7	3	0	8	14	373	379	0.57	20.3
Seq6312_195_bp_-1_1_1	ENA|AAR31603|AAR31603.1	41.67	12	7	0	8	19	250	261	0.8	19.0
Seq6312_195_bp_-1_1_1	ENA|AAC49865|AAC49865.1	100.00	3	0	0	7	9	29	31	1.3	18.3
Seq6312_195_bp_-1_1_1	ENA|ABK71357|ABK71357.1	50.00	6	3	0	1	6	214	219	1.4	18.3
Seq6312_195_bp_-1_1_1	ENA|ABD49687|ABD49687.1	100.00	4	0	0	9	12	75	78	1.6	20.3
Seq6312_195_bp_-1_1_1	ENA|AAA36539|AAA36539.1	42.86	7	4	0	1	7	93	99	1.8	18.3
Seq6312_195_bp_-1_1_1	ENA|AAA25966|AAA25966.1	66.67	6	2	0	17	22	115	120	2.8	18.3
Seq6312_195_bp_-1_1_1	ENA|AAC97205|AAC97205.1	57.14	7	3	0	1	7	628	634	3	19.0
Seq6312_195_bp_-1_1_1	ENA|AAA72732|AAA72732.1	50.00	6	3	0	4	9	119	124	3.1	16.9
Seq6312_195_bp_-1_1_1	ENA|CAA28033|CAA28033.1	80.00	5	1	0	10	14	909	913	3.1	19.0
Seq6312_195_bp_-1_1_1	ENA|AAF79734|AAF79734.1	60.00	10	4	0	11	20	338	347	3.5	19.0
Seq6312_195_bp_-1_1_1	ENA|ACT10338|ACT10338.1	26.67	15	11	0	8	22	307	321	3.8	16.9
Seq6312_195_bp_-1_1_1	ENA|BAA32018|BAA32018.1	66.67	6	2	0	4	9	226	231	3.8	17.6
Seq6312_195_bp_-1_1_1	ENA|CAA73529|CAA73529.1	33.33	12	8	0	2	13	240	251	4.2	16.3
Seq6312_195_bp_-1_1_1	ENA|BAA05866|BAA05866.1	100.00	3	0	0	9	11	30	32	4.7	16.3
Seq6312_195_bp_-1_1_1	ENA|CAA11507|CAA11507.1	57.14	7	3	0	1	7	1246	1252	5.1	18.3
Seq6312_195_bp_-1_1_1	ENA|BAA32956|BAA32956.1	44.44	9	5	0	2	10	68	76	5.2	15.6
Seq6312_195_bp_-1_1_1	ENA|AAQ92751|AAQ92751.2	37.50	8	5	0	1	8	217	224	5.2	18.3
Seq6312_195_bp_-1_1_1	ENA|ABD33854|ABD33854.1	100.00	3	0	0	20	22	28	30	6.3	13.6
Seq6312_195_bp_-1_1_1	ENA|AAA24145|AAA24145.1	55.56	9	4	0	11	19	94	102	6.9	16.3
Seq6312_195_bp_-1_1_1	ENA|CAA45199|CAA45199.1	100.00	3	0	0	9	11	408	410	7.1	16.3
Seq6312_195_bp_-1_1_1	ENA|AAB96524|AAB96524.1	71.43	7	2	0	13	19	8	14	7.1	14.9
Seq6312_195_bp_-1_1_1	ENA|AAB26998|AAB26998.1	28.57	7	5	0	1	7	41	47	7.6	13.6
Seq6312_195_bp_-1_1_1	ENA|AAB03707|AAB03707.1	75.00	4	1	0	7	10	24	27	8.1	17.6
Seq6312_195_bp_-1_1_1	ENA|ABN10845|ABN10845.1	75.00	4	1	0	5	8	55	58	8.2	14.9
Seq6312_195_bp_-1_1_1	ENA|ACH70901|ACH70901.1	60.00	5	2	0	7	11	314	318	8.5	15.6
Seq6312_195_bp_-1_1_1	ENA|CAA43419|CAA43419.1	33.33	9	6	0	1	9	113	121	8.7	15.6
Seq6312_195_bp_-1_1_1	ENA|AAC78721|AAC78721.1	100.00	3	0	0	10	12	317	319	9.9	16.3
Seq6312_195_bp_-1_1_1	ENA|AAA18786|AAA18786.1	100.00	3	0	0	1	3	97	99	10	14.9
Seq6312_195_bp_-1_1_2	ENA|ABK71357|ABK71357.1	50.00	12	6	0	1	12	149	160	0.42	19.6
Seq6312_195_bp_-1_1_2	ENA|AAR31603|AAR31603.1	44.44	9	5	0	7	15	135	143	3	16.5
Seq6312_195_bp_-1_1_2	ENA|CAA26939|CAA26939.1	66.67	6	2	0	9	14	297	302	5.2	16.5
Seq6312_195_bp_-1_1_2	ENA|AAB96524|AAB96524.1	57.14	7	3	0	8	14	83	89	6	14.6
Seq6312_195_bp_-1_1_2	ENA|AAA24145|AAA24145.1	28.57	14	10	0	2	15	99	112	6.3	15.9
Seq6312_195_bp_-1_1_2	ENA|ABD49687|ABD49687.1	100.00	5	0	0	8	12	167	171	6.5	17.7
Seq6312_195_bp_-1_1_2	ENA|AAC49865|AAC49865.1	71.43	7	2	0	2	8	225	231	6.9	15.2
Seq6312_195_bp_-1_1_2	ENA|AAC97205|AAC97205.1	41.67	12	7	0	2	13	560	571	7.1	17.1
Seq6312_195_bp_-1_1_2	ENA|BAA32991|BAA32991.1	42.86	7	4	0	7	13	8	14	7.8	12.8
Seq6312_195_bp_-1_1_2	ENA|CAA45708|CAA45708.1	100.00	5	0	0	10	14	1308	1312	8.7	17.1
Seq6312_195_bp_-1_1_3	ENA|AAA18786|AAA18786.1	57.14	7	3	0	1	7	91	97	1.3	17.0
Seq6312_195_bp_-1_1_3	ENA|AAA42531|AAA42531.1	66.67	6	2	0	6	11	349	354	2.9	16.4
Seq6312_195_bp_-1_1_3	ENA|BAA32991|BAA32991.1	57.14	7	3	0	3	9	13	19	4.4	13.2
Seq6312_195_bp_-1_1_3	ENA|ACH70901|ACH70901.1	50.00	8	4	0	4	11	137	144	9.2	14.5
Seq6312_195_bp_-1_1_3	ENA|AAI27517|AAI27517.1	100.00	3	0	0	7	9	4	6	9.7	15.1
Seq6312_195_bp_-1_2_0	ENA|CAA11507|CAA11507.1	71.43	7	2	0	5	11	1136	1142	2.3	19.2
Seq6312_195_bp_-1_2_0	ENA|AAB26998|AAB26998.1	54.55	11	5	0	5	15	3	13	3.6	14.4
Seq6312_195_bp_-1_2_0	ENA|AAR31603|AAR31603.1	83.33	6	1	0	9	14	73	78	4.3	16.2
Seq6312_195_bp_-1_2_0	ENA|AAC26660|AAC26660.1	44.44	9	5	0	9	17	249	257	5.1	15.6
Seq6312_195_bp_-1_2_0	ENA|AAA42531|AAA42531.1	38.46	13	8	0	1	13	280	292	5.1	16.2
Seq6312_195_bp_-1_2_0	ENA|CAA29968|CAA29968.1	66.67	6	2	0	1	6	101	106	5.8	15.0
Seq6312_195_bp_-1_2_0	ENA|AAA72732|AAA72732.1	75.00	4	1	0	1	4	280	283	9	15.0
Seq6312_195_bp_-1_2_0	ENA|ABN10845|ABN10845.1	33.33	12	8	0	4	15	158	169	9.5	14.4
Seq6312_195_bp_-1_2_1	ENA|AAB03707|AAB03707.1	80.00	5	1	0	6	10	972	976	0.41	21.0
Seq6312_195_bp_-1_2_1	ENA|AAR37016|AAR37016.1	54.55	11	5	0	1	11	198	208	0.69	21.0
Seq6312_195_bp_-1_2_1	ENA|BAA05866|BAA05866.1	44.44	9	5	0	3	11	38	46	0.86	17.8
Seq6312_195_bp_-1_2_1	ENA|BAA32956|BAA32956.1	44.44	9	5	0	2	10	182	190	0.92	17.1
Seq6312_195_bp_-1_2_1	ENA|AAC08817|AAC08817.1	66.67	6	2	0	1	6	147	152	1.7	15.8
Seq6312_195_bp_-1_2_1	ENA|CAA45708|CAA45708.1	50.00	6	3	0	6	11	438	443	1.7	19.1
Seq6312_195_bp_-1_2_1	ENA|AAA25966|AAA25966.1	60.00	11	4	1	1	10	599	609	3.1	17.1
Seq6312_195_bp_-1_2_1	ENA|CAA28033|CAA28033.1	45.45	11	6	0	1	11	919	929	3.6	17.8
Seq6312_195_bp_-1_2_1	ENA|AAC78721|AAC78721.1	57.14	7	3	0	2	8	291	297	4.5	16.5
Seq6312_195_bp_-1_2_1	ENA|CAA11507|CAA11507.1	57.14	7	3	0	1	7	204	210	5.7	17.1
Seq6312_195_bp_-1_2_1	ENA|CAA26939|CAA26939.1	57.14	7	3	0	3	9	338	344	5.9	15.8
Seq6312_195_bp_-1_2_1	ENA|ABD49687|ABD49687.1	44.44	9	5	0	1	9	296	304	7.1	17.1
Seq6312_195_bp_-1_2_1	ENA|EDO47375|EDO47375.1	27.27	11	8	0	1	11	11	21	7.4	13.9
Seq6312_195_bp_-1_2_1	ENA|CAA36214|CAA36214.1	57.14	7	3	0	4	10	226	232	7.6	14.5
Seq6312_195_bp_-1_2_1	ENA|CAL82360|CAL82360.1	44.44	9	5	0	1	9	402	410	8.3	16.5
Seq6312_195_bp_-1_2_1	ENA|ABN10845|ABN10845.1	100.00	3	0	0	9	11	112	114	8.5	13.9
Seq6312_195_bp_-1_2_1	ENA|AAA42531|AAA42531.1	100.00	3	0	0	7	9	283	285	9.5	14.5
Seq6312_195_bp_-1_2_2	ENA|BAB79260|BAB79260.1	45.00	20	11	0	1	20	152	171	0.018	25.5
Seq6312_195_bp_-1_2_2	ENA|ABG75784|ABG75784.1	35.71	14	9	0	15	28	207	220	0.34	20.7
Seq6312_195_bp_-1_2_2	ENA|ABG75784|ABG75784.1	50.00	10	5	0	1	10	79	88	0.78	19.5
Seq6312_195_bp_-1_2_2	ENA|CAA11507|CAA11507.1	41.67	26	14	2	6	31	456	479	0.65	21.9
Seq6312_195_bp_-1_2_2	ENA|AAA36114|AAA36114.1	55.56	9	4	0	25	33	123	131	1.3	19.5
Seq6312_195_bp_-1_2_2	ENA|CAA45199|CAA45199.1	41.67	12	7	0	1	12	261	272	1.8	18.9
Seq6312_195_bp_-1_2_2	ENA|ABK71357|ABK71357.1	50.00	8	4	0	1	8	292	299	2.1	18.3
Seq6312_195_bp_-1_2_2	ENA|AAQ92751|AAQ92751.2	41.67	12	7	0	3	14	217	228	2.3	20.1
Seq6312_195_bp_-1_2_2	ENA|CAA45708|CAA45708.1	54.55	11	5	0	4	14	562	572	2.5	20.1
Seq6312_195_bp_-1_2_2	ENA|AAR31603|AAR31603.1	100.00	4	0	0	24	27	249	252	2.8	17.7
Seq6312_195_bp_-1_2_2	ENA|AAA42531|AAA42531.1	24.00	25	19	0	9	33	41	65	3.3	17.7
Seq6312_195_bp_-1_2_2	ENA|AAA18786|AAA18786.1	31.25	16	11	0	11	26	183	198	3.4	17.1
Seq6312_195_bp_-1_2_2	ENA|AAR37016|AAR37016.1	37.50	8	5	0	5	12	838	845	3.8	20.1
Seq6312_195_bp_-1_2_2	ENA|ABD49687|ABD49687.1	42.86	7	4	0	3	9	311	317	6.2	18.9
Seq6312_195_bp_-1_2_2	ENA|ACH70901|ACH70901.1	66.67	6	2	0	2	7	184	189	6.7	16.5
Seq6312_195_bp_-1_2_2	ENA|CAA28033|CAA28033.1	31.25	16	11	0	7	22	200	215	7	18.3
Seq6312_195_bp_-1_2_2	ENA|CAA36214|CAA36214.1	25.00	20	15	0	10	29	118	137	8.4	16.0
Seq6312_195_bp_-1_2_2	ENA|BAA05866|BAA05866.1	42.86	14	8	0	19	32	106	119	8.5	16.0
Seq6312_195_bp_-1_2_2	ENA|AAC40132|AAC40132.1	33.33	15	10	0	3	17	417	431	8.7	16.5
Seq6312_195_bp_-1_2_2	ENA|AAA25966|AAA25966.1	57.14	7	3	0	8	14	72	78	8.7	17.1
Seq6312_195_bp_-1_2_2	ENA|AAC97205|AAC97205.1	28.57	21	15	0	6	26	597	617	9.8	17.7
