Seq7442_232_bp_1_0_0	AAQ92751.2	46.81	52	25	5	27	77	35	82	0.006	29.9
Seq7442_232_bp_1_0_0	AAQ92751.2	44.44	43	20	7	41	77	90	131	0.099	25.9
Seq7442_232_bp_1_0_0	AAQ92751.2	48.57	42	18	7	43	77	132	173	0.36	24.0
Seq7442_232_bp_1_0_0	AIR13712.1	60.87	32	9	9	23	50	8	34	0.38	21.8
Seq7442_232_bp_1_0_0	AAI27517.1	45.00	22	11	2	8	29	504	523	0.57	22.1
Seq7442_232_bp_1_0_0	AEE27845.1	40.00	20	12	0	58	77	283	302	0.93	22.7
Seq7442_232_bp_1_0_0	ABK71357.1	60.00	37	10	12	47	74	134	167	1.1	20.5
Seq7442_232_bp_1_0_0	ABD49687.1	47.50	54	21	14	16	64	96	140	1.6	22.1
Seq7442_232_bp_1_0_0	CAA74140.1	73.08	48	7	22	42	73	224	265	2.7	20.5
Seq7442_232_bp_1_0_0	AAR31603.1	56.25	56	14	24	22	69	265	304	2.9	18.9
Seq7442_232_bp_1_0_0	BAA32991.1	50.00	16	8	0	36	51	43	58	4.7	15.9
Seq7442_232_bp_1_0_0	BAA32956.1	62.50	23	6	7	52	67	154	176	4.7	17.5
Seq7442_232_bp_1_0_0	EDO47375.1	41.67	27	14	3	51	77	72	95	7.2	16.7
Seq7442_232_bp_1_0_0	ABG75784.1	39.29	32	17	4	30	57	65	96	8.1	17.3
Seq7442_232_bp_1_1_0	CAA74140.1	65.00	28	7	8	27	50	788	811	0.94	22.1
Seq7442_232_bp_1_1_0	AAI27517.1	58.33	12	5	0	37	48	25	36	1	21.3
Seq7442_232_bp_1_1_0	AAC78721.1	71.43	19	4	5	30	48	347	360	2.3	20.3
Seq7442_232_bp_1_1_0	AAB26998.1	66.67	22	5	7	61	75	23	44	3.9	16.4
Seq7442_232_bp_1_1_0	BAA32956.1	43.48	25	13	2	31	55	179	201	4.3	17.7
Seq7442_232_bp_1_1_0	ABD49687.1	36.11	38	23	2	23	58	432	469	4.9	20.5
Seq7442_232_bp_1_1_0	CAA04196.1	71.43	7	2	0	22	28	47	53	5	18.4
Seq7442_232_bp_1_1_0	AAC97205.1	36.67	40	19	10	23	52	54	93	5.9	19.7
Seq7442_232_bp_1_1_0	ABL74574.1	58.33	16	5	4	53	68	250	261	8.1	17.2
Seq7442_232_bp_1_1_0	CAD53387.1	64.29	45	10	17	18	51	458	496	9.7	17.7
Seq7442_232_bp_1_2_0	AAC08817.1	93.42	76	5	0	1	76	1	76	3.7e-41	153.8
Seq7442_232_bp_-1_0_0	AAB64315.2	54.17	32	11	8	1	30	32	57	0.14	23.0
Seq7442_232_bp_-1_0_0	BAA32956.1	53.85	17	6	4	31	43	148	164	0.58	20.4
Seq7442_232_bp_-1_0_0	AAH69556.1	45.45	25	12	3	37	58	244	268	0.84	20.4
Seq7442_232_bp_-1_0_0	AAA26915.1	50.00	19	8	3	24	39	445	463	1	20.7
Seq7442_232_bp_-1_0_0	AAR37016.1	66.67	13	4	1	42	53	1001	1013	1.3	22.7
Seq7442_232_bp_-1_0_0	AAI27517.1	39.29	35	17	7	29	56	337	371	1.6	20.4
Seq7442_232_bp_-1_0_0	AAB96524.1	75.00	8	2	0	50	57	22	29	2	18.3
Seq7442_232_bp_-1_0_0	AII71783.1	53.33	18	7	3	17	32	125	141	2.7	18.7
Seq7442_232_bp_-1_0_0	CAA26230.1	40.00	15	9	0	45	59	119	133	3	19.4
Seq7442_232_bp_-1_0_0	EDO47375.1	52.63	24	9	5	46	65	90	112	3.3	17.7
Seq7442_232_bp_-1_0_0	AAC97205.1	71.43	7	2	0	38	44	276	282	3.3	20.4
Seq7442_232_bp_-1_0_0	AAA18786.1	70.00	11	3	1	45	55	207	216	4.6	17.7
Seq7442_232_bp_-1_0_0	ABD49687.1	47.83	30	12	7	4	30	1557	1582	4.6	20.4
Seq7442_232_bp_-1_0_0	AAC08817.1	54.55	13	5	2	2	12	10	22	5.6	16.7
Seq7442_232_bp_-1_0_0	AEE27845.1	44.44	20	10	2	38	55	1269	1288	5.9	19.7
Seq7442_232_bp_-1_0_0	CAA45199.1	43.48	26	13	3	31	56	37	59	6.3	18.0
Seq7442_232_bp_-1_0_0	AAA24969.1	45.00	25	11	5	34	53	165	189	6.4	19.7
Seq7442_232_bp_-1_0_0	CAD53387.1	58.33	14	5	2	19	30	469	482	6.7	18.0
Seq7442_232_bp_-1_0_0	AAQ92751.2	56.25	22	7	6	14	29	1058	1079	7.2	19.4
Seq7442_232_bp_-1_0_0	AAR31603.1	71.43	23	4	9	1	20	73	89	8.6	17.0
Seq7442_232_bp_-1_0_0	AAX12058.1	62.50	8	3	0	4	11	38	45	9	16.7
Seq7442_232_bp_-1_0_0	CAA74140.1	62.50	8	3	0	50	57	635	642	9.6	18.3
Seq7442_232_bp_-1_0_0	AAA45888.1	52.94	23	8	6	19	36	19	40	9.9	17.0
Seq7442_232_bp_-1_1_0	ABN10845.1	43.75	16	9	0	13	28	102	117	0.25	21.9
Seq7442_232_bp_-1_1_0	AAF01122.1	53.85	13	6	0	54	66	7	19	1.1	20.5
Seq7442_232_bp_-1_1_0	AAA26915.1	75.00	10	2	2	30	37	428	437	1.4	20.5
Seq7442_232_bp_-1_1_0	AAB64315.2	71.43	19	4	5	48	66	270	283	1.8	19.6
Seq7442_232_bp_-1_1_0	AAR31603.1	45.00	24	11	4	49	72	50	69	2.2	19.3
Seq7442_232_bp_-1_1_0	AAA25966.1	48.15	34	14	7	30	56	266	299	3.2	19.9
Seq7442_232_bp_-1_1_0	CAA11507.1	50.00	25	11	3	51	73	204	227	4	20.5
Seq7442_232_bp_-1_1_0	CAA26230.1	87.50	9	1	1	66	74	509	516	5.4	18.7
Seq7442_232_bp_-1_1_0	AAB26998.1	72.73	16	3	5	30	41	60	74	6.5	15.6
Seq7442_232_bp_-1_1_0	BAA32991.1	66.67	10	3	1	14	23	28	36	6.9	15.3
Seq7442_232_bp_-1_1_0	AAB03707.1	85.71	7	1	0	44	50	1015	1021	8.6	19.3
Seq7442_232_bp_-1_2_0	AAR37016.1	51.85	27	13	0	28	54	1640	1666	0.089	26.8
Seq7442_232_bp_-1_2_0	AAB03707.1	70.00	27	6	7	21	45	1018	1039	0.65	23.1
Seq7442_232_bp_-1_2_0	ABK71357.1	42.31	70	30	18	1	60	260	321	0.69	21.2
Seq7442_232_bp_-1_2_0	AAC08817.1	43.75	37	18	5	12	48	110	141	1.7	18.6
Seq7442_232_bp_-1_2_0	CAA74140.1	50.88	80	28	23	2	70	168	235	3.1	20.3
Seq7442_232_bp_-1_2_0	ABG75784.1	77.78	10	2	1	17	25	88	97	6.9	17.5
Seq7442_232_bp_-1_2_0	AIR13712.1	44.83	39	16	10	28	58	93	129	7.3	17.5
Seq7442_232_bp_-1_2_0	AAC78721.1	75.00	9	2	1	10	17	410	418	8.2	18.3
Seq7442_232_bp_-1_2_0	CAA26230.1	60.00	19	6	4	51	65	240	258	8.3	18.1
Seq7442_232_bp_-1_2_0	BAB70780.1	69.23	15	4	2	36	50	362	374	8.7	17.8
Seq7442_232_bp_-1_2_0	CAA73529.1	44.44	21	10	3	59	76	124	144	8.8	16.9
