Seq7788_292_bp_1_0_0	ENA|CAL82360|CAL82360.1	89.58	96	10	0	1	96	801	896	2.7e-44	167.5
Seq7788_292_bp_1_0_0	ENA|CAL82360|CAL82360.1	38.75	99	49	19	11	96	1075	1167	0.02	28.4
Seq7788_292_bp_1_0_0	ENA|CAL82360|CAL82360.1	33.33	77	46	8	17	90	707	778	0.14	25.6
Seq7788_292_bp_1_0_0	ENA|CAA28033|CAA28033.1	36.90	97	53	13	7	97	816	905	1.1e-06	42.6
Seq7788_292_bp_1_0_0	ENA|ABG75784|ABG75784.1	24.00	55	38	5	22	73	52	104	0.41	22.0
Seq7788_292_bp_1_0_0	ENA|CAA43419|CAA43419.1	26.51	94	61	11	7	96	90	176	0.58	21.7
Seq7788_292_bp_1_0_0	ENA|CAB75732|CAB75732.1	38.18	70	34	15	23	85	344	405	0.7	23.1
Seq7788_292_bp_1_0_0	ENA|ABD33854|ABD33854.1	36.36	24	14	2	66	87	7	30	1	18.4
Seq7788_292_bp_1_0_0	ENA|CAA26939|CAA26939.1	26.92	82	57	4	10	88	393	473	1.1	21.5
Seq7788_292_bp_1_0_0	ENA|CAA36714|CAA36714.1	24.68	82	58	5	21	97	319	400	1.3	20.9
Seq7788_292_bp_1_0_0	ENA|AAB03707|AAB03707.1	28.12	72	46	8	25	95	736	800	1.5	22.3
Seq7788_292_bp_1_0_0	ENA|AAC26660|AAC26660.1	46.43	32	15	4	57	87	157	185	1.9	19.5
Seq7788_292_bp_1_0_0	ENA|AAS77176|AAS77176.1	30.43	77	48	8	20	94	195	265	2.1	19.5
Seq7788_292_bp_1_0_0	ENA|CAA11507|CAA11507.1	30.23	94	60	8	9	97	727	817	3.7	20.9
Seq7788_292_bp_1_0_0	ENA|CAA36214|CAA36214.1	21.67	64	47	4	19	80	181	242	4.7	18.4
Seq7788_292_bp_1_0_0	ENA|AAA36114|AAA36114.1	30.16	68	44	5	27	92	140	204	6.3	18.7
Seq7788_292_bp_1_0_0	ENA|CAA73529|CAA73529.1	21.43	58	44	2	6	61	108	165	7.3	17.6
Seq7788_292_bp_1_0_0	ENA|CAA24711|CAA24711.1	30.77	72	45	7	29	94	82	152	8.1	16.7
Seq7788_292_bp_1_0_0	ENA|CAA29956|CAA29956.1	24.14	94	66	7	2	94	120	207	8.2	17.9
Seq7788_292_bp_1_0_0	ENA|AAB96524|AAB96524.1	36.36	23	14	1	7	29	149	170	8.7	16.7
Seq7788_292_bp_1_0_0	ENA|AAC17860|AAC17860.1	26.47	35	25	1	11	45	159	192	8.9	17.9
Seq7788_292_bp_1_0_0	ENA|AAR37016|AAR37016.1	27.63	85	55	9	12	95	2035	2111	9	20.4
Seq7788_292_bp_1_0_0	ENA|BAA32018|BAA32018.1	37.21	55	27	12	17	69	584	628	9.2	18.4
Seq7788_292_bp_1_0_0	ENA|AAA24145|AAA24145.1	27.50	41	29	1	48	88	366	405	9.9	17.9
Seq7788_292_bp_1_1_0	ENA|CAA73529|CAA73529.1	50.00	8	4	0	4	11	263	270	0.31	19.1
Seq7788_292_bp_1_1_0	ENA|BAB79260|BAB79260.1	44.44	9	5	0	3	11	202	210	2.1	17.0
Seq7788_292_bp_1_1_0	ENA|AAC26660|AAC26660.1	37.50	8	5	0	2	9	8	15	2.4	16.0
Seq7788_292_bp_1_1_0	ENA|EDO47375|EDO47375.1	44.44	9	5	0	1	9	99	107	3.6	15.0
Seq7788_292_bp_1_1_0	ENA|ABN10845|ABN10845.1	42.86	7	4	0	3	9	174	180	5.8	14.5
Seq7788_292_bp_1_1_0	ENA|AAA72732|AAA72732.1	42.86	7	4	0	5	11	260	266	5.8	15.0
Seq7788_292_bp_1_1_0	ENA|AAB26998|AAB26998.1	42.86	7	4	0	3	9	4	10	6	12.9
Seq7788_292_bp_1_1_0	ENA|CAA36714|CAA36714.1	42.86	7	4	0	5	11	9	15	6.1	15.5
Seq7788_292_bp_1_1_0	ENA|CAA26023|CAA26023.1	30.00	10	7	0	2	11	29	38	7	15.0
Seq7788_292_bp_1_1_0	ENA|BAA32018|BAA32018.1	50.00	6	3	0	6	11	504	509	8	15.5
Seq7788_292_bp_1_1_0	ENA|AAC49865|AAC49865.1	33.33	9	6	0	3	11	124	132	8.5	14.5
Seq7788_292_bp_1_1_0	ENA|AAA32624|AAA32624.1	22.22	9	7	0	1	9	153	161	9.4	15.0
Seq7788_292_bp_1_1_0	ENA|ABD33854|ABD33854.1	60.00	5	2	0	3	7	11	15	9.6	11.9
Seq7788_292_bp_1_1_1	ENA|AAF79734|AAF79734.1	44.44	18	10	0	1	18	924	941	0.015	26.7
Seq7788_292_bp_1_1_1	ENA|BAB17681|BAB17681.1	40.00	15	9	0	3	17	98	112	0.19	20.6
Seq7788_292_bp_1_1_1	ENA|AAS77176|AAS77176.1	50.00	15	7	1	2	15	137	151	0.27	20.1
Seq7788_292_bp_1_1_1	ENA|AAA72732|AAA72732.1	29.41	17	12	0	2	18	89	105	0.78	18.7
Seq7788_292_bp_1_1_1	ENA|AAI27517|AAI27517.1	45.45	11	6	0	7	17	564	574	1.1	19.2
Seq7788_292_bp_1_1_1	ENA|CAA26023|CAA26023.1	45.45	11	6	0	4	14	62	72	1.8	17.8
Seq7788_292_bp_1_1_1	ENA|BAB79260|BAB79260.1	30.00	10	7	0	8	17	234	243	2.1	17.8
Seq7788_292_bp_1_1_1	ENA|AAB03707|AAB03707.1	35.71	14	9	0	6	19	791	804	2.5	19.2
Seq7788_292_bp_1_1_1	ENA|ABN10845|ABN10845.1	33.33	16	10	1	4	18	25	40	2.7	16.4
Seq7788_292_bp_1_1_1	ENA|AAC97205|AAC97205.1	20.00	15	12	0	3	17	984	998	3	18.7
Seq7788_292_bp_1_1_1	ENA|AAA36539|AAA36539.1	38.46	13	8	0	3	15	234	246	4.2	16.9
Seq7788_292_bp_1_1_1	ENA|AAA18786|AAA18786.1	58.33	14	5	2	3	16	3	14	4.5	15.9
Seq7788_292_bp_1_1_1	ENA|ABK71357|ABK71357.1	25.00	12	9	0	5	16	92	103	4.5	16.4
Seq7788_292_bp_1_1_1	ENA|CAA36214|CAA36214.1	57.14	7	3	0	11	17	15	21	5.1	15.9
Seq7788_292_bp_1_1_1	ENA|AAC49865|AAC49865.1	40.00	15	9	0	5	19	273	287	5.5	15.9
Seq7788_292_bp_1_1_1	ENA|CAA36714|CAA36714.1	50.00	8	4	0	5	12	192	199	5.6	16.4
Seq7788_292_bp_1_1_1	ENA|AAR37016|AAR37016.1	50.00	8	4	0	11	18	1172	1179	5.6	18.7
Seq7788_292_bp_1_1_1	ENA|CAL82360|CAL82360.1	36.36	11	7	0	6	16	496	506	5.8	17.8
Seq7788_292_bp_1_1_1	ENA|CAA29968|CAA29968.1	50.00	6	3	0	14	19	72	77	6.1	15.0
Seq7788_292_bp_1_1_1	ENA|AAA42531|AAA42531.1	36.36	12	7	1	1	12	262	272	6.4	15.9
Seq7788_292_bp_1_1_1	ENA|BAA32956|BAA32956.1	80.00	5	1	0	12	16	147	151	6.6	15.0
Seq7788_292_bp_1_1_1	ENA|AAA24145|AAA24145.1	38.46	13	8	0	5	17	439	451	7.5	15.9
Seq7788_292_bp_1_1_2	ENA|CAA26023|CAA26023.1	50.00	14	7	0	10	23	27	40	0.0052	26.5
Seq7788_292_bp_1_1_2	ENA|CAA26023|CAA26023.1	46.67	15	8	0	9	23	110	124	0.094	22.4
Seq7788_292_bp_1_1_2	ENA|CAA26023|CAA26023.1	35.00	22	13	2	4	23	163	184	0.13	21.9
Seq7788_292_bp_1_1_2	ENA|CAA26023|CAA26023.1	35.29	17	11	0	5	21	56	72	0.18	21.4
Seq7788_292_bp_1_1_2	ENA|CAA26023|CAA26023.1	46.15	13	7	0	9	21	86	98	0.34	20.5
Seq7788_292_bp_1_1_2	ENA|BAB79260|BAB79260.1	55.56	9	4	0	15	23	203	211	0.4	20.5
Seq7788_292_bp_1_1_2	ENA|AAA24145|AAA24145.1	85.71	7	1	0	1	7	150	156	0.41	20.5
Seq7788_292_bp_1_1_2	ENA|AAB26998|AAB26998.1	55.56	9	4	0	8	16	3	11	0.48	17.7
Seq7788_292_bp_1_1_2	ENA|BAA05866|BAA05866.1	50.00	19	8	3	7	22	214	232	0.98	18.6
Seq7788_292_bp_1_1_2	ENA|BAB17681|BAB17681.1	54.55	12	5	1	1	11	158	169	1.2	18.2
Seq7788_292_bp_1_1_2	ENA|CAA28033|CAA28033.1	37.50	16	10	0	2	17	1162	1177	2.2	19.6
Seq7788_292_bp_1_1_2	ENA|AAC17860|AAC17860.1	52.94	20	8	3	5	22	331	349	2.5	17.7
Seq7788_292_bp_1_1_2	ENA|ABN10845|ABN10845.1	27.27	22	16	0	1	22	15	36	3.4	16.3
Seq7788_292_bp_1_1_2	ENA|AAR31603|AAR31603.1	50.00	6	3	0	17	22	147	152	5.1	16.3
Seq7788_292_bp_1_1_2	ENA|CAA24711|CAA24711.1	31.25	16	11	0	1	16	75	90	5.1	15.4
Seq7788_292_bp_1_1_2	ENA|CAA29956|CAA29956.1	50.00	6	3	0	1	6	362	367	5.8	16.3
Seq7788_292_bp_1_1_2	ENA|ABD33854|ABD33854.1	21.43	14	11	0	5	18	7	20	6.6	13.5
Seq7788_292_bp_1_1_2	ENA|AAC26660|AAC26660.1	50.00	10	5	0	10	19	4	13	7.3	15.4
Seq7788_292_bp_1_1_2	ENA|ACT10338|ACT10338.1	75.00	4	1	0	20	23	301	304	8	15.9
Seq7788_292_bp_1_1_2	ENA|ABD49687|ABD49687.1	50.00	8	4	0	1	8	660	667	9.6	17.7
Seq7788_292_bp_1_1_2	ENA|AAC40132|AAC40132.1	83.33	6	1	0	11	16	440	445	9.7	15.9
Seq7788_292_bp_1_1_2	ENA|AAA36539|AAA36539.1	55.56	10	4	1	2	10	147	156	9.7	15.9
Seq7788_292_bp_1_2_0	ENA|AAS77176|AAS77176.1	62.50	8	3	0	4	11	118	125	0.96	17.6
Seq7788_292_bp_1_2_0	ENA|BAB17681|BAB17681.1	55.56	9	4	0	1	9	85	93	1.2	17.2
Seq7788_292_bp_1_2_0	ENA|CAA36214|CAA36214.1	40.00	10	6	0	1	10	154	163	1.9	16.8
Seq7788_292_bp_1_2_0	ENA|AAA25966|AAA25966.1	44.44	9	5	0	1	9	96	104	3.2	17.2
Seq7788_292_bp_1_2_0	ENA|CAA24711|CAA24711.1	40.00	10	6	0	3	12	121	130	6.3	14.1
Seq7788_292_bp_1_2_0	ENA|AAC26660|AAC26660.1	44.44	9	5	0	1	9	194	202	6.8	14.6
Seq7788_292_bp_1_2_0	ENA|ABG75784|ABG75784.1	60.00	5	2	0	1	5	308	312	8.2	14.6
Seq7788_292_bp_1_2_1	ENA|AAC97205|AAC97205.1	50.00	10	5	0	2	11	678	687	0.099	22.9
Seq7788_292_bp_1_2_1	ENA|CAA28033|CAA28033.1	70.00	10	3	0	2	11	754	763	0.15	22.4
Seq7788_292_bp_1_2_1	ENA|CAA26023|CAA26023.1	55.56	9	4	0	3	11	64	72	0.29	19.7
Seq7788_292_bp_1_2_1	ENA|CAA26023|CAA26023.1	22.22	9	7	0	3	11	33	41	0.42	19.1
Seq7788_292_bp_1_2_1	ENA|BAB79260|BAB79260.1	75.00	4	1	0	7	10	199	202	0.34	19.7
Seq7788_292_bp_1_2_1	ENA|AAB96524|AAB96524.1	40.00	10	6	0	1	10	87	96	0.62	17.5
Seq7788_292_bp_1_2_1	ENA|AAA18786|AAA18786.1	60.00	5	2	0	5	9	100	104	0.89	17.5
Seq7788_292_bp_1_2_1	ENA|ABN10845|ABN10845.1	33.33	6	4	0	5	10	50	55	1.5	16.4
Seq7788_292_bp_1_2_1	ENA|AAR31603|AAR31603.1	50.00	6	3	0	4	9	147	152	1.6	17.0
Seq7788_292_bp_1_2_1	ENA|CAA26939|CAA26939.1	50.00	6	3	0	3	8	8	13	1.9	17.5
Seq7788_292_bp_1_2_1	ENA|AAA72732|AAA72732.1	80.00	5	1	0	2	6	2	6	2.2	16.4
Seq7788_292_bp_1_2_1	ENA|AAA25966|AAA25966.1	57.14	9	3	2	5	11	248	256	2.4	17.5
Seq7788_292_bp_1_2_1	ENA|AAB66912|AAB66912.1	25.00	8	6	0	1	8	855	862	3	17.5
Seq7788_292_bp_1_2_1	ENA|CAA36714|CAA36714.1	75.00	4	1	0	6	9	376	379	3.2	16.4
Seq7788_292_bp_1_2_1	ENA|ACT10338|ACT10338.1	50.00	4	2	0	7	10	301	304	3.9	15.9
Seq7788_292_bp_1_2_1	ENA|AAC26660|AAC26660.1	62.50	8	3	0	3	10	8	15	5.3	14.8
Seq7788_292_bp_1_2_1	ENA|BAA05866|BAA05866.1	80.00	5	1	0	1	5	7	11	6.3	14.8
Seq7788_292_bp_1_2_1	ENA|AAF79734|AAF79734.1	57.14	7	3	0	2	8	1375	1381	6.7	17.0
Seq7788_292_bp_1_2_1	ENA|AAC08817|AAC08817.1	66.67	3	1	0	8	10	1	3	6.7	13.8
Seq7788_292_bp_1_2_1	ENA|AAB26998|AAB26998.1	50.00	4	2	0	6	9	44	47	7.1	12.7
Seq7788_292_bp_1_2_1	ENA|AAA32624|AAA32624.1	60.00	5	2	0	7	11	512	516	7.3	15.4
Seq7788_292_bp_1_2_1	ENA|CAA45199|CAA45199.1	33.33	9	6	0	1	9	95	103	9.3	14.8
Seq7788_292_bp_1_2_1	ENA|AAC49865|AAC49865.1	33.33	10	6	1	2	10	39	48	9.4	14.3
Seq7788_292_bp_1_2_2	ENA|BAA32956|BAA32956.1	25.00	8	6	0	2	9	147	154	0.4	18.2
Seq7788_292_bp_1_2_2	ENA|CAL82360|CAL82360.1	62.50	8	3	0	2	9	36	43	1.1	19.3
Seq7788_292_bp_1_2_2	ENA|BAB17681|BAB17681.1	60.00	5	2	0	6	10	20	24	1.6	16.6
Seq7788_292_bp_1_2_2	ENA|AAA72732|AAA72732.1	25.00	8	6	0	1	8	11	18	1.8	16.6
Seq7788_292_bp_1_2_2	ENA|AAB26998|AAB26998.1	50.00	6	3	0	2	7	43	48	2	14.5
Seq7788_292_bp_1_2_2	ENA|AAA25966|AAA25966.1	44.44	10	5	1	1	10	247	255	2	17.7
Seq7788_292_bp_1_2_2	ENA|CAA29968|CAA29968.1	33.33	6	4	0	4	9	53	58	2.3	15.5
Seq7788_292_bp_1_2_2	ENA|AAB03707|AAB03707.1	30.00	10	7	0	1	10	29	38	2.6	18.2
Seq7788_292_bp_1_2_2	ENA|AAC78721|AAC78721.1	42.86	7	4	0	3	9	237	243	2.6	17.1
Seq7788_292_bp_1_2_2	ENA|AAF79734|AAF79734.1	80.00	5	1	0	5	9	959	963	2.7	18.2
Seq7788_292_bp_1_2_2	ENA|AAC26660|AAC26660.1	66.67	6	2	0	2	7	77	82	3	15.5
Seq7788_292_bp_1_2_2	ENA|ABN10845|ABN10845.1	33.33	9	6	0	1	9	46	54	3.7	15.0
Seq7788_292_bp_1_2_2	ENA|CAA28033|CAA28033.1	50.00	8	4	0	2	9	37	44	5	17.1
Seq7788_292_bp_1_2_2	ENA|CAA26023|CAA26023.1	33.33	9	6	0	1	9	39	47	6.3	15.0
Seq7788_292_bp_1_2_2	ENA|CAA36714|CAA36714.1	50.00	6	3	0	3	8	350	355	7.6	15.0
Seq7788_292_bp_1_2_2	ENA|AAA36539|AAA36539.1	66.67	6	2	0	1	6	437	442	7.7	15.0
Seq7788_292_bp_1_2_2	ENA|AAC97205|AAC97205.1	75.00	4	1	0	6	9	1048	1051	9.4	16.1
Seq7788_292_bp_-1_0_0	ENA|AAA24145|AAA24145.1	50.00	12	6	0	2	13	149	160	0.087	22.0
Seq7788_292_bp_-1_0_0	ENA|CAA28033|CAA28033.1	54.55	11	5	0	4	14	296	306	0.92	20.1
Seq7788_292_bp_-1_0_0	ENA|AAC26660|AAC26660.1	35.71	14	9	0	1	14	10	23	0.95	17.7
Seq7788_292_bp_-1_0_0	ENA|BAA32018|BAA32018.1	40.00	10	6	0	1	10	375	384	2.3	17.7
Seq7788_292_bp_-1_0_0	ENA|CAL82360|CAL82360.1	53.85	14	6	1	1	14	956	968	3.3	18.2
Seq7788_292_bp_-1_0_0	ENA|AAA18786|AAA18786.1	35.71	14	9	0	1	14	143	156	3.6	15.8
Seq7788_292_bp_-1_0_0	ENA|BAA32956|BAA32956.1	75.00	4	1	0	7	10	131	134	4	15.3
Seq7788_292_bp_-1_0_0	ENA|ABG75784|ABG75784.1	27.27	11	8	0	4	14	202	212	4.2	15.8
Seq7788_292_bp_-1_0_0	ENA|AAC78721|AAC78721.1	50.00	10	5	0	5	14	34	43	4.7	16.8
Seq7788_292_bp_-1_0_0	ENA|CAA43419|CAA43419.1	57.14	7	3	0	3	9	276	282	4.9	15.8
Seq7788_292_bp_-1_0_0	ENA|AAA25966|AAA25966.1	36.36	11	7	0	4	14	64	74	5	16.8
Seq7788_292_bp_-1_0_0	ENA|CAA29956|CAA29956.1	42.86	7	4	0	2	8	361	367	5.1	15.8
Seq7788_292_bp_-1_0_0	ENA|AAA72732|AAA72732.1	50.00	13	6	1	2	14	230	241	5.8	15.3
Seq7788_292_bp_-1_0_0	ENA|AAA36539|AAA36539.1	62.50	9	3	1	1	9	258	265	6.3	15.8
Seq7788_292_bp_-1_0_0	ENA|AAI27517|AAI27517.1	57.14	7	3	0	2	8	268	274	7.7	15.8
Seq7788_292_bp_-1_0_0	ENA|BAB79260|BAB79260.1	46.15	13	7	0	1	13	202	214	8.2	15.3
Seq7788_292_bp_-1_0_0	ENA|AAC40132|AAC40132.1	50.00	11	5	1	1	10	59	69	8.6	15.3
Seq7788_292_bp_-1_0_1	ENA|BAB17681|BAB17681.1	28.57	14	10	0	3	16	72	85	0.25	20.1
Seq7788_292_bp_-1_0_1	ENA|AAA24145|AAA24145.1	53.85	13	6	0	2	14	150	162	0.78	19.2
Seq7788_292_bp_-1_0_1	ENA|AAB66912|AAB66912.1	33.33	15	10	0	1	15	351	365	1.2	19.6
Seq7788_292_bp_-1_0_1	ENA|AAA18786|AAA18786.1	60.00	16	4	6	9	18	88	103	2	17.0
Seq7788_292_bp_-1_0_1	ENA|CAA11507|CAA11507.1	44.44	9	5	0	3	11	859	867	2.3	19.2
Seq7788_292_bp_-1_0_1	ENA|CAA24711|CAA24711.1	30.00	10	7	0	9	18	114	123	3.2	15.7
Seq7788_292_bp_-1_0_1	ENA|AAR31603|AAR31603.1	62.50	11	3	3	2	12	147	154	3.3	16.6
Seq7788_292_bp_-1_0_1	ENA|CAA45199|CAA45199.1	57.14	7	3	0	1	7	264	270	4.7	16.6
Seq7788_292_bp_-1_0_1	ENA|AAC26660|AAC26660.1	40.00	16	9	1	4	18	179	194	6.3	15.3
Seq7788_292_bp_-1_0_1	ENA|BAA32991|BAA32991.1	57.14	8	3	1	6	12	24	31	7.6	13.1
Seq7788_292_bp_-1_0_1	ENA|AAB26998|AAB26998.1	20.00	10	8	0	1	10	5	14	8.6	13.1
Seq7788_292_bp_-1_0_1	ENA|AAQ92751|AAQ92751.2	16.67	12	10	0	6	17	317	328	9.8	17.0
Seq7788_292_bp_-1_0_1	ENA|CAA36214|CAA36214.1	40.00	12	6	2	2	11	271	282	9.8	14.8
Seq7788_292_bp_-1_0_2	ENA|CAA26023|CAA26023.1	50.00	17	8	1	1	17	172	187	0.065	23.0
Seq7788_292_bp_-1_0_2	ENA|CAA26023|CAA26023.1	53.33	15	7	0	1	15	27	41	0.61	19.8
Seq7788_292_bp_-1_0_2	ENA|CAA26023|CAA26023.1	40.91	22	13	0	1	22	120	141	0.61	19.8
Seq7788_292_bp_-1_0_2	ENA|BAA32956|BAA32956.1	63.64	14	4	3	11	21	124	137	1.3	17.8
Seq7788_292_bp_-1_0_2	ENA|BAB17681|BAB17681.1	41.67	12	7	0	13	24	141	152	2.3	17.4
Seq7788_292_bp_-1_0_2	ENA|AAS77176|AAS77176.1	28.57	14	10	0	6	19	135	148	2.4	17.4
Seq7788_292_bp_-1_0_2	ENA|AAB96524|AAB96524.1	38.46	14	8	1	11	24	90	102	3.6	16.1
Seq7788_292_bp_-1_0_2	ENA|BAA32018|BAA32018.1	41.67	12	7	0	4	15	59	70	5.1	17.4
Seq7788_292_bp_-1_0_2	ENA|AAC40132|AAC40132.1	54.55	11	5	0	8	18	59	69	5.1	17.0
Seq7788_292_bp_-1_0_2	ENA|AAC49865|AAC49865.1	44.00	27	14	2	1	25	42	68	6.1	16.1
Seq7788_292_bp_-1_0_2	ENA|BAB79260|BAB79260.1	21.05	19	15	0	1	19	205	223	6.4	16.6
Seq7788_292_bp_-1_0_2	ENA|CAB75732|CAB75732.1	40.00	10	6	0	14	23	582	591	7	17.8
Seq7788_292_bp_-1_0_2	ENA|CAA24711|CAA24711.1	35.29	17	11	0	7	23	120	136	7.4	14.9
Seq7788_292_bp_-1_0_2	ENA|EDO47375|EDO47375.1	17.65	17	14	0	9	25	91	107	8	14.9
Seq7788_292_bp_-1_0_2	ENA|ABD33854|ABD33854.1	42.86	7	4	0	1	7	9	15	8.3	13.3
Seq7788_292_bp_-1_1_0	ENA|CAA36214|CAA36214.1	42.86	15	8	1	2	15	247	261	0.3	19.9
Seq7788_292_bp_-1_1_0	ENA|AAA72732|AAA72732.1	50.00	19	8	3	1	16	246	264	0.31	19.9
Seq7788_292_bp_-1_1_0	ENA|ACH70901|ACH70901.1	54.55	13	5	2	4	16	280	290	1.2	18.2
Seq7788_292_bp_-1_1_0	ENA|BAA05866|BAA05866.1	23.08	13	10	0	1	13	297	309	1.9	17.3
Seq7788_292_bp_-1_1_0	ENA|AAC26660|AAC26660.1	18.18	11	9	0	5	15	46	56	2.1	16.8
Seq7788_292_bp_-1_1_0	ENA|CAA43419|CAA43419.1	41.67	12	7	0	1	12	123	134	3	16.8
Seq7788_292_bp_-1_1_0	ENA|AAA42531|AAA42531.1	50.00	10	5	0	5	14	237	246	3.2	16.8
Seq7788_292_bp_-1_1_0	ENA|CAA28033|CAA28033.1	33.33	15	10	0	3	17	299	313	5.7	17.7
Seq7788_292_bp_-1_1_0	ENA|AAC17860|AAC17860.1	50.00	10	5	0	3	12	331	340	6.1	15.9
Seq7788_292_bp_-1_1_0	ENA|CAB75732|CAB75732.1	35.71	14	9	0	2	15	511	524	9	16.8
Seq7788_292_bp_-1_1_0	ENA|CAA36714|CAA36714.1	42.86	7	4	0	3	9	138	144	9.1	15.5
Seq7788_292_bp_-1_1_1	ENA|ABN10845|ABN10845.1	57.14	7	3	0	1	7	42	48	7.5	15.2
Seq7788_292_bp_-1_1_2	ENA|AAF79734|AAF79734.1	80.00	5	1	0	1	5	1077	1081	7.7	16.6
Seq7788_292_bp_-1_2_0	ENA|AAF79734|AAF79734.1	36.36	68	35	13	37	91	930	997	0.0088	29.7
Seq7788_292_bp_-1_2_0	ENA|CAL82360|CAL82360.1	39.53	47	26	4	51	93	360	406	0.085	26.3
Seq7788_292_bp_-1_2_0	ENA|CAL82360|CAL82360.1	34.38	72	42	8	16	82	762	830	0.14	25.6
Seq7788_292_bp_-1_2_0	ENA|ABD49687|ABD49687.1	28.12	37	23	5	38	69	681	717	0.11	26.3
Seq7788_292_bp_-1_2_0	ENA|CAA26023|CAA26023.1	30.77	65	36	13	12	76	21	72	0.13	23.9
Seq7788_292_bp_-1_2_0	ENA|CAA26023|CAA26023.1	36.96	56	29	10	5	59	133	179	0.71	21.5
Seq7788_292_bp_-1_2_0	ENA|ABG75784|ABG75784.1	34.15	43	27	2	5	45	241	283	0.46	21.8
Seq7788_292_bp_-1_2_0	ENA|CAA45199|CAA45199.1	23.26	47	33	4	42	88	364	406	0.69	21.8
Seq7788_292_bp_-1_2_0	ENA|BAA32956|BAA32956.1	34.78	60	30	14	26	73	113	170	0.8	20.4
Seq7788_292_bp_-1_2_0	ENA|AAC40132|AAC40132.1	42.86	21	12	0	52	72	59	79	1.1	21.1
Seq7788_292_bp_-1_2_0	ENA|BAA32018|BAA32018.1	28.81	64	42	5	24	84	456	517	1.2	21.5
Seq7788_292_bp_-1_2_0	ENA|CAA28033|CAA28033.1	25.88	95	63	10	2	92	1187	1275	1.2	22.5
Seq7788_292_bp_-1_2_0	ENA|AAB03707|AAB03707.1	28.95	41	27	3	57	94	817	857	1.2	22.5
Seq7788_292_bp_-1_2_0	ENA|AAA18786|AAA18786.1	50.00	37	14	9	58	87	87	121	1.3	20.1
Seq7788_292_bp_-1_2_0	ENA|CAB75732|CAB75732.1	36.11	39	23	3	59	94	356	394	1.3	22.2
Seq7788_292_bp_-1_2_0	ENA|CAA45708|CAA45708.1	40.00	28	15	3	59	84	1410	1436	1.4	22.5
Seq7788_292_bp_-1_2_0	ENA|AAA72732|AAA72732.1	47.06	42	18	8	26	59	13	54	1.9	19.7
Seq7788_292_bp_-1_2_0	ENA|AAC49865|AAC49865.1	52.94	17	8	0	58	74	253	269	2	19.7
Seq7788_292_bp_-1_2_0	ENA|AAC17860|AAC17860.1	26.47	71	50	3	18	88	324	391	2.5	19.7
Seq7788_292_bp_-1_2_0	ENA|AAR31603|AAR31603.1	17.39	69	57	0	15	83	72	140	2.5	19.4
Seq7788_292_bp_-1_2_0	ENA|AAB96524|AAB96524.1	37.50	16	10	0	62	77	80	95	2.9	18.4
Seq7788_292_bp_-1_2_0	ENA|CAA36214|CAA36214.1	33.33	30	20	0	48	77	3	32	3.7	18.7
Seq7788_292_bp_-1_2_0	ENA|AAA25966|AAA25966.1	33.33	30	20	0	45	74	327	356	5.4	19.4
Seq7788_292_bp_-1_2_0	ENA|EDO47375|EDO47375.1	22.73	23	17	1	18	39	108	130	5.8	17.3
Seq7788_292_bp_-1_2_0	ENA|ABN10845|ABN10845.1	34.78	26	15	3	6	31	10	32	6.7	17.3
Seq7788_292_bp_-1_2_0	ENA|AAR37016|AAR37016.1	27.50	41	29	1	21	61	1915	1954	6.7	20.8
Seq7788_292_bp_-1_2_0	ENA|BAB79260|BAB79260.1	25.81	34	23	3	30	63	46	76	6.8	18.4
Seq7788_292_bp_-1_2_0	ENA|CAA36714|CAA36714.1	29.41	17	12	0	78	94	56	72	7	18.4
Seq7788_292_bp_-1_2_0	ENA|CAA11507|CAA11507.1	30.77	40	27	1	50	89	766	804	7.8	19.7
Seq7788_292_bp_-1_2_0	ENA|AAI27517|AAI27517.1	29.41	17	12	0	8	24	163	179	8.7	18.4
Seq7788_292_bp_-1_2_0	ENA|CAA43419|CAA43419.1	22.03	67	46	8	34	94	101	165	8.7	17.7
Seq7788_292_bp_-1_2_0	ENA|AAC78721|AAC78721.1	35.29	42	22	8	1	35	91	131	9.8	18.4
