Seq8008_280_bp_1_0_0	ENA|AAA18786|AAA18786.1	32.56	106	58	20	3	89	83	187	0.55	21.3
Seq8008_280_bp_1_0_0	ENA|BAB79260|BAB79260.1	25.64	91	58	13	3	86	138	222	0.68	21.8
Seq8008_280_bp_1_0_0	ENA|ABN10845|ABN10845.1	20.73	90	65	8	7	90	23	110	0.97	20.2
Seq8008_280_bp_1_0_0	ENA|CAA26023|CAA26023.1	27.87	67	44	6	1	65	62	124	1.2	20.6
Seq8008_280_bp_1_0_0	ENA|CAA36714|CAA36714.1	30.23	47	30	4	47	93	418	460	1.3	20.9
Seq8008_280_bp_1_0_0	ENA|ACH70901|ACH70901.1	31.71	46	28	5	45	89	62	103	1.6	20.2
Seq8008_280_bp_1_0_0	ENA|AAB66912|AAB66912.1	29.69	74	45	10	18	89	520	585	2.6	20.9
Seq8008_280_bp_1_0_0	ENA|AAA32624|AAA32624.1	19.54	90	70	3	3	89	214	303	2.7	20.0
Seq8008_280_bp_1_0_0	ENA|AAS77176|AAS77176.1	30.30	35	23	2	20	52	132	166	2.8	19.0
Seq8008_280_bp_1_0_0	ENA|CAA36214|CAA36214.1	36.54	64	33	12	19	76	129	186	2.9	19.0
Seq8008_280_bp_1_0_0	ENA|CAA29956|CAA29956.1	25.00	49	36	1	40	88	103	150	3.1	19.3
Seq8008_280_bp_1_0_0	ENA|AAA36539|AAA36539.1	23.46	94	62	13	4	93	19	103	3.3	19.5
Seq8008_280_bp_1_0_0	ENA|AAA24145|AAA24145.1	19.74	82	61	6	10	85	180	261	4.4	19.0
Seq8008_280_bp_1_0_0	ENA|AAF79734|AAF79734.1	22.89	89	64	6	4	89	925	1010	4.6	20.6
Seq8008_280_bp_1_0_0	ENA|ABD49687|ABD49687.1	29.82	71	40	14	1	64	929	992	4.6	20.9
Seq8008_280_bp_1_0_0	ENA|AAR37016|AAR37016.1	36.17	55	30	8	3	51	456	508	4.6	21.3
Seq8008_280_bp_1_0_0	ENA|CAA73529|CAA73529.1	29.51	69	43	8	24	84	174	242	4.9	18.1
Seq8008_280_bp_1_0_0	ENA|BAA32956|BAA32956.1	50.00	67	20	27	15	80	71	111	6.9	17.2
Seq8008_280_bp_1_0_0	ENA|ACT10338|ACT10338.1	22.50	90	62	10	8	93	73	156	7.8	17.9
Seq8008_280_bp_1_0_0	ENA|CAD53387|CAD53387.1	33.33	25	16	1	65	89	454	477	8.6	18.1
Seq8008_280_bp_1_0_0	ENA|ABK71357|ABK71357.1	31.25	58	33	10	42	90	143	199	8.7	17.7
Seq8008_280_bp_1_0_0	ENA|AAR31603|AAR31603.1	24.29	87	53	17	10	91	80	154	9	17.5
Seq8008_280_bp_1_0_0	ENA|AAC97205|AAC97205.1	25.33	87	56	12	4	89	579	654	9.5	19.3
Seq8008_280_bp_1_1_0	ENA|CAL82360|CAL82360.1	44.44	9	5	0	2	10	940	948	0.05	23.9
Seq8008_280_bp_1_1_0	ENA|CAA28033|CAA28033.1	36.36	11	7	0	1	11	948	958	0.051	23.9
Seq8008_280_bp_1_1_0	ENA|ABD33854|ABD33854.1	37.50	8	5	0	1	8	37	44	0.097	18.7
Seq8008_280_bp_1_1_0	ENA|BAB79260|BAB79260.1	66.67	6	2	0	4	9	418	423	0.13	21.1
Seq8008_280_bp_1_1_0	ENA|BAA32956|BAA32956.1	50.00	8	4	0	4	11	150	157	0.16	19.6
Seq8008_280_bp_1_1_0	ENA|AAC97205|AAC97205.1	100.00	4	0	0	7	10	765	768	0.5	20.6
Seq8008_280_bp_1_1_0	ENA|AAA36539|AAA36539.1	50.00	9	4	1	1	8	405	413	0.52	19.1
Seq8008_280_bp_1_1_0	ENA|AAC17860|AAC17860.1	33.33	9	6	0	2	10	397	405	0.62	18.7
Seq8008_280_bp_1_1_0	ENA|EDO47375|EDO47375.1	37.50	8	5	0	2	9	123	130	1.1	16.7
Seq8008_280_bp_1_1_0	ENA|AAR37016|AAR37016.1	66.67	6	2	0	1	6	1630	1635	1.8	19.6
Seq8008_280_bp_1_1_0	ENA|AAC26660|AAC26660.1	33.33	6	4	0	4	9	213	218	2	16.3
Seq8008_280_bp_1_1_0	ENA|CAA26023|CAA26023.1	100.00	3	0	0	7	9	38	40	2.2	16.7
Seq8008_280_bp_1_1_0	ENA|CAA36214|CAA36214.1	42.86	7	4	0	5	11	171	177	2.4	16.3
Seq8008_280_bp_1_1_0	ENA|ACT10338|ACT10338.1	42.86	7	4	0	3	9	298	304	3.1	16.3
Seq8008_280_bp_1_1_0	ENA|CAA45199|CAA45199.1	60.00	5	2	0	4	8	62	66	3.7	16.3
Seq8008_280_bp_1_1_0	ENA|AAB66912|AAB66912.1	50.00	10	4	2	1	8	226	235	3.7	17.2
Seq8008_280_bp_1_1_0	ENA|AAQ92751|AAQ92751.2	100.00	3	0	0	6	8	1291	1293	4	17.7
Seq8008_280_bp_1_1_0	ENA|AAA25966|AAA25966.1	40.00	12	6	2	1	10	120	131	4	16.7
Seq8008_280_bp_1_1_0	ENA|CAA29956|CAA29956.1	50.00	6	3	0	3	8	100	105	4.1	15.8
Seq8008_280_bp_1_1_0	ENA|CAA26939|CAA26939.1	50.00	11	5	1	1	11	439	448	4.4	16.3
Seq8008_280_bp_1_1_0	ENA|AAR31603|AAR31603.1	75.00	4	1	0	8	11	20	23	4.9	15.3
Seq8008_280_bp_1_1_0	ENA|CCP43727|CCP43727.1	60.00	5	2	0	5	9	133	137	4.9	15.3
Seq8008_280_bp_1_1_0	ENA|AAB96524|AAB96524.1	44.44	9	5	0	3	11	95	103	5.4	14.3
Seq8008_280_bp_1_1_0	ENA|CAA73529|CAA73529.1	60.00	5	2	0	7	11	39	43	5.7	14.8
Seq8008_280_bp_1_1_0	ENA|ABD49687|ABD49687.1	33.33	6	4	0	4	9	1359	1364	6.7	17.2
Seq8008_280_bp_1_1_0	ENA|BAB17681|BAB17681.1	80.00	6	1	1	6	10	21	26	7.8	14.3
Seq8008_280_bp_1_1_0	ENA|ABN10845|ABN10845.1	33.33	6	4	0	1	6	196	201	8.6	13.9
Seq8008_280_bp_1_1_0	ENA|AAA24145|AAA24145.1	37.50	8	5	0	2	9	49	56	9.3	14.8
Seq8008_280_bp_1_1_1	ENA|BAA32991|BAA32991.1	45.00	23	11	3	1	22	28	48	0.0071	23.7
Seq8008_280_bp_1_1_1	ENA|CAA36214|CAA36214.1	42.86	14	8	0	6	19	276	289	0.33	20.3
Seq8008_280_bp_1_1_1	ENA|CAA26023|CAA26023.1	61.54	16	5	3	5	17	129	144	1.9	18.0
Seq8008_280_bp_1_1_1	ENA|AAB96524|AAB96524.1	42.86	7	4	0	7	13	58	64	6.4	15.2
Seq8008_280_bp_1_1_1	ENA|AAR37016|AAR37016.1	36.36	29	14	7	1	23	1459	1486	7.7	18.6
Seq8008_280_bp_1_1_1	ENA|AAB26998|AAB26998.1	42.86	16	8	2	9	22	62	77	8.5	13.5
Seq8008_280_bp_1_1_1	ENA|CAA45708|CAA45708.1	30.77	13	9	0	8	20	299	311	8.8	17.7
Seq8008_280_bp_1_1_1	ENA|EDO47375|EDO47375.1	31.58	23	13	4	2	24	155	173	9.3	14.6
Seq8008_280_bp_1_1_2	ENA|BAA32991|BAA32991.1	37.50	19	10	3	2	17	19	37	0.41	17.4
Seq8008_280_bp_1_1_2	ENA|CCP43727|CCP43727.1	37.50	16	10	0	2	17	126	141	3.6	16.5
Seq8008_280_bp_1_1_2	ENA|ABD49687|ABD49687.1	62.50	11	3	3	5	12	501	511	4.3	18.6
Seq8008_280_bp_1_1_2	ENA|ABN10845|ABN10845.1	62.50	8	3	0	1	8	153	160	5.4	15.3
Seq8008_280_bp_1_1_2	ENA|CAA73529|CAA73529.1	38.46	13	8	0	6	18	96	108	5.5	15.6
Seq8008_280_bp_1_1_2	ENA|BAB17681|BAB17681.1	53.85	21	6	8	6	18	174	194	5.5	15.6
Seq8008_280_bp_1_1_2	ENA|AAR37016|AAR37016.1	50.00	12	5	2	1	12	1255	1264	8.5	18.0
Seq8008_280_bp_1_1_3	ENA|CAA73529|CAA73529.1	66.67	11	3	2	1	9	189	199	1.6	17.0
Seq8008_280_bp_1_1_3	ENA|AAF79734|AAF79734.1	46.15	13	7	0	1	13	801	813	3.7	18.1
Seq8008_280_bp_1_1_3	ENA|BAA32991|BAA32991.1	50.00	6	3	0	1	6	42	47	7	12.7
Seq8008_280_bp_1_1_3	ENA|CAA11507|CAA11507.1	40.00	10	6	0	2	11	1183	1192	7.4	17.0
Seq8008_280_bp_1_1_3	ENA|AAA42531|AAA42531.1	44.44	9	5	0	2	10	176	184	8	15.0
Seq8008_280_bp_1_1_3	ENA|CAA36714|CAA36714.1	40.00	10	6	0	4	13	331	340	9.4	15.0
Seq8008_280_bp_1_1_4	ENA|BAA32991|BAA32991.1	35.29	19	11	2	2	18	13	31	0.026	21.6
Seq8008_280_bp_1_1_4	ENA|BAA32956|BAA32956.1	37.50	17	10	1	5	21	90	105	0.31	19.7
Seq8008_280_bp_1_1_4	ENA|ACH70901|ACH70901.1	40.00	16	9	1	6	21	95	109	0.52	19.7
Seq8008_280_bp_1_1_4	ENA|ABD33854|ABD33854.1	33.33	20	12	2	1	18	44	63	0.84	16.5
Seq8008_280_bp_1_1_4	ENA|AAB26998|AAB26998.1	28.57	16	10	2	1	16	14	27	1.6	15.8
Seq8008_280_bp_1_1_4	ENA|BAB17681|BAB17681.1	45.45	12	6	1	4	15	111	121	2.8	16.8
Seq8008_280_bp_1_1_4	ENA|AAA32624|AAA32624.1	35.71	14	9	0	1	14	356	369	3.5	17.4
Seq8008_280_bp_1_1_4	ENA|BAB79260|BAB79260.1	29.41	18	12	1	1	17	395	412	3.7	17.1
Seq8008_280_bp_1_1_4	ENA|CAA26939|CAA26939.1	36.36	11	7	0	1	11	404	414	3.8	17.4
Seq8008_280_bp_1_1_4	ENA|AAC49865|AAC49865.1	46.15	14	7	1	6	18	187	200	5.2	16.1
Seq8008_280_bp_1_1_4	ENA|ABN10845|ABN10845.1	58.33	18	5	6	4	15	91	108	6.6	15.2
Seq8008_280_bp_1_1_4	ENA|CAA36214|CAA36214.1	23.53	17	13	0	1	17	174	190	7.4	15.5
Seq8008_280_bp_1_1_4	ENA|ABD49687|ABD49687.1	100.00	4	0	0	5	8	1291	1294	8.7	17.7
Seq8008_280_bp_1_2_0	ENA|CAA11507|CAA11507.1	94.57	92	5	0	1	92	235	326	7.3e-47	176.0
Seq8008_280_bp_1_2_0	ENA|CAA11507|CAA11507.1	28.41	96	63	8	3	91	551	645	0.036	27.6
Seq8008_280_bp_1_2_0	ENA|CAA11507|CAA11507.1	25.32	95	59	16	1	86	353	440	0.18	25.2
Seq8008_280_bp_1_2_0	ENA|CAA11507|CAA11507.1	29.51	68	43	7	10	73	915	979	0.65	23.4
Seq8008_280_bp_1_2_0	ENA|AAB03707|AAB03707.1	30.23	88	60	2	1	88	219	304	6.6e-10	53.3
Seq8008_280_bp_1_2_0	ENA|AAB03707|AAB03707.1	24.24	73	50	7	18	90	354	419	0.11	26.0
Seq8008_280_bp_1_2_0	ENA|AAB03707|AAB03707.1	25.00	65	45	5	10	74	57	116	0.65	23.4
Seq8008_280_bp_1_2_0	ENA|CAA45708|CAA45708.1	28.77	77	52	4	16	91	279	352	4.2e-07	44.1
Seq8008_280_bp_1_2_0	ENA|CAA45708|CAA45708.1	21.95	84	64	2	1	84	183	264	0.35	24.5
Seq8008_280_bp_1_2_0	ENA|CAA45708|CAA45708.1	27.27	99	64	11	1	88	495	593	0.35	24.5
Seq8008_280_bp_1_2_0	ENA|CAA45708|CAA45708.1	23.33	65	46	5	6	70	682	741	0.35	24.5
Seq8008_280_bp_1_2_0	ENA|AAC97205|AAC97205.1	41.07	73	33	17	20	92	207	262	0.016	28.6
Seq8008_280_bp_1_2_0	ENA|AAQ92751|AAQ92751.2	35.82	77	43	10	9	85	379	445	0.052	27.1
Seq8008_280_bp_1_2_0	ENA|AAA32624|AAA32624.1	28.57	75	50	5	1	72	92	164	0.058	25.5
Seq8008_280_bp_1_2_0	ENA|AAI27517|AAI27517.1	24.19	66	47	4	1	66	439	500	0.079	25.2
Seq8008_280_bp_1_2_0	ENA|CAA26023|CAA26023.1	31.67	70	41	10	22	81	314	383	0.15	23.7
Seq8008_280_bp_1_2_0	ENA|AAR37016|AAR37016.1	22.99	96	67	9	3	92	1034	1126	0.15	26.3
Seq8008_280_bp_1_2_0	ENA|AAR37016|AAR37016.1	25.00	73	51	5	21	88	804	876	0.65	24.2
Seq8008_280_bp_1_2_0	ENA|CAA45199|CAA45199.1	32.31	77	44	12	16	91	387	452	0.19	23.7
Seq8008_280_bp_1_2_0	ENA|CAA73529|CAA73529.1	30.51	69	41	10	27	88	123	188	0.19	22.9
Seq8008_280_bp_1_2_0	ENA|CAL82360|CAL82360.1	26.47	76	50	8	8	75	8	83	0.25	24.7
Seq8008_280_bp_1_2_0	ENA|CAA36714|CAA36714.1	22.95	66	47	5	23	83	269	334	0.32	22.9
Seq8008_280_bp_1_2_0	ENA|CCP43727|CCP43727.1	22.22	75	56	3	12	86	193	264	0.47	21.8
Seq8008_280_bp_1_2_0	ENA|AAA24145|AAA24145.1	29.27	43	29	2	50	92	60	100	0.55	22.1
Seq8008_280_bp_1_2_0	ENA|AAA36114|AAA36114.1	29.41	36	24	2	9	42	3	38	0.72	21.8
Seq8008_280_bp_1_2_0	ENA|CAA43419|CAA43419.1	32.35	34	23	0	3	36	140	173	1.1	20.8
Seq8008_280_bp_1_2_0	ENA|CAA26939|CAA26939.1	29.58	87	50	16	11	92	414	489	1.2	21.3
Seq8008_280_bp_1_2_0	ENA|ACT10338|ACT10338.1	30.77	46	27	7	18	61	333	373	1.4	20.5
Seq8008_280_bp_1_2_0	ENA|AAC49865|AAC49865.1	20.00	60	44	5	36	92	119	176	1.4	20.3
Seq8008_280_bp_1_2_0	ENA|CAA36214|CAA36214.1	38.64	49	27	5	41	85	216	263	1.8	19.7
Seq8008_280_bp_1_2_0	ENA|CAA29956|CAA29956.1	26.74	105	63	19	2	87	109	213	2.2	19.7
Seq8008_280_bp_1_2_0	ENA|BAB79260|BAB79260.1	27.50	43	29	3	5	45	166	207	2.3	20.0
Seq8008_280_bp_1_2_0	ENA|CAA28033|CAA28033.1	30.19	63	37	10	29	90	817	870	2.6	21.3
Seq8008_280_bp_1_2_0	ENA|CAB75732|CAB75732.1	26.19	100	62	16	2	91	410	503	2.8	21.0
Seq8008_280_bp_1_2_0	ENA|AAC78721|AAC78721.1	35.71	33	18	5	9	36	113	145	2.8	20.3
Seq8008_280_bp_1_2_0	ENA|AAA18786|AAA18786.1	27.78	85	52	13	12	90	110	187	3.3	18.7
Seq8008_280_bp_1_2_0	ENA|AAC17860|AAC17860.1	22.03	64	46	5	30	90	255	316	3.5	19.2
Seq8008_280_bp_1_2_0	ENA|ABG75784|ABG75784.1	24.32	86	56	12	5	85	34	112	3.8	18.7
Seq8008_280_bp_1_2_0	ENA|BAA32018|BAA32018.1	28.57	69	45	6	22	89	199	262	4.4	19.5
Seq8008_280_bp_1_2_0	ENA|ABD49687|ABD49687.1	32.00	98	51	23	2	92	1490	1571	4.8	20.8
Seq8008_280_bp_1_2_0	ENA|AAA42531|AAA42531.1	30.77	40	27	1	44	83	112	150	5.6	18.4
Seq8008_280_bp_1_2_0	ENA|AAA36539|AAA36539.1	28.21	48	28	9	43	90	294	332	5.7	18.7
Seq8008_280_bp_1_2_0	ENA|AAB26998|AAB26998.1	26.67	52	33	7	17	61	19	70	5.8	16.1
Seq8008_280_bp_1_2_0	ENA|AAA25966|AAA25966.1	26.76	83	52	12	10	91	148	219	7.1	18.9
Seq8008_280_bp_1_2_0	ENA|ACH70901|ACH70901.1	23.21	62	43	6	5	60	297	358	8.6	17.6
Seq8008_280_bp_1_2_0	ENA|BAA05866|BAA05866.1	29.03	32	22	1	53	83	182	213	8.8	17.4
Seq8008_280_bp_-1_0_0	ENA|AAR31603|AAR31603.1	36.21	68	37	10	5	71	251	309	0.021	26.0
Seq8008_280_bp_-1_0_0	ENA|CCP43727|CCP43727.1	22.39	74	52	7	4	73	221	291	0.038	25.1
Seq8008_280_bp_-1_0_0	ENA|CCP43727|CCP43727.1	32.14	28	19	0	5	32	93	120	0.79	20.7
Seq8008_280_bp_-1_0_0	ENA|ABD49687|ABD49687.1	30.30	37	23	4	39	71	107	143	0.11	26.0
Seq8008_280_bp_-1_0_0	ENA|ABD49687|ABD49687.1	28.57	65	45	2	3	66	666	729	0.16	25.4
Seq8008_280_bp_-1_0_0	ENA|BAA36759|BAA36759.1	32.14	31	19	3	42	69	257	287	0.14	23.1
Seq8008_280_bp_-1_0_0	ENA|AAI27517|AAI27517.1	29.51	74	43	13	6	74	458	523	0.15	24.0
Seq8008_280_bp_-1_0_0	ENA|AAI27517|AAI27517.1	33.90	79	39	20	8	71	276	349	0.35	22.8
Seq8008_280_bp_-1_0_0	ENA|BAA32956|BAA32956.1	22.54	72	55	1	1	71	8	79	0.18	22.2
Seq8008_280_bp_-1_0_0	ENA|AAC08817|AAC08817.1	40.00	40	21	5	26	63	7	43	0.25	21.3
Seq8008_280_bp_-1_0_0	ENA|AAC08817|AAC08817.1	40.43	63	28	16	23	70	94	155	0.25	21.3
Seq8008_280_bp_-1_0_0	ENA|AAA42531|AAA42531.1	33.33	41	26	2	12	52	338	376	0.28	22.5
Seq8008_280_bp_-1_0_0	ENA|AAA42531|AAA42531.1	25.49	57	38	6	8	61	75	128	0.51	21.6
Seq8008_280_bp_-1_0_0	ENA|ACT10338|ACT10338.1	25.49	56	38	5	3	56	270	322	0.28	22.5
Seq8008_280_bp_-1_0_0	ENA|AAA18786|AAA18786.1	27.12	72	43	13	2	66	47	112	0.43	21.3
Seq8008_280_bp_-1_0_0	ENA|CAA45708|CAA45708.1	28.57	71	45	8	3	73	1179	1241	0.49	23.7
Seq8008_280_bp_-1_0_0	ENA|CAA45708|CAA45708.1	36.59	47	26	6	11	54	993	1036	0.89	22.8
Seq8008_280_bp_-1_0_0	ENA|AAR37016|AAR37016.1	41.46	51	24	10	31	71	399	449	0.5	24.3
Seq8008_280_bp_-1_0_0	ENA|CAD53387|CAD53387.1	34.62	30	17	4	39	68	462	487	0.54	21.9
Seq8008_280_bp_-1_0_0	ENA|AAC49865|AAC49865.1	28.89	49	32	4	9	57	199	243	0.79	20.7
Seq8008_280_bp_-1_0_0	ENA|EDO47375|EDO47375.1	27.87	67	44	6	2	67	77	138	1	19.6
Seq8008_280_bp_-1_0_0	ENA|CAL82360|CAL82360.1	38.46	28	16	2	21	48	902	927	1.4	21.9
Seq8008_280_bp_-1_0_0	ENA|CAA11507|CAA11507.1	28.57	77	50	7	3	73	806	881	1.5	21.9
Seq8008_280_bp_-1_0_0	ENA|CAB75732|CAB75732.1	25.81	70	46	8	2	65	505	572	1.5	21.6
Seq8008_280_bp_-1_0_0	ENA|CAA26939|CAA26939.1	30.77	62	36	10	1	62	97	148	1.7	20.5
Seq8008_280_bp_-1_0_0	ENA|AAA72732|AAA72732.1	20.34	62	47	3	4	63	119	179	1.7	19.6
Seq8008_280_bp_-1_0_0	ENA|AAC17860|AAC17860.1	35.14	45	24	8	10	53	171	208	1.8	19.9
Seq8008_280_bp_-1_0_0	ENA|AAC97205|AAC97205.1	27.27	65	40	10	2	61	578	637	2.4	21.0
Seq8008_280_bp_-1_0_0	ENA|AAA36539|AAA36539.1	46.15	31	14	5	31	57	409	438	2.5	19.6
Seq8008_280_bp_-1_0_0	ENA|AAB03707|AAB03707.1	39.58	57	29	9	9	61	828	879	2.7	21.0
Seq8008_280_bp_-1_0_0	ENA|AAB66912|AAB66912.1	24.53	56	40	3	16	69	269	323	2.7	20.5
Seq8008_280_bp_-1_0_0	ENA|CAA29968|CAA29968.1	38.10	21	13	0	32	52	17	37	2.8	18.1
Seq8008_280_bp_-1_0_0	ENA|BAA05866|BAA05866.1	24.19	79	47	17	3	71	214	285	3	18.7
Seq8008_280_bp_-1_0_0	ENA|AAA32624|AAA32624.1	25.00	49	33	5	28	73	323	369	3.4	19.3
Seq8008_280_bp_-1_0_0	ENA|CAA36214|CAA36214.1	25.64	41	29	2	16	56	109	147	3.6	18.4
Seq8008_280_bp_-1_0_0	ENA|AAC26660|AAC26660.1	23.81	48	32	6	4	45	185	232	3.7	18.1
Seq8008_280_bp_-1_0_0	ENA|AAQ92751|AAQ92751.2	25.68	85	55	11	1	74	859	943	4	20.5
Seq8008_280_bp_-1_0_0	ENA|AAF79734|AAF79734.1	24.32	84	56	10	1	74	464	547	5	20.2
Seq8008_280_bp_-1_0_0	ENA|AAC78721|AAC78721.1	22.22	51	35	6	3	49	62	110	5.2	19.0
Seq8008_280_bp_-1_0_0	ENA|CAA26023|CAA26023.1	36.36	37	21	4	41	74	275	310	5.5	18.1
Seq8008_280_bp_-1_0_0	ENA|CAA45199|CAA45199.1	25.45	67	41	12	8	62	49	115	5.5	18.4
Seq8008_280_bp_-1_0_0	ENA|ACH70901|ACH70901.1	31.71	45	28	4	28	69	249	292	6.2	17.8
Seq8008_280_bp_-1_0_0	ENA|ABN10845|ABN10845.1	26.83	44	30	3	16	56	105	148	6.9	16.9
Seq8008_280_bp_-1_0_0	ENA|ABK71357|ABK71357.1	27.91	47	31	4	25	68	281	326	7.8	17.5
Seq8008_280_bp_-1_0_0	ENA|AAA25966|AAA25966.1	29.51	70	43	9	4	73	365	425	8.2	18.4
Seq8008_280_bp_-1_0_0	ENA|AAA24145|AAA24145.1	23.64	57	42	2	3	58	375	430	9.5	17.5
Seq8008_280_bp_-1_0_0	ENA|AAB26998|AAB26998.1	25.71	38	26	3	25	62	17	51	9.9	14.9
Seq8008_280_bp_-1_1_0	ENA|AAB26998|AAB26998.1	38.46	14	8	1	8	20	40	53	0.018	22.3
Seq8008_280_bp_-1_1_0	ENA|ABK71357|ABK71357.1	62.50	10	3	2	12	21	141	148	0.05	23.1
Seq8008_280_bp_-1_1_0	ENA|ACH70901|ACH70901.1	50.00	23	8	7	6	21	220	242	0.084	22.3
Seq8008_280_bp_-1_1_0	ENA|ABN10845|ABN10845.1	42.11	22	11	3	2	20	42	63	0.087	21.5
Seq8008_280_bp_-1_1_0	ENA|ABN10845|ABN10845.1	40.00	11	6	1	11	20	108	118	0.78	18.4
Seq8008_280_bp_-1_1_0	ENA|AAQ92751|AAQ92751.2	100.00	4	0	0	11	14	1292	1295	0.19	23.1
Seq8008_280_bp_-1_1_0	ENA|AAR37016|AAR37016.1	47.06	20	9	3	4	21	1305	1323	0.24	23.5
Seq8008_280_bp_-1_1_0	ENA|AAR37016|AAR37016.1	45.00	33	11	13	2	21	232	264	0.42	22.7
Seq8008_280_bp_-1_1_0	ENA|AAR37016|AAR37016.1	37.50	18	10	2	5	21	2013	2029	0.42	22.7
Seq8008_280_bp_-1_1_0	ENA|AAC49865|AAC49865.1	62.50	10	3	2	13	20	28	37	0.4	19.9
Seq8008_280_bp_-1_1_0	ENA|ABD49687|ABD49687.1	35.29	17	11	0	4	20	1136	1152	0.4	22.3
Seq8008_280_bp_-1_1_0	ENA|CAA29968|CAA29968.1	33.33	21	12	3	1	19	88	107	0.4	19.1
Seq8008_280_bp_-1_1_0	ENA|AAC97205|AAC97205.1	37.50	19	10	3	1	18	174	190	0.5	21.5
Seq8008_280_bp_-1_1_0	ENA|AAC97205|AAC97205.1	50.00	20	7	6	4	17	452	471	0.5	21.5
Seq8008_280_bp_-1_1_0	ENA|AAR31603|AAR31603.1	42.86	7	4	0	13	19	81	87	0.68	19.1
Seq8008_280_bp_-1_1_0	ENA|AAI27517|AAI27517.1	33.33	15	10	0	2	16	494	508	0.93	19.5
Seq8008_280_bp_-1_1_0	ENA|AAA32624|AAA32624.1	35.71	14	9	0	1	14	100	113	1.1	19.1
Seq8008_280_bp_-1_1_0	ENA|CAA73529|CAA73529.1	50.00	12	5	2	6	15	34	45	1.7	17.6
Seq8008_280_bp_-1_1_0	ENA|BAA32956|BAA32956.1	42.86	7	4	0	8	14	22	28	1.7	17.2
Seq8008_280_bp_-1_1_0	ENA|AAF79734|AAF79734.1	40.00	16	9	1	7	21	1289	1304	1.7	19.9
Seq8008_280_bp_-1_1_0	ENA|AAA25966|AAA25966.1	46.15	17	7	4	8	21	306	321	1.9	18.7
Seq8008_280_bp_-1_1_0	ENA|BAB17681|BAB17681.1	100.00	3	0	0	14	16	111	113	2.2	17.2
Seq8008_280_bp_-1_1_0	ENA|AAB96524|AAB96524.1	50.00	8	3	2	12	17	58	65	2.6	16.4
Seq8008_280_bp_-1_1_0	ENA|AAA18786|AAA18786.1	45.45	12	6	1	1	12	177	187	2.8	16.8
Seq8008_280_bp_-1_1_0	ENA|CAA26023|CAA26023.1	37.50	8	5	0	5	12	124	131	3.1	17.2
Seq8008_280_bp_-1_1_0	ENA|AAA42531|AAA42531.1	31.25	17	11	1	4	20	185	200	3.1	17.2
Seq8008_280_bp_-1_1_0	ENA|CCP43727|CCP43727.1	66.67	3	1	0	12	14	136	138	3.4	16.8
Seq8008_280_bp_-1_1_0	ENA|CAA26939|CAA26939.1	44.44	10	5	1	4	12	563	572	3.4	17.6
Seq8008_280_bp_-1_1_0	ENA|AAC17860|AAC17860.1	41.67	15	7	3	8	19	312	326	4.3	16.8
Seq8008_280_bp_-1_1_0	ENA|CAA36714|CAA36714.1	66.67	3	1	0	12	14	433	435	4.8	16.8
Seq8008_280_bp_-1_1_0	ENA|CAA43419|CAA43419.1	33.33	16	10	1	6	20	230	245	5	16.4
Seq8008_280_bp_-1_1_0	ENA|CAA24711|CAA24711.1	28.57	14	10	0	1	14	9	22	5.3	15.2
Seq8008_280_bp_-1_1_0	ENA|ABD33854|ABD33854.1	100.00	2	0	0	18	19	60	61	5.8	13.6
Seq8008_280_bp_-1_1_0	ENA|AAS77176|AAS77176.1	42.86	7	4	0	5	11	76	82	6.6	15.6
Seq8008_280_bp_-1_1_0	ENA|AAC08817|AAC08817.1	40.00	15	9	0	2	16	14	28	8.1	14.4
Seq8008_280_bp_-1_1_0	ENA|ACT10338|ACT10338.1	57.14	8	3	1	10	16	301	308	8.8	15.6
Seq8008_280_bp_-1_1_0	ENA|AAA72732|AAA72732.1	25.00	8	6	0	5	12	292	299	9.2	15.2
Seq8008_280_bp_-1_1_0	ENA|AAC26660|AAC26660.1	50.00	6	3	0	8	13	110	115	9.9	14.8
Seq8008_280_bp_-1_1_1	ENA|AAI27517|AAI27517.1	50.00	15	7	1	1	14	97	111	0.19	21.3
Seq8008_280_bp_-1_1_1	ENA|AAC26660|AAC26660.1	33.33	13	8	1	2	13	111	123	0.56	18.5
Seq8008_280_bp_-1_1_1	ENA|BAA32956|BAA32956.1	50.00	6	3	0	7	12	77	82	0.79	17.7
Seq8008_280_bp_-1_1_1	ENA|CAA28033|CAA28033.1	80.00	5	1	0	3	7	182	186	1.2	19.7
Seq8008_280_bp_-1_1_1	ENA|AAC97205|AAC97205.1	71.43	9	2	2	3	9	273	281	1.5	19.3
Seq8008_280_bp_-1_1_1	ENA|ABD33854|ABD33854.1	75.00	4	1	0	7	10	61	64	1.6	14.9
Seq8008_280_bp_-1_1_1	ENA|AAC08817|AAC08817.1	35.71	14	9	0	1	14	112	125	1.7	16.1
Seq8008_280_bp_-1_1_1	ENA|BAA32018|BAA32018.1	57.14	7	3	0	8	14	553	559	2.3	17.7
Seq8008_280_bp_-1_1_1	ENA|ABK71357|ABK71357.1	50.00	8	4	0	6	13	40	47	2.4	16.9
Seq8008_280_bp_-1_1_1	ENA|CAA26023|CAA26023.1	66.67	6	2	0	8	13	15	20	2.4	16.9
Seq8008_280_bp_-1_1_1	ENA|AAB96524|AAB96524.1	80.00	5	1	0	9	13	84	88	2.7	15.7
Seq8008_280_bp_-1_1_1	ENA|AAR31603|AAR31603.1	100.00	3	0	0	7	9	87	89	2.8	16.5
Seq8008_280_bp_-1_1_1	ENA|AAR37016|AAR37016.1	61.54	15	5	2	2	14	906	920	2.9	19.3
Seq8008_280_bp_-1_1_1	ENA|AAF79734|AAF79734.1	57.14	7	3	0	5	11	1408	1414	3.1	18.5
Seq8008_280_bp_-1_1_1	ENA|AAB26998|AAB26998.1	50.00	9	4	1	6	14	35	42	3.4	14.1
Seq8008_280_bp_-1_1_1	ENA|CAA45199|CAA45199.1	58.33	16	5	4	2	14	142	156	3.9	16.5
Seq8008_280_bp_-1_1_1	ENA|ABD49687|ABD49687.1	38.46	14	8	1	1	13	740	753	4.7	18.1
Seq8008_280_bp_-1_1_1	ENA|ACH70901|ACH70901.1	66.67	7	2	1	7	13	290	295	5.1	15.7
Seq8008_280_bp_-1_1_1	ENA|CAD53387|CAD53387.1	50.00	8	4	0	6	13	8	15	5.4	16.1
Seq8008_280_bp_-1_1_1	ENA|AAB66912|AAB66912.1	38.46	13	8	0	1	13	508	520	5.8	16.9
Seq8008_280_bp_-1_1_1	ENA|AAA25966|AAA25966.1	30.77	13	9	0	1	13	492	504	5.9	16.5
Seq8008_280_bp_-1_1_1	ENA|AAA32624|AAA32624.1	40.00	10	6	0	5	14	245	254	7.3	15.7
Seq8008_280_bp_-1_1_1	ENA|CAA26939|CAA26939.1	40.00	10	6	0	5	14	519	528	7.9	15.7
Seq8008_280_bp_-1_1_1	ENA|AAA72732|AAA72732.1	100.00	6	0	2	5	8	279	284	9.7	14.5
Seq8008_280_bp_-1_1_2	ENA|ACH70901|ACH70901.1	88.89	14	1	5	19	30	288	298	1.3	18.9
Seq8008_280_bp_-1_1_2	ENA|BAA32956|BAA32956.1	37.50	26	15	2	2	25	161	186	1.7	17.8
Seq8008_280_bp_-1_1_2	ENA|ABD33854|ABD33854.1	30.43	25	16	2	9	31	36	60	5.9	14.2
Seq8008_280_bp_-1_1_2	ENA|ABK71357|ABK71357.1	75.00	10	2	2	22	29	168	177	6.2	16.7
Seq8008_280_bp_-1_1_2	ENA|AAA18786|AAA18786.1	33.33	29	16	5	5	30	163	189	6.5	16.1
Seq8008_280_bp_-1_1_2	ENA|ABG75784|ABG75784.1	28.57	23	15	2	10	30	175	197	7.5	16.1
Seq8008_280_bp_-1_1_2	ENA|AAA36539|AAA36539.1	30.77	27	18	1	1	27	46	71	7.8	16.7
Seq8008_280_bp_-1_1_2	ENA|CAA26023|CAA26023.1	45.45	11	6	0	22	32	187	197	9	16.1
Seq8008_280_bp_-1_1_2	ENA|AAA42531|AAA42531.1	22.73	22	17	0	7	28	40	61	9.1	16.1
Seq8008_280_bp_-1_1_2	ENA|AAI27517|AAI27517.1	36.00	26	16	1	1	25	300	325	9.5	16.7
Seq8008_280_bp_-1_1_3	ENA|BAA32991|BAA32991.1	50.00	11	5	1	2	11	6	16	1.8	14.5
Seq8008_280_bp_-1_1_3	ENA|AAR37016|AAR37016.1	36.36	11	7	0	1	11	1475	1485	4	18.5
Seq8008_280_bp_-1_1_3	ENA|CAA26939|CAA26939.1	55.56	11	4	2	2	10	353	363	4.7	16.2
Seq8008_280_bp_-1_1_3	ENA|ABD33854|ABD33854.1	44.44	10	5	1	2	11	53	61	5	12.9
Seq8008_280_bp_-1_2_0	ENA|AAR37016|AAR37016.1	42.11	44	22	6	8	49	973	1012	0.031	28.0
Seq8008_280_bp_-1_2_0	ENA|AAI27517|AAI27517.1	36.59	49	26	8	8	53	154	197	0.62	21.7
Seq8008_280_bp_-1_2_0	ENA|ABD49687|ABD49687.1	42.86	57	24	15	15	61	739	790	0.63	23.2
Seq8008_280_bp_-1_2_0	ENA|AAA25966|AAA25966.1	31.43	37	24	2	25	59	544	580	0.9	21.5
Seq8008_280_bp_-1_2_0	ENA|BAA05866|BAA05866.1	25.49	57	38	6	10	61	171	226	0.92	20.2
Seq8008_280_bp_-1_2_0	ENA|AAC08817|AAC08817.1	21.67	62	47	2	3	62	88	149	0.94	19.2
Seq8008_280_bp_-1_2_0	ENA|AAB66912|AAB66912.1	26.53	54	36	5	13	62	852	904	2	20.7
Seq8008_280_bp_-1_2_0	ENA|AAC26660|AAC26660.1	34.78	23	15	0	8	30	139	161	2.2	18.7
Seq8008_280_bp_-1_2_0	ENA|AAR31603|AAR31603.1	30.23	50	30	7	15	60	128	174	3.3	18.4
Seq8008_280_bp_-1_2_0	ENA|BAA32956|BAA32956.1	23.68	40	29	2	4	41	134	173	3.5	17.7
Seq8008_280_bp_-1_2_0	ENA|CAA26023|CAA26023.1	37.04	29	17	2	26	54	294	320	6.3	17.7
Seq8008_280_bp_-1_2_0	ENA|AAA24145|AAA24145.1	21.28	49	37	2	7	53	126	174	6.3	17.9
Seq8008_280_bp_-1_2_0	ENA|AAC97205|AAC97205.1	33.33	63	36	9	1	58	562	620	7	19.2
Seq8008_280_bp_-1_2_0	ENA|AAA32624|AAA32624.1	20.69	65	46	7	1	63	89	148	7.2	17.9
Seq8008_280_bp_-1_2_0	ENA|ABG75784|ABG75784.1	35.59	70	38	11	2	63	221	287	8.5	16.9
Seq8008_280_bp_-1_2_1	ENA|CAA45708|CAA45708.1	40.91	22	13	0	7	28	404	425	0.15	24.0
Seq8008_280_bp_-1_2_1	ENA|AAB03707|AAB03707.1	47.62	22	11	1	7	28	387	407	0.17	23.6
Seq8008_280_bp_-1_2_1	ENA|CAA36214|CAA36214.1	32.00	25	17	0	3	27	36	60	1.1	18.8
Seq8008_280_bp_-1_2_1	ENA|CAA11507|CAA11507.1	75.00	8	2	0	21	28	392	399	3.1	19.4
Seq8008_280_bp_-1_2_1	ENA|AAC40132|AAC40132.1	28.57	21	15	0	5	25	402	422	4.1	17.5
Seq8008_280_bp_-1_2_1	ENA|BAA32956|BAA32956.1	40.00	10	6	0	19	28	94	103	4.4	16.2
Seq8008_280_bp_-1_2_1	ENA|CAA43419|CAA43419.1	57.14	17	6	3	4	20	234	247	4.9	16.8
Seq8008_280_bp_-1_2_1	ENA|CAA28033|CAA28033.1	38.46	13	8	0	14	26	1301	1313	5.6	18.4
Seq8008_280_bp_-1_2_1	ENA|ABN10845|ABN10845.1	45.45	11	6	0	3	13	137	147	5.7	15.8
Seq8008_280_bp_-1_2_1	ENA|CCP43727|CCP43727.1	42.11	19	11	0	3	21	303	321	6.8	16.2
Seq8008_280_bp_-1_2_1	ENA|CAA24711|CAA24711.1	36.36	11	7	0	16	26	13	23	7	15.2
Seq8008_280_bp_-1_2_1	ENA|BAB17681|BAB17681.1	30.00	10	7	0	13	22	152	161	7.1	15.8
Seq8008_280_bp_-1_2_1	ENA|AAA72732|AAA72732.1	27.27	22	16	0	6	27	148	169	8	15.8
Seq8008_280_bp_-1_2_1	ENA|AAB26998|AAB26998.1	25.00	16	12	0	12	27	34	49	9.6	13.6
